PVSYST 8.0.15
;File;File date;Description
Project;25_08_25_Bowen Solar Farm 2021 - per inverter.PRJ;19/10/25 17h44;25_08_25_Bomen PVSyst - 2021 - per inverter;
Geographical Site;Wagga Wagga;19/10/25 17h44;Wagga Wagga;Australia;Australia;;
Weather data;Bomen Solar Farm 2021 with wind speed.MET;05/09/25 17h07;Bomen Solar Farm 2021 wind;Custom file;Imported;
Simulation variant;25_08_25_Bowen Solar Farm 2021 - per inverter.VD9;19/10/25 18h38;24_10_08_Match_measured_inv_10_1Uc18Uv0Hay;
Simulation date;;19/10/25 23h30

Simulation:;Hourly values; from 01/01/21; to 30/12/21 

date;HSol;AzSol;AngInc;AngProf;PlTilt;PlAzim;PhiAng;GlobHor;DiffHor;BeamHor;T_Amb;WindVel;PrecWat;BeamTrp;DifITrp;CircTrp;HBndTrp;AlbTrp;GlobTrp;GincThr;GlobInc;BeamInc;CircInc;DifSInc;Alb_Inc;Bm_Gl;DifA_Gl;DifS_Gl;Alb_Gl;GlobShd;ShdLoss;ShdBLss;ShdCLss;ShdDLss;ShdALss;GlobIAM;IAMLoss;IAMBLss;IAMCLss;IAMDLss;IAMALss;GlobSlg;SlgLoss;SlgBLss;SlgCLss;SlgDLss;SlgALss;GlobEff;BeamEff;CircEff;DiffEff;Alb_Eff;GlobGnd;ReflLss;BkVFLss;DifSBak;BackShd;GlobBak;ReflFrt;ReflBck;BmIncBk;BmSFBak;BIAMFBk;BeamBak;FTransp;FShdGl;FShdBm;FShdCrc;FShdDif;FShdAlb;FIAMGl;FIAMBm;FIAMCrc;FIAMDif;FIAMAlb;FSlgGl;FSlgBm;FSlgCrc;FSlgDif;FSlgAlb;FIAMShd;FEffDif;FEffAlb;EArrRef;EArrNom;DegrLss;GIncLss;TempLss;ModQual;LIDLoss;MismBak;UnavLss;IL_Nigh;Aux_Lss;EACOhmL;EUseful;TotInstCost;ModuleCost;InverterCost;BatteryCost;OwnFunds;TotLoan;AvgOpCost_yr;LCOE;NPV;IRR;PaybackPeriod;ROI;MisLoss;OhmLoss;EArrMPP;EArray;TExtON;TArray;TArrWtd;DTArr;DTArrGl;IArray;UArray;ArrayON;InvLoss;IL_Oper;IL_Pmin;IL_Vmin;IL_Pmax;IL_Vmax;IL_Imax;Syst_ON;EOutInv;E_Grid;EDirUse;EffArrR;EffArrC;EffSysR;EffSysC;EffInvB;EffInvR;Yr;Ya;Yf;Lc;Ls;Lcr;Lsr;PR;DiffGnd;PRBifi;OptimizerCost
    ;�;�;�;�;�;�;�;W/m�;W/m�;W/m�;캜;m/s;m;W/m�;W/m�;W/m�;W/m�;W/m�;W/m�;W/m�;W/m�;W/m�;W/m�;W/m�;W/m�;ratio;ratio;ratio;ratio;W/m�;W/m�;W/m�;W/m�;W/m�;W/m�;W/m�;W/m�;W/m�;W/m�;W/m�;W/m�;W/m�;W/m�;W/m�;W/m�;W/m�;W/m�;W/m�;W/m�;W/m�;W/m�;W/m�;W/m�;W/m�;W/m�;W/m�;W/m�;W/m�;W/m�;W/m�;W/m�;ratio;ratio;W/m�;ratio;ratio;ratio;ratio;ratio;ratio;ratio;ratio;ratio;ratio;ratio;ratio;ratio;ratio;ratio;ratio;ratio;ratio;ratio;MW;MW;MW;MW;MW;MW;MW;MW;MW;MW;MW;MW;MW;MW;MW;MW;MW;MW;MW;MW;MW;MW;MW;MW;MW;MW;MW;MW;MW;캜;캜;캜;캜;캜;A;V;Hour;MW;MW;MW;MW;MW;MW;MW;Hour;MW;MW;MW;%;%;%;%;%;%;kWh/m�/day;kWh/kWp/day;kWh/kWp/day;kWh/kWp/day;kWh/kWp/day;ratio;ratio;ratio;W/m�;ratio;ratio

01/01/21 00:00;0;0;90;0;0;90;0;0;0;0;19.55;7.6599;0;0;0;0;0;0;0;0;0;0;0;0;0;1;1;1;1;0;0;0;0;0;0;0;0;0;0;0;0;0;0;0;0;0;0;0;0;0;0;0;0;0;0;0;0;0;0;0;0;0;0;0;1;1;1;1;1;1;1;1;1;1;1;1;1;1;1;1;1;1;1;0;0;0;0;0;0;0;0;0;0.0004;0.088;0;-0.0884;0;0;0;0;0;0;0;0;0;0;0;0;0;0;0;0;0;0;0;-19.55;0;0;0;0;0.0004;0;0;0;0;0;0;0;-0.0004;-0.0884;0;0;0;0;0;0;0;0;0;-0.7063;0;0.7063;1;1;0;0;0;0
01/01/21 01:00;0;0;90;0;0;90;0;0;0;0;19.25;7.3299;0;0;0;0;0;0;0;0;0;0;0;0;0;1;1;1;1;0;0;0;0;0;0;0;0;0;0;0;0;0;0;0;0;0;0;0;0;0;0;0;0;0;0;0;0;0;0;0;0;0;0;0;1;1;1;1;1;1;1;1;1;1;1;1;1;1;1;1;1;1;1;0;0;0;0;0;0;0;0;0;0.0004;0.088;0;-0.0884;0;0;0;0;0;0;0;0;0;0;0;0;0;0;0;0;0;0;0;-19.25;0;0;0;0;0.0004;0;0;0;0;0;0;0;-0.0004;-0.0884;0;0;0;0;0;0;0;0;0;-0.7063;0;0.7063;1;1;0;0;0;0
01/01/21 02:00;0;0;90;0;0;90;0;0;0;0;18.96;7.1501;0;0;0;0;0;0;0;0;0;0;0;0;0;1;1;1;1;0;0;0;0;0;0;0;0;0;0;0;0;0;0;0;0;0;0;0;0;0;0;0;0;0;0;0;0;0;0;0;0;0;0;0;1;1;1;1;1;1;1;1;1;1;1;1;1;1;1;1;1;1;1;0;0;0;0;0;0;0;0;0;0.0004;0.088;0;-0.0884;0;0;0;0;0;0;0;0;0;0;0;0;0;0;0;0;0;0;0;-18.96;0;0;0;0;0.0004;0;0;0;0;0;0;0;-0.0004;-0.0884;0;0;0;0;0;0;0;0;0;-0.7063;0;0.7063;1;1;0;0;0;0
01/01/21 03:00;0;0;90;0;0;90;0;0;0;0;18.92;6.6999;0;0;0;0;0;0;0;0;0;0;0;0;0;1;1;1;1;0;0;0;0;0;0;0;0;0;0;0;0;0;0;0;0;0;0;0;0;0;0;0;0;0;0;0;0;0;0;0;0;0;0;0;1;1;1;1;1;1;1;1;1;1;1;1;1;1;1;1;1;1;1;0;0;0;0;0;0;0;0;0;0.0004;0.088;0;-0.0884;0;0;0;0;0;0;0;0;0;0;0;0;0;0;0;0;0;0;0;-18.92;0;0;0;0;0.0004;0;0;0;0;0;0;0;-0.0004;-0.0884;0;0;0;0;0;0;0;0;0;-0.7063;0;0.7063;1;1;0;0;0;0
01/01/21 04:00;0.7871;-117.86;88.091;0.8903;1.2693;-90;-1.2693;0;0;0;18.9;6.2901;0;0;0;0;0;0;0;0;0;0;0;0;0;1;1;1;1;0;0;0;0;0;0;0;0;0;0;0;0;0;0;0;0;0;0;0;0;0;0;0;0;0;0;0;0;0;0;0;0;0;0;0;1;1;1;1;1;1;1;1;1;1;1;1;1;1;1;1;1;1;1;0;0;0;0;0;0;0;0;0;0.0004;0.088;0;-0.0884;0;0;0;0;0;0;0;0;0;0;0;0;0;0;0;0;0;0;0;-18.9;0;0;0;0;0.0004;0;0;0;0;0;0;0;-0.0004;-0.0884;0;0;0;0;0;0;0;0;0;-0.7063;0;0.7063;1;1;0;0;0;0
01/01/21 05:00;7.0605;-113.17;72.656;7.6727;11.221;-90;-11.221;13.909;13.803;0.1056;19;7.35;0;0.2562;13.663;0.0204;0;0.0271;13.966;0;13.966;0.2562;0.0204;13.663;0.0271;0.0183;0.9802;0;0.0019;13.824;0.1426;0;0;0.12;0.0226;13.2;0.5822;0.0367;0.0029;0.5416;0.001;13.782;0.0415;0.0008;0.0001;0.0406;0;13.205;0.2188;0.0174;12.961;0.0035;8.2164;6.5402;2.5632;0.0061;0.0993;1.4288;0.005;1.522;0;1;0;0;1.0042;0.9898;1;1;0.9912;0.1665;0.9578;0.8564;1;0.9599;0.7752;0.997;0.997;1;0.997;0.997;0.9451;0.9486;0.1287;0.0419;0.0428;0.0003;0.0073;-0.0008;0.0003;0.0009;0.0002;0;0;0.088;0;-0.0567;0;0;0;0;0;0;0;0;0;0;0;0;0.0007;0;0.034;0.034;0;19.554;19.554;0.5537;0.0419;34.91;973.12;1;0.0027;0.0027;0;0;0;0;0;0;0.0313;-0.0567;0;15.43;17.868;-25.772;-29.843;92.019;92.019;0.3352;0.2715;-0.4535;0.0637;0.725;0.19;2.1628;0;8.2158;0;0
01/01/21 06:00;18.633;-105.43;39.204;19.279;33.924;-90;-33.924;44.597;44.202;0.3951;19.16;7.86;0;0.9583;40.405;0.0939;0;0.7743;42.231;0;42.231;0.9583;0.0939;40.405;0.7743;0.0227;0.9751;0;0.0183;39.358;2.8736;0;0;2.1819;0.6917;37.99;1.2502;0.0061;0.0006;1.2313;0.0122;39.24;0.1181;0.0029;0.0003;0.1147;0.0002;38.244;0.9493;0.093;36.877;0.0701;27.401;21.811;9.1528;0.9351;0.3514;5.0546;0.2539;4.4709;0;1;0;0;0.9469;0.932;1;1;0.946;0.1067;0.9681;0.9936;1;0.9677;0.8514;0.997;0.997;1;0.997;0.997;0.8996;0.9127;0.0905;0.1268;0.1258;0.0008;0.0125;-0.002;0.0008;0.0028;0.0009;0;0;0.088;0;0.0149;0;0;0;0;0;0;0;0;0;0;0;0;0.0023;0.0001;0.1076;0.1076;0;20.729;20.729;1.5692;0.0413;105.87;1016.3;1;0.0047;0.0047;0;0;0;0;0;0;0.1029;0.0149;0;16.163;18.716;2.2408;2.5948;95.649;95.649;1.0136;0.8599;0.1192;0.1536;0.7407;0.1516;0.7308;0.1176;27.399;0.108;0
01/01/21 07:00;30.638;-97.905;6.7961;30.879;59.121;-90;-59.121;244.4;216;28.395;20.06;7.36;0;55.327;156.98;16.607;0;12.135;241.05;0;241.05;55.327;16.607;156.98;12.135;0.2295;0.7016;0;0.0503;210.35;30.699;0;0;19.338;11.361;204.84;4.881;0.0129;0.0039;4.8173;0.0468;209.72;0.6311;0.166;0.0498;0.4129;0.0023;209.51;55.148;16.553;132.41;0.724;142.7;113.59;52.842;24.899;2.7954;40.211;4.6719;18.107;0;1;0;0;0.9863;0.8726;1;1;0.8768;0.0637;0.9767;0.9998;1;0.9649;0.9392;0.997;0.997;1;0.997;0.997;0.8498;0.8435;0.0597;0.7239;0.7158;0.0043;0.0168;0.0088;0.0048;0.017;0.0077;0;0;0.088;0;0.5422;0;0;0;0;0;0;0;0;0;0;0;0;0.0137;0.0014;0.6412;0.6412;0;28.426;28.426;8.3659;0.0408;609.76;1051.6;1;0.011;0.011;0;0;0;0;0;0;0.6302;0.5422;0;16.876;19.541;14.269;16.523;98.279;98.279;5.7852;5.1248;4.3334;0.6603;0.7915;0.1141;0.1368;0.749;135.29;0.6659;0
01/01/21 08:00;42.867;-89.863;0.1003;42.867;47.133;-90;-47.133;395.69;311.3;84.395;21.06;6.64;0;124.06;238.56;40.2;0;12.903;415.72;0;415.72;124.06;40.2;238.56;12.903;0.2984;0.6049;0;0.031;382.55;33.173;0;0;21.16;12.013;374.25;7.1534;0.0004;0.0001;7.1084;0.0445;381.4;1.1476;0.3722;0.1206;0.6522;0.0027;378.67;123.68;40.08;209.64;0.8432;225.47;179.48;78.372;17.097;3.304;47.527;4.4198;33.733;0;1;0;0;1.0506;0.9202;1;1;0.9113;0.069;0.9812;1;1;0.9672;0.9499;0.997;0.997;1;0.997;0.997;0.9002;0.8788;0.0653;1.2484;1.2407;0.0075;0.01;0.0502;0.0082;0.0291;0.009;0;0;0.088;0;0.9941;0;0;0;0;0;0;0;0;0;0;0;0;0.0235;0.0037;1.0995;1.0995;0;36.381;36.381;15.321;0.0409;1063.3;1034.1;1;0.0175;0.0175;0;0;0;0;0;0;1.0821;0.9941;0;16.778;19.429;15.169;17.566;98.413;98.413;9.9773;8.7876;7.9448;1.1897;0.8428;0.1192;0.0845;0.7963;181.12;0.7335;0
01/01/21 09:00;55.076;-79.942;5.738;55.491;34.509;-90;-34.509;799.59;179.5;620.09;24.26;6.01;0;752.5;76.031;116.67;0;14.351;959.55;0;959.55;752.5;116.67;76.031;14.351;0.7842;0.0942;0;0.015;942.48;17.073;0;0;4.2177;12.856;936.95;2.6981;0.1487;0.0231;2.312;0.2144;939.65;2.8274;2.2575;0.35;0.2154;0.0045;941.04;750.09;116.29;69.286;1.2767;411.39;327.47;136.87;1.8695;4.5205;65.025;4.0936;67.677;0;1;0;0;1.2001;0.9822;1;1;0.9445;0.1042;0.9971;0.9998;1;0.9677;0.8562;0.997;0.997;1;0.997;0.997;0.9764;0.9113;0.089;2.8815;2.9714;0.0179;-0.0004;0.4015;0.0179;0.0634;0.0112;0;0;0.088;0;2.2615;0;0;0;0;0;0;0;0;0;0;0;0;0.051;0.0191;2.3899;2.3899;0;63.369;63.369;39.109;0.0417;2554.6;935.5;1;0.0404;0.0404;0;0;0;0;0;0;2.3495;2.2615;0;15.8;18.295;14.951;17.313;98.31;98.31;23.029;19.1;18.074;3.9294;1.0262;0.1706;0.0446;0.7848;51.788;0.7469;0
01/01/21 10:00;66.771;-64.522;9.7679;68.821;21.179;-90;-21.179;590.9;432.2;158.71;24.82;5.61;0;170.2;366.53;56.688;0;4.071;597.49;0;597.49;170.2;56.688;366.53;4.071;0.2849;0.6203;0;0.0068;584.73;12.754;0;0;9.3261;3.4279;570.59;12.389;0.0573;0.0191;12.174;0.1391;582.98;1.7542;0.5106;0.1701;1.0716;0.0019;571.64;169.63;56.499;343.95;0.5021;347.54;276.64;111.97;1.6151;4.0584;58.379;1.0482;60.823;0;1;0;0;1.0111;0.9787;1;1;0.9746;0.158;0.9787;0.9997;1;0.9658;0.783;0.997;0.997;1;0.997;0.997;0.955;0.9384;0.1233;1.7943;1.8448;0.0111;0.002;0.1522;0.0118;0.0417;0.0106;0;0;0.088;0;1.4615;0;0;0;0;0;0;0;0;0;0;0;0;0.0336;0.0078;1.5741;1.5741;0;48.363;48.363;23.544;0.0413;1583.1;994.31;1;0.0246;0.0246;0;0;0;0;0;0;1.5495;1.4615;0;16.712;19.352;15.517;17.968;98.439;98.439;14.34;12.58;11.68;1.7598;0.8997;0.1227;0.0627;0.8145;229.06;0.759;0
01/01/21 11:00;76.082;-31.068;11.89;82.712;7.2878;-90;-7.2878;601.29;464.4;136.9;26.1;5.5099;0;138.01;416.33;46.76;0;0.4955;601.59;0;601.59;138.01;46.76;416.33;0.4955;0.2294;0.6929;0;0.0008;599.39;2.2008;0;0;1.7872;0.4135;579.96;17.638;0.0565;0.0191;17.544;0.0183;597.6;1.7982;0.414;0.1403;1.2436;0.0002;580.02;137.54;46.601;395.75;0.0634;355.59;283.05;112.25;0.0327;4.1975;60.38;0.0668;64.544;0;1;0;0;1.0005;0.9963;1;1;0.9957;0.1654;0.9705;0.9996;1;0.9576;0.7758;0.997;0.997;1;0.997;0.997;0.964;0.9506;0.1279;1.8066;1.8743;0.0113;0.0017;0.166;0.0119;0.0421;0.0109;0;0;0.088;0;1.4758;0;0;0;0;0;0;0;0;0;0;0;0;0.0339;0.008;1.5885;1.5885;0;50.063;50.063;23.963;0.0413;1608.1;987.84;1;0.0247;0.0247;0;0;0;0;0;0;1.5638;1.4758;0;16.751;19.397;15.562;18.02;98.443;98.443;14.438;12.696;11.795;1.7427;0.901;0.1207;0.0624;0.8169;248.12;0.7598;0
01/01/21 12:00;76.285;29.36;11.925;83.177;6.8233;90;6.8233;507.9;448.3;59.598;26.09;5.55;0;60.023;427.31;19.615;0;0.3669;507.31;0;507.31;60.023;19.615;427.31;0.3669;0.1183;0.843;0;0.0007;505.35;1.961;0;0;1.6544;0.3066;485.67;18.167;0.0246;0.0081;18.121;0.0135;503.83;1.5161;0.1801;0.0588;1.277;0.0002;485.71;59.819;19.548;406.25;0.0466;300.86;239.48;94.204;0.0247;3.6014;51.805;0.0439;55.381;0;1;0;0;0.9988;0.9961;1;1;0.9961;0.1643;0.9639;0.9996;1;0.9573;0.7756;0.997;0.997;1;0.997;0.997;0.9573;0.9507;0.127;1.5235;1.5721;0.0095;0.0053;0.1176;0.0101;0.0357;0.0095;0;0;0.088;0;1.2412;0;0;0;0;0;0;0;0;0;0;0;0;0.0288;0.0058;1.3498;1.3498;0;46.106;46.106;20.016;0.0412;1349.7;1000.1;1;0.0206;0.0206;0;0;0;0;0;0;1.3292;1.2412;0;16.879;19.545;15.521;17.973;98.473;98.473;12.175;10.788;9.9199;1.3876;0.868;0.114;0.0713;0.8147;254.46;0.7569;0
01/01/21 13:00;67.136;63.823;9.8698;69.272;20.728;90;20.728;804.9;338.2;466.71;26.53;5.6401;0;499.01;209.87;129.7;0;5.3143;843.89;0;843.89;499.01;129.7;209.87;5.3143;0.5913;0.255;0;0.0063;834.25;9.6478;0;0;5.1692;4.4786;824.35;7.3976;0.1696;0.0441;7.001;0.1828;831.74;2.5027;1.497;0.3891;0.6141;0.0025;825.7;497.34;129.27;197.09;0.6504;460.92;366.89;148.84;0.8553;5.2769;75.906;1.3539;80.328;0;1;0;0;1.0484;0.9886;1;1;0.9754;0.1573;0.9911;0.9997;1;0.9657;0.7806;0.997;0.997;1;0.997;0.997;0.9768;0.9391;0.1224;2.5342;2.6469;0.0159;-0.0021;0.3349;0.0161;0.0571;0.0132;0;0;0.088;0;2.0278;0;0;0;0;0;0;0;0;0;0;0;0;0.0459;0.0154;2.1506;2.1506;0;60.869;60.869;34.339;0.0417;2276.8;944.58;1;0.0348;0.0348;0;0;0;0;0;0;2.1158;2.0278;0;16.166;18.72;15.243;17.651;98.381;98.381;20.253;17.187;16.206;3.066;0.9816;0.1514;0.0485;0.8002;130.86;0.7497;0
01/01/21 14:00;55.474;79.554;5.8985;55.92;34.08;90;34.08;922.89;156.6;766.29;26.84;5.8101;0;925.19;48.862;124.54;0;16.167;1114.8;0;1114.8;925.19;124.54;48.862;16.167;0.8299;0.0583;0;0.0145;1097.6;17.153;0;0;2.6622;14.49;1092.4;1.9502;0.1879;0.0253;1.4879;0.2491;1094.3;3.2928;2.7756;0.3736;0.1386;0.005;1096.8;922.23;124.14;44.573;1.4229;471.91;375.64;160.22;1.1527;4.9121;70.658;4.3918;74.418;0;1;0;0;1.2079;0.9846;1;1;0.9455;0.1037;0.9982;0.9998;1;0.9677;0.851;0.997;0.997;1;0.997;0.997;0.9799;0.9122;0.088;3.3476;3.4523;0.0208;0.0068;0.5821;0.0199;0.0706;0.0116;0;0;0.088;0;2.5244;0;0;0;0;0;0;0;0;0;0;0;0;0.0568;0.0255;2.6581;2.6581;0;72.804;72.804;45.964;0.0421;2970.8;894.76;1;0.0457;0.0457;0;0;0;0;0;0;2.6124;2.5244;0;15.126;17.516;14.366;16.635;98.28;98.28;26.754;21.244;20.175;5.5102;1.0686;0.206;0.0399;0.7541;33.173;0.7199;0
01/01/21 15:00;43.272;89.576;0.3084;43.272;46.728;90;46.728;416.5;342.8;73.696;26.1;6.0501;0;107.51;266.9;38.076;0;13.362;425.84;0;425.84;107.51;38.076;266.9;13.362;0.2525;0.6581;0;0.0314;389.96;35.882;0;0;23.42;12.462;380.79;8.0001;0.0011;0.0004;7.9512;0.0474;388.79;1.1699;0.3225;0.1142;0.7304;0.0027;385.47;107.19;37.961;234.79;0.8502;241.91;192.56;84.039;18.565;3.5622;51.241;4.6813;36.238;0;1;0;0;1.0224;0.9157;1;1;0.9122;0.0674;0.9794;1;1;0.9672;0.9472;0.997;0.997;1;0.997;0.997;0.8942;0.8797;0.0636;1.2788;1.269;0.0076;0.0096;0.0757;0.0082;0.0292;0.0095;0;0;0.088;0;0.9965;0;0;0;0;0;0;0;0;0;0;0;0;0.0235;0.0039;1.1017;1.1017;0;41.758;41.758;15.658;0.0411;1088.4;1012.3;1;0.0172;0.0172;0;0;0;0;0;0;1.0845;0.9965;0;16.412;19.004;14.845;17.19;98.442;98.442;10.22;8.8049;7.9644;1.4154;0.8405;0.1385;0.0822;0.7793;201.85;0.7149;0
01/01/21 16:00;31.04;97.653;6.5521;31.267;58.733;90;58.733;276.2;248.6;27.596;25.25;6.3701;0;53.17;181.66;18.154;0;13.55;266.53;0;266.53;53.17;18.154;181.66;13.55;0.1995;0.7324;0;0.0508;231.6;34.931;0;0;22.212;12.719;225.28;5.6303;0.012;0.0041;5.5644;0.0498;230.91;0.6948;0.1595;0.0545;0.4783;0.0025;230.55;52.998;18.095;153.41;0.7791;163.58;130.21;60.564;28.145;3.1793;45.732;5.2674;20.767;0;1;0;0;0.965;0.8689;1;1;0.8777;0.0614;0.9756;0.9998;1;0.965;0.9399;0.997;0.997;1;0.997;0.997;0.8452;0.8445;0.0575;0.8004;0.7908;0.0048;0.016;0.027;0.0052;0.0184;0.0086;0;0;0.088;0;0.5947;0;0;0;0;0;0;0;0;0;0;0;0;0.0149;0.0017;0.6942;0.6942;0;34.491;34.491;9.2412;0.041;674.82;1028.8;1;0.0115;0.0115;0;0;0;0;0;0;0.6827;0.5947;0;16.523;19.134;14.155;16.391;98.341;98.341;6.3968;5.5484;4.753;0.8484;0.7954;0.1326;0.1243;0.743;155.82;0.6584;0
01/01/21 17:00;19.024;105.18;37.764;19.66;35.021;90;35.021;290.3;152.8;137.5;24.77;6.4501;0;333.48;97.455;110.71;0;5.3613;547;0;547;333.48;110.71;97.455;5.3613;0.6097;0.188;0;0.0098;536.63;10.368;0;0;5.5419;4.8262;529.52;5.5029;1.8542;0.6155;2.9579;0.0753;535.02;1.6099;1.0004;0.3321;0.2757;0.0016;530.22;330.63;109.76;88.679;0.4582;67.543;53.764;22.447;2.517;0.8874;12.765;0.6958;11.136;0;1;0;0;1.8842;0.981;1;1;0.9431;0.0998;0.9897;0.9944;1;0.9677;0.8589;0.997;0.997;1;0.997;0.997;0.968;0.91;0.0855;1.6426;1.6239;0.0098;0.0047;0.1242;0.0104;0.0369;0.0023;0;0;0.088;0;1.2904;0;0;0;0;0;0;0;0;0;0;0;0;0.0297;0.0062;1.3998;1.3998;0;46.593;46.593;21.824;0.0412;1397.7;1001.5;1;0.0214;0.0214;0;0;0;0;0;0;1.3784;1.2904;0;16.233;18.798;14.965;17.329;98.473;98.473;13.128;11.187;10.313;1.9411;0.8742;0.1479;0.0666;0.7856;66.646;0.7721;0
01/01/21 18:00;7.4331;112.9;71.714;8.0611;11.822;90;11.822;31.099;30.699;0.4004;22.2;6.3601;0;0.9712;30.307;0.1632;0;0.0673;31.508;0;31.508;0.9712;0.1632;30.307;0.0673;0.0308;0.964;0;0.0021;31.161;0.3474;0;0;0.2913;0.0562;29.729;1.3381;0.1256;0.0211;1.1889;0.0025;31.067;0.0935;0.0029;0.0005;0.09;0;29.742;0.8426;0.1416;28.736;0.0086;18.257;14.533;5.7002;0.0165;0.2206;3.1731;0.0128;3.3772;0;1;0;0;1.0132;0.989;1;1;0.9904;0.1651;0.9569;0.8703;1;0.9603;0.7746;0.997;0.997;1;0.997;0.997;0.9435;0.9482;0.1275;0.0946;0.0963;0.0006;0.011;-0.0006;0.0006;0.0021;0.0006;0;0;0.088;0;-0.0117;0;0;0;0;0;0;0;0;0;0;0;0;0.0017;0.0001;0.0802;0.0802;0;23.435;23.435;1.2349;0.0415;80.678;993.6;1;0.0039;0.0039;0;0;0;0;0;0;0.0763;-0.0117;0;16.139;18.689;-2.3543;-2.7262;95.19;95.19;0.7562;0.6407;-0.0935;0.1155;0.7341;0.1528;0.9708;0;18.255;0;0
01/01/21 19:00;0.9644;117.72;87.661;1.0894;1.5535;90;1.5535;0;0;0;20.47;6.41;0;0;0;0;0;0;0;0;0;0;0;0;0;1;1;1;1;0;0;0;0;0;0;0;0;0;0;0;0;0;0;0;0;0;0;0;0;0;0;0;0;0;0;0;0;0;0;0;0;0;0;0;1;1;1;1;1;1;1;1;1;1;1;1;1;1;1;1;1;1;1;0;0;0;0;0;0;0;0;0;0.0004;0.088;0;-0.0884;0;0;0;0;0;0;0;0;0;0;0;0;0;0;0;0;0;0;0;-20.47;0;0;0;0;0.0004;0;0;0;0;0;0;0;-0.0004;-0.0884;0;0;0;0;0;0;0;0;0;-0.7063;0;0.7063;1;1;0;0;0;0
01/01/21 20:00;0;0;90;0;0;90;0;0;0;0;19.43;6.57;0;0;0;0;0;0;0;0;0;0;0;0;0;1;1;1;1;0;0;0;0;0;0;0;0;0;0;0;0;0;0;0;0;0;0;0;0;0;0;0;0;0;0;0;0;0;0;0;0;0;0;0;1;1;1;1;1;1;1;1;1;1;1;1;1;1;1;1;1;1;1;0;0;0;0;0;0;0;0;0;0.0004;0.088;0;-0.0884;0;0;0;0;0;0;0;0;0;0;0;0;0;0;0;0;0;0;0;-19.43;0;0;0;0;0.0004;0;0;0;0;0;0;0;-0.0004;-0.0884;0;0;0;0;0;0;0;0;0;-0.7063;0;0.7063;1;1;0;0;0;0
01/01/21 21:00;0;0;90;0;0;90;0;0;0;0;18.6;6.59;0;0;0;0;0;0;0;0;0;0;0;0;0;1;1;1;1;0;0;0;0;0;0;0;0;0;0;0;0;0;0;0;0;0;0;0;0;0;0;0;0;0;0;0;0;0;0;0;0;0;0;0;1;1;1;1;1;1;1;1;1;1;1;1;1;1;1;1;1;1;1;0;0;0;0;0;0;0;0;0;0.0004;0.088;0;-0.0884;0;0;0;0;0;0;0;0;0;0;0;0;0;0;0;0;0;0;0;-18.6;0;0;0;0;0.0004;0;0;0;0;0;0;0;-0.0004;-0.0884;0;0;0;0;0;0;0;0;0;-0.7063;0;0.7063;1;1;0;0;0;0
01/01/21 22:00;0;0;90;0;0;90;0;0;0;0;18.24;6.56;0;0;0;0;0;0;0;0;0;0;0;0;0;1;1;1;1;0;0;0;0;0;0;0;0;0;0;0;0;0;0;0;0;0;0;0;0;0;0;0;0;0;0;0;0;0;0;0;0;0;0;0;1;1;1;1;1;1;1;1;1;1;1;1;1;1;1;1;1;1;1;0;0;0;0;0;0;0;0;0;0.0004;0.088;0;-0.0884;0;0;0;0;0;0;0;0;0;0;0;0;0;0;0;0;0;0;0;-18.24;0;0;0;0;0.0004;0;0;0;0;0;0;0;-0.0004;-0.0884;0;0;0;0;0;0;0;0;0;-0.7063;0;0.7063;1;1;0;0;0;0
01/01/21 23:00;0;0;90;0;0;90;0;0;0;0;17.9;6.3899;0;0;0;0;0;0;0;0;0;0;0;0;0;1;1;1;1;0;0;0;0;0;0;0;0;0;0;0;0;0;0;0;0;0;0;0;0;0;0;0;0;0;0;0;0;0;0;0;0;0;0;0;1;1;1;1;1;1;1;1;1;1;1;1;1;1;1;1;1;1;1;0;0;0;0;0;0;0;0;0;0.0004;0.088;0;-0.0884;0;0;0;0;0;0;0;0;0;0;0;0;0;0;0;0;0;0;0;-17.9;0;0;0;0;0.0004;0;0;0;0;0;0;0;-0.0004;-0.0884;0;0;0;0;0;0;0;0;0;-0.7063;0;0.7063;1;1;0;0;0;0
02/01/21 00:00;0;0;90;0;0;90;0;0;0;0;17.11;6.0401;0;0;0;0;0;0;0;0;0;0;0;0;0;1;1;1;1;0;0;0;0;0;0;0;0;0;0;0;0;0;0;0;0;0;0;0;0;0;0;0;0;0;0;0;0;0;0;0;0;0;0;0;1;1;1;1;1;1;1;1;1;1;1;1;1;1;1;1;1;1;1;0;0;0;0;0;0;0;0;0;0.0004;0.088;0;-0.0884;0;0;0;0;0;0;0;0;0;0;0;0;0;0;0;0;0;0;0;-17.11;0;0;0;0;0.0004;0;0;0;0;0;0;0;-0.0004;-0.0884;0;0;0;0;0;0;0;0;0;-0.7063;0;0.7063;1;1;0;0;0;0
02/01/21 01:00;0;0;90;0;0;90;0;0;0;0;16.44;5.9799;0;0;0;0;0;0;0;0;0;0;0;0;0;1;1;1;1;0;0;0;0;0;0;0;0;0;0;0;0;0;0;0;0;0;0;0;0;0;0;0;0;0;0;0;0;0;0;0;0;0;0;0;1;1;1;1;1;1;1;1;1;1;1;1;1;1;1;1;1;1;1;0;0;0;0;0;0;0;0;0;0.0004;0.088;0;-0.0884;0;0;0;0;0;0;0;0;0;0;0;0;0;0;0;0;0;0;0;-16.44;0;0;0;0;0.0004;0;0;0;0;0;0;0;-0.0004;-0.0884;0;0;0;0;0;0;0;0;0;-0.7063;0;0.7063;1;1;0;0;0;0
02/01/21 02:00;0;0;90;0;0;90;0;0;0;0;16.06;5.76;0;0;0;0;0;0;0;0;0;0;0;0;0;1;1;1;1;0;0;0;0;0;0;0;0;0;0;0;0;0;0;0;0;0;0;0;0;0;0;0;0;0;0;0;0;0;0;0;0;0;0;0;1;1;1;1;1;1;1;1;1;1;1;1;1;1;1;1;1;1;1;0;0;0;0;0;0;0;0;0;0.0004;0.088;0;-0.0884;0;0;0;0;0;0;0;0;0;0;0;0;0;0;0;0;0;0;0;-16.06;0;0;0;0;0.0004;0;0;0;0;0;0;0;-0.0004;-0.0884;0;0;0;0;0;0;0;0;0;-0.7063;0;0.7063;1;1;0;0;0;0
02/01/21 03:00;0;0;90;0;0;90;0;0;0;0;16;5.6;0;0;0;0;0;0;0;0;0;0;0;0;0;1;1;1;1;0;0;0;0;0;0;0;0;0;0;0;0;0;0;0;0;0;0;0;0;0;0;0;0;0;0;0;0;0;0;0;0;0;0;0;1;1;1;1;1;1;1;1;1;1;1;1;1;1;1;1;1;1;1;0;0;0;0;0;0;0;0;0;0.0004;0.088;0;-0.0884;0;0;0;0;0;0;0;0;0;0;0;0;0;0;0;0;0;0;0;-16;0;0;0;0;0.0004;0;0;0;0;0;0;0;-0.0004;-0.0884;0;0;0;0;0;0;0;0;0;-0.7063;0;0.7063;1;1;0;0;0;0
02/01/21 04:00;0.6488;-117.85;88.426;0.7338;1.0462;-90;-1.0462;0;0;0;15.93;5.6699;0;0;0;0;0;0;0;0;0;0;0;0;0;1;1;1;1;0;0;0;0;0;0;0;0;0;0;0;0;0;0;0;0;0;0;0;0;0;0;0;0;0;0;0;0;0;0;0;0;0;0;0;1;1;1;1;1;1;1;1;1;1;1;1;1;1;1;1;1;1;1;0;0;0;0;0;0;0;0;0;0.0004;0.088;0;-0.0884;0;0;0;0;0;0;0;0;0;0;0;0;0;0;0;0;0;0;0;-15.93;0;0;0;0;0.0004;0;0;0;0;0;0;0;-0.0004;-0.0884;0;0;0;0;0;0;0;0;0;-0.7063;0;0.7063;1;1;0;0;0;0
02/01/21 05:00;6.9227;-113.15;73.003;7.5225;10.99;-90;-10.99;45.594;40.597;4.9971;16.87;6.11;0;12.119;39.043;2.8908;0;0.0853;54.139;0;54.139;12.119;2.8908;39.043;0.0853;0.2239;0.7227;0;0.0016;53.737;0.4021;0;0;0.331;0.0711;49.787;3.7882;1.8016;0.4297;1.5538;0.0032;53.576;0.1612;0.0364;0.0087;0.1161;0;49.801;10.282;2.4524;37.042;0.011;23.494;18.701;7.3321;0.0162;0.2837;4.0813;0.0135;4.3488;0;1;0;0;1.1874;0.9926;1;1;0.9915;0.1665;0.9293;0.8509;1;0.9597;0.7752;0.997;0.997;1;0.997;0.997;0.9196;0.9488;0.1287;0.1626;0.1586;0.001;0.0138;-0.0036;0.001;0.0037;0.0008;0;0;0.088;0;0.0452;0;0;0;0;0;0;0;0;0;0;0;0;0.0029;0.0001;0.1388;0.1388;0;18.916;18.916;2.0463;0.0411;134.06;1035.6;1;0.0057;0.0057;0;0;0;0;0;0;0.1332;0.0452;0;16.268;18.838;5.293;6.1292;95.918;95.918;1.2993;1.1096;0.361;0.1897;0.7486;0.146;0.5761;0.2778;23.463;0.263;0
02/01/21 06:00;18.497;-105.4;39.698;19.137;33.524;-90;-33.524;200.89;125.6;75.292;18.97;6.1499;0;182.6;95.801;51.197;0;3.4087;333.01;0;333.01;182.6;51.197;95.801;3.4087;0.5483;0.2979;0;0.0102;324.89;8.117;0;0;5.0777;3.0393;319.38;4.5434;1.2213;0.3424;2.9238;0.0559;323.92;0.9747;0.5478;0.1536;0.2722;0.0011;319.97;180.83;50.701;87.528;0.3124;65.24;51.931;21.615;2.1292;0.8418;12.109;0.5984;10.822;0;1;0;0;1.6576;0.9756;1;1;0.947;0.1084;0.986;0.9933;1;0.9677;0.8482;0.997;0.997;1;0.997;0.997;0.9591;0.9136;0.0916;1;0.9893;0.006;0.0136;0.0247;0.0066;0.0235;0.0023;0;0;0.088;0;0.7886;0;0;0;0;0;0;0;0;0;0;0;0;0.0189;0.0025;0.8912;0.8912;0;32.009;32.009;13.04;0.0408;848.47;1050.4;1;0.0146;0.0146;0;0;0;0;0;0;0.8766;0.7886;0;16.977;19.659;15.023;17.397;98.366;98.366;7.9922;7.1225;6.3029;0.8697;0.8196;0.1088;0.1026;0.7886;64.768;0.7677;0
02/01/21 07:00;30.503;-97.871;6.7765;30.741;59.259;-90;-59.259;276.71;224.7;52.005;20.19;5.76;0;101.74;157.46;31.895;0;13.797;304.89;0;304.89;101.74;31.895;157.46;13.797;0.3337;0.5617;0;0.0453;272.51;32.38;0;0;19.463;12.917;266.78;4.9203;0.0237;0.0074;4.8351;0.0541;271.7;0.8175;0.3052;0.0957;0.414;0.0026;271.68;101.41;31.792;132.75;0.8233;149.41;118.93;55.238;25.184;2.875;41.356;4.9033;19.047;0;1;0;0;1.1019;0.8938;1;1;0.8764;0.0638;0.9819;0.9998;1;0.9649;0.9384;0.997;0.997;1;0.997;0.997;0.875;0.8431;0.0597;0.9156;0.9055;0.0055;0.0147;0.0197;0.0061;0.0215;0.0079;0;0;0.088;0;0.7094;0;0;0;0;0;0;0;0;0;0;0;0;0.0173;0.0021;0.8108;0.8108;0;31.088;31.088;10.897;0.0408;773.28;1048.5;1;0.0134;0.0134;0;0;0;0;0;0;0.7974;0.7094;0;16.869;19.533;14.76;17.091;98.353;98.353;7.3174;6.4795;5.6695;0.8379;0.81;0.1145;0.1107;0.7748;135.93;0.7034;0
02/01/21 08:00;42.732;-89.82;0.1322;42.732;47.268;-90;-47.268;554.2;233.2;321;21.72;5.3399;0;473.05;130.15;115.13;0;18.17;736.5;0;736.5;473.05;115.13;130.15;18.17;0.6423;0.2014;0;0.0247;707.99;28.512;0;0;11.592;16.919;701.92;3.9428;0.0022;0.0005;3.8783;0.0618;705.86;2.124;1.4192;0.3454;0.3557;0.0038;706.86;471.63;114.78;114.33;1.1848;256.74;204.36;86.135;9.4233;3.311;47.627;4.9403;41.514;0;1;0;0;1.329;0.9613;1;1;0.9109;0.0688;0.9944;1;1;0.9672;0.9504;0.997;0.997;1;0.997;0.997;0.9531;0.8784;0.0652;2.2117;2.2294;0.0134;-0.0012;0.2018;0.0141;0.05;0.0086;0;0;0.088;0;1.7728;0;0;0;0;0;0;0;0;0;0;0;0;0.0403;0.0111;1.8913;1.8913;0;50.72;50.72;29;0.0413;1917.5;986.34;1;0.0305;0.0305;0;0;0;0;0;0;1.8608;1.7728;0;16.29;18.863;15.27;17.682;98.389;98.389;17.676;15.115;14.168;2.5609;0.9468;0.1449;0.0536;0.8016;98.945;0.7645;0
02/01/21 09:00;54.94;-79.894;5.785;55.36;34.64;-90;-34.64;550.99;371.8;179.2;23.72;5.0199;0;217.8;286.31;70.059;0;9.9622;584.14;0;584.14;217.8;70.059;286.31;9.9622;0.3729;0.5072;0;0.0171;559.23;24.907;0;0;15.977;8.9295;548.65;8.9066;0.0434;0.014;8.7023;0.1469;557.55;1.6777;0.6534;0.2102;0.811;0.0031;551.74;217.11;69.835;260.82;0.8827;313.94;249.9;104.87;7.1208;3.7922;54.55;3.0975;51.221;0;1;0;0;1.0602;0.9574;1;1;0.9442;0.1037;0.984;0.9998;1;0.9677;0.8573;0.997;0.997;1;0.997;0.997;0.9392;0.911;0.0886;1.7542;1.7768;0.0107;0.0028;0.1338;0.0114;0.0405;0.01;0;0;0.088;0;1.416;0;0;0;0;0;0;0;0;0;0;0;0;0.0326;0.0072;1.5279;1.5279;0;46.323;46.323;22.603;0.0412;1525.2;1001.8;1;0.0238;0.0238;0;0;0;0;0;0;1.504;1.416;0;16.593;19.214;15.378;17.807;98.44;98.44;14.019;12.211;11.317;1.8085;0.8938;0.129;0.0638;0.8072;195.22;0.7545;0
02/01/21 10:00;66.633;-64.498;9.8318;68.696;21.304;-90;-21.304;787.3;313.9;473.4;24.22;4.72;0;508.13;192.45;123.05;0;5.4874;829.11;0;829.11;508.13;123.05;192.45;5.4874;0.6129;0.2387;0;0.0066;819.55;9.566;0;0;4.9432;4.6228;810.3;6.7847;0.172;0.0417;6.3843;0.1867;817.09;2.4586;1.5244;0.3691;0.5625;0.0026;811.68;506.43;122.63;180.56;0.6753;449.43;357.74;146.84;0.8673;5.0359;72.44;1.3827;76.609;0;1;0;0;1.0531;0.9885;1;1;0.9743;0.1576;0.9917;0.9997;1;0.9658;0.7834;0.997;0.997;1;0.997;0.997;0.9773;0.9382;0.1231;2.4898;2.5974;0.0156;-0.0022;0.3009;0.016;0.0567;0.0127;0;0;0.088;0;2.0144;0;0;0;0;0;0;0;0;0;0;0;0;0.0456;0.0148;2.1372;2.1372;0;57.891;57.891;33.671;0.0416;2234.5;956.46;1;0.0347;0.0347;0;0;0;0;0;0;2.1024;2.0144;0;16.352;18.935;15.413;17.847;98.374;98.374;19.899;17.08;16.099;2.8184;0.981;0.1416;0.0493;0.8091;120.35;0.7594;0
02/01/21 11:00;75.953;-31.283;11.971;82.598;7.4022;-90;-7.4022;678.59;449.1;229.49;25.7;4.43;0;231.42;372.3;75.87;0;0.5768;680.17;0;680.17;231.42;75.87;372.3;0.5768;0.3402;0.5482;0;0.0008;678.05;2.1208;0;0;1.6394;0.4814;660.21;15.812;0.0954;0.0313;15.664;0.0213;676.02;2.0342;0.6943;0.2276;1.112;0.0003;660.29;230.63;75.611;353.89;0.0738;400.58;318.86;127.42;0.0314;4.6655;67.111;0.0816;71.745;0;1;0;0;1.0023;0.9969;1;1;0.9956;0.1654;0.9766;0.9996;1;0.9576;0.7758;0.997;0.997;1;0.997;0.997;0.9706;0.9505;0.1279;2.0426;2.1302;0.0128;-0.0006;0.2108;0.0134;0.0473;0.012;0;0;0.088;0;1.6699;0;0;0;0;0;0;0;0;0;0;0;0;0.0381;0.0102;1.7862;1.7862;0;53.034;53.034;27.334;0.0414;1830.7;975.66;1;0.0283;0.0283;0;0;0;0;0;0;1.7579;1.6699;0;16.659;19.291;15.575;18.035;98.418;98.418;16.324;14.275;13.346;2.0489;0.9292;0.1255;0.0569;0.8176;221.93;0.7613;0
02/01/21 12:00;76.25;28.797;12.023;83.277;6.7229;90;6.7229;784;398.6;385.4;27.33;4.2;0;388.07;285.61;112.78;0;0.5499;787.01;0;787.01;388.07;112.78;285.61;0.5499;0.4931;0.3636;0;0.0007;785.47;1.5391;0;0;1.0796;0.4596;770.76;12.356;0.1607;0.0467;12.128;0.0202;783.11;2.3564;1.1642;0.3383;0.8536;0.0003;770.83;386.75;112.39;271.55;0.0698;461.96;367.72;148.32;0.0154;5.2895;76.087;0.0735;81.361;0;1;0;0;1.0038;0.998;1;1;0.9962;0.1642;0.9842;0.9996;1;0.9572;0.7757;0.997;0.997;1;0.997;0.997;0.9794;0.9508;0.127;2.3634;2.4821;0.0149;-0.0021;0.3014;0.0152;0.0538;0.0133;0;0;0.088;0;1.9083;0;0;0;0;0;0;0;0;0;0;0;0;0.0433;0.0136;2.0286;2.0286;0;59.4;59.4;32.07;0.0416;2135.1;950.11;1;0.0323;0.0323;0;0;0;0;0;0;1.9963;1.9083;0;16.352;18.935;15.381;17.811;98.406;98.406;18.888;16.213;15.251;2.6756;0.9618;0.1417;0.0509;0.8074;170.05;0.7529;0
02/01/21 13:00;67.165;63.474;9.9808;69.356;20.644;90;20.644;871.5;275.2;596.3;28.49;3.8399;0;637.22;144.32;134.75;0;5.7081;921.99;0;921.99;637.22;134.75;144.32;5.7081;0.6911;0.1627;0;0.0062;913.65;8.3403;0;0;3.5315;4.8088;905.63;5.2806;0.219;0.0463;4.8183;0.1969;910.91;2.7409;1.9117;0.4042;0.4224;0.0027;907.04;635.09;134.3;135.54;0.6996;495.61;394.5;163.18;0.58;5.4478;78.364;1.4122;83.232;0;1;0;0;1.0579;0.991;1;1;0.9755;0.1575;0.9942;0.9997;1;0.9657;0.7803;0.997;0.997;1;0.997;0.997;0.9823;0.9392;0.1226;2.7687;2.8971;0.0174;-0.001;0.4234;0.0172;0.061;0.0133;0;0;0.088;0;2.1725;0;0;0;0;0;0;0;0;0;0;0;0;0.0491;0.0182;2.2985;2.2985;0;66.386;66.386;37.897;0.0418;2489.5;923.26;1;0.0379;0.0379;0;0;0;0;0;0;2.2605;2.1725;0;15.814;18.313;14.948;17.309;98.351;98.351;22.128;18.369;17.363;3.7585;1.0063;0.1699;0.0455;0.7847;89.948;0.7377;0
02/01/21 14:00;55.522;79.324;6.0197;55.987;34.013;90;34.013;949.5;156.3;793.2;28.95;3.37;0;956.92;45.535;128.49;0;16.57;1147.5;0;1147.5;956.92;128.49;45.535;16.57;0.8339;0.0541;0;0.0144;1130.2;17.32;0;0;2.4733;14.846;1124.9;1.8689;0.1984;0.0266;1.3869;0.2569;1126.8;3.3906;2.8707;0.3855;0.1292;0.0052;1129.5;953.85;128.08;41.546;1.4613;485.26;386.27;163.05;1.0674;5.1539;74.136;4.6024;78.223;0;1;0;0;1.2085;0.9849;1;1;0.9457;0.104;0.9983;0.9998;1;0.9677;0.8505;0.997;0.997;1;0.997;0.997;0.9803;0.9124;0.0882;3.446;3.5583;0.0214;0.0091;0.6463;0.0202;0.0715;0.012;0;0;0.088;0;2.559;0;0;0;0;0;0;0;0;0;0;0;0;0.0576;0.0271;2.6931;2.6931;0;76.43;76.43;47.48;0.0422;3060.8;879.86;1;0.0461;0.0461;0;0;0;0;0;0;2.647;2.559;0;14.888;17.24;14.147;16.381;98.288;98.288;27.54;21.523;20.451;6.017;1.0718;0.2185;0.0389;0.7426;30.899;0.7083;0
02/01/21 15:00;43.324;89.4;0.4364;43.325;46.675;90;46.675;438.71;345.6;93.106;28.8;2.82;0;135.7;263.37;48.404;0;14.045;461.51;0;461.51;135.7;48.404;263.37;14.045;0.294;0.6011;0;0.0304;425.34;36.17;0;0;23.073;13.097;416.17;7.8989;0.002;0.0007;7.846;0.0501;424.06;1.276;0.4071;0.1452;0.7209;0.0028;420.98;135.29;48.258;231.73;0.8944;249.86;198.89;86.495;18.248;3.639;52.345;4.8164;37.736;0;1;0;0;1.052;0.9216;1;1;0.9124;0.0675;0.9814;1;1;0.9673;0.9469;0.997;0.997;1;0.997;0.997;0.9017;0.8799;0.0637;1.3859;1.3783;0.0083;0.008;0.1029;0.0088;0.0313;0.0096;0;0;0.088;0;1.0737;0;0;0;0;0;0;0;0;0;0;0;0;0.0252;0.0045;1.1797;1.1797;0;45.964;45.964;17.164;0.0412;1182.9;997.32;1;0.0181;0.0181;0;0;0;0;0;0;1.1617;1.0737;0;16.216;18.778;14.758;17.089;98.467;98.467;11.076;9.4286;8.5808;1.6477;0.8478;0.1488;0.0765;0.7747;199.08;0.7141;0
02/01/21 16:00;31.089;97.502;6.4199;31.308;58.692;90;58.692;177.8;174.1;3.7024;29.23;2.3199;0;7.125;131.61;1.7012;0;8.7119;149.15;0;149.15;7.125;1.7012;131.61;8.7119;0.0478;0.9408;0;0.0584;124.9;24.254;0;0;16.076;8.1775;120.46;4.0645;0.0016;0.0004;4.0307;0.0319;124.52;0.3747;0.0214;0.0051;0.3466;0.0016;124.11;7.1021;1.6958;111.16;0.5009;113.81;90.589;42.315;20.34;2.2496;32.359;3.6554;14.269;0;1;0;0;0.8389;0.8374;1;1;0.8779;0.0613;0.9674;0.9998;1;0.965;0.9401;0.997;0.997;1;0.997;0.997;0.8076;0.8446;0.0575;0.4479;0.442;0.0027;0.0181;0.0149;0.0028;0.0101;0.0059;0;0;0.088;0;0.2833;0;0;0;0;0;0;0;0;0;0;0;0;0.0081;0.0006;0.3788;0.3788;0;34.198;34.198;4.9682;0.0412;375.5;1008.8;1;0.0076;0.0076;0;0;0;0;0;0;0.3713;0.2833;0;16.112;18.657;12.047;13.951;98.004;98.004;3.5796;3.0276;2.2638;0.5521;0.7637;0.1542;0.2134;0.6324;112.84;0.544;0
02/01/21 17:00;19.067;105.04;37.6;19.693;35.119;90;35.119;128.91;125.5;3.4064;28.1;2.76;0;8.2614;113.24;2.2476;0;2.3935;126.14;0;126.14;8.2614;2.2476;113.24;2.3935;0.0655;0.9167;0;0.019;117.52;8.6231;0;0;6.4675;2.1556;113.64;3.5265;0.0451;0.0123;3.4358;0.0333;117.16;0.3525;0.0248;0.0067;0.3203;0.0007;114.42;8.1915;2.2286;103.01;0.2039;77.519;61.705;26.02;2.9518;1.0058;14.468;0.7793;12.522;0;1;0;0;0.9785;0.9316;1;1;0.9429;0.0994;0.9699;0.9945;1;0.9677;0.8597;0.997;0.997;1;0.997;0.997;0.9009;0.9097;0.0852;0.3788;0.3751;0.0023;0.0178;0.0107;0.0024;0.0085;0.0027;0;0;0.088;0;0.2284;0;0;0;0;0;0;0;0;0;0;0;0;0.0069;0.0005;0.3234;0.3234;0;32.784;32.784;4.6838;0.0412;319.57;1011.9;1;0.007;0.007;0;0;0;0;0;0;0.3164;0.2284;0;16.262;18.831;11.484;13.298;97.834;97.834;3.0274;2.5843;1.825;0.4431;0.7593;0.1464;0.2508;0.6028;77.497;0.5552;0
02/01/21 18:00;7.4674;112.77;71.628;8.0903;11.867;90;11.867;52.802;51.799;1.0034;26.8;3.54;0;2.4335;50.965;0.6869;0;0.1151;54.2;0;54.2;2.4335;0.6869;50.965;0.1151;0.0449;0.9424;0;0.0021;53.611;0.589;0;0;0.4929;0.0961;51.049;2.4019;0.3119;0.088;1.9977;0.0043;53.451;0.1608;0.0073;0.0021;0.1514;0.0001;51.07;2.1143;0.5968;48.323;0.0147;30.709;24.444;9.5889;0.0282;0.371;5.3366;0.0217;5.6793;0;1;0;0;1.0265;0.9891;1;1;0.9903;0.1651;0.9551;0.8714;1;0.9603;0.7746;0.997;0.997;1;0.997;0.997;0.9418;0.9482;0.1275;0.1628;0.1651;0.001;0.0141;0.0024;0.001;0.0037;0.001;0;0;0.088;0;0.0456;0;0;0;0;0;0;0;0;0;0;0;0;0.003;0.0001;0.1389;0.1389;0;28.916;28.916;2.1156;0.0414;139.68;994.14;1;0.0053;0.0053;0;0;0;0;0;0;0.1336;0.0456;0;16.253;18.821;5.3384;6.1817;96.216;96.216;1.3008;1.1098;0.3645;0.191;0.7453;0.1468;0.5729;0.2802;30.702;0.261;0
02/01/21 19:00;0.9915;117.58;87.595;1.1186;1.5951;90;1.5951;0;0;0;23.94;4.2201;0;0;0;0;0;0;0;0;0;0;0;0;0;1;1;1;1;0;0;0;0;0;0;0;0;0;0;0;0;0;0;0;0;0;0;0;0;0;0;0;0;0;0;0;0;0;0;0;0;0;0;0;1;1;1;1;1;1;1;1;1;1;1;1;1;1;1;1;1;1;1;0;0;0;0;0;0;0;0;0;0.0004;0.088;0;-0.0884;0;0;0;0;0;0;0;0;0;0;0;0;0;0;0;0;0;0;0;-23.94;0;0;0;0;0.0004;0;0;0;0;0;0;0;-0.0004;-0.0884;0;0;0;0;0;0;0;0;0;-0.7063;0;0.7063;1;1;0;0;0;0
02/01/21 20:00;0;0;90;0;0;90;0;0;0;0;23.6;4.2201;0;0;0;0;0;0;0;0;0;0;0;0;0;1;1;1;1;0;0;0;0;0;0;0;0;0;0;0;0;0;0;0;0;0;0;0;0;0;0;0;0;0;0;0;0;0;0;0;0;0;0;0;1;1;1;1;1;1;1;1;1;1;1;1;1;1;1;1;1;1;1;0;0;0;0;0;0;0;0;0;0.0004;0.088;0;-0.0884;0;0;0;0;0;0;0;0;0;0;0;0;0;0;0;0;0;0;0;-23.6;0;0;0;0;0.0004;0;0;0;0;0;0;0;-0.0004;-0.0884;0;0;0;0;0;0;0;0;0;-0.7063;0;0.7063;1;1;0;0;0;0
02/01/21 21:00;0;0;90;0;0;90;0;0;0;0;22.44;4.1599;0;0;0;0;0;0;0;0;0;0;0;0;0;1;1;1;1;0;0;0;0;0;0;0;0;0;0;0;0;0;0;0;0;0;0;0;0;0;0;0;0;0;0;0;0;0;0;0;0;0;0;0;1;1;1;1;1;1;1;1;1;1;1;1;1;1;1;1;1;1;1;0;0;0;0;0;0;0;0;0;0.0004;0.088;0;-0.0884;0;0;0;0;0;0;0;0;0;0;0;0;0;0;0;0;0;0;0;-22.44;0;0;0;0;0.0004;0;0;0;0;0;0;0;-0.0004;-0.0884;0;0;0;0;0;0;0;0;0;-0.7063;0;0.7063;1;1;0;0;0;0
02/01/21 22:00;0;0;90;0;0;90;0;0;0;0;21.5;4.2;0;0;0;0;0;0;0;0;0;0;0;0;0;1;1;1;1;0;0;0;0;0;0;0;0;0;0;0;0;0;0;0;0;0;0;0;0;0;0;0;0;0;0;0;0;0;0;0;0;0;0;0;1;1;1;1;1;1;1;1;1;1;1;1;1;1;1;1;1;1;1;0;0;0;0;0;0;0;0;0;0.0004;0.088;0;-0.0884;0;0;0;0;0;0;0;0;0;0;0;0;0;0;0;0;0;0;0;-21.5;0;0;0;0;0.0004;0;0;0;0;0;0;0;-0.0004;-0.0884;0;0;0;0;0;0;0;0;0;-0.7063;0;0.7063;1;1;0;0;0;0
02/01/21 23:00;0;0;90;0;0;90;0;0;0;0;20.88;4.96;0;0;0;0;0;0;0;0;0;0;0;0;0;1;1;1;1;0;0;0;0;0;0;0;0;0;0;0;0;0;0;0;0;0;0;0;0;0;0;0;0;0;0;0;0;0;0;0;0;0;0;0;1;1;1;1;1;1;1;1;1;1;1;1;1;1;1;1;1;1;1;0;0;0;0;0;0;0;0;0;0.0004;0.088;0;-0.0884;0;0;0;0;0;0;0;0;0;0;0;0;0;0;0;0;0;0;0;-20.88;0;0;0;0;0.0004;0;0;0;0;0;0;0;-0.0004;-0.0884;0;0;0;0;0;0;0;0;0;-0.7063;0;0.7063;1;1;0;0;0;0
03/01/21 00:00;0;0;90;0;0;90;0;0;0;0;20.7;5.07;0;0;0;0;0;0;0;0;0;0;0;0;0;1;1;1;1;0;0;0;0;0;0;0;0;0;0;0;0;0;0;0;0;0;0;0;0;0;0;0;0;0;0;0;0;0;0;0;0;0;0;0;1;1;1;1;1;1;1;1;1;1;1;1;1;1;1;1;1;1;1;0;0;0;0;0;0;0;0;0;0.0004;0.088;0;-0.0884;0;0;0;0;0;0;0;0;0;0;0;0;0;0;0;0;0;0;0;-20.7;0;0;0;0;0.0004;0;0;0;0;0;0;0;-0.0004;-0.0884;0;0;0;0;0;0;0;0;0;-0.7063;0;0.7063;1;1;0;0;0;0
03/01/21 01:00;0;0;90;0;0;90;0;0;0;0;20.55;5.44;0;0;0;0;0;0;0;0;0;0;0;0;0;1;1;1;1;0;0;0;0;0;0;0;0;0;0;0;0;0;0;0;0;0;0;0;0;0;0;0;0;0;0;0;0;0;0;0;0;0;0;0;1;1;1;1;1;1;1;1;1;1;1;1;1;1;1;1;1;1;1;0;0;0;0;0;0;0;0;0;0.0004;0.088;0;-0.0884;0;0;0;0;0;0;0;0;0;0;0;0;0;0;0;0;0;0;0;-20.55;0;0;0;0;0.0004;0;0;0;0;0;0;0;-0.0004;-0.0884;0;0;0;0;0;0;0;0;0;-0.7063;0;0.7063;1;1;0;0;0;0
03/01/21 02:00;0;0;90;0;0;90;0;0;0;0;20.2;5.76;0;0;0;0;0;0;0;0;0;0;0;0;0;1;1;1;1;0;0;0;0;0;0;0;0;0;0;0;0;0;0;0;0;0;0;0;0;0;0;0;0;0;0;0;0;0;0;0;0;0;0;0;1;1;1;1;1;1;1;1;1;1;1;1;1;1;1;1;1;1;1;0;0;0;0;0;0;0;0;0;0.0004;0.088;0;-0.0884;0;0;0;0;0;0;0;0;0;0;0;0;0;0;0;0;0;0;0;-20.2;0;0;0;0;0.0004;0;0;0;0;0;0;0;-0.0004;-0.0884;0;0;0;0;0;0;0;0;0;-0.7063;0;0.7063;1;1;0;0;0;0
03/01/21 03:00;0;0;90;0;0;90;0;0;0;0;19.75;5.5701;0;0;0;0;0;0;0;0;0;0;0;0;0;1;1;1;1;0;0;0;0;0;0;0;0;0;0;0;0;0;0;0;0;0;0;0;0;0;0;0;0;0;0;0;0;0;0;0;0;0;0;0;1;1;1;1;1;1;1;1;1;1;1;1;1;1;1;1;1;1;1;0;0;0;0;0;0;0;0;0;0.0004;0.088;0;-0.0884;0;0;0;0;0;0;0;0;0;0;0;0;0;0;0;0;0;0;0;-19.75;0;0;0;0;0.0004;0;0;0;0;0;0;0;-0.0004;-0.0884;0;0;0;0;0;0;0;0;0;-0.7063;0;0.7063;1;1;0;0;0;0
03/01/21 04:00;0.6876;-117.7;88.332;0.7765;1.1071;-90;-1.1071;0;0;0;19.7;5.37;0;0;0;0;0;0;0;0;0;0;0;0;0;1;1;1;1;0;0;0;0;0;0;0;0;0;0;0;0;0;0;0;0;0;0;0;0;0;0;0;0;0;0;0;0;0;0;0;0;0;0;0;1;1;1;1;1;1;1;1;1;1;1;1;1;1;1;1;1;1;1;0;0;0;0;0;0;0;0;0;0.0004;0.088;0;-0.0884;0;0;0;0;0;0;0;0;0;0;0;0;0;0;0;0;0;0;0;-19.7;0;0;0;0;0.0004;0;0;0;0;0;0;0;-0.0004;-0.0884;0;0;0;0;0;0;0;0;0;-0.7063;0;0.7063;1;1;0;0;0;0
03/01/21 05:00;6.7814;-113.13;73.359;7.3681;10.753;-90;-10.753;10.998;10.903;0.0953;20;5.36;0;0.231;10.801;0.0151;0;0.0197;11.067;0;11.067;0.231;0.0151;10.801;0.0197;0.0209;0.9778;0;0.0018;10.962;0.1047;0;0;0.0883;0.0164;10.459;0.4703;0.0357;0.0023;0.4315;0.0007;10.929;0.0329;0.0007;0;0.0321;0;10.462;0.1946;0.0127;10.249;0.0025;6.4872;5.1638;2.0225;0.0041;0.0785;1.1286;0.0035;1.2029;0;1;0;0;1.0062;0.9905;1;1;0.9918;0.1664;0.957;0.845;1;0.9596;0.7752;0.997;0.997;1;0.997;0.997;0.9451;0.9489;0.1286;0.0332;0.0339;0.0002;0.0064;-0.0005;0.0002;0.0007;0.0002;0;0;0.088;0;-0.0643;0;0;0;0;0;0;0;0;0;0;0;0;0.0006;0;0.0262;0.0262;0;20.441;20.441;0.4411;0.0422;27.33;958.08;1;0.0025;0.0025;0;0;0;0;0;0;0.0237;-0.0643;0;15.01;17.381;-36.874;-42.699;90.409;90.409;0.2656;0.2093;-0.5141;0.0563;0.7234;0.2121;2.7235;0;6.4867;0;0
03/01/21 06:00;18.357;-105.37;40.198;18.99;33.121;-90;-33.121;107.91;103.7;4.2121;18.98;5.3;0;10.216;94.37;2.3821;0;1.7884;108.76;0;108.76;10.216;2.3821;94.37;1.7884;0.0939;0.8842;0;0.0164;102.26;6.4988;0;0;4.9073;1.5916;98.947;3.0031;0.0713;0.0166;2.8848;0.0304;101.95;0.3068;0.0306;0.0071;0.2684;0.0006;99.505;10.114;2.3583;86.31;0.1659;63.633;50.652;21.187;2.0115;0.8101;11.653;0.5575;10.451;0;1;0;0;1.0078;0.9402;1;1;0.948;0.1101;0.9705;0.993;1;0.9677;0.8451;0.997;0.997;1;0.997;0.997;0.9098;0.9146;0.0927;0.3266;0.3243;0.002;0.0174;-0.0023;0.0022;0.0076;0.0022;0;0;0.088;0;0.1938;0;0;0;0;0;0;0;0;0;0;0;0;0.0061;0.0004;0.2888;0.2888;0;23.03;23.03;4.05;0.0409;275.9;1046.6;1;0.007;0.007;0;0;0;0;0;0;0.2818;0.1938;0;16.843;19.504;11.302;13.088;97.582;97.582;2.6101;2.3077;1.5486;0.3024;0.7591;0.1159;0.2908;0.5933;63.608;0.5492;0
03/01/21 07:00;30.365;-97.829;6.75;30.6;59.4;-90;-59.4;207.11;194.2;12.909;21.12;4.8599;0;25.36;143.88;6.8993;0;10.371;186.51;0;186.51;25.36;6.8993;143.88;10.371;0.136;0.827;0;0.0556;158.95;27.554;0;0;17.845;9.7092;154.01;4.4695;0.0059;0.0016;4.4208;0.0412;158.47;0.4769;0.0761;0.0207;0.3781;0.002;158.22;25.278;6.877;121.23;0.619;127.59;101.56;47.486;23.207;2.5453;36.613;4.2143;15.951;0;1;0;0;0.9005;0.8523;1;1;0.876;0.0639;0.9718;0.9998;1;0.9648;0.9375;0.997;0.997;1;0.997;0.997;0.8257;0.8426;0.0597;0.5601;0.5537;0.0033;0.0179;0.0048;0.0037;0.0131;0.007;0;0;0.088;0;0.3953;0;0;0;0;0;0;0;0;0;0;0;0;0.0105;0.0009;0.4924;0.4924;0;27.42;27.42;6.3001;0.0409;470.97;1045.5;1;0.0091;0.0091;0;0;0;0;0;0;0.4833;0.3953;0;16.749;19.395;13.445;15.569;98.146;98.146;4.4761;3.9354;3.1592;0.5407;0.7763;0.1208;0.1734;0.7058;124.4;0.6153;0
03/01/21 08:00;42.595;-89.768;0.1711;42.595;47.405;-90;-47.405;162.2;159.6;2.5956;21.47;4.25;0;3.835;133.45;0.6405;0;5.3468;143.27;0;143.27;3.835;0.6405;133.45;5.3468;0.0268;0.9688;0;0.0373;126.35;16.916;0;0;11.936;4.9798;121.98;3.9946;0;0;3.9767;0.0179;125.97;0.3791;0.0115;0.0019;0.3645;0.0011;124.02;3.8235;0.6385;117.17;0.3479;102.77;81.808;36.515;9.7558;1.5821;22.757;2.0418;14.584;0;1;0;0;0.8833;0.8819;1;1;0.9106;0.0686;0.9683;1;1;0.9672;0.951;0.997;0.997;1;0.997;0.997;0.8514;0.878;0.0651;0.4302;0.4215;0.0025;0.018;0.0022;0.0028;0.0099;0.0043;0;0;0.088;0;0.2773;0;0;0;0;0;0;0;0;0;0;0;0;0.008;0.0006;0.3732;0.3732;0;26.467;26.467;4.9969;0.041;358.6;1040.6;1;0.0078;0.0078;0;0;0;0;0;0;0.3653;0.2773;0;16.523;19.133;12.28;14.22;97.905;97.905;3.4384;2.9823;2.2166;0.4561;0.7658;0.1326;0.2227;0.6446;101.58;0.5761;0
03/01/21 09:00;54.801;-79.834;5.8392;55.227;34.773;-90;-34.773;206.7;203.3;3.399;22.2;3.94;0;4.1379;184.6;0.7291;0;3.765;193.23;0;193.23;4.1379;0.7291;184.6;3.765;0.0214;0.9748;0;0.0195;179.49;13.74;0;0;10.363;3.3768;173.29;5.664;0.0008;0.0001;5.6083;0.0548;178.95;0.5385;0.0124;0.0022;0.5227;0.0012;174.53;4.1247;0.7267;168.1;0.3322;128;101.88;43.233;4.6511;1.6287;23.429;1.237;20.407;0;1;0;0;0.9349;0.9289;1;1;0.9439;0.1031;0.9683;0.9998;1;0.9677;0.8584;0.997;0.997;1;0.997;0.997;0.8968;0.9106;0.0882;0.5803;0.575;0.0035;0.0178;0.0089;0.0038;0.0135;0.0044;0;0;0.088;0;0.4139;0;0;0;0;0;0;0;0;0;0;0;0;0.0109;0.001;0.5112;0.5112;0;29.293;29.293;7.0928;0.0409;490.51;1042.2;1;0.0093;0.0093;0;0;0;0;0;0;0.5019;0.4139;0;16.783;19.434;13.588;15.735;98.182;98.182;4.6375;4.0856;3.308;0.552;0.7776;0.119;0.1677;0.7133;126;0.6539;0
03/01/21 10:00;66.491;-64.459;9.9032;68.571;21.429;-90;-21.429;735.2;358.3;376.9;23.44;3.86;0;404.89;245.23;112.04;0;5.1841;767.34;0;767.34;404.89;112.04;245.23;5.1841;0.5277;0.3263;0;0.0068;756.62;10.728;0;0;6.3584;4.3694;745.87;8.4769;0.1381;0.0382;8.125;0.1756;754.35;2.2698;1.2147;0.3361;0.7166;0.0024;747.19;403.54;111.66;230.03;0.6366;422.55;336.35;137.64;1.1285;4.7826;68.796;1.3165;72.45;0;1;0;0;1.0437;0.986;1;1;0.9741;0.1571;0.9888;0.9997;1;0.9659;0.7838;0.997;0.997;1;0.997;0.997;0.972;0.938;0.1228;2.3043;2.3955;0.0144;-0.0019;0.2476;0.0149;0.053;0.0123;0;0;0.088;0;1.8796;0;0;0;0;0;0;0;0;0;0;0;0;0.0427;0.0127;1.9998;1.9998;0;54.346;54.346;30.906;0.0414;2060.3;970.64;1;0.0322;0.0322;0;0;0;0;0;0;1.9676;1.8796;0;16.532;19.144;15.539;17.993;98.389;98.389;18.416;15.983;15.022;2.4337;0.9608;0.1322;0.0522;0.8157;153.45;0.7644;0
03/01/21 11:00;75.819;-31.477;12.06;82.484;7.5163;-90;-7.5163;891.4;287.6;603.81;26.68;4.2399;0;609.04;160.06;127.94;0;0.7812;897.83;0;897.83;609.04;127.94;160.06;0.7812;0.6783;0.1791;0;0.0009;896.45;1.3747;0;0;0.7227;0.652;886.7;7.0584;0.253;0.0531;6.7234;0.0289;893.76;2.6894;1.8271;0.3838;0.478;0.0004;886.82;606.96;127.51;152.14;0.1;523.7;416.87;172.11;0.0146;5.7386;82.548;0.1194;88.272;0;1;0;0;1.0072;0.9985;1;1;0.9955;0.1655;0.9921;0.9996;1;0.9577;0.7757;0.997;0.997;1;0.997;0.997;0.9876;0.9505;0.128;2.6962;2.845;0.0171;-0.0013;0.3883;0.0171;0.0606;0.0142;0;0;0.088;0;2.1569;0;0;0;0;0;0;0;0;0;0;0;0;0.0488;0.0176;2.2827;2.2827;0;63.702;63.702;37.022;0.0418;2445.3;933.5;1;0.0378;0.0378;0;0;0;0;0;0;2.2449;2.1569;0;16.128;18.676;15.24;17.647;98.345;98.345;21.548;18.243;17.238;3.3046;1.0051;0.1534;0.0466;0.8;95.434;0.7485;0
03/01/21 12:00;76.205;28.228;12.128;83.376;6.624;90;6.624;319;312;6.9968;28.46;4.4799;0;7.0439;309.38;1.6026;0;0.2172;318.24;0;318.24;7.0439;1.6026;309.38;0.2172;0.0221;0.9728;0;0.0007;316.92;1.3233;0;0;1.1417;0.1815;302.8;13.166;0.0029;0.0007;13.155;0.008;315.96;0.9507;0.0211;0.0048;0.9247;0.0001;302.82;7.0198;1.5971;294.15;0.0276;189.21;150.61;58.834;0.0155;2.2917;32.965;0.024;35.241;0;1;0;0;0.9976;0.9958;1;1;0.9963;0.1642;0.9583;0.9996;1;0.9572;0.7757;0.997;0.997;1;0.997;0.997;0.9515;0.9508;0.127;0.9557;0.9816;0.0059;0.0137;0.0561;0.0063;0.0225;0.0061;0;0;0.088;0;0.7489;0;0;0;0;0;0;0;0;0;0;0;0;0.0181;0.0025;0.8504;0.8504;0;40.921;40.921;12.461;0.0412;841.88;1010.1;1;0.0134;0.0134;0;0;0;0;0;0;0.8369;0.7489;0;16.951;19.629;14.929;17.288;98.42;98.42;7.6377;6.7962;5.9856;0.8415;0.8107;0.1102;0.1061;0.7837;184.17;0.7273;0
03/01/21 13:00;67.188;63.111;10.099;69.437;20.563;90;20.563;711.9;410.6;301.3;27.42;4.57;0;321.8;305.5;101.52;0;4.6265;733.44;0;733.44;321.8;101.52;305.5;4.6265;0.4388;0.4228;0;0.0063;722.12;11.325;0;0;7.4286;3.8964;709.44;10.515;0.1119;0.0353;10.208;0.1601;719.95;2.1664;0.9654;0.3045;0.8942;0.0022;710.6;320.73;101.18;286.97;0.5678;412.99;328.74;134.34;1.2081;4.6936;67.516;1.1609;71.002;0;1;0;0;1.0303;0.9846;1;1;0.9757;0.1578;0.9854;0.9997;1;0.9656;0.7801;0.997;0.997;1;0.997;0.997;0.9673;0.9393;0.1227;2.2025;2.2826;0.0137;-0.0015;0.2571;0.0141;0.05;0.0119;0;0;0.088;0;1.7676;0;0;0;0;0;0;0;0;0;0;0;0;0.0402;0.0116;1.8855;1.8855;0;56.882;56.882;29.462;0.0415;1963.6;960.19;1;0.0298;0.0298;0;0;0;0;0;0;1.8556;1.7676;0;16.307;18.884;15.288;17.703;98.417;98.417;17.603;15.069;14.127;2.5341;0.9418;0.144;0.0535;0.8025;190.33;0.7508;0
03/01/21 14:00;55.565;79.084;6.1475;56.051;33.949;90;33.949;585.71;399.8;185.9;30.04;4.6901;0;224.11;307.35;76.934;0;10.184;618.57;0;618.57;224.11;76.934;307.35;10.184;0.3623;0.5133;0;0.0165;592.8;25.767;0;0;16.645;9.122;581.44;9.586;0.0474;0.0163;9.3634;0.1589;591.03;1.7784;0.6723;0.2308;0.8721;0.0032;584.57;223.39;76.687;280.47;0.8999;334.66;266.39;112.06;7.1327;3.9956;57.475;3.1282;54.338;0;1;0;0;1.0561;0.9583;1;1;0.9458;0.1043;0.9838;0.9998;1;0.9677;0.8499;0.997;0.997;1;0.997;0.997;0.94;0.9125;0.0884;1.8576;1.8818;0.0113;0.0016;0.1944;0.0117;0.0416;0.0102;0;0;0.088;0;1.4574;0;0;0;0;0;0;0;0;0;0;0;0;0.0335;0.0081;1.5694;1.5694;0;54.146;54.146;24.106;0.0415;1616.9;970.66;1;0.0241;0.0241;0;0;0;0;0;0;1.5454;1.4574;0;16.095;18.638;14.946;17.307;98.467;98.467;14.846;12.543;11.647;2.3029;0.8956;0.1551;0.0603;0.7846;208.46;0.7335;0
03/01/21 15:00;43.371;89.215;0.5706;43.374;46.626;90;46.626;685.8;195.1;490.7;29.81;4.67;0;714.52;81.278;143.76;0;21.912;961.48;0;961.48;714.52;143.76;81.278;21.912;0.7432;0.1073;0;0.0228;933.93;27.543;0;0;7.1098;20.433;928.61;2.5168;0.014;0.0028;2.4213;0.0786;931.13;2.8018;2.1436;0.4313;0.2225;0.0044;934.25;712.36;143.33;71.524;1.3965;298.69;237.75;97.877;5.6159;3.6559;52.589;5.6317;50.629;0;1;0;0;1.402;0.9714;1;1;0.9125;0.0675;0.9973;1;1;0.9673;0.9467;0.997;0.997;1;0.997;0.997;0.9658;0.88;0.0637;2.8873;2.9247;0.0176;-0.0008;0.4523;0.0172;0.061;0.0088;0;0;0.088;0;2.1751;0;0;0;0;0;0;0;0;0;0;0;0;0.0491;0.0186;2.3009;2.3009;0;68.745;68.745;38.935;0.0419;2516.4;914.36;1;0.0378;0.0378;0;0;0;0;0;0;2.2631;2.1751;0;15.181;17.579;14.351;16.618;98.359;98.359;23.075;18.389;17.384;4.6867;1.0051;0.2031;0.0436;0.7533;61.41;0.7237;0
03/01/21 16:00;31.135;97.344;6.2818;31.344;58.656;90;58.656;247.19;231.6;15.59;29.43;4.3199;0;29.971;172.28;9.5072;0;12.098;223.85;0;223.85;29.971;9.5072;172.28;12.098;0.1339;0.8236;0;0.054;191.47;32.381;0;0;21.024;11.356;185.57;5.3278;0.0065;0.0021;5.2752;0.0441;190.9;0.5744;0.0899;0.0285;0.4538;0.0022;190.46;29.874;9.4766;145.52;0.6956;151.98;120.98;56.32;26.566;2.9777;42.833;4.886;19.245;0;1;0;0;0.9056;0.8553;1;1;0.878;0.0613;0.9721;0.9998;1;0.965;0.9403;0.997;0.997;1;0.997;0.997;0.829;0.8447;0.0575;0.6722;0.6639;0.004;0.0172;0.029;0.0043;0.0152;0.0079;0;0;0.088;0;0.475;0;0;0;0;0;0;0;0;0;0;0;0;0.0123;0.0012;0.5727;0.5727;0;37.071;37.071;7.6416;0.0412;566.17;1011.6;1;0.0097;0.0097;0;0;0;0;0;0;0.563;0.475;0;16.23;18.794;13.462;15.588;98.309;98.309;5.3725;4.5772;3.7965;0.7953;0.7807;0.148;0.1453;0.7067;147.64;0.6181;0
03/01/21 17:00;19.106;104.9;37.453;19.72;35.201;90;35.201;228.2;177.1;51.102;30.3;2.7801;0;123.94;143.12;47.489;0;4.2564;318.8;0;318.8;123.94;47.489;143.12;4.2564;0.3888;0.4623;0;0.0134;306.76;12.039;0;0;8.2042;3.8348;300.52;5.3221;0.6667;0.2554;4.3413;0.0587;305.84;0.9203;0.3718;0.1425;0.4047;0.0013;301.51;122.9;47.091;130.17;0.3617;98.357;78.292;33.089;3.761;1.2724;18.302;0.99;15.814;0;1;0;0;1.397;0.9622;1;1;0.9427;0.0991;0.9826;0.9946;1;0.9677;0.8604;0.997;0.997;1;0.997;0.997;0.9427;0.9095;0.085;0.9574;0.9467;0.0057;0.0141;0.0603;0.0061;0.0215;0.0033;0;0;0.088;0;0.7151;0;0;0;0;0;0;0;0;0;0;0;0;0.0173;0.0023;0.816;0.816;0;42.687;42.687;12.387;0.0412;813.39;1003.2;1;0.0129;0.0129;0;0;0;0;0;0;0.8031;0.7151;0;16.238;18.803;14.23;16.478;98.423;98.423;7.6512;6.5217;5.7155;1.1295;0.8062;0.1476;0.1054;0.747;98.01;0.7162;0
03/01/21 18:00;7.4965;112.63;71.554;8.1135;11.903;90;11.903;60.401;58.803;1.5975;29.27;2.0701;0;3.8745;57.667;1.2367;0;0.1325;62.91;0;62.91;3.8745;1.2367;57.667;0.1325;0.0616;0.9188;0;0.0021;62.239;0.6712;0;0;0.5606;0.1106;59.139;2.9139;0.4927;0.1573;2.259;0.0049;62.053;0.1867;0.0116;0.0037;0.1713;0.0001;59.163;3.3702;1.0757;54.676;0.0169;34.754;27.664;10.853;0.0323;0.4198;6.0388;0.0248;6.4263;0;1;0;0;1.0415;0.9893;1;1;0.9903;0.1651;0.953;0.8725;1;0.9603;0.7746;0.997;0.997;1;0.997;0.997;0.94;0.9481;0.1275;0.1889;0.1909;0.0011;0.0149;0.0048;0.0012;0.0042;0.0011;0;0;0.088;0;0.0666;0;0;0;0;0;0;0;0;0;0;0;0;0.0034;0.0002;0.1601;0.1601;0;31.723;31.723;2.4526;0.0415;161.89;988.73;1;0.0054;0.0054;0;0;0;0;0;0;0.1546;0.0666;0;16.14;18.69;6.7184;7.7797;96.605;96.605;1.5099;1.2792;0.5325;0.2306;0.7467;0.1528;0.4946;0.3527;34.743;0.329;0
03/01/21 19:00;1.0131;117.44;87.542;1.1415;1.6279;90;1.6279;0;0;0;25.5;1.73;0;0;0;0;0;0;0;0;0;0;0;0;0;1;1;1;1;0;0;0;0;0;0;0;0;0;0;0;0;0;0;0;0;0;0;0;0;0;0;0;0;0;0;0;0;0;0;0;0;0;0;0;1;1;1;1;1;1;1;1;1;1;1;1;1;1;1;1;1;1;1;0;0;0;0;0;0;0;0;0;0.0004;0.088;0;-0.0884;0;0;0;0;0;0;0;0;0;0;0;0;0;0;0;0;0;0;0;-25.5;0;0;0;0;0.0004;0;0;0;0;0;0;0;-0.0004;-0.0884;0;0;0;0;0;0;0;0;0;-0.7063;0;0.7063;1;1;0;0;0;0
03/01/21 20:00;0;0;90;0;0;90;0;0;0;0;23.45;1.14;0;0;0;0;0;0;0;0;0;0;0;0;0;1;1;1;1;0;0;0;0;0;0;0;0;0;0;0;0;0;0;0;0;0;0;0;0;0;0;0;0;0;0;0;0;0;0;0;0;0;0;0;1;1;1;1;1;1;1;1;1;1;1;1;1;1;1;1;1;1;1;0;0;0;0;0;0;0;0;0;0.0004;0.088;0;-0.0884;0;0;0;0;0;0;0;0;0;0;0;0;0;0;0;0;0;0;0;-23.45;0;0;0;0;0.0004;0;0;0;0;0;0;0;-0.0004;-0.0884;0;0;0;0;0;0;0;0;0;-0.7063;0;0.7063;1;1;0;0;0;0
03/01/21 21:00;0;0;90;0;0;90;0;0;0;0;22.21;0.5;0;0;0;0;0;0;0;0;0;0;0;0;0;1;1;1;1;0;0;0;0;0;0;0;0;0;0;0;0;0;0;0;0;0;0;0;0;0;0;0;0;0;0;0;0;0;0;0;0;0;0;0;1;1;1;1;1;1;1;1;1;1;1;1;1;1;1;1;1;1;1;0;0;0;0;0;0;0;0;0;0.0004;0.088;0;-0.0884;0;0;0;0;0;0;0;0;0;0;0;0;0;0;0;0;0;0;0;-22.21;0;0;0;0;0.0004;0;0;0;0;0;0;0;-0.0004;-0.0884;0;0;0;0;0;0;0;0;0;-0.7063;0;0.7063;1;1;0;0;0;0
03/01/21 22:00;0;0;90;0;0;90;0;0;0;0;20.4;0.61;0;0;0;0;0;0;0;0;0;0;0;0;0;1;1;1;1;0;0;0;0;0;0;0;0;0;0;0;0;0;0;0;0;0;0;0;0;0;0;0;0;0;0;0;0;0;0;0;0;0;0;0;1;1;1;1;1;1;1;1;1;1;1;1;1;1;1;1;1;1;1;0;0;0;0;0;0;0;0;0;0.0004;0.088;0;-0.0884;0;0;0;0;0;0;0;0;0;0;0;0;0;0;0;0;0;0;0;-20.4;0;0;0;0;0.0004;0;0;0;0;0;0;0;-0.0004;-0.0884;0;0;0;0;0;0;0;0;0;-0.7063;0;0.7063;1;1;0;0;0;0
03/01/21 23:00;0;0;90;0;0;90;0;0;0;0;19.86;1.2099;0;0;0;0;0;0;0;0;0;0;0;0;0;1;1;1;1;0;0;0;0;0;0;0;0;0;0;0;0;0;0;0;0;0;0;0;0;0;0;0;0;0;0;0;0;0;0;0;0;0;0;0;1;1;1;1;1;1;1;1;1;1;1;1;1;1;1;1;1;1;1;0;0;0;0;0;0;0;0;0;0.0004;0.088;0;-0.0884;0;0;0;0;0;0;0;0;0;0;0;0;0;0;0;0;0;0;0;-19.86;0;0;0;0;0.0004;0;0;0;0;0;0;0;-0.0004;-0.0884;0;0;0;0;0;0;0;0;0;-0.7063;0;0.7063;1;1;0;0;0;0
04/01/21 00:00;0;0;90;0;0;90;0;0;0;0;19.39;1.55;0;0;0;0;0;0;0;0;0;0;0;0;0;1;1;1;1;0;0;0;0;0;0;0;0;0;0;0;0;0;0;0;0;0;0;0;0;0;0;0;0;0;0;0;0;0;0;0;0;0;0;0;1;1;1;1;1;1;1;1;1;1;1;1;1;1;1;1;1;1;1;0;0;0;0;0;0;0;0;0;0.0004;0.088;0;-0.0884;0;0;0;0;0;0;0;0;0;0;0;0;0;0;0;0;0;0;0;-19.39;0;0;0;0;0.0004;0;0;0;0;0;0;0;-0.0004;-0.0884;0;0;0;0;0;0;0;0;0;-0.7063;0;0.7063;1;1;0;0;0;0
04/01/21 01:00;0;0;90;0;0;90;0;0;0;0;19.37;1.2899;0;0;0;0;0;0;0;0;0;0;0;0;0;1;1;1;1;0;0;0;0;0;0;0;0;0;0;0;0;0;0;0;0;0;0;0;0;0;0;0;0;0;0;0;0;0;0;0;0;0;0;0;1;1;1;1;1;1;1;1;1;1;1;1;1;1;1;1;1;1;1;0;0;0;0;0;0;0;0;0;0.0004;0.088;0;-0.0884;0;0;0;0;0;0;0;0;0;0;0;0;0;0;0;0;0;0;0;-19.37;0;0;0;0;0.0004;0;0;0;0;0;0;0;-0.0004;-0.0884;0;0;0;0;0;0;0;0;0;-0.7063;0;0.7063;1;1;0;0;0;0
04/01/21 02:00;0;0;90;0;0;90;0;0;0;0;18.5;1.09;0;0;0;0;0;0;0;0;0;0;0;0;0;1;1;1;1;0;0;0;0;0;0;0;0;0;0;0;0;0;0;0;0;0;0;0;0;0;0;0;0;0;0;0;0;0;0;0;0;0;0;0;1;1;1;1;1;1;1;1;1;1;1;1;1;1;1;1;1;1;1;0;0;0;0;0;0;0;0;0;0.0004;0.088;0;-0.0884;0;0;0;0;0;0;0;0;0;0;0;0;0;0;0;0;0;0;0;-18.5;0;0;0;0;0.0004;0;0;0;0;0;0;0;-0.0004;-0.0884;0;0;0;0;0;0;0;0;0;-0.7063;0;0.7063;1;1;0;0;0;0
04/01/21 03:00;0;0;90;0;0;90;0;0;0;0;18.3;1.32;0;0;0;0;0;0;0;0;0;0;0;0;0;1;1;1;1;0;0;0;0;0;0;0;0;0;0;0;0;0;0;0;0;0;0;0;0;0;0;0;0;0;0;0;0;0;0;0;0;0;0;0;1;1;1;1;1;1;1;1;1;1;1;1;1;1;1;1;1;1;1;0;0;0;0;0;0;0;0;0;0.0004;0.088;0;-0.0884;0;0;0;0;0;0;0;0;0;0;0;0;0;0;0;0;0;0;0;-18.3;0;0;0;0;0.0004;0;0;0;0;0;0;0;-0.0004;-0.0884;0;0;0;0;0;0;0;0;0;-0.7063;0;0.7063;1;1;0;0;0;0
04/01/21 04:00;0.5416;-117.68;88.686;0.6116;0.8718;-90;-0.8718;0;0;0;18.5;1.7501;0;0;0;0;0;0;0;0;0;0;0;0;0;1;1;1;1;0;0;0;0;0;0;0;0;0;0;0;0;0;0;0;0;0;0;0;0;0;0;0;0;0;0;0;0;0;0;0;0;0;0;0;1;1;1;1;1;1;1;1;1;1;1;1;1;1;1;1;1;1;1;0;0;0;0;0;0;0;0;0;0.0004;0.088;0;-0.0884;0;0;0;0;0;0;0;0;0;0;0;0;0;0;0;0;0;0;0;-18.5;0;0;0;0;0.0004;0;0;0;0;0;0;0;-0.0004;-0.0884;0;0;0;0;0;0;0;0;0;-0.7063;0;0.7063;1;1;0;0;0;0
04/01/21 05:00;6.6365;-113.11;73.722;7.2096;10.511;-90;-10.511;32.095;31.098;0.9976;19.37;3.0399;0;2.4196;30.648;0.4611;0;0.0549;33.584;0;33.584;2.4196;0.4611;30.648;0.0549;0.072;0.9142;0;0.0016;33.297;0.287;0;0;0.2412;0.0458;31.502;1.6947;0.3891;0.0741;1.2295;0.002;33.197;0.0999;0.0073;0.0014;0.0912;0;31.512;2.0232;0.3856;29.086;0.0071;18.401;14.647;5.736;0.0108;0.2225;3.2011;0.0094;3.4129;0;1;0;0;1.0464;0.9915;1;1;0.9921;0.1664;0.9489;0.8387;1;0.9594;0.7752;0.997;0.997;1;0.997;0.997;0.938;0.949;0.1286;0.1009;0.1017;0.0006;0.0113;-0.0016;0.0006;0.0023;0.0006;0;0;0.088;0;-0.0061;0;0;0;0;0;0;0;0;0;0;0;0;0.0018;0.0001;0.086;0.086;0;20.674;20.674;1.3044;0.0414;85.268;1008.1;1;0.0041;0.0041;0;0;0;0;0;0;0.0819;-0.0061;0;16.236;18.801;-1.157;-1.3398;95.251;95.251;0.806;0.687;-0.049;0.119;0.7359;0.1477;0.913;0;18.395;0;0
04/01/21 06:00;18.215;-105.34;40.704;18.84;32.714;-90;-32.714;191.79;125.9;65.889;22.36;2.7701;0;159.8;98.611;45.584;0;3.1031;307.1;0;307.1;159.8;45.584;98.611;3.1031;0.5204;0.3312;0;0.0101;299.31;7.7848;0;0;5.0287;2.7562;293.85;4.5684;1.1625;0.3316;3.0196;0.0546;298.42;0.8979;0.4794;0.1368;0.2807;0.001;294.41;158.16;45.116;90.282;0.2912;66.681;53.078;22.228;2.0146;0.8411;12.099;0.5643;10.926;0;1;0;0;1.6012;0.9747;1;1;0.949;0.1118;0.9847;0.9927;1;0.9676;0.842;0.997;0.997;1;0.997;0.997;0.9569;0.9155;0.0939;0.9222;0.9122;0.0055;0.0146;0.0307;0.006;0.0214;0.0023;0;0;0.088;0;0.7111;0;0;0;0;0;0;0;0;0;0;0;0;0.0172;0.0022;0.8124;0.8124;0;34.389;34.389;12.028;0.0409;782.62;1038;1;0.0133;0.0133;0;0;0;0;0;0;0.7991;0.7111;0;16.781;19.432;14.69;17.01;98.369;98.369;7.3704;6.4926;5.6834;0.8777;0.8092;0.1191;0.1098;0.7711;66.266;0.749;0
04/01/21 07:00;30.224;-97.779;6.7167;30.455;59.545;-90;-59.545;125.39;123.2;2.1918;22.74;2.9;0;4.3242;92.537;0.7495;0;6.3072;103.92;0;103.92;4.3242;0.7495;92.537;6.3072;0.0416;0.9512;0;0.0607;86.497;17.422;0;0;11.518;5.904;83.365;2.8719;0.001;0.0002;2.8453;0.0255;86.237;0.2595;0.013;0.0022;0.2431;0.0012;86.016;4.3103;0.7471;77.931;0.3765;80.64;64.189;30.208;15.056;1.6212;23.321;2.6512;9.8858;0;1;0;0;0.8287;0.8324;1;1;0.8755;0.0639;0.9667;0.9998;1;0.9648;0.9366;0.997;0.997;1;0.997;0.997;0.8022;0.8422;0.0597;0.3121;0.3082;0.0019;0.0172;0.0013;0.002;0.0071;0.0044;0;0;0.088;0;0.1736;0;0;0;0;0;0;0;0;0;0;0;0;0.0058;0.0004;0.2682;0.2682;0;26.168;26.168;3.4276;0.0411;261.16;1027.1;1;0.0066;0.0066;0;0;0;0;0;0;0.2616;0.1736;0;16.375;18.962;10.599;12.273;97.533;97.533;2.494;2.1438;1.3876;0.3502;0.7562;0.1404;0.3032;0.5564;80.15;0.4763;0
04/01/21 08:00;42.455;-89.706;0.2172;42.455;47.545;-90;-47.545;56.709;56.402;0.3069;21.08;3.77;0;0.4547;47.222;0.0269;0;1.8798;49.583;0;49.583;0.4547;0.0269;47.222;1.8798;0.0092;0.9903;0;0.0379;43.59;5.9929;0;0;4.2418;1.7511;42.046;1.4135;0;0;1.4073;0.0062;43.46;0.1308;0.0014;0.0001;0.1289;0.0004;42.774;0.4534;0.0268;41.444;0.1221;36.122;28.753;12.8;3.4876;0.5621;8.0855;0.7283;5.16;0;1;0;0;0.8743;0.8791;1;1;0.9102;0.0685;0.9675;1;1;0.9672;0.9515;0.997;0.997;1;0.997;0.997;0.848;0.8776;0.0649;0.1489;0.1459;0.0009;0.0134;-0.0012;0.0009;0.0033;0.0015;0;0;0.088;0;0.0313;0;0;0;0;0;0;0;0;0;0;0;0;0.0027;0.0001;0.1243;0.1243;0;22.817;22.817;1.7376;0.0413;122.86;1012.1;1;0.0051;0.0051;0;0;0;0;0;0;0.1193;0.0313;0;15.909;18.422;4.0015;4.6336;95.923;95.923;1.19;0.9938;0.25;0.1962;0.7438;0.1649;0.6251;0.2101;35.994;0.1872;0
04/01/21 09:00;54.66;-79.762;5.9008;55.093;34.907;-90;-34.907;47.196;47.003;0.1927;18.58;3.86;0;0.235;42.767;0.0096;0;0.8661;43.878;0;43.878;0.235;0.0096;42.767;0.8661;0.0054;0.9944;0;0.0197;40.685;3.1928;0;0;2.4155;0.7773;39.252;1.3112;0;0;1.2987;0.0124;40.563;0.1221;0.0007;0;0.1211;0.0003;39.541;0.2343;0.0096;38.932;0.0761;29.321;23.339;9.8513;1.0919;0.3782;5.4407;0.2895;4.727;0;1;0;0;0.9297;0.9272;1;1;0.9435;0.1025;0.9677;0.9998;1;0.9677;0.8596;0.997;0.997;1;0.997;0.997;0.8946;0.9103;0.0879;0.1318;0.1306;0.0008;0.0127;-0.0023;0.0008;0.003;0.001;0;0;0.088;0;0.0193;0;0;0;0;0;0;0;0;0;0;0;0;0.0024;0.0001;0.1121;0.1121;0;20.2;20.2;1.6199;0.0413;109.89;1020;1;0.0048;0.0048;0;0;0;0;0;0;0.1073;0.0193;0;16.205;18.765;2.7845;3.2244;95.695;95.695;1.0531;0.8958;0.1539;0.1573;0.7419;0.1494;0.7045;0.1462;29.221;0.1338;0
04/01/21 10:00;66.346;-64.403;9.9821;68.445;21.555;-90;-21.555;42.292;42.2;0.0925;17.88;3.31;0;0.0994;40.721;0.0032;0;0.3017;41.126;0;41.126;0.0994;0.0032;40.721;0.3017;0.0024;0.9975;0;0.0073;39.805;1.3203;0;0;1.0658;0.2544;38.328;1.3578;0;0;1.3475;0.0102;39.686;0.1194;0.0003;0;0.119;0.0001;38.408;0.0991;0.0032;38.189;0.037;25.552;20.339;8.1522;0.1913;0.3083;4.4352;0.0799;4.5522;0;1;0;0;0.9724;0.9679;1;1;0.9738;0.1567;0.9658;0.9997;1;0.9659;0.7842;0.997;0.997;1;0.997;0.997;0.932;0.9378;0.1225;0.1235;0.125;0.0008;0.0125;-0.0026;0.0008;0.0028;0.0008;0;0;0.088;0;0.0148;0;0;0;0;0;0;0;0;0;0;0;0;0.0023;0.0001;0.1075;0.1075;0;19.461;19.461;1.5812;0.0413;105.21;1022;1;0.0047;0.0047;0;0;0;0;0;0;0.1028;0.0148;0;16.585;19.205;2.2827;2.6433;95.607;95.607;0.987;0.8593;0.1183;0.1277;0.741;0.1294;0.7508;0.1198;25.499;0.1109;0
04/01/21 11:00;75.678;-31.649;12.157;82.37;7.6301;-90;-7.6301;86.695;86.203;0.4918;17.3;3.1001;0;0.4962;85.79;0.0313;0;0.0783;86.396;0;86.396;0.4962;0.0313;85.79;0.0783;0.0057;0.9939;0;0.0009;85.934;0.4623;0;0;0.397;0.0653;82.075;3.601;0.0002;0;3.5978;0.0029;85.676;0.2578;0.0015;0.0001;0.2562;0;82.085;0.4945;0.0312;81.539;0.01;51.468;40.969;16.051;0.0083;0.6206;8.9269;0.0103;9.5393;0;1;0;0;0.9966;0.9946;1;1;0.9954;0.1655;0.958;0.9996;1;0.9577;0.7757;0.997;0.997;1;0.997;0.997;0.95;0.9504;0.128;0.2594;0.2661;0.0016;0.0166;-0.0042;0.0018;0.0063;0.0017;0;0;0.088;0;0.1425;0;0;0;0;0;0;0;0;0;0;0;0;0.005;0.0003;0.2371;0.2371;0;20.659;20.659;3.3591;0.0409;226.02;1048.9;1;0.0066;0.0066;0;0;0;0;0;0;0.2305;0.1425;0;17.407;20.157;10.46;12.112;97.211;97.211;2.0735;1.8946;1.1385;0.1789;0.7561;0.0863;0.3647;0.5491;51.162;0.5096;0
04/01/21 12:00;76.152;27.653;12.24;83.473;6.5266;90;6.5266;463.69;425.6;38.095;18.27;2.4601;0;38.343;412.43;11.903;0;0.3065;462.98;0;462.98;38.343;11.903;412.43;0.3065;0.0828;0.8915;0;0.0007;461.24;1.7423;0;0;1.4861;0.2562;442.27;17.592;0.0162;0.005;17.56;0.0113;459.86;1.3837;0.115;0.0357;1.2328;0.0002;442.3;38.212;11.862;392.15;0.0389;274.78;218.73;85.804;0.0192;3.3043;47.532;0.0339;50.817;0;1;0;0;0.9985;0.9962;1;1;0.9964;0.1642;0.9617;0.9996;1;0.9571;0.7757;0.997;0.997;1;0.997;0.997;0.9553;0.9508;0.127;1.3903;1.4324;0.0086;0.0073;0.0575;0.0095;0.0337;0.009;0;0;0.088;0;1.1666;0;0;0;0;0;0;0;0;0;0;0;0;0.0272;0.0049;1.2747;1.2747;0;36.357;36.357;18.088;0.0409;1228.5;1037.6;1;0.0201;0.0201;0;0;0;0;0;0;1.2546;1.1666;0;17.465;20.225;15.984;18.509;98.422;98.422;11.112;10.187;9.3232;0.9243;0.8641;0.0832;0.0778;0.8391;245.48;0.7792;0
04/01/21 13:00;67.205;62.734;10.224;69.516;20.484;90;20.484;696.8;419.3;277.5;19.81;1.71;0;296.23;319.48;95.42;0;4.4941;715.63;0;715.63;296.23;95.42;319.48;4.4941;0.4139;0.4527;0;0.0063;704.12;11.505;0;0;7.721;3.7837;691.03;10.978;0.1043;0.0336;10.684;0.1559;702.01;2.1124;0.8887;0.2863;0.9353;0.0021;692.16;295.24;95.1;300.14;0.5523;405.16;322.5;131.59;1.2456;4.6212;66.475;1.128;69.85;0;1;0;0;1.027;0.9839;1;1;0.9758;0.1581;0.9844;0.9996;1;0.9656;0.7799;0.997;0.997;1;0.997;0.997;0.9656;0.9395;0.1229;2.149;2.2249;0.0134;-0.0012;0.1821;0.0142;0.0504;0.0121;0;0;0.088;0;1.7833;0;0;0;0;0;0;0;0;0;0;0;0;0.0406;0.011;1.9022;1.9022;0;48.304;48.304;28.494;0.0412;1910.7;995.52;1;0.0309;0.0309;0;0;0;0;0;0;1.8713;1.7833;0;16.862;19.525;15.808;18.305;98.378;98.378;17.175;15.202;14.252;1.973;0.9499;0.1149;0.0553;0.8298;198.96;0.7759;0
04/01/21 14:00;55.602;78.832;6.2819;56.111;33.889;90;33.889;659.2;363.6;295.59;22;1.7;0;356.08;248.31;111.13;0;11.422;726.94;0;726.94;356.08;111.13;248.31;11.422;0.4898;0.3573;0;0.0157;703.3;23.638;0;0;13.41;10.228;693.34;7.8467;0.077;0.024;7.5664;0.1792;701.19;2.1099;1.0683;0.3334;0.7047;0.0036;696.75;354.94;110.77;226.62;1.0112;364.48;290.13;122.14;5.7282;4.2122;60.592;3.4019;59.076;0;1;0;0;1.1028;0.9675;1;1;0.946;0.1045;0.9888;0.9998;1;0.9677;0.8495;0.997;0.997;1;0.997;0.997;0.9538;0.9127;0.0885;2.183;2.2263;0.0134;-0.0012;0.2009;0.0141;0.05;0.011;0;0;0.088;0;1.7685;0;0;0;0;0;0;0;0;0;0;0;0;0.0402;0.0111;1.8868;1.8868;0;50.645;50.645;28.645;0.0413;1913.5;986.04;1;0.0304;0.0304;0;0;0;0;0;0;1.8565;1.7685;0;16.466;19.067;15.433;17.871;98.39;98.39;17.447;15.08;14.134;2.3669;0.9461;0.1357;0.0542;0.8101;168.34;0.7625;0
04/01/21 15:00;43.413;89.021;0.711;43.418;46.582;90;46.582;569.61;299.9;269.71;23.86;2.1501;0;392.41;182.69;121.27;0;18.167;714.54;0;714.54;392.41;121.27;182.69;18.167;0.5492;0.2811;0;0.0254;681.64;32.899;0;0;15.959;16.939;674.08;5.5207;0.0096;0.003;5.4426;0.0655;679.6;2.0449;1.1772;0.3638;0.5002;0.0037;679.4;391.22;120.91;160.79;1.1587;280.27;223.1;94.355;12.574;3.7421;53.829;5.3226;44.997;0;1;0;0;1.2544;0.954;1;1;0.9126;0.0676;0.9919;1;1;0.9673;0.9465;0.997;0.997;1;0.997;0.997;0.9434;0.8801;0.0638;2.1458;2.1598;0.013;-0.0008;0.2035;0.0136;0.0483;0.0097;0;0;0.088;0;1.7061;0;0;0;0;0;0;0;0;0;0;0;0;0.0389;0.0105;1.8232;1.8232;0;51.736;51.736;27.877;0.0414;1857;981.76;1;0.0291;0.0291;0;0;0;0;0;0;1.7941;1.7061;0;16.186;18.743;15.146;17.539;98.405;98.405;17.149;14.571;13.635;2.5783;0.9357;0.1503;0.0546;0.7951;137.98;0.7526;0
04/01/21 16:00;31.175;97.179;6.1379;31.375;58.625;90;58.625;477.31;200.4;276.9;24.55;2.3701;0;531.86;94.647;145.82;0;23.338;795.66;0;795.66;531.86;145.82;94.647;23.338;0.6684;0.1483;0;0.0293;762.21;33.448;0;0;11.542;21.907;756.8;3.1258;0.1124;0.0308;2.8977;0.0849;759.93;2.2866;1.5956;0.4375;0.2493;0.0043;762.05;530.15;145.35;79.958;1.3418;155.86;124.06;53.645;14.571;2.4972;35.921;5.2481;23.847;0;1;0;0;1.667;0.958;1;1;0.8781;0.0613;0.9959;0.9998;1;0.965;0.9405;0.997;0.997;1;0.997;0.997;0.9512;0.8448;0.0575;2.3894;2.3709;0.0143;-0.0019;0.2588;0.0147;0.0521;0.0064;0;0;0.088;0;1.8525;0;0;0;0;0;0;0;0;0;0;0;0;0.042;0.0125;1.9721;1.9721;0;55.95;55.95;31.4;0.0415;2042.5;965.52;1;0.0316;0.0316;0;0;0;0;0;0;1.9405;1.8525;0;15.723;18.207;14.77;17.103;98.398;98.398;19.096;15.761;14.805;3.3349;0.9558;0.1746;0.0501;0.7753;81.084;0.75;0
04/01/21 17:00;19.14;104.74;37.325;19.743;35.267;90;35.267;404.19;67.497;336.69;24.81;1.9801;0;816.58;16.721;119.05;0;7.5664;959.91;0;959.91;816.58;119.05;16.721;7.5664;0.8507;0.0253;0;0.0079;952.13;7.7803;0;0;0.9614;6.8189;943.7;5.5733;4.3312;0.6314;0.5071;0.1036;949.28;2.8564;2.4497;0.3571;0.0473;0.0022;943.82;809.8;118.06;15.205;0.6416;13.347;10.624;4.7887;0.444;0.1489;2.1425;0.1162;1.8474;0;1;0;0;2.3749;0.9919;1;1;0.9425;0.0988;0.9941;0.9947;1;0.9677;0.861;0.997;0.997;1;0.997;0.997;0.9831;0.9094;0.0848;2.8826;2.8472;0.0171;-0.0013;0.394;0.0171;0.0605;0.0004;0;0;0.088;0;2.1669;0;0;0;0;0;0;0;0;0;0;0;0;0.0487;0.0177;2.2929;2.2929;0;64.229;64.229;39.419;0.0418;2454.4;934.24;1;0.038;0.038;0;0;0;0;0;0;2.2549;2.1669;0;15.153;17.547;14.32;16.582;98.341;98.341;23.038;18.325;17.318;4.7127;1.0073;0.2046;0.0437;0.7517;11.457;0.7505;0
04/01/21 18:00;7.5204;112.48;71.493;8.1309;11.93;90;11.93;88.804;78.599;10.205;24.44;1.2701;0;24.75;73.457;10.526;0;0.1956;108.93;0;108.93;24.75;10.526;73.457;0.1956;0.2272;0.6762;0;0.0018;108.05;0.8802;0;0;0.7169;0.1633;100.38;7.3405;3.127;1.33;2.8762;0.0073;107.72;0.3241;0.0742;0.0316;0.2182;0.0001;100.42;21.549;9.1649;69.646;0.0249;44.331;35.288;13.855;0.0415;0.5348;7.6928;0.0317;8.1861;0;1;0;0;1.2266;0.9919;1;1;0.9902;0.1651;0.9319;0.8733;1;0.9603;0.7746;0.997;0.997;1;0.997;0.997;0.9216;0.9481;0.1275;0.3271;0.3187;0.0019;0.0173;0.0042;0.0021;0.0073;0.0014;0;0;0.088;0;0.1835;0;0;0;0;0;0;0;0;0;0;0;0;0.0059;0.0004;0.2782;0.2782;0;28.568;28.568;4.1278;0.0411;271.58;1024.2;1;0.0067;0.0067;0;0;0;0;0;0;0.2715;0.1835;0;16.199;18.758;10.686;12.374;97.606;97.606;2.6143;2.223;1.4665;0.3913;0.7565;0.1497;0.2894;0.5609;44.26;0.5328;0
04/01/21 19:00;1.0294;117.3;87.503;1.1583;1.6519;90;1.6519;0;0;0;22.51;0.4601;0;0;0;0;0;0;0;0;0;0;0;0;0;1;1;1;1;0;0;0;0;0;0;0;0;0;0;0;0;0;0;0;0;0;0;0;0;0;0;0;0;0;0;0;0;0;0;0;0;0;0;0;1;1;1;1;1;1;1;1;1;1;1;1;1;1;1;1;1;1;1;0;0;0;0;0;0;0;0;0;0.0004;0.088;0;-0.0884;0;0;0;0;0;0;0;0;0;0;0;0;0;0;0;0;0;0;0;-22.51;0;0;0;0;0.0004;0;0;0;0;0;0;0;-0.0004;-0.0884;0;0;0;0;0;0;0;0;0;-0.7063;0;0.7063;1;1;0;0;0;0
04/01/21 20:00;0;0;90;0;0;90;0;0;0;0;21.3;1.07;0;0;0;0;0;0;0;0;0;0;0;0;0;1;1;1;1;0;0;0;0;0;0;0;0;0;0;0;0;0;0;0;0;0;0;0;0;0;0;0;0;0;0;0;0;0;0;0;0;0;0;0;1;1;1;1;1;1;1;1;1;1;1;1;1;1;1;1;1;1;1;0;0;0;0;0;0;0;0;0;0.0004;0.088;0;-0.0884;0;0;0;0;0;0;0;0;0;0;0;0;0;0;0;0;0;0;0;-21.3;0;0;0;0;0.0004;0;0;0;0;0;0;0;-0.0004;-0.0884;0;0;0;0;0;0;0;0;0;-0.7063;0;0.7063;1;1;0;0;0;0
04/01/21 21:00;0;0;90;0;0;90;0;0;0;0;21.1;1.5801;0;0;0;0;0;0;0;0;0;0;0;0;0;1;1;1;1;0;0;0;0;0;0;0;0;0;0;0;0;0;0;0;0;0;0;0;0;0;0;0;0;0;0;0;0;0;0;0;0;0;0;0;1;1;1;1;1;1;1;1;1;1;1;1;1;1;1;1;1;1;1;0;0;0;0;0;0;0;0;0;0.0004;0.088;0;-0.0884;0;0;0;0;0;0;0;0;0;0;0;0;0;0;0;0;0;0;0;-21.1;0;0;0;0;0.0004;0;0;0;0;0;0;0;-0.0004;-0.0884;0;0;0;0;0;0;0;0;0;-0.7063;0;0.7063;1;1;0;0;0;0
04/01/21 22:00;0;0;90;0;0;90;0;0;0;0;20.7;1.7401;0;0;0;0;0;0;0;0;0;0;0;0;0;1;1;1;1;0;0;0;0;0;0;0;0;0;0;0;0;0;0;0;0;0;0;0;0;0;0;0;0;0;0;0;0;0;0;0;0;0;0;0;1;1;1;1;1;1;1;1;1;1;1;1;1;1;1;1;1;1;1;0;0;0;0;0;0;0;0;0;0.0004;0.088;0;-0.0884;0;0;0;0;0;0;0;0;0;0;0;0;0;0;0;0;0;0;0;-20.7;0;0;0;0;0.0004;0;0;0;0;0;0;0;-0.0004;-0.0884;0;0;0;0;0;0;0;0;0;-0.7063;0;0.7063;1;1;0;0;0;0
04/01/21 23:00;0;0;90;0;0;90;0;0;0;0;20.88;1.62;0;0;0;0;0;0;0;0;0;0;0;0;0;1;1;1;1;0;0;0;0;0;0;0;0;0;0;0;0;0;0;0;0;0;0;0;0;0;0;0;0;0;0;0;0;0;0;0;0;0;0;0;1;1;1;1;1;1;1;1;1;1;1;1;1;1;1;1;1;1;1;0;0;0;0;0;0;0;0;0;0.0004;0.088;0;-0.0884;0;0;0;0;0;0;0;0;0;0;0;0;0;0;0;0;0;0;0;-20.88;0;0;0;0;0.0004;0;0;0;0;0;0;0;-0.0004;-0.0884;0;0;0;0;0;0;0;0;0;-0.7063;0;0.7063;1;1;0;0;0;0
05/01/21 00:00;0;0;90;0;0;90;0;0;0;0;19.84;1.4;0;0;0;0;0;0;0;0;0;0;0;0;0;1;1;1;1;0;0;0;0;0;0;0;0;0;0;0;0;0;0;0;0;0;0;0;0;0;0;0;0;0;0;0;0;0;0;0;0;0;0;0;1;1;1;1;1;1;1;1;1;1;1;1;1;1;1;1;1;1;1;0;0;0;0;0;0;0;0;0;0.0004;0.088;0;-0.0884;0;0;0;0;0;0;0;0;0;0;0;0;0;0;0;0;0;0;0;-19.84;0;0;0;0;0.0004;0;0;0;0;0;0;0;-0.0004;-0.0884;0;0;0;0;0;0;0;0;0;-0.7063;0;0.7063;1;1;0;0;0;0
05/01/21 01:00;0;0;90;0;0;90;0;0;0;0;18.7;1.14;0;0;0;0;0;0;0;0;0;0;0;0;0;1;1;1;1;0;0;0;0;0;0;0;0;0;0;0;0;0;0;0;0;0;0;0;0;0;0;0;0;0;0;0;0;0;0;0;0;0;0;0;1;1;1;1;1;1;1;1;1;1;1;1;1;1;1;1;1;1;1;0;0;0;0;0;0;0;0;0;0.0004;0.088;0;-0.0884;0;0;0;0;0;0;0;0;0;0;0;0;0;0;0;0;0;0;0;-18.7;0;0;0;0;0.0004;0;0;0;0;0;0;0;-0.0004;-0.0884;0;0;0;0;0;0;0;0;0;-0.7063;0;0.7063;1;1;0;0;0;0
05/01/21 02:00;0;0;90;0;0;90;0;0;0;0;17.4;0.9401;0;0;0;0;0;0;0;0;0;0;0;0;0;1;1;1;1;0;0;0;0;0;0;0;0;0;0;0;0;0;0;0;0;0;0;0;0;0;0;0;0;0;0;0;0;0;0;0;0;0;0;0;1;1;1;1;1;1;1;1;1;1;1;1;1;1;1;1;1;1;1;0;0;0;0;0;0;0;0;0;0.0004;0.088;0;-0.0884;0;0;0;0;0;0;0;0;0;0;0;0;0;0;0;0;0;0;0;-17.4;0;0;0;0;0.0004;0;0;0;0;0;0;0;-0.0004;-0.0884;0;0;0;0;0;0;0;0;0;-0.7063;0;0.7063;1;1;0;0;0;0
05/01/21 03:00;0;0;90;0;0;90;0;0;0;0;17.88;0.8701;0;0;0;0;0;0;0;0;0;0;0;0;0;1;1;1;1;0;0;0;0;0;0;0;0;0;0;0;0;0;0;0;0;0;0;0;0;0;0;0;0;0;0;0;0;0;0;0;0;0;0;0;1;1;1;1;1;1;1;1;1;1;1;1;1;1;1;1;1;1;1;0;0;0;0;0;0;0;0;0;0.0004;0.088;0;-0.0884;0;0;0;0;0;0;0;0;0;0;0;0;0;0;0;0;0;0;0;-17.88;0;0;0;0;0.0004;0;0;0;0;0;0;0;-0.0004;-0.0884;0;0;0;0;0;0;0;0;0;-0.7063;0;0.7063;1;1;0;0;0;0
05/01/21 04:00;0.5731;-117.51;88.61;0.6462;0.9212;-90;-0.9212;0;0;0;16.34;1.08;0;0;0;0;0;0;0;0;0;0;0;0;0;1;1;1;1;0;0;0;0;0;0;0;0;0;0;0;0;0;0;0;0;0;0;0;0;0;0;0;0;0;0;0;0;0;0;0;0;0;0;0;1;1;1;1;1;1;1;1;1;1;1;1;1;1;1;1;1;1;1;0;0;0;0;0;0;0;0;0;0.0004;0.088;0;-0.0884;0;0;0;0;0;0;0;0;0;0;0;0;0;0;0;0;0;0;0;-16.34;0;0;0;0;0.0004;0;0;0;0;0;0;0;-0.0004;-0.0884;0;0;0;0;0;0;0;0;0;-0.7063;0;0.7063;1;1;0;0;0;0
05/01/21 05:00;6.4883;-113.07;74.094;7.0471;10.263;-90;-10.263;51.2;40.703;10.497;15.86;1.54;0;25.457;37.721;6.4945;0;0.0836;69.757;0;69.757;25.457;6.4945;37.721;0.0836;0.3649;0.542;0;0.0012;69.402;0.3549;0;0;0.2852;0.0697;62.319;6.8748;4.2644;1.0879;1.5194;0.0031;69.194;0.2082;0.0764;0.0195;0.1123;0;62.33;21.117;5.3871;35.805;0.0107;22.691;18.062;7.0818;0.0121;0.2738;3.9383;0.0109;4.2;0;1;0;0;1.3624;0.9949;1;1;0.9924;0.1663;0.9006;0.832;1;0.9593;0.7752;0.997;0.997;1;0.997;0.997;0.8934;0.9492;0.1286;0.2095;0.196;0.0012;0.015;-0.0048;0.0013;0.0046;0.0007;0;0;0.088;0;0.0799;0;0;0;0;0;0;0;0;0;0;0;0;0.0037;0.0002;0.1741;0.1741;0;18.413;18.413;2.5534;0.041;166.23;1047.3;1;0.0061;0.0061;0;0;0;0;0;0;0.1679;0.0799;0;15.832;18.333;7.2704;8.419;96.47;96.47;1.6742;1.3914;0.6389;0.2828;0.7524;0.1689;0.4494;0.3817;22.626;0.3662;0
05/01/21 06:00;18.069;-105.29;41.216;18.687;32.304;-90;-32.304;278.99;54.799;224.19;18.77;2.4799;0;543.73;24.675;68.038;0;4.4045;640.85;0;640.85;543.73;68.038;24.675;4.4045;0.8485;0.0454;0;0.0069;635.71;5.1379;0;0;1.2335;3.9044;628.34;5.4702;4.1177;0.5152;0.7569;0.0803;633.81;1.9071;1.6312;0.2041;0.0703;0.0015;628.51;537.99;67.318;22.615;0.4183;17.768;14.143;5.4768;0.4836;0.2497;3.5912;0.1735;3.3573;0;1;0;0;2.297;0.992;1;1;0.95;0.1135;0.9914;0.9924;1;0.9676;0.839;0.997;0.997;1;0.997;0.997;0.9805;0.9165;0.095;1.9245;1.9006;0.0114;0.0014;0.1311;0.0123;0.0436;0.0007;0;0;0.088;0;1.5422;0;0;0;0;0;0;0;0;0;0;0;0;0.0351;0.0082;1.6567;1.6567;0;44.606;44.606;25.836;0.0411;1635.9;1012.7;1;0.0265;0.0265;0;0;0;0;0;0;1.6302;1.5422;0;16.399;18.99;15.266;17.677;98.401;98.401;15.38;13.24;12.325;2.1404;0.915;0.1392;0.0595;0.8013;16.532;0.798;0
05/01/21 07:00;30.081;-97.722;6.6764;30.308;59.692;-90;-59.692;491;88.904;402.1;21.31;3.78;0;796.79;28.882;100.09;0;24.808;950.57;0;950.57;796.79;100.09;28.882;24.808;0.8382;0.0565;0;0.0261;923.75;26.828;0;0;3.6078;23.22;919.78;1.1967;0.1832;0.023;0.8887;0.1018;920.97;2.7712;2.3904;0.3003;0.0758;0.0048;923.69;794.22;99.771;24.31;1.4814;109.68;87.305;37.09;4.7467;1.4423;20.747;3.9137;17.442;0;1;0;0;1.936;0.9718;1;1;0.8751;0.064;0.9987;0.9998;1;0.9647;0.9357;0.997;0.997;1;0.997;0.997;0.9676;0.8417;0.0597;2.8546;2.8258;0.017;-0.0014;0.3438;0.0173;0.0612;0.0036;0;0;0.088;0;2.1905;0;0;0;0;0;0;0;0;0;0;0;0;0.0493;0.0175;2.3176;2.3176;0;59.581;59.581;38.272;0.0416;2434.9;951.8;1;0.039;0.039;0;0;0;0;0;0;2.2785;2.1905;0;15.466;17.909;14.618;16.928;98.316;98.316;22.814;18.522;17.507;4.2919;1.0153;0.1881;0.0445;0.7674;25.059;0.755;0
05/01/21 08:00;42.312;-89.634;0.2703;42.313;47.687;-90;-47.687;714.01;117.5;596.51;23.5;4.64;0;886.11;36.608;109.54;0;23.802;1056.1;0;1056.1;886.11;109.54;36.608;23.802;0.8391;0.0572;0;0.0225;1030.6;25.48;0;0;3.3027;22.177;1026.3;1.1781;0.0082;0.001;1.091;0.0778;1027.5;3.0917;2.6583;0.3286;0.0999;0.0049;1032.2;883.44;109.21;32.114;1.5423;289.68;230.58;92.188;2.7374;3.5475;51.029;5.8679;51.839;0;1;0;0;1.4791;0.9759;1;1;0.9098;0.0683;0.9989;1;1;0.9671;0.952;0.997;0.997;1;0.997;0.997;0.9718;0.8772;0.0648;3.1713;3.2164;0.0194;0.0026;0.4693;0.0191;0.0677;0.0086;0;0;0.088;0;2.421;0;0;0;0;0;0;0;0;0;0;0;0;0.0545;0.0223;2.553;2.553;0;66.453;66.453;42.953;0.0419;2768;922.31;1;0.044;0.044;0;0;0;0;0;0;2.509;2.421;0;15.335;17.758;14.543;16.84;98.277;98.277;25.345;20.403;19.348;4.9422;1.0547;0.195;0.0416;0.7634;27.942;0.7367;0
05/01/21 09:00;54.516;-79.679;5.9696;54.957;35.043;-90;-35.043;804.01;170.4;633.6;24.07;4.8;0;773.89;69.562;114.7;0;14.866;973.02;0;973.02;773.89;114.7;69.562;14.866;0.7953;0.0868;0;0.0153;955.72;17.303;0;0;3.9529;13.35;950.35;2.5046;0.1591;0.0236;2.1114;0.2105;952.85;2.8672;2.3217;0.3441;0.1968;0.0045;954.59;771.41;114.33;63.301;1.3011;410.5;326.76;136.62;1.8033;4.5034;64.78;4.2452;67.48;0;1;0;0;1.2102;0.9822;1;1;0.9432;0.102;0.9974;0.9998;1;0.9677;0.8607;0.997;0.997;1;0.997;0.997;0.9767;0.91;0.0875;2.922;3.0117;0.0181;0;0.4109;0.0181;0.0641;0.0111;0;0;0.088;0;2.2891;0;0;0;0;0;0;0;0;0;0;0;0;0.0516;0.0196;2.4181;2.4181;0;63.751;63.751;39.681;0.0418;2588.8;934.05;1;0.041;0.041;0;0;0;0;0;0;2.3771;2.2891;0;15.765;18.255;14.924;17.281;98.303;98.303;23.353;19.325;18.294;4.0271;1.0313;0.1724;0.0442;0.7834;47.578;0.7462;0
05/01/21 10:00;66.197;-64.332;10.068;68.318;21.682;-90;-21.682;1081.5;178.4;903.1;25.91;4.65;0;971.86;51.785;134.21;0;7.8048;1165.7;0;1165.7;971.86;134.21;51.785;7.8048;0.8337;0.0511;0;0.0067;1157.7;7.9533;0;0;1.3683;6.5851;1151.9;2.357;0.337;0.0465;1.7116;0.2619;1154.2;3.4731;2.9156;0.4026;0.1513;0.0037;1153.8;968.6;133.76;48.554;0.9541;606.44;482.73;199.75;0.2504;6.6315;95.391;1.95;101.77;0;1;0;0;1.0778;0.9932;1;1;0.9736;0.1563;0.998;0.9997;1;0.9659;0.7846;0.997;0.997;1;0.997;0.997;0.9882;0.9376;0.1223;3.5005;3.6763;0.0221;0.012;0.6406;0.021;0.0745;0.0156;0;0;0.088;0;2.6647;0;0;0;0;0;0;0;0;0;0;0;0;0.06;0.0288;2.8017;2.8017;0;74.451;74.451;48.541;0.0421;3141.9;890.83;1;0.049;0.049;0;0;0;0;0;0;2.7527;2.6647;0;15.247;17.656;14.502;16.793;98.252;98.252;27.976;22.391;21.296;5.5847;1.0947;0.1996;0.0391;0.7612;32.448;0.7173;0
05/01/21 11:00;75.531;-31.8;12.26;82.257;7.7435;-90;-7.7435;792.5;376.9;415.6;26.17;4.6299;0;419.42;261.13;115.63;0;0.7371;796.92;0;796.92;419.42;115.63;261.13;0.7371;0.5263;0.3286;0;0.0009;795.07;1.853;0;0;1.2379;0.6151;781.49;11.187;0.1771;0.0488;10.933;0.0273;792.68;2.3852;1.2583;0.3469;0.7797;0.0004;781.61;417.99;115.23;248.18;0.0944;466.4;371.26;151.74;0.0269;5.2115;74.965;0.1123;80.15;0;1;0;0;1.0056;0.9977;1;1;0.9953;0.1656;0.9859;0.9996;1;0.9578;0.7757;0.997;0.997;1;0.997;0.997;0.9806;0.9504;0.128;2.3931;2.5122;0.0151;-0.0022;0.2983;0.0154;0.0546;0.0131;0;0;0.088;0;1.9388;0;0;0;0;0;0;0;0;0;0;0;0;0.044;0.0139;2.0598;2.0598;0;58.666;58.666;32.496;0.0416;2161;953.15;1;0.033;0.033;0;0;0;0;0;0;2.0268;1.9388;0;16.396;18.987;15.433;17.871;98.398;98.398;19.126;16.462;15.495;2.6643;0.967;0.1393;0.0506;0.8101;155.76;0.7568;0
05/01/21 12:00;76.091;27.074;12.359;83.569;6.4309;90;6.4309;775.31;404.1;371.21;27.49;4.74;0;373.56;293.72;110.14;0;0.4976;777.92;0;777.92;373.56;110.14;293.72;0.4976;0.4802;0.3782;0;0.0006;776.47;1.4494;0;0;1.0334;0.4159;761.4;12.745;0.159;0.0469;12.521;0.0183;774.14;2.3294;1.1207;0.3304;0.8781;0.0002;761.46;372.28;109.77;279.29;0.0632;456.99;363.77;146.6;0.0127;5.2407;75.386;0.063;80.614;0;1;0;0;1.0034;0.9981;1;1;0.9965;0.1641;0.9835;0.9996;1;0.9571;0.7758;0.997;0.997;1;0.997;0.997;0.9788;0.9509;0.1269;2.3361;2.4524;0.0148;-0.0021;0.2958;0.015;0.0532;0.0132;0;0;0.088;0;1.8863;0;0;0;0;0;0;0;0;0;0;0;0;0.0429;0.0133;2.0063;2.0063;0;59.165;59.165;31.675;0.0416;2109.6;951.02;1;0.0319;0.0319;0;0;0;0;0;0;1.9743;1.8863;0;16.36;18.945;15.382;17.812;98.408;98.408;18.67;16.034;15.076;2.6359;0.9586;0.1412;0.0513;0.8075;174.8;0.7529;0
05/01/21 13:00;67.215;62.343;10.356;69.592;20.408;90;20.408;983.7;185.4;798.3;28.59;4.9;0;851.76;69.455;121.31;0;6.298;1048.8;0;1048.8;851.76;121.31;69.455;6.298;0.8121;0.0722;0;0.006;1041.9;6.9695;0;0;1.6686;5.301;1035.8;2.8906;0.3038;0.0433;2.3245;0.219;1038.7;3.1256;2.5553;0.3639;0.2034;0.003;1037.4;848.91;120.91;65.259;0.775;555.98;442.56;183.8;0.2684;6.0385;86.862;1.5454;92.632;0;1;0;0;1.0662;0.9934;1;1;0.976;0.1583;0.9972;0.9996;1;0.9656;0.7796;0.997;0.997;1;0.997;0.997;0.9876;0.9396;0.1231;3.1496;3.3076;0.0199;0.004;0.5506;0.0191;0.0678;0.0143;0;0;0.088;0;2.4223;0;0;0;0;0;0;0;0;0;0;0;0;0.0546;0.0235;2.5536;2.5536;0;72.148;72.148;43.558;0.0421;2845.1;897.55;1;0.0433;0.0433;0;0;0;0;0;0;2.5103;2.4223;0;15.445;17.885;14.651;16.965;98.303;98.303;25.172;20.409;19.359;4.7632;1.0496;0.1892;0.0417;0.7691;43.238;0.7242;0
05/01/21 14:00;55.635;78.569;6.4229;56.168;33.832;90;33.832;959.4;158.5;800.9;28.5;4.8699;0;964.16;45.386;131.12;0;16.57;1157.2;0;1157.2;964.16;131.12;45.386;16.57;0.8332;0.0535;0;0.0143;1140;17.279;0;0;2.4446;14.834;1134.7;1.8869;0.2133;0.029;1.3833;0.2614;1136.5;3.4199;2.8925;0.3934;0.1288;0.0052;1139.2;961.05;130.7;41.429;1.4695;491.18;390.98;165.01;1.0447;5.216;75.031;4.5971;79.202;0;1;0;0;1.2062;0.9851;1;1;0.9461;0.1048;0.9983;0.9998;1;0.9677;0.849;0.997;0.997;1;0.997;0.997;0.9805;0.9128;0.0887;3.4752;3.5895;0.0216;0.0098;0.6513;0.0203;0.0722;0.0121;0;0;0.088;0;2.5818;0;0;0;0;0;0;0;0;0;0;0;0;0.0581;0.0275;2.7165;2.7165;0;76.39;76.39;47.89;0.0422;3087.3;879.88;1;0.0466;0.0466;0;0;0;0;0;0;2.6698;2.5818;0;14.891;17.243;14.153;16.389;98.283;98.283;27.774;21.71;20.634;6.0637;1.0761;0.2183;0.0387;0.7429;30.756;0.7085;0
05/01/21 15:00;43.451;88.819;0.8575;43.457;46.543;90;46.543;746.81;147.5;599.31;28.31;4.73;0;871.32;47.653;132.35;0;23.78;1075.1;0;1075.1;871.32;132.35;47.653;23.78;0.8105;0.0664;0;0.0221;1048.8;26.329;0;0;4.1575;22.172;1044.1;1.5353;0.0257;0.0039;1.4196;0.086;1045.6;3.1463;2.614;0.3971;0.1305;0.0048;1050;868.68;131.95;41.945;1.5177;314.51;250.35;102.21;3.2749;3.7333;53.703;5.8829;54.161;0;1;0;0;1.4396;0.9755;1;1;0.9128;0.0676;0.9985;1;1;0.9673;0.9464;0.997;0.997;1;0.997;0.997;0.9712;0.8802;0.0638;3.2285;3.2756;0.0197;0.0035;0.5462;0.0189;0.0672;0.0089;0;0;0.088;0;2.4031;0;0;0;0;0;0;0;0;0;0;0;0;0.0541;0.0231;2.534;2.534;0;72.218;72.218;43.908;0.0421;2820.6;898.37;1;0.0429;0.0429;0;0;0;0;0;0;2.4911;2.4031;0;14.952;17.314;14.179;16.419;98.308;98.308;25.803;20.251;19.205;5.5511;1.046;0.2151;0.0405;0.7443;35.976;0.7175;0
05/01/21 16:00;31.211;97.007;5.9884;31.402;58.598;90;58.598;354.4;267.2;87.194;28.42;4.5201;0;167.35;178.99;61.116;0;17.314;424.77;0;424.77;167.35;61.116;178.99;17.314;0.394;0.4621;0;0.0408;386.71;38.065;0;0;21.813;16.253;379.96;5.5893;0.0345;0.0126;5.4794;0.0628;385.55;1.1601;0.502;0.1833;0.4715;0.0032;385.76;166.81;60.921;151.23;0.9954;178.6;142.16;65.001;27.506;3.3347;47.968;5.7966;23.796;0;1;0;0;1.1986;0.9104;1;1;0.8781;0.0613;0.9855;0.9998;1;0.965;0.9407;0.997;0.997;1;0.997;0.997;0.8945;0.8449;0.0575;1.2756;1.263;0.0076;0.0097;0.0859;0.0081;0.0288;0.0088;0;0;0.088;0;0.9822;0;0;0;0;0;0;0;0;0;0;0;0;0.0232;0.0039;1.087;1.087;0;44.075;44.075;15.654;0.0412;1083.8;1003;1;0.0168;0.0168;0;0;0;0;0;0;1.0702;0.9822;0;16.233;18.797;14.668;16.985;98.453;98.453;10.195;8.6871;7.8494;1.5075;0.8376;0.1479;0.0822;0.77;153.3;0.7099;0
05/01/21 17:00;19.17;104.59;37.214;19.759;35.317;90;35.317;300.7;147.3;153.4;27.4;3.64;0;372.03;89.496;118.2;0;5.6445;585.36;0;585.36;372.03;118.2;89.496;5.6445;0.6355;0.1625;0;0.0096;575.12;10.245;0;0;5.1569;5.0881;568.03;5.3592;1.9493;0.6193;2.7137;0.0769;573.39;1.7254;1.1161;0.3546;0.253;0.0017;568.66;368.96;117.22;81.372;0.4779;62.335;49.619;21.105;2.3794;0.7973;11.469;0.6244;9.8874;0;1;0;0;1.9467;0.9825;1;1;0.9424;0.0986;0.9907;0.9947;1;0.9677;0.8614;0.997;0.997;1;0.997;0.997;0.9704;0.9092;0.0847;1.7578;1.7369;0.0105;0.0032;0.1594;0.0109;0.0388;0.0021;0;0;0.088;0;1.3632;0;0;0;0;0;0;0;0;0;0;0;0;0.0313;0.007;1.4738;1.4738;0;50.888;50.888;23.488;0.0413;1494.8;985.9;1;0.0225;0.0225;0;0;0;0;0;0;1.4512;1.3632;0;15.971;18.494;14.774;17.107;98.472;98.472;14.049;11.778;10.895;2.2705;0.8833;0.1616;0.0629;0.7755;61.344;0.7643;0
05/01/21 18:00;7.5392;112.33;71.446;8.1423;11.948;90;11.948;86.499;77.602;8.8975;25.97;2.75;0;21.579;73.074;9.0393;0;0.1911;103.88;0;103.88;21.579;9.0393;73.074;0.1911;0.2077;0.7053;0;0.0018;103.01;0.8745;0;0;0.7149;0.1596;95.984;6.7165;2.7127;1.1363;2.8603;0.0071;102.7;0.309;0.0647;0.0271;0.2171;0.0001;96.016;18.801;7.8759;69.282;0.0244;44.094;35.098;13.75;0.0415;0.534;7.6812;0.0318;8.1737;0;1;0;0;1.201;0.9916;1;1;0.9902;0.1651;0.9346;0.8739;1;0.9604;0.7746;0.997;0.997;1;0.997;0.997;0.924;0.9481;0.1275;0.312;0.3054;0.0018;0.0171;0.0055;0.002;0.007;0.0014;0;0;0.088;0;0.1701;0;0;0;0;0;0;0;0;0;0;0;0;0.0056;0.0004;0.2645;0.2645;0;29.923;29.923;3.9533;0.0412;260.18;1016.8;1;0.0065;0.0065;0;0;0;0;0;0;0.2581;0.1701;0;16.154;18.706;10.384;12.025;97.548;97.548;2.4932;2.1142;1.3591;0.379;0.7551;0.152;0.3029;0.5451;44.032;0.5165;0
05/01/21 19:00;1.0402;117.14;87.477;1.1689;1.6669;90;1.6669;0;0;0;22.73;2.84;0;0;0;0;0;0;0;0;0;0;0;0;0;1;1;1;1;0;0;0;0;0;0;0;0;0;0;0;0;0;0;0;0;0;0;0;0;0;0;0;0;0;0;0;0;0;0;0;0;0;0;0;1;1;1;1;1;1;1;1;1;1;1;1;1;1;1;1;1;1;1;0;0;0;0;0;0;0;0;0;0.0004;0.088;0;-0.0884;0;0;0;0;0;0;0;0;0;0;0;0;0;0;0;0;0;0;0;-22.73;0;0;0;0;0.0004;0;0;0;0;0;0;0;-0.0004;-0.0884;0;0;0;0;0;0;0;0;0;-0.7063;0;0.7063;1;1;0;0;0;0
05/01/21 20:00;0;0;90;0;0;90;0;0;0;0;21.1;2.8601;0;0;0;0;0;0;0;0;0;0;0;0;0;1;1;1;1;0;0;0;0;0;0;0;0;0;0;0;0;0;0;0;0;0;0;0;0;0;0;0;0;0;0;0;0;0;0;0;0;0;0;0;1;1;1;1;1;1;1;1;1;1;1;1;1;1;1;1;1;1;1;0;0;0;0;0;0;0;0;0;0.0004;0.088;0;-0.0884;0;0;0;0;0;0;0;0;0;0;0;0;0;0;0;0;0;0;0;-21.1;0;0;0;0;0.0004;0;0;0;0;0;0;0;-0.0004;-0.0884;0;0;0;0;0;0;0;0;0;-0.7063;0;0.7063;1;1;0;0;0;0
05/01/21 21:00;0;0;90;0;0;90;0;0;0;0;20.5;2.52;0;0;0;0;0;0;0;0;0;0;0;0;0;1;1;1;1;0;0;0;0;0;0;0;0;0;0;0;0;0;0;0;0;0;0;0;0;0;0;0;0;0;0;0;0;0;0;0;0;0;0;0;1;1;1;1;1;1;1;1;1;1;1;1;1;1;1;1;1;1;1;0;0;0;0;0;0;0;0;0;0.0004;0.088;0;-0.0884;0;0;0;0;0;0;0;0;0;0;0;0;0;0;0;0;0;0;0;-20.5;0;0;0;0;0.0004;0;0;0;0;0;0;0;-0.0004;-0.0884;0;0;0;0;0;0;0;0;0;-0.7063;0;0.7063;1;1;0;0;0;0
05/01/21 22:00;0;0;90;0;0;90;0;0;0;0;19.9;1.8201;0;0;0;0;0;0;0;0;0;0;0;0;0;1;1;1;1;0;0;0;0;0;0;0;0;0;0;0;0;0;0;0;0;0;0;0;0;0;0;0;0;0;0;0;0;0;0;0;0;0;0;0;1;1;1;1;1;1;1;1;1;1;1;1;1;1;1;1;1;1;1;0;0;0;0;0;0;0;0;0;0.0004;0.088;0;-0.0884;0;0;0;0;0;0;0;0;0;0;0;0;0;0;0;0;0;0;0;-19.9;0;0;0;0;0.0004;0;0;0;0;0;0;0;-0.0004;-0.0884;0;0;0;0;0;0;0;0;0;-0.7063;0;0.7063;1;1;0;0;0;0
05/01/21 23:00;0;0;90;0;0;90;0;0;0;0;17.88;1.31;0;0;0;0;0;0;0;0;0;0;0;0;0;1;1;1;1;0;0;0;0;0;0;0;0;0;0;0;0;0;0;0;0;0;0;0;0;0;0;0;0;0;0;0;0;0;0;0;0;0;0;0;1;1;1;1;1;1;1;1;1;1;1;1;1;1;1;1;1;1;1;0;0;0;0;0;0;0;0;0;0.0004;0.088;0;-0.0884;0;0;0;0;0;0;0;0;0;0;0;0;0;0;0;0;0;0;0;-17.88;0;0;0;0;0.0004;0;0;0;0;0;0;0;-0.0004;-0.0884;0;0;0;0;0;0;0;0;0;-0.7063;0;0.7063;1;1;0;0;0;0
06/01/21 00:00;0;0;90;0;0;90;0;0;0;0;16.99;1;0;0;0;0;0;0;0;0;0;0;0;0;0;1;1;1;1;0;0;0;0;0;0;0;0;0;0;0;0;0;0;0;0;0;0;0;0;0;0;0;0;0;0;0;0;0;0;0;0;0;0;0;1;1;1;1;1;1;1;1;1;1;1;1;1;1;1;1;1;1;1;0;0;0;0;0;0;0;0;0;0.0004;0.088;0;-0.0884;0;0;0;0;0;0;0;0;0;0;0;0;0;0;0;0;0;0;0;-16.99;0;0;0;0;0.0004;0;0;0;0;0;0;0;-0.0004;-0.0884;0;0;0;0;0;0;0;0;0;-0.7063;0;0.7063;1;1;0;0;0;0
06/01/21 01:00;0;0;90;0;0;90;0;0;0;0;15.48;0.67;0;0;0;0;0;0;0;0;0;0;0;0;0;1;1;1;1;0;0;0;0;0;0;0;0;0;0;0;0;0;0;0;0;0;0;0;0;0;0;0;0;0;0;0;0;0;0;0;0;0;0;0;1;1;1;1;1;1;1;1;1;1;1;1;1;1;1;1;1;1;1;0;0;0;0;0;0;0;0;0;0.0004;0.088;0;-0.0884;0;0;0;0;0;0;0;0;0;0;0;0;0;0;0;0;0;0;0;-15.48;0;0;0;0;0.0004;0;0;0;0;0;0;0;-0.0004;-0.0884;0;0;0;0;0;0;0;0;0;-0.7063;0;0.7063;1;1;0;0;0;0
06/01/21 02:00;0;0;90;0;0;90;0;0;0;0;15.73;0.3801;0;0;0;0;0;0;0;0;0;0;0;0;0;1;1;1;1;0;0;0;0;0;0;0;0;0;0;0;0;0;0;0;0;0;0;0;0;0;0;0;0;0;0;0;0;0;0;0;0;0;0;0;1;1;1;1;1;1;1;1;1;1;1;1;1;1;1;1;1;1;1;0;0;0;0;0;0;0;0;0;0.0004;0.088;0;-0.0884;0;0;0;0;0;0;0;0;0;0;0;0;0;0;0;0;0;0;0;-15.73;0;0;0;0;0.0004;0;0;0;0;0;0;0;-0.0004;-0.0884;0;0;0;0;0;0;0;0;0;-0.7063;0;0.7063;1;1;0;0;0;0
06/01/21 03:00;0;0;90;0;0;90;0;0;0;0;15.7;0.2499;0;0;0;0;0;0;0;0;0;0;0;0;0;1;1;1;1;0;0;0;0;0;0;0;0;0;0;0;0;0;0;0;0;0;0;0;0;0;0;0;0;0;0;0;0;0;0;0;0;0;0;0;1;1;1;1;1;1;1;1;1;1;1;1;1;1;1;1;1;1;1;0;0;0;0;0;0;0;0;0;0.0004;0.088;0;-0.0884;0;0;0;0;0;0;0;0;0;0;0;0;0;0;0;0;0;0;0;-15.7;0;0;0;0;0.0004;0;0;0;0;0;0;0;-0.0004;-0.0884;0;0;0;0;0;0;0;0;0;-0.7063;0;0.7063;1;1;0;0;0;0
06/01/21 04:00;0.4199;-117.48;88.982;0.4733;0.6747;-90;-0.6747;0;0;0;16.38;0.5401;0;0;0;0;0;0;0;0;0;0;0;0;0;1;1;1;1;0;0;0;0;0;0;0;0;0;0;0;0;0;0;0;0;0;0;0;0;0;0;0;0;0;0;0;0;0;0;0;0;0;0;0;1;1;1;1;1;1;1;1;1;1;1;1;1;1;1;1;1;1;1;0;0;0;0;0;0;0;0;0;0.0004;0.088;0;-0.0884;0;0;0;0;0;0;0;0;0;0;0;0;0;0;0;0;0;0;0;-16.38;0;0;0;0;0.0004;0;0;0;0;0;0;0;-0.0004;-0.0884;0;0;0;0;0;0;0;0;0;-0.7063;0;0.7063;1;1;0;0;0;0
06/01/21 05:00;6.3368;-113.03;74.473;6.8808;10.011;-90;-10.011;89;15.1;73.9;17.13;1.5801;0;179.23;7.8787;17.367;0;0.1382;204.61;0;204.61;179.23;17.367;7.8787;0.1382;0.8759;0.0392;0;0.0007;204.44;0.1724;0;0;0.0571;0.1152;169.17;34.66;31.303;3.0332;0.3187;0.0051;203.83;0.6133;0.5377;0.0521;0.0235;0.0001;169.17;147.39;14.281;7.4795;0.0178;5.1201;4.0756;1.6686;0.0023;0.0572;0.8223;0.0021;0.8771;0;1;0;0;2.299;0.9992;1;1;0.9927;0.1663;0.83;0.8248;1;0.9591;0.7753;0.997;0.997;1;0.997;0.997;0.8268;0.9493;0.1285;0.6144;0.5112;0.0031;0.018;-0.0018;0.0034;0.0122;0.0002;0;0;0.088;0;0.3685;0;0;0;0;0;0;0;0;0;0;0;0;0.0098;0.0008;0.4655;0.4655;0;24.025;24.025;6.8945;0.0408;437.6;1063.7;1;0.009;0.009;0;0;0;0;0;0;0.4565;0.3685;0;14.431;16.711;11.423;13.228;98.061;98.061;4.9107;3.7201;2.9447;1.1906;0.7754;0.2425;0.1579;0.5996;4.7229;0.5978;0
06/01/21 06:00;17.921;-105.24;41.732;18.53;31.891;-90;-31.891;280.3;52.198;228.1;20.19;2.29;0;553.22;22.92;66.469;0;4.3158;646.92;0;646.92;553.22;66.469;22.92;4.3158;0.8552;0.0421;0;0.0067;641.98;4.9407;0;0;1.1226;3.8181;634.39;5.6652;4.3561;0.5234;0.7044;0.0814;640.06;1.9259;1.6597;0.1994;0.0654;0.0015;634.51;547.2;65.747;21.027;0.4148;16.561;13.183;5.6926;0.4298;0.1931;2.7783;0.1228;2.5417;0;1;0;0;2.3079;0.9924;1;1;0.951;0.1153;0.9911;0.9921;1;0.9676;0.836;0.997;0.997;1;0.997;0.997;0.9806;0.9174;0.0961;1.9427;1.9169;0.0115;0.0013;0.1439;0.0123;0.0437;0.0005;0;0;0.088;0;1.5457;0;0;0;0;0;0;0;0;0;0;0;0;0.0352;0.0084;1.6602;1.6602;0;46.311;46.311;26.121;0.0412;1649.9;1006.2;1;0.0264;0.0264;0;0;0;0;0;0;1.6337;1.5457;0;16.279;18.851;15.157;17.552;98.407;98.407;15.526;13.268;12.353;2.2581;0.9146;0.1454;0.0589;0.7957;15.31;0.7931;0
06/01/21 07:00;29.935;-97.656;6.6293;30.158;59.842;-90;-59.842;436.5;127.1;309.4;21.99;2.49;0;615.87;53.548;111.1;0;22.155;802.67;0;802.67;615.87;111.1;53.548;22.155;0.7673;0.0943;0;0.0276;775.22;27.449;0;0;6.7133;20.735;770.99;1.9072;0.1406;0.0254;1.6488;0.0924;772.9;2.3257;1.8476;0.3333;0.1405;0.0043;775.05;613.88;110.74;45.045;1.3234;113.48;90.333;39.135;8.8738;1.7006;24.462;4.0547;17.289;0;1;0;0;1.8389;0.9658;1;1;0.8746;0.0641;0.9975;0.9998;1;0.9647;0.9347;0.997;0.997;1;0.997;0.997;0.9605;0.8412;0.0597;2.4104;2.3859;0.0144;-0.0019;0.243;0.0149;0.0529;0.0044;0;0;0.088;0;1.8827;0;0;0;0;0;0;0;0;0;0;0;0;0.0426;0.0127;2.0031;2.0031;0;53.923;53.923;31.934;0.0414;2056;974.27;1;0.0324;0.0324;0;0;0;0;0;0;1.9707;1.8827;0;15.831;18.331;14.879;17.23;98.385;98.385;19.264;16.009;15.047;3.2556;0.9618;0.169;0.0499;0.7811;46.543;0.7636;0
06/01/21 08:00;42.168;-89.554;0.3305;42.168;47.832;-90;-47.832;737.1;121.6;615.5;23.54;2.03;0;916.86;35.625;117.63;0;24.712;1094.8;0;1094.8;916.86;117.63;35.625;24.712;0.8374;0.0551;0;0.0226;1068.6;26.258;0;0;3.2282;23.029;1064.2;1.1533;0.0104;0.0013;1.0618;0.0797;1065.4;3.2057;2.7506;0.3529;0.0972;0.005;1070.1;914.1;117.28;31.238;1.5979;297.25;236.61;95.713;2.6923;3.56;51.209;5.8841;52.077;0;1;0;0;1.4853;0.976;1;1;0.9094;0.0681;0.9989;1;1;0.9671;0.9525;0.997;0.997;1;0.997;0.997;0.972;0.8769;0.0647;3.2878;3.331;0.0201;0.0044;0.5059;0.0196;0.0695;0.0086;0;0;0.088;0;2.4895;0;0;0;0;0;0;0;0;0;0;0;0;0.056;0.0239;2.623;2.623;0;68.144;68.144;44.604;0.0419;2867.6;914.7;1;0.0454;0.0454;0;0;0;0;0;0;2.5775;2.4895;0;15.198;17.599;14.425;16.704;98.268;98.268;26.276;20.963;19.896;5.3132;1.0664;0.2022;0.0406;0.7572;27.23;0.7316;0
06/01/21 09:00;54.37;-79.584;6.0457;54.819;35.181;-90;-35.181;483.89;378.6;105.29;24.91;1.47;0;128.82;312.46;42.5;0;9.0155;492.8;0;492.8;128.82;42.5;312.46;9.0155;0.2614;0.6524;0;0.0183;466.83;25.967;0;0;17.865;8.1013;455.79;9.6416;0.0268;0.0088;9.4801;0.1259;465.43;1.4005;0.3865;0.1275;0.8838;0.0027;458.68;128.41;42.364;284.23;0.7857;283.68;225.81;95.03;8.195;3.5235;50.684;2.8896;46.013;0;1;0;0;1.0184;0.9473;1;1;0.9428;0.1014;0.9793;0.9998;1;0.9677;0.8619;0.997;0.997;1;0.997;0.997;0.9249;0.9097;0.0871;1.4799;1.4883;0.009;0.0065;0.0985;0.0096;0.0341;0.0094;0;0;0.088;0;1.1808;0;0;0;0;0;0;0;0;0;0;0;0;0.0275;0.0052;1.2886;1.2886;0;43.662;43.662;18.752;0.0411;1277.6;1008.6;1;0.0199;0.0199;0;0;0;0;0;0;1.2688;1.1808;0;16.588;19.208;15.2;17.601;98.459;98.459;11.827;10.299;9.4366;1.5285;0.862;0.1292;0.0729;0.7979;213.94;0.7408;0
06/01/21 10:00;66.044;-64.245;10.162;68.19;21.81;-90;-21.81;207.81;204.8;3.0089;24.67;1.0399;0;3.2409;197.01;0.5144;0;1.5172;202.28;0;202.28;3.2409;0.5144;197.01;1.5172;0.016;0.9814;0;0.0075;195.75;6.5353;0;0;5.2545;1.2807;188.6;6.5554;0.0011;0.0002;6.5035;0.0507;195.16;0.5872;0.0097;0.0015;0.5753;0.0007;189;3.23;0.5127;184.68;0.185;125.47;99.876;40.364;0.966;1.4942;21.493;0.3986;22.021;0;1;0;0;0.9734;0.9677;1;1;0.9733;0.1558;0.9664;0.9996;1;0.966;0.785;0.997;0.997;1;0.997;0.997;0.9324;0.9374;0.122;0.6075;0.6146;0.0037;0.0176;0.0164;0.004;0.0143;0.004;0;0;0.088;0;0.4443;0;0;0;0;0;0;0;0;0;0;0;0;0.0115;0.0011;0.5418;0.5418;0;32.405;32.405;7.7345;0.041;524.66;1032.7;1;0.0095;0.0095;0;0;0;0;0;0;0.5323;0.4443;0;16.992;19.676;13.933;16.134;98.242;98.242;4.8548;4.3302;3.5508;0.5246;0.7794;0.1081;0.1605;0.7314;123.53;0.6775;0
06/01/21 11:00;75.378;-31.93;12.372;82.144;7.8563;-90;-7.8563;607.19;462.4;144.8;24.35;1.14;0;146.17;411.45;49.474;0;0.5813;607.67;0;607.67;146.17;49.474;411.45;0.5813;0.2405;0.678;0;0.001;605.19;2.4825;0;0;1.9974;0.485;586.07;17.304;0.0623;0.0211;17.199;0.0215;603.37;1.8156;0.4385;0.1484;1.2283;0.0003;586.15;145.67;49.304;391.02;0.0744;359.01;285.77;114.06;0.045;4.1912;60.289;0.0845;64.435;0;1;0;0;1.0008;0.9959;1;1;0.9951;0.1656;0.9713;0.9996;1;0.9579;0.7756;0.997;0.997;1;0.997;0.997;0.9645;0.9504;0.1281;1.8248;1.8925;0.0114;0.0015;0.1572;0.0121;0.0428;0.011;0;0;0.088;0;1.5008;0;0;0;0;0;0;0;0;0;0;0;0;0.0344;0.0081;1.6141;1.6141;0;48.533;48.533;24.183;0.0413;1623.8;994.06;1;0.0253;0.0253;0;0;0;0;0;0;1.5888;1.5008;0;16.85;19.512;15.667;18.142;98.43;98.43;14.584;12.9;11.994;1.6841;0.9058;0.1155;0.0621;0.8224;245.48;0.7656;0
06/01/21 12:00;76.021;26.493;12.486;83.663;6.3368;90;6.3368;835.4;353.8;481.6;25.46;1.8399;0;484.56;228.73;125.13;0;0.5206;838.94;0;838.94;484.56;125.13;228.73;0.5206;0.5776;0.2733;0;0.0006;837.72;1.2211;0;0;0.7859;0.4352;825.16;10.044;0.2084;0.0538;9.7627;0.0191;835.21;2.5132;1.4537;0.3754;0.6838;0.0003;825.23;482.9;124.7;217.5;0.0661;491.91;391.56;158.67;0.0092;5.5845;80.331;0.0668;85.907;0;1;0;0;1.0042;0.9985;1;1;0.9966;0.1641;0.988;0.9996;1;0.957;0.7758;0.997;0.997;1;0.997;0.997;0.9836;0.9509;0.1269;2.5193;2.6549;0.016;-0.0021;0.3257;0.0162;0.0575;0.014;0;0;0.088;0;2.0426;0;0;0;0;0;0;0;0;0;0;0;0;0.0463;0.0154;2.1659;2.1659;0;59.802;59.802;34.342;0.0416;2283.1;948.64;1;0.0353;0.0353;0;0;0;0;0;0;2.1306;2.0426;0;16.377;18.964;15.445;17.885;98.371;98.371;20.135;17.31;16.324;2.8249;0.9853;0.1403;0.0489;0.8108;136.1;0.7565;0
06/01/21 13:00;67.219;61.939;10.495;69.665;20.335;90;20.335;523.61;442.9;80.705;23.9;2.3099;0;86.07;402.5;29.284;0;3.3285;521.18;0;521.18;86.07;29.284;402.5;3.3285;0.1651;0.7787;0;0.0064;508.76;12.415;0;0;9.6138;2.8008;493.6;13.638;0.0311;0.0106;13.481;0.1161;507.24;1.5263;0.2582;0.0879;1.1786;0.0016;494.44;85.78;29.186;378.22;0.4101;311.31;247.8;99.694;1.5269;3.6801;52.936;0.8467;55.09;0;1;0;0;0.9954;0.9762;1;1;0.9761;0.1586;0.9731;0.9996;1;0.9656;0.7794;0.997;0.997;1;0.997;0.997;0.9471;0.9397;0.1232;1.5651;1.6008;0.0096;0.005;0.1088;0.0103;0.0367;0.0098;0;0;0.088;0;1.2759;0;0;0;0;0;0;0;0;0;0;0;0;0.0295;0.006;1.3851;1.3851;0;44.209;44.209;20.309;0.0411;1374.2;1008;1;0.0213;0.0213;0;0;0;0;0;0;1.3639;1.2759;0;16.859;19.523;15.529;17.983;98.465;98.465;12.508;11.07;10.197;1.4383;0.8732;0.115;0.0698;0.8152;250.48;0.7576;0
06/01/21 14:00;55.662;78.296;6.5703;56.221;33.779;90;33.779;264.5;259.2;5.2987;22.58;2.5599;0;6.3749;236.24;1.4173;0;4.5544;248.59;0;248.59;6.3749;1.4173;236.24;4.5544;0.0256;0.9687;0;0.0183;231.82;16.769;0;0;12.693;4.0762;223.85;7.2758;0.0014;0.0003;7.2018;0.0722;231.12;0.6955;0.0191;0.0043;0.6706;0.0014;225.35;6.3543;1.4128;215.68;0.4046;163.3;129.99;54.521;5.388;2.084;29.978;1.4991;26.674;0;1;0;0;0.9399;0.9325;1;1;0.9463;0.105;0.9685;0.9998;1;0.9677;0.8486;0.997;0.997;1;0.997;0.997;0.9005;0.9129;0.0888;0.7465;0.7419;0.0045;0.0165;0.018;0.0049;0.0175;0.0057;0;0;0.088;0;0.5602;0;0;0;0;0;0;0;0;0;0;0;0;0.0141;0.0015;0.6593;0.6593;0;31.742;31.742;9.1615;0.0409;633.47;1040.8;1;0.0112;0.0112;0;0;0;0;0;0;0.6482;0.5602;0;16.825;19.483;14.295;16.553;98.306;98.306;5.9661;5.2694;4.4768;0.6967;0.7926;0.1168;0.1328;0.7504;160.02;0.6882;0
06/01/21 15:00;43.484;88.608;1.01;43.493;46.507;90;46.507;487.6;341.6;146.01;24.7;2.82;0;212.14;245.02;74.584;0;15.504;547.25;0;547.25;212.14;74.584;245.02;15.504;0.3876;0.4761;0;0.0283;511.44;35.808;0;0;21.354;14.455;502.54;7.3656;0.0074;0.0026;7.2993;0.0563;509.9;1.5343;0.6364;0.2238;0.671;0.0031;507.58;211.49;74.358;215.7;0.9901;264.62;210.64;90.772;16.768;3.7416;53.821;5.0405;40.795;0;1;0;0;1.1223;0.9346;1;1;0.9128;0.0677;0.9856;1;1;0.9673;0.9462;0.997;0.997;1;0.997;0.997;0.9183;0.8803;0.0639;1.6434;1.6422;0.0099;0.0044;0.1185;0.0106;0.0375;0.0099;0;0;0.088;0;1.3054;0;0;0;0;0;0;0;0;0;0;0;0;0.0302;0.0063;1.4151;1.4151;0;45.396;45.396;20.696;0.0412;1409.7;1003.8;1;0.0217;0.0217;0;0;0;0;0;0;1.3934;1.3054;0;16.403;18.995;15.132;17.522;98.466;98.466;13.134;11.309;10.432;1.8247;0.8768;0.1389;0.0668;0.7943;184.92;0.7398;0
06/01/21 16:00;31.242;96.827;5.8333;31.423;58.577;90;58.577;232.7;221.3;11.399;24.66;3.05;0;21.865;165.71;6.6078;0;11.361;205.55;0;205.55;21.865;6.6078;165.71;11.361;0.1064;0.8615;0;0.0553;174.7;30.848;0;0;20.184;10.664;169.06;5.1193;0.0044;0.0013;5.0724;0.0411;174.18;0.5241;0.0656;0.0198;0.4366;0.0021;173.7;21.795;6.5866;140.02;0.6532;145.05;115.46;53.793;25.431;2.8442;40.913;4.6456;18.326;0;1;0;0;0.8833;0.8499;1;1;0.8782;0.0613;0.9706;0.9998;1;0.965;0.9408;0.997;0.997;1;0.997;0.997;0.8225;0.845;0.0575;0.6173;0.6094;0.0037;0.0176;0.0145;0.004;0.0142;0.0077;0;0;0.088;0;0.4377;0;0;0;0;0;0;0;0;0;0;0;0;0.0115;0.0011;0.5351;0.5351;0;31.595;31.595;6.9347;0.041;518.48;1032.1;1;0.0094;0.0094;0;0;0;0;0;0;0.5257;0.4377;0;16.515;19.124;13.508;15.641;98.234;98.234;4.9332;4.2767;3.4979;0.6564;0.7788;0.1331;0.1579;0.7091;141.89;0.6171;0
06/01/21 17:00;19.194;104.42;37.123;19.771;35.351;90;35.351;358.3;94.896;263.41;24.63;2.57;0;638.84;37.261;130.6;0;6.7384;813.44;0;813.44;638.84;130.6;37.261;6.7384;0.7854;0.0541;0;0.0083;805.22;8.2253;0;0;2.1503;6.0751;797.59;5.2116;3.3131;0.6773;1.1297;0.0914;802.8;2.4156;1.9165;0.3918;0.1053;0.002;797.85;633.61;129.54;33.876;0.5699;27.102;21.573;9.3585;0.995;0.3322;4.7792;0.2606;4.1164;0;1;0;0;2.2703;0.9899;1;1;0.9423;0.0984;0.9935;0.9948;1;0.9677;0.8617;0.997;0.997;1;0.997;0.997;0.9805;0.9091;0.0846;2.4428;2.4131;0.0145;-0.002;0.2791;0.0149;0.0527;0.0008;0;0;0.088;0;1.8778;0;0;0;0;0;0;0;0;0;0;0;0;0.0424;0.013;1.9978;1.9978;0;57.77;57.77;33.14;0.0416;2082;959.52;1;0.032;0.032;0;0;0;0;0;0;1.9658;1.8778;0;15.58;18.041;14.644;16.958;98.401;98.401;19.523;15.966;15.007;3.5565;0.9587;0.1822;0.0491;0.7687;25.547;0.7654;0
06/01/21 18:00;7.5526;112.17;71.411;8.1477;11.956;90;11.956;21.898;21.699;0.1997;22.92;2.6;0;0.4844;21.44;0.0566;0;0.0485;22.03;0;22.03;0.4844;0.0566;21.44;0.0485;0.022;0.9754;0;0.0022;21.779;0.2505;0;0;0.21;0.0405;20.805;0.9087;0.0607;0.0071;0.8391;0.0018;21.714;0.0653;0.0015;0.0002;0.0637;0;20.814;0.4223;0.0494;20.327;0.0062;12.92;10.285;4.0346;0.0122;0.1561;2.2454;0.0093;2.3893;0;1;0;0;1.006;0.9886;1;1;0.9902;0.1651;0.9582;0.8744;1;0.9604;0.7746;0.997;0.997;1;0.997;0.997;0.9444;0.9481;0.1275;0.0662;0.0674;0.0004;0.0092;-0.0003;0.0004;0.0014;0.0004;0;0;0.088;0;-0.0365;0;0;0;0;0;0;0;0;0;0;0;0;0.0012;0;0.0546;0.0546;0;23.789;23.789;0.869;0.0418;56.001;975.88;1;0.0032;0.0032;0;0;0;0;0;0;0.0515;-0.0365;0;15.737;18.223;-10.52;-12.182;94.178;94.178;0.5287;0.4368;-0.292;0.0919;0.7287;0.1739;1.3783;0;12.919;0;0
06/01/21 19:00;1.0455;116.99;87.464;1.1732;1.6731;90;1.6731;0;0;0;21.24;3.8901;0;0;0;0;0;0;0;0;0;0;0;0;0;1;1;1;1;0;0;0;0;0;0;0;0;0;0;0;0;0;0;0;0;0;0;0;0;0;0;0;0;0;0;0;0;0;0;0;0;0;0;0;1;1;1;1;1;1;1;1;1;1;1;1;1;1;1;1;1;1;1;0;0;0;0;0;0;0;0;0;0.0004;0.088;0;-0.0884;0;0;0;0;0;0;0;0;0;0;0;0;0;0;0;0;0;0;0;-21.24;0;0;0;0;0.0004;0;0;0;0;0;0;0;-0.0004;-0.0884;0;0;0;0;0;0;0;0;0;-0.7063;0;0.7063;1;1;0;0;0;0
06/01/21 20:00;0;0;90;0;0;90;0;0;0;0;19.69;5.45;0;0;0;0;0;0;0;0;0;0;0;0;0;1;1;1;1;0;0;0;0;0;0;0;0;0;0;0;0;0;0;0;0;0;0;0;0;0;0;0;0;0;0;0;0;0;0;0;0;0;0;0;1;1;1;1;1;1;1;1;1;1;1;1;1;1;1;1;1;1;1;0;0;0;0;0;0;0;0;0;0.0004;0.088;0;-0.0884;0;0;0;0;0;0;0;0;0;0;0;0;0;0;0;0;0;0;0;-19.69;0;0;0;0;0.0004;0;0;0;0;0;0;0;-0.0004;-0.0884;0;0;0;0;0;0;0;0;0;-0.7063;0;0.7063;1;1;0;0;0;0
06/01/21 21:00;0;0;90;0;0;90;0;0;0;0;19.4;6.3701;0;0;0;0;0;0;0;0;0;0;0;0;0;1;1;1;1;0;0;0;0;0;0;0;0;0;0;0;0;0;0;0;0;0;0;0;0;0;0;0;0;0;0;0;0;0;0;0;0;0;0;0;1;1;1;1;1;1;1;1;1;1;1;1;1;1;1;1;1;1;1;0;0;0;0;0;0;0;0;0;0.0004;0.088;0;-0.0884;0;0;0;0;0;0;0;0;0;0;0;0;0;0;0;0;0;0;0;-19.4;0;0;0;0;0.0004;0;0;0;0;0;0;0;-0.0004;-0.0884;0;0;0;0;0;0;0;0;0;-0.7063;0;0.7063;1;1;0;0;0;0
06/01/21 22:00;0;0;90;0;0;90;0;0;0;0;18.53;6.3799;0;0;0;0;0;0;0;0;0;0;0;0;0;1;1;1;1;0;0;0;0;0;0;0;0;0;0;0;0;0;0;0;0;0;0;0;0;0;0;0;0;0;0;0;0;0;0;0;0;0;0;0;1;1;1;1;1;1;1;1;1;1;1;1;1;1;1;1;1;1;1;0;0;0;0;0;0;0;0;0;0.0004;0.088;0;-0.0884;0;0;0;0;0;0;0;0;0;0;0;0;0;0;0;0;0;0;0;-18.53;0;0;0;0;0.0004;0;0;0;0;0;0;0;-0.0004;-0.0884;0;0;0;0;0;0;0;0;0;-0.7063;0;0.7063;1;1;0;0;0;0
06/01/21 23:00;0;0;90;0;0;90;0;0;0;0;17.7;6.2199;0;0;0;0;0;0;0;0;0;0;0;0;0;1;1;1;1;0;0;0;0;0;0;0;0;0;0;0;0;0;0;0;0;0;0;0;0;0;0;0;0;0;0;0;0;0;0;0;0;0;0;0;1;1;1;1;1;1;1;1;1;1;1;1;1;1;1;1;1;1;1;0;0;0;0;0;0;0;0;0;0.0004;0.088;0;-0.0884;0;0;0;0;0;0;0;0;0;0;0;0;0;0;0;0;0;0;0;-17.7;0;0;0;0;0.0004;0;0;0;0;0;0;0;-0.0004;-0.0884;0;0;0;0;0;0;0;0;0;-0.7063;0;0.7063;1;1;0;0;0;0
07/01/21 00:00;0;0;90;0;0;90;0;0;0;0;16.91;6;0;0;0;0;0;0;0;0;0;0;0;0;0;1;1;1;1;0;0;0;0;0;0;0;0;0;0;0;0;0;0;0;0;0;0;0;0;0;0;0;0;0;0;0;0;0;0;0;0;0;0;0;1;1;1;1;1;1;1;1;1;1;1;1;1;1;1;1;1;1;1;0;0;0;0;0;0;0;0;0;0.0004;0.088;0;-0.0884;0;0;0;0;0;0;0;0;0;0;0;0;0;0;0;0;0;0;0;-16.91;0;0;0;0;0.0004;0;0;0;0;0;0;0;-0.0004;-0.0884;0;0;0;0;0;0;0;0;0;-0.7063;0;0.7063;1;1;0;0;0;0
07/01/21 01:00;0;0;90;0;0;90;0;0;0;0;16.84;5.5899;0;0;0;0;0;0;0;0;0;0;0;0;0;1;1;1;1;0;0;0;0;0;0;0;0;0;0;0;0;0;0;0;0;0;0;0;0;0;0;0;0;0;0;0;0;0;0;0;0;0;0;0;1;1;1;1;1;1;1;1;1;1;1;1;1;1;1;1;1;1;1;0;0;0;0;0;0;0;0;0;0.0004;0.088;0;-0.0884;0;0;0;0;0;0;0;0;0;0;0;0;0;0;0;0;0;0;0;-16.84;0;0;0;0;0.0004;0;0;0;0;0;0;0;-0.0004;-0.0884;0;0;0;0;0;0;0;0;0;-0.7063;0;0.7063;1;1;0;0;0;0
07/01/21 02:00;0;0;90;0;0;90;0;0;0;0;16.44;5.15;0;0;0;0;0;0;0;0;0;0;0;0;0;1;1;1;1;0;0;0;0;0;0;0;0;0;0;0;0;0;0;0;0;0;0;0;0;0;0;0;0;0;0;0;0;0;0;0;0;0;0;0;1;1;1;1;1;1;1;1;1;1;1;1;1;1;1;1;1;1;1;0;0;0;0;0;0;0;0;0;0.0004;0.088;0;-0.0884;0;0;0;0;0;0;0;0;0;0;0;0;0;0;0;0;0;0;0;-16.44;0;0;0;0;0.0004;0;0;0;0;0;0;0;-0.0004;-0.0884;0;0;0;0;0;0;0;0;0;-0.7063;0;0.7063;1;1;0;0;0;0
07/01/21 03:00;0;0;90;0;0;90;0;0;0;0;15.3;4.8599;0;0;0;0;0;0;0;0;0;0;0;0;0;1;1;1;1;0;0;0;0;0;0;0;0;0;0;0;0;0;0;0;0;0;0;0;0;0;0;0;0;0;0;0;0;0;0;0;0;0;0;0;1;1;1;1;1;1;1;1;1;1;1;1;1;1;1;1;1;1;1;0;0;0;0;0;0;0;0;0;0.0004;0.088;0;-0.0884;0;0;0;0;0;0;0;0;0;0;0;0;0;0;0;0;0;0;0;-15.3;0;0;0;0;0.0004;0;0;0;0;0;0;0;-0.0004;-0.0884;0;0;0;0;0;0;0;0;0;-0.7063;0;0.7063;1;1;0;0;0;0
07/01/21 04:00;0.4448;-117.3;88.921;0.5005;0.7134;-90;-0.7134;0;0;0;14.49;4.9201;0;0;0;0;0;0;0;0;0;0;0;0;0;1;1;1;1;0;0;0;0;0;0;0;0;0;0;0;0;0;0;0;0;0;0;0;0;0;0;0;0;0;0;0;0;0;0;0;0;0;0;0;1;1;1;1;1;1;1;1;1;1;1;1;1;1;1;1;1;1;1;0;0;0;0;0;0;0;0;0;0.0004;0.088;0;-0.0884;0;0;0;0;0;0;0;0;0;0;0;0;0;0;0;0;0;0;0;-14.49;0;0;0;0;0.0004;0;0;0;0;0;0;0;-0.0004;-0.0884;0;0;0;0;0;0;0;0;0;-0.7063;0;0.7063;1;1;0;0;0;0
07/01/21 05:00;6.1822;-112.99;74.86;6.7108;9.7533;-90;-9.7533;74.7;26.202;48.498;14.87;5.4801;0;117.62;17.715;20.271;0;0.1101;155.72;0;155.72;117.62;20.271;17.715;0.1101;0.7554;0.1145;0;0.0007;155.5;0.2148;0;0;0.123;0.0918;129.18;25.857;21.439;3.6948;0.7194;0.0041;155.04;0.4665;0.3529;0.0608;0.0528;0.0001;129.18;95.83;16.516;16.82;0.0142;10.891;8.6694;3.4432;0.0047;0.1285;1.8481;0.0044;1.9719;0;1;0;0;2.0846;0.9986;1;1;0.9931;0.1662;0.8332;0.8172;1;0.959;0.7753;0.997;0.997;1;0.997;0.997;0.8296;0.9495;0.1285;0.4676;0.393;0.0024;0.0179;-0.0069;0.0027;0.0094;0.0004;0;0;0.088;0;0.2631;0;0;0;0;0;0;0;0;0;0;0;0;0.0076;0.0005;0.3591;0.3591;0;20.13;20.13;5.2604;0.0407;335.72;1069.6;1;0.008;0.008;0;0;0;0;0;0;0.3511;0.2631;0;14.629;16.94;10.72;12.413;97.784;97.784;3.7372;2.8699;2.103;0.8673;0.7669;0.2321;0.2052;0.5627;10.613;0.5578;0
07/01/21 06:00;17.77;-105.18;42.253;18.37;31.476;-90;-31.476;278.6;51.2;227.4;17.36;5.5099;0;551.51;22.399;65.537;0;4.1815;643.63;0;643.63;551.51;65.537;22.399;4.1815;0.8569;0.0413;0;0.0065;638.87;4.7665;0;0;1.0746;3.6919;631.13;5.8174;4.5102;0.5359;0.6898;0.0815;636.95;1.9166;1.6545;0.1966;0.064;0.0015;631.25;545.35;64.804;20.571;0.4067;16.164;12.866;5.5515;0.4015;0.1876;2.6989;0.1161;2.485;0;1;0;0;2.3102;0.9926;1;1;0.952;0.1171;0.9909;0.9918;1;0.9676;0.8331;0.997;0.997;1;0.997;0.997;0.9806;0.9184;0.0973;1.9328;1.9069;0.0115;0.0014;0.1226;0.0124;0.044;0.0005;0;0;0.088;0;1.5561;0;0;0;0;0;0;0;0;0;0;0;0;0.0354;0.0083;1.671;1.671;0;43.282;43.282;25.922;0.0411;1641.4;1018;1;0.0269;0.0269;0;0;0;0;0;0;1.6441;1.5561;0;16.469;19.071;15.337;17.76;98.392;98.392;15.447;13.354;12.436;2.0929;0.918;0.1355;0.0594;0.8051;14.917;0.8026;0
07/01/21 07:00;29.787;-97.582;6.5752;30.005;59.995;-90;-59.995;508.6;83.801;424.8;20;4.89;0;849.48;24.784;101.5;0;25.935;1001.7;0;1001.7;849.48;101.5;24.784;25.935;0.848;0.0506;0;0.0259;974.31;27.389;0;0;3.1187;24.27;970.3;1.089;0.1924;0.023;0.7637;0.11;971.39;2.9229;2.5485;0.3045;0.065;0.005;974.02;846.74;101.17;20.836;1.5497;106.95;85.133;36.954;4.1488;1.3241;19.046;3.7142;16.222;0;1;0;0;1.9695;0.9727;1;1;0.8742;0.0642;0.9989;0.9998;1;0.9646;0.9337;0.997;0.997;1;0.997;0.997;0.9687;0.8407;0.0598;3.0081;2.9738;0.0179;-0.0004;0.37;0.0181;0.0642;0.0033;0;0;0.088;0;2.3;0;0;0;0;0;0;0;0;0;0;0;0;0.0517;0.0192;2.4297;2.4297;0;60.403;60.403;40.403;0.0416;2561.3;948.59;1;0.0417;0.0417;0;0;0;0;0;0;2.388;2.3;0;15.387;17.817;14.565;16.866;98.284;98.284;24.041;19.418;18.381;4.623;1.0365;0.1923;0.0431;0.7646;21.58;0.7539;0
07/01/21 08:00;42.021;-89.464;0.3978;42.022;47.978;-90;-47.978;723.31;119.4;603.9;21.7;4.1;0;902.14;35.977;113.98;0;24.39;1076.5;0;1076.5;902.14;113.98;35.977;24.39;0.838;0.0561;0;0.0227;1050.5;26.008;0;0;3.2746;22.734;1046.2;1.1639;0.0124;0.0016;1.0724;0.0776;1047.3;3.1514;2.7064;0.3419;0.0981;0.005;1052;899.42;113.64;31.532;1.5737;290.83;231.5;93.576;2.7477;3.4951;50.276;5.8098;51.023;0;1;0;0;1.4883;0.9758;1;1;0.909;0.0679;0.9989;1;1;0.9671;0.953;0.997;0.997;1;0.997;0.997;0.9718;0.8764;0.0645;3.2327;3.2744;0.0197;0.0035;0.4657;0.0195;0.0692;0.0086;0;0;0.088;0;2.4762;0;0;0;0;0;0;0;0;0;0;0;0;0.0557;0.0231;2.6096;2.6096;0;65.448;65.448;43.749;0.0418;2817.8;926.11;1;0.0454;0.0454;0;0;0;0;0;0;2.5642;2.4762;0;15.378;17.807;14.592;16.897;98.259;98.259;25.836;20.856;19.79;4.9798;1.0664;0.1927;0.0413;0.766;27.538;0.7401;0
07/01/21 09:00;54.221;-79.478;6.1291;54.68;35.32;-90;-35.32;901.8;148.8;753;23.3;3.48;0;922.86;46.281;119.89;0;16.93;1106;0;1106;922.86;119.89;46.281;16.93;0.8344;0.0572;0;0.0153;1088.1;17.886;0;0;2.6626;15.223;1083;1.8566;0.1948;0.0253;1.4035;0.2329;1084.8;3.2642;2.7686;0.3597;0.1309;0.0051;1087.6;919.9;119.51;42.084;1.4691;454.71;361.95;152.89;1.2343;4.8377;69.589;4.6897;73.193;0;1;0;0;1.2264;0.9838;1;1;0.9425;0.1008;0.9983;0.9998;1;0.9677;0.8631;0.997;0.997;1;0.997;0.997;0.9792;0.9093;0.0868;3.3212;3.4226;0.0206;0.0062;0.5264;0.0201;0.0712;0.0117;0;0;0.088;0;2.5491;0;0;0;0;0;0;0;0;0;0;0;0;0.0574;0.0251;2.6839;2.6839;0;68.713;68.713;45.413;0.0419;2944.9;911.37;1;0.0468;0.0468;0;0;0;0;0;0;2.6371;2.5491;0;15.394;17.826;14.621;16.931;98.257;98.257;26.543;21.45;20.372;5.0934;1.0773;0.1919;0.0406;0.7675;31.723;0.733;0
07/01/21 10:00;65.888;-64.143;10.263;68.063;21.937;-90;-21.937;1026.8;169.4;857.4;24.29;3.05;0;924.33;54.634;121.51;0;7.5835;1108.1;0;1108.1;924.33;121.51;54.634;7.5835;0.8342;0.0562;0;0.0068;1100.2;7.876;0;0;1.4709;6.4051;1094.5;2.423;0.3267;0.0429;1.8013;0.252;1096.9;3.3005;2.773;0.3645;0.1595;0.0035;1096.4;921.23;121.1;51.202;0.9228;575.28;457.93;189.53;0.2754;6.2906;90.487;1.901;96.502;0;1;0;0;1.0791;0.9929;1;1;0.9731;0.1554;0.9978;0.9996;1;0.966;0.7855;0.997;0.997;1;0.997;0.997;0.9877;0.9372;0.1217;3.3275;3.4929;0.021;0.0076;0.5563;0.0204;0.0722;0.0151;0;0;0.088;0;2.5808;0;0;0;0;0;0;0;0;0;0;0;0;0.0581;0.0261;2.7161;2.7161;0;70.244;70.244;45.955;0.042;3003.6;904.27;1;0.0474;0.0474;0;0;0;0;0;0;2.6688;2.5808;0;15.55;18.006;14.775;17.109;98.257;98.257;26.593;21.707;20.625;4.8862;1.0817;0.1837;0.0407;0.7756;34.279;0.7309;0
07/01/21 11:00;75.219;-32.04;12.49;82.031;7.9686;-90;-7.9686;1136.4;187.5;948.91;26.2;2.7099;0;958.16;56.885;131.61;0;1.1192;1147.8;0;1147.8;958.16;131.61;56.885;1.1192;0.8348;0.0505;0;0.001;1146.6;1.2165;0;0;0.2827;0.9338;1140.2;2.8843;0.4121;0.0566;2.374;0.0415;1143.1;3.4397;2.8745;0.3948;0.1698;0.0006;1140.4;954.87;131.16;54.059;0.1434;666.06;530.18;220.84;0.0069;7.1713;103.16;0.1823;110.32;0;1;0;0;1.01;0.9989;1;1;0.995;0.1656;0.9975;0.9996;1;0.9579;0.7756;0.997;0.997;1;0.997;0.997;0.9934;0.9503;0.1281;3.4468;3.6523;0.022;0.0114;0.6337;0.0209;0.0741;0.0169;0;0;0.088;0;2.6487;0;0;0;0;0;0;0;0;0;0;0;0;0.0597;0.0284;2.7852;2.7852;0;74.24;74.24;48.041;0.0421;3138.7;887.38;1;0.0485;0.0485;0;0;0;0;0;0;2.7367;2.6487;0;15.394;17.825;14.639;16.952;98.259;98.259;27.547;22.259;21.169;5.2871;1.0907;0.1919;0.0396;0.7685;33.946;0.72;0
07/01/21 12:00;75.942;25.911;12.62;83.756;6.2444;90;6.2444;419.6;396.5;23.1;26.75;2.3999;0;23.238;388.66;6.728;0;0.2539;418.88;0;418.88;23.238;6.728;388.66;0.2539;0.0555;0.9285;0;0.0006;417.36;1.5166;0;0;1.3043;0.2123;399.48;16.631;0.0101;0.0029;16.609;0.0093;416.11;1.2521;0.0697;0.0202;1.1621;0.0001;399.5;23.158;6.7049;369.58;0.0322;248.72;197.98;77.5;0.0144;3.0015;43.175;0.0258;46.162;0;1;0;0;0.9983;0.9964;1;1;0.9966;0.1641;0.96;0.9996;1;0.957;0.7758;0.997;0.997;1;0.997;0.997;0.9537;0.9509;0.1269;1.2579;1.2943;0.0078;0.0092;0.0839;0.0084;0.0296;0.008;0;0;0.088;0;1.0142;0;0;0;0;0;0;0;0;0;0;0;0;0.0239;0.0041;1.1195;1.1195;0;43.192;43.192;16.441;0.0412;1111.1;1007.6;1;0.0174;0.0174;0;0;0;0;0;0;1.1022;1.0142;0;16.955;19.633;15.359;17.785;98.45;98.45;10.053;8.9473;8.1053;1.1058;0.842;0.11;0.0838;0.8063;231.22;0.7485;0
07/01/21 13:00;67.216;61.522;10.641;69.735;20.265;90;20.265;645.7;441;204.7;26.47;2.11;0;218.21;360.14;73.929;0;4.0766;656.35;0;656.35;218.21;73.929;360.14;4.0766;0.3325;0.5549;0;0.0062;644.37;11.984;0;0;8.5545;3.4293;630.12;12.321;0.08;0.0271;12.071;0.1425;642.44;1.9331;0.6546;0.2218;1.0548;0.0019;631.14;217.47;73.68;338.46;0.5029;378.23;301.07;122.24;1.3491;4.3656;62.797;1.0242;65.813;0;1;0;0;1.0165;0.9817;1;1;0.9762;0.1588;0.9808;0.9996;1;0.9656;0.7792;0.997;0.997;1;0.997;0.997;0.96;0.9398;0.1234;1.971;2.0333;0.0122;0.0002;0.1979;0.0128;0.0453;0.0113;0;0;0.088;0;1.5931;0;0;0;0;0;0;0;0;0;0;0;0;0.0364;0.0093;1.708;1.708;0;52.552;52.552;26.082;0.0414;1747;977.65;1;0.0268;0.0268;0;0;0;0;0;0;1.6811;1.5931;0;16.507;19.115;15.398;17.83;98.43;98.43;15.752;13.65;12.732;2.1024;0.9176;0.1335;0.0583;0.8083;224.04;0.7543;0
07/01/21 14:00;55.684;78.013;6.7241;56.27;33.73;90;33.73;858.29;190.2;668.09;26.58;1.97;0;803.32;74.388;131.03;0;14.737;1023.5;0;1023.5;803.32;131.03;74.388;14.737;0.7849;0.0871;0;0.0144;1006.3;17.174;0;0;3.9877;13.187;1000.6;2.7191;0.186;0.0303;2.2681;0.2347;1003.3;3.0189;2.41;0.3931;0.2112;0.0047;1004.7;800.72;130.61;67.921;1.311;444.07;353.48;149.12;1.6914;4.7686;68.594;4.1216;71.672;0;1;0;0;1.1925;0.9832;1;1;0.9464;0.1052;0.9973;0.9998;1;0.9677;0.8482;0.997;0.997;1;0.997;0.997;0.9776;0.9131;0.089;3.0735;3.1706;0.0191;0.0019;0.4867;0.0186;0.0661;0.0115;0;0;0.088;0;2.3615;0;0;0;0;0;0;0;0;0;0;0;0;0.0532;0.0217;2.4917;2.4917;0;68.526;68.526;41.946;0.0419;2727.7;913.49;1;0.0423;0.0423;0;0;0;0;0;0;2.4495;2.3615;0;15.444;17.884;14.637;16.949;98.303;98.303;24.563;19.914;18.873;4.6495;1.0412;0.1893;0.0424;0.7683;50.37;0.7316;0
07/01/21 15:00;43.512;88.389;1.1685;43.524;46.476;90;46.476;803.91;132.3;671.61;26.55;2.0701;0;975.25;34.524;132.74;0;25.53;1168;0;1168;975.25;132.74;34.524;25.53;0.8349;0.0514;0;0.0219;1141.2;26.806;0;0;3.0059;23.801;1136.6;1.1661;0.0392;0.0053;1.0285;0.093;1137.8;3.4237;2.9257;0.3982;0.0946;0.0052;1142.9;972.28;132.33;30.395;1.6312;334.46;266.23;108.36;2.3632;3.9192;56.377;6.2237;57.933;0;1;0;0;1.453;0.9771;1;1;0.9129;0.0677;0.999;1;1;0.9673;0.9461;0.997;0.997;1;0.997;0.997;0.9731;0.8804;0.0639;3.5076;3.561;0.0214;0.0092;0.6211;0.0204;0.0722;0.0092;0;0;0.088;0;2.5872;0;0;0;0;0;0;0;0;0;0;0;0;0.0582;0.0271;2.7222;2.7222;0;74.447;74.447;47.897;0.0421;3065.1;888.15;1;0.047;0.047;0;0;0;0;0;0;2.6752;2.5872;0;14.785;17.12;14.051;16.271;98.273;98.273;28.033;21.756;20.677;6.2767;1.0791;0.2239;0.0385;0.7376;26.048;0.7119;0
07/01/21 16:00;31.268;96.641;5.6727;31.439;58.561;90;58.561;189;184.5;4.4989;26.53;2.58;0;8.6254;139.5;2.1717;0;9.2226;159.52;0;159.52;8.6254;2.1717;139.5;9.2226;0.0541;0.9323;0;0.0578;133.88;25.642;0;0;16.985;8.6573;129.17;4.3053;0.0017;0.0004;4.2698;0.0333;133.48;0.4016;0.0259;0.0065;0.3676;0.0017;133.03;8.5978;2.1648;117.88;0.5302;120.63;96.018;44.814;21.387;2.3757;34.173;3.8563;15.161;0;1;0;0;0.8441;0.8393;1;1;0.8783;0.0613;0.9677;0.9998;1;0.965;0.9409;0.997;0.997;1;0.997;0.997;0.8098;0.845;0.0575;0.479;0.4727;0.0028;0.0181;0.0118;0.0031;0.0109;0.0064;0;0;0.088;0;0.3141;0;0;0;0;0;0;0;0;0;0;0;0;0.0088;0.0007;0.4102;0.4102;0;31.843;31.843;5.3132;0.0411;401.69;1021.1;1;0.008;0.008;0;0;0;0;0;0;0.4021;0.3141;0;16.31;18.887;12.492;14.466;98.046;98.046;3.8286;3.278;2.5106;0.5506;0.7674;0.1438;0.2004;0.6558;119.42;0.5651;0
07/01/21 17:00;19.213;104.25;37.05;19.777;35.368;90;35.368;316.4;134.7;181.7;28.11;3.16;0;440.67;74.452;127.77;0;5.9561;648.85;0;648.85;440.67;127.77;74.452;5.9561;0.6792;0.1239;0;0.0092;639.18;9.67;0;0;4.2998;5.3702;632;5.2618;2.2667;0.6572;2.2572;0.0807;637.26;1.9175;1.322;0.3833;0.2105;0.0018;632.52;437.08;126.73;67.685;0.5035;52.202;41.553;17.73;1.9897;0.6639;9.5506;0.5214;8.2249;0;1;0;0;2.0507;0.9851;1;1;0.9422;0.0984;0.9917;0.9948;1;0.9677;0.8619;0.997;0.997;1;0.997;0.997;0.974;0.9091;0.0845;1.9485;1.9252;0.0116;0.0012;0.1999;0.012;0.0425;0.0017;0;0;0.088;0;1.5007;0;0;0;0;0;0;0;0;0;0;0;0;0.0342;0.0085;1.6137;1.6137;0;54.308;54.308;26.198;0.0415;1658.9;972.74;1;0.0249;0.0249;0;0;0;0;0;0;1.5887;1.5007;0;15.776;18.269;14.672;16.99;98.454;98.454;15.572;12.896;11.994;2.6759;0.9026;0.1718;0.058;0.7702;51.053;0.7618;0
07/01/21 18:00;7.5607;112.01;71.391;8.1472;11.956;90;11.956;47.606;46.696;0.9094;26.19;4.36;0;2.2055;45.964;0.5544;0;0.1053;48.829;0;48.829;2.2055;0.5544;45.964;0.1053;0.0452;0.9435;0;0.0022;48.291;0.5381;0;0;0.4502;0.0879;45.998;2.1478;0.2756;0.0693;1.7989;0.0039;48.146;0.1449;0.0066;0.0017;0.1365;0.0001;46.018;1.9232;0.4835;43.578;0.0134;27.702;22.051;8.6512;0.0262;0.3346;4.8138;0.02;5.1223;0;1;0;0;1.0257;0.989;1;1;0.9902;0.1651;0.9554;0.8746;1;0.9604;0.7746;0.997;0.997;1;0.997;0.997;0.942;0.9481;0.1275;0.1466;0.1488;0.0009;0.0135;0.0017;0.0009;0.0033;0.0009;0;0;0.088;0;0.0319;0;0;0;0;0;0;0;0;0;0;0;0;0.0027;0.0001;0.1248;0.1248;0;28.097;28.097;1.9074;0.0415;125.69;993.05;1;0.0049;0.0049;0;0;0;0;0;0;0.1199;0.0319;0;16.215;18.777;4.145;4.7998;96.066;96.066;1.1719;0.9975;0.255;0.1744;0.7425;0.1488;0.6336;0.2176;27.697;0.2026;0
07/01/21 19:00;1.0452;116.83;87.464;1.1712;1.6703;90;1.6703;0;0;0;22.55;5.92;0;0;0;0;0;0;0;0;0;0;0;0;0;1;1;1;1;0;0;0;0;0;0;0;0;0;0;0;0;0;0;0;0;0;0;0;0;0;0;0;0;0;0;0;0;0;0;0;0;0;0;0;1;1;1;1;1;1;1;1;1;1;1;1;1;1;1;1;1;1;1;0;0;0;0;0;0;0;0;0;0.0004;0.088;0;-0.0884;0;0;0;0;0;0;0;0;0;0;0;0;0;0;0;0;0;0;0;-22.55;0;0;0;0;0.0004;0;0;0;0;0;0;0;-0.0004;-0.0884;0;0;0;0;0;0;0;0;0;-0.7063;0;0.7063;1;1;0;0;0;0
07/01/21 20:00;0;0;90;0;0;90;0;0;0;0;22.56;6.8401;0;0;0;0;0;0;0;0;0;0;0;0;0;1;1;1;1;0;0;0;0;0;0;0;0;0;0;0;0;0;0;0;0;0;0;0;0;0;0;0;0;0;0;0;0;0;0;0;0;0;0;0;1;1;1;1;1;1;1;1;1;1;1;1;1;1;1;1;1;1;1;0;0;0;0;0;0;0;0;0;0.0004;0.088;0;-0.0884;0;0;0;0;0;0;0;0;0;0;0;0;0;0;0;0;0;0;0;-22.56;0;0;0;0;0.0004;0;0;0;0;0;0;0;-0.0004;-0.0884;0;0;0;0;0;0;0;0;0;-0.7063;0;0.7063;1;1;0;0;0;0
07/01/21 21:00;0;0;90;0;0;90;0;0;0;0;20.56;6.79;0;0;0;0;0;0;0;0;0;0;0;0;0;1;1;1;1;0;0;0;0;0;0;0;0;0;0;0;0;0;0;0;0;0;0;0;0;0;0;0;0;0;0;0;0;0;0;0;0;0;0;0;1;1;1;1;1;1;1;1;1;1;1;1;1;1;1;1;1;1;1;0;0;0;0;0;0;0;0;0;0.0004;0.088;0;-0.0884;0;0;0;0;0;0;0;0;0;0;0;0;0;0;0;0;0;0;0;-20.56;0;0;0;0;0.0004;0;0;0;0;0;0;0;-0.0004;-0.0884;0;0;0;0;0;0;0;0;0;-0.7063;0;0.7063;1;1;0;0;0;0
07/01/21 22:00;0;0;90;0;0;90;0;0;0;0;18.26;6.6999;0;0;0;0;0;0;0;0;0;0;0;0;0;1;1;1;1;0;0;0;0;0;0;0;0;0;0;0;0;0;0;0;0;0;0;0;0;0;0;0;0;0;0;0;0;0;0;0;0;0;0;0;1;1;1;1;1;1;1;1;1;1;1;1;1;1;1;1;1;1;1;0;0;0;0;0;0;0;0;0;0.0004;0.088;0;-0.0884;0;0;0;0;0;0;0;0;0;0;0;0;0;0;0;0;0;0;0;-18.26;0;0;0;0;0.0004;0;0;0;0;0;0;0;-0.0004;-0.0884;0;0;0;0;0;0;0;0;0;-0.7063;0;0.7063;1;1;0;0;0;0
07/01/21 23:00;0;0;90;0;0;90;0;0;0;0;17.2;5.9701;0;0;0;0;0;0;0;0;0;0;0;0;0;1;1;1;1;0;0;0;0;0;0;0;0;0;0;0;0;0;0;0;0;0;0;0;0;0;0;0;0;0;0;0;0;0;0;0;0;0;0;0;1;1;1;1;1;1;1;1;1;1;1;1;1;1;1;1;1;1;1;0;0;0;0;0;0;0;0;0;0.0004;0.088;0;-0.0884;0;0;0;0;0;0;0;0;0;0;0;0;0;0;0;0;0;0;0;-17.2;0;0;0;0;0.0004;0;0;0;0;0;0;0;-0.0004;-0.0884;0;0;0;0;0;0;0;0;0;-0.7063;0;0.7063;1;1;0;0;0;0
08/01/21 00:00;0;0;90;0;0;90;0;0;0;0;16.07;5.1701;0;0;0;0;0;0;0;0;0;0;0;0;0;1;1;1;1;0;0;0;0;0;0;0;0;0;0;0;0;0;0;0;0;0;0;0;0;0;0;0;0;0;0;0;0;0;0;0;0;0;0;0;1;1;1;1;1;1;1;1;1;1;1;1;1;1;1;1;1;1;1;0;0;0;0;0;0;0;0;0;0.0004;0.088;0;-0.0884;0;0;0;0;0;0;0;0;0;0;0;0;0;0;0;0;0;0;0;-16.07;0;0;0;0;0.0004;0;0;0;0;0;0;0;-0.0004;-0.0884;0;0;0;0;0;0;0;0;0;-0.7063;0;0.7063;1;1;0;0;0;0
08/01/21 01:00;0;0;90;0;0;90;0;0;0;0;15.4;4.6101;0;0;0;0;0;0;0;0;0;0;0;0;0;1;1;1;1;0;0;0;0;0;0;0;0;0;0;0;0;0;0;0;0;0;0;0;0;0;0;0;0;0;0;0;0;0;0;0;0;0;0;0;1;1;1;1;1;1;1;1;1;1;1;1;1;1;1;1;1;1;1;0;0;0;0;0;0;0;0;0;0.0004;0.088;0;-0.0884;0;0;0;0;0;0;0;0;0;0;0;0;0;0;0;0;0;0;0;-15.4;0;0;0;0;0.0004;0;0;0;0;0;0;0;-0.0004;-0.0884;0;0;0;0;0;0;0;0;0;-0.7063;0;0.7063;1;1;0;0;0;0
08/01/21 02:00;0;0;90;0;0;90;0;0;0;0;14.3;4.18;0;0;0;0;0;0;0;0;0;0;0;0;0;1;1;1;1;0;0;0;0;0;0;0;0;0;0;0;0;0;0;0;0;0;0;0;0;0;0;0;0;0;0;0;0;0;0;0;0;0;0;0;1;1;1;1;1;1;1;1;1;1;1;1;1;1;1;1;1;1;1;0;0;0;0;0;0;0;0;0;0.0004;0.088;0;-0.0884;0;0;0;0;0;0;0;0;0;0;0;0;0;0;0;0;0;0;0;-14.3;0;0;0;0;0.0004;0;0;0;0;0;0;0;-0.0004;-0.0884;0;0;0;0;0;0;0;0;0;-0.7063;0;0.7063;1;1;0;0;0;0
08/01/21 03:00;0;0;90;0;0;90;0;0;0;0;14.6;3.85;0;0;0;0;0;0;0;0;0;0;0;0;0;1;1;1;1;0;0;0;0;0;0;0;0;0;0;0;0;0;0;0;0;0;0;0;0;0;0;0;0;0;0;0;0;0;0;0;0;0;0;0;1;1;1;1;1;1;1;1;1;1;1;1;1;1;1;1;1;1;1;0;0;0;0;0;0;0;0;0;0.0004;0.088;0;-0.0884;0;0;0;0;0;0;0;0;0;0;0;0;0;0;0;0;0;0;0;-14.6;0;0;0;0;0.0004;0;0;0;0;0;0;0;-0.0004;-0.0884;0;0;0;0;0;0;0;0;0;-0.7063;0;0.7063;1;1;0;0;0;0
08/01/21 04:00;0.2847;-117.25;89.309;0.3203;0.4565;-90;-0.4565;0;0;0;14.54;3.72;0;0;0;0;0;0;0;0;0;0;0;0;0;1;1;1;1;0;0;0;0;0;0;0;0;0;0;0;0;0;0;0;0;0;0;0;0;0;0;0;0;0;0;0;0;0;0;0;0;0;0;0;1;1;1;1;1;1;1;1;1;1;1;1;1;1;1;1;1;1;1;0;0;0;0;0;0;0;0;0;0.0004;0.088;0;-0.0884;0;0;0;0;0;0;0;0;0;0;0;0;0;0;0;0;0;0;0;-14.54;0;0;0;0;0.0004;0;0;0;0;0;0;0;-0.0004;-0.0884;0;0;0;0;0;0;0;0;0;-0.7063;0;0.7063;1;1;0;0;0;0
08/01/21 05:00;6.0245;-112.93;75.254;6.5373;9.4913;-90;-9.4913;73.802;23.801;50.001;15.99;5.14;0;121.27;15.661;19.48;0;0.1031;156.51;0;156.51;121.27;19.48;15.661;0.1031;0.7748;0.1007;0;0.0007;156.32;0.1899;0;0;0.1039;0.0859;128.44;27.408;23.061;3.7045;0.6387;0.0038;155.85;0.469;0.3638;0.0584;0.0467;0.0001;128.45;97.842;15.717;14.871;0.0132;9.6604;7.6897;3.0602;0.0037;0.1135;1.6332;0.0036;1.743;0;1;0;0;2.1207;0.9988;1;1;0.9934;0.1662;0.8241;0.8093;1;0.9588;0.7753;0.997;0.997;1;0.997;0.997;0.8207;0.9496;0.1284;0.47;0.3903;0.0023;0.0179;-0.0053;0.0026;0.0093;0.0003;0;0;0.088;0;0.2593;0;0;0;0;0;0;0;0;0;0;0;0;0.0075;0.0005;0.3551;0.3551;0;21.226;21.226;5.2356;0.0408;333.5;1064.9;1;0.0079;0.0079;0;0;0;0;0;0;0.3473;0.2593;0;14.394;16.668;10.509;12.169;97.785;97.785;3.7563;2.8382;2.0721;0.918;0.7662;0.2444;0.204;0.5516;9.3761;0.5474;0
08/01/21 06:00;17.616;-105.11;42.778;18.206;31.06;-90;-31.06;280.3;48.998;231.3;17.79;5.7;0;560.98;20.86;64.337;0;4.0991;650.27;0;650.27;560.98;64.337;20.86;4.0991;0.8627;0.0384;0;0.0063;645.68;4.5916;0;0;0.9798;3.6118;637.71;6.0313;4.7593;0.5458;0.6437;0.0824;643.74;1.937;1.6829;0.193;0.0596;0.0015;637.85;554.53;63.598;19.177;0.4033;15.114;12.031;4.4862;0.3572;0.2201;3.1656;0.1395;3.0285;0;1;0;0;2.3199;0.9929;1;1;0.953;0.1189;0.9906;0.9915;1;0.9675;0.8303;0.997;0.997;1;0.997;0.997;0.9807;0.9193;0.0984;1.9528;1.9278;0.0116;0.0011;0.1288;0.0125;0.0443;0.0006;0;0;0.088;0;1.5696;0;0;0;0;0;0;0;0;0;0;0;0;0.0357;0.0085;1.6847;1.6847;0;43.997;43.997;26.207;0.0411;1659.2;1015.4;1;0.0271;0.0271;0;0;0;0;0;0;1.6576;1.5696;0;16.435;19.031;15.312;17.731;98.393;98.393;15.607;13.464;12.544;2.1424;0.9197;0.1373;0.0589;0.8038;13.851;0.8009;0
08/01/21 07:00;29.637;-97.5;6.516;29.849;60;-90;-60;507.7;83.602;424.1;19.48;4.96;0;852.1;24.608;102.05;0;25.893;1004.6;0;1004.6;852.1;102.05;24.608;25.893;0.8482;0.0503;0;0.0258;977.32;27.328;0;0;3.0969;24.231;973.31;1.0823;0.1912;0.0229;0.7583;0.1099;974.39;2.932;2.5563;0.3061;0.0645;0.005;977.01;849.35;101.72;20.689;1.5472;104.84;83.45;35.941;4.1206;1.3198;18.984;3.7056;16.183;0;1;0;0;1.9788;0.9728;1;1;0.8742;0.0642;0.9989;0.9998;1;0.9646;0.9337;0.997;0.997;1;0.997;0.997;0.9688;0.8407;0.0598;3.017;2.9827;0.018;-0.0003;0.3667;0.0182;0.0645;0.0033;0;0;0.088;0;2.311;0;0;0;0;0;0;0;0;0;0;0;0;0.0519;0.0193;2.441;2.441;0;59.994;59.994;40.514;0.0416;2569;950.18;1;0.042;0.042;0;0;0;0;0;0;2.399;2.311;0;15.413;17.848;14.592;16.898;98.279;98.279;24.112;19.508;18.469;4.6031;1.039;0.1909;0.0431;0.766;21.429;0.7553;0
08/01/21 08:00;41.871;-89.366;0.4722;41.873;48.127;-90;-48.127;726.3;119.8;606.49;20.9;3.8901;0;908.63;35.591;115.53;0;24.634;1084.4;0;1084.4;908.63;115.53;35.591;24.634;0.8379;0.0555;0;0.0227;1058.2;26.219;0;0;3.2541;22.965;1053.8;1.155;0.0148;0.0019;1.061;0.0773;1055;3.1745;2.7259;0.3466;0.097;0.005;1059.7;905.89;115.18;31.179;1.586;290.68;231.38;93.412;2.7476;3.5009;50.358;5.8601;51.112;0;1;0;0;1.493;0.9758;1;1;0.9086;0.0677;0.9989;1;1;0.9671;0.9535;0.997;0.997;1;0.997;0.997;0.9718;0.876;0.0644;3.2564;3.2979;0.0199;0.0039;0.463;0.0197;0.0698;0.0086;0;0;0.088;0;2.4994;0;0;0;0;0;0;0;0;0;0;0;0;0.0562;0.0234;2.6335;2.6335;0;64.952;64.952;44.052;0.0418;2837.8;928;1;0.0461;0.0461;0;0;0;0;0;0;2.5874;2.4994;0;15.406;17.84;14.622;16.932;98.251;98.251;26.025;21.047;19.976;4.9782;1.0714;0.1913;0.0412;0.7675;27.282;0.7418;0
08/01/21 09:00;54.069;-79.361;6.2197;54.54;35.46;-90;-35.46;901.5;148.8;752.7;22.3;3.0299;0;924.11;46.103;120.29;0;17.055;1107.6;0;1107.6;924.11;120.29;46.103;17.055;0.8344;0.057;0;0.0154;1089.5;18.014;0;0;2.6689;15.345;1084.4;1.8524;0.1979;0.0258;1.3975;0.2312;1086.3;3.2686;2.7723;0.3609;0.1303;0.0051;1089.2;921.14;119.91;41.907;1.4735;453.81;361.23;152.59;1.2464;4.8284;69.455;4.7269;73.037;0;1;0;0;1.2286;0.9837;1;1;0.9421;0.1003;0.9983;0.9998;1;0.9677;0.8644;0.997;0.997;1;0.997;0.997;0.9791;0.909;0.0864;3.326;3.4268;0.0206;0.0063;0.515;0.0202;0.0716;0.0117;0;0;0.088;0;2.5633;0;0;0;0;0;0;0;0;0;0;0;0;0.0577;0.0252;2.6986;2.6986;0;67.738;67.738;45.438;0.0419;2948.4;915.29;1;0.0473;0.0473;0;0;0;0;0;0;2.6513;2.5633;0;15.456;17.898;14.682;17.001;98.249;98.249;26.581;21.567;20.486;5.0142;1.081;0.1886;0.0407;0.7707;31.636;0.7361;0
08/01/21 10:00;65.729;-64.026;10.371;67.934;22.066;-90;-22.066;1027.9;169.6;858.29;23.68;2.51;0;926.13;54.417;122.05;0;7.6796;1110.3;0;1110.3;926.13;122.05;54.417;7.6796;0.8341;0.0559;0;0.0069;1102.3;7.9685;0;0;1.4789;6.4897;1096.6;2.4203;0.3308;0.0436;1.792;0.254;1099;3.3069;2.7784;0.3662;0.1588;0.0036;1098.5;923.02;121.64;50.988;0.9323;575.5;458.1;189.64;0.2802;6.2906;90.487;1.9279;96.498;0;1;0;0;1.0802;0.9928;1;1;0.9728;0.1549;0.9978;0.9996;1;0.966;0.7859;0.997;0.997;1;0.997;0.997;0.9877;0.937;0.1214;3.3342;3.4994;0.0211;0.0078;0.5504;0.0204;0.0725;0.0151;0;0;0.088;0;2.5918;0;0;0;0;0;0;0;0;0;0;0;0;0.0584;0.0262;2.7275;2.7275;0;69.704;69.704;46.023;0.042;3009.2;906.4;1;0.0477;0.0477;0;0;0;0;0;0;2.6798;2.5918;0;15.584;18.046;14.809;17.148;98.252;98.252;26.647;21.798;20.714;4.8484;1.0844;0.182;0.0407;0.7774;34.166;0.7327;0
08/01/21 11:00;75.054;-32.129;12.616;81.92;8.0801;-90;-8.0801;1093.7;180.5;913.2;24.86;2.19;0;922.36;59.352;122.06;0;1.1075;1104.9;0;1104.9;922.36;122.06;59.352;1.1075;0.8348;0.0547;0;0.001;1103.7;1.2257;0;0;0.3018;0.924;1097.4;2.9678;0.4007;0.053;2.473;0.0411;1100.3;3.311;2.7671;0.3662;0.1772;0.0006;1097.6;919.19;121.64;56.4;0.1419;640.95;510.2;212.47;0.0076;6.9045;99.318;0.1819;106.21;0;1;0;0;1.0102;0.9989;1;1;0.9949;0.1657;0.9973;0.9996;1;0.958;0.7756;0.997;0.997;1;0.997;0.997;0.9932;0.9503;0.1281;3.318;3.5151;0.0212;0.0081;0.5689;0.0204;0.0724;0.0165;0;0;0.088;0;2.5875;0;0;0;0;0;0;0;0;0;0;0;0;0.0583;0.0264;2.7229;2.7229;0;70.965;70.965;46.105;0.042;3022;901.04;1;0.0474;0.0474;0;0;0;0;0;0;2.6755;2.5875;0;15.634;18.103;14.856;17.203;98.259;98.259;26.517;21.762;20.679;4.7556;1.0823;0.1793;0.0408;0.7798;35.426;0.7307;0
08/01/21 12:00;75.855;25.33;12.761;83.846;6.1539;90;6.1539;1102;181.8;920.21;25.71;1.89;0;925.54;59.416;122.92;0;0.6477;1108.5;0;1108.5;925.54;122.92;59.416;0.6477;0.8349;0.0542;0;0.0006;1107.8;0.7363;0;0;0.1948;0.5415;1101.4;3.0265;0.4067;0.054;2.542;0.0237;1104.5;3.3234;2.7766;0.3688;0.1777;0.0003;1101.5;922.36;122.5;56.501;0.0822;647.58;515.47;211.28;0.0022;7.1952;103.5;0.0858;110.69;0;1;0;0;1.0059;0.9993;1;1;0.9967;0.164;0.9973;0.9996;1;0.9569;0.7759;0.997;0.997;1;0.997;0.997;0.9936;0.9509;0.1269;3.3289;3.5359;0.0213;0.0086;0.5857;0.0204;0.0725;0.0171;0;0;0.088;0;2.5898;0;0;0;0;0;0;0;0;0;0;0;0;0.0584;0.0267;2.7251;2.7251;0;72.027;72.027;46.317;0.0421;3039.4;896.61;1;0.0473;0.0473;0;0;0;0;0;0;2.6778;2.5898;0;15.595;18.059;14.82;17.162;98.263;98.263;26.605;21.779;20.698;4.8252;1.0817;0.1814;0.0407;0.778;35.343;0.7271;0
08/01/21 13:00;67.206;61.093;10.794;69.803;20.197;90;20.197;1039.1;171.5;867.6;26.91;1.63;0;924.45;55.412;121.82;0;6.5172;1108.2;0;1108.2;924.45;121.82;55.412;6.5172;0.8342;0.0559;0;0.0059;1101.4;6.7902;0;0;1.3092;5.481;1095.6;2.4757;0.3436;0.0453;1.8586;0.2283;1098.1;3.3042;2.7733;0.3655;0.1623;0.0031;1097.2;921.33;121.41;52.082;0.8048;587.11;467.34;194.19;0.2065;6.3655;91.566;1.5941;97.725;0;1;0;0;1.0665;0.9939;1;1;0.9764;0.159;0.9977;0.9996;1;0.9655;0.779;0.997;0.997;1;0.997;0.997;0.9887;0.9399;0.1235;3.3279;3.4978;0.0211;0.0077;0.5922;0.0201;0.0714;0.0151;0;0;0.088;0;2.5521;0;0;0;0;0;0;0;0;0;0;0;0;0.0575;0.0262;2.6864;2.6864;0;73.02;73.02;46.11;0.0421;3007.9;893.14;1;0.0463;0.0463;0;0;0;0;0;0;2.6401;2.5521;0;15.378;17.807;14.609;16.917;98.275;98.275;26.597;21.47;20.396;5.1268;1.0736;0.1928;0.0404;0.7669;34.46;0.7222;0
08/01/21 14:00;55.701;77.719;6.8843;56.315;33.685;90;33.685;914.49;159.3;755.19;26.73;1.41;0;907.57;51.43;123.97;0;15.661;1098.6;0;1098.6;907.57;123.97;51.43;15.661;0.8261;0.0611;0;0.0143;1081.9;16.762;0;0;2.7511;14.011;1076.6;2.0634;0.2152;0.0294;1.5684;0.2504;1078.6;3.2456;2.7227;0.3719;0.146;0.005;1080.9;904.63;123.57;46.964;1.3952;469.92;374.06;157.84;1.1654;5.0032;71.969;4.3497;75.807;0;1;0;0;1.2014;0.9847;1;1;0.9465;0.1054;0.9981;0.9998;1;0.9677;0.8478;0.997;0.997;1;0.997;0.997;0.9799;0.9132;0.0891;3.2992;3.4073;0.0205;0.0059;0.5648;0.0197;0.0699;0.0119;0;0;0.088;0;2.5002;0;0;0;0;0;0;0;0;0;0;0;0;0.0563;0.0249;2.6334;2.6334;0;71.998;71.998;45.268;0.042;2932.1;898.15;1;0.0452;0.0452;0;0;0;0;0;0;2.5882;2.5002;0;15.206;17.608;14.437;16.717;98.283;98.283;26.367;21.047;19.982;5.3207;1.0647;0.2018;0.0404;0.7578;34.812;0.7224;0
08/01/21 15:00;43.535;88.161;1.3327;43.55;46.45;90;46.45;736.3;155.1;581.2;27.76;1.38;0;843.56;52.69;134.55;0;23.358;1054.2;0;1054.2;843.56;134.55;52.69;23.358;0.8002;0.0721;0;0.0222;1027.8;26.358;0;0;4.5837;21.775;1023;1.6999;0.0387;0.0062;1.5697;0.0853;1024.7;3.0834;2.5307;0.4037;0.1443;0.0047;1028.8;840.99;134.14;46.393;1.4931;312.33;248.62;101.68;3.5956;3.7186;53.49;5.8131;53.613;0;1;0;0;1.4317;0.975;1;1;0.913;0.0678;0.9983;1;1;0.9673;0.946;0.997;0.997;1;0.997;0.997;0.9705;0.8805;0.0639;3.1656;3.2115;0.0193;0.0025;0.5184;0.0187;0.0663;0.0089;0;0;0.088;0;2.3714;0;0;0;0;0;0;0;0;0;0;0;0;0.0534;0.0223;2.5016;2.5016;0;70.727;70.727;42.967;0.042;2765.1;904.73;1;0.0423;0.0423;0;0;0;0;0;0;2.4594;2.3714;0;15.054;17.432;14.27;16.525;98.31;98.31;25.3;19.993;18.952;5.3066;1.0413;0.2097;0.0412;0.7491;39.745;0.7217;0
08/01/21 16:00;31.289;96.448;5.5068;31.451;58.549;90;58.549;528.7;153.5;375.2;27.57;1.94;0;719.11;57.024;150.56;0;25.79;952.48;0;952.48;719.11;150.56;57.024;25.79;0.755;0.0869;0;0.0271;921.33;31.151;0;0;6.9408;24.21;916.56;2.0033;0.1364;0.0286;1.7453;0.0931;918.56;2.764;2.1573;0.4517;0.1503;0.0047;921.52;716.81;150.08;48.188;1.4827;145.75;116.01;48.713;8.742;2.1121;30.382;4.9606;23.752;0;1;0;0;1.8015;0.9673;1;1;0.8783;0.0613;0.9978;0.9998;1;0.965;0.9409;0.997;0.997;1;0.997;0.997;0.9623;0.845;0.0575;2.8603;2.8396;0.0171;-0.0013;0.4103;0.0169;0.0599;0.0052;0;0;0.088;0;2.1405;0;0;0;0;0;0;0;0;0;0;0;0;0.0482;0.0176;2.2657;2.2657;0;65.909;65.909;38.339;0.0418;2445;926.7;1;0.0372;0.0372;0;0;0;0;0;0;2.2285;2.1405;0;15.09;17.474;14.256;16.508;98.358;98.358;22.859;18.108;17.107;4.7517;1.0006;0.2079;0.0438;0.7484;48.81;0.7309;0
08/01/21 17:00;19.227;104.08;36.996;19.777;35.369;90;35.369;299.9;149;150.9;26.5;3;0;365.97;91.347;117.29;0;5.6456;580.26;0;580.26;365.97;117.29;91.347;5.6456;0.6307;0.1672;0;0.0097;569.89;10.366;0;0;5.2758;5.0903;562.87;5.3166;1.871;0.5997;2.7694;0.0765;568.18;1.7097;1.0979;0.3519;0.2582;0.0017;563.51;363;116.34;83.044;0.4772;63.615;50.638;21.538;2.441;0.8146;11.718;0.6398;10.091;0;1;0;0;1.9349;0.9821;1;1;0.9422;0.0984;0.9906;0.9949;1;0.9677;0.8619;0.997;0.997;1;0.997;0.997;0.97;0.9091;0.0845;1.7425;1.7219;0.0104;0.0034;0.151;0.0109;0.0387;0.0021;0;0;0.088;0;1.357;0;0;0;0;0;0;0;0;0;0;0;0;0.0311;0.0069;1.4675;1.4675;0;49.753;49.753;23.253;0.0413;1482;990.18;1;0.0225;0.0225;0;0;0;0;0;0;1.445;1.357;0;16.043;18.577;14.835;17.179;98.468;98.468;13.926;11.728;10.845;2.1983;0.8829;0.1579;0.0634;0.7787;62.639;0.7671;0
08/01/21 18:00;7.5635;111.84;71.384;8.1408;11.945;90;11.945;85.698;77.302;8.3958;24.74;4.43;0;20.362;73.01;8.4711;0;0.1893;102.03;0;102.03;20.362;8.4711;73.01;0.1893;0.1996;0.7174;0;0.0019;101.16;0.8721;0;0;0.714;0.158;94.392;6.4659;2.543;1.0579;2.858;0.007;100.86;0.3035;0.0611;0.0254;0.2169;0.0001;94.423;17.758;7.3878;69.222;0.0241;44.051;35.065;13.737;0.0414;0.5334;7.6728;0.0317;8.1648;0;1;0;0;1.1906;0.9915;1;1;0.9902;0.1651;0.9359;0.8747;1;0.9603;0.7746;0.997;0.997;1;0.997;0.997;0.9251;0.9481;0.1275;0.3064;0.3006;0.0018;0.0171;0.004;0.0019;0.0069;0.0014;0;0;0.088;0;0.167;0;0;0;0;0;0;0;0;0;0;0;0;0.0056;0.0004;0.2615;0.2615;0;28.624;28.624;3.884;0.0411;256.02;1021.5;1;0.0065;0.0065;0;0;0;0;0;0;0.255;0.167;0;16.259;18.827;10.383;12.023;97.51;97.51;2.4488;2.09;1.3347;0.3588;0.7553;0.1465;0.3085;0.545;43.993;0.516;0
08/01/21 19:00;1.0394;116.66;87.478;1.1631;1.6586;90;1.6586;0;0;0;21.8;6.03;0;0;0;0;0;0;0;0;0;0;0;0;0;1;1;1;1;0;0;0;0;0;0;0;0;0;0;0;0;0;0;0;0;0;0;0;0;0;0;0;0;0;0;0;0;0;0;0;0;0;0;0;1;1;1;1;1;1;1;1;1;1;1;1;1;1;1;1;1;1;1;0;0;0;0;0;0;0;0;0;0.0004;0.088;0;-0.0884;0;0;0;0;0;0;0;0;0;0;0;0;0;0;0;0;0;0;0;-21.8;0;0;0;0;0.0004;0;0;0;0;0;0;0;-0.0004;-0.0884;0;0;0;0;0;0;0;0;0;-0.7063;0;0.7063;1;1;0;0;0;0
08/01/21 20:00;0;0;90;0;0;90;0;0;0;0;20.2;6.2101;0;0;0;0;0;0;0;0;0;0;0;0;0;1;1;1;1;0;0;0;0;0;0;0;0;0;0;0;0;0;0;0;0;0;0;0;0;0;0;0;0;0;0;0;0;0;0;0;0;0;0;0;1;1;1;1;1;1;1;1;1;1;1;1;1;1;1;1;1;1;1;0;0;0;0;0;0;0;0;0;0.0004;0.088;0;-0.0884;0;0;0;0;0;0;0;0;0;0;0;0;0;0;0;0;0;0;0;-20.2;0;0;0;0;0.0004;0;0;0;0;0;0;0;-0.0004;-0.0884;0;0;0;0;0;0;0;0;0;-0.7063;0;0.7063;1;1;0;0;0;0
08/01/21 21:00;0;0;90;0;0;90;0;0;0;0;18.95;5.85;0;0;0;0;0;0;0;0;0;0;0;0;0;1;1;1;1;0;0;0;0;0;0;0;0;0;0;0;0;0;0;0;0;0;0;0;0;0;0;0;0;0;0;0;0;0;0;0;0;0;0;0;1;1;1;1;1;1;1;1;1;1;1;1;1;1;1;1;1;1;1;0;0;0;0;0;0;0;0;0;0.0004;0.088;0;-0.0884;0;0;0;0;0;0;0;0;0;0;0;0;0;0;0;0;0;0;0;-18.95;0;0;0;0;0.0004;0;0;0;0;0;0;0;-0.0004;-0.0884;0;0;0;0;0;0;0;0;0;-0.7063;0;0.7063;1;1;0;0;0;0
08/01/21 22:00;0;0;90;0;0;90;0;0;0;0;18.6;5.5701;0;0;0;0;0;0;0;0;0;0;0;0;0;1;1;1;1;0;0;0;0;0;0;0;0;0;0;0;0;0;0;0;0;0;0;0;0;0;0;0;0;0;0;0;0;0;0;0;0;0;0;0;1;1;1;1;1;1;1;1;1;1;1;1;1;1;1;1;1;1;1;0;0;0;0;0;0;0;0;0;0.0004;0.088;0;-0.0884;0;0;0;0;0;0;0;0;0;0;0;0;0;0;0;0;0;0;0;-18.6;0;0;0;0;0.0004;0;0;0;0;0;0;0;-0.0004;-0.0884;0;0;0;0;0;0;0;0;0;-0.7063;0;0.7063;1;1;0;0;0;0
08/01/21 23:00;0;0;90;0;0;90;0;0;0;0;18.14;5.04;0;0;0;0;0;0;0;0;0;0;0;0;0;1;1;1;1;0;0;0;0;0;0;0;0;0;0;0;0;0;0;0;0;0;0;0;0;0;0;0;0;0;0;0;0;0;0;0;0;0;0;0;1;1;1;1;1;1;1;1;1;1;1;1;1;1;1;1;1;1;1;0;0;0;0;0;0;0;0;0;0.0004;0.088;0;-0.0884;0;0;0;0;0;0;0;0;0;0;0;0;0;0;0;0;0;0;0;-18.14;0;0;0;0;0.0004;0;0;0;0;0;0;0;-0.0004;-0.0884;0;0;0;0;0;0;0;0;0;-0.7063;0;0.7063;1;1;0;0;0;0
09/01/21 00:00;0;0;90;0;0;90;0;0;0;0;17.06;4.49;0;0;0;0;0;0;0;0;0;0;0;0;0;1;1;1;1;0;0;0;0;0;0;0;0;0;0;0;0;0;0;0;0;0;0;0;0;0;0;0;0;0;0;0;0;0;0;0;0;0;0;0;1;1;1;1;1;1;1;1;1;1;1;1;1;1;1;1;1;1;1;0;0;0;0;0;0;0;0;0;0.0004;0.088;0;-0.0884;0;0;0;0;0;0;0;0;0;0;0;0;0;0;0;0;0;0;0;-17.06;0;0;0;0;0.0004;0;0;0;0;0;0;0;-0.0004;-0.0884;0;0;0;0;0;0;0;0;0;-0.7063;0;0.7063;1;1;0;0;0;0
09/01/21 01:00;0;0;90;0;0;90;0;0;0;0;16.2;4.03;0;0;0;0;0;0;0;0;0;0;0;0;0;1;1;1;1;0;0;0;0;0;0;0;0;0;0;0;0;0;0;0;0;0;0;0;0;0;0;0;0;0;0;0;0;0;0;0;0;0;0;0;1;1;1;1;1;1;1;1;1;1;1;1;1;1;1;1;1;1;1;0;0;0;0;0;0;0;0;0;0.0004;0.088;0;-0.0884;0;0;0;0;0;0;0;0;0;0;0;0;0;0;0;0;0;0;0;-16.2;0;0;0;0;0.0004;0;0;0;0;0;0;0;-0.0004;-0.0884;0;0;0;0;0;0;0;0;0;-0.7063;0;0.7063;1;1;0;0;0;0
09/01/21 02:00;0;0;90;0;0;90;0;0;0;0;15.2;3.6501;0;0;0;0;0;0;0;0;0;0;0;0;0;1;1;1;1;0;0;0;0;0;0;0;0;0;0;0;0;0;0;0;0;0;0;0;0;0;0;0;0;0;0;0;0;0;0;0;0;0;0;0;1;1;1;1;1;1;1;1;1;1;1;1;1;1;1;1;1;1;1;0;0;0;0;0;0;0;0;0;0.0004;0.088;0;-0.0884;0;0;0;0;0;0;0;0;0;0;0;0;0;0;0;0;0;0;0;-15.2;0;0;0;0;0.0004;0;0;0;0;0;0;0;-0.0004;-0.0884;0;0;0;0;0;0;0;0;0;-0.7063;0;0.7063;1;1;0;0;0;0
09/01/21 03:00;0;0;90;0;0;90;0;0;0;0;14.8;3.4;0;0;0;0;0;0;0;0;0;0;0;0;0;1;1;1;1;0;0;0;0;0;0;0;0;0;0;0;0;0;0;0;0;0;0;0;0;0;0;0;0;0;0;0;0;0;0;0;0;0;0;0;1;1;1;1;1;1;1;1;1;1;1;1;1;1;1;1;1;1;1;0;0;0;0;0;0;0;0;0;0.0004;0.088;0;-0.0884;0;0;0;0;0;0;0;0;0;0;0;0;0;0;0;0;0;0;0;-14.8;0;0;0;0;0.0004;0;0;0;0;0;0;0;-0.0004;-0.0884;0;0;0;0;0;0;0;0;0;-0.7063;0;0.7063;1;1;0;0;0;0
09/01/21 04:00;0.1214;-117.2;89.706;0.1365;0.1945;-90;-0.1945;0;0;0;14.35;3.86;0;0;0;0;0;0;0;0;0;0;0;0;0;1;1;1;1;0;0;0;0;0;0;0;0;0;0;0;0;0;0;0;0;0;0;0;0;0;0;0;0;0;0;0;0;0;0;0;0;0;0;0;1;1;1;1;1;1;1;1;1;1;1;1;1;1;1;1;1;1;1;0;0;0;0;0;0;0;0;0;0.0004;0.088;0;-0.0884;0;0;0;0;0;0;0;0;0;0;0;0;0;0;0;0;0;0;0;-14.35;0;0;0;0;0.0004;0;0;0;0;0;0;0;-0.0004;-0.0884;0;0;0;0;0;0;0;0;0;-0.7063;0;0.7063;1;1;0;0;0;0
09/01/21 05:00;5.8637;-112.88;75.654;6.3603;9.2251;-90;-9.2251;73.704;24.399;49.305;15.2;4.89;0;119.58;15.953;20.232;0;0.0972;155.86;0;155.86;119.58;20.232;15.953;0.0972;0.7672;0.103;0;0.0006;155.68;0.1821;0;0;0.101;0.0811;126.81;28.404;23.732;4.0153;0.6533;0.0036;155.21;0.467;0.3587;0.0607;0.0476;0;126.81;95.487;16.156;15.152;0.0125;9.8281;7.8231;3.1112;0.0034;0.1156;1.6631;0.0034;1.7753;0;1;0;0;2.1147;0.9988;1;1;0.9937;0.1661;0.817;0.8009;1;0.9587;0.7754;0.997;0.997;1;0.997;0.997;0.8136;0.9497;0.1284;0.468;0.3854;0.0023;0.0179;-0.0065;0.0026;0.0092;0.0003;0;0;0.088;0;0.2558;0;0;0;0;0;0;0;0;0;0;0;0;0.0074;0.0005;0.3517;0.3517;0;20.366;20.366;5.1657;0.0407;329.27;1068;1;0.0079;0.0079;0;0;0;0;0;0;0.3438;0.2558;0;14.312;16.574;10.411;12.056;97.765;97.765;3.7406;2.8104;2.0443;0.9303;0.7661;0.2487;0.2048;0.5465;9.5456;0.5422;0
09/01/21 06:00;17.46;-105.04;43.307;18.04;30.642;-90;-30.642;278.9;48.1;230.8;18.3;5.37;0;559.74;20.361;63.57;0;3.972;647.65;0;647.65;559.74;63.57;20.361;3.972;0.8643;0.0376;0;0.0061;643.22;4.4288;0;0;0.936;3.4928;635.1;6.1924;4.9214;0.5589;0.6297;0.0824;641.29;1.9297;1.6792;0.1907;0.0583;0.0014;635.19;553.14;62.82;18.737;0.3954;14.739;11.732;5.0674;0.3327;0.1686;2.4249;0.0985;2.2608;0;1;0;0;2.3222;0.9932;1;1;0.954;0.1207;0.9903;0.9912;1;0.9675;0.8275;0.997;0.997;1;0.997;0.997;0.9806;0.9202;0.0995;1.9449;1.9182;0.0115;0.0012;0.131;0.0124;0.0441;0.0004;0;0;0.088;0;1.5589;0;0;0;0;0;0;0;0;0;0;0;0;0.0355;0.0084;1.6737;1.6737;0;44.409;44.409;26.109;0.0411;1651.1;1013.7;1;0.0268;0.0268;0;0;0;0;0;0;1.6469;1.5589;0;16.394;18.984;15.269;17.681;98.397;98.397;15.544;13.376;12.459;2.1672;0.9178;0.1394;0.059;0.8015;13.48;0.7993;0
09/01/21 07:00;29.484;-97.411;6.4538;29.69;60;-90;-60;505.3;83.203;422.1;20.74;4.44;0;852.17;24.489;102.06;0;25.77;1004.5;0;1004.5;852.17;102.06;24.489;25.77;0.8484;0.05;0;0.0257;977.29;27.198;0;0;3.082;24.116;973.28;1.0761;0.1894;0.0227;0.7546;0.1094;974.36;2.9319;2.5565;0.3062;0.0642;0.005;976.97;849.43;101.73;20.589;1.5398;102.46;81.554;34.834;4.1006;1.3135;18.894;3.688;16.107;0;1;0;0;1.9879;0.9729;1;1;0.8742;0.0642;0.9989;0.9998;1;0.9646;0.9337;0.997;0.997;1;0.997;0.997;0.9689;0.8407;0.0598;3.0165;2.9824;0.018;-0.0003;0.3807;0.0181;0.0641;0.0033;0;0;0.088;0;2.298;0;0;0;0;0;0;0;0;0;0;0;0;0.0517;0.0193;2.4275;2.4275;0;61.297;61.297;40.557;0.0417;2568.5;945.11;1;0.0415;0.0415;0;0;0;0;0;0;2.386;2.298;0;15.331;17.752;14.512;16.805;98.289;98.289;24.108;19.401;18.366;4.7068;1.0353;0.1952;0.0429;0.7618;21.325;0.7512;0
09/01/21 08:00;41.72;-89.258;0.5536;41.722;48.278;-90;-48.278;720.01;118.8;601.21;22.33;3.24;0;903.37;35.614;114.24;0;24.565;1077.8;0;1077.8;903.37;114.24;35.614;24.565;0.8382;0.0558;0;0.0228;1051.6;26.176;0;0;3.271;22.905;1047.3;1.1573;0.0172;0.0022;1.0618;0.0761;1048.5;3.1548;2.7101;0.3427;0.097;0.005;1053.1;900.64;113.9;31.184;1.5782;287.05;228.49;92.154;2.7793;3.4676;49.88;5.8414;50.568;0;1;0;0;1.4969;0.9757;1;1;0.9082;0.0675;0.9989;1;1;0.9671;0.954;0.997;0.997;1;0.997;0.997;0.9717;0.8756;0.0642;3.2366;3.2771;0.0197;0.0035;0.4744;0.0195;0.069;0.0085;0;0;0.088;0;2.4707;0;0;0;0;0;0;0;0;0;0;0;0;0.0556;0.0231;2.6039;2.6039;0;66.152;66.152;43.822;0.0418;2820.5;923.21;1;0.0452;0.0452;0;0;0;0;0;0;2.5587;2.4707;0;15.326;17.747;14.542;16.839;98.263;98.263;25.867;20.81;19.746;5.0567;1.0647;0.1955;0.0412;0.7634;27.339;0.7378;0
09/01/21 09:00;53.915;-79.232;6.3175;54.398;35.602;-90;-35.602;899.61;148.4;751.21;23.98;2.13;0;923.9;45.939;120.19;0;17.151;1107.2;0;1107.2;923.9;120.19;45.939;17.151;0.8345;0.057;0;0.0155;1089.1;18.118;0;0;2.676;15.442;1083.9;1.8481;0.201;0.0261;1.392;0.229;1085.8;3.2672;2.7717;0.3606;0.1298;0.0051;1088.7;920.93;119.8;41.742;1.4753;452.1;359.87;152.03;1.2591;4.8107;69.2;4.7561;72.752;0;1;0;0;1.2307;0.9836;1;1;0.9417;0.0997;0.9983;0.9998;1;0.9677;0.8656;0.997;0.997;1;0.997;0.997;0.979;0.9086;0.086;3.3249;3.4249;0.0206;0.0062;0.5361;0.02;0.071;0.0116;0;0;0.088;0;2.5424;0;0;0;0;0;0;0;0;0;0;0;0;0.0572;0.0252;2.677;2.677;0;69.463;69.463;45.483;0.042;2947.1;908.34;1;0.0465;0.0465;0;0;0;0;0;0;2.6304;2.5424;0;15.338;17.761;14.567;16.868;98.261;98.261;26.572;21.395;20.319;5.1777;1.0753;0.1949;0.0405;0.7647;31.559;0.7305;0
09/01/21 10:00;65.566;-63.895;10.487;67.806;22.194;-90;-22.194;1028.7;169.7;858.99;25.06;1.22;0;927.73;54.187;122.5;0;7.7743;1112.2;0;1112.2;927.73;122.5;54.187;7.7743;0.8341;0.0557;0;0.007;1104.1;8.0597;0;0;1.4864;6.5733;1098.4;2.4174;0.335;0.0442;1.7822;0.2558;1100.8;3.3124;2.7832;0.3675;0.1581;0.0036;1100.4;924.61;122.09;50.761;0.9416;575.55;458.14;189.7;0.285;6.2887;90.46;1.9546;96.464;0;1;0;0;1.0812;0.9928;1;1;0.9726;0.1545;0.9978;0.9996;1;0.9661;0.7863;0.997;0.997;1;0.997;0.997;0.9876;0.9368;0.1211;3.3399;3.5049;0.0211;0.0079;0.5705;0.0203;0.0721;0.015;0;0;0.088;0;2.5784;0;0;0;0;0;0;0;0;0;0;0;0;0.0581;0.0263;2.7136;2.7136;0;71.218;71.218;46.158;0.042;3014;900.32;1;0.0472;0.0472;0;0;0;0;0;0;2.6664;2.5784;0;15.478;17.923;14.706;17.03;98.261;98.261;26.693;21.687;20.607;5.0057;1.0803;0.1875;0.0405;0.772;34.045;0.7277;0
09/01/21 11:00;74.883;-32.199;12.749;81.809;8.1909;-90;-8.1909;1098;181.2;916.8;26.49;0.76;0;926.25;58.991;123.16;0;1.1425;1109.5;0;1109.5;926.25;123.16;58.991;1.1425;0.8348;0.0542;0;0.001;1108.3;1.2599;0;0;0.3067;0.9531;1102;2.957;0.4067;0.0541;2.4539;0.0424;1105;3.3249;2.7788;0.3695;0.1761;0.0006;1102.2;923.07;122.74;56.055;0.1464;643.35;512.11;213.28;0.008;6.9293;99.676;0.1893;106.6;0;1;0;0;1.0105;0.9989;1;1;0.9948;0.1657;0.9973;0.9996;1;0.9581;0.7756;0.997;0.997;1;0.997;0.997;0.9932;0.9502;0.1282;3.332;3.5298;0.0212;0.0085;0.5955;0.0203;0.0721;0.0164;0;0;0.088;0;2.5762;0;0;0;0;0;0;0;0;0;0;0;0;0.0581;0.0266;2.7111;2.7111;0;72.863;72.863;46.373;0.0421;3034.6;893.41;1;0.0469;0.0469;0;0;0;0;0;0;2.6642;2.5762;0;15.5;17.949;14.729;17.056;98.269;98.269;26.629;21.667;20.589;4.9619;1.0783;0.1863;0.0405;0.7732;35.219;0.7245;0
09/01/21 12:00;75.759;24.75;12.909;83.935;6.0653;90;6.0653;1099.6;181.4;918.2;27.54;1;0;923.37;59.494;122.42;0;0.6279;1105.9;0;1105.9;923.37;122.42;59.494;0.6279;0.8349;0.0544;0;0.0006;1105.2;0.7155;0;0;0.1906;0.5249;1098.9;3.0362;0.4105;0.0544;2.5482;0.023;1101.9;3.3156;2.7701;0.3673;0.1779;0.0003;1098.9;920.19;122;56.577;0.0796;646.24;514.4;214.64;0.002;6.9335;99.736;0.078;106.67;0;1;0;0;1.0057;0.9994;1;1;0.9968;0.164;0.9972;0.9996;1;0.9569;0.7759;0.997;0.997;1;0.997;0.997;0.9936;0.951;0.1268;3.3211;3.5201;0.0212;0.0082;0.6061;0.0202;0.0716;0.0163;0;0;0.088;0;2.5579;0;0;0;0;0;0;0;0;0;0;0;0;0.0577;0.0265;2.6923;2.6923;0;73.817;73.817;46.277;0.0421;3026.2;889.66;1;0.0464;0.0464;0;0;0;0;0;0;2.6459;2.5579;0;15.443;17.883;14.673;16.99;98.278;98.278;26.542;21.517;20.443;5.0251;1.0739;0.1893;0.0405;0.7702;35.385;0.7215;0
09/01/21 13:00;67.19;60.653;10.953;69.867;20.133;90;20.133;1037.9;171.4;866.49;28.56;1.32;0;922.88;55.511;121.57;0;6.4685;1106.4;0;1106.4;922.88;121.57;55.511;6.4685;0.8341;0.056;0;0.0058;1099.7;6.7435;0;0;1.3048;5.4387;1093.9;2.4841;0.3481;0.0459;1.8631;0.227;1096.4;3.2991;2.7686;0.3647;0.1626;0.0031;1095.5;919.76;121.16;52.18;0.7997;586.61;466.94;194;0.2044;6.3613;91.505;1.5812;97.662;0;1;0;0;1.066;0.9939;1;1;0.9765;0.1592;0.9977;0.9996;1;0.9655;0.7789;0.997;0.997;1;0.997;0.997;0.9887;0.94;0.1236;3.3226;3.4924;0.021;0.0076;0.6122;0.02;0.0708;0.0149;0;0;0.088;0;2.5292;0;0;0;0;0;0;0;0;0;0;0;0;0.057;0.0261;2.6628;2.6628;0;74.66;74.66;46.1;0.0421;3003.2;886.64;1;0.0456;0.0456;0;0;0;0;0;0;2.6172;2.5292;0;15.267;17.679;14.501;16.792;98.288;98.288;26.554;21.281;20.213;5.2735;1.0676;0.1986;0.0402;0.7612;34.511;0.7168;0
09/01/21 14:00;55.711;77.415;7.0506;56.357;33.643;90;33.643;913.91;159.5;754.41;29.49;1.62;0;906.19;51.608;123.93;0;15.614;1097.3;0;1097.3;906.19;123.93;51.608;15.614;0.8258;0.0613;0;0.0142;1080.6;16.721;0;0;2.7553;13.965;1075.3;2.0748;0.22;0.0301;1.5741;0.2506;1077.4;3.2419;2.7186;0.3718;0.1466;0.0049;1079.6;903.25;123.53;47.133;1.3927;469.85;374;157.8;1.1645;5.0028;71.963;4.3356;75.802;0;1;0;0;1.2007;0.9848;1;1;0.9466;0.1056;0.9981;0.9998;1;0.9677;0.8475;0.997;0.997;1;0.997;0.997;0.9799;0.9133;0.0892;3.2953;3.4035;0.0205;0.0058;0.599;0.0194;0.069;0.0117;0;0;0.088;0;2.4656;0;0;0;0;0;0;0;0;0;0;0;0;0.0555;0.0249;2.5977;2.5977;0;74.81;74.81;45.32;0.0421;2928.9;886.92;1;0.0441;0.0441;0;0;0;0;0;0;2.5536;2.4656;0;15.017;17.389;14.253;16.505;98.303;98.303;26.336;20.76;19.705;5.5757;1.0555;0.2117;0.0401;0.7482;34.922;0.7132;0
09/01/21 15:00;43.553;87.926;1.5027;43.572;46.428;90;46.428;736.71;154.9;581.81;29.97;1.8201;0;844.11;52.568;134.43;0;23.35;1054.5;0;1054.5;844.11;134.43;52.568;23.35;0.8005;0.072;0;0.0221;1028.1;26.337;0;0;4.57;21.767;1023.3;1.7022;0.0437;0.007;1.566;0.0855;1025;3.0844;2.5323;0.4033;0.144;0.0048;1029.1;841.53;134.02;46.288;1.4931;312.62;248.85;101.78;3.5815;3.7204;53.517;5.811;53.656;0;1;0;0;1.4313;0.975;1;1;0.9131;0.0678;0.9983;0.9999;1;0.9673;0.9459;0.997;0.997;1;0.997;0.997;0.9705;0.8805;0.0639;3.1665;3.2125;0.0193;0.0025;0.5456;0.0185;0.0657;0.0088;0;0;0.088;0;2.3475;0;0;0;0;0;0;0;0;0;0;0;0;0.0529;0.0223;2.4769;2.4769;0;73.033;73.033;43.063;0.0421;2766.4;895.35;1;0.0415;0.0415;0;0;0;0;0;0;2.4355;2.3475;0;14.901;17.255;14.122;16.353;98.326;98.326;25.307;19.796;18.761;5.5114;1.0347;0.2178;0.0409;0.7413;39.644;0.7142;0
09/01/21 16:00;31.305;96.248;5.3355;31.457;58.543;90;58.543;524.6;157.7;366.9;30.32;1.95;0;703.08;59.968;151.17;0;25.585;939.8;0;939.8;703.08;151.17;59.968;25.585;0.7481;0.091;0;0.0272;908.48;31.315;0;0;7.298;24.017;903.67;2.0846;0.1292;0.0278;1.8353;0.0923;905.76;2.7254;2.1092;0.4535;0.158;0.0047;908.65;700.84;150.69;50.677;1.4709;146.62;116.71;49.142;9.1895;2.1416;30.806;4.9801;23.758;0;1;0;0;1.7915;0.9667;1;1;0.8783;0.0613;0.9977;0.9998;1;0.965;0.941;0.997;0.997;1;0.997;0.997;0.9616;0.8451;0.0575;2.8222;2.8017;0.0169;-0.0016;0.4282;0.0165;0.0585;0.0052;0;0;0.088;0;2.0899;0;0;0;0;0;0;0;0;0;0;0;0;0.0471;0.0171;2.2137;2.2137;0;68.192;68.192;37.872;0.0419;2412.1;917.73;1;0.0358;0.0358;0;0;0;0;0;0;2.1779;2.0899;0;14.942;17.303;14.107;16.336;98.385;98.385;22.555;17.692;16.703;4.8634;0.9891;0.2156;0.0439;0.7405;51.326;0.7228;0
09/01/21 17:00;19.236;103.9;36.962;19.772;35.354;90;35.354;296.69;151.5;145.19;30.02;1.6799;0;352.14;94.592;114.71;0;5.5805;567.02;0;567.02;352.14;114.71;94.592;5.5805;0.621;0.1767;0;0.0098;556.53;10.491;0;0;5.4594;5.0313;549.54;5.3211;1.7933;0.5842;2.8679;0.0757;554.86;1.6696;1.0564;0.3441;0.2674;0.0016;550.2;349.29;113.78;85.997;0.4719;65.799;52.376;22.265;2.5238;0.8433;12.13;0.6618;10.45;0;1;0;0;1.9111;0.9815;1;1;0.9423;0.0984;0.9904;0.9949;1;0.9677;0.8618;0.997;0.997;1;0.997;0.997;0.9692;0.9091;0.0846;1.7028;1.6827;0.0101;0.0039;0.1661;0.0105;0.0373;0.0022;0;0;0.088;0;1.3067;0;0;0;0;0;0;0;0;0;0;0;0;0.03;0.0066;1.416;1.416;0;52.783;52.783;22.763;0.0414;1448.2;977.73;1;0.0213;0.0213;0;0;0;0;0;0;1.3947;1.3067;0;15.841;18.344;14.619;16.928;98.497;98.497;13.608;11.316;10.443;2.292;0.8734;0.1684;0.0642;0.7674;64.856;0.7553;0
09/01/21 18:00;7.5609;111.67;71.39;8.1283;11.926;90;11.926;83.491;76.098;7.3927;29.05;2.19;0;17.929;72.281;7.3459;0;0.1838;97.74;0;97.74;17.929;7.3459;72.281;0.1838;0.1834;0.7414;0;0.0019;96.881;0.8585;0;0;0.705;0.1535;90.595;5.996;2.2407;0.9181;2.8304;0.0068;96.591;0.2906;0.0538;0.022;0.2147;0.0001;90.626;15.635;6.4058;68.531;0.0234;43.602;34.707;13.624;0.0408;0.5262;7.5695;0.0312;8.055;0;1;0;0;1.1707;0.9912;1;1;0.9902;0.1651;0.9379;0.8746;1;0.9603;0.7746;0.997;0.997;1;0.997;0.997;0.9269;0.9481;0.1275;0.2935;0.2889;0.0017;0.0169;0.0083;0.0018;0.0065;0.0014;0;0;0.088;0;0.1525;0;0;0;0;0;0;0;0;0;0;0;0;0.0052;0.0003;0.2467;0.2467;0;32.793;32.793;3.7428;0.0413;246.06;1002.5;1;0.0062;0.0062;0;0;0;0;0;0;0.2405;0.1525;0;16.009;18.538;9.8945;11.458;97.482;97.482;2.3458;1.9713;1.2184;0.3744;0.7529;0.1596;0.321;0.5194;43.551;0.4909;0
09/01/21 19:00;1.0281;116.49;87.506;1.1486;1.638;90;1.638;0;0;0;25.16;2.4601;0;0;0;0;0;0;0;0;0;0;0;0;0;1;1;1;1;0;0;0;0;0;0;0;0;0;0;0;0;0;0;0;0;0;0;0;0;0;0;0;0;0;0;0;0;0;0;0;0;0;0;0;1;1;1;1;1;1;1;1;1;1;1;1;1;1;1;1;1;1;1;0;0;0;0;0;0;0;0;0;0.0004;0.088;0;-0.0884;0;0;0;0;0;0;0;0;0;0;0;0;0;0;0;0;0;0;0;-25.16;0;0;0;0;0.0004;0;0;0;0;0;0;0;-0.0004;-0.0884;0;0;0;0;0;0;0;0;0;-0.7063;0;0.7063;1;1;0;0;0;0
09/01/21 20:00;0;0;90;0;0;90;0;0;0;0;20.84;2.3199;0;0;0;0;0;0;0;0;0;0;0;0;0;1;1;1;1;0;0;0;0;0;0;0;0;0;0;0;0;0;0;0;0;0;0;0;0;0;0;0;0;0;0;0;0;0;0;0;0;0;0;0;1;1;1;1;1;1;1;1;1;1;1;1;1;1;1;1;1;1;1;0;0;0;0;0;0;0;0;0;0.0004;0.088;0;-0.0884;0;0;0;0;0;0;0;0;0;0;0;0;0;0;0;0;0;0;0;-20.84;0;0;0;0;0.0004;0;0;0;0;0;0;0;-0.0004;-0.0884;0;0;0;0;0;0;0;0;0;-0.7063;0;0.7063;1;1;0;0;0;0
09/01/21 21:00;0;0;90;0;0;90;0;0;0;0;19.02;1.6099;0;0;0;0;0;0;0;0;0;0;0;0;0;1;1;1;1;0;0;0;0;0;0;0;0;0;0;0;0;0;0;0;0;0;0;0;0;0;0;0;0;0;0;0;0;0;0;0;0;0;0;0;1;1;1;1;1;1;1;1;1;1;1;1;1;1;1;1;1;1;1;0;0;0;0;0;0;0;0;0;0.0004;0.088;0;-0.0884;0;0;0;0;0;0;0;0;0;0;0;0;0;0;0;0;0;0;0;-19.02;0;0;0;0;0.0004;0;0;0;0;0;0;0;-0.0004;-0.0884;0;0;0;0;0;0;0;0;0;-0.7063;0;0.7063;1;1;0;0;0;0
09/01/21 22:00;0;0;90;0;0;90;0;0;0;0;18.28;0.37;0;0;0;0;0;0;0;0;0;0;0;0;0;1;1;1;1;0;0;0;0;0;0;0;0;0;0;0;0;0;0;0;0;0;0;0;0;0;0;0;0;0;0;0;0;0;0;0;0;0;0;0;1;1;1;1;1;1;1;1;1;1;1;1;1;1;1;1;1;1;1;0;0;0;0;0;0;0;0;0;0.0004;0.088;0;-0.0884;0;0;0;0;0;0;0;0;0;0;0;0;0;0;0;0;0;0;0;-18.28;0;0;0;0;0.0004;0;0;0;0;0;0;0;-0.0004;-0.0884;0;0;0;0;0;0;0;0;0;-0.7063;0;0.7063;1;1;0;0;0;0
09/01/21 23:00;0;0;90;0;0;90;0;0;0;0;16.84;1.7599;0;0;0;0;0;0;0;0;0;0;0;0;0;1;1;1;1;0;0;0;0;0;0;0;0;0;0;0;0;0;0;0;0;0;0;0;0;0;0;0;0;0;0;0;0;0;0;0;0;0;0;0;1;1;1;1;1;1;1;1;1;1;1;1;1;1;1;1;1;1;1;0;0;0;0;0;0;0;0;0;0.0004;0.088;0;-0.0884;0;0;0;0;0;0;0;0;0;0;0;0;0;0;0;0;0;0;0;-16.84;0;0;0;0;0.0004;0;0;0;0;0;0;0;-0.0004;-0.0884;0;0;0;0;0;0;0;0;0;-0.7063;0;0.7063;1;1;0;0;0;0
10/01/21 00:00;0;0;90;0;0;90;0;0;0;0;16.59;2.7701;0;0;0;0;0;0;0;0;0;0;0;0;0;1;1;1;1;0;0;0;0;0;0;0;0;0;0;0;0;0;0;0;0;0;0;0;0;0;0;0;0;0;0;0;0;0;0;0;0;0;0;0;1;1;1;1;1;1;1;1;1;1;1;1;1;1;1;1;1;1;1;0;0;0;0;0;0;0;0;0;0.0004;0.088;0;-0.0884;0;0;0;0;0;0;0;0;0;0;0;0;0;0;0;0;0;0;0;-16.59;0;0;0;0;0.0004;0;0;0;0;0;0;0;-0.0004;-0.0884;0;0;0;0;0;0;0;0;0;-0.7063;0;0.7063;1;1;0;0;0;0
10/01/21 01:00;0;0;90;0;0;90;0;0;0;0;16.71;3.48;0;0;0;0;0;0;0;0;0;0;0;0;0;1;1;1;1;0;0;0;0;0;0;0;0;0;0;0;0;0;0;0;0;0;0;0;0;0;0;0;0;0;0;0;0;0;0;0;0;0;0;0;1;1;1;1;1;1;1;1;1;1;1;1;1;1;1;1;1;1;1;0;0;0;0;0;0;0;0;0;0.0004;0.088;0;-0.0884;0;0;0;0;0;0;0;0;0;0;0;0;0;0;0;0;0;0;0;-16.71;0;0;0;0;0.0004;0;0;0;0;0;0;0;-0.0004;-0.0884;0;0;0;0;0;0;0;0;0;-0.7063;0;0.7063;1;1;0;0;0;0
10/01/21 02:00;0;0;90;0;0;90;0;0;0;0;16.8;3.8299;0;0;0;0;0;0;0;0;0;0;0;0;0;1;1;1;1;0;0;0;0;0;0;0;0;0;0;0;0;0;0;0;0;0;0;0;0;0;0;0;0;0;0;0;0;0;0;0;0;0;0;0;1;1;1;1;1;1;1;1;1;1;1;1;1;1;1;1;1;1;1;0;0;0;0;0;0;0;0;0;0.0004;0.088;0;-0.0884;0;0;0;0;0;0;0;0;0;0;0;0;0;0;0;0;0;0;0;-16.8;0;0;0;0;0.0004;0;0;0;0;0;0;0;-0.0004;-0.0884;0;0;0;0;0;0;0;0;0;-0.7063;0;0.7063;1;1;0;0;0;0
10/01/21 03:00;0;0;90;0;0;90;0;0;0;0;17.1;3.7599;0;0;0;0;0;0;0;0;0;0;0;0;0;1;1;1;1;0;0;0;0;0;0;0;0;0;0;0;0;0;0;0;0;0;0;0;0;0;0;0;0;0;0;0;0;0;0;0;0;0;0;0;1;1;1;1;1;1;1;1;1;1;1;1;1;1;1;1;1;1;1;0;0;0;0;0;0;0;0;0;0.0004;0.088;0;-0.0884;0;0;0;0;0;0;0;0;0;0;0;0;0;0;0;0;0;0;0;-17.1;0;0;0;0;0.0004;0;0;0;0;0;0;0;-0.0004;-0.0884;0;0;0;0;0;0;0;0;0;-0.7063;0;0.7063;1;1;0;0;0;0
10/01/21 04:00;0.137;-117;89.668;0.1537;0.2191;-90;-0.2191;0;0;0;15.1;4.0501;0;0;0;0;0;0;0;0;0;0;0;0;0;1;1;1;1;0;0;0;0;0;0;0;0;0;0;0;0;0;0;0;0;0;0;0;0;0;0;0;0;0;0;0;0;0;0;0;0;0;0;0;1;1;1;1;1;1;1;1;1;1;1;1;1;1;1;1;1;1;1;0;0;0;0;0;0;0;0;0;0.0004;0.088;0;-0.0884;0;0;0;0;0;0;0;0;0;0;0;0;0;0;0;0;0;0;0;-15.1;0;0;0;0;0.0004;0;0;0;0;0;0;0;-0.0004;-0.0884;0;0;0;0;0;0;0;0;0;-0.7063;0;0.7063;1;1;0;0;0;0
10/01/21 05:00;5.7002;-112.81;76.061;6.1801;8.9547;-90;-8.9547;68;26.501;41.498;15.3;4.2901;0;100.65;18.543;19.026;0;0.0845;138.3;0;138.3;100.65;19.026;18.543;0.0845;0.7277;0.1347;0;0.0006;138.12;0.1822;0;0;0.1117;0.0705;112.13;25.577;20.866;3.9446;0.7625;0.0031;137.7;0.4144;0.3019;0.0571;0.0553;0;112.13;79.477;15.025;17.613;0.0108;11.33;9.0187;3.5701;0.0035;0.1343;1.9324;0.0036;2.0632;0;1;0;0;2.0338;0.9987;1;1;0.994;0.166;0.8143;0.7921;1;0.9585;0.7754;0.997;0.997;1;0.997;0.997;0.8107;0.9499;0.1283;0.4153;0.3418;0.0021;0.0175;-0.0064;0.0023;0.0082;0.0004;0;0;0.088;0;0.2153;0;0;0;0;0;0;0;0;0;0;0;0;0.0066;0.0004;0.3108;0.3108;0;19.871;19.871;4.5712;0.0408;291.72;1065.2;1;0.0074;0.0074;0;0;0;0;0;0;0.3033;0.2153;0;14.254;16.506;9.8779;11.438;97.618;97.618;3.3192;2.4835;1.7211;0.8357;0.7624;0.2518;0.2297;0.5185;11.088;0.5132;0
10/01/21 06:00;17.302;-104.95;43.839;17.87;30.222;-90;-30.222;267.19;51.2;215.99;20.16;3.96;0;523.85;23.166;63.895;0;3.7044;614.61;0;614.61;523.85;63.895;23.166;3.7044;0.8523;0.0437;0;0.006;610.32;4.2927;0;0;1.0419;3.2508;602.34;6.1472;4.7684;0.5816;0.718;0.0792;608.49;1.831;1.5715;0.1917;0.0664;0.0014;602.45;517.51;63.122;21.339;0.373;16.479;13.117;5.6202;0.3608;0.1907;2.7433;0.1081;2.5732;0;1;0;0;2.3002;0.993;1;1;0.955;0.1224;0.9899;0.9909;1;0.9674;0.8248;0.997;0.997;1;0.997;0.997;0.98;0.9212;0.1007;1.8457;1.8203;0.011;0.0023;0.1279;0.0118;0.0417;0.0005;0;0;0.088;0;1.4709;0;0;0;0;0;0;0;0;0;0;0;0;0.0336;0.0076;1.584;1.584;0;44.938;44.938;24.778;0.0411;1567.2;1010.8;1;0.0251;0.0251;0;0;0;0;0;0;1.5589;1.4709;0;16.349;18.932;15.182;17.581;98.418;98.418;14.751;12.659;11.756;2.0913;0.9036;0.1418;0.0613;0.797;15.292;0.7943;0
10/01/21 07:00;29.329;-97.313;6.389;29.53;60;-90;-60;491;82.903;408.1;23.6;2.6101;0;827.97;25.475;99.284;0;25.041;977.77;0;977.77;827.97;99.284;25.475;25.041;0.8468;0.0517;0;0.0256;951.13;26.64;0;0;3.2061;23.434;947.19;1.0953;0.1822;0.0218;0.785;0.1063;948.28;2.8534;2.4839;0.2979;0.0668;0.0048;950.86;825.31;98.965;21.418;1.4963;98.766;78.618;33.615;4.2653;1.2842;18.472;3.6732;15.491;0;1;0;0;1.9914;0.9728;1;1;0.8742;0.0642;0.9988;0.9998;1;0.9646;0.9337;0.997;0.997;1;0.997;0.997;0.9687;0.8407;0.0598;2.9363;2.9028;0.0175;-0.0009;0.39;0.0175;0.062;0.0032;0;0;0.088;0;2.218;0;0;0;0;0;0;0;0;0;0;0;0;0.0499;0.0184;2.3454;2.3454;0;63.128;63.128;39.529;0.0417;2500.5;937.99;1;0.0394;0.0394;0;0;0;0;0;0;2.306;2.218;0;15.217;17.621;14.39;16.664;98.321;98.321;23.467;18.745;17.727;4.7219;1.0181;0.2012;0.0434;0.7554;22.184;0.7449;0
10/01/21 08:00;41.566;-89.142;0.642;41.569;48.431;-90;-48.431;700.8;115.4;585.41;25.79;1.38;0;882.26;35.983;108.72;0;24.052;1051;0;1051;882.26;108.72;35.983;24.052;0.8394;0.0571;0;0.0229;1025.3;25.751;0;0;3.32;22.431;1021;1.1684;0.0195;0.0024;1.0729;0.0736;1022.2;3.0758;2.6468;0.3262;0.098;0.0049;1026.7;879.6;108.39;31.492;1.5419;278.61;221.77;89.376;2.8387;3.379;48.606;5.7241;49.146;0;1;0;0;1.4997;0.9755;1;1;0.9077;0.0674;0.9989;1;1;0.9671;0.9545;0.997;0.997;1;0.997;0.997;0.9715;0.8752;0.0641;3.1562;3.1949;0.0192;0.0023;0.4911;0.0188;0.0666;0.0082;0;0;0.088;0;2.3823;0;0;0;0;0;0;0;0;0;0;0;0;0.0536;0.022;2.5131;2.5131;0;68.597;68.597;42.807;0.0419;2750.6;913.67;1;0.0428;0.0428;0;0;0;0;0;0;2.4703;2.3823;0;15.168;17.565;14.379;16.651;98.297;98.297;25.224;20.085;19.039;5.1396;1.0453;0.2038;0.0414;0.7548;27.663;0.7295;0
10/01/21 09:00;53.759;-79.093;6.4224;54.256;35.744;-90;-35.744;872.1;143.5;728.6;27.98;1.2701;0;897.7;46.791;113.16;0;16.756;1074.4;0;1074.4;897.7;113.16;46.791;16.756;0.8355;0.0591;0;0.0156;1056.6;17.839;0;0;2.7428;15.096;1051.5;1.8611;0.1985;0.025;1.4172;0.2203;1053.4;3.1697;2.6931;0.3395;0.1321;0.005;1056.2;894.81;112.8;42.499;1.435;437.87;348.55;147.26;1.2999;4.6638;67.087;4.6524;70.451;0;1;0;0;1.232;0.9834;1;1;0.9414;0.0991;0.9982;0.9998;1;0.9677;0.8669;0.997;0.997;1;0.997;0.997;0.9787;0.9083;0.0856;3.2264;3.3226;0.02;0.0043;0.5536;0.0192;0.0681;0.0111;0;0;0.088;0;2.436;0;0;0;0;0;0;0;0;0;0;0;0;0.0549;0.0237;2.5676;2.5676;0;72.201;72.201;44.221;0.0421;2859.8;897.85;1;0.0437;0.0437;0;0;0;0;0;0;2.524;2.436;0;15.16;17.555;14.383;16.655;98.299;98.299;25.786;20.52;19.468;5.2654;1.0523;0.2042;0.0408;0.755;32.181;0.7213;0
10/01/21 10:00;65.401;-63.749;10.61;67.677;22.323;-90;-22.323;1001.3;164.9;836.4;29.21;1.64;0;904.17;55.277;116.18;0;7.6544;1083.3;0;1083.3;904.17;116.18;55.277;7.6544;0.8347;0.0581;0;0.0071;1075.3;8.0058;0;0;1.5305;6.4754;1069.6;2.4393;0.3304;0.0424;1.8159;0.2506;1072;3.2258;2.7125;0.3485;0.1612;0.0035;1071.5;901.12;115.79;51.77;0.9249;559.98;445.75;184.59;0.2967;6.1184;88.01;1.9276;93.832;0;1;0;0;1.0819;0.9926;1;1;0.9723;0.154;0.9977;0.9996;1;0.9661;0.7868;0.997;0.997;1;0.997;0.997;0.9874;0.9365;0.1208;3.2531;3.4129;0.0205;0.006;0.5939;0.0195;0.0693;0.0144;0;0;0.088;0;2.4761;0;0;0;0;0;0;0;0;0;0;0;0;0.0558;0.025;2.6084;2.6084;0;74.269;74.269;45.059;0.0421;2935.5;888.59;1;0.0444;0.0444;0;0;0;0;0;0;2.5641;2.4761;0;15.275;17.688;14.5;16.79;98.299;98.299;25.999;20.847;19.789;5.1519;1.0579;0.1982;0.0407;0.7611;34.754;0.7175;0
10/01/21 11:00;74.707;-32.249;12.889;81.699;8.3009;-90;-8.3009;1064.2;175.4;888.81;30.5;1.8399;0;898.22;60.574;115.72;0;1.1372;1075.6;0;1075.6;898.22;115.72;60.574;1.1372;0.835;0.0574;0;0.0011;1074.4;1.2706;0;0;0.322;0.9487;1068.1;3.0079;0.3987;0.0514;2.5157;0.0422;1071.2;3.2231;2.6947;0.3472;0.1808;0.0006;1068.3;895.12;115.32;57.556;0.1458;623.47;496.28;206.65;0.0086;6.7176;96.631;0.1899;103.34;0;1;0;0;1.0108;0.9988;1;1;0.9947;0.1658;0.9972;0.9996;1;0.9581;0.7755;0.997;0.997;1;0.997;0.997;0.993;0.9502;0.1282;3.2302;3.4214;0.0206;0.0062;0.6112;0.0195;0.0691;0.0157;0;0;0.088;0;2.4665;0;0;0;0;0;0;0;0;0;0;0;0;0.0556;0.0251;2.5985;2.5985;0;75.546;75.546;45.046;0.0422;2941.9;883.24;1;0.044;0.044;0;0;0;0;0;0;2.5545;2.4665;0;15.324;17.745;14.546;16.844;98.307;98.307;25.816;20.767;19.712;5.0486;1.0549;0.1956;0.0409;0.7636;36.172;0.7155;0
10/01/21 12:00;75.655;24.174;13.064;84.021;5.9787;90;5.9787;1078.7;178;900.7;32.03;1.9001;0;905.63;60.59;117.89;0;0.5985;1084.7;0;1084.7;905.63;117.89;60.59;0.5985;0.8349;0.0564;0;0.0006;1084;0.69;0;0;0.1897;0.5004;1077.7;3.0804;0.4074;0.053;2.5981;0.0219;1080.8;3.252;2.7169;0.3537;0.1812;0.0003;1077.8;902.5;117.48;57.621;0.0759;634.03;504.69;210.55;0.0019;6.8048;97.884;0.0731;104.69;0;1;0;0;1.0056;0.9994;1;1;0.9969;0.1639;0.9971;0.9995;1;0.9569;0.7759;0.997;0.997;1;0.997;0.997;0.9935;0.951;0.1268;3.2574;3.4524;0.0208;0.0068;0.6419;0.0195;0.0691;0.0158;0;0;0.088;0;2.4658;0;0;0;0;0;0;0;0;0;0;0;0;0.0556;0.0255;2.5975;2.5975;0;77.554;77.554;45.524;0.0422;2968.6;875;1;0.0437;0.0437;0;0;0;0;0;0;2.5538;2.4658;0;15.191;17.591;14.421;16.699;98.316;98.316;26.033;20.759;19.706;5.2735;1.0529;0.2026;0.0404;0.757;36.032;0.7091;0
10/01/21 13:00;67.167;60.202;11.119;69.929;20.071;90;20.071;1028.8;171.4;857.41;32.28;1.87;0;912.85;56.653;120.28;0;6.3732;1096.2;0;1096.2;912.85;120.28;56.653;6.3732;0.8328;0.0575;0;0.0058;1089.5;6.6825;0;0;1.3252;5.3573;1083.7;2.5224;0.3495;0.0461;1.9027;0.2241;1086.2;3.2684;2.7385;0.3608;0.166;0.003;1085.2;909.76;119.87;53.259;0.7887;581.7;463.03;192.34;0.2062;6.3105;90.773;1.557;96.878;0;1;0;0;1.0655;0.9939;1;1;0.9766;0.1594;0.9977;0.9996;1;0.9655;0.7787;0.997;0.997;1;0.997;0.997;0.9886;0.9401;0.1238;3.2917;3.46;0.0208;0.0069;0.6499;0.0195;0.0691;0.0146;0;0;0.088;0;2.4662;0;0;0;0;0;0;0;0;0;0;0;0;0.0556;0.0256;2.598;2.598;0;78.078;78.078;45.798;0.0423;2968;875;1;0.0438;0.0438;0;0;0;0;0;0;2.5542;2.4662;0;15.035;17.41;14.273;16.527;98.316;98.316;26.308;20.763;19.71;5.5446;1.053;0.2108;0.04;0.7492;35.21;0.7055;0
10/01/21 14:00;55.716;77.102;7.2231;56.395;33.605;90;33.605;911.09;160.4;750.7;33.68;1.8301;0;901.34;52.374;123.97;0;15.532;1093.2;0;1093.2;901.34;123.97;52.374;15.532;0.8245;0.0621;0;0.0142;1076.5;16.681;0;0;2.7913;13.89;1071.2;2.1029;0.2242;0.0308;1.5977;0.2502;1073.3;3.2296;2.704;0.3719;0.1487;0.0049;1075.5;898.41;123.56;47.836;1.387;468.69;373.08;157.41;1.1772;4.992;71.808;4.3129;75.623;0;1;0;0;1.1999;0.9847;1;1;0.9467;0.1057;0.998;0.9998;1;0.9677;0.8472;0.997;0.997;1;0.997;0.997;0.9799;0.9134;0.0893;3.2829;3.3907;0.0204;0.0056;0.6485;0.019;0.0674;0.0115;0;0;0.088;0;2.4089;0;0;0;0;0;0;0;0;0;0;0;0;0.0543;0.0247;2.5393;2.5393;0;78.984;78.984;45.304;0.0423;2899.2;875;1;0.0424;0.0424;0;0;0;0;0;0;2.4969;2.4089;0;14.735;17.063;13.978;16.187;98.331;98.331;26.237;20.294;19.252;5.9427;1.0421;0.2265;0.0397;0.7338;35.43;0.6994;0
10/01/21 15:00;43.566;87.683;1.6784;43.589;46.411;90;46.411;737.61;154.4;583.21;33.79;1.7599;0;845.87;52.23;134.26;0;23.362;1055.7;0;1055.7;845.87;134.26;52.23;23.362;0.8012;0.0716;0;0.0221;1029.4;26.315;0;0;4.5381;21.777;1024.6;1.6983;0.0489;0.0078;1.556;0.0857;1026.3;3.0882;2.5376;0.4028;0.1431;0.0048;1030.4;843.28;133.85;45.992;1.4943;313.02;249.16;101.91;3.5539;3.7231;53.555;5.8122;53.724;0;1;0;0;1.4313;0.9751;1;1;0.9131;0.0678;0.9983;0.9999;1;0.9673;0.9458;0.997;0.997;1;0.997;0.997;0.9705;0.8806;0.064;3.1703;3.2164;0.0194;0.0026;0.5934;0.0182;0.0646;0.0087;0;0;0.088;0;2.3072;0;0;0;0;0;0;0;0;0;0;0;0;0.052;0.0223;2.4353;2.4353;0;77.052;77.052;43.261;0.0422;2770.1;879.13;1;0.0401;0.0401;0;0;0;0;0;0;2.3952;2.3072;0;14.633;16.945;13.864;16.054;98.354;98.354;25.337;19.463;18.439;5.8743;1.0236;0.2318;0.0404;0.7278;39.383;0.7011;0
10/01/21 16:00;31.316;96.042;5.159;31.458;58.542;90;58.542;523.29;159;364.29;34.63;1.63;0;698.05;60.91;151.29;0;25.521;935.77;0;935.77;698.05;151.29;60.91;25.521;0.746;0.0924;0;0.0273;904.4;31.369;0;0;7.4123;23.957;899.58;2.107;0.124;0.0269;1.8641;0.092;901.69;2.7132;2.0941;0.4539;0.1605;0.0047;904.57;695.83;150.81;51.473;1.4672;146.89;116.93;49.275;9.3329;2.1511;30.942;4.9865;23.76;0;1;0;0;1.7882;0.9665;1;1;0.8783;0.0613;0.9977;0.9998;1;0.965;0.941;0.997;0.997;1;0.997;0.997;0.9613;0.8451;0.0575;2.8101;2.7897;0.0168;-0.0016;0.4699;0.0161;0.0572;0.0051;0;0;0.088;0;2.0409;0;0;0;0;0;0;0;0;0;0;0;0;0.0461;0.017;2.1631;2.1631;0;72.465;72.465;37.835;0.0421;2403.1;900.13;1;0.0342;0.0342;0;0;0;0;0;0;2.1289;2.0409;0;14.663;16.98;13.835;16.021;98.42;98.42;22.459;17.287;16.311;5.1713;0.9764;0.2303;0.0435;0.7263;52.131;0.7087;0
10/01/21 17:00;19.24;103.71;36.948;19.761;35.321;90;35.321;334.49;118.2;216.29;33.65;1.25;0;524.57;57.411;133.31;0;6.2804;721.57;0;721.57;524.57;133.31;57.411;6.2804;0.727;0.0883;0;0.0087;712.6;8.9702;0;0;3.3088;5.6614;705.29;5.1712;2.6671;0.6778;1.7408;0.0855;710.47;2.1378;1.5737;0.3999;0.1623;0.0019;705.7;520.33;132.23;52.199;0.5317;40.683;32.383;13.885;1.5277;0.5116;7.3588;0.4007;6.3427;0;1;0;0;2.1572;0.9876;1;1;0.9424;0.0986;0.9927;0.9949;1;0.9677;0.8615;0.997;0.997;1;0.997;0.997;0.9774;0.9092;0.0847;2.1669;2.141;0.0129;-0.0007;0.2898;0.0129;0.0457;0.0013;0;0;0.088;0;1.6175;0;0;0;0;0;0;0;0;0;0;0;0;0.0368;0.0104;1.732;1.732;0;63.093;63.093;29.443;0.0417;1848;937.24;1;0.0265;0.0265;0;0;0;0;0;0;1.7055;1.6175;0;15.227;17.633;14.22;16.467;98.469;98.469;17.318;13.842;12.927;3.4754;0.9152;0.2007;0.0528;0.7465;39.354;0.7408;0
10/01/21 18:00;7.5529;111.49;71.411;8.1098;11.897;90;11.897;0;0;0;-0.0001;1.32;0;0;0;0;0;0;0;0;0;0;0;0;0;1;1;1;1;0;0;0;0;0;0;0;0;0;0;0;0;0;0;0;0;0;0;0;0;0;0;0;0;0;0;0;0;0;0;0;0;0;0;0;1;1;1;1;1;1;1;1;1;1;1;1;1;1;1;1;1;1;1;0;0;0;0;0;0;0;0;0;0.0004;0.088;0;-0.0884;0;0;0;0;0;0;0;0;0;0;0;0;0;0;0;0;0;0;0;0.0001;0;0;0;0;0.0004;0;0;0;0;0;0;0;-0.0004;-0.0884;0;0;0;0;0;0;0;0;0;-0.7063;0;0.7063;1;1;0;0;0;0
10/01/21 19:00;1.0111;116.31;87.547;1.1279;1.6084;90;1.6084;0;0;0;-0.0001;1.3;0;0;0;0;0;0;0;0;0;0;0;0;0;1;1;1;1;0;0;0;0;0;0;0;0;0;0;0;0;0;0;0;0;0;0;0;0;0;0;0;0;0;0;0;0;0;0;0;0;0;0;0;1;1;1;1;1;1;1;1;1;1;1;1;1;1;1;1;1;1;1;0;0;0;0;0;0;0;0;0;0.0004;0.088;0;-0.0884;0;0;0;0;0;0;0;0;0;0;0;0;0;0;0;0;0;0;0;0.0001;0;0;0;0;0.0004;0;0;0;0;0;0;0;-0.0004;-0.0884;0;0;0;0;0;0;0;0;0;-0.7063;0;0.7063;1;1;0;0;0;0
10/01/21 20:00;0;0;90;0;0;90;0;0;0;0;-0.0001;0.83;0;0;0;0;0;0;0;0;0;0;0;0;0;1;1;1;1;0;0;0;0;0;0;0;0;0;0;0;0;0;0;0;0;0;0;0;0;0;0;0;0;0;0;0;0;0;0;0;0;0;0;0;1;1;1;1;1;1;1;1;1;1;1;1;1;1;1;1;1;1;1;0;0;0;0;0;0;0;0;0;0.0004;0.088;0;-0.0884;0;0;0;0;0;0;0;0;0;0;0;0;0;0;0;0;0;0;0;0.0001;0;0;0;0;0.0004;0;0;0;0;0;0;0;-0.0004;-0.0884;0;0;0;0;0;0;0;0;0;-0.7063;0;0.7063;1;1;0;0;0;0
10/01/21 21:00;0;0;90;0;0;90;0;0;0;0;-0.0001;1.65;0;0;0;0;0;0;0;0;0;0;0;0;0;1;1;1;1;0;0;0;0;0;0;0;0;0;0;0;0;0;0;0;0;0;0;0;0;0;0;0;0;0;0;0;0;0;0;0;0;0;0;0;1;1;1;1;1;1;1;1;1;1;1;1;1;1;1;1;1;1;1;0;0;0;0;0;0;0;0;0;0.0004;0.088;0;-0.0884;0;0;0;0;0;0;0;0;0;0;0;0;0;0;0;0;0;0;0;0.0001;0;0;0;0;0.0004;0;0;0;0;0;0;0;-0.0004;-0.0884;0;0;0;0;0;0;0;0;0;-0.7063;0;0.7063;1;1;0;0;0;0
10/01/21 22:00;0;0;90;0;0;90;0;0;0;0;-0.0001;3.0399;0;0;0;0;0;0;0;0;0;0;0;0;0;1;1;1;1;0;0;0;0;0;0;0;0;0;0;0;0;0;0;0;0;0;0;0;0;0;0;0;0;0;0;0;0;0;0;0;0;0;0;0;1;1;1;1;1;1;1;1;1;1;1;1;1;1;1;1;1;1;1;0;0;0;0;0;0;0;0;0;0.0004;0.088;0;-0.0884;0;0;0;0;0;0;0;0;0;0;0;0;0;0;0;0;0;0;0;0.0001;0;0;0;0;0.0004;0;0;0;0;0;0;0;-0.0004;-0.0884;0;0;0;0;0;0;0;0;0;-0.7063;0;0.7063;1;1;0;0;0;0
10/01/21 23:00;0;0;90;0;0;90;0;0;0;0;-0.0001;4.83;0;0;0;0;0;0;0;0;0;0;0;0;0;1;1;1;1;0;0;0;0;0;0;0;0;0;0;0;0;0;0;0;0;0;0;0;0;0;0;0;0;0;0;0;0;0;0;0;0;0;0;0;1;1;1;1;1;1;1;1;1;1;1;1;1;1;1;1;1;1;1;0;0;0;0;0;0;0;0;0;0.0004;0.088;0;-0.0884;0;0;0;0;0;0;0;0;0;0;0;0;0;0;0;0;0;0;0;0.0001;0;0;0;0;0.0004;0;0;0;0;0;0;0;-0.0004;-0.0884;0;0;0;0;0;0;0;0;0;-0.7063;0;0.7063;1;1;0;0;0;0
11/01/21 00:00;0;0;90;0;0;90;0;0;0;0;-0.0001;5.5701;0;0;0;0;0;0;0;0;0;0;0;0;0;1;1;1;1;0;0;0;0;0;0;0;0;0;0;0;0;0;0;0;0;0;0;0;0;0;0;0;0;0;0;0;0;0;0;0;0;0;0;0;1;1;1;1;1;1;1;1;1;1;1;1;1;1;1;1;1;1;1;0;0;0;0;0;0;0;0;0;0.0004;0.088;0;-0.0884;0;0;0;0;0;0;0;0;0;0;0;0;0;0;0;0;0;0;0;0.0001;0;0;0;0;0.0004;0;0;0;0;0;0;0;-0.0004;-0.0884;0;0;0;0;0;0;0;0;0;-0.7063;0;0.7063;1;1;0;0;0;0
11/01/21 01:00;0;0;90;0;0;90;0;0;0;0;-0.0001;4.74;0;0;0;0;0;0;0;0;0;0;0;0;0;1;1;1;1;0;0;0;0;0;0;0;0;0;0;0;0;0;0;0;0;0;0;0;0;0;0;0;0;0;0;0;0;0;0;0;0;0;0;0;1;1;1;1;1;1;1;1;1;1;1;1;1;1;1;1;1;1;1;0;0;0;0;0;0;0;0;0;0.0004;0.088;0;-0.0884;0;0;0;0;0;0;0;0;0;0;0;0;0;0;0;0;0;0;0;0.0001;0;0;0;0;0.0004;0;0;0;0;0;0;0;-0.0004;-0.0884;0;0;0;0;0;0;0;0;0;-0.7063;0;0.7063;1;1;0;0;0;0
11/01/21 02:00;0;0;90;0;0;90;0;0;0;0;-0.0001;3.77;0;0;0;0;0;0;0;0;0;0;0;0;0;1;1;1;1;0;0;0;0;0;0;0;0;0;0;0;0;0;0;0;0;0;0;0;0;0;0;0;0;0;0;0;0;0;0;0;0;0;0;0;1;1;1;1;1;1;1;1;1;1;1;1;1;1;1;1;1;1;1;0;0;0;0;0;0;0;0;0;0.0004;0.088;0;-0.0884;0;0;0;0;0;0;0;0;0;0;0;0;0;0;0;0;0;0;0;0.0001;0;0;0;0;0.0004;0;0;0;0;0;0;0;-0.0004;-0.0884;0;0;0;0;0;0;0;0;0;-0.7063;0;0.7063;1;1;0;0;0;0
11/01/21 03:00;0;0;90;0;0;90;0;0;0;0;-0.0001;3.4;0;0;0;0;0;0;0;0;0;0;0;0;0;1;1;1;1;0;0;0;0;0;0;0;0;0;0;0;0;0;0;0;0;0;0;0;0;0;0;0;0;0;0;0;0;0;0;0;0;0;0;0;1;1;1;1;1;1;1;1;1;1;1;1;1;1;1;1;1;1;1;0;0;0;0;0;0;0;0;0;0.0004;0.088;0;-0.0884;0;0;0;0;0;0;0;0;0;0;0;0;0;0;0;0;0;0;0;0.0001;0;0;0;0;0.0004;0;0;0;0;0;0;0;-0.0004;-0.0884;0;0;0;0;0;0;0;0;0;-0.7063;0;0.7063;1;1;0;0;0;0
11/01/21 04:00;0;0;90;0;0;90;0;0;0;0;-0.0001;3.85;0;0;0;0;0;0;0;0;0;0;0;0;0;1;1;1;1;0;0;0;0;0;0;0;0;0;0;0;0;0;0;0;0;0;0;0;0;0;0;0;0;0;0;0;0;0;0;0;0;0;0;0;1;1;1;1;1;1;1;1;1;1;1;1;1;1;1;1;1;1;1;0;0;0;0;0;0;0;0;0;0.0004;0.088;0;-0.0884;0;0;0;0;0;0;0;0;0;0;0;0;0;0;0;0;0;0;0;0.0001;0;0;0;0;0.0004;0;0;0;0;0;0;0;-0.0004;-0.0884;0;0;0;0;0;0;0;0;0;-0.7063;0;0.7063;1;1;0;0;0;0
11/01/21 05:00;5.5338;-112.74;76.474;5.9968;8.6805;-90;-8.6805;0;0;0;-0.0001;4.8;0;0;0;0;0;0;0;0;0;0;0;0;0;1;1;1;1;0;0;0;0;0;0;0;0;0;0;0;0;0;0;0;0;0;0;0;0;0;0;0;0;0;0;0;0;0;0;0;0;0;0;0;1;1;1;1;1;1;1;1;1;1;1;1;1;1;1;1;1;1;1;0;0;0;0;0;0;0;0;0;0.0004;0.088;0;-0.0884;0;0;0;0;0;0;0;0;0;0;0;0;0;0;0;0;0;0;0;0.0001;0;0;0;0;0.0004;0;0;0;0;0;0;0;-0.0004;-0.0884;0;0;0;0;0;0;0;0;0;-0.7063;0;0.7063;1;1;0;0;0;0
11/01/21 06:00;17.141;-104.87;44.375;17.698;29.803;-90;-29.803;0;0;0;-0.0001;5.3201;0;0;0;0;0;0;0;0;0;0;0;0;0;1;1;1;1;0;0;0;0;0;0;0;0;0;0;0;0;0;0;0;0;0;0;0;0;0;0;0;0;0;0;0;0;0;0;0;0;0;0;0;1;1;1;1;1;1;1;1;1;1;1;1;1;1;1;1;1;1;1;0;0;0;0;0;0;0;0;0;0.0004;0.088;0;-0.0884;0;0;0;0;0;0;0;0;0;0;0;0;0;0;0;0;0;0;0;0.0001;0;0;0;0;0.0004;0;0;0;0;0;0;0;-0.0004;-0.0884;0;0;0;0;0;0;0;0;0;-0.7063;0;0.7063;1;1;0;0;0;0
11/01/21 07:00;29.172;-97.208;6.3218;29.366;60;-90;-60;0;0;0;-0.0001;5.1099;0;0;0;0;0;0;0;0;0;0;0;0;0;1;1;1;1;0;0;0;0;0;0;0;0;0;0;0;0;0;0;0;0;0;0;0;0;0;0;0;0;0;0;0;0;0;0;0;0;0;0;0;1;1;1;1;1;1;1;1;1;1;1;1;1;1;1;1;1;1;1;0;0;0;0;0;0;0;0;0;0.0004;0.088;0;-0.0884;0;0;0;0;0;0;0;0;0;0;0;0;0;0;0;0;0;0;0;0.0001;0;0;0;0;0.0004;0;0;0;0;0;0;0;-0.0004;-0.0884;0;0;0;0;0;0;0;0;0;-0.7063;0;0.7063;1;1;0;0;0;0
11/01/21 08:00;41.411;-89.017;0.7375;41.415;48.585;-90;-48.585;0;0;0;-0.0001;4.51;0;0;0;0;0;0;0;0;0;0;0;0;0;1;1;1;1;0;0;0;0;0;0;0;0;0;0;0;0;0;0;0;0;0;0;0;0;0;0;0;0;0;0;0;0;0;0;0;0;0;0;0;1;1;1;1;1;1;1;1;1;1;1;1;1;1;1;1;1;1;1;0;0;0;0;0;0;0;0;0;0.0004;0.088;0;-0.0884;0;0;0;0;0;0;0;0;0;0;0;0;0;0;0;0;0;0;0;0.0001;0;0;0;0;0.0004;0;0;0;0;0;0;0;-0.0004;-0.0884;0;0;0;0;0;0;0;0;0;-0.7063;0;0.7063;1;1;0;0;0;0
11/01/21 09:00;53.601;-78.944;6.5345;54.112;35.888;-90;-35.888;0;0;0;-0.0001;3.86;0;0;0;0;0;0;0;0;0;0;0;0;0;1;1;1;1;0;0;0;0;0;0;0;0;0;0;0;0;0;0;0;0;0;0;0;0;0;0;0;0;0;0;0;0;0;0;0;0;0;0;0;1;1;1;1;1;1;1;1;1;1;1;1;1;1;1;1;1;1;1;0;0;0;0;0;0;0;0;0;0.0004;0.088;0;-0.0884;0;0;0;0;0;0;0;0;0;0;0;0;0;0;0;0;0;0;0;0.0001;0;0;0;0;0.0004;0;0;0;0;0;0;0;-0.0004;-0.0884;0;0;0;0;0;0;0;0;0;-0.7063;0;0.7063;1;1;0;0;0;0
11/01/21 10:00;65.232;-63.59;10.74;67.548;22.452;-90;-22.452;0;0;0;-0.0001;3.3301;0;0;0;0;0;0;0;0;0;0;0;0;0;1;1;1;1;0;0;0;0;0;0;0;0;0;0;0;0;0;0;0;0;0;0;0;0;0;0;0;0;0;0;0;0;0;0;0;0;0;0;0;1;1;1;1;1;1;1;1;1;1;1;1;1;1;1;1;1;1;1;0;0;0;0;0;0;0;0;0;0.0004;0.088;0;-0.0884;0;0;0;0;0;0;0;0;0;0;0;0;0;0;0;0;0;0;0;0.0001;0;0;0;0;0.0004;0;0;0;0;0;0;0;-0.0004;-0.0884;0;0;0;0;0;0;0;0;0;-0.7063;0;0.7063;1;1;0;0;0;0
11/01/21 11:00;74.526;-32.28;13.036;81.59;8.4099;-90;-8.4099;0;0;0;-0.0001;2.9301;0;0;0;0;0;0;0;0;0;0;0;0;0;1;1;1;1;0;0;0;0;0;0;0;0;0;0;0;0;0;0;0;0;0;0;0;0;0;0;0;0;0;0;0;0;0;0;0;0;0;0;0;1;1;1;1;1;1;1;1;1;1;1;1;1;1;1;1;1;1;1;0;0;0;0;0;0;0;0;0;0.0004;0.088;0;-0.0884;0;0;0;0;0;0;0;0;0;0;0;0;0;0;0;0;0;0;0;0.0001;0;0;0;0;0.0004;0;0;0;0;0;0;0;-0.0004;-0.0884;0;0;0;0;0;0;0;0;0;-0.7063;0;0.7063;1;1;0;0;0;0
11/01/21 12:00;75.542;23.602;13.226;84.106;5.8941;90;5.8941;0;0;0;-0.0001;2.7701;0;0;0;0;0;0;0;0;0;0;0;0;0;1;1;1;1;0;0;0;0;0;0;0;0;0;0;0;0;0;0;0;0;0;0;0;0;0;0;0;0;0;0;0;0;0;0;0;0;0;0;0;1;1;1;1;1;1;1;1;1;1;1;1;1;1;1;1;1;1;1;0;0;0;0;0;0;0;0;0;0.0004;0.088;0;-0.0884;0;0;0;0;0;0;0;0;0;0;0;0;0;0;0;0;0;0;0;0.0001;0;0;0;0;0.0004;0;0;0;0;0;0;0;-0.0004;-0.0884;0;0;0;0;0;0;0;0;0;-0.7063;0;0.7063;1;1;0;0;0;0
11/01/21 13:00;67.136;59.741;11.291;69.987;20.013;90;20.013;0;0;0;-0.0001;2.81;0;0;0;0;0;0;0;0;0;0;0;0;0;1;1;1;1;0;0;0;0;0;0;0;0;0;0;0;0;0;0;0;0;0;0;0;0;0;0;0;0;0;0;0;0;0;0;0;0;0;0;0;1;1;1;1;1;1;1;1;1;1;1;1;1;1;1;1;1;1;1;0;0;0;0;0;0;0;0;0;0.0004;0.088;0;-0.0884;0;0;0;0;0;0;0;0;0;0;0;0;0;0;0;0;0;0;0;0.0001;0;0;0;0;0.0004;0;0;0;0;0;0;0;-0.0004;-0.0884;0;0;0;0;0;0;0;0;0;-0.7063;0;0.7063;1;1;0;0;0;0
11/01/21 14:00;55.716;76.78;7.4016;56.428;33.572;90;33.572;0;0;0;-0.0001;2.9301;0;0;0;0;0;0;0;0;0;0;0;0;0;1;1;1;1;0;0;0;0;0;0;0;0;0;0;0;0;0;0;0;0;0;0;0;0;0;0;0;0;0;0;0;0;0;0;0;0;0;0;0;1;1;1;1;1;1;1;1;1;1;1;1;1;1;1;1;1;1;1;0;0;0;0;0;0;0;0;0;0.0004;0.088;0;-0.0884;0;0;0;0;0;0;0;0;0;0;0;0;0;0;0;0;0;0;0;0.0001;0;0;0;0;0.0004;0;0;0;0;0;0;0;-0.0004;-0.0884;0;0;0;0;0;0;0;0;0;-0.7063;0;0.7063;1;1;0;0;0;0
11/01/21 15:00;43.573;87.433;1.8596;43.602;46.398;90;46.398;0;0;0;-0.0001;3.08;0;0;0;0;0;0;0;0;0;0;0;0;0;1;1;1;1;0;0;0;0;0;0;0;0;0;0;0;0;0;0;0;0;0;0;0;0;0;0;0;0;0;0;0;0;0;0;0;0;0;0;0;1;1;1;1;1;1;1;1;1;1;1;1;1;1;1;1;1;1;1;0;0;0;0;0;0;0;0;0;0.0004;0.088;0;-0.0884;0;0;0;0;0;0;0;0;0;0;0;0;0;0;0;0;0;0;0;0.0001;0;0;0;0;0.0004;0;0;0;0;0;0;0;-0.0004;-0.0884;0;0;0;0;0;0;0;0;0;-0.7063;0;0.7063;1;1;0;0;0;0
11/01/21 16:00;31.322;95.829;4.9774;31.454;58.546;90;58.546;0;0;0;-0.0001;3.1701;0;0;0;0;0;0;0;0;0;0;0;0;0;1;1;1;1;0;0;0;0;0;0;0;0;0;0;0;0;0;0;0;0;0;0;0;0;0;0;0;0;0;0;0;0;0;0;0;0;0;0;0;1;1;1;1;1;1;1;1;1;1;1;1;1;1;1;1;1;1;1;0;0;0;0;0;0;0;0;0;0.0004;0.088;0;-0.0884;0;0;0;0;0;0;0;0;0;0;0;0;0;0;0;0;0;0;0;0.0001;0;0;0;0;0.0004;0;0;0;0;0;0;0;-0.0004;-0.0884;0;0;0;0;0;0;0;0;0;-0.7063;0;0.7063;1;1;0;0;0;0
11/01/21 17:00;19.238;103.52;36.954;19.744;35.273;90;35.273;0;0;0;-0.0001;2.4699;0;0;0;0;0;0;0;0;0;0;0;0;0;1;1;1;1;0;0;0;0;0;0;0;0;0;0;0;0;0;0;0;0;0;0;0;0;0;0;0;0;0;0;0;0;0;0;0;0;0;0;0;1;1;1;1;1;1;1;1;1;1;1;1;1;1;1;1;1;1;1;0;0;0;0;0;0;0;0;0;0.0004;0.088;0;-0.0884;0;0;0;0;0;0;0;0;0;0;0;0;0;0;0;0;0;0;0;0.0001;0;0;0;0;0.0004;0;0;0;0;0;0;0;-0.0004;-0.0884;0;0;0;0;0;0;0;0;0;-0.7063;0;0.7063;1;1;0;0;0;0
11/01/21 18:00;7.5394;111.31;71.445;8.0854;11.859;90;11.859;0;0;0;-0.0001;2.67;0;0;0;0;0;0;0;0;0;0;0;0;0;1;1;1;1;0;0;0;0;0;0;0;0;0;0;0;0;0;0;0;0;0;0;0;0;0;0;0;0;0;0;0;0;0;0;0;0;0;0;0;1;1;1;1;1;1;1;1;1;1;1;1;1;1;1;1;1;1;1;0;0;0;0;0;0;0;0;0;0.0004;0.088;0;-0.0884;0;0;0;0;0;0;0;0;0;0;0;0;0;0;0;0;0;0;0;0.0001;0;0;0;0;0.0004;0;0;0;0;0;0;0;-0.0004;-0.0884;0;0;0;0;0;0;0;0;0;-0.7063;0;0.7063;1;1;0;0;0;0
11/01/21 19:00;0.9884;116.13;87.602;1.1009;1.57;90;1.57;0;0;0;-0.0001;3.07;0;0;0;0;0;0;0;0;0;0;0;0;0;1;1;1;1;0;0;0;0;0;0;0;0;0;0;0;0;0;0;0;0;0;0;0;0;0;0;0;0;0;0;0;0;0;0;0;0;0;0;0;1;1;1;1;1;1;1;1;1;1;1;1;1;1;1;1;1;1;1;0;0;0;0;0;0;0;0;0;0.0004;0.088;0;-0.0884;0;0;0;0;0;0;0;0;0;0;0;0;0;0;0;0;0;0;0;0.0001;0;0;0;0;0.0004;0;0;0;0;0;0;0;-0.0004;-0.0884;0;0;0;0;0;0;0;0;0;-0.7063;0;0.7063;1;1;0;0;0;0
11/01/21 20:00;0;0;90;0;0;90;0;0;0;0;-0.0001;3.32;0;0;0;0;0;0;0;0;0;0;0;0;0;1;1;1;1;0;0;0;0;0;0;0;0;0;0;0;0;0;0;0;0;0;0;0;0;0;0;0;0;0;0;0;0;0;0;0;0;0;0;0;1;1;1;1;1;1;1;1;1;1;1;1;1;1;1;1;1;1;1;0;0;0;0;0;0;0;0;0;0.0004;0.088;0;-0.0884;0;0;0;0;0;0;0;0;0;0;0;0;0;0;0;0;0;0;0;0.0001;0;0;0;0;0.0004;0;0;0;0;0;0;0;-0.0004;-0.0884;0;0;0;0;0;0;0;0;0;-0.7063;0;0.7063;1;1;0;0;0;0
11/01/21 21:00;0;0;90;0;0;90;0;0;0;0;-0.0001;3.54;0;0;0;0;0;0;0;0;0;0;0;0;0;1;1;1;1;0;0;0;0;0;0;0;0;0;0;0;0;0;0;0;0;0;0;0;0;0;0;0;0;0;0;0;0;0;0;0;0;0;0;0;1;1;1;1;1;1;1;1;1;1;1;1;1;1;1;1;1;1;1;0;0;0;0;0;0;0;0;0;0.0004;0.088;0;-0.0884;0;0;0;0;0;0;0;0;0;0;0;0;0;0;0;0;0;0;0;0.0001;0;0;0;0;0.0004;0;0;0;0;0;0;0;-0.0004;-0.0884;0;0;0;0;0;0;0;0;0;-0.7063;0;0.7063;1;1;0;0;0;0
11/01/21 22:00;0;0;90;0;0;90;0;0;0;0;-0.0001;3.78;0;0;0;0;0;0;0;0;0;0;0;0;0;1;1;1;1;0;0;0;0;0;0;0;0;0;0;0;0;0;0;0;0;0;0;0;0;0;0;0;0;0;0;0;0;0;0;0;0;0;0;0;1;1;1;1;1;1;1;1;1;1;1;1;1;1;1;1;1;1;1;0;0;0;0;0;0;0;0;0;0.0004;0.088;0;-0.0884;0;0;0;0;0;0;0;0;0;0;0;0;0;0;0;0;0;0;0;0.0001;0;0;0;0;0.0004;0;0;0;0;0;0;0;-0.0004;-0.0884;0;0;0;0;0;0;0;0;0;-0.7063;0;0.7063;1;1;0;0;0;0
11/01/21 23:00;0;0;90;0;0;90;0;0;0;0;-0.0001;4.1301;0;0;0;0;0;0;0;0;0;0;0;0;0;1;1;1;1;0;0;0;0;0;0;0;0;0;0;0;0;0;0;0;0;0;0;0;0;0;0;0;0;0;0;0;0;0;0;0;0;0;0;0;1;1;1;1;1;1;1;1;1;1;1;1;1;1;1;1;1;1;1;0;0;0;0;0;0;0;0;0;0.0004;0.088;0;-0.0884;0;0;0;0;0;0;0;0;0;0;0;0;0;0;0;0;0;0;0;0.0001;0;0;0;0;0.0004;0;0;0;0;0;0;0;-0.0004;-0.0884;0;0;0;0;0;0;0;0;0;-0.7063;0;0.7063;1;1;0;0;0;0
12/01/21 00:00;0;0;90;0;0;90;0;0;0;0;-0.0001;4.64;0;0;0;0;0;0;0;0;0;0;0;0;0;1;1;1;1;0;0;0;0;0;0;0;0;0;0;0;0;0;0;0;0;0;0;0;0;0;0;0;0;0;0;0;0;0;0;0;0;0;0;0;1;1;1;1;1;1;1;1;1;1;1;1;1;1;1;1;1;1;1;0;0;0;0;0;0;0;0;0;0.0004;0.088;0;-0.0884;0;0;0;0;0;0;0;0;0;0;0;0;0;0;0;0;0;0;0;0.0001;0;0;0;0;0.0004;0;0;0;0;0;0;0;-0.0004;-0.0884;0;0;0;0;0;0;0;0;0;-0.7063;0;0.7063;1;1;0;0;0;0
12/01/21 01:00;0;0;90;0;0;90;0;0;0;0;-0.0001;5.0901;0;0;0;0;0;0;0;0;0;0;0;0;0;1;1;1;1;0;0;0;0;0;0;0;0;0;0;0;0;0;0;0;0;0;0;0;0;0;0;0;0;0;0;0;0;0;0;0;0;0;0;0;1;1;1;1;1;1;1;1;1;1;1;1;1;1;1;1;1;1;1;0;0;0;0;0;0;0;0;0;0.0004;0.088;0;-0.0884;0;0;0;0;0;0;0;0;0;0;0;0;0;0;0;0;0;0;0;0.0001;0;0;0;0;0.0004;0;0;0;0;0;0;0;-0.0004;-0.0884;0;0;0;0;0;0;0;0;0;-0.7063;0;0.7063;1;1;0;0;0;0
12/01/21 02:00;0;0;90;0;0;90;0;0;0;0;-0.0001;5.0801;0;0;0;0;0;0;0;0;0;0;0;0;0;1;1;1;1;0;0;0;0;0;0;0;0;0;0;0;0;0;0;0;0;0;0;0;0;0;0;0;0;0;0;0;0;0;0;0;0;0;0;0;1;1;1;1;1;1;1;1;1;1;1;1;1;1;1;1;1;1;1;0;0;0;0;0;0;0;0;0;0.0004;0.088;0;-0.0884;0;0;0;0;0;0;0;0;0;0;0;0;0;0;0;0;0;0;0;0.0001;0;0;0;0;0.0004;0;0;0;0;0;0;0;-0.0004;-0.0884;0;0;0;0;0;0;0;0;0;-0.7063;0;0.7063;1;1;0;0;0;0
12/01/21 03:00;0;0;90;0;0;90;0;0;0;0;-0.0001;4.66;0;0;0;0;0;0;0;0;0;0;0;0;0;1;1;1;1;0;0;0;0;0;0;0;0;0;0;0;0;0;0;0;0;0;0;0;0;0;0;0;0;0;0;0;0;0;0;0;0;0;0;0;1;1;1;1;1;1;1;1;1;1;1;1;1;1;1;1;1;1;1;0;0;0;0;0;0;0;0;0;0.0004;0.088;0;-0.0884;0;0;0;0;0;0;0;0;0;0;0;0;0;0;0;0;0;0;0;0.0001;0;0;0;0;0.0004;0;0;0;0;0;0;0;-0.0004;-0.0884;0;0;0;0;0;0;0;0;0;-0.7063;0;0.7063;1;1;0;0;0;0
12/01/21 04:00;0;0;90;0;0;90;0;0;0;0;-0.0001;4.18;0;0;0;0;0;0;0;0;0;0;0;0;0;1;1;1;1;0;0;0;0;0;0;0;0;0;0;0;0;0;0;0;0;0;0;0;0;0;0;0;0;0;0;0;0;0;0;0;0;0;0;0;1;1;1;1;1;1;1;1;1;1;1;1;1;1;1;1;1;1;1;0;0;0;0;0;0;0;0;0;0.0004;0.088;0;-0.0884;0;0;0;0;0;0;0;0;0;0;0;0;0;0;0;0;0;0;0;0.0001;0;0;0;0;0.0004;0;0;0;0;0;0;0;-0.0004;-0.0884;0;0;0;0;0;0;0;0;0;-0.7063;0;0.7063;1;1;0;0;0;0
12/01/21 05:00;5.5536;-112.52;76.425;6.0088;8.6985;-90;-8.6985;0;0;0;-0.0001;3.69;0;0;0;0;0;0;0;0;0;0;0;0;0;1;1;1;1;0;0;0;0;0;0;0;0;0;0;0;0;0;0;0;0;0;0;0;0;0;0;0;0;0;0;0;0;0;0;0;0;0;0;0;1;1;1;1;1;1;1;1;1;1;1;1;1;1;1;1;1;1;1;0;0;0;0;0;0;0;0;0;0.0004;0.088;0;-0.0884;0;0;0;0;0;0;0;0;0;0;0;0;0;0;0;0;0;0;0;0.0001;0;0;0;0;0.0004;0;0;0;0;0;0;0;-0.0004;-0.0884;0;0;0;0;0;0;0;0;0;-0.7063;0;0.7063;1;1;0;0;0;0
12/01/21 06:00;16.978;-104.77;44.912;17.523;29.382;-90;-29.382;0;0;0;-0.0001;3.22;0;0;0;0;0;0;0;0;0;0;0;0;0;1;1;1;1;0;0;0;0;0;0;0;0;0;0;0;0;0;0;0;0;0;0;0;0;0;0;0;0;0;0;0;0;0;0;0;0;0;0;0;1;1;1;1;1;1;1;1;1;1;1;1;1;1;1;1;1;1;1;0;0;0;0;0;0;0;0;0;0.0004;0.088;0;-0.0884;0;0;0;0;0;0;0;0;0;0;0;0;0;0;0;0;0;0;0;0.0001;0;0;0;0;0.0004;0;0;0;0;0;0;0;-0.0004;-0.0884;0;0;0;0;0;0;0;0;0;-0.7063;0;0.7063;1;1;0;0;0;0
12/01/21 07:00;29.014;-97.096;6.2527;29.201;60;-90;-60;0;0;0;-0.0001;4.72;0;0;0;0;0;0;0;0;0;0;0;0;0;1;1;1;1;0;0;0;0;0;0;0;0;0;0;0;0;0;0;0;0;0;0;0;0;0;0;0;0;0;0;0;0;0;0;0;0;0;0;0;1;1;1;1;1;1;1;1;1;1;1;1;1;1;1;1;1;1;1;0;0;0;0;0;0;0;0;0;0.0004;0.088;0;-0.0884;0;0;0;0;0;0;0;0;0;0;0;0;0;0;0;0;0;0;0;0.0001;0;0;0;0;0.0004;0;0;0;0;0;0;0;-0.0004;-0.0884;0;0;0;0;0;0;0;0;0;-0.7063;0;0.7063;1;1;0;0;0;0
12/01/21 08:00;41.253;-88.883;0.8399;41.259;48.741;-90;-48.741;0;0;0;-0.0001;5.3399;0;0;0;0;0;0;0;0;0;0;0;0;0;1;1;1;1;0;0;0;0;0;0;0;0;0;0;0;0;0;0;0;0;0;0;0;0;0;0;0;0;0;0;0;0;0;0;0;0;0;0;0;1;1;1;1;1;1;1;1;1;1;1;1;1;1;1;1;1;1;1;0;0;0;0;0;0;0;0;0;0.0004;0.088;0;-0.0884;0;0;0;0;0;0;0;0;0;0;0;0;0;0;0;0;0;0;0;0.0001;0;0;0;0;0.0004;0;0;0;0;0;0;0;-0.0004;-0.0884;0;0;0;0;0;0;0;0;0;-0.7063;0;0.7063;1;1;0;0;0;0
12/01/21 09:00;53.44;-78.784;6.6536;53.967;36.033;-90;-36.033;0;0;0;-0.0001;5.0999;0;0;0;0;0;0;0;0;0;0;0;0;0;1;1;1;1;0;0;0;0;0;0;0;0;0;0;0;0;0;0;0;0;0;0;0;0;0;0;0;0;0;0;0;0;0;0;0;0;0;0;0;1;1;1;1;1;1;1;1;1;1;1;1;1;1;1;1;1;1;1;0;0;0;0;0;0;0;0;0;0.0004;0.088;0;-0.0884;0;0;0;0;0;0;0;0;0;0;0;0;0;0;0;0;0;0;0;0.0001;0;0;0;0;0.0004;0;0;0;0;0;0;0;-0.0004;-0.0884;0;0;0;0;0;0;0;0;0;-0.7063;0;0.7063;1;1;0;0;0;0
12/01/21 10:00;65.06;-63.417;10.877;67.418;22.582;-90;-22.582;0;0;0;-0.0001;4.6999;0;0;0;0;0;0;0;0;0;0;0;0;0;1;1;1;1;0;0;0;0;0;0;0;0;0;0;0;0;0;0;0;0;0;0;0;0;0;0;0;0;0;0;0;0;0;0;0;0;0;0;0;1;1;1;1;1;1;1;1;1;1;1;1;1;1;1;1;1;1;1;0;0;0;0;0;0;0;0;0;0.0004;0.088;0;-0.0884;0;0;0;0;0;0;0;0;0;0;0;0;0;0;0;0;0;0;0;0.0001;0;0;0;0;0.0004;0;0;0;0;0;0;0;-0.0004;-0.0884;0;0;0;0;0;0;0;0;0;-0.7063;0;0.7063;1;1;0;0;0;0
12/01/21 11:00;74.339;-32.292;13.191;81.482;8.518;-90;-8.518;0;0;0;-0.0001;4.2101;0;0;0;0;0;0;0;0;0;0;0;0;0;1;1;1;1;0;0;0;0;0;0;0;0;0;0;0;0;0;0;0;0;0;0;0;0;0;0;0;0;0;0;0;0;0;0;0;0;0;0;0;1;1;1;1;1;1;1;1;1;1;1;1;1;1;1;1;1;1;1;0;0;0;0;0;0;0;0;0;0.0004;0.088;0;-0.0884;0;0;0;0;0;0;0;0;0;0;0;0;0;0;0;0;0;0;0;0.0001;0;0;0;0;0.0004;0;0;0;0;0;0;0;-0.0004;-0.0884;0;0;0;0;0;0;0;0;0;-0.7063;0;0.7063;1;1;0;0;0;0
12/01/21 12:00;75.42;23.036;13.394;84.188;5.8117;90;5.8117;0;0;0;-0.0001;3.54;0;0;0;0;0;0;0;0;0;0;0;0;0;1;1;1;1;0;0;0;0;0;0;0;0;0;0;0;0;0;0;0;0;0;0;0;0;0;0;0;0;0;0;0;0;0;0;0;0;0;0;0;1;1;1;1;1;1;1;1;1;1;1;1;1;1;1;1;1;1;1;0;0;0;0;0;0;0;0;0;0.0004;0.088;0;-0.0884;0;0;0;0;0;0;0;0;0;0;0;0;0;0;0;0;0;0;0;0.0001;0;0;0;0;0.0004;0;0;0;0;0;0;0;-0.0004;-0.0884;0;0;0;0;0;0;0;0;0;-0.7063;0;0.7063;1;1;0;0;0;0
12/01/21 13:00;67.098;59.27;11.47;70.042;19.958;90;19.958;0;0;0;-0.0001;2.76;0;0;0;0;0;0;0;0;0;0;0;0;0;1;1;1;1;0;0;0;0;0;0;0;0;0;0;0;0;0;0;0;0;0;0;0;0;0;0;0;0;0;0;0;0;0;0;0;0;0;0;0;1;1;1;1;1;1;1;1;1;1;1;1;1;1;1;1;1;1;1;0;0;0;0;0;0;0;0;0;0.0004;0.088;0;-0.0884;0;0;0;0;0;0;0;0;0;0;0;0;0;0;0;0;0;0;0;0.0001;0;0;0;0;0.0004;0;0;0;0;0;0;0;-0.0004;-0.0884;0;0;0;0;0;0;0;0;0;-0.7063;0;0.7063;1;1;0;0;0;0
12/01/21 14:00;55.709;76.448;7.5861;56.458;33.542;90;33.542;0;0;0;-0.0001;2.03;0;0;0;0;0;0;0;0;0;0;0;0;0;1;1;1;1;0;0;0;0;0;0;0;0;0;0;0;0;0;0;0;0;0;0;0;0;0;0;0;0;0;0;0;0;0;0;0;0;0;0;0;1;1;1;1;1;1;1;1;1;1;1;1;1;1;1;1;1;1;1;0;0;0;0;0;0;0;0;0;0.0004;0.088;0;-0.0884;0;0;0;0;0;0;0;0;0;0;0;0;0;0;0;0;0;0;0;0.0001;0;0;0;0;0.0004;0;0;0;0;0;0;0;-0.0004;-0.0884;0;0;0;0;0;0;0;0;0;-0.7063;0;0.7063;1;1;0;0;0;0
12/01/21 15:00;43.575;87.175;2.0462;43.61;46.39;90;46.39;0;0;0;-0.0001;1.39;0;0;0;0;0;0;0;0;0;0;0;0;0;1;1;1;1;0;0;0;0;0;0;0;0;0;0;0;0;0;0;0;0;0;0;0;0;0;0;0;0;0;0;0;0;0;0;0;0;0;0;0;1;1;1;1;1;1;1;1;1;1;1;1;1;1;1;1;1;1;1;0;0;0;0;0;0;0;0;0;0.0004;0.088;0;-0.0884;0;0;0;0;0;0;0;0;0;0;0;0;0;0;0;0;0;0;0;0.0001;0;0;0;0;0.0004;0;0;0;0;0;0;0;-0.0004;-0.0884;0;0;0;0;0;0;0;0;0;-0.7063;0;0.7063;1;1;0;0;0;0
12/01/21 16:00;31.322;95.611;4.7908;31.445;58.555;90;58.555;0;0;0;-0.0001;1.25;0;0;0;0;0;0;0;0;0;0;0;0;0;1;1;1;1;0;0;0;0;0;0;0;0;0;0;0;0;0;0;0;0;0;0;0;0;0;0;0;0;0;0;0;0;0;0;0;0;0;0;0;1;1;1;1;1;1;1;1;1;1;1;1;1;1;1;1;1;1;1;0;0;0;0;0;0;0;0;0;0.0004;0.088;0;-0.0884;0;0;0;0;0;0;0;0;0;0;0;0;0;0;0;0;0;0;0;0.0001;0;0;0;0;0.0004;0;0;0;0;0;0;0;-0.0004;-0.0884;0;0;0;0;0;0;0;0;0;-0.7063;0;0.7063;1;1;0;0;0;0
12/01/21 17:00;19.231;103.32;36.98;19.722;35.207;90;35.207;0;0;0;-0.0001;1.5999;0;0;0;0;0;0;0;0;0;0;0;0;0;1;1;1;1;0;0;0;0;0;0;0;0;0;0;0;0;0;0;0;0;0;0;0;0;0;0;0;0;0;0;0;0;0;0;0;0;0;0;0;1;1;1;1;1;1;1;1;1;1;1;1;1;1;1;1;1;1;1;0;0;0;0;0;0;0;0;0;0.0004;0.088;0;-0.0884;0;0;0;0;0;0;0;0;0;0;0;0;0;0;0;0;0;0;0;0.0001;0;0;0;0;0.0004;0;0;0;0;0;0;0;-0.0004;-0.0884;0;0;0;0;0;0;0;0;0;-0.7063;0;0.7063;1;1;0;0;0;0
12/01/21 18:00;7.5204;111.12;71.493;8.055;11.812;90;11.812;0;0;0;-0.0001;2.4699;0;0;0;0;0;0;0;0;0;0;0;0;0;1;1;1;1;0;0;0;0;0;0;0;0;0;0;0;0;0;0;0;0;0;0;0;0;0;0;0;0;0;0;0;0;0;0;0;0;0;0;0;1;1;1;1;1;1;1;1;1;1;1;1;1;1;1;1;1;1;1;0;0;0;0;0;0;0;0;0;0.0004;0.088;0;-0.0884;0;0;0;0;0;0;0;0;0;0;0;0;0;0;0;0;0;0;0;0.0001;0;0;0;0;0.0004;0;0;0;0;0;0;0;-0.0004;-0.0884;0;0;0;0;0;0;0;0;0;-0.7063;0;0.7063;1;1;0;0;0;0
12/01/21 19:00;0.9601;115.95;87.671;1.0678;1.5226;90;1.5226;0;0;0;-0.0001;3.05;0;0;0;0;0;0;0;0;0;0;0;0;0;1;1;1;1;0;0;0;0;0;0;0;0;0;0;0;0;0;0;0;0;0;0;0;0;0;0;0;0;0;0;0;0;0;0;0;0;0;0;0;1;1;1;1;1;1;1;1;1;1;1;1;1;1;1;1;1;1;1;0;0;0;0;0;0;0;0;0;0.0004;0.088;0;-0.0884;0;0;0;0;0;0;0;0;0;0;0;0;0;0;0;0;0;0;0;0.0001;0;0;0;0;0.0004;0;0;0;0;0;0;0;-0.0004;-0.0884;0;0;0;0;0;0;0;0;0;-0.7063;0;0.7063;1;1;0;0;0;0
12/01/21 20:00;0;0;90;0;0;90;0;0;0;0;-0.0001;3.64;0;0;0;0;0;0;0;0;0;0;0;0;0;1;1;1;1;0;0;0;0;0;0;0;0;0;0;0;0;0;0;0;0;0;0;0;0;0;0;0;0;0;0;0;0;0;0;0;0;0;0;0;1;1;1;1;1;1;1;1;1;1;1;1;1;1;1;1;1;1;1;0;0;0;0;0;0;0;0;0;0.0004;0.088;0;-0.0884;0;0;0;0;0;0;0;0;0;0;0;0;0;0;0;0;0;0;0;0.0001;0;0;0;0;0.0004;0;0;0;0;0;0;0;-0.0004;-0.0884;0;0;0;0;0;0;0;0;0;-0.7063;0;0.7063;1;1;0;0;0;0
12/01/21 21:00;0;0;90;0;0;90;0;0;0;0;-0.0001;4.7899;0;0;0;0;0;0;0;0;0;0;0;0;0;1;1;1;1;0;0;0;0;0;0;0;0;0;0;0;0;0;0;0;0;0;0;0;0;0;0;0;0;0;0;0;0;0;0;0;0;0;0;0;1;1;1;1;1;1;1;1;1;1;1;1;1;1;1;1;1;1;1;0;0;0;0;0;0;0;0;0;0.0004;0.088;0;-0.0884;0;0;0;0;0;0;0;0;0;0;0;0;0;0;0;0;0;0;0;0.0001;0;0;0;0;0.0004;0;0;0;0;0;0;0;-0.0004;-0.0884;0;0;0;0;0;0;0;0;0;-0.7063;0;0.7063;1;1;0;0;0;0
12/01/21 22:00;0;0;90;0;0;90;0;0;0;0;-0.0001;5.7301;0;0;0;0;0;0;0;0;0;0;0;0;0;1;1;1;1;0;0;0;0;0;0;0;0;0;0;0;0;0;0;0;0;0;0;0;0;0;0;0;0;0;0;0;0;0;0;0;0;0;0;0;1;1;1;1;1;1;1;1;1;1;1;1;1;1;1;1;1;1;1;0;0;0;0;0;0;0;0;0;0.0004;0.088;0;-0.0884;0;0;0;0;0;0;0;0;0;0;0;0;0;0;0;0;0;0;0;0.0001;0;0;0;0;0.0004;0;0;0;0;0;0;0;-0.0004;-0.0884;0;0;0;0;0;0;0;0;0;-0.7063;0;0.7063;1;1;0;0;0;0
12/01/21 23:00;0;0;90;0;0;90;0;0;0;0;-0.0001;5.9601;0;0;0;0;0;0;0;0;0;0;0;0;0;1;1;1;1;0;0;0;0;0;0;0;0;0;0;0;0;0;0;0;0;0;0;0;0;0;0;0;0;0;0;0;0;0;0;0;0;0;0;0;1;1;1;1;1;1;1;1;1;1;1;1;1;1;1;1;1;1;1;0;0;0;0;0;0;0;0;0;0.0004;0.088;0;-0.0884;0;0;0;0;0;0;0;0;0;0;0;0;0;0;0;0;0;0;0;0.0001;0;0;0;0;0.0004;0;0;0;0;0;0;0;-0.0004;-0.0884;0;0;0;0;0;0;0;0;0;-0.7063;0;0.7063;1;1;0;0;0;0
13/01/21 00:00;0;0;90;0;0;90;0;0;0;0;-0.0001;5.55;0;0;0;0;0;0;0;0;0;0;0;0;0;1;1;1;1;0;0;0;0;0;0;0;0;0;0;0;0;0;0;0;0;0;0;0;0;0;0;0;0;0;0;0;0;0;0;0;0;0;0;0;1;1;1;1;1;1;1;1;1;1;1;1;1;1;1;1;1;1;1;0;0;0;0;0;0;0;0;0;0.0004;0.088;0;-0.0884;0;0;0;0;0;0;0;0;0;0;0;0;0;0;0;0;0;0;0;0.0001;0;0;0;0;0.0004;0;0;0;0;0;0;0;-0.0004;-0.0884;0;0;0;0;0;0;0;0;0;-0.7063;0;0.7063;1;1;0;0;0;0
13/01/21 01:00;0;0;90;0;0;90;0;0;0;0;-0.0001;5.2401;0;0;0;0;0;0;0;0;0;0;0;0;0;1;1;1;1;0;0;0;0;0;0;0;0;0;0;0;0;0;0;0;0;0;0;0;0;0;0;0;0;0;0;0;0;0;0;0;0;0;0;0;1;1;1;1;1;1;1;1;1;1;1;1;1;1;1;1;1;1;1;0;0;0;0;0;0;0;0;0;0.0004;0.088;0;-0.0884;0;0;0;0;0;0;0;0;0;0;0;0;0;0;0;0;0;0;0;0.0001;0;0;0;0;0.0004;0;0;0;0;0;0;0;-0.0004;-0.0884;0;0;0;0;0;0;0;0;0;-0.7063;0;0.7063;1;1;0;0;0;0
13/01/21 02:00;0;0;90;0;0;90;0;0;0;0;-0.0001;5.1601;0;0;0;0;0;0;0;0;0;0;0;0;0;1;1;1;1;0;0;0;0;0;0;0;0;0;0;0;0;0;0;0;0;0;0;0;0;0;0;0;0;0;0;0;0;0;0;0;0;0;0;0;1;1;1;1;1;1;1;1;1;1;1;1;1;1;1;1;1;1;1;0;0;0;0;0;0;0;0;0;0.0004;0.088;0;-0.0884;0;0;0;0;0;0;0;0;0;0;0;0;0;0;0;0;0;0;0;0.0001;0;0;0;0;0.0004;0;0;0;0;0;0;0;-0.0004;-0.0884;0;0;0;0;0;0;0;0;0;-0.7063;0;0.7063;1;1;0;0;0;0
13/01/21 03:00;0;0;90;0;0;90;0;0;0;0;-0.0001;5.0199;0;0;0;0;0;0;0;0;0;0;0;0;0;1;1;1;1;0;0;0;0;0;0;0;0;0;0;0;0;0;0;0;0;0;0;0;0;0;0;0;0;0;0;0;0;0;0;0;0;0;0;0;1;1;1;1;1;1;1;1;1;1;1;1;1;1;1;1;1;1;1;0;0;0;0;0;0;0;0;0;0.0004;0.088;0;-0.0884;0;0;0;0;0;0;0;0;0;0;0;0;0;0;0;0;0;0;0;0.0001;0;0;0;0;0.0004;0;0;0;0;0;0;0;-0.0004;-0.0884;0;0;0;0;0;0;0;0;0;-0.7063;0;0.7063;1;1;0;0;0;0
13/01/21 04:00;0;0;90;0;0;90;0;0;0;0;-0.0001;5.07;0;0;0;0;0;0;0;0;0;0;0;0;0;1;1;1;1;0;0;0;0;0;0;0;0;0;0;0;0;0;0;0;0;0;0;0;0;0;0;0;0;0;0;0;0;0;0;0;0;0;0;0;1;1;1;1;1;1;1;1;1;1;1;1;1;1;1;1;1;1;1;0;0;0;0;0;0;0;0;0;0.0004;0.088;0;-0.0884;0;0;0;0;0;0;0;0;0;0;0;0;0;0;0;0;0;0;0;0.0001;0;0;0;0;0.0004;0;0;0;0;0;0;0;-0.0004;-0.0884;0;0;0;0;0;0;0;0;0;-0.7063;0;0.7063;1;1;0;0;0;0
13/01/21 05:00;5.3822;-112.43;76.851;5.8198;8.4167;-90;-8.4167;0;0;0;-0.0001;5.2401;0;0;0;0;0;0;0;0;0;0;0;0;0;1;1;1;1;0;0;0;0;0;0;0;0;0;0;0;0;0;0;0;0;0;0;0;0;0;0;0;0;0;0;0;0;0;0;0;0;0;0;0;1;1;1;1;1;1;1;1;1;1;1;1;1;1;1;1;1;1;1;0;0;0;0;0;0;0;0;0;0.0004;0.088;0;-0.0884;0;0;0;0;0;0;0;0;0;0;0;0;0;0;0;0;0;0;0;0.0001;0;0;0;0;0.0004;0;0;0;0;0;0;0;-0.0004;-0.0884;0;0;0;0;0;0;0;0;0;-0.7063;0;0.7063;1;1;0;0;0;0
13/01/21 06:00;16.813;-104.67;45.453;17.346;28.962;-90;-28.962;0;0;0;-0.0001;5.5099;0;0;0;0;0;0;0;0;0;0;0;0;0;1;1;1;1;0;0;0;0;0;0;0;0;0;0;0;0;0;0;0;0;0;0;0;0;0;0;0;0;0;0;0;0;0;0;0;0;0;0;0;1;1;1;1;1;1;1;1;1;1;1;1;1;1;1;1;1;1;1;0;0;0;0;0;0;0;0;0;0.0004;0.088;0;-0.0884;0;0;0;0;0;0;0;0;0;0;0;0;0;0;0;0;0;0;0;0.0001;0;0;0;0;0.0004;0;0;0;0;0;0;0;-0.0004;-0.0884;0;0;0;0;0;0;0;0;0;-0.7063;0;0.7063;1;1;0;0;0;0
13/01/21 07:00;28.853;-96.976;6.1821;29.033;60;-90;-60;0;0;0;-0.0001;5.53;0;0;0;0;0;0;0;0;0;0;0;0;0;1;1;1;1;0;0;0;0;0;0;0;0;0;0;0;0;0;0;0;0;0;0;0;0;0;0;0;0;0;0;0;0;0;0;0;0;0;0;0;1;1;1;1;1;1;1;1;1;1;1;1;1;1;1;1;1;1;1;0;0;0;0;0;0;0;0;0;0.0004;0.088;0;-0.0884;0;0;0;0;0;0;0;0;0;0;0;0;0;0;0;0;0;0;0;0.0001;0;0;0;0;0.0004;0;0;0;0;0;0;0;-0.0004;-0.0884;0;0;0;0;0;0;0;0;0;-0.7063;0;0.7063;1;1;0;0;0;0
13/01/21 08:00;41.094;-88.74;0.9493;41.101;48.899;-90;-48.899;0;0;0;-0.0001;5.3499;0;0;0;0;0;0;0;0;0;0;0;0;0;1;1;1;1;0;0;0;0;0;0;0;0;0;0;0;0;0;0;0;0;0;0;0;0;0;0;0;0;0;0;0;0;0;0;0;0;0;0;0;1;1;1;1;1;1;1;1;1;1;1;1;1;1;1;1;1;1;1;0;0;0;0;0;0;0;0;0;0.0004;0.088;0;-0.0884;0;0;0;0;0;0;0;0;0;0;0;0;0;0;0;0;0;0;0;0.0001;0;0;0;0;0.0004;0;0;0;0;0;0;0;-0.0004;-0.0884;0;0;0;0;0;0;0;0;0;-0.7063;0;0.7063;1;1;0;0;0;0
13/01/21 09:00;53.277;-78.613;6.7798;53.821;36.179;-90;-36.179;0;0;0;-0.0001;5.1099;0;0;0;0;0;0;0;0;0;0;0;0;0;1;1;1;1;0;0;0;0;0;0;0;0;0;0;0;0;0;0;0;0;0;0;0;0;0;0;0;0;0;0;0;0;0;0;0;0;0;0;0;1;1;1;1;1;1;1;1;1;1;1;1;1;1;1;1;1;1;1;0;0;0;0;0;0;0;0;0;0.0004;0.088;0;-0.0884;0;0;0;0;0;0;0;0;0;0;0;0;0;0;0;0;0;0;0;0.0001;0;0;0;0;0.0004;0;0;0;0;0;0;0;-0.0004;-0.0884;0;0;0;0;0;0;0;0;0;-0.7063;0;0.7063;1;1;0;0;0;0
13/01/21 10:00;64.884;-63.231;11.021;67.289;22.711;-90;-22.711;0;0;0;-0.0001;4.9399;0;0;0;0;0;0;0;0;0;0;0;0;0;1;1;1;1;0;0;0;0;0;0;0;0;0;0;0;0;0;0;0;0;0;0;0;0;0;0;0;0;0;0;0;0;0;0;0;0;0;0;0;1;1;1;1;1;1;1;1;1;1;1;1;1;1;1;1;1;1;1;0;0;0;0;0;0;0;0;0;0.0004;0.088;0;-0.0884;0;0;0;0;0;0;0;0;0;0;0;0;0;0;0;0;0;0;0;0.0001;0;0;0;0;0.0004;0;0;0;0;0;0;0;-0.0004;-0.0884;0;0;0;0;0;0;0;0;0;-0.7063;0;0.7063;1;1;0;0;0;0
13/01/21 11:00;74.147;-32.286;13.352;81.375;8.6249;-90;-8.6249;0;0;0;-0.0001;4.83;0;0;0;0;0;0;0;0;0;0;0;0;0;1;1;1;1;0;0;0;0;0;0;0;0;0;0;0;0;0;0;0;0;0;0;0;0;0;0;0;0;0;0;0;0;0;0;0;0;0;0;0;1;1;1;1;1;1;1;1;1;1;1;1;1;1;1;1;1;1;1;0;0;0;0;0;0;0;0;0;0.0004;0.088;0;-0.0884;0;0;0;0;0;0;0;0;0;0;0;0;0;0;0;0;0;0;0;0.0001;0;0;0;0;0.0004;0;0;0;0;0;0;0;-0.0004;-0.0884;0;0;0;0;0;0;0;0;0;-0.7063;0;0.7063;1;1;0;0;0;0
13/01/21 12:00;75.29;22.477;13.57;84.269;5.7314;90;5.7314;0;0;0;-0.0001;4.73;0;0;0;0;0;0;0;0;0;0;0;0;0;1;1;1;1;0;0;0;0;0;0;0;0;0;0;0;0;0;0;0;0;0;0;0;0;0;0;0;0;0;0;0;0;0;0;0;0;0;0;0;1;1;1;1;1;1;1;1;1;1;1;1;1;1;1;1;1;1;1;0;0;0;0;0;0;0;0;0;0.0004;0.088;0;-0.0884;0;0;0;0;0;0;0;0;0;0;0;0;0;0;0;0;0;0;0;0.0001;0;0;0;0;0.0004;0;0;0;0;0;0;0;-0.0004;-0.0884;0;0;0;0;0;0;0;0;0;-0.7063;0;0.7063;1;1;0;0;0;0
13/01/21 13:00;67.053;58.791;11.655;70.094;19.906;90;19.906;0;0;0;-0.0001;4.64;0;0;0;0;0;0;0;0;0;0;0;0;0;1;1;1;1;0;0;0;0;0;0;0;0;0;0;0;0;0;0;0;0;0;0;0;0;0;0;0;0;0;0;0;0;0;0;0;0;0;0;0;1;1;1;1;1;1;1;1;1;1;1;1;1;1;1;1;1;1;1;0;0;0;0;0;0;0;0;0;0.0004;0.088;0;-0.0884;0;0;0;0;0;0;0;0;0;0;0;0;0;0;0;0;0;0;0;0.0001;0;0;0;0;0.0004;0;0;0;0;0;0;0;-0.0004;-0.0884;0;0;0;0;0;0;0;0;0;-0.7063;0;0.7063;1;1;0;0;0;0
13/01/21 14:00;55.696;76.108;7.7764;56.483;33.517;90;33.517;0;0;0;-0.0001;4.6801;0;0;0;0;0;0;0;0;0;0;0;0;0;1;1;1;1;0;0;0;0;0;0;0;0;0;0;0;0;0;0;0;0;0;0;0;0;0;0;0;0;0;0;0;0;0;0;0;0;0;0;0;1;1;1;1;1;1;1;1;1;1;1;1;1;1;1;1;1;1;1;0;0;0;0;0;0;0;0;0;0.0004;0.088;0;-0.0884;0;0;0;0;0;0;0;0;0;0;0;0;0;0;0;0;0;0;0;0.0001;0;0;0;0;0.0004;0;0;0;0;0;0;0;-0.0004;-0.0884;0;0;0;0;0;0;0;0;0;-0.7063;0;0.7063;1;1;0;0;0;0
13/01/21 15:00;43.571;86.91;2.2382;43.613;46.387;90;46.387;0;0;0;-0.0001;4.88;0;0;0;0;0;0;0;0;0;0;0;0;0;1;1;1;1;0;0;0;0;0;0;0;0;0;0;0;0;0;0;0;0;0;0;0;0;0;0;0;0;0;0;0;0;0;0;0;0;0;0;0;1;1;1;1;1;1;1;1;1;1;1;1;1;1;1;1;1;1;1;0;0;0;0;0;0;0;0;0;0.0004;0.088;0;-0.0884;0;0;0;0;0;0;0;0;0;0;0;0;0;0;0;0;0;0;0;0.0001;0;0;0;0;0.0004;0;0;0;0;0;0;0;-0.0004;-0.0884;0;0;0;0;0;0;0;0;0;-0.7063;0;0.7063;1;1;0;0;0;0
13/01/21 16:00;31.317;95.386;4.5994;31.43;58.57;90;58.57;0;0;0;-0.0001;4.3899;0;0;0;0;0;0;0;0;0;0;0;0;0;1;1;1;1;0;0;0;0;0;0;0;0;0;0;0;0;0;0;0;0;0;0;0;0;0;0;0;0;0;0;0;0;0;0;0;0;0;0;0;1;1;1;1;1;1;1;1;1;1;1;1;1;1;1;1;1;1;1;0;0;0;0;0;0;0;0;0;0.0004;0.088;0;-0.0884;0;0;0;0;0;0;0;0;0;0;0;0;0;0;0;0;0;0;0;0.0001;0;0;0;0;0.0004;0;0;0;0;0;0;0;-0.0004;-0.0884;0;0;0;0;0;0;0;0;0;-0.7063;0;0.7063;1;1;0;0;0;0
13/01/21 17:00;19.219;103.12;37.026;19.695;35.125;90;35.125;0;0;0;-0.0001;3.5099;0;0;0;0;0;0;0;0;0;0;0;0;0;1;1;1;1;0;0;0;0;0;0;0;0;0;0;0;0;0;0;0;0;0;0;0;0;0;0;0;0;0;0;0;0;0;0;0;0;0;0;0;1;1;1;1;1;1;1;1;1;1;1;1;1;1;1;1;1;1;1;0;0;0;0;0;0;0;0;0;0.0004;0.088;0;-0.0884;0;0;0;0;0;0;0;0;0;0;0;0;0;0;0;0;0;0;0;0.0001;0;0;0;0;0.0004;0;0;0;0;0;0;0;-0.0004;-0.0884;0;0;0;0;0;0;0;0;0;-0.7063;0;0.7063;1;1;0;0;0;0
13/01/21 18:00;7.4959;110.93;71.555;8.0185;11.755;90;11.755;0;0;0;-0.0001;3.1801;0;0;0;0;0;0;0;0;0;0;0;0;0;1;1;1;1;0;0;0;0;0;0;0;0;0;0;0;0;0;0;0;0;0;0;0;0;0;0;0;0;0;0;0;0;0;0;0;0;0;0;0;1;1;1;1;1;1;1;1;1;1;1;1;1;1;1;1;1;1;1;0;0;0;0;0;0;0;0;0;0.0004;0.088;0;-0.0884;0;0;0;0;0;0;0;0;0;0;0;0;0;0;0;0;0;0;0;0.0001;0;0;0;0;0.0004;0;0;0;0;0;0;0;-0.0004;-0.0884;0;0;0;0;0;0;0;0;0;-0.7063;0;0.7063;1;1;0;0;0;0
13/01/21 19:00;0.9262;115.76;87.753;1.0283;1.4663;90;1.4663;0;0;0;-0.0001;3.0101;0;0;0;0;0;0;0;0;0;0;0;0;0;1;1;1;1;0;0;0;0;0;0;0;0;0;0;0;0;0;0;0;0;0;0;0;0;0;0;0;0;0;0;0;0;0;0;0;0;0;0;0;1;1;1;1;1;1;1;1;1;1;1;1;1;1;1;1;1;1;1;0;0;0;0;0;0;0;0;0;0.0004;0.088;0;-0.0884;0;0;0;0;0;0;0;0;0;0;0;0;0;0;0;0;0;0;0;0.0001;0;0;0;0;0.0004;0;0;0;0;0;0;0;-0.0004;-0.0884;0;0;0;0;0;0;0;0;0;-0.7063;0;0.7063;1;1;0;0;0;0
13/01/21 20:00;0;0;90;0;0;90;0;0;0;0;-0.0001;2.98;0;0;0;0;0;0;0;0;0;0;0;0;0;1;1;1;1;0;0;0;0;0;0;0;0;0;0;0;0;0;0;0;0;0;0;0;0;0;0;0;0;0;0;0;0;0;0;0;0;0;0;0;1;1;1;1;1;1;1;1;1;1;1;1;1;1;1;1;1;1;1;0;0;0;0;0;0;0;0;0;0.0004;0.088;0;-0.0884;0;0;0;0;0;0;0;0;0;0;0;0;0;0;0;0;0;0;0;0.0001;0;0;0;0;0.0004;0;0;0;0;0;0;0;-0.0004;-0.0884;0;0;0;0;0;0;0;0;0;-0.7063;0;0.7063;1;1;0;0;0;0
13/01/21 21:00;0;0;90;0;0;90;0;0;0;0;-0.0001;3.1199;0;0;0;0;0;0;0;0;0;0;0;0;0;1;1;1;1;0;0;0;0;0;0;0;0;0;0;0;0;0;0;0;0;0;0;0;0;0;0;0;0;0;0;0;0;0;0;0;0;0;0;0;1;1;1;1;1;1;1;1;1;1;1;1;1;1;1;1;1;1;1;0;0;0;0;0;0;0;0;0;0.0004;0.088;0;-0.0884;0;0;0;0;0;0;0;0;0;0;0;0;0;0;0;0;0;0;0;0.0001;0;0;0;0;0.0004;0;0;0;0;0;0;0;-0.0004;-0.0884;0;0;0;0;0;0;0;0;0;-0.7063;0;0.7063;1;1;0;0;0;0
13/01/21 22:00;0;0;90;0;0;90;0;0;0;0;-0.0001;3.4299;0;0;0;0;0;0;0;0;0;0;0;0;0;1;1;1;1;0;0;0;0;0;0;0;0;0;0;0;0;0;0;0;0;0;0;0;0;0;0;0;0;0;0;0;0;0;0;0;0;0;0;0;1;1;1;1;1;1;1;1;1;1;1;1;1;1;1;1;1;1;1;0;0;0;0;0;0;0;0;0;0.0004;0.088;0;-0.0884;0;0;0;0;0;0;0;0;0;0;0;0;0;0;0;0;0;0;0;0.0001;0;0;0;0;0.0004;0;0;0;0;0;0;0;-0.0004;-0.0884;0;0;0;0;0;0;0;0;0;-0.7063;0;0.7063;1;1;0;0;0;0
13/01/21 23:00;0;0;90;0;0;90;0;0;0;0;-0.0001;3.9199;0;0;0;0;0;0;0;0;0;0;0;0;0;1;1;1;1;0;0;0;0;0;0;0;0;0;0;0;0;0;0;0;0;0;0;0;0;0;0;0;0;0;0;0;0;0;0;0;0;0;0;0;1;1;1;1;1;1;1;1;1;1;1;1;1;1;1;1;1;1;1;0;0;0;0;0;0;0;0;0;0.0004;0.088;0;-0.0884;0;0;0;0;0;0;0;0;0;0;0;0;0;0;0;0;0;0;0;0.0001;0;0;0;0;0.0004;0;0;0;0;0;0;0;-0.0004;-0.0884;0;0;0;0;0;0;0;0;0;-0.7063;0;0.7063;1;1;0;0;0;0
14/01/21 00:00;0;0;90;0;0;90;0;0;0;0;-0.0001;3.9001;0;0;0;0;0;0;0;0;0;0;0;0;0;1;1;1;1;0;0;0;0;0;0;0;0;0;0;0;0;0;0;0;0;0;0;0;0;0;0;0;0;0;0;0;0;0;0;0;0;0;0;0;1;1;1;1;1;1;1;1;1;1;1;1;1;1;1;1;1;1;1;0;0;0;0;0;0;0;0;0;0.0004;0.088;0;-0.0884;0;0;0;0;0;0;0;0;0;0;0;0;0;0;0;0;0;0;0;0.0001;0;0;0;0;0.0004;0;0;0;0;0;0;0;-0.0004;-0.0884;0;0;0;0;0;0;0;0;0;-0.7063;0;0.7063;1;1;0;0;0;0
14/01/21 01:00;0;0;90;0;0;90;0;0;0;0;-0.0001;3.56;0;0;0;0;0;0;0;0;0;0;0;0;0;1;1;1;1;0;0;0;0;0;0;0;0;0;0;0;0;0;0;0;0;0;0;0;0;0;0;0;0;0;0;0;0;0;0;0;0;0;0;0;1;1;1;1;1;1;1;1;1;1;1;1;1;1;1;1;1;1;1;0;0;0;0;0;0;0;0;0;0.0004;0.088;0;-0.0884;0;0;0;0;0;0;0;0;0;0;0;0;0;0;0;0;0;0;0;0.0001;0;0;0;0;0.0004;0;0;0;0;0;0;0;-0.0004;-0.0884;0;0;0;0;0;0;0;0;0;-0.7063;0;0.7063;1;1;0;0;0;0
14/01/21 02:00;0;0;90;0;0;90;0;0;0;0;-0.0001;3.0901;0;0;0;0;0;0;0;0;0;0;0;0;0;1;1;1;1;0;0;0;0;0;0;0;0;0;0;0;0;0;0;0;0;0;0;0;0;0;0;0;0;0;0;0;0;0;0;0;0;0;0;0;1;1;1;1;1;1;1;1;1;1;1;1;1;1;1;1;1;1;1;0;0;0;0;0;0;0;0;0;0.0004;0.088;0;-0.0884;0;0;0;0;0;0;0;0;0;0;0;0;0;0;0;0;0;0;0;0.0001;0;0;0;0;0.0004;0;0;0;0;0;0;0;-0.0004;-0.0884;0;0;0;0;0;0;0;0;0;-0.7063;0;0.7063;1;1;0;0;0;0
14/01/21 03:00;0;0;90;0;0;90;0;0;0;0;-0.0001;2.7199;0;0;0;0;0;0;0;0;0;0;0;0;0;1;1;1;1;0;0;0;0;0;0;0;0;0;0;0;0;0;0;0;0;0;0;0;0;0;0;0;0;0;0;0;0;0;0;0;0;0;0;0;1;1;1;1;1;1;1;1;1;1;1;1;1;1;1;1;1;1;1;0;0;0;0;0;0;0;0;0;0.0004;0.088;0;-0.0884;0;0;0;0;0;0;0;0;0;0;0;0;0;0;0;0;0;0;0;0.0001;0;0;0;0;0.0004;0;0;0;0;0;0;0;-0.0004;-0.0884;0;0;0;0;0;0;0;0;0;-0.7063;0;0.7063;1;1;0;0;0;0
14/01/21 04:00;0;0;90;0;0;90;0;0;0;0;-0.0001;2.57;0;0;0;0;0;0;0;0;0;0;0;0;0;1;1;1;1;0;0;0;0;0;0;0;0;0;0;0;0;0;0;0;0;0;0;0;0;0;0;0;0;0;0;0;0;0;0;0;0;0;0;0;1;1;1;1;1;1;1;1;1;1;1;1;1;1;1;1;1;1;1;0;0;0;0;0;0;0;0;0;0.0004;0.088;0;-0.0884;0;0;0;0;0;0;0;0;0;0;0;0;0;0;0;0;0;0;0;0.0001;0;0;0;0;0.0004;0;0;0;0;0;0;0;-0.0004;-0.0884;0;0;0;0;0;0;0;0;0;-0.7063;0;0.7063;1;1;0;0;0;0
14/01/21 05:00;5.3975;-112.2;76.813;5.8269;8.4271;-90;-8.4271;0;0;0;-0.0001;3.4901;0;0;0;0;0;0;0;0;0;0;0;0;0;1;1;1;1;0;0;0;0;0;0;0;0;0;0;0;0;0;0;0;0;0;0;0;0;0;0;0;0;0;0;0;0;0;0;0;0;0;0;0;1;1;1;1;1;1;1;1;1;1;1;1;1;1;1;1;1;1;1;0;0;0;0;0;0;0;0;0;0.0004;0.088;0;-0.0884;0;0;0;0;0;0;0;0;0;0;0;0;0;0;0;0;0;0;0;0.0001;0;0;0;0;0.0004;0;0;0;0;0;0;0;-0.0004;-0.0884;0;0;0;0;0;0;0;0;0;-0.7063;0;0.7063;1;1;0;0;0;0
14/01/21 06:00;16.646;-104.56;45.995;17.166;28.542;-90;-28.542;0;0;0;-0.0001;4.27;0;0;0;0;0;0;0;0;0;0;0;0;0;1;1;1;1;0;0;0;0;0;0;0;0;0;0;0;0;0;0;0;0;0;0;0;0;0;0;0;0;0;0;0;0;0;0;0;0;0;0;0;1;1;1;1;1;1;1;1;1;1;1;1;1;1;1;1;1;1;1;0;0;0;0;0;0;0;0;0;0.0004;0.088;0;-0.0884;0;0;0;0;0;0;0;0;0;0;0;0;0;0;0;0;0;0;0;0.0001;0;0;0;0;0.0004;0;0;0;0;0;0;0;-0.0004;-0.0884;0;0;0;0;0;0;0;0;0;-0.7063;0;0.7063;1;1;0;0;0;0
14/01/21 07:00;28.69;-96.848;6.1104;28.863;60;-90;-60;0;0;0;-0.0001;5.1099;0;0;0;0;0;0;0;0;0;0;0;0;0;1;1;1;1;0;0;0;0;0;0;0;0;0;0;0;0;0;0;0;0;0;0;0;0;0;0;0;0;0;0;0;0;0;0;0;0;0;0;0;1;1;1;1;1;1;1;1;1;1;1;1;1;1;1;1;1;1;1;0;0;0;0;0;0;0;0;0;0.0004;0.088;0;-0.0884;0;0;0;0;0;0;0;0;0;0;0;0;0;0;0;0;0;0;0;0.0001;0;0;0;0;0.0004;0;0;0;0;0;0;0;-0.0004;-0.0884;0;0;0;0;0;0;0;0;0;-0.7063;0;0.7063;1;1;0;0;0;0
14/01/21 08:00;40.933;-88.59;1.0655;40.941;49.059;-90;-49.059;0;0;0;-0.0001;6.11;0;0;0;0;0;0;0;0;0;0;0;0;0;1;1;1;1;0;0;0;0;0;0;0;0;0;0;0;0;0;0;0;0;0;0;0;0;0;0;0;0;0;0;0;0;0;0;0;0;0;0;0;1;1;1;1;1;1;1;1;1;1;1;1;1;1;1;1;1;1;1;0;0;0;0;0;0;0;0;0;0.0004;0.088;0;-0.0884;0;0;0;0;0;0;0;0;0;0;0;0;0;0;0;0;0;0;0;0.0001;0;0;0;0;0.0004;0;0;0;0;0;0;0;-0.0004;-0.0884;0;0;0;0;0;0;0;0;0;-0.7063;0;0.7063;1;1;0;0;0;0
14/01/21 09:00;53.112;-78.433;6.913;53.675;36.325;-90;-36.325;0;0;0;-0.0001;6.9299;0;0;0;0;0;0;0;0;0;0;0;0;0;1;1;1;1;0;0;0;0;0;0;0;0;0;0;0;0;0;0;0;0;0;0;0;0;0;0;0;0;0;0;0;0;0;0;0;0;0;0;0;1;1;1;1;1;1;1;1;1;1;1;1;1;1;1;1;1;1;1;0;0;0;0;0;0;0;0;0;0.0004;0.088;0;-0.0884;0;0;0;0;0;0;0;0;0;0;0;0;0;0;0;0;0;0;0;0.0001;0;0;0;0;0.0004;0;0;0;0;0;0;0;-0.0004;-0.0884;0;0;0;0;0;0;0;0;0;-0.7063;0;0.7063;1;1;0;0;0;0
14/01/21 10:00;64.706;-63.032;11.172;67.16;22.84;-90;-22.84;0;0;0;-0.0001;7.53;0;0;0;0;0;0;0;0;0;0;0;0;0;1;1;1;1;0;0;0;0;0;0;0;0;0;0;0;0;0;0;0;0;0;0;0;0;0;0;0;0;0;0;0;0;0;0;0;0;0;0;0;1;1;1;1;1;1;1;1;1;1;1;1;1;1;1;1;1;1;1;0;0;0;0;0;0;0;0;0;0.0004;0.088;0;-0.0884;0;0;0;0;0;0;0;0;0;0;0;0;0;0;0;0;0;0;0;0.0001;0;0;0;0;0.0004;0;0;0;0;0;0;0;-0.0004;-0.0884;0;0;0;0;0;0;0;0;0;-0.7063;0;0.7063;1;1;0;0;0;0
14/01/21 11:00;73.95;-32.263;13.52;81.269;8.7307;-90;-8.7307;0;0;0;-0.0001;7.93;0;0;0;0;0;0;0;0;0;0;0;0;0;1;1;1;1;0;0;0;0;0;0;0;0;0;0;0;0;0;0;0;0;0;0;0;0;0;0;0;0;0;0;0;0;0;0;0;0;0;0;0;1;1;1;1;1;1;1;1;1;1;1;1;1;1;1;1;1;1;1;0;0;0;0;0;0;0;0;0;0.0004;0.088;0;-0.0884;0;0;0;0;0;0;0;0;0;0;0;0;0;0;0;0;0;0;0;0.0001;0;0;0;0;0.0004;0;0;0;0;0;0;0;-0.0004;-0.0884;0;0;0;0;0;0;0;0;0;-0.7063;0;0.7063;1;1;0;0;0;0
14/01/21 12:00;75.152;21.926;13.752;84.347;5.6535;90;5.6535;0;0;0;-0.0001;8.2701;0;0;0;0;0;0;0;0;0;0;0;0;0;1;1;1;1;0;0;0;0;0;0;0;0;0;0;0;0;0;0;0;0;0;0;0;0;0;0;0;0;0;0;0;0;0;0;0;0;0;0;0;1;1;1;1;1;1;1;1;1;1;1;1;1;1;1;1;1;1;1;0;0;0;0;0;0;0;0;0;0.0004;0.088;0;-0.0884;0;0;0;0;0;0;0;0;0;0;0;0;0;0;0;0;0;0;0;0.0001;0;0;0;0;0.0004;0;0;0;0;0;0;0;-0.0004;-0.0884;0;0;0;0;0;0;0;0;0;-0.7063;0;0.7063;1;1;0;0;0;0
14/01/21 13:00;67.001;58.304;11.846;70.143;19.857;90;19.857;0;0;0;-0.0001;8.55;0;0;0;0;0;0;0;0;0;0;0;0;0;1;1;1;1;0;0;0;0;0;0;0;0;0;0;0;0;0;0;0;0;0;0;0;0;0;0;0;0;0;0;0;0;0;0;0;0;0;0;0;1;1;1;1;1;1;1;1;1;1;1;1;1;1;1;1;1;1;1;0;0;0;0;0;0;0;0;0;0.0004;0.088;0;-0.0884;0;0;0;0;0;0;0;0;0;0;0;0;0;0;0;0;0;0;0;0.0001;0;0;0;0;0.0004;0;0;0;0;0;0;0;-0.0004;-0.0884;0;0;0;0;0;0;0;0;0;-0.7063;0;0.7063;1;1;0;0;0;0
14/01/21 14:00;55.677;75.76;7.9725;56.505;33.495;90;33.495;0;0;0;-0.0001;8.6999;0;0;0;0;0;0;0;0;0;0;0;0;0;1;1;1;1;0;0;0;0;0;0;0;0;0;0;0;0;0;0;0;0;0;0;0;0;0;0;0;0;0;0;0;0;0;0;0;0;0;0;0;1;1;1;1;1;1;1;1;1;1;1;1;1;1;1;1;1;1;1;0;0;0;0;0;0;0;0;0;0.0004;0.088;0;-0.0884;0;0;0;0;0;0;0;0;0;0;0;0;0;0;0;0;0;0;0;0.0001;0;0;0;0;0.0004;0;0;0;0;0;0;0;-0.0004;-0.0884;0;0;0;0;0;0;0;0;0;-0.7063;0;0.7063;1;1;0;0;0;0
14/01/21 15:00;43.562;86.638;2.4354;43.611;46.389;90;46.389;0;0;0;-0.0001;8.66;0;0;0;0;0;0;0;0;0;0;0;0;0;1;1;1;1;0;0;0;0;0;0;0;0;0;0;0;0;0;0;0;0;0;0;0;0;0;0;0;0;0;0;0;0;0;0;0;0;0;0;0;1;1;1;1;1;1;1;1;1;1;1;1;1;1;1;1;1;1;1;0;0;0;0;0;0;0;0;0;0.0004;0.088;0;-0.0884;0;0;0;0;0;0;0;0;0;0;0;0;0;0;0;0;0;0;0;0.0001;0;0;0;0;0.0004;0;0;0;0;0;0;0;-0.0004;-0.0884;0;0;0;0;0;0;0;0;0;-0.7063;0;0.7063;1;1;0;0;0;0
14/01/21 16:00;31.307;95.155;4.4031;31.41;58.59;90;58.59;0;0;0;-0.0001;8.24;0;0;0;0;0;0;0;0;0;0;0;0;0;1;1;1;1;0;0;0;0;0;0;0;0;0;0;0;0;0;0;0;0;0;0;0;0;0;0;0;0;0;0;0;0;0;0;0;0;0;0;0;1;1;1;1;1;1;1;1;1;1;1;1;1;1;1;1;1;1;1;0;0;0;0;0;0;0;0;0;0.0004;0.088;0;-0.0884;0;0;0;0;0;0;0;0;0;0;0;0;0;0;0;0;0;0;0;0.0001;0;0;0;0;0.0004;0;0;0;0;0;0;0;-0.0004;-0.0884;0;0;0;0;0;0;0;0;0;-0.7063;0;0.7063;1;1;0;0;0;0
14/01/21 17:00;19.202;102.91;37.093;19.662;35.027;90;35.027;0;0;0;-0.0001;6.6701;0;0;0;0;0;0;0;0;0;0;0;0;0;1;1;1;1;0;0;0;0;0;0;0;0;0;0;0;0;0;0;0;0;0;0;0;0;0;0;0;0;0;0;0;0;0;0;0;0;0;0;0;1;1;1;1;1;1;1;1;1;1;1;1;1;1;1;1;1;1;1;0;0;0;0;0;0;0;0;0;0.0004;0.088;0;-0.0884;0;0;0;0;0;0;0;0;0;0;0;0;0;0;0;0;0;0;0;0.0001;0;0;0;0;0.0004;0;0;0;0;0;0;0;-0.0004;-0.0884;0;0;0;0;0;0;0;0;0;-0.7063;0;0.7063;1;1;0;0;0;0
14/01/21 18:00;7.4658;110.73;71.632;7.9761;11.69;90;11.69;0;0;0;-0.0001;4.36;0;0;0;0;0;0;0;0;0;0;0;0;0;1;1;1;1;0;0;0;0;0;0;0;0;0;0;0;0;0;0;0;0;0;0;0;0;0;0;0;0;0;0;0;0;0;0;0;0;0;0;0;1;1;1;1;1;1;1;1;1;1;1;1;1;1;1;1;1;1;1;0;0;0;0;0;0;0;0;0;0.0004;0.088;0;-0.0884;0;0;0;0;0;0;0;0;0;0;0;0;0;0;0;0;0;0;0;0.0001;0;0;0;0;0.0004;0;0;0;0;0;0;0;-0.0004;-0.0884;0;0;0;0;0;0;0;0;0;-0.7063;0;0.7063;1;1;0;0;0;0
14/01/21 19:00;0.8865;115.57;87.85;0.9827;1.4012;90;1.4012;0;0;0;-0.0001;3.4901;0;0;0;0;0;0;0;0;0;0;0;0;0;1;1;1;1;0;0;0;0;0;0;0;0;0;0;0;0;0;0;0;0;0;0;0;0;0;0;0;0;0;0;0;0;0;0;0;0;0;0;0;1;1;1;1;1;1;1;1;1;1;1;1;1;1;1;1;1;1;1;0;0;0;0;0;0;0;0;0;0.0004;0.088;0;-0.0884;0;0;0;0;0;0;0;0;0;0;0;0;0;0;0;0;0;0;0;0.0001;0;0;0;0;0.0004;0;0;0;0;0;0;0;-0.0004;-0.0884;0;0;0;0;0;0;0;0;0;-0.7063;0;0.7063;1;1;0;0;0;0
14/01/21 20:00;0;0;90;0;0;90;0;0;0;0;-0.0001;3.2799;0;0;0;0;0;0;0;0;0;0;0;0;0;1;1;1;1;0;0;0;0;0;0;0;0;0;0;0;0;0;0;0;0;0;0;0;0;0;0;0;0;0;0;0;0;0;0;0;0;0;0;0;1;1;1;1;1;1;1;1;1;1;1;1;1;1;1;1;1;1;1;0;0;0;0;0;0;0;0;0;0.0004;0.088;0;-0.0884;0;0;0;0;0;0;0;0;0;0;0;0;0;0;0;0;0;0;0;0.0001;0;0;0;0;0.0004;0;0;0;0;0;0;0;-0.0004;-0.0884;0;0;0;0;0;0;0;0;0;-0.7063;0;0.7063;1;1;0;0;0;0
14/01/21 21:00;0;0;90;0;0;90;0;0;0;0;-0.0001;3.1099;0;0;0;0;0;0;0;0;0;0;0;0;0;1;1;1;1;0;0;0;0;0;0;0;0;0;0;0;0;0;0;0;0;0;0;0;0;0;0;0;0;0;0;0;0;0;0;0;0;0;0;0;1;1;1;1;1;1;1;1;1;1;1;1;1;1;1;1;1;1;1;0;0;0;0;0;0;0;0;0;0.0004;0.088;0;-0.0884;0;0;0;0;0;0;0;0;0;0;0;0;0;0;0;0;0;0;0;0.0001;0;0;0;0;0.0004;0;0;0;0;0;0;0;-0.0004;-0.0884;0;0;0;0;0;0;0;0;0;-0.7063;0;0.7063;1;1;0;0;0;0
14/01/21 22:00;0;0;90;0;0;90;0;0;0;0;-0.0001;2.8601;0;0;0;0;0;0;0;0;0;0;0;0;0;1;1;1;1;0;0;0;0;0;0;0;0;0;0;0;0;0;0;0;0;0;0;0;0;0;0;0;0;0;0;0;0;0;0;0;0;0;0;0;1;1;1;1;1;1;1;1;1;1;1;1;1;1;1;1;1;1;1;0;0;0;0;0;0;0;0;0;0.0004;0.088;0;-0.0884;0;0;0;0;0;0;0;0;0;0;0;0;0;0;0;0;0;0;0;0.0001;0;0;0;0;0.0004;0;0;0;0;0;0;0;-0.0004;-0.0884;0;0;0;0;0;0;0;0;0;-0.7063;0;0.7063;1;1;0;0;0;0
14/01/21 23:00;0;0;90;0;0;90;0;0;0;0;-0.0001;2.66;0;0;0;0;0;0;0;0;0;0;0;0;0;1;1;1;1;0;0;0;0;0;0;0;0;0;0;0;0;0;0;0;0;0;0;0;0;0;0;0;0;0;0;0;0;0;0;0;0;0;0;0;1;1;1;1;1;1;1;1;1;1;1;1;1;1;1;1;1;1;1;0;0;0;0;0;0;0;0;0;0.0004;0.088;0;-0.0884;0;0;0;0;0;0;0;0;0;0;0;0;0;0;0;0;0;0;0;0.0001;0;0;0;0;0.0004;0;0;0;0;0;0;0;-0.0004;-0.0884;0;0;0;0;0;0;0;0;0;-0.7063;0;0.7063;1;1;0;0;0;0
15/01/21 00:00;0;0;90;0;0;90;0;0;0;0;-0.0001;2.4501;0;0;0;0;0;0;0;0;0;0;0;0;0;1;1;1;1;0;0;0;0;0;0;0;0;0;0;0;0;0;0;0;0;0;0;0;0;0;0;0;0;0;0;0;0;0;0;0;0;0;0;0;1;1;1;1;1;1;1;1;1;1;1;1;1;1;1;1;1;1;1;0;0;0;0;0;0;0;0;0;0.0004;0.088;0;-0.0884;0;0;0;0;0;0;0;0;0;0;0;0;0;0;0;0;0;0;0;0.0001;0;0;0;0;0.0004;0;0;0;0;0;0;0;-0.0004;-0.0884;0;0;0;0;0;0;0;0;0;-0.7063;0;0.7063;1;1;0;0;0;0
15/01/21 01:00;0;0;90;0;0;90;0;0;0;0;-0.0001;2.2;0;0;0;0;0;0;0;0;0;0;0;0;0;1;1;1;1;0;0;0;0;0;0;0;0;0;0;0;0;0;0;0;0;0;0;0;0;0;0;0;0;0;0;0;0;0;0;0;0;0;0;0;1;1;1;1;1;1;1;1;1;1;1;1;1;1;1;1;1;1;1;0;0;0;0;0;0;0;0;0;0.0004;0.088;0;-0.0884;0;0;0;0;0;0;0;0;0;0;0;0;0;0;0;0;0;0;0;0.0001;0;0;0;0;0.0004;0;0;0;0;0;0;0;-0.0004;-0.0884;0;0;0;0;0;0;0;0;0;-0.7063;0;0.7063;1;1;0;0;0;0
15/01/21 02:00;0;0;90;0;0;90;0;0;0;0;-0.0001;1.88;0;0;0;0;0;0;0;0;0;0;0;0;0;1;1;1;1;0;0;0;0;0;0;0;0;0;0;0;0;0;0;0;0;0;0;0;0;0;0;0;0;0;0;0;0;0;0;0;0;0;0;0;1;1;1;1;1;1;1;1;1;1;1;1;1;1;1;1;1;1;1;0;0;0;0;0;0;0;0;0;0.0004;0.088;0;-0.0884;0;0;0;0;0;0;0;0;0;0;0;0;0;0;0;0;0;0;0;0.0001;0;0;0;0;0.0004;0;0;0;0;0;0;0;-0.0004;-0.0884;0;0;0;0;0;0;0;0;0;-0.7063;0;0.7063;1;1;0;0;0;0
15/01/21 03:00;0;0;90;0;0;90;0;0;0;0;-0.0001;1.57;0;0;0;0;0;0;0;0;0;0;0;0;0;1;1;1;1;0;0;0;0;0;0;0;0;0;0;0;0;0;0;0;0;0;0;0;0;0;0;0;0;0;0;0;0;0;0;0;0;0;0;0;1;1;1;1;1;1;1;1;1;1;1;1;1;1;1;1;1;1;1;0;0;0;0;0;0;0;0;0;0.0004;0.088;0;-0.0884;0;0;0;0;0;0;0;0;0;0;0;0;0;0;0;0;0;0;0;0.0001;0;0;0;0;0.0004;0;0;0;0;0;0;0;-0.0004;-0.0884;0;0;0;0;0;0;0;0;0;-0.7063;0;0.7063;1;1;0;0;0;0
15/01/21 04:00;0;0;90;0;0;90;0;0;0;0;-0.0001;1.5299;0;0;0;0;0;0;0;0;0;0;0;0;0;1;1;1;1;0;0;0;0;0;0;0;0;0;0;0;0;0;0;0;0;0;0;0;0;0;0;0;0;0;0;0;0;0;0;0;0;0;0;0;1;1;1;1;1;1;1;1;1;1;1;1;1;1;1;1;1;1;1;0;0;0;0;0;0;0;0;0;0.0004;0.088;0;-0.0884;0;0;0;0;0;0;0;0;0;0;0;0;0;0;0;0;0;0;0;0.0001;0;0;0;0;0.0004;0;0;0;0;0;0;0;-0.0004;-0.0884;0;0;0;0;0;0;0;0;0;-0.7063;0;0.7063;1;1;0;0;0;0
15/01/21 05:00;5.2214;-112.1;77.249;5.633;8.1388;-90;-8.1388;0;0;0;-0.0001;2.34;0;0;0;0;0;0;0;0;0;0;0;0;0;1;1;1;1;0;0;0;0;0;0;0;0;0;0;0;0;0;0;0;0;0;0;0;0;0;0;0;0;0;0;0;0;0;0;0;0;0;0;0;1;1;1;1;1;1;1;1;1;1;1;1;1;1;1;1;1;1;1;0;0;0;0;0;0;0;0;0;0.0004;0.088;0;-0.0884;0;0;0;0;0;0;0;0;0;0;0;0;0;0;0;0;0;0;0;0.0001;0;0;0;0;0.0004;0;0;0;0;0;0;0;-0.0004;-0.0884;0;0;0;0;0;0;0;0;0;-0.7063;0;0.7063;1;1;0;0;0;0
15/01/21 06:00;16.476;-104.44;46.539;16.984;28.123;-90;-28.123;0;0;0;-0.0001;3.8901;0;0;0;0;0;0;0;0;0;0;0;0;0;1;1;1;1;0;0;0;0;0;0;0;0;0;0;0;0;0;0;0;0;0;0;0;0;0;0;0;0;0;0;0;0;0;0;0;0;0;0;0;1;1;1;1;1;1;1;1;1;1;1;1;1;1;1;1;1;1;1;0;0;0;0;0;0;0;0;0;0.0004;0.088;0;-0.0884;0;0;0;0;0;0;0;0;0;0;0;0;0;0;0;0;0;0;0;0.0001;0;0;0;0;0.0004;0;0;0;0;0;0;0;-0.0004;-0.0884;0;0;0;0;0;0;0;0;0;-0.7063;0;0.7063;1;1;0;0;0;0
15/01/21 07:00;28.526;-96.713;6.0382;28.692;60;-90;-60;0;0;0;-0.0001;5.3499;0;0;0;0;0;0;0;0;0;0;0;0;0;1;1;1;1;0;0;0;0;0;0;0;0;0;0;0;0;0;0;0;0;0;0;0;0;0;0;0;0;0;0;0;0;0;0;0;0;0;0;0;1;1;1;1;1;1;1;1;1;1;1;1;1;1;1;1;1;1;1;0;0;0;0;0;0;0;0;0;0.0004;0.088;0;-0.0884;0;0;0;0;0;0;0;0;0;0;0;0;0;0;0;0;0;0;0;0.0001;0;0;0;0;0.0004;0;0;0;0;0;0;0;-0.0004;-0.0884;0;0;0;0;0;0;0;0;0;-0.7063;0;0.7063;1;1;0;0;0;0
15/01/21 08:00;40.77;-88.43;1.1887;40.781;49.219;-90;-49.219;0;0;0;-0.0001;6.2999;0;0;0;0;0;0;0;0;0;0;0;0;0;1;1;1;1;0;0;0;0;0;0;0;0;0;0;0;0;0;0;0;0;0;0;0;0;0;0;0;0;0;0;0;0;0;0;0;0;0;0;0;1;1;1;1;1;1;1;1;1;1;1;1;1;1;1;1;1;1;1;0;0;0;0;0;0;0;0;0;0.0004;0.088;0;-0.0884;0;0;0;0;0;0;0;0;0;0;0;0;0;0;0;0;0;0;0;0.0001;0;0;0;0;0.0004;0;0;0;0;0;0;0;-0.0004;-0.0884;0;0;0;0;0;0;0;0;0;-0.7063;0;0.7063;1;1;0;0;0;0
15/01/21 09:00;52.945;-78.242;7.0531;53.528;36.472;-90;-36.472;0;0;0;-0.0001;7.06;0;0;0;0;0;0;0;0;0;0;0;0;0;1;1;1;1;0;0;0;0;0;0;0;0;0;0;0;0;0;0;0;0;0;0;0;0;0;0;0;0;0;0;0;0;0;0;0;0;0;0;0;1;1;1;1;1;1;1;1;1;1;1;1;1;1;1;1;1;1;1;0;0;0;0;0;0;0;0;0;0.0004;0.088;0;-0.0884;0;0;0;0;0;0;0;0;0;0;0;0;0;0;0;0;0;0;0;0.0001;0;0;0;0;0.0004;0;0;0;0;0;0;0;-0.0004;-0.0884;0;0;0;0;0;0;0;0;0;-0.7063;0;0.7063;1;1;0;0;0;0
15/01/21 10:00;64.525;-62.82;11.33;67.032;22.969;-90;-22.969;0;0;0;-0.0001;7.93;0;0;0;0;0;0;0;0;0;0;0;0;0;1;1;1;1;0;0;0;0;0;0;0;0;0;0;0;0;0;0;0;0;0;0;0;0;0;0;0;0;0;0;0;0;0;0;0;0;0;0;0;1;1;1;1;1;1;1;1;1;1;1;1;1;1;1;1;1;1;1;0;0;0;0;0;0;0;0;0;0.0004;0.088;0;-0.0884;0;0;0;0;0;0;0;0;0;0;0;0;0;0;0;0;0;0;0;0.0001;0;0;0;0;0.0004;0;0;0;0;0;0;0;-0.0004;-0.0884;0;0;0;0;0;0;0;0;0;-0.7063;0;0.7063;1;1;0;0;0;0
15/01/21 11:00;73.748;-32.223;13.695;81.165;8.8353;-90;-8.8353;0;0;0;-0.0001;8.7699;0;0;0;0;0;0;0;0;0;0;0;0;0;1;1;1;1;0;0;0;0;0;0;0;0;0;0;0;0;0;0;0;0;0;0;0;0;0;0;0;0;0;0;0;0;0;0;0;0;0;0;0;1;1;1;1;1;1;1;1;1;1;1;1;1;1;1;1;1;1;1;0;0;0;0;0;0;0;0;0;0.0004;0.088;0;-0.0884;0;0;0;0;0;0;0;0;0;0;0;0;0;0;0;0;0;0;0;0.0001;0;0;0;0;0.0004;0;0;0;0;0;0;0;-0.0004;-0.0884;0;0;0;0;0;0;0;0;0;-0.7063;0;0.7063;1;1;0;0;0;0
15/01/21 12:00;75.005;21.384;13.941;84.422;5.5779;90;5.5779;0;0;0;-0.0001;9.4099;0;0;0;0;0;0;0;0;0;0;0;0;0;1;1;1;1;0;0;0;0;0;0;0;0;0;0;0;0;0;0;0;0;0;0;0;0;0;0;0;0;0;0;0;0;0;0;0;0;0;0;0;1;1;1;1;1;1;1;1;1;1;1;1;1;1;1;1;1;1;1;0;0;0;0;0;0;0;0;0;0.0004;0.088;0;-0.0884;0;0;0;0;0;0;0;0;0;0;0;0;0;0;0;0;0;0;0;0.0001;0;0;0;0;0.0004;0;0;0;0;0;0;0;-0.0004;-0.0884;0;0;0;0;0;0;0;0;0;-0.7063;0;0.7063;1;1;0;0;0;0
15/01/21 13:00;66.941;57.81;12.044;70.188;19.812;90;19.812;0;0;0;-0.0001;10.01;0;0;0;0;0;0;0;0;0;0;0;0;0;1;1;1;1;0;0;0;0;0;0;0;0;0;0;0;0;0;0;0;0;0;0;0;0;0;0;0;0;0;0;0;0;0;0;0;0;0;0;0;1;1;1;1;1;1;1;1;1;1;1;1;1;1;1;1;1;1;1;0;0;0;0;0;0;0;0;0;0.0004;0.088;0;-0.0884;0;0;0;0;0;0;0;0;0;0;0;0;0;0;0;0;0;0;0;0.0001;0;0;0;0;0.0004;0;0;0;0;0;0;0;-0.0004;-0.0884;0;0;0;0;0;0;0;0;0;-0.7063;0;0.7063;1;1;0;0;0;0
15/01/21 14:00;55.652;75.404;8.1743;56.522;33.478;90;33.478;0;0;0;-0.0001;10.42;0;0;0;0;0;0;0;0;0;0;0;0;0;1;1;1;1;0;0;0;0;0;0;0;0;0;0;0;0;0;0;0;0;0;0;0;0;0;0;0;0;0;0;0;0;0;0;0;0;0;0;0;1;1;1;1;1;1;1;1;1;1;1;1;1;1;1;1;1;1;1;0;0;0;0;0;0;0;0;0;0.0004;0.088;0;-0.0884;0;0;0;0;0;0;0;0;0;0;0;0;0;0;0;0;0;0;0;0.0001;0;0;0;0;0.0004;0;0;0;0;0;0;0;-0.0004;-0.0884;0;0;0;0;0;0;0;0;0;-0.7063;0;0.7063;1;1;0;0;0;0
15/01/21 15:00;43.547;86.36;2.6377;43.605;46.395;90;46.395;0;0;0;-0.0001;10.6;0;0;0;0;0;0;0;0;0;0;0;0;0;1;1;1;1;0;0;0;0;0;0;0;0;0;0;0;0;0;0;0;0;0;0;0;0;0;0;0;0;0;0;0;0;0;0;0;0;0;0;0;1;1;1;1;1;1;1;1;1;1;1;1;1;1;1;1;1;1;1;0;0;0;0;0;0;0;0;0;0.0004;0.088;0;-0.0884;0;0;0;0;0;0;0;0;0;0;0;0;0;0;0;0;0;0;0;0.0001;0;0;0;0;0.0004;0;0;0;0;0;0;0;-0.0004;-0.0884;0;0;0;0;0;0;0;0;0;-0.7063;0;0.7063;1;1;0;0;0;0
15/01/21 16:00;31.292;94.919;4.2022;31.386;58.614;90;58.614;0;0;0;-0.0001;10.66;0;0;0;0;0;0;0;0;0;0;0;0;0;1;1;1;1;0;0;0;0;0;0;0;0;0;0;0;0;0;0;0;0;0;0;0;0;0;0;0;0;0;0;0;0;0;0;0;0;0;0;0;1;1;1;1;1;1;1;1;1;1;1;1;1;1;1;1;1;1;1;0;0;0;0;0;0;0;0;0;0.0004;0.088;0;-0.0884;0;0;0;0;0;0;0;0;0;0;0;0;0;0;0;0;0;0;0;0.0001;0;0;0;0;0.0004;0;0;0;0;0;0;0;-0.0004;-0.0884;0;0;0;0;0;0;0;0;0;-0.7063;0;0.7063;1;1;0;0;0;0
15/01/21 17:00;19.179;102.7;37.18;19.623;34.913;90;34.913;0;0;0;-0.0001;10.16;0;0;0;0;0;0;0;0;0;0;0;0;0;1;1;1;1;0;0;0;0;0;0;0;0;0;0;0;0;0;0;0;0;0;0;0;0;0;0;0;0;0;0;0;0;0;0;0;0;0;0;0;1;1;1;1;1;1;1;1;1;1;1;1;1;1;1;1;1;1;1;0;0;0;0;0;0;0;0;0;0.0004;0.088;0;-0.0884;0;0;0;0;0;0;0;0;0;0;0;0;0;0;0;0;0;0;0;0.0001;0;0;0;0;0.0004;0;0;0;0;0;0;0;-0.0004;-0.0884;0;0;0;0;0;0;0;0;0;-0.7063;0;0.7063;1;1;0;0;0;0
15/01/21 18:00;7.4301;110.53;71.722;7.9278;11.615;90;11.615;0;0;0;-0.0001;8.7699;0;0;0;0;0;0;0;0;0;0;0;0;0;1;1;1;1;0;0;0;0;0;0;0;0;0;0;0;0;0;0;0;0;0;0;0;0;0;0;0;0;0;0;0;0;0;0;0;0;0;0;0;1;1;1;1;1;1;1;1;1;1;1;1;1;1;1;1;1;1;1;0;0;0;0;0;0;0;0;0;0.0004;0.088;0;-0.0884;0;0;0;0;0;0;0;0;0;0;0;0;0;0;0;0;0;0;0;0.0001;0;0;0;0;0.0004;0;0;0;0;0;0;0;-0.0004;-0.0884;0;0;0;0;0;0;0;0;0;-0.7063;0;0.7063;1;1;0;0;0;0
15/01/21 19:00;0.8411;115.37;87.96;0.9309;1.3273;90;1.3273;0;0;0;-0.0001;8.1101;0;0;0;0;0;0;0;0;0;0;0;0;0;1;1;1;1;0;0;0;0;0;0;0;0;0;0;0;0;0;0;0;0;0;0;0;0;0;0;0;0;0;0;0;0;0;0;0;0;0;0;0;1;1;1;1;1;1;1;1;1;1;1;1;1;1;1;1;1;1;1;0;0;0;0;0;0;0;0;0;0.0004;0.088;0;-0.0884;0;0;0;0;0;0;0;0;0;0;0;0;0;0;0;0;0;0;0;0.0001;0;0;0;0;0.0004;0;0;0;0;0;0;0;-0.0004;-0.0884;0;0;0;0;0;0;0;0;0;-0.7063;0;0.7063;1;1;0;0;0;0
15/01/21 20:00;0;0;90;0;0;90;0;0;0;0;-0.0001;7.53;0;0;0;0;0;0;0;0;0;0;0;0;0;1;1;1;1;0;0;0;0;0;0;0;0;0;0;0;0;0;0;0;0;0;0;0;0;0;0;0;0;0;0;0;0;0;0;0;0;0;0;0;1;1;1;1;1;1;1;1;1;1;1;1;1;1;1;1;1;1;1;0;0;0;0;0;0;0;0;0;0.0004;0.088;0;-0.0884;0;0;0;0;0;0;0;0;0;0;0;0;0;0;0;0;0;0;0;0.0001;0;0;0;0;0.0004;0;0;0;0;0;0;0;-0.0004;-0.0884;0;0;0;0;0;0;0;0;0;-0.7063;0;0.7063;1;1;0;0;0;0
15/01/21 21:00;0;0;90;0;0;90;0;0;0;0;-0.0001;6.6701;0;0;0;0;0;0;0;0;0;0;0;0;0;1;1;1;1;0;0;0;0;0;0;0;0;0;0;0;0;0;0;0;0;0;0;0;0;0;0;0;0;0;0;0;0;0;0;0;0;0;0;0;1;1;1;1;1;1;1;1;1;1;1;1;1;1;1;1;1;1;1;0;0;0;0;0;0;0;0;0;0.0004;0.088;0;-0.0884;0;0;0;0;0;0;0;0;0;0;0;0;0;0;0;0;0;0;0;0.0001;0;0;0;0;0.0004;0;0;0;0;0;0;0;-0.0004;-0.0884;0;0;0;0;0;0;0;0;0;-0.7063;0;0.7063;1;1;0;0;0;0
15/01/21 22:00;0;0;90;0;0;90;0;0;0;0;-0.0001;6.43;0;0;0;0;0;0;0;0;0;0;0;0;0;1;1;1;1;0;0;0;0;0;0;0;0;0;0;0;0;0;0;0;0;0;0;0;0;0;0;0;0;0;0;0;0;0;0;0;0;0;0;0;1;1;1;1;1;1;1;1;1;1;1;1;1;1;1;1;1;1;1;0;0;0;0;0;0;0;0;0;0.0004;0.088;0;-0.0884;0;0;0;0;0;0;0;0;0;0;0;0;0;0;0;0;0;0;0;0.0001;0;0;0;0;0.0004;0;0;0;0;0;0;0;-0.0004;-0.0884;0;0;0;0;0;0;0;0;0;-0.7063;0;0.7063;1;1;0;0;0;0
15/01/21 23:00;0;0;90;0;0;90;0;0;0;0;-0.0001;6.1499;0;0;0;0;0;0;0;0;0;0;0;0;0;1;1;1;1;0;0;0;0;0;0;0;0;0;0;0;0;0;0;0;0;0;0;0;0;0;0;0;0;0;0;0;0;0;0;0;0;0;0;0;1;1;1;1;1;1;1;1;1;1;1;1;1;1;1;1;1;1;1;0;0;0;0;0;0;0;0;0;0.0004;0.088;0;-0.0884;0;0;0;0;0;0;0;0;0;0;0;0;0;0;0;0;0;0;0;0.0001;0;0;0;0;0.0004;0;0;0;0;0;0;0;-0.0004;-0.0884;0;0;0;0;0;0;0;0;0;-0.7063;0;0.7063;1;1;0;0;0;0
16/01/21 00:00;0;0;90;0;0;90;0;0;0;0;-0.0001;5.84;0;0;0;0;0;0;0;0;0;0;0;0;0;1;1;1;1;0;0;0;0;0;0;0;0;0;0;0;0;0;0;0;0;0;0;0;0;0;0;0;0;0;0;0;0;0;0;0;0;0;0;0;1;1;1;1;1;1;1;1;1;1;1;1;1;1;1;1;1;1;1;0;0;0;0;0;0;0;0;0;0.0004;0.088;0;-0.0884;0;0;0;0;0;0;0;0;0;0;0;0;0;0;0;0;0;0;0;0.0001;0;0;0;0;0.0004;0;0;0;0;0;0;0;-0.0004;-0.0884;0;0;0;0;0;0;0;0;0;-0.7063;0;0.7063;1;1;0;0;0;0
16/01/21 01:00;0;0;90;0;0;90;0;0;0;0;-0.0001;5.63;0;0;0;0;0;0;0;0;0;0;0;0;0;1;1;1;1;0;0;0;0;0;0;0;0;0;0;0;0;0;0;0;0;0;0;0;0;0;0;0;0;0;0;0;0;0;0;0;0;0;0;0;1;1;1;1;1;1;1;1;1;1;1;1;1;1;1;1;1;1;1;0;0;0;0;0;0;0;0;0;0.0004;0.088;0;-0.0884;0;0;0;0;0;0;0;0;0;0;0;0;0;0;0;0;0;0;0;0.0001;0;0;0;0;0.0004;0;0;0;0;0;0;0;-0.0004;-0.0884;0;0;0;0;0;0;0;0;0;-0.7063;0;0.7063;1;1;0;0;0;0
16/01/21 02:00;0;0;90;0;0;90;0;0;0;0;-0.0001;5.45;0;0;0;0;0;0;0;0;0;0;0;0;0;1;1;1;1;0;0;0;0;0;0;0;0;0;0;0;0;0;0;0;0;0;0;0;0;0;0;0;0;0;0;0;0;0;0;0;0;0;0;0;1;1;1;1;1;1;1;1;1;1;1;1;1;1;1;1;1;1;1;0;0;0;0;0;0;0;0;0;0.0004;0.088;0;-0.0884;0;0;0;0;0;0;0;0;0;0;0;0;0;0;0;0;0;0;0;0.0001;0;0;0;0;0.0004;0;0;0;0;0;0;0;-0.0004;-0.0884;0;0;0;0;0;0;0;0;0;-0.7063;0;0.7063;1;1;0;0;0;0
16/01/21 03:00;0;0;90;0;0;90;0;0;0;0;-0.0001;5.29;0;0;0;0;0;0;0;0;0;0;0;0;0;1;1;1;1;0;0;0;0;0;0;0;0;0;0;0;0;0;0;0;0;0;0;0;0;0;0;0;0;0;0;0;0;0;0;0;0;0;0;0;1;1;1;1;1;1;1;1;1;1;1;1;1;1;1;1;1;1;1;0;0;0;0;0;0;0;0;0;0.0004;0.088;0;-0.0884;0;0;0;0;0;0;0;0;0;0;0;0;0;0;0;0;0;0;0;0.0001;0;0;0;0;0.0004;0;0;0;0;0;0;0;-0.0004;-0.0884;0;0;0;0;0;0;0;0;0;-0.7063;0;0.7063;1;1;0;0;0;0
16/01/21 04:00;0;0;90;0;0;90;0;0;0;0;-0.0001;5.52;0;0;0;0;0;0;0;0;0;0;0;0;0;1;1;1;1;0;0;0;0;0;0;0;0;0;0;0;0;0;0;0;0;0;0;0;0;0;0;0;0;0;0;0;0;0;0;0;0;0;0;0;1;1;1;1;1;1;1;1;1;1;1;1;1;1;1;1;1;1;1;0;0;0;0;0;0;0;0;0;0.0004;0.088;0;-0.0884;0;0;0;0;0;0;0;0;0;0;0;0;0;0;0;0;0;0;0;0.0001;0;0;0;0;0.0004;0;0;0;0;0;0;0;-0.0004;-0.0884;0;0;0;0;0;0;0;0;0;-0.7063;0;0.7063;1;1;0;0;0;0
16/01/21 05:00;5.2328;-111.86;77.221;5.6356;8.1427;-90;-8.1427;0;0;0;-0.0001;6.89;0;0;0;0;0;0;0;0;0;0;0;0;0;1;1;1;1;0;0;0;0;0;0;0;0;0;0;0;0;0;0;0;0;0;0;0;0;0;0;0;0;0;0;0;0;0;0;0;0;0;0;0;1;1;1;1;1;1;1;1;1;1;1;1;1;1;1;1;1;1;1;0;0;0;0;0;0;0;0;0;0.0004;0.088;0;-0.0884;0;0;0;0;0;0;0;0;0;0;0;0;0;0;0;0;0;0;0;0.0001;0;0;0;0;0.0004;0;0;0;0;0;0;0;-0.0004;-0.0884;0;0;0;0;0;0;0;0;0;-0.7063;0;0.7063;1;1;0;0;0;0
16/01/21 06:00;16.306;-104.32;47.084;16.799;27.704;-90;-27.704;0;0;0;-0.0001;7.44;0;0;0;0;0;0;0;0;0;0;0;0;0;1;1;1;1;0;0;0;0;0;0;0;0;0;0;0;0;0;0;0;0;0;0;0;0;0;0;0;0;0;0;0;0;0;0;0;0;0;0;0;1;1;1;1;1;1;1;1;1;1;1;1;1;1;1;1;1;1;1;0;0;0;0;0;0;0;0;0;0.0004;0.088;0;-0.0884;0;0;0;0;0;0;0;0;0;0;0;0;0;0;0;0;0;0;0;0.0001;0;0;0;0;0.0004;0;0;0;0;0;0;0;-0.0004;-0.0884;0;0;0;0;0;0;0;0;0;-0.7063;0;0.7063;1;1;0;0;0;0
16/01/21 07:00;28.36;-96.571;5.9658;28.519;60;-90;-60;0;0;0;-0.0001;7.3399;0;0;0;0;0;0;0;0;0;0;0;0;0;1;1;1;1;0;0;0;0;0;0;0;0;0;0;0;0;0;0;0;0;0;0;0;0;0;0;0;0;0;0;0;0;0;0;0;0;0;0;0;1;1;1;1;1;1;1;1;1;1;1;1;1;1;1;1;1;1;1;0;0;0;0;0;0;0;0;0;0.0004;0.088;0;-0.0884;0;0;0;0;0;0;0;0;0;0;0;0;0;0;0;0;0;0;0;0.0001;0;0;0;0;0.0004;0;0;0;0;0;0;0;-0.0004;-0.0884;0;0;0;0;0;0;0;0;0;-0.7063;0;0.7063;1;1;0;0;0;0
16/01/21 08:00;40.606;-88.263;1.3187;40.619;49.381;-90;-49.381;0;0;0;-0.0001;7.19;0;0;0;0;0;0;0;0;0;0;0;0;0;1;1;1;1;0;0;0;0;0;0;0;0;0;0;0;0;0;0;0;0;0;0;0;0;0;0;0;0;0;0;0;0;0;0;0;0;0;0;0;1;1;1;1;1;1;1;1;1;1;1;1;1;1;1;1;1;1;1;0;0;0;0;0;0;0;0;0;0.0004;0.088;0;-0.0884;0;0;0;0;0;0;0;0;0;0;0;0;0;0;0;0;0;0;0;0.0001;0;0;0;0;0.0004;0;0;0;0;0;0;0;-0.0004;-0.0884;0;0;0;0;0;0;0;0;0;-0.7063;0;0.7063;1;1;0;0;0;0
16/01/21 09:00;52.776;-78.042;7.2002;53.38;36.62;-90;-36.62;0;0;0;-0.0001;7.2401;0;0;0;0;0;0;0;0;0;0;0;0;0;1;1;1;1;0;0;0;0;0;0;0;0;0;0;0;0;0;0;0;0;0;0;0;0;0;0;0;0;0;0;0;0;0;0;0;0;0;0;0;1;1;1;1;1;1;1;1;1;1;1;1;1;1;1;1;1;1;1;0;0;0;0;0;0;0;0;0;0.0004;0.088;0;-0.0884;0;0;0;0;0;0;0;0;0;0;0;0;0;0;0;0;0;0;0;0.0001;0;0;0;0;0.0004;0;0;0;0;0;0;0;-0.0004;-0.0884;0;0;0;0;0;0;0;0;0;-0.7063;0;0.7063;1;1;0;0;0;0
16/01/21 10:00;64.341;-62.597;11.496;66.903;23.097;-90;-23.097;0;0;0;-0.0001;7.4099;0;0;0;0;0;0;0;0;0;0;0;0;0;1;1;1;1;0;0;0;0;0;0;0;0;0;0;0;0;0;0;0;0;0;0;0;0;0;0;0;0;0;0;0;0;0;0;0;0;0;0;0;1;1;1;1;1;1;1;1;1;1;1;1;1;1;1;1;1;1;1;0;0;0;0;0;0;0;0;0;0.0004;0.088;0;-0.0884;0;0;0;0;0;0;0;0;0;0;0;0;0;0;0;0;0;0;0;0.0001;0;0;0;0;0.0004;0;0;0;0;0;0;0;-0.0004;-0.0884;0;0;0;0;0;0;0;0;0;-0.7063;0;0.7063;1;1;0;0;0;0
16/01/21 11:00;73.541;-32.166;13.877;81.062;8.9385;-90;-8.9385;0;0;0;-0.0001;7.75;0;0;0;0;0;0;0;0;0;0;0;0;0;1;1;1;1;0;0;0;0;0;0;0;0;0;0;0;0;0;0;0;0;0;0;0;0;0;0;0;0;0;0;0;0;0;0;0;0;0;0;0;1;1;1;1;1;1;1;1;1;1;1;1;1;1;1;1;1;1;1;0;0;0;0;0;0;0;0;0;0.0004;0.088;0;-0.0884;0;0;0;0;0;0;0;0;0;0;0;0;0;0;0;0;0;0;0;0.0001;0;0;0;0;0.0004;0;0;0;0;0;0;0;-0.0004;-0.0884;0;0;0;0;0;0;0;0;0;-0.7063;0;0.7063;1;1;0;0;0;0
16/01/21 12:00;74.851;20.851;14.136;84.495;5.5047;90;5.5047;0;0;0;-0.0001;8.2099;0;0;0;0;0;0;0;0;0;0;0;0;0;1;1;1;1;0;0;0;0;0;0;0;0;0;0;0;0;0;0;0;0;0;0;0;0;0;0;0;0;0;0;0;0;0;0;0;0;0;0;0;1;1;1;1;1;1;1;1;1;1;1;1;1;1;1;1;1;1;1;0;0;0;0;0;0;0;0;0;0.0004;0.088;0;-0.0884;0;0;0;0;0;0;0;0;0;0;0;0;0;0;0;0;0;0;0;0.0001;0;0;0;0;0.0004;0;0;0;0;0;0;0;-0.0004;-0.0884;0;0;0;0;0;0;0;0;0;-0.7063;0;0.7063;1;1;0;0;0;0
16/01/21 13:00;66.874;57.309;12.247;70.23;19.77;90;19.77;0;0;0;-0.0001;8.74;0;0;0;0;0;0;0;0;0;0;0;0;0;1;1;1;1;0;0;0;0;0;0;0;0;0;0;0;0;0;0;0;0;0;0;0;0;0;0;0;0;0;0;0;0;0;0;0;0;0;0;0;1;1;1;1;1;1;1;1;1;1;1;1;1;1;1;1;1;1;1;0;0;0;0;0;0;0;0;0;0.0004;0.088;0;-0.0884;0;0;0;0;0;0;0;0;0;0;0;0;0;0;0;0;0;0;0;0.0001;0;0;0;0;0.0004;0;0;0;0;0;0;0;-0.0004;-0.0884;0;0;0;0;0;0;0;0;0;-0.7063;0;0.7063;1;1;0;0;0;0
16/01/21 14:00;55.62;75.04;8.3816;56.535;33.465;90;33.465;0;0;0;-0.0001;9.04;0;0;0;0;0;0;0;0;0;0;0;0;0;1;1;1;1;0;0;0;0;0;0;0;0;0;0;0;0;0;0;0;0;0;0;0;0;0;0;0;0;0;0;0;0;0;0;0;0;0;0;0;1;1;1;1;1;1;1;1;1;1;1;1;1;1;1;1;1;1;1;0;0;0;0;0;0;0;0;0;0.0004;0.088;0;-0.0884;0;0;0;0;0;0;0;0;0;0;0;0;0;0;0;0;0;0;0;0.0001;0;0;0;0;0.0004;0;0;0;0;0;0;0;-0.0004;-0.0884;0;0;0;0;0;0;0;0;0;-0.7063;0;0.7063;1;1;0;0;0;0
16/01/21 15:00;43.526;86.075;2.8451;43.594;46.406;90;46.406;0;0;0;-0.0001;8.94;0;0;0;0;0;0;0;0;0;0;0;0;0;1;1;1;1;0;0;0;0;0;0;0;0;0;0;0;0;0;0;0;0;0;0;0;0;0;0;0;0;0;0;0;0;0;0;0;0;0;0;0;1;1;1;1;1;1;1;1;1;1;1;1;1;1;1;1;1;1;1;0;0;0;0;0;0;0;0;0;0.0004;0.088;0;-0.0884;0;0;0;0;0;0;0;0;0;0;0;0;0;0;0;0;0;0;0;0.0001;0;0;0;0;0.0004;0;0;0;0;0;0;0;-0.0004;-0.0884;0;0;0;0;0;0;0;0;0;-0.7063;0;0.7063;1;1;0;0;0;0
16/01/21 16:00;31.27;94.677;3.9967;31.355;58.645;90;58.645;0;0;0;-0.0001;8.47;0;0;0;0;0;0;0;0;0;0;0;0;0;1;1;1;1;0;0;0;0;0;0;0;0;0;0;0;0;0;0;0;0;0;0;0;0;0;0;0;0;0;0;0;0;0;0;0;0;0;0;0;1;1;1;1;1;1;1;1;1;1;1;1;1;1;1;1;1;1;1;0;0;0;0;0;0;0;0;0;0.0004;0.088;0;-0.0884;0;0;0;0;0;0;0;0;0;0;0;0;0;0;0;0;0;0;0;0.0001;0;0;0;0;0.0004;0;0;0;0;0;0;0;-0.0004;-0.0884;0;0;0;0;0;0;0;0;0;-0.7063;0;0.7063;1;1;0;0;0;0
16/01/21 17:00;19.15;102.48;37.288;19.579;34.783;90;34.783;0;0;0;-0.0001;7.3101;0;0;0;0;0;0;0;0;0;0;0;0;0;1;1;1;1;0;0;0;0;0;0;0;0;0;0;0;0;0;0;0;0;0;0;0;0;0;0;0;0;0;0;0;0;0;0;0;0;0;0;0;1;1;1;1;1;1;1;1;1;1;1;1;1;1;1;1;1;1;1;0;0;0;0;0;0;0;0;0;0.0004;0.088;0;-0.0884;0;0;0;0;0;0;0;0;0;0;0;0;0;0;0;0;0;0;0;0.0001;0;0;0;0;0.0004;0;0;0;0;0;0;0;-0.0004;-0.0884;0;0;0;0;0;0;0;0;0;-0.7063;0;0.7063;1;1;0;0;0;0
16/01/21 18:00;7.3889;110.32;71.826;7.8734;11.531;90;11.531;0;0;0;-0.0001;5.1701;0;0;0;0;0;0;0;0;0;0;0;0;0;1;1;1;1;0;0;0;0;0;0;0;0;0;0;0;0;0;0;0;0;0;0;0;0;0;0;0;0;0;0;0;0;0;0;0;0;0;0;0;1;1;1;1;1;1;1;1;1;1;1;1;1;1;1;1;1;1;1;0;0;0;0;0;0;0;0;0;0.0004;0.088;0;-0.0884;0;0;0;0;0;0;0;0;0;0;0;0;0;0;0;0;0;0;0;0.0001;0;0;0;0;0.0004;0;0;0;0;0;0;0;-0.0004;-0.0884;0;0;0;0;0;0;0;0;0;-0.7063;0;0.7063;1;1;0;0;0;0
16/01/21 19:00;0.9752;115.02;87.634;1.0762;1.5347;90;1.5347;0;0;0;-0.0001;4.5399;0;0;0;0;0;0;0;0;0;0;0;0;0;1;1;1;1;0;0;0;0;0;0;0;0;0;0;0;0;0;0;0;0;0;0;0;0;0;0;0;0;0;0;0;0;0;0;0;0;0;0;0;1;1;1;1;1;1;1;1;1;1;1;1;1;1;1;1;1;1;1;0;0;0;0;0;0;0;0;0;0.0004;0.088;0;-0.0884;0;0;0;0;0;0;0;0;0;0;0;0;0;0;0;0;0;0;0;0.0001;0;0;0;0;0.0004;0;0;0;0;0;0;0;-0.0004;-0.0884;0;0;0;0;0;0;0;0;0;-0.7063;0;0.7063;1;1;0;0;0;0
16/01/21 20:00;0;0;90;0;0;90;0;0;0;0;-0.0001;4.5301;0;0;0;0;0;0;0;0;0;0;0;0;0;1;1;1;1;0;0;0;0;0;0;0;0;0;0;0;0;0;0;0;0;0;0;0;0;0;0;0;0;0;0;0;0;0;0;0;0;0;0;0;1;1;1;1;1;1;1;1;1;1;1;1;1;1;1;1;1;1;1;0;0;0;0;0;0;0;0;0;0.0004;0.088;0;-0.0884;0;0;0;0;0;0;0;0;0;0;0;0;0;0;0;0;0;0;0;0.0001;0;0;0;0;0.0004;0;0;0;0;0;0;0;-0.0004;-0.0884;0;0;0;0;0;0;0;0;0;-0.7063;0;0.7063;1;1;0;0;0;0
16/01/21 21:00;0;0;90;0;0;90;0;0;0;0;-0.0001;3.8299;0;0;0;0;0;0;0;0;0;0;0;0;0;1;1;1;1;0;0;0;0;0;0;0;0;0;0;0;0;0;0;0;0;0;0;0;0;0;0;0;0;0;0;0;0;0;0;0;0;0;0;0;1;1;1;1;1;1;1;1;1;1;1;1;1;1;1;1;1;1;1;0;0;0;0;0;0;0;0;0;0.0004;0.088;0;-0.0884;0;0;0;0;0;0;0;0;0;0;0;0;0;0;0;0;0;0;0;0.0001;0;0;0;0;0.0004;0;0;0;0;0;0;0;-0.0004;-0.0884;0;0;0;0;0;0;0;0;0;-0.7063;0;0.7063;1;1;0;0;0;0
16/01/21 22:00;0;0;90;0;0;90;0;0;0;0;-0.0001;3.1899;0;0;0;0;0;0;0;0;0;0;0;0;0;1;1;1;1;0;0;0;0;0;0;0;0;0;0;0;0;0;0;0;0;0;0;0;0;0;0;0;0;0;0;0;0;0;0;0;0;0;0;0;1;1;1;1;1;1;1;1;1;1;1;1;1;1;1;1;1;1;1;0;0;0;0;0;0;0;0;0;0.0004;0.088;0;-0.0884;0;0;0;0;0;0;0;0;0;0;0;0;0;0;0;0;0;0;0;0.0001;0;0;0;0;0.0004;0;0;0;0;0;0;0;-0.0004;-0.0884;0;0;0;0;0;0;0;0;0;-0.7063;0;0.7063;1;1;0;0;0;0
16/01/21 23:00;0;0;90;0;0;90;0;0;0;0;-0.0001;2.97;0;0;0;0;0;0;0;0;0;0;0;0;0;1;1;1;1;0;0;0;0;0;0;0;0;0;0;0;0;0;0;0;0;0;0;0;0;0;0;0;0;0;0;0;0;0;0;0;0;0;0;0;1;1;1;1;1;1;1;1;1;1;1;1;1;1;1;1;1;1;1;0;0;0;0;0;0;0;0;0;0.0004;0.088;0;-0.0884;0;0;0;0;0;0;0;0;0;0;0;0;0;0;0;0;0;0;0;0.0001;0;0;0;0;0.0004;0;0;0;0;0;0;0;-0.0004;-0.0884;0;0;0;0;0;0;0;0;0;-0.7063;0;0.7063;1;1;0;0;0;0
17/01/21 00:00;0;0;90;0;0;90;0;0;0;0;-0.0001;2.9599;0;0;0;0;0;0;0;0;0;0;0;0;0;1;1;1;1;0;0;0;0;0;0;0;0;0;0;0;0;0;0;0;0;0;0;0;0;0;0;0;0;0;0;0;0;0;0;0;0;0;0;0;1;1;1;1;1;1;1;1;1;1;1;1;1;1;1;1;1;1;1;0;0;0;0;0;0;0;0;0;0.0004;0.088;0;-0.0884;0;0;0;0;0;0;0;0;0;0;0;0;0;0;0;0;0;0;0;0.0001;0;0;0;0;0.0004;0;0;0;0;0;0;0;-0.0004;-0.0884;0;0;0;0;0;0;0;0;0;-0.7063;0;0.7063;1;1;0;0;0;0
17/01/21 01:00;0;0;90;0;0;90;0;0;0;0;-0.0001;2.9301;0;0;0;0;0;0;0;0;0;0;0;0;0;1;1;1;1;0;0;0;0;0;0;0;0;0;0;0;0;0;0;0;0;0;0;0;0;0;0;0;0;0;0;0;0;0;0;0;0;0;0;0;1;1;1;1;1;1;1;1;1;1;1;1;1;1;1;1;1;1;1;0;0;0;0;0;0;0;0;0;0.0004;0.088;0;-0.0884;0;0;0;0;0;0;0;0;0;0;0;0;0;0;0;0;0;0;0;0.0001;0;0;0;0;0.0004;0;0;0;0;0;0;0;-0.0004;-0.0884;0;0;0;0;0;0;0;0;0;-0.7063;0;0.7063;1;1;0;0;0;0
17/01/21 02:00;0;0;90;0;0;90;0;0;0;0;-0.0001;2.8799;0;0;0;0;0;0;0;0;0;0;0;0;0;1;1;1;1;0;0;0;0;0;0;0;0;0;0;0;0;0;0;0;0;0;0;0;0;0;0;0;0;0;0;0;0;0;0;0;0;0;0;0;1;1;1;1;1;1;1;1;1;1;1;1;1;1;1;1;1;1;1;0;0;0;0;0;0;0;0;0;0.0004;0.088;0;-0.0884;0;0;0;0;0;0;0;0;0;0;0;0;0;0;0;0;0;0;0;0.0001;0;0;0;0;0.0004;0;0;0;0;0;0;0;-0.0004;-0.0884;0;0;0;0;0;0;0;0;0;-0.7063;0;0.7063;1;1;0;0;0;0
17/01/21 03:00;0;0;90;0;0;90;0;0;0;0;-0.0001;2.83;0;0;0;0;0;0;0;0;0;0;0;0;0;1;1;1;1;0;0;0;0;0;0;0;0;0;0;0;0;0;0;0;0;0;0;0;0;0;0;0;0;0;0;0;0;0;0;0;0;0;0;0;1;1;1;1;1;1;1;1;1;1;1;1;1;1;1;1;1;1;1;0;0;0;0;0;0;0;0;0;0.0004;0.088;0;-0.0884;0;0;0;0;0;0;0;0;0;0;0;0;0;0;0;0;0;0;0;0.0001;0;0;0;0;0.0004;0;0;0;0;0;0;0;-0.0004;-0.0884;0;0;0;0;0;0;0;0;0;-0.7063;0;0.7063;1;1;0;0;0;0
17/01/21 04:00;0;0;90;0;0;90;0;0;0;0;-0.0001;3.1899;0;0;0;0;0;0;0;0;0;0;0;0;0;1;1;1;1;0;0;0;0;0;0;0;0;0;0;0;0;0;0;0;0;0;0;0;0;0;0;0;0;0;0;0;0;0;0;0;0;0;0;0;1;1;1;1;1;1;1;1;1;1;1;1;1;1;1;1;1;1;1;0;0;0;0;0;0;0;0;0;0.0004;0.088;0;-0.0884;0;0;0;0;0;0;0;0;0;0;0;0;0;0;0;0;0;0;0;0.0001;0;0;0;0;0.0004;0;0;0;0;0;0;0;-0.0004;-0.0884;0;0;0;0;0;0;0;0;0;-0.7063;0;0.7063;1;1;0;0;0;0
17/01/21 05:00;5.0525;-111.74;77.667;5.4373;7.8486;-90;-7.8486;0;0;0;-0.0001;4.42;0;0;0;0;0;0;0;0;0;0;0;0;0;1;1;1;1;0;0;0;0;0;0;0;0;0;0;0;0;0;0;0;0;0;0;0;0;0;0;0;0;0;0;0;0;0;0;0;0;0;0;0;1;1;1;1;1;1;1;1;1;1;1;1;1;1;1;1;1;1;1;0;0;0;0;0;0;0;0;0;0.0004;0.088;0;-0.0884;0;0;0;0;0;0;0;0;0;0;0;0;0;0;0;0;0;0;0;0.0001;0;0;0;0;0.0004;0;0;0;0;0;0;0;-0.0004;-0.0884;0;0;0;0;0;0;0;0;0;-0.7063;0;0.7063;1;1;0;0;0;0
17/01/21 06:00;16.133;-104.19;47.631;16.613;27.287;-90;-27.287;0;0;0;-0.0001;4.96;0;0;0;0;0;0;0;0;0;0;0;0;0;1;1;1;1;0;0;0;0;0;0;0;0;0;0;0;0;0;0;0;0;0;0;0;0;0;0;0;0;0;0;0;0;0;0;0;0;0;0;0;1;1;1;1;1;1;1;1;1;1;1;1;1;1;1;1;1;1;1;0;0;0;0;0;0;0;0;0;0.0004;0.088;0;-0.0884;0;0;0;0;0;0;0;0;0;0;0;0;0;0;0;0;0;0;0;0.0001;0;0;0;0;0.0004;0;0;0;0;0;0;0;-0.0004;-0.0884;0;0;0;0;0;0;0;0;0;-0.7063;0;0.7063;1;1;0;0;0;0
17/01/21 07:00;28.193;-96.422;5.8939;28.343;60;-90;-60;0;0;0;-0.0001;5.0001;0;0;0;0;0;0;0;0;0;0;0;0;0;1;1;1;1;0;0;0;0;0;0;0;0;0;0;0;0;0;0;0;0;0;0;0;0;0;0;0;0;0;0;0;0;0;0;0;0;0;0;0;1;1;1;1;1;1;1;1;1;1;1;1;1;1;1;1;1;1;1;0;0;0;0;0;0;0;0;0;0.0004;0.088;0;-0.0884;0;0;0;0;0;0;0;0;0;0;0;0;0;0;0;0;0;0;0;0.0001;0;0;0;0;0.0004;0;0;0;0;0;0;0;-0.0004;-0.0884;0;0;0;0;0;0;0;0;0;-0.7063;0;0.7063;1;1;0;0;0;0
17/01/21 08:00;40.44;-88.087;1.4555;40.456;49.544;-90;-49.544;0;0;0;-0.0001;5.1099;0;0;0;0;0;0;0;0;0;0;0;0;0;1;1;1;1;0;0;0;0;0;0;0;0;0;0;0;0;0;0;0;0;0;0;0;0;0;0;0;0;0;0;0;0;0;0;0;0;0;0;0;1;1;1;1;1;1;1;1;1;1;1;1;1;1;1;1;1;1;1;0;0;0;0;0;0;0;0;0;0.0004;0.088;0;-0.0884;0;0;0;0;0;0;0;0;0;0;0;0;0;0;0;0;0;0;0;0.0001;0;0;0;0;0.0004;0;0;0;0;0;0;0;-0.0004;-0.0884;0;0;0;0;0;0;0;0;0;-0.7063;0;0.7063;1;1;0;0;0;0
17/01/21 09:00;52.605;-77.833;7.3541;53.231;36.769;-90;-36.769;0;0;0;-0.0001;5.2599;0;0;0;0;0;0;0;0;0;0;0;0;0;1;1;1;1;0;0;0;0;0;0;0;0;0;0;0;0;0;0;0;0;0;0;0;0;0;0;0;0;0;0;0;0;0;0;0;0;0;0;0;1;1;1;1;1;1;1;1;1;1;1;1;1;1;1;1;1;1;1;0;0;0;0;0;0;0;0;0;0.0004;0.088;0;-0.0884;0;0;0;0;0;0;0;0;0;0;0;0;0;0;0;0;0;0;0;0.0001;0;0;0;0;0.0004;0;0;0;0;0;0;0;-0.0004;-0.0884;0;0;0;0;0;0;0;0;0;-0.7063;0;0.7063;1;1;0;0;0;0
17/01/21 10:00;64.155;-62.361;11.668;66.775;23.225;-90;-23.225;0;0;0;-0.0001;5.36;0;0;0;0;0;0;0;0;0;0;0;0;0;1;1;1;1;0;0;0;0;0;0;0;0;0;0;0;0;0;0;0;0;0;0;0;0;0;0;0;0;0;0;0;0;0;0;0;0;0;0;0;1;1;1;1;1;1;1;1;1;1;1;1;1;1;1;1;1;1;1;0;0;0;0;0;0;0;0;0;0.0004;0.088;0;-0.0884;0;0;0;0;0;0;0;0;0;0;0;0;0;0;0;0;0;0;0;0.0001;0;0;0;0;0.0004;0;0;0;0;0;0;0;-0.0004;-0.0884;0;0;0;0;0;0;0;0;0;-0.7063;0;0.7063;1;1;0;0;0;0
17/01/21 11:00;73.329;-32.094;14.066;80.96;9.0403;-90;-9.0403;0;0;0;-0.0001;5.53;0;0;0;0;0;0;0;0;0;0;0;0;0;1;1;1;1;0;0;0;0;0;0;0;0;0;0;0;0;0;0;0;0;0;0;0;0;0;0;0;0;0;0;0;0;0;0;0;0;0;0;0;1;1;1;1;1;1;1;1;1;1;1;1;1;1;1;1;1;1;1;0;0;0;0;0;0;0;0;0;0.0004;0.088;0;-0.0884;0;0;0;0;0;0;0;0;0;0;0;0;0;0;0;0;0;0;0;0.0001;0;0;0;0;0.0004;0;0;0;0;0;0;0;-0.0004;-0.0884;0;0;0;0;0;0;0;0;0;-0.7063;0;0.7063;1;1;0;0;0;0
17/01/21 12:00;74.688;20.33;14.337;84.566;5.4339;90;5.4339;0;0;0;-0.0001;5.7201;0;0;0;0;0;0;0;0;0;0;0;0;0;1;1;1;1;0;0;0;0;0;0;0;0;0;0;0;0;0;0;0;0;0;0;0;0;0;0;0;0;0;0;0;0;0;0;0;0;0;0;0;1;1;1;1;1;1;1;1;1;1;1;1;1;1;1;1;1;1;1;0;0;0;0;0;0;0;0;0;0.0004;0.088;0;-0.0884;0;0;0;0;0;0;0;0;0;0;0;0;0;0;0;0;0;0;0;0.0001;0;0;0;0;0.0004;0;0;0;0;0;0;0;-0.0004;-0.0884;0;0;0;0;0;0;0;0;0;-0.7063;0;0.7063;1;1;0;0;0;0
17/01/21 13:00;66.799;56.802;12.457;70.269;19.731;90;19.731;0;0;0;-0.0001;5.85;0;0;0;0;0;0;0;0;0;0;0;0;0;1;1;1;1;0;0;0;0;0;0;0;0;0;0;0;0;0;0;0;0;0;0;0;0;0;0;0;0;0;0;0;0;0;0;0;0;0;0;0;1;1;1;1;1;1;1;1;1;1;1;1;1;1;1;1;1;1;1;0;0;0;0;0;0;0;0;0;0.0004;0.088;0;-0.0884;0;0;0;0;0;0;0;0;0;0;0;0;0;0;0;0;0;0;0;0.0001;0;0;0;0;0.0004;0;0;0;0;0;0;0;-0.0004;-0.0884;0;0;0;0;0;0;0;0;0;-0.7063;0;0.7063;1;1;0;0;0;0
17/01/21 14:00;55.582;74.67;8.5943;56.544;33.456;90;33.456;0;0;0;-0.0001;5.85;0;0;0;0;0;0;0;0;0;0;0;0;0;1;1;1;1;0;0;0;0;0;0;0;0;0;0;0;0;0;0;0;0;0;0;0;0;0;0;0;0;0;0;0;0;0;0;0;0;0;0;0;1;1;1;1;1;1;1;1;1;1;1;1;1;1;1;1;1;1;1;0;0;0;0;0;0;0;0;0;0.0004;0.088;0;-0.0884;0;0;0;0;0;0;0;0;0;0;0;0;0;0;0;0;0;0;0;0.0001;0;0;0;0;0.0004;0;0;0;0;0;0;0;-0.0004;-0.0884;0;0;0;0;0;0;0;0;0;-0.7063;0;0.7063;1;1;0;0;0;0
17/01/21 15:00;43.5;85.783;3.0574;43.577;46.423;90;46.423;0;0;0;-0.0001;5.71;0;0;0;0;0;0;0;0;0;0;0;0;0;1;1;1;1;0;0;0;0;0;0;0;0;0;0;0;0;0;0;0;0;0;0;0;0;0;0;0;0;0;0;0;0;0;0;0;0;0;0;0;1;1;1;1;1;1;1;1;1;1;1;1;1;1;1;1;1;1;1;0;0;0;0;0;0;0;0;0;0.0004;0.088;0;-0.0884;0;0;0;0;0;0;0;0;0;0;0;0;0;0;0;0;0;0;0;0.0001;0;0;0;0;0.0004;0;0;0;0;0;0;0;-0.0004;-0.0884;0;0;0;0;0;0;0;0;0;-0.7063;0;0.7063;1;1;0;0;0;0
17/01/21 16:00;31.244;94.43;3.7868;31.32;58.68;90;58.68;0;0;0;-0.0001;5.46;0;0;0;0;0;0;0;0;0;0;0;0;0;1;1;1;1;0;0;0;0;0;0;0;0;0;0;0;0;0;0;0;0;0;0;0;0;0;0;0;0;0;0;0;0;0;0;0;0;0;0;0;1;1;1;1;1;1;1;1;1;1;1;1;1;1;1;1;1;1;1;0;0;0;0;0;0;0;0;0;0.0004;0.088;0;-0.0884;0;0;0;0;0;0;0;0;0;0;0;0;0;0;0;0;0;0;0;0.0001;0;0;0;0;0.0004;0;0;0;0;0;0;0;-0.0004;-0.0884;0;0;0;0;0;0;0;0;0;-0.7063;0;0.7063;1;1;0;0;0;0
17/01/21 17:00;19.116;102.26;37.416;19.529;34.637;90;34.637;0;0;0;-0.0001;4.26;0;0;0;0;0;0;0;0;0;0;0;0;0;1;1;1;1;0;0;0;0;0;0;0;0;0;0;0;0;0;0;0;0;0;0;0;0;0;0;0;0;0;0;0;0;0;0;0;0;0;0;0;1;1;1;1;1;1;1;1;1;1;1;1;1;1;1;1;1;1;1;0;0;0;0;0;0;0;0;0;0.0004;0.088;0;-0.0884;0;0;0;0;0;0;0;0;0;0;0;0;0;0;0;0;0;0;0;0.0001;0;0;0;0;0.0004;0;0;0;0;0;0;0;-0.0004;-0.0884;0;0;0;0;0;0;0;0;0;-0.7063;0;0.7063;1;1;0;0;0;0
17/01/21 18:00;7.342;110.11;71.945;7.8132;11.437;90;11.437;0;0;0;-0.0001;3.3401;0;0;0;0;0;0;0;0;0;0;0;0;0;1;1;1;1;0;0;0;0;0;0;0;0;0;0;0;0;0;0;0;0;0;0;0;0;0;0;0;0;0;0;0;0;0;0;0;0;0;0;0;1;1;1;1;1;1;1;1;1;1;1;1;1;1;1;1;1;1;1;0;0;0;0;0;0;0;0;0;0.0004;0.088;0;-0.0884;0;0;0;0;0;0;0;0;0;0;0;0;0;0;0;0;0;0;0;0.0001;0;0;0;0;0.0004;0;0;0;0;0;0;0;-0.0004;-0.0884;0;0;0;0;0;0;0;0;0;-0.7063;0;0.7063;1;1;0;0;0;0
17/01/21 19:00;0.9187;114.82;87.771;1.0122;1.4433;90;1.4433;0;0;0;-0.0001;3.24;0;0;0;0;0;0;0;0;0;0;0;0;0;1;1;1;1;0;0;0;0;0;0;0;0;0;0;0;0;0;0;0;0;0;0;0;0;0;0;0;0;0;0;0;0;0;0;0;0;0;0;0;1;1;1;1;1;1;1;1;1;1;1;1;1;1;1;1;1;1;1;0;0;0;0;0;0;0;0;0;0.0004;0.088;0;-0.0884;0;0;0;0;0;0;0;0;0;0;0;0;0;0;0;0;0;0;0;0.0001;0;0;0;0;0.0004;0;0;0;0;0;0;0;-0.0004;-0.0884;0;0;0;0;0;0;0;0;0;-0.7063;0;0.7063;1;1;0;0;0;0
17/01/21 20:00;0;0;90;0;0;90;0;0;0;0;-0.0001;3.24;0;0;0;0;0;0;0;0;0;0;0;0;0;1;1;1;1;0;0;0;0;0;0;0;0;0;0;0;0;0;0;0;0;0;0;0;0;0;0;0;0;0;0;0;0;0;0;0;0;0;0;0;1;1;1;1;1;1;1;1;1;1;1;1;1;1;1;1;1;1;1;0;0;0;0;0;0;0;0;0;0.0004;0.088;0;-0.0884;0;0;0;0;0;0;0;0;0;0;0;0;0;0;0;0;0;0;0;0.0001;0;0;0;0;0.0004;0;0;0;0;0;0;0;-0.0004;-0.0884;0;0;0;0;0;0;0;0;0;-0.7063;0;0.7063;1;1;0;0;0;0
17/01/21 21:00;0;0;90;0;0;90;0;0;0;0;-0.0001;3.15;0;0;0;0;0;0;0;0;0;0;0;0;0;1;1;1;1;0;0;0;0;0;0;0;0;0;0;0;0;0;0;0;0;0;0;0;0;0;0;0;0;0;0;0;0;0;0;0;0;0;0;0;1;1;1;1;1;1;1;1;1;1;1;1;1;1;1;1;1;1;1;0;0;0;0;0;0;0;0;0;0.0004;0.088;0;-0.0884;0;0;0;0;0;0;0;0;0;0;0;0;0;0;0;0;0;0;0;0.0001;0;0;0;0;0.0004;0;0;0;0;0;0;0;-0.0004;-0.0884;0;0;0;0;0;0;0;0;0;-0.7063;0;0.7063;1;1;0;0;0;0
17/01/21 22:00;0;0;90;0;0;90;0;0;0;0;-0.0001;3.0201;0;0;0;0;0;0;0;0;0;0;0;0;0;1;1;1;1;0;0;0;0;0;0;0;0;0;0;0;0;0;0;0;0;0;0;0;0;0;0;0;0;0;0;0;0;0;0;0;0;0;0;0;1;1;1;1;1;1;1;1;1;1;1;1;1;1;1;1;1;1;1;0;0;0;0;0;0;0;0;0;0.0004;0.088;0;-0.0884;0;0;0;0;0;0;0;0;0;0;0;0;0;0;0;0;0;0;0;0.0001;0;0;0;0;0.0004;0;0;0;0;0;0;0;-0.0004;-0.0884;0;0;0;0;0;0;0;0;0;-0.7063;0;0.7063;1;1;0;0;0;0
17/01/21 23:00;0;0;90;0;0;90;0;0;0;0;-0.0001;2.8601;0;0;0;0;0;0;0;0;0;0;0;0;0;1;1;1;1;0;0;0;0;0;0;0;0;0;0;0;0;0;0;0;0;0;0;0;0;0;0;0;0;0;0;0;0;0;0;0;0;0;0;0;1;1;1;1;1;1;1;1;1;1;1;1;1;1;1;1;1;1;1;0;0;0;0;0;0;0;0;0;0.0004;0.088;0;-0.0884;0;0;0;0;0;0;0;0;0;0;0;0;0;0;0;0;0;0;0;0.0001;0;0;0;0;0.0004;0;0;0;0;0;0;0;-0.0004;-0.0884;0;0;0;0;0;0;0;0;0;-0.7063;0;0.7063;1;1;0;0;0;0
18/01/21 00:00;0;0;90;0;0;90;0;0;0;0;-0.0001;2.6399;0;0;0;0;0;0;0;0;0;0;0;0;0;1;1;1;1;0;0;0;0;0;0;0;0;0;0;0;0;0;0;0;0;0;0;0;0;0;0;0;0;0;0;0;0;0;0;0;0;0;0;0;1;1;1;1;1;1;1;1;1;1;1;1;1;1;1;1;1;1;1;0;0;0;0;0;0;0;0;0;0.0004;0.088;0;-0.0884;0;0;0;0;0;0;0;0;0;0;0;0;0;0;0;0;0;0;0;0.0001;0;0;0;0;0.0004;0;0;0;0;0;0;0;-0.0004;-0.0884;0;0;0;0;0;0;0;0;0;-0.7063;0;0.7063;1;1;0;0;0;0
18/01/21 01:00;0;0;90;0;0;90;0;0;0;0;-0.0001;2.35;0;0;0;0;0;0;0;0;0;0;0;0;0;1;1;1;1;0;0;0;0;0;0;0;0;0;0;0;0;0;0;0;0;0;0;0;0;0;0;0;0;0;0;0;0;0;0;0;0;0;0;0;1;1;1;1;1;1;1;1;1;1;1;1;1;1;1;1;1;1;1;0;0;0;0;0;0;0;0;0;0.0004;0.088;0;-0.0884;0;0;0;0;0;0;0;0;0;0;0;0;0;0;0;0;0;0;0;0.0001;0;0;0;0;0.0004;0;0;0;0;0;0;0;-0.0004;-0.0884;0;0;0;0;0;0;0;0;0;-0.7063;0;0.7063;1;1;0;0;0;0
18/01/21 02:00;0;0;90;0;0;90;0;0;0;0;-0.0001;2.03;0;0;0;0;0;0;0;0;0;0;0;0;0;1;1;1;1;0;0;0;0;0;0;0;0;0;0;0;0;0;0;0;0;0;0;0;0;0;0;0;0;0;0;0;0;0;0;0;0;0;0;0;1;1;1;1;1;1;1;1;1;1;1;1;1;1;1;1;1;1;1;0;0;0;0;0;0;0;0;0;0.0004;0.088;0;-0.0884;0;0;0;0;0;0;0;0;0;0;0;0;0;0;0;0;0;0;0;0.0001;0;0;0;0;0.0004;0;0;0;0;0;0;0;-0.0004;-0.0884;0;0;0;0;0;0;0;0;0;-0.7063;0;0.7063;1;1;0;0;0;0
18/01/21 03:00;0;0;90;0;0;90;0;0;0;0;-0.0001;1.6899;0;0;0;0;0;0;0;0;0;0;0;0;0;1;1;1;1;0;0;0;0;0;0;0;0;0;0;0;0;0;0;0;0;0;0;0;0;0;0;0;0;0;0;0;0;0;0;0;0;0;0;0;1;1;1;1;1;1;1;1;1;1;1;1;1;1;1;1;1;1;1;0;0;0;0;0;0;0;0;0;0.0004;0.088;0;-0.0884;0;0;0;0;0;0;0;0;0;0;0;0;0;0;0;0;0;0;0;0.0001;0;0;0;0;0.0004;0;0;0;0;0;0;0;-0.0004;-0.0884;0;0;0;0;0;0;0;0;0;-0.7063;0;0.7063;1;1;0;0;0;0
18/01/21 04:00;0;0;90;0;0;90;0;0;0;0;-0.0001;1.4301;0;0;0;0;0;0;0;0;0;0;0;0;0;1;1;1;1;0;0;0;0;0;0;0;0;0;0;0;0;0;0;0;0;0;0;0;0;0;0;0;0;0;0;0;0;0;0;0;0;0;0;0;1;1;1;1;1;1;1;1;1;1;1;1;1;1;1;1;1;1;1;0;0;0;0;0;0;0;0;0;0.0004;0.088;0;-0.0884;0;0;0;0;0;0;0;0;0;0;0;0;0;0;0;0;0;0;0;0.0001;0;0;0;0;0.0004;0;0;0;0;0;0;0;-0.0004;-0.0884;0;0;0;0;0;0;0;0;0;-0.7063;0;0.7063;1;1;0;0;0;0
18/01/21 05:00;5.0604;-111.49;77.648;5.4362;7.847;-90;-7.847;0;0;0;-0.0001;1.5999;0;0;0;0;0;0;0;0;0;0;0;0;0;1;1;1;1;0;0;0;0;0;0;0;0;0;0;0;0;0;0;0;0;0;0;0;0;0;0;0;0;0;0;0;0;0;0;0;0;0;0;0;1;1;1;1;1;1;1;1;1;1;1;1;1;1;1;1;1;1;1;0;0;0;0;0;0;0;0;0;0.0004;0.088;0;-0.0884;0;0;0;0;0;0;0;0;0;0;0;0;0;0;0;0;0;0;0;0.0001;0;0;0;0;0.0004;0;0;0;0;0;0;0;-0.0004;-0.0884;0;0;0;0;0;0;0;0;0;-0.7063;0;0.7063;1;1;0;0;0;0
18/01/21 06:00;15.959;-104.05;48.179;16.425;26.871;-90;-26.871;0;0;0;-0.0001;2.3099;0;0;0;0;0;0;0;0;0;0;0;0;0;1;1;1;1;0;0;0;0;0;0;0;0;0;0;0;0;0;0;0;0;0;0;0;0;0;0;0;0;0;0;0;0;0;0;0;0;0;0;0;1;1;1;1;1;1;1;1;1;1;1;1;1;1;1;1;1;1;1;0;0;0;0;0;0;0;0;0;0.0004;0.088;0;-0.0884;0;0;0;0;0;0;0;0;0;0;0;0;0;0;0;0;0;0;0;0.0001;0;0;0;0;0.0004;0;0;0;0;0;0;0;-0.0004;-0.0884;0;0;0;0;0;0;0;0;0;-0.7063;0;0.7063;1;1;0;0;0;0
18/01/21 07:00;28.024;-96.265;5.8231;28.167;60;-90;-60;0;0;0;-0.0001;3.37;0;0;0;0;0;0;0;0;0;0;0;0;0;1;1;1;1;0;0;0;0;0;0;0;0;0;0;0;0;0;0;0;0;0;0;0;0;0;0;0;0;0;0;0;0;0;0;0;0;0;0;0;1;1;1;1;1;1;1;1;1;1;1;1;1;1;1;1;1;1;1;0;0;0;0;0;0;0;0;0;0.0004;0.088;0;-0.0884;0;0;0;0;0;0;0;0;0;0;0;0;0;0;0;0;0;0;0;0.0001;0;0;0;0;0.0004;0;0;0;0;0;0;0;-0.0004;-0.0884;0;0;0;0;0;0;0;0;0;-0.7063;0;0.7063;1;1;0;0;0;0
18/01/21 08:00;40.272;-87.904;1.5991;40.291;49.709;-90;-49.709;0;0;0;-0.0001;4.0799;0;0;0;0;0;0;0;0;0;0;0;0;0;1;1;1;1;0;0;0;0;0;0;0;0;0;0;0;0;0;0;0;0;0;0;0;0;0;0;0;0;0;0;0;0;0;0;0;0;0;0;0;1;1;1;1;1;1;1;1;1;1;1;1;1;1;1;1;1;1;1;0;0;0;0;0;0;0;0;0;0.0004;0.088;0;-0.0884;0;0;0;0;0;0;0;0;0;0;0;0;0;0;0;0;0;0;0;0.0001;0;0;0;0;0.0004;0;0;0;0;0;0;0;-0.0004;-0.0884;0;0;0;0;0;0;0;0;0;-0.7063;0;0.7063;1;1;0;0;0;0
18/01/21 09:00;52.433;-77.614;7.5148;53.083;36.917;-90;-36.917;0;0;0;-0.0001;4.6999;0;0;0;0;0;0;0;0;0;0;0;0;0;1;1;1;1;0;0;0;0;0;0;0;0;0;0;0;0;0;0;0;0;0;0;0;0;0;0;0;0;0;0;0;0;0;0;0;0;0;0;0;1;1;1;1;1;1;1;1;1;1;1;1;1;1;1;1;1;1;1;0;0;0;0;0;0;0;0;0;0.0004;0.088;0;-0.0884;0;0;0;0;0;0;0;0;0;0;0;0;0;0;0;0;0;0;0;0.0001;0;0;0;0;0.0004;0;0;0;0;0;0;0;-0.0004;-0.0884;0;0;0;0;0;0;0;0;0;-0.7063;0;0.7063;1;1;0;0;0;0
18/01/21 10:00;63.965;-62.114;11.846;66.647;23.353;-90;-23.353;0;0;0;-0.0001;5.4801;0;0;0;0;0;0;0;0;0;0;0;0;0;1;1;1;1;0;0;0;0;0;0;0;0;0;0;0;0;0;0;0;0;0;0;0;0;0;0;0;0;0;0;0;0;0;0;0;0;0;0;0;1;1;1;1;1;1;1;1;1;1;1;1;1;1;1;1;1;1;1;0;0;0;0;0;0;0;0;0;0.0004;0.088;0;-0.0884;0;0;0;0;0;0;0;0;0;0;0;0;0;0;0;0;0;0;0;0.0001;0;0;0;0;0.0004;0;0;0;0;0;0;0;-0.0004;-0.0884;0;0;0;0;0;0;0;0;0;-0.7063;0;0.7063;1;1;0;0;0;0
18/01/21 11:00;73.112;-32.006;14.261;80.859;9.1407;-90;-9.1407;0;0;0;-0.0001;6.3899;0;0;0;0;0;0;0;0;0;0;0;0;0;1;1;1;1;0;0;0;0;0;0;0;0;0;0;0;0;0;0;0;0;0;0;0;0;0;0;0;0;0;0;0;0;0;0;0;0;0;0;0;1;1;1;1;1;1;1;1;1;1;1;1;1;1;1;1;1;1;1;0;0;0;0;0;0;0;0;0;0.0004;0.088;0;-0.0884;0;0;0;0;0;0;0;0;0;0;0;0;0;0;0;0;0;0;0;0.0001;0;0;0;0;0.0004;0;0;0;0;0;0;0;-0.0004;-0.0884;0;0;0;0;0;0;0;0;0;-0.7063;0;0.7063;1;1;0;0;0;0
18/01/21 12:00;74.517;19.82;14.545;84.634;5.3658;90;5.3658;0;0;0;-0.0001;7.2;0;0;0;0;0;0;0;0;0;0;0;0;0;1;1;1;1;0;0;0;0;0;0;0;0;0;0;0;0;0;0;0;0;0;0;0;0;0;0;0;0;0;0;0;0;0;0;0;0;0;0;0;1;1;1;1;1;1;1;1;1;1;1;1;1;1;1;1;1;1;1;0;0;0;0;0;0;0;0;0;0.0004;0.088;0;-0.0884;0;0;0;0;0;0;0;0;0;0;0;0;0;0;0;0;0;0;0;0.0001;0;0;0;0;0.0004;0;0;0;0;0;0;0;-0.0004;-0.0884;0;0;0;0;0;0;0;0;0;-0.7063;0;0.7063;1;1;0;0;0;0
18/01/21 13:00;66.716;56.291;12.672;70.303;19.697;90;19.697;0;0;0;-0.0001;7.77;0;0;0;0;0;0;0;0;0;0;0;0;0;1;1;1;1;0;0;0;0;0;0;0;0;0;0;0;0;0;0;0;0;0;0;0;0;0;0;0;0;0;0;0;0;0;0;0;0;0;0;0;1;1;1;1;1;1;1;1;1;1;1;1;1;1;1;1;1;1;1;0;0;0;0;0;0;0;0;0;0.0004;0.088;0;-0.0884;0;0;0;0;0;0;0;0;0;0;0;0;0;0;0;0;0;0;0;0.0001;0;0;0;0;0.0004;0;0;0;0;0;0;0;-0.0004;-0.0884;0;0;0;0;0;0;0;0;0;-0.7063;0;0.7063;1;1;0;0;0;0
18/01/21 14:00;55.538;74.292;8.8124;56.548;33.452;90;33.452;0;0;0;-0.0001;8.1201;0;0;0;0;0;0;0;0;0;0;0;0;0;1;1;1;1;0;0;0;0;0;0;0;0;0;0;0;0;0;0;0;0;0;0;0;0;0;0;0;0;0;0;0;0;0;0;0;0;0;0;0;1;1;1;1;1;1;1;1;1;1;1;1;1;1;1;1;1;1;1;0;0;0;0;0;0;0;0;0;0.0004;0.088;0;-0.0884;0;0;0;0;0;0;0;0;0;0;0;0;0;0;0;0;0;0;0;0.0001;0;0;0;0;0.0004;0;0;0;0;0;0;0;-0.0004;-0.0884;0;0;0;0;0;0;0;0;0;-0.7063;0;0.7063;1;1;0;0;0;0
18/01/21 15:00;43.468;85.486;3.2745;43.556;46.444;90;46.444;0;0;0;-0.0001;8.2099;0;0;0;0;0;0;0;0;0;0;0;0;0;1;1;1;1;0;0;0;0;0;0;0;0;0;0;0;0;0;0;0;0;0;0;0;0;0;0;0;0;0;0;0;0;0;0;0;0;0;0;0;1;1;1;1;1;1;1;1;1;1;1;1;1;1;1;1;1;1;1;0;0;0;0;0;0;0;0;0;0.0004;0.088;0;-0.0884;0;0;0;0;0;0;0;0;0;0;0;0;0;0;0;0;0;0;0;0.0001;0;0;0;0;0.0004;0;0;0;0;0;0;0;-0.0004;-0.0884;0;0;0;0;0;0;0;0;0;-0.7063;0;0.7063;1;1;0;0;0;0
18/01/21 16:00;31.212;94.178;3.5725;31.279;58.721;90;58.721;0;0;0;-0.0001;7.91;0;0;0;0;0;0;0;0;0;0;0;0;0;1;1;1;1;0;0;0;0;0;0;0;0;0;0;0;0;0;0;0;0;0;0;0;0;0;0;0;0;0;0;0;0;0;0;0;0;0;0;0;1;1;1;1;1;1;1;1;1;1;1;1;1;1;1;1;1;1;1;0;0;0;0;0;0;0;0;0;0.0004;0.088;0;-0.0884;0;0;0;0;0;0;0;0;0;0;0;0;0;0;0;0;0;0;0;0.0001;0;0;0;0;0.0004;0;0;0;0;0;0;0;-0.0004;-0.0884;0;0;0;0;0;0;0;0;0;-0.7063;0;0.7063;1;1;0;0;0;0
18/01/21 17:00;19.077;102.03;37.565;19.473;34.476;90;34.476;0;0;0;-0.0001;6.41;0;0;0;0;0;0;0;0;0;0;0;0;0;1;1;1;1;0;0;0;0;0;0;0;0;0;0;0;0;0;0;0;0;0;0;0;0;0;0;0;0;0;0;0;0;0;0;0;0;0;0;0;1;1;1;1;1;1;1;1;1;1;1;1;1;1;1;1;1;1;1;0;0;0;0;0;0;0;0;0;0.0004;0.088;0;-0.0884;0;0;0;0;0;0;0;0;0;0;0;0;0;0;0;0;0;0;0;0.0001;0;0;0;0;0.0004;0;0;0;0;0;0;0;-0.0004;-0.0884;0;0;0;0;0;0;0;0;0;-0.7063;0;0.7063;1;1;0;0;0;0
18/01/21 18:00;7.2896;109.9;72.078;7.747;11.335;90;11.335;0;0;0;-0.0001;4.3199;0;0;0;0;0;0;0;0;0;0;0;0;0;1;1;1;1;0;0;0;0;0;0;0;0;0;0;0;0;0;0;0;0;0;0;0;0;0;0;0;0;0;0;0;0;0;0;0;0;0;0;0;1;1;1;1;1;1;1;1;1;1;1;1;1;1;1;1;1;1;1;0;0;0;0;0;0;0;0;0;0.0004;0.088;0;-0.0884;0;0;0;0;0;0;0;0;0;0;0;0;0;0;0;0;0;0;0;0.0001;0;0;0;0;0.0004;0;0;0;0;0;0;0;-0.0004;-0.0884;0;0;0;0;0;0;0;0;0;-0.7063;0;0.7063;1;1;0;0;0;0
18/01/21 19:00;0.8565;114.61;87.922;0.9421;1.3432;90;1.3432;0;0;0;-0.0001;3.7499;0;0;0;0;0;0;0;0;0;0;0;0;0;1;1;1;1;0;0;0;0;0;0;0;0;0;0;0;0;0;0;0;0;0;0;0;0;0;0;0;0;0;0;0;0;0;0;0;0;0;0;0;1;1;1;1;1;1;1;1;1;1;1;1;1;1;1;1;1;1;1;0;0;0;0;0;0;0;0;0;0.0004;0.088;0;-0.0884;0;0;0;0;0;0;0;0;0;0;0;0;0;0;0;0;0;0;0;0.0001;0;0;0;0;0.0004;0;0;0;0;0;0;0;-0.0004;-0.0884;0;0;0;0;0;0;0;0;0;-0.7063;0;0.7063;1;1;0;0;0;0
18/01/21 20:00;0;0;90;0;0;90;0;0;0;0;-0.0001;4.0601;0;0;0;0;0;0;0;0;0;0;0;0;0;1;1;1;1;0;0;0;0;0;0;0;0;0;0;0;0;0;0;0;0;0;0;0;0;0;0;0;0;0;0;0;0;0;0;0;0;0;0;0;1;1;1;1;1;1;1;1;1;1;1;1;1;1;1;1;1;1;1;0;0;0;0;0;0;0;0;0;0.0004;0.088;0;-0.0884;0;0;0;0;0;0;0;0;0;0;0;0;0;0;0;0;0;0;0;0.0001;0;0;0;0;0.0004;0;0;0;0;0;0;0;-0.0004;-0.0884;0;0;0;0;0;0;0;0;0;-0.7063;0;0.7063;1;1;0;0;0;0
18/01/21 21:00;0;0;90;0;0;90;0;0;0;0;-0.0001;4.58;0;0;0;0;0;0;0;0;0;0;0;0;0;1;1;1;1;0;0;0;0;0;0;0;0;0;0;0;0;0;0;0;0;0;0;0;0;0;0;0;0;0;0;0;0;0;0;0;0;0;0;0;1;1;1;1;1;1;1;1;1;1;1;1;1;1;1;1;1;1;1;0;0;0;0;0;0;0;0;0;0.0004;0.088;0;-0.0884;0;0;0;0;0;0;0;0;0;0;0;0;0;0;0;0;0;0;0;0.0001;0;0;0;0;0.0004;0;0;0;0;0;0;0;-0.0004;-0.0884;0;0;0;0;0;0;0;0;0;-0.7063;0;0.7063;1;1;0;0;0;0
18/01/21 22:00;0;0;90;0;0;90;0;0;0;0;-0.0001;5.0101;0;0;0;0;0;0;0;0;0;0;0;0;0;1;1;1;1;0;0;0;0;0;0;0;0;0;0;0;0;0;0;0;0;0;0;0;0;0;0;0;0;0;0;0;0;0;0;0;0;0;0;0;1;1;1;1;1;1;1;1;1;1;1;1;1;1;1;1;1;1;1;0;0;0;0;0;0;0;0;0;0.0004;0.088;0;-0.0884;0;0;0;0;0;0;0;0;0;0;0;0;0;0;0;0;0;0;0;0.0001;0;0;0;0;0.0004;0;0;0;0;0;0;0;-0.0004;-0.0884;0;0;0;0;0;0;0;0;0;-0.7063;0;0.7063;1;1;0;0;0;0
18/01/21 23:00;0;0;90;0;0;90;0;0;0;0;-0.0001;5.13;0;0;0;0;0;0;0;0;0;0;0;0;0;1;1;1;1;0;0;0;0;0;0;0;0;0;0;0;0;0;0;0;0;0;0;0;0;0;0;0;0;0;0;0;0;0;0;0;0;0;0;0;1;1;1;1;1;1;1;1;1;1;1;1;1;1;1;1;1;1;1;0;0;0;0;0;0;0;0;0;0.0004;0.088;0;-0.0884;0;0;0;0;0;0;0;0;0;0;0;0;0;0;0;0;0;0;0;0.0001;0;0;0;0;0.0004;0;0;0;0;0;0;0;-0.0004;-0.0884;0;0;0;0;0;0;0;0;0;-0.7063;0;0.7063;1;1;0;0;0;0
19/01/21 00:00;0;0;90;0;0;90;0;0;0;0;-0.0001;4.9301;0;0;0;0;0;0;0;0;0;0;0;0;0;1;1;1;1;0;0;0;0;0;0;0;0;0;0;0;0;0;0;0;0;0;0;0;0;0;0;0;0;0;0;0;0;0;0;0;0;0;0;0;1;1;1;1;1;1;1;1;1;1;1;1;1;1;1;1;1;1;1;0;0;0;0;0;0;0;0;0;0.0004;0.088;0;-0.0884;0;0;0;0;0;0;0;0;0;0;0;0;0;0;0;0;0;0;0;0.0001;0;0;0;0;0.0004;0;0;0;0;0;0;0;-0.0004;-0.0884;0;0;0;0;0;0;0;0;0;-0.7063;0;0.7063;1;1;0;0;0;0
19/01/21 01:00;0;0;90;0;0;90;0;0;0;0;-0.0001;4.58;0;0;0;0;0;0;0;0;0;0;0;0;0;1;1;1;1;0;0;0;0;0;0;0;0;0;0;0;0;0;0;0;0;0;0;0;0;0;0;0;0;0;0;0;0;0;0;0;0;0;0;0;1;1;1;1;1;1;1;1;1;1;1;1;1;1;1;1;1;1;1;0;0;0;0;0;0;0;0;0;0.0004;0.088;0;-0.0884;0;0;0;0;0;0;0;0;0;0;0;0;0;0;0;0;0;0;0;0.0001;0;0;0;0;0.0004;0;0;0;0;0;0;0;-0.0004;-0.0884;0;0;0;0;0;0;0;0;0;-0.7063;0;0.7063;1;1;0;0;0;0
19/01/21 02:00;0;0;90;0;0;90;0;0;0;0;-0.0001;4.1499;0;0;0;0;0;0;0;0;0;0;0;0;0;1;1;1;1;0;0;0;0;0;0;0;0;0;0;0;0;0;0;0;0;0;0;0;0;0;0;0;0;0;0;0;0;0;0;0;0;0;0;0;1;1;1;1;1;1;1;1;1;1;1;1;1;1;1;1;1;1;1;0;0;0;0;0;0;0;0;0;0.0004;0.088;0;-0.0884;0;0;0;0;0;0;0;0;0;0;0;0;0;0;0;0;0;0;0;0.0001;0;0;0;0;0.0004;0;0;0;0;0;0;0;-0.0004;-0.0884;0;0;0;0;0;0;0;0;0;-0.7063;0;0.7063;1;1;0;0;0;0
19/01/21 03:00;0;0;90;0;0;90;0;0;0;0;-0.0001;3.7;0;0;0;0;0;0;0;0;0;0;0;0;0;1;1;1;1;0;0;0;0;0;0;0;0;0;0;0;0;0;0;0;0;0;0;0;0;0;0;0;0;0;0;0;0;0;0;0;0;0;0;0;1;1;1;1;1;1;1;1;1;1;1;1;1;1;1;1;1;1;1;0;0;0;0;0;0;0;0;0;0.0004;0.088;0;-0.0884;0;0;0;0;0;0;0;0;0;0;0;0;0;0;0;0;0;0;0;0.0001;0;0;0;0;0.0004;0;0;0;0;0;0;0;-0.0004;-0.0884;0;0;0;0;0;0;0;0;0;-0.7063;0;0.7063;1;1;0;0;0;0
19/01/21 04:00;0;0;90;0;0;90;0;0;0;0;-0.0001;3.6799;0;0;0;0;0;0;0;0;0;0;0;0;0;1;1;1;1;0;0;0;0;0;0;0;0;0;0;0;0;0;0;0;0;0;0;0;0;0;0;0;0;0;0;0;0;0;0;0;0;0;0;0;1;1;1;1;1;1;1;1;1;1;1;1;1;1;1;1;1;1;1;0;0;0;0;0;0;0;0;0;0.0004;0.088;0;-0.0884;0;0;0;0;0;0;0;0;0;0;0;0;0;0;0;0;0;0;0;0.0001;0;0;0;0;0.0004;0;0;0;0;0;0;0;-0.0004;-0.0884;0;0;0;0;0;0;0;0;0;-0.7063;0;0.7063;1;1;0;0;0;0
19/01/21 05:00;4.8764;-111.36;78.102;5.2341;7.5482;-90;-7.5482;0;0;0;-0.0001;3.94;0;0;0;0;0;0;0;0;0;0;0;0;0;1;1;1;1;0;0;0;0;0;0;0;0;0;0;0;0;0;0;0;0;0;0;0;0;0;0;0;0;0;0;0;0;0;0;0;0;0;0;0;1;1;1;1;1;1;1;1;1;1;1;1;1;1;1;1;1;1;1;0;0;0;0;0;0;0;0;0;0.0004;0.088;0;-0.0884;0;0;0;0;0;0;0;0;0;0;0;0;0;0;0;0;0;0;0;0.0001;0;0;0;0;0.0004;0;0;0;0;0;0;0;-0.0004;-0.0884;0;0;0;0;0;0;0;0;0;-0.7063;0;0.7063;1;1;0;0;0;0
19/01/21 06:00;15.783;-103.91;48.727;16.235;26.456;-90;-26.456;0;0;0;-0.0001;3.5001;0;0;0;0;0;0;0;0;0;0;0;0;0;1;1;1;1;0;0;0;0;0;0;0;0;0;0;0;0;0;0;0;0;0;0;0;0;0;0;0;0;0;0;0;0;0;0;0;0;0;0;0;1;1;1;1;1;1;1;1;1;1;1;1;1;1;1;1;1;1;1;0;0;0;0;0;0;0;0;0;0.0004;0.088;0;-0.0884;0;0;0;0;0;0;0;0;0;0;0;0;0;0;0;0;0;0;0;0.0001;0;0;0;0;0.0004;0;0;0;0;0;0;0;-0.0004;-0.0884;0;0;0;0;0;0;0;0;0;-0.7063;0;0.7063;1;1;0;0;0;0
19/01/21 07:00;27.854;-96.101;5.7541;27.989;60;-90;-60;0;0;0;-0.0001;2.67;0;0;0;0;0;0;0;0;0;0;0;0;0;1;1;1;1;0;0;0;0;0;0;0;0;0;0;0;0;0;0;0;0;0;0;0;0;0;0;0;0;0;0;0;0;0;0;0;0;0;0;0;1;1;1;1;1;1;1;1;1;1;1;1;1;1;1;1;1;1;1;0;0;0;0;0;0;0;0;0;0.0004;0.088;0;-0.0884;0;0;0;0;0;0;0;0;0;0;0;0;0;0;0;0;0;0;0;0.0001;0;0;0;0;0.0004;0;0;0;0;0;0;0;-0.0004;-0.0884;0;0;0;0;0;0;0;0;0;-0.7063;0;0.7063;1;1;0;0;0;0
19/01/21 08:00;40.103;-87.713;1.7493;40.126;49.874;-90;-49.874;0;0;0;-0.0001;2.3099;0;0;0;0;0;0;0;0;0;0;0;0;0;1;1;1;1;0;0;0;0;0;0;0;0;0;0;0;0;0;0;0;0;0;0;0;0;0;0;0;0;0;0;0;0;0;0;0;0;0;0;0;1;1;1;1;1;1;1;1;1;1;1;1;1;1;1;1;1;1;1;0;0;0;0;0;0;0;0;0;0.0004;0.088;0;-0.0884;0;0;0;0;0;0;0;0;0;0;0;0;0;0;0;0;0;0;0;0.0001;0;0;0;0;0.0004;0;0;0;0;0;0;0;-0.0004;-0.0884;0;0;0;0;0;0;0;0;0;-0.7063;0;0.7063;1;1;0;0;0;0
19/01/21 09:00;52.258;-77.385;7.6822;52.934;37.066;-90;-37.066;0;0;0;-0.0001;2.6;0;0;0;0;0;0;0;0;0;0;0;0;0;1;1;1;1;0;0;0;0;0;0;0;0;0;0;0;0;0;0;0;0;0;0;0;0;0;0;0;0;0;0;0;0;0;0;0;0;0;0;0;1;1;1;1;1;1;1;1;1;1;1;1;1;1;1;1;1;1;1;0;0;0;0;0;0;0;0;0;0.0004;0.088;0;-0.0884;0;0;0;0;0;0;0;0;0;0;0;0;0;0;0;0;0;0;0;0.0001;0;0;0;0;0.0004;0;0;0;0;0;0;0;-0.0004;-0.0884;0;0;0;0;0;0;0;0;0;-0.7063;0;0.7063;1;1;0;0;0;0
19/01/21 10:00;63.773;-61.856;12.032;66.52;23.48;-90;-23.48;0;0;0;-0.0001;3.3499;0;0;0;0;0;0;0;0;0;0;0;0;0;1;1;1;1;0;0;0;0;0;0;0;0;0;0;0;0;0;0;0;0;0;0;0;0;0;0;0;0;0;0;0;0;0;0;0;0;0;0;0;1;1;1;1;1;1;1;1;1;1;1;1;1;1;1;1;1;1;1;0;0;0;0;0;0;0;0;0;0.0004;0.088;0;-0.0884;0;0;0;0;0;0;0;0;0;0;0;0;0;0;0;0;0;0;0;0.0001;0;0;0;0;0.0004;0;0;0;0;0;0;0;-0.0004;-0.0884;0;0;0;0;0;0;0;0;0;-0.7063;0;0.7063;1;1;0;0;0;0
19/01/21 11:00;72.891;-31.903;14.463;80.76;9.2395;-90;-9.2395;0;0;0;-0.0001;4.33;0;0;0;0;0;0;0;0;0;0;0;0;0;1;1;1;1;0;0;0;0;0;0;0;0;0;0;0;0;0;0;0;0;0;0;0;0;0;0;0;0;0;0;0;0;0;0;0;0;0;0;0;1;1;1;1;1;1;1;1;1;1;1;1;1;1;1;1;1;1;1;0;0;0;0;0;0;0;0;0;0.0004;0.088;0;-0.0884;0;0;0;0;0;0;0;0;0;0;0;0;0;0;0;0;0;0;0;0.0001;0;0;0;0;0.0004;0;0;0;0;0;0;0;-0.0004;-0.0884;0;0;0;0;0;0;0;0;0;-0.7063;0;0.7063;1;1;0;0;0;0
19/01/21 12:00;74.338;19.322;14.759;84.7;5.3003;90;5.3003;0;0;0;-0.0001;5.29;0;0;0;0;0;0;0;0;0;0;0;0;0;1;1;1;1;0;0;0;0;0;0;0;0;0;0;0;0;0;0;0;0;0;0;0;0;0;0;0;0;0;0;0;0;0;0;0;0;0;0;0;1;1;1;1;1;1;1;1;1;1;1;1;1;1;1;1;1;1;1;0;0;0;0;0;0;0;0;0;0.0004;0.088;0;-0.0884;0;0;0;0;0;0;0;0;0;0;0;0;0;0;0;0;0;0;0;0.0001;0;0;0;0;0.0004;0;0;0;0;0;0;0;-0.0004;-0.0884;0;0;0;0;0;0;0;0;0;-0.7063;0;0.7063;1;1;0;0;0;0
19/01/21 13:00;66.625;55.775;12.894;70.335;19.665;90;19.665;0;0;0;-0.0001;5.9899;0;0;0;0;0;0;0;0;0;0;0;0;0;1;1;1;1;0;0;0;0;0;0;0;0;0;0;0;0;0;0;0;0;0;0;0;0;0;0;0;0;0;0;0;0;0;0;0;0;0;0;0;1;1;1;1;1;1;1;1;1;1;1;1;1;1;1;1;1;1;1;0;0;0;0;0;0;0;0;0;0.0004;0.088;0;-0.0884;0;0;0;0;0;0;0;0;0;0;0;0;0;0;0;0;0;0;0;0.0001;0;0;0;0;0.0004;0;0;0;0;0;0;0;-0.0004;-0.0884;0;0;0;0;0;0;0;0;0;-0.7063;0;0.7063;1;1;0;0;0;0
19/01/21 14:00;55.487;73.908;9.0357;56.548;33.452;90;33.452;0;0;0;-0.0001;6.34;0;0;0;0;0;0;0;0;0;0;0;0;0;1;1;1;1;0;0;0;0;0;0;0;0;0;0;0;0;0;0;0;0;0;0;0;0;0;0;0;0;0;0;0;0;0;0;0;0;0;0;0;1;1;1;1;1;1;1;1;1;1;1;1;1;1;1;1;1;1;1;0;0;0;0;0;0;0;0;0;0.0004;0.088;0;-0.0884;0;0;0;0;0;0;0;0;0;0;0;0;0;0;0;0;0;0;0;0.0001;0;0;0;0;0.0004;0;0;0;0;0;0;0;-0.0004;-0.0884;0;0;0;0;0;0;0;0;0;-0.7063;0;0.7063;1;1;0;0;0;0
19/01/21 15:00;43.429;85.183;3.4964;43.531;46.469;90;46.469;0;0;0;-0.0001;6.3601;0;0;0;0;0;0;0;0;0;0;0;0;0;1;1;1;1;0;0;0;0;0;0;0;0;0;0;0;0;0;0;0;0;0;0;0;0;0;0;0;0;0;0;0;0;0;0;0;0;0;0;0;1;1;1;1;1;1;1;1;1;1;1;1;1;1;1;1;1;1;1;0;0;0;0;0;0;0;0;0;0.0004;0.088;0;-0.0884;0;0;0;0;0;0;0;0;0;0;0;0;0;0;0;0;0;0;0;0.0001;0;0;0;0;0.0004;0;0;0;0;0;0;0;-0.0004;-0.0884;0;0;0;0;0;0;0;0;0;-0.7063;0;0.7063;1;1;0;0;0;0
19/01/21 16:00;31.174;93.921;3.3539;31.233;58.767;90;58.767;0;0;0;-0.0001;6.0599;0;0;0;0;0;0;0;0;0;0;0;0;0;1;1;1;1;0;0;0;0;0;0;0;0;0;0;0;0;0;0;0;0;0;0;0;0;0;0;0;0;0;0;0;0;0;0;0;0;0;0;0;1;1;1;1;1;1;1;1;1;1;1;1;1;1;1;1;1;1;1;0;0;0;0;0;0;0;0;0;0.0004;0.088;0;-0.0884;0;0;0;0;0;0;0;0;0;0;0;0;0;0;0;0;0;0;0;0.0001;0;0;0;0;0.0004;0;0;0;0;0;0;0;-0.0004;-0.0884;0;0;0;0;0;0;0;0;0;-0.7063;0;0.7063;1;1;0;0;0;0
19/01/21 17:00;19.031;101.8;37.735;19.412;34.3;90;34.3;0;0;0;-0.0001;4.4601;0;0;0;0;0;0;0;0;0;0;0;0;0;1;1;1;1;0;0;0;0;0;0;0;0;0;0;0;0;0;0;0;0;0;0;0;0;0;0;0;0;0;0;0;0;0;0;0;0;0;0;0;1;1;1;1;1;1;1;1;1;1;1;1;1;1;1;1;1;1;1;0;0;0;0;0;0;0;0;0;0.0004;0.088;0;-0.0884;0;0;0;0;0;0;0;0;0;0;0;0;0;0;0;0;0;0;0;0.0001;0;0;0;0;0.0004;0;0;0;0;0;0;0;-0.0004;-0.0884;0;0;0;0;0;0;0;0;0;-0.7063;0;0.7063;1;1;0;0;0;0
19/01/21 18:00;7.2314;109.68;72.225;7.675;11.224;90;11.224;0;0;0;-0.0001;3.79;0;0;0;0;0;0;0;0;0;0;0;0;0;1;1;1;1;0;0;0;0;0;0;0;0;0;0;0;0;0;0;0;0;0;0;0;0;0;0;0;0;0;0;0;0;0;0;0;0;0;0;0;1;1;1;1;1;1;1;1;1;1;1;1;1;1;1;1;1;1;1;0;0;0;0;0;0;0;0;0;0.0004;0.088;0;-0.0884;0;0;0;0;0;0;0;0;0;0;0;0;0;0;0;0;0;0;0;0.0001;0;0;0;0;0.0004;0;0;0;0;0;0;0;-0.0004;-0.0884;0;0;0;0;0;0;0;0;0;-0.7063;0;0.7063;1;1;0;0;0;0
19/01/21 19:00;0.7886;114.4;88.087;0.8659;1.2345;90;1.2345;0;0;0;-0.0001;3.9199;0;0;0;0;0;0;0;0;0;0;0;0;0;1;1;1;1;0;0;0;0;0;0;0;0;0;0;0;0;0;0;0;0;0;0;0;0;0;0;0;0;0;0;0;0;0;0;0;0;0;0;0;1;1;1;1;1;1;1;1;1;1;1;1;1;1;1;1;1;1;1;0;0;0;0;0;0;0;0;0;0.0004;0.088;0;-0.0884;0;0;0;0;0;0;0;0;0;0;0;0;0;0;0;0;0;0;0;0.0001;0;0;0;0;0.0004;0;0;0;0;0;0;0;-0.0004;-0.0884;0;0;0;0;0;0;0;0;0;-0.7063;0;0.7063;1;1;0;0;0;0
19/01/21 20:00;0;0;90;0;0;90;0;0;0;0;-0.0001;3.47;0;0;0;0;0;0;0;0;0;0;0;0;0;1;1;1;1;0;0;0;0;0;0;0;0;0;0;0;0;0;0;0;0;0;0;0;0;0;0;0;0;0;0;0;0;0;0;0;0;0;0;0;1;1;1;1;1;1;1;1;1;1;1;1;1;1;1;1;1;1;1;0;0;0;0;0;0;0;0;0;0.0004;0.088;0;-0.0884;0;0;0;0;0;0;0;0;0;0;0;0;0;0;0;0;0;0;0;0.0001;0;0;0;0;0.0004;0;0;0;0;0;0;0;-0.0004;-0.0884;0;0;0;0;0;0;0;0;0;-0.7063;0;0.7063;1;1;0;0;0;0
19/01/21 21:00;0;0;90;0;0;90;0;0;0;0;-0.0001;3.08;0;0;0;0;0;0;0;0;0;0;0;0;0;1;1;1;1;0;0;0;0;0;0;0;0;0;0;0;0;0;0;0;0;0;0;0;0;0;0;0;0;0;0;0;0;0;0;0;0;0;0;0;1;1;1;1;1;1;1;1;1;1;1;1;1;1;1;1;1;1;1;0;0;0;0;0;0;0;0;0;0.0004;0.088;0;-0.0884;0;0;0;0;0;0;0;0;0;0;0;0;0;0;0;0;0;0;0;0.0001;0;0;0;0;0.0004;0;0;0;0;0;0;0;-0.0004;-0.0884;0;0;0;0;0;0;0;0;0;-0.7063;0;0.7063;1;1;0;0;0;0
19/01/21 22:00;0;0;90;0;0;90;0;0;0;0;-0.0001;5.0901;0;0;0;0;0;0;0;0;0;0;0;0;0;1;1;1;1;0;0;0;0;0;0;0;0;0;0;0;0;0;0;0;0;0;0;0;0;0;0;0;0;0;0;0;0;0;0;0;0;0;0;0;1;1;1;1;1;1;1;1;1;1;1;1;1;1;1;1;1;1;1;0;0;0;0;0;0;0;0;0;0.0004;0.088;0;-0.0884;0;0;0;0;0;0;0;0;0;0;0;0;0;0;0;0;0;0;0;0.0001;0;0;0;0;0.0004;0;0;0;0;0;0;0;-0.0004;-0.0884;0;0;0;0;0;0;0;0;0;-0.7063;0;0.7063;1;1;0;0;0;0
19/01/21 23:00;0;0;90;0;0;90;0;0;0;0;-0.0001;6.74;0;0;0;0;0;0;0;0;0;0;0;0;0;1;1;1;1;0;0;0;0;0;0;0;0;0;0;0;0;0;0;0;0;0;0;0;0;0;0;0;0;0;0;0;0;0;0;0;0;0;0;0;1;1;1;1;1;1;1;1;1;1;1;1;1;1;1;1;1;1;1;0;0;0;0;0;0;0;0;0;0.0004;0.088;0;-0.0884;0;0;0;0;0;0;0;0;0;0;0;0;0;0;0;0;0;0;0;0.0001;0;0;0;0;0.0004;0;0;0;0;0;0;0;-0.0004;-0.0884;0;0;0;0;0;0;0;0;0;-0.7063;0;0.7063;1;1;0;0;0;0
20/01/21 00:00;0;0;90;0;0;90;0;0;0;0;-0.0001;6.87;0;0;0;0;0;0;0;0;0;0;0;0;0;1;1;1;1;0;0;0;0;0;0;0;0;0;0;0;0;0;0;0;0;0;0;0;0;0;0;0;0;0;0;0;0;0;0;0;0;0;0;0;1;1;1;1;1;1;1;1;1;1;1;1;1;1;1;1;1;1;1;0;0;0;0;0;0;0;0;0;0.0004;0.088;0;-0.0884;0;0;0;0;0;0;0;0;0;0;0;0;0;0;0;0;0;0;0;0.0001;0;0;0;0;0.0004;0;0;0;0;0;0;0;-0.0004;-0.0884;0;0;0;0;0;0;0;0;0;-0.7063;0;0.7063;1;1;0;0;0;0
20/01/21 01:00;0;0;90;0;0;90;0;0;0;0;-0.0001;6.5499;0;0;0;0;0;0;0;0;0;0;0;0;0;1;1;1;1;0;0;0;0;0;0;0;0;0;0;0;0;0;0;0;0;0;0;0;0;0;0;0;0;0;0;0;0;0;0;0;0;0;0;0;1;1;1;1;1;1;1;1;1;1;1;1;1;1;1;1;1;1;1;0;0;0;0;0;0;0;0;0;0.0004;0.088;0;-0.0884;0;0;0;0;0;0;0;0;0;0;0;0;0;0;0;0;0;0;0;0.0001;0;0;0;0;0.0004;0;0;0;0;0;0;0;-0.0004;-0.0884;0;0;0;0;0;0;0;0;0;-0.7063;0;0.7063;1;1;0;0;0;0
20/01/21 02:00;0;0;90;0;0;90;0;0;0;0;-0.0001;6.2901;0;0;0;0;0;0;0;0;0;0;0;0;0;1;1;1;1;0;0;0;0;0;0;0;0;0;0;0;0;0;0;0;0;0;0;0;0;0;0;0;0;0;0;0;0;0;0;0;0;0;0;0;1;1;1;1;1;1;1;1;1;1;1;1;1;1;1;1;1;1;1;0;0;0;0;0;0;0;0;0;0.0004;0.088;0;-0.0884;0;0;0;0;0;0;0;0;0;0;0;0;0;0;0;0;0;0;0;0.0001;0;0;0;0;0.0004;0;0;0;0;0;0;0;-0.0004;-0.0884;0;0;0;0;0;0;0;0;0;-0.7063;0;0.7063;1;1;0;0;0;0
20/01/21 03:00;0;0;90;0;0;90;0;0;0;0;-0.0001;6.19;0;0;0;0;0;0;0;0;0;0;0;0;0;1;1;1;1;0;0;0;0;0;0;0;0;0;0;0;0;0;0;0;0;0;0;0;0;0;0;0;0;0;0;0;0;0;0;0;0;0;0;0;1;1;1;1;1;1;1;1;1;1;1;1;1;1;1;1;1;1;1;0;0;0;0;0;0;0;0;0;0.0004;0.088;0;-0.0884;0;0;0;0;0;0;0;0;0;0;0;0;0;0;0;0;0;0;0;0.0001;0;0;0;0;0.0004;0;0;0;0;0;0;0;-0.0004;-0.0884;0;0;0;0;0;0;0;0;0;-0.7063;0;0.7063;1;1;0;0;0;0
20/01/21 04:00;0;0;90;0;0;90;0;0;0;0;-0.0001;6.2299;0;0;0;0;0;0;0;0;0;0;0;0;0;1;1;1;1;0;0;0;0;0;0;0;0;0;0;0;0;0;0;0;0;0;0;0;0;0;0;0;0;0;0;0;0;0;0;0;0;0;0;0;1;1;1;1;1;1;1;1;1;1;1;1;1;1;1;1;1;1;1;0;0;0;0;0;0;0;0;0;0.0004;0.088;0;-0.0884;0;0;0;0;0;0;0;0;0;0;0;0;0;0;0;0;0;0;0;0.0001;0;0;0;0;0.0004;0;0;0;0;0;0;0;-0.0004;-0.0884;0;0;0;0;0;0;0;0;0;-0.7063;0;0.7063;1;1;0;0;0;0
20/01/21 05:00;4.8813;-111.09;78.09;5.2298;7.5418;-90;-7.5418;0;0;0;-0.0001;7.22;0;0;0;0;0;0;0;0;0;0;0;0;0;1;1;1;1;0;0;0;0;0;0;0;0;0;0;0;0;0;0;0;0;0;0;0;0;0;0;0;0;0;0;0;0;0;0;0;0;0;0;0;1;1;1;1;1;1;1;1;1;1;1;1;1;1;1;1;1;1;1;0;0;0;0;0;0;0;0;0;0.0004;0.088;0;-0.0884;0;0;0;0;0;0;0;0;0;0;0;0;0;0;0;0;0;0;0;0.0001;0;0;0;0;0.0004;0;0;0;0;0;0;0;-0.0004;-0.0884;0;0;0;0;0;0;0;0;0;-0.7063;0;0.7063;1;1;0;0;0;0
20/01/21 06:00;15.605;-103.76;49.275;16.043;26.043;-90;-26.043;0;0;0;-0.0001;7.37;0;0;0;0;0;0;0;0;0;0;0;0;0;1;1;1;1;0;0;0;0;0;0;0;0;0;0;0;0;0;0;0;0;0;0;0;0;0;0;0;0;0;0;0;0;0;0;0;0;0;0;0;1;1;1;1;1;1;1;1;1;1;1;1;1;1;1;1;1;1;1;0;0;0;0;0;0;0;0;0;0.0004;0.088;0;-0.0884;0;0;0;0;0;0;0;0;0;0;0;0;0;0;0;0;0;0;0;0.0001;0;0;0;0;0.0004;0;0;0;0;0;0;0;-0.0004;-0.0884;0;0;0;0;0;0;0;0;0;-0.7063;0;0.7063;1;1;0;0;0;0
20/01/21 07:00;27.683;-95.931;5.6873;27.809;60;-90;-60;0;0;0;-0.0001;6.6001;0;0;0;0;0;0;0;0;0;0;0;0;0;1;1;1;1;0;0;0;0;0;0;0;0;0;0;0;0;0;0;0;0;0;0;0;0;0;0;0;0;0;0;0;0;0;0;0;0;0;0;0;1;1;1;1;1;1;1;1;1;1;1;1;1;1;1;1;1;1;1;0;0;0;0;0;0;0;0;0;0.0004;0.088;0;-0.0884;0;0;0;0;0;0;0;0;0;0;0;0;0;0;0;0;0;0;0;0.0001;0;0;0;0;0.0004;0;0;0;0;0;0;0;-0.0004;-0.0884;0;0;0;0;0;0;0;0;0;-0.7063;0;0.7063;1;1;0;0;0;0
20/01/21 08:00;39.933;-87.514;1.9063;39.96;50.04;-90;-50.04;0;0;0;-0.0001;5.5899;0;0;0;0;0;0;0;0;0;0;0;0;0;1;1;1;1;0;0;0;0;0;0;0;0;0;0;0;0;0;0;0;0;0;0;0;0;0;0;0;0;0;0;0;0;0;0;0;0;0;0;0;1;1;1;1;1;1;1;1;1;1;1;1;1;1;1;1;1;1;1;0;0;0;0;0;0;0;0;0;0.0004;0.088;0;-0.0884;0;0;0;0;0;0;0;0;0;0;0;0;0;0;0;0;0;0;0;0.0001;0;0;0;0;0.0004;0;0;0;0;0;0;0;-0.0004;-0.0884;0;0;0;0;0;0;0;0;0;-0.7063;0;0.7063;1;1;0;0;0;0
20/01/21 09:00;52.082;-77.148;7.8563;52.784;37.216;-90;-37.216;0;0;0;-0.0001;4.56;0;0;0;0;0;0;0;0;0;0;0;0;0;1;1;1;1;0;0;0;0;0;0;0;0;0;0;0;0;0;0;0;0;0;0;0;0;0;0;0;0;0;0;0;0;0;0;0;0;0;0;0;1;1;1;1;1;1;1;1;1;1;1;1;1;1;1;1;1;1;1;0;0;0;0;0;0;0;0;0;0.0004;0.088;0;-0.0884;0;0;0;0;0;0;0;0;0;0;0;0;0;0;0;0;0;0;0;0.0001;0;0;0;0;0.0004;0;0;0;0;0;0;0;-0.0004;-0.0884;0;0;0;0;0;0;0;0;0;-0.7063;0;0.7063;1;1;0;0;0;0
20/01/21 10:00;63.578;-61.588;12.224;66.393;23.607;-90;-23.607;0;0;0;-0.0001;3.62;0;0;0;0;0;0;0;0;0;0;0;0;0;1;1;1;1;0;0;0;0;0;0;0;0;0;0;0;0;0;0;0;0;0;0;0;0;0;0;0;0;0;0;0;0;0;0;0;0;0;0;0;1;1;1;1;1;1;1;1;1;1;1;1;1;1;1;1;1;1;1;0;0;0;0;0;0;0;0;0;0.0004;0.088;0;-0.0884;0;0;0;0;0;0;0;0;0;0;0;0;0;0;0;0;0;0;0;0.0001;0;0;0;0;0.0004;0;0;0;0;0;0;0;-0.0004;-0.0884;0;0;0;0;0;0;0;0;0;-0.7063;0;0.7063;1;1;0;0;0;0
20/01/21 11:00;72.665;-31.786;14.671;80.663;9.3368;-90;-9.3368;0;0;0;-0.0001;2.82;0;0;0;0;0;0;0;0;0;0;0;0;0;1;1;1;1;0;0;0;0;0;0;0;0;0;0;0;0;0;0;0;0;0;0;0;0;0;0;0;0;0;0;0;0;0;0;0;0;0;0;0;1;1;1;1;1;1;1;1;1;1;1;1;1;1;1;1;1;1;1;0;0;0;0;0;0;0;0;0;0.0004;0.088;0;-0.0884;0;0;0;0;0;0;0;0;0;0;0;0;0;0;0;0;0;0;0;0.0001;0;0;0;0;0.0004;0;0;0;0;0;0;0;-0.0004;-0.0884;0;0;0;0;0;0;0;0;0;-0.7063;0;0.7063;1;1;0;0;0;0
20/01/21 12:00;74.151;18.837;14.98;84.763;5.2374;90;5.2374;0;0;0;-0.0001;2.19;0;0;0;0;0;0;0;0;0;0;0;0;0;1;1;1;1;0;0;0;0;0;0;0;0;0;0;0;0;0;0;0;0;0;0;0;0;0;0;0;0;0;0;0;0;0;0;0;0;0;0;0;1;1;1;1;1;1;1;1;1;1;1;1;1;1;1;1;1;1;1;0;0;0;0;0;0;0;0;0;0.0004;0.088;0;-0.0884;0;0;0;0;0;0;0;0;0;0;0;0;0;0;0;0;0;0;0;0.0001;0;0;0;0;0.0004;0;0;0;0;0;0;0;-0.0004;-0.0884;0;0;0;0;0;0;0;0;0;-0.7063;0;0.7063;1;1;0;0;0;0
20/01/21 13:00;66.527;55.256;13.121;70.362;19.638;90;19.638;0;0;0;-0.0001;1.71;0;0;0;0;0;0;0;0;0;0;0;0;0;1;1;1;1;0;0;0;0;0;0;0;0;0;0;0;0;0;0;0;0;0;0;0;0;0;0;0;0;0;0;0;0;0;0;0;0;0;0;0;1;1;1;1;1;1;1;1;1;1;1;1;1;1;1;1;1;1;1;0;0;0;0;0;0;0;0;0;0.0004;0.088;0;-0.0884;0;0;0;0;0;0;0;0;0;0;0;0;0;0;0;0;0;0;0;0.0001;0;0;0;0;0.0004;0;0;0;0;0;0;0;-0.0004;-0.0884;0;0;0;0;0;0;0;0;0;-0.7063;0;0.7063;1;1;0;0;0;0
20/01/21 14:00;55.429;73.518;9.2641;56.543;33.457;90;33.457;0;0;0;-0.0001;1.4;0;0;0;0;0;0;0;0;0;0;0;0;0;1;1;1;1;0;0;0;0;0;0;0;0;0;0;0;0;0;0;0;0;0;0;0;0;0;0;0;0;0;0;0;0;0;0;0;0;0;0;0;1;1;1;1;1;1;1;1;1;1;1;1;1;1;1;1;1;1;1;0;0;0;0;0;0;0;0;0;0.0004;0.088;0;-0.0884;0;0;0;0;0;0;0;0;0;0;0;0;0;0;0;0;0;0;0;0.0001;0;0;0;0;0.0004;0;0;0;0;0;0;0;-0.0004;-0.0884;0;0;0;0;0;0;0;0;0;-0.7063;0;0.7063;1;1;0;0;0;0
20/01/21 15:00;43.385;84.874;3.7228;43.5;46.5;90;46.5;0;0;0;-0.0001;1.22;0;0;0;0;0;0;0;0;0;0;0;0;0;1;1;1;1;0;0;0;0;0;0;0;0;0;0;0;0;0;0;0;0;0;0;0;0;0;0;0;0;0;0;0;0;0;0;0;0;0;0;0;1;1;1;1;1;1;1;1;1;1;1;1;1;1;1;1;1;1;1;0;0;0;0;0;0;0;0;0;0.0004;0.088;0;-0.0884;0;0;0;0;0;0;0;0;0;0;0;0;0;0;0;0;0;0;0;0.0001;0;0;0;0;0.0004;0;0;0;0;0;0;0;-0.0004;-0.0884;0;0;0;0;0;0;0;0;0;-0.7063;0;0.7063;1;1;0;0;0;0
20/01/21 16:00;31.13;93.659;3.1313;31.182;58.818;90;58.818;0;0;0;-0.0001;1.17;0;0;0;0;0;0;0;0;0;0;0;0;0;1;1;1;1;0;0;0;0;0;0;0;0;0;0;0;0;0;0;0;0;0;0;0;0;0;0;0;0;0;0;0;0;0;0;0;0;0;0;0;1;1;1;1;1;1;1;1;1;1;1;1;1;1;1;1;1;1;1;0;0;0;0;0;0;0;0;0;0.0004;0.088;0;-0.0884;0;0;0;0;0;0;0;0;0;0;0;0;0;0;0;0;0;0;0;0.0001;0;0;0;0;0.0004;0;0;0;0;0;0;0;-0.0004;-0.0884;0;0;0;0;0;0;0;0;0;-0.7063;0;0.7063;1;1;0;0;0;0
20/01/21 17:00;18.981;101.56;37.924;19.345;34.11;90;34.11;0;0;0;-0.0001;0.98;0;0;0;0;0;0;0;0;0;0;0;0;0;1;1;1;1;0;0;0;0;0;0;0;0;0;0;0;0;0;0;0;0;0;0;0;0;0;0;0;0;0;0;0;0;0;0;0;0;0;0;0;1;1;1;1;1;1;1;1;1;1;1;1;1;1;1;1;1;1;1;0;0;0;0;0;0;0;0;0;0.0004;0.088;0;-0.0884;0;0;0;0;0;0;0;0;0;0;0;0;0;0;0;0;0;0;0;0.0001;0;0;0;0;0.0004;0;0;0;0;0;0;0;-0.0004;-0.0884;0;0;0;0;0;0;0;0;0;-0.7063;0;0.7063;1;1;0;0;0;0
20/01/21 18:00;7.1677;109.46;72.386;7.5971;11.104;90;11.104;0;0;0;-0.0001;1.1101;0;0;0;0;0;0;0;0;0;0;0;0;0;1;1;1;1;0;0;0;0;0;0;0;0;0;0;0;0;0;0;0;0;0;0;0;0;0;0;0;0;0;0;0;0;0;0;0;0;0;0;0;1;1;1;1;1;1;1;1;1;1;1;1;1;1;1;1;1;1;1;0;0;0;0;0;0;0;0;0;0.0004;0.088;0;-0.0884;0;0;0;0;0;0;0;0;0;0;0;0;0;0;0;0;0;0;0;0.0001;0;0;0;0;0.0004;0;0;0;0;0;0;0;-0.0004;-0.0884;0;0;0;0;0;0;0;0;0;-0.7063;0;0.7063;1;1;0;0;0;0
20/01/21 19:00;0.7149;114.18;88.266;0.7837;1.1173;90;1.1173;0;0;0;-0.0001;1.5299;0;0;0;0;0;0;0;0;0;0;0;0;0;1;1;1;1;0;0;0;0;0;0;0;0;0;0;0;0;0;0;0;0;0;0;0;0;0;0;0;0;0;0;0;0;0;0;0;0;0;0;0;1;1;1;1;1;1;1;1;1;1;1;1;1;1;1;1;1;1;1;0;0;0;0;0;0;0;0;0;0.0004;0.088;0;-0.0884;0;0;0;0;0;0;0;0;0;0;0;0;0;0;0;0;0;0;0;0.0001;0;0;0;0;0.0004;0;0;0;0;0;0;0;-0.0004;-0.0884;0;0;0;0;0;0;0;0;0;-0.7063;0;0.7063;1;1;0;0;0;0
20/01/21 20:00;0;0;90;0;0;90;0;0;0;0;-0.0001;2.19;0;0;0;0;0;0;0;0;0;0;0;0;0;1;1;1;1;0;0;0;0;0;0;0;0;0;0;0;0;0;0;0;0;0;0;0;0;0;0;0;0;0;0;0;0;0;0;0;0;0;0;0;1;1;1;1;1;1;1;1;1;1;1;1;1;1;1;1;1;1;1;0;0;0;0;0;0;0;0;0;0.0004;0.088;0;-0.0884;0;0;0;0;0;0;0;0;0;0;0;0;0;0;0;0;0;0;0;0.0001;0;0;0;0;0.0004;0;0;0;0;0;0;0;-0.0004;-0.0884;0;0;0;0;0;0;0;0;0;-0.7063;0;0.7063;1;1;0;0;0;0
20/01/21 21:00;0;0;90;0;0;90;0;0;0;0;-0.0001;3;0;0;0;0;0;0;0;0;0;0;0;0;0;1;1;1;1;0;0;0;0;0;0;0;0;0;0;0;0;0;0;0;0;0;0;0;0;0;0;0;0;0;0;0;0;0;0;0;0;0;0;0;1;1;1;1;1;1;1;1;1;1;1;1;1;1;1;1;1;1;1;0;0;0;0;0;0;0;0;0;0.0004;0.088;0;-0.0884;0;0;0;0;0;0;0;0;0;0;0;0;0;0;0;0;0;0;0;0.0001;0;0;0;0;0.0004;0;0;0;0;0;0;0;-0.0004;-0.0884;0;0;0;0;0;0;0;0;0;-0.7063;0;0.7063;1;1;0;0;0;0
20/01/21 22:00;0;0;90;0;0;90;0;0;0;0;-0.0001;4.1401;0;0;0;0;0;0;0;0;0;0;0;0;0;1;1;1;1;0;0;0;0;0;0;0;0;0;0;0;0;0;0;0;0;0;0;0;0;0;0;0;0;0;0;0;0;0;0;0;0;0;0;0;1;1;1;1;1;1;1;1;1;1;1;1;1;1;1;1;1;1;1;0;0;0;0;0;0;0;0;0;0.0004;0.088;0;-0.0884;0;0;0;0;0;0;0;0;0;0;0;0;0;0;0;0;0;0;0;0.0001;0;0;0;0;0.0004;0;0;0;0;0;0;0;-0.0004;-0.0884;0;0;0;0;0;0;0;0;0;-0.7063;0;0.7063;1;1;0;0;0;0
20/01/21 23:00;0;0;90;0;0;90;0;0;0;0;-0.0001;5.37;0;0;0;0;0;0;0;0;0;0;0;0;0;1;1;1;1;0;0;0;0;0;0;0;0;0;0;0;0;0;0;0;0;0;0;0;0;0;0;0;0;0;0;0;0;0;0;0;0;0;0;0;1;1;1;1;1;1;1;1;1;1;1;1;1;1;1;1;1;1;1;0;0;0;0;0;0;0;0;0;0.0004;0.088;0;-0.0884;0;0;0;0;0;0;0;0;0;0;0;0;0;0;0;0;0;0;0;0.0001;0;0;0;0;0.0004;0;0;0;0;0;0;0;-0.0004;-0.0884;0;0;0;0;0;0;0;0;0;-0.7063;0;0.7063;1;1;0;0;0;0
21/01/21 00:00;0;0;90;0;0;90;0;0;0;0;-0.0001;6.08;0;0;0;0;0;0;0;0;0;0;0;0;0;1;1;1;1;0;0;0;0;0;0;0;0;0;0;0;0;0;0;0;0;0;0;0;0;0;0;0;0;0;0;0;0;0;0;0;0;0;0;0;1;1;1;1;1;1;1;1;1;1;1;1;1;1;1;1;1;1;1;0;0;0;0;0;0;0;0;0;0.0004;0.088;0;-0.0884;0;0;0;0;0;0;0;0;0;0;0;0;0;0;0;0;0;0;0;0.0001;0;0;0;0;0.0004;0;0;0;0;0;0;0;-0.0004;-0.0884;0;0;0;0;0;0;0;0;0;-0.7063;0;0.7063;1;1;0;0;0;0
21/01/21 01:00;0;0;90;0;0;90;0;0;0;0;-0.0001;6.16;0;0;0;0;0;0;0;0;0;0;0;0;0;1;1;1;1;0;0;0;0;0;0;0;0;0;0;0;0;0;0;0;0;0;0;0;0;0;0;0;0;0;0;0;0;0;0;0;0;0;0;0;1;1;1;1;1;1;1;1;1;1;1;1;1;1;1;1;1;1;1;0;0;0;0;0;0;0;0;0;0.0004;0.088;0;-0.0884;0;0;0;0;0;0;0;0;0;0;0;0;0;0;0;0;0;0;0;0.0001;0;0;0;0;0.0004;0;0;0;0;0;0;0;-0.0004;-0.0884;0;0;0;0;0;0;0;0;0;-0.7063;0;0.7063;1;1;0;0;0;0
21/01/21 02:00;0;0;90;0;0;90;0;0;0;0;-0.0001;5.92;0;0;0;0;0;0;0;0;0;0;0;0;0;1;1;1;1;0;0;0;0;0;0;0;0;0;0;0;0;0;0;0;0;0;0;0;0;0;0;0;0;0;0;0;0;0;0;0;0;0;0;0;1;1;1;1;1;1;1;1;1;1;1;1;1;1;1;1;1;1;1;0;0;0;0;0;0;0;0;0;0.0004;0.088;0;-0.0884;0;0;0;0;0;0;0;0;0;0;0;0;0;0;0;0;0;0;0;0.0001;0;0;0;0;0.0004;0;0;0;0;0;0;0;-0.0004;-0.0884;0;0;0;0;0;0;0;0;0;-0.7063;0;0.7063;1;1;0;0;0;0
21/01/21 03:00;0;0;90;0;0;90;0;0;0;0;-0.0001;5.44;0;0;0;0;0;0;0;0;0;0;0;0;0;1;1;1;1;0;0;0;0;0;0;0;0;0;0;0;0;0;0;0;0;0;0;0;0;0;0;0;0;0;0;0;0;0;0;0;0;0;0;0;1;1;1;1;1;1;1;1;1;1;1;1;1;1;1;1;1;1;1;0;0;0;0;0;0;0;0;0;0.0004;0.088;0;-0.0884;0;0;0;0;0;0;0;0;0;0;0;0;0;0;0;0;0;0;0;0.0001;0;0;0;0;0.0004;0;0;0;0;0;0;0;-0.0004;-0.0884;0;0;0;0;0;0;0;0;0;-0.7063;0;0.7063;1;1;0;0;0;0
21/01/21 04:00;0;0;90;0;0;90;0;0;0;0;-0.0001;5.21;0;0;0;0;0;0;0;0;0;0;0;0;0;1;1;1;1;0;0;0;0;0;0;0;0;0;0;0;0;0;0;0;0;0;0;0;0;0;0;0;0;0;0;0;0;0;0;0;0;0;0;0;1;1;1;1;1;1;1;1;1;1;1;1;1;1;1;1;1;1;1;0;0;0;0;0;0;0;0;0;0.0004;0.088;0;-0.0884;0;0;0;0;0;0;0;0;0;0;0;0;0;0;0;0;0;0;0;0.0001;0;0;0;0;0.0004;0;0;0;0;0;0;0;-0.0004;-0.0884;0;0;0;0;0;0;0;0;0;-0.7063;0;0.7063;1;1;0;0;0;0
21/01/21 05:00;4.694;-110.95;78.552;5.0246;7.2393;-90;-7.2393;0;0;0;-0.0001;5.5899;0;0;0;0;0;0;0;0;0;0;0;0;0;1;1;1;1;0;0;0;0;0;0;0;0;0;0;0;0;0;0;0;0;0;0;0;0;0;0;0;0;0;0;0;0;0;0;0;0;0;0;0;1;1;1;1;1;1;1;1;1;1;1;1;1;1;1;1;1;1;1;0;0;0;0;0;0;0;0;0;0.0004;0.088;0;-0.0884;0;0;0;0;0;0;0;0;0;0;0;0;0;0;0;0;0;0;0;0.0001;0;0;0;0;0.0004;0;0;0;0;0;0;0;-0.0004;-0.0884;0;0;0;0;0;0;0;0;0;-0.7063;0;0.7063;1;1;0;0;0;0
21/01/21 06:00;15.427;-103.6;49.824;15.85;25.632;-90;-25.632;0;0;0;-0.0001;5.6;0;0;0;0;0;0;0;0;0;0;0;0;0;1;1;1;1;0;0;0;0;0;0;0;0;0;0;0;0;0;0;0;0;0;0;0;0;0;0;0;0;0;0;0;0;0;0;0;0;0;0;0;1;1;1;1;1;1;1;1;1;1;1;1;1;1;1;1;1;1;1;0;0;0;0;0;0;0;0;0;0.0004;0.088;0;-0.0884;0;0;0;0;0;0;0;0;0;0;0;0;0;0;0;0;0;0;0;0.0001;0;0;0;0;0.0004;0;0;0;0;0;0;0;-0.0004;-0.0884;0;0;0;0;0;0;0;0;0;-0.7063;0;0.7063;1;1;0;0;0;0
21/01/21 07:00;27.51;-95.753;5.6237;27.629;60;-90;-60;0;0;0;-0.0001;4.98;0;0;0;0;0;0;0;0;0;0;0;0;0;1;1;1;1;0;0;0;0;0;0;0;0;0;0;0;0;0;0;0;0;0;0;0;0;0;0;0;0;0;0;0;0;0;0;0;0;0;0;0;1;1;1;1;1;1;1;1;1;1;1;1;1;1;1;1;1;1;1;0;0;0;0;0;0;0;0;0;0.0004;0.088;0;-0.0884;0;0;0;0;0;0;0;0;0;0;0;0;0;0;0;0;0;0;0;0.0001;0;0;0;0;0.0004;0;0;0;0;0;0;0;-0.0004;-0.0884;0;0;0;0;0;0;0;0;0;-0.7063;0;0.7063;1;1;0;0;0;0
21/01/21 08:00;39.762;-87.307;2.0698;39.793;50.207;-90;-50.207;0;0;0;-0.0001;4.25;0;0;0;0;0;0;0;0;0;0;0;0;0;1;1;1;1;0;0;0;0;0;0;0;0;0;0;0;0;0;0;0;0;0;0;0;0;0;0;0;0;0;0;0;0;0;0;0;0;0;0;0;1;1;1;1;1;1;1;1;1;1;1;1;1;1;1;1;1;1;1;0;0;0;0;0;0;0;0;0;0.0004;0.088;0;-0.0884;0;0;0;0;0;0;0;0;0;0;0;0;0;0;0;0;0;0;0;0.0001;0;0;0;0;0.0004;0;0;0;0;0;0;0;-0.0004;-0.0884;0;0;0;0;0;0;0;0;0;-0.7063;0;0.7063;1;1;0;0;0;0
21/01/21 09:00;51.904;-76.903;8.037;52.635;37.365;-90;-37.365;0;0;0;-0.0001;3.69;0;0;0;0;0;0;0;0;0;0;0;0;0;1;1;1;1;0;0;0;0;0;0;0;0;0;0;0;0;0;0;0;0;0;0;0;0;0;0;0;0;0;0;0;0;0;0;0;0;0;0;0;1;1;1;1;1;1;1;1;1;1;1;1;1;1;1;1;1;1;1;0;0;0;0;0;0;0;0;0;0.0004;0.088;0;-0.0884;0;0;0;0;0;0;0;0;0;0;0;0;0;0;0;0;0;0;0;0.0001;0;0;0;0;0.0004;0;0;0;0;0;0;0;-0.0004;-0.0884;0;0;0;0;0;0;0;0;0;-0.7063;0;0.7063;1;1;0;0;0;0
21/01/21 10:00;63.38;-61.308;12.422;66.267;23.733;-90;-23.733;0;0;0;-0.0001;3.4399;0;0;0;0;0;0;0;0;0;0;0;0;0;1;1;1;1;0;0;0;0;0;0;0;0;0;0;0;0;0;0;0;0;0;0;0;0;0;0;0;0;0;0;0;0;0;0;0;0;0;0;0;1;1;1;1;1;1;1;1;1;1;1;1;1;1;1;1;1;1;1;0;0;0;0;0;0;0;0;0;0.0004;0.088;0;-0.0884;0;0;0;0;0;0;0;0;0;0;0;0;0;0;0;0;0;0;0;0.0001;0;0;0;0;0.0004;0;0;0;0;0;0;0;-0.0004;-0.0884;0;0;0;0;0;0;0;0;0;-0.7063;0;0.7063;1;1;0;0;0;0
21/01/21 11:00;72.435;-31.655;14.886;80.568;9.4323;-90;-9.4323;0;0;0;-0.0001;3.39;0;0;0;0;0;0;0;0;0;0;0;0;0;1;1;1;1;0;0;0;0;0;0;0;0;0;0;0;0;0;0;0;0;0;0;0;0;0;0;0;0;0;0;0;0;0;0;0;0;0;0;0;1;1;1;1;1;1;1;1;1;1;1;1;1;1;1;1;1;1;1;0;0;0;0;0;0;0;0;0;0.0004;0.088;0;-0.0884;0;0;0;0;0;0;0;0;0;0;0;0;0;0;0;0;0;0;0;0.0001;0;0;0;0;0.0004;0;0;0;0;0;0;0;-0.0004;-0.0884;0;0;0;0;0;0;0;0;0;-0.7063;0;0.7063;1;1;0;0;0;0
21/01/21 12:00;73.956;18.366;15.206;84.823;5.1773;90;5.1773;0;0;0;-0.0001;3.37;0;0;0;0;0;0;0;0;0;0;0;0;0;1;1;1;1;0;0;0;0;0;0;0;0;0;0;0;0;0;0;0;0;0;0;0;0;0;0;0;0;0;0;0;0;0;0;0;0;0;0;0;1;1;1;1;1;1;1;1;1;1;1;1;1;1;1;1;1;1;1;0;0;0;0;0;0;0;0;0;0.0004;0.088;0;-0.0884;0;0;0;0;0;0;0;0;0;0;0;0;0;0;0;0;0;0;0;0.0001;0;0;0;0;0.0004;0;0;0;0;0;0;0;-0.0004;-0.0884;0;0;0;0;0;0;0;0;0;-0.7063;0;0.7063;1;1;0;0;0;0
21/01/21 13:00;66.421;54.735;13.353;70.386;19.614;90;19.614;0;0;0;-0.0001;3.24;0;0;0;0;0;0;0;0;0;0;0;0;0;1;1;1;1;0;0;0;0;0;0;0;0;0;0;0;0;0;0;0;0;0;0;0;0;0;0;0;0;0;0;0;0;0;0;0;0;0;0;0;1;1;1;1;1;1;1;1;1;1;1;1;1;1;1;1;1;1;1;0;0;0;0;0;0;0;0;0;0.0004;0.088;0;-0.0884;0;0;0;0;0;0;0;0;0;0;0;0;0;0;0;0;0;0;0;0.0001;0;0;0;0;0.0004;0;0;0;0;0;0;0;-0.0004;-0.0884;0;0;0;0;0;0;0;0;0;-0.7063;0;0.7063;1;1;0;0;0;0
21/01/21 14:00;55.364;73.123;9.4976;56.535;33.465;90;33.465;0;0;0;-0.0001;3;0;0;0;0;0;0;0;0;0;0;0;0;0;1;1;1;1;0;0;0;0;0;0;0;0;0;0;0;0;0;0;0;0;0;0;0;0;0;0;0;0;0;0;0;0;0;0;0;0;0;0;0;1;1;1;1;1;1;1;1;1;1;1;1;1;1;1;1;1;1;1;0;0;0;0;0;0;0;0;0;0.0004;0.088;0;-0.0884;0;0;0;0;0;0;0;0;0;0;0;0;0;0;0;0;0;0;0;0.0001;0;0;0;0;0.0004;0;0;0;0;0;0;0;-0.0004;-0.0884;0;0;0;0;0;0;0;0;0;-0.7063;0;0.7063;1;1;0;0;0;0
21/01/21 15:00;43.335;84.56;3.9537;43.464;46.536;90;46.536;0;0;0;-0.0001;2.7099;0;0;0;0;0;0;0;0;0;0;0;0;0;1;1;1;1;0;0;0;0;0;0;0;0;0;0;0;0;0;0;0;0;0;0;0;0;0;0;0;0;0;0;0;0;0;0;0;0;0;0;0;1;1;1;1;1;1;1;1;1;1;1;1;1;1;1;1;1;1;1;0;0;0;0;0;0;0;0;0;0.0004;0.088;0;-0.0884;0;0;0;0;0;0;0;0;0;0;0;0;0;0;0;0;0;0;0;0.0001;0;0;0;0;0.0004;0;0;0;0;0;0;0;-0.0004;-0.0884;0;0;0;0;0;0;0;0;0;-0.7063;0;0.7063;1;1;0;0;0;0
21/01/21 16:00;31.081;93.392;2.9046;31.125;58.875;90;58.875;0;0;0;-0.0001;2.3801;0;0;0;0;0;0;0;0;0;0;0;0;0;1;1;1;1;0;0;0;0;0;0;0;0;0;0;0;0;0;0;0;0;0;0;0;0;0;0;0;0;0;0;0;0;0;0;0;0;0;0;0;1;1;1;1;1;1;1;1;1;1;1;1;1;1;1;1;1;1;1;0;0;0;0;0;0;0;0;0;0.0004;0.088;0;-0.0884;0;0;0;0;0;0;0;0;0;0;0;0;0;0;0;0;0;0;0;0.0001;0;0;0;0;0.0004;0;0;0;0;0;0;0;-0.0004;-0.0884;0;0;0;0;0;0;0;0;0;-0.7063;0;0.7063;1;1;0;0;0;0
21/01/21 17:00;18.924;101.32;38.134;19.273;33.905;90;33.905;0;0;0;-0.0001;1.5901;0;0;0;0;0;0;0;0;0;0;0;0;0;1;1;1;1;0;0;0;0;0;0;0;0;0;0;0;0;0;0;0;0;0;0;0;0;0;0;0;0;0;0;0;0;0;0;0;0;0;0;0;1;1;1;1;1;1;1;1;1;1;1;1;1;1;1;1;1;1;1;0;0;0;0;0;0;0;0;0;0.0004;0.088;0;-0.0884;0;0;0;0;0;0;0;0;0;0;0;0;0;0;0;0;0;0;0;0.0001;0;0;0;0;0.0004;0;0;0;0;0;0;0;-0.0004;-0.0884;0;0;0;0;0;0;0;0;0;-0.7063;0;0.7063;1;1;0;0;0;0
21/01/21 18:00;7.0982;109.24;72.561;7.5134;10.976;90;10.976;0;0;0;-0.0001;1.47;0;0;0;0;0;0;0;0;0;0;0;0;0;1;1;1;1;0;0;0;0;0;0;0;0;0;0;0;0;0;0;0;0;0;0;0;0;0;0;0;0;0;0;0;0;0;0;0;0;0;0;0;1;1;1;1;1;1;1;1;1;1;1;1;1;1;1;1;1;1;1;0;0;0;0;0;0;0;0;0;0.0004;0.088;0;-0.0884;0;0;0;0;0;0;0;0;0;0;0;0;0;0;0;0;0;0;0;0.0001;0;0;0;0;0.0004;0;0;0;0;0;0;0;-0.0004;-0.0884;0;0;0;0;0;0;0;0;0;-0.7063;0;0.7063;1;1;0;0;0;0
21/01/21 19:00;0.8225;113.82;88.005;0.8991;1.2818;90;1.2818;0;0;0;-0.0001;1.97;0;0;0;0;0;0;0;0;0;0;0;0;0;1;1;1;1;0;0;0;0;0;0;0;0;0;0;0;0;0;0;0;0;0;0;0;0;0;0;0;0;0;0;0;0;0;0;0;0;0;0;0;1;1;1;1;1;1;1;1;1;1;1;1;1;1;1;1;1;1;1;0;0;0;0;0;0;0;0;0;0.0004;0.088;0;-0.0884;0;0;0;0;0;0;0;0;0;0;0;0;0;0;0;0;0;0;0;0.0001;0;0;0;0;0.0004;0;0;0;0;0;0;0;-0.0004;-0.0884;0;0;0;0;0;0;0;0;0;-0.7063;0;0.7063;1;1;0;0;0;0
21/01/21 20:00;0;0;90;0;0;90;0;0;0;0;-0.0001;2.4601;0;0;0;0;0;0;0;0;0;0;0;0;0;1;1;1;1;0;0;0;0;0;0;0;0;0;0;0;0;0;0;0;0;0;0;0;0;0;0;0;0;0;0;0;0;0;0;0;0;0;0;0;1;1;1;1;1;1;1;1;1;1;1;1;1;1;1;1;1;1;1;0;0;0;0;0;0;0;0;0;0.0004;0.088;0;-0.0884;0;0;0;0;0;0;0;0;0;0;0;0;0;0;0;0;0;0;0;0.0001;0;0;0;0;0.0004;0;0;0;0;0;0;0;-0.0004;-0.0884;0;0;0;0;0;0;0;0;0;-0.7063;0;0.7063;1;1;0;0;0;0
21/01/21 21:00;0;0;90;0;0;90;0;0;0;0;-0.0001;2.74;0;0;0;0;0;0;0;0;0;0;0;0;0;1;1;1;1;0;0;0;0;0;0;0;0;0;0;0;0;0;0;0;0;0;0;0;0;0;0;0;0;0;0;0;0;0;0;0;0;0;0;0;1;1;1;1;1;1;1;1;1;1;1;1;1;1;1;1;1;1;1;0;0;0;0;0;0;0;0;0;0.0004;0.088;0;-0.0884;0;0;0;0;0;0;0;0;0;0;0;0;0;0;0;0;0;0;0;0.0001;0;0;0;0;0.0004;0;0;0;0;0;0;0;-0.0004;-0.0884;0;0;0;0;0;0;0;0;0;-0.7063;0;0.7063;1;1;0;0;0;0
21/01/21 22:00;0;0;90;0;0;90;0;0;0;0;-0.0001;3.1801;0;0;0;0;0;0;0;0;0;0;0;0;0;1;1;1;1;0;0;0;0;0;0;0;0;0;0;0;0;0;0;0;0;0;0;0;0;0;0;0;0;0;0;0;0;0;0;0;0;0;0;0;1;1;1;1;1;1;1;1;1;1;1;1;1;1;1;1;1;1;1;0;0;0;0;0;0;0;0;0;0.0004;0.088;0;-0.0884;0;0;0;0;0;0;0;0;0;0;0;0;0;0;0;0;0;0;0;0.0001;0;0;0;0;0.0004;0;0;0;0;0;0;0;-0.0004;-0.0884;0;0;0;0;0;0;0;0;0;-0.7063;0;0.7063;1;1;0;0;0;0
21/01/21 23:00;0;0;90;0;0;90;0;0;0;0;-0.0001;4.2299;0;0;0;0;0;0;0;0;0;0;0;0;0;1;1;1;1;0;0;0;0;0;0;0;0;0;0;0;0;0;0;0;0;0;0;0;0;0;0;0;0;0;0;0;0;0;0;0;0;0;0;0;1;1;1;1;1;1;1;1;1;1;1;1;1;1;1;1;1;1;1;0;0;0;0;0;0;0;0;0;0.0004;0.088;0;-0.0884;0;0;0;0;0;0;0;0;0;0;0;0;0;0;0;0;0;0;0;0.0001;0;0;0;0;0.0004;0;0;0;0;0;0;0;-0.0004;-0.0884;0;0;0;0;0;0;0;0;0;-0.7063;0;0.7063;1;1;0;0;0;0
22/01/21 00:00;0;0;90;0;0;90;0;0;0;0;-0.0001;5.5701;0;0;0;0;0;0;0;0;0;0;0;0;0;1;1;1;1;0;0;0;0;0;0;0;0;0;0;0;0;0;0;0;0;0;0;0;0;0;0;0;0;0;0;0;0;0;0;0;0;0;0;0;1;1;1;1;1;1;1;1;1;1;1;1;1;1;1;1;1;1;1;0;0;0;0;0;0;0;0;0;0.0004;0.088;0;-0.0884;0;0;0;0;0;0;0;0;0;0;0;0;0;0;0;0;0;0;0;0.0001;0;0;0;0;0.0004;0;0;0;0;0;0;0;-0.0004;-0.0884;0;0;0;0;0;0;0;0;0;-0.7063;0;0.7063;1;1;0;0;0;0
22/01/21 01:00;0;0;90;0;0;90;0;0;0;0;-0.0001;5.9899;0;0;0;0;0;0;0;0;0;0;0;0;0;1;1;1;1;0;0;0;0;0;0;0;0;0;0;0;0;0;0;0;0;0;0;0;0;0;0;0;0;0;0;0;0;0;0;0;0;0;0;0;1;1;1;1;1;1;1;1;1;1;1;1;1;1;1;1;1;1;1;0;0;0;0;0;0;0;0;0;0.0004;0.088;0;-0.0884;0;0;0;0;0;0;0;0;0;0;0;0;0;0;0;0;0;0;0;0.0001;0;0;0;0;0.0004;0;0;0;0;0;0;0;-0.0004;-0.0884;0;0;0;0;0;0;0;0;0;-0.7063;0;0.7063;1;1;0;0;0;0
22/01/21 02:00;0;0;90;0;0;90;0;0;0;0;-0.0001;6.2801;0;0;0;0;0;0;0;0;0;0;0;0;0;1;1;1;1;0;0;0;0;0;0;0;0;0;0;0;0;0;0;0;0;0;0;0;0;0;0;0;0;0;0;0;0;0;0;0;0;0;0;0;1;1;1;1;1;1;1;1;1;1;1;1;1;1;1;1;1;1;1;0;0;0;0;0;0;0;0;0;0.0004;0.088;0;-0.0884;0;0;0;0;0;0;0;0;0;0;0;0;0;0;0;0;0;0;0;0.0001;0;0;0;0;0.0004;0;0;0;0;0;0;0;-0.0004;-0.0884;0;0;0;0;0;0;0;0;0;-0.7063;0;0.7063;1;1;0;0;0;0
22/01/21 03:00;0;0;90;0;0;90;0;0;0;0;-0.0001;5.9701;0;0;0;0;0;0;0;0;0;0;0;0;0;1;1;1;1;0;0;0;0;0;0;0;0;0;0;0;0;0;0;0;0;0;0;0;0;0;0;0;0;0;0;0;0;0;0;0;0;0;0;0;1;1;1;1;1;1;1;1;1;1;1;1;1;1;1;1;1;1;1;0;0;0;0;0;0;0;0;0;0.0004;0.088;0;-0.0884;0;0;0;0;0;0;0;0;0;0;0;0;0;0;0;0;0;0;0;0.0001;0;0;0;0;0.0004;0;0;0;0;0;0;0;-0.0004;-0.0884;0;0;0;0;0;0;0;0;0;-0.7063;0;0.7063;1;1;0;0;0;0
22/01/21 04:00;0;0;90;0;0;90;0;0;0;0;-0.0001;5.8901;0;0;0;0;0;0;0;0;0;0;0;0;0;1;1;1;1;0;0;0;0;0;0;0;0;0;0;0;0;0;0;0;0;0;0;0;0;0;0;0;0;0;0;0;0;0;0;0;0;0;0;0;1;1;1;1;1;1;1;1;1;1;1;1;1;1;1;1;1;1;1;0;0;0;0;0;0;0;0;0;0.0004;0.088;0;-0.0884;0;0;0;0;0;0;0;0;0;0;0;0;0;0;0;0;0;0;0;0.0001;0;0;0;0;0.0004;0;0;0;0;0;0;0;-0.0004;-0.0884;0;0;0;0;0;0;0;0;0;-0.7063;0;0.7063;1;1;0;0;0;0
22/01/21 05:00;4.6964;-110.66;78.547;5.0177;7.2291;-90;-7.2291;0;0;0;-0.0001;7.0999;0;0;0;0;0;0;0;0;0;0;0;0;0;1;1;1;1;0;0;0;0;0;0;0;0;0;0;0;0;0;0;0;0;0;0;0;0;0;0;0;0;0;0;0;0;0;0;0;0;0;0;0;1;1;1;1;1;1;1;1;1;1;1;1;1;1;1;1;1;1;1;0;0;0;0;0;0;0;0;0;0.0004;0.088;0;-0.0884;0;0;0;0;0;0;0;0;0;0;0;0;0;0;0;0;0;0;0;0.0001;0;0;0;0;0.0004;0;0;0;0;0;0;0;-0.0004;-0.0884;0;0;0;0;0;0;0;0;0;-0.7063;0;0.7063;1;1;0;0;0;0
22/01/21 06:00;15.247;-103.44;50.373;15.655;25.224;-90;-25.224;0;0;0;-0.0001;8.9001;0;0;0;0;0;0;0;0;0;0;0;0;0;1;1;1;1;0;0;0;0;0;0;0;0;0;0;0;0;0;0;0;0;0;0;0;0;0;0;0;0;0;0;0;0;0;0;0;0;0;0;0;1;1;1;1;1;1;1;1;1;1;1;1;1;1;1;1;1;1;1;0;0;0;0;0;0;0;0;0;0.0004;0.088;0;-0.0884;0;0;0;0;0;0;0;0;0;0;0;0;0;0;0;0;0;0;0;0.0001;0;0;0;0;0.0004;0;0;0;0;0;0;0;-0.0004;-0.0884;0;0;0;0;0;0;0;0;0;-0.7063;0;0.7063;1;1;0;0;0;0
22/01/21 07:00;27.336;-95.569;5.5639;27.447;60;-90;-60;0;0;0;-0.0001;9.2399;0;0;0;0;0;0;0;0;0;0;0;0;0;1;1;1;1;0;0;0;0;0;0;0;0;0;0;0;0;0;0;0;0;0;0;0;0;0;0;0;0;0;0;0;0;0;0;0;0;0;0;0;1;1;1;1;1;1;1;1;1;1;1;1;1;1;1;1;1;1;1;0;0;0;0;0;0;0;0;0;0.0004;0.088;0;-0.0884;0;0;0;0;0;0;0;0;0;0;0;0;0;0;0;0;0;0;0;0.0001;0;0;0;0;0.0004;0;0;0;0;0;0;0;-0.0004;-0.0884;0;0;0;0;0;0;0;0;0;-0.7063;0;0.7063;1;1;0;0;0;0
22/01/21 08:00;39.589;-87.093;2.2399;39.625;50.375;-90;-50.375;0;0;0;-0.0001;8.49;0;0;0;0;0;0;0;0;0;0;0;0;0;1;1;1;1;0;0;0;0;0;0;0;0;0;0;0;0;0;0;0;0;0;0;0;0;0;0;0;0;0;0;0;0;0;0;0;0;0;0;0;1;1;1;1;1;1;1;1;1;1;1;1;1;1;1;1;1;1;1;0;0;0;0;0;0;0;0;0;0.0004;0.088;0;-0.0884;0;0;0;0;0;0;0;0;0;0;0;0;0;0;0;0;0;0;0;0.0001;0;0;0;0;0.0004;0;0;0;0;0;0;0;-0.0004;-0.0884;0;0;0;0;0;0;0;0;0;-0.7063;0;0.7063;1;1;0;0;0;0
22/01/21 09:00;51.724;-76.648;8.2243;52.485;37.515;-90;-37.515;0;0;0;-0.0001;7.5601;0;0;0;0;0;0;0;0;0;0;0;0;0;1;1;1;1;0;0;0;0;0;0;0;0;0;0;0;0;0;0;0;0;0;0;0;0;0;0;0;0;0;0;0;0;0;0;0;0;0;0;0;1;1;1;1;1;1;1;1;1;1;1;1;1;1;1;1;1;1;1;0;0;0;0;0;0;0;0;0;0.0004;0.088;0;-0.0884;0;0;0;0;0;0;0;0;0;0;0;0;0;0;0;0;0;0;0;0.0001;0;0;0;0;0.0004;0;0;0;0;0;0;0;-0.0004;-0.0884;0;0;0;0;0;0;0;0;0;-0.7063;0;0.7063;1;1;0;0;0;0
22/01/21 10:00;63.18;-61.019;12.627;66.142;23.858;-90;-23.858;0;0;0;-0.0001;6.82;0;0;0;0;0;0;0;0;0;0;0;0;0;1;1;1;1;0;0;0;0;0;0;0;0;0;0;0;0;0;0;0;0;0;0;0;0;0;0;0;0;0;0;0;0;0;0;0;0;0;0;0;1;1;1;1;1;1;1;1;1;1;1;1;1;1;1;1;1;1;1;0;0;0;0;0;0;0;0;0;0.0004;0.088;0;-0.0884;0;0;0;0;0;0;0;0;0;0;0;0;0;0;0;0;0;0;0;0.0001;0;0;0;0;0.0004;0;0;0;0;0;0;0;-0.0004;-0.0884;0;0;0;0;0;0;0;0;0;-0.7063;0;0.7063;1;1;0;0;0;0
22/01/21 11:00;72.2;-31.512;15.106;80.474;9.5261;-90;-9.5261;0;0;0;-0.0001;6.33;0;0;0;0;0;0;0;0;0;0;0;0;0;1;1;1;1;0;0;0;0;0;0;0;0;0;0;0;0;0;0;0;0;0;0;0;0;0;0;0;0;0;0;0;0;0;0;0;0;0;0;0;1;1;1;1;1;1;1;1;1;1;1;1;1;1;1;1;1;1;1;0;0;0;0;0;0;0;0;0;0.0004;0.088;0;-0.0884;0;0;0;0;0;0;0;0;0;0;0;0;0;0;0;0;0;0;0;0.0001;0;0;0;0;0.0004;0;0;0;0;0;0;0;-0.0004;-0.0884;0;0;0;0;0;0;0;0;0;-0.7063;0;0.7063;1;1;0;0;0;0
22/01/21 12:00;73.754;17.908;15.438;84.88;5.12;90;5.12;0;0;0;-0.0001;6.0599;0;0;0;0;0;0;0;0;0;0;0;0;0;1;1;1;1;0;0;0;0;0;0;0;0;0;0;0;0;0;0;0;0;0;0;0;0;0;0;0;0;0;0;0;0;0;0;0;0;0;0;0;1;1;1;1;1;1;1;1;1;1;1;1;1;1;1;1;1;1;1;0;0;0;0;0;0;0;0;0;0.0004;0.088;0;-0.0884;0;0;0;0;0;0;0;0;0;0;0;0;0;0;0;0;0;0;0;0.0001;0;0;0;0;0.0004;0;0;0;0;0;0;0;-0.0004;-0.0884;0;0;0;0;0;0;0;0;0;-0.7063;0;0.7063;1;1;0;0;0;0
22/01/21 13:00;66.307;54.212;13.591;70.406;19.594;90;19.594;0;0;0;-0.0001;5.84;0;0;0;0;0;0;0;0;0;0;0;0;0;1;1;1;1;0;0;0;0;0;0;0;0;0;0;0;0;0;0;0;0;0;0;0;0;0;0;0;0;0;0;0;0;0;0;0;0;0;0;0;1;1;1;1;1;1;1;1;1;1;1;1;1;1;1;1;1;1;1;0;0;0;0;0;0;0;0;0;0.0004;0.088;0;-0.0884;0;0;0;0;0;0;0;0;0;0;0;0;0;0;0;0;0;0;0;0.0001;0;0;0;0;0.0004;0;0;0;0;0;0;0;-0.0004;-0.0884;0;0;0;0;0;0;0;0;0;-0.7063;0;0.7063;1;1;0;0;0;0
22/01/21 14:00;55.293;72.722;9.736;56.521;33.479;90;33.479;0;0;0;-0.0001;5.5601;0;0;0;0;0;0;0;0;0;0;0;0;0;1;1;1;1;0;0;0;0;0;0;0;0;0;0;0;0;0;0;0;0;0;0;0;0;0;0;0;0;0;0;0;0;0;0;0;0;0;0;0;1;1;1;1;1;1;1;1;1;1;1;1;1;1;1;1;1;1;1;0;0;0;0;0;0;0;0;0;0.0004;0.088;0;-0.0884;0;0;0;0;0;0;0;0;0;0;0;0;0;0;0;0;0;0;0;0.0001;0;0;0;0;0.0004;0;0;0;0;0;0;0;-0.0004;-0.0884;0;0;0;0;0;0;0;0;0;-0.7063;0;0.7063;1;1;0;0;0;0
22/01/21 15:00;43.278;84.242;4.1889;43.423;46.577;90;46.577;0;0;0;-0.0001;5.1899;0;0;0;0;0;0;0;0;0;0;0;0;0;1;1;1;1;0;0;0;0;0;0;0;0;0;0;0;0;0;0;0;0;0;0;0;0;0;0;0;0;0;0;0;0;0;0;0;0;0;0;0;1;1;1;1;1;1;1;1;1;1;1;1;1;1;1;1;1;1;1;0;0;0;0;0;0;0;0;0;0.0004;0.088;0;-0.0884;0;0;0;0;0;0;0;0;0;0;0;0;0;0;0;0;0;0;0;0.0001;0;0;0;0;0.0004;0;0;0;0;0;0;0;-0.0004;-0.0884;0;0;0;0;0;0;0;0;0;-0.7063;0;0.7063;1;1;0;0;0;0
22/01/21 16:00;31.026;93.121;2.674;31.063;58.937;90;58.937;0;0;0;-0.0001;4.6901;0;0;0;0;0;0;0;0;0;0;0;0;0;1;1;1;1;0;0;0;0;0;0;0;0;0;0;0;0;0;0;0;0;0;0;0;0;0;0;0;0;0;0;0;0;0;0;0;0;0;0;0;1;1;1;1;1;1;1;1;1;1;1;1;1;1;1;1;1;1;1;0;0;0;0;0;0;0;0;0;0.0004;0.088;0;-0.0884;0;0;0;0;0;0;0;0;0;0;0;0;0;0;0;0;0;0;0;0.0001;0;0;0;0;0.0004;0;0;0;0;0;0;0;-0.0004;-0.0884;0;0;0;0;0;0;0;0;0;-0.7063;0;0.7063;1;1;0;0;0;0
22/01/21 17:00;18.862;101.08;38.364;19.195;33.686;90;33.686;0;0;0;-0.0001;3.15;0;0;0;0;0;0;0;0;0;0;0;0;0;1;1;1;1;0;0;0;0;0;0;0;0;0;0;0;0;0;0;0;0;0;0;0;0;0;0;0;0;0;0;0;0;0;0;0;0;0;0;0;1;1;1;1;1;1;1;1;1;1;1;1;1;1;1;1;1;1;1;0;0;0;0;0;0;0;0;0;0.0004;0.088;0;-0.0884;0;0;0;0;0;0;0;0;0;0;0;0;0;0;0;0;0;0;0;0.0001;0;0;0;0;0.0004;0;0;0;0;0;0;0;-0.0004;-0.0884;0;0;0;0;0;0;0;0;0;-0.7063;0;0.7063;1;1;0;0;0;0
22/01/21 18:00;7.0231;109.01;72.75;7.4238;10.838;90;10.838;0;0;0;-0.0001;2.76;0;0;0;0;0;0;0;0;0;0;0;0;0;1;1;1;1;0;0;0;0;0;0;0;0;0;0;0;0;0;0;0;0;0;0;0;0;0;0;0;0;0;0;0;0;0;0;0;0;0;0;0;1;1;1;1;1;1;1;1;1;1;1;1;1;1;1;1;1;1;1;0;0;0;0;0;0;0;0;0;0.0004;0.088;0;-0.0884;0;0;0;0;0;0;0;0;0;0;0;0;0;0;0;0;0;0;0;0.0001;0;0;0;0;0.0004;0;0;0;0;0;0;0;-0.0004;-0.0884;0;0;0;0;0;0;0;0;0;-0.7063;0;0.7063;1;1;0;0;0;0
22/01/21 19:00;0.7377;113.6;88.211;0.805;1.1477;90;1.1477;0;0;0;-0.0001;2.74;0;0;0;0;0;0;0;0;0;0;0;0;0;1;1;1;1;0;0;0;0;0;0;0;0;0;0;0;0;0;0;0;0;0;0;0;0;0;0;0;0;0;0;0;0;0;0;0;0;0;0;0;1;1;1;1;1;1;1;1;1;1;1;1;1;1;1;1;1;1;1;0;0;0;0;0;0;0;0;0;0.0004;0.088;0;-0.0884;0;0;0;0;0;0;0;0;0;0;0;0;0;0;0;0;0;0;0;0.0001;0;0;0;0;0.0004;0;0;0;0;0;0;0;-0.0004;-0.0884;0;0;0;0;0;0;0;0;0;-0.7063;0;0.7063;1;1;0;0;0;0
22/01/21 20:00;0;0;90;0;0;90;0;0;0;0;-0.0001;2.75;0;0;0;0;0;0;0;0;0;0;0;0;0;1;1;1;1;0;0;0;0;0;0;0;0;0;0;0;0;0;0;0;0;0;0;0;0;0;0;0;0;0;0;0;0;0;0;0;0;0;0;0;1;1;1;1;1;1;1;1;1;1;1;1;1;1;1;1;1;1;1;0;0;0;0;0;0;0;0;0;0.0004;0.088;0;-0.0884;0;0;0;0;0;0;0;0;0;0;0;0;0;0;0;0;0;0;0;0.0001;0;0;0;0;0.0004;0;0;0;0;0;0;0;-0.0004;-0.0884;0;0;0;0;0;0;0;0;0;-0.7063;0;0.7063;1;1;0;0;0;0
22/01/21 21:00;0;0;90;0;0;90;0;0;0;0;-0.0001;2.67;0;0;0;0;0;0;0;0;0;0;0;0;0;1;1;1;1;0;0;0;0;0;0;0;0;0;0;0;0;0;0;0;0;0;0;0;0;0;0;0;0;0;0;0;0;0;0;0;0;0;0;0;1;1;1;1;1;1;1;1;1;1;1;1;1;1;1;1;1;1;1;0;0;0;0;0;0;0;0;0;0.0004;0.088;0;-0.0884;0;0;0;0;0;0;0;0;0;0;0;0;0;0;0;0;0;0;0;0.0001;0;0;0;0;0.0004;0;0;0;0;0;0;0;-0.0004;-0.0884;0;0;0;0;0;0;0;0;0;-0.7063;0;0.7063;1;1;0;0;0;0
22/01/21 22:00;0;0;90;0;0;90;0;0;0;0;-0.0001;2.3701;0;0;0;0;0;0;0;0;0;0;0;0;0;1;1;1;1;0;0;0;0;0;0;0;0;0;0;0;0;0;0;0;0;0;0;0;0;0;0;0;0;0;0;0;0;0;0;0;0;0;0;0;1;1;1;1;1;1;1;1;1;1;1;1;1;1;1;1;1;1;1;0;0;0;0;0;0;0;0;0;0.0004;0.088;0;-0.0884;0;0;0;0;0;0;0;0;0;0;0;0;0;0;0;0;0;0;0;0.0001;0;0;0;0;0.0004;0;0;0;0;0;0;0;-0.0004;-0.0884;0;0;0;0;0;0;0;0;0;-0.7063;0;0.7063;1;1;0;0;0;0
22/01/21 23:00;0;0;90;0;0;90;0;0;0;0;-0.0001;1.7501;0;0;0;0;0;0;0;0;0;0;0;0;0;1;1;1;1;0;0;0;0;0;0;0;0;0;0;0;0;0;0;0;0;0;0;0;0;0;0;0;0;0;0;0;0;0;0;0;0;0;0;0;1;1;1;1;1;1;1;1;1;1;1;1;1;1;1;1;1;1;1;0;0;0;0;0;0;0;0;0;0.0004;0.088;0;-0.0884;0;0;0;0;0;0;0;0;0;0;0;0;0;0;0;0;0;0;0;0.0001;0;0;0;0;0.0004;0;0;0;0;0;0;0;-0.0004;-0.0884;0;0;0;0;0;0;0;0;0;-0.7063;0;0.7063;1;1;0;0;0;0
23/01/21 00:00;0;0;90;0;0;90;0;0;0;0;-0.0001;0.75;0;0;0;0;0;0;0;0;0;0;0;0;0;1;1;1;1;0;0;0;0;0;0;0;0;0;0;0;0;0;0;0;0;0;0;0;0;0;0;0;0;0;0;0;0;0;0;0;0;0;0;0;1;1;1;1;1;1;1;1;1;1;1;1;1;1;1;1;1;1;1;0;0;0;0;0;0;0;0;0;0.0004;0.088;0;-0.0884;0;0;0;0;0;0;0;0;0;0;0;0;0;0;0;0;0;0;0;0.0001;0;0;0;0;0.0004;0;0;0;0;0;0;0;-0.0004;-0.0884;0;0;0;0;0;0;0;0;0;-0.7063;0;0.7063;1;1;0;0;0;0
23/01/21 01:00;0;0;90;0;0;90;0;0;0;0;-0.0001;1.39;0;0;0;0;0;0;0;0;0;0;0;0;0;1;1;1;1;0;0;0;0;0;0;0;0;0;0;0;0;0;0;0;0;0;0;0;0;0;0;0;0;0;0;0;0;0;0;0;0;0;0;0;1;1;1;1;1;1;1;1;1;1;1;1;1;1;1;1;1;1;1;0;0;0;0;0;0;0;0;0;0.0004;0.088;0;-0.0884;0;0;0;0;0;0;0;0;0;0;0;0;0;0;0;0;0;0;0;0.0001;0;0;0;0;0.0004;0;0;0;0;0;0;0;-0.0004;-0.0884;0;0;0;0;0;0;0;0;0;-0.7063;0;0.7063;1;1;0;0;0;0
23/01/21 02:00;0;0;90;0;0;90;0;0;0;0;-0.0001;2.5301;0;0;0;0;0;0;0;0;0;0;0;0;0;1;1;1;1;0;0;0;0;0;0;0;0;0;0;0;0;0;0;0;0;0;0;0;0;0;0;0;0;0;0;0;0;0;0;0;0;0;0;0;1;1;1;1;1;1;1;1;1;1;1;1;1;1;1;1;1;1;1;0;0;0;0;0;0;0;0;0;0.0004;0.088;0;-0.0884;0;0;0;0;0;0;0;0;0;0;0;0;0;0;0;0;0;0;0;0.0001;0;0;0;0;0.0004;0;0;0;0;0;0;0;-0.0004;-0.0884;0;0;0;0;0;0;0;0;0;-0.7063;0;0.7063;1;1;0;0;0;0
23/01/21 03:00;0;0;90;0;0;90;0;0;0;0;-0.0001;3.06;0;0;0;0;0;0;0;0;0;0;0;0;0;1;1;1;1;0;0;0;0;0;0;0;0;0;0;0;0;0;0;0;0;0;0;0;0;0;0;0;0;0;0;0;0;0;0;0;0;0;0;0;1;1;1;1;1;1;1;1;1;1;1;1;1;1;1;1;1;1;1;0;0;0;0;0;0;0;0;0;0.0004;0.088;0;-0.0884;0;0;0;0;0;0;0;0;0;0;0;0;0;0;0;0;0;0;0;0.0001;0;0;0;0;0.0004;0;0;0;0;0;0;0;-0.0004;-0.0884;0;0;0;0;0;0;0;0;0;-0.7063;0;0.7063;1;1;0;0;0;0
23/01/21 04:00;0;0;90;0;0;90;0;0;0;0;-0.0001;3.3301;0;0;0;0;0;0;0;0;0;0;0;0;0;1;1;1;1;0;0;0;0;0;0;0;0;0;0;0;0;0;0;0;0;0;0;0;0;0;0;0;0;0;0;0;0;0;0;0;0;0;0;0;1;1;1;1;1;1;1;1;1;1;1;1;1;1;1;1;1;1;1;0;0;0;0;0;0;0;0;0;0.0004;0.088;0;-0.0884;0;0;0;0;0;0;0;0;0;0;0;0;0;0;0;0;0;0;0;0.0001;0;0;0;0;0.0004;0;0;0;0;0;0;0;-0.0004;-0.0884;0;0;0;0;0;0;0;0;0;-0.7063;0;0.7063;1;1;0;0;0;0
23/01/21 05:00;4.5063;-110.51;79.015;4.8099;6.9236;-90;-6.9236;0;0;0;-0.0001;4.33;0;0;0;0;0;0;0;0;0;0;0;0;0;1;1;1;1;0;0;0;0;0;0;0;0;0;0;0;0;0;0;0;0;0;0;0;0;0;0;0;0;0;0;0;0;0;0;0;0;0;0;0;1;1;1;1;1;1;1;1;1;1;1;1;1;1;1;1;1;1;1;0;0;0;0;0;0;0;0;0;0.0004;0.088;0;-0.0884;0;0;0;0;0;0;0;0;0;0;0;0;0;0;0;0;0;0;0;0.0001;0;0;0;0;0.0004;0;0;0;0;0;0;0;-0.0004;-0.0884;0;0;0;0;0;0;0;0;0;-0.7063;0;0.7063;1;1;0;0;0;0
23/01/21 06:00;15.066;-103.27;50.921;15.46;24.817;-90;-24.817;0;0;0;-0.0001;4.27;0;0;0;0;0;0;0;0;0;0;0;0;0;1;1;1;1;0;0;0;0;0;0;0;0;0;0;0;0;0;0;0;0;0;0;0;0;0;0;0;0;0;0;0;0;0;0;0;0;0;0;0;1;1;1;1;1;1;1;1;1;1;1;1;1;1;1;1;1;1;1;0;0;0;0;0;0;0;0;0;0.0004;0.088;0;-0.0884;0;0;0;0;0;0;0;0;0;0;0;0;0;0;0;0;0;0;0;0.0001;0;0;0;0;0.0004;0;0;0;0;0;0;0;-0.0004;-0.0884;0;0;0;0;0;0;0;0;0;-0.7063;0;0.7063;1;1;0;0;0;0
23/01/21 07:00;27.161;-95.378;5.5087;27.264;60;-90;-60;0;0;0;-0.0001;4.66;0;0;0;0;0;0;0;0;0;0;0;0;0;1;1;1;1;0;0;0;0;0;0;0;0;0;0;0;0;0;0;0;0;0;0;0;0;0;0;0;0;0;0;0;0;0;0;0;0;0;0;0;1;1;1;1;1;1;1;1;1;1;1;1;1;1;1;1;1;1;1;0;0;0;0;0;0;0;0;0;0.0004;0.088;0;-0.0884;0;0;0;0;0;0;0;0;0;0;0;0;0;0;0;0;0;0;0;0.0001;0;0;0;0;0.0004;0;0;0;0;0;0;0;-0.0004;-0.0884;0;0;0;0;0;0;0;0;0;-0.7063;0;0.7063;1;1;0;0;0;0
23/01/21 08:00;39.415;-86.872;2.4165;39.457;50.543;-90;-50.543;0;0;0;-0.0001;4.91;0;0;0;0;0;0;0;0;0;0;0;0;0;1;1;1;1;0;0;0;0;0;0;0;0;0;0;0;0;0;0;0;0;0;0;0;0;0;0;0;0;0;0;0;0;0;0;0;0;0;0;0;1;1;1;1;1;1;1;1;1;1;1;1;1;1;1;1;1;1;1;0;0;0;0;0;0;0;0;0;0.0004;0.088;0;-0.0884;0;0;0;0;0;0;0;0;0;0;0;0;0;0;0;0;0;0;0;0.0001;0;0;0;0;0.0004;0;0;0;0;0;0;0;-0.0004;-0.0884;0;0;0;0;0;0;0;0;0;-0.7063;0;0.7063;1;1;0;0;0;0
23/01/21 09:00;51.543;-76.385;8.4181;52.336;37.664;-90;-37.664;0;0;0;-0.0001;4.9399;0;0;0;0;0;0;0;0;0;0;0;0;0;1;1;1;1;0;0;0;0;0;0;0;0;0;0;0;0;0;0;0;0;0;0;0;0;0;0;0;0;0;0;0;0;0;0;0;0;0;0;0;1;1;1;1;1;1;1;1;1;1;1;1;1;1;1;1;1;1;1;0;0;0;0;0;0;0;0;0;0.0004;0.088;0;-0.0884;0;0;0;0;0;0;0;0;0;0;0;0;0;0;0;0;0;0;0;0.0001;0;0;0;0;0.0004;0;0;0;0;0;0;0;-0.0004;-0.0884;0;0;0;0;0;0;0;0;0;-0.7063;0;0.7063;1;1;0;0;0;0
23/01/21 10:00;62.977;-60.72;12.839;66.018;23.982;-90;-23.982;0;0;0;-0.0001;5.0001;0;0;0;0;0;0;0;0;0;0;0;0;0;1;1;1;1;0;0;0;0;0;0;0;0;0;0;0;0;0;0;0;0;0;0;0;0;0;0;0;0;0;0;0;0;0;0;0;0;0;0;0;1;1;1;1;1;1;1;1;1;1;1;1;1;1;1;1;1;1;1;0;0;0;0;0;0;0;0;0;0.0004;0.088;0;-0.0884;0;0;0;0;0;0;0;0;0;0;0;0;0;0;0;0;0;0;0;0.0001;0;0;0;0;0.0004;0;0;0;0;0;0;0;-0.0004;-0.0884;0;0;0;0;0;0;0;0;0;-0.7063;0;0.7063;1;1;0;0;0;0
23/01/21 11:00;71.961;-31.356;15.334;80.382;9.6181;-90;-9.6181;0;0;0;-0.0001;5.0299;0;0;0;0;0;0;0;0;0;0;0;0;0;1;1;1;1;0;0;0;0;0;0;0;0;0;0;0;0;0;0;0;0;0;0;0;0;0;0;0;0;0;0;0;0;0;0;0;0;0;0;0;1;1;1;1;1;1;1;1;1;1;1;1;1;1;1;1;1;1;1;0;0;0;0;0;0;0;0;0;0.0004;0.088;0;-0.0884;0;0;0;0;0;0;0;0;0;0;0;0;0;0;0;0;0;0;0;0.0001;0;0;0;0;0.0004;0;0;0;0;0;0;0;-0.0004;-0.0884;0;0;0;0;0;0;0;0;0;-0.7063;0;0.7063;1;1;0;0;0;0
23/01/21 12:00;73.545;17.465;15.676;84.934;5.0656;90;5.0656;0;0;0;-0.0001;5.0199;0;0;0;0;0;0;0;0;0;0;0;0;0;1;1;1;1;0;0;0;0;0;0;0;0;0;0;0;0;0;0;0;0;0;0;0;0;0;0;0;0;0;0;0;0;0;0;0;0;0;0;0;1;1;1;1;1;1;1;1;1;1;1;1;1;1;1;1;1;1;1;0;0;0;0;0;0;0;0;0;0.0004;0.088;0;-0.0884;0;0;0;0;0;0;0;0;0;0;0;0;0;0;0;0;0;0;0;0.0001;0;0;0;0;0.0004;0;0;0;0;0;0;0;-0.0004;-0.0884;0;0;0;0;0;0;0;0;0;-0.7063;0;0.7063;1;1;0;0;0;0
23/01/21 13:00;66.185;53.687;13.834;70.422;19.578;90;19.578;0;0;0;-0.0001;4.9201;0;0;0;0;0;0;0;0;0;0;0;0;0;1;1;1;1;0;0;0;0;0;0;0;0;0;0;0;0;0;0;0;0;0;0;0;0;0;0;0;0;0;0;0;0;0;0;0;0;0;0;0;1;1;1;1;1;1;1;1;1;1;1;1;1;1;1;1;1;1;1;0;0;0;0;0;0;0;0;0;0.0004;0.088;0;-0.0884;0;0;0;0;0;0;0;0;0;0;0;0;0;0;0;0;0;0;0;0.0001;0;0;0;0;0.0004;0;0;0;0;0;0;0;-0.0004;-0.0884;0;0;0;0;0;0;0;0;0;-0.7063;0;0.7063;1;1;0;0;0;0
23/01/21 14:00;55.215;72.317;9.9792;56.503;33.497;90;33.497;0;0;0;-0.0001;4.65;0;0;0;0;0;0;0;0;0;0;0;0;0;1;1;1;1;0;0;0;0;0;0;0;0;0;0;0;0;0;0;0;0;0;0;0;0;0;0;0;0;0;0;0;0;0;0;0;0;0;0;0;1;1;1;1;1;1;1;1;1;1;1;1;1;1;1;1;1;1;1;0;0;0;0;0;0;0;0;0;0.0004;0.088;0;-0.0884;0;0;0;0;0;0;0;0;0;0;0;0;0;0;0;0;0;0;0;0.0001;0;0;0;0;0.0004;0;0;0;0;0;0;0;-0.0004;-0.0884;0;0;0;0;0;0;0;0;0;-0.7063;0;0.7063;1;1;0;0;0;0
23/01/21 15:00;43.216;83.918;4.4284;43.377;46.623;90;46.623;0;0;0;-0.0001;4.28;0;0;0;0;0;0;0;0;0;0;0;0;0;1;1;1;1;0;0;0;0;0;0;0;0;0;0;0;0;0;0;0;0;0;0;0;0;0;0;0;0;0;0;0;0;0;0;0;0;0;0;0;1;1;1;1;1;1;1;1;1;1;1;1;1;1;1;1;1;1;1;0;0;0;0;0;0;0;0;0;0.0004;0.088;0;-0.0884;0;0;0;0;0;0;0;0;0;0;0;0;0;0;0;0;0;0;0;0.0001;0;0;0;0;0.0004;0;0;0;0;0;0;0;-0.0004;-0.0884;0;0;0;0;0;0;0;0;0;-0.7063;0;0.7063;1;1;0;0;0;0
23/01/21 16:00;30.965;92.845;2.4396;30.996;59.004;90;59.004;0;0;0;-0.0001;3.7401;0;0;0;0;0;0;0;0;0;0;0;0;0;1;1;1;1;0;0;0;0;0;0;0;0;0;0;0;0;0;0;0;0;0;0;0;0;0;0;0;0;0;0;0;0;0;0;0;0;0;0;0;1;1;1;1;1;1;1;1;1;1;1;1;1;1;1;1;1;1;1;0;0;0;0;0;0;0;0;0;0.0004;0.088;0;-0.0884;0;0;0;0;0;0;0;0;0;0;0;0;0;0;0;0;0;0;0;0.0001;0;0;0;0;0.0004;0;0;0;0;0;0;0;-0.0004;-0.0884;0;0;0;0;0;0;0;0;0;-0.7063;0;0.7063;1;1;0;0;0;0
23/01/21 17:00;18.795;100.83;38.613;19.111;33.454;90;33.454;0;0;0;-0.0001;2.4799;0;0;0;0;0;0;0;0;0;0;0;0;0;1;1;1;1;0;0;0;0;0;0;0;0;0;0;0;0;0;0;0;0;0;0;0;0;0;0;0;0;0;0;0;0;0;0;0;0;0;0;0;1;1;1;1;1;1;1;1;1;1;1;1;1;1;1;1;1;1;1;0;0;0;0;0;0;0;0;0;0.0004;0.088;0;-0.0884;0;0;0;0;0;0;0;0;0;0;0;0;0;0;0;0;0;0;0;0.0001;0;0;0;0;0.0004;0;0;0;0;0;0;0;-0.0004;-0.0884;0;0;0;0;0;0;0;0;0;-0.7063;0;0.7063;1;1;0;0;0;0
23/01/21 18:00;6.9424;108.78;72.954;7.3285;10.692;90;10.692;0;0;0;-0.0001;1.9999;0;0;0;0;0;0;0;0;0;0;0;0;0;1;1;1;1;0;0;0;0;0;0;0;0;0;0;0;0;0;0;0;0;0;0;0;0;0;0;0;0;0;0;0;0;0;0;0;0;0;0;0;1;1;1;1;1;1;1;1;1;1;1;1;1;1;1;1;1;1;1;0;0;0;0;0;0;0;0;0;0.0004;0.088;0;-0.0884;0;0;0;0;0;0;0;0;0;0;0;0;0;0;0;0;0;0;0;0.0001;0;0;0;0;0.0004;0;0;0;0;0;0;0;-0.0004;-0.0884;0;0;0;0;0;0;0;0;0;-0.7063;0;0.7063;1;1;0;0;0;0
23/01/21 19:00;0.6473;113.37;88.43;0.7051;1.0052;90;1.0052;0;0;0;-0.0001;1.65;0;0;0;0;0;0;0;0;0;0;0;0;0;1;1;1;1;0;0;0;0;0;0;0;0;0;0;0;0;0;0;0;0;0;0;0;0;0;0;0;0;0;0;0;0;0;0;0;0;0;0;0;1;1;1;1;1;1;1;1;1;1;1;1;1;1;1;1;1;1;1;0;0;0;0;0;0;0;0;0;0.0004;0.088;0;-0.0884;0;0;0;0;0;0;0;0;0;0;0;0;0;0;0;0;0;0;0;0.0001;0;0;0;0;0.0004;0;0;0;0;0;0;0;-0.0004;-0.0884;0;0;0;0;0;0;0;0;0;-0.7063;0;0.7063;1;1;0;0;0;0
23/01/21 20:00;0;0;90;0;0;90;0;0;0;0;-0.0001;1.1801;0;0;0;0;0;0;0;0;0;0;0;0;0;1;1;1;1;0;0;0;0;0;0;0;0;0;0;0;0;0;0;0;0;0;0;0;0;0;0;0;0;0;0;0;0;0;0;0;0;0;0;0;1;1;1;1;1;1;1;1;1;1;1;1;1;1;1;1;1;1;1;0;0;0;0;0;0;0;0;0;0.0004;0.088;0;-0.0884;0;0;0;0;0;0;0;0;0;0;0;0;0;0;0;0;0;0;0;0.0001;0;0;0;0;0.0004;0;0;0;0;0;0;0;-0.0004;-0.0884;0;0;0;0;0;0;0;0;0;-0.7063;0;0.7063;1;1;0;0;0;0
23/01/21 21:00;0;0;90;0;0;90;0;0;0;0;-0.0001;0.7199;0;0;0;0;0;0;0;0;0;0;0;0;0;1;1;1;1;0;0;0;0;0;0;0;0;0;0;0;0;0;0;0;0;0;0;0;0;0;0;0;0;0;0;0;0;0;0;0;0;0;0;0;1;1;1;1;1;1;1;1;1;1;1;1;1;1;1;1;1;1;1;0;0;0;0;0;0;0;0;0;0.0004;0.088;0;-0.0884;0;0;0;0;0;0;0;0;0;0;0;0;0;0;0;0;0;0;0;0.0001;0;0;0;0;0.0004;0;0;0;0;0;0;0;-0.0004;-0.0884;0;0;0;0;0;0;0;0;0;-0.7063;0;0.7063;1;1;0;0;0;0
23/01/21 22:00;0;0;90;0;0;90;0;0;0;0;-0.0001;0.9;0;0;0;0;0;0;0;0;0;0;0;0;0;1;1;1;1;0;0;0;0;0;0;0;0;0;0;0;0;0;0;0;0;0;0;0;0;0;0;0;0;0;0;0;0;0;0;0;0;0;0;0;1;1;1;1;1;1;1;1;1;1;1;1;1;1;1;1;1;1;1;0;0;0;0;0;0;0;0;0;0.0004;0.088;0;-0.0884;0;0;0;0;0;0;0;0;0;0;0;0;0;0;0;0;0;0;0;0.0001;0;0;0;0;0.0004;0;0;0;0;0;0;0;-0.0004;-0.0884;0;0;0;0;0;0;0;0;0;-0.7063;0;0.7063;1;1;0;0;0;0
23/01/21 23:00;0;0;90;0;0;90;0;0;0;0;-0.0001;1.7501;0;0;0;0;0;0;0;0;0;0;0;0;0;1;1;1;1;0;0;0;0;0;0;0;0;0;0;0;0;0;0;0;0;0;0;0;0;0;0;0;0;0;0;0;0;0;0;0;0;0;0;0;1;1;1;1;1;1;1;1;1;1;1;1;1;1;1;1;1;1;1;0;0;0;0;0;0;0;0;0;0.0004;0.088;0;-0.0884;0;0;0;0;0;0;0;0;0;0;0;0;0;0;0;0;0;0;0;0.0001;0;0;0;0;0.0004;0;0;0;0;0;0;0;-0.0004;-0.0884;0;0;0;0;0;0;0;0;0;-0.7063;0;0.7063;1;1;0;0;0;0
24/01/21 00:00;0;0;90;0;0;90;0;0;0;0;-0.0001;2.67;0;0;0;0;0;0;0;0;0;0;0;0;0;1;1;1;1;0;0;0;0;0;0;0;0;0;0;0;0;0;0;0;0;0;0;0;0;0;0;0;0;0;0;0;0;0;0;0;0;0;0;0;1;1;1;1;1;1;1;1;1;1;1;1;1;1;1;1;1;1;1;0;0;0;0;0;0;0;0;0;0.0004;0.088;0;-0.0884;0;0;0;0;0;0;0;0;0;0;0;0;0;0;0;0;0;0;0;0.0001;0;0;0;0;0.0004;0;0;0;0;0;0;0;-0.0004;-0.0884;0;0;0;0;0;0;0;0;0;-0.7063;0;0.7063;1;1;0;0;0;0
24/01/21 01:00;0;0;90;0;0;90;0;0;0;0;-0.0001;3.31;0;0;0;0;0;0;0;0;0;0;0;0;0;1;1;1;1;0;0;0;0;0;0;0;0;0;0;0;0;0;0;0;0;0;0;0;0;0;0;0;0;0;0;0;0;0;0;0;0;0;0;0;1;1;1;1;1;1;1;1;1;1;1;1;1;1;1;1;1;1;1;0;0;0;0;0;0;0;0;0;0.0004;0.088;0;-0.0884;0;0;0;0;0;0;0;0;0;0;0;0;0;0;0;0;0;0;0;0.0001;0;0;0;0;0.0004;0;0;0;0;0;0;0;-0.0004;-0.0884;0;0;0;0;0;0;0;0;0;-0.7063;0;0.7063;1;1;0;0;0;0
24/01/21 02:00;0;0;90;0;0;90;0;0;0;0;-0.0001;3.54;0;0;0;0;0;0;0;0;0;0;0;0;0;1;1;1;1;0;0;0;0;0;0;0;0;0;0;0;0;0;0;0;0;0;0;0;0;0;0;0;0;0;0;0;0;0;0;0;0;0;0;0;1;1;1;1;1;1;1;1;1;1;1;1;1;1;1;1;1;1;1;0;0;0;0;0;0;0;0;0;0.0004;0.088;0;-0.0884;0;0;0;0;0;0;0;0;0;0;0;0;0;0;0;0;0;0;0;0.0001;0;0;0;0;0.0004;0;0;0;0;0;0;0;-0.0004;-0.0884;0;0;0;0;0;0;0;0;0;-0.7063;0;0.7063;1;1;0;0;0;0
24/01/21 03:00;0;0;90;0;0;90;0;0;0;0;-0.0001;3.48;0;0;0;0;0;0;0;0;0;0;0;0;0;1;1;1;1;0;0;0;0;0;0;0;0;0;0;0;0;0;0;0;0;0;0;0;0;0;0;0;0;0;0;0;0;0;0;0;0;0;0;0;1;1;1;1;1;1;1;1;1;1;1;1;1;1;1;1;1;1;1;0;0;0;0;0;0;0;0;0;0.0004;0.088;0;-0.0884;0;0;0;0;0;0;0;0;0;0;0;0;0;0;0;0;0;0;0;0.0001;0;0;0;0;0.0004;0;0;0;0;0;0;0;-0.0004;-0.0884;0;0;0;0;0;0;0;0;0;-0.7063;0;0.7063;1;1;0;0;0;0
24/01/21 04:00;0;0;90;0;0;90;0;0;0;0;-0.0001;3.31;0;0;0;0;0;0;0;0;0;0;0;0;0;1;1;1;1;0;0;0;0;0;0;0;0;0;0;0;0;0;0;0;0;0;0;0;0;0;0;0;0;0;0;0;0;0;0;0;0;0;0;0;1;1;1;1;1;1;1;1;1;1;1;1;1;1;1;1;1;1;1;0;0;0;0;0;0;0;0;0;0.0004;0.088;0;-0.0884;0;0;0;0;0;0;0;0;0;0;0;0;0;0;0;0;0;0;0;0.0001;0;0;0;0;0.0004;0;0;0;0;0;0;0;-0.0004;-0.0884;0;0;0;0;0;0;0;0;0;-0.7063;0;0.7063;1;1;0;0;0;0
24/01/21 05:00;4.5066;-110.21;79.014;4.801;6.9106;-90;-6.9106;0;0;0;-0.0001;3.9001;0;0;0;0;0;0;0;0;0;0;0;0;0;1;1;1;1;0;0;0;0;0;0;0;0;0;0;0;0;0;0;0;0;0;0;0;0;0;0;0;0;0;0;0;0;0;0;0;0;0;0;0;1;1;1;1;1;1;1;1;1;1;1;1;1;1;1;1;1;1;1;0;0;0;0;0;0;0;0;0;0.0004;0.088;0;-0.0884;0;0;0;0;0;0;0;0;0;0;0;0;0;0;0;0;0;0;0;0.0001;0;0;0;0;0.0004;0;0;0;0;0;0;0;-0.0004;-0.0884;0;0;0;0;0;0;0;0;0;-0.7063;0;0.7063;1;1;0;0;0;0
24/01/21 06:00;14.883;-103.1;51.469;15.263;24.413;-90;-24.413;0;0;0;-0.0001;3.64;0;0;0;0;0;0;0;0;0;0;0;0;0;1;1;1;1;0;0;0;0;0;0;0;0;0;0;0;0;0;0;0;0;0;0;0;0;0;0;0;0;0;0;0;0;0;0;0;0;0;0;0;1;1;1;1;1;1;1;1;1;1;1;1;1;1;1;1;1;1;1;0;0;0;0;0;0;0;0;0;0.0004;0.088;0;-0.0884;0;0;0;0;0;0;0;0;0;0;0;0;0;0;0;0;0;0;0;0.0001;0;0;0;0;0.0004;0;0;0;0;0;0;0;-0.0004;-0.0884;0;0;0;0;0;0;0;0;0;-0.7063;0;0.7063;1;1;0;0;0;0
24/01/21 07:00;26.985;-95.18;5.459;27.08;60;-90;-60;0;0;0;-0.0001;5.5799;0;0;0;0;0;0;0;0;0;0;0;0;0;1;1;1;1;0;0;0;0;0;0;0;0;0;0;0;0;0;0;0;0;0;0;0;0;0;0;0;0;0;0;0;0;0;0;0;0;0;0;0;1;1;1;1;1;1;1;1;1;1;1;1;1;1;1;1;1;1;1;0;0;0;0;0;0;0;0;0;0.0004;0.088;0;-0.0884;0;0;0;0;0;0;0;0;0;0;0;0;0;0;0;0;0;0;0;0.0001;0;0;0;0;0.0004;0;0;0;0;0;0;0;-0.0004;-0.0884;0;0;0;0;0;0;0;0;0;-0.7063;0;0.7063;1;1;0;0;0;0
24/01/21 08:00;39.24;-86.643;2.5995;39.288;50.712;-90;-50.712;0;0;0;-0.0001;6.3701;0;0;0;0;0;0;0;0;0;0;0;0;0;1;1;1;1;0;0;0;0;0;0;0;0;0;0;0;0;0;0;0;0;0;0;0;0;0;0;0;0;0;0;0;0;0;0;0;0;0;0;0;1;1;1;1;1;1;1;1;1;1;1;1;1;1;1;1;1;1;1;0;0;0;0;0;0;0;0;0;0.0004;0.088;0;-0.0884;0;0;0;0;0;0;0;0;0;0;0;0;0;0;0;0;0;0;0;0.0001;0;0;0;0;0.0004;0;0;0;0;0;0;0;-0.0004;-0.0884;0;0;0;0;0;0;0;0;0;-0.7063;0;0.7063;1;1;0;0;0;0
24/01/21 09:00;51.36;-76.115;8.6182;52.186;37.814;-90;-37.814;0;0;0;-0.0001;6.2299;0;0;0;0;0;0;0;0;0;0;0;0;0;1;1;1;1;0;0;0;0;0;0;0;0;0;0;0;0;0;0;0;0;0;0;0;0;0;0;0;0;0;0;0;0;0;0;0;0;0;0;0;1;1;1;1;1;1;1;1;1;1;1;1;1;1;1;1;1;1;1;0;0;0;0;0;0;0;0;0;0.0004;0.088;0;-0.0884;0;0;0;0;0;0;0;0;0;0;0;0;0;0;0;0;0;0;0;0.0001;0;0;0;0;0.0004;0;0;0;0;0;0;0;-0.0004;-0.0884;0;0;0;0;0;0;0;0;0;-0.7063;0;0.7063;1;1;0;0;0;0
24/01/21 10:00;62.772;-60.412;13.057;65.894;24.106;-90;-24.106;0;0;0;-0.0001;6.01;0;0;0;0;0;0;0;0;0;0;0;0;0;1;1;1;1;0;0;0;0;0;0;0;0;0;0;0;0;0;0;0;0;0;0;0;0;0;0;0;0;0;0;0;0;0;0;0;0;0;0;0;1;1;1;1;1;1;1;1;1;1;1;1;1;1;1;1;1;1;1;0;0;0;0;0;0;0;0;0;0.0004;0.088;0;-0.0884;0;0;0;0;0;0;0;0;0;0;0;0;0;0;0;0;0;0;0;0.0001;0;0;0;0;0.0004;0;0;0;0;0;0;0;-0.0004;-0.0884;0;0;0;0;0;0;0;0;0;-0.7063;0;0.7063;1;1;0;0;0;0
24/01/21 11:00;71.718;-31.187;15.567;80.292;9.7081;-90;-9.7081;0;0;0;-0.0001;5.78;0;0;0;0;0;0;0;0;0;0;0;0;0;1;1;1;1;0;0;0;0;0;0;0;0;0;0;0;0;0;0;0;0;0;0;0;0;0;0;0;0;0;0;0;0;0;0;0;0;0;0;0;1;1;1;1;1;1;1;1;1;1;1;1;1;1;1;1;1;1;1;0;0;0;0;0;0;0;0;0;0.0004;0.088;0;-0.0884;0;0;0;0;0;0;0;0;0;0;0;0;0;0;0;0;0;0;0;0.0001;0;0;0;0;0.0004;0;0;0;0;0;0;0;-0.0004;-0.0884;0;0;0;0;0;0;0;0;0;-0.7063;0;0.7063;1;1;0;0;0;0
24/01/21 12:00;73.328;17.036;15.92;84.986;5.0142;90;5.0142;0;0;0;-0.0001;5.55;0;0;0;0;0;0;0;0;0;0;0;0;0;1;1;1;1;0;0;0;0;0;0;0;0;0;0;0;0;0;0;0;0;0;0;0;0;0;0;0;0;0;0;0;0;0;0;0;0;0;0;0;1;1;1;1;1;1;1;1;1;1;1;1;1;1;1;1;1;1;1;0;0;0;0;0;0;0;0;0;0.0004;0.088;0;-0.0884;0;0;0;0;0;0;0;0;0;0;0;0;0;0;0;0;0;0;0;0.0001;0;0;0;0;0.0004;0;0;0;0;0;0;0;-0.0004;-0.0884;0;0;0;0;0;0;0;0;0;-0.7063;0;0.7063;1;1;0;0;0;0
24/01/21 13:00;66.056;53.162;14.083;70.435;19.565;90;19.565;0;0;0;-0.0001;5.2501;0;0;0;0;0;0;0;0;0;0;0;0;0;1;1;1;1;0;0;0;0;0;0;0;0;0;0;0;0;0;0;0;0;0;0;0;0;0;0;0;0;0;0;0;0;0;0;0;0;0;0;0;1;1;1;1;1;1;1;1;1;1;1;1;1;1;1;1;1;1;1;0;0;0;0;0;0;0;0;0;0.0004;0.088;0;-0.0884;0;0;0;0;0;0;0;0;0;0;0;0;0;0;0;0;0;0;0;0.0001;0;0;0;0;0.0004;0;0;0;0;0;0;0;-0.0004;-0.0884;0;0;0;0;0;0;0;0;0;-0.7063;0;0.7063;1;1;0;0;0;0
24/01/21 14:00;55.13;71.907;10.227;56.481;33.519;90;33.519;0;0;0;-0.0001;4.7701;0;0;0;0;0;0;0;0;0;0;0;0;0;1;1;1;1;0;0;0;0;0;0;0;0;0;0;0;0;0;0;0;0;0;0;0;0;0;0;0;0;0;0;0;0;0;0;0;0;0;0;0;1;1;1;1;1;1;1;1;1;1;1;1;1;1;1;1;1;1;1;0;0;0;0;0;0;0;0;0;0.0004;0.088;0;-0.0884;0;0;0;0;0;0;0;0;0;0;0;0;0;0;0;0;0;0;0;0.0001;0;0;0;0;0.0004;0;0;0;0;0;0;0;-0.0004;-0.0884;0;0;0;0;0;0;0;0;0;-0.7063;0;0.7063;1;1;0;0;0;0
24/01/21 15:00;43.147;83.59;4.672;43.326;46.674;90;46.674;0;0;0;-0.0001;4.2101;0;0;0;0;0;0;0;0;0;0;0;0;0;1;1;1;1;0;0;0;0;0;0;0;0;0;0;0;0;0;0;0;0;0;0;0;0;0;0;0;0;0;0;0;0;0;0;0;0;0;0;0;1;1;1;1;1;1;1;1;1;1;1;1;1;1;1;1;1;1;1;0;0;0;0;0;0;0;0;0;0.0004;0.088;0;-0.0884;0;0;0;0;0;0;0;0;0;0;0;0;0;0;0;0;0;0;0;0.0001;0;0;0;0;0.0004;0;0;0;0;0;0;0;-0.0004;-0.0884;0;0;0;0;0;0;0;0;0;-0.7063;0;0.7063;1;1;0;0;0;0
24/01/21 16:00;30.898;92.566;2.2016;30.923;59.077;90;59.077;0;0;0;-0.0001;3.71;0;0;0;0;0;0;0;0;0;0;0;0;0;1;1;1;1;0;0;0;0;0;0;0;0;0;0;0;0;0;0;0;0;0;0;0;0;0;0;0;0;0;0;0;0;0;0;0;0;0;0;0;1;1;1;1;1;1;1;1;1;1;1;1;1;1;1;1;1;1;1;0;0;0;0;0;0;0;0;0;0.0004;0.088;0;-0.0884;0;0;0;0;0;0;0;0;0;0;0;0;0;0;0;0;0;0;0;0.0001;0;0;0;0;0.0004;0;0;0;0;0;0;0;-0.0004;-0.0884;0;0;0;0;0;0;0;0;0;-0.7063;0;0.7063;1;1;0;0;0;0
24/01/21 17:00;18.722;100.58;38.882;19.022;33.208;90;33.208;0;0;0;-0.0001;2.5499;0;0;0;0;0;0;0;0;0;0;0;0;0;1;1;1;1;0;0;0;0;0;0;0;0;0;0;0;0;0;0;0;0;0;0;0;0;0;0;0;0;0;0;0;0;0;0;0;0;0;0;0;1;1;1;1;1;1;1;1;1;1;1;1;1;1;1;1;1;1;1;0;0;0;0;0;0;0;0;0;0.0004;0.088;0;-0.0884;0;0;0;0;0;0;0;0;0;0;0;0;0;0;0;0;0;0;0;0.0001;0;0;0;0;0.0004;0;0;0;0;0;0;0;-0.0004;-0.0884;0;0;0;0;0;0;0;0;0;-0.7063;0;0.7063;1;1;0;0;0;0
24/01/21 18:00;6.856;108.54;73.171;7.2275;10.538;90;10.538;0;0;0;-0.0001;2.3801;0;0;0;0;0;0;0;0;0;0;0;0;0;1;1;1;1;0;0;0;0;0;0;0;0;0;0;0;0;0;0;0;0;0;0;0;0;0;0;0;0;0;0;0;0;0;0;0;0;0;0;0;1;1;1;1;1;1;1;1;1;1;1;1;1;1;1;1;1;1;1;0;0;0;0;0;0;0;0;0;0.0004;0.088;0;-0.0884;0;0;0;0;0;0;0;0;0;0;0;0;0;0;0;0;0;0;0;0.0001;0;0;0;0;0.0004;0;0;0;0;0;0;0;-0.0004;-0.0884;0;0;0;0;0;0;0;0;0;-0.7063;0;0.7063;1;1;0;0;0;0
24/01/21 19:00;0.5511;113.14;88.663;0.5993;0.8543;90;0.8543;0;0;0;-0.0001;2.6101;0;0;0;0;0;0;0;0;0;0;0;0;0;1;1;1;1;0;0;0;0;0;0;0;0;0;0;0;0;0;0;0;0;0;0;0;0;0;0;0;0;0;0;0;0;0;0;0;0;0;0;0;1;1;1;1;1;1;1;1;1;1;1;1;1;1;1;1;1;1;1;0;0;0;0;0;0;0;0;0;0.0004;0.088;0;-0.0884;0;0;0;0;0;0;0;0;0;0;0;0;0;0;0;0;0;0;0;0.0001;0;0;0;0;0.0004;0;0;0;0;0;0;0;-0.0004;-0.0884;0;0;0;0;0;0;0;0;0;-0.7063;0;0.7063;1;1;0;0;0;0
24/01/21 20:00;0;0;90;0;0;90;0;0;0;0;-0.0001;2.84;0;0;0;0;0;0;0;0;0;0;0;0;0;1;1;1;1;0;0;0;0;0;0;0;0;0;0;0;0;0;0;0;0;0;0;0;0;0;0;0;0;0;0;0;0;0;0;0;0;0;0;0;1;1;1;1;1;1;1;1;1;1;1;1;1;1;1;1;1;1;1;0;0;0;0;0;0;0;0;0;0.0004;0.088;0;-0.0884;0;0;0;0;0;0;0;0;0;0;0;0;0;0;0;0;0;0;0;0.0001;0;0;0;0;0.0004;0;0;0;0;0;0;0;-0.0004;-0.0884;0;0;0;0;0;0;0;0;0;-0.7063;0;0.7063;1;1;0;0;0;0
24/01/21 21:00;0;0;90;0;0;90;0;0;0;0;-0.0001;3.0299;0;0;0;0;0;0;0;0;0;0;0;0;0;1;1;1;1;0;0;0;0;0;0;0;0;0;0;0;0;0;0;0;0;0;0;0;0;0;0;0;0;0;0;0;0;0;0;0;0;0;0;0;1;1;1;1;1;1;1;1;1;1;1;1;1;1;1;1;1;1;1;0;0;0;0;0;0;0;0;0;0.0004;0.088;0;-0.0884;0;0;0;0;0;0;0;0;0;0;0;0;0;0;0;0;0;0;0;0.0001;0;0;0;0;0.0004;0;0;0;0;0;0;0;-0.0004;-0.0884;0;0;0;0;0;0;0;0;0;-0.7063;0;0.7063;1;1;0;0;0;0
24/01/21 22:00;0;0;90;0;0;90;0;0;0;0;-0.0001;3.14;0;0;0;0;0;0;0;0;0;0;0;0;0;1;1;1;1;0;0;0;0;0;0;0;0;0;0;0;0;0;0;0;0;0;0;0;0;0;0;0;0;0;0;0;0;0;0;0;0;0;0;0;1;1;1;1;1;1;1;1;1;1;1;1;1;1;1;1;1;1;1;0;0;0;0;0;0;0;0;0;0.0004;0.088;0;-0.0884;0;0;0;0;0;0;0;0;0;0;0;0;0;0;0;0;0;0;0;0.0001;0;0;0;0;0.0004;0;0;0;0;0;0;0;-0.0004;-0.0884;0;0;0;0;0;0;0;0;0;-0.7063;0;0.7063;1;1;0;0;0;0
24/01/21 23:00;0;0;90;0;0;90;0;0;0;0;-0.0001;3.23;0;0;0;0;0;0;0;0;0;0;0;0;0;1;1;1;1;0;0;0;0;0;0;0;0;0;0;0;0;0;0;0;0;0;0;0;0;0;0;0;0;0;0;0;0;0;0;0;0;0;0;0;1;1;1;1;1;1;1;1;1;1;1;1;1;1;1;1;1;1;1;0;0;0;0;0;0;0;0;0;0.0004;0.088;0;-0.0884;0;0;0;0;0;0;0;0;0;0;0;0;0;0;0;0;0;0;0;0.0001;0;0;0;0;0.0004;0;0;0;0;0;0;0;-0.0004;-0.0884;0;0;0;0;0;0;0;0;0;-0.7063;0;0.7063;1;1;0;0;0;0
25/01/21 00:00;0;0;90;0;0;90;0;0;0;0;-0.0001;3.24;0;0;0;0;0;0;0;0;0;0;0;0;0;1;1;1;1;0;0;0;0;0;0;0;0;0;0;0;0;0;0;0;0;0;0;0;0;0;0;0;0;0;0;0;0;0;0;0;0;0;0;0;1;1;1;1;1;1;1;1;1;1;1;1;1;1;1;1;1;1;1;0;0;0;0;0;0;0;0;0;0.0004;0.088;0;-0.0884;0;0;0;0;0;0;0;0;0;0;0;0;0;0;0;0;0;0;0;0.0001;0;0;0;0;0.0004;0;0;0;0;0;0;0;-0.0004;-0.0884;0;0;0;0;0;0;0;0;0;-0.7063;0;0.7063;1;1;0;0;0;0
25/01/21 01:00;0;0;90;0;0;90;0;0;0;0;-0.0001;3.21;0;0;0;0;0;0;0;0;0;0;0;0;0;1;1;1;1;0;0;0;0;0;0;0;0;0;0;0;0;0;0;0;0;0;0;0;0;0;0;0;0;0;0;0;0;0;0;0;0;0;0;0;1;1;1;1;1;1;1;1;1;1;1;1;1;1;1;1;1;1;1;0;0;0;0;0;0;0;0;0;0.0004;0.088;0;-0.0884;0;0;0;0;0;0;0;0;0;0;0;0;0;0;0;0;0;0;0;0.0001;0;0;0;0;0.0004;0;0;0;0;0;0;0;-0.0004;-0.0884;0;0;0;0;0;0;0;0;0;-0.7063;0;0.7063;1;1;0;0;0;0
25/01/21 02:00;0;0;90;0;0;90;0;0;0;0;-0.0001;3.2501;0;0;0;0;0;0;0;0;0;0;0;0;0;1;1;1;1;0;0;0;0;0;0;0;0;0;0;0;0;0;0;0;0;0;0;0;0;0;0;0;0;0;0;0;0;0;0;0;0;0;0;0;1;1;1;1;1;1;1;1;1;1;1;1;1;1;1;1;1;1;1;0;0;0;0;0;0;0;0;0;0.0004;0.088;0;-0.0884;0;0;0;0;0;0;0;0;0;0;0;0;0;0;0;0;0;0;0;0.0001;0;0;0;0;0.0004;0;0;0;0;0;0;0;-0.0004;-0.0884;0;0;0;0;0;0;0;0;0;-0.7063;0;0.7063;1;1;0;0;0;0
25/01/21 03:00;0;0;90;0;0;90;0;0;0;0;-0.0001;3.2699;0;0;0;0;0;0;0;0;0;0;0;0;0;1;1;1;1;0;0;0;0;0;0;0;0;0;0;0;0;0;0;0;0;0;0;0;0;0;0;0;0;0;0;0;0;0;0;0;0;0;0;0;1;1;1;1;1;1;1;1;1;1;1;1;1;1;1;1;1;1;1;0;0;0;0;0;0;0;0;0;0.0004;0.088;0;-0.0884;0;0;0;0;0;0;0;0;0;0;0;0;0;0;0;0;0;0;0;0.0001;0;0;0;0;0.0004;0;0;0;0;0;0;0;-0.0004;-0.0884;0;0;0;0;0;0;0;0;0;-0.7063;0;0.7063;1;1;0;0;0;0
25/01/21 04:00;0;0;90;0;0;90;0;0;0;0;-0.0001;3.37;0;0;0;0;0;0;0;0;0;0;0;0;0;1;1;1;1;0;0;0;0;0;0;0;0;0;0;0;0;0;0;0;0;0;0;0;0;0;0;0;0;0;0;0;0;0;0;0;0;0;0;0;1;1;1;1;1;1;1;1;1;1;1;1;1;1;1;1;1;1;1;0;0;0;0;0;0;0;0;0;0.0004;0.088;0;-0.0884;0;0;0;0;0;0;0;0;0;0;0;0;0;0;0;0;0;0;0;0.0001;0;0;0;0;0.0004;0;0;0;0;0;0;0;-0.0004;-0.0884;0;0;0;0;0;0;0;0;0;-0.7063;0;0.7063;1;1;0;0;0;0
25/01/21 05:00;4.3141;-110.05;79.488;4.5912;6.6029;-90;-6.6029;0;0;0;-0.0001;4.2299;0;0;0;0;0;0;0;0;0;0;0;0;0;1;1;1;1;0;0;0;0;0;0;0;0;0;0;0;0;0;0;0;0;0;0;0;0;0;0;0;0;0;0;0;0;0;0;0;0;0;0;0;1;1;1;1;1;1;1;1;1;1;1;1;1;1;1;1;1;1;1;0;0;0;0;0;0;0;0;0;0.0004;0.088;0;-0.0884;0;0;0;0;0;0;0;0;0;0;0;0;0;0;0;0;0;0;0;0.0001;0;0;0;0;0.0004;0;0;0;0;0;0;0;-0.0004;-0.0884;0;0;0;0;0;0;0;0;0;-0.7063;0;0.7063;1;1;0;0;0;0
25/01/21 06:00;14.7;-102.92;52.016;15.065;24.012;-90;-24.012;0;0;0;-0.0001;4.67;0;0;0;0;0;0;0;0;0;0;0;0;0;1;1;1;1;0;0;0;0;0;0;0;0;0;0;0;0;0;0;0;0;0;0;0;0;0;0;0;0;0;0;0;0;0;0;0;0;0;0;0;1;1;1;1;1;1;1;1;1;1;1;1;1;1;1;1;1;1;1;0;0;0;0;0;0;0;0;0;0.0004;0.088;0;-0.0884;0;0;0;0;0;0;0;0;0;0;0;0;0;0;0;0;0;0;0;0.0001;0;0;0;0;0.0004;0;0;0;0;0;0;0;-0.0004;-0.0884;0;0;0;0;0;0;0;0;0;-0.7063;0;0.7063;1;1;0;0;0;0
25/01/21 07:00;26.809;-94.976;5.4155;26.896;60;-90;-60;0;0;0;-0.0001;5.39;0;0;0;0;0;0;0;0;0;0;0;0;0;1;1;1;1;0;0;0;0;0;0;0;0;0;0;0;0;0;0;0;0;0;0;0;0;0;0;0;0;0;0;0;0;0;0;0;0;0;0;0;1;1;1;1;1;1;1;1;1;1;1;1;1;1;1;1;1;1;1;0;0;0;0;0;0;0;0;0;0.0004;0.088;0;-0.0884;0;0;0;0;0;0;0;0;0;0;0;0;0;0;0;0;0;0;0;0.0001;0;0;0;0;0.0004;0;0;0;0;0;0;0;-0.0004;-0.0884;0;0;0;0;0;0;0;0;0;-0.7063;0;0.7063;1;1;0;0;0;0
25/01/21 08:00;39.064;-86.407;2.7889;39.119;50.881;-90;-50.881;0;0;0;-0.0001;5.9899;0;0;0;0;0;0;0;0;0;0;0;0;0;1;1;1;1;0;0;0;0;0;0;0;0;0;0;0;0;0;0;0;0;0;0;0;0;0;0;0;0;0;0;0;0;0;0;0;0;0;0;0;1;1;1;1;1;1;1;1;1;1;1;1;1;1;1;1;1;1;1;0;0;0;0;0;0;0;0;0;0.0004;0.088;0;-0.0884;0;0;0;0;0;0;0;0;0;0;0;0;0;0;0;0;0;0;0;0.0001;0;0;0;0;0.0004;0;0;0;0;0;0;0;-0.0004;-0.0884;0;0;0;0;0;0;0;0;0;-0.7063;0;0.7063;1;1;0;0;0;0
25/01/21 09:00;51.176;-75.836;8.8247;52.037;37.963;-90;-37.963;0;0;0;-0.0001;6.17;0;0;0;0;0;0;0;0;0;0;0;0;0;1;1;1;1;0;0;0;0;0;0;0;0;0;0;0;0;0;0;0;0;0;0;0;0;0;0;0;0;0;0;0;0;0;0;0;0;0;0;0;1;1;1;1;1;1;1;1;1;1;1;1;1;1;1;1;1;1;1;0;0;0;0;0;0;0;0;0;0.0004;0.088;0;-0.0884;0;0;0;0;0;0;0;0;0;0;0;0;0;0;0;0;0;0;0;0.0001;0;0;0;0;0.0004;0;0;0;0;0;0;0;-0.0004;-0.0884;0;0;0;0;0;0;0;0;0;-0.7063;0;0.7063;1;1;0;0;0;0
25/01/21 10:00;62.564;-60.094;13.281;65.772;24.228;-90;-24.228;0;0;0;-0.0001;5.9899;0;0;0;0;0;0;0;0;0;0;0;0;0;1;1;1;1;0;0;0;0;0;0;0;0;0;0;0;0;0;0;0;0;0;0;0;0;0;0;0;0;0;0;0;0;0;0;0;0;0;0;0;1;1;1;1;1;1;1;1;1;1;1;1;1;1;1;1;1;1;1;0;0;0;0;0;0;0;0;0;0.0004;0.088;0;-0.0884;0;0;0;0;0;0;0;0;0;0;0;0;0;0;0;0;0;0;0;0.0001;0;0;0;0;0.0004;0;0;0;0;0;0;0;-0.0004;-0.0884;0;0;0;0;0;0;0;0;0;-0.7063;0;0.7063;1;1;0;0;0;0
25/01/21 11:00;71.47;-31.008;15.806;80.204;9.7962;-90;-9.7962;0;0;0;-0.0001;5.6401;0;0;0;0;0;0;0;0;0;0;0;0;0;1;1;1;1;0;0;0;0;0;0;0;0;0;0;0;0;0;0;0;0;0;0;0;0;0;0;0;0;0;0;0;0;0;0;0;0;0;0;0;1;1;1;1;1;1;1;1;1;1;1;1;1;1;1;1;1;1;1;0;0;0;0;0;0;0;0;0;0.0004;0.088;0;-0.0884;0;0;0;0;0;0;0;0;0;0;0;0;0;0;0;0;0;0;0;0.0001;0;0;0;0;0.0004;0;0;0;0;0;0;0;-0.0004;-0.0884;0;0;0;0;0;0;0;0;0;-0.7063;0;0.7063;1;1;0;0;0;0
25/01/21 12:00;73.104;16.622;16.17;85.034;4.9657;90;4.9657;0;0;0;-0.0001;5.4801;0;0;0;0;0;0;0;0;0;0;0;0;0;1;1;1;1;0;0;0;0;0;0;0;0;0;0;0;0;0;0;0;0;0;0;0;0;0;0;0;0;0;0;0;0;0;0;0;0;0;0;0;1;1;1;1;1;1;1;1;1;1;1;1;1;1;1;1;1;1;1;0;0;0;0;0;0;0;0;0;0.0004;0.088;0;-0.0884;0;0;0;0;0;0;0;0;0;0;0;0;0;0;0;0;0;0;0;0.0001;0;0;0;0;0.0004;0;0;0;0;0;0;0;-0.0004;-0.0884;0;0;0;0;0;0;0;0;0;-0.7063;0;0.7063;1;1;0;0;0;0
25/01/21 13:00;65.918;52.638;14.337;70.443;19.557;90;19.557;0;0;0;-0.0001;5.86;0;0;0;0;0;0;0;0;0;0;0;0;0;1;1;1;1;0;0;0;0;0;0;0;0;0;0;0;0;0;0;0;0;0;0;0;0;0;0;0;0;0;0;0;0;0;0;0;0;0;0;0;1;1;1;1;1;1;1;1;1;1;1;1;1;1;1;1;1;1;1;0;0;0;0;0;0;0;0;0;0.0004;0.088;0;-0.0884;0;0;0;0;0;0;0;0;0;0;0;0;0;0;0;0;0;0;0;0.0001;0;0;0;0;0.0004;0;0;0;0;0;0;0;-0.0004;-0.0884;0;0;0;0;0;0;0;0;0;-0.7063;0;0.7063;1;1;0;0;0;0
25/01/21 14:00;55.038;71.494;10.479;56.454;33.546;90;33.546;0;0;0;-0.0001;6.6899;0;0;0;0;0;0;0;0;0;0;0;0;0;1;1;1;1;0;0;0;0;0;0;0;0;0;0;0;0;0;0;0;0;0;0;0;0;0;0;0;0;0;0;0;0;0;0;0;0;0;0;0;1;1;1;1;1;1;1;1;1;1;1;1;1;1;1;1;1;1;1;0;0;0;0;0;0;0;0;0;0.0004;0.088;0;-0.0884;0;0;0;0;0;0;0;0;0;0;0;0;0;0;0;0;0;0;0;0.0001;0;0;0;0;0.0004;0;0;0;0;0;0;0;-0.0004;-0.0884;0;0;0;0;0;0;0;0;0;-0.7063;0;0.7063;1;1;0;0;0;0
25/01/21 15:00;43.072;83.258;4.9197;43.271;46.729;90;46.729;0;0;0;-0.0001;7.5699;0;0;0;0;0;0;0;0;0;0;0;0;0;1;1;1;1;0;0;0;0;0;0;0;0;0;0;0;0;0;0;0;0;0;0;0;0;0;0;0;0;0;0;0;0;0;0;0;0;0;0;0;1;1;1;1;1;1;1;1;1;1;1;1;1;1;1;1;1;1;1;0;0;0;0;0;0;0;0;0;0.0004;0.088;0;-0.0884;0;0;0;0;0;0;0;0;0;0;0;0;0;0;0;0;0;0;0;0.0001;0;0;0;0;0.0004;0;0;0;0;0;0;0;-0.0004;-0.0884;0;0;0;0;0;0;0;0;0;-0.7063;0;0.7063;1;1;0;0;0;0
25/01/21 16:00;30.825;92.283;1.96;30.845;59.155;90;59.155;0;0;0;-0.0001;8.1201;0;0;0;0;0;0;0;0;0;0;0;0;0;1;1;1;1;0;0;0;0;0;0;0;0;0;0;0;0;0;0;0;0;0;0;0;0;0;0;0;0;0;0;0;0;0;0;0;0;0;0;0;1;1;1;1;1;1;1;1;1;1;1;1;1;1;1;1;1;1;1;0;0;0;0;0;0;0;0;0;0.0004;0.088;0;-0.0884;0;0;0;0;0;0;0;0;0;0;0;0;0;0;0;0;0;0;0;0.0001;0;0;0;0;0.0004;0;0;0;0;0;0;0;-0.0004;-0.0884;0;0;0;0;0;0;0;0;0;-0.7063;0;0.7063;1;1;0;0;0;0
25/01/21 17:00;18.643;100.32;39.17;18.928;32.95;90;32.95;0;0;0;-0.0001;7.6499;0;0;0;0;0;0;0;0;0;0;0;0;0;1;1;1;1;0;0;0;0;0;0;0;0;0;0;0;0;0;0;0;0;0;0;0;0;0;0;0;0;0;0;0;0;0;0;0;0;0;0;0;1;1;1;1;1;1;1;1;1;1;1;1;1;1;1;1;1;1;1;0;0;0;0;0;0;0;0;0;0.0004;0.088;0;-0.0884;0;0;0;0;0;0;0;0;0;0;0;0;0;0;0;0;0;0;0;0.0001;0;0;0;0;0.0004;0;0;0;0;0;0;0;-0.0004;-0.0884;0;0;0;0;0;0;0;0;0;-0.7063;0;0.7063;1;1;0;0;0;0
25/01/21 18:00;6.764;108.3;73.402;7.1208;10.375;90;10.375;0;0;0;-0.0001;6.88;0;0;0;0;0;0;0;0;0;0;0;0;0;1;1;1;1;0;0;0;0;0;0;0;0;0;0;0;0;0;0;0;0;0;0;0;0;0;0;0;0;0;0;0;0;0;0;0;0;0;0;0;1;1;1;1;1;1;1;1;1;1;1;1;1;1;1;1;1;1;1;0;0;0;0;0;0;0;0;0;0.0004;0.088;0;-0.0884;0;0;0;0;0;0;0;0;0;0;0;0;0;0;0;0;0;0;0;0.0001;0;0;0;0;0.0004;0;0;0;0;0;0;0;-0.0004;-0.0884;0;0;0;0;0;0;0;0;0;-0.7063;0;0.7063;1;1;0;0;0;0
25/01/21 19:00;0.6377;112.76;88.453;0.6916;0.9859;90;0.9859;0;0;0;-0.0001;6.79;0;0;0;0;0;0;0;0;0;0;0;0;0;1;1;1;1;0;0;0;0;0;0;0;0;0;0;0;0;0;0;0;0;0;0;0;0;0;0;0;0;0;0;0;0;0;0;0;0;0;0;0;1;1;1;1;1;1;1;1;1;1;1;1;1;1;1;1;1;1;1;0;0;0;0;0;0;0;0;0;0.0004;0.088;0;-0.0884;0;0;0;0;0;0;0;0;0;0;0;0;0;0;0;0;0;0;0;0.0001;0;0;0;0;0.0004;0;0;0;0;0;0;0;-0.0004;-0.0884;0;0;0;0;0;0;0;0;0;-0.7063;0;0.7063;1;1;0;0;0;0
25/01/21 20:00;0;0;90;0;0;90;0;0;0;0;-0.0001;6.74;0;0;0;0;0;0;0;0;0;0;0;0;0;1;1;1;1;0;0;0;0;0;0;0;0;0;0;0;0;0;0;0;0;0;0;0;0;0;0;0;0;0;0;0;0;0;0;0;0;0;0;0;1;1;1;1;1;1;1;1;1;1;1;1;1;1;1;1;1;1;1;0;0;0;0;0;0;0;0;0;0.0004;0.088;0;-0.0884;0;0;0;0;0;0;0;0;0;0;0;0;0;0;0;0;0;0;0;0.0001;0;0;0;0;0.0004;0;0;0;0;0;0;0;-0.0004;-0.0884;0;0;0;0;0;0;0;0;0;-0.7063;0;0.7063;1;1;0;0;0;0
25/01/21 21:00;0;0;90;0;0;90;0;0;0;0;-0.0001;6.3701;0;0;0;0;0;0;0;0;0;0;0;0;0;1;1;1;1;0;0;0;0;0;0;0;0;0;0;0;0;0;0;0;0;0;0;0;0;0;0;0;0;0;0;0;0;0;0;0;0;0;0;0;1;1;1;1;1;1;1;1;1;1;1;1;1;1;1;1;1;1;1;0;0;0;0;0;0;0;0;0;0.0004;0.088;0;-0.0884;0;0;0;0;0;0;0;0;0;0;0;0;0;0;0;0;0;0;0;0.0001;0;0;0;0;0.0004;0;0;0;0;0;0;0;-0.0004;-0.0884;0;0;0;0;0;0;0;0;0;-0.7063;0;0.7063;1;1;0;0;0;0
25/01/21 22:00;0;0;90;0;0;90;0;0;0;0;-0.0001;6.26;0;0;0;0;0;0;0;0;0;0;0;0;0;1;1;1;1;0;0;0;0;0;0;0;0;0;0;0;0;0;0;0;0;0;0;0;0;0;0;0;0;0;0;0;0;0;0;0;0;0;0;0;1;1;1;1;1;1;1;1;1;1;1;1;1;1;1;1;1;1;1;0;0;0;0;0;0;0;0;0;0.0004;0.088;0;-0.0884;0;0;0;0;0;0;0;0;0;0;0;0;0;0;0;0;0;0;0;0.0001;0;0;0;0;0.0004;0;0;0;0;0;0;0;-0.0004;-0.0884;0;0;0;0;0;0;0;0;0;-0.7063;0;0.7063;1;1;0;0;0;0
25/01/21 23:00;0;0;90;0;0;90;0;0;0;0;-0.0001;6.17;0;0;0;0;0;0;0;0;0;0;0;0;0;1;1;1;1;0;0;0;0;0;0;0;0;0;0;0;0;0;0;0;0;0;0;0;0;0;0;0;0;0;0;0;0;0;0;0;0;0;0;0;1;1;1;1;1;1;1;1;1;1;1;1;1;1;1;1;1;1;1;0;0;0;0;0;0;0;0;0;0.0004;0.088;0;-0.0884;0;0;0;0;0;0;0;0;0;0;0;0;0;0;0;0;0;0;0;0.0001;0;0;0;0;0.0004;0;0;0;0;0;0;0;-0.0004;-0.0884;0;0;0;0;0;0;0;0;0;-0.7063;0;0.7063;1;1;0;0;0;0
26/01/21 00:00;0;0;90;0;0;90;0;0;0;0;-0.0001;5.7301;0;0;0;0;0;0;0;0;0;0;0;0;0;1;1;1;1;0;0;0;0;0;0;0;0;0;0;0;0;0;0;0;0;0;0;0;0;0;0;0;0;0;0;0;0;0;0;0;0;0;0;0;1;1;1;1;1;1;1;1;1;1;1;1;1;1;1;1;1;1;1;0;0;0;0;0;0;0;0;0;0.0004;0.088;0;-0.0884;0;0;0;0;0;0;0;0;0;0;0;0;0;0;0;0;0;0;0;0.0001;0;0;0;0;0.0004;0;0;0;0;0;0;0;-0.0004;-0.0884;0;0;0;0;0;0;0;0;0;-0.7063;0;0.7063;1;1;0;0;0;0
26/01/21 01:00;0;0;90;0;0;90;0;0;0;0;-0.0001;5.6599;0;0;0;0;0;0;0;0;0;0;0;0;0;1;1;1;1;0;0;0;0;0;0;0;0;0;0;0;0;0;0;0;0;0;0;0;0;0;0;0;0;0;0;0;0;0;0;0;0;0;0;0;1;1;1;1;1;1;1;1;1;1;1;1;1;1;1;1;1;1;1;0;0;0;0;0;0;0;0;0;0.0004;0.088;0;-0.0884;0;0;0;0;0;0;0;0;0;0;0;0;0;0;0;0;0;0;0;0.0001;0;0;0;0;0.0004;0;0;0;0;0;0;0;-0.0004;-0.0884;0;0;0;0;0;0;0;0;0;-0.7063;0;0.7063;1;1;0;0;0;0
26/01/21 02:00;0;0;90;0;0;90;0;0;0;0;-0.0001;5.94;0;0;0;0;0;0;0;0;0;0;0;0;0;1;1;1;1;0;0;0;0;0;0;0;0;0;0;0;0;0;0;0;0;0;0;0;0;0;0;0;0;0;0;0;0;0;0;0;0;0;0;0;1;1;1;1;1;1;1;1;1;1;1;1;1;1;1;1;1;1;1;0;0;0;0;0;0;0;0;0;0.0004;0.088;0;-0.0884;0;0;0;0;0;0;0;0;0;0;0;0;0;0;0;0;0;0;0;0.0001;0;0;0;0;0.0004;0;0;0;0;0;0;0;-0.0004;-0.0884;0;0;0;0;0;0;0;0;0;-0.7063;0;0.7063;1;1;0;0;0;0
26/01/21 03:00;0;0;90;0;0;90;0;0;0;0;-0.0001;5.7;0;0;0;0;0;0;0;0;0;0;0;0;0;1;1;1;1;0;0;0;0;0;0;0;0;0;0;0;0;0;0;0;0;0;0;0;0;0;0;0;0;0;0;0;0;0;0;0;0;0;0;0;1;1;1;1;1;1;1;1;1;1;1;1;1;1;1;1;1;1;1;0;0;0;0;0;0;0;0;0;0.0004;0.088;0;-0.0884;0;0;0;0;0;0;0;0;0;0;0;0;0;0;0;0;0;0;0;0.0001;0;0;0;0;0.0004;0;0;0;0;0;0;0;-0.0004;-0.0884;0;0;0;0;0;0;0;0;0;-0.7063;0;0.7063;1;1;0;0;0;0
26/01/21 04:00;0;0;90;0;0;90;0;0;0;0;-0.0001;5.39;0;0;0;0;0;0;0;0;0;0;0;0;0;1;1;1;1;0;0;0;0;0;0;0;0;0;0;0;0;0;0;0;0;0;0;0;0;0;0;0;0;0;0;0;0;0;0;0;0;0;0;0;1;1;1;1;1;1;1;1;1;1;1;1;1;1;1;1;1;1;1;0;0;0;0;0;0;0;0;0;0.0004;0.088;0;-0.0884;0;0;0;0;0;0;0;0;0;0;0;0;0;0;0;0;0;0;0;0.0001;0;0;0;0;0.0004;0;0;0;0;0;0;0;-0.0004;-0.0884;0;0;0;0;0;0;0;0;0;-0.7063;0;0.7063;1;1;0;0;0;0
26/01/21 05:00;4.3129;-109.74;79.491;4.5809;6.5878;-90;-6.5878;0;0;0;-0.0001;5.86;0;0;0;0;0;0;0;0;0;0;0;0;0;1;1;1;1;0;0;0;0;0;0;0;0;0;0;0;0;0;0;0;0;0;0;0;0;0;0;0;0;0;0;0;0;0;0;0;0;0;0;0;1;1;1;1;1;1;1;1;1;1;1;1;1;1;1;1;1;1;1;0;0;0;0;0;0;0;0;0;0.0004;0.088;0;-0.0884;0;0;0;0;0;0;0;0;0;0;0;0;0;0;0;0;0;0;0;0.0001;0;0;0;0;0.0004;0;0;0;0;0;0;0;-0.0004;-0.0884;0;0;0;0;0;0;0;0;0;-0.7063;0;0.7063;1;1;0;0;0;0
26/01/21 06:00;14.516;-102.73;52.562;14.866;23.613;-90;-23.613;0;0;0;-0.0001;7.3399;0;0;0;0;0;0;0;0;0;0;0;0;0;1;1;1;1;0;0;0;0;0;0;0;0;0;0;0;0;0;0;0;0;0;0;0;0;0;0;0;0;0;0;0;0;0;0;0;0;0;0;0;1;1;1;1;1;1;1;1;1;1;1;1;1;1;1;1;1;1;1;0;0;0;0;0;0;0;0;0;0.0004;0.088;0;-0.0884;0;0;0;0;0;0;0;0;0;0;0;0;0;0;0;0;0;0;0;0.0001;0;0;0;0;0.0004;0;0;0;0;0;0;0;-0.0004;-0.0884;0;0;0;0;0;0;0;0;0;-0.7063;0;0.7063;1;1;0;0;0;0
26/01/21 07:00;26.631;-94.765;5.3791;26.711;60;-90;-60;0;0;0;-0.0001;8.56;0;0;0;0;0;0;0;0;0;0;0;0;0;1;1;1;1;0;0;0;0;0;0;0;0;0;0;0;0;0;0;0;0;0;0;0;0;0;0;0;0;0;0;0;0;0;0;0;0;0;0;0;1;1;1;1;1;1;1;1;1;1;1;1;1;1;1;1;1;1;1;0;0;0;0;0;0;0;0;0;0.0004;0.088;0;-0.0884;0;0;0;0;0;0;0;0;0;0;0;0;0;0;0;0;0;0;0;0.0001;0;0;0;0;0.0004;0;0;0;0;0;0;0;-0.0004;-0.0884;0;0;0;0;0;0;0;0;0;-0.7063;0;0.7063;1;1;0;0;0;0
26/01/21 08:00;38.887;-86.165;2.9846;38.95;51.05;-90;-51.05;0;0;0;-0.0001;8.95;0;0;0;0;0;0;0;0;0;0;0;0;0;1;1;1;1;0;0;0;0;0;0;0;0;0;0;0;0;0;0;0;0;0;0;0;0;0;0;0;0;0;0;0;0;0;0;0;0;0;0;0;1;1;1;1;1;1;1;1;1;1;1;1;1;1;1;1;1;1;1;0;0;0;0;0;0;0;0;0;0.0004;0.088;0;-0.0884;0;0;0;0;0;0;0;0;0;0;0;0;0;0;0;0;0;0;0;0.0001;0;0;0;0;0.0004;0;0;0;0;0;0;0;-0.0004;-0.0884;0;0;0;0;0;0;0;0;0;-0.7063;0;0.7063;1;1;0;0;0;0
26/01/21 09:00;50.99;-75.549;9.0375;51.888;38.112;-90;-38.112;0;0;0;-0.0001;8.79;0;0;0;0;0;0;0;0;0;0;0;0;0;1;1;1;1;0;0;0;0;0;0;0;0;0;0;0;0;0;0;0;0;0;0;0;0;0;0;0;0;0;0;0;0;0;0;0;0;0;0;0;1;1;1;1;1;1;1;1;1;1;1;1;1;1;1;1;1;1;1;0;0;0;0;0;0;0;0;0;0.0004;0.088;0;-0.0884;0;0;0;0;0;0;0;0;0;0;0;0;0;0;0;0;0;0;0;0.0001;0;0;0;0;0.0004;0;0;0;0;0;0;0;-0.0004;-0.0884;0;0;0;0;0;0;0;0;0;-0.7063;0;0.7063;1;1;0;0;0;0
26/01/21 10:00;62.354;-59.768;13.511;65.65;24.35;-90;-24.35;0;0;0;-0.0001;8.1201;0;0;0;0;0;0;0;0;0;0;0;0;0;1;1;1;1;0;0;0;0;0;0;0;0;0;0;0;0;0;0;0;0;0;0;0;0;0;0;0;0;0;0;0;0;0;0;0;0;0;0;0;1;1;1;1;1;1;1;1;1;1;1;1;1;1;1;1;1;1;1;0;0;0;0;0;0;0;0;0;0.0004;0.088;0;-0.0884;0;0;0;0;0;0;0;0;0;0;0;0;0;0;0;0;0;0;0;0.0001;0;0;0;0;0.0004;0;0;0;0;0;0;0;-0.0004;-0.0884;0;0;0;0;0;0;0;0;0;-0.7063;0;0.7063;1;1;0;0;0;0
26/01/21 11:00;71.219;-30.817;16.051;80.118;9.8823;-90;-9.8823;0;0;0;-0.0001;7.4701;0;0;0;0;0;0;0;0;0;0;0;0;0;1;1;1;1;0;0;0;0;0;0;0;0;0;0;0;0;0;0;0;0;0;0;0;0;0;0;0;0;0;0;0;0;0;0;0;0;0;0;0;1;1;1;1;1;1;1;1;1;1;1;1;1;1;1;1;1;1;1;0;0;0;0;0;0;0;0;0;0.0004;0.088;0;-0.0884;0;0;0;0;0;0;0;0;0;0;0;0;0;0;0;0;0;0;0;0.0001;0;0;0;0;0.0004;0;0;0;0;0;0;0;-0.0004;-0.0884;0;0;0;0;0;0;0;0;0;-0.7063;0;0.7063;1;1;0;0;0;0
26/01/21 12:00;72.873;16.222;16.425;85.08;4.9202;90;4.9202;0;0;0;-0.0001;7.28;0;0;0;0;0;0;0;0;0;0;0;0;0;1;1;1;1;0;0;0;0;0;0;0;0;0;0;0;0;0;0;0;0;0;0;0;0;0;0;0;0;0;0;0;0;0;0;0;0;0;0;0;1;1;1;1;1;1;1;1;1;1;1;1;1;1;1;1;1;1;1;0;0;0;0;0;0;0;0;0;0.0004;0.088;0;-0.0884;0;0;0;0;0;0;0;0;0;0;0;0;0;0;0;0;0;0;0;0.0001;0;0;0;0;0.0004;0;0;0;0;0;0;0;-0.0004;-0.0884;0;0;0;0;0;0;0;0;0;-0.7063;0;0.7063;1;1;0;0;0;0
26/01/21 13:00;65.773;52.115;14.595;70.448;19.552;90;19.552;0;0;0;-0.0001;7.4899;0;0;0;0;0;0;0;0;0;0;0;0;0;1;1;1;1;0;0;0;0;0;0;0;0;0;0;0;0;0;0;0;0;0;0;0;0;0;0;0;0;0;0;0;0;0;0;0;0;0;0;0;1;1;1;1;1;1;1;1;1;1;1;1;1;1;1;1;1;1;1;0;0;0;0;0;0;0;0;0;0.0004;0.088;0;-0.0884;0;0;0;0;0;0;0;0;0;0;0;0;0;0;0;0;0;0;0;0.0001;0;0;0;0;0.0004;0;0;0;0;0;0;0;-0.0004;-0.0884;0;0;0;0;0;0;0;0;0;-0.7063;0;0.7063;1;1;0;0;0;0
26/01/21 14:00;54.94;71.077;10.736;56.422;33.578;90;33.578;0;0;0;-0.0001;7.46;0;0;0;0;0;0;0;0;0;0;0;0;0;1;1;1;1;0;0;0;0;0;0;0;0;0;0;0;0;0;0;0;0;0;0;0;0;0;0;0;0;0;0;0;0;0;0;0;0;0;0;0;1;1;1;1;1;1;1;1;1;1;1;1;1;1;1;1;1;1;1;0;0;0;0;0;0;0;0;0;0.0004;0.088;0;-0.0884;0;0;0;0;0;0;0;0;0;0;0;0;0;0;0;0;0;0;0;0.0001;0;0;0;0;0.0004;0;0;0;0;0;0;0;-0.0004;-0.0884;0;0;0;0;0;0;0;0;0;-0.7063;0;0.7063;1;1;0;0;0;0
26/01/21 15:00;42.991;82.922;5.1712;43.21;46.79;90;46.79;0;0;0;-0.0001;6.8301;0;0;0;0;0;0;0;0;0;0;0;0;0;1;1;1;1;0;0;0;0;0;0;0;0;0;0;0;0;0;0;0;0;0;0;0;0;0;0;0;0;0;0;0;0;0;0;0;0;0;0;0;1;1;1;1;1;1;1;1;1;1;1;1;1;1;1;1;1;1;1;0;0;0;0;0;0;0;0;0;0.0004;0.088;0;-0.0884;0;0;0;0;0;0;0;0;0;0;0;0;0;0;0;0;0;0;0;0.0001;0;0;0;0;0.0004;0;0;0;0;0;0;0;-0.0004;-0.0884;0;0;0;0;0;0;0;0;0;-0.7063;0;0.7063;1;1;0;0;0;0
26/01/21 16:00;30.747;91.996;1.715;30.762;59.238;90;59.238;0;0;0;-0.0001;5.62;0;0;0;0;0;0;0;0;0;0;0;0;0;1;1;1;1;0;0;0;0;0;0;0;0;0;0;0;0;0;0;0;0;0;0;0;0;0;0;0;0;0;0;0;0;0;0;0;0;0;0;0;1;1;1;1;1;1;1;1;1;1;1;1;1;1;1;1;1;1;1;0;0;0;0;0;0;0;0;0;0.0004;0.088;0;-0.0884;0;0;0;0;0;0;0;0;0;0;0;0;0;0;0;0;0;0;0;0.0001;0;0;0;0;0.0004;0;0;0;0;0;0;0;-0.0004;-0.0884;0;0;0;0;0;0;0;0;0;-0.7063;0;0.7063;1;1;0;0;0;0
26/01/21 17:00;18.558;100.07;39.477;18.828;32.68;90;32.68;0;0;0;-0.0001;4.12;0;0;0;0;0;0;0;0;0;0;0;0;0;1;1;1;1;0;0;0;0;0;0;0;0;0;0;0;0;0;0;0;0;0;0;0;0;0;0;0;0;0;0;0;0;0;0;0;0;0;0;0;1;1;1;1;1;1;1;1;1;1;1;1;1;1;1;1;1;1;1;0;0;0;0;0;0;0;0;0;0.0004;0.088;0;-0.0884;0;0;0;0;0;0;0;0;0;0;0;0;0;0;0;0;0;0;0;0.0001;0;0;0;0;0.0004;0;0;0;0;0;0;0;-0.0004;-0.0884;0;0;0;0;0;0;0;0;0;-0.7063;0;0.7063;1;1;0;0;0;0
26/01/21 18:00;6.6663;108.06;73.648;7.0085;10.205;90;10.205;0;0;0;-0.0001;2.97;0;0;0;0;0;0;0;0;0;0;0;0;0;1;1;1;1;0;0;0;0;0;0;0;0;0;0;0;0;0;0;0;0;0;0;0;0;0;0;0;0;0;0;0;0;0;0;0;0;0;0;0;1;1;1;1;1;1;1;1;1;1;1;1;1;1;1;1;1;1;1;0;0;0;0;0;0;0;0;0;0.0004;0.088;0;-0.0884;0;0;0;0;0;0;0;0;0;0;0;0;0;0;0;0;0;0;0;0.0001;0;0;0;0;0.0004;0;0;0;0;0;0;0;-0.0004;-0.0884;0;0;0;0;0;0;0;0;0;-0.7063;0;0.7063;1;1;0;0;0;0
26/01/21 19:00;0.5306;112.53;88.713;0.5744;0.8188;90;0.8188;0;0;0;-0.0001;2.19;0;0;0;0;0;0;0;0;0;0;0;0;0;1;1;1;1;0;0;0;0;0;0;0;0;0;0;0;0;0;0;0;0;0;0;0;0;0;0;0;0;0;0;0;0;0;0;0;0;0;0;0;1;1;1;1;1;1;1;1;1;1;1;1;1;1;1;1;1;1;1;0;0;0;0;0;0;0;0;0;0.0004;0.088;0;-0.0884;0;0;0;0;0;0;0;0;0;0;0;0;0;0;0;0;0;0;0;0.0001;0;0;0;0;0.0004;0;0;0;0;0;0;0;-0.0004;-0.0884;0;0;0;0;0;0;0;0;0;-0.7063;0;0.7063;1;1;0;0;0;0
26/01/21 20:00;0;0;90;0;0;90;0;0;0;0;-0.0001;1.39;0;0;0;0;0;0;0;0;0;0;0;0;0;1;1;1;1;0;0;0;0;0;0;0;0;0;0;0;0;0;0;0;0;0;0;0;0;0;0;0;0;0;0;0;0;0;0;0;0;0;0;0;1;1;1;1;1;1;1;1;1;1;1;1;1;1;1;1;1;1;1;0;0;0;0;0;0;0;0;0;0.0004;0.088;0;-0.0884;0;0;0;0;0;0;0;0;0;0;0;0;0;0;0;0;0;0;0;0.0001;0;0;0;0;0.0004;0;0;0;0;0;0;0;-0.0004;-0.0884;0;0;0;0;0;0;0;0;0;-0.7063;0;0.7063;1;1;0;0;0;0
26/01/21 21:00;0;0;90;0;0;90;0;0;0;0;-0.0001;0.8601;0;0;0;0;0;0;0;0;0;0;0;0;0;1;1;1;1;0;0;0;0;0;0;0;0;0;0;0;0;0;0;0;0;0;0;0;0;0;0;0;0;0;0;0;0;0;0;0;0;0;0;0;1;1;1;1;1;1;1;1;1;1;1;1;1;1;1;1;1;1;1;0;0;0;0;0;0;0;0;0;0.0004;0.088;0;-0.0884;0;0;0;0;0;0;0;0;0;0;0;0;0;0;0;0;0;0;0;0.0001;0;0;0;0;0.0004;0;0;0;0;0;0;0;-0.0004;-0.0884;0;0;0;0;0;0;0;0;0;-0.7063;0;0.7063;1;1;0;0;0;0
26/01/21 22:00;0;0;90;0;0;90;0;0;0;0;-0.0001;0.8701;0;0;0;0;0;0;0;0;0;0;0;0;0;1;1;1;1;0;0;0;0;0;0;0;0;0;0;0;0;0;0;0;0;0;0;0;0;0;0;0;0;0;0;0;0;0;0;0;0;0;0;0;1;1;1;1;1;1;1;1;1;1;1;1;1;1;1;1;1;1;1;0;0;0;0;0;0;0;0;0;0.0004;0.088;0;-0.0884;0;0;0;0;0;0;0;0;0;0;0;0;0;0;0;0;0;0;0;0.0001;0;0;0;0;0.0004;0;0;0;0;0;0;0;-0.0004;-0.0884;0;0;0;0;0;0;0;0;0;-0.7063;0;0.7063;1;1;0;0;0;0
26/01/21 23:00;0;0;90;0;0;90;0;0;0;0;-0.0001;1.55;0;0;0;0;0;0;0;0;0;0;0;0;0;1;1;1;1;0;0;0;0;0;0;0;0;0;0;0;0;0;0;0;0;0;0;0;0;0;0;0;0;0;0;0;0;0;0;0;0;0;0;0;1;1;1;1;1;1;1;1;1;1;1;1;1;1;1;1;1;1;1;0;0;0;0;0;0;0;0;0;0.0004;0.088;0;-0.0884;0;0;0;0;0;0;0;0;0;0;0;0;0;0;0;0;0;0;0;0.0001;0;0;0;0;0.0004;0;0;0;0;0;0;0;-0.0004;-0.0884;0;0;0;0;0;0;0;0;0;-0.7063;0;0.7063;1;1;0;0;0;0
27/01/21 00:00;0;0;90;0;0;90;0;0;0;0;-0.0001;2.02;0;0;0;0;0;0;0;0;0;0;0;0;0;1;1;1;1;0;0;0;0;0;0;0;0;0;0;0;0;0;0;0;0;0;0;0;0;0;0;0;0;0;0;0;0;0;0;0;0;0;0;0;1;1;1;1;1;1;1;1;1;1;1;1;1;1;1;1;1;1;1;0;0;0;0;0;0;0;0;0;0.0004;0.088;0;-0.0884;0;0;0;0;0;0;0;0;0;0;0;0;0;0;0;0;0;0;0;0.0001;0;0;0;0;0.0004;0;0;0;0;0;0;0;-0.0004;-0.0884;0;0;0;0;0;0;0;0;0;-0.7063;0;0.7063;1;1;0;0;0;0
27/01/21 01:00;0;0;90;0;0;90;0;0;0;0;-0.0001;2.1;0;0;0;0;0;0;0;0;0;0;0;0;0;1;1;1;1;0;0;0;0;0;0;0;0;0;0;0;0;0;0;0;0;0;0;0;0;0;0;0;0;0;0;0;0;0;0;0;0;0;0;0;1;1;1;1;1;1;1;1;1;1;1;1;1;1;1;1;1;1;1;0;0;0;0;0;0;0;0;0;0.0004;0.088;0;-0.0884;0;0;0;0;0;0;0;0;0;0;0;0;0;0;0;0;0;0;0;0.0001;0;0;0;0;0.0004;0;0;0;0;0;0;0;-0.0004;-0.0884;0;0;0;0;0;0;0;0;0;-0.7063;0;0.7063;1;1;0;0;0;0
27/01/21 02:00;0;0;90;0;0;90;0;0;0;0;-0.0001;2.03;0;0;0;0;0;0;0;0;0;0;0;0;0;1;1;1;1;0;0;0;0;0;0;0;0;0;0;0;0;0;0;0;0;0;0;0;0;0;0;0;0;0;0;0;0;0;0;0;0;0;0;0;1;1;1;1;1;1;1;1;1;1;1;1;1;1;1;1;1;1;1;0;0;0;0;0;0;0;0;0;0.0004;0.088;0;-0.0884;0;0;0;0;0;0;0;0;0;0;0;0;0;0;0;0;0;0;0;0.0001;0;0;0;0;0.0004;0;0;0;0;0;0;0;-0.0004;-0.0884;0;0;0;0;0;0;0;0;0;-0.7063;0;0.7063;1;1;0;0;0;0
27/01/21 03:00;0;0;90;0;0;90;0;0;0;0;-0.0001;1.94;0;0;0;0;0;0;0;0;0;0;0;0;0;1;1;1;1;0;0;0;0;0;0;0;0;0;0;0;0;0;0;0;0;0;0;0;0;0;0;0;0;0;0;0;0;0;0;0;0;0;0;0;1;1;1;1;1;1;1;1;1;1;1;1;1;1;1;1;1;1;1;0;0;0;0;0;0;0;0;0;0.0004;0.088;0;-0.0884;0;0;0;0;0;0;0;0;0;0;0;0;0;0;0;0;0;0;0;0.0001;0;0;0;0;0.0004;0;0;0;0;0;0;0;-0.0004;-0.0884;0;0;0;0;0;0;0;0;0;-0.7063;0;0.7063;1;1;0;0;0;0
27/01/21 04:00;0;0;90;0;0;90;0;0;0;0;-0.0001;1.97;0;0;0;0;0;0;0;0;0;0;0;0;0;1;1;1;1;0;0;0;0;0;0;0;0;0;0;0;0;0;0;0;0;0;0;0;0;0;0;0;0;0;0;0;0;0;0;0;0;0;0;0;1;1;1;1;1;1;1;1;1;1;1;1;1;1;1;1;1;1;1;0;0;0;0;0;0;0;0;0;0.0004;0.088;0;-0.0884;0;0;0;0;0;0;0;0;0;0;0;0;0;0;0;0;0;0;0;0.0001;0;0;0;0;0.0004;0;0;0;0;0;0;0;-0.0004;-0.0884;0;0;0;0;0;0;0;0;0;-0.7063;0;0.7063;1;1;0;0;0;0
27/01/21 05:00;4.1184;-109.56;79.969;4.3696;6.2788;-90;-6.2788;0;0;0;-0.0001;2.3099;0;0;0;0;0;0;0;0;0;0;0;0;0;1;1;1;1;0;0;0;0;0;0;0;0;0;0;0;0;0;0;0;0;0;0;0;0;0;0;0;0;0;0;0;0;0;0;0;0;0;0;0;1;1;1;1;1;1;1;1;1;1;1;1;1;1;1;1;1;1;1;0;0;0;0;0;0;0;0;0;0.0004;0.088;0;-0.0884;0;0;0;0;0;0;0;0;0;0;0;0;0;0;0;0;0;0;0;0.0001;0;0;0;0;0.0004;0;0;0;0;0;0;0;-0.0004;-0.0884;0;0;0;0;0;0;0;0;0;-0.7063;0;0.7063;1;1;0;0;0;0
27/01/21 06:00;14.331;-102.53;53.107;14.666;23.217;-90;-23.217;0;0;0;-0.0001;2.0701;0;0;0;0;0;0;0;0;0;0;0;0;0;1;1;1;1;0;0;0;0;0;0;0;0;0;0;0;0;0;0;0;0;0;0;0;0;0;0;0;0;0;0;0;0;0;0;0;0;0;0;0;1;1;1;1;1;1;1;1;1;1;1;1;1;1;1;1;1;1;1;0;0;0;0;0;0;0;0;0;0.0004;0.088;0;-0.0884;0;0;0;0;0;0;0;0;0;0;0;0;0;0;0;0;0;0;0;0.0001;0;0;0;0;0.0004;0;0;0;0;0;0;0;-0.0004;-0.0884;0;0;0;0;0;0;0;0;0;-0.7063;0;0.7063;1;1;0;0;0;0
27/01/21 07:00;26.453;-94.548;5.3506;26.525;60;-90;-60;0;0;0;-0.0001;1.5901;0;0;0;0;0;0;0;0;0;0;0;0;0;1;1;1;1;0;0;0;0;0;0;0;0;0;0;0;0;0;0;0;0;0;0;0;0;0;0;0;0;0;0;0;0;0;0;0;0;0;0;0;1;1;1;1;1;1;1;1;1;1;1;1;1;1;1;1;1;1;1;0;0;0;0;0;0;0;0;0;0.0004;0.088;0;-0.0884;0;0;0;0;0;0;0;0;0;0;0;0;0;0;0;0;0;0;0;0.0001;0;0;0;0;0.0004;0;0;0;0;0;0;0;-0.0004;-0.0884;0;0;0;0;0;0;0;0;0;-0.7063;0;0.7063;1;1;0;0;0;0
27/01/21 08:00;38.709;-85.915;3.1865;38.78;51.22;-90;-51.22;0;0;0;-0.0001;1.2899;0;0;0;0;0;0;0;0;0;0;0;0;0;1;1;1;1;0;0;0;0;0;0;0;0;0;0;0;0;0;0;0;0;0;0;0;0;0;0;0;0;0;0;0;0;0;0;0;0;0;0;0;1;1;1;1;1;1;1;1;1;1;1;1;1;1;1;1;1;1;1;0;0;0;0;0;0;0;0;0;0.0004;0.088;0;-0.0884;0;0;0;0;0;0;0;0;0;0;0;0;0;0;0;0;0;0;0;0.0001;0;0;0;0;0.0004;0;0;0;0;0;0;0;-0.0004;-0.0884;0;0;0;0;0;0;0;0;0;-0.7063;0;0.7063;1;1;0;0;0;0
27/01/21 09:00;50.803;-75.255;9.2565;51.739;38.261;-90;-38.261;0;0;0;-0.0001;1.23;0;0;0;0;0;0;0;0;0;0;0;0;0;1;1;1;1;0;0;0;0;0;0;0;0;0;0;0;0;0;0;0;0;0;0;0;0;0;0;0;0;0;0;0;0;0;0;0;0;0;0;0;1;1;1;1;1;1;1;1;1;1;1;1;1;1;1;1;1;1;1;0;0;0;0;0;0;0;0;0;0.0004;0.088;0;-0.0884;0;0;0;0;0;0;0;0;0;0;0;0;0;0;0;0;0;0;0;0.0001;0;0;0;0;0.0004;0;0;0;0;0;0;0;-0.0004;-0.0884;0;0;0;0;0;0;0;0;0;-0.7063;0;0.7063;1;1;0;0;0;0
27/01/21 10:00;62.141;-59.433;13.747;65.53;24.47;-90;-24.47;0;0;0;-0.0001;1.49;0;0;0;0;0;0;0;0;0;0;0;0;0;1;1;1;1;0;0;0;0;0;0;0;0;0;0;0;0;0;0;0;0;0;0;0;0;0;0;0;0;0;0;0;0;0;0;0;0;0;0;0;1;1;1;1;1;1;1;1;1;1;1;1;1;1;1;1;1;1;1;0;0;0;0;0;0;0;0;0;0.0004;0.088;0;-0.0884;0;0;0;0;0;0;0;0;0;0;0;0;0;0;0;0;0;0;0;0.0001;0;0;0;0;0.0004;0;0;0;0;0;0;0;-0.0004;-0.0884;0;0;0;0;0;0;0;0;0;-0.7063;0;0.7063;1;1;0;0;0;0
27/01/21 11:00;70.964;-30.616;16.302;80.034;9.9664;-90;-9.9664;0;0;0;-0.0001;2.1;0;0;0;0;0;0;0;0;0;0;0;0;0;1;1;1;1;0;0;0;0;0;0;0;0;0;0;0;0;0;0;0;0;0;0;0;0;0;0;0;0;0;0;0;0;0;0;0;0;0;0;0;1;1;1;1;1;1;1;1;1;1;1;1;1;1;1;1;1;1;1;0;0;0;0;0;0;0;0;0;0.0004;0.088;0;-0.0884;0;0;0;0;0;0;0;0;0;0;0;0;0;0;0;0;0;0;0;0.0001;0;0;0;0;0.0004;0;0;0;0;0;0;0;-0.0004;-0.0884;0;0;0;0;0;0;0;0;0;-0.7063;0;0.7063;1;1;0;0;0;0
27/01/21 12:00;72.636;15.838;16.685;85.122;4.8779;90;4.8779;0;0;0;-0.0001;2.7999;0;0;0;0;0;0;0;0;0;0;0;0;0;1;1;1;1;0;0;0;0;0;0;0;0;0;0;0;0;0;0;0;0;0;0;0;0;0;0;0;0;0;0;0;0;0;0;0;0;0;0;0;1;1;1;1;1;1;1;1;1;1;1;1;1;1;1;1;1;1;1;0;0;0;0;0;0;0;0;0;0.0004;0.088;0;-0.0884;0;0;0;0;0;0;0;0;0;0;0;0;0;0;0;0;0;0;0;0.0001;0;0;0;0;0.0004;0;0;0;0;0;0;0;-0.0004;-0.0884;0;0;0;0;0;0;0;0;0;-0.7063;0;0.7063;1;1;0;0;0;0
27/01/21 13:00;65.62;51.593;14.859;70.448;19.552;90;19.552;0;0;0;-0.0001;3.4101;0;0;0;0;0;0;0;0;0;0;0;0;0;1;1;1;1;0;0;0;0;0;0;0;0;0;0;0;0;0;0;0;0;0;0;0;0;0;0;0;0;0;0;0;0;0;0;0;0;0;0;0;1;1;1;1;1;1;1;1;1;1;1;1;1;1;1;1;1;1;1;0;0;0;0;0;0;0;0;0;0.0004;0.088;0;-0.0884;0;0;0;0;0;0;0;0;0;0;0;0;0;0;0;0;0;0;0;0.0001;0;0;0;0;0.0004;0;0;0;0;0;0;0;-0.0004;-0.0884;0;0;0;0;0;0;0;0;0;-0.7063;0;0.7063;1;1;0;0;0;0
27/01/21 14:00;54.834;70.657;10.997;56.385;33.615;90;33.615;0;0;0;-0.0001;4.19;0;0;0;0;0;0;0;0;0;0;0;0;0;1;1;1;1;0;0;0;0;0;0;0;0;0;0;0;0;0;0;0;0;0;0;0;0;0;0;0;0;0;0;0;0;0;0;0;0;0;0;0;1;1;1;1;1;1;1;1;1;1;1;1;1;1;1;1;1;1;1;0;0;0;0;0;0;0;0;0;0.0004;0.088;0;-0.0884;0;0;0;0;0;0;0;0;0;0;0;0;0;0;0;0;0;0;0;0.0001;0;0;0;0;0.0004;0;0;0;0;0;0;0;-0.0004;-0.0884;0;0;0;0;0;0;0;0;0;-0.7063;0;0.7063;1;1;0;0;0;0
27/01/21 15:00;42.903;82.582;5.4265;43.144;46.856;90;46.856;0;0;0;-0.0001;5.3;0;0;0;0;0;0;0;0;0;0;0;0;0;1;1;1;1;0;0;0;0;0;0;0;0;0;0;0;0;0;0;0;0;0;0;0;0;0;0;0;0;0;0;0;0;0;0;0;0;0;0;0;1;1;1;1;1;1;1;1;1;1;1;1;1;1;1;1;1;1;1;0;0;0;0;0;0;0;0;0;0.0004;0.088;0;-0.0884;0;0;0;0;0;0;0;0;0;0;0;0;0;0;0;0;0;0;0;0.0001;0;0;0;0;0.0004;0;0;0;0;0;0;0;-0.0004;-0.0884;0;0;0;0;0;0;0;0;0;-0.7063;0;0.7063;1;1;0;0;0;0
27/01/21 16:00;30.662;91.705;1.4667;30.674;59.327;90;59.327;0;0;0;-0.0001;6.7501;0;0;0;0;0;0;0;0;0;0;0;0;0;1;1;1;1;0;0;0;0;0;0;0;0;0;0;0;0;0;0;0;0;0;0;0;0;0;0;0;0;0;0;0;0;0;0;0;0;0;0;0;1;1;1;1;1;1;1;1;1;1;1;1;1;1;1;1;1;1;1;0;0;0;0;0;0;0;0;0;0.0004;0.088;0;-0.0884;0;0;0;0;0;0;0;0;0;0;0;0;0;0;0;0;0;0;0;0.0001;0;0;0;0;0.0004;0;0;0;0;0;0;0;-0.0004;-0.0884;0;0;0;0;0;0;0;0;0;-0.7063;0;0.7063;1;1;0;0;0;0
27/01/21 17:00;18.467;99.806;39.803;18.722;32.399;90;32.399;0;0;0;-0.0001;8.08;0;0;0;0;0;0;0;0;0;0;0;0;0;1;1;1;1;0;0;0;0;0;0;0;0;0;0;0;0;0;0;0;0;0;0;0;0;0;0;0;0;0;0;0;0;0;0;0;0;0;0;0;1;1;1;1;1;1;1;1;1;1;1;1;1;1;1;1;1;1;1;0;0;0;0;0;0;0;0;0;0.0004;0.088;0;-0.0884;0;0;0;0;0;0;0;0;0;0;0;0;0;0;0;0;0;0;0;0.0001;0;0;0;0;0.0004;0;0;0;0;0;0;0;-0.0004;-0.0884;0;0;0;0;0;0;0;0;0;-0.7063;0;0.7063;1;1;0;0;0;0
27/01/21 18:00;6.563;107.82;73.907;6.8906;10.025;90;10.025;0;0;0;-0.0001;9.05;0;0;0;0;0;0;0;0;0;0;0;0;0;1;1;1;1;0;0;0;0;0;0;0;0;0;0;0;0;0;0;0;0;0;0;0;0;0;0;0;0;0;0;0;0;0;0;0;0;0;0;0;1;1;1;1;1;1;1;1;1;1;1;1;1;1;1;1;1;1;1;0;0;0;0;0;0;0;0;0;0.0004;0.088;0;-0.0884;0;0;0;0;0;0;0;0;0;0;0;0;0;0;0;0;0;0;0;0.0001;0;0;0;0;0.0004;0;0;0;0;0;0;0;-0.0004;-0.0884;0;0;0;0;0;0;0;0;0;-0.7063;0;0.7063;1;1;0;0;0;0
27/01/21 19:00;0.4178;112.29;88.987;0.4515;0.6436;90;0.6436;0;0;0;-0.0001;9.77;0;0;0;0;0;0;0;0;0;0;0;0;0;1;1;1;1;0;0;0;0;0;0;0;0;0;0;0;0;0;0;0;0;0;0;0;0;0;0;0;0;0;0;0;0;0;0;0;0;0;0;0;1;1;1;1;1;1;1;1;1;1;1;1;1;1;1;1;1;1;1;0;0;0;0;0;0;0;0;0;0.0004;0.088;0;-0.0884;0;0;0;0;0;0;0;0;0;0;0;0;0;0;0;0;0;0;0;0.0001;0;0;0;0;0.0004;0;0;0;0;0;0;0;-0.0004;-0.0884;0;0;0;0;0;0;0;0;0;-0.7063;0;0.7063;1;1;0;0;0;0
27/01/21 20:00;0;0;90;0;0;90;0;0;0;0;-0.0001;10.31;0;0;0;0;0;0;0;0;0;0;0;0;0;1;1;1;1;0;0;0;0;0;0;0;0;0;0;0;0;0;0;0;0;0;0;0;0;0;0;0;0;0;0;0;0;0;0;0;0;0;0;0;1;1;1;1;1;1;1;1;1;1;1;1;1;1;1;1;1;1;1;0;0;0;0;0;0;0;0;0;0.0004;0.088;0;-0.0884;0;0;0;0;0;0;0;0;0;0;0;0;0;0;0;0;0;0;0;0.0001;0;0;0;0;0.0004;0;0;0;0;0;0;0;-0.0004;-0.0884;0;0;0;0;0;0;0;0;0;-0.7063;0;0.7063;1;1;0;0;0;0
27/01/21 21:00;0;0;90;0;0;90;0;0;0;0;-0.0001;10.06;0;0;0;0;0;0;0;0;0;0;0;0;0;1;1;1;1;0;0;0;0;0;0;0;0;0;0;0;0;0;0;0;0;0;0;0;0;0;0;0;0;0;0;0;0;0;0;0;0;0;0;0;1;1;1;1;1;1;1;1;1;1;1;1;1;1;1;1;1;1;1;0;0;0;0;0;0;0;0;0;0.0004;0.088;0;-0.0884;0;0;0;0;0;0;0;0;0;0;0;0;0;0;0;0;0;0;0;0.0001;0;0;0;0;0.0004;0;0;0;0;0;0;0;-0.0004;-0.0884;0;0;0;0;0;0;0;0;0;-0.7063;0;0.7063;1;1;0;0;0;0
27/01/21 22:00;0;0;90;0;0;90;0;0;0;0;-0.0001;9.44;0;0;0;0;0;0;0;0;0;0;0;0;0;1;1;1;1;0;0;0;0;0;0;0;0;0;0;0;0;0;0;0;0;0;0;0;0;0;0;0;0;0;0;0;0;0;0;0;0;0;0;0;1;1;1;1;1;1;1;1;1;1;1;1;1;1;1;1;1;1;1;0;0;0;0;0;0;0;0;0;0.0004;0.088;0;-0.0884;0;0;0;0;0;0;0;0;0;0;0;0;0;0;0;0;0;0;0;0.0001;0;0;0;0;0.0004;0;0;0;0;0;0;0;-0.0004;-0.0884;0;0;0;0;0;0;0;0;0;-0.7063;0;0.7063;1;1;0;0;0;0
27/01/21 23:00;0;0;90;0;0;90;0;0;0;0;-0.0001;8.96;0;0;0;0;0;0;0;0;0;0;0;0;0;1;1;1;1;0;0;0;0;0;0;0;0;0;0;0;0;0;0;0;0;0;0;0;0;0;0;0;0;0;0;0;0;0;0;0;0;0;0;0;1;1;1;1;1;1;1;1;1;1;1;1;1;1;1;1;1;1;1;0;0;0;0;0;0;0;0;0;0.0004;0.088;0;-0.0884;0;0;0;0;0;0;0;0;0;0;0;0;0;0;0;0;0;0;0;0.0001;0;0;0;0;0.0004;0;0;0;0;0;0;0;-0.0004;-0.0884;0;0;0;0;0;0;0;0;0;-0.7063;0;0.7063;1;1;0;0;0;0
28/01/21 00:00;0;0;90;0;0;90;0;0;0;0;-0.0001;8.6999;0;0;0;0;0;0;0;0;0;0;0;0;0;1;1;1;1;0;0;0;0;0;0;0;0;0;0;0;0;0;0;0;0;0;0;0;0;0;0;0;0;0;0;0;0;0;0;0;0;0;0;0;1;1;1;1;1;1;1;1;1;1;1;1;1;1;1;1;1;1;1;0;0;0;0;0;0;0;0;0;0.0004;0.088;0;-0.0884;0;0;0;0;0;0;0;0;0;0;0;0;0;0;0;0;0;0;0;0.0001;0;0;0;0;0.0004;0;0;0;0;0;0;0;-0.0004;-0.0884;0;0;0;0;0;0;0;0;0;-0.7063;0;0.7063;1;1;0;0;0;0
28/01/21 01:00;0;0;90;0;0;90;0;0;0;0;-0.0001;8.55;0;0;0;0;0;0;0;0;0;0;0;0;0;1;1;1;1;0;0;0;0;0;0;0;0;0;0;0;0;0;0;0;0;0;0;0;0;0;0;0;0;0;0;0;0;0;0;0;0;0;0;0;1;1;1;1;1;1;1;1;1;1;1;1;1;1;1;1;1;1;1;0;0;0;0;0;0;0;0;0;0.0004;0.088;0;-0.0884;0;0;0;0;0;0;0;0;0;0;0;0;0;0;0;0;0;0;0;0.0001;0;0;0;0;0.0004;0;0;0;0;0;0;0;-0.0004;-0.0884;0;0;0;0;0;0;0;0;0;-0.7063;0;0.7063;1;1;0;0;0;0
28/01/21 02:00;0;0;90;0;0;90;0;0;0;0;-0.0001;8.4301;0;0;0;0;0;0;0;0;0;0;0;0;0;1;1;1;1;0;0;0;0;0;0;0;0;0;0;0;0;0;0;0;0;0;0;0;0;0;0;0;0;0;0;0;0;0;0;0;0;0;0;0;1;1;1;1;1;1;1;1;1;1;1;1;1;1;1;1;1;1;1;0;0;0;0;0;0;0;0;0;0.0004;0.088;0;-0.0884;0;0;0;0;0;0;0;0;0;0;0;0;0;0;0;0;0;0;0;0.0001;0;0;0;0;0.0004;0;0;0;0;0;0;0;-0.0004;-0.0884;0;0;0;0;0;0;0;0;0;-0.7063;0;0.7063;1;1;0;0;0;0
28/01/21 03:00;0;0;90;0;0;90;0;0;0;0;-0.0001;8.2801;0;0;0;0;0;0;0;0;0;0;0;0;0;1;1;1;1;0;0;0;0;0;0;0;0;0;0;0;0;0;0;0;0;0;0;0;0;0;0;0;0;0;0;0;0;0;0;0;0;0;0;0;1;1;1;1;1;1;1;1;1;1;1;1;1;1;1;1;1;1;1;0;0;0;0;0;0;0;0;0;0.0004;0.088;0;-0.0884;0;0;0;0;0;0;0;0;0;0;0;0;0;0;0;0;0;0;0;0.0001;0;0;0;0;0.0004;0;0;0;0;0;0;0;-0.0004;-0.0884;0;0;0;0;0;0;0;0;0;-0.7063;0;0.7063;1;1;0;0;0;0
28/01/21 04:00;0;0;90;0;0;90;0;0;0;0;-0.0001;8.09;0;0;0;0;0;0;0;0;0;0;0;0;0;1;1;1;1;0;0;0;0;0;0;0;0;0;0;0;0;0;0;0;0;0;0;0;0;0;0;0;0;0;0;0;0;0;0;0;0;0;0;0;1;1;1;1;1;1;1;1;1;1;1;1;1;1;1;1;1;1;1;0;0;0;0;0;0;0;0;0;0.0004;0.088;0;-0.0884;0;0;0;0;0;0;0;0;0;0;0;0;0;0;0;0;0;0;0;0.0001;0;0;0;0;0.0004;0;0;0;0;0;0;0;-0.0004;-0.0884;0;0;0;0;0;0;0;0;0;-0.7063;0;0.7063;1;1;0;0;0;0
28/01/21 05:00;4.116;-109.23;79.975;4.3584;6.2624;-90;-6.2624;0;0;0;-0.0001;8.3501;0;0;0;0;0;0;0;0;0;0;0;0;0;1;1;1;1;0;0;0;0;0;0;0;0;0;0;0;0;0;0;0;0;0;0;0;0;0;0;0;0;0;0;0;0;0;0;0;0;0;0;0;1;1;1;1;1;1;1;1;1;1;1;1;1;1;1;1;1;1;1;0;0;0;0;0;0;0;0;0;0.0004;0.088;0;-0.0884;0;0;0;0;0;0;0;0;0;0;0;0;0;0;0;0;0;0;0;0.0001;0;0;0;0;0.0004;0;0;0;0;0;0;0;-0.0004;-0.0884;0;0;0;0;0;0;0;0;0;-0.7063;0;0.7063;1;1;0;0;0;0
28/01/21 06:00;14.146;-102.33;53.651;14.466;22.824;-90;-22.824;0;0;0;-0.0001;8.6899;0;0;0;0;0;0;0;0;0;0;0;0;0;1;1;1;1;0;0;0;0;0;0;0;0;0;0;0;0;0;0;0;0;0;0;0;0;0;0;0;0;0;0;0;0;0;0;0;0;0;0;0;1;1;1;1;1;1;1;1;1;1;1;1;1;1;1;1;1;1;1;0;0;0;0;0;0;0;0;0;0.0004;0.088;0;-0.0884;0;0;0;0;0;0;0;0;0;0;0;0;0;0;0;0;0;0;0;0.0001;0;0;0;0;0.0004;0;0;0;0;0;0;0;-0.0004;-0.0884;0;0;0;0;0;0;0;0;0;-0.7063;0;0.7063;1;1;0;0;0;0
28/01/21 07:00;26.274;-94.325;5.331;26.338;60;-90;-60;0;0;0;-0.0001;8.9199;0;0;0;0;0;0;0;0;0;0;0;0;0;1;1;1;1;0;0;0;0;0;0;0;0;0;0;0;0;0;0;0;0;0;0;0;0;0;0;0;0;0;0;0;0;0;0;0;0;0;0;0;1;1;1;1;1;1;1;1;1;1;1;1;1;1;1;1;1;1;1;0;0;0;0;0;0;0;0;0;0.0004;0.088;0;-0.0884;0;0;0;0;0;0;0;0;0;0;0;0;0;0;0;0;0;0;0;0.0001;0;0;0;0;0.0004;0;0;0;0;0;0;0;-0.0004;-0.0884;0;0;0;0;0;0;0;0;0;-0.7063;0;0.7063;1;1;0;0;0;0
28/01/21 08:00;38.53;-85.659;3.3946;38.61;51.39;-90;-51.39;0;0;0;-0.0001;9.04;0;0;0;0;0;0;0;0;0;0;0;0;0;1;1;1;1;0;0;0;0;0;0;0;0;0;0;0;0;0;0;0;0;0;0;0;0;0;0;0;0;0;0;0;0;0;0;0;0;0;0;0;1;1;1;1;1;1;1;1;1;1;1;1;1;1;1;1;1;1;1;0;0;0;0;0;0;0;0;0;0.0004;0.088;0;-0.0884;0;0;0;0;0;0;0;0;0;0;0;0;0;0;0;0;0;0;0;0.0001;0;0;0;0;0.0004;0;0;0;0;0;0;0;-0.0004;-0.0884;0;0;0;0;0;0;0;0;0;-0.7063;0;0.7063;1;1;0;0;0;0
28/01/21 09:00;50.614;-74.953;9.4815;51.591;38.409;-90;-38.409;0;0;0;-0.0001;9.11;0;0;0;0;0;0;0;0;0;0;0;0;0;1;1;1;1;0;0;0;0;0;0;0;0;0;0;0;0;0;0;0;0;0;0;0;0;0;0;0;0;0;0;0;0;0;0;0;0;0;0;0;1;1;1;1;1;1;1;1;1;1;1;1;1;1;1;1;1;1;1;0;0;0;0;0;0;0;0;0;0.0004;0.088;0;-0.0884;0;0;0;0;0;0;0;0;0;0;0;0;0;0;0;0;0;0;0;0.0001;0;0;0;0;0.0004;0;0;0;0;0;0;0;-0.0004;-0.0884;0;0;0;0;0;0;0;0;0;-0.7063;0;0.7063;1;1;0;0;0;0
28/01/21 10:00;61.926;-59.091;13.989;65.411;24.59;-90;-24.59;0;0;0;-0.0001;8.7799;0;0;0;0;0;0;0;0;0;0;0;0;0;1;1;1;1;0;0;0;0;0;0;0;0;0;0;0;0;0;0;0;0;0;0;0;0;0;0;0;0;0;0;0;0;0;0;0;0;0;0;0;1;1;1;1;1;1;1;1;1;1;1;1;1;1;1;1;1;1;1;0;0;0;0;0;0;0;0;0;0.0004;0.088;0;-0.0884;0;0;0;0;0;0;0;0;0;0;0;0;0;0;0;0;0;0;0;0.0001;0;0;0;0;0.0004;0;0;0;0;0;0;0;-0.0004;-0.0884;0;0;0;0;0;0;0;0;0;-0.7063;0;0.7063;1;1;0;0;0;0
28/01/21 11:00;70.704;-30.405;16.559;79.952;10.048;-90;-10.048;0;0;0;-0.0001;8.9199;0;0;0;0;0;0;0;0;0;0;0;0;0;1;1;1;1;0;0;0;0;0;0;0;0;0;0;0;0;0;0;0;0;0;0;0;0;0;0;0;0;0;0;0;0;0;0;0;0;0;0;0;1;1;1;1;1;1;1;1;1;1;1;1;1;1;1;1;1;1;1;0;0;0;0;0;0;0;0;0;0.0004;0.088;0;-0.0884;0;0;0;0;0;0;0;0;0;0;0;0;0;0;0;0;0;0;0;0.0001;0;0;0;0;0.0004;0;0;0;0;0;0;0;-0.0004;-0.0884;0;0;0;0;0;0;0;0;0;-0.7063;0;0.7063;1;1;0;0;0;0
28/01/21 12:00;72.391;15.469;16.951;85.161;4.8388;90;4.8388;0;0;0;-0.0001;9.5501;0;0;0;0;0;0;0;0;0;0;0;0;0;1;1;1;1;0;0;0;0;0;0;0;0;0;0;0;0;0;0;0;0;0;0;0;0;0;0;0;0;0;0;0;0;0;0;0;0;0;0;0;1;1;1;1;1;1;1;1;1;1;1;1;1;1;1;1;1;1;1;0;0;0;0;0;0;0;0;0;0.0004;0.088;0;-0.0884;0;0;0;0;0;0;0;0;0;0;0;0;0;0;0;0;0;0;0;0.0001;0;0;0;0;0.0004;0;0;0;0;0;0;0;-0.0004;-0.0884;0;0;0;0;0;0;0;0;0;-0.7063;0;0.7063;1;1;0;0;0;0
28/01/21 13:00;65.459;51.074;15.127;70.445;19.555;90;19.555;0;0;0;-0.0001;9.6499;0;0;0;0;0;0;0;0;0;0;0;0;0;1;1;1;1;0;0;0;0;0;0;0;0;0;0;0;0;0;0;0;0;0;0;0;0;0;0;0;0;0;0;0;0;0;0;0;0;0;0;0;1;1;1;1;1;1;1;1;1;1;1;1;1;1;1;1;1;1;1;0;0;0;0;0;0;0;0;0;0.0004;0.088;0;-0.0884;0;0;0;0;0;0;0;0;0;0;0;0;0;0;0;0;0;0;0;0.0001;0;0;0;0;0.0004;0;0;0;0;0;0;0;-0.0004;-0.0884;0;0;0;0;0;0;0;0;0;-0.7063;0;0.7063;1;1;0;0;0;0
28/01/21 14:00;54.721;70.235;11.263;56.344;33.656;90;33.656;0;0;0;-0.0001;9.12;0;0;0;0;0;0;0;0;0;0;0;0;0;1;1;1;1;0;0;0;0;0;0;0;0;0;0;0;0;0;0;0;0;0;0;0;0;0;0;0;0;0;0;0;0;0;0;0;0;0;0;0;1;1;1;1;1;1;1;1;1;1;1;1;1;1;1;1;1;1;1;0;0;0;0;0;0;0;0;0;0.0004;0.088;0;-0.0884;0;0;0;0;0;0;0;0;0;0;0;0;0;0;0;0;0;0;0;0.0001;0;0;0;0;0.0004;0;0;0;0;0;0;0;-0.0004;-0.0884;0;0;0;0;0;0;0;0;0;-0.7063;0;0.7063;1;1;0;0;0;0
28/01/21 15:00;42.81;82.239;5.6855;43.073;46.927;90;46.927;0;0;0;-0.0001;8.63;0;0;0;0;0;0;0;0;0;0;0;0;0;1;1;1;1;0;0;0;0;0;0;0;0;0;0;0;0;0;0;0;0;0;0;0;0;0;0;0;0;0;0;0;0;0;0;0;0;0;0;0;1;1;1;1;1;1;1;1;1;1;1;1;1;1;1;1;1;1;1;0;0;0;0;0;0;0;0;0;0.0004;0.088;0;-0.0884;0;0;0;0;0;0;0;0;0;0;0;0;0;0;0;0;0;0;0;0.0001;0;0;0;0;0.0004;0;0;0;0;0;0;0;-0.0004;-0.0884;0;0;0;0;0;0;0;0;0;-0.7063;0;0.7063;1;1;0;0;0;0
28/01/21 16:00;30.572;91.411;1.2151;30.58;59.42;90;59.42;0;0;0;-0.0001;8.09;0;0;0;0;0;0;0;0;0;0;0;0;0;1;1;1;1;0;0;0;0;0;0;0;0;0;0;0;0;0;0;0;0;0;0;0;0;0;0;0;0;0;0;0;0;0;0;0;0;0;0;0;1;1;1;1;1;1;1;1;1;1;1;1;1;1;1;1;1;1;1;0;0;0;0;0;0;0;0;0;0.0004;0.088;0;-0.0884;0;0;0;0;0;0;0;0;0;0;0;0;0;0;0;0;0;0;0;0.0001;0;0;0;0;0.0004;0;0;0;0;0;0;0;-0.0004;-0.0884;0;0;0;0;0;0;0;0;0;-0.7063;0;0.7063;1;1;0;0;0;0
28/01/21 17:00;18.371;99.542;40.147;18.611;32.105;90;32.105;0;0;0;-0.0001;7.5799;0;0;0;0;0;0;0;0;0;0;0;0;0;1;1;1;1;0;0;0;0;0;0;0;0;0;0;0;0;0;0;0;0;0;0;0;0;0;0;0;0;0;0;0;0;0;0;0;0;0;0;0;1;1;1;1;1;1;1;1;1;1;1;1;1;1;1;1;1;1;1;0;0;0;0;0;0;0;0;0;0.0004;0.088;0;-0.0884;0;0;0;0;0;0;0;0;0;0;0;0;0;0;0;0;0;0;0;0.0001;0;0;0;0;0.0004;0;0;0;0;0;0;0;-0.0004;-0.0884;0;0;0;0;0;0;0;0;0;-0.7063;0;0.7063;1;1;0;0;0;0
28/01/21 18:00;6.4541;107.57;74.18;6.7671;9.8384;90;9.8384;0;0;0;-0.0001;7.51;0;0;0;0;0;0;0;0;0;0;0;0;0;1;1;1;1;0;0;0;0;0;0;0;0;0;0;0;0;0;0;0;0;0;0;0;0;0;0;0;0;0;0;0;0;0;0;0;0;0;0;0;1;1;1;1;1;1;1;1;1;1;1;1;1;1;1;1;1;1;1;0;0;0;0;0;0;0;0;0;0.0004;0.088;0;-0.0884;0;0;0;0;0;0;0;0;0;0;0;0;0;0;0;0;0;0;0;0.0001;0;0;0;0;0.0004;0;0;0;0;0;0;0;-0.0004;-0.0884;0;0;0;0;0;0;0;0;0;-0.7063;0;0.7063;1;1;0;0;0;0
28/01/21 19:00;0.2994;112.05;89.274;0.323;0.4604;90;0.4604;0;0;0;-0.0001;8.1299;0;0;0;0;0;0;0;0;0;0;0;0;0;1;1;1;1;0;0;0;0;0;0;0;0;0;0;0;0;0;0;0;0;0;0;0;0;0;0;0;0;0;0;0;0;0;0;0;0;0;0;0;1;1;1;1;1;1;1;1;1;1;1;1;1;1;1;1;1;1;1;0;0;0;0;0;0;0;0;0;0.0004;0.088;0;-0.0884;0;0;0;0;0;0;0;0;0;0;0;0;0;0;0;0;0;0;0;0.0001;0;0;0;0;0.0004;0;0;0;0;0;0;0;-0.0004;-0.0884;0;0;0;0;0;0;0;0;0;-0.7063;0;0.7063;1;1;0;0;0;0
28/01/21 20:00;0;0;90;0;0;90;0;0;0;0;-0.0001;8.87;0;0;0;0;0;0;0;0;0;0;0;0;0;1;1;1;1;0;0;0;0;0;0;0;0;0;0;0;0;0;0;0;0;0;0;0;0;0;0;0;0;0;0;0;0;0;0;0;0;0;0;0;1;1;1;1;1;1;1;1;1;1;1;1;1;1;1;1;1;1;1;0;0;0;0;0;0;0;0;0;0.0004;0.088;0;-0.0884;0;0;0;0;0;0;0;0;0;0;0;0;0;0;0;0;0;0;0;0.0001;0;0;0;0;0.0004;0;0;0;0;0;0;0;-0.0004;-0.0884;0;0;0;0;0;0;0;0;0;-0.7063;0;0.7063;1;1;0;0;0;0
28/01/21 21:00;0;0;90;0;0;90;0;0;0;0;-0.0001;9.1699;0;0;0;0;0;0;0;0;0;0;0;0;0;1;1;1;1;0;0;0;0;0;0;0;0;0;0;0;0;0;0;0;0;0;0;0;0;0;0;0;0;0;0;0;0;0;0;0;0;0;0;0;1;1;1;1;1;1;1;1;1;1;1;1;1;1;1;1;1;1;1;0;0;0;0;0;0;0;0;0;0.0004;0.088;0;-0.0884;0;0;0;0;0;0;0;0;0;0;0;0;0;0;0;0;0;0;0;0.0001;0;0;0;0;0.0004;0;0;0;0;0;0;0;-0.0004;-0.0884;0;0;0;0;0;0;0;0;0;-0.7063;0;0.7063;1;1;0;0;0;0
28/01/21 22:00;0;0;90;0;0;90;0;0;0;0;-0.0001;8.88;0;0;0;0;0;0;0;0;0;0;0;0;0;1;1;1;1;0;0;0;0;0;0;0;0;0;0;0;0;0;0;0;0;0;0;0;0;0;0;0;0;0;0;0;0;0;0;0;0;0;0;0;1;1;1;1;1;1;1;1;1;1;1;1;1;1;1;1;1;1;1;0;0;0;0;0;0;0;0;0;0.0004;0.088;0;-0.0884;0;0;0;0;0;0;0;0;0;0;0;0;0;0;0;0;0;0;0;0.0001;0;0;0;0;0.0004;0;0;0;0;0;0;0;-0.0004;-0.0884;0;0;0;0;0;0;0;0;0;-0.7063;0;0.7063;1;1;0;0;0;0
28/01/21 23:00;0;0;90;0;0;90;0;0;0;0;-0.0001;8.3699;0;0;0;0;0;0;0;0;0;0;0;0;0;1;1;1;1;0;0;0;0;0;0;0;0;0;0;0;0;0;0;0;0;0;0;0;0;0;0;0;0;0;0;0;0;0;0;0;0;0;0;0;1;1;1;1;1;1;1;1;1;1;1;1;1;1;1;1;1;1;1;0;0;0;0;0;0;0;0;0;0.0004;0.088;0;-0.0884;0;0;0;0;0;0;0;0;0;0;0;0;0;0;0;0;0;0;0;0.0001;0;0;0;0;0.0004;0;0;0;0;0;0;0;-0.0004;-0.0884;0;0;0;0;0;0;0;0;0;-0.7063;0;0.7063;1;1;0;0;0;0
29/01/21 00:00;0;0;90;0;0;90;0;0;0;0;-0.0001;8.01;0;0;0;0;0;0;0;0;0;0;0;0;0;1;1;1;1;0;0;0;0;0;0;0;0;0;0;0;0;0;0;0;0;0;0;0;0;0;0;0;0;0;0;0;0;0;0;0;0;0;0;0;1;1;1;1;1;1;1;1;1;1;1;1;1;1;1;1;1;1;1;0;0;0;0;0;0;0;0;0;0.0004;0.088;0;-0.0884;0;0;0;0;0;0;0;0;0;0;0;0;0;0;0;0;0;0;0;0.0001;0;0;0;0;0.0004;0;0;0;0;0;0;0;-0.0004;-0.0884;0;0;0;0;0;0;0;0;0;-0.7063;0;0.7063;1;1;0;0;0;0
29/01/21 01:00;0;0;90;0;0;90;0;0;0;0;-0.0001;7.9501;0;0;0;0;0;0;0;0;0;0;0;0;0;1;1;1;1;0;0;0;0;0;0;0;0;0;0;0;0;0;0;0;0;0;0;0;0;0;0;0;0;0;0;0;0;0;0;0;0;0;0;0;1;1;1;1;1;1;1;1;1;1;1;1;1;1;1;1;1;1;1;0;0;0;0;0;0;0;0;0;0.0004;0.088;0;-0.0884;0;0;0;0;0;0;0;0;0;0;0;0;0;0;0;0;0;0;0;0.0001;0;0;0;0;0.0004;0;0;0;0;0;0;0;-0.0004;-0.0884;0;0;0;0;0;0;0;0;0;-0.7063;0;0.7063;1;1;0;0;0;0
29/01/21 02:00;0;0;90;0;0;90;0;0;0;0;-0.0001;7.7399;0;0;0;0;0;0;0;0;0;0;0;0;0;1;1;1;1;0;0;0;0;0;0;0;0;0;0;0;0;0;0;0;0;0;0;0;0;0;0;0;0;0;0;0;0;0;0;0;0;0;0;0;1;1;1;1;1;1;1;1;1;1;1;1;1;1;1;1;1;1;1;0;0;0;0;0;0;0;0;0;0.0004;0.088;0;-0.0884;0;0;0;0;0;0;0;0;0;0;0;0;0;0;0;0;0;0;0;0.0001;0;0;0;0;0.0004;0;0;0;0;0;0;0;-0.0004;-0.0884;0;0;0;0;0;0;0;0;0;-0.7063;0;0.7063;1;1;0;0;0;0
29/01/21 03:00;0;0;90;0;0;90;0;0;0;0;-0.0001;7.2599;0;0;0;0;0;0;0;0;0;0;0;0;0;1;1;1;1;0;0;0;0;0;0;0;0;0;0;0;0;0;0;0;0;0;0;0;0;0;0;0;0;0;0;0;0;0;0;0;0;0;0;0;1;1;1;1;1;1;1;1;1;1;1;1;1;1;1;1;1;1;1;0;0;0;0;0;0;0;0;0;0.0004;0.088;0;-0.0884;0;0;0;0;0;0;0;0;0;0;0;0;0;0;0;0;0;0;0;0.0001;0;0;0;0;0.0004;0;0;0;0;0;0;0;-0.0004;-0.0884;0;0;0;0;0;0;0;0;0;-0.7063;0;0.7063;1;1;0;0;0;0
29/01/21 04:00;0;0;90;0;0;90;0;0;0;0;-0.0001;6.9399;0;0;0;0;0;0;0;0;0;0;0;0;0;1;1;1;1;0;0;0;0;0;0;0;0;0;0;0;0;0;0;0;0;0;0;0;0;0;0;0;0;0;0;0;0;0;0;0;0;0;0;0;1;1;1;1;1;1;1;1;1;1;1;1;1;1;1;1;1;1;1;0;0;0;0;0;0;0;0;0;0.0004;0.088;0;-0.0884;0;0;0;0;0;0;0;0;0;0;0;0;0;0;0;0;0;0;0;0.0001;0;0;0;0;0.0004;0;0;0;0;0;0;0;-0.0004;-0.0884;0;0;0;0;0;0;0;0;0;-0.7063;0;0.7063;1;1;0;0;0;0
29/01/21 05:00;4.1133;-108.9;79.982;4.3469;6.2457;-90;-6.2457;0;0;0;-0.0001;6.87;0;0;0;0;0;0;0;0;0;0;0;0;0;1;1;1;1;0;0;0;0;0;0;0;0;0;0;0;0;0;0;0;0;0;0;0;0;0;0;0;0;0;0;0;0;0;0;0;0;0;0;0;1;1;1;1;1;1;1;1;1;1;1;1;1;1;1;1;1;1;1;0;0;0;0;0;0;0;0;0;0.0004;0.088;0;-0.0884;0;0;0;0;0;0;0;0;0;0;0;0;0;0;0;0;0;0;0;0.0001;0;0;0;0;0.0004;0;0;0;0;0;0;0;-0.0004;-0.0884;0;0;0;0;0;0;0;0;0;-0.7063;0;0.7063;1;1;0;0;0;0
29/01/21 06:00;13.959;-102.13;54.193;14.265;22.434;-90;-22.434;0;0;0;-0.0001;7.14;0;0;0;0;0;0;0;0;0;0;0;0;0;1;1;1;1;0;0;0;0;0;0;0;0;0;0;0;0;0;0;0;0;0;0;0;0;0;0;0;0;0;0;0;0;0;0;0;0;0;0;0;1;1;1;1;1;1;1;1;1;1;1;1;1;1;1;1;1;1;1;0;0;0;0;0;0;0;0;0;0.0004;0.088;0;-0.0884;0;0;0;0;0;0;0;0;0;0;0;0;0;0;0;0;0;0;0;0.0001;0;0;0;0;0.0004;0;0;0;0;0;0;0;-0.0004;-0.0884;0;0;0;0;0;0;0;0;0;-0.7063;0;0.7063;1;1;0;0;0;0
29/01/21 07:00;26.094;-94.095;5.3209;26.152;60;-90;-60;0;0;0;-0.0001;7.8199;0;0;0;0;0;0;0;0;0;0;0;0;0;1;1;1;1;0;0;0;0;0;0;0;0;0;0;0;0;0;0;0;0;0;0;0;0;0;0;0;0;0;0;0;0;0;0;0;0;0;0;0;1;1;1;1;1;1;1;1;1;1;1;1;1;1;1;1;1;1;1;0;0;0;0;0;0;0;0;0;0.0004;0.088;0;-0.0884;0;0;0;0;0;0;0;0;0;0;0;0;0;0;0;0;0;0;0;0.0001;0;0;0;0;0.0004;0;0;0;0;0;0;0;-0.0004;-0.0884;0;0;0;0;0;0;0;0;0;-0.7063;0;0.7063;1;1;0;0;0;0
29/01/21 08:00;38.35;-85.396;3.6088;38.44;51.56;-90;-51.56;0;0;0;-0.0001;8.2099;0;0;0;0;0;0;0;0;0;0;0;0;0;1;1;1;1;0;0;0;0;0;0;0;0;0;0;0;0;0;0;0;0;0;0;0;0;0;0;0;0;0;0;0;0;0;0;0;0;0;0;0;1;1;1;1;1;1;1;1;1;1;1;1;1;1;1;1;1;1;1;0;0;0;0;0;0;0;0;0;0.0004;0.088;0;-0.0884;0;0;0;0;0;0;0;0;0;0;0;0;0;0;0;0;0;0;0;0.0001;0;0;0;0;0.0004;0;0;0;0;0;0;0;-0.0004;-0.0884;0;0;0;0;0;0;0;0;0;-0.7063;0;0.7063;1;1;0;0;0;0
29/01/21 09:00;50.424;-74.645;9.7126;51.443;38.557;-90;-38.557;0;0;0;-0.0001;8.2001;0;0;0;0;0;0;0;0;0;0;0;0;0;1;1;1;1;0;0;0;0;0;0;0;0;0;0;0;0;0;0;0;0;0;0;0;0;0;0;0;0;0;0;0;0;0;0;0;0;0;0;0;1;1;1;1;1;1;1;1;1;1;1;1;1;1;1;1;1;1;1;0;0;0;0;0;0;0;0;0;0.0004;0.088;0;-0.0884;0;0;0;0;0;0;0;0;0;0;0;0;0;0;0;0;0;0;0;0.0001;0;0;0;0;0.0004;0;0;0;0;0;0;0;-0.0004;-0.0884;0;0;0;0;0;0;0;0;0;-0.7063;0;0.7063;1;1;0;0;0;0
29/01/21 10:00;61.709;-58.741;14.237;65.293;24.707;-90;-24.707;0;0;0;-0.0001;8.0301;0;0;0;0;0;0;0;0;0;0;0;0;0;1;1;1;1;0;0;0;0;0;0;0;0;0;0;0;0;0;0;0;0;0;0;0;0;0;0;0;0;0;0;0;0;0;0;0;0;0;0;0;1;1;1;1;1;1;1;1;1;1;1;1;1;1;1;1;1;1;1;0;0;0;0;0;0;0;0;0;0.0004;0.088;0;-0.0884;0;0;0;0;0;0;0;0;0;0;0;0;0;0;0;0;0;0;0;0.0001;0;0;0;0;0.0004;0;0;0;0;0;0;0;-0.0004;-0.0884;0;0;0;0;0;0;0;0;0;-0.7063;0;0.7063;1;1;0;0;0;0
29/01/21 11:00;70.441;-30.185;16.821;79.872;10.128;-90;-10.128;0;0;0;-0.0001;7.69;0;0;0;0;0;0;0;0;0;0;0;0;0;1;1;1;1;0;0;0;0;0;0;0;0;0;0;0;0;0;0;0;0;0;0;0;0;0;0;0;0;0;0;0;0;0;0;0;0;0;0;0;1;1;1;1;1;1;1;1;1;1;1;1;1;1;1;1;1;1;1;0;0;0;0;0;0;0;0;0;0.0004;0.088;0;-0.0884;0;0;0;0;0;0;0;0;0;0;0;0;0;0;0;0;0;0;0;0.0001;0;0;0;0;0.0004;0;0;0;0;0;0;0;-0.0004;-0.0884;0;0;0;0;0;0;0;0;0;-0.7063;0;0.7063;1;1;0;0;0;0
29/01/21 12:00;72.14;15.115;17.222;85.197;4.8028;90;4.8028;0;0;0;-0.0001;7.2;0;0;0;0;0;0;0;0;0;0;0;0;0;1;1;1;1;0;0;0;0;0;0;0;0;0;0;0;0;0;0;0;0;0;0;0;0;0;0;0;0;0;0;0;0;0;0;0;0;0;0;0;1;1;1;1;1;1;1;1;1;1;1;1;1;1;1;1;1;1;1;0;0;0;0;0;0;0;0;0;0.0004;0.088;0;-0.0884;0;0;0;0;0;0;0;0;0;0;0;0;0;0;0;0;0;0;0;0.0001;0;0;0;0;0.0004;0;0;0;0;0;0;0;-0.0004;-0.0884;0;0;0;0;0;0;0;0;0;-0.7063;0;0.7063;1;1;0;0;0;0
29/01/21 13:00;65.291;50.558;15.4;70.437;19.563;90;19.563;0;0;0;-0.0001;6.48;0;0;0;0;0;0;0;0;0;0;0;0;0;1;1;1;1;0;0;0;0;0;0;0;0;0;0;0;0;0;0;0;0;0;0;0;0;0;0;0;0;0;0;0;0;0;0;0;0;0;0;0;1;1;1;1;1;1;1;1;1;1;1;1;1;1;1;1;1;1;1;0;0;0;0;0;0;0;0;0;0.0004;0.088;0;-0.0884;0;0;0;0;0;0;0;0;0;0;0;0;0;0;0;0;0;0;0;0.0001;0;0;0;0;0.0004;0;0;0;0;0;0;0;-0.0004;-0.0884;0;0;0;0;0;0;0;0;0;-0.7063;0;0.7063;1;1;0;0;0;0
29/01/21 14:00;54.602;69.81;11.532;56.299;33.701;90;33.701;0;0;0;-0.0001;5.5701;0;0;0;0;0;0;0;0;0;0;0;0;0;1;1;1;1;0;0;0;0;0;0;0;0;0;0;0;0;0;0;0;0;0;0;0;0;0;0;0;0;0;0;0;0;0;0;0;0;0;0;0;1;1;1;1;1;1;1;1;1;1;1;1;1;1;1;1;1;1;1;0;0;0;0;0;0;0;0;0;0.0004;0.088;0;-0.0884;0;0;0;0;0;0;0;0;0;0;0;0;0;0;0;0;0;0;0;0.0001;0;0;0;0;0.0004;0;0;0;0;0;0;0;-0.0004;-0.0884;0;0;0;0;0;0;0;0;0;-0.7063;0;0.7063;1;1;0;0;0;0
29/01/21 15:00;42.709;81.893;5.948;42.996;47.004;90;47.004;0;0;0;-0.0001;4.5499;0;0;0;0;0;0;0;0;0;0;0;0;0;1;1;1;1;0;0;0;0;0;0;0;0;0;0;0;0;0;0;0;0;0;0;0;0;0;0;0;0;0;0;0;0;0;0;0;0;0;0;0;1;1;1;1;1;1;1;1;1;1;1;1;1;1;1;1;1;1;1;0;0;0;0;0;0;0;0;0;0.0004;0.088;0;-0.0884;0;0;0;0;0;0;0;0;0;0;0;0;0;0;0;0;0;0;0;0.0001;0;0;0;0;0.0004;0;0;0;0;0;0;0;-0.0004;-0.0884;0;0;0;0;0;0;0;0;0;-0.7063;0;0.7063;1;1;0;0;0;0
29/01/21 16:00;30.476;91.115;0.9605;30.481;59.519;90;59.519;0;0;0;-0.0001;3.4299;0;0;0;0;0;0;0;0;0;0;0;0;0;1;1;1;1;0;0;0;0;0;0;0;0;0;0;0;0;0;0;0;0;0;0;0;0;0;0;0;0;0;0;0;0;0;0;0;0;0;0;0;1;1;1;1;1;1;1;1;1;1;1;1;1;1;1;1;1;1;1;0;0;0;0;0;0;0;0;0;0.0004;0.088;0;-0.0884;0;0;0;0;0;0;0;0;0;0;0;0;0;0;0;0;0;0;0;0.0001;0;0;0;0;0.0004;0;0;0;0;0;0;0;-0.0004;-0.0884;0;0;0;0;0;0;0;0;0;-0.7063;0;0.7063;1;1;0;0;0;0
29/01/21 17:00;18.27;99.274;40.509;18.495;31.801;90;31.801;0;0;0;-0.0001;2.73;0;0;0;0;0;0;0;0;0;0;0;0;0;1;1;1;1;0;0;0;0;0;0;0;0;0;0;0;0;0;0;0;0;0;0;0;0;0;0;0;0;0;0;0;0;0;0;0;0;0;0;0;1;1;1;1;1;1;1;1;1;1;1;1;1;1;1;1;1;1;1;0;0;0;0;0;0;0;0;0;0.0004;0.088;0;-0.0884;0;0;0;0;0;0;0;0;0;0;0;0;0;0;0;0;0;0;0;0.0001;0;0;0;0;0.0004;0;0;0;0;0;0;0;-0.0004;-0.0884;0;0;0;0;0;0;0;0;0;-0.7063;0;0.7063;1;1;0;0;0;0
29/01/21 18:00;6.3396;107.32;74.466;6.6382;9.6435;90;9.6435;0;0;0;-0.0001;2.8799;0;0;0;0;0;0;0;0;0;0;0;0;0;1;1;1;1;0;0;0;0;0;0;0;0;0;0;0;0;0;0;0;0;0;0;0;0;0;0;0;0;0;0;0;0;0;0;0;0;0;0;0;1;1;1;1;1;1;1;1;1;1;1;1;1;1;1;1;1;1;1;0;0;0;0;0;0;0;0;0;0.0004;0.088;0;-0.0884;0;0;0;0;0;0;0;0;0;0;0;0;0;0;0;0;0;0;0;0.0001;0;0;0;0;0.0004;0;0;0;0;0;0;0;-0.0004;-0.0884;0;0;0;0;0;0;0;0;0;-0.7063;0;0.7063;1;1;0;0;0;0
29/01/21 19:00;0.3654;111.66;89.114;0.3932;0.5604;90;0.5604;0;0;0;-0.0001;3.62;0;0;0;0;0;0;0;0;0;0;0;0;0;1;1;1;1;0;0;0;0;0;0;0;0;0;0;0;0;0;0;0;0;0;0;0;0;0;0;0;0;0;0;0;0;0;0;0;0;0;0;0;1;1;1;1;1;1;1;1;1;1;1;1;1;1;1;1;1;1;1;0;0;0;0;0;0;0;0;0;0.0004;0.088;0;-0.0884;0;0;0;0;0;0;0;0;0;0;0;0;0;0;0;0;0;0;0;0.0001;0;0;0;0;0.0004;0;0;0;0;0;0;0;-0.0004;-0.0884;0;0;0;0;0;0;0;0;0;-0.7063;0;0.7063;1;1;0;0;0;0
29/01/21 20:00;0;0;90;0;0;90;0;0;0;0;-0.0001;4.6801;0;0;0;0;0;0;0;0;0;0;0;0;0;1;1;1;1;0;0;0;0;0;0;0;0;0;0;0;0;0;0;0;0;0;0;0;0;0;0;0;0;0;0;0;0;0;0;0;0;0;0;0;1;1;1;1;1;1;1;1;1;1;1;1;1;1;1;1;1;1;1;0;0;0;0;0;0;0;0;0;0.0004;0.088;0;-0.0884;0;0;0;0;0;0;0;0;0;0;0;0;0;0;0;0;0;0;0;0.0001;0;0;0;0;0.0004;0;0;0;0;0;0;0;-0.0004;-0.0884;0;0;0;0;0;0;0;0;0;-0.7063;0;0.7063;1;1;0;0;0;0
29/01/21 21:00;0;0;90;0;0;90;0;0;0;0;-0.0001;4.89;0;0;0;0;0;0;0;0;0;0;0;0;0;1;1;1;1;0;0;0;0;0;0;0;0;0;0;0;0;0;0;0;0;0;0;0;0;0;0;0;0;0;0;0;0;0;0;0;0;0;0;0;1;1;1;1;1;1;1;1;1;1;1;1;1;1;1;1;1;1;1;0;0;0;0;0;0;0;0;0;0.0004;0.088;0;-0.0884;0;0;0;0;0;0;0;0;0;0;0;0;0;0;0;0;0;0;0;0.0001;0;0;0;0;0.0004;0;0;0;0;0;0;0;-0.0004;-0.0884;0;0;0;0;0;0;0;0;0;-0.7063;0;0.7063;1;1;0;0;0;0
29/01/21 22:00;0;0;90;0;0;90;0;0;0;0;-0.0001;4.4699;0;0;0;0;0;0;0;0;0;0;0;0;0;1;1;1;1;0;0;0;0;0;0;0;0;0;0;0;0;0;0;0;0;0;0;0;0;0;0;0;0;0;0;0;0;0;0;0;0;0;0;0;1;1;1;1;1;1;1;1;1;1;1;1;1;1;1;1;1;1;1;0;0;0;0;0;0;0;0;0;0.0004;0.088;0;-0.0884;0;0;0;0;0;0;0;0;0;0;0;0;0;0;0;0;0;0;0;0.0001;0;0;0;0;0.0004;0;0;0;0;0;0;0;-0.0004;-0.0884;0;0;0;0;0;0;0;0;0;-0.7063;0;0.7063;1;1;0;0;0;0
29/01/21 23:00;0;0;90;0;0;90;0;0;0;0;-0.0001;4.44;0;0;0;0;0;0;0;0;0;0;0;0;0;1;1;1;1;0;0;0;0;0;0;0;0;0;0;0;0;0;0;0;0;0;0;0;0;0;0;0;0;0;0;0;0;0;0;0;0;0;0;0;1;1;1;1;1;1;1;1;1;1;1;1;1;1;1;1;1;1;1;0;0;0;0;0;0;0;0;0;0.0004;0.088;0;-0.0884;0;0;0;0;0;0;0;0;0;0;0;0;0;0;0;0;0;0;0;0.0001;0;0;0;0;0.0004;0;0;0;0;0;0;0;-0.0004;-0.0884;0;0;0;0;0;0;0;0;0;-0.7063;0;0.7063;1;1;0;0;0;0
30/01/21 00:00;0;0;90;0;0;90;0;0;0;0;-0.0001;4.4799;0;0;0;0;0;0;0;0;0;0;0;0;0;1;1;1;1;0;0;0;0;0;0;0;0;0;0;0;0;0;0;0;0;0;0;0;0;0;0;0;0;0;0;0;0;0;0;0;0;0;0;0;1;1;1;1;1;1;1;1;1;1;1;1;1;1;1;1;1;1;1;0;0;0;0;0;0;0;0;0;0.0004;0.088;0;-0.0884;0;0;0;0;0;0;0;0;0;0;0;0;0;0;0;0;0;0;0;0.0001;0;0;0;0;0.0004;0;0;0;0;0;0;0;-0.0004;-0.0884;0;0;0;0;0;0;0;0;0;-0.7063;0;0.7063;1;1;0;0;0;0
30/01/21 01:00;0;0;90;0;0;90;0;0;0;0;-0.0001;4.35;0;0;0;0;0;0;0;0;0;0;0;0;0;1;1;1;1;0;0;0;0;0;0;0;0;0;0;0;0;0;0;0;0;0;0;0;0;0;0;0;0;0;0;0;0;0;0;0;0;0;0;0;1;1;1;1;1;1;1;1;1;1;1;1;1;1;1;1;1;1;1;0;0;0;0;0;0;0;0;0;0.0004;0.088;0;-0.0884;0;0;0;0;0;0;0;0;0;0;0;0;0;0;0;0;0;0;0;0.0001;0;0;0;0;0.0004;0;0;0;0;0;0;0;-0.0004;-0.0884;0;0;0;0;0;0;0;0;0;-0.7063;0;0.7063;1;1;0;0;0;0
30/01/21 02:00;0;0;90;0;0;90;0;0;0;0;-0.0001;4.19;0;0;0;0;0;0;0;0;0;0;0;0;0;1;1;1;1;0;0;0;0;0;0;0;0;0;0;0;0;0;0;0;0;0;0;0;0;0;0;0;0;0;0;0;0;0;0;0;0;0;0;0;1;1;1;1;1;1;1;1;1;1;1;1;1;1;1;1;1;1;1;0;0;0;0;0;0;0;0;0;0.0004;0.088;0;-0.0884;0;0;0;0;0;0;0;0;0;0;0;0;0;0;0;0;0;0;0;0.0001;0;0;0;0;0.0004;0;0;0;0;0;0;0;-0.0004;-0.0884;0;0;0;0;0;0;0;0;0;-0.7063;0;0.7063;1;1;0;0;0;0
30/01/21 03:00;0;0;90;0;0;90;0;0;0;0;-0.0001;3.9899;0;0;0;0;0;0;0;0;0;0;0;0;0;1;1;1;1;0;0;0;0;0;0;0;0;0;0;0;0;0;0;0;0;0;0;0;0;0;0;0;0;0;0;0;0;0;0;0;0;0;0;0;1;1;1;1;1;1;1;1;1;1;1;1;1;1;1;1;1;1;1;0;0;0;0;0;0;0;0;0;0.0004;0.088;0;-0.0884;0;0;0;0;0;0;0;0;0;0;0;0;0;0;0;0;0;0;0;0.0001;0;0;0;0;0.0004;0;0;0;0;0;0;0;-0.0004;-0.0884;0;0;0;0;0;0;0;0;0;-0.7063;0;0.7063;1;1;0;0;0;0
30/01/21 04:00;0;0;0;0;0;0;0;0;0;0;33.1;3.63;0;0;0;0;0;0;0;0;0;0;0;0;0;1;1;1;1;0;0;0;0;0;0;0;0;0;0;0;0;0;0;0;0;0;0;0;0;0;0;0;0;0;0;0;0;0;0;0;0;0;0;0;1;1;1;1;1;1;1;1;1;1;1;1;1;1;1;1;1;1;1;0;0;0;0;0;0;0;0;0;0;0;0;0;0;0;0;0;0;0;0;0;0;0;0;0;0;0;0;0;0;0;0;-33.1;0;0;0;0;0;0;0;0;0;0;0;0;0;0;0;0;0;0;0;0;0;0;0;0;0;0;1;1;0;0;0;0
30/01/21 05:00;3.9168;-108.71;80.464;4.1345;5.9359;-90;-5.9359;296.01;48.799;86.45;33.1;3.7599;0;599.55;4.8668;106.52;0;0.1619;711.1;0;711.1;599.55;106.52;4.8668;0.1619;0.8431;0.0071;0;0.0002;710.95;0.1502;0;0;0.015;0.1352;470.87;237.95;201.87;35.863;0.2088;0.0059;708.81;2.1328;1.7987;0.3195;0.0146;0.0001;470.87;395.89;70.332;4.6284;0.0206;4.3204;3.439;1.6074;0.0002;0.0352;0.5057;0.0002;0.5407;0;1;0;0;2.4023;0.9998;1;1;0.9969;0.1647;0.6643;0.6623;1;0.9568;0.7762;0.997;0.997;1;0.997;0.997;0.6622;0.951;0.1274;2.1354;1.4193;0.0085;0.0074;0.14;0.0088;0.0314;0.0001;0;0;0.088;0;1.0869;0;0;0;0;0;0;0;0;0;0;0;0;0.0253;0.0048;1.1929;1.1929;0;52.616;52.616;19.516;0.0414;1223.1;975.25;1;0.0179;0.0179;0;0;0;0;0;0;1.1749;1.0869;0;10.642;12.323;9.6965;11.228;98.497;98.497;17.066;9.5334;8.6869;7.5329;0.8466;0.4414;0.0496;0.509;2.894;0.5087;0
30/01/21 06:00;13.772;-101.92;54.734;14.064;22.047;-90;-22.047;296.01;48.799;247.21;33.1;3.5801;0;599.55;12.298;87.393;0;2.2078;701.45;0;701.45;599.55;87.393;12.298;2.2078;0.8547;0.0207;0;0.0031;699.25;2.1993;0;0;0.3337;1.8656;682.78;14.372;12.127;1.7676;0.405;0.0731;697.15;2.0978;1.7987;0.2622;0.0359;0.001;682.82;585.63;85.364;11.523;0.2681;9.1081;7.2501;2.15;0.0632;0.1587;2.283;0.042;2.3785;0;1;0;0;2.3697;0.9969;1;1;0.9729;0.155;0.9794;0.9797;1;0.966;0.7858;0.997;0.997;1;0.997;0.997;0.9734;0.937;0.1214;2.1065;2.0614;0.0124;-0.0001;0.2679;0.0125;0.0442;0.0004;0;0;0.088;0;1.5652;0;0;0;0;0;0;0;0;0;0;0;0;0.0356;0.0097;1.6788;1.6788;0;61.569;61.569;28.469;0.0417;1779.5;943.4;1;0.0256;0.0256;0;0;0;0;0;0;1.6532;1.5652;0;15.182;17.581;14.155;16.391;98.473;98.473;16.835;13.417;12.509;3.4178;0.9081;0.203;0.0539;0.743;7.7204;0.7412;0
30/01/21 07:00;25.914;-93.86;5.3211;25.965;60;-90;-60;296.01;175.4;120.61;33.1;4.27;0;274.8;105.73;78.43;0;15.096;474.05;0;474.05;274.8;78.43;105.73;15.096;0.5797;0.2549;0;0.0318;446.62;27.434;0;0;13.306;14.127;441.89;3.3868;0.0504;0.0144;3.258;0.0641;445.28;1.3399;0.8244;0.2353;0.2773;0.0029;445.42;273.92;78.18;88.89;0.9021;102.18;81.331;38.07;17.68;1.9767;28.434;3.5313;12.731;0;1;0;0;1.6015;0.9421;1;1;0.8742;0.0642;0.9924;0.9998;1;0.9646;0.9337;0.997;0.997;1;0.997;0.997;0.9322;0.8407;0.0598;1.4236;1.4015;0.0084;0.0077;0.1322;0.0088;0.0311;0.0051;0;0;0.088;0;1.0727;0;0;0;0;0;0;0;0;0;0;0;0;0.0251;0.0047;1.1785;1.1785;0;51.403;51.403;18.303;0.0414;1205.3;977.74;1;0.0178;0.0178;0;0;0;0;0;0;1.1607;1.0727;0;15.77;18.262;14.355;16.623;98.493;98.493;11.377;9.4186;8.5734;1.9586;0.8452;0.1722;0.0743;0.7536;92.07;0.7212;0
30/01/21 08:00;38.169;-85.127;3.829;38.27;51.73;-90;-51.73;296.01;263.8;32.205;33.1;4.8599;0;51.996;205.68;15.784;0;11.492;284.95;0;284.95;51.996;15.784;205.68;11.492;0.1825;0.7621;0;0.0403;253.32;31.633;0;0;20.881;10.752;246.36;6.1987;0.0069;0.0021;6.1605;0.0293;252.56;0.76;0.156;0.0474;0.5544;0.0022;250.69;51.833;15.734;178.09;0.7084;177.62;141.38;63.337;20.367;2.9472;42.395;4.3285;24.975;0;1;0;0;0.9627;0.889;1;1;0.8985;0.0644;0.9755;0.9999;1;0.9666;0.9603;0.997;0.997;1;0.997;0.997;0.8646;0.8658;0.0616;0.8557;0.8444;0.0051;0.0154;0.0558;0.0054;0.0191;0.0077;0;0;0.088;0;0.6193;0;0;0;0;0;0;0;0;0;0;0;0;0.0154;0.0019;0.7188;0.7188;0;43.275;43.275;10.175;0.0413;723;994.15;1;0.0115;0.0115;0;0;0;0;0;0;0.7073;0.6193;0;16.001;18.529;13.787;15.965;98.405;98.405;6.8389;5.7444;4.9495;1.0945;0.7949;0.16;0.1162;0.7237;163.45;0.6512;0
30/01/21 09:00;50.232;-74.329;9.9496;51.296;38.704;-90;-38.704;296.01;283.7;12.309;33.1;4.8599;0;15.773;249.67;4.1399;0;6.6309;276.21;0;276.21;15.773;4.1399;249.67;6.6309;0.0571;0.9279;0;0.024;253.6;22.615;0;0;16.563;6.0517;245.26;7.5763;0.0054;0.0014;7.5092;0.0603;252.84;0.7608;0.0473;0.0124;0.6993;0.0017;247.57;15.72;4.126;224.9;0.5172;183.27;145.89;62.431;9.0846;2.4555;35.321;2.3092;28.692;0;1;0;0;0.9331;0.9181;1;1;0.9337;0.0873;0.97;0.9997;1;0.9677;0.8956;0.997;0.997;1;0.997;0.997;0.8879;0.9008;0.078;0.8295;0.8201;0.0049;0.0157;0.0541;0.0052;0.0185;0.0064;0;0;0.088;0;0.5994;0;0;0;0;0;0;0;0;0;0;0;0;0.0149;0.0018;0.6986;0.6986;0;43.229;43.229;10.129;0.0413;702.65;994.21;1;0.0112;0.0112;0;0;0;0;0;0;0.6874;0.5994;0;16.044;18.578;13.766;15.94;98.398;98.398;6.6291;5.5831;4.7903;1.0461;0.7927;0.1578;0.1196;0.7226;175.9;0.6595;0
30/01/21 10:00;61.489;-58.383;14.491;65.176;24.824;-90;-24.824;296.01;288.6;7.4063;33.1;4.5399;0;8.1603;273.62;1.9059;0;2.7898;286.47;0;286.47;8.1603;1.9059;273.62;2.7898;0.0285;0.9649;0;0.0097;275.1;11.37;0;0;8.984;2.3861;265.4;8.8821;0.0041;0.001;8.7951;0.0819;274.28;0.8253;0.0245;0.0057;0.7939;0.0012;266.19;8.1317;1.8992;255.05;0.3205;179.48;142.86;57.885;2.135;2.1765;31.309;0.794;31.35;0;1;0;0;0.9678;0.9603;1;1;0.9672;0.1447;0.9676;0.9995;1;0.9667;0.7965;0.997;0.997;1;0.997;0.997;0.9264;0.9321;0.1149;0.8603;0.8677;0.0052;0.0151;0.0597;0.0055;0.0196;0.0057;0;0;0.088;0;0.6394;0;0;0;0;0;0;0;0;0;0;0;0;0.0157;0.002;0.7392;0.7392;0;44.062;44.062;10.962;0.0413;744.24;993.16;1;0.0117;0.0117;0;0;0;0;0;0;0.7274;0.6394;0;16.368;18.953;14.159;16.396;98.414;98.414;6.8754;5.9073;5.1104;0.9681;0.797;0.1408;0.1159;0.7433;174.47;0.6871;0
30/01/21 11:00;70.174;-29.955;17.089;79.795;10.205;-90;-10.205;296.01;289.8;6.2091;33.1;3.96;0;6.3089;286.16;1.3821;0;0.4777;294.33;0;294.33;6.3089;1.3821;286.16;0.4777;0.0214;0.9739;0;0.0016;291.78;2.5416;0;0;2.1434;0.3982;279.35;11.559;0.0037;0.0008;11.537;0.0178;290.91;0.8754;0.0189;0.0041;0.852;0.0002;279.43;6.2863;1.3771;271.62;0.0614;176.03;140.12;54.933;0.0898;2.1242;30.556;0.0834;32.59;0;1;0;0;0.9943;0.9914;1;1;0.9925;0.1663;0.9603;0.9994;1;0.9593;0.7752;0.997;0.997;1;0.997;0.997;0.9491;0.9492;0.1286;0.8839;0.906;0.0055;0.0147;0.0642;0.0058;0.0204;0.0055;0;0;0.088;0;0.6713;0;0;0;0;0;0;0;0;0;0;0;0;0.0164;0.0021;0.7714;0.7714;0;44.639;44.639;11.539;0.0413;777.45;992.28;1;0.0121;0.0121;0;0;0;0;0;0;0.7593;0.6713;0;16.627;19.254;14.469;16.754;98.426;98.426;7.0638;6.1654;5.3651;0.8984;0.8003;0.1272;0.1133;0.7595;171.62;0.7047;0
30/01/21 12:00;71.883;14.776;17.498;85.23;4.7701;90;4.7701;296.01;290;6.0096;33.1;3.62;0;6.0305;288.19;1.3085;0;0.1046;295.64;0;295.64;6.0305;1.3085;288.19;0.1046;0.0204;0.9752;0;0.0004;294.92;0.7193;0;0;0.6318;0.0875;281.49;12.548;0.0036;0.0008;12.54;0.0038;294.03;0.8848;0.0181;0.0039;0.8627;0.0001;281.49;6.0088;1.3038;274.16;0.0132;175.4;139.62;54.478;0.0015;2.1277;30.606;0.0047;32.732;0;1;0;0;0.9988;0.9976;1;1;0.9978;0.1634;0.9573;0.9994;1;0.9563;0.7765;0.997;0.997;1;0.997;0.997;0.9521;0.9513;0.1265;0.8878;0.9123;0.0055;0.0146;0.0649;0.0058;0.0205;0.0055;0;0;0.088;0;0.6765;0;0;0;0;0;0;0;0;0;0;0;0;0.0165;0.0022;0.7767;0.7767;0;44.728;44.728;11.628;0.0413;782.9;992.13;1;0.0122;0.0122;0;0;0;0;0;0;0.7645;0.6765;0;16.667;19.3;14.517;16.81;98.428;98.428;7.0953;6.2077;5.4068;0.8876;0.8009;0.1251;0.1129;0.762;171.1;0.7072;0
30/01/21 13:00;65.115;50.045;15.678;70.425;19.575;90;19.575;296.01;289.7;6.3089;33.1;3.7;0;6.6959;279.94;1.5206;0;1.745;289.9;0;289.9;6.6959;1.5206;279.94;1.745;0.0231;0.9717;0;0.006;282.15;7.7467;0;0;6.2812;1.4654;271.75;9.5526;0.0036;0.0008;9.4863;0.0618;281.3;0.8465;0.0201;0.0046;0.821;0.0008;272.19;6.6722;1.5152;263.35;0.2168;177.95;141.65;56.44;0.9261;2.1424;30.818;0.4393;32.035;0;1;0;0;0.9794;0.9733;1;1;0.9776;0.1602;0.966;0.9995;1;0.9652;0.7781;0.997;0.997;1;0.997;0.997;0.9374;0.9407;0.1243;0.8706;0.8848;0.0053;0.0149;0.0617;0.0056;0.0199;0.0056;0;0;0.088;0;0.6536;0;0;0;0;0;0;0;0;0;0;0;0;0.016;0.0021;0.7535;0.7535;0;44.325;44.325;11.225;0.0413;759.03;992.78;1;0.0119;0.0119;0;0;0;0;0;0;0.7416;0.6536;0;16.489;19.094;14.303;16.563;98.419;98.419;6.9575;6.0224;5.2239;0.9352;0.7985;0.1344;0.1148;0.7508;173.58;0.6955;0
30/01/21 14:00;54.475;69.383;11.806;56.248;33.752;90;33.752;296.01;288;8.0049;33.1;3.9701;0;9.6276;261.89;2.4227;0;5.089;279.03;0;279.03;9.6276;2.4227;261.89;5.089;0.0345;0.9568;0;0.0182;260.42;18.607;0;0;14.053;4.5541;251.57;8.0702;0.0039;0.001;7.9844;0.0809;259.64;0.7813;0.0289;0.0073;0.7435;0.0016;253.24;9.5948;2.4145;239.11;0.4524;182.43;145.22;60.904;5.9563;2.3243;33.434;1.6718;29.802;0;1;0;0;0.9426;0.9333;1;1;0.9463;0.1051;0.9689;0.9996;1;0.9677;0.8484;0.997;0.997;1;0.997;0.997;0.9016;0.913;0.0889;0.8379;0.8332;0.005;0.0156;0.0557;0.0053;0.0188;0.0061;0;0;0.088;0;0.6105;0;0;0;0;0;0;0;0;0;0;0;0;0.0151;0.0019;0.7098;0.7098;0;43.49;43.49;10.39;0.0413;714.16;993.91;1;0.0113;0.0113;0;0;0;0;0;0;0.6985;0.6105;0;16.138;18.687;13.879;16.072;98.403;98.403;6.6966;5.6728;4.8789;1.0238;0.7939;0.1529;0.1186;0.7286;177.36;0.6686;0
30/01/21 15:00;42.603;81.544;6.2139;42.915;47.085;90;47.085;296.01;281.4;14.611;33.1;4.1301;0;21.457;232.87;6.3431;0;9.6341;270.31;0;270.31;21.457;6.3431;232.87;9.6341;0.0794;0.8972;0;0.0356;240.65;29.652;0;0;20.663;8.9897;232.96;6.977;0.0046;0.0014;6.9381;0.033;239.93;0.722;0.0644;0.019;0.6366;0.0019;236.59;21.388;6.3227;204.64;0.6094;184.24;146.65;64.851;16.63;2.8198;40.562;3.6374;26.751;0;1;0;0;0.9132;0.8903;1;1;0.9113;0.0669;0.9709;0.9998;1;0.9672;0.9486;0.997;0.997;1;0.997;0.997;0.8618;0.8787;0.0633;0.8117;0.7981;0.0048;0.016;0.0512;0.0051;0.018;0.0074;0;0;0.088;0;0.5805;0;0;0;0;0;0;0;0;0;0;0;0;0.0145;0.0017;0.6795;0.6795;0;42.721;42.721;9.6209;0.0413;683.09;994.69;1;0.0109;0.0109;0;0;0;0;0;0;0.6685;0.5805;0;15.946;18.465;13.624;15.776;98.39;98.39;6.4874;5.4303;4.6395;1.0571;0.7907;0.1629;0.1219;0.7152;176.71;0.6429;0
30/01/21 16:00;30.374;90.815;0.7029;30.376;59.624;90;59.624;296.01;254.1;41.91;33.1;3.9199;0;82.879;180.02;29.617;0;14.925;307.44;0;307.44;82.879;29.617;180.02;14.925;0.2696;0.6341;0;0.0485;270.94;36.499;0;0;22.497;14.003;264.53;5.5997;0.002;0.0007;5.5366;0.0603;270.13;0.8128;0.2486;0.0889;0.4726;0.0028;270.09;82.629;29.528;151.51;0.8591;166.76;132.74;61.892;29.43;3.2791;47.169;5.5606;21.018;0;1;0;0;1.0386;0.8813;1;1;0.875;0.0618;0.9793;1;1;0.9647;0.9344;0.997;0.997;1;0.997;0.997;0.8604;0.8417;0.0576;0.9232;0.9129;0.0055;0.0146;0.0626;0.0058;0.0206;0.0086;0;0;0.088;0;0.6762;0;0;0;0;0;0;0;0;0;0;0;0;0.0166;0.0022;0.7765;0.7765;0;44.026;44.026;10.926;0.0413;781.81;993.16;1;0.0122;0.0122;0;0;0;0;0;0;0.7642;0.6762;0;16.021;18.552;13.953;16.158;98.426;98.426;7.3786;6.2054;5.4045;1.1731;0.801;0.159;0.1086;0.7325;156.03;0.657;0
30/01/21 17:00;18.162;99.005;40.889;18.374;31.487;90;31.487;296.01;132.9;163.11;33.1;2.57;0;395.58;77.303;119.94;0;4.4457;597.27;0;597.27;395.58;119.94;77.303;4.4457;0.6623;0.1369;0;0.0074;589.62;7.6526;0;0;3.717;3.9357;581.58;6.2714;2.9203;0.8854;2.38;0.0856;587.85;1.7689;1.1868;0.3598;0.2208;0.0015;581.98;391.48;118.69;70.985;0.4229;52.528;41.812;17.54;1.3848;0.6475;9.3136;0.4009;8.5762;0;1;0;0;2.0178;0.9872;1;1;0.9519;0.1147;0.9893;0.9926;1;0.9676;0.8316;0.997;0.997;1;0.997;0.997;0.9737;0.9183;0.0951;1.7936;1.7725;0.0107;0.0028;0.2036;0.0109;0.0386;0.0016;0;0;0.088;0;1.356;0;0;0;0;0;0;0;0;0;0;0;0;0.0311;0.0073;1.4659;1.4659;0;57.275;57.275;24.175;0.0416;1527.6;959.59;1;0.0219;0.0219;0;0;0;0;0;0;1.444;1.356;0;15.57;18.029;14.402;16.677;98.505;98.505;14.334;11.716;10.837;2.6189;0.8784;0.1827;0.0613;0.756;51.486;0.7473;0
30/01/21 18:00;6.2196;107.07;74.767;6.5038;9.4409;90;9.4409;296.01;48.799;137.12;33.1;2.73;0;599.55;4.8468;106.52;0;0.409;711.32;0;711.32;599.55;106.52;4.8468;0.409;0.8429;0.0074;0;0.0006;710.95;0.3735;0;0;0.032;0.3415;581.23;127.59;108.16;19.215;0.1978;0.0151;708.82;2.1328;1.7987;0.3195;0.0144;0.0002;581.23;489.59;86.981;4.6026;0.0521;4.3279;3.445;1.6124;0.0012;0.0351;0.5055;0.0011;0.5394;0;1;0;0;2.4031;0.9995;1;1;0.9934;0.165;0.82;0.8191;1;0.9588;0.7749;0.997;0.997;1;0.997;0.997;0.8171;0.9496;0.1275;2.1361;1.7517;0.0105;0.0031;0.2012;0.0108;0.0382;0.0001;0;0;0.088;0;1.3404;0;0;0;0;0;0;0;0;0;0;0;0;0.0307;0.0071;1.45;1.45;0;57.261;57.261;24.161;0.0416;1510.4;960.04;1;0.0216;0.0216;0;0;0;0;0;0;1.4284;1.3404;0;12.932;14.974;11.954;13.842;98.509;98.509;17.072;11.589;10.713;5.483;0.8761;0.3212;0.0513;0.6275;2.9015;0.6272;0
30/01/21 19:00;0.2362;111.42;89.427;0.2537;0.3617;90;0.3617;296.01;296;0.0095;33.1;2.8601;0;0;296;0;0;0.0006;296;0;296;0;0;296;0.0006;0;1;0;0;295.97;0.0235;0;0;0.023;0.0005;281.69;13.399;0;0;13.399;0;295.08;0.8879;0;0;0.8879;0;281.68;0;0;281.69;0.0001;175.19;139.45;54.283;-0.0001;2.1335;30.689;-0.0016;32.823;0;1;0;0;1;0.9999;1;1;0.9999;0.1609;0.9546;1;1;0.9546;0.7788;0.997;1;1;0.997;0.997;0.9517;0.9517;0.125;0.8889;0.9131;0.0055;0.0146;0.065;0.0058;0.0206;0.0056;0;0;0.088;0;0.6772;0;0;0;0;0;0;0;0;0;0;0;0;0.0166;0.0022;0.7774;0.7774;0;44.736;44.736;11.636;0.0413;783.55;992.12;1;0.0122;0.0122;0;0;0;0;0;0;0.7652;0.6772;0;16.66;19.292;14.512;16.805;98.428;98.428;7.1039;6.2128;5.4118;0.8912;0.801;0.1254;0.1127;0.7618;175.19;0.7069;0
30/01/21 20:00;0;0;0;0;0;0;0;0;0;0;28.85;2.8601;0;0;0;0;0;0;0;0;0;0;0;0;0;1;1;1;1;0;0;0;0;0;0;0;0;0;0;0;0;0;0;0;0;0;0;0;0;0;0;0;0;0;0;0;0;0;0;0;0;0;0;0;1;1;1;1;1;1;1;1;1;1;1;1;1;1;1;1;1;1;1;0;0;0;0;0;0;0;0;0;0;0;0;0;0;0;0;0;0;0;0;0;0;0;0;0;0;0;0;0;0;0;0;-28.85;0;0;0;0;0;0;0;0;0;0;0;0;0;0;0;0;0;0;0;0;0;0;0;0;0;0;1;1;0;0;0;0
30/01/21 21:00;0;0;90;0;0;90;0;0;0;0;21.34;2.7999;0;0;0;0;0;0;0;0;0;0;0;0;0;1;1;1;1;0;0;0;0;0;0;0;0;0;0;0;0;0;0;0;0;0;0;0;0;0;0;0;0;0;0;0;0;0;0;0;0;0;0;0;1;1;1;1;1;1;1;1;1;1;1;1;1;1;1;1;1;1;1;0;0;0;0;0;0;0;0;0;0.0004;0.088;0;-0.0884;0;0;0;0;0;0;0;0;0;0;0;0;0;0;0;0;0;0;0;-21.34;0;0;0;0;0.0004;0;0;0;0;0;0;0;-0.0004;-0.0884;0;0;0;0;0;0;0;0;0;-0.7063;0;0.7063;1;1;0;0;0;0
30/01/21 22:00;0;0;90;0;0;90;0;0;0;0;19.06;2.7001;0;0;0;0;0;0;0;0;0;0;0;0;0;1;1;1;1;0;0;0;0;0;0;0;0;0;0;0;0;0;0;0;0;0;0;0;0;0;0;0;0;0;0;0;0;0;0;0;0;0;0;0;1;1;1;1;1;1;1;1;1;1;1;1;1;1;1;1;1;1;1;0;0;0;0;0;0;0;0;0;0.0004;0.088;0;-0.0884;0;0;0;0;0;0;0;0;0;0;0;0;0;0;0;0;0;0;0;-19.06;0;0;0;0;0.0004;0;0;0;0;0;0;0;-0.0004;-0.0884;0;0;0;0;0;0;0;0;0;-0.7063;0;0.7063;1;1;0;0;0;0
30/01/21 23:00;0;0;90;0;0;90;0;0;0;0;19.54;2.6299;0;0;0;0;0;0;0;0;0;0;0;0;0;1;1;1;1;0;0;0;0;0;0;0;0;0;0;0;0;0;0;0;0;0;0;0;0;0;0;0;0;0;0;0;0;0;0;0;0;0;0;0;1;1;1;1;1;1;1;1;1;1;1;1;1;1;1;1;1;1;1;0;0;0;0;0;0;0;0;0;0.0004;0.088;0;-0.0884;0;0;0;0;0;0;0;0;0;0;0;0;0;0;0;0;0;0;0;-19.54;0;0;0;0;0.0004;0;0;0;0;0;0;0;-0.0004;-0.0884;0;0;0;0;0;0;0;0;0;-0.7063;0;0.7063;1;1;0;0;0;0
31/01/21 00:00;0;0;90;0;0;90;0;0;0;0;18.22;2.6;0;0;0;0;0;0;0;0;0;0;0;0;0;1;1;1;1;0;0;0;0;0;0;0;0;0;0;0;0;0;0;0;0;0;0;0;0;0;0;0;0;0;0;0;0;0;0;0;0;0;0;0;1;1;1;1;1;1;1;1;1;1;1;1;1;1;1;1;1;1;1;0;0;0;0;0;0;0;0;0;0.0004;0.088;0;-0.0884;0;0;0;0;0;0;0;0;0;0;0;0;0;0;0;0;0;0;0;-18.22;0;0;0;0;0.0004;0;0;0;0;0;0;0;-0.0004;-0.0884;0;0;0;0;0;0;0;0;0;-0.7063;0;0.7063;1;1;0;0;0;0
31/01/21 01:00;0;0;90;0;0;90;0;0;0;0;16.28;2.59;0;0;0;0;0;0;0;0;0;0;0;0;0;1;1;1;1;0;0;0;0;0;0;0;0;0;0;0;0;0;0;0;0;0;0;0;0;0;0;0;0;0;0;0;0;0;0;0;0;0;0;0;1;1;1;1;1;1;1;1;1;1;1;1;1;1;1;1;1;1;1;0;0;0;0;0;0;0;0;0;0.0004;0.088;0;-0.0884;0;0;0;0;0;0;0;0;0;0;0;0;0;0;0;0;0;0;0;-16.28;0;0;0;0;0.0004;0;0;0;0;0;0;0;-0.0004;-0.0884;0;0;0;0;0;0;0;0;0;-0.7063;0;0.7063;1;1;0;0;0;0
31/01/21 02:00;0;0;90;0;0;90;0;0;0;0;15.8;2.59;0;0;0;0;0;0;0;0;0;0;0;0;0;1;1;1;1;0;0;0;0;0;0;0;0;0;0;0;0;0;0;0;0;0;0;0;0;0;0;0;0;0;0;0;0;0;0;0;0;0;0;0;1;1;1;1;1;1;1;1;1;1;1;1;1;1;1;1;1;1;1;0;0;0;0;0;0;0;0;0;0.0004;0.088;0;-0.0884;0;0;0;0;0;0;0;0;0;0;0;0;0;0;0;0;0;0;0;-15.8;0;0;0;0;0.0004;0;0;0;0;0;0;0;-0.0004;-0.0884;0;0;0;0;0;0;0;0;0;-0.7063;0;0.7063;1;1;0;0;0;0
31/01/21 03:00;0;0;90;0;0;90;0;0;0;0;14.55;2.6201;0;0;0;0;0;0;0;0;0;0;0;0;0;1;1;1;1;0;0;0;0;0;0;0;0;0;0;0;0;0;0;0;0;0;0;0;0;0;0;0;0;0;0;0;0;0;0;0;0;0;0;0;1;1;1;1;1;1;1;1;1;1;1;1;1;1;1;1;1;1;1;0;0;0;0;0;0;0;0;0;0.0004;0.088;0;-0.0884;0;0;0;0;0;0;0;0;0;0;0;0;0;0;0;0;0;0;0;-14.55;0;0;0;0;0.0004;0;0;0;0;0;0;0;-0.0004;-0.0884;0;0;0;0;0;0;0;0;0;-0.7063;0;0.7063;1;1;0;0;0;0
31/01/21 04:00;0;0;90;0;0;90;0;0;0;0;14.01;2.57;0;0;0;0;0;0;0;0;0;0;0;0;0;1;1;1;1;0;0;0;0;0;0;0;0;0;0;0;0;0;0;0;0;0;0;0;0;0;0;0;0;0;0;0;0;0;0;0;0;0;0;0;1;1;1;1;1;1;1;1;1;1;1;1;1;1;1;1;1;1;1;0;0;0;0;0;0;0;0;0;0.0004;0.088;0;-0.0884;0;0;0;0;0;0;0;0;0;0;0;0;0;0;0;0;0;0;0;-14.01;0;0;0;0;0.0004;0;0;0;0;0;0;0;-0.0004;-0.0884;0;0;0;0;0;0;0;0;0;-0.7063;0;0.7063;1;1;0;0;0;0
31/01/21 05:00;3.9136;-108.36;80.472;4.1229;5.9189;-90;-5.9189;23.695;20.9;2.795;13.72;3.5099;0;6.7787;20.238;1.4766;0;0.0129;28.506;0;28.506;6.7787;1.4766;20.238;0.0129;0.2378;0.7104;0;0.0005;28.433;0.0728;0;0;0.0621;0.0108;24.697;3.6508;2.2843;0.4976;0.8685;0.0005;28.348;0.0853;0.0203;0.0044;0.0605;0;24.698;4.4741;0.9746;19.246;0.0016;12.051;9.5922;3.743;0.0006;0.1462;2.1028;0.001;2.2485;0;1;0;0;1.203;0.9974;1;1;0.9969;0.1647;0.8712;0.662;1;0.9568;0.7762;0.997;0.997;1;0.997;0.997;0.8664;0.951;0.1274;0.0856;0.0788;0.0005;0.01;-0.003;0.0005;0.0018;0.0004;0;0;0.088;0;-0.0245;0;0;0;0;0;0;0;0;0;0;0;0;0.0014;0.0001;0.0672;0.0672;0;14.741;14.741;1.021;0.0413;65.675;1023;1;0.0037;0.0037;0;0;0;0;0;0;0.0635;-0.0245;0;14.952;17.314;-5.4522;-6.3135;94.512;94.512;0.6841;0.537;-0.1958;0.1472;0.7328;0.2151;1.0711;0;12.034;0;0
31/01/21 06:00;13.585;-101.7;55.273;13.862;21.663;-90;-21.663;208.81;35.102;173.7;17.77;3.5701;0;421.28;16.05;44.782;0;1.5043;483.62;0;483.62;421.28;44.782;16.05;1.5043;0.8711;0.0363;0;0.0031;481.92;1.6926;0;0;0.4235;1.2691;469.88;10.602;9.0576;0.9628;0.5306;0.0505;480.48;1.4458;1.2638;0.1343;0.0469;0.0007;469.91;410.96;43.685;15.049;0.184;10.997;8.7539;3.6737;0.0771;0.1216;1.7496;0.0319;1.7941;0;1;0;0;2.3161;0.9965;1;1;0.9736;0.1563;0.9779;0.9784;1;0.9659;0.7846;0.997;0.997;1;0.997;0.997;0.9716;0.9376;0.1223;1.4523;1.419;0.0085;0.0074;0.0602;0.0094;0.0333;0.0003;0;0;0.088;0;1.1601;0;0;0;0;0;0;0;0;0;0;0;0;0.0268;0.0048;1.2681;1.2681;0;36.991;36.991;19.221;0.0409;1221.3;1038.3;1;0.02;0.02;0;0;0;0;0;0;1.2481;1.1601;0;16.634;19.262;15.217;17.621;98.42;98.42;11.607;10.135;9.2712;1.4721;0.8634;0.1268;0.0744;0.7988;10.056;0.7966;0
31/01/21 07:00;25.733;-93.619;5.3324;25.778;60;-90;-60;429.7;71.801;357.9;21.46;3.0901;0;820.76;22.275;96.548;0;21.915;961.5;0;961.5;820.76;96.548;22.275;21.915;0.8536;0.046;0;0.0228;938.19;23.311;0;0;2.8033;20.508;934.42;0.9478;0.1507;0.0177;0.6864;0.093;935.37;2.8146;2.4623;0.2896;0.0584;0.0042;935.92;818.15;96.241;18.727;1.3095;43.029;34.251;16.248;3.7295;0.5769;8.2982;1.4976;5.1456;0;1;0;0;2.2376;0.9758;1;1;0.8742;0.0642;0.999;0.9998;1;0.9646;0.9337;0.997;0.997;1;0.997;0.997;0.9718;0.8407;0.0598;2.8874;2.8364;0.0171;-0.0014;0.353;0.0173;0.0613;0.0014;0;0;0.088;0;2.1937;0;0;0;0;0;0;0;0;0;0;0;0;0.0493;0.0176;2.3207;2.3207;0;60.366;60.366;38.906;0.0416;2445.1;949.15;1;0.0391;0.0391;0;0;0;0;0;0;2.2817;2.1937;0;15.311;17.73;14.473;16.76;98.317;98.317;23.076;18.547;17.532;4.5286;1.0154;0.1962;0.044;0.7597;19.397;0.7549;0
31/01/21 08:00;37.988;-84.852;4.0551;38.1;51.9;-90;-51.9;644.31;106.1;538.21;23.96;2.35;0;872.25;32.426;106.95;0;25.168;1036.8;0;1036.8;872.25;106.95;32.426;25.168;0.8413;0.0555;0;0.0243;1009.9;26.858;0;0;3.3076;23.55;1005.7;1.1722;0.1218;0.0149;0.9715;0.0639;1006.9;3.0298;2.6167;0.3209;0.0874;0.0049;1011;869.51;106.62;28.059;1.5489;228.25;181.69;73.936;3.2537;2.7822;40.022;5.2651;39.55;0;1;0;0;1.6092;0.9741;1;1;0.898;0.0643;0.9988;0.9999;1;0.9665;0.9604;0.997;0.997;1;0.997;0.997;0.97;0.8653;0.0615;3.1135;3.1294;0.0188;0.0014;0.4523;0.0186;0.066;0.0068;0;0;0.088;0;2.3607;0;0;0;0;0;0;0;0;0;0;0;0;0.0531;0.0212;2.4913;2.4913;0;66.036;66.036;42.076;0.0418;2693.5;924.91;1;0.0426;0.0426;0;0;0;0;0;0;2.4487;2.3607;0;15.243;17.651;14.444;16.726;98.291;98.291;24.883;19.91;18.867;4.973;1.0435;0.1999;0.0419;0.7582;25.813;0.7369;0
31/01/21 09:00;50.04;-74.007;10.192;51.149;38.851;-90;-38.851;833.5;137.5;696;25.4;1.5901;0;893.71;43.304;114.04;0;18.808;1069.9;0;1069.9;893.71;114.04;43.304;18.808;0.8353;0.0581;0;0.0176;1049.8;20.065;0;0;2.8896;17.175;1044.8;1.8232;0.3137;0.04;1.3021;0.1673;1046.6;3.1494;2.6811;0.3421;0.1212;0.0049;1050.1;890.71;113.66;38.991;1.46;401.88;319.9;133.48;1.6007;4.4157;63.518;5.2399;66.333;0;1;0;0;1.2836;0.9812;1;1;0.9333;0.0868;0.9983;0.9996;1;0.9677;0.8972;0.997;0.997;1;0.997;0.997;0.9766;0.9004;0.0776;3.2128;3.2966;0.0198;0.0039;0.5138;0.0193;0.0685;0.0106;0;0;0.088;0;2.4497;0;0;0;0;0;0;0;0;0;0;0;0;0.0552;0.0234;2.5821;2.5821;0;69.23;69.23;43.83;0.0419;2837.1;910.1;1;0.0443;0.0443;0;0;0;0;0;0;2.5377;2.4497;0;15.31;17.729;14.526;16.82;98.283;98.283;25.677;20.636;19.578;5.0406;1.0577;0.1963;0.0412;0.7625;30.547;0.73;0
31/01/21 10:00;61.267;-58.018;14.751;65.061;24.939;-90;-24.939;970.5;160.1;810.4;27.5;1.06;0;893.74;52.293;116.07;0;9.2305;1071.3;0;1071.3;893.74;116.07;52.293;9.2305;0.8342;0.0574;0;0.0086;1061.7;9.6288;0;0;1.7298;7.899;1056.1;2.4619;0.454;0.059;1.6793;0.2695;1058.5;3.1851;2.6812;0.3482;0.1517;0.004;1058.4;890.6;115.66;48.733;1.0579;534.69;425.61;177.89;0.417;5.7441;82.626;2.3556;87.953;0;1;0;0;1.1039;0.991;1;1;0.9669;0.1442;0.9977;0.9995;1;0.9667;0.7969;0.997;0.997;1;0.997;0.997;0.9857;0.9319;0.1146;3.2172;3.362;0.0202;0.005;0.5563;0.0195;0.069;0.0137;0;0;0.088;0;2.4661;0;0;0;0;0;0;0;0;0;0;0;0;0.0556;0.0243;2.5985;2.5985;0;71.9;71.9;44.4;0.042;2892.2;898.44;1;0.0444;0.0444;0;0;0;0;0;0;2.5541;2.4661;0;15.386;17.817;14.602;16.909;98.291;98.291;25.712;20.767;19.709;4.9449;1.0582;0.1923;0.0412;0.7665;33.367;0.7247;0
31/01/21 11:00;69.903;-29.718;17.362;79.72;10.28;-90;-10.28;1053.7;173.9;879.79;28.32;0.68;0;894.15;57.551;117.78;0;1.7254;1071.2;0;1071.2;894.15;117.78;57.551;1.7254;0.8347;0.0553;0;0.0016;1069.3;1.8748;0;0;0.4364;1.4384;1063.1;2.9868;0.5346;0.0704;2.3174;0.0643;1066.1;3.208;2.6824;0.3533;0.1713;0.0009;1063.5;890.93;117.35;54.626;0.2218;615.01;489.55;203.4;0.019;6.6562;95.747;0.3275;102.38;0;1;0;0;1.0166;0.9982;1;1;0.9924;0.1664;0.9972;0.9994;1;0.9593;0.7752;0.997;0.997;1;0.997;0.997;0.9925;0.9492;0.1286;3.2168;3.4049;0.0205;0.0058;0.5775;0.0196;0.0695;0.0157;0;0;0.088;0;2.4826;0;0;0;0;0;0;0;0;0;0;0;0;0.056;0.0248;2.6153;2.6153;0;73.061;73.061;44.741;0.0421;2927.9;893.24;1;0.0447;0.0447;0;0;0;0;0;0;2.5706;2.4826;0;15.488;17.935;14.702;17.025;98.292;98.292;25.709;20.902;19.841;4.8073;1.0602;0.187;0.0412;0.7718;34.522;0.7234;0
31/01/21 12:00;71.619;14.452;17.78;85.259;4.7407;90;4.7407;1061.4;174.7;886.69;29.01;0.4899;0;889.74;58.49;116.51;0;0.3704;1065.1;0;1065.1;889.74;116.51;58.49;0.3704;0.8354;0.0553;0;0.0003;1064.7;0.4369;0;0;0.127;0.3099;1058.3;3.1754;0.5448;0.0713;2.5458;0.0135;1061.5;3.194;2.6692;0.3495;0.1751;0.0002;1058.3;886.52;116.09;55.642;0.0468;624.67;497.23;204.2;0.0004;6.9151;99.471;0.0315;106.39;0;1;0;0;1.0035;0.9996;1;1;0.9978;0.1634;0.997;0.9994;1;0.9562;0.7765;0.997;0.997;1;0.997;0.997;0.9936;0.9513;0.1265;3.1985;3.3973;0.0205;0.0057;0.5825;0.0195;0.0692;0.0163;0;0;0.088;0;2.4708;0;0;0;0;0;0;0;0;0;0;0;0;0.0557;0.0247;2.6031;2.6031;0;73.566;73.566;44.556;0.0421;2921.1;891.14;1;0.0443;0.0443;0;0;0;0;0;0;2.5588;2.4708;0;15.504;17.953;14.716;17.04;98.298;98.298;25.563;20.804;19.746;4.7587;1.0575;0.1862;0.0414;0.7725;34.724;0.722;0
31/01/21 13:00;64.931;49.537;15.96;70.41;19.59;90;19.59;1012.3;167.5;844.8;30.39;0.5401;0;896.71;54.747;117.95;0;5.9771;1075.4;0;1075.4;896.71;117.95;54.747;5.9771;0.8338;0.0565;0;0.0056;1069.1;6.2499;0;0;1.2301;5.0198;1063.3;2.6242;0.4929;0.0648;1.8547;0.2118;1065.9;3.2074;2.6901;0.3539;0.1606;0.0029;1064.8;893.52;117.53;51.502;0.7426;573.56;456.55;189.58;0.1831;6.2256;89.553;1.4506;95.595;0;1;0;0;1.0623;0.9942;1;1;0.9775;0.1602;0.9975;0.9994;1;0.9652;0.7781;0.997;0.997;1;0.997;0.997;0.9888;0.9407;0.1242;3.2294;3.3957;0.0204;0.0056;0.6027;0.0194;0.0687;0.0146;0;0;0.088;0;2.4525;0;0;0;0;0;0;0;0;0;0;0;0;0.0553;0.0247;2.5842;2.5842;0;75.219;75.219;44.829;0.0422;2920.6;884.83;1;0.0437;0.0437;0;0;0;0;0;0;2.5405;2.4525;0;15.244;17.653;14.467;16.753;98.309;98.309;25.809;20.653;19.601;5.156;1.0526;0.1998;0.0408;0.7594;33.949;0.7149;0
31/01/21 14:00;54.341;68.956;12.083;56.193;33.807;90;33.807;889.39;158.3;731.09;31.19;0.8099;0;879.86;52.166;121.94;0;15.339;1069.3;0;1069.3;879.86;121.94;52.166;15.339;0.8228;0.0631;0;0.0143;1052.8;16.537;0;0;2.8065;13.73;1047.4;2.2495;0.3661;0.0507;1.5901;0.2425;1049.6;3.1583;2.6396;0.3658;0.1481;0.0048;1051.6;876.85;121.52;47.621;1.3614;456.71;363.54;153.41;1.1967;4.8659;69.993;4.2656;73.663;0;1;0;0;1.2023;0.9845;1;1;0.9462;0.1049;0.9979;0.9996;1;0.9677;0.8488;0.997;0.997;1;0.997;0.997;0.9795;0.9129;0.0888;3.2111;3.3149;0.02;0.0042;0.5904;0.0189;0.067;0.0114;0;0;0.088;0;2.3951;0;0;0;0;0;0;0;0;0;0;0;0;0.054;0.0236;2.5254;2.5254;0;75.351;75.351;44.16;0.0422;2853.1;885.14;1;0.0423;0.0423;0;0;0;0;0;0;2.4831;2.3951;0;14.982;17.349;14.209;16.454;98.324;98.324;25.663;20.183;19.142;5.48;1.0416;0.2135;0.0406;0.7459;35.343;0.711;0
31/01/21 15:00;42.49;81.192;6.4832;42.829;47.171;90;47.171;716.39;154.1;562.29;31.44;1.16;0;827.13;52.789;134.23;0;23.397;1037.5;0;1037.5;827.13;134.23;52.789;23.397;0.7972;0.0734;0;0.0226;1011;26.531;0;0;4.6964;21.835;1006.1;1.8669;0.1847;0.03;1.5728;0.0795;1008;3.033;2.4814;0.4027;0.1443;0.0047;1011.7;824.47;133.79;46.376;1.4779;299.19;238.15;98.237;3.7991;3.5307;50.788;5.636;50.519;0;1;0;0;1.4483;0.9744;1;1;0.911;0.0668;0.9981;0.9998;1;0.9672;0.949;0.997;0.997;1;0.997;0.997;0.9697;0.8785;0.0632;3.1157;3.1543;0.019;0.0017;0.5449;0.0181;0.0643;0.0083;0;0;0.088;0;2.2966;0;0;0;0;0;0;0;0;0;0;0;0;0.0518;0.0215;2.4248;2.4248;0;73.805;73.805;42.365;0.0421;2716.8;892.53;1;0.0402;0.0402;0;0;0;0;0;0;2.3846;2.2966;0;14.825;17.167;14.042;16.26;98.344;98.344;24.901;19.379;18.355;5.5221;1.0243;0.2218;0.0411;0.7371;40.092;0.711;0
31/01/21 16:00;30.266;90.512;0.4424;30.267;59.733;90;59.733;509.7;151.8;357.9;31.71;1.48;0;710.08;56.494;152.12;0;25.785;944.48;0;944.48;710.08;152.12;56.494;25.785;0.7518;0.0871;0;0.0273;913.21;31.269;0;0;7.0787;24.19;908.62;1.857;0.0108;0.0023;1.7384;0.1055;910.47;2.7396;2.1302;0.4564;0.1482;0.0048;913.21;707.94;151.66;47.529;1.4845;129.84;103.35;44.746;9.3018;1.8922;27.219;4.5942;19.809;0;1;0;0;1.853;0.9669;1;1;0.8747;0.0618;0.998;1;1;0.9647;0.9337;0.997;0.997;1;0.997;0.997;0.962;0.8413;0.0576;2.8363;2.8079;0.0169;-0.0015;0.446;0.0164;0.0583;0.0045;0;0;0.088;0;2.0798;0;0;0;0;0;0;0;0;0;0;0;0;0.0469;0.0172;2.2032;2.2032;0;69.841;69.841;38.131;0.042;2417.9;911.2;1;0.0354;0.0354;0;0;0;0;0;0;2.1678;2.0798;0;14.798;17.135;13.969;16.176;98.395;98.395;22.668;17.608;16.622;5.0599;0.9859;0.2232;0.0435;0.7333;49.027;0.7178;0
31/01/21 17:00;18.049;98.732;41.285;18.247;31.163;90;31.163;271.49;150;121.49;31.1;1.47;0;294.65;100.36;101.47;0;3.996;500.47;0;500.47;294.65;101.47;100.36;3.996;0.5887;0.2085;0;0.008;492.19;8.2791;0;0;4.747;3.5321;484.53;6.1896;2.2433;0.7725;3.0948;0.0789;490.72;1.4766;0.8839;0.3044;0.2868;0.0014;485.06;291.52;100.39;92.231;0.3837;67.489;53.721;21.965;1.7343;0.8661;12.458;0.5292;11.59;0;1;0;0;1.8434;0.9835;1;1;0.9527;0.1161;0.9874;0.9924;1;0.9675;0.8294;0.997;0.997;1;0.997;0.997;0.9681;0.919;0.096;1.5029;1.4872;0.009;0.0065;0.1386;0.0093;0.0331;0.0022;0;0;0.088;0;1.1496;0;0;0;0;0;0;0;0;0;0;0;0;0.0267;0.0052;1.2566;1.2566;0;51.154;51.154;20.054;0.0414;1280.5;981.36;1;0.0189;0.0189;0;0;0;0;0;0;1.2376;1.1496;0;15.928;18.444;14.572;16.874;98.492;98.492;12.011;10.043;9.1879;1.9687;0.8547;0.1639;0.0712;0.7649;66.688;0.7509;0
31/01/21 18:00;6.094;106.81;75.08;6.364;9.2306;90;9.2306;59.405;56.901;2.5039;29.82;1.97;0;6.0727;55.584;2.3153;0;0.0785;64.05;0;64.05;6.0727;2.3153;55.584;0.0785;0.0948;0.869;0;0.0012;63.631;0.4189;0;0;0.3533;0.0655;59.596;3.8448;1.1337;0.4322;2.2759;0.0029;63.441;0.1909;0.0182;0.0069;0.1657;0;59.608;4.9207;1.8761;52.789;0.01;33.276;26.487;10.359;0.0118;0.4028;5.7945;0.0119;6.1855;0;1;0;0;1.0782;0.9935;1;1;0.9936;0.1649;0.9394;0.8127;1;0.9587;0.7749;0.997;0.997;1;0.997;0.997;0.9305;0.9497;0.1274;0.1923;0.1917;0.0012;0.0149;0.0052;0.0012;0.0042;0.001;0;0;0.088;0;0.067;0;0;0;0;0;0;0;0;0;0;0;0;0.0034;0.0002;0.1605;0.1605;0;32.293;32.293;2.4726;0.0415;162.62;986.68;1;0.0054;0.0054;0;0;0;0;0;0;0.155;0.067;0;15.892;18.402;6.6394;7.6883;96.624;96.624;1.5372;1.2823;0.5358;0.2549;0.7466;0.1658;0.4857;0.3485;33.259;0.3264;0
31/01/21 19:00;0.1016;111.17;89.754;0.1089;0.1552;90;0.1552;0;0;0;24.99;2.4501;0;0;0;0;0;0;0;0;0;0;0;0;0;1;1;1;1;0;0;0;0;0;0;0;0;0;0;0;0;0;0;0;0;0;0;0;0;0;0;0;0;0;0;0;0;0;0;0;0;0;0;0;1;1;1;1;1;1;1;1;1;1;1;1;1;1;1;1;1;1;1;0;0;0;0;0;0;0;0;0;0.0004;0.088;0;-0.0884;0;0;0;0;0;0;0;0;0;0;0;0;0;0;0;0;0;0;0;-24.99;0;0;0;0;0.0004;0;0;0;0;0;0;0;-0.0004;-0.0884;0;0;0;0;0;0;0;0;0;-0.7063;0;0.7063;1;1;0;0;0;0
31/01/21 20:00;0;0;90;0;0;90;0;0;0;0;24.28;3.71;0;0;0;0;0;0;0;0;0;0;0;0;0;1;1;1;1;0;0;0;0;0;0;0;0;0;0;0;0;0;0;0;0;0;0;0;0;0;0;0;0;0;0;0;0;0;0;0;0;0;0;0;1;1;1;1;1;1;1;1;1;1;1;1;1;1;1;1;1;1;1;0;0;0;0;0;0;0;0;0;0.0004;0.088;0;-0.0884;0;0;0;0;0;0;0;0;0;0;0;0;0;0;0;0;0;0;0;-24.28;0;0;0;0;0.0004;0;0;0;0;0;0;0;-0.0004;-0.0884;0;0;0;0;0;0;0;0;0;-0.7063;0;0.7063;1;1;0;0;0;0
31/01/21 21:00;0;0;90;0;0;90;0;0;0;0;22.62;6.2801;0;0;0;0;0;0;0;0;0;0;0;0;0;1;1;1;1;0;0;0;0;0;0;0;0;0;0;0;0;0;0;0;0;0;0;0;0;0;0;0;0;0;0;0;0;0;0;0;0;0;0;0;1;1;1;1;1;1;1;1;1;1;1;1;1;1;1;1;1;1;1;0;0;0;0;0;0;0;0;0;0.0004;0.088;0;-0.0884;0;0;0;0;0;0;0;0;0;0;0;0;0;0;0;0;0;0;0;-22.62;0;0;0;0;0.0004;0;0;0;0;0;0;0;-0.0004;-0.0884;0;0;0;0;0;0;0;0;0;-0.7063;0;0.7063;1;1;0;0;0;0
31/01/21 22:00;0;0;90;0;0;90;0;0;0;0;21.3;8.01;0;0;0;0;0;0;0;0;0;0;0;0;0;1;1;1;1;0;0;0;0;0;0;0;0;0;0;0;0;0;0;0;0;0;0;0;0;0;0;0;0;0;0;0;0;0;0;0;0;0;0;0;1;1;1;1;1;1;1;1;1;1;1;1;1;1;1;1;1;1;1;0;0;0;0;0;0;0;0;0;0.0004;0.088;0;-0.0884;0;0;0;0;0;0;0;0;0;0;0;0;0;0;0;0;0;0;0;-21.3;0;0;0;0;0.0004;0;0;0;0;0;0;0;-0.0004;-0.0884;0;0;0;0;0;0;0;0;0;-0.7063;0;0.7063;1;1;0;0;0;0
31/01/21 23:00;0;0;90;0;0;90;0;0;0;0;20.73;7.9601;0;0;0;0;0;0;0;0;0;0;0;0;0;1;1;1;1;0;0;0;0;0;0;0;0;0;0;0;0;0;0;0;0;0;0;0;0;0;0;0;0;0;0;0;0;0;0;0;0;0;0;0;1;1;1;1;1;1;1;1;1;1;1;1;1;1;1;1;1;1;1;0;0;0;0;0;0;0;0;0;0.0004;0.088;0;-0.0884;0;0;0;0;0;0;0;0;0;0;0;0;0;0;0;0;0;0;0;-20.73;0;0;0;0;0.0004;0;0;0;0;0;0;0;-0.0004;-0.0884;0;0;0;0;0;0;0;0;0;-0.7063;0;0.7063;1;1;0;0;0;0
01/02/21 00:00;0;0;90;0;0;90;0;0;0;0;20.14;7.7399;0;0;0;0;0;0;0;0;0;0;0;0;0;1;1;1;1;0;0;0;0;0;0;0;0;0;0;0;0;0;0;0;0;0;0;0;0;0;0;0;0;0;0;0;0;0;0;0;0;0;0;0;1;1;1;1;1;1;1;1;1;1;1;1;1;1;1;1;1;1;1;0;0;0;0;0;0;0;0;0;0.0004;0.088;0;-0.0884;0;0;0;0;0;0;0;0;0;0;0;0;0;0;0;0;0;0;0;-20.14;0;0;0;0;0.0004;0;0;0;0;0;0;0;-0.0004;-0.0884;0;0;0;0;0;0;0;0;0;-0.7063;0;0.7063;1;1;0;0;0;0
01/02/21 01:00;0;0;90;0;0;90;0;0;0;0;19.8;7.2301;0;0;0;0;0;0;0;0;0;0;0;0;0;1;1;1;1;0;0;0;0;0;0;0;0;0;0;0;0;0;0;0;0;0;0;0;0;0;0;0;0;0;0;0;0;0;0;0;0;0;0;0;1;1;1;1;1;1;1;1;1;1;1;1;1;1;1;1;1;1;1;0;0;0;0;0;0;0;0;0;0.0004;0.088;0;-0.0884;0;0;0;0;0;0;0;0;0;0;0;0;0;0;0;0;0;0;0;-19.8;0;0;0;0;0.0004;0;0;0;0;0;0;0;-0.0004;-0.0884;0;0;0;0;0;0;0;0;0;-0.7063;0;0.7063;1;1;0;0;0;0
01/02/21 02:00;0;0;90;0;0;90;0;0;0;0;19.18;6.34;0;0;0;0;0;0;0;0;0;0;0;0;0;1;1;1;1;0;0;0;0;0;0;0;0;0;0;0;0;0;0;0;0;0;0;0;0;0;0;0;0;0;0;0;0;0;0;0;0;0;0;0;1;1;1;1;1;1;1;1;1;1;1;1;1;1;1;1;1;1;1;0;0;0;0;0;0;0;0;0;0.0004;0.088;0;-0.0884;0;0;0;0;0;0;0;0;0;0;0;0;0;0;0;0;0;0;0;-19.18;0;0;0;0;0.0004;0;0;0;0;0;0;0;-0.0004;-0.0884;0;0;0;0;0;0;0;0;0;-0.7063;0;0.7063;1;1;0;0;0;0
01/02/21 03:00;0;0;90;0;0;90;0;0;0;0;18.83;5.86;0;0;0;0;0;0;0;0;0;0;0;0;0;1;1;1;1;0;0;0;0;0;0;0;0;0;0;0;0;0;0;0;0;0;0;0;0;0;0;0;0;0;0;0;0;0;0;0;0;0;0;0;1;1;1;1;1;1;1;1;1;1;1;1;1;1;1;1;1;1;1;0;0;0;0;0;0;0;0;0;0.0004;0.088;0;-0.0884;0;0;0;0;0;0;0;0;0;0;0;0;0;0;0;0;0;0;0;-18.83;0;0;0;0;0.0004;0;0;0;0;0;0;0;-0.0004;-0.0884;0;0;0;0;0;0;0;0;0;-0.7063;0;0.7063;1;1;0;0;0;0
01/02/21 04:00;0;0;90;0;0;90;0;0;0;0;18.15;6.03;0;0;0;0;0;0;0;0;0;0;0;0;0;1;1;1;1;0;0;0;0;0;0;0;0;0;0;0;0;0;0;0;0;0;0;0;0;0;0;0;0;0;0;0;0;0;0;0;0;0;0;0;1;1;1;1;1;1;1;1;1;1;1;1;1;1;1;1;1;1;1;0;0;0;0;0;0;0;0;0;0.0004;0.088;0;-0.0884;0;0;0;0;0;0;0;0;0;0;0;0;0;0;0;0;0;0;0;-18.15;0;0;0;0;0.0004;0;0;0;0;0;0;0;-0.0004;-0.0884;0;0;0;0;0;0;0;0;0;-0.7063;0;0.7063;1;1;0;0;0;0
01/02/21 05:00;3.7161;-108.16;80.956;3.9102;5.6095;-90;-5.6095;21.703;19.197;2.5056;18.25;6.3701;0;6.0768;18.625;1.2807;0;0.0104;25.992;0;25.992;6.0768;1.2807;18.625;0.0104;0.2338;0.7169;0;0.0004;25.931;0.0611;0;0;0.0524;0.0087;22.459;3.42;2.1611;0.4554;0.8032;0.0004;25.879;0.0519;0.0122;0.0026;0.0371;0;22.46;3.9036;0.8227;17.732;0.0013;11.085;8.8677;3.3748;0.0004;0.1319;1.8969;0.0007;2.0284;0;1;0;0;1.1976;0.9976;1;1;0.9972;0.1645;0.8678;0.6437;1;0.9567;0.7764;0.998;0.998;1;0.998;0.998;0.8641;0.9521;0.1274;0.0781;0.0716;0.0004;0.0095;-0.0015;0.0004;0.0016;0.0003;0;0;0.088;0;-0.0318;0;0;0;0;0;0;0;0;0;0;0;0;0.0013;0.0001;0.0596;0.0596;0;19.183;19.183;0.9334;0.0416;59.604;999.36;1;0.0034;0.0034;0;0;0;0;0;0;0.0562;-0.0318;0;14.538;16.834;-7.767;-8.994;94.308;94.308;0.6238;0.4761;-0.2543;0.1478;0.7304;0.2369;1.1708;0;11.07;0;0
01/02/21 06:00;13.397;-101.47;55.81;13.66;21.283;-90;-21.283;169.6;60.001;109.6;19.91;6.33;0;265.81;38.449;48.976;0;1.1567;354.39;0;354.39;265.81;48.976;38.449;1.1567;0.75;0.1118;0;0.0033;352.43;1.9604;0;0;0.9861;0.9744;343.2;8.5223;6.0847;1.1211;1.277;0.0394;351.72;0.7049;0.5316;0.098;0.0749;0.0004;343.28;259.19;47.757;36.111;0.1425;24.678;19.742;7.4113;0.1727;0.3114;4.4792;0.0779;4.618;0;1;0;0;2.0896;0.9945;1;1;0.9744;0.1576;0.9758;0.9771;1;0.9658;0.7833;0.998;0.998;1;0.998;0.998;0.9684;0.9392;0.1232;1.0642;1.0434;0.0063;0.0128;0.0333;0.0069;0.0246;0.0009;0;0;0.088;0;0.8329;0;0;0;0;0;0;0;0;0;0;0;0;0.0198;0.0028;0.936;0.936;0;33.938;33.938;14.029;0.0409;896.35;1044.3;1;0.0152;0.0152;0;0;0;0;0;0;0.9209;0.8329;0;16.755;19.402;14.909;17.264;98.381;98.381;8.5054;7.4807;6.6564;1.0246;0.8244;0.1205;0.0969;0.7826;24.042;0.7753;0
01/02/21 07:00;25.552;-93.372;5.3554;25.59;60;-90;-60;332.91;141.4;191.51;22.17;6.0501;0;442.06;72.547;103.11;0;16.645;634.37;0;634.37;442.06;103.11;72.547;16.645;0.6969;0.1406;0;0.0262;609.66;24.707;0;0;9.13;15.577;606.04;2.4091;0.0816;0.019;2.2377;0.0707;608.45;1.2193;0.8841;0.2062;0.1268;0.0021;608.61;441.1;102.89;61.053;0.9956;75.666;60.533;27.694;12.133;1.3859;19.936;2.5711;9.1894;0;1;0;0;1.9055;0.9611;1;1;0.8742;0.0642;0.996;0.9998;1;0.9646;0.9337;0.998;0.998;1;0.998;0.998;0.9553;0.8416;0.0598;1.905;1.8751;0.0113;0.0017;0.1464;0.012;0.0426;0.0036;0;0;0.088;0;1.5016;0;0;0;0;0;0;0;0;0;0;0;0;0.0343;0.008;1.6151;1.6151;0;47.145;47.145;24.975;0.0412;1612.5;1001.6;1;0.0255;0.0255;0;0;0;0;0;0;1.5896;1.5016;0;16.151;18.702;15.016;17.388;98.422;98.422;15.225;12.908;12.001;2.317;0.907;0.1522;0.0596;0.7882;63.174;0.7701;0
01/02/21 08:00;37.806;-84.571;4.2871;37.93;52.07;-90;-52.07;597.5;117;480.5;24.94;5.4299;0;781.68;41.776;106.16;0;23.022;952.64;0;952.64;781.68;106.16;41.776;23.022;0.8205;0.068;0;0.0242;926.81;25.826;0;0;4.2816;21.544;923.52;1.443;0.1155;0.0157;1.2534;0.0584;924.96;1.8536;1.5634;0.2123;0.075;0.003;928.45;780;105.93;36.166;1.416;214.79;171.84;68.416;4.2376;2.634;37.889;4.932;36.285;0;1;0;0;1.5944;0.9729;1;1;0.8975;0.0642;0.9984;0.9999;1;0.9665;0.9604;0.998;0.998;1;0.998;0.998;0.9694;0.8657;0.0615;2.8608;2.8763;0.0173;-0.0011;0.3903;0.0173;0.0613;0.0065;0;0;0.088;0;2.1906;0;0;0;0;0;0;0;0;0;0;0;0;0.0494;0.018;2.3173;2.3173;0;63.492;63.492;38.552;0.0417;2476;935.89;1;0.0387;0.0387;0;0;0;0;0;0;2.2786;2.1906;0;15.431;17.869;14.587;16.892;98.332;98.332;22.863;18.52;17.508;4.3436;1.0122;0.19;0.0443;0.7657;33.315;0.7436;0
01/02/21 09:00;49.845;-73.678;10.441;51.003;38.997;-90;-38.997;458.69;352.7;105.99;26.76;4.83;0;136.38;282.48;44.779;0;10.221;473.86;0;473.86;136.38;44.779;282.48;10.221;0.2878;0.6177;0;0.0216;445.56;28.298;0;0;18.959;9.3393;436.02;8.6546;0.0491;0.0161;8.5003;0.0891;444.67;0.8911;0.2728;0.0896;0.527;0.0018;439.38;136.06;44.674;254.49;0.7905;265.97;212.78;88.381;10.548;3.368;48.448;3.3645;41.268;0;1;0;0;1.0331;0.9403;1;1;0.9329;0.0862;0.9805;0.9996;1;0.9677;0.8987;0.998;0.998;1;0.998;0.998;0.9201;0.9009;0.0773;1.423;1.4255;0.0086;0.0074;0.0999;0.0092;0.0325;0.0089;0;0;0.088;0;1.1212;0;0;0;0;0;0;0;0;0;0;0;0;0.0262;0.0048;1.2281;1.2281;0;44.719;44.719;17.959;0.0412;1223.8;1003.5;1;0.0189;0.0189;0;0;0;0;0;0;1.2092;1.1212;0;16.44;19.038;15.01;17.381;98.462;98.462;11.373;9.8148;8.9606;1.5578;0.8542;0.137;0.0751;0.7879;199.51;0.7319;0
01/02/21 10:00;61.043;-57.647;15.016;64.947;25.053;-90;-25.053;742.49;298.4;444.09;27.5;4.17;0;490.21;181.67;118.95;0;6.9857;797.82;0;797.82;490.21;118.95;181.67;6.9857;0.6144;0.2365;0;0.0088;785.79;12.035;0;0;6.0536;5.9812;777.86;6.3531;0.2538;0.0616;5.8347;0.2031;784.22;1.5716;0.9804;0.2379;0.3512;0.002;779.69;488.98;118.65;169.43;0.7995;417.91;334.33;135.37;1.4658;4.5372;65.265;1.8316;68.337;0;1;0;0;1.0745;0.9849;1;1;0.9667;0.1438;0.9919;0.9995;1;0.9667;0.7974;0.998;0.998;1;0.998;0.998;0.975;0.9326;0.1144;2.3959;2.4859;0.015;-0.0021;0.3062;0.0152;0.0538;0.0114;0;0;0.088;0;1.9093;0;0;0;0;0;0;0;0;0;0;0;0;0.0433;0.0137;2.0296;2.0296;0;59.878;59.878;32.378;0.0416;2139.5;948.65;1;0.0323;0.0323;0;0;0;0;0;0;1.9973;1.9093;0;16.138;18.687;15.181;17.579;98.407;98.407;19.148;16.221;15.259;2.9269;0.9617;0.1529;0.0502;0.7969;116;0.7509;0
01/02/21 11:00;69.629;-29.472;17.641;79.647;10.353;-90;-10.353;538.71;442.2;96.504;28.97;3.39;0;98.101;406.48;32.925;0;0.8771;538.38;0;538.38;98.101;32.925;406.48;0.8771;0.1822;0.7566;0;0.0016;534.53;3.8499;0;0;3.1187;0.7312;516.98;16.477;0.0597;0.02;16.365;0.0327;533.46;1.0691;0.1962;0.0659;0.8067;0.0003;517.14;97.845;32.839;386.19;0.1129;319;255.2;98.947;0.1348;3.6846;53.001;0.1577;56.551;0;1;0;0;0.9994;0.9928;1;1;0.9923;0.1664;0.9691;0.9994;1;0.9593;0.7752;0.998;0.998;1;0.998;0.998;0.9603;0.9501;0.1287;1.6168;1.6693;0.01;0.0041;0.1501;0.0105;0.0374;0.0096;0;0;0.088;0;1.3018;0;0;0;0;0;0;0;0;0;0;0;0;0.0301;0.0065;1.4111;1.4111;0;50.346;50.346;21.376;0.0413;1433.1;984.62;1;0.0213;0.0213;0;0;0;0;0;0;1.3898;1.3018;0;16.627;19.253;15.339;17.762;98.49;98.49;12.921;11.277;10.404;1.6437;0.8736;0.1272;0.0676;0.8052;243.87;0.7499;0
01/02/21 12:00;71.349;14.143;18.066;85.285;4.7147;90;4.7147;635.6;450;185.6;29.74;2.7001;0;186.23;386.62;62.932;0;0.2151;636;0;636;186.23;62.932;386.62;0.2151;0.2928;0.6082;0;0.0003;634.99;1.0123;0;0;0.8323;0.1799;616.71;17.013;0.116;0.0392;16.85;0.0078;633.72;1.27;0.3725;0.1259;0.7716;0.0001;616.72;185.74;62.767;368.17;0.0272;375.61;300.49;116.75;0.0017;4.3124;62.032;0.0127;66.343;0;1;0;0;1.0006;0.9984;1;1;0.9978;0.1634;0.9732;0.9994;1;0.9562;0.7765;0.998;0.998;1;0.998;0.998;0.9697;0.9523;0.1266;1.9099;1.9883;0.012;0.0006;0.2136;0.0123;0.0437;0.011;0;0;0.088;0;1.5374;0;0;0;0;0;0;0;0;0;0;0;0;0.0352;0.0089;1.6509;1.6509;0;55.328;55.328;25.588;0.0415;1709.1;965.92;1;0.0255;0.0255;0;0;0;0;0;0;1.6254;1.5374;0;16.467;19.068;15.334;17.757;98.454;98.454;15.264;13.194;12.287;2.07;0.9073;0.1356;0.0594;0.8049;229.52;0.7502;0
01/02/21 13:00;64.74;49.033;16.247;70.389;19.611;90;19.611;285.69;279.9;5.7928;29.76;3.47;0;6.1495;270.54;1.3542;0;1.6572;279.71;0;279.71;6.1495;1.3542;270.54;1.6572;0.022;0.9732;0;0.0059;272.22;7.4809;0;0;6.0892;1.3918;262.45;9.2338;0.0034;0.0008;9.1708;0.0588;271.68;0.5444;0.0123;0.0027;0.5289;0.0005;262.86;6.1338;1.3507;254.76;0.2061;171.77;137.42;53.414;0.9008;2.029;29.187;0.4176;30.315;0;1;0;0;0.979;0.9733;1;1;0.9775;0.1601;0.966;0.9994;1;0.9653;0.7781;0.998;0.998;1;0.998;0.998;0.9383;0.9416;0.1244;0.84;0.8532;0.0051;0.0153;0.0479;0.0055;0.0195;0.0054;0;0;0.088;0;0.6371;0;0;0;0;0;0;0;0;0;0;0;0;0.0157;0.0019;0.7369;0.7369;0;40.569;40.569;10.809;0.0412;731.39;1007.6;1;0.0119;0.0119;0;0;0;0;0;0;0.7251;0.6371;0;16.714;19.354;14.449;16.731;98.391;98.391;6.7129;5.8896;5.0915;0.8233;0.7981;0.1226;0.1189;0.7585;167.78;0.7035;0
01/02/21 14:00;54.201;68.527;12.364;56.133;33.867;90;33.867;58.701;58.397;0.3042;21.76;4.41;0;0.3664;53.429;0.0188;0;0.996;54.81;0;54.81;0.3664;0.0188;53.429;0.996;0.0067;0.993;0;0.0182;51.036;3.7743;0;0;2.8825;0.8918;49.288;1.6457;0.0002;0;1.6299;0.0157;50.934;0.1021;0.0007;0;0.1011;0.0002;49.616;0.3655;0.0187;48.815;0.0883;36.377;29.102;11.935;1.2295;0.4567;6.5694;0.3278;5.7966;0;1;0;0;0.9337;0.9311;1;1;0.946;0.1046;0.9677;0.9996;1;0.9677;0.8493;0.998;0.998;1;0.998;0.998;0.8993;0.9137;0.0887;0.1646;0.1633;0.001;0.014;-0.0007;0.001;0.0037;0.0012;0;0;0.088;0;0.0465;0;0;0;0;0;0;0;0;0;0;0;0;0.003;0.0001;0.14;0.14;0;23.794;23.794;2.0345;0.0413;137.97;1014.5;1;0.0055;0.0055;0;0;0;0;0;0;0.1345;0.0465;0;16.2;18.759;5.3801;6.2301;96.081;96.081;1.3154;1.1186;0.3715;0.1968;0.7471;0.1496;0.568;0.2824;36.216;0.2592;0
01/02/21 15:00;42.371;80.838;6.7556;42.738;47.263;90;47.263;68.606;68.203;0.4029;20.22;4.51;0;0.5937;57.219;0.0428;0;2.2047;60.061;0;60.061;0.5937;0.0428;57.219;2.2047;0.0099;0.9894;0;0.0367;52.898;7.1627;0;0;5.1049;2.0578;51.078;1.7141;0.0001;0;1.7066;0.0074;52.792;0.1058;0.0012;0.0001;0.1042;0.0003;51.929;0.5924;0.0427;50.304;0.1392;43.665;34.932;15.154;4.1397;0.6676;9.6028;0.8512;6.1306;0;1;0;0;0.8754;0.8807;1;1;0.9108;0.0666;0.9675;0.9998;1;0.9672;0.9493;0.998;0.998;1;0.998;0.998;0.8504;0.8791;0.0631;0.1804;0.1767;0.0011;0.0144;-0.0017;0.0011;0.004;0.0018;0;0;0.088;0;0.0588;0;0;0;0;0;0;0;0;0;0;0;0;0.0033;0.0002;0.1525;0.1525;0;22.325;22.325;2.1048;0.0412;149.16;1022.5;1;0.0057;0.0057;0;0;0;0;0;0;0.1468;0.0588;0;16.109;18.654;6.2093;7.1903;96.242;96.242;1.4415;1.219;0.4698;0.2225;0.7491;0.1544;0.5197;0.3259;43.494;0.2911;0
01/02/21 16:00;30.152;90.207;0.1792;30.152;59.848;90;59.848;103.49;102.2;1.2937;20.07;5.23;0;2.5757;76.627;0.3729;0;5.151;84.727;0;84.727;2.5757;0.3729;76.627;5.151;0.0304;0.9652;0;0.0608;70.266;14.46;0;0;9.6282;4.8321;67.743;2.383;0;0;2.3616;0.0214;70.126;0.1405;0.0052;0.0007;0.134;0.0006;69.925;2.5705;0.3721;64.503;0.2969;66.861;53.489;24.58;12.696;1.346;19.361;2.182;8.0113;0;1;0;0;0.8187;0.8293;1;1;0.8743;0.0619;0.966;1;1;0.9647;0.9329;0.998;0.998;1;0.998;0.998;0.7995;0.8418;0.0576;0.2544;0.2514;0.0015;0.0163;-0.002;0.0016;0.0058;0.0036;0;0;0.088;0;0.1252;0;0;0;0;0;0;0;0;0;0;0;0;0.0047;0.0003;0.2195;0.2195;0;22.854;22.854;2.7837;0.0411;212.58;1032.5;1;0.0063;0.0063;0;0;0;0;0;0;0.2132;0.1252;0;16.434;19.03;9.3717;10.852;97.121;97.121;2.0334;1.7542;1.0004;0.2793;0.7538;0.1373;0.3707;0.492;66.59;0.4201;0
01/02/21 17:00;17.93;98.457;41.699;18.115;30.829;90;30.829;14.397;14.397;0;20.01;6.48;0;0;13.38;0;0;0.2034;13.583;0;13.583;0;0;13.38;0.2034;0;1;0;0.015;12.782;0.8017;0;0;0.6222;0.1795;12.338;0.4178;0;0;0.4137;0.0041;12.756;0.0256;0;0;0.0255;0;12.403;0;0;12.318;0.0197;8.8699;7.0959;2.8674;0.2227;0.1091;1.5698;0.0644;1.4563;0;1;0;0;0.9435;0.941;1;1;0.9535;0.1175;0.9672;1;1;0.9675;0.8272;0.998;1;1;0.998;0.998;0.9083;0.9207;0.097;0.0408;0.0407;0.0002;0.0071;-0.0007;0.0002;0.0008;0.0003;0;0;0.088;0;-0.0587;0;0;0;0;0;0;0;0;0;0;0;0;0.0007;0;0.032;0.032;0;20.529;20.529;0.5187;0.042;33.091;965.9;1;0.0027;0.0027;0;0;0;0;0;0;0.0293;-0.0587;0;14.927;17.285;-27.409;-31.738;91.707;91.707;0.326;0.2554;-0.469;0.0706;0.7245;0.2164;2.2223;0;8.8699;0;0
01/02/21 18:00;5.9629;106.56;75.407;6.2189;9.0129;90;9.0129;0.8009;0.7981;0.0028;19.39;7.19;0;0.0068;0.7932;0;0;0.001;0.801;0.801;0;0.0068;0;0;0;1;1;1;1;0;0;0;0;0;0;0;0;0;0;0;0;0;0;0;0;0;0;0;0;0;0;0;0;0;0;0;0;0;0;0;0;0;0;0;0;1;1;1;1;1;1;1;1;1;1;1;0;1;0;0;1;0;0;0;0;0;0;0;0;0;0;0;0.0004;0.088;0;-0.0884;0;0;0;0;0;0;0;0;0;0;0;0;0;0;0;0;0;0;0;-19.39;0;0;0;0;0.0004;0;0;0;0;0;0;0;-0.0004;-0.0884;0;0;0;0;0;0;0;0;0;-0.7063;0;0.7063;1;1;0;0;0;0
01/02/21 19:00;0.1525;110.77;89.63;0.1631;0.2325;90;0.2325;0;0;0;19.1;5.5601;0;0;0;0;0;0;0;0;0;0;0;0;0;1;1;1;1;0;0;0;0;0;0;0;0;0;0;0;0;0;0;0;0;0;0;0;0;0;0;0;0;0;0;0;0;0;0;0;0;0;0;0;1;1;1;1;1;1;1;1;1;1;1;1;1;1;1;1;1;1;1;0;0;0;0;0;0;0;0;0;0.0004;0.088;0;-0.0884;0;0;0;0;0;0;0;0;0;0;0;0;0;0;0;0;0;0;0;-19.1;0;0;0;0;0.0004;0;0;0;0;0;0;0;-0.0004;-0.0884;0;0;0;0;0;0;0;0;0;-0.7063;0;0.7063;1;1;0;0;0;0
01/02/21 20:00;0;0;90;0;0;90;0;0;0;0;18.9;3.1701;0;0;0;0;0;0;0;0;0;0;0;0;0;1;1;1;1;0;0;0;0;0;0;0;0;0;0;0;0;0;0;0;0;0;0;0;0;0;0;0;0;0;0;0;0;0;0;0;0;0;0;0;1;1;1;1;1;1;1;1;1;1;1;1;1;1;1;1;1;1;1;0;0;0;0;0;0;0;0;0;0.0004;0.088;0;-0.0884;0;0;0;0;0;0;0;0;0;0;0;0;0;0;0;0;0;0;0;-18.9;0;0;0;0;0.0004;0;0;0;0;0;0;0;-0.0004;-0.0884;0;0;0;0;0;0;0;0;0;-0.7063;0;0.7063;1;1;0;0;0;0
01/02/21 21:00;0;0;90;0;0;90;0;0;0;0;18.41;2.03;0;0;0;0;0;0;0;0;0;0;0;0;0;1;1;1;1;0;0;0;0;0;0;0;0;0;0;0;0;0;0;0;0;0;0;0;0;0;0;0;0;0;0;0;0;0;0;0;0;0;0;0;1;1;1;1;1;1;1;1;1;1;1;1;1;1;1;1;1;1;1;0;0;0;0;0;0;0;0;0;0.0004;0.088;0;-0.0884;0;0;0;0;0;0;0;0;0;0;0;0;0;0;0;0;0;0;0;-18.41;0;0;0;0;0.0004;0;0;0;0;0;0;0;-0.0004;-0.0884;0;0;0;0;0;0;0;0;0;-0.7063;0;0.7063;1;1;0;0;0;0
01/02/21 22:00;0;0;90;0;0;90;0;0;0;0;18.05;2.1501;0;0;0;0;0;0;0;0;0;0;0;0;0;1;1;1;1;0;0;0;0;0;0;0;0;0;0;0;0;0;0;0;0;0;0;0;0;0;0;0;0;0;0;0;0;0;0;0;0;0;0;0;1;1;1;1;1;1;1;1;1;1;1;1;1;1;1;1;1;1;1;0;0;0;0;0;0;0;0;0;0.0004;0.088;0;-0.0884;0;0;0;0;0;0;0;0;0;0;0;0;0;0;0;0;0;0;0;-18.05;0;0;0;0;0.0004;0;0;0;0;0;0;0;-0.0004;-0.0884;0;0;0;0;0;0;0;0;0;-0.7063;0;0.7063;1;1;0;0;0;0
01/02/21 23:00;0;0;90;0;0;90;0;0;0;0;17.65;2.28;0;0;0;0;0;0;0;0;0;0;0;0;0;1;1;1;1;0;0;0;0;0;0;0;0;0;0;0;0;0;0;0;0;0;0;0;0;0;0;0;0;0;0;0;0;0;0;0;0;0;0;0;1;1;1;1;1;1;1;1;1;1;1;1;1;1;1;1;1;1;1;0;0;0;0;0;0;0;0;0;0.0004;0.088;0;-0.0884;0;0;0;0;0;0;0;0;0;0;0;0;0;0;0;0;0;0;0;-17.65;0;0;0;0;0.0004;0;0;0;0;0;0;0;-0.0004;-0.0884;0;0;0;0;0;0;0;0;0;-0.7063;0;0.7063;1;1;0;0;0;0
02/02/21 00:00;0;0;90;0;0;90;0;0;0;0;17;2.3899;0;0;0;0;0;0;0;0;0;0;0;0;0;1;1;1;1;0;0;0;0;0;0;0;0;0;0;0;0;0;0;0;0;0;0;0;0;0;0;0;0;0;0;0;0;0;0;0;0;0;0;0;1;1;1;1;1;1;1;1;1;1;1;1;1;1;1;1;1;1;1;0;0;0;0;0;0;0;0;0;0.0004;0.088;0;-0.0884;0;0;0;0;0;0;0;0;0;0;0;0;0;0;0;0;0;0;0;-17;0;0;0;0;0.0004;0;0;0;0;0;0;0;-0.0004;-0.0884;0;0;0;0;0;0;0;0;0;-0.7063;0;0.7063;1;1;0;0;0;0
02/02/21 01:00;0;0;90;0;0;90;0;0;0;0;16.25;2.49;0;0;0;0;0;0;0;0;0;0;0;0;0;1;1;1;1;0;0;0;0;0;0;0;0;0;0;0;0;0;0;0;0;0;0;0;0;0;0;0;0;0;0;0;0;0;0;0;0;0;0;0;1;1;1;1;1;1;1;1;1;1;1;1;1;1;1;1;1;1;1;0;0;0;0;0;0;0;0;0;0.0004;0.088;0;-0.0884;0;0;0;0;0;0;0;0;0;0;0;0;0;0;0;0;0;0;0;-16.25;0;0;0;0;0.0004;0;0;0;0;0;0;0;-0.0004;-0.0884;0;0;0;0;0;0;0;0;0;-0.7063;0;0.7063;1;1;0;0;0;0
02/02/21 02:00;0;0;90;0;0;90;0;0;0;0;15.5;2.49;0;0;0;0;0;0;0;0;0;0;0;0;0;1;1;1;1;0;0;0;0;0;0;0;0;0;0;0;0;0;0;0;0;0;0;0;0;0;0;0;0;0;0;0;0;0;0;0;0;0;0;0;1;1;1;1;1;1;1;1;1;1;1;1;1;1;1;1;1;1;1;0;0;0;0;0;0;0;0;0;0.0004;0.088;0;-0.0884;0;0;0;0;0;0;0;0;0;0;0;0;0;0;0;0;0;0;0;-15.5;0;0;0;0;0.0004;0;0;0;0;0;0;0;-0.0004;-0.0884;0;0;0;0;0;0;0;0;0;-0.7063;0;0.7063;1;1;0;0;0;0
02/02/21 03:00;0;0;90;0;0;90;0;0;0;0;16.2;2.41;0;0;0;0;0;0;0;0;0;0;0;0;0;1;1;1;1;0;0;0;0;0;0;0;0;0;0;0;0;0;0;0;0;0;0;0;0;0;0;0;0;0;0;0;0;0;0;0;0;0;0;0;1;1;1;1;1;1;1;1;1;1;1;1;1;1;1;1;1;1;1;0;0;0;0;0;0;0;0;0;0.0004;0.088;0;-0.0884;0;0;0;0;0;0;0;0;0;0;0;0;0;0;0;0;0;0;0;-16.2;0;0;0;0;0.0004;0;0;0;0;0;0;0;-0.0004;-0.0884;0;0;0;0;0;0;0;0;0;-0.7063;0;0.7063;1;1;0;0;0;0
02/02/21 04:00;0;0;90;0;0;90;0;0;0;0;16.5;2.2399;0;0;0;0;0;0;0;0;0;0;0;0;0;1;1;1;1;0;0;0;0;0;0;0;0;0;0;0;0;0;0;0;0;0;0;0;0;0;0;0;0;0;0;0;0;0;0;0;0;0;0;0;1;1;1;1;1;1;1;1;1;1;1;1;1;1;1;1;1;1;1;0;0;0;0;0;0;0;0;0;0.0004;0.088;0;-0.0884;0;0;0;0;0;0;0;0;0;0;0;0;0;0;0;0;0;0;0;-16.5;0;0;0;0;0.0004;0;0;0;0;0;0;0;-0.0004;-0.0884;0;0;0;0;0;0;0;0;0;-0.7063;0;0.7063;1;1;0;0;0;0
02/02/21 05:00;3.7128;-107.8;80.964;3.8989;5.5931;-90;-5.5931;12.6;12.399;0.2006;16.46;2.9499;0;0.4866;12.342;0.0663;0;0.006;12.901;0;12.901;0.4866;0.0663;12.342;0.006;0.0377;0.9571;0;0.0005;12.862;0.0396;0;0;0.0346;0.005;12.107;0.7294;0.1732;0.0236;0.5324;0.0002;12.836;0.0257;0.001;0.0001;0.0246;0;12.107;0.3124;0.0426;11.751;0.0008;7.3368;5.8694;2.2321;0.0002;0.0874;1.2571;0.0005;1.3442;0;1;0;0;1.0239;0.9969;1;1;0.9972;0.1645;0.9432;0.6433;1;0.9567;0.7764;0.998;0.998;1;0.998;0.998;0.9384;0.9521;0.1274;0.0387;0.0391;0.0002;0.0069;-0.0011;0.0002;0.0008;0.0002;0;0;0.088;0;-0.0595;0;0;0;0;0;0;0;0;0;0;0;0;0.0007;0;0.0311;0.0311;0;16.968;16.968;0.5077;0.0419;31.759;980.36;1;0.0027;0.0027;0;0;0;0;0;0;0.0285;-0.0595;0;15.309;17.728;-29.271;-33.895;91.445;91.445;0.3096;0.2488;-0.4758;0.0608;0.7246;0.1964;2.3401;0;7.3357;0;0
02/02/21 06:00;13.209;-101.25;56.345;13.458;20.906;-90;-20.906;153.99;70.597;83.394;16.67;3.14;0;202.25;50.539;44.473;0;1.0138;298.28;0;298.28;202.25;44.473;50.539;1.0138;0.6781;0.1728;0;0.0034;296.17;2.1122;0;0;1.2595;0.8527;287.85;7.7297;4.9265;1.0833;1.6849;0.035;295.58;0.5923;0.4045;0.0889;0.0986;0.0003;287.94;196.92;43.301;47.496;0.1257;32.04;25.632;10.077;0.2125;0.374;5.3791;0.0898;5.5406;0;1;0;0;1.937;0.9929;1;1;0.9751;0.1589;0.9738;0.9756;1;0.9657;0.7822;0.998;0.998;1;0.998;0.998;0.965;0.9398;0.124;0.8957;0.8786;0.0053;0.015;0.0106;0.0059;0.021;0.001;0;0;0.088;0;0.6992;0;0;0;0;0;0;0;0;0;0;0;0;0.0169;0.002;0.8006;0.8006;0;28.395;28.395;11.725;0.0407;752.58;1063.9;1;0.0134;0.0134;0;0;0;0;0;0;0.7872;0.6992;0;17.028;19.718;14.871;17.22;98.326;98.326;7.1587;6.3988;5.5884;0.76;0.8104;0.1062;0.1132;0.7806;31.541;0.7702;0
02/02/21 07:00;25.37;-93.119;5.3906;25.403;60;-90;-60;448.59;74.003;374.59;19.33;3.15;0;870.4;20.967;107;0;22.43;1020.8;0;1020.8;870.4;107;20.967;22.43;0.8527;0.0425;0;0.022;997.17;23.629;0;0;2.6386;20.99;994.25;0.9236;0.1617;0.0199;0.6467;0.0953;995.17;1.9943;1.7408;0.214;0.0367;0.0029;995.73;868.5;106.76;17.645;1.3416;37.868;30.294;13.49;3.5109;0.5512;7.9287;1.4852;4.969;0;1;0;0;2.2756;0.9769;1;1;0.8742;0.0642;0.9991;0.9998;1;0.9646;0.9337;0.998;0.998;1;0.998;0.998;0.974;0.8416;0.0598;3.0655;3.0158;0.0182;0;0.3788;0.0183;0.065;0.0014;0;0;0.088;0;2.3315;0;0;0;0;0;0;0;0;0;0;0;0;0.0524;0.0198;2.462;2.462;0;60.742;60.742;41.412;0.0417;2598.1;947.61;1;0.0424;0.0424;0;0;0;0;0;0;2.4195;2.3315;0;15.3;17.717;14.489;16.778;98.276;98.276;24.499;19.676;18.633;4.8231;1.0425;0.1969;0.0426;0.7606;18.258;0.7562;0
02/02/21 08:00;37.623;-84.284;4.5249;37.761;52.239;-90;-52.239;276.71;252.3;24.406;20.45;3.4101;0;39.855;197.61;11.723;0;10.726;259.92;0;259.92;39.855;11.723;197.61;10.726;0.1533;0.8016;0;0.0413;229.53;30.387;0;0;20.349;10.039;223.11;5.9662;0.0062;0.0018;5.931;0.0271;229.07;0.4591;0.0797;0.0234;0.3545;0.0014;227.23;39.769;11.698;170.98;0.6587;168.29;134.63;59.043;20.249;2.8105;40.428;4.1195;22.989;0;1;0;0;0.9393;0.8831;1;1;0.897;0.0641;0.974;0.9998;1;0.9665;0.9604;0.998;0.998;1;0.998;0.998;0.8584;0.8652;0.0614;0.7805;0.7696;0.0046;0.0163;0.0126;0.0052;0.0183;0.0077;0;0;0.088;0;0.589;0;0;0;0;0;0;0;0;0;0;0;0;0.0147;0.0016;0.6887;0.6887;0;29.565;29.565;9.1144;0.0409;655.89;1050;1;0.0117;0.0117;0;0;0;0;0;0;0.677;0.589;0;16.808;19.463;14.375;16.646;98.304;98.304;6.238;5.5038;4.7072;0.7343;0.7966;0.1177;0.1277;0.7546;157.87;0.6759;0
02/02/21 09:00;49.65;-73.343;10.695;50.858;39.142;-90;-39.142;776.3;140.2;636.1;21.81;3.88;0;820.16;50.529;107.39;0;17.422;995.5;0;995.5;820.16;107.39;50.529;17.422;0.8239;0.0683;0;0.0175;976.16;19.34;0;0;3.4108;15.929;972.2;2.0107;0.3024;0.0396;1.5201;0.1486;974.21;1.9523;1.6403;0.2148;0.0942;0.003;977.08;818.22;107.13;45.504;1.3413;374.55;299.64;122.01;1.9149;4.0607;58.412;4.8757;60.558;0;1;0;0;1.2824;0.9806;1;1;0.9325;0.0857;0.9979;0.9996;1;0.9677;0.9002;0.998;0.998;1;0.998;0.998;0.9766;0.9005;0.077;2.9895;3.066;0.0185;0.0006;0.4027;0.0185;0.0656;0.0101;0;0;0.088;0;2.3463;0;0;0;0;0;0;0;0;0;0;0;0;0.0529;0.0203;2.4769;2.4769;0;62.358;62.358;40.547;0.0417;2635.9;939.66;1;0.0426;0.0426;0;0;0;0;0;0;2.4343;2.3463;0;15.783;18.277;14.951;17.313;98.28;98.28;23.892;19.795;18.751;4.097;1.0438;0.1715;0.0437;0.7848;35.731;0.7518;0
02/02/21 10:00;60.816;-57.269;15.287;64.834;25.166;-90;-25.166;893.2;168;725.2;22.13;4.2399;0;801.25;65.421;109.74;0;8.478;984.89;0;984.89;801.25;109.74;65.421;8.478;0.8135;0.075;0;0.0086;975.43;9.4583;0;0;2.1957;7.2626;970.65;2.8244;0.4222;0.0578;2.0993;0.2451;973.48;1.9509;1.6025;0.2195;0.1265;0.0024;972.83;799.23;109.46;61;0.9679;492.54;394.03;160.6;0.5378;5.2016;74.823;2.1749;79.487;0;1;0;0;1.1027;0.9904;1;1;0.9664;0.1434;0.9971;0.9995;1;0.9667;0.7979;0.998;0.998;1;0.998;0.998;0.9855;0.9324;0.1142;2.9576;3.0878;0.0186;0.0008;0.4084;0.0186;0.066;0.0129;0;0;0.088;0;2.3578;0;0;0;0;0;0;0;0;0;0;0;0;0.0532;0.0206;2.4887;2.4887;0;62.622;62.622;40.492;0.0417;2652.9;938.11;1;0.0428;0.0428;0;0;0;0;0;0;2.4458;2.3578;0;16.03;18.562;15.187;17.586;98.278;98.278;23.637;19.89;18.844;3.7476;1.0457;0.1585;0.0442;0.7972;41.8;0.7543;0
02/02/21 11:00;69.351;-29.219;17.925;79.576;10.424;-90;-10.424;500.81;431.8;69.011;23.36;4.56;0;70.169;405.76;23.045;0;0.8265;499.8;0;499.8;70.169;23.045;405.76;0.8265;0.1404;0.8135;0;0.0017;495.96;3.8377;0;0;3.1487;0.689;478.56;16.405;0.0434;0.0142;16.317;0.0308;494.97;0.9919;0.1403;0.0461;0.8052;0.0003;478.71;69.985;22.984;385.49;0.1064;296.91;237.53;91.774;0.1381;3.4511;49.643;0.1485;52.956;0;1;0;0;0.998;0.9923;1;1;0.9922;0.1664;0.9669;0.9994;1;0.9594;0.7752;0.998;0.998;1;0.998;0.998;0.9575;0.95;0.1287;1.5009;1.5465;0.0093;0.0057;0.0987;0.01;0.0356;0.0092;0;0;0.088;0;1.235;0;0;0;0;0;0;0;0;0;0;0;0;0.0286;0.0056;1.3437;1.3437;0;43.034;43.034;19.674;0.0411;1327.6;1012.1;1;0.0207;0.0207;0;0;0;0;0;0;1.323;1.235;0;17.055;19.749;15.675;18.152;98.458;98.458;11.995;10.739;9.8702;1.2561;0.8689;0.1047;0.0724;0.8228;243.48;0.7659;0
02/02/21 12:00;71.073;13.849;18.357;85.308;4.692;90;4.692;938.79;222.9;715.89;24.35;5.0101;0;718.3;102.66;120.47;0;0.3146;941.75;0;941.75;718.3;120.47;102.66;0.3146;0.7627;0.1093;0;0.0003;941.26;0.4826;0;0;0.2194;0.2632;934.36;5.0177;0.4545;0.0762;4.4755;0.0115;939.38;1.8825;1.4366;0.2409;0.2049;0.0001;934.39;716.41;120.15;97.765;0.0398;552.76;442.21;176.62;0.0005;6.0334;86.787;0.0254;92.82;0;1;0;0;1.0031;0.9995;1;1;0.9979;0.1634;0.9947;0.9994;1;0.9562;0.7765;0.998;0.998;1;0.998;0.998;0.9922;0.9523;0.1266;2.8281;2.9972;0.018;-0.0001;0.4047;0.018;0.0639;0.0149;0;0;0.088;0;2.2781;0;0;0;0;0;0;0;0;0;0;0;0;0.0515;0.0194;2.4069;2.4069;0;63.35;63.35;39.001;0.0417;2574.6;934.86;1;0.0408;0.0408;0;0;0;0;0;0;2.3661;2.2781;0;16.213;18.775;15.346;17.77;98.305;98.305;22.602;19.236;18.207;3.3656;1.0293;0.1489;0.0455;0.8055;60.946;0.7536;0
02/02/21 13:00;64.541;48.535;16.538;70.365;19.635;90;19.635;532.3;436.3;95.997;26.36;5.4101;0;101.92;391.56;35.054;0;3.0952;531.63;0;531.63;101.92;35.054;391.56;3.0952;0.1917;0.7423;0;0.0058;520.2;11.431;0;0;8.8311;2.5996;505.71;13.455;0.0581;0.02;13.267;0.1097;519.16;1.0404;0.2038;0.0701;0.7655;0.001;506.48;101.66;34.964;368.7;0.3848;315.67;252.54;99.1;1.3096;3.6453;52.436;0.7736;54.772;0;1;0;0;0.9988;0.9785;1;1;0.9774;0.1601;0.9741;0.9994;1;0.9653;0.7781;0.998;0.998;1;0.998;0.998;0.9512;0.9416;0.1243;1.5965;1.636;0.0098;0.0045;0.1288;0.0105;0.0371;0.0096;0;0;0.088;0;1.2905;0;0;0;0;0;0;0;0;0;0;0;0;0.0298;0.0062;1.3998;1.3998;0;47.217;47.217;20.857;0.0412;1404.6;996.55;1;0.0213;0.0213;0;0;0;0;0;0;1.3785;1.2905;0;16.702;19.341;15.398;17.831;98.479;98.479;12.759;11.187;10.313;1.5724;0.8735;0.1232;0.0685;0.8083;242.86;0.7527;0
02/02/21 14:00;54.053;68.098;12.649;56.068;33.932;90;33.932;839.91;183.9;656.01;26.78;5.5899;0;790.66;71.211;127.83;0;14.304;1004;0;1004;790.66;127.83;71.211;14.304;0.7875;0.0852;0;0.0142;987.34;16.665;0;0;3.8534;12.811;982.57;2.796;0.3448;0.0557;2.1718;0.2237;985.36;1.9747;1.5813;0.2557;0.1347;0.003;986.57;788.73;127.52;65.051;1.2659;433.51;346.81;142.75;1.6528;4.564;65.651;4.0037;68.562;0;1;0;0;1.1954;0.9834;1;1;0.9459;0.1043;0.9972;0.9996;1;0.9677;0.8498;0.998;0.998;1;0.998;0.998;0.9787;0.9135;0.0885;3.015;3.1099;0.0187;0.0011;0.4712;0.0183;0.065;0.0111;0;0;0.088;0;2.3218;0;0;0;0;0;0;0;0;0;0;0;0;0.0524;0.0209;2.4512;2.4512;0;67.951;67.951;41.171;0.0419;2675.2;916.27;1;0.0414;0.0414;0;0;0;0;0;0;2.4098;2.3218;0;15.488;17.934;14.67;16.988;98.312;98.312;24.096;19.59;18.556;4.506;1.0341;0.187;0.0429;0.7701;48.293;0.7341;0
02/02/21 15:00;42.246;80.482;7.0311;42.641;47.359;90;47.359;721;147.8;573.2;27.12;5.52;0;846.18;48.74;132.4;0;23.259;1050.6;0;1050.6;846.18;132.4;48.74;23.259;0.8054;0.0685;0;0.0221;1024.5;26.074;0;0;4.3613;21.712;1020.7;1.7685;0.2051;0.0321;1.4537;0.0776;1022.5;2.049;1.6924;0.2648;0.0888;0.0031;1026.3;844.28;132.1;42.836;1.4663;298.46;238.77;95.891;3.5566;3.4548;49.696;5.5705;49.595;0;1;0;0;1.4571;0.9752;1;1;0.9105;0.0665;0.9983;0.9998;1;0.9672;0.9497;0.998;0.998;1;0.998;0.998;0.9715;0.8789;0.063;3.1549;3.1957;0.0192;0.0023;0.5071;0.0187;0.0662;0.0083;0;0;0.088;0;2.3683;0;0;0;0;0;0;0;0;0;0;0;0;0.0533;0.022;2.4986;2.4986;0;69.961;69.961;42.842;0.042;2751.6;908.04;1;0.0423;0.0423;0;0;0;0;0;0;2.4563;2.3683;0;15.087;17.471;14.3;16.56;98.307;98.307;25.214;19.969;18.927;5.245;1.0414;0.208;0.0413;0.7507;37.083;0.725;0
02/02/21 16:00;30.032;89.9;0.0867;30.032;59.968;90;59.968;506.4;150.5;355.9;27.23;4.9301;0;711.1;55.766;152.19;0;25.295;944.35;0;944.35;711.1;152.19;55.766;25.295;0.753;0.0858;0;0.0268;913.6;30.755;0;0;7.0274;23.727;909.94;1.8285;0.0021;0.0005;1.7197;0.1062;911.77;1.8272;1.4222;0.3044;0.0975;0.0031;914.45;709.68;151.89;46.921;1.4585;126.39;101.11;42.366;9.3116;1.8559;26.696;4.5085;19.241;0;1;0;0;1.8649;0.9674;1;1;0.874;0.062;0.998;1;1;0.9646;0.9321;0.998;0.998;1;0.998;0.998;0.9636;0.8414;0.0577;2.8359;2.8105;0.0169;-0.0015;0.3997;0.0168;0.0595;0.0045;0;0;0.088;0;2.1246;0;0;0;0;0;0;0;0;0;0;0;0;0.0479;0.0173;2.2495;2.2495;0;65.272;65.272;38.042;0.0418;2420.7;929.28;1;0.0369;0.0369;0;0;0;0;0;0;2.2126;2.1246;0;15.111;17.498;14.272;16.526;98.361;98.361;22.665;17.978;16.98;4.6868;0.998;0.2068;0.044;0.7492;48.53;0.7336;0
02/02/21 17:00;17.806;98.18;42.129;17.977;30.487;90;30.487;276.59;142.4;134.19;26.4;3.24;0;325.45;91.154;107.86;0;3.824;528.3;0;528.3;325.45;107.86;91.154;3.824;0.616;0.1798;0;0.0072;520.76;7.533;0;0;4.164;3.369;513.3;6.4187;2.6405;0.8751;2.8236;0.0795;519.72;1.0415;0.6509;0.2157;0.174;0.0009;513.75;322.16;106.77;83.993;0.3746;61.159;48.927;19.379;1.4603;0.7731;11.12;0.4496;10.433;0;1;0;0;1.91;0.9857;1;1;0.9543;0.119;0.9876;0.9919;1;0.9675;0.825;0.998;0.998;1;0.998;0.998;0.9716;0.9214;0.098;1.5865;1.5708;0.0095;0.0054;0.1258;0.01;0.0355;0.002;0;0;0.088;0;1.2397;0;0;0;0;0;0;0;0;0;0;0;0;0.0286;0.0058;1.3482;1.3482;0;47.575;47.575;21.176;0.0413;1352.3;996.96;1;0.0205;0.0205;0;0;0;0;0;0;1.3277;1.2397;0;16.189;18.747;14.886;17.238;98.477;98.477;12.679;10.775;9.9077;1.904;0.8674;0.1502;0.0684;0.7814;60.284;0.7693;0
02/02/21 18:00;5.8264;106.3;75.747;6.0686;8.7878;90;8.7878;57.901;55.397;2.5033;24.75;3.24;0;6.0712;54.106;2.358;0;0.068;62.603;0;62.603;6.0712;2.358;54.106;0.068;0.097;0.8654;0;0.0011;62.229;0.3738;0;0;0.317;0.0568;58.178;3.9266;1.2182;0.4731;2.2328;0.0025;62.105;0.1245;0.0121;0.0047;0.1076;0;58.188;4.8409;1.8802;51.448;0.0087;32.359;25.887;9.8719;0.0094;0.3842;5.5268;0.0098;5.9016;0;1;0;0;1.0812;0.994;1;1;0.9941;0.1649;0.9368;0.7989;1;0.9584;0.775;0.998;0.998;1;0.998;0.998;0.9293;0.9509;0.1275;0.188;0.1869;0.0011;0.0148;0.0015;0.0012;0.0042;0.001;0;0;0.088;0;0.0659;0;0;0;0;0;0;0;0;0;0;0;0;0.0034;0.0002;0.1596;0.1596;0;27.154;27.154;2.4037;0.0413;158.43;1007.2;1;0.0056;0.0056;0;0;0;0;0;0;0.1539;0.0659;0;16.17;18.724;6.6828;7.7385;96.476;96.476;1.5025;1.2753;0.5271;0.2272;0.7482;0.1512;0.498;0.3508;32.342;0.3291;0
02/02/21 19:00;0.0073;110.52;89.993;0;0;90;0;0;0;0;21.63;3.4;0;0;0;0;0;0;0;0;0;0;0;0;0;1;1;1;1;0;0;0;0;0;0;0;0;0;0;0;0;0;0;0;0;0;0;0;0;0;0;0;0;0;0;0;0;0;0;0;0;0;0;0;1;1;1;1;1;1;1;1;1;1;1;1;1;1;1;1;1;1;1;0;0;0;0;0;0;0;0;0;0.0004;0.088;0;-0.0884;0;0;0;0;0;0;0;0;0;0;0;0;0;0;0;0;0;0;0;-21.63;0;0;0;0;0.0004;0;0;0;0;0;0;0;-0.0004;-0.0884;0;0;0;0;0;0;0;0;0;-0.7063;0;0.7063;1;1;0;0;0;0
02/02/21 20:00;0;0;90;0;0;90;0;0;0;0;19.23;3.3401;0;0;0;0;0;0;0;0;0;0;0;0;0;1;1;1;1;0;0;0;0;0;0;0;0;0;0;0;0;0;0;0;0;0;0;0;0;0;0;0;0;0;0;0;0;0;0;0;0;0;0;0;1;1;1;1;1;1;1;1;1;1;1;1;1;1;1;1;1;1;1;0;0;0;0;0;0;0;0;0;0.0004;0.088;0;-0.0884;0;0;0;0;0;0;0;0;0;0;0;0;0;0;0;0;0;0;0;-19.23;0;0;0;0;0.0004;0;0;0;0;0;0;0;-0.0004;-0.0884;0;0;0;0;0;0;0;0;0;-0.7063;0;0.7063;1;1;0;0;0;0
02/02/21 21:00;0;0;90;0;0;90;0;0;0;0;16.26;3.1199;0;0;0;0;0;0;0;0;0;0;0;0;0;1;1;1;1;0;0;0;0;0;0;0;0;0;0;0;0;0;0;0;0;0;0;0;0;0;0;0;0;0;0;0;0;0;0;0;0;0;0;0;1;1;1;1;1;1;1;1;1;1;1;1;1;1;1;1;1;1;1;0;0;0;0;0;0;0;0;0;0.0004;0.088;0;-0.0884;0;0;0;0;0;0;0;0;0;0;0;0;0;0;0;0;0;0;0;-16.26;0;0;0;0;0.0004;0;0;0;0;0;0;0;-0.0004;-0.0884;0;0;0;0;0;0;0;0;0;-0.7063;0;0.7063;1;1;0;0;0;0
02/02/21 22:00;0;0;90;0;0;90;0;0;0;0;16.33;3.21;0;0;0;0;0;0;0;0;0;0;0;0;0;1;1;1;1;0;0;0;0;0;0;0;0;0;0;0;0;0;0;0;0;0;0;0;0;0;0;0;0;0;0;0;0;0;0;0;0;0;0;0;1;1;1;1;1;1;1;1;1;1;1;1;1;1;1;1;1;1;1;0;0;0;0;0;0;0;0;0;0.0004;0.088;0;-0.0884;0;0;0;0;0;0;0;0;0;0;0;0;0;0;0;0;0;0;0;-16.33;0;0;0;0;0.0004;0;0;0;0;0;0;0;-0.0004;-0.0884;0;0;0;0;0;0;0;0;0;-0.7063;0;0.7063;1;1;0;0;0;0
02/02/21 23:00;0;0;90;0;0;90;0;0;0;0;16.1;3.8;0;0;0;0;0;0;0;0;0;0;0;0;0;1;1;1;1;0;0;0;0;0;0;0;0;0;0;0;0;0;0;0;0;0;0;0;0;0;0;0;0;0;0;0;0;0;0;0;0;0;0;0;1;1;1;1;1;1;1;1;1;1;1;1;1;1;1;1;1;1;1;0;0;0;0;0;0;0;0;0;0.0004;0.088;0;-0.0884;0;0;0;0;0;0;0;0;0;0;0;0;0;0;0;0;0;0;0;-16.1;0;0;0;0;0.0004;0;0;0;0;0;0;0;-0.0004;-0.0884;0;0;0;0;0;0;0;0;0;-0.7063;0;0.7063;1;1;0;0;0;0
03/02/21 00:00;0;0;90;0;0;90;0;0;0;0;16.04;3.79;0;0;0;0;0;0;0;0;0;0;0;0;0;1;1;1;1;0;0;0;0;0;0;0;0;0;0;0;0;0;0;0;0;0;0;0;0;0;0;0;0;0;0;0;0;0;0;0;0;0;0;0;1;1;1;1;1;1;1;1;1;1;1;1;1;1;1;1;1;1;1;0;0;0;0;0;0;0;0;0;0.0004;0.088;0;-0.0884;0;0;0;0;0;0;0;0;0;0;0;0;0;0;0;0;0;0;0;-16.04;0;0;0;0;0.0004;0;0;0;0;0;0;0;-0.0004;-0.0884;0;0;0;0;0;0;0;0;0;-0.7063;0;0.7063;1;1;0;0;0;0
03/02/21 01:00;0;0;90;0;0;90;0;0;0;0;15.48;3.39;0;0;0;0;0;0;0;0;0;0;0;0;0;1;1;1;1;0;0;0;0;0;0;0;0;0;0;0;0;0;0;0;0;0;0;0;0;0;0;0;0;0;0;0;0;0;0;0;0;0;0;0;1;1;1;1;1;1;1;1;1;1;1;1;1;1;1;1;1;1;1;0;0;0;0;0;0;0;0;0;0.0004;0.088;0;-0.0884;0;0;0;0;0;0;0;0;0;0;0;0;0;0;0;0;0;0;0;-15.48;0;0;0;0;0.0004;0;0;0;0;0;0;0;-0.0004;-0.0884;0;0;0;0;0;0;0;0;0;-0.7063;0;0.7063;1;1;0;0;0;0
03/02/21 02:00;0;0;90;0;0;90;0;0;0;0;13.5;3.24;0;0;0;0;0;0;0;0;0;0;0;0;0;1;1;1;1;0;0;0;0;0;0;0;0;0;0;0;0;0;0;0;0;0;0;0;0;0;0;0;0;0;0;0;0;0;0;0;0;0;0;0;1;1;1;1;1;1;1;1;1;1;1;1;1;1;1;1;1;1;1;0;0;0;0;0;0;0;0;0;0.0004;0.088;0;-0.0884;0;0;0;0;0;0;0;0;0;0;0;0;0;0;0;0;0;0;0;-13.5;0;0;0;0;0.0004;0;0;0;0;0;0;0;-0.0004;-0.0884;0;0;0;0;0;0;0;0;0;-0.7063;0;0.7063;1;1;0;0;0;0
03/02/21 03:00;0;0;90;0;0;90;0;0;0;0;12.3;3.16;0;0;0;0;0;0;0;0;0;0;0;0;0;1;1;1;1;0;0;0;0;0;0;0;0;0;0;0;0;0;0;0;0;0;0;0;0;0;0;0;0;0;0;0;0;0;0;0;0;0;0;0;1;1;1;1;1;1;1;1;1;1;1;1;1;1;1;1;1;1;1;0;0;0;0;0;0;0;0;0;0.0004;0.088;0;-0.0884;0;0;0;0;0;0;0;0;0;0;0;0;0;0;0;0;0;0;0;-12.3;0;0;0;0;0.0004;0;0;0;0;0;0;0;-0.0004;-0.0884;0;0;0;0;0;0;0;0;0;-0.7063;0;0.7063;1;1;0;0;0;0
03/02/21 04:00;0;0;90;0;0;90;0;0;0;0;12.28;3.21;0;0;0;0;0;0;0;0;0;0;0;0;0;1;1;1;1;0;0;0;0;0;0;0;0;0;0;0;0;0;0;0;0;0;0;0;0;0;0;0;0;0;0;0;0;0;0;0;0;0;0;0;1;1;1;1;1;1;1;1;1;1;1;1;1;1;1;1;1;1;1;0;0;0;0;0;0;0;0;0;0.0004;0.088;0;-0.0884;0;0;0;0;0;0;0;0;0;0;0;0;0;0;0;0;0;0;0;-12.28;0;0;0;0;0.0004;0;0;0;0;0;0;0;-0.0004;-0.0884;0;0;0;0;0;0;0;0;0;-0.7063;0;0.7063;1;1;0;0;0;0
03/02/21 05:00;3.5147;-107.58;81.449;3.6864;5.2847;-90;-5.2847;17.503;16.603;0.8995;11.64;4.2299;0;2.1816;16.395;0.4206;0;0.0074;19.005;0;19.005;2.1816;0.4206;16.395;0.0074;0.1148;0.8631;0;0.0004;18.957;0.0482;0;0;0.042;0.0062;17.232;1.6871;0.8191;0.1579;0.7098;0.0003;18.919;0.0379;0.0044;0.0008;0.0327;0;17.232;1.3581;0.2619;15.611;0.0009;9.7455;7.7964;2.9651;0.0002;0.1161;1.6695;0.0005;1.7854;0;1;0;0;1.0858;0.9975;1;1;0.9974;0.1643;0.9108;0.6238;1;0.9565;0.7765;0.998;0.998;1;0.998;0.998;0.9067;0.9521;0.1273;0.0571;0.0554;0.0003;0.0083;-0.0025;0.0003;0.0012;0.0003;0;0;0.088;0;-0.0447;0;0;0;0;0;0;0;0;0;0;0;0;0.001;0;0.0464;0.0464;0;12.355;12.355;0.7151;0.0415;45.627;1017.2;1;0.0031;0.0031;0;0;0;0;0;0;0.0433;-0.0447;0;15.492;17.939;-14.927;-17.285;93.254;93.254;0.4561;0.3709;-0.3574;0.0852;0.7283;0.1868;1.5968;0;9.7403;0;0
03/02/21 06:00;13.021;-101.01;56.878;13.256;20.533;-90;-20.533;194.99;33.898;161.1;14.83;4.7701;0;390.7;16.114;41.85;0;1.2388;449.91;0;449.91;390.7;41.85;16.114;1.2388;0.8684;0.0386;0;0.0028;448.48;1.4305;0;0;0.3901;1.0404;435.78;11.796;10.128;1.0849;0.5392;0.0433;447.58;0.897;0.7814;0.0837;0.0314;0.0004;435.81;379.79;40.682;15.153;0.1546;10.911;8.7291;3.5519;0.0636;0.119;1.7115;0.0273;1.7668;0;1;0;0;2.3073;0.9968;1;1;0.9758;0.1601;0.9736;0.974;1;0.9656;0.781;0.998;0.998;1;0.998;0.998;0.9686;0.9404;0.1248;1.3511;1.3162;0.0079;0.0089;0.0354;0.0088;0.0314;0.0003;0;0;0.088;0;1.0868;0;0;0;0;0;0;0;0;0;0;0;0;0.0253;0.0042;1.194;1.194;0;32.598;32.598;17.768;0.0408;1131.7;1055.1;1;0.0192;0.0192;0;0;0;0;0;0;1.1748;1.0868;0;16.835;19.495;15.324;17.745;98.393;98.393;10.798;9.5424;8.6858;1.2553;0.8566;0.1163;0.0793;0.8044;10.038;0.8021;0
03/02/21 07:00;25.188;-92.861;5.4385;25.215;60;-90;-60;422.3;69.998;352.3;18.27;4.2;0;824.07;21.559;96.495;0;21.115;963.24;0;963.24;824.07;96.495;21.559;21.115;0.8555;0.0443;0;0.0219;940.77;22.473;0;0;2.7132;19.76;937.96;0.9273;0.1545;0.0181;0.665;0.0897;938.89;1.8815;1.6481;0.193;0.0377;0.0027;939.4;822.27;96.284;18.143;1.2629;34.619;27.695;12.023;3.6096;0.55;7.9117;1.4453;4.8522;0;1;0;0;2.2809;0.9767;1;1;0.8742;0.0642;0.999;0.9998;1;0.9646;0.9337;0.998;0.998;1;0.998;0.998;0.9738;0.8416;0.0598;2.8926;2.8461;0.0171;-0.0013;0.3221;0.0176;0.0623;0.0014;0;0;0.088;0;2.2308;0;0;0;0;0;0;0;0;0;0;0;0;0.0501;0.0177;2.3591;2.3591;0;57.222;57.222;38.952;0.0415;2453.5;961.54;1;0.0403;0.0403;0;0;0;0;0;0;2.3188;2.2308;0;15.536;17.991;14.692;17.013;98.292;98.292;23.118;18.854;17.829;4.2638;1.0252;0.1844;0.0443;0.7712;18.774;0.7665;0
03/02/21 08:00;37.439;-83.99;4.7684;37.592;52.408;-90;-52.408;640.31;105.5;534.81;20.97;3.16;0;876.68;31.737;108.32;0;24.97;1041.7;0;1041.7;876.68;108.32;31.737;24.97;0.8416;0.0544;0;0.024;1015;26.656;0;0;3.2833;23.372;1011.8;1.1779;0.1441;0.0178;0.9529;0.0631;1013;2.0301;1.7534;0.2166;0.0569;0.0032;1017.3;874.78;108.08;27.444;1.5312;222.14;177.71;68.18;3.2948;2.8207;40.574;5.4956;40.1;0;1;0;0;1.6269;0.9744;1;1;0.8965;0.064;0.9988;0.9998;1;0.9664;0.9604;0.998;0.998;1;0.998;0.998;0.9713;0.8647;0.0613;3.1282;3.1496;0.019;0.0016;0.4229;0.0189;0.0672;0.007;0;0;0.088;0;2.4056;0;0;0;0;0;0;0;0;0;0;0;0;0.0541;0.0214;2.5376;2.5376;0;63.202;63.202;42.232;0.0417;2709.3;936.6;1;0.044;0.044;0;0;0;0;0;0;2.4936;2.4056;0;15.453;17.894;14.649;16.963;98.267;98.267;25.001;20.28;19.225;4.7207;1.0548;0.1888;0.0422;0.769;25.398;0.7472;0
03/02/21 09:00;49.454;-73.002;10.955;50.713;39.287;-90;-39.287;864.99;142.7;722.29;22.7;2.12;0;933.22;40.917;124.77;0;19.55;1118.4;0;1118.4;933.22;124.77;40.917;19.55;0.8344;0.0541;0;0.0175;1097.8;20.663;0;0;2.7778;17.885;1093.8;1.7934;0.3524;0.0471;1.2307;0.1632;1095.6;2.1956;1.8664;0.2495;0.0763;0.0033;1099.2;931;124.47;36.832;1.4982;413.74;330.99;134.66;1.5717;4.4582;64.129;5.4403;67.016;0;1;0;0;1.293;0.9815;1;1;0.9321;0.0851;0.9984;0.9996;1;0.9677;0.9018;0.998;0.998;1;0.998;0.998;0.978;0.9002;0.0766;3.3587;3.446;0.0207;0.0067;0.5281;0.0202;0.0718;0.0108;0;0;0.088;0;2.5692;0;0;0;0;0;0;0;0;0;0;0;0;0.0578;0.0255;2.7045;2.7045;0;68.563;68.563;45.863;0.0419;2965.5;912;1;0.0473;0.0473;0;0;0;0;0;0;2.6572;2.5692;0;15.34;17.763;14.572;16.874;98.251;98.251;26.843;21.615;20.533;5.228;1.0813;0.1948;0.0403;0.765;28.97;0.7335;0
03/02/21 10:00;60.587;-56.885;15.563;64.724;25.276;-90;-25.276;1025.1;169.1;856;23.41;1.56;0;946.63;48.366;130.83;0;9.8145;1135.6;0;1135.6;946.63;130.83;48.366;9.8145;0.8336;0.0512;0;0.0086;1125.6;10.047;0;0;1.6347;8.4118;1120.9;2.4109;0.5079;0.0702;1.5506;0.2822;1123.3;2.2512;1.8933;0.2617;0.0935;0.0028;1123.4;944.23;130.49;45.088;1.1177;563.14;450.51;183.84;0.4047;5.9196;85.151;2.5119;90.666;0;1;0;0;1.1078;0.9912;1;1;0.9662;0.1429;0.9979;0.9995;1;0.9668;0.7984;0.998;0.998;1;0.998;0.998;0.987;0.9322;0.1139;3.4103;3.5632;0.0215;0.0092;0.5703;0.0207;0.0735;0.0142;0;0;0.088;0;2.631;0;0;0;0;0;0;0;0;0;0;0;0;0.0592;0.0271;2.7675;2.7675;0;70.488;70.488;47.078;0.042;3064.4;903.1;1;0.0485;0.0485;0;0;0;0;0;0;2.719;2.631;0;15.459;17.901;14.697;17.018;98.246;98.246;27.255;22.118;21.027;5.1374;1.0912;0.1885;0.04;0.7715;30.923;0.7305;0
03/02/21 11:00;69.07;-28.959;18.214;79.509;10.491;-90;-10.491;1051.5;173.5;878.01;24.27;1.5299;0;892.93;56.907;118.09;0;1.7579;1069.7;0;1069.7;892.93;118.09;56.907;1.7579;0.8348;0.0548;0;0.0016;1067.8;1.9118;0;0;0.4464;1.4654;1062.7;2.9863;0.5606;0.0741;2.2858;0.0656;1065.6;2.1356;1.7859;0.2362;0.1129;0.0006;1063;890.59;117.78;54.062;0.2263;613.45;490.76;198.93;0.0203;6.5078;93.612;0.337;100.1;0;1;0;0;1.0173;0.9982;1;1;0.9922;0.1664;0.9972;0.9994;1;0.9594;0.7752;0.998;0.998;1;0.998;0.998;0.9934;0.95;0.1287;3.2123;3.399;0.0205;0.0057;0.5244;0.0199;0.0707;0.0157;0;0;0.088;0;2.5262;0;0;0;0;0;0;0;0;0;0;0;0;0.0569;0.0247;2.6604;2.6604;0;68.834;68.834;44.564;0.0419;2922.5;910.32;1;0.0462;0.0462;0;0;0;0;0;0;2.6142;2.5262;0;15.777;18.269;14.981;17.348;98.263;98.263;25.673;21.262;20.189;4.4109;1.0726;0.1718;0.0418;0.7864;34.154;0.7381;0
03/02/21 12:00;70.792;13.568;18.652;85.327;4.6728;90;4.6728;1145.7;189;956.7;25.54;1.65;0;959.89;52.593;136.78;0;0.3808;1149.6;0;1149.6;959.89;136.78;52.593;0.3808;0.8349;0.0461;0;0.0003;1149.2;0.4303;0;0;0.1117;0.3186;1143.9;3.0122;0.6172;0.0879;2.2932;0.0139;1146.9;2.2984;1.9198;0.2736;0.105;0.0001;1143.9;957.36;136.41;50.083;0.0482;674.28;539.43;216.2;0.0003;7.3111;105.17;0.0316;112.48;0;1;0;0;1.0034;0.9996;1;1;0.9979;0.1633;0.9974;0.9994;1;0.9562;0.7765;0.998;0.998;1;0.998;0.998;0.995;0.9523;0.1266;3.4524;3.6671;0.0221;0.0118;0.6292;0.021;0.0746;0.0172;0;0;0.088;0;2.6654;0;0;0;0;0;0;0;0;0;0;0;0;0.0601;0.0286;2.8025;2.8025;0;73.715;73.715;48.175;0.0421;3128.8;894.6;1;0.0491;0.0491;0;0;0;0;0;0;2.7534;2.6654;0;15.464;17.907;14.708;17.031;98.248;98.248;27.591;22.398;21.302;5.1936;1.0957;0.1882;0.0397;0.7721;31.221;0.7226;0
03/02/21 13:00;64.335;48.042;16.832;70.336;19.664;90;19.664;744.4;361.7;382.71;25.72;1.72;0;406.4;245;116.11;0;4.341;771.86;0;771.86;406.4;116.11;245;4.341;0.5265;0.323;0;0.0056;762.67;9.1853;0;0;5.5392;3.6461;752.39;8.7536;0.2358;0.0674;8.2966;0.1538;761.15;1.5253;0.8128;0.2322;0.4789;0.0014;753.46;405.36;115.81;230.69;0.5396;429.64;343.71;137.43;0.8242;4.7334;68.088;1.0672;71.997;0;1;0;0;1.0369;0.9881;1;1;0.9774;0.1601;0.9885;0.9994;1;0.9653;0.7782;0.998;0.998;1;0.998;0.998;0.9748;0.9416;0.1243;2.3179;2.4129;0.0145;-0.002;0.272;0.0149;0.0528;0.012;0;0;0.088;0;1.8733;0;0;0;0;0;0;0;0;0;0;0;0;0.0425;0.0129;1.9931;1.9931;0;56.964;56.964;31.244;0.0415;2076;960.1;1;0.0319;0.0319;0;0;0;0;0;0;1.9613;1.8733;0;16.381;18.969;15.396;17.828;98.401;98.401;18.525;15.929;14.971;2.5955;0.9581;0.1401;0.0517;0.8082;151.98;0.7581;0
03/02/21 14:00;53.899;67.668;12.937;55.998;34.002;90;34.002;634.7;359.2;275.5;25.85;1.6099;0;332.32;248.75;105.18;0;10.852;697.1;0;697.1;332.32;105.18;248.75;10.852;0.4767;0.3724;0;0.0156;673.87;23.227;0;0;13.504;9.7228;664.58;7.948;0.1482;0.0469;7.5843;0.1686;672.53;1.3477;0.6646;0.2104;0.4705;0.0023;667.82;331.51;104.92;227.19;0.9583;351.97;281.58;115.66;5.8042;4.0115;57.704;3.2458;55.912;0;1;0;0;1.0983;0.9667;1;1;0.9457;0.1041;0.9882;0.9996;1;0.9677;0.8504;0.998;0.998;1;0.998;0.998;0.9533;0.9133;0.0883;2.0934;2.1331;0.0128;-0.0006;0.2136;0.0134;0.0473;0.0103;0;0;0.088;0;1.6716;0;0;0;0;0;0;0;0;0;0;0;0;0.0381;0.0102;1.7878;1.7878;0;53.373;53.373;27.522;0.0414;1834.2;974.72;1;0.0283;0.0283;0;0;0;0;0;0;1.7596;1.6716;0;16.269;18.84;15.211;17.614;98.418;98.418;16.73;14.288;13.359;2.4419;0.9293;0.146;0.0555;0.7985;168.78;0.7519;0
03/02/21 15:00;42.114;80.124;7.3096;42.54;47.46;90;47.46;393.8;331.4;62.398;26.36;1.4201;0;92.291;259.33;32.471;0;12.755;396.85;0;396.85;92.291;32.471;259.33;12.755;0.2326;0.6856;0;0.0321;361.66;35.186;0;0;23.278;11.908;353.13;7.8087;0.0233;0.0082;7.7351;0.0422;360.94;0.7233;0.1846;0.0649;0.4721;0.0017;357.65;92.083;32.397;227.85;0.8028;230.66;184.53;79.017;19.036;3.4095;49.045;4.5201;33.418;0;1;0;0;1.0077;0.9113;1;1;0.9102;0.0664;0.9784;0.9997;1;0.9672;0.9501;0.998;0.998;1;0.998;0.998;0.8898;0.8786;0.0629;1.1917;1.1806;0.0071;0.0109;0.0669;0.0077;0.0272;0.0091;0;0;0.088;0;0.9223;0;0;0;0;0;0;0;0;0;0;0;0;0.0219;0.0034;1.0264;1.0264;0;40.877;40.877;14.517;0.0411;1012.2;1014.1;1;0.0161;0.0161;0;0;0;0;0;0;1.0103;0.9223;0;16.407;18.999;14.744;17.073;98.433;98.433;9.5244;8.2032;7.3714;1.3212;0.8318;0.1387;0.0873;0.7739;197.5;0.7084;0
03/02/21 16:00;29.906;89.59;0.3671;29.907;60;90;60;503.5;150.8;352.7;27.42;1.22;0;707.4;56.139;152.33;0;25.175;941.04;0;941.04;707.4;152.33;56.139;25.175;0.7517;0.0864;0;0.0268;910.34;30.694;0;0;7.0798;23.614;906.68;1.8484;0.009;0.0019;1.7314;0.1061;908.52;1.8207;1.4148;0.3047;0.0981;0.0031;910.93;705.98;152.02;47.229;1.4517;124.78;99.825;42.96;9.3916;1.7717;25.485;4.2518;17.865;0;1;0;0;1.869;0.9674;1;1;0.8739;0.062;0.998;1;1;0.9646;0.9319;0.998;0.998;1;0.998;0.998;0.9635;0.8413;0.0577;2.8259;2.7973;0.0168;-0.0016;0.3984;0.0167;0.0592;0.0043;0;0;0.088;0;2.1141;0;0;0;0;0;0;0;0;0;0;0;0;0.0477;0.0171;2.2387;2.2387;0;65.327;65.327;37.907;0.0418;2409.5;929.09;1;0.0366;0.0366;0;0;0;0;0;0;2.2021;2.1141;0;15.091;17.475;14.251;16.502;98.365;98.365;22.585;17.891;16.896;4.6935;0.9959;0.2078;0.0441;0.7481;48.872;0.7332;0
03/02/21 17:00;17.676;97.901;42.574;17.835;30.136;90;30.136;294.99;124.6;170.39;27.04;0.77;0;413.25;69.761;120.73;0;3.9872;607.73;0;607.73;413.25;120.73;69.761;3.9872;0.68;0.1213;0;0.0066;601.1;6.6354;0;0;3.1286;3.5068;593.17;6.7212;3.4603;1.0109;2.165;0.085;599.9;1.2022;0.8265;0.2415;0.1333;0.001;593.49;408.97;119.48;64.334;0.3945;47.102;37.682;15.362;1.0739;0.5637;8.1082;0.3169;7.598;0;1;0;0;2.0602;0.9891;1;1;0.9552;0.1205;0.9888;0.9916;1;0.9674;0.8227;0.998;0.998;1;0.998;0.998;0.976;0.9222;0.0989;1.825;1.8046;0.0109;0.0025;0.1699;0.0113;0.0403;0.0015;0;0;0.088;0;1.4169;0;0;0;0;0;0;0;0;0;0;0;0;0.0324;0.0075;1.5285;1.5285;0;51.578;51.578;24.538;0.0414;1553.2;984.09;1;0.0235;0.0235;0;0;0;0;0;0;1.5049;1.4169;0;15.954;18.475;14.79;17.127;98.461;98.461;14.586;12.215;11.324;2.3701;0.8913;0.1625;0.0611;0.7764;46.023;0.7687;0
03/02/21 18:00;5.881;105.9;75.611;6.1132;8.8546;90;8.8546;67.199;61.597;5.6022;25.14;0.5;0;13.587;58.846;5.8151;0;0.0801;78.328;0;78.328;13.587;5.8151;58.846;0.0801;0.1735;0.7523;0;0.001;77.912;0.416;0;0;0.3492;0.0669;71.491;6.2657;2.6869;1.15;2.4259;0.003;77.757;0.1558;0.0272;0.0116;0.117;0;71.502;10.873;4.6535;55.954;0.0102;35.22;28.176;10.749;0.0106;0.4179;6.0116;0.0109;6.4189;0;1;0;0;1.1656;0.9947;1;1;0.9941;0.1649;0.9194;0.8018;1;0.9584;0.775;0.998;0.998;1;0.998;0.998;0.9127;0.9509;0.1275;0.2352;0.228;0.0014;0.0158;0.0026;0.0015;0.0052;0.0011;0;0;0.088;0;0.1022;0;0;0;0;0;0;0;0;0;0;0;0;0.0042;0.0002;0.1961;0.1961;0;28.089;28.089;2.9492;0.0413;193.77;1012.1;1;0.0059;0.0059;0;0;0;0;0;0;0.1902;0.1022;0;15.883;18.392;8.2747;9.5819;96.971;96.971;1.8799;1.5673;0.8166;0.3125;0.7508;0.1663;0.3994;0.4344;35.181;0.4108;0
03/02/21 19:00;0;0;90;0;0;90;0;0;0;0;22.1;1.09;0;0;0;0;0;0;0;0;0;0;0;0;0;1;1;1;1;0;0;0;0;0;0;0;0;0;0;0;0;0;0;0;0;0;0;0;0;0;0;0;0;0;0;0;0;0;0;0;0;0;0;0;1;1;1;1;1;1;1;1;1;1;1;1;1;1;1;1;1;1;1;0;0;0;0;0;0;0;0;0;0.0004;0.088;0;-0.0884;0;0;0;0;0;0;0;0;0;0;0;0;0;0;0;0;0;0;0;-22.1;0;0;0;0;0.0004;0;0;0;0;0;0;0;-0.0004;-0.0884;0;0;0;0;0;0;0;0;0;-0.7063;0;0.7063;1;1;0;0;0;0
03/02/21 20:00;0;0;90;0;0;90;0;0;0;0;19.6;1.79;0;0;0;0;0;0;0;0;0;0;0;0;0;1;1;1;1;0;0;0;0;0;0;0;0;0;0;0;0;0;0;0;0;0;0;0;0;0;0;0;0;0;0;0;0;0;0;0;0;0;0;0;1;1;1;1;1;1;1;1;1;1;1;1;1;1;1;1;1;1;1;0;0;0;0;0;0;0;0;0;0.0004;0.088;0;-0.0884;0;0;0;0;0;0;0;0;0;0;0;0;0;0;0;0;0;0;0;-19.6;0;0;0;0;0.0004;0;0;0;0;0;0;0;-0.0004;-0.0884;0;0;0;0;0;0;0;0;0;-0.7063;0;0.7063;1;1;0;0;0;0
03/02/21 21:00;0;0;90;0;0;90;0;0;0;0;19.62;2.34;0;0;0;0;0;0;0;0;0;0;0;0;0;1;1;1;1;0;0;0;0;0;0;0;0;0;0;0;0;0;0;0;0;0;0;0;0;0;0;0;0;0;0;0;0;0;0;0;0;0;0;0;1;1;1;1;1;1;1;1;1;1;1;1;1;1;1;1;1;1;1;0;0;0;0;0;0;0;0;0;0.0004;0.088;0;-0.0884;0;0;0;0;0;0;0;0;0;0;0;0;0;0;0;0;0;0;0;-19.62;0;0;0;0;0.0004;0;0;0;0;0;0;0;-0.0004;-0.0884;0;0;0;0;0;0;0;0;0;-0.7063;0;0.7063;1;1;0;0;0;0
03/02/21 22:00;0;0;90;0;0;90;0;0;0;0;20.16;2.76;0;0;0;0;0;0;0;0;0;0;0;0;0;1;1;1;1;0;0;0;0;0;0;0;0;0;0;0;0;0;0;0;0;0;0;0;0;0;0;0;0;0;0;0;0;0;0;0;0;0;0;0;1;1;1;1;1;1;1;1;1;1;1;1;1;1;1;1;1;1;1;0;0;0;0;0;0;0;0;0;0.0004;0.088;0;-0.0884;0;0;0;0;0;0;0;0;0;0;0;0;0;0;0;0;0;0;0;-20.16;0;0;0;0;0.0004;0;0;0;0;0;0;0;-0.0004;-0.0884;0;0;0;0;0;0;0;0;0;-0.7063;0;0.7063;1;1;0;0;0;0
03/02/21 23:00;0;0;90;0;0;90;0;0;0;0;20.06;3.08;0;0;0;0;0;0;0;0;0;0;0;0;0;1;1;1;1;0;0;0;0;0;0;0;0;0;0;0;0;0;0;0;0;0;0;0;0;0;0;0;0;0;0;0;0;0;0;0;0;0;0;0;1;1;1;1;1;1;1;1;1;1;1;1;1;1;1;1;1;1;1;0;0;0;0;0;0;0;0;0;0.0004;0.088;0;-0.0884;0;0;0;0;0;0;0;0;0;0;0;0;0;0;0;0;0;0;0;-20.06;0;0;0;0;0.0004;0;0;0;0;0;0;0;-0.0004;-0.0884;0;0;0;0;0;0;0;0;0;-0.7063;0;0.7063;1;1;0;0;0;0
04/02/21 00:00;0;0;90;0;0;90;0;0;0;0;18.09;3.2699;0;0;0;0;0;0;0;0;0;0;0;0;0;1;1;1;1;0;0;0;0;0;0;0;0;0;0;0;0;0;0;0;0;0;0;0;0;0;0;0;0;0;0;0;0;0;0;0;0;0;0;0;1;1;1;1;1;1;1;1;1;1;1;1;1;1;1;1;1;1;1;0;0;0;0;0;0;0;0;0;0.0004;0.088;0;-0.0884;0;0;0;0;0;0;0;0;0;0;0;0;0;0;0;0;0;0;0;-18.09;0;0;0;0;0.0004;0;0;0;0;0;0;0;-0.0004;-0.0884;0;0;0;0;0;0;0;0;0;-0.7063;0;0.7063;1;1;0;0;0;0
04/02/21 01:00;0;0;90;0;0;90;0;0;0;0;16.8;3.5199;0;0;0;0;0;0;0;0;0;0;0;0;0;1;1;1;1;0;0;0;0;0;0;0;0;0;0;0;0;0;0;0;0;0;0;0;0;0;0;0;0;0;0;0;0;0;0;0;0;0;0;0;1;1;1;1;1;1;1;1;1;1;1;1;1;1;1;1;1;1;1;0;0;0;0;0;0;0;0;0;0.0004;0.088;0;-0.0884;0;0;0;0;0;0;0;0;0;0;0;0;0;0;0;0;0;0;0;-16.8;0;0;0;0;0.0004;0;0;0;0;0;0;0;-0.0004;-0.0884;0;0;0;0;0;0;0;0;0;-0.7063;0;0.7063;1;1;0;0;0;0
04/02/21 02:00;0;0;90;0;0;90;0;0;0;0;18.28;4.18;0;0;0;0;0;0;0;0;0;0;0;0;0;1;1;1;1;0;0;0;0;0;0;0;0;0;0;0;0;0;0;0;0;0;0;0;0;0;0;0;0;0;0;0;0;0;0;0;0;0;0;0;1;1;1;1;1;1;1;1;1;1;1;1;1;1;1;1;1;1;1;0;0;0;0;0;0;0;0;0;0.0004;0.088;0;-0.0884;0;0;0;0;0;0;0;0;0;0;0;0;0;0;0;0;0;0;0;-18.28;0;0;0;0;0.0004;0;0;0;0;0;0;0;-0.0004;-0.0884;0;0;0;0;0;0;0;0;0;-0.7063;0;0.7063;1;1;0;0;0;0
04/02/21 03:00;0;0;90;0;0;90;0;0;0;0;17.15;5.04;0;0;0;0;0;0;0;0;0;0;0;0;0;1;1;1;1;0;0;0;0;0;0;0;0;0;0;0;0;0;0;0;0;0;0;0;0;0;0;0;0;0;0;0;0;0;0;0;0;0;0;0;1;1;1;1;1;1;1;1;1;1;1;1;1;1;1;1;1;1;1;0;0;0;0;0;0;0;0;0;0.0004;0.088;0;-0.0884;0;0;0;0;0;0;0;0;0;0;0;0;0;0;0;0;0;0;0;-17.15;0;0;0;0;0.0004;0;0;0;0;0;0;0;-0.0004;-0.0884;0;0;0;0;0;0;0;0;0;-0.7063;0;0.7063;1;1;0;0;0;0
04/02/21 04:00;0;0;90;0;0;90;0;0;0;0;16.99;5.6401;0;0;0;0;0;0;0;0;0;0;0;0;0;1;1;1;1;0;0;0;0;0;0;0;0;0;0;0;0;0;0;0;0;0;0;0;0;0;0;0;0;0;0;0;0;0;0;0;0;0;0;0;1;1;1;1;1;1;1;1;1;1;1;1;1;1;1;1;1;1;1;0;0;0;0;0;0;0;0;0;0.0004;0.088;0;-0.0884;0;0;0;0;0;0;0;0;0;0;0;0;0;0;0;0;0;0;0;-16.99;0;0;0;0;0.0004;0;0;0;0;0;0;0;-0.0004;-0.0884;0;0;0;0;0;0;0;0;0;-0.7063;0;0.7063;1;1;0;0;0;0
04/02/21 05:00;3.5116;-107.21;81.457;3.6759;5.2693;-90;-5.2693;13.205;12.798;0.4072;16.99;6.1;0;0.9875;12.711;0.1469;0;0.0056;13.851;0;13.851;0.9875;0.1469;12.711;0.0056;0.0713;0.9181;0;0.0004;13.814;0.0371;0;0;0.0324;0.0047;12.809;0.9769;0.3711;0.0552;0.5504;0.0002;13.786;0.0276;0.002;0.0003;0.0254;0;12.809;0.6144;0.0914;12.103;0.0007;7.5535;6.0428;2.2978;0.0002;0.09;1.2943;0.0004;1.3841;0;1;0;0;1.0489;0.9973;1;1;0.9974;0.1643;0.9291;0.6235;1;0.9565;0.7765;0.998;0.998;1;0.998;0.998;0.9248;0.9522;0.1273;0.0416;0.0413;0.0002;0.0071;-0.0011;0.0002;0.0009;0.0002;0;0;0.088;0;-0.0577;0;0;0;0;0;0;0;0;0;0;0;0;0.0007;0;0.033;0.033;0;17.527;17.527;0.5368;0.0419;33.639;980.58;1;0.0027;0.0027;0;0;0;0;0;0;0.0303;-0.0577;0;15.107;17.494;-26.436;-30.612;91.796;91.796;0.3324;0.2636;-0.4613;0.0688;0.7249;0.207;2.1808;0;7.5512;0;0
04/02/21 06:00;12.832;-100.77;57.409;13.054;20.163;-90;-20.163;186.11;35.502;150.6;20.11;6.74;0;365.26;17.795;41.58;0;1.1405;425.77;0;425.77;365.26;41.58;17.795;1.1405;0.8579;0.0445;0;0.0027;424.4;1.375;0;0;0.4184;0.9565;411.69;11.863;10.078;1.1472;0.5978;0.0404;423.55;0.8488;0.7305;0.0832;0.0348;0.0004;411.72;354.45;40.35;16.744;0.1432;11.886;9.509;3.385;0.0657;0.1608;2.3137;0.0363;2.4089;0;1;0;0;2.2878;0.9968;1;1;0.9765;0.1613;0.972;0.9724;1;0.9655;0.78;0.998;0.998;1;0.998;0.998;0.9669;0.9409;0.1256;1.2786;1.2449;0.0075;0.0099;0.0529;0.0082;0.0292;0.0004;0;0;0.088;0;1.0039;0;0;0;0;0;0;0;0;0;0;0;0;0.0235;0.0038;1.1095;1.1095;0;36.962;36.962;16.852;0.0409;1071.2;1035.8;1;0.0176;0.0176;0;0;0;0;0;0;1.0919;1.0039;0;16.53;19.142;14.957;17.319;98.411;98.411;10.219;8.867;8.0229;1.3515;0.8442;0.1323;0.0826;0.7851;11.064;0.7819;0
04/02/21 07:00;25.006;-92.597;5.4994;25.028;60;-90;-60;410.79;70.497;340.3;23.1;7.06;0;801.33;22.56;95.175;0;20.54;939.61;0;939.61;801.33;95.175;22.56;20.54;0.8528;0.0459;0;0.0219;917.55;22.06;0;0;2.8391;19.221;914.76;0.9531;0.1519;0.018;0.6959;0.0872;915.71;1.8351;1.6027;0.1904;0.0394;0.0026;915.94;799.58;94.967;18.986;1.2285;32.521;26.017;11.837;3.7768;0.5065;7.2858;1.1794;4.0155;0;1;0;0;2.2873;0.9765;1;1;0.8742;0.0642;0.999;0.9998;1;0.9646;0.9337;0.998;0.998;1;0.998;0.998;0.9736;0.8416;0.0598;2.8216;2.7741;0.0167;-0.0017;0.354;0.0168;0.0597;0.0013;0;0;0.088;0;2.1368;0;0;0;0;0;0;0;0;0;0;0;0;0.0481;0.0169;2.2623;2.2623;0;61.214;61.214;38.114;0.0417;2391.8;945.86;1;0.0376;0.0376;0;0;0;0;0;0;2.2248;2.1368;0;15.274;17.687;14.426;16.705;98.34;98.34;22.551;18.08;17.077;4.4702;1.0035;0.1982;0.0445;0.7573;19.645;0.7529;0
04/02/21 08:00;37.255;-83.692;5.0174;37.423;52.577;-90;-52.577;563.4;133.4;430;25.34;7.29;0;707.59;52.988;111.04;0;22.102;893.72;0;893.72;707.59;111.04;52.988;22.102;0.7917;0.084;0;0.0247;867.52;26.198;0;0;5.5075;20.69;864;1.789;0.1224;0.0192;1.5915;0.0559;865.79;1.735;1.4152;0.2221;0.095;0.0028;868.94;706.05;110.8;45.794;1.3533;204.08;163.26;64.67;5.5583;2.6237;37.741;4.9364;34.806;0;1;0;0;1.5863;0.9707;1;1;0.8961;0.0639;0.9979;0.9998;1;0.9664;0.9604;0.998;0.998;1;0.998;0.998;0.9667;0.8642;0.0612;2.6838;2.6967;0.0162;-0.002;0.3456;0.0164;0.058;0.0065;0;0;0.088;0;2.0694;0;0;0;0;0;0;0;0;0;0;0;0;0.0467;0.016;2.1932;2.1932;0;61.344;61.344;36.004;0.0417;2322.8;944.2;1;0.0358;0.0358;0;0;0;0;0;0;2.1574;2.0694;0;15.567;18.027;14.688;17.009;98.366;98.366;21.449;17.528;16.538;3.9211;0.9898;0.1828;0.0461;0.771;42.48;0.7474;0
04/02/21 09:00;49.256;-72.654;11.221;50.569;39.431;-90;-39.431;741.81;155.5;586.3;26.96;7.22;0;759.07;61.859;110.95;0;16.884;948.77;0;948.77;759.07;110.95;61.859;16.884;0.8001;0.083;0;0.0178;929.09;19.678;0;0;4.2231;15.455;924.9;2.3345;0.2936;0.0429;1.8602;0.1379;927.23;1.8582;1.5181;0.2219;0.1153;0.0029;929.65;757.26;110.69;55.66;1.288;358.88;287.11;117;2.4028;3.9224;56.422;4.7547;57.942;0;1;0;0;1.279;0.9793;1;1;0.9317;0.0846;0.9975;0.9996;1;0.9677;0.9033;0.998;0.998;1;0.998;0.998;0.9748;0.8998;0.0763;2.8492;2.919;0.0176;-0.0008;0.4186;0.0174;0.0617;0.0096;0;0;0.088;0;2.2002;0;0;0;0;0;0;0;0;0;0;0;0;0.0497;0.0185;2.3268;2.3268;0;65.639;65.639;38.679;0.0418;2510.3;926.93;1;0.0387;0.0387;0;0;0;0;0;0;2.2882;2.2002;0;15.558;18.015;14.711;17.035;98.338;98.338;22.77;18.596;17.584;4.1743;1.0124;0.1833;0.0445;0.7722;43.851;0.7393;0
04/02/21 10:00;60.356;-56.495;15.845;64.614;25.386;-90;-25.386;890.7;165.9;724.8;29.01;7.03;0;802.27;64.118;109.06;0;8.6004;984.04;0;984.04;802.27;109.06;64.118;8.6004;0.8153;0.0739;0;0.0087;974.49;9.5571;0;0;2.1822;7.3749;969.74;2.7976;0.4382;0.0596;2.0539;0.2459;972.54;1.949;1.6045;0.2181;0.1239;0.0025;971.95;800.22;108.78;59.758;0.9771;490.43;392.35;159.98;0.5435;5.1755;74.447;2.2115;79.079;0;1;0;0;1.1048;0.9903;1;1;0.966;0.1425;0.9971;0.9995;1;0.9668;0.7989;0.998;0.998;1;0.998;0.998;0.9855;0.932;0.1136;2.9551;3.0844;0.0186;0.0008;0.487;0.018;0.064;0.0124;0;0;0.088;0;2.2831;0;0;0;0;0;0;0;0;0;0;0;0;0.0515;0.0206;2.4114;2.4114;0;69.702;69.702;40.692;0.042;2653.1;908.89;1;0.0403;0.0403;0;0;0;0;0;0;2.3711;2.2831;0;15.545;18.001;14.718;17.043;98.331;98.331;23.617;19.272;18.247;4.3453;1.025;0.184;0.0434;0.7726;41.021;0.7312;0
04/02/21 11:00;68.785;-28.692;18.508;79.443;10.557;-90;-10.557;588.21;441.6;146.6;28.78;6.7699;0;149.13;388.83;50.309;0;0.9956;589.26;0;589.26;149.13;50.309;388.83;0.9956;0.2531;0.6615;0;0.0017;585.35;3.9121;0;0;3.0821;0.83;568.41;15.766;0.0951;0.0321;15.602;0.0372;584.18;1.1707;0.2983;0.1006;0.7715;0.0003;568.59;148.73;50.176;369.37;0.1282;347.63;278.11;108.49;0.139;3.9716;57.13;0.1826;60.963;0;1;0;0;1.0018;0.9934;1;1;0.9921;0.1664;0.973;0.9994;1;0.9595;0.7752;0.998;0.998;1;0.998;0.998;0.9646;0.95;0.1287;1.7695;1.833;0.011;0.0021;0.1773;0.0115;0.0408;0.0102;0;0;0.088;0;1.4278;0;0;0;0;0;0;0;0;0;0;0;0;0.0328;0.0077;1.5395;1.5395;0;52.311;52.311;23.532;0.0414;1573.7;978.25;1;0.0236;0.0236;0;0;0;0;0;0;1.5158;1.4278;0;16.573;19.191;15.371;17.8;98.465;98.465;14.142;12.303;11.411;1.8388;0.8922;0.13;0.0631;0.8069;233.4;0.7523;0
04/02/21 12:00;70.504;13.303;18.952;85.343;4.6571;90;4.6571;548.9;449.8;99.105;29.83;6.58;0;99.433;415.43;33.788;0;0.1812;548.84;0;548.84;99.433;33.788;415.43;0.1812;0.1812;0.7573;0;0.0003;547.81;1.0291;0;0;0.8775;0.1516;528.5;18.211;0.065;0.0221;18.117;0.0066;546.71;1.0956;0.1989;0.0676;0.8291;0.0001;528.51;99.169;33.699;395.61;0.0229;324.73;259.79;100.09;0.0015;3.7828;54.414;0.009;58.196;0;1;0;0;0.9999;0.9981;1;1;0.9979;0.1633;0.9667;0.9993;1;0.9562;0.7765;0.998;0.998;1;0.998;0.998;0.9629;0.9523;0.1266;1.6482;1.7065;0.0103;0.0036;0.1617;0.0107;0.038;0.0098;0;0;0.088;0;1.3254;0;0;0;0;0;0;0;0;0;0;0;0;0.0306;0.0067;1.4351;1.4351;0;51.705;51.705;21.875;0.0414;1464.9;979.7;1;0.0217;0.0217;0;0;0;0;0;0;1.4134;1.3254;0;16.588;19.208;15.32;17.74;98.49;98.49;13.172;11.469;10.593;1.7026;0.8765;0.1293;0.0665;0.8042;246.61;0.7486;0
04/02/21 13:00;64.121;47.555;17.131;70.304;19.696;90;19.696;513.9;431.2;82.698;30.45;6.4599;0;87.837;391.19;29.98;0;3.0067;512.01;0;512.01;87.837;29.98;391.19;3.0067;0.1716;0.7699;0;0.0059;500.61;11.394;0;0;8.8689;2.5256;486.2;13.414;0.0519;0.0177;13.238;0.1065;499.61;1.0012;0.1757;0.06;0.7646;0.001;486.95;87.609;29.902;368.31;0.3737;305.28;244.22;95.739;1.3227;3.5354;50.856;0.7533;53.068;0;1;0;0;0.9963;0.9777;1;1;0.9773;0.16;0.9732;0.9994;1;0.9653;0.7782;0.998;0.998;1;0.998;0.998;0.9496;0.9415;0.1243;1.5376;1.5739;0.0095;0.0053;0.143;0.0099;0.0352;0.0091;0;0;0.088;0;1.2197;0;0;0;0;0;0;0;0;0;0;0;0;0.0283;0.0058;1.3277;1.3277;0;50.563;50.563;20.113;0.0414;1351.4;982.47;1;0.02;0.02;0;0;0;0;0;0;1.3077;1.2197;0;16.45;19.049;15.112;17.499;98.494;98.494;12.288;10.611;9.748;1.6771;0.8631;0.1365;0.0702;0.7933;242.69;0.7384;0
04/02/21 14:00;53.737;67.239;13.229;55.924;34.076;90;34.076;468.5;392.2;76.3;30.73;6.17;0;92.117;334.37;31.909;0;8.0444;466.44;0;466.44;92.117;31.909;334.37;8.0444;0.1975;0.7341;0;0.0172;441.01;25.424;0;0;18.215;7.2099;429.76;10.373;0.042;0.0146;10.192;0.1241;440.13;0.882;0.1842;0.0638;0.6323;0.0017;432.31;91.89;31.831;305.33;0.7088;278.84;223.08;91.66;7.8592;3.3879;48.733;2.557;44.262;0;1;0;0;0.9956;0.9455;1;1;0.9455;0.1037;0.9764;0.9995;1;0.9677;0.851;0.998;0.998;1;0.998;0.998;0.9214;0.9132;0.0881;1.4007;1.4048;0.0085;0.0076;0.1176;0.0089;0.0316;0.0088;0;0;0.088;0;1.0856;0;0;0;0;0;0;0;0;0;0;0;0;0.0254;0.0047;1.1917;1.1917;0;48.489;48.489;17.759;0.0413;1206.2;987.96;1;0.0181;0.0181;0;0;0;0;0;0;1.1736;1.0856;0;16.208;18.768;14.764;17.097;98.48;98.48;11.194;9.5242;8.6762;1.6703;0.848;0.1492;0.0758;0.775;227;0.7188;0
04/02/21 15:00;41.976;79.765;7.5909;42.433;47.567;90;47.567;279.4;267.8;11.603;30.12;5.0101;0;17.196;221.48;4.9035;0;9.0882;252.66;0;252.66;17.196;4.9035;221.48;9.0882;0.0681;0.9125;0;0.036;224.23;28.431;0;0;19.945;8.4862;217.14;6.6418;0.0045;0.0013;6.6063;0.0297;223.78;0.4485;0.0344;0.0098;0.4031;0.0012;220.61;17.157;4.8925;194.52;0.5711;174.69;139.75;60.432;16.384;2.6716;38.43;3.4625;24.718;0;1;0;0;0.9043;0.8875;1;1;0.9099;0.0662;0.9703;0.9997;1;0.9672;0.9505;0.998;0.998;1;0.998;0.998;0.8594;0.8783;0.0628;0.7587;0.7455;0.0045;0.0165;0.0379;0.0048;0.017;0.0071;0;0;0.088;0;0.5438;0;0;0;0;0;0;0;0;0;0;0;0;0.0137;0.0015;0.6424;0.6424;0;39.065;39.065;8.945;0.0412;637.26;1008;1;0.0106;0.0106;0;0;0;0;0;0;0.6318;0.5438;0;16.128;18.676;13.653;15.81;98.352;98.352;6.0639;5.134;4.346;0.93;0.7879;0.1534;0.1299;0.7167;168.84;0.6434;0
04/02/21 16:00;29.775;89.279;0.6646;29.777;60;90;60;198.39;192.1;6.2917;29.83;3.96;0;12.669;142.78;3.4902;0;9.9197;168.86;0;168.86;12.669;3.4902;142.78;9.9197;0.075;0.9043;0;0.0587;141.54;27.311;0;0;18.006;9.3046;136.82;4.4457;0.0003;0.0001;4.4035;0.0418;141.26;0.2831;0.0253;0.007;0.2495;0.0012;140.96;12.643;3.4831;120.12;0.572;125.69;100.55;46.125;23.872;2.536;36.479;4.144;15.143;0;1;0;0;0.8511;0.8383;1;1;0.8739;0.062;0.9685;1;1;0.9646;0.9319;0.998;0.998;1;0.998;0.998;0.8103;0.8413;0.0577;0.5071;0.5015;0.003;0.0181;0.0191;0.0032;0.0115;0.0067;0;0;0.088;0;0.3338;0;0;0;0;0;0;0;0;0;0;0;0;0.0092;0.0008;0.4299;0.4299;0;35.472;35.472;5.642;0.0412;426.38;1008.2;1;0.0081;0.0081;0;0;0;0;0;0;0.4218;0.3338;0;16.149;18.701;12.539;14.52;98.116;98.116;4.0525;3.4355;2.6675;0.617;0.768;0.1523;0.1895;0.6582;124.3;0.5666;0
04/02/21 17:00;17.541;97.619;43.035;17.687;29.776;90;29.776;30.103;29.901;0.2023;29.1;4.33;0;0.4906;27.913;0.0347;0;0.3974;28.836;0;28.836;0.4906;0.0347;27.913;0.3974;0.017;0.9818;0;0.0138;27.259;1.5771;0;0;1.2282;0.349;26.323;0.8812;0.0042;0.0003;0.868;0.0087;27.204;0.0545;0.001;0.0001;0.0534;0.0001;26.446;0.4854;0.0343;25.764;0.0397;18.371;14.697;5.9136;0.4119;0.2245;3.2287;0.123;3.0412;0;1;0;0;0.9579;0.9453;1;1;0.956;0.122;0.9676;0.9913;1;0.9674;0.8205;0.998;0.998;1;0.998;0.998;0.9129;0.923;0.0999;0.0866;0.0865;0.0005;0.0105;0.0017;0.0005;0.0018;0.0006;0;0;0.088;0;-0.0221;0;0;0;0;0;0;0;0;0;0;0;0;0.0015;0.0001;0.0694;0.0694;0;30.202;30.202;1.1017;0.0419;72.305;959.26;1;0.0034;0.0034;0;0;0;0;0;0;0.0659;-0.0221;0;15.258;17.669;-4.8555;-5.6225;95.054;95.054;0.6921;0.5543;-0.1764;0.1377;0.7307;0.199;1.0558;0;18.37;0;0
04/02/21 18:00;5.7339;105.64;75.977;5.9527;8.6148;90;8.6148;0;0;0;20.45;5.1601;0;0;0;0;0;0;0;0;0;0;0;0;0;1;1;1;1;0;0;0;0;0;0;0;0;0;0;0;0;0;0;0;0;0;0;0;0;0;0;0;0;0;0;0;0;0;0;0;0;0;0;0;1;1;1;1;1;1;1;1;1;1;1;1;1;1;1;1;1;1;1;0;0;0;0;0;0;0;0;0;0.0004;0.088;0;-0.0884;0;0;0;0;0;0;0;0;0;0;0;0;0;0;0;0;0;0;0;-20.45;0;0;0;0;0.0004;0;0;0;0;0;0;0;-0.0004;-0.0884;0;0;0;0;0;0;0;0;0;-0.7063;0;0.7063;1;1;0;0;0;0
04/02/21 19:00;0;0;90;0;0;90;0;0;0;0;20.64;6.87;0;0;0;0;0;0;0;0;0;0;0;0;0;1;1;1;1;0;0;0;0;0;0;0;0;0;0;0;0;0;0;0;0;0;0;0;0;0;0;0;0;0;0;0;0;0;0;0;0;0;0;0;1;1;1;1;1;1;1;1;1;1;1;1;1;1;1;1;1;1;1;0;0;0;0;0;0;0;0;0;0.0004;0.088;0;-0.0884;0;0;0;0;0;0;0;0;0;0;0;0;0;0;0;0;0;0;0;-20.64;0;0;0;0;0.0004;0;0;0;0;0;0;0;-0.0004;-0.0884;0;0;0;0;0;0;0;0;0;-0.7063;0;0.7063;1;1;0;0;0;0
04/02/21 20:00;0;0;90;0;0;90;0;0;0;0;21.73;7.36;0;0;0;0;0;0;0;0;0;0;0;0;0;1;1;1;1;0;0;0;0;0;0;0;0;0;0;0;0;0;0;0;0;0;0;0;0;0;0;0;0;0;0;0;0;0;0;0;0;0;0;0;1;1;1;1;1;1;1;1;1;1;1;1;1;1;1;1;1;1;1;0;0;0;0;0;0;0;0;0;0.0004;0.088;0;-0.0884;0;0;0;0;0;0;0;0;0;0;0;0;0;0;0;0;0;0;0;-21.73;0;0;0;0;0.0004;0;0;0;0;0;0;0;-0.0004;-0.0884;0;0;0;0;0;0;0;0;0;-0.7063;0;0.7063;1;1;0;0;0;0
04/02/21 21:00;0;0;90;0;0;90;0;0;0;0;21.07;7.14;0;0;0;0;0;0;0;0;0;0;0;0;0;1;1;1;1;0;0;0;0;0;0;0;0;0;0;0;0;0;0;0;0;0;0;0;0;0;0;0;0;0;0;0;0;0;0;0;0;0;0;0;1;1;1;1;1;1;1;1;1;1;1;1;1;1;1;1;1;1;1;0;0;0;0;0;0;0;0;0;0.0004;0.088;0;-0.0884;0;0;0;0;0;0;0;0;0;0;0;0;0;0;0;0;0;0;0;-21.07;0;0;0;0;0.0004;0;0;0;0;0;0;0;-0.0004;-0.0884;0;0;0;0;0;0;0;0;0;-0.7063;0;0.7063;1;1;0;0;0;0
04/02/21 22:00;0;0;90;0;0;90;0;0;0;0;19.29;7.7201;0;0;0;0;0;0;0;0;0;0;0;0;0;1;1;1;1;0;0;0;0;0;0;0;0;0;0;0;0;0;0;0;0;0;0;0;0;0;0;0;0;0;0;0;0;0;0;0;0;0;0;0;1;1;1;1;1;1;1;1;1;1;1;1;1;1;1;1;1;1;1;0;0;0;0;0;0;0;0;0;0.0004;0.088;0;-0.0884;0;0;0;0;0;0;0;0;0;0;0;0;0;0;0;0;0;0;0;-19.29;0;0;0;0;0.0004;0;0;0;0;0;0;0;-0.0004;-0.0884;0;0;0;0;0;0;0;0;0;-0.7063;0;0.7063;1;1;0;0;0;0
04/02/21 23:00;0;0;90;0;0;90;0;0;0;0;19.88;8.6199;0;0;0;0;0;0;0;0;0;0;0;0;0;1;1;1;1;0;0;0;0;0;0;0;0;0;0;0;0;0;0;0;0;0;0;0;0;0;0;0;0;0;0;0;0;0;0;0;0;0;0;0;1;1;1;1;1;1;1;1;1;1;1;1;1;1;1;1;1;1;1;0;0;0;0;0;0;0;0;0;0.0004;0.088;0;-0.0884;0;0;0;0;0;0;0;0;0;0;0;0;0;0;0;0;0;0;0;-19.88;0;0;0;0;0.0004;0;0;0;0;0;0;0;-0.0004;-0.0884;0;0;0;0;0;0;0;0;0;-0.7063;0;0.7063;1;1;0;0;0;0
05/02/21 00:00;0;0;90;0;0;90;0;0;0;0;19.95;8.8;0;0;0;0;0;0;0;0;0;0;0;0;0;1;1;1;1;0;0;0;0;0;0;0;0;0;0;0;0;0;0;0;0;0;0;0;0;0;0;0;0;0;0;0;0;0;0;0;0;0;0;0;1;1;1;1;1;1;1;1;1;1;1;1;1;1;1;1;1;1;1;0;0;0;0;0;0;0;0;0;0.0004;0.088;0;-0.0884;0;0;0;0;0;0;0;0;0;0;0;0;0;0;0;0;0;0;0;-19.95;0;0;0;0;0.0004;0;0;0;0;0;0;0;-0.0004;-0.0884;0;0;0;0;0;0;0;0;0;-0.7063;0;0.7063;1;1;0;0;0;0
05/02/21 01:00;0;0;90;0;0;90;0;0;0;0;19.9;8.5399;0;0;0;0;0;0;0;0;0;0;0;0;0;1;1;1;1;0;0;0;0;0;0;0;0;0;0;0;0;0;0;0;0;0;0;0;0;0;0;0;0;0;0;0;0;0;0;0;0;0;0;0;1;1;1;1;1;1;1;1;1;1;1;1;1;1;1;1;1;1;1;0;0;0;0;0;0;0;0;0;0.0004;0.088;0;-0.0884;0;0;0;0;0;0;0;0;0;0;0;0;0;0;0;0;0;0;0;-19.9;0;0;0;0;0.0004;0;0;0;0;0;0;0;-0.0004;-0.0884;0;0;0;0;0;0;0;0;0;-0.7063;0;0.7063;1;1;0;0;0;0
05/02/21 02:00;0;0;90;0;0;90;0;0;0;0;20.1;7.85;0;0;0;0;0;0;0;0;0;0;0;0;0;1;1;1;1;0;0;0;0;0;0;0;0;0;0;0;0;0;0;0;0;0;0;0;0;0;0;0;0;0;0;0;0;0;0;0;0;0;0;0;1;1;1;1;1;1;1;1;1;1;1;1;1;1;1;1;1;1;1;0;0;0;0;0;0;0;0;0;0.0004;0.088;0;-0.0884;0;0;0;0;0;0;0;0;0;0;0;0;0;0;0;0;0;0;0;-20.1;0;0;0;0;0.0004;0;0;0;0;0;0;0;-0.0004;-0.0884;0;0;0;0;0;0;0;0;0;-0.7063;0;0.7063;1;1;0;0;0;0
05/02/21 03:00;0;0;90;0;0;90;0;0;0;0;20.44;7.1799;0;0;0;0;0;0;0;0;0;0;0;0;0;1;1;1;1;0;0;0;0;0;0;0;0;0;0;0;0;0;0;0;0;0;0;0;0;0;0;0;0;0;0;0;0;0;0;0;0;0;0;0;1;1;1;1;1;1;1;1;1;1;1;1;1;1;1;1;1;1;1;0;0;0;0;0;0;0;0;0;0.0004;0.088;0;-0.0884;0;0;0;0;0;0;0;0;0;0;0;0;0;0;0;0;0;0;0;-20.44;0;0;0;0;0.0004;0;0;0;0;0;0;0;-0.0004;-0.0884;0;0;0;0;0;0;0;0;0;-0.7063;0;0.7063;1;1;0;0;0;0
05/02/21 04:00;0;0;90;0;0;90;0;0;0;0;20.98;7.13;0;0;0;0;0;0;0;0;0;0;0;0;0;1;1;1;1;0;0;0;0;0;0;0;0;0;0;0;0;0;0;0;0;0;0;0;0;0;0;0;0;0;0;0;0;0;0;0;0;0;0;0;1;1;1;1;1;1;1;1;1;1;1;1;1;1;1;1;1;1;1;0;0;0;0;0;0;0;0;0;0.0004;0.088;0;-0.0884;0;0;0;0;0;0;0;0;0;0;0;0;0;0;0;0;0;0;0;-20.98;0;0;0;0;0.0004;0;0;0;0;0;0;0;-0.0004;-0.0884;0;0;0;0;0;0;0;0;0;-0.7063;0;0.7063;1;1;0;0;0;0
05/02/21 05:00;3.3134;-106.98;81.942;3.4641;4.9625;-90;-4.9625;5.0009;4.9027;0.0982;21.37;7.75;0;0.2382;4.8876;0.0144;0;0.0019;5.142;5.142;0;0.2382;0;0;0;1;1;1;1;0;0;0;0;0;0;0;0;0;0;0;0;0;0;0;0;0;0;0;0;0;0;0;0;0;0;0;0;0;0;0;0;0;0;0;0;1;1;1;1;1;1;1;1;1;1;1;0;1;0;0;1;0;0;0;0;0;0;0;0;0;0;0;0.0004;0.088;0;-0.0884;0;0;0;0;0;0;0;0;0;0;0;0;0;0;0;0;0;0;0;-21.37;0;0;0;0;0.0004;0;0;0;0;0;0;0;-0.0004;-0.0884;0;0;0;0;0;0;0;0;0;-0.7063;0;0.7063;1;1;0;0;0;0
05/02/21 06:00;12.643;-100.53;57.937;12.853;19.796;-90;-19.796;65.304;63.2;2.104;21.44;9.37;0;5.1028;60.913;1.0496;0;0.3859;67.451;0;67.451;5.1028;1.0496;60.913;0.3859;0.0757;0.9088;0;0.0057;65.738;1.7132;0;0;1.3899;0.3234;63.354;2.2522;0.1498;0.0308;2.0577;0.0138;65.606;0.1315;0.0102;0.0021;0.119;0.0001;63.448;4.9428;1.0167;57.346;0.0486;37.821;30.257;11.756;0.2096;0.4478;6.4416;0.094;6.6798;0;1;0;0;1.0329;0.9746;1;1;0.9772;0.1621;0.9657;0.9706;1;0.9654;0.7793;0.998;0.998;1;0.998;0.998;0.9393;0.9414;0.126;0.2026;0.2047;0.0012;0.0152;-0.0007;0.0013;0.0047;0.0012;0;0;0.088;0;0.0838;0;0;0;0;0;0;0;0;0;0;0;0;0.0038;0.0002;0.1777;0.1777;0;24.048;24.048;2.608;0.0412;173.57;1024;1;0.0059;0.0059;0;0;0;0;0;0;0.1718;0.0838;0;16.716;19.357;7.882;9.1272;96.664;96.664;1.6188;1.4205;0.6698;0.1983;0.7507;0.1225;0.4637;0.4138;37.808;0.3861;0
05/02/21 07:00;24.823;-92.328;5.5735;24.841;60;-90;-60;164.89;155.2;9.6881;22.96;11.44;0;22.968;114.49;6.0489;0;8.2446;151.75;0;151.75;22.968;6.0489;114.49;8.2446;0.1514;0.8088;0;0.0543;129.63;22.124;0;0;14.408;7.7154;125.8;3.572;0.0044;0.0012;3.5314;0.035;129.37;0.2593;0.0459;0.0121;0.2002;0.0011;129.09;22.917;6.0356;96.349;0.4931;100.03;80.024;36.762;19.142;2.0241;29.116;3.2937;11.998;0;1;0;0;0.9203;0.8542;1;1;0.8742;0.0642;0.9724;0.9998;1;0.9646;0.9337;0.998;0.998;1;0.998;0.998;0.829;0.8416;0.0598;0.4557;0.4502;0.0027;0.0181;0.0051;0.003;0.0105;0.0055;0;0;0.088;0;0.3002;0;0;0;0;0;0;0;0;0;0;0;0;0.0085;0.0007;0.3962;0.3962;0;28.119;28.119;5.159;0.041;382.71;1035.2;1;0.008;0.008;0;0;0;0;0;0;0.3882;0.3002;0;16.562;19.178;12.548;14.53;97.979;97.979;3.642;3.1663;2.399;0.4757;0.7673;0.1306;0.2107;0.6587;99.697;0.576;0
05/02/21 08:00;37.071;-83.387;5.272;37.255;52.745;-90;-52.745;221.7;213.1;8.5962;23.41;12.66;0;14.2;169.32;3.5762;0;8.7491;195.84;0;195.84;14.2;3.5762;169.32;8.7491;0.0725;0.9092;0;0.0447;169.97;25.871;0;0;17.68;8.1909;164.52;5.1128;0.0026;0.0006;5.0874;0.0221;169.63;0.3399;0.0284;0.0072;0.3033;0.0011;168;14.169;3.5684;146.24;0.5349;139.45;111.56;49.317;17.945;2.379;34.221;3.4848;18.655;0;1;0;0;0.8834;0.8679;1;1;0.8956;0.0638;0.9699;0.9998;1;0.9664;0.9603;0.998;0.998;1;0.998;0.998;0.8401;0.8637;0.0611;0.5881;0.5782;0.0035;0.0178;0.0108;0.0038;0.0136;0.0065;0;0;0.088;0;0.4131;0;0;0;0;0;0;0;0;0;0;0;0;0.0109;0.001;0.5104;0.5104;0;30.152;30.152;6.7418;0.041;492.22;1036.9;1;0.0092;0.0092;0;0;0;0;0;0;0.5011;0.4131;0;16.532;19.143;13.382;15.496;98.191;98.191;4.7002;4.0789;3.3018;0.6213;0.7771;0.1322;0.1653;0.7025;135.98;0.6212;0
05/02/21 09:00;49.057;-72.301;11.492;50.427;39.573;-90;-39.573;346.99;317.4;29.596;26.67;12.44;0;38.395;273.18;11.493;0;7.9527;331.02;0;331.02;38.395;11.493;273.18;7.9527;0.116;0.8493;0;0.024;304.98;26.038;0;0;18.754;7.284;296.08;8.2964;0.0152;0.0046;8.2131;0.0635;304.37;0.61;0.0768;0.023;0.5089;0.0013;298.84;38.303;11.466;245.71;0.6039;211.87;169.5;70.913;10.727;2.8009;40.29;2.7596;32.365;0;1;0;0;0.954;0.9213;1;1;0.9313;0.0841;0.9727;0.9996;1;0.9677;0.9049;0.998;0.998;1;0.998;0.998;0.8944;0.8994;0.0759;0.9941;0.985;0.0059;0.0136;0.0489;0.0064;0.0228;0.0075;0;0;0.088;0;0.7575;0;0;0;0;0;0;0;0;0;0;0;0;0.0183;0.0025;0.8591;0.8591;0;38.835;38.835;12.165;0.0411;843.81;1018.1;1;0.0137;0.0137;0;0;0;0;0;0;0.8455;0.7575;0;16.464;19.065;14.516;16.809;98.409;98.409;7.9445;6.8661;6.0536;1.0784;0.8125;0.1357;0.1023;0.762;193.89;0.6983;0
05/02/21 10:00;60.123;-56.099;16.131;64.507;25.493;-90;-25.493;944.4;155.5;788.9;28.3;11.8;0;873.99;52.051;111.66;0;9.1952;1046.9;0;1046.9;873.99;111.66;52.051;9.1952;0.8348;0.0585;0;0.0088;1037.2;9.6725;0;0;1.7836;7.8889;1032.7;2.4756;0.486;0.0621;1.666;0.2615;1035.2;2.0745;1.748;0.2233;0.1005;0.0026;1035.1;871.76;111.37;48.501;1.0422;518.59;414.88;165.88;0.4484;5.6783;81.68;2.4388;86.909;0;1;0;0;1.1085;0.9908;1;1;0.9657;0.1421;0.9976;0.9994;1;0.9668;0.7994;0.998;0.998;1;0.998;0.998;0.9864;0.9318;0.1133;3.1438;3.2899;0.0198;0.0037;0.5424;0.0191;0.0676;0.0135;0;0;0.088;0;2.4147;0;0;0;0;0;0;0;0;0;0;0;0;0.0545;0.0233;2.5459;2.5459;0;71.709;71.709;43.409;0.042;2830.2;899.55;1;0.0432;0.0432;0;0;0;0;0;0;2.5027;2.4147;0;15.427;17.864;14.632;16.944;98.303;98.303;25.126;20.347;19.299;4.7784;1.0485;0.1902;0.0417;0.7681;33.323;0.7257;0
05/02/21 11:00;68.497;-28.419;18.807;79.38;10.62;-90;-10.62;669.1;416.9;252.2;29.42;11.05;0;256.6;333.51;81.908;0;1.146;673.16;0;673.16;256.6;81.908;333.51;1.146;0.3812;0.4971;0;0.0017;669.54;3.6254;0;0;2.6701;0.9553;654.57;13.63;0.1664;0.0531;13.368;0.0428;668.2;1.3391;0.5132;0.1638;0.6617;0.0004;654.78;255.92;81.691;316.81;0.1475;394.05;315.24;124.26;0.122;4.4163;63.527;0.2137;67.822;0;1;0;0;1.0061;0.9946;1;1;0.992;0.1664;0.9796;0.9994;1;0.9595;0.7752;0.998;0.998;1;0.998;0.998;0.9724;0.9499;0.1287;2.0215;2.1061;0.0127;-0.0004;0.2356;0.013;0.0461;0.0112;0;0;0.088;0;1.6256;0;0;0;0;0;0;0;0;0;0;0;0;0.0371;0.01;1.7407;1.7407;0;56.603;56.603;27.183;0.0415;1811.4;961;1;0.0271;0.0271;0;0;0;0;0;0;1.7136;1.6256;0;16.404;18.996;15.319;17.739;98.442;98.442;16.156;13.912;12.992;2.2438;0.9201;0.1389;0.057;0.8042;200.23;0.7511;0
05/02/21 12:00;70.212;13.051;19.257;85.355;4.6448;90;4.6448;1096.3;180.9;915.4;30.55;10.09;0;918.42;55.437;125.78;0;0.36;1100;0;1100;918.42;125.78;55.437;0.36;0.8349;0.0507;0;0.0003;1099.6;0.4179;0;0;0.1166;0.3012;1094.3;3.1243;0.6097;0.0835;2.418;0.0131;1097.4;2.1992;1.8368;0.2516;0.1106;0.0001;1094.3;915.97;125.45;52.792;0.0456;645.25;516.2;206.84;0.0003;6.9997;100.69;0.0294;107.69;0;1;0;0;1.0034;0.9996;1;1;0.9979;0.1633;0.9972;0.9993;1;0.9562;0.7765;0.998;0.998;1;0.998;0.998;0.9948;0.9523;0.1266;3.3033;3.5081;0.0211;0.008;0.6415;0.0199;0.0704;0.0163;0;0;0.088;0;2.5149;0;0;0;0;0;0;0;0;0;0;0;0;0.0567;0.0263;2.6479;2.6479;0;76.745;76.745;46.195;0.0422;3015.5;878.09;1;0.045;0.045;0;0;0;0;0;0;2.6029;2.5149;0;15.27;17.683;14.503;16.795;98.301;98.301;26.4;21.162;20.099;5.2378;1.0629;0.1984;0.0403;0.7613;32.908;0.7125;0
05/02/21 13:00;63.901;47.075;17.434;70.266;19.734;90;19.734;532.9;434.2;98.705;31.08;8.8;0;104.86;388.45;36.119;0;3.1296;532.56;0;532.56;104.86;36.119;388.45;3.1296;0.1969;0.7353;0;0.0059;521.1;11.464;0;0;8.8346;2.6289;506.72;13.332;0.063;0.0217;13.136;0.1108;520.06;1.0422;0.2097;0.0722;0.7592;0.001;507.51;104.59;36.025;365.72;0.3889;315.9;252.72;99.22;1.3222;3.6456;52.44;0.7837;54.763;0;1;0;0;0.9994;0.9785;1;1;0.9773;0.16;0.9744;0.9994;1;0.9653;0.7782;0.998;0.998;1;0.998;0.998;0.9515;0.9415;0.1243;1.5993;1.6391;0.0099;0.0045;0.1577;0.0103;0.0364;0.0094;0;0;0.088;0;1.2669;0;0;0;0;0;0;0;0;0;0;0;0;0.0293;0.0062;1.3755;1.3755;0;52.064;52.064;20.984;0.0414;1407.2;977.44;1;0.0206;0.0206;0;0;0;0;0;0;1.3549;1.2669;0;16.384;18.972;15.09;17.474;98.502;98.502;12.781;10.993;10.125;1.7887;0.8679;0.1399;0.0679;0.7922;241.04;0.7378;0
05/02/21 14:00;53.569;66.81;13.524;55.845;34.155;90;34.155;13.596;13.596;0;28.29;7.6;0;0;12.424;0;0;0.2345;12.658;0;12.658;0;0;12.424;0.2345;0;1;0;0.0185;11.769;0.8895;0;0;0.6792;0.2103;11.363;0.3822;0;0;0.3786;0.0036;11.745;0.0235;0;0;0.0235;0;11.441;0;0;11.342;0.0206;8.4395;6.7516;2.7664;0.2943;0.1067;1.535;0.0779;1.3474;0;1;0;0;0.931;0.9297;1;1;0.9453;0.1034;0.9675;1;1;0.9677;0.8516;0.998;1;1;0.998;0.998;0.8977;0.913;0.0879;0.038;0.0377;0.0002;0.0068;0.0005;0.0002;0.0007;0.0002;0;0;0.088;0;-0.0621;0;0;0;0;0;0;0;0;0;0;0;0;0.0006;0;0.0283;0.0283;0;28.771;28.771;0.4816;0.0424;30.63;925.43;1;0.0025;0.0025;0;0;0;0;0;0;0.0259;-0.0621;0;14.206;16.45;-31.146;-36.066;91.2;91.2;0.3038;0.2265;-0.4967;0.0772;0.7232;0.2543;2.3807;0;8.4395;0;0
05/02/21 15:00;41.831;79.404;7.8749;42.321;47.679;90;47.679;121.29;120;1.2891;20.89;7.0899;0;1.9147;100.26;0.2454;0;3.9627;106.38;0;106.38;1.9147;0.2454;100.26;3.9627;0.018;0.9797;0;0.0372;93.622;12.76;0;0;9.0596;3.7008;90.431;3.0042;0.0005;0.0001;2.9907;0.0128;93.435;0.1872;0.0038;0.0005;0.1824;0.0005;91.959;1.9103;0.2449;88.027;0.2486;77.083;61.666;26.836;7.4771;1.184;17.031;1.5275;10.738;0;1;0;0;0.8771;0.8801;1;1;0.9096;0.0661;0.9678;0.9997;1;0.9671;0.9509;0.998;0.998;1;0.998;0.998;0.8501;0.878;0.0627;0.3195;0.3129;0.0019;0.0172;-0.0005;0.0021;0.0073;0.0032;0;0;0.088;0;0.1806;0;0;0;0;0;0;0;0;0;0;0;0;0.0059;0.0004;0.2754;0.2754;0;24.6;24.6;3.7099;0.041;265.67;1036.6;1;0.0068;0.0068;0;0;0;0;0;0;0.2686;0.1806;0;16.422;19.016;10.771;12.472;97.544;97.544;2.5532;2.2009;1.4436;0.3523;0.7574;0.138;0.2966;0.5654;76.515;0.5049;0
05/02/21 16:00;29.637;88.966;0.9679;29.641;60;90;60;171.01;167.3;3.7025;21.88;6.0699;0;7.4862;124.81;1.8043;0;8.5503;142.65;0;142.65;7.4862;1.8043;124.81;8.5503;0.0525;0.9349;0;0.0599;118.89;23.76;0;0;15.74;8.0202;114.77;3.8857;0.0002;0.0001;3.8494;0.036;118.65;0.2378;0.015;0.0036;0.2181;0.0011;118.38;7.471;1.8006;105;0.493;109.44;87.55;40.164;20.868;2.2132;31.836;3.6108;13.181;0;1;0;0;0.8342;0.8334;1;1;0.8739;0.062;0.9673;1;1;0.9646;0.9319;0.998;0.998;1;0.998;0.998;0.8045;0.8413;0.0577;0.4284;0.4237;0.0026;0.018;0.0024;0.0028;0.0099;0.006;0;0;0.088;0;0.2775;0;0;0;0;0;0;0;0;0;0;0;0;0.008;0.0006;0.3733;0.3733;0;26.585;26.585;4.7047;0.041;359.63;1038;1;0.0078;0.0078;0;0;0;0;0;0;0.3655;0.2775;0;16.6;19.222;12.34;14.289;97.912;97.912;3.4236;2.9832;2.2176;0.4404;0.7656;0.1286;0.2236;0.6478;108.65;0.555;0
05/02/21 17:00;17.4;97.336;43.511;17.534;29.409;90;29.409;29.302;29.102;0.1995;22.46;6.18;0;0.4838;27.214;0.0335;0;0.3776;28.109;0;28.109;0.4838;0.0335;27.214;0.3776;0.0172;0.9816;0;0.0134;26.604;1.5049;0;0;1.174;0.3309;25.69;0.8611;0.0043;0.0003;0.8481;0.0085;26.551;0.0532;0.001;0.0001;0.0521;0.0001;25.806;0.4785;0.0332;25.14;0.0381;17.866;14.293;5.7427;0.3847;0.2178;3.133;0.1161;2.9661;0;1;0;0;0.9593;0.9465;1;1;0.9569;0.1236;0.9676;0.9911;1;0.9674;0.8183;0.998;0.998;1;0.998;0.998;0.9139;0.9238;0.1009;0.0844;0.0843;0.0005;0.0103;-0.0005;0.0005;0.0018;0.0005;0;0;0.088;0;-0.0221;0;0;0;0;0;0;0;0;0;0;0;0;0.0015;0.0001;0.0695;0.0695;0;23.529;23.529;1.0694;0.0416;70.431;986.79;1;0.0036;0.0036;0;0;0;0;0;0;0.0659;-0.0221;0;15.685;18.163;-4.9804;-5.7672;94.865;94.865;0.6746;0.5554;-0.1764;0.1192;0.7318;0.1767;1.0848;0;17.865;0;0
05/02/21 18:00;5.5815;105.37;76.356;5.7871;8.368;90;8.368;2.5981;2.5012;0.0969;22.72;6.9901;0;0.235;2.4861;0.0043;0;0.0028;2.7282;2.7282;0;0.235;0;0;0;1;1;1;1;0;0;0;0;0;0;0;0;0;0;0;0;0;0;0;0;0;0;0;0;0;0;0;0;0;0;0;0;0;0;0;0;0;0;0;0;1;1;1;1;1;1;1;1;1;1;1;0;1;0;0;1;0;0;0;0;0;0;0;0;0;0;0;0.0004;0.088;0;-0.0884;0;0;0;0;0;0;0;0;0;0;0;0;0;0;0;0;0;0;0;-22.72;0;0;0;0;0.0004;0;0;0;0;0;0;0;-0.0004;-0.0884;0;0;0;0;0;0;0;0;0;-0.7063;0;0.7063;1;1;0;0;0;0
05/02/21 19:00;0;0;90;0;0;90;0;0;0;0;22.21;6.2001;0;0;0;0;0;0;0;0;0;0;0;0;0;1;1;1;1;0;0;0;0;0;0;0;0;0;0;0;0;0;0;0;0;0;0;0;0;0;0;0;0;0;0;0;0;0;0;0;0;0;0;0;1;1;1;1;1;1;1;1;1;1;1;1;1;1;1;1;1;1;1;0;0;0;0;0;0;0;0;0;0.0004;0.088;0;-0.0884;0;0;0;0;0;0;0;0;0;0;0;0;0;0;0;0;0;0;0;-22.21;0;0;0;0;0.0004;0;0;0;0;0;0;0;-0.0004;-0.0884;0;0;0;0;0;0;0;0;0;-0.7063;0;0.7063;1;1;0;0;0;0
05/02/21 20:00;0;0;90;0;0;90;0;0;0;0;20.7;4.96;0;0;0;0;0;0;0;0;0;0;0;0;0;1;1;1;1;0;0;0;0;0;0;0;0;0;0;0;0;0;0;0;0;0;0;0;0;0;0;0;0;0;0;0;0;0;0;0;0;0;0;0;1;1;1;1;1;1;1;1;1;1;1;1;1;1;1;1;1;1;1;0;0;0;0;0;0;0;0;0;0.0004;0.088;0;-0.0884;0;0;0;0;0;0;0;0;0;0;0;0;0;0;0;0;0;0;0;-20.7;0;0;0;0;0.0004;0;0;0;0;0;0;0;-0.0004;-0.0884;0;0;0;0;0;0;0;0;0;-0.7063;0;0.7063;1;1;0;0;0;0
05/02/21 21:00;0;0;90;0;0;90;0;0;0;0;21.01;4.57;0;0;0;0;0;0;0;0;0;0;0;0;0;1;1;1;1;0;0;0;0;0;0;0;0;0;0;0;0;0;0;0;0;0;0;0;0;0;0;0;0;0;0;0;0;0;0;0;0;0;0;0;1;1;1;1;1;1;1;1;1;1;1;1;1;1;1;1;1;1;1;0;0;0;0;0;0;0;0;0;0.0004;0.088;0;-0.0884;0;0;0;0;0;0;0;0;0;0;0;0;0;0;0;0;0;0;0;-21.01;0;0;0;0;0.0004;0;0;0;0;0;0;0;-0.0004;-0.0884;0;0;0;0;0;0;0;0;0;-0.7063;0;0.7063;1;1;0;0;0;0
05/02/21 22:00;0;0;90;0;0;90;0;0;0;0;21.69;4.6199;0;0;0;0;0;0;0;0;0;0;0;0;0;1;1;1;1;0;0;0;0;0;0;0;0;0;0;0;0;0;0;0;0;0;0;0;0;0;0;0;0;0;0;0;0;0;0;0;0;0;0;0;1;1;1;1;1;1;1;1;1;1;1;1;1;1;1;1;1;1;1;0;0;0;0;0;0;0;0;0;0.0004;0.088;0;-0.0884;0;0;0;0;0;0;0;0;0;0;0;0;0;0;0;0;0;0;0;-21.69;0;0;0;0;0.0004;0;0;0;0;0;0;0;-0.0004;-0.0884;0;0;0;0;0;0;0;0;0;-0.7063;0;0.7063;1;1;0;0;0;0
05/02/21 23:00;0;0;90;0;0;90;0;0;0;0;21.3;4.2;0;0;0;0;0;0;0;0;0;0;0;0;0;1;1;1;1;0;0;0;0;0;0;0;0;0;0;0;0;0;0;0;0;0;0;0;0;0;0;0;0;0;0;0;0;0;0;0;0;0;0;0;1;1;1;1;1;1;1;1;1;1;1;1;1;1;1;1;1;1;1;0;0;0;0;0;0;0;0;0;0.0004;0.088;0;-0.0884;0;0;0;0;0;0;0;0;0;0;0;0;0;0;0;0;0;0;0;-21.3;0;0;0;0;0.0004;0;0;0;0;0;0;0;-0.0004;-0.0884;0;0;0;0;0;0;0;0;0;-0.7063;0;0.7063;1;1;0;0;0;0
06/02/21 00:00;0;0;90;0;0;90;0;0;0;0;21.5;2.5301;0;0;0;0;0;0;0;0;0;0;0;0;0;1;1;1;1;0;0;0;0;0;0;0;0;0;0;0;0;0;0;0;0;0;0;0;0;0;0;0;0;0;0;0;0;0;0;0;0;0;0;0;1;1;1;1;1;1;1;1;1;1;1;1;1;1;1;1;1;1;1;0;0;0;0;0;0;0;0;0;0.0004;0.088;0;-0.0884;0;0;0;0;0;0;0;0;0;0;0;0;0;0;0;0;0;0;0;-21.5;0;0;0;0;0.0004;0;0;0;0;0;0;0;-0.0004;-0.0884;0;0;0;0;0;0;0;0;0;-0.7063;0;0.7063;1;1;0;0;0;0
06/02/21 01:00;0;0;90;0;0;90;0;0;0;0;21.36;1.33;0;0;0;0;0;0;0;0;0;0;0;0;0;1;1;1;1;0;0;0;0;0;0;0;0;0;0;0;0;0;0;0;0;0;0;0;0;0;0;0;0;0;0;0;0;0;0;0;0;0;0;0;1;1;1;1;1;1;1;1;1;1;1;1;1;1;1;1;1;1;1;0;0;0;0;0;0;0;0;0;0.0004;0.088;0;-0.0884;0;0;0;0;0;0;0;0;0;0;0;0;0;0;0;0;0;0;0;-21.36;0;0;0;0;0.0004;0;0;0;0;0;0;0;-0.0004;-0.0884;0;0;0;0;0;0;0;0;0;-0.7063;0;0.7063;1;1;0;0;0;0
06/02/21 02:00;0;0;90;0;0;90;0;0;0;0;21.34;1.22;0;0;0;0;0;0;0;0;0;0;0;0;0;1;1;1;1;0;0;0;0;0;0;0;0;0;0;0;0;0;0;0;0;0;0;0;0;0;0;0;0;0;0;0;0;0;0;0;0;0;0;0;1;1;1;1;1;1;1;1;1;1;1;1;1;1;1;1;1;1;1;0;0;0;0;0;0;0;0;0;0.0004;0.088;0;-0.0884;0;0;0;0;0;0;0;0;0;0;0;0;0;0;0;0;0;0;0;-21.34;0;0;0;0;0.0004;0;0;0;0;0;0;0;-0.0004;-0.0884;0;0;0;0;0;0;0;0;0;-0.7063;0;0.7063;1;1;0;0;0;0
06/02/21 03:00;0;0;90;0;0;90;0;0;0;0;17.76;1.96;0;0;0;0;0;0;0;0;0;0;0;0;0;1;1;1;1;0;0;0;0;0;0;0;0;0;0;0;0;0;0;0;0;0;0;0;0;0;0;0;0;0;0;0;0;0;0;0;0;0;0;0;1;1;1;1;1;1;1;1;1;1;1;1;1;1;1;1;1;1;1;0;0;0;0;0;0;0;0;0;0.0004;0.088;0;-0.0884;0;0;0;0;0;0;0;0;0;0;0;0;0;0;0;0;0;0;0;-17.76;0;0;0;0;0.0004;0;0;0;0;0;0;0;-0.0004;-0.0884;0;0;0;0;0;0;0;0;0;-0.7063;0;0.7063;1;1;0;0;0;0
06/02/21 04:00;0;0;90;0;0;90;0;0;0;0;17.44;3.1701;0;0;0;0;0;0;0;0;0;0;0;0;0;1;1;1;1;0;0;0;0;0;0;0;0;0;0;0;0;0;0;0;0;0;0;0;0;0;0;0;0;0;0;0;0;0;0;0;0;0;0;0;1;1;1;1;1;1;1;1;1;1;1;1;1;1;1;1;1;1;1;0;0;0;0;0;0;0;0;0;0.0004;0.088;0;-0.0884;0;0;0;0;0;0;0;0;0;0;0;0;0;0;0;0;0;0;0;-17.44;0;0;0;0;0.0004;0;0;0;0;0;0;0;-0.0004;-0.0884;0;0;0;0;0;0;0;0;0;-0.7063;0;0.7063;1;1;0;0;0;0
06/02/21 05:00;3.3108;-106.6;81.948;3.4546;4.9487;-90;-4.9487;3.4967;3.4967;0;18;4.5;0;0;3.4902;0;0;0.0013;3.4915;3.4915;0;0;0;0;0;1;1;1;1;0;0;0;0;0;0;0;0;0;0;0;0;0;0;0;0;0;0;0;0;0;0;0;0;0;0;0;0;0;0;0;0;0;0;0;0;1;1;1;1;1;1;1;1;1;1;1;1;1;0;0;1;0;0;0;0;0;0;0;0;0;0;0;0.0004;0.088;0;-0.0884;0;0;0;0;0;0;0;0;0;0;0;0;0;0;0;0;0;0;0;-18;0;0;0;0;0.0004;0;0;0;0;0;0;0;-0.0004;-0.0884;0;0;0;0;0;0;0;0;0;-0.7063;0;0.7063;1;1;0;0;0;0
06/02/21 06:00;12.455;-100.27;58.463;12.651;19.433;-90;-19.433;92.809;80.003;12.806;19.28;4.6801;0;31.057;74.435;8.2101;0;0.5287;114.23;0;114.23;31.057;8.2101;74.435;0.5287;0.2719;0.6562;0;0.0046;112.14;2.0895;0;0;1.6467;0.4428;108.14;3.7778;0.9701;0.2564;2.5323;0.019;111.92;0.2243;0.0621;0.0164;0.1456;0.0002;108.25;30.025;7.9372;70.111;0.0668;46.204;36.963;14.36;0.2401;0.5461;7.8557;0.1096;8.1617;0;1;0;0;1.2308;0.9817;1;1;0.9779;0.1625;0.9662;0.9687;1;0.9651;0.7789;0.998;0.998;1;0.998;0.998;0.9467;0.9419;0.1263;0.343;0.3426;0.0021;0.0175;-0.0016;0.0023;0.0081;0.0015;0;0;0.088;0;0.2107;0;0;0;0;0;0;0;0;0;0;0;0;0.0065;0.0004;0.3059;0.3059;0;23.705;23.705;4.4248;0.0409;292.02;1047.4;1;0.0072;0.0072;0;0;0;0;0;0;0.2987;0.2107;0;16.986;19.669;11.701;13.549;97.655;97.655;2.7416;2.4445;1.6839;0.2971;0.7606;0.1084;0.2774;0.6142;46.124;0.5841;0
06/02/21 07:00;24.64;-92.053;5.6611;24.654;60;-90;-60;338.4;118.5;219.9;20.58;5.05;0;524.86;55.469;106.31;0;16.92;703.56;0;703.56;524.86;106.31;55.469;16.92;0.746;0.1029;0;0.024;680.74;22.815;0;0;6.9807;15.834;677.48;1.906;0.1024;0.0207;1.711;0.0719;679.38;1.3615;1.0497;0.2126;0.097;0.0022;679.45;523.71;106.07;46.681;1.012;53.773;43.018;19.298;9.2777;1.0524;15.139;1.9713;6.9138;0;1;0;0;2.0791;0.9676;1;1;0.8742;0.0642;0.9972;0.9998;1;0.9646;0.9337;0.998;0.998;1;0.998;0.998;0.9629;0.8416;0.0598;2.1128;2.0783;0.0125;-0.0002;0.1721;0.0133;0.047;0.0028;0;0;0.088;0;1.6667;0;0;0;0;0;0;0;0;0;0;0;0;0.0379;0.0097;1.7833;1.7833;0;48.521;48.521;27.942;0.0412;1788.5;997.13;1;0.0286;0.0286;0;0;0;0;0;0;1.7547;1.6667;0;16.079;18.62;15.028;17.402;98.395;98.395;16.885;14.252;13.32;2.633;0.932;0.1559;0.0552;0.7889;48.302;0.7764;0
06/02/21 08:00;36.886;-83.077;5.532;37.087;52.913;-90;-52.913;630.79;104;526.79;22.19;5.61;0;873.57;31.224;107.87;0;25.041;1037.7;0;1037.7;873.57;107.87;31.224;25.041;0.8418;0.0542;0;0.0241;1011;26.721;0;0;3.2754;23.445;1007.8;1.1891;0.1666;0.0206;0.9386;0.0634;1009;2.022;1.7471;0.2157;0.0559;0.0032;1013.1;871.66;107.63;26.954;1.529;214.27;171.42;66.568;3.3521;2.68;38.551;5.3005;37.879;0;1;0;0;1.6451;0.9743;1;1;0.8951;0.0637;0.9988;0.9998;1;0.9664;0.9602;0.998;0.998;1;0.998;0.998;0.9712;0.8632;0.0611;3.1162;3.1325;0.0189;0.0014;0.433;0.0188;0.0665;0.0066;0;0;0.088;0;2.3814;0;0;0;0;0;0;0;0;0;0;0;0;0.0536;0.0212;2.5127;2.5127;0;64.29;64.29;42.1;0.0418;2695.4;932.22;1;0.0433;0.0433;0;0;0;0;0;0;2.4694;2.3814;0;15.36;17.787;14.558;16.858;98.278;98.278;24.905;20.081;19.032;4.8235;1.0491;0.1937;0.0421;0.7642;25.12;0.7435;0
06/02/21 09:00;48.857;-71.943;11.768;50.285;39.715;-90;-39.715;814.2;134.3;679.9;23.11;6.35;0;883.87;42.369;112.33;0;18.789;1057.4;0;1057.4;883.87;112.33;42.369;18.789;0.8359;0.0578;0;0.0178;1037.2;20.144;0;0;2.9247;17.219;1033.3;1.8244;0.3585;0.0456;1.2735;0.1467;1035.1;2.0744;1.7677;0.2247;0.0789;0.0031;1038.4;881.74;112.06;38.091;1.4204;387.67;310.14;127.41;1.6886;4.111;59.135;5.0878;61.557;0;1;0;0;1.2986;0.9809;1;1;0.931;0.0836;0.9982;0.9996;1;0.9676;0.9064;0.998;0.998;1;0.998;0.998;0.9773;0.899;0.0756;3.1752;3.2522;0.0196;0.0031;0.4732;0.0193;0.0684;0.01;0;0;0.088;0;2.448;0;0;0;0;0;0;0;0;0;0;0;0;0.0551;0.0228;2.5807;2.5807;0;66.352;66.352;43.243;0.0418;2798.2;922.26;1;0.0446;0.0446;0;0;0;0;0;0;2.536;2.448;0;15.483;17.929;14.687;17.007;98.27;98.27;25.377;20.625;19.565;4.7518;1.06;0.1873;0.0418;0.771;30.107;0.74;0
06/02/21 10:00;59.887;-55.699;16.423;64.401;25.599;-90;-25.599;959.31;158.3;801;23.8;6.95;0;888.19;51.202;115.83;0;9.4168;1064.6;0;1064.6;888.19;115.83;51.202;9.4168;0.8343;0.0569;0;0.0088;1054.8;9.8492;0;0;1.7662;8.083;1050.2;2.4723;0.5028;0.0656;1.6374;0.2664;1052.7;2.1096;1.7764;0.2317;0.0989;0.0027;1052.7;885.91;115.53;47.7;1.0648;526.31;421.05;168.38;0.4477;5.7601;82.857;2.5002;88.169;0;1;0;0;1.1098;0.9907;1;1;0.9655;0.1416;0.9977;0.9994;1;0.9668;0.7999;0.998;0.998;1;0.998;0.998;0.9864;0.9316;0.1131;3.1971;3.3453;0.0201;0.0047;0.5039;0.0197;0.0699;0.0139;0;0;0.088;0;2.499;0;0;0;0;0;0;0;0;0;0;0;0;0.0563;0.024;2.6327;2.6327;0;67.804;67.804;44.004;0.0419;2877;915.09;1;0.0457;0.0457;0;0;0;0;0;0;2.587;2.499;0;15.687;18.165;14.89;17.242;98.265;98.265;25.551;21.04;19.972;4.5111;1.0684;0.1765;0.0418;0.7816;32.8;0.7386;0
06/02/21 11:00;68.205;-28.141;19.111;79.32;10.68;-90;-10.68;1033.5;170.5;862.99;24.49;7.1601;0;878.21;57.075;114.92;0;1.7903;1052;0;1052;878.21;114.92;57.075;1.7903;0.8348;0.056;0;0.0017;1050;1.9536;0;0;0.4613;1.4923;1044.9;3.0066;0.5785;0.0757;2.2855;0.0668;1047.9;2.1001;1.7564;0.2298;0.1132;0.0006;1045.3;875.87;114.61;54.215;0.2305;602.72;482.17;195.45;0.0217;6.3939;91.974;0.346;98.346;0;1;0;0;1.0179;0.9981;1;1;0.9919;0.1664;0.9971;0.9993;1;0.9595;0.7752;0.998;0.998;1;0.998;0.998;0.9933;0.9499;0.1288;3.1591;3.3422;0.0201;0.0046;0.5093;0.0197;0.0697;0.0154;0;0;0.088;0;2.4898;0;0;0;0;0;0;0;0;0;0;0;0;0.0561;0.024;2.6232;2.6232;0;68.29;68.29;43.8;0.0419;2873.6;912.86;1;0.0454;0.0454;0;0;0;0;0;0;2.5778;2.4898;0;15.818;18.317;15.014;17.385;98.27;98.27;25.248;20.964;19.898;4.2836;1.0661;0.1697;0.0422;0.7881;34.272;0.7397;0
06/02/21 12:00;69.913;12.812;19.566;85.364;4.6361;90;4.6361;1059.8;174.9;884.89;25.28;7.0899;0;887.8;57.373;117.82;0;0.3468;1063.3;0;1063.3;887.8;117.82;57.373;0.3468;0.8349;0.0543;0;0.0003;1062.9;0.4105;0;0;0.1203;0.2901;1057.6;3.1936;0.5988;0.0795;2.5027;0.0126;1060.8;2.1258;1.7756;0.2356;0.1145;0.0001;1057.6;885.42;117.5;54.635;0.0439;623.78;499.02;199.92;0.0003;6.7694;97.376;0.0281;104.14;0;1;0;0;1.0033;0.9996;1;1;0.9979;0.1633;0.997;0.9993;1;0.9562;0.7765;0.998;0.998;1;0.998;0.998;0.9946;0.9523;0.1266;3.1932;3.3908;0.0204;0.0056;0.5334;0.0198;0.0703;0.0163;0;0;0.088;0;2.5101;0;0;0;0;0;0;0;0;0;0;0;0;0.0566;0.0246;2.6438;2.6438;0;69.662;69.662;44.383;0.042;2915.2;906.9;1;0.0457;0.0457;0;0;0;0;0;0;2.5981;2.5101;0;15.773;18.264;14.975;17.341;98.271;98.271;25.52;21.13;20.061;4.3905;1.0687;0.172;0.0419;0.7861;34.057;0.7356;0
06/02/21 13:00;63.673;46.602;17.741;70.225;19.775;90;19.775;860.91;247.6;613.31;26.26;6.9101;0;651.75;123.12;128.3;0;5.077;908.25;0;908.25;651.75;128.3;123.12;5.077;0.7176;0.1411;0;0.0056;901.17;7.0751;0;0;2.81;4.265;894.55;4.817;0.3986;0.0785;4.1602;0.1797;899.37;1.8023;1.3035;0.2566;0.2406;0.0016;895.79;650.04;127.97;115.91;0.6306;490.41;392.33;158.27;0.4232;5.2783;75.927;1.2403;80.782;0;1;0;0;1.055;0.9922;1;1;0.9772;0.1599;0.9946;0.9994;1;0.9654;0.7783;0.998;0.998;1;0.998;0.998;0.9849;0.9414;0.1242;2.7275;2.8581;0.0172;-0.0012;0.3891;0.0172;0.0609;0.013;0;0;0.088;0;2.1691;0;0;0;0;0;0;0;0;0;0;0;0;0.049;0.0178;2.2952;2.2952;0;63.607;63.607;37.347;0.0417;2457.1;934.11;1;0.0381;0.0381;0;0;0;0;0;0;2.2571;2.1691;0;16.031;18.563;15.15;17.543;98.341;98.341;21.798;18.343;17.335;3.4549;1.0077;0.1585;0.0462;0.7953;76.413;0.7484;0
06/02/21 14:00;53.394;66.382;13.822;55.76;34.24;90;34.24;599.59;373.8;225.8;26;6.65;0;273.13;272.98;90.632;0;10.391;647.13;0;647.13;273.13;90.632;272.98;10.391;0.4221;0.4379;0;0.0161;622.83;24.303;0;0;14.983;9.3205;612.94;8.6469;0.1301;0.0432;8.3158;0.1579;621.58;1.2457;0.5463;0.1813;0.516;0.0021;616.06;272.45;90.408;249.16;0.9109;337.02;269.62;111.33;6.5235;3.8662;55.614;3.1204;52.957;0;1;0;0;1.0793;0.9624;1;1;0.9451;0.1031;0.9861;0.9995;1;0.9677;0.8523;0.998;0.998;1;0.998;0.998;0.9472;0.9128;0.0877;1.9433;1.9727;0.0119;0.0007;0.1836;0.0124;0.0441;0.01;0;0;0.088;0;1.5516;0;0;0;0;0;0;0;0;0;0;0;0;0.0355;0.0088;1.6657;1.6657;0;51.348;51.348;25.347;0.0414;1694.6;982.93;1;0.0261;0.0261;0;0;0;0;0;0;1.6396;1.5516;0;16.328;18.908;15.21;17.612;98.432;98.432;15.531;13.312;12.4;2.219;0.912;0.1429;0.0587;0.7984;185.56;0.7501;0
06/02/21 15:00;41.681;79.043;8.1615;42.205;47.795;90;47.795;426.69;333.7;92.993;24.79;6.2999;0;138.43;251.14;49.503;0;14.005;453.08;0;453.08;138.43;49.503;251.14;14.005;0.3055;0.5852;0;0.0309;417.22;35.855;0;0;22.774;13.081;408.8;7.5897;0.0389;0.0139;7.4919;0.0449;416.39;0.8344;0.2769;0.099;0.4567;0.0018;413.6;138.11;49.39;220.42;0.877;241.02;192.81;81.996;18.89;3.5345;50.842;4.7998;35.487;0;1;0;0;1.0618;0.9209;1;1;0.9093;0.066;0.9818;0.9997;1;0.9671;0.9513;0.998;0.998;1;0.998;0.998;0.9023;0.8777;0.0626;1.3606;1.3529;0.0081;0.0084;0.0798;0.0088;0.0312;0.0094;0;0;0.088;0;1.0713;0;0;0;0;0;0;0;0;0;0;0;0;0.0251;0.0044;1.1777;1.1777;0;41.59;41.59;16.8;0.0411;1160.7;1014.7;1;0.0183;0.0183;0;0;0;0;0;0;1.1593;1.0713;0;16.489;19.094;15;17.37;98.445;98.445;10.874;9.4119;8.5622;1.4619;0.8497;0.1344;0.0781;0.7874;191.88;0.7264;0
06/02/21 16:00;29.494;88.651;1.276;29.501;60;90;60;158;155;2.999;24.51;5.47;0;6.0899;115.74;1.3663;0;7.8998;131.1;0;131.1;6.0899;1.3663;115.74;7.8998;0.0465;0.9431;0;0.0603;109.09;22.007;0;0;14.597;7.41;105.27;3.6034;0.0003;0.0001;3.5698;0.0333;108.87;0.2182;0.0122;0.0027;0.2023;0.001;108.59;6.0775;1.3635;97.374;0.4555;101.37;81.1;37.321;19.352;2.044;29.402;3.3193;12.094;0;1;0;0;0.8298;0.8321;1;1;0.8739;0.062;0.9669;1;1;0.9646;0.9319;0.998;0.998;1;0.998;0.998;0.803;0.8413;0.0577;0.3937;0.389;0.0023;0.0179;0.0055;0.0025;0.009;0.0055;0;0;0.088;0;0.2432;0;0;0;0;0;0;0;0;0;0;0;0;0.0073;0.0005;0.3385;0.3385;0;28.838;28.838;4.3276;0.0411;330.15;1025.4;1;0.0073;0.0073;0;0;0;0;0;0;0.3312;0.2432;0;16.381;18.969;11.77;13.629;97.844;97.844;3.1464;2.7056;1.944;0.4408;0.7616;0.1401;0.2421;0.6178;100.76;0.529;0
06/02/21 17:00;17.253;97.051;44.002;17.377;29.035;90;29.035;280.91;129.1;151.81;24.39;3.7499;0;368.17;76.859;114.2;0;3.5304;562.77;0;562.77;368.17;114.2;76.859;3.5304;0.6542;0.1428;0;0.0063;556.43;6.3372;0;0;3.2486;3.0885;548.39;6.9225;3.3896;1.0514;2.4004;0.0811;555.32;1.1129;0.7363;0.2284;0.1472;0.0009;548.74;364.05;112.92;71.063;0.3599;51.302;41.041;15.98;1.0398;0.6543;9.4123;0.3443;9.0269;0;1;0;0;2.0034;0.9887;1;1;0.9577;0.1252;0.9875;0.9908;1;0.9673;0.8161;0.998;0.998;1;0.998;0.998;0.9745;0.9246;0.1019;1.69;1.6726;0.0101;0.004;0.1302;0.0107;0.0379;0.0017;0;0;0.088;0;1.3307;0;0;0;0;0;0;0;0;0;0;0;0;0.0306;0.0065;1.4408;1.4408;0;46.996;46.996;22.605;0.0412;1439.9;1000.7;1;0.0222;0.0222;0;0;0;0;0;0;1.4187;1.3307;0;16.241;18.807;15;17.369;98.463;98.463;13.506;11.515;10.635;1.9912;0.8803;0.1474;0.0652;0.7874;50.327;0.7777;0
06/02/21 18:00;5.6212;104.97;76.258;5.8172;8.4128;90;8.4128;46.707;45.499;1.208;23.28;2.9301;0;2.9296;44.857;0.9698;0;0.0503;48.806;0;48.806;2.9296;0.9698;44.857;0.0503;0.06;0.9201;0;0.001;48.52;0.2865;0;0;0.2446;0.042;45.733;2.69;0.621;0.2056;1.8616;0.0019;48.423;0.097;0.0059;0.0019;0.0892;0;45.74;2.3028;0.7623;42.661;0.0064;26.8;21.44;8.1719;0.0065;0.3184;4.58;0.0072;4.8918;0;1;0;0;1.0449;0.9941;1;1;0.9945;0.1648;0.9444;0.7876;1;0.9582;0.7751;0.998;0.998;1;0.998;0.998;0.937;0.9511;0.1275;0.1466;0.1474;0.0009;0.0134;0.0001;0.0009;0.0033;0.0008;0;0;0.088;0;0.0321;0;0;0;0;0;0;0;0;0;0;0;0;0.0027;0.0001;0.1252;0.1252;0;25.172;25.172;1.8918;0.0414;124.53;1005.2;1;0.005;0.005;0;0;0;0;0;0;0.1201;0.0321;0;16.27;18.84;4.1787;4.8388;95.983;95.983;1.1714;1.0004;0.2569;0.1709;0.7435;0.1459;0.6347;0.2194;26.792;0.205;0
06/02/21 19:00;0;0;90;0;0;90;0;0;0;0;20.78;2.7001;0;0;0;0;0;0;0;0;0;0;0;0;0;1;1;1;1;0;0;0;0;0;0;0;0;0;0;0;0;0;0;0;0;0;0;0;0;0;0;0;0;0;0;0;0;0;0;0;0;0;0;0;1;1;1;1;1;1;1;1;1;1;1;1;1;1;1;1;1;1;1;0;0;0;0;0;0;0;0;0;0.0004;0.088;0;-0.0884;0;0;0;0;0;0;0;0;0;0;0;0;0;0;0;0;0;0;0;-20.78;0;0;0;0;0.0004;0;0;0;0;0;0;0;-0.0004;-0.0884;0;0;0;0;0;0;0;0;0;-0.7063;0;0.7063;1;1;0;0;0;0
06/02/21 20:00;0;0;90;0;0;90;0;0;0;0;18.4;2.6299;0;0;0;0;0;0;0;0;0;0;0;0;0;1;1;1;1;0;0;0;0;0;0;0;0;0;0;0;0;0;0;0;0;0;0;0;0;0;0;0;0;0;0;0;0;0;0;0;0;0;0;0;1;1;1;1;1;1;1;1;1;1;1;1;1;1;1;1;1;1;1;0;0;0;0;0;0;0;0;0;0.0004;0.088;0;-0.0884;0;0;0;0;0;0;0;0;0;0;0;0;0;0;0;0;0;0;0;-18.4;0;0;0;0;0.0004;0;0;0;0;0;0;0;-0.0004;-0.0884;0;0;0;0;0;0;0;0;0;-0.7063;0;0.7063;1;1;0;0;0;0
06/02/21 21:00;0;0;90;0;0;90;0;0;0;0;17.43;2.6201;0;0;0;0;0;0;0;0;0;0;0;0;0;1;1;1;1;0;0;0;0;0;0;0;0;0;0;0;0;0;0;0;0;0;0;0;0;0;0;0;0;0;0;0;0;0;0;0;0;0;0;0;1;1;1;1;1;1;1;1;1;1;1;1;1;1;1;1;1;1;1;0;0;0;0;0;0;0;0;0;0.0004;0.088;0;-0.0884;0;0;0;0;0;0;0;0;0;0;0;0;0;0;0;0;0;0;0;-17.43;0;0;0;0;0.0004;0;0;0;0;0;0;0;-0.0004;-0.0884;0;0;0;0;0;0;0;0;0;-0.7063;0;0.7063;1;1;0;0;0;0
06/02/21 22:00;0;0;90;0;0;90;0;0;0;0;16.33;2.6101;0;0;0;0;0;0;0;0;0;0;0;0;0;1;1;1;1;0;0;0;0;0;0;0;0;0;0;0;0;0;0;0;0;0;0;0;0;0;0;0;0;0;0;0;0;0;0;0;0;0;0;0;1;1;1;1;1;1;1;1;1;1;1;1;1;1;1;1;1;1;1;0;0;0;0;0;0;0;0;0;0.0004;0.088;0;-0.0884;0;0;0;0;0;0;0;0;0;0;0;0;0;0;0;0;0;0;0;-16.33;0;0;0;0;0.0004;0;0;0;0;0;0;0;-0.0004;-0.0884;0;0;0;0;0;0;0;0;0;-0.7063;0;0.7063;1;1;0;0;0;0
06/02/21 23:00;0;0;90;0;0;90;0;0;0;0;15.3;2.6;0;0;0;0;0;0;0;0;0;0;0;0;0;1;1;1;1;0;0;0;0;0;0;0;0;0;0;0;0;0;0;0;0;0;0;0;0;0;0;0;0;0;0;0;0;0;0;0;0;0;0;0;1;1;1;1;1;1;1;1;1;1;1;1;1;1;1;1;1;1;1;0;0;0;0;0;0;0;0;0;0.0004;0.088;0;-0.0884;0;0;0;0;0;0;0;0;0;0;0;0;0;0;0;0;0;0;0;-15.3;0;0;0;0;0.0004;0;0;0;0;0;0;0;-0.0004;-0.0884;0;0;0;0;0;0;0;0;0;-0.7063;0;0.7063;1;1;0;0;0;0
07/02/21 00:00;0;0;90;0;0;90;0;0;0;0;14.81;2.67;0;0;0;0;0;0;0;0;0;0;0;0;0;1;1;1;1;0;0;0;0;0;0;0;0;0;0;0;0;0;0;0;0;0;0;0;0;0;0;0;0;0;0;0;0;0;0;0;0;0;0;0;1;1;1;1;1;1;1;1;1;1;1;1;1;1;1;1;1;1;1;0;0;0;0;0;0;0;0;0;0.0004;0.088;0;-0.0884;0;0;0;0;0;0;0;0;0;0;0;0;0;0;0;0;0;0;0;-14.81;0;0;0;0;0.0004;0;0;0;0;0;0;0;-0.0004;-0.0884;0;0;0;0;0;0;0;0;0;-0.7063;0;0.7063;1;1;0;0;0;0
07/02/21 01:00;0;0;90;0;0;90;0;0;0;0;14;2.83;0;0;0;0;0;0;0;0;0;0;0;0;0;1;1;1;1;0;0;0;0;0;0;0;0;0;0;0;0;0;0;0;0;0;0;0;0;0;0;0;0;0;0;0;0;0;0;0;0;0;0;0;1;1;1;1;1;1;1;1;1;1;1;1;1;1;1;1;1;1;1;0;0;0;0;0;0;0;0;0;0.0004;0.088;0;-0.0884;0;0;0;0;0;0;0;0;0;0;0;0;0;0;0;0;0;0;0;-14;0;0;0;0;0.0004;0;0;0;0;0;0;0;-0.0004;-0.0884;0;0;0;0;0;0;0;0;0;-0.7063;0;0.7063;1;1;0;0;0;0
07/02/21 02:00;0;0;90;0;0;90;0;0;0;0;13.95;3.0901;0;0;0;0;0;0;0;0;0;0;0;0;0;1;1;1;1;0;0;0;0;0;0;0;0;0;0;0;0;0;0;0;0;0;0;0;0;0;0;0;0;0;0;0;0;0;0;0;0;0;0;0;1;1;1;1;1;1;1;1;1;1;1;1;1;1;1;1;1;1;1;0;0;0;0;0;0;0;0;0;0.0004;0.088;0;-0.0884;0;0;0;0;0;0;0;0;0;0;0;0;0;0;0;0;0;0;0;-13.95;0;0;0;0;0.0004;0;0;0;0;0;0;0;-0.0004;-0.0884;0;0;0;0;0;0;0;0;0;-0.7063;0;0.7063;1;1;0;0;0;0
07/02/21 03:00;0;0;90;0;0;90;0;0;0;0;13.38;3.4299;0;0;0;0;0;0;0;0;0;0;0;0;0;1;1;1;1;0;0;0;0;0;0;0;0;0;0;0;0;0;0;0;0;0;0;0;0;0;0;0;0;0;0;0;0;0;0;0;0;0;0;0;1;1;1;1;1;1;1;1;1;1;1;1;1;1;1;1;1;1;1;0;0;0;0;0;0;0;0;0;0.0004;0.088;0;-0.0884;0;0;0;0;0;0;0;0;0;0;0;0;0;0;0;0;0;0;0;-13.38;0;0;0;0;0.0004;0;0;0;0;0;0;0;-0.0004;-0.0884;0;0;0;0;0;0;0;0;0;-0.7063;0;0.7063;1;1;0;0;0;0
07/02/21 04:00;0;0;90;0;0;90;0;0;0;0;13;3.62;0;0;0;0;0;0;0;0;0;0;0;0;0;1;1;1;1;0;0;0;0;0;0;0;0;0;0;0;0;0;0;0;0;0;0;0;0;0;0;0;0;0;0;0;0;0;0;0;0;0;0;0;1;1;1;1;1;1;1;1;1;1;1;1;1;1;1;1;1;1;1;0;0;0;0;0;0;0;0;0;0.0004;0.088;0;-0.0884;0;0;0;0;0;0;0;0;0;0;0;0;0;0;0;0;0;0;0;-13;0;0;0;0;0.0004;0;0;0;0;0;0;0;-0.0004;-0.0884;0;0;0;0;0;0;0;0;0;-0.7063;0;0.7063;1;1;0;0;0;0
07/02/21 05:00;3.1127;-106.36;82.433;3.2438;4.644;-90;-4.644;13.108;13.098;0.0102;12.86;4.56;0;0.0247;13.074;0.0043;0;0.0043;13.108;0;13.108;0.0247;0.0043;13.074;0.0043;0.0019;0.9978;0;0.0003;13.077;0.031;0;0;0.0274;0.0036;12.468;0.5826;0.0104;0.0018;0.5703;0.0002;13.05;0.0262;0;0;0.0261;0;12.468;0.0143;0.0025;12.451;0.0005;7.7611;6.2089;2.3598;0;0.0925;1.3309;0.0002;1.4234;0;1;0;0;1;0.9976;1;1;0.9979;0.1639;0.9554;0.5803;1;0.9562;0.7767;0.998;0.998;1;0.998;0.998;0.9512;0.9523;0.1271;0.0394;0.0404;0.0002;0.007;-0.0017;0.0002;0.0009;0.0002;0;0;0.088;0;-0.058;0;0;0;0;0;0;0;0;0;0;0;0;0.0007;0;0.0327;0.0327;0;13.381;13.381;0.521;0.0418;32.778;997.59;1;0.0027;0.0027;0;0;0;0;0;0;0.03;-0.058;0;15.825;18.325;-28.089;-32.526;91.628;91.628;0.3146;0.2613;-0.4638;0.0533;0.7252;0.1693;2.3052;0;7.761;0;0
07/02/21 06:00;12.266;-100.02;58.986;12.45;19.074;-90;-19.074;176.5;33.1;143.4;16.97;4.8;0;347.77;16.702;38.626;0;0.969;404.07;0;404.07;347.77;38.626;16.702;0.969;0.8607;0.0437;0;0.0024;402.9;1.1693;0;0;0.3581;0.8111;388.65;13.442;11.552;1.2831;0.5722;0.0349;402.1;0.8058;0.6955;0.0773;0.0327;0.0003;388.68;335.53;37.265;15.739;0.1227;11.114;8.8908;3.5861;0.0507;0.1223;1.7595;0.0235;1.8311;0;1;0;0;2.2894;0.9971;1;1;0.9786;0.1629;0.9666;0.9667;1;0.9649;0.7785;0.998;0.998;1;0.998;0.998;0.9618;0.9423;0.1266;1.2134;1.1744;0.0071;0.011;0.0327;0.0079;0.0279;0.0003;0;0;0.088;0;0.9566;0;0;0;0;0;0;0;0;0;0;0;0;0.0225;0.0034;1.0617;1.0617;0;32.83;32.83;15.859;0.0408;1009.3;1051.9;1;0.0171;0.0171;0;0;0;0;0;0;1.0446;0.9566;0;16.668;19.301;15.017;17.39;98.385;98.385;9.6977;8.4851;7.6448;1.2126;0.8403;0.125;0.0867;0.7883;10.333;0.7857;0
07/02/21 07:00;24.458;-91.774;5.7621;24.468;60;-90;-60;486.7;80.302;406.4;19.92;5.21;0;976.64;18.084;135.03;0;24.335;1154.1;0;1154.1;976.64;135.03;18.084;24.335;0.8462;0.0368;0;0.0211;1129;25.049;0;0;2.2758;22.773;1125.9;0.882;0.194;0.0268;0.5578;0.1034;1126.8;2.2581;1.9533;0.2701;0.0316;0.0031;1126.8;974.49;134.74;15.219;1.4556;22.221;17.777;7.9889;3.0294;0.3817;5.4905;0.8509;2.8428;0;1;0;0;2.3712;0.9783;1;1;0.8742;0.0642;0.9992;0.9998;1;0.9646;0.9337;0.998;0.998;1;0.998;0.998;0.9756;0.8416;0.0598;3.4657;3.4052;0.0205;0.0058;0.5037;0.0201;0.0714;0.0009;0;0;0.088;0;2.5649;0;0;0;0;0;0;0;0;0;0;0;0;0.0575;0.025;2.7004;2.7004;0;67.074;67.074;47.154;0.0419;2935.4;919.93;1;0.0474;0.0474;0;0;0;0;0;0;2.6529;2.5649;0;14.843;17.188;14.098;16.326;98.243;98.243;27.698;21.581;20.499;6.1169;1.0824;0.2208;0.0391;0.7401;15.747;0.7375;0
07/02/21 08:00;36.7;-82.763;5.7973;36.92;53.08;-90;-53.08;366.61;267;99.603;20.3;5.14;0;165.81;188.31;52.809;0;14.639;421.57;0;421.57;165.81;52.809;188.31;14.639;0.3933;0.4814;0;0.0347;388.02;33.551;0;0;19.844;13.707;381.5;5.7434;0.0331;0.0106;5.6626;0.0371;387.24;0.776;0.3316;0.1056;0.3369;0.0019;386.39;165.45;52.693;162.46;0.8926;193.39;154.71;66.578;20.406;3.1262;44.969;4.8895;27.689;0;1;0;0;1.1499;0.9204;1;1;0.8946;0.0636;0.9852;0.9998;1;0.9663;0.9601;0.998;0.998;1;0.998;0.998;0.9049;0.8628;0.061;1.266;1.2586;0.0076;0.0098;0.0487;0.0083;0.0296;0.0085;0;0;0.088;0;1.0126;0;0;0;0;0;0;0;0;0;0;0;0;0.0238;0.0038;1.1183;1.1183;0;35.909;35.909;15.61;0.0409;1078.8;1036.6;1;0.0178;0.0178;0;0;0;0;0;0;1.1006;1.0126;0;16.829;19.487;15.237;17.644;98.411;98.411;10.118;8.9378;8.0925;1.1798;0.8453;0.1166;0.0836;0.7998;151.76;0.7407;0
07/02/21 09:00;48.655;-71.579;12.049;50.144;39.856;-90;-39.856;685.7;193.7;492.01;22.58;4.91;0;640.92;91.218;117.88;0;15.932;865.94;0;865.94;640.92;117.88;91.218;15.932;0.7401;0.1237;0;0.0184;845;20.94;0;0;6.3312;14.608;840.14;3.1781;0.2662;0.049;2.7414;0.1216;843.31;1.69;1.2818;0.2358;0.1698;0.0026;844.58;639.37;117.59;81.976;1.199;336.06;268.85;110.75;3.6735;3.6878;53.048;4.4482;53.062;0;1;0;0;1.2629;0.9758;1;1;0.9306;0.0831;0.9962;0.9996;1;0.9676;0.9079;0.998;0.998;1;0.998;0.998;0.9702;0.8987;0.0753;2.6004;2.6556;0.016;-0.0021;0.3035;0.0164;0.058;0.0093;0;0;0.088;0;2.0681;0;0;0;0;0;0;0;0;0;0;0;0;0.0467;0.0155;2.1922;2.1922;0;57.477;57.477;34.897;0.0415;2286.2;958.9;1;0.0361;0.0361;0;0;0;0;0;0;2.1561;2.0681;0;16.059;18.596;15.15;17.543;98.351;98.351;20.783;17.52;16.528;3.2625;0.9921;0.157;0.0477;0.7953;64.898;0.7604;0
07/02/21 10:00;59.65;-55.293;16.72;64.296;25.704;-90;-25.704;901.09;157.4;743.69;23.68;4.7701;0;825.36;57.699;107.31;0;8.9164;999.29;0;999.29;825.36;107.31;57.699;8.9164;0.8259;0.0667;0;0.0089;989.63;9.6605;0;0;2.0033;7.6572;985.02;2.6322;0.4757;0.0619;1.8437;0.2509;987.65;1.9793;1.6507;0.2146;0.1114;0.0025;987.4;823.24;107.04;53.741;1.0058;494.7;395.76;158.27;0.5113;5.4195;77.957;2.3728;82.865;0;1;0;0;1.109;0.9903;1;1;0.9653;0.1412;0.9973;0.9994;1;0.9668;0.8003;0.998;0.998;1;0.998;0.998;0.9857;0.9314;0.1128;3.0009;3.1383;0.0189;0.0015;0.4401;0.0187;0.0665;0.0133;0;0;0.088;0;2.3736;0;0;0;0;0;0;0;0;0;0;0;0;0.0535;0.0212;2.5046;2.5046;0;64.848;64.848;41.168;0.0418;2697.1;928.61;1;0.043;0.043;0;0;0;0;0;0;2.4616;2.3736;0;15.899;18.411;15.068;17.448;98.284;98.284;23.983;20.017;18.97;3.9666;1.0468;0.1654;0.0436;0.791;36.985;0.7473;0
07/02/21 11:00;67.911;-27.857;19.419;79.262;10.738;-90;-10.738;940.3;190.8;749.5;24.54;4.8;0;762.86;80.075;111.98;0;1.6464;956.56;0;956.56;762.86;111.98;80.075;1.6464;0.7975;0.0854;0;0.0017;954.53;2.0255;0;0;0.653;1.3724;948.77;3.8504;0.5107;0.075;3.2033;0.0615;952.62;1.9091;1.5257;0.224;0.1588;0.0005;949.09;760.82;111.68;76.06;0.212;548.66;438.93;177.59;0.0309;5.8426;84.044;0.3183;89.855;0;1;0;0;1.0173;0.9979;1;1;0.9918;0.1664;0.996;0.9993;1;0.9596;0.7752;0.998;0.998;1;0.998;0.998;0.9919;0.9499;0.1288;2.8725;3.0357;0.0183;0.0002;0.4187;0.0182;0.0645;0.0144;0;0;0.088;0;2.3004;0;0;0;0;0;0;0;0;0;0;0;0;0.0519;0.0199;2.4296;2.4296;0;64.169;64.169;39.629;0.0418;2607.4;931.81;1;0.0413;0.0413;0;0;0;0;0;0;2.3884;2.3004;0;16.113;18.658;15.255;17.665;98.302;98.302;22.957;19.417;18.384;3.5398;1.0331;0.1542;0.045;0.8008;48.089;0.7514;0
07/02/21 12:00;69.61;12.587;19.879;85.369;4.631;90;4.631;1041.7;171.5;870.2;25.44;4.81;0;873.05;57.908;113.87;0;0.3401;1045.2;0;1045.2;873.05;113.87;57.908;0.3401;0.8353;0.0557;0;0.0003;1044.8;0.4058;0;0;0.1213;0.2845;1039.5;3.2149;0.5983;0.078;2.5262;0.0124;1042.7;2.0895;1.7461;0.2277;0.1156;0.0001;1039.5;870.71;113.56;55.145;0.043;613.14;490.51;196.49;0.0003;6.655;95.73;0.0275;102.38;0;1;0;0;1.0033;0.9996;1;1;0.9979;0.1633;0.9969;0.9993;1;0.9562;0.7765;0.998;0.998;1;0.998;0.998;0.9945;0.9523;0.1266;3.1386;3.3326;0.0201;0.0045;0.517;0.0195;0.0693;0.016;0;0;0.088;0;2.4738;0;0;0;0;0;0;0;0;0;0;0;0;0.0558;0.0238;2.6067;2.6067;0;69.037;69.037;43.597;0.0419;2865.2;909.76;1;0.0449;0.0449;0;0;0;0;0;0;2.5618;2.4738;0;15.821;18.321;15.014;17.386;98.277;98.277;25.084;20.833;19.77;4.2516;1.0622;0.1695;0.0423;0.7882;34.374;0.7376;0
07/02/21 13:00;63.439;46.136;18.051;70.179;19.821;90;19.821;995.41;165.1;830.3;26.34;4.7799;0;882.59;54.195;116.13;0;5.8971;1058.8;0;1058.8;882.59;116.13;54.195;5.8971;0.8336;0.0568;0;0.0056;1052.6;6.1961;0;0;1.2417;4.9544;1047.9;2.6596;0.5492;0.0723;1.8296;0.2086;1050.5;2.1052;1.7652;0.2323;0.1059;0.0019;1049.3;880.28;115.83;51.018;0.7323;563.42;450.74;182.61;0.1887;5.9945;86.229;1.4359;92.035;0;1;0;0;1.0637;0.9941;1;1;0.9771;0.1599;0.9975;0.9994;1;0.9654;0.7783;0.998;0.998;1;0.998;0.998;0.9896;0.9414;0.1242;3.1796;3.3421;0.0201;0.0046;0.5341;0.0195;0.0691;0.0144;0;0;0.088;0;2.468;0;0;0;0;0;0;0;0;0;0;0;0;0.0556;0.024;2.6007;2.6007;0;70.338;70.338;43.998;0.042;2874.5;904.73;1;0.0446;0.0446;0;0;0;0;0;0;2.556;2.468;0;15.581;18.043;14.787;17.123;98.284;98.284;25.412;20.785;19.725;4.6269;1.06;0.1821;0.0417;0.7762;33.642;0.7316;0
07/02/21 14:00;53.212;65.955;14.123;55.672;34.328;90;34.328;878.71;154.6;724.11;26.84;4.73;0;876.84;50.168;120.66;0;15.305;1063;0;1063;876.84;120.66;50.168;15.305;0.8249;0.0616;0;0.0144;1046.5;16.499;0;0;2.7648;13.734;1042.1;2.2439;0.4269;0.0587;1.5278;0.2305;1044.4;2.0929;1.7537;0.2413;0.0948;0.0031;1046.3;874.66;120.36;45.78;1.338;448.6;358.88;149.33;1.213;4.5858;65.965;4.1676;69.338;0;1;0;0;1.2097;0.9845;1;1;0.9449;0.1027;0.9979;0.9995;1;0.9677;0.853;0.998;0.998;1;0.998;0.998;0.9804;0.9125;0.0874;3.1921;3.2904;0.0198;0.0037;0.5293;0.0192;0.068;0.011;0;0;0.088;0;2.4297;0;0;0;0;0;0;0;0;0;0;0;0;0.0547;0.0233;2.5614;2.5614;0;70.607;70.607;43.767;0.042;2831.9;904.47;1;0.0437;0.0437;0;0;0;0;0;0;2.5177;2.4297;0;15.286;17.701;14.5;16.791;98.294;98.294;25.511;20.471;19.418;5.0406;1.0525;0.1976;0.0413;0.7612;34.125;0.7274;0
07/02/21 15:00;41.524;78.68;8.4507;42.083;47.917;90;47.917;709.01;146.6;562.41;27.25;4.57;0;839.15;48.388;132.29;0;23.383;1043.2;0;1043.2;839.15;132.29;48.388;23.383;0.8044;0.0688;0;0.0224;1017;26.248;0;0;4.4042;21.844;1013.1;1.8007;0.2445;0.0385;1.4436;0.0741;1014.9;2.0339;1.6783;0.2646;0.088;0.0031;1018.8;837.23;131.98;42.453;1.4615;289.5;231.6;91.701;3.6769;3.4509;49.64;5.6557;49.414;0;1;0;0;1.4714;0.9748;1;1;0.909;0.0658;0.9982;0.9997;1;0.9671;0.9518;0.998;0.998;1;0.998;0.998;0.9712;0.8773;0.0625;3.1328;3.1731;0.0191;0.0019;0.5014;0.0186;0.0658;0.0083;0;0;0.088;0;2.3533;0;0;0;0;0;0;0;0;0;0;0;0;0.053;0.0217;2.4833;2.4833;0;69.767;69.767;42.517;0.042;2732.1;908.95;1;0.042;0.042;0;0;0;0;0;0;2.4413;2.3533;0;15.101;17.486;14.31;16.571;98.31;98.31;25.037;19.847;18.808;5.1905;1.0387;0.2073;0.0415;0.7512;37.013;0.7254;0
07/02/21 16:00;29.345;88.335;1.5883;29.355;60;90;60;495.3;148.1;347.2;27.22;4.18;0;708.2;54.978;152.56;0;24.765;940.51;0;940.51;708.2;152.56;54.978;24.765;0.753;0.0848;0;0.0263;910.34;30.163;0;0;6.9334;23.229;906.68;1.8471;0.0388;0.0084;1.6956;0.1044;908.52;1.8207;1.4164;0.3051;0.0961;0.0031;910.9;706.75;152.25;46.252;1.428;116.69;93.35;39.571;9.1974;1.7229;24.783;4.2268;17.308;0;1;0;0;1.8989;0.9679;1;1;0.8739;0.062;0.998;0.9999;1;0.9646;0.9319;0.998;0.998;1;0.998;0.998;0.964;0.8413;0.0577;2.8243;2.7958;0.0168;-0.0016;0.3961;0.0167;0.0592;0.0042;0;0;0.088;0;2.1149;0;0;0;0;0;0;0;0;0;0;0;0;0.0477;0.0171;2.2395;2.2395;0;65.121;65.121;37.9;0.0418;2408.3;929.92;1;0.0366;0.0366;0;0;0;0;0;0;2.2029;2.1149;0;15.105;17.492;14.265;16.518;98.364;98.364;22.572;17.898;16.902;4.6738;0.9962;0.2071;0.0441;0.7488;47.862;0.7343;0
07/02/21 17:00;17.101;96.764;44.506;17.214;28.654;90;28.654;261.39;141.6;119.79;26.59;2.76;0;290.53;94.327;99.729;0;3.2013;487.79;0;487.79;290.53;99.729;94.327;3.2013;0.5956;0.1999;0;0.0066;481.09;6.6992;0;0;3.9038;2.7954;473.39;6.736;2.7603;0.9475;2.9528;0.0754;480.13;0.9622;0.5811;0.1995;0.1808;0.0008;473.77;287.19;98.582;87.289;0.3296;62.396;49.917;20.128;1.2186;0.7479;10.758;0.3766;10.288;0;1;0;0;1.8661;0.9863;1;1;0.9586;0.1268;0.986;0.9905;1;0.9673;0.8139;0.998;0.998;1;0.998;0.998;0.9705;0.9254;0.103;1.4648;1.4496;0.0087;0.007;0.1088;0.0093;0.0329;0.002;0;0;0.088;0;1.1423;0;0;0;0;0;0;0;0;0;0;0;0;0.0265;0.005;1.2495;1.2495;0;46.103;46.103;19.513;0.0412;1248.1;1001.1;1;0.0192;0.0192;0;0;0;0;0;0;1.2303;1.1423;0;16.249;18.816;14.856;17.203;98.467;98.467;11.707;9.9859;9.1295;1.721;0.8564;0.147;0.0732;0.7798;61.608;0.7672;0
07/02/21 18:00;5.4585;104.7;76.662;5.6419;8.1521;90;8.1521;46.707;45.4;1.3077;25.01;2.75;0;3.1716;44.727;1.079;0;0.0472;49.025;0;49.025;3.1716;1.079;44.727;0.0472;0.0647;0.9133;0;0.001;48.754;0.271;0;0;0.2315;0.0394;45.85;2.8064;0.7023;0.2389;1.8634;0.0017;48.657;0.0975;0.0063;0.0022;0.089;0;45.857;2.4629;0.8379;42.544;0.006;26.709;21.368;8.1424;0.0057;0.3174;4.5654;0.0065;4.8771;0;1;0;0;1.0496;0.9945;1;1;0.9948;0.1647;0.9423;0.7781;1;0.958;0.7752;0.998;0.998;1;0.998;0.998;0.9352;0.9512;0.1274;0.1472;0.1477;0.0009;0.0134;0.001;0.0009;0.0033;0.0008;0;0;0.088;0;0.0316;0;0;0;0;0;0;0;0;0;0;0;0;0.0026;0.0001;0.1246;0.1246;0;26.909;26.909;1.8994;0.0414;124.83;997.94;1;0.0049;0.0049;0;0;0;0;0;0;0.1196;0.0316;0;16.119;18.666;4.0921;4.7385;96.028;96.028;1.1766;0.9956;0.2527;0.181;0.7428;0.1538;0.6313;0.2148;26.701;0.2008;0
07/02/21 19:00;0;0;90;0;0;90;0;0;0;0;21.65;2.8501;0;0;0;0;0;0;0;0;0;0;0;0;0;1;1;1;1;0;0;0;0;0;0;0;0;0;0;0;0;0;0;0;0;0;0;0;0;0;0;0;0;0;0;0;0;0;0;0;0;0;0;0;1;1;1;1;1;1;1;1;1;1;1;1;1;1;1;1;1;1;1;0;0;0;0;0;0;0;0;0;0.0004;0.088;0;-0.0884;0;0;0;0;0;0;0;0;0;0;0;0;0;0;0;0;0;0;0;-21.65;0;0;0;0;0.0004;0;0;0;0;0;0;0;-0.0004;-0.0884;0;0;0;0;0;0;0;0;0;-0.7063;0;0.7063;1;1;0;0;0;0
07/02/21 20:00;0;0;90;0;0;90;0;0;0;0;20.86;2.8799;0;0;0;0;0;0;0;0;0;0;0;0;0;1;1;1;1;0;0;0;0;0;0;0;0;0;0;0;0;0;0;0;0;0;0;0;0;0;0;0;0;0;0;0;0;0;0;0;0;0;0;0;1;1;1;1;1;1;1;1;1;1;1;1;1;1;1;1;1;1;1;0;0;0;0;0;0;0;0;0;0.0004;0.088;0;-0.0884;0;0;0;0;0;0;0;0;0;0;0;0;0;0;0;0;0;0;0;-20.86;0;0;0;0;0.0004;0;0;0;0;0;0;0;-0.0004;-0.0884;0;0;0;0;0;0;0;0;0;-0.7063;0;0.7063;1;1;0;0;0;0
07/02/21 21:00;0;0;90;0;0;90;0;0;0;0;19.69;2.81;0;0;0;0;0;0;0;0;0;0;0;0;0;1;1;1;1;0;0;0;0;0;0;0;0;0;0;0;0;0;0;0;0;0;0;0;0;0;0;0;0;0;0;0;0;0;0;0;0;0;0;0;1;1;1;1;1;1;1;1;1;1;1;1;1;1;1;1;1;1;1;0;0;0;0;0;0;0;0;0;0.0004;0.088;0;-0.0884;0;0;0;0;0;0;0;0;0;0;0;0;0;0;0;0;0;0;0;-19.69;0;0;0;0;0.0004;0;0;0;0;0;0;0;-0.0004;-0.0884;0;0;0;0;0;0;0;0;0;-0.7063;0;0.7063;1;1;0;0;0;0
07/02/21 22:00;0;0;90;0;0;90;0;0;0;0;17.94;2.4699;0;0;0;0;0;0;0;0;0;0;0;0;0;1;1;1;1;0;0;0;0;0;0;0;0;0;0;0;0;0;0;0;0;0;0;0;0;0;0;0;0;0;0;0;0;0;0;0;0;0;0;0;1;1;1;1;1;1;1;1;1;1;1;1;1;1;1;1;1;1;1;0;0;0;0;0;0;0;0;0;0.0004;0.088;0;-0.0884;0;0;0;0;0;0;0;0;0;0;0;0;0;0;0;0;0;0;0;-17.94;0;0;0;0;0.0004;0;0;0;0;0;0;0;-0.0004;-0.0884;0;0;0;0;0;0;0;0;0;-0.7063;0;0.7063;1;1;0;0;0;0
07/02/21 23:00;0;0;90;0;0;90;0;0;0;0;16.6;1.97;0;0;0;0;0;0;0;0;0;0;0;0;0;1;1;1;1;0;0;0;0;0;0;0;0;0;0;0;0;0;0;0;0;0;0;0;0;0;0;0;0;0;0;0;0;0;0;0;0;0;0;0;1;1;1;1;1;1;1;1;1;1;1;1;1;1;1;1;1;1;1;0;0;0;0;0;0;0;0;0;0.0004;0.088;0;-0.0884;0;0;0;0;0;0;0;0;0;0;0;0;0;0;0;0;0;0;0;-16.6;0;0;0;0;0.0004;0;0;0;0;0;0;0;-0.0004;-0.0884;0;0;0;0;0;0;0;0;0;-0.7063;0;0.7063;1;1;0;0;0;0
08/02/21 00:00;0;0;90;0;0;90;0;0;0;0;16.14;1.88;0;0;0;0;0;0;0;0;0;0;0;0;0;1;1;1;1;0;0;0;0;0;0;0;0;0;0;0;0;0;0;0;0;0;0;0;0;0;0;0;0;0;0;0;0;0;0;0;0;0;0;0;1;1;1;1;1;1;1;1;1;1;1;1;1;1;1;1;1;1;1;0;0;0;0;0;0;0;0;0;0.0004;0.088;0;-0.0884;0;0;0;0;0;0;0;0;0;0;0;0;0;0;0;0;0;0;0;-16.14;0;0;0;0;0.0004;0;0;0;0;0;0;0;-0.0004;-0.0884;0;0;0;0;0;0;0;0;0;-0.7063;0;0.7063;1;1;0;0;0;0
08/02/21 01:00;0;0;90;0;0;90;0;0;0;0;15.06;2.27;0;0;0;0;0;0;0;0;0;0;0;0;0;1;1;1;1;0;0;0;0;0;0;0;0;0;0;0;0;0;0;0;0;0;0;0;0;0;0;0;0;0;0;0;0;0;0;0;0;0;0;0;1;1;1;1;1;1;1;1;1;1;1;1;1;1;1;1;1;1;1;0;0;0;0;0;0;0;0;0;0.0004;0.088;0;-0.0884;0;0;0;0;0;0;0;0;0;0;0;0;0;0;0;0;0;0;0;-15.06;0;0;0;0;0.0004;0;0;0;0;0;0;0;-0.0004;-0.0884;0;0;0;0;0;0;0;0;0;-0.7063;0;0.7063;1;1;0;0;0;0
08/02/21 02:00;0;0;90;0;0;90;0;0;0;0;13.95;2.9301;0;0;0;0;0;0;0;0;0;0;0;0;0;1;1;1;1;0;0;0;0;0;0;0;0;0;0;0;0;0;0;0;0;0;0;0;0;0;0;0;0;0;0;0;0;0;0;0;0;0;0;0;1;1;1;1;1;1;1;1;1;1;1;1;1;1;1;1;1;1;1;0;0;0;0;0;0;0;0;0;0.0004;0.088;0;-0.0884;0;0;0;0;0;0;0;0;0;0;0;0;0;0;0;0;0;0;0;-13.95;0;0;0;0;0.0004;0;0;0;0;0;0;0;-0.0004;-0.0884;0;0;0;0;0;0;0;0;0;-0.7063;0;0.7063;1;1;0;0;0;0
08/02/21 03:00;0;0;90;0;0;90;0;0;0;0;13.48;3.6501;0;0;0;0;0;0;0;0;0;0;0;0;0;1;1;1;1;0;0;0;0;0;0;0;0;0;0;0;0;0;0;0;0;0;0;0;0;0;0;0;0;0;0;0;0;0;0;0;0;0;0;0;1;1;1;1;1;1;1;1;1;1;1;1;1;1;1;1;1;1;1;0;0;0;0;0;0;0;0;0;0.0004;0.088;0;-0.0884;0;0;0;0;0;0;0;0;0;0;0;0;0;0;0;0;0;0;0;-13.48;0;0;0;0;0.0004;0;0;0;0;0;0;0;-0.0004;-0.0884;0;0;0;0;0;0;0;0;0;-0.7063;0;0.7063;1;1;0;0;0;0
08/02/21 04:00;0;0;90;0;0;90;0;0;0;0;12.75;4.04;0;0;0;0;0;0;0;0;0;0;0;0;0;1;1;1;1;0;0;0;0;0;0;0;0;0;0;0;0;0;0;0;0;0;0;0;0;0;0;0;0;0;0;0;0;0;0;0;0;0;0;0;1;1;1;1;1;1;1;1;1;1;1;1;1;1;1;1;1;1;1;0;0;0;0;0;0;0;0;0;0.0004;0.088;0;-0.0884;0;0;0;0;0;0;0;0;0;0;0;0;0;0;0;0;0;0;0;-12.75;0;0;0;0;0.0004;0;0;0;0;0;0;0;-0.0004;-0.0884;0;0;0;0;0;0;0;0;0;-0.7063;0;0.7063;1;1;0;0;0;0
08/02/21 05:00;3.1111;-105.97;82.436;3.2358;4.6324;-90;-4.6324;8.0092;8.0025;0.0067;12.43;5.3;0;0.0163;7.9887;0.0017;0;0.0026;8.0093;0;8.0093;0.0163;0.0017;7.9887;0.0026;0.002;0.9977;0;0.0003;7.9905;0.0188;0;0;0.0167;0.0022;7.6184;0.3562;0.0068;0.0007;0.3485;0.0001;7.9745;0.016;0;0;0.0159;0;7.6184;0.0094;0.001;7.6076;0.0003;4.7421;3.7937;1.4419;0;0.0565;0.8132;0.0001;0.8697;0;1;0;0;1;0.9976;1;1;0.9979;0.1639;0.9553;0.5801;1;0.9562;0.7767;0.998;0.998;1;0.998;0.998;0.9512;0.9523;0.1271;0.0241;0.0247;0.0001;0.0054;-0.001;0.0001;0.0005;0.0001;0;0;0.088;0;-0.0714;0;0;0;0;0;0;0;0;0;0;0;0;0.0004;0;0.0189;0.0189;0;12.751;12.751;0.3217;0.0422;19.403;976.45;1;0.0024;0.0024;0;0;0;0;0;0;0.0166;-0.0714;0;15.006;17.376;-56.579;-65.517;87.432;87.432;0.1922;0.1514;-0.5709;0.0408;0.7223;0.2123;3.7577;0;4.7421;0;0
08/02/21 06:00;12.077;-99.758;59.507;12.249;18.719;-90;-18.719;173.8;32.102;141.7;15.22;6.09;0;343.65;16.16;37.6;0;0.9193;398.33;0;398.33;343.65;37.6;16.16;0.9193;0.8627;0.0429;0;0.0023;397.23;1.1049;0;0;0.3358;0.7692;382.38;14.052;12.134;1.3276;0.5574;0.0332;396.43;0.7945;0.6873;0.0752;0.0316;0.0003;382.4;330.83;36.197;15.235;0.1166;10.752;8.6014;3.4695;0.0459;0.1181;1.6992;0.0217;1.7714;0;1;0;0;2.2919;0.9972;1;1;0.9792;0.1633;0.9646;0.9646;1;0.9647;0.7782;0.998;0.998;1;0.998;0.998;0.96;0.9428;0.1268;1.1962;1.1553;0.007;0.0112;0.0238;0.0078;0.0276;0.0003;0;0;0.088;0;0.9469;0;0;0;0;0;0;0;0;0;0;0;0;0.0223;0.0033;1.0521;1.0521;0;30.798;30.798;15.578;0.0407;992.38;1060.1;1;0.0171;0.0171;0;0;0;0;0;0;1.0349;0.9469;0;16.754;19.401;15.08;17.463;98.373;98.373;9.56;8.408;7.5679;1.152;0.8401;0.1205;0.0879;0.7916;9.9816;0.7891;0
08/02/21 07:00;24.275;-91.489;5.8764;24.282;60;-90;-60;401.59;67.497;334.1;17.99;5.4299;0;808.39;21.287;94.644;0;20.08;944.4;0;944.4;808.39;94.644;21.287;20.08;0.856;0.0438;0;0.0213;922.93;21.47;0;0;2.6789;18.791;920.16;0.9248;0.1638;0.0192;0.6566;0.0853;921.09;1.8459;1.6168;0.1893;0.0372;0.0026;920.77;806.61;94.436;17.914;1.201;21.232;16.985;8.1235;3.5638;0.3763;5.4133;0.6108;2.2259;0;1;0;0;2.3516;0.9773;1;1;0.8742;0.0642;0.999;0.9998;1;0.9646;0.9337;0.998;0.998;1;0.998;0.998;0.9743;0.8416;0.0598;2.836;2.7847;0.0168;-0.0016;0.3048;0.0173;0.0612;0.001;0;0;0.088;0;2.1917;0;0;0;0;0;0;0;0;0;0;0;0;0.0493;0.017;2.3191;2.3191;0;56.169;56.169;38.179;0.0415;2401.1;965.85;1;0.0394;0.0394;0;0;0;0;0;0;2.2797;2.1917;0;15.577;18.038;14.722;17.047;98.301;98.301;22.666;18.534;17.516;4.1315;1.0182;0.1823;0.0449;0.7728;18.536;0.7695;0
08/02/21 08:00;36.514;-82.442;6.0679;36.753;53.247;-90;-53.247;622.51;102.5;520.01;22.78;4.1401;0;869.04;30.866;106.75;0;25.002;1031.7;0;1031.7;869.04;106.75;30.866;25.002;0.8424;0.0542;0;0.0242;1005;26.68;0;0;3.2675;23.413;1001.8;1.1962;0.1818;0.0223;0.9286;0.0635;1003;2.01;1.7381;0.2135;0.0552;0.0032;1006.9;867.12;106.52;26.614;1.5226;208.44;166.75;65.8;3.3874;2.5474;36.643;5.079;35.803;0;1;0;0;1.6573;0.9741;1;1;0.8941;0.0636;0.9988;0.9998;1;0.9663;0.9599;0.998;0.998;1;0.998;0.998;0.971;0.8623;0.0609;3.0981;3.1098;0.0187;0.0011;0.4339;0.0186;0.0659;0.0063;0;0;0.088;0;2.3606;0;0;0;0;0;0;0;0;0;0;0;0;0.0531;0.0209;2.4913;2.4913;0;64.642;64.642;41.862;0.0418;2676;930.96;1;0.0427;0.0427;0;0;0;0;0;0;2.4486;2.3606;0;15.319;17.739;14.515;16.808;98.285;98.285;24.76;19.91;18.866;4.8495;1.0448;0.1959;0.0422;0.7619;24.92;0.7422;0
08/02/21 09:00;48.453;-71.21;12.335;50.004;39.996;-90;-39.996;831.1;137.1;694;24.61;2.99;0;905.89;41.012;118.34;0;19.44;1084.7;0;1084.7;905.89;118.34;41.012;19.44;0.8352;0.0557;0;0.0179;1064;20.697;0;0;2.8619;17.835;1060;1.8129;0.3852;0.0503;1.2323;0.145;1061.9;2.128;1.8118;0.2367;0.0763;0.0032;1065.3;903.69;118.05;36.841;1.4565;393.63;314.9;129.33;1.6746;4.1743;60.045;5.2583;62.545;0;1;0;0;1.3051;0.9809;1;1;0.9302;0.0825;0.9983;0.9996;1;0.9676;0.9094;0.998;0.998;1;0.998;0.998;0.9773;0.8983;0.0749;3.2573;3.3352;0.0201;0.0045;0.5178;0.0195;0.0693;0.0101;0;0;0.088;0;2.481;0;0;0;0;0;0;0;0;0;0;0;0;0.0558;0.0239;2.6141;2.6141;0;69.074;69.074;44.463;0.0419;2870.6;910.64;1;0.0451;0.0451;0;0;0;0;0;0;2.569;2.481;0;15.288;17.704;14.51;16.802;98.274;98.274;26.032;20.892;19.828;5.1404;1.0639;0.1975;0.0409;0.7617;29.213;0.7314;0
08/02/21 10:00;59.41;-54.883;17.022;64.194;25.806;-90;-25.806;944.91;155.9;789.01;26.07;2.1599;0;876.41;51.312;113.18;0;9.4235;1050.3;0;1050.3;876.41;113.18;51.312;9.4235;0.8344;0.0578;0;0.009;1040.4;9.8894;0;0;1.793;8.0965;1035.9;2.4828;0.5143;0.0664;1.6384;0.2638;1038.4;2.0809;1.7528;0.2264;0.099;0.0027;1038.3;874.14;112.89;47.782;1.0605;517.78;414.23;167.71;0.4615;5.5346;79.614;2.4582;84.687;0;1;0;0;1.1116;0.9906;1;1;0.9651;0.1408;0.9976;0.9994;1;0.9668;0.8008;0.998;0.998;1;0.998;0.998;0.9862;0.9312;0.1125;3.1541;3.2952;0.0198;0.0038;0.5173;0.0193;0.0684;0.0133;0;0;0.088;0;2.4428;0;0;0;0;0;0;0;0;0;0;0;0;0.0551;0.0233;2.5749;2.5749;0;69.535;69.535;43.465;0.042;2834.5;908.4;1;0.0441;0.0441;0;0;0;0;0;0;2.5308;2.4428;0;15.552;18.008;14.754;17.084;98.286;98.286;25.208;20.579;19.523;4.6293;1.0559;0.1836;0.0419;0.7745;32.911;0.7329;0
08/02/21 11:00;67.613;-27.568;19.732;79.207;10.793;-90;-10.793;681.99;404.5;277.49;26.55;1.57;0;282.49;315.12;88.125;0;1.2064;686.94;0;686.94;282.49;88.125;315.12;1.2064;0.4112;0.4605;0;0.0018;683.34;3.5976;0;0;2.592;1.0056;669.09;12.892;0.1922;0.0599;12.595;0.045;681.98;1.3667;0.565;0.1763;0.6251;0.0004;669.31;281.73;87.889;299.31;0.1553;401.27;321.02;126.84;0.1225;4.4772;64.403;0.2276;68.758;0;1;0;0;1.0073;0.9948;1;1;0.9918;0.1664;0.9811;0.9993;1;0.9596;0.7752;0.998;0.998;1;0.998;0.998;0.974;0.9498;0.1288;2.0629;2.1517;0.013;-0.0007;0.2225;0.0134;0.0476;0.0115;0;0;0.088;0;1.6794;0;0;0;0;0;0;0;0;0;0;0;0;0.0383;0.0104;1.7958;1.7958;0;54.28;54.28;27.73;0.0414;1850;970.68;1;0.0284;0.0284;0;0;0;0;0;0;1.7674;1.6794;0;16.583;19.203;15.509;17.959;98.421;98.421;16.487;14.352;13.422;2.1346;0.9299;0.1295;0.0564;0.8141;189.27;0.7607;0
08/02/21 12:00;69.302;12.375;20.196;85.371;4.6295;90;4.6295;813.11;325.3;487.81;26.76;0.9699;0;489.4;204;121.36;0;0.2653;815.03;0;815.03;489.4;121.36;204;0.2653;0.6005;0.2506;0;0.0003;814.38;0.6489;0;0;0.4269;0.222;803.42;9.3344;0.3407;0.0845;8.8995;0.0097;812.76;1.6288;0.9788;0.2427;0.4072;0.0001;803.44;488.09;121.03;194.27;0.0336;479.27;383.42;151.95;0.0007;5.3085;76.361;0.019;81.669;0;1;0;0;1.0024;0.9992;1;1;0.9979;0.1633;0.9885;0.9993;1;0.9562;0.7765;0.998;0.998;1;0.998;0.998;0.9858;0.9523;0.1266;2.4475;2.5809;0.0155;-0.0022;0.3206;0.0157;0.0558;0.0133;0;0;0.088;0;1.9808;0;0;0;0;0;0;0;0;0;0;0;0;0.0449;0.0146;2.1025;2.1025;0;60.21;60.21;33.45;0.0416;2220;947.06;1;0.0337;0.0337;0;0;0;0;0;0;2.0688;1.9808;0;16.364;18.95;15.417;17.853;98.397;98.397;19.561;16.803;15.831;2.7576;0.9727;0.141;0.0497;0.8093;121.1;0.7563;0
08/02/21 13:00;63.197;45.677;18.364;70.129;19.871;90;19.871;911.31;199.9;711.41;28.1;0.3999;0;756.45;83.713;120.81;0;5.426;966.4;0;966.4;756.45;120.81;83.713;5.426;0.7828;0.0922;0;0.0056;959.91;6.4851;0;0;1.9261;4.559;954.42;3.5706;0.4789;0.0765;2.8234;0.1918;957.99;1.9198;1.5129;0.2416;0.1636;0.0017;955.75;754.46;120.49;78.8;0.6735;517.07;413.65;167.29;0.2931;5.528;79.519;1.3244;84.753;0;1;0;0;1.0605;0.9933;1;1;0.977;0.1598;0.9963;0.9994;1;0.9654;0.7784;0.998;0.998;1;0.998;0.998;0.9876;0.9413;0.1241;2.9021;3.0463;0.0183;0.0004;0.4634;0.0179;0.0637;0.0134;0;0;0.088;0;2.2697;0;0;0;0;0;0;0;0;0;0;0;0;0.0513;0.0201;2.3978;2.3978;0;68.096;68.096;39.996;0.0419;2619;915.57;1;0.0401;0.0401;0;0;0;0;0;0;2.3577;2.2697;0;15.74;18.226;14.899;17.253;98.328;98.328;23.194;19.163;18.14;4.0301;1.0238;0.1738;0.0441;0.7821;51.979;0.7367;0
08/02/21 14:00;53.024;65.53;14.427;55.578;34.422;90;34.422;901.09;149.6;751.49;28.95;0.68;0;911.01;44.938;121.65;0;15.779;1093.4;0;1093.4;911.01;121.65;44.938;15.779;0.8332;0.0555;0;0.0144;1076.7;16.652;0;0;2.4872;14.165;1072.5;2.1171;0.4531;0.0605;1.3681;0.2355;1074.6;2.1535;1.822;0.2433;0.0849;0.0032;1076.8;908.74;121.35;40.998;1.3754;458.73;366.98;152.74;1.0973;4.6778;67.288;4.2904;70.869;0;1;0;0;1.2134;0.9848;1;1;0.9447;0.1023;0.998;0.9995;1;0.9677;0.8538;0.998;0.998;1;0.998;0.998;0.9809;0.9123;0.0872;3.2834;3.3849;0.0204;0.0054;0.5874;0.0194;0.0688;0.011;0;0;0.088;0;2.4605;0;0;0;0;0;0;0;0;0;0;0;0;0.0554;0.0246;2.5925;2.5925;0;74.124;74.124;45.175;0.0421;2913.4;889.86;1;0.044;0.044;0;0;0;0;0;0;2.5485;2.4605;0;15.041;17.417;14.275;16.53;98.302;98.302;26.241;20.719;19.664;5.5219;1.0552;0.2104;0.0402;0.7494;30.59;0.7164;0
08/02/21 15:00;41.361;78.317;8.7422;41.956;48.044;90;48.044;762.71;126;636.71;28.77;1.25;0;952.35;32.892;129.5;0;25.279;1140;0;1140;952.35;129.5;32.892;25.279;0.8354;0.051;0;0.0222;1113.4;26.625;0;0;3.0053;23.619;1109.8;1.3866;0.287;0.039;0.9814;0.0792;1111.2;2.2268;1.9047;0.259;0.0598;0.0033;1115.8;950.16;129.2;28.846;1.577;304.59;243.67;95.905;2.5247;3.581;51.512;5.9869;52.568;0;1;0;0;1.4947;0.9766;1;1;0.9086;0.0656;0.9988;0.9997;1;0.9671;0.9522;0.998;0.998;1;0.998;0.998;0.9735;0.877;0.0624;3.4235;3.4692;0.0209;0.0071;0.6198;0.0197;0.07;0.0084;0;0;0.088;0;2.5079;0;0;0;0;0;0;0;0;0;0;0;0;0.0564;0.0258;2.6409;2.6409;0;75.576;75.576;46.806;0.0422;2986.9;884.18;1;0.045;0.045;0;0;0;0;0;0;2.5959;2.5079;0;14.695;17.017;13.955;16.16;98.296;98.296;27.36;21.106;20.043;6.2541;1.063;0.2286;0.0389;0.7326;25.19;0.7086;0
08/02/21 16:00;29.19;88.017;1.9049;29.205;60;90;60;528.61;116.6;412;28.05;1.5001;0;844.3;34.771;143.94;0;26.43;1049.4;0;1049.4;844.3;143.94;34.771;26.43;0.8045;0.0583;0;0.0252;1020.3;29.177;0;0;4.3851;24.792;1017;1.2487;0.0554;0.0095;1.0724;0.1114;1018.2;2.0405;1.6886;0.2879;0.0608;0.0033;1020.7;842.55;143.64;29.253;1.5241;107.04;85.633;36.771;5.8197;1.3797;19.846;3.7503;15.406;0;1;0;0;1.9853;0.9722;1;1;0.8739;0.062;0.9988;0.9999;1;0.9646;0.9319;0.998;0.998;1;0.998;0.998;0.9691;0.8413;0.0577;3.1515;3.1161;0.0188;0.0012;0.5039;0.0181;0.0644;0.0033;0;0;0.088;0;2.3049;0;0;0;0;0;0;0;0;0;0;0;0;0.0518;0.0211;2.4336;2.4336;0;70.764;70.764;42.714;0.042;2685.9;906.06;1;0.0407;0.0407;0;0;0;0;0;0;2.3929;2.3049;0;14.71;17.034;13.932;16.133;98.327;98.327;25.187;19.449;18.421;5.7374;1.0287;0.2278;0.0408;0.7314;30.27;0.7212;0
08/02/21 17:00;16.944;96.476;45.024;17.046;28.266;90;28.266;257.6;141.6;116;28.4;1.33;0;281.34;95.362;97.478;0;3.0718;477.25;0;477.25;281.34;97.478;95.362;3.0718;0.5895;0.2063;0;0.0064;470.71;6.5391;0;0;3.8617;2.6774;462.99;6.7803;2.7581;0.9556;2.9925;0.0741;469.77;0.9414;0.5627;0.195;0.183;0.0008;463.36;278.02;96.327;88.324;0.3195;62.89;50.312;20.252;1.1748;0.7526;10.826;0.3677;10.404;0;1;0;0;1.8527;0.9863;1;1;0.9595;0.1284;0.9856;0.9902;1;0.9672;0.8118;0.998;0.998;1;0.998;0.998;0.9701;0.9262;0.104;1.4332;1.4184;0.0085;0.0075;0.1137;0.009;0.032;0.002;0;0;0.088;0;1.1086;0;0;0;0;0;0;0;0;0;0;0;0;0.0258;0.0048;1.2152;1.2152;0;47.509;47.509;19.109;0.0413;1221.3;994.96;1;0.0186;0.0186;0;0;0;0;0;0;1.1966;1.1086;0;16.152;18.704;14.736;17.063;98.473;98.473;11.454;9.7116;8.86;1.7424;0.8516;0.1521;0.0744;0.7735;62.125;0.7606;0
08/02/21 18:00;5.4886;104.29;76.587;5.6627;8.1829;90;8.1829;15.003;14.9;0.1022;26.62;1.47;0;0.2478;14.813;0.0275;0;0.0153;15.104;0;15.104;0.2478;0.0275;14.813;0.0153;0.0164;0.9818;0;0.001;15.014;0.0899;0;0;0.0772;0.0128;14.306;0.6779;0.0544;0.006;0.6169;0.0006;14.984;0.03;0.0005;0.0001;0.0295;0;14.308;0.1929;0.0214;14.09;0.0019;8.8441;7.0753;2.6958;0.0019;0.1051;1.5121;0.0022;1.6153;0;1;0;0;1.0068;0.994;1;1;0.9948;0.1647;0.9548;0.7799;1;0.9581;0.7752;0.998;0.998;1;0.998;0.998;0.9472;0.9512;0.1274;0.0454;0.0463;0.0003;0.0076;0.0004;0.0003;0.0009;0.0002;0;0;0.088;0;-0.0549;0;0;0;0;0;0;0;0;0;0;0;0;0.0008;0;0.0358;0.0358;0;27.223;27.223;0.603;0.0422;37.958;943.47;1;0.0027;0.0027;0;0;0;0;0;0;0.0331;-0.0549;0;15.041;17.417;-23.044;-26.684;92.519;92.519;0.3625;0.2862;-0.4385;0.0763;0.7247;0.2104;1.9992;0;8.8436;0;0
08/02/21 19:00;0;0;90;0;0;90;0;0;0;0;22;1.63;0;0;0;0;0;0;0;0;0;0;0;0;0;1;1;1;1;0;0;0;0;0;0;0;0;0;0;0;0;0;0;0;0;0;0;0;0;0;0;0;0;0;0;0;0;0;0;0;0;0;0;0;1;1;1;1;1;1;1;1;1;1;1;1;1;1;1;1;1;1;1;0;0;0;0;0;0;0;0;0;0.0004;0.088;0;-0.0884;0;0;0;0;0;0;0;0;0;0;0;0;0;0;0;0;0;0;0;-22;0;0;0;0;0.0004;0;0;0;0;0;0;0;-0.0004;-0.0884;0;0;0;0;0;0;0;0;0;-0.7063;0;0.7063;1;1;0;0;0;0
08/02/21 20:00;0;0;90;0;0;90;0;0;0;0;20.1;1.87;0;0;0;0;0;0;0;0;0;0;0;0;0;1;1;1;1;0;0;0;0;0;0;0;0;0;0;0;0;0;0;0;0;0;0;0;0;0;0;0;0;0;0;0;0;0;0;0;0;0;0;0;1;1;1;1;1;1;1;1;1;1;1;1;1;1;1;1;1;1;1;0;0;0;0;0;0;0;0;0;0.0004;0.088;0;-0.0884;0;0;0;0;0;0;0;0;0;0;0;0;0;0;0;0;0;0;0;-20.1;0;0;0;0;0.0004;0;0;0;0;0;0;0;-0.0004;-0.0884;0;0;0;0;0;0;0;0;0;-0.7063;0;0.7063;1;1;0;0;0;0
08/02/21 21:00;0;0;90;0;0;90;0;0;0;0;20.48;2.2499;0;0;0;0;0;0;0;0;0;0;0;0;0;1;1;1;1;0;0;0;0;0;0;0;0;0;0;0;0;0;0;0;0;0;0;0;0;0;0;0;0;0;0;0;0;0;0;0;0;0;0;0;1;1;1;1;1;1;1;1;1;1;1;1;1;1;1;1;1;1;1;0;0;0;0;0;0;0;0;0;0.0004;0.088;0;-0.0884;0;0;0;0;0;0;0;0;0;0;0;0;0;0;0;0;0;0;0;-20.48;0;0;0;0;0.0004;0;0;0;0;0;0;0;-0.0004;-0.0884;0;0;0;0;0;0;0;0;0;-0.7063;0;0.7063;1;1;0;0;0;0
08/02/21 22:00;0;0;90;0;0;90;0;0;0;0;19.73;2.42;0;0;0;0;0;0;0;0;0;0;0;0;0;1;1;1;1;0;0;0;0;0;0;0;0;0;0;0;0;0;0;0;0;0;0;0;0;0;0;0;0;0;0;0;0;0;0;0;0;0;0;0;1;1;1;1;1;1;1;1;1;1;1;1;1;1;1;1;1;1;1;0;0;0;0;0;0;0;0;0;0.0004;0.088;0;-0.0884;0;0;0;0;0;0;0;0;0;0;0;0;0;0;0;0;0;0;0;-19.73;0;0;0;0;0.0004;0;0;0;0;0;0;0;-0.0004;-0.0884;0;0;0;0;0;0;0;0;0;-0.7063;0;0.7063;1;1;0;0;0;0
08/02/21 23:00;0;0;90;0;0;90;0;0;0;0;20.79;2.59;0;0;0;0;0;0;0;0;0;0;0;0;0;1;1;1;1;0;0;0;0;0;0;0;0;0;0;0;0;0;0;0;0;0;0;0;0;0;0;0;0;0;0;0;0;0;0;0;0;0;0;0;1;1;1;1;1;1;1;1;1;1;1;1;1;1;1;1;1;1;1;0;0;0;0;0;0;0;0;0;0.0004;0.088;0;-0.0884;0;0;0;0;0;0;0;0;0;0;0;0;0;0;0;0;0;0;0;-20.79;0;0;0;0;0.0004;0;0;0;0;0;0;0;-0.0004;-0.0884;0;0;0;0;0;0;0;0;0;-0.7063;0;0.7063;1;1;0;0;0;0
09/02/21 00:00;0;0;90;0;0;90;0;0;0;0;19.76;3.2501;0;0;0;0;0;0;0;0;0;0;0;0;0;1;1;1;1;0;0;0;0;0;0;0;0;0;0;0;0;0;0;0;0;0;0;0;0;0;0;0;0;0;0;0;0;0;0;0;0;0;0;0;1;1;1;1;1;1;1;1;1;1;1;1;1;1;1;1;1;1;1;0;0;0;0;0;0;0;0;0;0.0004;0.088;0;-0.0884;0;0;0;0;0;0;0;0;0;0;0;0;0;0;0;0;0;0;0;-19.76;0;0;0;0;0.0004;0;0;0;0;0;0;0;-0.0004;-0.0884;0;0;0;0;0;0;0;0;0;-0.7063;0;0.7063;1;1;0;0;0;0
09/02/21 01:00;0;0;90;0;0;90;0;0;0;0;19;4.2299;0;0;0;0;0;0;0;0;0;0;0;0;0;1;1;1;1;0;0;0;0;0;0;0;0;0;0;0;0;0;0;0;0;0;0;0;0;0;0;0;0;0;0;0;0;0;0;0;0;0;0;0;1;1;1;1;1;1;1;1;1;1;1;1;1;1;1;1;1;1;1;0;0;0;0;0;0;0;0;0;0.0004;0.088;0;-0.0884;0;0;0;0;0;0;0;0;0;0;0;0;0;0;0;0;0;0;0;-19;0;0;0;0;0.0004;0;0;0;0;0;0;0;-0.0004;-0.0884;0;0;0;0;0;0;0;0;0;-0.7063;0;0.7063;1;1;0;0;0;0
09/02/21 02:00;0;0;90;0;0;90;0;0;0;0;17.97;4.75;0;0;0;0;0;0;0;0;0;0;0;0;0;1;1;1;1;0;0;0;0;0;0;0;0;0;0;0;0;0;0;0;0;0;0;0;0;0;0;0;0;0;0;0;0;0;0;0;0;0;0;0;1;1;1;1;1;1;1;1;1;1;1;1;1;1;1;1;1;1;1;0;0;0;0;0;0;0;0;0;0.0004;0.088;0;-0.0884;0;0;0;0;0;0;0;0;0;0;0;0;0;0;0;0;0;0;0;-17.97;0;0;0;0;0.0004;0;0;0;0;0;0;0;-0.0004;-0.0884;0;0;0;0;0;0;0;0;0;-0.7063;0;0.7063;1;1;0;0;0;0
09/02/21 03:00;0;0;90;0;0;90;0;0;0;0;17.12;4.8699;0;0;0;0;0;0;0;0;0;0;0;0;0;1;1;1;1;0;0;0;0;0;0;0;0;0;0;0;0;0;0;0;0;0;0;0;0;0;0;0;0;0;0;0;0;0;0;0;0;0;0;0;1;1;1;1;1;1;1;1;1;1;1;1;1;1;1;1;1;1;1;0;0;0;0;0;0;0;0;0;0.0004;0.088;0;-0.0884;0;0;0;0;0;0;0;0;0;0;0;0;0;0;0;0;0;0;0;-17.12;0;0;0;0;0.0004;0;0;0;0;0;0;0;-0.0004;-0.0884;0;0;0;0;0;0;0;0;0;-0.7063;0;0.7063;1;1;0;0;0;0
09/02/21 04:00;0;0;90;0;0;90;0;0;0;0;17.3;4.88;0;0;0;0;0;0;0;0;0;0;0;0;0;1;1;1;1;0;0;0;0;0;0;0;0;0;0;0;0;0;0;0;0;0;0;0;0;0;0;0;0;0;0;0;0;0;0;0;0;0;0;0;1;1;1;1;1;1;1;1;1;1;1;1;1;1;1;1;1;1;1;0;0;0;0;0;0;0;0;0;0.0004;0.088;0;-0.0884;0;0;0;0;0;0;0;0;0;0;0;0;0;0;0;0;0;0;0;-17.3;0;0;0;0;0.0004;0;0;0;0;0;0;0;-0.0004;-0.0884;0;0;0;0;0;0;0;0;0;-0.7063;0;0.7063;1;1;0;0;0;0
09/02/21 05:00;2.9134;-105.72;82.919;3.0263;4.3302;-90;-4.3302;8.9078;8.9003;0.0074;17.07;5.7399;0;0.0181;8.8867;0.0023;0;0.0025;8.9096;0;8.9096;0.0181;0.0023;8.8867;0.0025;0.002;0.9977;0;0.0003;8.8907;0.0188;0;0;0.0167;0.0021;8.4749;0.3981;0.008;0.001;0.389;0.0001;8.873;0.0178;0;0;0.0177;0;8.4749;0.01;0.0013;8.4633;0.0003;5.2734;4.2187;1.6032;0;0.0629;0.9045;0.0001;0.9673;0;1;0;0;1.0002;0.9979;1;1;0.9981;0.1637;0.9551;0.5566;1;0.9561;0.7769;0.998;0.998;1;0.998;0.998;0.9512;0.9524;0.1269;0.0268;0.0274;0.0002;0.0057;-0.0007;0.0002;0.0006;0.0001;0;0;0.088;0;-0.0695;0;0;0;0;0;0;0;0;0;0;0;0;0.0004;0;0.021;0.021;0;17.428;17.428;0.3582;0.0423;21.803;961.04;1;0.0024;0.0024;0;0;0;0;0;0;0.0185;-0.0695;0;14.919;17.276;-49.449;-57.261;88.523;88.523;0.2138;0.1675;-0.5551;0.0464;0.7225;0.2168;3.3789;0;5.2733;0;0
09/02/21 06:00;11.889;-99.492;60.025;12.049;18.367;-90;-18.367;169.79;31.703;138.09;19.19;6.3799;0;334.91;16.122;36.766;0;0.8649;388.66;0;388.66;334.91;36.766;16.122;0.8649;0.8617;0.0437;0;0.0022;387.62;1.0479;0;0;0.3245;0.7234;372.32;14.524;12.554;1.3782;0.56;0.0314;386.84;0.7752;0.6698;0.0735;0.0316;0.0003;372.34;321.69;35.314;15.206;0.1099;10.694;8.5551;3.4457;0.0429;0.1176;1.6923;0.0206;1.7671;0;1;0;0;2.289;0.9973;1;1;0.9799;0.1637;0.9625;0.9624;1;0.9645;0.7779;0.998;0.998;1;0.998;0.998;0.9579;0.9432;0.1271;1.1672;1.125;0.0068;0.0117;0.0377;0.0075;0.0265;0.0003;0;0;0.088;0;0.9058;0;0;0;0;0;0;0;0;0;0;0;0;0.0214;0.0032;1.01;1.01;0;34.407;34.407;15.217;0.0409;967.17;1044.3;1;0.0163;0.0163;0;0;0;0;0;0;0.9938;0.9058;0;16.485;19.089;14.783;17.119;98.39;98.39;9.3279;8.0721;7.2388;1.2559;0.8333;0.1346;0.0893;0.776;9.943;0.7735;0
09/02/21 07:00;24.092;-91.2;8.1099;24.096;57.867;-90;-57.867;394.79;67.497;327.3;21.18;5.62;0;793.79;22.129;93.63;0;18.481;928.03;0;928.03;793.79;93.63;22.129;18.481;0.8553;0.0438;0;0.0199;908.07;19.955;0;0;2.6426;17.312;905.27;0.987;0.2219;0.0262;0.6761;0.0629;906.26;1.8161;1.5876;0.1873;0.039;0.0023;906.08;791.98;93.417;18.771;1.1036;20.591;16.472;6.9745;3.2561;0.4107;5.9077;0.8087;3.0623;0;1;0;0;2.3507;0.9785;1;1;0.8806;0.0632;0.9989;0.9997;1;0.9652;0.9461;0.998;0.998;1;0.998;0.998;0.9755;0.8483;0.0597;2.7869;2.7415;0.0165;-0.0018;0.3263;0.0168;0.0596;0.001;0;0;0.088;0;2.1328;0;0;0;0;0;0;0;0;0;0;0;0;0.048;0.0165;2.2585;2.2585;0;58.824;58.824;37.644;0.0416;2364.1;955.34;1;0.0377;0.0377;0;0;0;0;0;0;2.2208;2.1328;0;15.438;17.877;14.579;16.882;98.332;98.332;22.273;18.05;17.046;4.2225;1.0045;0.1896;0.0451;0.7653;18.798;0.7617;0
09/02/21 08:00;36.327;-82.117;6.3436;36.587;53.413;-90;-53.413;611.71;101.1;510.6;23.09;4.4601;0;856.65;31.075;104.29;0;24.71;1016.7;0;1016.7;856.65;104.29;31.075;24.71;0.8426;0.0549;0;0.0243;990.28;26.446;0;0;3.3045;23.141;987.09;1.2084;0.1873;0.0228;0.9352;0.063;988.3;1.9806;1.7133;0.2086;0.0555;0.0031;992.12;854.75;104.06;26.779;1.503;203.62;162.9;64.113;3.4476;2.5085;36.083;5.0276;35.144;0;1;0;0;1.6621;0.974;1;1;0.8937;0.0635;0.9988;0.9998;1;0.9663;0.9598;0.998;0.998;1;0.998;0.998;0.9709;0.8618;0.0608;3.0532;3.0642;0.0184;0.0006;0.4242;0.0183;0.0651;0.0062;0;0;0.088;0;2.3287;0;0;0;0;0;0;0;0;0;0;0;0;0.0524;0.0203;2.4587;2.4587;0;64.326;64.326;41.236;0.0418;2636.3;932.62;1;0.042;0.042;0;0;0;0;0;0;2.4167;2.3287;0;15.34;17.764;14.529;16.825;98.292;98.292;24.401;19.65;18.611;4.7516;1.0388;0.1947;0.0426;0.7627;25.133;0.743;0
09/02/21 09:00;48.249;-70.836;12.627;49.866;40.134;-90;-40.134;801.9;132.2;669.69;24.35;3.2501;0;875.95;41.95;110.73;0;18.882;1047.5;0;1047.5;875.95;110.73;41.95;18.882;0.8362;0.0581;0;0.018;1027.2;20.272;0;0;2.9423;17.329;1023.3;1.8283;0.3813;0.0482;1.2601;0.1388;1025.2;2.0545;1.7519;0.2215;0.078;0.0031;1028.5;873.81;110.46;37.669;1.4103;379.43;303.55;124.66;1.7331;4.0317;57.994;5.1104;60.293;0;1;0;0;1.3063;0.9806;1;1;0.9299;0.0822;0.9982;0.9996;1;0.9676;0.9104;0.998;0.998;1;0.998;0.998;0.9769;0.898;0.0747;3.1457;3.2199;0.0194;0.0026;0.4786;0.019;0.0675;0.0098;0;0;0.088;0;2.4145;0;0;0;0;0;0;0;0;0;0;0;0;0.0544;0.0223;2.5462;2.5462;0;67.205;67.205;42.855;0.0419;2770.7;918.97;1;0.0437;0.0437;0;0;0;0;0;0;2.5025;2.4145;0;15.42;17.856;14.622;16.932;98.283;98.283;25.14;20.349;19.297;4.7907;1.0527;0.1906;0.0419;0.7676;29.916;0.737;0
09/02/21 10:00;59.169;-54.469;17.328;64.093;25.907;-90;-25.907;945.59;156;789.59;25.72;2.2201;0;877.81;50.976;113.76;0;9.5028;1052;0;1052;877.81;113.76;50.976;9.5028;0.8344;0.0575;0;0.009;1042.1;9.9608;0;0;1.7924;8.1685;1037.5;2.4833;0.5243;0.068;1.6264;0.2646;1040;2.0842;1.7556;0.2275;0.0984;0.0027;1040;875.53;113.47;47.458;1.067;517.8;414.24;167.74;0.4648;5.533;79.59;2.4817;84.658;0;1;0;0;1.1126;0.9905;1;1;0.9648;0.1404;0.9976;0.9994;1;0.9669;0.8013;0.998;0.998;1;0.998;0.998;0.9862;0.931;0.1123;3.1593;3.3002;0.0199;0.0039;0.5145;0.0193;0.0686;0.0133;0;0;0.088;0;2.4497;0;0;0;0;0;0;0;0;0;0;0;0;0.0552;0.0234;2.582;2.582;0;69.243;69.243;43.523;0.0419;2838.7;909.56;1;0.0443;0.0443;0;0;0;0;0;0;2.5377;2.4497;0;15.569;18.029;14.771;17.105;98.283;98.283;25.249;20.635;19.578;4.6136;1.0575;0.1827;0.0419;0.7754;32.716;0.7338;0
09/02/21 11:00;67.312;-27.274;20.05;79.155;10.845;-90;-10.845;1033.9;170.6;863.31;26.12;1.55;0;879;56.221;115.95;0;1.8466;1053;0;1053;879;115.95;56.221;1.8466;0.8347;0.0551;0;0.0018;1051;2.0055;0;0;0.4662;1.5392;1045.9;3.0017;0.6075;0.0801;2.2451;0.069;1048.9;2.102;1.758;0.2319;0.1115;0.0006;1046.3;876.64;115.63;53.399;0.2378;602.73;482.18;195.47;0.0227;6.3925;91.954;0.3594;98.324;0;1;0;0;1.0185;0.9981;1;1;0.9917;0.1664;0.9971;0.9993;1;0.9597;0.7752;0.998;0.998;1;0.998;0.998;0.9932;0.9498;0.1288;3.1622;3.3451;0.0201;0.0047;0.5308;0.0195;0.0692;0.0153;0;0;0.088;0;2.4728;0;0;0;0;0;0;0;0;0;0;0;0;0.0558;0.024;2.6056;2.6056;0;70.024;70.024;43.904;0.042;2876.5;905.82;1;0.0448;0.0448;0;0;0;0;0;0;2.5608;2.4728;0;15.697;18.176;14.897;17.25;98.281;98.281;25.272;20.824;19.763;4.4485;1.0612;0.176;0.042;0.782;33.774;0.734;0
09/02/21 12:00;68.988;12.176;20.517;85.368;4.6316;90;4.6316;794.8;339.5;455.3;26.42;1.3401;0;456.79;221.02;118.51;0;0.2595;796.58;0;796.58;456.79;118.51;221.02;0.2595;0.5734;0.2778;0;0.0003;795.9;0.68;0;0;0.4629;0.2172;784.25;10.058;0.3231;0.0838;9.6417;0.0095;794.31;1.5918;0.9136;0.237;0.4411;0.0001;784.27;455.56;118.19;210.47;0.0329;468.58;374.86;148.34;0.0008;5.2045;74.865;0.0183;80.069;0;1;0;0;1.0022;0.9991;1;1;0.9979;0.1633;0.9873;0.9993;1;0.9562;0.7765;0.998;0.998;1;0.998;0.998;0.9845;0.9523;0.1266;2.3921;2.52;0.0152;-0.0022;0.3026;0.0154;0.0547;0.0131;0;0;0.088;0;1.942;0;0;0;0;0;0;0;0;0;0;0;0;0.0441;0.014;2.063;2.063;0;59.041;59.041;32.621;0.0416;2167.8;951.67;1;0.033;0.033;0;0;0;0;0;0;2.03;1.942;0;16.429;19.024;15.465;17.908;98.399;98.399;19.118;16.488;15.52;2.6303;0.9672;0.1376;0.0506;0.8118;131.2;0.7585;0
09/02/21 13:00;62.949;45.227;18.681;70.074;19.926;90;19.926;1048.6;173;875.6;27.62;1.3699;0;931.36;50.123;129.05;0;6.2775;1116.8;0;1116.8;931.36;129.05;50.123;6.2775;0.8339;0.0505;0;0.0056;1110.4;6.4334;0;0;1.1586;5.2748;1105.6;2.5933;0.5998;0.0831;1.6887;0.2217;1108.2;2.2208;1.8627;0.2581;0.0979;0.002;1107.1;928.89;128.71;47.177;0.7789;592.97;474.38;192.26;0.178;6.3026;90.66;1.5304;96.785;0;1;0;0;1.0651;0.9942;1;1;0.9769;0.1597;0.9977;0.9994;1;0.9654;0.7784;0.998;0.998;1;0.998;0.998;0.9899;0.9412;0.1241;3.3538;3.5256;0.0212;0.0084;0.6119;0.0202;0.0716;0.0148;0;0;0.088;0;2.5589;0;0;0;0;0;0;0;0;0;0;0;0;0.0577;0.0266;2.6933;2.6933;0;74.194;74.194;46.575;0.0421;3031.7;888.39;1;0.0464;0.0464;0;0;0;0;0;0;2.6469;2.5589;0;15.298;17.715;14.535;16.831;98.279;98.279;26.803;21.525;20.451;5.2786;1.0738;0.1969;0.0401;0.763;31.13;0.7193;0
09/02/21 14:00;52.828;65.107;14.734;55.479;34.521;90;34.521;994.8;164.1;830.7;28.09;1.3401;0;1008.2;38.36;148.11;0;17.516;1212.2;0;1212.2;1008.2;148.11;38.36;17.516;0.8317;0.0461;0;0.0144;1194.4;17.864;0;0;2.1327;15.732;1190;2.0136;0.5121;0.0752;1.1674;0.2589;1192;2.3887;2.0165;0.2962;0.0725;0.0036;1194.9;1005.7;147.74;34.987;1.5222;504.42;403.54;164.44;0.9469;5.3553;77.034;4.9378;81.443;0;1;0;0;1.2186;0.9853;1;1;0.9444;0.1019;0.9983;0.9995;1;0.9677;0.8546;0.998;0.998;1;0.998;0.998;0.9816;0.9121;0.0869;3.6403;3.7613;0.0226;0.0143;0.7091;0.0211;0.0749;0.0123;0;0;0.088;0;2.662;0;0;0;0;0;0;0;0;0;0;0;0;0.0603;0.0301;2.8166;2.7991;0;78.405;78.405;50.315;0.0423;3121.6;896.68;1;0.0666;0.0491;0;0;0.0175;0;0;0;2.75;2.662;0;14.648;16.962;13.93;16.131;97.635;98.246;29.093;22.37;21.275;6.723;1.0956;0.2311;0.0377;0.7313;26.131;0.698;0
09/02/21 15:00;41.191;77.953;9.036;41.825;48.175;90;48.175;727.39;132.7;594.69;28.02;1.39;0;891.79;39.356;128.18;0;24.233;1083.6;0;1083.6;891.79;128.18;39.356;24.233;0.823;0.0587;0;0.0224;1057.3;26.256;0;0;3.6102;22.646;1053.6;1.5671;0.2778;0.0399;1.1743;0.075;1055.2;2.1146;1.7836;0.2564;0.0715;0.0032;1059.4;889.73;127.88;34.5;1.5088;291.86;233.48;92.019;3.048;3.4641;49.83;5.7875;50.246;0;1;0;0;1.4896;0.9758;1;1;0.9083;0.0655;0.9985;0.9997;1;0.9671;0.9526;0.998;0.998;1;0.998;0.998;0.9724;0.8766;0.0623;3.2539;3.2959;0.0198;0.0038;0.5509;0.019;0.0676;0.0082;0;0;0.088;0;2.4174;0;0;0;0;0;0;0;0;0;0;0;0;0.0544;0.0234;2.5487;2.5487;0;72.333;72.333;44.313;0.0421;2838.4;897.93;1;0.0432;0.0432;0;0;0;0;0;0;2.5054;2.4174;0;14.921;17.278;14.153;16.389;98.304;98.304;26.005;20.369;19.32;5.6364;1.0487;0.2167;0.0403;0.7429;30.179;0.7182;0
09/02/21 16:00;29.03;87.698;2.2254;29.05;60;90;60;474.01;162.6;311.41;28.58;1.5101;0;641.24;66.125;153.27;0;23.7;884.33;0;884.33;641.24;153.27;66.125;23.7;0.7251;0.1016;0;0.0268;853.76;30.57;0;0;8.3393;22.231;849.85;2.2003;0.0492;0.0118;2.0395;0.0999;852.05;1.7075;1.2825;0.3065;0.1156;0.0029;853.95;639.9;152.95;55.631;1.3666;117.42;93.937;40.908;11.061;1.7803;25.61;4.0991;16.329;0;1;0;0;1.8657;0.9654;1;1;0.8739;0.062;0.9974;0.9999;1;0.9646;0.9319;0.998;0.998;1;0.998;0.998;0.961;0.8413;0.0577;2.6556;2.626;0.0158;-0.0021;0.3628;0.0157;0.0558;0.0044;0;0;0.088;0;1.9917;0;0;0;0;0;0;0;0;0;0;0;0;0.045;0.0152;2.1134;2.1134;0;64.076;64.076;35.495;0.0418;2263.2;933.79;1;0.0337;0.0337;0;0;0;0;0;0;2.0797;1.9917;0;15.16;17.555;14.287;16.544;98.405;98.405;21.224;16.89;15.918;4.3337;0.9726;0.2042;0.0458;0.75;57.566;0.7341;0
09/02/21 17:00;16.781;96.187;45.556;16.874;27.873;90;27.873;248.3;145;103.31;28.82;1.49;0;250.54;101.73;89.76;0;2.8806;444.91;0;444.91;250.54;89.76;101.73;2.8806;0.5631;0.2351;0;0.0065;438.38;6.5342;0;0;4.0281;2.506;430.79;6.7132;2.5339;0.9078;3.2003;0.0712;437.5;0.8768;0.5011;0.1795;0.1954;0.0007;431.16;247.51;88.672;94.301;0.3027;66.788;53.43;21.454;1.1933;0.7992;11.496;0.3785;11.102;0;1;0;0;1.7918;0.9853;1;1;0.9604;0.13;0.9847;0.9899;1;0.9672;0.8097;0.998;0.998;1;0.998;0.998;0.9683;0.927;0.1051;1.3361;1.3229;0.008;0.0088;0.1019;0.0084;0.0299;0.0021;0;0;0.088;0;1.03;0;0;0;0;0;0;0;0;0;0;0;0;0.0241;0.0042;1.1354;1.1354;0;46.593;46.593;17.773;0.0413;1138.9;996.94;1;0.0174;0.0174;0;0;0;0;0;0;1.118;1.03;0;16.189;18.747;14.686;17.006;98.465;98.465;10.678;9.0744;8.2318;1.6034;0.8426;0.1502;0.0789;0.7709;66.1;0.7563;0
09/02/21 18:00;5.3158;104.01;77.015;5.4779;7.9088;90;7.9088;37.506;36.798;0.708;26.6;1.9801;0;1.717;36.424;0.4865;0;0.0357;38.663;0;38.663;1.717;0.4865;36.424;0.0357;0.0444;0.943;0;0.0009;38.454;0.2092;0;0;0.1794;0.0298;36.346;2.0313;0.3951;0.112;1.5229;0.0013;38.377;0.0769;0.0034;0.001;0.0725;0;36.35;1.3184;0.3736;34.649;0.0045;21.738;17.39;6.6249;0.0041;0.2584;3.7169;0.0048;3.9712;0;1;0;0;1.0308;0.9946;1;1;0.9951;0.1646;0.9471;0.7694;1;0.9579;0.7753;0.998;0.998;1;0.998;0.998;0.9401;0.9513;0.1274;0.1161;0.1173;0.0007;0.0121;0.0014;0.0007;0.0026;0.0007;0;0;0.088;0;0.0049;0;0;0;0;0;0;0;0;0;0;0;0;0.0021;0.0001;0.097;0.097;0;28.112;28.112;1.5117;0.0416;98.765;982.56;1;0.0042;0.0042;0;0;0;0;0;0;0.0929;0.0049;0;15.922;18.438;0.7979;0.9239;95.693;95.693;0.9279;0.7756;0.0389;0.1523;0.7367;0.1642;0.7939;0.0419;21.733;0.0391;0
09/02/21 19:00;0;0;90;0;0;90;0;0;0;0;22.19;2.6;0;0;0;0;0;0;0;0;0;0;0;0;0;1;1;1;1;0;0;0;0;0;0;0;0;0;0;0;0;0;0;0;0;0;0;0;0;0;0;0;0;0;0;0;0;0;0;0;0;0;0;0;1;1;1;1;1;1;1;1;1;1;1;1;1;1;1;1;1;1;1;0;0;0;0;0;0;0;0;0;0.0004;0.088;0;-0.0884;0;0;0;0;0;0;0;0;0;0;0;0;0;0;0;0;0;0;0;-22.19;0;0;0;0;0.0004;0;0;0;0;0;0;0;-0.0004;-0.0884;0;0;0;0;0;0;0;0;0;-0.7063;0;0.7063;1;1;0;0;0;0
09/02/21 20:00;0;0;90;0;0;90;0;0;0;0;21.7;3.9099;0;0;0;0;0;0;0;0;0;0;0;0;0;1;1;1;1;0;0;0;0;0;0;0;0;0;0;0;0;0;0;0;0;0;0;0;0;0;0;0;0;0;0;0;0;0;0;0;0;0;0;0;1;1;1;1;1;1;1;1;1;1;1;1;1;1;1;1;1;1;1;0;0;0;0;0;0;0;0;0;0.0004;0.088;0;-0.0884;0;0;0;0;0;0;0;0;0;0;0;0;0;0;0;0;0;0;0;-21.7;0;0;0;0;0.0004;0;0;0;0;0;0;0;-0.0004;-0.0884;0;0;0;0;0;0;0;0;0;-0.7063;0;0.7063;1;1;0;0;0;0
09/02/21 21:00;0;0;90;0;0;90;0;0;0;0;21.3;5.36;0;0;0;0;0;0;0;0;0;0;0;0;0;1;1;1;1;0;0;0;0;0;0;0;0;0;0;0;0;0;0;0;0;0;0;0;0;0;0;0;0;0;0;0;0;0;0;0;0;0;0;0;1;1;1;1;1;1;1;1;1;1;1;1;1;1;1;1;1;1;1;0;0;0;0;0;0;0;0;0;0.0004;0.088;0;-0.0884;0;0;0;0;0;0;0;0;0;0;0;0;0;0;0;0;0;0;0;-21.3;0;0;0;0;0.0004;0;0;0;0;0;0;0;-0.0004;-0.0884;0;0;0;0;0;0;0;0;0;-0.7063;0;0.7063;1;1;0;0;0;0
09/02/21 22:00;0;0;90;0;0;90;0;0;0;0;20.16;6.8401;0;0;0;0;0;0;0;0;0;0;0;0;0;1;1;1;1;0;0;0;0;0;0;0;0;0;0;0;0;0;0;0;0;0;0;0;0;0;0;0;0;0;0;0;0;0;0;0;0;0;0;0;1;1;1;1;1;1;1;1;1;1;1;1;1;1;1;1;1;1;1;0;0;0;0;0;0;0;0;0;0.0004;0.088;0;-0.0884;0;0;0;0;0;0;0;0;0;0;0;0;0;0;0;0;0;0;0;-20.16;0;0;0;0;0.0004;0;0;0;0;0;0;0;-0.0004;-0.0884;0;0;0;0;0;0;0;0;0;-0.7063;0;0.7063;1;1;0;0;0;0
09/02/21 23:00;0;0;90;0;0;90;0;0;0;0;19.3;7.28;0;0;0;0;0;0;0;0;0;0;0;0;0;1;1;1;1;0;0;0;0;0;0;0;0;0;0;0;0;0;0;0;0;0;0;0;0;0;0;0;0;0;0;0;0;0;0;0;0;0;0;0;1;1;1;1;1;1;1;1;1;1;1;1;1;1;1;1;1;1;1;0;0;0;0;0;0;0;0;0;0.0004;0.088;0;-0.0884;0;0;0;0;0;0;0;0;0;0;0;0;0;0;0;0;0;0;0;-19.3;0;0;0;0;0.0004;0;0;0;0;0;0;0;-0.0004;-0.0884;0;0;0;0;0;0;0;0;0;-0.7063;0;0.7063;1;1;0;0;0;0
10/02/21 00:00;0;0;90;0;0;90;0;0;0;0;18.36;6.89;0;0;0;0;0;0;0;0;0;0;0;0;0;1;1;1;1;0;0;0;0;0;0;0;0;0;0;0;0;0;0;0;0;0;0;0;0;0;0;0;0;0;0;0;0;0;0;0;0;0;0;0;1;1;1;1;1;1;1;1;1;1;1;1;1;1;1;1;1;1;1;0;0;0;0;0;0;0;0;0;0.0004;0.088;0;-0.0884;0;0;0;0;0;0;0;0;0;0;0;0;0;0;0;0;0;0;0;-18.36;0;0;0;0;0.0004;0;0;0;0;0;0;0;-0.0004;-0.0884;0;0;0;0;0;0;0;0;0;-0.7063;0;0.7063;1;1;0;0;0;0
10/02/21 01:00;0;0;90;0;0;90;0;0;0;0;17.7;6.6701;0;0;0;0;0;0;0;0;0;0;0;0;0;1;1;1;1;0;0;0;0;0;0;0;0;0;0;0;0;0;0;0;0;0;0;0;0;0;0;0;0;0;0;0;0;0;0;0;0;0;0;0;1;1;1;1;1;1;1;1;1;1;1;1;1;1;1;1;1;1;1;0;0;0;0;0;0;0;0;0;0.0004;0.088;0;-0.0884;0;0;0;0;0;0;0;0;0;0;0;0;0;0;0;0;0;0;0;-17.7;0;0;0;0;0.0004;0;0;0;0;0;0;0;-0.0004;-0.0884;0;0;0;0;0;0;0;0;0;-0.7063;0;0.7063;1;1;0;0;0;0
10/02/21 02:00;0;0;90;0;0;90;0;0;0;0;17.24;6.6001;0;0;0;0;0;0;0;0;0;0;0;0;0;1;1;1;1;0;0;0;0;0;0;0;0;0;0;0;0;0;0;0;0;0;0;0;0;0;0;0;0;0;0;0;0;0;0;0;0;0;0;0;1;1;1;1;1;1;1;1;1;1;1;1;1;1;1;1;1;1;1;0;0;0;0;0;0;0;0;0;0.0004;0.088;0;-0.0884;0;0;0;0;0;0;0;0;0;0;0;0;0;0;0;0;0;0;0;-17.24;0;0;0;0;0.0004;0;0;0;0;0;0;0;-0.0004;-0.0884;0;0;0;0;0;0;0;0;0;-0.7063;0;0.7063;1;1;0;0;0;0
10/02/21 03:00;0;0;90;0;0;90;0;0;0;0;16.4;6.43;0;0;0;0;0;0;0;0;0;0;0;0;0;1;1;1;1;0;0;0;0;0;0;0;0;0;0;0;0;0;0;0;0;0;0;0;0;0;0;0;0;0;0;0;0;0;0;0;0;0;0;0;1;1;1;1;1;1;1;1;1;1;1;1;1;1;1;1;1;1;1;0;0;0;0;0;0;0;0;0;0.0004;0.088;0;-0.0884;0;0;0;0;0;0;0;0;0;0;0;0;0;0;0;0;0;0;0;-16.4;0;0;0;0;0.0004;0;0;0;0;0;0;0;-0.0004;-0.0884;0;0;0;0;0;0;0;0;0;-0.7063;0;0.7063;1;1;0;0;0;0
10/02/21 04:00;0;0;90;0;0;90;0;0;0;0;15.98;6.08;0;0;0;0;0;0;0;0;0;0;0;0;0;1;1;1;1;0;0;0;0;0;0;0;0;0;0;0;0;0;0;0;0;0;0;0;0;0;0;0;0;0;0;0;0;0;0;0;0;0;0;0;1;1;1;1;1;1;1;1;1;1;1;1;1;1;1;1;1;1;1;0;0;0;0;0;0;0;0;0;0.0004;0.088;0;-0.0884;0;0;0;0;0;0;0;0;0;0;0;0;0;0;0;0;0;0;0;-15.98;0;0;0;0;0.0004;0;0;0;0;0;0;0;-0.0004;-0.0884;0;0;0;0;0;0;0;0;0;-0.7063;0;0.7063;1;1;0;0;0;0
10/02/21 05:00;2.913;-105.32;82.92;3.0201;4.3212;-90;-4.3212;7.3059;7.297;0.009;15.45;6.24;0;0.0217;7.2857;0.0022;0;0.0021;7.3117;0;7.3117;0.0217;0.0022;7.2857;0.0021;0.003;0.9967;0;0.0003;7.2963;0.0154;0;0;0.0136;0.0017;6.9521;0.3296;0.0096;0.001;0.3189;0.0001;7.2817;0.0146;0;0;0.0145;0;6.9522;0.0121;0.0012;6.9386;0.0003;4.3233;3.4587;1.3143;0;0.0515;0.7415;0;0.7931;0;1;0;0;1.0008;0.9979;1;1;0.9981;0.1637;0.9547;0.5566;1;0.9561;0.7769;0.998;0.998;1;0.998;0.998;0.9508;0.9524;0.1269;0.022;0.0225;0.0001;0.0051;-0.0007;0.0001;0.0004;0.0001;0;0;0.088;0;-0.0734;0;0;0;0;0;0;0;0;0;0;0;0;0.0004;0;0.0169;0.0169;0;15.745;15.745;0.295;0.0424;17.595;958.55;1;0.0023;0.0023;0;0;0;0;0;0;0.0146;-0.0734;0;14.632;16.944;-63.725;-73.792;86.274;86.274;0.1755;0.1348;-0.587;0.0407;0.7218;0.2319;4.1132;0;4.3233;0;0
10/02/21 06:00;11.7;-99.221;60.54;11.849;18.018;-90;-18.018;170.79;29.402;141.39;17.67;6.34;0;342.91;14.411;35.478;0;0.8376;393.64;0;393.64;342.91;35.478;14.411;0.8376;0.8711;0.0387;0;0.0021;392.65;0.9811;0;0;0.2809;0.7002;376.45;15.421;13.491;1.3958;0.5039;0.0305;391.87;0.7853;0.6858;0.071;0.0283;0.0003;376.47;328.73;34.011;13.598;0.1066;9.6387;7.711;3.1191;0.0359;0.105;1.5101;0.0176;1.5793;0;1;0;0;2.3048;0.9975;1;1;0.9805;0.164;0.9606;0.9606;1;0.9643;0.7776;0.998;0.998;1;0.998;0.998;0.9563;0.9436;0.1273;1.1821;1.1371;0.0068;0.0115;0.0325;0.0076;0.027;0.0003;0;0;0.088;0;0.9218;0;0;0;0;0;0;0;0;0;0;0;0;0.0217;0.0032;1.0264;1.0264;0;33.037;33.037;15.367;0.0408;977.24;1050.3;1;0.0166;0.0166;0;0;0;0;0;0;1.0098;0.9218;0;16.541;19.155;14.856;17.203;98.383;98.383;9.4473;8.2032;7.3673;1.244;0.8359;0.1317;0.0885;0.7798;8.8743;0.7776;0
10/02/21 07:00;23.909;-90.905;10.603;23.911;55.517;-90;-55.517;397.9;66.1;331.8;19.75;5.7301;0;804.71;21.522;93.657;0;17.263;937.15;0;937.15;804.71;93.657;21.522;17.263;0.8587;0.0414;0;0.0184;918.55;18.595;0;0;2.4204;16.175;915.69;1.0284;0.2941;0.0342;0.6518;0.0483;916.72;1.8371;1.6094;0.1873;0.0382;0.0022;916.19;802.8;93.435;18.412;1.0371;19.622;15.697;7.2851;2.7348;0.3259;4.6883;0.4977;2.2795;0;1;0;0;2.3552;0.9802;1;1;0.8875;0.063;0.9989;0.9996;1;0.9658;0.9555;0.998;0.998;1;0.998;0.998;0.9771;0.8555;0.0601;2.8143;2.7693;0.0167;-0.0017;0.3193;0.017;0.0604;0.0008;0;0;0.088;0;2.1647;0;0;0;0;0;0;0;0;0;0;0;0;0.0487;0.0168;2.2912;2.2912;0;57.795;57.795;38.045;0.0415;2388.1;959.45;1;0.0386;0.0386;0;0;0;0;0;0;2.2527;2.1647;0;15.51;17.96;14.653;16.968;98.316;98.316;22.492;18.312;17.3;4.1801;1.0116;0.1859;0.045;0.7692;17.807;0.7663;0
10/02/21 08:00;36.14;-81.788;6.6243;36.422;53.578;-90;-53.578;615.5;101.3;514.19;21.65;4.5399;0;866.04;30.501;106.15;0;25.006;1027.7;0;1027.7;866.04;106.15;30.501;25.006;0.8427;0.054;0;0.0243;1001;26.678;0;0;3.258;23.42;997.82;1.2043;0.1978;0.0242;0.9184;0.064;999.02;2.002;1.7321;0.2123;0.0545;0.0032;1003.2;864.11;105.92;26.27;1.5191;203.04;162.43;62.013;3.4209;2.6247;37.755;5.3554;36.959;0;1;0;0;1.6697;0.974;1;1;0.8932;0.0634;0.9988;0.9998;1;0.9662;0.9596;0.998;0.998;1;0.998;0.998;0.9709;0.8613;0.0608;3.0862;3.101;0.0187;0.001;0.4177;0.0186;0.0661;0.0065;0;0;0.088;0;2.3674;0;0;0;0;0;0;0;0;0;0;0;0;0.0533;0.0208;2.4984;2.4984;0;63.299;63.299;41.649;0.0417;2667.5;936.63;1;0.043;0.043;0;0;0;0;0;0;2.4554;2.3674;0;15.422;17.858;14.613;16.922;98.277;98.277;24.665;19.967;18.92;4.6975;1.0473;0.1905;0.0425;0.7671;24.712;0.7466;0
10/02/21 09:00;48.044;-70.457;12.923;49.728;40.272;-90;-40.272;804.9;132.8;672.1;23.58;3.0399;0;880.88;41.565;112.25;0;19.077;1053.8;0;1053.8;880.88;112.25;41.565;19.077;0.8359;0.0575;0;0.0181;1033.3;20.445;0;0;2.93;17.515;1029.4;1.8288;0.3924;0.05;1.2481;0.1382;1031.3;2.0667;1.7618;0.2245;0.0773;0.0031;1034.6;878.73;111.98;37.31;1.4206;379.94;303.96;124.81;1.7375;4.0386;58.094;5.159;60.395;0;1;0;0;1.3092;0.9806;1;1;0.9295;0.0819;0.9982;0.9996;1;0.9676;0.9113;0.998;0.998;1;0.998;0.998;0.9769;0.8976;0.0745;3.1645;3.2386;0.0195;0.0029;0.475;0.0192;0.068;0.0098;0;0;0.088;0;2.4344;0;0;0;0;0;0;0;0;0;0;0;0;0.0548;0.0226;2.5667;2.5667;0;66.671;66.671;43.091;0.0419;2786.6;921.06;1;0.0443;0.0443;0;0;0;0;0;0;2.5224;2.4344;0;15.451;17.892;14.655;16.97;98.275;98.275;25.291;20.513;19.456;4.7779;1.0571;0.1889;0.0418;0.7693;29.676;0.7388;0
10/02/21 10:00;58.925;-54.05;17.639;63.994;26.006;-90;-26.006;942.99;155.6;787.39;24.83;1.47;0;876.1;50.813;113.58;0;9.548;1050;0;1050;876.1;113.58;50.813;9.548;0.8343;0.0575;0;0.0091;1040;10.009;0;0;1.7976;8.2111;1035.5;2.4863;0.5327;0.0691;1.62;0.2645;1037.9;2.0801;1.7522;0.2272;0.098;0.0027;1038;873.81;113.28;47.298;1.0697;516.04;412.83;167.2;0.4696;5.5128;79.299;2.4963;84.343;0;1;0;0;1.1135;0.9905;1;1;0.9646;0.14;0.9976;0.9994;1;0.9669;0.8017;0.998;0.998;1;0.998;0.998;0.9861;0.9308;0.112;3.1533;3.2934;0.0198;0.0038;0.5014;0.0194;0.0687;0.0133;0;0;0.088;0;2.4557;0;0;0;0;0;0;0;0;0;0;0;0;0.0553;0.0233;2.5883;2.5883;0;68.231;68.231;43.4;0.0419;2832.6;913.73;1;0.0446;0.0446;0;0;0;0;0;0;2.5437;2.4557;0;15.637;18.107;14.836;17.179;98.277;98.277;25.201;20.685;19.626;4.5155;1.0596;0.1792;0.042;0.7788;32.631;0.7371;0
10/02/21 11:00;67.008;-26.976;20.371;79.105;10.895;-90;-10.895;1014.4;167;847.4;26.22;0.36;0;862.95;56.783;111.71;0;1.8283;1033.3;0;1033.3;862.95;111.71;56.783;1.8283;0.8352;0.0567;0;0.0018;1031.3;1.9985;0;0;0.4745;1.524;1026.2;3.0183;0.606;0.0784;2.2656;0.0683;1029.2;2.0625;1.7259;0.2234;0.1126;0.0006;1026.5;860.62;111.41;53.93;0.2354;591.31;473.04;191.76;0.0233;6.2725;90.227;0.3566;96.476;0;1;0;0;1.0186;0.9981;1;1;0.9916;0.1664;0.9971;0.9993;1;0.9597;0.7752;0.998;0.998;1;0.998;0.998;0.9931;0.9498;0.1288;3.1029;3.2821;0.0198;0.0036;0.5121;0.0192;0.0682;0.0151;0;0;0.088;0;2.4341;0;0;0;0;0;0;0;0;0;0;0;0;0.0549;0.0231;2.566;2.566;0;69.268;69.268;43.048;0.0419;2822.2;909.24;1;0.0439;0.0439;0;0;0;0;0;0;2.5221;2.4341;0;15.754;18.243;14.944;17.305;98.288;98.288;24.799;20.508;19.453;4.2906;1.0544;0.173;0.0425;0.7845;34.115;0.7363;0
10/02/21 12:00;68.67;11.989;20.843;85.363;4.6373;90;4.6373;1023.9;169.7;854.21;27.24;0.7999;0;857.01;58.554;111.41;0;0.3352;1027.3;0;1027.3;857.01;111.41;58.554;0.3352;0.8342;0.0573;0;0.0003;1026.9;0.4033;0;0;0.1229;0.2804;1021.6;3.2622;0.6158;0.08;2.5542;0.0122;1024.9;2.0538;1.714;0.2228;0.1169;0.0001;1021.6;854.68;111.11;55.76;0.0424;602.67;482.14;193.12;0.0003;6.5424;94.11;0.0271;100.65;0;1;0;0;1.0033;0.9996;1;1;0.9979;0.1633;0.9968;0.9993;1;0.9562;0.7765;0.998;0.998;1;0.998;0.998;0.9944;0.9523;0.1266;3.085;3.2754;0.0197;0.0035;0.5213;0.0191;0.0678;0.0157;0;0;0.088;0;2.4192;0;0;0;0;0;0;0;0;0;0;0;0;0.0546;0.0231;2.5507;2.5507;0;70.126;70.126;42.886;0.042;2816.3;905.67;1;0.0435;0.0435;0;0;0;0;0;0;2.5072;2.4192;0;15.75;18.239;14.938;17.298;98.296;98.296;24.656;20.385;19.334;4.2706;1.0507;0.1732;0.0426;0.7842;34.758;0.7338;0
10/02/21 13:00;62.694;44.784;19.002;70.015;19.985;90;19.985;976.91;164.9;812;28.1;1.31;0;864.03;55.641;114.42;0;5.8827;1040;0;1040;864.03;114.42;55.641;5.8827;0.8308;0.0592;0;0.0057;1033.7;6.236;0;0;1.2925;4.9435;1029;2.721;0.566;0.075;1.8725;0.2076;1031.7;2.0675;1.7281;0.2288;0.1087;0.0019;1030.4;861.74;114.12;52.367;0.7296;552.64;442.11;179.11;0.1993;5.8806;84.59;1.4359;90.272;0;1;0;0;1.0646;0.994;1;1;0.9768;0.1596;0.9974;0.9993;1;0.9655;0.7785;0.998;0.998;1;0.998;0.998;0.9894;0.9412;0.124;3.1231;3.2818;0.0198;0.0036;0.5367;0.0191;0.0676;0.014;0;0;0.088;0;2.4123;0;0;0;0;0;0;0;0;0;0;0;0;0.0544;0.0232;2.5435;2.5435;0;71.339;71.339;43.239;0.042;2822.9;901;1;0.0432;0.0432;0;0;0;0;0;0;2.5003;2.4123;0;15.515;17.965;14.714;17.039;98.302;98.302;24.96;20.327;19.279;4.6322;1.0484;0.1856;0.042;0.7724;34.566;0.7281;0
10/02/21 14:00;52.627;64.686;15.043;55.376;34.624;90;34.624;882.69;150.2;732.49;28.31;1.63;0;890.13;46.856;120.06;0;15.633;1072.7;0;1072.7;890.13;120.06;46.856;15.633;0.8298;0.0583;0;0.0146;1056;16.664;0;0;2.6173;14.047;1051.7;2.178;0.4616;0.0623;1.4255;0.2287;1053.9;2.112;1.7803;0.2401;0.0885;0.0032;1056.1;887.89;119.75;42.724;1.3541;448.75;359;146.32;1.167;4.7833;68.806;4.4227;72.423;0;1;0;0;1.2152;0.9845;1;1;0.9441;0.1015;0.9979;0.9995;1;0.9677;0.8555;0.998;0.998;1;0.998;0.998;0.9805;0.9118;0.0866;3.2213;3.3261;0.02;0.0044;0.5584;0.0192;0.0681;0.0113;0;0;0.088;0;2.4344;0;0;0;0;0;0;0;0;0;0;0;0;0.0548;0.0238;2.566;2.566;0;72.551;72.551;44.242;0.0421;2862.6;896.37;1;0.0436;0.0436;0;0;0;0;0;0;2.5224;2.4344;0;15.175;17.572;14.397;16.671;98.301;98.301;25.744;20.507;19.456;5.2369;1.0516;0.2034;0.0408;0.7557;31.944;0.7211;0
10/02/21 15:00;41.016;77.59;9.3319;41.688;48.312;90;48.312;701.1;145.4;555.7;28.5;1.78;0;835.54;47.907;132.1;0;23.482;1039;0;1039;835.54;132.1;47.907;23.482;0.8042;0.0687;0;0.0226;1012.7;26.36;0;0;4.4127;21.948;1008.8;1.8127;0.2688;0.0425;1.4296;0.0718;1010.6;2.0253;1.6711;0.2642;0.087;0.0031;1014.5;833.6;131.79;41.977;1.459;283.32;226.65;89.509;3.7453;3.402;48.936;5.6704;48.593;0;1;0;0;1.482;0.9746;1;1;0.9079;0.0653;0.9982;0.9997;1;0.9671;0.9531;0.998;0.998;1;0.998;0.998;0.9709;0.8762;0.0621;3.1202;3.1587;0.019;0.0017;0.5119;0.0184;0.0652;0.0081;0;0;0.088;0;2.331;0;0;0;0;0;0;0;0;0;0;0;0;0.0525;0.0216;2.4603;2.4603;0;70.876;70.876;42.376;0.042;2720;904.51;1;0.0413;0.0413;0;0;0;0;0;0;2.419;2.331;0;15.021;17.394;14.232;16.48;98.321;98.321;24.937;19.663;18.629;5.274;1.0334;0.2115;0.0414;0.7471;36.785;0.7216;0
10/02/21 16:00;28.864;87.379;2.5498;28.889;60;90;60;475.2;158.3;316.9;28.34;1.71;0;655.81;63.11;153.47;0;23.76;896.15;0;896.15;655.81;153.47;63.11;23.76;0.7318;0.0969;0;0.0265;865.9;30.246;0;0;7.959;22.287;862.05;2.1177;0.0576;0.0135;1.9464;0.1001;864.17;1.7318;1.3116;0.3069;0.1103;0.0029;866.09;654.44;153.15;53.094;1.3701;113.95;91.158;39.402;10.557;1.7354;24.963;4.0424;16.141;0;1;0;0;1.8858;0.9662;1;1;0.8739;0.062;0.9975;0.9999;1;0.9646;0.9319;0.998;0.998;1;0.998;0.998;0.962;0.8413;0.0577;2.6911;2.6612;0.016;-0.0021;0.3702;0.0159;0.0565;0.0043;0;0;0.088;0;2.0169;0;0;0;0;0;0;0;0;0;0;0;0;0.0455;0.0156;2.1392;2.1392;0;64.353;64.353;36.013;0.0418;2293.4;932.77;1;0.0343;0.0343;0;0;0;0;0;0;2.1049;2.0169;0;15.143;17.535;14.277;16.533;98.397;98.397;21.508;17.097;16.119;4.4109;0.9774;0.2051;0.0454;0.7495;54.941;0.7342;0
10/02/21 17:00;16.613;95.896;46.1;16.696;27.473;90;27.473;240.3;147;93.294;28.17;1.31;0;226.26;106.41;83.017;0;2.7099;418.4;0;418.4;226.26;83.017;106.41;2.7099;0.5408;0.2608;0;0.0065;411.93;6.4706;0;0;4.1176;2.353;404.46;6.6515;2.3602;0.866;3.3567;0.0685;411.11;0.8239;0.4525;0.166;0.2046;0.0007;404.84;223.45;81.985;98.734;0.2876;69.593;55.675;22.306;1.1869;0.8323;11.972;0.3816;11.618;0;1;0;0;1.7412;0.9845;1;1;0.9613;0.1317;0.9838;0.9895;1;0.9671;0.8076;0.998;0.998;1;0.998;0.998;0.9667;0.9278;0.1061;1.2565;1.2446;0.0075;0.01;0.0882;0.008;0.0283;0.0022;0;0;0.088;0;0.9693;0;0;0;0;0;0;0;0;0;0;0;0;0.0228;0.0038;1.0739;1.0739;0;44.838;44.838;16.668;0.0412;1071.2;1002.5;1;0.0166;0.0166;0;0;0;0;0;0;1.0573;0.9693;0;16.283;18.855;14.697;17.018;98.453;98.453;10.042;8.583;7.7469;1.4587;0.8361;0.1453;0.0833;0.7715;68.968;0.7553;0
10/02/21 18:00;5.3366;103.6;76.964;5.4897;7.9262;90;7.9262;30.904;30.399;0.5044;28.17;1.33;0;1.2233;30.137;0.2853;0;0.0295;31.675;0;31.675;1.2233;0.2853;30.137;0.0295;0.0386;0.9524;0;0.0009;31.502;0.1736;0;0;0.149;0.0247;29.833;1.606;0.2799;0.0653;1.2597;0.0011;31.439;0.063;0.0024;0.0006;0.06;0;29.837;0.9409;0.2195;28.668;0.0038;17.986;14.389;5.4814;0.0034;0.2138;3.0754;0.004;3.2858;0;1;0;0;1.025;0.9945;1;1;0.9951;0.1646;0.9489;0.7707;1;0.9579;0.7752;0.998;0.998;1;0.998;0.998;0.9418;0.9513;0.1274;0.0951;0.0963;0.0006;0.011;0.0016;0.0006;0.0021;0.0005;0;0;0.088;0;-0.0134;0;0;0;0;0;0;0;0;0;0;0;0;0.0017;0.0001;0.0782;0.0782;0;29.416;29.416;1.2455;0.0417;80.809;968.11;1;0.0037;0.0037;0;0;0;0;0;0;0.0746;-0.0134;0;15.668;18.143;-2.6908;-3.1159;95.311;95.311;0.7602;0.6252;-0.1074;0.135;0.7326;0.1775;0.9637;0;17.983;0;0
10/02/21 19:00;0;0;90;0;0;90;0;0;0;0;22.31;1.31;0;0;0;0;0;0;0;0;0;0;0;0;0;1;1;1;1;0;0;0;0;0;0;0;0;0;0;0;0;0;0;0;0;0;0;0;0;0;0;0;0;0;0;0;0;0;0;0;0;0;0;0;1;1;1;1;1;1;1;1;1;1;1;1;1;1;1;1;1;1;1;0;0;0;0;0;0;0;0;0;0.0004;0.088;0;-0.0884;0;0;0;0;0;0;0;0;0;0;0;0;0;0;0;0;0;0;0;-22.31;0;0;0;0;0.0004;0;0;0;0;0;0;0;-0.0004;-0.0884;0;0;0;0;0;0;0;0;0;-0.7063;0;0.7063;1;1;0;0;0;0
10/02/21 20:00;0;0;90;0;0;90;0;0;0;0;19.59;1.2899;0;0;0;0;0;0;0;0;0;0;0;0;0;1;1;1;1;0;0;0;0;0;0;0;0;0;0;0;0;0;0;0;0;0;0;0;0;0;0;0;0;0;0;0;0;0;0;0;0;0;0;0;1;1;1;1;1;1;1;1;1;1;1;1;1;1;1;1;1;1;1;0;0;0;0;0;0;0;0;0;0.0004;0.088;0;-0.0884;0;0;0;0;0;0;0;0;0;0;0;0;0;0;0;0;0;0;0;-19.59;0;0;0;0;0.0004;0;0;0;0;0;0;0;-0.0004;-0.0884;0;0;0;0;0;0;0;0;0;-0.7063;0;0.7063;1;1;0;0;0;0
10/02/21 21:00;0;0;90;0;0;90;0;0;0;0;19;1.4301;0;0;0;0;0;0;0;0;0;0;0;0;0;1;1;1;1;0;0;0;0;0;0;0;0;0;0;0;0;0;0;0;0;0;0;0;0;0;0;0;0;0;0;0;0;0;0;0;0;0;0;0;1;1;1;1;1;1;1;1;1;1;1;1;1;1;1;1;1;1;1;0;0;0;0;0;0;0;0;0;0.0004;0.088;0;-0.0884;0;0;0;0;0;0;0;0;0;0;0;0;0;0;0;0;0;0;0;-19;0;0;0;0;0.0004;0;0;0;0;0;0;0;-0.0004;-0.0884;0;0;0;0;0;0;0;0;0;-0.7063;0;0.7063;1;1;0;0;0;0
10/02/21 22:00;0;0;90;0;0;90;0;0;0;0;18.5;1.7699;0;0;0;0;0;0;0;0;0;0;0;0;0;1;1;1;1;0;0;0;0;0;0;0;0;0;0;0;0;0;0;0;0;0;0;0;0;0;0;0;0;0;0;0;0;0;0;0;0;0;0;0;1;1;1;1;1;1;1;1;1;1;1;1;1;1;1;1;1;1;1;0;0;0;0;0;0;0;0;0;0.0004;0.088;0;-0.0884;0;0;0;0;0;0;0;0;0;0;0;0;0;0;0;0;0;0;0;-18.5;0;0;0;0;0.0004;0;0;0;0;0;0;0;-0.0004;-0.0884;0;0;0;0;0;0;0;0;0;-0.7063;0;0.7063;1;1;0;0;0;0
10/02/21 23:00;0;0;90;0;0;90;0;0;0;0;18.33;2.2301;0;0;0;0;0;0;0;0;0;0;0;0;0;1;1;1;1;0;0;0;0;0;0;0;0;0;0;0;0;0;0;0;0;0;0;0;0;0;0;0;0;0;0;0;0;0;0;0;0;0;0;0;1;1;1;1;1;1;1;1;1;1;1;1;1;1;1;1;1;1;1;0;0;0;0;0;0;0;0;0;0.0004;0.088;0;-0.0884;0;0;0;0;0;0;0;0;0;0;0;0;0;0;0;0;0;0;0;-18.33;0;0;0;0;0.0004;0;0;0;0;0;0;0;-0.0004;-0.0884;0;0;0;0;0;0;0;0;0;-0.7063;0;0.7063;1;1;0;0;0;0
11/02/21 00:00;0;0;90;0;0;90;0;0;0;0;17.65;2.66;0;0;0;0;0;0;0;0;0;0;0;0;0;1;1;1;1;0;0;0;0;0;0;0;0;0;0;0;0;0;0;0;0;0;0;0;0;0;0;0;0;0;0;0;0;0;0;0;0;0;0;0;1;1;1;1;1;1;1;1;1;1;1;1;1;1;1;1;1;1;1;0;0;0;0;0;0;0;0;0;0.0004;0.088;0;-0.0884;0;0;0;0;0;0;0;0;0;0;0;0;0;0;0;0;0;0;0;-17.65;0;0;0;0;0.0004;0;0;0;0;0;0;0;-0.0004;-0.0884;0;0;0;0;0;0;0;0;0;-0.7063;0;0.7063;1;1;0;0;0;0
11/02/21 01:00;0;0;90;0;0;90;0;0;0;0;16.42;2.92;0;0;0;0;0;0;0;0;0;0;0;0;0;1;1;1;1;0;0;0;0;0;0;0;0;0;0;0;0;0;0;0;0;0;0;0;0;0;0;0;0;0;0;0;0;0;0;0;0;0;0;0;1;1;1;1;1;1;1;1;1;1;1;1;1;1;1;1;1;1;1;0;0;0;0;0;0;0;0;0;0.0004;0.088;0;-0.0884;0;0;0;0;0;0;0;0;0;0;0;0;0;0;0;0;0;0;0;-16.42;0;0;0;0;0.0004;0;0;0;0;0;0;0;-0.0004;-0.0884;0;0;0;0;0;0;0;0;0;-0.7063;0;0.7063;1;1;0;0;0;0
11/02/21 02:00;0;0;90;0;0;90;0;0;0;0;16.73;3.0299;0;0;0;0;0;0;0;0;0;0;0;0;0;1;1;1;1;0;0;0;0;0;0;0;0;0;0;0;0;0;0;0;0;0;0;0;0;0;0;0;0;0;0;0;0;0;0;0;0;0;0;0;1;1;1;1;1;1;1;1;1;1;1;1;1;1;1;1;1;1;1;0;0;0;0;0;0;0;0;0;0.0004;0.088;0;-0.0884;0;0;0;0;0;0;0;0;0;0;0;0;0;0;0;0;0;0;0;-16.73;0;0;0;0;0.0004;0;0;0;0;0;0;0;-0.0004;-0.0884;0;0;0;0;0;0;0;0;0;-0.7063;0;0.7063;1;1;0;0;0;0
11/02/21 03:00;0;0;90;0;0;90;0;0;0;0;17.23;3.2601;0;0;0;0;0;0;0;0;0;0;0;0;0;1;1;1;1;0;0;0;0;0;0;0;0;0;0;0;0;0;0;0;0;0;0;0;0;0;0;0;0;0;0;0;0;0;0;0;0;0;0;0;1;1;1;1;1;1;1;1;1;1;1;1;1;1;1;1;1;1;1;0;0;0;0;0;0;0;0;0;0.0004;0.088;0;-0.0884;0;0;0;0;0;0;0;0;0;0;0;0;0;0;0;0;0;0;0;-17.23;0;0;0;0;0.0004;0;0;0;0;0;0;0;-0.0004;-0.0884;0;0;0;0;0;0;0;0;0;-0.7063;0;0.7063;1;1;0;0;0;0
11/02/21 04:00;0;0;90;0;0;90;0;0;0;0;16.7;3.8901;0;0;0;0;0;0;0;0;0;0;0;0;0;1;1;1;1;0;0;0;0;0;0;0;0;0;0;0;0;0;0;0;0;0;0;0;0;0;0;0;0;0;0;0;0;0;0;0;0;0;0;0;1;1;1;1;1;1;1;1;1;1;1;1;1;1;1;1;1;1;1;0;0;0;0;0;0;0;0;0;0.0004;0.088;0;-0.0884;0;0;0;0;0;0;0;0;0;0;0;0;0;0;0;0;0;0;0;-16.7;0;0;0;0;0.0004;0;0;0;0;0;0;0;-0.0004;-0.0884;0;0;0;0;0;0;0;0;0;-0.7063;0;0.7063;1;1;0;0;0;0
11/02/21 05:00;2.716;-105.05;83.401;2.8123;4.0218;-90;-4.0218;6.7004;6.6984;0.002;17.13;5.0299;0;0.0048;6.69;0.0005;0;0.0017;6.6968;6.6968;0;0.0048;0;0;0;1;1;1;1;0;0;0;0;0;0;0;0;0;0;0;0;0;0;0;0;0;0;0;0;0;0;0;0;0;0;0;0;0;0;0;0;0;0;0;0;1;1;1;1;1;1;1;1;1;1;1;0;1;0;0;1;0;0;0;0;0;0;0;0;0;0;0;0.0004;0.088;0;-0.0884;0;0;0;0;0;0;0;0;0;0;0;0;0;0;0;0;0;0;0;-17.13;0;0;0;0;0.0004;0;0;0;0;0;0;0;-0.0004;-0.0884;0;0;0;0;0;0;0;0;0;-0.7063;0;0.7063;1;1;0;0;0;0
11/02/21 06:00;11.512;-98.946;61.052;11.65;17.674;-90;-17.674;163;30.3;132.7;18.76;5.1899;0;321.83;15.542;34.879;0;0.7693;373.02;0;373.02;321.83;34.879;15.542;0.7693;0.8628;0.0437;0;0.0021;372.08;0.9362;0;0;0.2933;0.6429;356.02;15.314;13.298;1.4412;0.5472;0.0281;371.34;0.7442;0.6437;0.0698;0.0305;0.0003;356.04;307.89;33.368;14.671;0.098;10.278;8.2221;3.3068;0.0361;0.113;1.6261;0.018;1.703;0;1;0;0;2.2885;0.9975;1;1;0.9811;0.1643;0.9588;0.9586;1;0.964;0.7773;0.998;0.998;1;0.998;0.998;0.9544;0.944;0.1274;1.1202;1.0758;0.0065;0.0124;0.0318;0.0072;0.0254;0.0003;0;0;0.088;0;0.8651;0;0;0;0;0;0;0;0;0;0;0;0;0.0205;0.0029;0.9688;0.9688;0;33.302;33.302;14.542;0.0408;924.43;1048;1;0.0157;0.0157;0;0;0;0;0;0;0.9531;0.8651;0;16.475;19.078;14.712;17.036;98.38;98.38;8.9525;7.7425;6.9138;1.21;0.8287;0.1352;0.0926;0.7723;9.557;0.7698;0
11/02/21 07:00;23.726;-90.606;12.62;23.727;53.665;-90;-53.665;387.29;66.599;320.69;21.85;5.7301;0;777.77;22.858;91.9;0;15.782;908.31;0;908.31;777.77;91.9;22.858;15.782;0.8563;0.0425;0;0.0174;891.08;17.229;0;0;2.4473;14.781;888.19;1.1072;0.3384;0.04;0.6884;0.0405;889.3;1.7822;1.5555;0.1838;0.0408;0.002;888.86;775.88;91.676;19.681;0.9582;20.294;16.235;6.7694;2.5776;0.3705;5.3297;0.661;3.1226;0;1;0;0;2.3453;0.981;1;1;0.8929;0.0634;0.9988;0.9996;1;0.9662;0.9595;0.998;0.998;1;0.998;0.998;0.9779;0.861;0.0607;2.7277;2.6884;0.0162;-0.002;0.3198;0.0165;0.0584;0.0009;0;0;0.088;0;2.0909;0;0;0;0;0;0;0;0;0;0;0;0;0.0471;0.0159;2.2156;2.2156;0;58.783;58.783;36.933;0.0416;2318.7;955.53;1;0.0366;0.0366;0;0;0;0;0;0;2.1789;2.0909;0;15.473;17.918;14.603;16.91;98.346;98.346;21.8;17.707;16.711;4.0928;0.9961;0.1877;0.0457;0.7666;18.537;0.7632;0
11/02/21 08:00;35.953;-81.453;6.9099;36.258;53.742;-90;-53.742;604.69;99.999;504.69;23.93;5.6;0;853.37;30.743;103.76;0;24.707;1012.6;0;1012.6;853.37;103.76;30.743;24.707;0.8428;0.0548;0;0.0244;986.13;26.439;0;0;3.2984;23.141;982.94;1.2175;0.2033;0.0247;0.926;0.0635;984.16;1.9723;1.7067;0.2075;0.0549;0.0031;988.03;851.46;103.52;26.463;1.4992;198.3;158.64;61.852;3.4851;2.4892;35.806;5.0898;34.81;0;1;0;0;1.6745;0.9739;1;1;0.8927;0.0634;0.9988;0.9998;1;0.9662;0.9594;0.998;0.998;1;0.998;0.998;0.9707;0.8608;0.0607;3.0408;3.0513;0.0184;0.0004;0.4301;0.0182;0.0646;0.0061;0;0;0.088;0;2.3118;0;0;0;0;0;0;0;0;0;0;0;0;0.052;0.0202;2.4413;2.4413;0;65.017;65.017;41.086;0.0418;2625.6;929.81;1;0.0415;0.0415;0;0;0;0;0;0;2.3998;2.3118;0;15.295;17.711;14.483;16.771;98.3;98.3;24.302;19.511;18.476;4.7907;1.0349;0.1971;0.0426;0.7603;24.952;0.7407;0
11/02/21 09:00;47.839;-70.074;13.224;49.592;40.408;-90;-40.408;788.3;129.8;658.5;25.68;4.91;0;864.8;41.822;108.1;0;18.805;1033.5;0;1033.5;864.8;108.1;41.822;18.805;0.8367;0.0587;0;0.0182;1013.3;20.234;0;0;2.9628;17.271;1009.4;1.8333;0.3942;0.0493;1.2555;0.1343;1011.3;2.0266;1.7296;0.2162;0.0777;0.0031;1014.5;862.68;107.84;37.526;1.3962;371.53;297.22;122.03;1.7685;3.9544;56.883;5.0854;59.069;0;1;0;0;1.3111;0.9804;1;1;0.9292;0.0815;0.9982;0.9995;1;0.9676;0.9123;0.998;0.998;1;0.998;0.998;0.9767;0.8973;0.0742;3.1037;3.1755;0.0191;0.002;0.4811;0.0187;0.0664;0.0096;0;0;0.088;0;2.3728;0;0;0;0;0;0;0;0;0;0;0;0;0.0534;0.0218;2.5035;2.5035;0;67.979;67.979;42.299;0.0419;2732.8;916.07;1;0.0426;0.0426;0;0;0;0;0;0;2.4608;2.3728;0;15.366;17.793;14.564;16.865;98.297;98.297;24.805;20.008;18.964;4.797;1.044;0.1934;0.0421;0.7645;29.894;0.7343;0
11/02/21 10:00;58.679;-53.628;17.955;63.897;26.103;-90;-26.103;922.89;152;770.9;27.6;4.44;0;858.45;51.324;109.04;0;9.4132;1028.2;0;1028.2;858.45;109.04;51.324;9.4132;0.8349;0.0591;0;0.0092;1018.3;9.9254;0;0;1.8266;8.0988;1013.8;2.4934;0.5313;0.0675;1.6351;0.2595;1016.3;2.0366;1.7169;0.2181;0.099;0.0026;1016.2;856.21;108.75;47.764;1.0522;504.83;403.86;163.59;0.4805;5.3931;77.578;2.4643;82.491;0;1;0;0;1.1141;0.9903;1;1;0.9644;0.1396;0.9975;0.9994;1;0.9669;0.8022;0.998;0.998;1;0.998;0.998;0.9859;0.9306;0.1118;3.0878;3.2243;0.0194;0.0027;0.5138;0.0188;0.0667;0.0129;0;0;0.088;0;2.3832;0;0;0;0;0;0;0;0;0;0;0;0;0.0537;0.0224;2.5138;2.5138;0;70.158;70.158;42.558;0.042;2773.8;906.27;1;0.0426;0.0426;0;0;0;0;0;0;2.4712;2.3832;0;15.509;17.959;14.703;17.026;98.305;98.305;24.677;20.091;19.047;4.5869;1.0439;0.1859;0.0423;0.7718;32.979;0.7306;0
11/02/21 11:00;66.701;-26.674;20.697;79.058;10.942;-90;-10.942;1054;173.9;880.11;28.65;4.3199;0;896.4;54.445;121.16;0;1.9161;1073.9;0;1073.9;896.4;121.16;54.445;1.9161;0.8347;0.0525;0;0.0018;1071.9;2.0554;0;0;0.4582;1.5971;1066.8;2.9682;0.6396;0.0864;2.1706;0.0716;1069.7;2.1437;1.7928;0.2423;0.108;0.0006;1067.1;893.97;120.83;51.708;0.2467;614.27;491.42;195.59;0.0227;6.7511;97.112;0.3873;103.84;0;1;0;0;1.0189;0.9981;1;1;0.9916;0.1665;0.9972;0.9993;1;0.9597;0.7752;0.998;0.998;1;0.998;0.998;0.9933;0.9497;0.1288;3.225;3.4189;0.0206;0.0061;0.5861;0.0196;0.0697;0.0159;0;0;0.088;0;2.487;0;0;0;0;0;0;0;0;0;0;0;0;0.0561;0.025;2.6197;2.6197;0;73.563;73.563;44.913;0.0421;2939.8;891.14;1;0.0447;0.0447;0;0;0;0;0;0;2.575;2.487;0;15.475;17.919;14.691;17.012;98.293;98.293;25.774;20.937;19.876;4.8372;1.0606;0.1877;0.0411;0.7712;32.715;0.7223;0
11/02/21 12:00;68.347;11.814;21.172;85.353;4.6467;90;4.6467;1017.8;169.3;848.49;29.81;4.4601;0;851.29;58.872;110.69;0;0.3345;1021.2;0;1021.2;851.29;110.69;58.872;0.3345;0.8336;0.058;0;0.0003;1020.8;0.4038;0;0;0.1239;0.2799;1015.5;3.282;0.6213;0.0808;2.5678;0.0122;1018.7;2.0416;1.7026;0.2214;0.1175;0.0001;1015.5;848.97;110.39;56.063;0.0423;599.07;479.25;191.96;0.0003;6.5038;93.554;0.0272;100.06;0;1;0;0;1.0033;0.9996;1;1;0.9979;0.1633;0.9968;0.9993;1;0.9562;0.7765;0.998;0.998;1;0.998;0.998;0.9944;0.9523;0.1266;3.0666;3.2558;0.0196;0.0032;0.5467;0.0188;0.0667;0.0154;0;0;0.088;0;2.3787;0;0;0;0;0;0;0;0;0;0;0;0;0.0537;0.0228;2.5089;2.5089;0;72.523;72.523;42.713;0.0421;2800;896.05;1;0.0422;0.0422;0;0;0;0;0;0;2.4667;2.3787;0;15.585;18.048;14.776;17.111;98.317;98.317;24.509;20.051;19.011;4.4572;1.0408;0.1819;0.0425;0.7757;34.947;0.7259;0
11/02/21 13:00;62.433;44.349;19.325;69.952;20.048;90;20.048;962.51;167.1;795.41;30.39;4.56;0;846.72;58.247;113.93;0;5.8324;1024.7;0;1024.7;846.72;113.93;58.247;5.8324;0.8263;0.0625;0;0.0057;1018.5;6.2623;0;0;1.36;4.9023;1013.6;2.8041;0.5641;0.0759;1.9586;0.2055;1016.4;2.0369;1.6934;0.2279;0.1138;0.0019;1015.1;844.46;113.63;54.814;0.7228;544.48;435.59;176.45;0.211;5.7957;83.368;1.4249;88.953;0;1;0;0;1.0646;0.9939;1;1;0.9767;0.1595;0.9972;0.9993;1;0.9655;0.7786;0.998;0.998;1;0.998;0.998;0.9892;0.9411;0.1239;3.0773;3.233;0.0195;0.0028;0.5491;0.0186;0.0661;0.0137;0;0;0.088;0;2.3578;0;0;0;0;0;0;0;0;0;0;0;0;0.0532;0.0225;2.4875;2.4875;0;73.044;73.044;42.654;0.0421;2781.4;894.34;1;0.0417;0.0417;0;0;0;0;0;0;2.4458;2.3578;0;15.399;17.832;14.596;16.902;98.324;98.324;24.594;19.88;18.844;4.7136;1.0364;0.1917;0.0421;0.7662;36.196;0.7222;0
11/02/21 14:00;52.418;64.267;15.355;55.268;34.732;90;34.732;888.71;148.5;740.21;31.67;4.43;0;900.69;45.076;120.48;0;15.835;1082.1;0;1082.1;900.69;120.48;45.076;15.835;0.8324;0.0563;0;0.0146;1065.3;16.766;0;0;2.5302;14.235;1061;2.1405;0.4768;0.0638;1.3708;0.2292;1063.2;2.1306;1.8014;0.241;0.0851;0.0032;1065.5;898.41;120.18;41.09;1.367;450.99;360.79;147.06;1.135;4.8044;69.109;4.48;72.779;0;1;0;0;1.2176;0.9845;1;1;0.9439;0.101;0.998;0.9995;1;0.9677;0.8564;0.998;0.998;1;0.998;0.998;0.9806;0.9116;0.0863;3.2495;3.3549;0.0202;0.0049;0.6108;0.019;0.0675;0.0112;0;0;0.088;0;2.4122;0;0;0;0;0;0;0;0;0;0;0;0;0.0544;0.0242;2.5428;2.5428;0;76.45;76.45;44.779;0.0422;2887.5;880.64;1;0.0426;0.0426;0;0;0;0;0;0;2.5002;2.4122;0;14.907;17.262;14.141;16.375;98.324;98.324;25.97;20.322;19.278;5.6478;1.0439;0.2175;0.0402;0.7423;30.757;0.7085;0
11/02/21 15:00;40.835;77.226;9.6298;41.547;48.453;90;48.453;700.61;143.5;557.11;31.46;4.17;0;839.99;46.756;131.6;0;23.595;1041.9;0;1041.9;839.99;131.6;46.756;23.595;0.8062;0.0675;0;0.0226;1015.6;26.382;0;0;4.3251;22.057;1011.7;1.7893;0.2788;0.0437;1.3954;0.0713;1013.5;2.0311;1.68;0.2632;0.0849;0.0031;1017.4;838.03;131.29;40.951;1.463;281.69;225.36;88.879;3.6927;3.3882;48.737;5.6868;48.433;0;1;0;0;1.4872;0.9747;1;1;0.9075;0.0652;0.9982;0.9997;1;0.967;0.9535;0.998;0.998;1;0.998;0.998;0.971;0.8758;0.062;3.1289;3.1671;0.0191;0.0019;0.5501;0.0182;0.0644;0.008;0;0;0.088;0;2.3036;0;0;0;0;0;0;0;0;0;0;0;0;0.0519;0.0217;2.4319;2.4319;0;74.071;74.071;42.611;0.0421;2728;891.46;1;0.0403;0.0403;0;0;0;0;0;0;2.3916;2.3036;0;14.806;17.145;14.025;16.241;98.343;98.343;25.007;19.436;18.41;5.5709;1.0254;0.2228;0.041;0.7362;35.951;0.7113;0
11/02/21 16:00;28.692;87.058;2.878;28.724;60;90;60;446.99;181.9;265.09;31.4;3.55;0;551.46;82.651;149.15;0;22.35;805.6;0;805.6;551.46;149.15;82.651;22.35;0.6845;0.1303;0;0.0277;774.22;31.387;0;0;10.423;20.964;769.95;2.7128;0.0547;0.0148;2.5491;0.0942;772.67;1.5484;1.1029;0.2983;0.1445;0.0028;774.04;550.3;148.83;69.534;1.2888;121.29;97.029;43.254;13.823;1.9298;27.76;4.0877;15.866;0;1;0;0;1.8023;0.961;1;1;0.8739;0.062;0.9965;0.9999;1;0.9646;0.9319;0.998;0.998;1;0.998;0.998;0.9557;0.8413;0.0577;2.4192;2.3898;0.0144;-0.0019;0.3265;0.0144;0.0509;0.0048;0;0;0.088;0;1.809;0;0;0;0;0;0;0;0;0;0;0;0;0.041;0.0127;1.9272;1.9272;0;63.548;63.548;32.148;0.0418;2060.5;935.3;1;0.0301;0.0301;0;0;0;0;0;0;1.897;1.809;0;15.175;17.573;14.245;16.496;98.436;98.436;19.334;15.402;14.458;3.9324;0.9442;0.2034;0.0488;0.7478;71.953;0.729;0
11/02/21 17:00;16.44;95.604;46.657;16.514;27.068;90;27.068;132.19;126.3;5.8901;30.53;2.8799;0;14.285;117.61;4.551;0;1.4479;137.89;0;137.89;14.285;4.551;117.61;1.4479;0.1036;0.8634;0;0.0105;132.19;5.6989;0;0;4.4441;1.2548;127.97;3.9603;0.1537;0.049;3.7203;0.0375;131.93;0.2644;0.0286;0.0091;0.2263;0.0004;128.38;14.103;4.4929;109.22;0.1552;76.067;60.854;24.235;1.245;0.9158;13.173;0.406;12.844;0;1;0;0;1.0431;0.9587;1;1;0.9622;0.1334;0.97;0.9892;1;0.9671;0.8055;0.998;0.998;1;0.998;0.998;0.928;0.9287;0.1072;0.4141;0.4144;0.0025;0.018;0.0164;0.0026;0.0094;0.0024;0;0;0.088;0;0.2597;0;0;0;0;0;0;0;0;0;0;0;0;0.0075;0.0006;0.355;0.355;0;35.812;35.812;5.2822;0.0413;353.56;1004;1;0.0073;0.0073;0;0;0;0;0;0;0.3477;0.2597;0;16.331;18.911;11.948;13.836;97.954;97.954;3.3094;2.837;2.0757;0.4724;0.7613;0.1427;0.23;0.6272;76.029;0.5853;0
11/02/21 18:00;5.154;103.33;77.416;5.2958;7.6394;90;7.6394;14.299;14.202;0.0973;28.11;3.1701;0;0.2359;14.128;0.0266;0;0.0127;14.403;0;14.403;0.2359;0.0266;14.128;0.0127;0.0164;0.9818;0;0.0009;14.327;0.0763;0;0;0.0657;0.0106;13.642;0.6566;0.0567;0.0064;0.593;0.0005;14.298;0.0287;0.0005;0.0001;0.0281;0;13.643;0.1787;0.0202;13.441;0.0016;8.4261;6.7409;2.5671;0.0014;0.1002;1.4413;0.0017;1.5401;0;1;0;0;1.0073;0.9947;1;1;0.9953;0.1646;0.9541;0.7591;1;0.9577;0.7753;0.998;0.998;1;0.998;0.998;0.9471;0.9514;0.1273;0.0433;0.0441;0.0003;0.0074;0.0006;0.0003;0.0009;0.0002;0;0;0.088;0;-0.0568;0;0;0;0;0;0;0;0;0;0;0;0;0.0007;0;0.0338;0.0338;0;28.686;28.686;0.5762;0.0422;36.134;934.72;1;0.0026;0.0026;0;0;0;0;0;0;0.0312;-0.0568;0;14.876;17.226;-25.035;-28.99;92.249;92.249;0.3457;0.2699;-0.4543;0.0757;0.7242;0.2191;2.0951;0;8.4255;0;0
11/02/21 19:00;0;0;90;0;0;90;0;0;0;0;24.38;3.4299;0;0;0;0;0;0;0;0;0;0;0;0;0;1;1;1;1;0;0;0;0;0;0;0;0;0;0;0;0;0;0;0;0;0;0;0;0;0;0;0;0;0;0;0;0;0;0;0;0;0;0;0;1;1;1;1;1;1;1;1;1;1;1;1;1;1;1;1;1;1;1;0;0;0;0;0;0;0;0;0;0.0004;0.088;0;-0.0884;0;0;0;0;0;0;0;0;0;0;0;0;0;0;0;0;0;0;0;-24.38;0;0;0;0;0.0004;0;0;0;0;0;0;0;-0.0004;-0.0884;0;0;0;0;0;0;0;0;0;-0.7063;0;0.7063;1;1;0;0;0;0
11/02/21 20:00;0;0;90;0;0;90;0;0;0;0;22.23;3.8;0;0;0;0;0;0;0;0;0;0;0;0;0;1;1;1;1;0;0;0;0;0;0;0;0;0;0;0;0;0;0;0;0;0;0;0;0;0;0;0;0;0;0;0;0;0;0;0;0;0;0;0;1;1;1;1;1;1;1;1;1;1;1;1;1;1;1;1;1;1;1;0;0;0;0;0;0;0;0;0;0.0004;0.088;0;-0.0884;0;0;0;0;0;0;0;0;0;0;0;0;0;0;0;0;0;0;0;-22.23;0;0;0;0;0.0004;0;0;0;0;0;0;0;-0.0004;-0.0884;0;0;0;0;0;0;0;0;0;-0.7063;0;0.7063;1;1;0;0;0;0
11/02/21 21:00;0;0;90;0;0;90;0;0;0;0;22.4;4.28;0;0;0;0;0;0;0;0;0;0;0;0;0;1;1;1;1;0;0;0;0;0;0;0;0;0;0;0;0;0;0;0;0;0;0;0;0;0;0;0;0;0;0;0;0;0;0;0;0;0;0;0;1;1;1;1;1;1;1;1;1;1;1;1;1;1;1;1;1;1;1;0;0;0;0;0;0;0;0;0;0.0004;0.088;0;-0.0884;0;0;0;0;0;0;0;0;0;0;0;0;0;0;0;0;0;0;0;-22.4;0;0;0;0;0.0004;0;0;0;0;0;0;0;-0.0004;-0.0884;0;0;0;0;0;0;0;0;0;-0.7063;0;0.7063;1;1;0;0;0;0
11/02/21 22:00;0;0;90;0;0;90;0;0;0;0;23.36;5.04;0;0;0;0;0;0;0;0;0;0;0;0;0;1;1;1;1;0;0;0;0;0;0;0;0;0;0;0;0;0;0;0;0;0;0;0;0;0;0;0;0;0;0;0;0;0;0;0;0;0;0;0;1;1;1;1;1;1;1;1;1;1;1;1;1;1;1;1;1;1;1;0;0;0;0;0;0;0;0;0;0.0004;0.088;0;-0.0884;0;0;0;0;0;0;0;0;0;0;0;0;0;0;0;0;0;0;0;-23.36;0;0;0;0;0.0004;0;0;0;0;0;0;0;-0.0004;-0.0884;0;0;0;0;0;0;0;0;0;-0.7063;0;0.7063;1;1;0;0;0;0
11/02/21 23:00;0;0;90;0;0;90;0;0;0;0;22.4;5.6501;0;0;0;0;0;0;0;0;0;0;0;0;0;1;1;1;1;0;0;0;0;0;0;0;0;0;0;0;0;0;0;0;0;0;0;0;0;0;0;0;0;0;0;0;0;0;0;0;0;0;0;0;1;1;1;1;1;1;1;1;1;1;1;1;1;1;1;1;1;1;1;0;0;0;0;0;0;0;0;0;0.0004;0.088;0;-0.0884;0;0;0;0;0;0;0;0;0;0;0;0;0;0;0;0;0;0;0;-22.4;0;0;0;0;0.0004;0;0;0;0;0;0;0;-0.0004;-0.0884;0;0;0;0;0;0;0;0;0;-0.7063;0;0.7063;1;1;0;0;0;0
12/02/21 00:00;0;0;90;0;0;90;0;0;0;0;22.5;6.2901;0;0;0;0;0;0;0;0;0;0;0;0;0;1;1;1;1;0;0;0;0;0;0;0;0;0;0;0;0;0;0;0;0;0;0;0;0;0;0;0;0;0;0;0;0;0;0;0;0;0;0;0;1;1;1;1;1;1;1;1;1;1;1;1;1;1;1;1;1;1;1;0;0;0;0;0;0;0;0;0;0.0004;0.088;0;-0.0884;0;0;0;0;0;0;0;0;0;0;0;0;0;0;0;0;0;0;0;-22.5;0;0;0;0;0.0004;0;0;0;0;0;0;0;-0.0004;-0.0884;0;0;0;0;0;0;0;0;0;-0.7063;0;0.7063;1;1;0;0;0;0
12/02/21 01:00;0;0;90;0;0;90;0;0;0;0;22.56;6.8301;0;0;0;0;0;0;0;0;0;0;0;0;0;1;1;1;1;0;0;0;0;0;0;0;0;0;0;0;0;0;0;0;0;0;0;0;0;0;0;0;0;0;0;0;0;0;0;0;0;0;0;0;1;1;1;1;1;1;1;1;1;1;1;1;1;1;1;1;1;1;1;0;0;0;0;0;0;0;0;0;0.0004;0.088;0;-0.0884;0;0;0;0;0;0;0;0;0;0;0;0;0;0;0;0;0;0;0;-22.56;0;0;0;0;0.0004;0;0;0;0;0;0;0;-0.0004;-0.0884;0;0;0;0;0;0;0;0;0;-0.7063;0;0.7063;1;1;0;0;0;0
12/02/21 02:00;0;0;90;0;0;90;0;0;0;0;21.9;7.27;0;0;0;0;0;0;0;0;0;0;0;0;0;1;1;1;1;0;0;0;0;0;0;0;0;0;0;0;0;0;0;0;0;0;0;0;0;0;0;0;0;0;0;0;0;0;0;0;0;0;0;0;1;1;1;1;1;1;1;1;1;1;1;1;1;1;1;1;1;1;1;0;0;0;0;0;0;0;0;0;0.0004;0.088;0;-0.0884;0;0;0;0;0;0;0;0;0;0;0;0;0;0;0;0;0;0;0;-21.9;0;0;0;0;0.0004;0;0;0;0;0;0;0;-0.0004;-0.0884;0;0;0;0;0;0;0;0;0;-0.7063;0;0.7063;1;1;0;0;0;0
12/02/21 03:00;0;0;90;0;0;90;0;0;0;0;21.9;7.2401;0;0;0;0;0;0;0;0;0;0;0;0;0;1;1;1;1;0;0;0;0;0;0;0;0;0;0;0;0;0;0;0;0;0;0;0;0;0;0;0;0;0;0;0;0;0;0;0;0;0;0;0;1;1;1;1;1;1;1;1;1;1;1;1;1;1;1;1;1;1;1;0;0;0;0;0;0;0;0;0;0.0004;0.088;0;-0.0884;0;0;0;0;0;0;0;0;0;0;0;0;0;0;0;0;0;0;0;-21.9;0;0;0;0;0.0004;0;0;0;0;0;0;0;-0.0004;-0.0884;0;0;0;0;0;0;0;0;0;-0.7063;0;0.7063;1;1;0;0;0;0
12/02/21 04:00;0;0;90;0;0;90;0;0;0;0;22.54;6.43;0;0;0;0;0;0;0;0;0;0;0;0;0;1;1;1;1;0;0;0;0;0;0;0;0;0;0;0;0;0;0;0;0;0;0;0;0;0;0;0;0;0;0;0;0;0;0;0;0;0;0;0;1;1;1;1;1;1;1;1;1;1;1;1;1;1;1;1;1;1;1;0;0;0;0;0;0;0;0;0;0.0004;0.088;0;-0.0884;0;0;0;0;0;0;0;0;0;0;0;0;0;0;0;0;0;0;0;-22.54;0;0;0;0;0.0004;0;0;0;0;0;0;0;-0.0004;-0.0884;0;0;0;0;0;0;0;0;0;-0.7063;0;0.7063;1;1;0;0;0;0
12/02/21 05:00;2.717;-104.64;83.398;2.8081;4.0158;-90;-4.0158;0;0;0;22.27;5.07;0;0;0;0;0;0;0;0;0;0;0;0;0;1;1;1;1;0;0;0;0;0;0;0;0;0;0;0;0;0;0;0;0;0;0;0;0;0;0;0;0;0;0;0;0;0;0;0;0;0;0;0;1;1;1;1;1;1;1;1;1;1;1;1;1;1;1;1;1;1;1;0;0;0;0;0;0;0;0;0;0.0004;0.088;0;-0.0884;0;0;0;0;0;0;0;0;0;0;0;0;0;0;0;0;0;0;0;-22.27;0;0;0;0;0.0004;0;0;0;0;0;0;0;-0.0004;-0.0884;0;0;0;0;0;0;0;0;0;-0.7063;0;0.7063;1;1;0;0;0;0
12/02/21 06:00;11.324;-98.665;61.561;11.451;17.333;-90;-17.333;10.51;10.497;0.0131;22.18;3.8;0;0.0317;10.258;0.0012;0;0.0477;10.338;0;10.338;0.0317;0.0012;10.258;0.0477;0.0031;0.9968;0;0.0046;10.111;0.2272;0;0;0.1873;0.0399;9.7243;0.3667;0.0014;0.0001;0.3635;0.0017;10.091;0.0202;0.0001;0;0.0201;0;9.7356;0.0303;0.0012;9.6868;0.0061;6.2987;5.0389;1.9465;0.0221;0.0745;1.0714;0.0113;1.1238;0;1;0;0;0.9837;0.978;1;1;0.9817;0.1646;0.9637;0.9565;1;0.9638;0.7771;0.998;0.998;1;0.998;0.998;0.9406;0.9443;0.1276;0.031;0.0316;0.0002;0.0062;-0.0003;0.0002;0.0006;0.0002;0;0;0.088;0;-0.0665;0;0;0;0;0;0;0;0;0;0;0;0;0.0005;0;0.024;0.024;0;22.591;22.591;0.4114;0.0423;25.377;945.15;1;0.0024;0.0024;0;0;0;0;0;0;0.0215;-0.0665;0;14.717;17.042;-40.78;-47.222;89.809;89.809;0.2481;0.1917;-0.5311;0.0564;0.7228;0.2274;2.9132;0;6.2986;0;0
12/02/21 07:00;23.543;-90.303;14.362;23.543;52.098;-90;-52.098;68.391;67.597;0.7937;22.8;3.29;0;1.9251;54.484;0.2326;0;2.6377;59.279;0;59.279;1.9251;0.2326;54.484;2.6377;0.0325;0.9636;0;0.0445;51.223;8.0568;0;0;5.5883;2.4685;49.478;1.6425;0.001;0.0001;1.6347;0.0067;51.12;0.1024;0.0039;0.0005;0.0978;0.0003;50.535;1.9203;0.2321;47.163;0.1622;43.466;34.773;15.381;5.5302;0.7369;10.6;1.0577;5.8063;0;1;0;0;0.8668;0.8641;1;1;0.8974;0.0642;0.9679;0.9995;1;0.9665;0.9604;0.998;0.998;1;0.998;0.998;0.8347;0.8656;0.0615;0.178;0.1746;0.0011;0.0144;-0.0001;0.0011;0.004;0.0019;0;0;0.088;0;0.0553;0;0;0;0;0;0;0;0;0;0;0;0;0.0032;0.0002;0.1489;0.1489;0;24.844;24.844;2.0441;0.0413;147.31;1010.7;1;0.0056;0.0056;0;0;0;0;0;0;0.1433;0.0553;0;15.933;18.45;5.9185;6.8535;96.251;96.251;1.4227;1.1899;0.442;0.2328;0.7479;0.1636;0.5257;0.3107;43.462;0.274;0
12/02/21 08:00;35.765;-81.114;7.2004;36.094;53.906;-90;-53.906;117.79;116.2;1.5906;24.1;3.6699;0;2.6999;92.15;0.3833;0;4.84;100.07;0;100.07;2.6999;0.3833;92.15;4.84;0.027;0.9692;0;0.0484;85.609;14.464;0;0;9.9306;4.5335;82.648;2.7903;0.0007;0.0001;2.777;0.0125;85.438;0.1712;0.0054;0.0008;0.1644;0.0006;84.613;2.6939;0.3825;79.278;0.2934;75.474;60.379;26.998;10.541;1.3216;19.011;1.9649;9.7913;0;1;0;0;0.8496;0.8555;1;1;0.8922;0.0633;0.9673;0.9998;1;0.9662;0.9591;0.998;0.998;1;0.998;0.998;0.8259;0.8603;0.0606;0.3005;0.2949;0.0018;0.017;0.0027;0.0019;0.0068;0.0035;0;0;0.088;0;0.1609;0;0;0;0;0;0;0;0;0;0;0;0;0.0055;0.0003;0.2554;0.2554;0;27.502;27.502;3.4023;0.0412;250.12;1021.1;1;0.0065;0.0065;0;0;0;0;0;0;0.2489;0.1609;0;16.189;18.747;10.201;11.813;97.469;97.469;2.4018;2.0411;1.2862;0.3607;0.755;0.1502;0.3143;0.5355;74.923;0.4688;0
12/02/21 09:00;47.632;-69.686;13.53;49.457;40.543;-90;-40.543;62.198;61.803;0.3947;23.31;4.89;0;0.5194;54.364;0.031;0;1.4933;56.407;0;56.407;0.5194;0.031;54.364;1.4933;0.0092;0.9902;0;0.0265;51.165;5.2421;0;0;3.8702;1.372;49.421;1.6423;0.0002;0;1.6315;0.0105;51.063;0.1023;0.001;0.0001;0.101;0.0002;49.955;0.5181;0.0309;48.761;0.1105;39.095;31.276;13.204;2.3195;0.5312;7.6412;0.5345;5.8529;0;1;0;0;0.9069;0.9071;1;1;0.9288;0.0812;0.9678;0.9995;1;0.9676;0.9132;0.998;0.998;1;0.998;0.998;0.8761;0.8969;0.074;0.1694;0.1666;0.001;0.0141;0.0002;0.0011;0.0038;0.0014;0;0;0.088;0;0.0484;0;0;0;0;0;0;0;0;0;0;0;0;0.003;0.0002;0.1419;0.1419;0;25.353;25.353;2.0427;0.0413;140.72;1008.1;1;0.0055;0.0055;0;0;0;0;0;0;0.1364;0.0484;0;15.955;18.475;5.4431;6.303;96.146;96.146;1.3538;1.1338;0.3868;0.22;0.747;0.1625;0.5518;0.2857;38.903;0.2594;0
12/02/21 10:00;58.431;-53.202;18.275;63.802;26.198;-90;-26.198;148.31;146.6;1.7042;23.1;5.71;0;1.8994;138.87;0.2334;0;1.5235;142.53;0;142.53;1.8994;0.2334;138.87;1.5235;0.0133;0.985;0;0.0107;136.25;6.2827;0;0;4.9713;1.3114;131.51;4.4643;0.0012;0.0001;4.4212;0.0418;135.97;0.2725;0.0038;0.0005;0.2678;0.0004;131.95;1.8944;0.2328;129.21;0.1699;90.326;72.261;28.853;1.3108;1.0717;15.416;0.441;15.176;0;1;0;0;0.961;0.9559;1;1;0.9642;0.1392;0.9672;0.9994;1;0.9669;0.8026;0.998;0.998;1;0.998;0.998;0.9227;0.9304;0.1115;0.428;0.4299;0.0026;0.018;0.0055;0.0028;0.01;0.0029;0;0;0.088;0;0.2836;0;0;0;0;0;0;0;0;0;0;0;0;0.0081;0.0006;0.3794;0.3794;0;28.493;28.493;5.3928;0.041;366.54;1035.1;1;0.0078;0.0078;0;0;0;0;0;0;0.3716;0.2836;0;16.886;19.554;12.621;14.615;97.937;97.937;3.4207;3.0322;2.2663;0.3885;0.7659;0.1136;0.2239;0.6625;89.287;0.6129;0
12/02/21 11:00;66.391;-26.369;21.028;79.014;10.986;-90;-10.986;647.49;414;233.5;23.77;5.8299;0;237.86;335.56;76.744;0;1.1866;651.34;0;651.34;237.86;76.744;335.56;1.1866;0.3652;0.517;0;0.0018;647.51;3.8324;0;0;2.8434;0.989;632.57;13.64;0.1724;0.0556;13.368;0.0443;646.22;1.295;0.4757;0.1535;0.6654;0.0004;632.8;237.21;76.535;318.68;0.1528;381.41;305.13;119.02;0.1395;4.3576;62.682;0.2292;66.9;0;1;0;0;1.0059;0.9941;1;1;0.9915;0.1665;0.9789;0.9993;1;0.9597;0.7752;0.998;0.998;1;0.998;0.998;0.9712;0.9497;0.1288;1.956;2.0381;0.0123;0.0001;0.1789;0.0129;0.0458;0.0114;0;0;0.088;0;1.615;0;0;0;0;0;0;0;0;0;0;0;0;0.0369;0.0094;1.7304;1.7304;0;49.895;49.895;26.125;0.0413;1749.9;988.84;1;0.0275;0.0275;0;0;0;0;0;0;1.703;1.615;0;16.853;19.516;15.729;18.213;98.413;98.413;15.632;13.83;12.907;1.8027;0.9227;0.1153;0.059;0.8257;201.65;0.7702;0
12/02/21 12:00;68.02;11.651;21.504;85.34;4.6598;90;4.6598;452.11;410.2;41.91;24.57;5.3;0;42.049;396.3;13.283;0;0.1494;451.79;0;451.79;42.049;13.283;396.3;0.1494;0.0931;0.8775;0;0.0003;450.82;0.9629;0;0;0.8378;0.125;432.59;17.329;0.0312;0.0098;17.283;0.0054;449.92;0.9016;0.0841;0.0266;0.7909;0;432.6;41.934;13.246;377.39;0.0189;267.7;214.16;81.96;0.0015;3.1546;45.378;0.0066;48.531;0;1;0;0;0.9993;0.9979;1;1;0.9979;0.1633;0.9615;0.9993;1;0.9562;0.7765;0.998;0.998;1;0.998;0.998;0.9575;0.9523;0.1266;1.3567;1.3986;0.0084;0.0077;0.0862;0.0091;0.0322;0.0084;0;0;0.088;0;1.1092;0;0;0;0;0;0;0;0;0;0;0;0;0.0259;0.0047;1.216;1.216;0;42.353;42.353;17.783;0.0411;1200.6;1012.8;1;0.0189;0.0189;0;0;0;0;0;0;1.1972;1.1092;0;17.075;19.772;15.574;18.035;98.449;98.449;10.843;9.7185;8.8645;1.1244;0.854;0.1037;0.0788;0.8175;235.26;0.7604;0
12/02/21 13:00;62.166;43.923;19.652;69.884;20.116;90;20.116;183.61;181.1;2.5065;23.6;4.81;0;2.6693;175.22;0.3904;0;1.12;179.4;0;179.4;2.6693;0.3904;175.22;1.12;0.0149;0.9829;0;0.0062;174.34;5.055;0;0;4.1133;0.9417;168.07;5.9293;0.0018;0.0003;5.8879;0.0394;174;0.3487;0.0053;0.0008;0.3422;0.0004;168.35;2.6622;0.3893;164.88;0.1386;110.54;88.433;34.668;0.6385;1.2905;18.563;0.2816;19.216;0;1;0;0;0.9771;0.9718;1;1;0.9765;0.1593;0.9659;0.9993;1;0.9655;0.7788;0.998;0.998;1;0.998;0.998;0.9368;0.941;0.1238;0.5387;0.5462;0.0033;0.0179;0.0109;0.0036;0.0128;0.0035;0;0;0.088;0;0.3861;0;0;0;0;0;0;0;0;0;0;0;0;0.0103;0.0009;0.4831;0.4831;0;30.488;30.488;6.888;0.041;466.19;1036.2;1;0.0089;0.0089;0;0;0;0;0;0;0.4741;0.3861;0;17.082;19.78;13.654;15.811;98.15;98.15;4.3056;3.8607;3.086;0.4449;0.7747;0.1033;0.1799;0.7167;108.92;0.6652;0
12/02/21 14:00;52.204;63.851;15.67;55.155;34.845;90;34.845;159.3;157.3;2.0062;23.3;4.3199;0;2.4444;142.94;0.3475;0;2.8564;148.59;0;148.59;2.4444;0.3475;142.94;2.8564;0.0165;0.9812;0;0.0192;137.95;10.634;0;0;8.0644;2.5692;133.29;4.3876;0.0013;0.0002;4.3452;0.0409;137.68;0.2759;0.0049;0.0007;0.2697;0.0006;134.23;2.4382;0.3466;130.26;0.2457;98.762;79.009;32.651;3.6273;1.2426;17.875;0.9441;15.49;0;1;0;0;0.9327;0.9284;1;1;0.9436;0.1005;0.9681;0.9995;1;0.9677;0.8574;0.998;0.998;1;0.998;0.998;0.897;0.9113;0.086;0.4462;0.442;0.0027;0.0181;0.0061;0.0029;0.0103;0.0034;0;0;0.088;0;0.2938;0;0;0;0;0;0;0;0;0;0;0;0;0.0083;0.0006;0.3897;0.3897;0;28.766;28.766;5.4663;0.041;376.69;1034.5;1;0.0079;0.0079;0;0;0;0;0;0;0.3818;0.2938;0;16.637;19.266;12.542;14.523;97.964;97.964;3.566;3.1144;2.3477;0.4516;0.7667;0.1266;0.215;0.6584;97.616;0.604;0
12/02/21 15:00;40.648;76.863;9.9297;41.4;48.6;90;48.6;151.71;149.5;2.203;23.13;3.64;0;3.3312;123.89;0.546;0;5.1381;132.9;0;132.9;3.3312;0.546;123.89;5.1381;0.0251;0.9708;0;0.0387;116.59;16.314;0;0;11.51;4.8041;112.64;3.7144;0.0011;0.0002;3.6977;0.0153;116.35;0.2332;0.0067;0.0011;0.2248;0.0007;114.63;3.3234;0.5447;108.45;0.3179;96.366;77.092;33.717;9.8724;1.5034;21.625;1.9884;13.256;0;1;0;0;0.876;0.8772;1;1;0.9071;0.065;0.9681;0.9997;1;0.967;0.954;0.998;0.998;1;0.998;0.998;0.8475;0.8754;0.0619;0.3991;0.3908;0.0024;0.0179;0.0039;0.0026;0.0091;0.0041;0;0;0.088;0;0.2477;0;0;0;0;0;0;0;0;0;0;0;0;0.0073;0.0005;0.3431;0.3431;0;27.753;27.753;4.623;0.041;332.37;1032.3;1;0.0074;0.0074;0;0;0;0;0;0;0.3357;0.2477;0;16.377;18.964;11.822;13.69;97.838;97.838;3.1896;2.742;1.9794;0.4476;0.7626;0.1403;0.2391;0.6206;95.392;0.5532;0
12/02/21 16:00;28.515;86.738;3.21;28.554;60;90;60;190.21;184.2;6.0094;24.8;2.5401;0;12.568;136.91;3.463;0;9.5104;162.45;0;162.45;12.568;3.463;136.91;9.5104;0.0774;0.9013;0;0.0585;136.26;26.187;0;0;17.266;8.9207;131.73;4.2644;0.0014;0.0004;4.2225;0.0401;135.99;0.2725;0.0251;0.0069;0.2393;0.0012;135.7;12.542;3.4557;115.18;0.5484;120.27;96.22;44.139;22.891;2.4297;34.95;3.9706;14.489;0;1;0;0;0.8541;0.8388;1;1;0.8739;0.062;0.9686;0.9999;1;0.9646;0.9319;0.998;0.998;1;0.998;0.998;0.8109;0.8413;0.0577;0.4878;0.4824;0.0029;0.0181;0.0091;0.0032;0.0112;0.0066;0;0;0.088;0;0.3253;0;0;0;0;0;0;0;0;0;0;0;0;0.009;0.0007;0.4216;0.4216;0;30.209;30.209;5.4095;0.0411;409.9;1028.4;1;0.0082;0.0082;0;0;0;0;0;0;0.4133;0.3253;0;16.462;19.063;12.705;14.712;98.053;98.053;3.8988;3.3691;2.6002;0.5297;0.7689;0.1359;0.1972;0.6669;119.19;0.5744;0
12/02/21 17:00;16.261;95.312;47.225;16.328;26.658;90;26.658;121.6;117.5;4.1029;23.91;1.7;0;9.9506;110.09;2.9818;0;1.2927;124.32;0;124.32;9.9506;2.9818;110.09;1.2927;0.08;0.896;0;0.0104;119.14;5.1777;0;0;4.0596;1.1181;115.23;3.6701;0.1103;0.0331;3.4925;0.0342;118.9;0.2383;0.0199;0.006;0.2121;0.0003;115.6;9.8204;2.9428;102.33;0.14;71.011;56.809;22.587;1.1047;0.8536;12.278;0.3655;12.027;0;1;0;0;1.0223;0.9584;1;1;0.9631;0.1351;0.9691;0.9889;1;0.967;0.8035;0.998;0.998;1;0.998;0.998;0.9269;0.9295;0.1083;0.3733;0.374;0.0023;0.0178;0.005;0.0024;0.0087;0.0023;0;0;0.088;0;0.2329;0;0;0;0;0;0;0;0;0;0;0;0;0.007;0.0005;0.3282;0.3282;0;28.642;28.642;4.7319;0.0411;318.79;1029.4;1;0.0072;0.0072;0;0;0;0;0;0;0.3209;0.2329;0;16.745;19.391;11.886;13.764;97.797;97.797;2.9836;2.6226;1.8616;0.361;0.7611;0.121;0.2551;0.6239;70.985;0.581;0
12/02/21 18:00;5.1656;102.91;77.387;5.2989;7.6439;90;7.6439;11.291;11.291;0;22.85;1.71;0;0;11.241;0;0;0.01;11.251;0;11.251;0;0;11.241;0.01;0;1;0;0.0009;11.19;0.0607;0;0;0.0524;0.0084;10.696;0.4721;0;0;0.4718;0.0004;11.168;0.0224;0;0;0.0224;0;10.697;0;0;10.694;0.0013;6.7037;5.363;2.0423;0.0011;0.0797;1.1468;0.0013;1.2254;0;1;0;0;0.9964;0.9946;1;1;0.9953;0.1646;0.9577;1;1;0.9578;0.7753;0.998;1;1;0.998;0.998;0.9506;0.9514;0.1273;0.0338;0.0346;0.0002;0.0065;-0.0002;0.0002;0.0007;0.0002;0;0;0.088;0;-0.064;0;0;0;0;0;0;0;0;0;0;0;0;0.0006;0;0.0265;0.0265;0;23.302;23.302;0.4519;0.0423;27.988;946.62;1;0.0025;0.0025;0;0;0;0;0;0;0.024;-0.064;0;14.938;17.298;-36.087;-41.788;90.573;90.573;0.27;0.2117;-0.5115;0.0583;0.7233;0.2158;2.6785;0;6.7037;0;0
12/02/21 19:00;0;0;90;0;0;90;0;0;0;0;22.1;2.0899;0;0;0;0;0;0;0;0;0;0;0;0;0;1;1;1;1;0;0;0;0;0;0;0;0;0;0;0;0;0;0;0;0;0;0;0;0;0;0;0;0;0;0;0;0;0;0;0;0;0;0;0;1;1;1;1;1;1;1;1;1;1;1;1;1;1;1;1;1;1;1;0;0;0;0;0;0;0;0;0;0.0004;0.088;0;-0.0884;0;0;0;0;0;0;0;0;0;0;0;0;0;0;0;0;0;0;0;-22.1;0;0;0;0;0.0004;0;0;0;0;0;0;0;-0.0004;-0.0884;0;0;0;0;0;0;0;0;0;-0.7063;0;0.7063;1;1;0;0;0;0
12/02/21 20:00;0;0;90;0;0;90;0;0;0;0;21.28;2.59;0;0;0;0;0;0;0;0;0;0;0;0;0;1;1;1;1;0;0;0;0;0;0;0;0;0;0;0;0;0;0;0;0;0;0;0;0;0;0;0;0;0;0;0;0;0;0;0;0;0;0;0;1;1;1;1;1;1;1;1;1;1;1;1;1;1;1;1;1;1;1;0;0;0;0;0;0;0;0;0;0.0004;0.088;0;-0.0884;0;0;0;0;0;0;0;0;0;0;0;0;0;0;0;0;0;0;0;-21.28;0;0;0;0;0.0004;0;0;0;0;0;0;0;-0.0004;-0.0884;0;0;0;0;0;0;0;0;0;-0.7063;0;0.7063;1;1;0;0;0;0
12/02/21 21:00;0;0;90;0;0;90;0;0;0;0;20.84;2.67;0;0;0;0;0;0;0;0;0;0;0;0;0;1;1;1;1;0;0;0;0;0;0;0;0;0;0;0;0;0;0;0;0;0;0;0;0;0;0;0;0;0;0;0;0;0;0;0;0;0;0;0;1;1;1;1;1;1;1;1;1;1;1;1;1;1;1;1;1;1;1;0;0;0;0;0;0;0;0;0;0.0004;0.088;0;-0.0884;0;0;0;0;0;0;0;0;0;0;0;0;0;0;0;0;0;0;0;-20.84;0;0;0;0;0.0004;0;0;0;0;0;0;0;-0.0004;-0.0884;0;0;0;0;0;0;0;0;0;-0.7063;0;0.7063;1;1;0;0;0;0
12/02/21 22:00;0;0;90;0;0;90;0;0;0;0;20.8;2.02;0;0;0;0;0;0;0;0;0;0;0;0;0;1;1;1;1;0;0;0;0;0;0;0;0;0;0;0;0;0;0;0;0;0;0;0;0;0;0;0;0;0;0;0;0;0;0;0;0;0;0;0;1;1;1;1;1;1;1;1;1;1;1;1;1;1;1;1;1;1;1;0;0;0;0;0;0;0;0;0;0.0004;0.088;0;-0.0884;0;0;0;0;0;0;0;0;0;0;0;0;0;0;0;0;0;0;0;-20.8;0;0;0;0;0.0004;0;0;0;0;0;0;0;-0.0004;-0.0884;0;0;0;0;0;0;0;0;0;-0.7063;0;0.7063;1;1;0;0;0;0
12/02/21 23:00;0;0;90;0;0;90;0;0;0;0;20.34;1.46;0;0;0;0;0;0;0;0;0;0;0;0;0;1;1;1;1;0;0;0;0;0;0;0;0;0;0;0;0;0;0;0;0;0;0;0;0;0;0;0;0;0;0;0;0;0;0;0;0;0;0;0;1;1;1;1;1;1;1;1;1;1;1;1;1;1;1;1;1;1;1;0;0;0;0;0;0;0;0;0;0.0004;0.088;0;-0.0884;0;0;0;0;0;0;0;0;0;0;0;0;0;0;0;0;0;0;0;-20.34;0;0;0;0;0.0004;0;0;0;0;0;0;0;-0.0004;-0.0884;0;0;0;0;0;0;0;0;0;-0.7063;0;0.7063;1;1;0;0;0;0
13/02/21 00:00;0;0;90;0;0;90;0;0;0;0;19.6;1.3599;0;0;0;0;0;0;0;0;0;0;0;0;0;1;1;1;1;0;0;0;0;0;0;0;0;0;0;0;0;0;0;0;0;0;0;0;0;0;0;0;0;0;0;0;0;0;0;0;0;0;0;0;1;1;1;1;1;1;1;1;1;1;1;1;1;1;1;1;1;1;1;0;0;0;0;0;0;0;0;0;0.0004;0.088;0;-0.0884;0;0;0;0;0;0;0;0;0;0;0;0;0;0;0;0;0;0;0;-19.6;0;0;0;0;0.0004;0;0;0;0;0;0;0;-0.0004;-0.0884;0;0;0;0;0;0;0;0;0;-0.7063;0;0.7063;1;1;0;0;0;0
13/02/21 01:00;0;0;90;0;0;90;0;0;0;0;19.68;1.4499;0;0;0;0;0;0;0;0;0;0;0;0;0;1;1;1;1;0;0;0;0;0;0;0;0;0;0;0;0;0;0;0;0;0;0;0;0;0;0;0;0;0;0;0;0;0;0;0;0;0;0;0;1;1;1;1;1;1;1;1;1;1;1;1;1;1;1;1;1;1;1;0;0;0;0;0;0;0;0;0;0.0004;0.088;0;-0.0884;0;0;0;0;0;0;0;0;0;0;0;0;0;0;0;0;0;0;0;-19.68;0;0;0;0;0.0004;0;0;0;0;0;0;0;-0.0004;-0.0884;0;0;0;0;0;0;0;0;0;-0.7063;0;0.7063;1;1;0;0;0;0
13/02/21 02:00;0;0;90;0;0;90;0;0;0;0;18.84;1.55;0;0;0;0;0;0;0;0;0;0;0;0;0;1;1;1;1;0;0;0;0;0;0;0;0;0;0;0;0;0;0;0;0;0;0;0;0;0;0;0;0;0;0;0;0;0;0;0;0;0;0;0;1;1;1;1;1;1;1;1;1;1;1;1;1;1;1;1;1;1;1;0;0;0;0;0;0;0;0;0;0.0004;0.088;0;-0.0884;0;0;0;0;0;0;0;0;0;0;0;0;0;0;0;0;0;0;0;-18.84;0;0;0;0;0.0004;0;0;0;0;0;0;0;-0.0004;-0.0884;0;0;0;0;0;0;0;0;0;-0.7063;0;0.7063;1;1;0;0;0;0
13/02/21 03:00;0;0;90;0;0;90;0;0;0;0;17.51;1.7;0;0;0;0;0;0;0;0;0;0;0;0;0;1;1;1;1;0;0;0;0;0;0;0;0;0;0;0;0;0;0;0;0;0;0;0;0;0;0;0;0;0;0;0;0;0;0;0;0;0;0;0;1;1;1;1;1;1;1;1;1;1;1;1;1;1;1;1;1;1;1;0;0;0;0;0;0;0;0;0;0.0004;0.088;0;-0.0884;0;0;0;0;0;0;0;0;0;0;0;0;0;0;0;0;0;0;0;-17.51;0;0;0;0;0.0004;0;0;0;0;0;0;0;-0.0004;-0.0884;0;0;0;0;0;0;0;0;0;-0.7063;0;0.7063;1;1;0;0;0;0
13/02/21 04:00;0;0;90;0;0;90;0;0;0;0;17.79;1.8301;0;0;0;0;0;0;0;0;0;0;0;0;0;1;1;1;1;0;0;0;0;0;0;0;0;0;0;0;0;0;0;0;0;0;0;0;0;0;0;0;0;0;0;0;0;0;0;0;0;0;0;0;1;1;1;1;1;1;1;1;1;1;1;1;1;1;1;1;1;1;1;0;0;0;0;0;0;0;0;0;0.0004;0.088;0;-0.0884;0;0;0;0;0;0;0;0;0;0;0;0;0;0;0;0;0;0;0;-17.79;0;0;0;0;0.0004;0;0;0;0;0;0;0;-0.0004;-0.0884;0;0;0;0;0;0;0;0;0;-0.7063;0;0.7063;1;1;0;0;0;0
13/02/21 05:00;2.521;-104.37;83.876;2.6023;3.7197;-90;-3.7197;6.3097;6.2994;0.0103;16.89;2.2399;0;0.025;6.2917;0.0026;0;0.0013;6.3206;6.3206;0;0.025;0;0;0;1;1;1;1;0;0;0;0;0;0;0;0;0;0;0;0;0;0;0;0;0;0;0;0;0;0;0;0;0;0;0;0;0;0;0;0;0;0;0;0;1;1;1;1;1;1;1;1;1;1;1;0;1;0;0;1;0;0;0;0;0;0;0;0;0;0;0;0.0004;0.088;0;-0.0884;0;0;0;0;0;0;0;0;0;0;0;0;0;0;0;0;0;0;0;-16.89;0;0;0;0;0.0004;0;0;0;0;0;0;0;-0.0004;-0.0884;0;0;0;0;0;0;0;0;0;-0.7063;0;0.7063;1;1;0;0;0;0
13/02/21 06:00;11.137;-98.38;62.067;11.254;16.995;-90;-16.995;167.9;27.699;140.2;17.69;2.6901;0;340.03;13.044;34.835;0;0.7332;388.64;0;388.64;340.03;34.835;13.044;0.7332;0.8749;0.0355;0;0.0019;387.8;0.8428;0;0;0.2304;0.6124;369.41;17.613;15.529;1.591;0.4653;0.0269;387.02;0.7756;0.6801;0.0697;0.0256;0.0002;369.42;323.82;33.174;12.323;0.0937;8.7559;7.0047;2.8392;0.0265;0.0946;1.3607;0.0137;1.4288;0;1;0;0;2.3147;0.9978;1;1;0.9823;0.1648;0.9545;0.9542;1;0.9636;0.7769;0.998;0.998;1;0.998;0.998;0.9505;0.9447;0.1278;1.1671;1.1155;0.0067;0.0118;0.0308;0.0075;0.0265;0.0003;0;0;0.088;0;0.9032;0;0;0;0;0;0;0;0;0;0;0;0;0.0213;0.0031;1.0076;1.0076;0;32.768;32.768;15.078;0.0408;958.6;1051.1;1;0.0163;0.0163;0;0;0;0;0;0;0.9912;0.9032;0;16.446;19.044;14.743;17.072;98.38;98.38;9.3274;8.0525;7.2187;1.2749;0.8337;0.1367;0.0894;0.7739;7.9986;0.7719;0
13/02/21 07:00;23.36;-89.995;15.919;23.36;50.721;-90;-50.721;390.5;64.397;326.1;18.8;3.62;0;790.88;21.689;91.761;0;14.328;918.66;0;918.66;790.88;91.761;21.689;14.328;0.8609;0.0392;0;0.0156;903.13;15.534;0;0;2.1399;13.395;900.15;1.1712;0.434;0.0504;0.6491;0.0377;901.32;1.8063;1.5818;0.1835;0.0391;0.0019;900.69;788.87;91.527;18.861;0.8934;18.842;15.073;6.1884;2.0085;0.3253;4.6792;0.5441;2.996;0;1;0;0;2.3525;0.9831;1;1;0.9013;0.0651;0.9987;0.9995;1;0.9667;0.9595;0.998;0.998;1;0.998;0.998;0.9798;0.8696;0.0624;2.7587;2.7226;0.0164;-0.0019;0.298;0.0169;0.0598;0.0008;0;0;0.088;0;2.142;0;0;0;0;0;0;0;0;0;0;0;0;0.0482;0.0163;2.2682;2.2682;0;56.148;56.148;37.348;0.0415;2348;966.01;1;0.0382;0.0382;0;0;0;0;0;0;2.23;2.142;0;15.662;18.137;14.791;17.128;98.318;98.318;22.048;18.127;17.119;3.9208;1.0083;0.1778;0.0457;0.7764;17.059;0.7735;0
13/02/21 08:00;35.577;-80.771;7.4956;35.931;54.069;-90;-54.069;612.9;101.1;511.79;19.61;4.3199;0;872.16;29.805;108.27;0;25.324;1035.6;0;1035.6;872.16;108.27;29.805;25.324;0.8422;0.0532;0;0.0245;1008.6;26.948;0;0;3.2261;23.722;1005.4;1.2177;0.2254;0.028;0.8986;0.0658;1006.6;2.0172;1.7443;0.2165;0.0532;0.0032;1010.6;870.19;108.03;25.628;1.5334;197.33;157.87;61.079;3.4517;2.5066;36.057;5.2011;35.112;0;1;0;0;1.6896;0.974;1;1;0.8918;0.0633;0.9988;0.9997;1;0.9661;0.9589;0.998;0.998;1;0.998;0.998;0.9709;0.8598;0.0605;3.1098;3.1198;0.0188;0.0012;0.4001;0.0189;0.067;0.0062;0;0;0.088;0;2.4005;0;0;0;0;0;0;0;0;0;0;0;0;0.054;0.021;2.5326;2.5326;0;61.513;61.513;41.903;0.0417;2683.8;943.64;1;0.0441;0.0441;0;0;0;0;0;0;2.4885;2.4005;0;15.514;17.965;14.705;17.028;98.26;98.26;24.854;20.24;19.185;4.6133;1.0554;0.1856;0.0425;0.7719;24.276;0.7523;0
13/02/21 09:00;47.424;-69.294;13.84;49.323;40.677;-90;-40.677;770;128.5;641.49;22.49;4.74;0;845.85;42.668;105.45;0;18.603;1012.6;0;1012.6;845.85;105.45;42.668;18.603;0.8354;0.0605;0;0.0184;992.42;20.15;0;0;3.0523;17.098;988.58;1.8631;0.4036;0.0503;1.2801;0.1291;990.44;1.9848;1.6917;0.2109;0.0792;0.003;993.8;843.76;105.19;38.256;1.3732;361.71;289.37;116.23;1.8456;4.0258;57.91;5.2229;60.091;0;1;0;0;1.315;0.9801;1;1;0.9285;0.0809;0.9981;0.9995;1;0.9676;0.9141;0.998;0.998;1;0.998;0.998;0.9763;0.8966;0.0738;3.0408;3.1153;0.0188;0.0012;0.4248;0.0187;0.0663;0.0099;0;0;0.088;0;2.3703;0;0;0;0;0;0;0;0;0;0;0;0;0.0534;0.0209;2.5013;2.5013;0;63.769;63.769;41.279;0.0418;2678.3;933.91;1;0.043;0.043;0;0;0;0;0;0;2.4583;2.3703;0;15.67;18.146;14.849;17.195;98.279;98.279;24.302;19.991;18.943;4.3112;1.0473;0.1774;0.0431;0.7795;30.568;0.7475;0
13/02/21 10:00;58.181;-52.773;18.6;63.708;26.292;-90;-26.292;938.21;154.8;783.41;24.22;5.0801;0;873.81;50.108;113.72;0;9.7057;1047.3;0;1047.3;873.81;113.72;50.108;9.7057;0.8343;0.0571;0;0.0093;1037.2;10.162;0;0;1.804;8.3579;1032.6;2.4922;0.5603;0.0729;1.5941;0.2649;1035.1;2.0744;1.7476;0.2274;0.0966;0.0027;1035.2;871.5;113.42;46.614;1.0802;512.42;409.94;166.11;0.4812;5.4698;78.68;2.5455;83.669;0;1;0;0;1.1163;0.9903;1;1;0.964;0.1389;0.9976;0.9994;1;0.9669;0.8031;0.998;0.998;1;0.998;0.998;0.9859;0.9303;0.1113;3.1452;3.2837;0.0198;0.0036;0.491;0.0194;0.0687;0.0133;0;0;0.088;0;2.4566;0;0;0;0;0;0;0;0;0;0;0;0;0.0554;0.0232;2.5893;2.5893;0;67.473;67.473;43.253;0.0419;2824;916.89;1;0.0447;0.0447;0;0;0;0;0;0;2.5446;2.4566;0;15.683;18.161;14.88;17.23;98.274;98.274;25.136;20.694;19.633;4.4422;1.0605;0.1767;0.0422;0.7811;32.235;0.7395;0
13/02/21 11:00;66.079;-26.06;21.362;78.973;11.027;-90;-11.027;1025.8;169.3;856.5;25.4;5.38;0;872.61;55.458;115.46;0;1.894;1045.4;0;1045.4;872.61;115.46;55.458;1.894;0.8347;0.0549;0;0.0018;1043.4;2.0516;0;0;0.4729;1.5787;1038.3;3.0061;0.6426;0.085;2.2078;0.0707;1041.3;2.0867;1.7452;0.2309;0.11;0.0006;1038.7;870.23;115.14;52.667;0.2439;597.75;478.2;190.31;0.0238;6.5705;94.514;0.384;101.06;0;1;0;0;1.0191;0.998;1;1;0.9915;0.1665;0.9971;0.9993;1;0.9598;0.7752;0.998;0.998;1;0.998;0.998;0.9932;0.9497;0.1288;3.1394;3.3276;0.02;0.0044;0.5151;0.0195;0.0692;0.0158;0;0;0.088;0;2.4712;0;0;0;0;0;0;0;0;0;0;0;0;0.0557;0.0238;2.604;2.604;0;68.944;68.944;43.544;0.0419;2860.9;910.2;1;0.0449;0.0449;0;0;0;0;0;0;2.5592;2.4712;0;15.801;18.298;14.995;17.364;98.277;98.277;25.09;20.811;19.75;4.2786;1.0618;0.1705;0.0423;0.7871;33.331;0.7372;0
13/02/21 12:00;67.689;11.499;21.84;85.323;4.6766;90;4.6766;1036;170.8;865.2;26.43;5.62;0;868.09;56.594;114.5;0;0.3449;1039.5;0;1039.5;868.09;114.5;56.594;0.3449;0.8351;0.0548;0;0.0003;1039.1;0.4089;0;0;0.1203;0.2886;1033.8;3.2199;0.6536;0.0862;2.4676;0.0126;1037;2.0782;1.7362;0.229;0.1129;0.0001;1033.8;865.7;114.18;53.893;0.0437;609.75;487.8;195.42;0.0003;6.6175;95.19;0.0285;101.81;0;1;0;0;1.0034;0.9996;1;1;0.9979;0.1633;0.9969;0.9992;1;0.9562;0.7765;0.998;0.998;1;0.998;0.998;0.9945;0.9523;0.1266;3.1217;3.3145;0.02;0.0042;0.5236;0.0194;0.0687;0.0159;0;0;0.088;0;2.4517;0;0;0;0;0;0;0;0;0;0;0;0;0.0553;0.0236;2.5839;2.5839;0;69.818;69.818;43.388;0.042;2849.8;906.7;1;0.0443;0.0443;0;0;0;0;0;0;2.5397;2.4517;0;15.768;18.26;14.961;17.325;98.286;98.286;24.948;20.651;19.594;4.2976;1.0573;0.1723;0.0424;0.7854;33.596;0.735;0
13/02/21 13:00;61.892;43.505;19.981;69.812;20.188;90;20.188;984.31;162.6;821.71;27.53;5.8101;0;875.5;52.718;115.3;0;6.0473;1049.6;0;1049.6;875.5;115.3;52.718;6.0473;0.8342;0.056;0;0.0058;1043.2;6.3303;0;0;1.2447;5.0857;1038.5;2.6647;0.603;0.0794;1.7701;0.2121;1041.1;2.0865;1.751;0.2306;0.1029;0.0019;1040;873.14;114.99;49.6;0.7477;556.18;444.95;180.34;0.1961;5.9125;85.049;1.4791;90.766;0;1;0;0;1.0663;0.994;1;1;0.9764;0.159;0.9974;0.9993;1;0.9655;0.779;0.998;0.998;1;0.998;0.998;0.9894;0.9409;0.1236;3.1518;3.3115;0.0199;0.0041;0.5393;0.0192;0.0682;0.0141;0;0;0.088;0;2.4363;0;0;0;0;0;0;0;0;0;0;0;0;0.0549;0.0236;2.5681;2.5681;0;71.163;71.163;43.633;0.042;2848.5;901.57;1;0.0438;0.0438;0;0;0;0;0;0;2.5243;2.4363;0;15.522;17.974;14.725;17.052;98.295;98.295;25.189;20.524;19.471;4.6652;1.0532;0.1852;0.0418;0.773;32.783;0.7288;0
13/02/21 14:00;51.983;63.438;15.987;55.037;34.963;90;34.963;874.7;148.8;725.9;27.87;5.92;0;885.77;46.264;119.51;0;15.786;1067.3;0;1067.3;885.77;119.51;46.264;15.786;0.8299;0.0581;0;0.0148;1050.5;16.831;0;0;2.624;14.207;1046.2;2.1831;0.4881;0.0659;1.4059;0.2232;1048.4;2.101;1.7715;0.239;0.0873;0.0032;1050.7;883.51;119.21;42.147;1.353;443.01;354.41;144.48;1.1915;4.7227;67.934;4.4735;71.465;0;1;0;0;1.2202;0.9842;1;1;0.9433;0.1;0.9979;0.9994;1;0.9677;0.8584;0.998;0.998;1;0.998;0.998;0.9802;0.911;0.0857;3.2052;3.3078;0.0199;0.004;0.5471;0.0192;0.0679;0.0112;0;0;0.088;0;2.4287;0;0;0;0;0;0;0;0;0;0;0;0;0.0547;0.0235;2.5602;2.5602;0;71.854;71.854;43.984;0.042;2846.9;899.28;1;0.0435;0.0435;0;0;0;0;0;0;2.5167;2.4287;0;15.216;17.62;14.435;16.715;98.3;98.3;25.616;20.461;19.41;5.1549;1.0512;0.2012;0.041;0.7577;31.624;0.7233;0
13/02/21 15:00;40.455;76.501;10.231;41.249;48.751;90;48.751;692.4;144.1;548.3;27.78;5.84;0;831.6;47.381;131.94;0;23.588;1034.5;0;1034.5;831.6;131.94;47.381;23.588;0.8039;0.0686;0;0.0228;1008;26.481;0;0;4.422;22.059;1004.2;1.8238;0.2933;0.0465;1.4144;0.0696;1006;2.0161;1.6632;0.2639;0.0859;0.0031;1009.7;829.65;131.63;41.459;1.4564;276.49;221.19;88.216;3.8222;3.2748;47.107;5.5115;46.559;0;1;0;0;1.4941;0.9744;1;1;0.9067;0.0648;0.9982;0.9996;1;0.967;0.9544;0.998;0.998;1;0.998;0.998;0.9707;0.875;0.0617;3.1066;3.1404;0.0189;0.0015;0.4982;0.0184;0.0651;0.0079;0;0;0.088;0;2.3275;0;0;0;0;0;0;0;0;0;0;0;0;0.0524;0.0213;2.4568;2.4568;0;69.927;69.927;42.147;0.042;2704.1;908.54;1;0.0413;0.0413;0;0;0;0;0;0;2.4155;2.3275;0;15.065;17.445;14.272;16.527;98.318;98.318;24.828;19.635;18.601;5.1937;1.0336;0.2092;0.0416;0.7492;36.538;0.7245;0
13/02/21 16:00;28.333;86.416;3.5455;28.38;60;90;60;472.09;151.2;320.89;27.7;5.28;0;674.85;58.624;153.59;0;23.605;910.67;0;910.67;674.85;153.59;58.624;23.605;0.741;0.0903;0;0.0259;881.14;29.534;0;0;7.3932;22.141;877.37;2.0088;0.0825;0.0188;1.8081;0.0995;879.38;1.7623;1.3497;0.3072;0.1025;0.0029;881.09;673.42;153.27;49.32;1.3611;105.05;84.043;36.825;9.8067;1.5723;22.617;3.7182;14.383;0;1;0;0;1.929;0.9676;1;1;0.8739;0.062;0.9977;0.9999;1;0.9646;0.9319;0.998;0.998;1;0.998;0.998;0.9634;0.8413;0.0577;2.7348;2.7014;0.0163;-0.002;0.3756;0.0162;0.0574;0.0039;0;0;0.088;0;2.0487;0;0;0;0;0;0;0;0;0;0;0;0;0.0462;0.016;2.1718;2.1718;0;64.352;64.352;36.652;0.0418;2328;932.91;1;0.0351;0.0351;0;0;0;0;0;0;2.1367;2.0487;0;15.129;17.519;14.271;16.526;98.384;98.384;21.856;17.357;16.374;4.4989;0.9837;0.2058;0.045;0.7491;51.036;0.7355;0
13/02/21 17:00;16.078;95.018;47.805;16.136;26.244;90;26.244;240;139.3;100.7;26.89;3.48;0;244.23;97.798;87.761;0;2.4739;432.27;0;432.27;244.23;87.761;97.798;2.4739;0.565;0.232;0;0.0057;426.62;5.6526;0;0;3.5169;2.1356;418.79;6.9724;2.7907;1.0028;3.1119;0.067;425.76;0.8532;0.4885;0.1755;0.1886;0.0007;419.1;240.96;86.583;90.981;0.2706;63.567;50.854;20.298;0.9291;0.7551;10.861;0.312;10.687;0;1;0;0;1.8011;0.9869;1;1;0.964;0.1367;0.9836;0.9886;1;0.9669;0.8015;0.998;0.998;1;0.998;0.998;0.9688;0.9303;0.1094;1.2981;1.2852;0.0077;0.0094;0.0877;0.0083;0.0293;0.002;0;0;0.088;0;1.008;0;0;0;0;0;0;0;0;0;0;0;0;0.0236;0.004;1.1132;1.1132;0;44.135;44.135;17.245;0.0412;1106.3;1006.3;1;0.0172;0.0172;0;0;0;0;0;0;1.096;1.008;0;16.337;18.918;14.792;17.129;98.451;98.451;10.374;8.8968;8.0557;1.4776;0.8411;0.1424;0.0811;0.7765;62.897;0.7622;0
13/02/21 18:00;4.9734;102.63;77.863;5.0962;7.3448;90;7.3448;31.392;30.898;0.4939;25.37;3.1999;0;1.1979;30.646;0.305;0;0.0258;32.175;0;32.175;1.1979;0.305;30.646;0.0258;0.0372;0.9533;0;0.0008;32.02;0.1553;0;0;0.1337;0.0215;30.283;1.6721;0.3025;0.077;1.2916;0.0009;31.956;0.064;0.0024;0.0006;0.061;0;30.287;0.893;0.2274;29.16;0.0033;18.269;14.616;5.565;0.0025;0.2173;3.1256;0.0032;3.3404;0;1;0;0;1.0249;0.9952;1;1;0.9956;0.1645;0.9477;0.7469;1;0.9576;0.7754;0.998;0.998;1;0.998;0.998;0.9412;0.9515;0.1273;0.0966;0.0978;0.0006;0.0111;0.0006;0.0006;0.0021;0.0005;0;0;0.088;0;-0.0113;0;0;0;0;0;0;0;0;0;0;0;0;0.0017;0.0001;0.0805;0.0805;0;26.631;26.631;1.261;0.0416;82.039;980.7;1;0.0038;0.0038;0;0;0;0;0;0;0.0767;-0.0113;0;15.863;18.369;-2.2345;-2.5875;95.291;95.291;0.7722;0.643;-0.0906;0.1292;0.7336;0.1673;0.95;0;18.266;0;0
13/02/21 19:00;0;0;90;0;0;90;0;0;0;0;22.67;3.0901;0;0;0;0;0;0;0;0;0;0;0;0;0;1;1;1;1;0;0;0;0;0;0;0;0;0;0;0;0;0;0;0;0;0;0;0;0;0;0;0;0;0;0;0;0;0;0;0;0;0;0;0;1;1;1;1;1;1;1;1;1;1;1;1;1;1;1;1;1;1;1;0;0;0;0;0;0;0;0;0;0.0004;0.088;0;-0.0884;0;0;0;0;0;0;0;0;0;0;0;0;0;0;0;0;0;0;0;-22.67;0;0;0;0;0.0004;0;0;0;0;0;0;0;-0.0004;-0.0884;0;0;0;0;0;0;0;0;0;-0.7063;0;0.7063;1;1;0;0;0;0
13/02/21 20:00;0;0;90;0;0;90;0;0;0;0;19.64;2.59;0;0;0;0;0;0;0;0;0;0;0;0;0;1;1;1;1;0;0;0;0;0;0;0;0;0;0;0;0;0;0;0;0;0;0;0;0;0;0;0;0;0;0;0;0;0;0;0;0;0;0;0;1;1;1;1;1;1;1;1;1;1;1;1;1;1;1;1;1;1;1;0;0;0;0;0;0;0;0;0;0.0004;0.088;0;-0.0884;0;0;0;0;0;0;0;0;0;0;0;0;0;0;0;0;0;0;0;-19.64;0;0;0;0;0.0004;0;0;0;0;0;0;0;-0.0004;-0.0884;0;0;0;0;0;0;0;0;0;-0.7063;0;0.7063;1;1;0;0;0;0
13/02/21 21:00;0;0;90;0;0;90;0;0;0;0;20.59;2.18;0;0;0;0;0;0;0;0;0;0;0;0;0;1;1;1;1;0;0;0;0;0;0;0;0;0;0;0;0;0;0;0;0;0;0;0;0;0;0;0;0;0;0;0;0;0;0;0;0;0;0;0;1;1;1;1;1;1;1;1;1;1;1;1;1;1;1;1;1;1;1;0;0;0;0;0;0;0;0;0;0.0004;0.088;0;-0.0884;0;0;0;0;0;0;0;0;0;0;0;0;0;0;0;0;0;0;0;-20.59;0;0;0;0;0.0004;0;0;0;0;0;0;0;-0.0004;-0.0884;0;0;0;0;0;0;0;0;0;-0.7063;0;0.7063;1;1;0;0;0;0
13/02/21 22:00;0;0;90;0;0;90;0;0;0;0;18.9;3.4101;0;0;0;0;0;0;0;0;0;0;0;0;0;1;1;1;1;0;0;0;0;0;0;0;0;0;0;0;0;0;0;0;0;0;0;0;0;0;0;0;0;0;0;0;0;0;0;0;0;0;0;0;1;1;1;1;1;1;1;1;1;1;1;1;1;1;1;1;1;1;1;0;0;0;0;0;0;0;0;0;0.0004;0.088;0;-0.0884;0;0;0;0;0;0;0;0;0;0;0;0;0;0;0;0;0;0;0;-18.9;0;0;0;0;0.0004;0;0;0;0;0;0;0;-0.0004;-0.0884;0;0;0;0;0;0;0;0;0;-0.7063;0;0.7063;1;1;0;0;0;0
13/02/21 23:00;0;0;90;0;0;90;0;0;0;0;17.95;4.5;0;0;0;0;0;0;0;0;0;0;0;0;0;1;1;1;1;0;0;0;0;0;0;0;0;0;0;0;0;0;0;0;0;0;0;0;0;0;0;0;0;0;0;0;0;0;0;0;0;0;0;0;1;1;1;1;1;1;1;1;1;1;1;1;1;1;1;1;1;1;1;0;0;0;0;0;0;0;0;0;0.0004;0.088;0;-0.0884;0;0;0;0;0;0;0;0;0;0;0;0;0;0;0;0;0;0;0;-17.95;0;0;0;0;0.0004;0;0;0;0;0;0;0;-0.0004;-0.0884;0;0;0;0;0;0;0;0;0;-0.7063;0;0.7063;1;1;0;0;0;0
14/02/21 00:00;0;0;90;0;0;90;0;0;0;0;17.17;4.5301;0;0;0;0;0;0;0;0;0;0;0;0;0;1;1;1;1;0;0;0;0;0;0;0;0;0;0;0;0;0;0;0;0;0;0;0;0;0;0;0;0;0;0;0;0;0;0;0;0;0;0;0;1;1;1;1;1;1;1;1;1;1;1;1;1;1;1;1;1;1;1;0;0;0;0;0;0;0;0;0;0.0004;0.088;0;-0.0884;0;0;0;0;0;0;0;0;0;0;0;0;0;0;0;0;0;0;0;-17.17;0;0;0;0;0.0004;0;0;0;0;0;0;0;-0.0004;-0.0884;0;0;0;0;0;0;0;0;0;-0.7063;0;0.7063;1;1;0;0;0;0
14/02/21 01:00;0;0;90;0;0;90;0;0;0;0;16.31;4.35;0;0;0;0;0;0;0;0;0;0;0;0;0;1;1;1;1;0;0;0;0;0;0;0;0;0;0;0;0;0;0;0;0;0;0;0;0;0;0;0;0;0;0;0;0;0;0;0;0;0;0;0;1;1;1;1;1;1;1;1;1;1;1;1;1;1;1;1;1;1;1;0;0;0;0;0;0;0;0;0;0.0004;0.088;0;-0.0884;0;0;0;0;0;0;0;0;0;0;0;0;0;0;0;0;0;0;0;-16.31;0;0;0;0;0.0004;0;0;0;0;0;0;0;-0.0004;-0.0884;0;0;0;0;0;0;0;0;0;-0.7063;0;0.7063;1;1;0;0;0;0
14/02/21 02:00;0;0;90;0;0;90;0;0;0;0;15.5;4.1401;0;0;0;0;0;0;0;0;0;0;0;0;0;1;1;1;1;0;0;0;0;0;0;0;0;0;0;0;0;0;0;0;0;0;0;0;0;0;0;0;0;0;0;0;0;0;0;0;0;0;0;0;1;1;1;1;1;1;1;1;1;1;1;1;1;1;1;1;1;1;1;0;0;0;0;0;0;0;0;0;0.0004;0.088;0;-0.0884;0;0;0;0;0;0;0;0;0;0;0;0;0;0;0;0;0;0;0;-15.5;0;0;0;0;0.0004;0;0;0;0;0;0;0;-0.0004;-0.0884;0;0;0;0;0;0;0;0;0;-0.7063;0;0.7063;1;1;0;0;0;0
14/02/21 03:00;0;0;90;0;0;90;0;0;0;0;15.74;4.1301;0;0;0;0;0;0;0;0;0;0;0;0;0;1;1;1;1;0;0;0;0;0;0;0;0;0;0;0;0;0;0;0;0;0;0;0;0;0;0;0;0;0;0;0;0;0;0;0;0;0;0;0;1;1;1;1;1;1;1;1;1;1;1;1;1;1;1;1;1;1;1;0;0;0;0;0;0;0;0;0;0.0004;0.088;0;-0.0884;0;0;0;0;0;0;0;0;0;0;0;0;0;0;0;0;0;0;0;-15.74;0;0;0;0;0.0004;0;0;0;0;0;0;0;-0.0004;-0.0884;0;0;0;0;0;0;0;0;0;-0.7063;0;0.7063;1;1;0;0;0;0
14/02/21 04:00;0;0;90;0;0;90;0;0;0;0;13.98;3.94;0;0;0;0;0;0;0;0;0;0;0;0;0;1;1;1;1;0;0;0;0;0;0;0;0;0;0;0;0;0;0;0;0;0;0;0;0;0;0;0;0;0;0;0;0;0;0;0;0;0;0;0;1;1;1;1;1;1;1;1;1;1;1;1;1;1;1;1;1;1;1;0;0;0;0;0;0;0;0;0;0.0004;0.088;0;-0.0884;0;0;0;0;0;0;0;0;0;0;0;0;0;0;0;0;0;0;0;-13.98;0;0;0;0;0.0004;0;0;0;0;0;0;0;-0.0004;-0.0884;0;0;0;0;0;0;0;0;0;-0.7063;0;0.7063;1;1;0;0;0;0
14/02/21 05:00;2.5238;-103.95;83.869;2.6004;3.7169;-90;-3.7169;3.692;3.692;0;13.67;4.51;0;0;3.6882;0;0;0.0008;3.6889;3.6889;0;0;0;0;0;1;1;1;1;0;0;0;0;0;0;0;0;0;0;0;0;0;0;0;0;0;0;0;0;0;0;0;0;0;0;0;0;0;0;0;0;0;0;0;0;1;1;1;1;1;1;1;1;1;1;1;1;1;0;0;1;0;0;0;0;0;0;0;0;0;0;0;0.0004;0.088;0;-0.0884;0;0;0;0;0;0;0;0;0;0;0;0;0;0;0;0;0;0;0;-13.67;0;0;0;0;0.0004;0;0;0;0;0;0;0;-0.0004;-0.0884;0;0;0;0;0;0;0;0;0;-0.7063;0;0.7063;1;1;0;0;0;0
14/02/21 06:00;10.95;-98.091;62.57;11.057;16.662;-90;-16.662;151.61;28.903;122.71;16.5;5.38;0;297.59;15.232;32.363;0;0.6365;345.83;0;345.83;297.59;32.363;15.232;0.6365;0.8605;0.0459;0;0.0018;345.03;0.7918;0;0;0.2603;0.5315;327.92;16.428;14.302;1.5554;0.5469;0.0234;344.34;0.6901;0.5952;0.0647;0.0299;0.0002;327.94;282.7;30.743;14.395;0.0814;9.9945;7.9956;2.8482;0.0288;0.1334;1.919;0.019;2.0236;0;1;0;0;2.2811;0.9977;1;1;0.9829;0.165;0.9523;0.9518;1;0.9634;0.7767;0.998;0.998;1;0.998;0.998;0.9482;0.945;0.1279;1.0385;0.9917;0.006;0.0135;0.0172;0.0067;0.0237;0.0004;0;0;0.088;0;0.7998;0;0;0;0;0;0;0;0;0;0;0;0;0.0191;0.0025;0.9027;0.9027;0;29.862;29.862;13.362;0.0407;850.94;1060.8;1;0.0149;0.0149;0;0;0;0;0;0;0.8878;0.7998;0;16.559;19.174;14.672;16.989;98.353;98.353;8.2998;7.2143;6.3922;1.0855;0.8221;0.1308;0.0991;0.7702;9.3279;0.767;0
14/02/21 07:00;23.178;-89.683;17.34;23.178;49.484;-90;-49.484;375.1;65.502;309.6;19.36;4.5499;0;750.87;23.655;89.307;0;13.141;876.97;0;876.97;750.87;89.307;23.655;13.141;0.8562;0.042;0;0.015;862.45;14.523;0;0;2.2518;12.271;859.48;1.2461;0.4488;0.0534;0.7067;0.0371;860.73;1.7249;1.5017;0.1786;0.0428;0.0017;859.88;748.92;89.075;20.654;0.8316;20.073;16.058;7.2551;2.0098;0.295;4.2441;0.3989;2.5293;0;1;0;0;2.338;0.9834;1;1;0.9048;0.0662;0.9986;0.9994;1;0.9669;0.9573;0.998;0.998;1;0.998;0.998;0.9801;0.8731;0.0633;2.6336;2.5988;0.0156;-0.0022;0.274;0.0162;0.0574;0.0008;0;0;0.088;0;2.0519;0;0;0;0;0;0;0;0;0;0;0;0;0.0462;0.0149;2.1759;2.1759;0;54.987;54.987;35.627;0.0415;2241.5;970.75;1;0.036;0.036;0;0;0;0;0;0;2.1399;2.0519;0;15.74;18.226;14.843;17.187;98.346;98.346;21.047;17.39;16.399;3.6575;0.991;0.1738;0.0471;0.7791;18.375;0.7763;0
14/02/21 08:00;35.389;-80.423;7.7953;35.769;54.231;-90;-54.231;596.1;98.402;497.7;21.2;3.2699;0;851.46;30.078;103.4;0;24.767;1009.7;0;1009.7;851.46;103.4;30.078;24.767;0.8433;0.0543;0;0.0245;983.23;26.47;0;0;3.2697;23.201;980.04;1.2286;0.2288;0.0278;0.9073;0.0647;981.26;1.9665;1.7029;0.2068;0.0536;0.0031;985.14;849.53;103.16;25.848;1.4981;190.9;152.72;58.922;3.5199;2.4472;35.203;5.099;34.13;0;1;0;0;1.6939;0.9738;1;1;0.8913;0.0632;0.9987;0.9997;1;0.9661;0.9586;0.998;0.998;1;0.998;0.998;0.9706;0.8593;0.0605;3.0321;3.0413;0.0183;0.0003;0.3964;0.0184;0.0652;0.0061;0;0;0.088;0;2.3338;0;0;0;0;0;0;0;0;0;0;0;0;0.0525;0.02;2.4642;2.4642;0;62.065;62.065;40.864;0.0417;2617.1;941.56;1;0.0423;0.0423;0;0;0;0;0;0;2.4218;2.3338;0;15.482;17.927;14.663;16.979;98.282;98.282;24.233;19.694;18.652;4.5392;1.0417;0.1873;0.043;0.7697;24.54;0.7501;0
14/02/21 09:00;47.215;-68.899;14.155;49.19;40.81;-90;-40.81;784.7;129.2;655.5;22.99;2.4601;0;866.05;41.049;108.96;0;19.077;1035.1;0;1035.1;866.05;108.96;41.049;19.077;0.8367;0.0581;0;0.0184;1014.7;20.49;0;0;2.9506;17.54;1010.8;1.8375;0.4226;0.0532;1.2312;0.1305;1012.6;2.0293;1.7321;0.2179;0.0762;0.0031;1016;863.9;108.69;36.791;1.4042;367.37;293.89;119.2;1.7958;4.0083;57.658;5.1901;59.87;0;1;0;0;1.3191;0.9802;1;1;0.9281;0.0806;0.9982;0.9995;1;0.9676;0.915;0.998;0.998;1;0.998;0.998;0.9765;0.8963;0.0736;3.1085;3.1816;0.0192;0.0021;0.4506;0.019;0.0673;0.0098;0;0;0.088;0;2.406;0;0;0;0;0;0;0;0;0;0;0;0;0.0542;0.0218;2.5377;2.5377;0;65.25;65.25;42.26;0.0418;2736.7;927.3;1;0.0437;0.0437;0;0;0;0;0;0;2.494;2.406;0;15.552;18.009;14.744;17.074;98.276;98.276;24.843;20.281;19.229;4.5619;1.0529;0.1836;0.0424;0.774;29.441;0.743;0
14/02/21 10:00;57.93;-52.341;18.929;63.617;26.383;-90;-26.383;922.89;152.1;770.8;23.69;2.04;0;860.41;50.452;110.37;0;9.6126;1030.8;0;1030.8;860.41;110.37;50.452;9.6126;0.8347;0.0583;0;0.0093;1020.7;10.108;0;0;1.8265;8.2813;1016.2;2.4985;0.5614;0.072;1.604;0.261;1018.7;2.0415;1.7208;0.2207;0.0973;0.0027;1018.7;858.13;110.08;46.925;1.0676;503.83;403.07;163.35;0.4904;5.3779;77.359;2.5241;82.246;0;1;0;0;1.117;0.9902;1;1;0.9638;0.1385;0.9975;0.9993;1;0.9669;0.8035;0.998;0.998;1;0.998;0.998;0.9858;0.9301;0.1111;3.0956;3.2314;0.0195;0.0028;0.4686;0.0192;0.068;0.0131;0;0;0.088;0;2.4307;0;0;0;0;0;0;0;0;0;0;0;0;0.0548;0.0225;2.5629;2.5629;0;66.211;66.211;42.52;0.0418;2778.5;922.41;1;0.0442;0.0442;0;0;0;0;0;0;2.5187;2.4307;0;15.772;18.263;14.958;17.321;98.275;98.275;24.74;20.483;19.426;4.2576;1.0567;0.1721;0.0427;0.7852;32.475;0.7434;0
14/02/21 11:00;65.763;-25.748;21.7;78.934;11.066;-90;-11.066;1017.6;167.9;849.69;25.08;1.6601;0;865.79;55.567;113.93;0;1.892;1037.2;0;1037.2;865.79;113.93;55.567;1.892;0.8348;0.0554;0;0.0018;1035.1;2.0536;0;0;0.4766;1.577;1030;3.0143;0.6477;0.0852;2.2107;0.0707;1033.1;2.0703;1.7316;0.2279;0.1102;0.0006;1030.4;863.41;113.62;52.77;0.2437;592.93;474.34;188.78;0.0242;6.5176;93.753;0.3842;100.25;0;1;0;0;1.0192;0.998;1;1;0.9914;0.1665;0.9971;0.9993;1;0.9598;0.7752;0.998;0.998;1;0.998;0.998;0.9931;0.9497;0.1288;3.1147;3.3012;0.0199;0.0039;0.5029;0.0194;0.0689;0.0158;0;0;0.088;0;2.459;0;0;0;0;0;0;0;0;0;0;0;0;0.0555;0.0234;2.5916;2.5916;0;68.254;68.254;43.174;0.0419;2838.1;913.17;1;0.0446;0.0446;0;0;0;0;0;0;2.547;2.459;0;15.851;18.355;15.04;17.416;98.277;98.277;24.892;20.712;19.652;4.1801;1.0601;0.1679;0.0426;0.7895;33.4;0.7394;0
14/02/21 12:00;67.353;11.357;22.18;85.303;4.6971;90;4.6971;1050.8;173.4;877.4;25.43;1.3401;0;880.36;55.493;118.21;0;0.3529;1054.4;0;1054.4;880.36;118.21;55.493;0.3529;0.8349;0.053;0;0.0003;1054;0.414;0;0;0.1188;0.2953;1048.7;3.1954;0.6731;0.0904;2.419;0.0129;1051.9;2.108;1.7607;0.2364;0.1107;0.0001;1048.7;877.92;117.89;52.845;0.0447;618.45;494.76;198.22;0.0003;6.7105;96.528;0.0295;103.24;0;1;0;0;1.0034;0.9996;1;1;0.9979;0.1634;0.997;0.9992;1;0.9562;0.7765;0.998;0.998;1;0.998;0.998;0.9946;0.9523;0.1266;3.1664;3.3622;0.0202;0.005;0.5262;0.0197;0.0698;0.0161;0;0;0.088;0;2.4914;0;0;0;0;0;0;0;0;0;0;0;0;0.0562;0.0242;2.6247;2.6247;0;69.43;69.43;44;0.042;2890.7;908.01;1;0.0453;0.0453;0;0;0;0;0;0;2.5794;2.4914;0;15.791;18.286;14.989;17.357;98.274;98.274;25.306;20.977;19.912;4.3292;1.0653;0.1711;0.0421;0.7868;32.944;0.7364;0
14/02/21 13:00;61.613;43.096;20.314;69.735;20.265;90;20.265;430.41;391.8;38.606;26.36;1.5901;0;41.154;367.77;13.098;0;2.6642;424.68;0;424.68;41.154;13.098;367.77;2.6642;0.0969;0.8723;0;0.0063;413.71;10.977;0;0;8.7359;2.2412;400.41;12.47;0.0288;0.0092;12.339;0.0932;412.88;0.8274;0.0823;0.0262;0.7181;0.0008;401.09;41.042;13.063;345.97;0.329;257.42;205.94;80.502;1.3774;3.013;43.341;0.6795;44.977;0;1;0;0;0.9867;0.9742;1;1;0.9762;0.1588;0.9698;0.9993;1;0.9656;0.7792;0.998;0.998;1;0.998;0.998;0.9428;0.9407;0.1235;1.2753;1.2994;0.0078;0.0092;0.0825;0.0084;0.0298;0.008;0;0;0.088;0;1.0202;0;0;0;0;0;0;0;0;0;0;0;0;0.024;0.0041;1.1256;1.1256;0;42.834;42.834;16.474;0.0411;1115.4;1009.2;1;0.0175;0.0175;0;0;0;0;0;0;1.1082;1.0202;0;16.814;19.47;15.239;17.646;98.448;98.448;10.192;8.9961;8.1532;1.1963;0.8429;0.1174;0.0827;0.7999;228.79;0.7431;0
14/02/21 14:00;51.756;63.028;16.306;54.914;35.086;90;35.086;924.4;152.5;771.89;27.61;2.2499;0;943.3;41.262;130.9;0;16.797;1132.3;0;1132.3;943.3;130.9;41.262;16.797;0.8331;0.0513;0;0.0148;1114.8;17.478;0;0;2.3532;15.125;1110.5;2.0917;0.5302;0.0736;1.2534;0.2345;1112.6;2.2296;1.8866;0.2618;0.0778;0.0033;1115.2;940.88;130.57;37.578;1.434;466.5;373.2;152.13;1.0761;4.9619;71.374;4.754;75.26;0;1;0;0;1.2249;0.9846;1;1;0.943;0.0995;0.9981;0.9994;1;0.9677;0.8594;0.998;0.998;1;0.998;0.998;0.9807;0.9107;0.0854;3.4002;3.5094;0.0211;0.008;0.6118;0.0201;0.0712;0.0117;0;0;0.088;0;2.5478;0;0;0;0;0;0;0;0;0;0;0;0;0.0573;0.0264;2.6818;2.6818;0;74.399;74.399;46.789;0.0421;3019.6;888.16;1;0.0461;0.0461;0;0;0;0;0;0;2.6358;2.5478;0;15.025;17.399;14.274;16.529;98.282;98.282;27.174;21.433;20.362;5.7409;1.0716;0.2113;0.0394;0.7493;28.232;0.7155;0
14/02/21 15:00;40.256;76.139;10.535;41.093;48.907;90;48.907;721.9;126.8;595.1;27.78;2.81;0;905.4;35.918;126.97;0;24.741;1093;0;1093;905.4;126.97;35.918;24.741;0.8283;0.0555;0;0.0226;1066.5;26.509;0;0;3.3678;23.141;1062.9;1.5194;0.3288;0.0461;1.0724;0.0721;1064.4;2.133;1.8108;0.2539;0.0651;0.0032;1068.5;903.26;126.67;31.413;1.5243;282.72;226.17;89.755;2.9315;3.3141;47.672;5.6793;48.055;0;1;0;0;1.5141;0.9757;1;1;0.9062;0.0647;0.9986;0.9996;1;0.967;0.9548;0.998;0.998;1;0.998;0.998;0.9724;0.8746;0.0616;3.2824;3.3188;0.02;0.0042;0.5565;0.0192;0.068;0.0079;0;0;0.088;0;2.4331;0;0;0;0;0;0;0;0;0;0;0;0;0.0547;0.0237;2.5647;2.5647;0;72.489;72.489;44.709;0.0421;2858.4;897.26;1;0.0436;0.0436;0;0;0;0;0;0;2.5211;2.4331;0;14.885;17.236;14.121;16.352;98.301;98.301;26.233;20.497;19.445;5.7357;1.0516;0.2186;0.0401;0.7413;27.741;0.7178;0
14/02/21 16:00;28.145;86.094;3.8846;28.2;60;90;60;459.81;159.5;300.3;27.77;3.0101;0;635.18;65.198;153.49;0;22.99;876.86;0;876.86;635.18;153.49;65.198;22.99;0.7244;0.1006;0;0.0262;847.07;29.787;0;0;8.2223;21.565;843.16;2.2134;0.0851;0.0206;2.0108;0.0969;845.38;1.6941;1.2704;0.307;0.114;0.0029;846.96;633.82;153.17;54.851;1.3257;106.04;84.835;37.062;10.906;1.6597;23.875;3.7979;14.629;0;1;0;0;1.907;0.966;1;1;0.8739;0.062;0.9974;0.9999;1;0.9646;0.9319;0.998;0.998;1;0.998;0.998;0.9616;0.8413;0.0577;2.6332;2.6013;0.0157;-0.0021;0.3489;0.0157;0.0556;0.0041;0;0;0.088;0;1.9823;0;0;0;0;0;0;0;0;0;0;0;0;0.0448;0.0149;2.1038;2.1038;0;62.953;62.953;35.183;0.0417;2242.3;938.25;1;0.0336;0.0336;0;0;0;0;0;0;2.0703;1.9823;0;15.22;17.625;14.341;16.606;98.405;98.405;21.045;16.814;15.842;4.2306;0.9715;0.201;0.0462;0.7528;56.759;0.7378;0
14/02/21 17:00;15.889;94.724;48.395;15.941;25.825;90;25.825;221.99;145.7;76.294;27.63;2.33;0;185.03;110.85;70.373;0;2.217;368.48;0;368.48;185.03;70.373;110.85;2.217;0.5022;0.3069;0;0.006;362.68;5.7951;0;0;3.885;1.9101;355.35;6.6062;2.178;0.8284;3.5384;0.0614;361.96;0.7254;0.3701;0.1407;0.2139;0.0006;355.69;182.49;69.404;103.22;0.2449;71.627;57.301;22.796;0.9949;0.8523;12.261;0.3394;12.118;0;1;0;0;1.6599;0.9843;1;1;0.965;0.1384;0.9817;0.9882;1;0.9669;0.7996;0.998;0.998;1;0.998;0.998;0.9644;0.9311;0.1105;1.1065;1.0972;0.0066;0.0121;0.0678;0.0071;0.0251;0.0023;0;0;0.088;0;0.8501;0;0;0;0;0;0;0;0;0;0;0;0;0.0202;0.003;0.953;0.953;0;42.255;42.255;14.624;0.0412;943.72;1009.9;1;0.0149;0.0149;0;0;0;0;0;0;0.9381;0.8501;0;16.407;18.999;14.635;16.947;98.432;98.432;8.8435;7.6167;6.7939;1.2268;0.8227;0.1387;0.093;0.7682;71.111;0.7496;0
14/02/21 18:00;4.9762;102.22;77.856;5.0909;7.337;90;7.337;27.505;27;0.5044;27;2.4699;0;1.2234;26.778;0.2722;0;0.0225;28.296;0;28.296;1.2234;0.2722;26.778;0.0225;0.0432;0.9471;0;0.0008;28.161;0.1355;0;0;0.1167;0.0188;26.597;1.507;0.3087;0.0687;1.1287;0.0008;28.104;0.0563;0.0024;0.0005;0.0533;0;26.6;0.9122;0.2029;25.479;0.0029;15.964;12.771;4.8627;0.0022;0.1899;2.731;0.0028;2.9187;0;1;0;0;1.0288;0.9952;1;1;0.9956;0.1645;0.9464;0.7471;1;0.9576;0.7754;0.998;0.998;1;0.998;0.998;0.94;0.9515;0.1273;0.085;0.0859;0.0005;0.0104;0.001;0.0005;0.0018;0.0005;0;0;0.088;0;-0.0219;0;0;0;0;0;0;0;0;0;0;0;0;0.0015;0.0001;0.0696;0.0696;0;28.111;28.111;1.111;0.0418;71.833;968.47;1;0.0035;0.0035;0;0;0;0;0;0;0.0661;-0.0219;0;15.596;18.06;-4.9124;-5.6885;94.997;94.997;0.6791;0.556;-0.1751;0.1231;0.7311;0.1813;1.0766;0;15.961;0;0
14/02/21 19:00;0;0;90;0;0;90;0;0;0;0;23.64;2.35;0;0;0;0;0;0;0;0;0;0;0;0;0;1;1;1;1;0;0;0;0;0;0;0;0;0;0;0;0;0;0;0;0;0;0;0;0;0;0;0;0;0;0;0;0;0;0;0;0;0;0;0;1;1;1;1;1;1;1;1;1;1;1;1;1;1;1;1;1;1;1;0;0;0;0;0;0;0;0;0;0.0004;0.088;0;-0.0884;0;0;0;0;0;0;0;0;0;0;0;0;0;0;0;0;0;0;0;-23.64;0;0;0;0;0.0004;0;0;0;0;0;0;0;-0.0004;-0.0884;0;0;0;0;0;0;0;0;0;-0.7063;0;0.7063;1;1;0;0;0;0
14/02/21 20:00;0;0;90;0;0;90;0;0;0;0;22.11;1.7599;0;0;0;0;0;0;0;0;0;0;0;0;0;1;1;1;1;0;0;0;0;0;0;0;0;0;0;0;0;0;0;0;0;0;0;0;0;0;0;0;0;0;0;0;0;0;0;0;0;0;0;0;1;1;1;1;1;1;1;1;1;1;1;1;1;1;1;1;1;1;1;0;0;0;0;0;0;0;0;0;0.0004;0.088;0;-0.0884;0;0;0;0;0;0;0;0;0;0;0;0;0;0;0;0;0;0;0;-22.11;0;0;0;0;0.0004;0;0;0;0;0;0;0;-0.0004;-0.0884;0;0;0;0;0;0;0;0;0;-0.7063;0;0.7063;1;1;0;0;0;0
14/02/21 21:00;0;0;90;0;0;90;0;0;0;0;19.6;1.9001;0;0;0;0;0;0;0;0;0;0;0;0;0;1;1;1;1;0;0;0;0;0;0;0;0;0;0;0;0;0;0;0;0;0;0;0;0;0;0;0;0;0;0;0;0;0;0;0;0;0;0;0;1;1;1;1;1;1;1;1;1;1;1;1;1;1;1;1;1;1;1;0;0;0;0;0;0;0;0;0;0.0004;0.088;0;-0.0884;0;0;0;0;0;0;0;0;0;0;0;0;0;0;0;0;0;0;0;-19.6;0;0;0;0;0.0004;0;0;0;0;0;0;0;-0.0004;-0.0884;0;0;0;0;0;0;0;0;0;-0.7063;0;0.7063;1;1;0;0;0;0
14/02/21 22:00;0;0;90;0;0;90;0;0;0;0;19;3.06;0;0;0;0;0;0;0;0;0;0;0;0;0;1;1;1;1;0;0;0;0;0;0;0;0;0;0;0;0;0;0;0;0;0;0;0;0;0;0;0;0;0;0;0;0;0;0;0;0;0;0;0;1;1;1;1;1;1;1;1;1;1;1;1;1;1;1;1;1;1;1;0;0;0;0;0;0;0;0;0;0.0004;0.088;0;-0.0884;0;0;0;0;0;0;0;0;0;0;0;0;0;0;0;0;0;0;0;-19;0;0;0;0;0.0004;0;0;0;0;0;0;0;-0.0004;-0.0884;0;0;0;0;0;0;0;0;0;-0.7063;0;0.7063;1;1;0;0;0;0
14/02/21 23:00;0;0;90;0;0;90;0;0;0;0;18.74;4.27;0;0;0;0;0;0;0;0;0;0;0;0;0;1;1;1;1;0;0;0;0;0;0;0;0;0;0;0;0;0;0;0;0;0;0;0;0;0;0;0;0;0;0;0;0;0;0;0;0;0;0;0;1;1;1;1;1;1;1;1;1;1;1;1;1;1;1;1;1;1;1;0;0;0;0;0;0;0;0;0;0.0004;0.088;0;-0.0884;0;0;0;0;0;0;0;0;0;0;0;0;0;0;0;0;0;0;0;-18.74;0;0;0;0;0.0004;0;0;0;0;0;0;0;-0.0004;-0.0884;0;0;0;0;0;0;0;0;0;-0.7063;0;0.7063;1;1;0;0;0;0
15/02/21 00:00;0;0;90;0;0;90;0;0;0;0;17.89;4.6101;0;0;0;0;0;0;0;0;0;0;0;0;0;1;1;1;1;0;0;0;0;0;0;0;0;0;0;0;0;0;0;0;0;0;0;0;0;0;0;0;0;0;0;0;0;0;0;0;0;0;0;0;1;1;1;1;1;1;1;1;1;1;1;1;1;1;1;1;1;1;1;0;0;0;0;0;0;0;0;0;0.0004;0.088;0;-0.0884;0;0;0;0;0;0;0;0;0;0;0;0;0;0;0;0;0;0;0;-17.89;0;0;0;0;0.0004;0;0;0;0;0;0;0;-0.0004;-0.0884;0;0;0;0;0;0;0;0;0;-0.7063;0;0.7063;1;1;0;0;0;0
15/02/21 01:00;0;0;90;0;0;90;0;0;0;0;17.35;4.33;0;0;0;0;0;0;0;0;0;0;0;0;0;1;1;1;1;0;0;0;0;0;0;0;0;0;0;0;0;0;0;0;0;0;0;0;0;0;0;0;0;0;0;0;0;0;0;0;0;0;0;0;1;1;1;1;1;1;1;1;1;1;1;1;1;1;1;1;1;1;1;0;0;0;0;0;0;0;0;0;0.0004;0.088;0;-0.0884;0;0;0;0;0;0;0;0;0;0;0;0;0;0;0;0;0;0;0;-17.35;0;0;0;0;0.0004;0;0;0;0;0;0;0;-0.0004;-0.0884;0;0;0;0;0;0;0;0;0;-0.7063;0;0.7063;1;1;0;0;0;0
15/02/21 02:00;0;0;90;0;0;90;0;0;0;0;16.7;3.85;0;0;0;0;0;0;0;0;0;0;0;0;0;1;1;1;1;0;0;0;0;0;0;0;0;0;0;0;0;0;0;0;0;0;0;0;0;0;0;0;0;0;0;0;0;0;0;0;0;0;0;0;1;1;1;1;1;1;1;1;1;1;1;1;1;1;1;1;1;1;1;0;0;0;0;0;0;0;0;0;0.0004;0.088;0;-0.0884;0;0;0;0;0;0;0;0;0;0;0;0;0;0;0;0;0;0;0;-16.7;0;0;0;0;0.0004;0;0;0;0;0;0;0;-0.0004;-0.0884;0;0;0;0;0;0;0;0;0;-0.7063;0;0.7063;1;1;0;0;0;0
15/02/21 03:00;0;0;90;0;0;90;0;0;0;0;16.05;3.3301;0;0;0;0;0;0;0;0;0;0;0;0;0;1;1;1;1;0;0;0;0;0;0;0;0;0;0;0;0;0;0;0;0;0;0;0;0;0;0;0;0;0;0;0;0;0;0;0;0;0;0;0;1;1;1;1;1;1;1;1;1;1;1;1;1;1;1;1;1;1;1;0;0;0;0;0;0;0;0;0;0.0004;0.088;0;-0.0884;0;0;0;0;0;0;0;0;0;0;0;0;0;0;0;0;0;0;0;-16.05;0;0;0;0;0.0004;0;0;0;0;0;0;0;-0.0004;-0.0884;0;0;0;0;0;0;0;0;0;-0.7063;0;0.7063;1;1;0;0;0;0
15/02/21 04:00;0;0;90;0;0;90;0;0;0;0;15.07;2.8799;0;0;0;0;0;0;0;0;0;0;0;0;0;1;1;1;1;0;0;0;0;0;0;0;0;0;0;0;0;0;0;0;0;0;0;0;0;0;0;0;0;0;0;0;0;0;0;0;0;0;0;0;1;1;1;1;1;1;1;1;1;1;1;1;1;1;1;1;1;1;1;0;0;0;0;0;0;0;0;0;0.0004;0.088;0;-0.0884;0;0;0;0;0;0;0;0;0;0;0;0;0;0;0;0;0;0;0;-15.07;0;0;0;0;0.0004;0;0;0;0;0;0;0;-0.0004;-0.0884;0;0;0;0;0;0;0;0;0;-0.7063;0;0.7063;1;1;0;0;0;0
15/02/21 05:00;2.329;-103.67;84.344;2.3968;3.4244;-90;-3.4244;2.8911;2.8911;0;13.56;3.3401;0;0;2.8885;0;0;0.0005;2.8891;2.8891;0;0;0;0;0;1;1;1;1;0;0;0;0;0;0;0;0;0;0;0;0;0;0;0;0;0;0;0;0;0;0;0;0;0;0;0;0;0;0;0;0;0;0;0;0;1;1;1;1;1;1;1;1;1;1;1;1;1;0;0;1;0;0;0;0;0;0;0;0;0;0;0;0.0004;0.088;0;-0.0884;0;0;0;0;0;0;0;0;0;0;0;0;0;0;0;0;0;0;0;-13.56;0;0;0;0;0.0004;0;0;0;0;0;0;0;-0.0004;-0.0884;0;0;0;0;0;0;0;0;0;-0.7063;0;0.7063;1;1;0;0;0;0
15/02/21 06:00;10.763;-97.797;63.07;10.861;16.332;-90;-16.332;153.89;26.102;127.79;15.72;3.9199;0;309.93;13.063;30.972;0;0.621;354.59;0;354.59;309.93;30.972;13.063;0.621;0.8741;0.0386;0;0.0018;353.85;0.7342;0;0;0.2158;0.5183;335.4;17.745;15.682;1.5672;0.472;0.0229;353.14;0.7077;0.6199;0.0619;0.0257;0.0002;335.41;293.63;29.343;12.349;0.0795;8.6778;6.9422;2.7995;0.023;0.0945;1.359;0.0124;1.4304;0;1;0;0;2.3041;0.9979;1;1;0.9835;0.1653;0.9498;0.9493;1;0.9632;0.7765;0.998;0.998;1;0.998;0.998;0.9459;0.9454;0.1281;1.0648;1.0131;0.0061;0.0132;0.0158;0.0068;0.0243;0.0003;0;0;0.088;0;0.8212;0;0;0;0;0;0;0;0;0;0;0;0;0.0196;0.0026;0.9244;0.9244;0;29.379;29.379;13.659;0.0407;869.25;1063.5;1;0.0152;0.0152;0;0;0;0;0;0;0.9092;0.8212;0;16.538;19.151;14.691;17.012;98.352;98.352;8.5101;7.3879;6.5628;1.1222;0.825;0.1319;0.0969;0.7712;7.9891;0.769;0
15/02/21 07:00;22.995;-89.366;18.658;22.996;48.354;-90;-48.354;378.99;63.4;315.59;19.27;3.2601;0;765.4;22.289;88.809;0;12.714;889.21;0;889.21;765.4;88.809;22.289;12.714;0.8608;0.0394;0;0.0143;875.3;13.909;0;0;2.0519;11.857;872.3;1.2538;0.4923;0.0571;0.6652;0.0392;873.55;1.7506;1.5308;0.1776;0.0405;0.0017;872.9;763.37;88.574;19.532;0.8168;18.849;15.079;5.559;1.7483;0.3495;5.0277;0.6063;3.6289;0;1;0;0;2.3463;0.9844;1;1;0.9079;0.0675;0.9986;0.9994;1;0.9671;0.9542;0.998;0.998;1;0.998;0.998;0.981;0.8763;0.0642;2.6703;2.6397;0.0159;-0.0021;0.2825;0.0164;0.0582;0.0009;0;0;0.088;0;2.0811;0;0;0;0;0;0;0;0;0;0;0;0;0.0468;0.0154;2.2057;2.2057;0;55.441;55.441;36.171;0.0415;2276.6;968.87;1;0.0367;0.0367;0;0;0;0;0;0;2.1691;2.0811;0;15.736;18.222;14.846;17.192;98.337;98.337;21.341;17.628;16.632;3.7127;0.9965;0.174;0.0467;0.7793;17.123;0.776;0
15/02/21 08:00;35.2;-80.071;8.0996;35.608;54.392;-90;-54.392;600.71;98.901;501.81;21.28;2.65;0;861.86;29.545;105.72;0;25.095;1022.2;0;1022.2;861.86;105.72;29.545;25.095;0.8431;0.0535;0;0.0245;995.49;26.735;0;0;3.2256;23.51;992.27;1.2278;0.2406;0.0295;0.8916;0.066;993.5;1.991;1.7237;0.2114;0.0526;0.0032;997.21;859.9;105.48;25.375;1.5164;190.51;152.41;60.051;3.4939;2.36;33.948;4.9409;32.814;0;1;0;0;1.7017;0.9738;1;1;0.8908;0.0632;0.9988;0.9997;1;0.9661;0.9583;0.998;0.998;1;0.998;0.998;0.9707;0.8589;0.0604;3.0697;3.075;0.0185;0.0007;0.4074;0.0185;0.0657;0.0058;0;0;0.088;0;2.3542;0;0;0;0;0;0;0;0;0;0;0;0;0.0529;0.0205;2.4849;2.4849;0;62.676;62.676;41.396;0.0417;2645.8;939.22;1;0.0428;0.0428;0;0;0;0;0;0;2.4422;2.3542;0;15.421;17.857;14.609;16.917;98.278;98.278;24.533;19.86;18.814;4.6736;1.0452;0.1905;0.0426;0.7669;24.147;0.7483;0
15/02/21 09:00;47.005;-68.499;14.474;49.059;40.941;-90;-40.941;790.19;130.4;659.8;22.16;2.4799;0;873.46;40.636;111.33;0;19.329;1044.8;0;1044.8;873.46;111.33;40.636;19.329;0.836;0.0574;0;0.0185;1024;20.712;0;0;2.9347;17.777;1020.2;1.8403;0.4358;0.0555;1.2185;0.1304;1022;2.0481;1.7469;0.2227;0.0754;0.0031;1025.4;871.27;111.05;36.408;1.4187;369.01;295.21;119.71;1.7975;4.0278;57.938;5.2534;60.169;0;1;0;0;1.3221;0.9802;1;1;0.9278;0.0803;0.9982;0.9995;1;0.9676;0.9158;0.998;0.998;1;0.998;0.998;0.9765;0.8959;0.0734;3.1374;3.2106;0.0193;0.0025;0.4493;0.0192;0.068;0.0099;0;0;0.088;0;2.433;0;0;0;0;0;0;0;0;0;0;0;0;0.0548;0.0222;2.5654;2.5654;0;64.796;64.796;42.636;0.0418;2761.5;928.99;1;0.0445;0.0445;0;0;0;0;0;0;2.521;2.433;0;15.577;18.038;14.773;17.107;98.267;98.267;25.074;20.503;19.444;4.5712;1.0586;0.1823;0.0422;0.7755;29.178;0.7446;0
15/02/21 10:00;57.676;-51.907;19.262;63.527;26.473;-90;-26.473;929.91;153.4;776.5;23.47;2.51;0;867.46;49.863;112.58;0;9.7504;1039.7;0;1039.7;867.46;112.58;49.863;9.7504;0.8344;0.0573;0;0.0094;1029.4;10.219;0;0;1.815;8.4035;1024.9;2.4985;0.576;0.0748;1.5843;0.2635;1027.4;2.0589;1.7349;0.2252;0.0961;0.0027;1027.4;865.15;112.28;46.368;1.0806;507.29;405.83;164.49;0.4905;5.4126;77.859;2.5625;82.781;0;1;0;0;1.118;0.9902;1;1;0.9636;0.1381;0.9976;0.9993;1;0.967;0.804;0.998;0.998;1;0.998;0.998;0.9858;0.9299;0.1108;3.1221;3.2587;0.0196;0.0032;0.4742;0.0193;0.0686;0.0132;0;0;0.088;0;2.4498;0;0;0;0;0;0;0;0;0;0;0;0;0.0552;0.0228;2.5825;2.5825;0;66.36;66.36;42.889;0.0418;2802.1;921.63;1;0.0447;0.0447;0;0;0;0;0;0;2.5378;2.4498;0;15.758;18.247;14.948;17.31;98.271;98.271;24.952;20.639;19.579;4.3124;1.0602;0.1728;0.0425;0.7847;32.114;0.743;0
15/02/21 11:00;65.445;-25.434;22.042;78.898;11.102;-90;-11.102;1011.4;166.9;844.51;24.39;2.58;0;860.61;55.585;112.9;0;1.8926;1031;0;1031;860.61;112.9;55.585;1.8926;0.8347;0.0557;0;0.0018;1028.9;2.0569;0;0;0.4794;1.5775;1023.9;3.0205;0.6539;0.0858;2.2101;0.0707;1026.9;2.0579;1.7212;0.2258;0.1102;0.0006;1024.2;858.24;112.59;52.785;0.2437;589.28;471.42;187.61;0.0245;6.4775;93.176;0.3849;99.629;0;1;0;0;1.0194;0.998;1;1;0.9914;0.1665;0.9971;0.9992;1;0.9598;0.7752;0.998;0.998;1;0.998;0.998;0.9931;0.9496;0.1288;3.0961;3.2813;0.0198;0.0036;0.4882;0.0194;0.0688;0.0157;0;0;0.088;0;2.4547;0;0;0;0;0;0;0;0;0;0;0;0;0.0554;0.0231;2.5874;2.5874;0;67.269;67.269;42.879;0.0419;2820.6;917.31;1;0.0447;0.0447;0;0;0;0;0;0;2.5427;2.4547;0;15.92;18.435;15.104;17.49;98.274;98.274;24.744;20.679;19.618;4.0652;1.0602;0.1643;0.0428;0.7929;33.414;0.7426;0
15/02/21 12:00;67.013;11.227;22.523;85.279;4.7213;90;4.7213;1019.5;167.9;851.59;25.54;2.5401;0;854.49;56.763;111.42;0;0.3459;1023;0;1023;854.49;111.42;56.763;0.3459;0.8353;0.0558;0;0.0003;1022.6;0.4119;0;0;0.1225;0.2894;1017.3;3.2362;0.6634;0.0865;2.4737;0.0126;1020.6;2.0452;1.709;0.2228;0.1133;0.0001;1017.4;852.12;111.11;54.053;0.0438;600.02;480.01;192.29;0.0003;6.5124;93.679;0.0292;100.19;0;1;0;0;1.0035;0.9996;1;1;0.9978;0.1634;0.9968;0.9992;1;0.9562;0.7765;0.998;0.998;1;0.998;0.998;0.9944;0.9523;0.1266;3.0721;3.2617;0.0196;0.0033;0.4961;0.0192;0.0681;0.0157;0;0;0.088;0;2.43;0;0;0;0;0;0;0;0;0;0;0;0;0.0548;0.0229;2.5619;2.5619;0;68.177;68.177;42.637;0.0419;2803.9;913.68;1;0.044;0.044;0;0;0;0;0;0;2.518;2.43;0;15.886;18.396;15.068;17.448;98.284;98.284;24.552;20.475;19.42;4.0776;1.0546;0.1661;0.043;0.791;33.698;0.7402;0
15/02/21 13:00;61.327;42.696;20.649;69.654;20.346;90;20.346;961.71;162.8;798.91;26.61;2.3701;0;852.07;55.044;113.04;0;6.0002;1026.1;0;1026.1;852.07;113.04;55.044;6.0002;0.8304;0.0595;0;0.0058;1019.8;6.365;0;0;1.3159;5.0491;1015;2.7415;0.6065;0.0805;1.8452;0.2093;1017.7;2.0396;1.7041;0.2261;0.1075;0.0019;1016.5;849.76;112.73;51.775;0.7399;543.17;434.53;176.14;0.2106;5.7746;83.065;1.4703;88.629;0;1;0;0;1.067;0.9938;1;1;0.9761;0.1585;0.9973;0.9993;1;0.9656;0.7795;0.998;0.998;1;0.998;0.998;0.9891;0.9406;0.1233;3.0815;3.2366;0.0195;0.0029;0.5043;0.019;0.0673;0.0139;0;0;0.088;0;2.402;0;0;0;0;0;0;0;0;0;0;0;0;0.0542;0.0225;2.5331;2.5331;0;69.185;69.185;42.575;0.0419;2783.6;910.01;1;0.0432;0.0432;0;0;0;0;0;0;2.49;2.402;0;15.66;18.134;14.849;17.195;98.296;98.296;24.628;20.245;19.197;4.3827;1.0483;0.178;0.0426;0.7795;34.256;0.7349;0
15/02/21 14:00;51.523;62.621;16.627;54.787;35.213;90;35.213;848;154.4;693.6;27.53;2.1599;0;848.94;51.419;119.7;0;15.517;1035.6;0;1035.6;848.94;119.7;51.419;15.517;0.8198;0.0646;0;0.015;1018.7;16.93;0;0;2.9492;13.981;1014.3;2.3303;0.4866;0.0686;1.5612;0.2138;1016.6;2.0373;1.6979;0.2394;0.0969;0.0031;1018.7;846.76;119.4;46.812;1.3194;429.18;343.34;140;1.3564;4.5861;65.969;4.4099;69.199;0;1;0;0;1.2212;0.9837;1;1;0.9426;0.099;0.9977;0.9994;1;0.9677;0.8605;0.998;0.998;1;0.998;0.998;0.9794;0.9104;0.085;3.1099;3.2073;0.0193;0.0024;0.5106;0.0187;0.0664;0.011;0;0;0.088;0;2.3728;0;0;0;0;0;0;0;0;0;0;0;0;0.0535;0.0222;2.5032;2.5032;0;70.108;70.108;42.578;0.042;2760.2;906.9;1;0.0424;0.0424;0;0;0;0;0;0;2.4608;2.3728;0;15.334;17.756;14.535;16.831;98.307;98.307;24.854;20.005;18.963;4.8486;1.042;0.1951;0.0419;0.763;35.216;0.7283;0
15/02/21 15:00;40.051;75.778;10.84;40.932;49.068;90;49.068;675.6;150.7;524.9;27.67;1.86;0;801.18;51.981;134.15;0;23.297;1010.6;0;1010.6;801.18;134.15;51.981;23.297;0.7928;0.0745;0;0.0231;983.92;26.692;0;0;4.8972;21.795;979.98;1.9688;0.2994;0.0501;1.5522;0.0671;981.95;1.9678;1.6024;0.2683;0.0942;0.003;985.46;799.28;133.83;45.437;1.4322;269.24;215.39;85.849;4.2878;3.2291;46.45;5.4791;45.391;0;1;0;0;1.4959;0.9736;1;1;0.9058;0.0645;0.998;0.9996;1;0.967;0.9553;0.998;0.998;1;0.998;0.998;0.9697;0.8741;0.0615;3.0349;3.066;0.0185;0.0006;0.4737;0.018;0.0639;0.0078;0;0;0.088;0;2.2834;0;0;0;0;0;0;0;0;0;0;0;0;0.0514;0.0204;2.4118;2.4118;0;68.76;68.76;41.09;0.0419;2639.4;913.76;1;0.0404;0.0404;0;0;0;0;0;0;2.3714;2.2834;0;15.139;17.53;14.333;16.597;98.325;98.325;24.255;19.275;18.249;4.9798;1.0261;0.2053;0.0423;0.7524;40.21;0.7274;0
15/02/21 16:00;27.952;85.773;4.2271;28.016;60;90;60;454.9;160.6;294.3;28;1.33;0;626.17;66.379;153.39;0;22.745;868.68;0;868.68;626.17;153.39;66.379;22.745;0.7208;0.1026;0;0.0262;838.98;29.706;0;0;8.3713;21.335;835.04;2.2567;0.0912;0.0224;2.0473;0.0959;837.3;1.678;1.2523;0.3068;0.116;0.0028;838.62;624.83;153.06;55.845;1.3116;104.33;83.466;37.274;11.103;1.6045;23.081;3.5793;13.582;0;1;0;0;1.9096;0.9658;1;1;0.8739;0.062;0.9973;0.9999;1;0.9646;0.9319;0.998;0.998;1;0.998;0.998;0.9613;0.8413;0.0577;2.6087;2.5745;0.0155;-0.0022;0.3443;0.0155;0.055;0.004;0;0;0.088;0;1.9622;0;0;0;0;0;0;0;0;0;0;0;0;0.0443;0.0146;2.0833;2.0833;0;62.841;62.841;34.841;0.0417;2219.4;938.69;1;0.0331;0.0331;0;0;0;0;0;0;2.0502;1.9622;0;15.214;17.617;14.329;16.593;98.409;98.409;20.848;16.65;15.682;4.1984;0.9682;0.2014;0.0464;0.7522;57.787;0.7375;0
15/02/21 17:00;15.696;94.429;48.997;15.74;25.401;90;25.401;221.5;143.4;78.1;27.32;0.9;0;189.41;108.3;71.785;0;2.1414;371.64;0;371.64;189.41;71.785;108.3;2.1414;0.5097;0.2972;0;0.0058;366.11;5.5377;0;0;3.6964;1.8414;358.68;6.6951;2.2961;0.8702;3.4682;0.0606;365.37;0.7322;0.3788;0.1436;0.2092;0.0006;359;186.74;70.771;100.93;0.2389;69.824;55.859;22.193;0.917;0.8294;11.93;0.3178;11.843;0;1;0;0;1.6778;0.9851;1;1;0.9659;0.1401;0.9817;0.9879;1;0.9668;0.7977;0.998;0.998;1;0.998;0.998;0.9651;0.9319;0.1115;1.116;1.1064;0.0067;0.0119;0.0676;0.0071;0.0253;0.0022;0;0;0.088;0;0.859;0;0;0;0;0;0;0;0;0;0;0;0;0.0204;0.0031;0.962;0.962;0;42.078;42.078;14.758;0.0411;951.71;1010.9;1;0.0151;0.0151;0;0;0;0;0;0;0.947;0.859;0;16.421;19.015;14.662;16.978;98.432;98.432;8.9195;7.6887;6.8648;1.2308;0.8239;0.138;0.0924;0.7696;69.297;0.7516;0
15/02/21 18:00;4.7748;101.94;78.353;4.8798;7.0263;90;7.0263;15.491;15.399;0.0917;25.34;1.8;0;0.2225;15.329;0.0294;0;0.0116;15.593;0;15.593;0.2225;0.0294;15.329;0.0116;0.0143;0.9838;0;0.0007;15.521;0.072;0;0;0.0622;0.0097;14.773;0.7165;0.0593;0.0078;0.6489;0.0004;15.49;0.031;0.0004;0.0001;0.0305;0;14.775;0.1627;0.0215;14.588;0.0015;9.1322;7.3057;2.7809;0.001;0.1087;1.563;0.0014;1.6706;0;1;0;0;1.0066;0.9954;1;1;0.9959;0.1643;0.9537;0.7328;1;0.9574;0.7755;0.998;0.998;1;0.998;0.998;0.9474;0.9516;0.1272;0.0468;0.0478;0.0003;0.0077;0.0002;0.0003;0.001;0.0003;0;0;0.088;0;-0.0534;0;0;0;0;0;0;0;0;0;0;0;0;0.0008;0;0.0373;0.0373;0;25.962;25.962;0.6217;0.0421;39.242;950.47;1;0.0027;0.0027;0;0;0;0;0;0;0.0346;-0.0534;0;15.174;17.571;-21.737;-25.17;92.689;92.689;0.3742;0.2981;-0.427;0.0761;0.7251;0.2035;1.9376;0;9.1317;0;0
15/02/21 19:00;0;0;90;0;0;90;0;0;0;0;22.22;3.8;0;0;0;0;0;0;0;0;0;0;0;0;0;1;1;1;1;0;0;0;0;0;0;0;0;0;0;0;0;0;0;0;0;0;0;0;0;0;0;0;0;0;0;0;0;0;0;0;0;0;0;0;1;1;1;1;1;1;1;1;1;1;1;1;1;1;1;1;1;1;1;0;0;0;0;0;0;0;0;0;0.0004;0.088;0;-0.0884;0;0;0;0;0;0;0;0;0;0;0;0;0;0;0;0;0;0;0;-22.22;0;0;0;0;0.0004;0;0;0;0;0;0;0;-0.0004;-0.0884;0;0;0;0;0;0;0;0;0;-0.7063;0;0.7063;1;1;0;0;0;0
15/02/21 20:00;0;0;90;0;0;90;0;0;0;0;20.9;4.57;0;0;0;0;0;0;0;0;0;0;0;0;0;1;1;1;1;0;0;0;0;0;0;0;0;0;0;0;0;0;0;0;0;0;0;0;0;0;0;0;0;0;0;0;0;0;0;0;0;0;0;0;1;1;1;1;1;1;1;1;1;1;1;1;1;1;1;1;1;1;1;0;0;0;0;0;0;0;0;0;0.0004;0.088;0;-0.0884;0;0;0;0;0;0;0;0;0;0;0;0;0;0;0;0;0;0;0;-20.9;0;0;0;0;0.0004;0;0;0;0;0;0;0;-0.0004;-0.0884;0;0;0;0;0;0;0;0;0;-0.7063;0;0.7063;1;1;0;0;0;0
15/02/21 21:00;0;0;90;0;0;90;0;0;0;0;19.88;4.72;0;0;0;0;0;0;0;0;0;0;0;0;0;1;1;1;1;0;0;0;0;0;0;0;0;0;0;0;0;0;0;0;0;0;0;0;0;0;0;0;0;0;0;0;0;0;0;0;0;0;0;0;1;1;1;1;1;1;1;1;1;1;1;1;1;1;1;1;1;1;1;0;0;0;0;0;0;0;0;0;0.0004;0.088;0;-0.0884;0;0;0;0;0;0;0;0;0;0;0;0;0;0;0;0;0;0;0;-19.88;0;0;0;0;0.0004;0;0;0;0;0;0;0;-0.0004;-0.0884;0;0;0;0;0;0;0;0;0;-0.7063;0;0.7063;1;1;0;0;0;0
15/02/21 22:00;0;0;90;0;0;90;0;0;0;0;19.02;4.5301;0;0;0;0;0;0;0;0;0;0;0;0;0;1;1;1;1;0;0;0;0;0;0;0;0;0;0;0;0;0;0;0;0;0;0;0;0;0;0;0;0;0;0;0;0;0;0;0;0;0;0;0;1;1;1;1;1;1;1;1;1;1;1;1;1;1;1;1;1;1;1;0;0;0;0;0;0;0;0;0;0.0004;0.088;0;-0.0884;0;0;0;0;0;0;0;0;0;0;0;0;0;0;0;0;0;0;0;-19.02;0;0;0;0;0.0004;0;0;0;0;0;0;0;-0.0004;-0.0884;0;0;0;0;0;0;0;0;0;-0.7063;0;0.7063;1;1;0;0;0;0
15/02/21 23:00;0;0;90;0;0;90;0;0;0;0;18.14;4.1401;0;0;0;0;0;0;0;0;0;0;0;0;0;1;1;1;1;0;0;0;0;0;0;0;0;0;0;0;0;0;0;0;0;0;0;0;0;0;0;0;0;0;0;0;0;0;0;0;0;0;0;0;1;1;1;1;1;1;1;1;1;1;1;1;1;1;1;1;1;1;1;0;0;0;0;0;0;0;0;0;0.0004;0.088;0;-0.0884;0;0;0;0;0;0;0;0;0;0;0;0;0;0;0;0;0;0;0;-18.14;0;0;0;0;0.0004;0;0;0;0;0;0;0;-0.0004;-0.0884;0;0;0;0;0;0;0;0;0;-0.7063;0;0.7063;1;1;0;0;0;0
16/02/21 00:00;0;0;90;0;0;90;0;0;0;0;16.62;3.8399;0;0;0;0;0;0;0;0;0;0;0;0;0;1;1;1;1;0;0;0;0;0;0;0;0;0;0;0;0;0;0;0;0;0;0;0;0;0;0;0;0;0;0;0;0;0;0;0;0;0;0;0;1;1;1;1;1;1;1;1;1;1;1;1;1;1;1;1;1;1;1;0;0;0;0;0;0;0;0;0;0.0004;0.088;0;-0.0884;0;0;0;0;0;0;0;0;0;0;0;0;0;0;0;0;0;0;0;-16.62;0;0;0;0;0.0004;0;0;0;0;0;0;0;-0.0004;-0.0884;0;0;0;0;0;0;0;0;0;-0.7063;0;0.7063;1;1;0;0;0;0
16/02/21 01:00;0;0;90;0;0;90;0;0;0;0;16.67;3.63;0;0;0;0;0;0;0;0;0;0;0;0;0;1;1;1;1;0;0;0;0;0;0;0;0;0;0;0;0;0;0;0;0;0;0;0;0;0;0;0;0;0;0;0;0;0;0;0;0;0;0;0;1;1;1;1;1;1;1;1;1;1;1;1;1;1;1;1;1;1;1;0;0;0;0;0;0;0;0;0;0.0004;0.088;0;-0.0884;0;0;0;0;0;0;0;0;0;0;0;0;0;0;0;0;0;0;0;-16.67;0;0;0;0;0.0004;0;0;0;0;0;0;0;-0.0004;-0.0884;0;0;0;0;0;0;0;0;0;-0.7063;0;0.7063;1;1;0;0;0;0
16/02/21 02:00;0;0;90;0;0;90;0;0;0;0;17.08;3.45;0;0;0;0;0;0;0;0;0;0;0;0;0;1;1;1;1;0;0;0;0;0;0;0;0;0;0;0;0;0;0;0;0;0;0;0;0;0;0;0;0;0;0;0;0;0;0;0;0;0;0;0;1;1;1;1;1;1;1;1;1;1;1;1;1;1;1;1;1;1;1;0;0;0;0;0;0;0;0;0;0.0004;0.088;0;-0.0884;0;0;0;0;0;0;0;0;0;0;0;0;0;0;0;0;0;0;0;-17.08;0;0;0;0;0.0004;0;0;0;0;0;0;0;-0.0004;-0.0884;0;0;0;0;0;0;0;0;0;-0.7063;0;0.7063;1;1;0;0;0;0
16/02/21 03:00;0;0;90;0;0;90;0;0;0;0;16.45;3.3401;0;0;0;0;0;0;0;0;0;0;0;0;0;1;1;1;1;0;0;0;0;0;0;0;0;0;0;0;0;0;0;0;0;0;0;0;0;0;0;0;0;0;0;0;0;0;0;0;0;0;0;0;1;1;1;1;1;1;1;1;1;1;1;1;1;1;1;1;1;1;1;0;0;0;0;0;0;0;0;0;0.0004;0.088;0;-0.0884;0;0;0;0;0;0;0;0;0;0;0;0;0;0;0;0;0;0;0;-16.45;0;0;0;0;0.0004;0;0;0;0;0;0;0;-0.0004;-0.0884;0;0;0;0;0;0;0;0;0;-0.7063;0;0.7063;1;1;0;0;0;0
16/02/21 04:00;0;0;90;0;0;90;0;0;0;0;15.04;3.31;0;0;0;0;0;0;0;0;0;0;0;0;0;1;1;1;1;0;0;0;0;0;0;0;0;0;0;0;0;0;0;0;0;0;0;0;0;0;0;0;0;0;0;0;0;0;0;0;0;0;0;0;1;1;1;1;1;1;1;1;1;1;1;1;1;1;1;1;1;1;1;0;0;0;0;0;0;0;0;0;0.0004;0.088;0;-0.0884;0;0;0;0;0;0;0;0;0;0;0;0;0;0;0;0;0;0;0;-15.04;0;0;0;0;0.0004;0;0;0;0;0;0;0;-0.0004;-0.0884;0;0;0;0;0;0;0;0;0;-0.7063;0;0.7063;1;1;0;0;0;0
16/02/21 05:00;2.3337;-103.24;84.332;2.3973;3.4252;-90;-3.4252;1.6995;1.6995;0;13.95;4.09;0;0;1.698;0;0;0.0003;1.6983;1.6983;0;0;0;0;0;1;1;1;1;0;0;0;0;0;0;0;0;0;0;0;0;0;0;0;0;0;0;0;0;0;0;0;0;0;0;0;0;0;0;0;0;0;0;0;0;1;1;1;1;1;1;1;1;1;1;1;1;1;0;0;1;0;0;0;0;0;0;0;0;0;0;0;0.0004;0.088;0;-0.0884;0;0;0;0;0;0;0;0;0;0;0;0;0;0;0;0;0;0;0;-13.95;0;0;0;0;0.0004;0;0;0;0;0;0;0;-0.0004;-0.0884;0;0;0;0;0;0;0;0;0;-0.7063;0;0.7063;1;1;0;0;0;0
16/02/21 06:00;10.577;-97.5;63.566;10.666;16.005;-90;-16.005;153.99;25.397;128.59;16.24;5.8999;0;311.88;12.425;30.864;0;0.5969;355.76;0;355.76;311.88;30.864;12.425;0.5969;0.8766;0.0366;0;0.0017;355.07;0.6966;0;0;0.1984;0.4982;335.62;18.741;16.622;1.645;0.4518;0.022;354.36;0.7101;0.6238;0.0617;0.0245;0.0002;335.63;294.63;29.158;11.751;0.0765;8.282;6.6256;2.258;0.0204;0.117;1.6825;0.0152;1.7791;0;1;0;0;2.3103;0.998;1;1;0.984;0.1655;0.9471;0.9466;1;0.963;0.7763;0.998;0.998;1;0.998;0.998;0.9434;0.9457;0.1282;1.0684;1.0144;0.0061;0.0132;0.0177;0.0068;0.0243;0.0003;0;0;0.088;0;0.8206;0;0;0;0;0;0;0;0;0;0;0;0;0.0195;0.0026;0.9238;0.9238;0;29.914;29.914;13.674;0.0407;870.54;1061.1;1;0.0152;0.0152;0;0;0;0;0;0;0.9086;0.8206;0;16.472;19.074;14.632;16.943;98.356;98.356;8.5383;7.3827;6.558;1.1556;0.8247;0.1353;0.0966;0.7681;7.5895;0.7654;0
16/02/21 07:00;22.813;-89.046;19.892;22.816;47.311;-90;-47.311;370.49;63.699;306.79;18.75;6.59;0;744.06;23.198;87.431;0;11.929;866.62;0;866.62;744.06;87.431;23.198;11.929;0.8586;0.0405;0;0.0138;853.44;13.178;0;0;2.0689;11.109;850.43;1.3026;0.5102;0.06;0.692;0.0404;851.74;1.7069;1.4881;0.1749;0.0423;0.0016;850.78;742.06;87.196;20.395;0.7782;19.322;15.458;6.933;1.6871;0.2712;3.9015;0.3461;2.4857;0;1;0;0;2.3391;0.9848;1;1;0.9108;0.0688;0.9985;0.9993;1;0.9672;0.9506;0.998;0.998;1;0.998;0.998;0.9813;0.8792;0.0652;2.6025;2.5707;0.0155;-0.0022;0.2617;0.0161;0.057;0.0007;0;0;0.088;0;2.0377;0;0;0;0;0;0;0;0;0;0;0;0;0.0459;0.0146;2.1614;2.1614;0;53.972;53.972;35.222;0.0414;2217.1;974.87;1;0.0357;0.0357;0;0;0;0;0;0;2.1257;2.0377;0;15.821;18.321;14.916;17.272;98.347;98.347;20.799;17.274;16.285;3.5251;0.9888;0.1695;0.0475;0.783;17.643;0.7803;0
16/02/21 08:00;35.011;-79.716;8.4083;35.448;54.552;-90;-54.552;598.79;98.702;500.09;22;5.5799;0;862.28;29.362;106.1;0;25.152;1022.9;0;1022.9;862.28;106.1;29.362;25.152;0.843;0.0533;0;0.0246;996.11;26.783;0;0;3.2193;23.563;992.89;1.2338;0.2499;0.0308;0.8865;0.0666;994.12;1.9922;1.7246;0.2122;0.0523;0.0032;997.84;860.31;105.86;25.204;1.5184;188.34;150.67;59.153;3.5083;2.3504;33.81;4.951;32.652;0;1;0;0;1.7083;0.9738;1;1;0.8904;0.0631;0.9988;0.9997;1;0.966;0.958;0.998;0.998;1;0.998;0.998;0.9707;0.8584;0.0604;3.0718;3.0767;0.0185;0.0007;0.4161;0.0185;0.0656;0.0058;0;0;0.088;0;2.3476;0;0;0;0;0;0;0;0;0;0;0;0;0.0528;0.0205;2.4782;2.4782;0;63.448;63.448;41.448;0.0417;2646.9;936.23;1;0.0425;0.0425;0;0;0;0;0;0;2.4356;2.3476;0;15.369;17.797;14.559;16.859;98.283;98.283;24.55;19.805;18.762;4.7441;1.0433;0.1932;0.0425;0.7643;24.039;0.7458;0
16/02/21 09:00;46.794;-68.096;14.797;48.929;41.071;-90;-41.071;810.61;133.8;676.81;24.53;4.3001;0;897.75;39.41;117.86;0;19.949;1075;0;1075;897.75;117.86;39.41;19.949;0.8351;0.0552;0;0.0186;1053.8;21.213;0;0;2.8594;18.353;1049.8;1.8322;0.4579;0.0601;1.1814;0.1327;1051.7;2.1075;1.7955;0.2357;0.0731;0.0032;1055.2;895.5;117.57;35.296;1.4602;377.29;301.83;122.34;1.7626;4.1163;59.212;5.4122;61.565;0;1;0;0;1.3261;0.9803;1;1;0.9274;0.08;0.9983;0.9995;1;0.9676;0.9167;0.998;0.998;1;0.998;0.998;0.9766;0.8956;0.0732;3.2281;3.3031;0.0199;0.004;0.5066;0.0194;0.0688;0.0099;0;0;0.088;0;2.4628;0;0;0;0;0;0;0;0;0;0;0;0;0.0554;0.0235;2.5955;2.5955;0;68.544;68.544;44.015;0.0419;2842.9;912.99;1;0.0447;0.0447;0;0;0;0;0;0;2.5508;2.4628;0;15.317;17.737;14.534;16.83;98.276;98.276;25.799;20.744;19.683;5.0557;1.0608;0.196;0.0411;0.7629;28.328;0.7327;0
16/02/21 10:00;57.42;-51.469;19.599;63.44;26.56;-90;-26.56;946.9;156.2;790.7;25.87;3.3401;0;883.99;48.658;117.2;0;9.9932;1059.8;0;1059.8;883.99;117.2;48.658;9.9932;0.8341;0.0553;0;0.0094;1049.4;10.397;0;0;1.7805;8.6164;1044.9;2.4902;0.5972;0.0792;1.545;0.2688;1047.3;2.0989;1.768;0.2344;0.0938;0.0028;1047.5;881.63;116.89;45.238;1.1053;516.1;412.88;167.39;0.4843;5.5035;79.166;2.628;84.185;0;1;0;0;1.1193;0.9902;1;1;0.9634;0.1378;0.9976;0.9993;1;0.967;0.8044;0.998;0.998;1;0.998;0.998;0.9859;0.9297;0.1106;3.1827;3.3218;0.02;0.0043;0.5235;0.0194;0.0689;0.0132;0;0;0.088;0;2.4608;0;0;0;0;0;0;0;0;0;0;0;0;0.0555;0.0237;2.5933;2.5933;0;69.719;69.719;43.849;0.042;2857.6;907.53;1;0.0445;0.0445;0;0;0;0;0;0;2.5488;2.4608;0;15.522;17.974;14.729;17.056;98.283;98.283;25.436;20.726;19.667;4.7103;1.0592;0.1852;0.0416;0.7732;31.354;0.7322;0
16/02/21 11:00;65.124;-25.118;22.388;78.865;11.135;-90;-11.135;1005.8;166;839.8;27.52;2.81;0;855.91;55.568;112.01;0;1.8933;1025.4;0;1025.4;855.91;112.01;55.568;1.8933;0.8347;0.056;0;0.0018;1023.3;2.0597;0;0;0.4816;1.5781;1018.3;3.0259;0.6605;0.0864;2.2082;0.0707;1021.3;2.0466;1.7118;0.224;0.1102;0.0006;1018.6;853.54;111.7;52.768;0.2438;585.97;468.78;186.56;0.0247;6.4411;92.653;0.3855;99.07;0;1;0;0;1.0195;0.998;1;1;0.9913;0.1665;0.997;0.9992;1;0.9598;0.7752;0.998;0.998;1;0.998;0.998;0.993;0.9496;0.1288;3.0792;3.2634;0.0196;0.0033;0.5211;0.019;0.0675;0.0154;0;0;0.088;0;2.4088;0;0;0;0;0;0;0;0;0;0;0;0;0.0544;0.0229;2.54;2.54;0;70.27;70.27;42.75;0.042;2806.1;905.18;1;0.0432;0.0432;0;0;0;0;0;0;2.4968;2.4088;0;15.714;18.197;14.902;17.257;98.299;98.299;24.609;20.3;19.251;4.3092;1.0486;0.1751;0.0426;0.7823;33.407;0.7327;0
16/02/21 12:00;66.669;11.106;22.869;85.251;4.7492;90;4.7492;1091.3;180.1;911.2;27.89;2.51;0;914.34;52.185;128.27;0;0.3747;1095.2;0;1095.2;914.34;128.27;52.185;0.3747;0.8349;0.048;0;0.0003;1094.7;0.4271;0;0;0.1136;0.3135;1089.4;3.109;0.7208;0.1011;2.2734;0.0137;1092.5;2.1895;1.8287;0.2565;0.1041;0.0001;1089.5;911.79;127.91;49.694;0.0474;642.23;513.78;205.9;0.0003;6.9648;100.19;0.0321;107.15;0;1;0;0;1.0035;0.9996;1;1;0.9978;0.1634;0.9972;0.9992;1;0.9563;0.7765;0.998;0.998;1;0.998;0.998;0.9948;0.9523;0.1266;3.2888;3.4926;0.021;0.0076;0.6009;0.02;0.0711;0.0164;0;0;0.088;0;2.5383;0;0;0;0;0;0;0;0;0;0;0;0;0.0572;0.0261;2.6722;2.6722;0;73.768;73.768;45.878;0.0421;3002.6;889.95;1;0.0459;0.0459;0;0;0;0;0;0;2.6263;2.5383;0;15.478;17.924;14.703;17.025;98.282;98.282;26.284;21.356;20.286;4.9279;1.0702;0.1875;0.0407;0.7718;30.982;0.7223;0
16/02/21 13:00;61.036;42.304;20.986;69.568;20.432;90;20.432;1067.8;176.2;891.6;28.07;2.33;0;951.46;46.271;137.04;0;6.7176;1141.5;0;1141.5;951.46;137.04;46.271;6.7176;0.8335;0.0464;0;0.0059;1134.7;6.7683;0;0;1.1136;5.6546;1129.9;2.5709;0.6883;0.0991;1.5498;0.2337;1132.5;2.2695;1.9029;0.2741;0.0903;0.0021;1131.5;948.87;136.67;43.517;0.8272;602.22;481.78;195.44;0.1802;6.3889;91.903;1.6463;98.111;0;1;0;0;1.069;0.9941;1;1;0.9759;0.1582;0.9977;0.9993;1;0.9656;0.7797;0.998;0.998;1;0.998;0.998;0.9898;0.9405;0.1231;3.4279;3.6018;0.0217;0.0101;0.6448;0.0205;0.0726;0.0149;0;0;0.088;0;2.596;0;0;0;0;0;0;0;0;0;0;0;0;0.0585;0.0277;2.731;2.731;0;75.732;75.732;47.662;0.0422;3096.4;881.99;1;0.0471;0.0471;0;0;0;0;0;0;2.684;2.596;0;15.177;17.575;14.427;16.706;98.277;98.277;27.396;21.826;20.747;5.5697;1.0793;0.2033;0.0394;0.7573;28.809;0.7142;0
16/02/21 14:00;51.284;62.218;16.95;54.655;35.345;90;35.345;899.51;148.6;750.91;28.93;2.2399;0;920.59;42.045;125.4;0;16.579;1104.6;0;1104.6;920.59;125.4;42.045;16.579;0.8334;0.0531;0;0.015;1087.2;17.373;0;0;2.4257;14.947;1083;2.1126;0.5379;0.0733;1.2761;0.2253;1085.1;2.1745;1.8412;0.2508;0.0792;0.0033;1087.5;918.21;125.07;38.264;1.4039;452.85;362.28;149.28;1.1244;4.7182;67.87;4.5876;71.464;0;1;0;0;1.228;0.9843;1;1;0.9423;0.0985;0.9981;0.9994;1;0.9677;0.8617;0.998;0.998;1;0.998;0.998;0.9804;0.9101;0.0847;3.3172;3.4186;0.0206;0.0061;0.5985;0.0196;0.0693;0.0111;0;0;0.088;0;2.4801;0;0;0;0;0;0;0;0;0;0;0;0;0.0558;0.0251;2.6126;2.6126;0;74.564;74.564;45.634;0.0421;2942.2;887.95;1;0.0444;0.0444;0;0;0;0;0;0;2.5681;2.4801;0;15.004;17.374;14.243;16.493;98.299;98.299;26.511;20.88;19.821;5.6311;1.0585;0.2124;0.0399;0.7477;28.826;0.7148;0
16/02/21 15:00;39.841;75.417;11.147;40.766;49.234;90;49.234;266.8;255.8;11.003;28.72;2.26;0;16.85;208.82;4.812;0;9.2587;239.74;0;239.74;16.85;4.812;208.82;9.2587;0.0703;0.9096;0;0.0386;211.31;28.433;0;0;19.769;8.6633;204.61;6.2712;0.0065;0.0018;6.2365;0.0263;210.89;0.4226;0.0337;0.0096;0.3781;0.0012;208.19;16.81;4.8005;182.44;0.5679;167.05;133.64;58.21;17.406;2.6407;37.985;3.5754;23.219;0;1;0;0;0.8986;0.8814;1;1;0.9053;0.0643;0.9703;0.9996;1;0.9669;0.9557;0.998;0.998;1;0.998;0.998;0.8535;0.8737;0.0613;0.7199;0.7071;0.0043;0.0169;0.031;0.0046;0.0163;0.007;0;0;0.088;0;0.5144;0;0;0;0;0;0;0;0;0;0;0;0;0.0131;0.0014;0.6126;0.6126;0;37.139;37.139;8.4192;0.0411;603.88;1014.5;1;0.0103;0.0103;0;0;0;0;0;0;0.6024;0.5144;0;16.21;18.771;13.61;15.76;98.326;98.326;5.7538;4.8959;4.1107;0.8578;0.7852;0.1491;0.1365;0.7144;161.8;0.6387;0
16/02/21 16:00;27.753;85.451;4.5729;27.828;60;90;60;222.11;208.2;13.909;28.46;2.0799;0;29.774;152.81;9.5212;0;11.105;203.21;0;203.21;29.774;9.5212;152.81;11.105;0.1465;0.8066;0;0.0546;173.53;29.689;0;0;19.272;10.417;168.41;4.7661;0.0047;0.0015;4.7131;0.0468;173.18;0.3471;0.0595;0.019;0.2671;0.0014;172.89;29.71;9.5007;128.56;0.6404;135.27;108.21;49.593;25.55;2.7231;39.171;4.479;16.344;0;1;0;0;0.9149;0.8539;1;1;0.8739;0.062;0.9725;0.9998;1;0.9646;0.9319;0.998;0.998;1;0.998;0.998;0.8287;0.8413;0.0577;0.6103;0.6033;0.0036;0.0177;0.0227;0.0039;0.0139;0.0073;0;0;0.088;0;0.4248;0;0;0;0;0;0;0;0;0;0;0;0;0.0112;0.0011;0.522;0.522;0;35.391;35.391;6.9311;0.0412;513.91;1015.7;1;0.0091;0.0091;0;0;0;0;0;0;0.5128;0.4248;0;16.295;18.869;13.262;15.357;98.247;98.247;4.8771;4.1718;3.3954;0.7054;0.7764;0.1446;0.1592;0.6962;133.03;0.6084;0
16/02/21 17:00;15.497;94.133;49.608;15.536;24.975;90;24.975;114.2;110.6;3.5972;28.35;1.7401;0;8.7242;104.42;2.5829;0;1.0678;116.79;0;116.79;8.7242;2.5829;104.42;1.0678;0.0747;0.9032;0;0.0091;112.41;4.3846;0;0;3.4682;0.9164;108.65;3.527;0.1089;0.0322;3.355;0.0309;112.18;0.2248;0.0174;0.0052;0.2019;0.0003;108.95;8.5979;2.5455;97.391;0.1203;66.662;53.33;21.055;0.8324;0.7976;11.474;0.2938;11.439;0;1;0;0;1.0227;0.9625;1;1;0.9668;0.1418;0.9686;0.9875;1;0.9667;0.7958;0.998;0.998;1;0.998;0.998;0.9303;0.9327;0.1126;0.3507;0.3523;0.0021;0.0176;0.0101;0.0023;0.008;0.0021;0;0;0.088;0;0.2084;0;0;0;0;0;0;0;0;0;0;0;0;0.0064;0.0004;0.3032;0.3032;0;32.831;32.831;4.4807;0.0412;300.25;1009.8;1;0.0068;0.0068;0;0;0;0;0;0;0.2964;0.2084;0;16.468;19.07;11.321;13.109;97.767;97.767;2.803;2.4231;1.6657;0.3799;0.7574;0.1355;0.2702;0.5943;66.639;0.5535;0
16/02/21 18:00;4.769;101.52;78.368;4.8665;7.0067;90;7.0067;8.2045;8.202;0.0025;26.07;2.9401;0;0.0062;8.1712;0.0004;0;0.0061;8.1839;0;8.1839;0.0062;0.0004;8.1712;0.0061;0.0008;0.9992;0;0.0007;8.1458;0.0381;0;0;0.033;0.0051;7.7815;0.348;0.0017;0.0001;0.346;0.0002;8.1295;0.0163;0;0;0.0163;0;7.7822;0.0045;0.0003;7.7759;0.0008;4.8674;3.8939;1.4821;0.0005;0.0579;0.8331;0.0007;0.8905;0;1;0;0;0.9975;0.9953;1;1;0.996;0.1643;0.9572;0.7324;1;0.9574;0.7756;0.998;0.998;1;0.998;0.998;0.9508;0.9516;0.1272;0.0246;0.0252;0.0002;0.0055;0.0001;0.0001;0.0005;0.0001;0;0;0.088;0;-0.072;0;0;0;0;0;0;0;0;0;0;0;0;0.0004;0;0.0183;0.0183;0;26.402;26.402;0.3319;0.0426;19.992;916.04;1;0.0023;0.0023;0;0;0;0;0;0;0.016;-0.072;0;14.196;16.438;-55.795;-64.61;87.468;87.468;0.1964;0.1464;-0.5753;0.0501;0.7216;0.2548;3.6741;0;4.8674;0;0
16/02/21 19:00;0;0;90;0;0;90;0;0;0;0;23.66;4.9201;0;0;0;0;0;0;0;0;0;0;0;0;0;1;1;1;1;0;0;0;0;0;0;0;0;0;0;0;0;0;0;0;0;0;0;0;0;0;0;0;0;0;0;0;0;0;0;0;0;0;0;0;1;1;1;1;1;1;1;1;1;1;1;1;1;1;1;1;1;1;1;0;0;0;0;0;0;0;0;0;0.0004;0.088;0;-0.0884;0;0;0;0;0;0;0;0;0;0;0;0;0;0;0;0;0;0;0;-23.66;0;0;0;0;0.0004;0;0;0;0;0;0;0;-0.0004;-0.0884;0;0;0;0;0;0;0;0;0;-0.7063;0;0.7063;1;1;0;0;0;0
16/02/21 20:00;0;0;90;0;0;90;0;0;0;0;22.62;6.11;0;0;0;0;0;0;0;0;0;0;0;0;0;1;1;1;1;0;0;0;0;0;0;0;0;0;0;0;0;0;0;0;0;0;0;0;0;0;0;0;0;0;0;0;0;0;0;0;0;0;0;0;1;1;1;1;1;1;1;1;1;1;1;1;1;1;1;1;1;1;1;0;0;0;0;0;0;0;0;0;0.0004;0.088;0;-0.0884;0;0;0;0;0;0;0;0;0;0;0;0;0;0;0;0;0;0;0;-22.62;0;0;0;0;0.0004;0;0;0;0;0;0;0;-0.0004;-0.0884;0;0;0;0;0;0;0;0;0;-0.7063;0;0.7063;1;1;0;0;0;0
16/02/21 21:00;0;0;90;0;0;90;0;0;0;0;21.87;6.6701;0;0;0;0;0;0;0;0;0;0;0;0;0;1;1;1;1;0;0;0;0;0;0;0;0;0;0;0;0;0;0;0;0;0;0;0;0;0;0;0;0;0;0;0;0;0;0;0;0;0;0;0;1;1;1;1;1;1;1;1;1;1;1;1;1;1;1;1;1;1;1;0;0;0;0;0;0;0;0;0;0.0004;0.088;0;-0.0884;0;0;0;0;0;0;0;0;0;0;0;0;0;0;0;0;0;0;0;-21.87;0;0;0;0;0.0004;0;0;0;0;0;0;0;-0.0004;-0.0884;0;0;0;0;0;0;0;0;0;-0.7063;0;0.7063;1;1;0;0;0;0
16/02/21 22:00;0;0;90;0;0;90;0;0;0;0;20.73;6.6899;0;0;0;0;0;0;0;0;0;0;0;0;0;1;1;1;1;0;0;0;0;0;0;0;0;0;0;0;0;0;0;0;0;0;0;0;0;0;0;0;0;0;0;0;0;0;0;0;0;0;0;0;1;1;1;1;1;1;1;1;1;1;1;1;1;1;1;1;1;1;1;0;0;0;0;0;0;0;0;0;0.0004;0.088;0;-0.0884;0;0;0;0;0;0;0;0;0;0;0;0;0;0;0;0;0;0;0;-20.73;0;0;0;0;0.0004;0;0;0;0;0;0;0;-0.0004;-0.0884;0;0;0;0;0;0;0;0;0;-0.7063;0;0.7063;1;1;0;0;0;0
16/02/21 23:00;0;0;90;0;0;90;0;0;0;0;19.6;6.35;0;0;0;0;0;0;0;0;0;0;0;0;0;1;1;1;1;0;0;0;0;0;0;0;0;0;0;0;0;0;0;0;0;0;0;0;0;0;0;0;0;0;0;0;0;0;0;0;0;0;0;0;1;1;1;1;1;1;1;1;1;1;1;1;1;1;1;1;1;1;1;0;0;0;0;0;0;0;0;0;0.0004;0.088;0;-0.0884;0;0;0;0;0;0;0;0;0;0;0;0;0;0;0;0;0;0;0;-19.6;0;0;0;0;0.0004;0;0;0;0;0;0;0;-0.0004;-0.0884;0;0;0;0;0;0;0;0;0;-0.7063;0;0.7063;1;1;0;0;0;0
17/02/21 00:00;0;0;90;0;0;90;0;0;0;0;19.07;5.6599;0;0;0;0;0;0;0;0;0;0;0;0;0;1;1;1;1;0;0;0;0;0;0;0;0;0;0;0;0;0;0;0;0;0;0;0;0;0;0;0;0;0;0;0;0;0;0;0;0;0;0;0;1;1;1;1;1;1;1;1;1;1;1;1;1;1;1;1;1;1;1;0;0;0;0;0;0;0;0;0;0.0004;0.088;0;-0.0884;0;0;0;0;0;0;0;0;0;0;0;0;0;0;0;0;0;0;0;-19.07;0;0;0;0;0.0004;0;0;0;0;0;0;0;-0.0004;-0.0884;0;0;0;0;0;0;0;0;0;-0.7063;0;0.7063;1;1;0;0;0;0
17/02/21 01:00;0;0;90;0;0;90;0;0;0;0;18.21;5.23;0;0;0;0;0;0;0;0;0;0;0;0;0;1;1;1;1;0;0;0;0;0;0;0;0;0;0;0;0;0;0;0;0;0;0;0;0;0;0;0;0;0;0;0;0;0;0;0;0;0;0;0;1;1;1;1;1;1;1;1;1;1;1;1;1;1;1;1;1;1;1;0;0;0;0;0;0;0;0;0;0.0004;0.088;0;-0.0884;0;0;0;0;0;0;0;0;0;0;0;0;0;0;0;0;0;0;0;-18.21;0;0;0;0;0.0004;0;0;0;0;0;0;0;-0.0004;-0.0884;0;0;0;0;0;0;0;0;0;-0.7063;0;0.7063;1;1;0;0;0;0
17/02/21 02:00;0;0;90;0;0;90;0;0;0;0;18.1;5.15;0;0;0;0;0;0;0;0;0;0;0;0;0;1;1;1;1;0;0;0;0;0;0;0;0;0;0;0;0;0;0;0;0;0;0;0;0;0;0;0;0;0;0;0;0;0;0;0;0;0;0;0;1;1;1;1;1;1;1;1;1;1;1;1;1;1;1;1;1;1;1;0;0;0;0;0;0;0;0;0;0.0004;0.088;0;-0.0884;0;0;0;0;0;0;0;0;0;0;0;0;0;0;0;0;0;0;0;-18.1;0;0;0;0;0.0004;0;0;0;0;0;0;0;-0.0004;-0.0884;0;0;0;0;0;0;0;0;0;-0.7063;0;0.7063;1;1;0;0;0;0
17/02/21 03:00;0;0;90;0;0;90;0;0;0;0;18;5.13;0;0;0;0;0;0;0;0;0;0;0;0;0;1;1;1;1;0;0;0;0;0;0;0;0;0;0;0;0;0;0;0;0;0;0;0;0;0;0;0;0;0;0;0;0;0;0;0;0;0;0;0;1;1;1;1;1;1;1;1;1;1;1;1;1;1;1;1;1;1;1;0;0;0;0;0;0;0;0;0;0.0004;0.088;0;-0.0884;0;0;0;0;0;0;0;0;0;0;0;0;0;0;0;0;0;0;0;-18;0;0;0;0;0.0004;0;0;0;0;0;0;0;-0.0004;-0.0884;0;0;0;0;0;0;0;0;0;-0.7063;0;0.7063;1;1;0;0;0;0
17/02/21 04:00;0;0;90;0;0;90;0;0;0;0;17.75;5.28;0;0;0;0;0;0;0;0;0;0;0;0;0;1;1;1;1;0;0;0;0;0;0;0;0;0;0;0;0;0;0;0;0;0;0;0;0;0;0;0;0;0;0;0;0;0;0;0;0;0;0;0;1;1;1;1;1;1;1;1;1;1;1;1;1;1;1;1;1;1;1;0;0;0;0;0;0;0;0;0;0.0004;0.088;0;-0.0884;0;0;0;0;0;0;0;0;0;0;0;0;0;0;0;0;0;0;0;-17.75;0;0;0;0;0.0004;0;0;0;0;0;0;0;-0.0004;-0.0884;0;0;0;0;0;0;0;0;0;-0.7063;0;0.7063;1;1;0;0;0;0
17/02/21 05:00;2.1403;-102.95;84.803;2.1961;3.1364;-90;-3.1364;1.3088;1.2969;0.0119;17.5;5.94;0;0.0288;1.2957;0.0007;0;0.0002;1.3254;1.3254;0;0.0288;0;0;0;1;1;1;1;0;0;0;0;0;0;0;0;0;0;0;0;0;0;0;0;0;0;0;0;0;0;0;0;0;0;0;0;0;0;0;0;0;0;0;0;1;1;1;1;1;1;1;1;1;1;1;0;1;0;0;1;0;0;0;0;0;0;0;0;0;0;0;0.0004;0.088;0;-0.0884;0;0;0;0;0;0;0;0;0;0;0;0;0;0;0;0;0;0;0;-17.5;0;0;0;0;0.0004;0;0;0;0;0;0;0;-0.0004;-0.0884;0;0;0;0;0;0;0;0;0;-0.7063;0;0.7063;1;1;0;0;0;0
17/02/21 06:00;10.391;-97.198;64.06;10.472;15.683;-90;-15.683;88.296;64.597;23.7;18.98;6.3701;0;57.478;57.434;14.73;0;0.3287;129.97;0;129.97;57.478;14.73;57.434;0.3287;0.4422;0.4444;0;0.0025;128.81;1.1605;0;0;0.8862;0.2743;122.38;6.1685;3.2279;0.8272;2.1012;0.0122;128.55;0.2576;0.115;0.0295;0.1131;0.0001;122.43;54.135;13.873;54.334;0.0422;35.185;28.148;10.864;0.0871;0.4143;5.96;0.0493;6.2872;0;1;0;0;1.472;0.9911;1;1;0.9846;0.1656;0.952;0.9437;1;0.9628;0.7762;0.998;0.998;1;0.998;0.998;0.9416;0.946;0.1283;0.3903;0.3813;0.0023;0.0178;-0.0014;0.0025;0.009;0.0011;0;0;0.088;0;0.2466;0;0;0;0;0;0;0;0;0;0;0;0;0.0072;0.0005;0.3422;0.3422;0;23.982;23.982;5.0027;0.0409;325.49;1051.3;1;0.0076;0.0076;0;0;0;0;0;0;0.3346;0.2466;0;16.701;19.339;12.035;13.936;97.78;97.78;3.1193;2.7347;1.9707;0.3846;0.764;0.1233;0.2449;0.6318;35.039;0.6108;0
17/02/21 07:00;22.631;-88.721;21.057;22.636;46.339;-90;-46.339;385.69;63.599;322.09;21.08;6.1;0;781.16;21.559;92.383;0;11.941;907.05;0;907.05;781.16;92.383;21.559;11.941;0.8612;0.0369;0;0.0132;894.08;12.97;0;0;1.8656;11.104;890.97;1.3217;0.567;0.0671;0.643;0.0446;892.29;1.7882;1.5623;0.1848;0.0394;0.0017;891.39;779.03;92.131;19.011;0.791;18.011;14.409;5.8428;1.4597;0.2858;4.1105;0.4187;2.9365;0;1;0;0;2.3517;0.9857;1;1;0.9135;0.0701;0.9985;0.9993;1;0.9673;0.9466;0.998;0.998;1;0.998;0.998;0.9823;0.8818;0.0662;2.7239;2.6934;0.0162;-0.002;0.3138;0.0166;0.0587;0.0007;0;0;0.088;0;2.1012;0;0;0;0;0;0;0;0;0;0;0;0;0.0473;0.016;2.2261;2.2261;0;58.107;58.107;37.027;0.0416;2323.1;958.26;1;0.037;0.037;0;0;0;0;0;0;2.1892;2.1012;0;15.569;18.028;14.695;17.016;98.34;98.34;21.769;17.791;16.792;3.978;0.9987;0.1827;0.0459;0.7714;16.246;0.7688;0
17/02/21 08:00;34.821;-79.356;8.7213;35.289;54.711;-90;-54.711;588.91;96.999;491.91;22.98;5.31;0;851.5;29.353;103.5;0;24.87;1009.2;0;1009.2;851.5;103.5;29.353;24.87;0.8437;0.0537;0;0.0246;982.69;26.532;0;0;3.2318;23.3;979.48;1.2401;0.256;0.0311;0.8866;0.0664;980.72;1.9654;1.703;0.207;0.0522;0.0031;984.38;849.54;103.26;25.182;1.5001;183.94;147.15;57.581;3.5432;2.3155;33.307;4.9015;32.079;0;1;0;0;1.7137;0.9737;1;1;0.8899;0.0631;0.9987;0.9997;1;0.966;0.9576;0.998;0.998;1;0.998;0.998;0.9705;0.8579;0.0603;3.0307;3.0351;0.0183;0.0002;0.4155;0.0182;0.0646;0.0057;0;0;0.088;0;2.3111;0;0;0;0;0;0;0;0;0;0;0;0;0.052;0.0199;2.4407;2.4407;0;63.883;63.883;40.903;0.0418;2611.5;934.57;1;0.0416;0.0416;0;0;0;0;0;0;2.3991;2.3111;0;15.341;17.765;14.527;16.821;98.296;98.296;24.221;19.506;18.47;4.7155;1.0358;0.1947;0.0428;0.7626;24.073;0.7442;0
17/02/21 09:00;46.582;-67.69;15.125;48.8;41.2;-90;-41.2;700.71;151.8;548.91;23.97;4.4699;0;729.53;61.087;109.09;0;17.348;917.05;0;917.05;729.53;109.09;61.087;17.348;0.7955;0.0855;0;0.0189;896.63;20.418;0;0;4.4526;15.965;892.46;2.3819;0.3804;0.0569;1.8308;0.1138;894.84;1.7933;1.4591;0.2182;0.1133;0.0028;897.23;727.69;108.81;54.69;1.2663;330.86;264.69;107.55;2.7581;3.6717;52.816;4.778;53.73;0;1;0;0;1.3088;0.9777;1;1;0.9271;0.0797;0.9973;0.9995;1;0.9676;0.9175;0.998;0.998;1;0.998;0.998;0.9732;0.8953;0.073;2.7539;2.8137;0.0169;-0.0015;0.3583;0.0171;0.0606;0.0092;0;0;0.088;0;2.161;0;0;0;0;0;0;0;0;0;0;0;0;0.0488;0.0173;2.2871;2.2871;0;61.153;61.153;37.183;0.0417;2421.6;944.48;1;0.0381;0.0381;0;0;0;0;0;0;2.249;2.161;0;15.821;18.321;14.949;17.31;98.333;98.333;22.009;18.279;17.271;3.7304;1.008;0.1695;0.0458;0.7847;43.959;0.7523;0
17/02/21 10:00;57.163;-51.03;19.94;63.354;26.646;-90;-26.646;912.11;150.2;761.91;24.99;3.71;0;852.44;49.944;109.04;0;9.6871;1021.1;0;1021.1;852.44;109.04;49.944;9.6871;0.8348;0.0584;0;0.0095;1010.9;10.193;0;0;1.8371;8.3558;1006.4;2.5051;0.5859;0.0749;1.5848;0.2593;1008.9;2.0218;1.7049;0.2181;0.0962;0.0027;1008.9;850.15;108.74;46.426;1.0692;497.07;397.66;161.23;0.5026;5.3023;76.272;2.5511;81.071;0;1;0;0;1.1195;0.99;1;1;0.9632;0.1374;0.9975;0.9993;1;0.967;0.8048;0.998;0.998;1;0.998;0.998;0.9856;0.9296;0.1104;3.0664;3.1996;0.0193;0.0023;0.4748;0.0189;0.0671;0.0129;0;0;0.088;0;2.3969;0;0;0;0;0;0;0;0;0;0;0;0;0.054;0.022;2.5282;2.5282;0;67.131;67.131;42.142;0.0419;2751.5;918.83;1;0.0433;0.0433;0;0;0;0;0;0;2.4849;2.3969;0;15.706;18.188;14.891;17.243;98.288;98.288;24.507;20.205;19.156;4.3013;1.0493;0.1755;0.0428;0.7817;32.201;0.7403;0
17/02/21 11:00;64.801;-24.799;22.737;78.835;11.165;-90;-11.165;1012.1;167;845.11;26.37;3.3;0;861.41;54.87;113.76;0;1.9155;1032;0;1032;861.41;113.76;54.87;1.9155;0.8347;0.055;0;0.0019;1029.9;2.0743;0;0;0.4777;1.5966;1024.8;3.0152;0.6752;0.0892;2.1793;0.0715;1027.8;2.0598;1.7228;0.2275;0.1088;0.0006;1025.2;859.01;113.44;52.104;0.2467;589.59;471.67;187.72;0.0247;6.4802;93.216;0.3905;99.671;0;1;0;0;1.0196;0.998;1;1;0.9913;0.1665;0.9971;0.9992;1;0.9599;0.7752;0.998;0.998;1;0.998;0.998;0.9931;0.9496;0.1288;3.099;3.2843;0.0198;0.0036;0.5136;0.0192;0.0682;0.0156;0;0;0.088;0;2.4343;0;0;0;0;0;0;0;0;0;0;0;0;0.0549;0.0232;2.5662;2.5662;0;69.363;69.363;42.993;0.042;2823.9;908.75;1;0.0439;0.0439;0;0;0;0;0;0;2.5223;2.4343;0;15.775;18.267;14.964;17.328;98.288;98.288;24.767;20.509;19.455;4.2579;1.0543;0.1719;0.0426;0.7855;32.99;0.7358;0
17/02/21 12:00;66.322;10.995;23.218;85.219;4.7809;90;4.7809;1094.8;180.6;914.2;26.68;3.1899;0;917.39;51.516;129.44;0;0.3809;1098.7;0;1098.7;917.39;129.44;51.516;0.3809;0.835;0.0472;0;0.0003;1098.3;0.432;0;0;0.1133;0.3187;1093;3.0952;0.7342;0.1036;2.2435;0.0139;1096.1;2.1966;1.8348;0.2589;0.1028;0.0001;1093;914.82;129.08;49.056;0.0482;644.26;515.41;206.57;0.0004;6.9862;100.49;0.0331;107.48;0;1;0;0;1.0036;0.9996;1;1;0.9978;0.1634;0.9972;0.9992;1;0.9563;0.7765;0.998;0.998;1;0.998;0.998;0.9948;0.9523;0.1266;3.2995;3.504;0.0211;0.0079;0.5888;0.0202;0.0717;0.0165;0;0;0.088;0;2.5594;0;0;0;0;0;0;0;0;0;0;0;0;0.0577;0.0262;2.6939;2.6939;0;72.666;72.666;45.986;0.0421;3012.4;894.28;1;0.0465;0.0465;0;0;0;0;0;0;2.6474;2.5594;0;15.554;18.011;14.777;17.111;98.272;98.272;26.37;21.53;20.454;4.8398;1.0752;0.1835;0.0408;0.7757;30.586;0.726;0
17/02/21 13:00;60.74;41.921;21.327;69.478;20.522;90;20.522;598.89;415.1;183.79;26.47;3.0901;0;196.24;341.34;66.812;0;3.8005;608.2;0;608.2;196.24;66.812;341.34;3.8005;0.3227;0.5675;0;0.0062;596.73;11.474;0;0;8.2734;3.2003;583.79;11.747;0.1443;0.0491;11.422;0.1318;595.53;1.1935;0.3925;0.1336;0.6661;0.0012;584.75;195.71;66.629;320.98;0.4673;351.05;280.84;111.24;1.3395;3.9794;57.242;0.9605;59.882;0;1;0;0;1.0155;0.9811;1;1;0.9758;0.1579;0.9803;0.9993;1;0.9656;0.78;0.998;0.998;1;0.998;0.998;0.9599;0.9403;0.1229;1.8264;1.8819;0.0113;0.0016;0.1703;0.0119;0.0422;0.0103;0;0;0.088;0;1.4794;0;0;0;0;0;0;0;0;0;0;0;0;0.034;0.0081;1.5922;1.5922;0;50.601;50.601;24.131;0.0413;1615.3;985.74;1;0.0248;0.0248;0;0;0;0;0;0;1.5674;1.4794;0;16.607;19.231;15.431;17.869;98.444;98.444;14.597;12.725;11.824;1.8718;0.9013;0.1282;0.0617;0.81;212.62;0.7567;0
17/02/21 14:00;51.039;61.819;17.275;54.518;35.482;90;35.482;857.61;147.8;709.81;27.03;2.9301;0;871.68;46.502;118.55;0;15.926;1052.7;0;1052.7;871.68;118.55;46.502;15.926;0.8281;0.0593;0;0.0151;1035.6;17.066;0;0;2.6991;14.366;1031.3;2.2138;0.5191;0.0706;1.4108;0.2133;1033.5;2.0712;1.7434;0.2371;0.0876;0.0031;1035.7;869.41;118.24;42.305;1.3427;431.97;345.58;142.4;1.2595;4.5122;64.906;4.4177;68.159;0;1;0;0;1.2274;0.9838;1;1;0.942;0.0979;0.9979;0.9994;1;0.9677;0.8629;0.998;0.998;1;0.998;0.998;0.9797;0.9097;0.0843;3.1611;3.2563;0.0196;0.0032;0.5208;0.019;0.0673;0.0108;0;0;0.088;0;2.4074;0;0;0;0;0;0;0;0;0;0;0;0;0.0542;0.0228;2.5385;2.5385;0;70.331;70.331;43.301;0.042;2802.6;905.78;1;0.0432;0.0432;0;0;0;0;0;0;2.4954;2.4074;0;15.298;17.715;14.507;16.799;98.299;98.299;25.264;20.288;19.24;4.9757;1.0485;0.197;0.0415;0.7615;31.916;0.7279;0
17/02/21 15:00;39.625;75.059;11.454;40.596;49.404;90;49.404;660.7;156.3;504.4;27.4;2.76;0;775.13;56.002;135.93;0;23.077;990.14;0;990.14;775.13;135.93;56.002;23.077;0.7829;0.0799;0;0.0233;963.21;26.925;0;0;5.3285;21.597;959.19;2.0974;0.3061;0.0537;1.6728;0.0648;961.29;1.9264;1.5503;0.2719;0.1013;0.003;964.71;773.28;135.6;48.899;1.4122;262.5;210;82.867;4.7295;3.2383;46.582;5.5246;45.09;0;1;0;0;1.4986;0.9728;1;1;0.9049;0.0641;0.9978;0.9996;1;0.9669;0.9561;0.998;0.998;1;0.998;0.998;0.9687;0.8732;0.0612;2.9734;3.0038;0.0181;-0.0001;0.4515;0.0177;0.0629;0.0079;0;0;0.088;0;2.2479;0;0;0;0;0;0;0;0;0;0;0;0;0.0507;0.0196;2.3756;2.3756;0;67.579;67.579;40.178;0.0419;2584.9;919.02;1;0.0397;0.0397;0;0;0;0;0;0;2.3359;2.2479;0;15.22;17.624;14.402;16.677;98.331;98.331;23.763;18.986;17.965;4.7778;1.0202;0.2011;0.0429;0.756;43.464;0.7303;0
17/02/21 16:00;27.55;85.129;4.922;27.635;60;90;60;437.4;169.6;267.8;27.33;2.4699;0;576.87;74.501;151.35;0;21.87;824.6;0;824.6;576.87;151.35;74.501;21.87;0.6996;0.1169;0;0.0265;794.69;29.91;0;0;9.3956;20.514;790.59;2.5135;0.0979;0.0257;2.2978;0.0922;793.1;1.5894;1.1537;0.3027;0.1302;0.0027;794.3;575.62;151.03;62.678;1.2611;104.13;83.305;36.986;12.461;1.7052;24.528;3.7094;13.773;0;1;0;0;1.8852;0.9637;1;1;0.8739;0.062;0.9968;0.9998;1;0.9646;0.9319;0.998;0.998;1;0.998;0.998;0.9588;0.8413;0.0577;2.4763;2.444;0.0147;-0.0021;0.3044;0.0149;0.0528;0.0043;0;0;0.088;0;1.8795;0;0;0;0;0;0;0;0;0;0;0;0;0.0425;0.0133;1.9992;1.9992;0;60.247;60.247;32.917;0.0416;2107.2;948.77;1;0.0318;0.0318;0;0;0;0;0;0;1.9675;1.8795;0;15.38;17.81;14.459;16.743;98.411;98.411;19.79;15.978;15.021;3.8125;0.9572;0.1926;0.0484;0.759;64.858;0.7425;0
17/02/21 17:00;15.294;93.837;50.229;15.327;24.544;90;24.544;216.7;140.3;76.394;26.63;2.3999;0;185.28;106.2;70.515;0;1.958;363.95;0;363.95;185.28;70.515;106.2;1.958;0.5091;0.2972;0;0.0054;358.85;5.1076;0;0;3.4305;1.6771;351.34;6.7928;2.398;0.9126;3.4244;0.0578;358.13;0.7177;0.3706;0.141;0.2055;0.0006;351.62;182.51;69.461;99.142;0.2226;68.126;54.5;21.588;0.7962;0.8071;11.609;0.2855;11.62;0;1;0;0;1.6795;0.986;1;1;0.9677;0.1435;0.981;0.987;1;0.9666;0.794;0.998;0.998;1;0.998;0.998;0.9653;0.9335;0.1137;1.093;1.0835;0.0065;0.0123;0.0624;0.007;0.0249;0.0021;0;0;0.088;0;0.8424;0;0;0;0;0;0;0;0;0;0;0;0;0.02;0.003;0.9453;0.9453;0;41.076;41.076;14.446;0.0411;931.83;1014.5;1;0.0149;0.0149;0;0;0;0;0;0;0.9304;0.8424;0;16.477;19.08;14.684;17.003;98.425;98.425;8.7349;7.5551;6.7328;1.1798;0.8223;0.1351;0.0941;0.7708;67.609;0.7528;0
17/02/21 18:00;4.5586;101.24;78.886;4.6472;6.685;90;6.685;16.194;15.998;0.1964;24.47;4.03;0;0.4763;15.915;0.0686;0;0.011;16.471;0;16.471;0.4763;0.0686;15.915;0.011;0.0289;0.9669;0;0.0007;16.402;0.0688;0;0;0.0596;0.0092;15.538;0.8314;0.1348;0.0194;0.6769;0.0004;16.37;0.0328;0.001;0.0001;0.0317;0;15.539;0.3406;0.0491;15.147;0.0014;9.4763;7.581;2.885;0.0008;0.1128;1.6222;0.0012;1.7342;0;1;0;0;1.0171;0.9958;1;1;0.9963;0.1642;0.9492;0.7165;1;0.9572;0.7757;0.998;0.998;1;0.998;0.998;0.9434;0.9517;0.1271;0.0495;0.0502;0.0003;0.0079;0;0.0003;0.001;0.0003;0;0;0.088;0;-0.0513;0;0;0;0;0;0;0;0;0;0;0;0;0.0008;0;0.0395;0.0395;0;25.123;25.123;0.6529;0.042;41.312;956.5;1;0.0028;0.0028;0;0;0;0;0;0;0.0367;-0.0513;0;15.218;17.623;-19.748;-22.867;92.942;92.942;0.3953;0.3158;-0.4098;0.0795;0.7256;0.2011;1.8355;0;9.4752;0;0
17/02/21 19:00;0;0;90;0;0;90;0;0;0;0;22.35;5.38;0;0;0;0;0;0;0;0;0;0;0;0;0;1;1;1;1;0;0;0;0;0;0;0;0;0;0;0;0;0;0;0;0;0;0;0;0;0;0;0;0;0;0;0;0;0;0;0;0;0;0;0;1;1;1;1;1;1;1;1;1;1;1;1;1;1;1;1;1;1;1;0;0;0;0;0;0;0;0;0;0.0004;0.088;0;-0.0884;0;0;0;0;0;0;0;0;0;0;0;0;0;0;0;0;0;0;0;-22.35;0;0;0;0;0.0004;0;0;0;0;0;0;0;-0.0004;-0.0884;0;0;0;0;0;0;0;0;0;-0.7063;0;0.7063;1;1;0;0;0;0
17/02/21 20:00;0;0;90;0;0;90;0;0;0;0;21.7;6.9;0;0;0;0;0;0;0;0;0;0;0;0;0;1;1;1;1;0;0;0;0;0;0;0;0;0;0;0;0;0;0;0;0;0;0;0;0;0;0;0;0;0;0;0;0;0;0;0;0;0;0;0;1;1;1;1;1;1;1;1;1;1;1;1;1;1;1;1;1;1;1;0;0;0;0;0;0;0;0;0;0.0004;0.088;0;-0.0884;0;0;0;0;0;0;0;0;0;0;0;0;0;0;0;0;0;0;0;-21.7;0;0;0;0;0.0004;0;0;0;0;0;0;0;-0.0004;-0.0884;0;0;0;0;0;0;0;0;0;-0.7063;0;0.7063;1;1;0;0;0;0
17/02/21 21:00;0;0;90;0;0;90;0;0;0;0;20.5;7.2;0;0;0;0;0;0;0;0;0;0;0;0;0;1;1;1;1;0;0;0;0;0;0;0;0;0;0;0;0;0;0;0;0;0;0;0;0;0;0;0;0;0;0;0;0;0;0;0;0;0;0;0;1;1;1;1;1;1;1;1;1;1;1;1;1;1;1;1;1;1;1;0;0;0;0;0;0;0;0;0;0.0004;0.088;0;-0.0884;0;0;0;0;0;0;0;0;0;0;0;0;0;0;0;0;0;0;0;-20.5;0;0;0;0;0.0004;0;0;0;0;0;0;0;-0.0004;-0.0884;0;0;0;0;0;0;0;0;0;-0.7063;0;0.7063;1;1;0;0;0;0
17/02/21 22:00;0;0;90;0;0;90;0;0;0;0;19.61;7.0999;0;0;0;0;0;0;0;0;0;0;0;0;0;1;1;1;1;0;0;0;0;0;0;0;0;0;0;0;0;0;0;0;0;0;0;0;0;0;0;0;0;0;0;0;0;0;0;0;0;0;0;0;1;1;1;1;1;1;1;1;1;1;1;1;1;1;1;1;1;1;1;0;0;0;0;0;0;0;0;0;0.0004;0.088;0;-0.0884;0;0;0;0;0;0;0;0;0;0;0;0;0;0;0;0;0;0;0;-19.61;0;0;0;0;0.0004;0;0;0;0;0;0;0;-0.0004;-0.0884;0;0;0;0;0;0;0;0;0;-0.7063;0;0.7063;1;1;0;0;0;0
17/02/21 23:00;0;0;90;0;0;90;0;0;0;0;18.8;6.5499;0;0;0;0;0;0;0;0;0;0;0;0;0;1;1;1;1;0;0;0;0;0;0;0;0;0;0;0;0;0;0;0;0;0;0;0;0;0;0;0;0;0;0;0;0;0;0;0;0;0;0;0;1;1;1;1;1;1;1;1;1;1;1;1;1;1;1;1;1;1;1;0;0;0;0;0;0;0;0;0;0.0004;0.088;0;-0.0884;0;0;0;0;0;0;0;0;0;0;0;0;0;0;0;0;0;0;0;-18.8;0;0;0;0;0.0004;0;0;0;0;0;0;0;-0.0004;-0.0884;0;0;0;0;0;0;0;0;0;-0.7063;0;0.7063;1;1;0;0;0;0
18/02/21 00:00;0;0;90;0;0;90;0;0;0;0;17.7;5.9799;0;0;0;0;0;0;0;0;0;0;0;0;0;1;1;1;1;0;0;0;0;0;0;0;0;0;0;0;0;0;0;0;0;0;0;0;0;0;0;0;0;0;0;0;0;0;0;0;0;0;0;0;1;1;1;1;1;1;1;1;1;1;1;1;1;1;1;1;1;1;1;0;0;0;0;0;0;0;0;0;0.0004;0.088;0;-0.0884;0;0;0;0;0;0;0;0;0;0;0;0;0;0;0;0;0;0;0;-17.7;0;0;0;0;0.0004;0;0;0;0;0;0;0;-0.0004;-0.0884;0;0;0;0;0;0;0;0;0;-0.7063;0;0.7063;1;1;0;0;0;0
18/02/21 01:00;0;0;90;0;0;90;0;0;0;0;16.74;5.38;0;0;0;0;0;0;0;0;0;0;0;0;0;1;1;1;1;0;0;0;0;0;0;0;0;0;0;0;0;0;0;0;0;0;0;0;0;0;0;0;0;0;0;0;0;0;0;0;0;0;0;0;1;1;1;1;1;1;1;1;1;1;1;1;1;1;1;1;1;1;1;0;0;0;0;0;0;0;0;0;0.0004;0.088;0;-0.0884;0;0;0;0;0;0;0;0;0;0;0;0;0;0;0;0;0;0;0;-16.74;0;0;0;0;0.0004;0;0;0;0;0;0;0;-0.0004;-0.0884;0;0;0;0;0;0;0;0;0;-0.7063;0;0.7063;1;1;0;0;0;0
18/02/21 02:00;0;0;90;0;0;90;0;0;0;0;14.44;4.88;0;0;0;0;0;0;0;0;0;0;0;0;0;1;1;1;1;0;0;0;0;0;0;0;0;0;0;0;0;0;0;0;0;0;0;0;0;0;0;0;0;0;0;0;0;0;0;0;0;0;0;0;1;1;1;1;1;1;1;1;1;1;1;1;1;1;1;1;1;1;1;0;0;0;0;0;0;0;0;0;0.0004;0.088;0;-0.0884;0;0;0;0;0;0;0;0;0;0;0;0;0;0;0;0;0;0;0;-14.44;0;0;0;0;0.0004;0;0;0;0;0;0;0;-0.0004;-0.0884;0;0;0;0;0;0;0;0;0;-0.7063;0;0.7063;1;1;0;0;0;0
18/02/21 03:00;0;0;90;0;0;90;0;0;0;0;12.82;4.3801;0;0;0;0;0;0;0;0;0;0;0;0;0;1;1;1;1;0;0;0;0;0;0;0;0;0;0;0;0;0;0;0;0;0;0;0;0;0;0;0;0;0;0;0;0;0;0;0;0;0;0;0;1;1;1;1;1;1;1;1;1;1;1;1;1;1;1;1;1;1;1;0;0;0;0;0;0;0;0;0;0.0004;0.088;0;-0.0884;0;0;0;0;0;0;0;0;0;0;0;0;0;0;0;0;0;0;0;-12.82;0;0;0;0;0.0004;0;0;0;0;0;0;0;-0.0004;-0.0884;0;0;0;0;0;0;0;0;0;-0.7063;0;0.7063;1;1;0;0;0;0
18/02/21 04:00;0;0;90;0;0;90;0;0;0;0;11.93;4.0799;0;0;0;0;0;0;0;0;0;0;0;0;0;1;1;1;1;0;0;0;0;0;0;0;0;0;0;0;0;0;0;0;0;0;0;0;0;0;0;0;0;0;0;0;0;0;0;0;0;0;0;0;1;1;1;1;1;1;1;1;1;1;1;1;1;1;1;1;1;1;1;0;0;0;0;0;0;0;0;0;0.0004;0.088;0;-0.0884;0;0;0;0;0;0;0;0;0;0;0;0;0;0;0;0;0;0;0;-11.93;0;0;0;0;0.0004;0;0;0;0;0;0;0;-0.0004;-0.0884;0;0;0;0;0;0;0;0;0;-0.7063;0;0.7063;1;1;0;0;0;0
18/02/21 05:00;2.1471;-102.51;84.787;2.1993;3.141;-90;-3.141;0.7032;0.6983;0.0049;11.1;4.7799;0;0.0119;0.6978;0.0002;0;0.0001;0.7099;0.7099;0;0.0119;0;0;0;1;1;1;1;0;0;0;0;0;0;0;0;0;0;0;0;0;0;0;0;0;0;0;0;0;0;0;0;0;0;0;0;0;0;0;0;0;0;0;0;1;1;1;1;1;1;1;1;1;1;1;0;1;0;0;1;0;0;0;0;0;0;0;0;0;0;0;0.0004;0.088;0;-0.0884;0;0;0;0;0;0;0;0;0;0;0;0;0;0;0;0;0;0;0;-11.1;0;0;0;0;0.0004;0;0;0;0;0;0;0;-0.0004;-0.0884;0;0;0;0;0;0;0;0;0;-0.7063;0;0.7063;1;1;0;0;0;0
18/02/21 06:00;10.206;-96.891;64.55;10.278;15.364;-90;-15.364;142.99;24.399;118.59;15.33;7.11;0;287.62;12.482;28.352;0;0.511;328.97;0;328.97;287.62;28.352;12.482;0.511;0.8743;0.0395;0;0.0016;328.36;0.6123;0;0;0.186;0.4263;308.52;19.181;17.024;1.6781;0.4594;0.0189;327.7;0.6567;0.5752;0.0567;0.0246;0.0002;308.53;270.02;26.617;11.812;0.0656;8.2443;6.5955;2.2004;0.0177;0.1193;1.7166;0.0138;1.8183;0;1;0;0;2.3006;0.9981;1;1;0.9851;0.1658;0.9415;0.9407;1;0.9626;0.776;0.998;0.998;1;0.998;0.998;0.9378;0.9463;0.1284;0.9879;0.9329;0.0056;0.0143;0.0096;0.0063;0.0224;0.0003;0;0;0.088;0;0.7517;0;0;0;0;0;0;0;0;0;0;0;0;0.0181;0.0023;0.854;0.854;0;27.886;27.886;12.556;0.0407;799.58;1068;1;0.0142;0.0142;0;0;0;0;0;0;0.8397;0.7517;0;16.467;19.069;14.496;16.786;98.335;98.335;7.8952;6.8249;6.008;1.0703;0.817;0.1356;0.1035;0.761;7.606;0.758;0
18/02/21 07:00;22.449;-88.393;22.163;22.457;45.428;-90;-45.428;371.7;61.597;310.11;19.19;8.2899;0;752.1;21.945;86.842;0;11.084;871.97;0;871.97;752.1;86.842;21.945;11.084;0.8625;0.0379;0;0.0127;859.83;12.136;0;0;1.8449;10.291;856.77;1.3412;0.5746;0.0663;0.6546;0.0457;858.11;1.7197;1.5042;0.1737;0.0402;0.0016;857.07;750.02;86.602;19.405;0.7456;18.092;14.473;6.4637;1.3873;0.2432;3.499;0.2932;2.355;0;1;0;0;2.3459;0.9861;1;1;0.9159;0.0715;0.9984;0.9992;1;0.9674;0.9423;0.998;0.998;1;0.998;0.998;0.9826;0.8843;0.0673;2.6185;2.5888;0.0156;-0.0022;0.2702;0.0161;0.0572;0.0006;0;0;0.088;0;2.0463;0;0;0;0;0;0;0;0;0;0;0;0;0.0461;0.0148;2.1702;2.1702;0;54.696;54.696;35.506;0.0414;2232.8;971.96;1;0.0359;0.0359;0;0;0;0;0;0;2.1343;2.0463;0;15.789;18.283;14.887;17.239;98.346;98.346;20.927;17.345;16.354;3.5827;0.9901;0.1712;0.0473;0.7815;16.397;0.7791;0
18/02/21 08:00;34.632;-78.993;9.0384;35.131;54.869;-90;-54.869;597.5;98.602;498.9;21.93;8.0599;0;866.99;28.862;107.68;0;25.368;1028.9;0;1028.9;866.99;107.68;28.862;25.368;0.8426;0.0527;0;0.0247;1001.9;26.958;0;0;3.1911;23.767;998.69;1.2442;0.2701;0.0335;0.8722;0.0683;999.93;2.0039;1.734;0.2154;0.0513;0.0032;1003.7;864.99;107.43;24.747;1.5288;184.67;147.74;57.513;3.5197;2.3416;33.683;5.0485;32.505;0;1;0;0;1.722;0.9738;1;1;0.8894;0.0631;0.9988;0.9997;1;0.966;0.9572;0.998;0.998;1;0.998;0.998;0.9706;0.8574;0.0603;3.0898;3.0942;0.0186;0.0009;0.4204;0.0186;0.0659;0.0058;0;0;0.088;0;2.3594;0;0;0;0;0;0;0;0;0;0;0;0;0.0531;0.0207;2.4902;2.4902;0;63.627;63.627;41.697;0.0418;2662.1;935.43;1;0.0428;0.0428;0;0;0;0;0;0;2.4474;2.3594;0;15.353;17.779;14.547;16.845;98.281;98.281;24.694;19.902;18.856;4.7919;1.0455;0.1941;0.0423;0.7636;23.711;0.7453;0
18/02/21 09:00;46.369;-67.28;15.456;48.673;41.327;-90;-41.327;792.4;130.8;661.6;23.3;7.5501;0;881.02;39.585;113.96;0;19.735;1054.3;0;1054.3;881.02;113.96;39.585;19.735;0.8356;0.0563;0;0.0187;1033.2;21.066;0;0;2.8984;18.167;1029.3;1.8439;0.4694;0.0607;1.1861;0.1277;1031.2;2.0665;1.762;0.2279;0.0734;0.0031;1034.7;878.79;113.68;35.427;1.4367;367.46;293.97;119.12;1.8084;4.0175;57.79;5.35;59.999;0;1;0;0;1.3305;0.98;1;1;0.9268;0.0794;0.9982;0.9995;1;0.9676;0.9184;0.998;0.998;1;0.998;0.998;0.9763;0.895;0.0728;3.1661;3.2382;0.0195;0.0029;0.4715;0.0192;0.0681;0.0098;0;0;0.088;0;2.4373;0;0;0;0;0;0;0;0;0;0;0;0;0.0549;0.0226;2.5697;2.5697;0;66.376;66.376;43.076;0.0418;2786.2;922.28;1;0.0444;0.0444;0;0;0;0;0;0;2.5253;2.4373;0;15.461;17.904;14.665;16.982;98.273;98.273;25.303;20.537;19.479;4.7665;1.0579;0.1884;0.0418;0.7698;28.517;0.7395;0
18/02/21 10:00;56.903;-50.589;20.284;63.27;26.73;-90;-26.73;947.7;156.4;791.3;25.33;7.12;0;885.98;47.948;118.4;0;10.127;1062.5;0;1062.5;885.98;118.4;47.948;10.127;0.8339;0.0547;0;0.0095;1051.9;10.512;0;0;1.7725;8.739;1047.3;2.4928;0.6195;0.0828;1.5206;0.2699;1049.8;2.1039;1.772;0.2368;0.0924;0.0028;1050;883.59;118.08;44.562;1.1156;515.88;412.71;167.37;0.4881;5.4981;79.089;2.668;84.099;0;1;0;0;1.1211;0.9901;1;1;0.963;0.1371;0.9976;0.9993;1;0.967;0.8052;0.998;0.998;1;0.998;0.998;0.9858;0.9294;0.1102;3.1905;3.3293;0.02;0.0044;0.5192;0.0195;0.0692;0.0132;0;0;0.088;0;2.4714;0;0;0;0;0;0;0;0;0;0;0;0;0.0557;0.0238;2.6042;2.6042;0;69.267;69.267;43.937;0.042;2863.9;909.33;1;0.0448;0.0448;0;0;0;0;0;0;2.5594;2.4714;0;15.549;18.005;14.756;17.087;98.278;98.278;25.499;20.813;19.751;4.686;1.0617;0.1838;0.0416;0.7746;30.929;0.7337;0
18/02/21 11:00;64.475;-24.479;23.089;78.808;11.192;-90;-11.192;1040.9;171.7;869.2;25.8;6.81;0;886.05;52.809;120.68;0;1.9796;1061.5;0;1061.5;886.05;120.68;52.809;1.9796;0.8347;0.0516;0;0.0019;1059.4;2.1117;0;0;0.4617;1.65;1054.3;2.9717;0.7052;0.0961;2.0965;0.0739;1057.3;2.1188;1.7721;0.2414;0.1047;0.0007;1054.7;883.57;120.34;50.146;0.255;606.28;485.02;193.07;0.024;6.6615;95.823;0.4041;102.46;0;1;0;0;1.0198;0.998;1;1;0.9913;0.1665;0.9972;0.9992;1;0.9599;0.7752;0.998;0.998;1;0.998;0.998;0.9932;0.9496;0.1288;3.1877;3.3787;0.0203;0.0053;0.5364;0.0197;0.0699;0.016;0;0;0.088;0;2.4969;0;0;0;0;0;0;0;0;0;0;0;0;0.0563;0.0245;2.6303;2.6303;0;70.059;70.059;44.259;0.042;2905.1;905.4;1;0.0454;0.0454;0;0;0;0;0;0;2.5849;2.4969;0;15.719;18.202;14.922;17.279;98.276;98.276;25.476;21.021;19.955;4.4552;1.0658;0.1749;0.0418;0.7833;31.753;0.7337;0
18/02/21 12:00;65.971;10.894;23.57;85.184;4.8162;90;4.8162;835.49;274.1;561.39;26.45;6.4699;0;563.38;153.23;121.03;0;0.295;837.94;0;837.94;563.38;121.03;153.23;0.295;0.6723;0.1832;0;0.0004;837.35;0.5878;0;0;0.341;0.2468;828.44;7.2371;0.4577;0.0983;6.6703;0.0108;835.67;1.6747;1.1268;0.2421;0.3058;0.0001;828.46;561.8;120.69;145.91;0.0374;492.16;393.73;156.62;0.0009;5.4132;77.866;0.0242;83.278;0;1;0;0;1.0029;0.9993;1;1;0.9978;0.1634;0.9913;0.9992;1;0.9563;0.7764;0.998;0.998;1;0.998;0.998;0.9887;0.9522;0.1266;2.5163;2.6594;0.016;-0.0021;0.3373;0.0162;0.0573;0.0135;0;0;0.088;0;2.0365;0;0;0;0;0;0;0;0;0;0;0;0;0.0461;0.0155;2.1595;2.1595;0;60.962;60.962;34.512;0.0417;2287.2;944.16;1;0.035;0.035;0;0;0;0;0;0;2.1245;2.0365;0;16.349;18.932;15.417;17.853;98.378;98.378;20.11;17.259;16.276;2.8516;0.9833;0.1418;0.0489;0.8093;90.978;0.7567;0
18/02/21 13:00;60.438;41.547;21.669;69.384;20.616;90;20.616;1018.4;168;850.4;26.49;6.16;0;908.58;48.815;125.62;0;6.5215;1089.5;0;1089.5;908.58;125.62;48.815;6.5215;0.8339;0.0508;0;0.006;1082.8;6.6854;0;0;1.1919;5.4935;1078.1;2.6299;0.6787;0.0938;1.6319;0.2255;1080.7;2.1657;1.8172;0.2512;0.0952;0.0021;1079.7;906.08;125.27;45.896;0.8005;574.06;459.25;186.31;0.1963;6.0909;87.615;1.6017;93.51;0;1;0;0;1.0698;0.9939;1;1;0.9756;0.1576;0.9976;0.9993;1;0.9657;0.7802;0.998;0.998;1;0.998;0.998;0.9895;0.9402;0.1228;3.2719;3.4365;0.0207;0.0065;0.5671;0.0199;0.0706;0.0145;0;0;0.088;0;2.5214;0;0;0;0;0;0;0;0;0;0;0;0;0.0568;0.0253;2.6552;2.6552;0;71.814;71.814;45.323;0.042;2955.7;898.32;1;0.0457;0.0457;0;0;0;0;0;0;2.6094;2.5214;0;15.459;17.902;14.681;17;98.277;98.277;26.149;21.22;20.151;4.9287;1.0689;0.1885;0.0409;0.7706;30.42;0.7269;0
18/02/21 14:00;50.788;61.424;17.602;54.377;35.623;90;35.623;948.6;156.5;792.1;27.48;6.02;0;974.45;38.048;140.89;0;17.751;1171.1;0;1171.1;974.45;140.89;38.048;17.751;0.8321;0.0476;0;0.0152;1152.9;18.246;0;0;2.2222;16.024;1148.5;2.0648;0.5913;0.0855;1.1538;0.2342;1150.6;2.3058;1.9489;0.2818;0.0717;0.0035;1153.4;971.91;140.52;34.6;1.4899;475.14;380.11;156.65;1.0458;4.9405;71.067;4.909;74.961;0;1;0;0;1.2346;0.9844;1;1;0.9416;0.0973;0.9982;0.9994;1;0.9677;0.8642;0.998;0.998;1;0.998;0.998;0.9807;0.9094;0.0839;3.5169;3.6238;0.0218;0.0107;0.6514;0.0206;0.073;0.0115;0;0;0.088;0;2.6126;0;0;0;0;0;0;0;0;0;0;0;0;0.0588;0.028;2.7481;2.7481;0;75.939;75.939;48.459;0.0422;3117.1;881.63;1;0.0474;0.0474;0;0;0;0;0;0;2.7006;2.6126;0;14.885;17.237;14.152;16.387;98.274;98.274;28.107;21.963;20.88;6.1446;1.0824;0.2186;0.0385;0.7429;26.143;0.7106;0
18/02/21 15:00;39.404;74.701;11.764;40.421;49.579;90;49.579;694.71;130.4;564.31;27.62;5.95;0;870.31;39.084;127.97;0;24.426;1061.8;0;1061.8;870.31;127.97;39.084;24.426;0.8197;0.0598;0;0.023;1035.2;26.601;0;0;3.7379;22.863;1031.5;1.6404;0.3529;0.0519;1.1677;0.0678;1033.1;2.0704;1.7406;0.2559;0.0707;0.0031;1037.2;868.21;127.66;34.107;1.4913;268.08;214.46;83.911;3.3435;3.257;46.851;5.696;46.765;0;1;0;0;1.5284;0.9749;1;1;0.9044;0.064;0.9984;0.9996;1;0.9669;0.9565;0.998;0.998;1;0.998;0.998;0.9715;0.8727;0.0611;3.1886;3.2226;0.0194;0.0027;0.5228;0.0187;0.0665;0.0078;0;0;0.088;0;2.3784;0;0;0;0;0;0;0;0;0;0;0;0;0.0535;0.0224;2.5088;2.5088;0;70.951;70.951;43.331;0.042;2775.3;903.96;1;0.0424;0.0424;0;0;0;0;0;0;2.4664;2.3784;0;14.989;17.357;14.209;16.454;98.308;98.308;25.483;20.05;19.008;5.4326;1.0425;0.2132;0.0409;0.7459;30.386;0.7221;0
18/02/21 16:00;27.341;84.807;5.2743;27.437;60;90;60;458.5;145.4;313.1;27.34;5.39;0;678.82;55.836;153.83;0;22.925;911.41;0;911.41;678.82;153.83;55.836;22.925;0.7448;0.0864;0;0.0252;882.86;28.545;0;0;7.0416;21.503;879.13;1.9701;0.1234;0.028;1.7221;0.0966;881.1;1.7657;1.3576;0.3077;0.0976;0.0028;882.52;677.34;153.49;46.974;1.3219;91.023;72.818;31.732;9.3404;1.4285;20.549;3.388;12.637;0;1;0;0;1.9878;0.9687;1;1;0.8739;0.062;0.9978;0.9998;1;0.9646;0.9319;0.998;0.998;1;0.998;0.998;0.9646;0.8413;0.0577;2.737;2.7014;0.0163;-0.002;0.3727;0.0162;0.0575;0.0035;0;0;0.088;0;2.0517;0;0;0;0;0;0;0;0;0;0;0;0;0.0463;0.016;2.1749;2.1749;0;64.056;64.056;36.717;0.0418;2328.2;934.15;1;0.0352;0.0352;0;0;0;0;0;0;2.1397;2.0517;0;15.138;17.529;14.28;16.536;98.382;98.382;21.874;17.382;16.397;4.4922;0.9845;0.2054;0.045;0.7496;48.609;0.7372;0
18/02/21 17:00;15.086;93.541;50.859;15.114;24.111;90;24.111;213.81;138.8;75.007;26.86;3.8901;0;181.91;105.36;69.442;0;1.8653;358.58;0;358.58;181.91;69.442;105.36;1.8653;0.5073;0.299;0;0.0052;353.68;4.9019;0;0;3.3074;1.5945;346.08;6.8964;2.4829;0.9478;3.4095;0.0561;352.97;0.7074;0.3638;0.1389;0.2041;0.0005;346.35;179.07;68.355;98.44;0.2141;67.413;53.93;21.329;0.7414;0.7977;11.475;0.2705;11.531;0;1;0;0;1.6771;0.9863;1;1;0.9686;0.1452;0.9805;0.9863;1;0.9665;0.7923;0.998;0.998;1;0.998;0.998;0.9651;0.9343;0.1148;1.0768;1.0673;0.0064;0.0125;0.0615;0.0069;0.0245;0.0021;0;0;0.088;0;0.8281;0;0;0;0;0;0;0;0;0;0;0;0;0.0197;0.0029;0.9308;0.9308;0;41.091;41.091;14.231;0.0411;917.89;1014;1;0.0147;0.0147;0;0;0;0;0;0;0.9161;0.8281;0;16.466;19.068;14.65;16.964;98.424;98.424;8.6059;7.4388;6.6183;1.1671;0.8205;0.1356;0.0953;0.769;66.905;0.751;0
18/02/21 18:00;4.5445;100.81;78.921;4.6263;6.6543;90;6.6543;16.702;16.497;0.2055;25.04;4.99;0;0.4983;16.411;0.0743;0;0.0113;16.994;0;16.994;0.4983;0.0743;16.411;0.0113;0.0293;0.9663;0;0.0007;16.924;0.0704;0;0;0.061;0.0094;16.029;0.8613;0.1415;0.0211;0.6982;0.0004;16.89;0.0338;0.001;0.0001;0.0327;0;16.03;0.3558;0.053;15.619;0.0014;9.7707;7.8166;2.9746;0.0008;0.1163;1.6727;0.0012;1.7881;0;1;0;0;1.0175;0.9959;1;1;0.9963;0.1642;0.949;0.7154;1;0.9572;0.7757;0.998;0.998;1;0.998;0.998;0.9432;0.9517;0.1271;0.051;0.0518;0.0003;0.008;0.0001;0.0003;0.0011;0.0003;0;0;0.088;0;-0.05;0;0;0;0;0;0;0;0;0;0;0;0;0.0009;0;0.0408;0.0408;0;25.713;25.713;0.6735;0.042;42.67;955.39;1;0.0028;0.0028;0;0;0;0;0;0;0.038;-0.05;0;15.217;17.621;-18.681;-21.632;93.102;93.102;0.4079;0.3258;-0.4;0.0821;0.7258;0.2012;1.7794;0;9.7695;0;0
18/02/21 19:00;0;0;90;0;0;90;0;0;0;0;23.6;6.35;0;0;0;0;0;0;0;0;0;0;0;0;0;1;1;1;1;0;0;0;0;0;0;0;0;0;0;0;0;0;0;0;0;0;0;0;0;0;0;0;0;0;0;0;0;0;0;0;0;0;0;0;1;1;1;1;1;1;1;1;1;1;1;1;1;1;1;1;1;1;1;0;0;0;0;0;0;0;0;0;0.0004;0.088;0;-0.0884;0;0;0;0;0;0;0;0;0;0;0;0;0;0;0;0;0;0;0;-23.6;0;0;0;0;0.0004;0;0;0;0;0;0;0;-0.0004;-0.0884;0;0;0;0;0;0;0;0;0;-0.7063;0;0.7063;1;1;0;0;0;0
18/02/21 20:00;0;0;90;0;0;90;0;0;0;0;22.72;6.6899;0;0;0;0;0;0;0;0;0;0;0;0;0;1;1;1;1;0;0;0;0;0;0;0;0;0;0;0;0;0;0;0;0;0;0;0;0;0;0;0;0;0;0;0;0;0;0;0;0;0;0;0;1;1;1;1;1;1;1;1;1;1;1;1;1;1;1;1;1;1;1;0;0;0;0;0;0;0;0;0;0.0004;0.088;0;-0.0884;0;0;0;0;0;0;0;0;0;0;0;0;0;0;0;0;0;0;0;-22.72;0;0;0;0;0.0004;0;0;0;0;0;0;0;-0.0004;-0.0884;0;0;0;0;0;0;0;0;0;-0.7063;0;0.7063;1;1;0;0;0;0
18/02/21 21:00;0;0;90;0;0;90;0;0;0;0;21.79;6.7601;0;0;0;0;0;0;0;0;0;0;0;0;0;1;1;1;1;0;0;0;0;0;0;0;0;0;0;0;0;0;0;0;0;0;0;0;0;0;0;0;0;0;0;0;0;0;0;0;0;0;0;0;1;1;1;1;1;1;1;1;1;1;1;1;1;1;1;1;1;1;1;0;0;0;0;0;0;0;0;0;0.0004;0.088;0;-0.0884;0;0;0;0;0;0;0;0;0;0;0;0;0;0;0;0;0;0;0;-21.79;0;0;0;0;0.0004;0;0;0;0;0;0;0;-0.0004;-0.0884;0;0;0;0;0;0;0;0;0;-0.7063;0;0.7063;1;1;0;0;0;0
18/02/21 22:00;0;0;90;0;0;90;0;0;0;0;20.33;6.79;0;0;0;0;0;0;0;0;0;0;0;0;0;1;1;1;1;0;0;0;0;0;0;0;0;0;0;0;0;0;0;0;0;0;0;0;0;0;0;0;0;0;0;0;0;0;0;0;0;0;0;0;1;1;1;1;1;1;1;1;1;1;1;1;1;1;1;1;1;1;1;0;0;0;0;0;0;0;0;0;0.0004;0.088;0;-0.0884;0;0;0;0;0;0;0;0;0;0;0;0;0;0;0;0;0;0;0;-20.33;0;0;0;0;0.0004;0;0;0;0;0;0;0;-0.0004;-0.0884;0;0;0;0;0;0;0;0;0;-0.7063;0;0.7063;1;1;0;0;0;0
18/02/21 23:00;0;0;90;0;0;90;0;0;0;0;19.78;6.3799;0;0;0;0;0;0;0;0;0;0;0;0;0;1;1;1;1;0;0;0;0;0;0;0;0;0;0;0;0;0;0;0;0;0;0;0;0;0;0;0;0;0;0;0;0;0;0;0;0;0;0;0;1;1;1;1;1;1;1;1;1;1;1;1;1;1;1;1;1;1;1;0;0;0;0;0;0;0;0;0;0.0004;0.088;0;-0.0884;0;0;0;0;0;0;0;0;0;0;0;0;0;0;0;0;0;0;0;-19.78;0;0;0;0;0.0004;0;0;0;0;0;0;0;-0.0004;-0.0884;0;0;0;0;0;0;0;0;0;-0.7063;0;0.7063;1;1;0;0;0;0
19/02/21 00:00;0;0;90;0;0;90;0;0;0;0;19.2;5.9601;0;0;0;0;0;0;0;0;0;0;0;0;0;1;1;1;1;0;0;0;0;0;0;0;0;0;0;0;0;0;0;0;0;0;0;0;0;0;0;0;0;0;0;0;0;0;0;0;0;0;0;0;1;1;1;1;1;1;1;1;1;1;1;1;1;1;1;1;1;1;1;0;0;0;0;0;0;0;0;0;0.0004;0.088;0;-0.0884;0;0;0;0;0;0;0;0;0;0;0;0;0;0;0;0;0;0;0;-19.2;0;0;0;0;0.0004;0;0;0;0;0;0;0;-0.0004;-0.0884;0;0;0;0;0;0;0;0;0;-0.7063;0;0.7063;1;1;0;0;0;0
19/02/21 01:00;0;0;90;0;0;90;0;0;0;0;18.32;5.76;0;0;0;0;0;0;0;0;0;0;0;0;0;1;1;1;1;0;0;0;0;0;0;0;0;0;0;0;0;0;0;0;0;0;0;0;0;0;0;0;0;0;0;0;0;0;0;0;0;0;0;0;1;1;1;1;1;1;1;1;1;1;1;1;1;1;1;1;1;1;1;0;0;0;0;0;0;0;0;0;0.0004;0.088;0;-0.0884;0;0;0;0;0;0;0;0;0;0;0;0;0;0;0;0;0;0;0;-18.32;0;0;0;0;0.0004;0;0;0;0;0;0;0;-0.0004;-0.0884;0;0;0;0;0;0;0;0;0;-0.7063;0;0.7063;1;1;0;0;0;0
19/02/21 02:00;0;0;90;0;0;90;0;0;0;0;17.44;5.93;0;0;0;0;0;0;0;0;0;0;0;0;0;1;1;1;1;0;0;0;0;0;0;0;0;0;0;0;0;0;0;0;0;0;0;0;0;0;0;0;0;0;0;0;0;0;0;0;0;0;0;0;1;1;1;1;1;1;1;1;1;1;1;1;1;1;1;1;1;1;1;0;0;0;0;0;0;0;0;0;0.0004;0.088;0;-0.0884;0;0;0;0;0;0;0;0;0;0;0;0;0;0;0;0;0;0;0;-17.44;0;0;0;0;0.0004;0;0;0;0;0;0;0;-0.0004;-0.0884;0;0;0;0;0;0;0;0;0;-0.7063;0;0.7063;1;1;0;0;0;0
19/02/21 03:00;0;0;90;0;0;90;0;0;0;0;17.59;6.11;0;0;0;0;0;0;0;0;0;0;0;0;0;1;1;1;1;0;0;0;0;0;0;0;0;0;0;0;0;0;0;0;0;0;0;0;0;0;0;0;0;0;0;0;0;0;0;0;0;0;0;0;1;1;1;1;1;1;1;1;1;1;1;1;1;1;1;1;1;1;1;0;0;0;0;0;0;0;0;0;0.0004;0.088;0;-0.0884;0;0;0;0;0;0;0;0;0;0;0;0;0;0;0;0;0;0;0;-17.59;0;0;0;0;0.0004;0;0;0;0;0;0;0;-0.0004;-0.0884;0;0;0;0;0;0;0;0;0;-0.7063;0;0.7063;1;1;0;0;0;0
19/02/21 04:00;0;0;90;0;0;90;0;0;0;0;17.4;6.02;0;0;0;0;0;0;0;0;0;0;0;0;0;1;1;1;1;0;0;0;0;0;0;0;0;0;0;0;0;0;0;0;0;0;0;0;0;0;0;0;0;0;0;0;0;0;0;0;0;0;0;0;1;1;1;1;1;1;1;1;1;1;1;1;1;1;1;1;1;1;1;0;0;0;0;0;0;0;0;0;0.0004;0.088;0;-0.0884;0;0;0;0;0;0;0;0;0;0;0;0;0;0;0;0;0;0;0;-17.4;0;0;0;0;0.0004;0;0;0;0;0;0;0;-0.0004;-0.0884;0;0;0;0;0;0;0;0;0;-0.7063;0;0.7063;1;1;0;0;0;0
19/02/21 05:00;1.9553;-102.21;85.253;2.0005;2.8561;-90;-2.8561;0.1953;0.1953;0;16.92;6.9101;0;0;0.1952;0;0;0;0.1952;0.1952;0;0;0;0;0;1;1;1;1;0;0;0;0;0;0;0;0;0;0;0;0;0;0;0;0;0;0;0;0;0;0;0;0;0;0;0;0;0;0;0;0;0;0;0;0;1;1;1;1;1;1;1;1;1;1;1;1;1;0;0;1;0;0;0;0;0;0;0;0;0;0;0;0.0004;0.088;0;-0.0884;0;0;0;0;0;0;0;0;0;0;0;0;0;0;0;0;0;0;0;-16.92;0;0;0;0;0.0004;0;0;0;0;0;0;0;-0.0004;-0.0884;0;0;0;0;0;0;0;0;0;-0.7063;0;0.7063;1;1;0;0;0;0
19/02/21 06:00;10.021;-96.581;65.037;10.086;15.048;-90;-15.048;136.9;24.499;112.4;18.92;7.5699;0;272.6;12.941;27.484;0;0.4694;313.49;0;313.49;272.6;27.484;12.941;0.4694;0.8696;0.0428;0;0.0015;312.92;0.5778;0;0;0.1862;0.3916;293.07;19.22;17.009;1.7148;0.4792;0.0174;312.29;0.6258;0.5452;0.055;0.0255;0.0002;293.08;255.05;25.714;12.25;0.0603;8.4828;6.7863;2.7188;0.017;0.0932;1.3401;0.01;1.4162;0;1;0;0;2.29;0.9982;1;1;0.9856;0.1659;0.9385;0.9375;1;0.9624;0.7759;0.998;0.998;1;0.998;0.998;0.9349;0.9466;0.1285;0.9414;0.8856;0.0053;0.0149;0.0186;0.0059;0.021;0.0003;0;0;0.088;0;0.6992;0;0;0;0;0;0;0;0;0;0;0;0;0.0169;0.0021;0.8005;0.8005;0;30.881;30.881;11.961;0.0408;759.68;1053.7;1;0.0133;0.0133;0;0;0;0;0;0;0.7872;0.6992;0;16.198;18.757;14.149;16.384;98.341;98.341;7.5239;6.3975;5.5881;1.1263;0.8094;0.1497;0.1076;0.7427;7.8766;0.7403;0
19/02/21 07:00;22.267;-88.061;23.219;22.279;44.568;-90;-44.568;360.39;62.003;298.39;21.47;7.37;0;723.68;23.151;84.798;0;10.364;842;0;842;723.68;84.798;23.151;10.364;0.8595;0.0398;0;0.0123;830.49;11.501;0;0;1.8928;9.6079;827.45;1.3849;0.5792;0.0679;0.6909;0.0469;828.83;1.661;1.4474;0.1696;0.0425;0.0015;827.83;721.66;84.561;20.525;0.7079;18.795;15.036;6.1174;1.3701;0.2869;4.1276;0.3849;3.0445;0;1;0;0;2.3363;0.9863;1;1;0.9182;0.073;0.9983;0.9992;1;0.9674;0.9379;0.998;0.998;1;0.998;0.998;0.9827;0.8866;0.0683;2.5285;2.502;0.0151;-0.0021;0.2713;0.0155;0.0551;0.0007;0;0;0.088;0;1.9665;0;0;0;0;0;0;0;0;0;0;0;0;0.0443;0.0139;2.0883;2.0883;0;55.793;55.793;34.323;0.0415;2158.4;967.55;1;0.0338;0.0338;0;0;0;0;0;0;2.0545;1.9665;0;15.734;18.219;14.816;17.156;98.38;98.38;20.208;16.69;15.716;3.518;0.9737;0.1741;0.0482;0.7777;17.162;0.7749;0
19/02/21 08:00;34.442;-78.627;9.3595;34.973;55.027;-90;-55.027;580.39;95.801;484.59;23.86;6.24;0;845.42;29.119;102.55;0;24.771;1001.9;0;1001.9;845.42;102.55;29.119;24.771;0.8438;0.0538;0;0.0247;975.42;26.442;0;0;3.233;23.209;972.21;1.2536;0.2728;0.0331;0.8804;0.0673;973.47;1.9508;1.6908;0.2051;0.0518;0.0031;977.16;843.46;102.31;24.954;1.4916;178.39;142.71;55.385;3.5868;2.2851;32.871;4.9441;31.569;0;1;0;0;1.7262;0.9736;1;1;0.889;0.0631;0.9987;0.9997;1;0.9659;0.9569;0.998;0.998;1;0.998;0.998;0.9704;0.857;0.0602;3.0086;3.0124;0.0181;0;0.4189;0.018;0.0639;0.0056;0;0;0.088;0;2.2876;0;0;0;0;0;0;0;0;0;0;0;0;0.0515;0.0197;2.4166;2.4166;0;64.479;64.479;40.619;0.0418;2592.1;932.27;1;0.041;0.041;0;0;0;0;0;0;2.3756;2.2876;0;15.301;17.719;14.485;16.773;98.305;98.305;24.045;19.313;18.283;4.7313;1.0307;0.1968;0.0429;0.7604;23.964;0.7421;0
19/02/21 09:00;46.154;-66.868;15.792;48.547;41.453;-90;-41.453;766.11;126.1;640.01;26.05;4.99;0;853.92;40.208;106.92;0;19.191;1020.2;0;1020.2;853.92;106.92;40.208;19.191;0.837;0.0582;0;0.0188;999.61;20.63;0;0;2.9572;17.672;995.76;1.85;0.4648;0.0582;1.2045;0.1225;997.61;1.9992;1.7078;0.2138;0.0745;0.003;1001;851.74;106.65;35.972;1.3934;354.91;283.93;115.05;1.856;3.8876;55.921;5.2049;57.953;0;1;0;0;1.3317;0.9798;1;1;0.9265;0.0791;0.9981;0.9995;1;0.9676;0.9192;0.998;0.998;1;0.998;0.998;0.976;0.8946;0.0726;3.0638;3.1327;0.0189;0.0014;0.4724;0.0185;0.0655;0.0094;0;0;0.088;0;2.3426;0;0;0;0;0;0;0;0;0;0;0;0;0.0528;0.0212;2.4726;2.4726;0;67.768;67.768;41.718;0.0419;2695.8;917.21;1;0.0419;0.0419;0;0;0;0;0;0;2.4306;2.3426;0;15.374;17.803;14.566;16.867;98.305;98.305;24.486;19.761;18.722;4.7248;1.0383;0.193;0.0424;0.7646;28.997;0.7345;0
19/02/21 10:00;56.642;-50.146;20.633;63.189;26.811;-90;-26.811;920.51;151.9;768.61;27.34;3.87;0;861.19;49.015;112.15;0;9.8959;1032.3;0;1032.3;861.19;112.15;49.015;9.8959;0.8343;0.0571;0;0.0096;1021.9;10.363;0;0;1.8208;8.5426;1017.3;2.5084;0.6125;0.0798;1.5535;0.2625;1019.9;2.0438;1.7224;0.2243;0.0944;0.0027;1020;858.86;111.85;45.547;1.088;500.98;400.78;162.54;0.5042;5.3405;76.821;2.6103;81.658;0;1;0;0;1.1214;0.99;1;1;0.9629;0.1367;0.9975;0.9993;1;0.967;0.8056;0.998;0.998;1;0.998;0.998;0.9856;0.9292;0.1099;3.0999;3.2339;0.0195;0.0028;0.5139;0.0189;0.067;0.0128;0;0;0.088;0;2.3918;0;0;0;0;0;0;0;0;0;0;0;0;0.0539;0.0225;2.5226;2.5226;0;70.044;70.044;42.704;0.042;2782.1;906.71;1;0.0428;0.0428;0;0;0;0;0;0;2.4798;2.3918;0;15.502;17.951;14.698;17.02;98.302;98.302;24.774;20.161;19.115;4.6137;1.0456;0.1862;0.0422;0.7716;31.634;0.7308;0
19/02/21 11:00;64.147;-24.158;23.445;78.783;11.217;-90;-11.217;966.49;161.7;804.79;27.85;3;0;820.46;57.59;105.57;0;1.8461;985.47;0;985.47;820.46;105.57;57.59;1.8461;0.8326;0.0603;0;0.0019;983.43;2.0441;0;0;0.5053;1.5388;978.36;3.1027;0.6631;0.0853;2.2853;0.069;981.46;1.9669;1.6409;0.2111;0.1142;0.0006;978.74;818.16;105.28;54.685;0.2378;563.03;450.42;179.23;0.0263;6.1909;89.053;0.3769;95.218;0;1;0;0;1.0196;0.9979;1;1;0.9912;0.1665;0.9968;0.9992;1;0.9599;0.7752;0.998;0.998;1;0.998;0.998;0.9928;0.9496;0.1288;2.9594;3.1356;0.0189;0.0014;0.4855;0.0184;0.0653;0.0149;0;0;0.088;0;2.328;0;0;0;0;0;0;0;0;0;0;0;0;0.0526;0.0212;2.4574;2.4574;0;68.876;68.876;41.026;0.0419;2695.7;911.59;1;0.0414;0.0414;0;0;0;0;0;0;2.416;2.328;0;15.819;18.318;14.986;17.353;98.315;98.315;23.651;19.64;18.605;4.0117;1.0343;0.1696;0.0437;0.7867;34.63;0.7368;0
19/02/21 12:00;65.616;10.801;23.925;85.145;4.8553;90;4.8553;435;397.5;37.496;28.3;2.35;0;37.631;385.09;11.761;0;0.1561;434.64;0;434.64;37.631;11.761;385.09;0.1561;0.0866;0.8864;0;0.0004;433.64;0.9984;0;0;0.8678;0.1306;415.97;16.802;0.031;0.0097;16.756;0.0057;432.77;0.8673;0.0753;0.0235;0.7684;0.0001;415.98;37.525;11.728;366.7;0.0198;257.6;206.08;78.835;0.0024;3.0378;43.697;0.0082;46.732;0;1;0;0;0.9992;0.9977;1;1;0.9977;0.1634;0.9612;0.9992;1;0.9563;0.7764;0.998;0.998;1;0.998;0.998;0.957;0.9522;0.1266;1.3052;1.345;0.0081;0.0085;0.098;0.0086;0.0305;0.008;0;0;0.088;0;1.0486;0;0;0;0;0;0;0;0;0;0;0;0;0.0246;0.0043;1.1543;1.1543;0;45.448;45.448;17.149;0.0412;1155;999.44;1;0.0177;0.0177;0;0;0;0;0;0;1.1366;1.0486;0;16.848;19.509;15.304;17.722;98.463;98.463;10.431;9.2253;8.3802;1.206;0.8451;0.1156;0.081;0.8034;228.65;0.7471;0
19/02/21 13:00;60.13;41.181;22.014;69.286;20.714;90;20.714;918.3;171.2;747.1;29.1;1.81;0;798.73;63.457;112.93;0;5.9363;981.05;0;981.05;798.73;112.93;63.457;5.9363;0.8142;0.0707;0;0.0061;974.49;6.5638;0;0;1.5613;5.0025;969.52;3.0156;0.6061;0.0857;2.1192;0.2045;972.54;1.949;1.5975;0.2259;0.1238;0.0019;971.03;796.53;112.61;59.652;0.7275;518.24;414.59;164.81;0.2591;5.7241;82.339;1.5039;87.804;0;1;0;0;1.0683;0.9933;1;1;0.9754;0.1573;0.9969;0.9992;1;0.9657;0.7805;0.998;0.998;1;0.998;0.998;0.9882;0.94;0.1225;2.9461;3.0982;0.0187;0.001;0.4901;0.0181;0.0643;0.0138;0;0;0.088;0;2.2914;0;0;0;0;0;0;0;0;0;0;0;0;0.0517;0.0207;2.4199;2.4199;0;69.786;69.786;40.686;0.042;2664.4;908.23;1;0.0404;0.0404;0;0;0;0;0;0;2.3794;2.2914;0;15.647;18.119;14.817;17.158;98.329;98.329;23.545;19.34;18.313;4.2055;1.0265;0.1786;0.0436;0.7778;39.564;0.7318;0
19/02/21 14:00;50.532;61.032;17.93;54.231;35.769;90;35.769;837.51;151.2;686.31;29.46;1.3699;0;845.85;49.757;118.64;0;15.797;1030;0;1030;845.85;118.64;49.757;15.797;0.8212;0.0636;0;0.0153;1012.8;17.194;0;0;2.9247;14.269;1008.5;2.3095;0.5228;0.0733;1.5082;0.2052;1010.8;2.0257;1.6917;0.2373;0.0937;0.0031;1012.9;843.64;118.33;45.231;1.3197;421.07;336.85;138.83;1.3851;4.4072;63.395;4.3931;66.417;0;1;0;0;1.2299;0.9833;1;1;0.9412;0.0967;0.9977;0.9994;1;0.9677;0.8655;0.998;0.998;1;0.998;0.998;0.9791;0.909;0.0835;3.0932;3.1844;0.0192;0.0021;0.5273;0.0185;0.0654;0.0105;0;0;0.088;0;2.3375;0;0;0;0;0;0;0;0;0;0;0;0;0.0527;0.0219;2.4669;2.4669;0;71.857;71.857;42.397;0.042;2741.1;899.95;1;0.0413;0.0413;0;0;0;0;0;0;2.4255;2.3375;0;15.193;17.593;14.396;16.67;98.324;98.324;24.721;19.715;18.682;5.0057;1.0337;0.2025;0.0418;0.7557;34.227;0.7224;0
19/02/21 15:00;39.177;74.345;12.074;40.242;49.758;90;49.758;699.81;125.9;573.91;30.15;1.01;0;888.38;36.207;126.79;0;24.772;1076.1;0;1076.1;888.38;126.79;36.207;24.772;0.8255;0.0567;0;0.023;1049.5;26.673;0;0;3.481;23.192;1045.8;1.5725;0.3698;0.0528;1.082;0.068;1047.4;2.0989;1.7768;0.2536;0.0655;0.0032;1051.5;886.23;126.48;31.579;1.509;267.49;213.99;83.482;3.1371;3.2528;46.79;5.7488;46.906;0;1;0;0;1.5378;0.9752;1;1;0.9039;0.0638;0.9985;0.9996;1;0.9669;0.9569;0.998;0.998;1;0.998;0.998;0.9718;0.8722;0.0609;3.2317;3.2658;0.0197;0.0033;0.5683;0.0187;0.0664;0.0077;0;0;0.088;0;2.3753;0;0;0;0;0;0;0;0;0;0;0;0;0.0535;0.023;2.5053;2.5053;0;74.202;74.202;44.053;0.0421;2813;890.6;1;0.042;0.042;0;0;0;0;0;0;2.4633;2.3753;0;14.768;17.101;14.002;16.214;98.323;98.323;25.827;20.022;18.983;5.8052;1.039;0.2248;0.0402;0.735;28.2;0.7118;0
19/02/21 16:00;27.127;84.486;5.6296;27.235;60;90;60;435.8;163.3;272.5;30.19;0.7001;0;594.74;70.059;152.53;0;21.79;839.12;0;839.12;594.74;152.53;70.059;21.79;0.7088;0.1095;0;0.026;809.85;29.274;0;0;8.8354;20.439;805.83;2.3976;0.1154;0.0296;2.1608;0.0918;808.23;1.6197;1.1895;0.3051;0.1224;0.0027;809.21;593.44;152.2;58.941;1.2565;96.771;77.417;34.718;11.718;1.5711;22.6;3.3835;12.453;0;1;0;0;1.9255;0.9651;1;1;0.8739;0.062;0.997;0.9998;1;0.9646;0.9319;0.998;0.998;1;0.998;0.998;0.9603;0.8413;0.0577;2.5199;2.4849;0.015;-0.0021;0.3417;0.0149;0.0529;0.0039;0;0;0.088;0;1.8829;0;0;0;0;0;0;0;0;0;0;0;0;0.0426;0.0137;2.0024;2.0024;0;63.842;63.842;33.652;0.0418;2142.6;934.57;1;0.0315;0.0315;0;0;0;0;0;0;1.9709;1.8829;0;15.138;17.529;14.234;16.483;98.425;98.425;20.139;16.003;15.048;4.1356;0.9554;0.2054;0.0474;0.7472;60.991;0.7324;0
19/02/21 17:00;14.874;93.244;51.498;14.897;23.674;90;23.674;206.3;139;67.306;29.7;0.3101;0;163.24;108.15;63.3;0;1.7362;336.42;0;336.42;163.24;63.3;108.15;1.7362;0.4852;0.3266;0;0.0052;331.64;4.7781;0;0;3.2968;1.4813;324.14;6.8415;2.3602;0.9152;3.5128;0.0533;330.98;0.6633;0.3265;0.1266;0.2097;0.0005;324.41;160.55;62.258;101.13;0.2011;68.962;55.169;21.422;0.7129;0.8389;12.067;0.2719;12.193;0;1;0;0;1.6307;0.9858;1;1;0.9695;0.1468;0.9793;0.9855;1;0.9664;0.7906;0.998;0.998;1;0.998;0.998;0.9635;0.9351;0.1158;1.0103;1.0025;0.006;0.0134;0.065;0.0064;0.0228;0.0022;0;0;0.088;0;0.7641;0;0;0;0;0;0;0;0;0;0;0;0;0.0184;0.0026;0.8657;0.8657;0;43.057;43.057;13.357;0.0412;862.2;1004.1;1;0.0136;0.0136;0;0;0;0;0;0;0.8521;0.7641;0;16.324;18.903;14.408;16.685;98.431;98.431;8.0741;6.9187;6.1068;1.1554;0.8119;0.1431;0.1006;0.7563;68.504;0.7366;0
19/02/21 18:00;4.3255;100.53;79.46;4.3993;6.3222;90;6.3222;12.6;12.499;0.1009;27.47;0.4099;0;0.2447;12.449;0.029;0;0.0077;12.73;0;12.73;0.2447;0.029;12.449;0.0077;0.0192;0.9785;0;0.0006;12.681;0.049;0;0;0.0426;0.0064;12.041;0.6148;0.0738;0.0088;0.532;0.0003;12.656;0.0254;0.0005;0.0001;0.0248;0;12.042;0.1704;0.0202;11.85;0.001;7.4077;5.9262;2.2546;0.0005;0.0882;1.2686;0.0008;1.3563;0;1;0;0;1.0104;0.9961;1;1;0.9966;0.1641;0.9514;0.6977;1;0.957;0.7758;0.998;0.998;1;0.998;0.998;0.9459;0.9519;0.127;0.0382;0.0389;0.0002;0.0069;0.0004;0.0002;0.0008;0.0002;0;0;0.088;0;-0.061;0;0;0;0;0;0;0;0;0;0;0;0;0.0006;0;0.0295;0.0295;0;27.98;27.98;0.5095;0.0423;31.705;931.67;1;0.0025;0.0025;0;0;0;0;0;0;0.027;-0.061;0;14.719;17.045;-30.392;-35.194;91.437;91.437;0.3055;0.2361;-0.4874;0.0695;0.7235;0.2273;2.3681;0;7.4072;0;0
19/02/21 19:00;0;0;90;0;0;90;0;0;0;0;24.12;0.83;0;0;0;0;0;0;0;0;0;0;0;0;0;1;1;1;1;0;0;0;0;0;0;0;0;0;0;0;0;0;0;0;0;0;0;0;0;0;0;0;0;0;0;0;0;0;0;0;0;0;0;0;1;1;1;1;1;1;1;1;1;1;1;1;1;1;1;1;1;1;1;0;0;0;0;0;0;0;0;0;0.0004;0.088;0;-0.0884;0;0;0;0;0;0;0;0;0;0;0;0;0;0;0;0;0;0;0;-24.12;0;0;0;0;0.0004;0;0;0;0;0;0;0;-0.0004;-0.0884;0;0;0;0;0;0;0;0;0;-0.7063;0;0.7063;1;1;0;0;0;0
19/02/21 20:00;0;0;90;0;0;90;0;0;0;0;22.11;1.39;0;0;0;0;0;0;0;0;0;0;0;0;0;1;1;1;1;0;0;0;0;0;0;0;0;0;0;0;0;0;0;0;0;0;0;0;0;0;0;0;0;0;0;0;0;0;0;0;0;0;0;0;1;1;1;1;1;1;1;1;1;1;1;1;1;1;1;1;1;1;1;0;0;0;0;0;0;0;0;0;0.0004;0.088;0;-0.0884;0;0;0;0;0;0;0;0;0;0;0;0;0;0;0;0;0;0;0;-22.11;0;0;0;0;0.0004;0;0;0;0;0;0;0;-0.0004;-0.0884;0;0;0;0;0;0;0;0;0;-0.7063;0;0.7063;1;1;0;0;0;0
19/02/21 21:00;0;0;90;0;0;90;0;0;0;0;21.57;2.12;0;0;0;0;0;0;0;0;0;0;0;0;0;1;1;1;1;0;0;0;0;0;0;0;0;0;0;0;0;0;0;0;0;0;0;0;0;0;0;0;0;0;0;0;0;0;0;0;0;0;0;0;1;1;1;1;1;1;1;1;1;1;1;1;1;1;1;1;1;1;1;0;0;0;0;0;0;0;0;0;0.0004;0.088;0;-0.0884;0;0;0;0;0;0;0;0;0;0;0;0;0;0;0;0;0;0;0;-21.57;0;0;0;0;0.0004;0;0;0;0;0;0;0;-0.0004;-0.0884;0;0;0;0;0;0;0;0;0;-0.7063;0;0.7063;1;1;0;0;0;0
19/02/21 22:00;0;0;90;0;0;90;0;0;0;0;21.15;2.74;0;0;0;0;0;0;0;0;0;0;0;0;0;1;1;1;1;0;0;0;0;0;0;0;0;0;0;0;0;0;0;0;0;0;0;0;0;0;0;0;0;0;0;0;0;0;0;0;0;0;0;0;1;1;1;1;1;1;1;1;1;1;1;1;1;1;1;1;1;1;1;0;0;0;0;0;0;0;0;0;0.0004;0.088;0;-0.0884;0;0;0;0;0;0;0;0;0;0;0;0;0;0;0;0;0;0;0;-21.15;0;0;0;0;0.0004;0;0;0;0;0;0;0;-0.0004;-0.0884;0;0;0;0;0;0;0;0;0;-0.7063;0;0.7063;1;1;0;0;0;0
19/02/21 23:00;0;0;90;0;0;90;0;0;0;0;22.41;2.9301;0;0;0;0;0;0;0;0;0;0;0;0;0;1;1;1;1;0;0;0;0;0;0;0;0;0;0;0;0;0;0;0;0;0;0;0;0;0;0;0;0;0;0;0;0;0;0;0;0;0;0;0;1;1;1;1;1;1;1;1;1;1;1;1;1;1;1;1;1;1;1;0;0;0;0;0;0;0;0;0;0.0004;0.088;0;-0.0884;0;0;0;0;0;0;0;0;0;0;0;0;0;0;0;0;0;0;0;-22.41;0;0;0;0;0.0004;0;0;0;0;0;0;0;-0.0004;-0.0884;0;0;0;0;0;0;0;0;0;-0.7063;0;0.7063;1;1;0;0;0;0
20/02/21 00:00;0;0;90;0;0;90;0;0;0;0;22.02;2.9;0;0;0;0;0;0;0;0;0;0;0;0;0;1;1;1;1;0;0;0;0;0;0;0;0;0;0;0;0;0;0;0;0;0;0;0;0;0;0;0;0;0;0;0;0;0;0;0;0;0;0;0;1;1;1;1;1;1;1;1;1;1;1;1;1;1;1;1;1;1;1;0;0;0;0;0;0;0;0;0;0.0004;0.088;0;-0.0884;0;0;0;0;0;0;0;0;0;0;0;0;0;0;0;0;0;0;0;-22.02;0;0;0;0;0.0004;0;0;0;0;0;0;0;-0.0004;-0.0884;0;0;0;0;0;0;0;0;0;-0.7063;0;0.7063;1;1;0;0;0;0
20/02/21 01:00;0;0;90;0;0;90;0;0;0;0;22.02;2.89;0;0;0;0;0;0;0;0;0;0;0;0;0;1;1;1;1;0;0;0;0;0;0;0;0;0;0;0;0;0;0;0;0;0;0;0;0;0;0;0;0;0;0;0;0;0;0;0;0;0;0;0;1;1;1;1;1;1;1;1;1;1;1;1;1;1;1;1;1;1;1;0;0;0;0;0;0;0;0;0;0.0004;0.088;0;-0.0884;0;0;0;0;0;0;0;0;0;0;0;0;0;0;0;0;0;0;0;-22.02;0;0;0;0;0.0004;0;0;0;0;0;0;0;-0.0004;-0.0884;0;0;0;0;0;0;0;0;0;-0.7063;0;0.7063;1;1;0;0;0;0
20/02/21 02:00;0;0;90;0;0;90;0;0;0;0;21.2;2.97;0;0;0;0;0;0;0;0;0;0;0;0;0;1;1;1;1;0;0;0;0;0;0;0;0;0;0;0;0;0;0;0;0;0;0;0;0;0;0;0;0;0;0;0;0;0;0;0;0;0;0;0;1;1;1;1;1;1;1;1;1;1;1;1;1;1;1;1;1;1;1;0;0;0;0;0;0;0;0;0;0.0004;0.088;0;-0.0884;0;0;0;0;0;0;0;0;0;0;0;0;0;0;0;0;0;0;0;-21.2;0;0;0;0;0.0004;0;0;0;0;0;0;0;-0.0004;-0.0884;0;0;0;0;0;0;0;0;0;-0.7063;0;0.7063;1;1;0;0;0;0
20/02/21 03:00;0;0;90;0;0;90;0;0;0;0;19.33;3.07;0;0;0;0;0;0;0;0;0;0;0;0;0;1;1;1;1;0;0;0;0;0;0;0;0;0;0;0;0;0;0;0;0;0;0;0;0;0;0;0;0;0;0;0;0;0;0;0;0;0;0;0;1;1;1;1;1;1;1;1;1;1;1;1;1;1;1;1;1;1;1;0;0;0;0;0;0;0;0;0;0.0004;0.088;0;-0.0884;0;0;0;0;0;0;0;0;0;0;0;0;0;0;0;0;0;0;0;-19.33;0;0;0;0;0.0004;0;0;0;0;0;0;0;-0.0004;-0.0884;0;0;0;0;0;0;0;0;0;-0.7063;0;0.7063;1;1;0;0;0;0
20/02/21 04:00;0;0;90;0;0;90;0;0;0;0;17.86;3.06;0;0;0;0;0;0;0;0;0;0;0;0;0;1;1;1;1;0;0;0;0;0;0;0;0;0;0;0;0;0;0;0;0;0;0;0;0;0;0;0;0;0;0;0;0;0;0;0;0;0;0;0;1;1;1;1;1;1;1;1;1;1;1;1;1;1;1;1;1;1;1;0;0;0;0;0;0;0;0;0;0.0004;0.088;0;-0.0884;0;0;0;0;0;0;0;0;0;0;0;0;0;0;0;0;0;0;0;-17.86;0;0;0;0;0.0004;0;0;0;0;0;0;0;-0.0004;-0.0884;0;0;0;0;0;0;0;0;0;-0.7063;0;0.7063;1;1;0;0;0;0
20/02/21 05:00;1.9644;-101.76;85.231;2.0065;2.8646;-90;-2.8646;0.293;0.293;0;16.63;4.0799;0;0;0.2928;0;0;0;0.2929;0.2929;0;0;0;0;0;1;1;1;1;0;0;0;0;0;0;0;0;0;0;0;0;0;0;0;0;0;0;0;0;0;0;0;0;0;0;0;0;0;0;0;0;0;0;0;0;1;1;1;1;1;1;1;1;1;1;1;1;1;0;0;1;0;0;0;0;0;0;0;0;0;0;0;0.0004;0.088;0;-0.0884;0;0;0;0;0;0;0;0;0;0;0;0;0;0;0;0;0;0;0;-16.63;0;0;0;0;0.0004;0;0;0;0;0;0;0;-0.0004;-0.0884;0;0;0;0;0;0;0;0;0;-0.7063;0;0.7063;1;1;0;0;0;0
20/02/21 06:00;9.8371;-96.268;65.521;9.8951;14.736;-90;-14.736;131.19;24.898;106.3;19.97;3.96;0;257.8;13.573;26.916;0;0.4315;298.72;0;298.72;257.8;26.916;13.573;0.4315;0.863;0.0469;0;0.0014;298.17;0.5484;0;0;0.1886;0.3599;278.32;19.25;16.957;1.7704;0.5056;0.016;297.57;0.5963;0.5156;0.0538;0.0268;0.0001;278.33;240.33;25.091;12.852;0.0555;8.8274;7.0619;2.8178;0.0166;0.0976;1.4041;0.0099;1.4851;0;1;0;0;2.2769;0.9982;1;1;0.9861;0.166;0.9353;0.9341;1;0.9622;0.7758;0.998;0.998;1;0.998;0.998;0.9317;0.9469;0.1286;0.8971;0.8413;0.0051;0.0155;0.0191;0.0056;0.0199;0.0003;0;0;0.088;0;0.6573;0;0;0;0;0;0;0;0;0;0;0;0;0.016;0.0019;0.758;0.758;0;31.338;31.338;11.368;0.0408;721.61;1050.4;1;0.0126;0.0126;0;0;0;0;0;0;0.7453;0.6573;0;16.096;18.639;13.959;16.164;98.332;98.332;7.1692;6.0576;5.2533;1.1116;0.8044;0.1551;0.1122;0.7328;8.2522;0.7302;0
20/02/21 07:00;22.086;-87.726;24.232;22.102;43.753;-90;-43.753;357.6;61.298;296.3;23.14;3.5199;0;718.62;22.985;83.931;0;9.9296;835.46;0;835.46;718.62;83.931;22.985;9.9296;0.8601;0.0394;0;0.0119;824.44;11.02;0;0;1.8294;9.1904;821.39;1.4059;0.6003;0.0701;0.6864;0.0492;822.8;1.6489;1.4372;0.1679;0.0423;0.0015;821.67;716.58;83.693;20.427;0.6886;18.536;14.828;6.5656;1.2766;0.2435;3.5027;0.2775;2.4696;0;1;0;0;2.3363;0.9868;1;1;0.9204;0.0744;0.9983;0.9992;1;0.9675;0.9333;0.998;0.998;1;0.998;0.998;0.9832;0.8887;0.0693;2.5089;2.4821;0.0149;-0.0021;0.2822;0.0153;0.0543;0.0006;0;0;0.088;0;1.9383;0;0;0;0;0;0;0;0;0;0;0;0;0.0437;0.0137;2.0595;2.0595;0;57.253;57.253;34.113;0.0415;2141.5;961.69;1;0.0332;0.0332;0;0;0;0;0;0;2.0263;1.9383;0;15.638;18.108;14.718;17.043;98.39;98.39;20.051;16.459;15.491;3.5917;0.9683;0.1791;0.0483;0.7726;16.914;0.7702;0
20/02/21 08:00;34.251;-78.257;9.6846;34.817;55.183;-90;-55.183;576.09;95.203;480.89;26.68;2.5401;0;842.25;29.005;102.07;0;24.717;998.04;0;998.04;842.25;102.07;29.005;24.717;0.8439;0.0538;0;0.0248;971.65;26.392;0;0;3.2335;23.159;968.44;1.2604;0.2812;0.0341;0.8774;0.0677;969.7;1.9433;1.6845;0.2041;0.0515;0.0031;973.38;840.28;101.83;24.843;1.4872;175.63;140.5;54.317;3.6085;2.2685;32.632;4.9352;31.292;0;1;0;0;1.7324;0.9736;1;1;0.8885;0.063;0.9987;0.9997;1;0.9659;0.9565;0.998;0.998;1;0.998;0.998;0.9703;0.8565;0.0602;2.9971;3.0005;0.0181;-0.0001;0.4473;0.0177;0.0629;0.0055;0;0;0.088;0;2.2511;0;0;0;0;0;0;0;0;0;0;0;0;0.0507;0.0195;2.3789;2.3789;0;67.234;67.234;40.555;0.0419;2583.1;920.93;1;0.0398;0.0398;0;0;0;0;0;0;2.3391;2.2511;0;15.12;17.509;14.308;16.568;98.328;98.328;23.953;19.012;17.991;4.9411;1.0212;0.2063;0.0426;0.7511;23.911;0.7331;0
20/02/21 09:00;45.939;-66.452;16.131;48.422;41.578;-90;-41.578;757.9;124.9;633.01;28.85;1.71;0;846.21;40.272;105.37;0;19.095;1010.9;0;1010.9;846.21;105.37;40.272;19.095;0.837;0.0587;0;0.0189;990.38;20.564;0;0;2.975;17.589;986.54;1.8555;0.4705;0.0586;1.2062;0.1202;988.4;1.9808;1.6924;0.2107;0.0746;0.003;991.72;844.04;105.1;36.017;1.3828;350.47;280.38;113.59;1.8781;3.8431;55.281;5.177;57.246;0;1;0;0;1.3339;0.9797;1;1;0.9261;0.0789;0.9981;0.9994;1;0.9676;0.92;0.998;0.998;1;0.998;0.998;0.9759;0.8943;0.0724;3.0359;3.1035;0.0187;0.001;0.4964;0.0181;0.0642;0.0092;0;0;0.088;0;2.2948;0;0;0;0;0;0;0;0;0;0;0;0;0.0517;0.0208;2.4233;2.4233;0;70.268;70.268;41.417;0.042;2671.6;907.07;1;0.0405;0.0405;0;0;0;0;0;0;2.3828;2.2948;0;15.206;17.608;14.4;16.675;98.329;98.329;24.263;19.367;18.34;4.8955;1.0269;0.2018;0.0423;0.7559;29.074;0.7262;0
20/02/21 10:00;56.379;-49.702;20.985;63.109;26.891;-90;-26.891;893;147.3;745.7;30.34;1.3599;0;836.12;49.944;105.96;0;9.6564;1001.7;0;1001.7;836.12;105.96;49.944;9.6564;0.8347;0.0595;0;0.0096;991.47;10.203;0;0;1.8642;8.3391;986.97;2.5186;0.6048;0.0766;1.5821;0.255;989.49;1.9829;1.6722;0.2119;0.0962;0.0026;989.52;833.84;105.67;46.402;1.0597;485.92;388.74;157.67;0.519;5.1812;74.53;2.5504;79.192;0;1;0;0;1.1217;0.9898;1;1;0.9627;0.1364;0.9975;0.9993;1;0.967;0.806;0.998;0.998;1;0.998;0.998;0.9853;0.9291;0.1097;3.008;3.1375;0.0189;0.0015;0.5195;0.0182;0.0645;0.0123;0;0;0.088;0;2.301;0;0;0;0;0;0;0;0;0;0;0;0;0.0519;0.0213;2.4295;2.4295;0;71.83;71.83;41.49;0.042;2699.6;899.92;1;0.0405;0.0405;0;0;0;0;0;0;2.389;2.301;0;15.386;17.816;14.572;16.874;98.335;98.335;24.04;19.416;18.39;4.624;1.0266;0.1923;0.0427;0.765;32.25;0.7246;0
20/02/21 11:00;63.816;-23.835;23.805;78.762;11.238;-90;-11.238;1062;175.2;886.8;31.61;1.5199;0;904.14;50.673;126.46;0;2.0364;1083.3;0;1083.3;904.14;126.46;50.673;2.0364;0.8346;0.0487;0;0.0019;1081.2;2.1435;0;0;0.4461;1.6974;1076.1;2.9319;0.7419;0.1038;2.0101;0.0761;1079;2.1623;1.8083;0.2529;0.1005;0.0007;1076.5;901.59;126.1;48.117;0.2623;618.45;494.76;196.98;0.0234;6.7933;97.719;0.4166;104.49;0;1;0;0;1.0201;0.998;1;1;0.9912;0.1665;0.9973;0.9992;1;0.9599;0.7752;0.998;0.998;1;0.998;0.998;0.9933;0.9495;0.1288;3.2532;3.4483;0.0208;0.0067;0.6347;0.0195;0.0692;0.0158;0;0;0.088;0;2.4686;0;0;0;0;0;0;0;0;0;0;0;0;0.0557;0.0254;2.6005;2.6005;0;77.047;77.047;45.437;0.0422;2964.6;877.17;1;0.0439;0.0439;0;0;0;0;0;0;2.5566;2.4686;0;15.228;17.634;14.456;16.739;98.313;98.313;25.999;20.783;19.729;5.2163;1.0539;0.2006;0.0405;0.7588;30.473;0.7108;0
20/02/21 12:00;65.258;10.717;24.282;85.102;4.8981;90;4.8981;654.19;411.3;242.89;31.87;1.7501;0;243.78;331.89;79.094;0;0.2389;655.01;0;655.01;243.78;79.094;331.89;0.2389;0.3722;0.5071;0;0.0004;654.05;0.9581;0;0;0.7582;0.1999;638.03;14.713;0.2041;0.0662;14.434;0.0087;652.74;1.3081;0.4876;0.1582;0.6623;0.0001;638.04;243.09;78.87;316.04;0.0303;386.3;309.04;120.75;0.0023;4.3906;63.157;0.017;67.545;0;1;0;0;1.0012;0.9985;1;1;0.9977;0.1635;0.9775;0.9992;1;0.9563;0.7764;0.998;0.998;1;0.998;0.998;0.9741;0.9522;0.1267;1.967;2.0549;0.0124;0;0.2435;0.0126;0.0447;0.0111;0;0;0.088;0;1.5713;0;0;0;0;0;0;0;0;0;0;0;0;0.036;0.0095;1.6852;1.6852;0;58.408;58.408;26.538;0.0416;1767.6;953.38;1;0.0259;0.0259;0;0;0;0;0;0;1.6593;1.5713;0;16.321;18.9;15.218;17.622;98.461;98.461;15.72;13.468;12.558;2.2517;0.9106;0.1432;0.0579;0.7988;197.08;0.7451;0
20/02/21 13:00;59.818;40.824;22.361;69.183;20.817;90;20.817;932.5;163.5;769.01;32.08;1.9299;0;822.71;57.361;111.48;0;6.0876;997.64;0;997.64;822.71;111.48;57.361;6.0876;0.8247;0.0636;0;0.0061;991.09;6.5545;0;0;1.4226;5.132;986.26;2.8428;0.6342;0.0859;1.9137;0.209;989.1;1.9822;1.6454;0.223;0.1119;0.0019;987.81;820.43;111.17;53.913;0.7447;525.69;420.55;167.24;0.2387;5.8011;83.446;1.5438;89.009;0;1;0;0;1.0699;0.9934;1;1;0.9752;0.157;0.9971;0.9992;1;0.9657;0.7808;0.998;0.998;1;0.998;0.998;0.9886;0.9399;0.1223;2.9959;3.1511;0.019;0.0016;0.542;0.0181;0.0643;0.0137;0;0;0.088;0;2.2912;0;0;0;0;0;0;0;0;0;0;0;0;0.0517;0.0214;2.4192;2.4192;0;73.601;73.601;41.521;0.0421;2710.9;892.39;1;0.04;0.04;0;0;0;0;0;0;2.3792;2.2912;0;15.383;17.813;14.569;16.87;98.345;98.345;23.943;19.334;18.311;4.609;1.0232;0.1925;0.0427;0.7648;35.782;0.7197;0
20/02/21 14:00;50.27;60.645;18.26;54.081;35.92;90;35.92;861.81;143.7;718.11;32.81;2.0899;0;886.72;43.05;118.7;0;16.388;1064.9;0;1064.9;886.72;118.7;43.05;16.388;0.8327;0.0558;0;0.0154;1047.5;17.36;0;0;2.5471;14.813;1043.3;2.1465;0.5582;0.0747;1.3043;0.2093;1045.4;2.095;1.7734;0.2374;0.081;0.0032;1047.8;884.39;118.39;39.117;1.3626;431.36;345.09;142.23;1.2164;4.5012;64.749;4.5488;68.033;0;1;0;0;1.2356;0.9837;1;1;0.9408;0.0961;0.9979;0.9994;1;0.9677;0.8668;0.998;0.998;1;0.998;0.998;0.9797;0.9087;0.0831;3.1978;3.2924;0.0198;0.0038;0.6046;0.0186;0.0661;0.0105;0;0;0.088;0;2.3629;0;0;0;0;0;0;0;0;0;0;0;0;0.0533;0.0233;2.4923;2.4923;0;76.853;76.853;44.042;0.0422;2834.3;879.36;1;0.0414;0.0414;0;0;0;0;0;0;2.4509;2.3629;0;14.847;17.193;14.076;16.3;98.339;98.339;25.557;19.919;18.884;5.638;1.0342;0.2206;0.0405;0.7389;29.649;0.7068;0
20/02/21 15:00;38.946;73.991;12.386;40.058;49.942;90;49.942;598.6;201.9;396.7;33.23;2.1699;0;616.41;90.901;141.84;0;21.336;870.49;0;870.49;616.41;141.84;90.901;21.336;0.7081;0.1289;0;0.0245;841.73;28.765;0;0;8.7862;19.979;836.94;3.0987;0.2632;0.0606;2.7171;0.0579;840.04;1.6835;1.2328;0.2837;0.1642;0.0027;842.21;614.92;141.5;79.234;1.2967;247.8;198.24;80.105;7.9671;3.1624;45.49;5.2634;40.686;0;1;0;0;1.4542;0.967;1;1;0.9033;0.0636;0.9963;0.9996;1;0.9668;0.9573;0.998;0.998;1;0.998;0.998;0.9615;0.8716;0.0608;2.6141;2.6325;0.0158;-0.0021;0.4042;0.0155;0.055;0.0077;0;0;0.088;0;1.9564;0;0;0;0;0;0;0;0;0;0;0;0;0.0443;0.0152;2.077;2.077;0;68.31;68.31;35.08;0.0419;2266.5;916.4;1;0.0326;0.0326;0;0;0;0;0;0;2.0444;1.9564;0;15.136;17.527;14.257;16.51;98.432;98.432;20.892;16.599;15.636;4.2924;0.9636;0.2055;0.0461;0.7484;70.928;0.7202;0
20/02/21 16:00;26.909;84.165;5.9878;27.029;60;90;60;434.7;160.1;274.6;33.19;2.0099;0;603.45;67.879;152.94;0;21.735;846;0;846;603.45;152.94;67.879;21.735;0.7133;0.1059;0;0.0257;817.05;28.948;0;0;8.5604;20.388;813.08;2.3413;0.1246;0.0316;2.0935;0.0916;815.42;1.6341;1.2069;0.3059;0.1186;0.0027;816.18;602.12;152.6;57.106;1.2533;92.947;74.357;33.956;11.353;1.4757;21.228;3.1057;11.35;0;1;0;0;1.9462;0.9658;1;1;0.8739;0.062;0.9971;0.9998;1;0.9646;0.9319;0.998;0.998;1;0.998;0.998;0.9611;0.8413;0.0577;2.5405;2.503;0.0151;-0.0021;0.3751;0.0148;0.0525;0.0036;0;0;0.088;0;1.869;0;0;0;0;0;0;0;0;0;0;0;0;0.0423;0.0139;1.988;1.988;0;67.241;67.241;34.051;0.0419;2158;921.19;1;0.031;0.031;0;0;0;0;0;0;1.957;1.869;0;14.906;17.261;14.014;16.228;98.441;98.441;20.304;15.888;14.937;4.4162;0.9511;0.2175;0.0468;0.7357;59.093;0.7221;0
20/02/21 17:00;14.657;92.947;52.145;14.675;23.235;90;23.235;201.6;137.9;63.695;32.45;1.5801;0;154.48;108.45;60.317;0;1.635;324.88;0;324.88;154.48;60.317;108.45;1.635;0.4755;0.3388;0;0.005;320.28;4.6003;0;0;3.208;1.3923;312.75;6.8913;2.3763;0.9278;3.5361;0.0511;319.64;0.6406;0.309;0.1206;0.2105;0.0005;313;151.79;59.268;101.49;0.1911;68.959;55.167;21.739;0.6685;0.8153;11.728;0.2532;11.875;0;1;0;0;1.6115;0.9858;1;1;0.9704;0.1485;0.9784;0.9846;1;0.9663;0.7889;0.998;0.998;1;0.998;0.998;0.9627;0.9359;0.1169;0.9756;0.9674;0.0058;0.0139;0.071;0.0061;0.0218;0.0021;0;0;0.088;0;0.7259;0;0;0;0;0;0;0;0;0;0;0;0;0.0175;0.0024;0.8268;0.8268;0;45.366;45.366;12.916;0.0413;832.26;993.44;1;0.0129;0.0129;0;0;0;0;0;0;0.8139;0.7259;0;16.144;18.695;14.174;16.413;98.44;98.44;7.7971;6.6078;5.8014;1.1893;0.8064;0.1525;0.1034;0.744;68.525;0.7245;0
20/02/21 18:00;4.3034;100.11;79.514;4.371;6.2809;90;6.2809;0;0;0;30.51;1.57;0;0;0;0;0;0;0;0;0;0;0;0;0;1;1;1;1;0;0;0;0;0;0;0;0;0;0;0;0;0;0;0;0;0;0;0;0;0;0;0;0;0;0;0;0;0;0;0;0;0;0;0;1;1;1;1;1;1;1;1;1;1;1;1;1;1;1;1;1;1;1;0;0;0;0;0;0;0;0;0;0.0004;0.088;0;-0.0884;0;0;0;0;0;0;0;0;0;0;0;0;0;0;0;0;0;0;0;-30.51;0;0;0;0;0.0004;0;0;0;0;0;0;0;-0.0004;-0.0884;0;0;0;0;0;0;0;0;0;-0.7063;0;0.7063;1;1;0;0;0;0
20/02/21 19:00;0;0;90;0;0;90;0;0;0;0;24.7;1.49;0;0;0;0;0;0;0;0;0;0;0;0;0;1;1;1;1;0;0;0;0;0;0;0;0;0;0;0;0;0;0;0;0;0;0;0;0;0;0;0;0;0;0;0;0;0;0;0;0;0;0;0;1;1;1;1;1;1;1;1;1;1;1;1;1;1;1;1;1;1;1;0;0;0;0;0;0;0;0;0;0.0004;0.088;0;-0.0884;0;0;0;0;0;0;0;0;0;0;0;0;0;0;0;0;0;0;0;-24.7;0;0;0;0;0.0004;0;0;0;0;0;0;0;-0.0004;-0.0884;0;0;0;0;0;0;0;0;0;-0.7063;0;0.7063;1;1;0;0;0;0
20/02/21 20:00;0;0;90;0;0;90;0;0;0;0;25.96;1.3599;0;0;0;0;0;0;0;0;0;0;0;0;0;1;1;1;1;0;0;0;0;0;0;0;0;0;0;0;0;0;0;0;0;0;0;0;0;0;0;0;0;0;0;0;0;0;0;0;0;0;0;0;1;1;1;1;1;1;1;1;1;1;1;1;1;1;1;1;1;1;1;0;0;0;0;0;0;0;0;0;0.0004;0.088;0;-0.0884;0;0;0;0;0;0;0;0;0;0;0;0;0;0;0;0;0;0;0;-25.96;0;0;0;0;0.0004;0;0;0;0;0;0;0;-0.0004;-0.0884;0;0;0;0;0;0;0;0;0;-0.7063;0;0.7063;1;1;0;0;0;0
20/02/21 21:00;0;0;90;0;0;90;0;0;0;0;21.94;1.31;0;0;0;0;0;0;0;0;0;0;0;0;0;1;1;1;1;0;0;0;0;0;0;0;0;0;0;0;0;0;0;0;0;0;0;0;0;0;0;0;0;0;0;0;0;0;0;0;0;0;0;0;1;1;1;1;1;1;1;1;1;1;1;1;1;1;1;1;1;1;1;0;0;0;0;0;0;0;0;0;0.0004;0.088;0;-0.0884;0;0;0;0;0;0;0;0;0;0;0;0;0;0;0;0;0;0;0;-21.94;0;0;0;0;0.0004;0;0;0;0;0;0;0;-0.0004;-0.0884;0;0;0;0;0;0;0;0;0;-0.7063;0;0.7063;1;1;0;0;0;0
20/02/21 22:00;0;0;90;0;0;90;0;0;0;0;20.46;1.46;0;0;0;0;0;0;0;0;0;0;0;0;0;1;1;1;1;0;0;0;0;0;0;0;0;0;0;0;0;0;0;0;0;0;0;0;0;0;0;0;0;0;0;0;0;0;0;0;0;0;0;0;1;1;1;1;1;1;1;1;1;1;1;1;1;1;1;1;1;1;1;0;0;0;0;0;0;0;0;0;0.0004;0.088;0;-0.0884;0;0;0;0;0;0;0;0;0;0;0;0;0;0;0;0;0;0;0;-20.46;0;0;0;0;0.0004;0;0;0;0;0;0;0;-0.0004;-0.0884;0;0;0;0;0;0;0;0;0;-0.7063;0;0.7063;1;1;0;0;0;0
20/02/21 23:00;0;0;90;0;0;90;0;0;0;0;19.82;1.7599;0;0;0;0;0;0;0;0;0;0;0;0;0;1;1;1;1;0;0;0;0;0;0;0;0;0;0;0;0;0;0;0;0;0;0;0;0;0;0;0;0;0;0;0;0;0;0;0;0;0;0;0;1;1;1;1;1;1;1;1;1;1;1;1;1;1;1;1;1;1;1;0;0;0;0;0;0;0;0;0;0.0004;0.088;0;-0.0884;0;0;0;0;0;0;0;0;0;0;0;0;0;0;0;0;0;0;0;-19.82;0;0;0;0;0.0004;0;0;0;0;0;0;0;-0.0004;-0.0884;0;0;0;0;0;0;0;0;0;-0.7063;0;0.7063;1;1;0;0;0;0
21/02/21 00:00;0;0;90;0;0;90;0;0;0;0;19.1;2.0899;0;0;0;0;0;0;0;0;0;0;0;0;0;1;1;1;1;0;0;0;0;0;0;0;0;0;0;0;0;0;0;0;0;0;0;0;0;0;0;0;0;0;0;0;0;0;0;0;0;0;0;0;1;1;1;1;1;1;1;1;1;1;1;1;1;1;1;1;1;1;1;0;0;0;0;0;0;0;0;0;0.0004;0.088;0;-0.0884;0;0;0;0;0;0;0;0;0;0;0;0;0;0;0;0;0;0;0;-19.1;0;0;0;0;0.0004;0;0;0;0;0;0;0;-0.0004;-0.0884;0;0;0;0;0;0;0;0;0;-0.7063;0;0.7063;1;1;0;0;0;0
21/02/21 01:00;0;0;90;0;0;90;0;0;0;0;18.3;2.3899;0;0;0;0;0;0;0;0;0;0;0;0;0;1;1;1;1;0;0;0;0;0;0;0;0;0;0;0;0;0;0;0;0;0;0;0;0;0;0;0;0;0;0;0;0;0;0;0;0;0;0;0;1;1;1;1;1;1;1;1;1;1;1;1;1;1;1;1;1;1;1;0;0;0;0;0;0;0;0;0;0.0004;0.088;0;-0.0884;0;0;0;0;0;0;0;0;0;0;0;0;0;0;0;0;0;0;0;-18.3;0;0;0;0;0.0004;0;0;0;0;0;0;0;-0.0004;-0.0884;0;0;0;0;0;0;0;0;0;-0.7063;0;0.7063;1;1;0;0;0;0
21/02/21 02:00;0;0;90;0;0;90;0;0;0;0;17.48;2.6399;0;0;0;0;0;0;0;0;0;0;0;0;0;1;1;1;1;0;0;0;0;0;0;0;0;0;0;0;0;0;0;0;0;0;0;0;0;0;0;0;0;0;0;0;0;0;0;0;0;0;0;0;1;1;1;1;1;1;1;1;1;1;1;1;1;1;1;1;1;1;1;0;0;0;0;0;0;0;0;0;0.0004;0.088;0;-0.0884;0;0;0;0;0;0;0;0;0;0;0;0;0;0;0;0;0;0;0;-17.48;0;0;0;0;0.0004;0;0;0;0;0;0;0;-0.0004;-0.0884;0;0;0;0;0;0;0;0;0;-0.7063;0;0.7063;1;1;0;0;0;0
21/02/21 03:00;0;0;90;0;0;90;0;0;0;0;16.6;2.76;0;0;0;0;0;0;0;0;0;0;0;0;0;1;1;1;1;0;0;0;0;0;0;0;0;0;0;0;0;0;0;0;0;0;0;0;0;0;0;0;0;0;0;0;0;0;0;0;0;0;0;0;1;1;1;1;1;1;1;1;1;1;1;1;1;1;1;1;1;1;1;0;0;0;0;0;0;0;0;0;0.0004;0.088;0;-0.0884;0;0;0;0;0;0;0;0;0;0;0;0;0;0;0;0;0;0;0;-16.6;0;0;0;0;0.0004;0;0;0;0;0;0;0;-0.0004;-0.0884;0;0;0;0;0;0;0;0;0;-0.7063;0;0.7063;1;1;0;0;0;0
21/02/21 04:00;0;0;90;0;0;90;0;0;0;0;17.2;2.82;0;0;0;0;0;0;0;0;0;0;0;0;0;1;1;1;1;0;0;0;0;0;0;0;0;0;0;0;0;0;0;0;0;0;0;0;0;0;0;0;0;0;0;0;0;0;0;0;0;0;0;0;1;1;1;1;1;1;1;1;1;1;1;1;1;1;1;1;1;1;1;0;0;0;0;0;0;0;0;0;0.0004;0.088;0;-0.0884;0;0;0;0;0;0;0;0;0;0;0;0;0;0;0;0;0;0;0;-17.2;0;0;0;0;0.0004;0;0;0;0;0;0;0;-0.0004;-0.0884;0;0;0;0;0;0;0;0;0;-0.7063;0;0.7063;1;1;0;0;0;0
21/02/21 05:00;1.7743;-101.45;85.693;1.8103;2.5838;-90;-2.5838;3.5944;3.4988;0.0955;17;3.9199;0;0;3.4971;0;0;0.0004;3.4974;3.4974;0;0;0;0;0;1;1;1;1;0;0;0;0;0;0;0;0;0;0;0;0;0;0;0;0;0;0;0;0;0;0;0;0;0;0;0;0;0;0;0;0;0;0;0;0;1;1;1;1;1;1;1;1;1;1;1;1;1;0;0;1;0;0;0;0;0;0;0;0;0;0;0;0.0004;0.088;0;-0.0884;0;0;0;0;0;0;0;0;0;0;0;0;0;0;0;0;0;0;0;-17;0;0;0;0;0.0004;0;0;0;0;0;0;0;-0.0004;-0.0884;0;0;0;0;0;0;0;0;0;-0.7063;0;0.7063;1;1;0;0;0;0
21/02/21 06:00;9.6538;-95.95;66.002;9.7051;14.427;-90;-14.427;88.003;56.003;32;20.18;3.7401;0;77.61;47.581;18.577;0;0.2775;144.05;0;144.05;77.61;18.577;47.581;0.2775;0.5388;0.3322;0;0.0019;143.18;0.8692;0;0;0.6378;0.2314;134.43;8.4631;5.382;1.2882;1.7826;0.0103;142.89;0.2864;0.1552;0.0372;0.0939;0.0001;134.46;72.073;17.251;45.067;0.0357;29.091;23.273;8.9752;0.0536;0.3418;4.9171;0.033;5.2053;0;1;0;0;1.6368;0.994;1;1;0.9866;0.1661;0.9408;0.9305;1;0.962;0.7757;0.998;0.998;1;0.998;0.998;0.9332;0.9472;0.1286;0.4326;0.4153;0.0025;0.018;0.001;0.0028;0.0098;0.0009;0;0;0.088;0;0.276;0;0;0;0;0;0;0;0;0;0;0;0;0.0079;0.0006;0.3719;0.3719;0;25.678;25.678;5.498;0.0409;354.88;1048;1;0.0079;0.0079;0;0;0;0;0;0;0.364;0.276;0;16.379;18.966;12.156;14.077;97.882;97.882;3.4571;2.9723;2.206;0.4848;0.7663;0.1402;0.2216;0.6381;28.897;0.6222;0
21/02/21 07:00;21.905;-87.387;25.206;21.925;42.978;-90;-42.978;179.5;153.7;25.804;21.94;3.4299;0;62.581;126.48;18.479;0;4.8176;212.36;0;212.36;62.581;18.479;126.48;4.8176;0.2947;0.6183;0;0.0227;198.1;14.259;0;0;9.8071;4.4518;193.82;3.8765;0.0544;0.0161;3.7801;0.026;197.7;0.3962;0.1252;0.037;0.2333;0.0007;195.28;62.401;18.426;112.66;0.3391;92.596;74.077;31.54;6.594;1.3124;18.878;1.4549;13.596;0;1;0;0;1.183;0.9329;1;1;0.9225;0.0759;0.9804;0.9991;1;0.9675;0.9288;0.998;0.998;1;0.998;0.998;0.9127;0.8907;0.0704;0.6377;0.628;0.0038;0.0175;0.011;0.0042;0.0148;0.0036;0;0;0.088;0;0.4622;0;0;0;0;0;0;0;0;0;0;0;0;0.0119;0.0011;0.5601;0.5601;0;29.869;29.869;7.9295;0.0409;536.35;1044.2;1;0.0098;0.0098;0;0;0;0;0;0;0.5502;0.4622;0;16.731;19.374;13.808;15.99;98.244;98.244;5.0965;4.4761;3.6942;0.6204;0.7819;0.1217;0.1534;0.7248;92.433;0.6796;0
21/02/21 08:00;34.061;-77.884;10.013;34.662;55.338;-90;-55.338;373.6;237;136.6;25.38;2.9499;0;240.18;153.4;72.844;0;16.112;482.53;0;482.53;240.18;72.844;153.4;16.112;0.4977;0.3513;0;0.0334;450.27;32.268;0;0;17.171;15.097;444.57;4.7955;0.0829;0.0251;4.6428;0.0446;449.37;0.9005;0.4804;0.1457;0.2725;0.002;449.51;239.61;72.673;131.32;0.9688;176.27;141.01;60.364;19.245;2.9121;41.89;4.9351;25.556;0;1;0;0;1.2916;0.9331;1;1;0.8881;0.063;0.9893;0.9997;1;0.9659;0.956;0.998;0.998;1;0.998;0.998;0.9213;0.856;0.0601;1.449;1.4422;0.0087;0.0071;0.0956;0.0093;0.033;0.0077;0;0;0.088;0;1.1419;0;0;0;0;0;0;0;0;0;0;0;0;0.0266;0.0049;1.2491;1.2491;0;43.674;43.674;18.293;0.0411;1238.6;1008.5;1;0.0193;0.0193;0;0;0;0;0;0;1.2299;1.1419;0;16.422;19.016;15.012;17.383;98.457;98.457;11.581;9.9832;9.1258;1.5976;0.8573;0.138;0.074;0.788;126.67;0.7399;0
21/02/21 09:00;45.723;-66.034;16.473;48.299;41.701;-90;-41.701;753.2;124.3;628.9;28.01;2.5301;0;842.32;40.212;104.81;0;19.084;1006.4;0;1006.4;842.32;104.81;40.212;19.084;0.8369;0.0589;0;0.019;985.86;20.568;0;0;2.9835;17.584;982.03;1.8605;0.4783;0.0595;1.2041;0.1185;983.89;1.9717;1.6846;0.2096;0.0745;0.003;987.04;840.16;104.54;35.95;1.3785;347.6;278.08;113.79;1.8945;3.7401;53.8;5.0127;55.645;0;1;0;0;1.3362;0.9796;1;1;0.9258;0.0786;0.9981;0.9994;1;0.9676;0.9208;0.998;0.998;1;0.998;0.998;0.9758;0.894;0.0722;3.0223;3.0863;0.0186;0.0008;0.4817;0.0181;0.0642;0.009;0;0;0.088;0;2.293;0;0;0;0;0;0;0;0;0;0;0;0;0.0517;0.0206;2.4216;2.4216;0;69.201;69.201;41.191;0.0419;2656.4;911.6;1;0.0406;0.0406;0;0;0;0;0;0;2.381;2.293;0;15.264;17.675;14.453;16.737;98.325;98.325;24.154;19.353;18.326;4.8009;1.0275;0.1988;0.0425;0.7587;29.062;0.7295;0
21/02/21 10:00;56.114;-49.256;21.34;63.031;26.969;-90;-26.969;876.11;147.1;729.01;30.71;2.2301;0;817.96;51.551;103.88;0;9.5276;982.92;0;982.92;817.96;103.88;51.551;9.5276;0.8322;0.0621;0;0.0097;972.76;10.164;0;0;1.9331;8.2309;968.25;2.5607;0.6017;0.0764;1.6321;0.2505;970.81;1.9455;1.6359;0.2078;0.0992;0.0026;970.77;815.72;103.6;47.886;1.0436;476.66;381.33;154.68;0.541;5.084;73.131;2.5195;77.674;0;1;0;0;1.1219;0.9897;1;1;0.9625;0.1361;0.9974;0.9993;1;0.967;0.8064;0.998;0.998;1;0.998;0.998;0.9851;0.9289;0.1095;2.9517;3.078;0.0185;0.0007;0.5051;0.0179;0.0634;0.0121;0;0;0.088;0;2.2612;0;0;0;0;0;0;0;0;0;0;0;0;0.0511;0.0205;2.3888;2.3888;0;71.398;71.398;40.687;0.042;2648.3;901.99;1;0.0395;0.0395;0;0;0;0;0;0;2.3492;2.2612;0;15.417;17.852;14.594;16.899;98.344;98.344;23.59;19.091;18.072;4.4991;1.0194;0.1907;0.0432;0.7661;33.304;0.7256;0
21/02/21 11:00;63.483;-23.511;24.167;78.743;11.257;-90;-11.257;958.99;160.7;798.29;32.27;2.27;0;813.96;57.386;104.77;0;1.8451;977.96;0;977.96;813.96;104.77;57.386;1.8451;0.8323;0.0606;0;0.0019;975.91;2.0445;0;0;0.5066;1.5379;970.85;3.11;0.6781;0.0873;2.2757;0.0689;973.96;1.9518;1.6279;0.2095;0.1138;0.0006;971.23;811.65;104.47;54.49;0.2376;558.61;446.89;177.82;0.0266;6.1422;88.354;0.3773;94.469;0;1;0;0;1.0198;0.9979;1;1;0.9912;0.1665;0.9968;0.9992;1;0.9599;0.7752;0.998;0.998;1;0.998;0.998;0.9927;0.9495;0.1288;2.9368;3.1115;0.0187;0.0011;0.53;0.0179;0.0636;0.0145;0;0;0.088;0;2.266;0;0;0;0;0;0;0;0;0;0;0;0;0.0512;0.0209;2.3935;2.3935;0;73.125;73.125;40.855;0.0421;2676.3;894.32;1;0.0395;0.0395;0;0;0;0;0;0;2.354;2.266;0;15.526;17.978;14.699;17.021;98.351;98.351;23.471;19.129;18.11;4.3424;1.0188;0.185;0.0434;0.7716;34.512;0.7227;0
21/02/21 12:00;64.897;10.641;24.642;85.055;4.9445;90;4.9445;973.41;166.4;807.01;33.3;2.7001;0;810.03;60.002;106.68;0;0.3622;977.07;0;977.07;810.03;106.68;60.002;0.3622;0.829;0.0618;0;0.0004;976.63;0.4421;0;0;0.1391;0.303;971.28;3.4;0.6881;0.0906;2.6081;0.0132;974.68;1.9533;1.6201;0.2134;0.1197;0.0001;971.31;807.72;106.38;57.135;0.0459;572.8;458.24;183.51;0.0005;6.2205;89.479;0.0334;95.699;0;1;0;0;1.0038;0.9995;1;1;0.9977;0.1635;0.9965;0.9991;1;0.9563;0.7764;0.998;0.998;1;0.998;0.998;0.9941;0.9522;0.1267;2.9341;3.1141;0.0187;0.0012;0.5428;0.0179;0.0633;0.0147;0;0;0.088;0;2.2565;0;0;0;0;0;0;0;0;0;0;0;0;0.051;0.0209;2.3836;2.3836;0;74.211;74.211;40.91;0.0421;2678.7;889.86;1;0.0391;0.0391;0;0;0;0;0;0;2.3445;2.2565;0;15.476;17.921;14.65;16.965;98.358;98.358;23.45;19.05;18.034;4.3997;1.016;0.1876;0.0433;0.7691;35.631;0.7197;0
21/02/21 13:00;59.501;40.476;22.71;69.075;20.925;90;20.925;922.09;165.4;756.69;33.63;3.3301;0;810.12;59.272;111.46;0;6.0811;986.93;0;986.93;810.12;111.46;59.272;6.0811;0.8208;0.0662;0;0.0062;980.32;6.6108;0;0;1.4821;5.1287;975.45;2.9047;0.6342;0.0873;1.9753;0.208;978.36;1.9606;1.6202;0.2229;0.1156;0.0019;976.96;807.86;111.15;55.699;0.7425;519.67;415.74;167.5;0.2512;5.5942;80.47;1.5075;85.813;0;1;0;0;1.0703;0.9933;1;1;0.975;0.1566;0.997;0.9992;1;0.9658;0.7812;0.998;0.998;1;0.998;0.998;0.9884;0.9397;0.1221;2.9637;3.1121;0.0187;0.0011;0.5484;0.0178;0.0632;0.0131;0;0;0.088;0;2.251;0;0;0;0;0;0;0;0;0;0;0;0;0.0509;0.0209;2.378;2.378;0;74.734;74.734;41.104;0.0421;2677.9;888.02;1;0.039;0.039;0;0;0;0;0;0;2.339;2.251;0;15.285;17.7;14.469;16.755;98.362;98.362;23.686;19.005;17.99;4.6814;1.0146;0.1976;0.0428;0.7595;36.994;0.7158;0
21/02/21 14:00;50.002;60.263;18.592;53.925;36.075;90;36.075;814.4;158;656.4;34.97;3.8201;0;812.12;55.123;120.05;0;15.616;1002.9;0;1002.9;812.12;120.05;55.123;15.616;0.8098;0.0705;0;0.0156;985.5;17.409;0;0;3.2835;14.125;981.07;2.4629;0.5205;0.0769;1.6694;0.1961;983.53;1.971;1.6242;0.2401;0.1037;0.003;985.43;809.98;119.73;50.066;1.2919;408.97;327.18;134.87;1.5793;4.2942;61.771;4.3576;64.485;0;1;0;0;1.2315;0.9826;1;1;0.9404;0.0955;0.9975;0.9994;1;0.9677;0.8682;0.998;0.998;1;0.998;0.998;0.9782;0.9083;0.0827;3.0117;3.0982;0.0187;0.001;0.5645;0.0176;0.0624;0.01;0;0;0.088;0;2.2268;0;0;0;0;0;0;0;0;0;0;0;0;0.0503;0.0208;2.353;2.353;0;76.368;76.368;41.398;0.0422;2667.8;882.01;1;0.0382;0.0382;0;0;0;0;0;0;2.3148;2.2268;0;14.883;17.234;14.085;16.31;98.376;98.376;24.07;18.805;17.796;5.2647;1.0088;0.2187;0.0419;0.7394;38.01;0.7068;0
21/02/21 15:00;38.709;73.638;12.698;39.87;50.131;90;50.131;626.1;171.9;454.2;34.94;4.0501;0;708.54;67.623;139.59;0;22.475;938.23;0;938.23;708.54;139.59;67.623;22.475;0.7552;0.096;0;0.024;910.61;27.621;0;0;6.5721;21.049;906.34;2.4534;0.3102;0.0611;2.0218;0.0603;908.79;1.8212;1.4171;0.2792;0.1221;0.0029;911.65;706.81;139.25;58.907;1.3626;248.56;198.85;79.521;6.0067;3.0971;44.551;5.3193;41.642;0;1;0;0;1.4985;0.9706;1;1;0.9028;0.0634;0.9973;0.9996;1;0.9668;0.9576;0.998;0.998;1;0.998;0.998;0.966;0.8711;0.0606;2.8175;2.8397;0.0171;-0.0013;0.4845;0.0164;0.0581;0.0073;0;0;0.088;0;2.0705;0;0;0;0;0;0;0;0;0;0;0;0;0.0468;0.0176;2.1933;2.1933;0;73.079;73.079;38.139;0.0421;2445.4;896.92;1;0.0348;0.0348;0;0;0;0;0;0;2.1585;2.0705;0;14.83;17.173;13.999;16.211;98.412;98.412;22.518;17.529;16.548;4.9884;0.9816;0.2215;0.0436;0.7349;52.865;0.7096;0
21/02/21 16:00;26.686;83.845;6.3489;26.819;60;90;60;67.004;66.4;0.604;34.35;3.53;0;1.3366;49.752;0.1416;0;3.3502;54.58;0;54.58;1.3366;0.1416;49.752;3.3502;0.0245;0.9729;0;0.0614;45.163;9.4168;0;0;6.2744;3.1425;43.524;1.5489;0.0003;0;1.5345;0.0141;45.073;0.0903;0.0027;0.0003;0.087;0.0004;44.951;1.3336;0.1413;41.856;0.1932;43.374;34.699;15.944;8.3184;0.8786;12.638;1.4268;5.1986;0;1;0;0;0.8146;0.8275;1;1;0.8739;0.062;0.9656;0.9998;1;0.9646;0.9319;0.998;0.998;1;0.998;0.998;0.7974;0.8413;0.0577;0.1639;0.162;0.001;0.014;0.0068;0.001;0.0035;0.0022;0;0;0.088;0;0.038;0;0;0;0;0;0;0;0;0;0;0;0;0.0028;0.0001;0.1307;0.1307;0;36.169;36.169;1.8187;0.0418;136.48;957.91;1;0.0047;0.0047;0;0;0;0;0;0;0.126;0.038;0;15.195;17.596;4.4187;5.1168;96.389;96.389;1.3099;1.0449;0.3038;0.2651;0.741;0.2023;0.5657;0.232;43.312;0.1977;0
21/02/21 17:00;14.435;92.651;52.801;14.45;22.793;90;22.793;83.198;81.599;1.5985;30.91;2.4601;0;3.8767;78.053;0.9095;0;0.6497;83.489;0;83.489;3.8767;0.9095;78.053;0.6497;0.0464;0.9427;0;0.0078;80.698;2.791;0;0;2.2389;0.5522;77.882;2.6545;0.0637;0.0149;2.5552;0.0207;80.536;0.1614;0.0078;0.0018;0.1516;0.0002;78.055;3.8053;0.8927;73.107;0.0766;49.209;39.367;15.438;0.4489;0.5849;8.4131;0.1735;8.5491;0;1;0;0;1.0035;0.9666;1;1;0.9713;0.1501;0.967;0.9835;1;0.9662;0.7873;0.998;0.998;1;0.998;0.998;0.9328;0.9366;0.1179;0.2507;0.2528;0.0015;0.0163;0.0086;0.0016;0.0056;0.0015;0;0;0.088;0;0.1191;0;0;0;0;0;0;0;0;0;0;0;0;0.0045;0.0003;0.2129;0.2129;0;34.137;34.137;3.2266;0.0414;214.95;990.54;1;0.0058;0.0058;0;0;0;0;0;0;0.2071;0.1191;0;16.177;18.733;9.0471;10.476;97.256;97.256;2.0037;1.7016;0.9516;0.3021;0.75;0.1508;0.3743;0.4749;49.199;0.4416;0
21/02/21 18:00;4.2777;99.681;79.578;4.3393;6.2346;90;6.2346;36.608;35.102;1.5053;29.72;2.4501;0;3.6509;34.492;1.2314;0;0.0217;39.396;0;39.396;3.6509;1.2314;34.492;0.0217;0.0927;0.8761;0;0.0005;39.263;0.1336;0;0;0.1155;0.0181;36.216;2.9688;1.1159;0.3764;1.4756;0.0008;39.184;0.0785;0.0073;0.0025;0.0688;0;36.218;2.5276;0.8526;32.833;0.0028;20.53;16.424;6.2497;0.0013;0.2443;3.5146;0.002;3.7576;0;1;0;0;1.0762;0.9966;1;1;0.9967;0.164;0.9242;0.6937;1;0.957;0.7758;0.998;0.998;1;0.998;0.998;0.9193;0.9519;0.127;0.1183;0.1165;0.0007;0.0121;0.0027;0.0007;0.0025;0.0006;0;0;0.088;0;0.003;0;0;0;0;0;0;0;0;0;0;0;0;0.002;0.0001;0.0951;0.0951;0;31.23;31.23;1.5104;0.0417;98.095;969.13;1;0.004;0.004;0;0;0;0;0;0;0.091;0.003;0;15.308;17.726;0.4869;0.5638;95.747;95.747;0.9455;0.7598;0.0242;0.1857;0.7356;0.1964;0.778;0.0256;20.52;0.024;0
21/02/21 19:00;0;0;90;0;0;90;0;0;0;0;26.48;2.5499;0;0;0;0;0;0;0;0;0;0;0;0;0;1;1;1;1;0;0;0;0;0;0;0;0;0;0;0;0;0;0;0;0;0;0;0;0;0;0;0;0;0;0;0;0;0;0;0;0;0;0;0;1;1;1;1;1;1;1;1;1;1;1;1;1;1;1;1;1;1;1;0;0;0;0;0;0;0;0;0;0.0004;0.088;0;-0.0884;0;0;0;0;0;0;0;0;0;0;0;0;0;0;0;0;0;0;0;-26.48;0;0;0;0;0.0004;0;0;0;0;0;0;0;-0.0004;-0.0884;0;0;0;0;0;0;0;0;0;-0.7063;0;0.7063;1;1;0;0;0;0
21/02/21 20:00;0;0;90;0;0;90;0;0;0;0;24.54;2.75;0;0;0;0;0;0;0;0;0;0;0;0;0;1;1;1;1;0;0;0;0;0;0;0;0;0;0;0;0;0;0;0;0;0;0;0;0;0;0;0;0;0;0;0;0;0;0;0;0;0;0;0;1;1;1;1;1;1;1;1;1;1;1;1;1;1;1;1;1;1;1;0;0;0;0;0;0;0;0;0;0.0004;0.088;0;-0.0884;0;0;0;0;0;0;0;0;0;0;0;0;0;0;0;0;0;0;0;-24.54;0;0;0;0;0.0004;0;0;0;0;0;0;0;-0.0004;-0.0884;0;0;0;0;0;0;0;0;0;-0.7063;0;0.7063;1;1;0;0;0;0
21/02/21 21:00;0;0;90;0;0;90;0;0;0;0;23.6;2.9401;0;0;0;0;0;0;0;0;0;0;0;0;0;1;1;1;1;0;0;0;0;0;0;0;0;0;0;0;0;0;0;0;0;0;0;0;0;0;0;0;0;0;0;0;0;0;0;0;0;0;0;0;1;1;1;1;1;1;1;1;1;1;1;1;1;1;1;1;1;1;1;0;0;0;0;0;0;0;0;0;0.0004;0.088;0;-0.0884;0;0;0;0;0;0;0;0;0;0;0;0;0;0;0;0;0;0;0;-23.6;0;0;0;0;0.0004;0;0;0;0;0;0;0;-0.0004;-0.0884;0;0;0;0;0;0;0;0;0;-0.7063;0;0.7063;1;1;0;0;0;0
21/02/21 22:00;0;0;90;0;0;90;0;0;0;0;24.8;2.68;0;0;0;0;0;0;0;0;0;0;0;0;0;1;1;1;1;0;0;0;0;0;0;0;0;0;0;0;0;0;0;0;0;0;0;0;0;0;0;0;0;0;0;0;0;0;0;0;0;0;0;0;1;1;1;1;1;1;1;1;1;1;1;1;1;1;1;1;1;1;1;0;0;0;0;0;0;0;0;0;0.0004;0.088;0;-0.0884;0;0;0;0;0;0;0;0;0;0;0;0;0;0;0;0;0;0;0;-24.8;0;0;0;0;0.0004;0;0;0;0;0;0;0;-0.0004;-0.0884;0;0;0;0;0;0;0;0;0;-0.7063;0;0.7063;1;1;0;0;0;0
21/02/21 23:00;0;0;90;0;0;90;0;0;0;0;24.1;2.28;0;0;0;0;0;0;0;0;0;0;0;0;0;1;1;1;1;0;0;0;0;0;0;0;0;0;0;0;0;0;0;0;0;0;0;0;0;0;0;0;0;0;0;0;0;0;0;0;0;0;0;0;1;1;1;1;1;1;1;1;1;1;1;1;1;1;1;1;1;1;1;0;0;0;0;0;0;0;0;0;0.0004;0.088;0;-0.0884;0;0;0;0;0;0;0;0;0;0;0;0;0;0;0;0;0;0;0;-24.1;0;0;0;0;0.0004;0;0;0;0;0;0;0;-0.0004;-0.0884;0;0;0;0;0;0;0;0;0;-0.7063;0;0.7063;1;1;0;0;0;0
22/02/21 00:00;0;0;90;0;0;90;0;0;0;0;23.11;2.0701;0;0;0;0;0;0;0;0;0;0;0;0;0;1;1;1;1;0;0;0;0;0;0;0;0;0;0;0;0;0;0;0;0;0;0;0;0;0;0;0;0;0;0;0;0;0;0;0;0;0;0;0;1;1;1;1;1;1;1;1;1;1;1;1;1;1;1;1;1;1;1;0;0;0;0;0;0;0;0;0;0.0004;0.088;0;-0.0884;0;0;0;0;0;0;0;0;0;0;0;0;0;0;0;0;0;0;0;-23.11;0;0;0;0;0.0004;0;0;0;0;0;0;0;-0.0004;-0.0884;0;0;0;0;0;0;0;0;0;-0.7063;0;0.7063;1;1;0;0;0;0
22/02/21 01:00;0;0;90;0;0;90;0;0;0;0;21.3;2.0099;0;0;0;0;0;0;0;0;0;0;0;0;0;1;1;1;1;0;0;0;0;0;0;0;0;0;0;0;0;0;0;0;0;0;0;0;0;0;0;0;0;0;0;0;0;0;0;0;0;0;0;0;1;1;1;1;1;1;1;1;1;1;1;1;1;1;1;1;1;1;1;0;0;0;0;0;0;0;0;0;0.0004;0.088;0;-0.0884;0;0;0;0;0;0;0;0;0;0;0;0;0;0;0;0;0;0;0;-21.3;0;0;0;0;0.0004;0;0;0;0;0;0;0;-0.0004;-0.0884;0;0;0;0;0;0;0;0;0;-0.7063;0;0.7063;1;1;0;0;0;0
22/02/21 02:00;0;0;90;0;0;90;0;0;0;0;19.28;1.9901;0;0;0;0;0;0;0;0;0;0;0;0;0;1;1;1;1;0;0;0;0;0;0;0;0;0;0;0;0;0;0;0;0;0;0;0;0;0;0;0;0;0;0;0;0;0;0;0;0;0;0;0;1;1;1;1;1;1;1;1;1;1;1;1;1;1;1;1;1;1;1;0;0;0;0;0;0;0;0;0;0.0004;0.088;0;-0.0884;0;0;0;0;0;0;0;0;0;0;0;0;0;0;0;0;0;0;0;-19.28;0;0;0;0;0.0004;0;0;0;0;0;0;0;-0.0004;-0.0884;0;0;0;0;0;0;0;0;0;-0.7063;0;0.7063;1;1;0;0;0;0
22/02/21 03:00;0;0;90;0;0;90;0;0;0;0;18.3;1.9801;0;0;0;0;0;0;0;0;0;0;0;0;0;1;1;1;1;0;0;0;0;0;0;0;0;0;0;0;0;0;0;0;0;0;0;0;0;0;0;0;0;0;0;0;0;0;0;0;0;0;0;0;1;1;1;1;1;1;1;1;1;1;1;1;1;1;1;1;1;1;1;0;0;0;0;0;0;0;0;0;0.0004;0.088;0;-0.0884;0;0;0;0;0;0;0;0;0;0;0;0;0;0;0;0;0;0;0;-18.3;0;0;0;0;0.0004;0;0;0;0;0;0;0;-0.0004;-0.0884;0;0;0;0;0;0;0;0;0;-0.7063;0;0.7063;1;1;0;0;0;0
22/02/21 04:00;0;0;90;0;0;90;0;0;0;0;17.87;1.95;0;0;0;0;0;0;0;0;0;0;0;0;0;1;1;1;1;0;0;0;0;0;0;0;0;0;0;0;0;0;0;0;0;0;0;0;0;0;0;0;0;0;0;0;0;0;0;0;0;0;0;0;1;1;1;1;1;1;1;1;1;1;1;1;1;1;1;1;1;1;1;0;0;0;0;0;0;0;0;0;0.0004;0.088;0;-0.0884;0;0;0;0;0;0;0;0;0;0;0;0;0;0;0;0;0;0;0;-17.87;0;0;0;0;0.0004;0;0;0;0;0;0;0;-0.0004;-0.0884;0;0;0;0;0;0;0;0;0;-0.7063;0;0.7063;1;1;0;0;0;0
22/02/21 05:00;1.7858;-100.99;85.666;1.8191;2.5964;-90;-2.5964;0;0;0;17.37;2.7701;0;0;0;0;0;0;0;0;0;0;0;0;0;1;1;1;1;0;0;0;0;0;0;0;0;0;0;0;0;0;0;0;0;0;0;0;0;0;0;0;0;0;0;0;0;0;0;0;0;0;0;0;1;1;1;1;1;1;1;1;1;1;1;1;1;1;1;1;1;1;1;0;0;0;0;0;0;0;0;0;0.0004;0.088;0;-0.0884;0;0;0;0;0;0;0;0;0;0;0;0;0;0;0;0;0;0;0;-17.37;0;0;0;0;0.0004;0;0;0;0;0;0;0;-0.0004;-0.0884;0;0;0;0;0;0;0;0;0;-0.7063;0;0.7063;1;1;0;0;0;0
22/02/21 06:00;9.4711;-95.629;66.479;9.5161;14.122;-90;-14.122;123.2;24.399;98.805;18.82;3.46;0;239.63;13.684;25.478;0;0.3723;279.17;0;279.17;239.63;25.478;13.684;0.3723;0.8584;0.0504;0;0.0013;278.68;0.4874;0;0;0.1769;0.3105;258.21;19.91;17.518;1.8625;0.5156;0.0139;278.12;0.5574;0.4793;0.051;0.027;0.0001;258.22;221.63;23.565;12.965;0.0479;8.8376;7.0701;2.8111;0.0144;0.0982;1.4129;0.009;1.4968;0;1;0;0;2.2659;0.9983;1;1;0.9871;0.1662;0.9284;0.9267;1;0.9618;0.7756;0.998;0.998;1;0.998;0.998;0.9249;0.9474;0.1287;0.8383;0.7807;0.0047;0.0161;0.0122;0.0052;0.0186;0.0003;0;0;0.088;0;0.607;0;0;0;0;0;0;0;0;0;0;0;0;0.0149;0.0017;0.707;0.707;0;29.355;29.355;10.535;0.0408;668.93;1057;1;0.012;0.012;0;0;0;0;0;0;0.695;0.607;0;16.066;18.604;13.794;15.973;98.301;98.301;6.7;5.6506;4.8513;1.0494;0.7993;0.1566;0.1193;0.7241;8.302;0.7213;0
22/02/21 07:00;21.724;-87.045;26.146;21.75;42.239;-90;-42.239;350.39;60.3;290.09;19.66;4.56;0;703.56;22.984;82.186;0;9.0979;817.82;0;817.82;703.56;82.186;22.984;9.0979;0.8603;0.0392;0;0.0111;807.69;10.131;0;0;1.7375;8.3933;804.63;1.4491;0.6341;0.0741;0.6876;0.0533;806.08;1.6154;1.4071;0.1644;0.0425;0.0014;804.88;701.51;81.948;20.516;0.6499;18.276;14.62;6.4366;1.1309;0.2342;3.3686;0.2523;2.4719;0;1;0;0;2.334;0.9876;1;1;0.9244;0.0774;0.9982;0.9991;1;0.9676;0.9242;0.998;0.998;1;0.998;0.998;0.9839;0.8926;0.0714;2.4559;2.4313;0.0146;-0.002;0.2391;0.0153;0.0541;0.0006;0;0;0.088;0;1.9316;0;0;0;0;0;0;0;0;0;0;0;0;0.0436;0.0131;2.053;2.053;0;52.958;52.958;33.298;0.0414;2096.8;979.1;1;0.0334;0.0334;0;0;0;0;0;0;2.0196;1.9316;0;15.924;18.44;14.983;17.35;98.373;98.373;19.628;16.407;15.437;3.2205;0.9702;0.1641;0.0494;0.7865;16.688;0.7841;0
22/02/21 08:00;33.87;-77.508;10.346;34.508;55.492;-90;-55.492;557.91;95.203;462.71;20.44;5.4001;0;816.75;30.176;100.04;0;24.184;971.15;0;971.15;816.75;100.04;30.176;24.184;0.841;0.056;0;0.0249;945.1;26.052;0;0;3.3914;22.661;941.9;1.3083;0.2913;0.0357;0.9138;0.0675;943.21;1.8902;1.6335;0.2001;0.0536;0.003;946.56;814.83;99.807;25.818;1.4531;168.18;134.55;53.143;3.8285;2.1233;30.543;4.6528;28.838;0;1;0;0;1.7407;0.9732;1;1;0.8876;0.063;0.9986;0.9996;1;0.9658;0.9556;0.998;0.998;1;0.998;0.998;0.9699;0.8556;0.0601;2.9164;2.9153;0.0176;-0.0008;0.3549;0.0178;0.0631;0.0053;0;0;0.088;0;2.2593;0;0;0;0;0;0;0;0;0;0;0;0;0.0509;0.0185;2.3881;2.3881;0;59.634;59.634;39.194;0.0416;2510.5;951.23;1;0.0407;0.0407;0;0;0;0;0;0;2.3473;2.2593;0;15.599;18.063;14.758;17.089;98.294;98.294;23.308;19.085;18.056;4.2223;1.0289;0.1812;0.0441;0.7747;24.961;0.7569;0
22/02/21 09:00;45.506;-65.614;16.82;48.176;41.824;-90;-41.824;762.49;125.9;636.59;22.07;6.11;0;854.26;39.56;108.11;0;19.428;1021.4;0;1021.4;854.26;108.11;39.56;19.428;0.8364;0.0578;0;0.019;1000.5;20.854;0;0;2.9477;17.906;996.64;1.8614;0.4953;0.0627;1.1843;0.1191;998.5;2.001;1.7085;0.2162;0.0732;0.003;1001.7;852.05;107.83;35.355;1.3998;350.92;280.74;114.85;1.8827;3.7761;54.317;5.0958;56.21;0;1;0;0;1.3395;0.9796;1;1;0.9255;0.0783;0.9981;0.9994;1;0.9676;0.9216;0.998;0.998;1;0.998;0.998;0.9758;0.8937;0.072;3.0671;3.1316;0.0189;0.0014;0.426;0.0188;0.0667;0.0093;0;0;0.088;0;2.3844;0;0;0;0;0;0;0;0;0;0;0;0;0.0537;0.0212;2.5158;2.5158;0;63.684;63.684;41.613;0.0418;2692.8;934.27;1;0.0434;0.0434;0;0;0;0;0;0;2.4724;2.3844;0;15.625;18.094;14.809;17.149;98.275;98.275;24.513;20.106;19.056;4.4065;1.0502;0.1798;0.0428;0.7774;28.621;0.7476;0
22/02/21 10:00;55.847;-48.81;21.699;62.955;27.045;-90;-27.045;909.3;150;759.3;23.22;6.6801;0;852.52;48.509;110.8;0;9.9433;1021.8;0;1021.8;852.52;110.8;48.509;9.9433;0.8344;0.0572;0;0.0097;1011.4;10.42;0;0;1.8272;8.5931;1006.8;2.5159;0.6377;0.0829;1.5349;0.2604;1009.3;2.0227;1.705;0.2216;0.0934;0.0027;1009.4;850.18;110.5;45.053;1.0872;494.08;395.27;160.37;0.5143;5.2641;75.722;2.6296;80.471;0;1;0;0;1.1237;0.9898;1;1;0.9623;0.1358;0.9975;0.9993;1;0.9671;0.8068;0.998;0.998;1;0.998;0.998;0.9854;0.9288;0.1093;3.0684;3.2;0.0193;0.0023;0.4539;0.0191;0.0676;0.0129;0;0;0.088;0;2.4164;0;0;0;0;0;0;0;0;0;0;0;0;0.0545;0.022;2.5484;2.5484;0;65.316;65.316;42.096;0.0418;2751;926.35;1;0.044;0.044;0;0;0;0;0;0;2.5044;2.4164;0;15.822;18.321;15.002;17.372;98.274;98.274;24.523;20.367;19.312;4.1557;1.0547;0.1695;0.043;0.7875;31.354;0.7461;0
22/02/21 11:00;63.148;-23.187;24.532;78.726;11.274;-90;-11.274;990.99;163.5;827.49;24.65;7.0199;0;843.77;54.235;110.87;0;1.9121;1010.8;0;1010.8;843.77;110.87;54.235;1.9121;0.8348;0.0555;0;0.0019;1008.7;2.0737;0;0;0.4799;1.5938;1003.7;3.0289;0.7136;0.0938;2.1501;0.0714;1006.7;2.0174;1.6875;0.2217;0.1075;0.0006;1004.1;841.37;110.56;51.497;0.2463;577.15;461.72;183.77;0.0253;6.3433;91.246;0.3915;97.564;0;1;0;0;1.02;0.9979;1;1;0.9912;0.1665;0.997;0.9992;1;0.9599;0.7752;0.998;0.998;1;0.998;0.998;0.993;0.9495;0.1288;3.0354;3.2165;0.0194;0.0026;0.4718;0.0191;0.0676;0.0154;0;0;0.088;0;2.4123;0;0;0;0;0;0;0;0;0;0;0;0;0.0544;0.0222;2.544;2.544;0;66.661;66.661;42.011;0.0419;2764.6;920.22;1;0.0437;0.0437;0;0;0;0;0;0;2.5003;2.4123;0;15.966;18.488;15.139;17.531;98.282;98.282;24.259;20.332;19.279;3.9274;1.0526;0.1619;0.0434;0.7947;32.618;0.7444;0
22/02/21 12:00;64.532;10.573;25.005;85.005;4.9947;90;4.9947;999.19;164.5;834.69;26.74;7.12;0;837.87;55.345;109.47;0;0.3794;1003.1;0;1003.1;837.87;109.47;55.345;0.3794;0.8353;0.0556;0;0.0004;1002.6;0.4477;0;0;0.1304;0.3174;997.38;3.2347;0.7222;0.0944;2.4043;0.0138;1000.6;2.0052;1.6757;0.2189;0.1104;0.0001;997.41;835.48;109.16;52.7;0.0481;587.92;470.33;188.42;0.0006;6.3803;91.779;0.0358;98.159;0;1;0;0;1.0039;0.9996;1;1;0.9976;0.1635;0.9968;0.9991;1;0.9564;0.7764;0.998;0.998;1;0.998;0.998;0.9943;0.9522;0.1267;3.0122;3.1976;0.0192;0.0023;0.491;0.0188;0.0667;0.0154;0;0;0.088;0;2.3778;0;0;0;0;0;0;0;0;0;0;0;0;0.0537;0.022;2.5085;2.5085;0;68.553;68.553;41.813;0.0419;2748.9;912.53;1;0.0427;0.0427;0;0;0;0;0;0;2.4658;2.3778;0;15.864;18.37;15.038;17.414;98.3;98.3;24.074;20.048;19.004;4.0258;1.0442;0.1672;0.0434;0.7894;32.868;0.7388;0
22/02/21 13:00;59.179;40.137;23.06;68.964;21.036;90;21.036;945.49;158.2;787.29;28.04;7.2;0;843.51;52.401;111.42;0;6.3014;1013.6;0;1013.6;843.51;111.42;52.401;6.3014;0.8322;0.0579;0;0.0062;1007;6.6384;0;0;1.3216;5.3168;1002.3;2.7182;0.6705;0.0886;1.7444;0.2147;1005;2.014;1.687;0.2228;0.1022;0.002;1003.8;841.15;111.11;49.233;0.7679;532.2;425.76;171.63;0.2267;5.7212;82.298;1.5634;87.793;0;1;0;0;1.0721;0.9935;1;1;0.9748;0.1562;0.9973;0.9992;1;0.9658;0.7815;0.998;0.998;1;0.998;0.998;0.9888;0.9395;0.1219;3.0439;3.1969;0.0192;0.0023;0.509;0.0187;0.0662;0.0137;0;0;0.088;0;2.3623;0;0;0;0;0;0;0;0;0;0;0;0;0.0533;0.022;2.4925;2.4925;0;70.113;70.113;42.073;0.042;2749.7;906.44;1;0.0421;0.0421;0;0;0;0;0;0;2.4503;2.3623;0;15.599;18.063;14.784;17.12;98.31;98.31;24.327;19.92;18.88;4.4074;1.0399;0.1812;0.0427;0.7761;32.725;0.7316;0
22/02/21 14:00;49.73;59.885;18.924;53.766;36.234;90;36.234;820.71;152.2;668.5;28.86;7.38;0;828.78;51.113;118.54;0;15.872;1014.3;0;1014.3;828.78;118.54;51.113;15.872;0.8171;0.066;0;0.0156;996.88;17.432;0;0;3.0657;14.367;992.53;2.361;0.5407;0.0773;1.5473;0.1957;994.89;1.9938;1.6576;0.2371;0.0961;0.003;996.95;826.59;118.23;46.404;1.3064;410.72;328.58;135.45;1.4871;4.3057;61.936;4.4254;64.754;0;1;0;0;1.2359;0.9828;1;1;0.94;0.0948;0.9976;0.9993;1;0.9677;0.8697;0.998;0.998;1;0.998;0.998;0.9785;0.9079;0.0823;3.046;3.1333;0.0189;0.0014;0.5041;0.0183;0.0648;0.0103;0;0;0.088;0;2.3133;0;0;0;0;0;0;0;0;0;0;0;0;0.0522;0.0212;2.4422;2.4422;0;70.539;70.539;41.678;0.042;2696.8;905.61;1;0.0409;0.0409;0;0;0;0;0;0;2.4013;2.3133;0;15.274;17.687;14.468;16.754;98.325;98.325;24.344;19.518;18.488;4.8251;1.0302;0.1982;0.0423;0.7595;35.29;0.7263;0
22/02/21 15:00;38.467;73.288;13.012;39.677;50.323;90;50.323;646.3;150.6;495.7;28.79;7.45;0;776.41;52.88;134.78;0;23.367;987.44;0;987.44;776.41;134.78;52.88;23.367;0.7863;0.0772;0;0.0237;960.38;27.056;0;0;5.168;21.888;956.41;2.0523;0.3483;0.0605;1.5815;0.0621;958.46;1.9208;1.5528;0.2696;0.0954;0.003;961.8;774.51;134.45;46.036;1.4134;249.31;199.45;79.152;4.7617;3.0639;44.073;5.3884;42.375;0;1;0;0;1.5278;0.9726;1;1;0.9023;0.0633;0.9979;0.9996;1;0.9668;0.9579;0.998;0.998;1;0.998;0.998;0.9686;0.8706;0.0605;2.9653;2.9897;0.018;-0.0002;0.4638;0.0176;0.0623;0.0074;0;0;0.088;0;2.2245;0;0;0;0;0;0;0;0;0;0;0;0;0.0501;0.0194;2.3514;2.3514;0;68.895;68.895;40.106;0.0419;2573.6;913.68;1;0.0389;0.0389;0;0;0;0;0;0;2.3125;2.2245;0;15.106;17.493;14.291;16.549;98.344;98.344;23.698;18.793;17.778;4.9058;1.0146;0.207;0.0428;0.7502;41.42;0.7259;0
22/02/21 16:00;26.458;83.525;6.7128;26.604;60;90;60;438.1;148.3;289.8;28.44;7.03;0;646;59.349;154.18;0;21.905;881.43;0;881.43;646;154.18;59.349;21.905;0.7329;0.0922;0;0.0249;853.4;28.032;0;0;7.4846;20.547;849.58;2.1079;0.1495;0.0357;1.8304;0.0923;851.69;1.7068;1.292;0.3084;0.1037;0.0027;852.52;644.56;153.83;49.93;1.2631;82.326;65.861;29.62;9.9275;1.3284;19.109;2.9353;10.51;0;1;0;0;2.0119;0.9682;1;1;0.8739;0.062;0.9975;0.9998;1;0.9646;0.9319;0.998;0.998;1;0.998;0.998;0.9639;0.8413;0.0577;2.6469;2.608;0.0157;-0.0021;0.3589;0.0156;0.0555;0.0033;0;0;0.088;0;1.98;0;0;0;0;0;0;0;0;0;0;0;0;0.0447;0.015;2.1014;2.1014;0;63.919;63.919;35.479;0.0418;2248.4;934.62;1;0.0334;0.0334;0;0;0;0;0;0;2.068;1.98;0;15.124;17.513;14.25;16.501;98.409;98.409;21.154;16.795;15.824;4.3598;0.9704;0.2061;0.0459;0.748;51.667;0.7361;0
22/02/21 17:00;14.21;92.354;53.464;14.221;22.349;90;22.349;207.5;130;77.498;27.04;5.1899;0;187.95;96.793;71.373;0;1.5586;357.68;0;357.68;187.95;71.373;96.793;1.5586;0.5255;0.275;0;0.0044;353.67;4.0123;0;0;2.6901;1.3222;345.16;7.7994;3.3102;1.257;3.1816;0.0506;352.96;0.7073;0.3759;0.1427;0.1882;0.0005;345.36;184.27;69.973;90.733;0.1854;61.389;49.111;19.32;0.5187;0.723;10.4;0.2045;10.604;0;1;0;0;1.7238;0.9888;1;1;0.9722;0.1517;0.9779;0.9824;1;0.9661;0.7857;0.998;0.998;1;0.998;0.998;0.965;0.9374;0.1189;1.0741;1.0621;0.0064;0.0126;0.0618;0.0069;0.0244;0.0019;0;0;0.088;0;0.8232;0;0;0;0;0;0;0;0;0;0;0;0;0.0196;0.0029;0.9258;0.9258;0;41.235;41.235;14.195;0.0411;913.5;1013.4;1;0.0146;0.0146;0;0;0;0;0;0;0.9112;0.8232;0;16.419;19.013;14.599;16.906;98.424;98.424;8.5843;7.3987;6.5788;1.1856;0.8199;0.1381;0.0955;0.7664;60.865;0.7501;0
22/02/21 18:00;4.0466;99.397;80.146;4.1015;5.8878;90;5.8878;9.0055;9.0001;0.0054;24.83;4.96;0;0.013;8.9759;0.0012;0;0.0048;8.9948;0;8.9948;0.013;0.0012;8.9759;0.0048;0.0014;0.9984;0;0.0005;8.9634;0.0314;0;0;0.0274;0.004;8.555;0.3905;0.0042;0.0004;0.3857;0.0002;8.9455;0.0179;0;0;0.0179;0;8.5554;0.0087;0.0008;8.5448;0.0006;5.3371;4.2697;1.6239;0.0002;0.0636;0.9144;0.0004;0.9777;0;1;0;0;0.9988;0.9965;1;1;0.9969;0.1639;0.9563;0.6738;1;0.9568;0.776;0.998;0.998;1;0.998;0.998;0.9511;0.952;0.1269;0.027;0.0277;0.0002;0.0057;0;0.0002;0.0005;0.0001;0;0;0.088;0;-0.0699;0;0;0;0;0;0;0;0;0;0;0;0;0.0004;0;0.0205;0.0205;0;25.194;25.194;0.3637;0.0425;22.097;926.91;1;0.0023;0.0023;0;0;0;0;0;0;0.0181;-0.0699;0;14.445;16.727;-49.274;-57.059;88.532;88.532;0.2159;0.1637;-0.5584;0.0522;0.7221;0.2417;3.3448;0;5.3371;0;0
22/02/21 19:00;0;0;90;0;0;90;0;0;0;0;22.45;5.4999;0;0;0;0;0;0;0;0;0;0;0;0;0;1;1;1;1;0;0;0;0;0;0;0;0;0;0;0;0;0;0;0;0;0;0;0;0;0;0;0;0;0;0;0;0;0;0;0;0;0;0;0;1;1;1;1;1;1;1;1;1;1;1;1;1;1;1;1;1;1;1;0;0;0;0;0;0;0;0;0;0.0004;0.088;0;-0.0884;0;0;0;0;0;0;0;0;0;0;0;0;0;0;0;0;0;0;0;-22.45;0;0;0;0;0.0004;0;0;0;0;0;0;0;-0.0004;-0.0884;0;0;0;0;0;0;0;0;0;-0.7063;0;0.7063;1;1;0;0;0;0
22/02/21 20:00;0;0;90;0;0;90;0;0;0;0;20.98;5.6599;0;0;0;0;0;0;0;0;0;0;0;0;0;1;1;1;1;0;0;0;0;0;0;0;0;0;0;0;0;0;0;0;0;0;0;0;0;0;0;0;0;0;0;0;0;0;0;0;0;0;0;0;1;1;1;1;1;1;1;1;1;1;1;1;1;1;1;1;1;1;1;0;0;0;0;0;0;0;0;0;0.0004;0.088;0;-0.0884;0;0;0;0;0;0;0;0;0;0;0;0;0;0;0;0;0;0;0;-20.98;0;0;0;0;0.0004;0;0;0;0;0;0;0;-0.0004;-0.0884;0;0;0;0;0;0;0;0;0;-0.7063;0;0.7063;1;1;0;0;0;0
22/02/21 21:00;0;0;90;0;0;90;0;0;0;0;19.6;5.6;0;0;0;0;0;0;0;0;0;0;0;0;0;1;1;1;1;0;0;0;0;0;0;0;0;0;0;0;0;0;0;0;0;0;0;0;0;0;0;0;0;0;0;0;0;0;0;0;0;0;0;0;1;1;1;1;1;1;1;1;1;1;1;1;1;1;1;1;1;1;1;0;0;0;0;0;0;0;0;0;0.0004;0.088;0;-0.0884;0;0;0;0;0;0;0;0;0;0;0;0;0;0;0;0;0;0;0;-19.6;0;0;0;0;0.0004;0;0;0;0;0;0;0;-0.0004;-0.0884;0;0;0;0;0;0;0;0;0;-0.7063;0;0.7063;1;1;0;0;0;0
22/02/21 22:00;0;0;90;0;0;90;0;0;0;0;17.61;5.29;0;0;0;0;0;0;0;0;0;0;0;0;0;1;1;1;1;0;0;0;0;0;0;0;0;0;0;0;0;0;0;0;0;0;0;0;0;0;0;0;0;0;0;0;0;0;0;0;0;0;0;0;1;1;1;1;1;1;1;1;1;1;1;1;1;1;1;1;1;1;1;0;0;0;0;0;0;0;0;0;0.0004;0.088;0;-0.0884;0;0;0;0;0;0;0;0;0;0;0;0;0;0;0;0;0;0;0;-17.61;0;0;0;0;0.0004;0;0;0;0;0;0;0;-0.0004;-0.0884;0;0;0;0;0;0;0;0;0;-0.7063;0;0.7063;1;1;0;0;0;0
22/02/21 23:00;0;0;90;0;0;90;0;0;0;0;16.4;5.0199;0;0;0;0;0;0;0;0;0;0;0;0;0;1;1;1;1;0;0;0;0;0;0;0;0;0;0;0;0;0;0;0;0;0;0;0;0;0;0;0;0;0;0;0;0;0;0;0;0;0;0;0;1;1;1;1;1;1;1;1;1;1;1;1;1;1;1;1;1;1;1;0;0;0;0;0;0;0;0;0;0.0004;0.088;0;-0.0884;0;0;0;0;0;0;0;0;0;0;0;0;0;0;0;0;0;0;0;-16.4;0;0;0;0;0.0004;0;0;0;0;0;0;0;-0.0004;-0.0884;0;0;0;0;0;0;0;0;0;-0.7063;0;0.7063;1;1;0;0;0;0
23/02/21 00:00;0;0;90;0;0;90;0;0;0;0;15.47;4.74;0;0;0;0;0;0;0;0;0;0;0;0;0;1;1;1;1;0;0;0;0;0;0;0;0;0;0;0;0;0;0;0;0;0;0;0;0;0;0;0;0;0;0;0;0;0;0;0;0;0;0;0;1;1;1;1;1;1;1;1;1;1;1;1;1;1;1;1;1;1;1;0;0;0;0;0;0;0;0;0;0.0004;0.088;0;-0.0884;0;0;0;0;0;0;0;0;0;0;0;0;0;0;0;0;0;0;0;-15.47;0;0;0;0;0.0004;0;0;0;0;0;0;0;-0.0004;-0.0884;0;0;0;0;0;0;0;0;0;-0.7063;0;0.7063;1;1;0;0;0;0
23/02/21 01:00;0;0;90;0;0;90;0;0;0;0;13.88;4.1301;0;0;0;0;0;0;0;0;0;0;0;0;0;1;1;1;1;0;0;0;0;0;0;0;0;0;0;0;0;0;0;0;0;0;0;0;0;0;0;0;0;0;0;0;0;0;0;0;0;0;0;0;1;1;1;1;1;1;1;1;1;1;1;1;1;1;1;1;1;1;1;0;0;0;0;0;0;0;0;0;0.0004;0.088;0;-0.0884;0;0;0;0;0;0;0;0;0;0;0;0;0;0;0;0;0;0;0;-13.88;0;0;0;0;0.0004;0;0;0;0;0;0;0;-0.0004;-0.0884;0;0;0;0;0;0;0;0;0;-0.7063;0;0.7063;1;1;0;0;0;0
23/02/21 02:00;0;0;90;0;0;90;0;0;0;0;11.7;3.55;0;0;0;0;0;0;0;0;0;0;0;0;0;1;1;1;1;0;0;0;0;0;0;0;0;0;0;0;0;0;0;0;0;0;0;0;0;0;0;0;0;0;0;0;0;0;0;0;0;0;0;0;1;1;1;1;1;1;1;1;1;1;1;1;1;1;1;1;1;1;1;0;0;0;0;0;0;0;0;0;0.0004;0.088;0;-0.0884;0;0;0;0;0;0;0;0;0;0;0;0;0;0;0;0;0;0;0;-11.7;0;0;0;0;0.0004;0;0;0;0;0;0;0;-0.0004;-0.0884;0;0;0;0;0;0;0;0;0;-0.7063;0;0.7063;1;1;0;0;0;0
23/02/21 03:00;0;0;90;0;0;90;0;0;0;0;11.2;3.1199;0;0;0;0;0;0;0;0;0;0;0;0;0;1;1;1;1;0;0;0;0;0;0;0;0;0;0;0;0;0;0;0;0;0;0;0;0;0;0;0;0;0;0;0;0;0;0;0;0;0;0;0;1;1;1;1;1;1;1;1;1;1;1;1;1;1;1;1;1;1;1;0;0;0;0;0;0;0;0;0;0.0004;0.088;0;-0.0884;0;0;0;0;0;0;0;0;0;0;0;0;0;0;0;0;0;0;0;-11.2;0;0;0;0;0.0004;0;0;0;0;0;0;0;-0.0004;-0.0884;0;0;0;0;0;0;0;0;0;-0.7063;0;0.7063;1;1;0;0;0;0
23/02/21 04:00;0;0;90;0;0;90;0;0;0;0;10.98;3.0299;0;0;0;0;0;0;0;0;0;0;0;0;0;1;1;1;1;0;0;0;0;0;0;0;0;0;0;0;0;0;0;0;0;0;0;0;0;0;0;0;0;0;0;0;0;0;0;0;0;0;0;0;1;1;1;1;1;1;1;1;1;1;1;1;1;1;1;1;1;1;1;0;0;0;0;0;0;0;0;0;0.0004;0.088;0;-0.0884;0;0;0;0;0;0;0;0;0;0;0;0;0;0;0;0;0;0;0;-10.98;0;0;0;0;0.0004;0;0;0;0;0;0;0;-0.0004;-0.0884;0;0;0;0;0;0;0;0;0;-0.7063;0;0.7063;1;1;0;0;0;0
23/02/21 05:00;1.5976;-100.68;86.123;1.6257;2.3197;-90;-2.3197;0;0;0;10.6;3.85;0;0;0;0;0;0;0;0;0;0;0;0;0;1;1;1;1;0;0;0;0;0;0;0;0;0;0;0;0;0;0;0;0;0;0;0;0;0;0;0;0;0;0;0;0;0;0;0;0;0;0;0;1;1;1;1;1;1;1;1;1;1;1;1;1;1;1;1;1;1;1;0;0;0;0;0;0;0;0;0;0.0004;0.088;0;-0.0884;0;0;0;0;0;0;0;0;0;0;0;0;0;0;0;0;0;0;0;-10.6;0;0;0;0;0.0004;0;0;0;0;0;0;0;-0.0004;-0.0884;0;0;0;0;0;0;0;0;0;-0.7063;0;0.7063;1;1;0;0;0;0
23/02/21 06:00;9.289;-95.305;66.954;9.3283;13.82;-90;-13.82;132.89;21.898;111;11.99;3.38;0;269.2;10.935;26.198;0;0.3847;306.71;0;306.71;269.2;26.198;10.935;0.3847;0.8777;0.0369;0;0.0013;306.26;0.4571;0;0;0.1363;0.3207;282.45;23.19;20.743;2.0186;0.4143;0.0143;305.64;0.6125;0.5384;0.0524;0.0216;0.0001;282.46;247.92;24.127;10.363;0.0495;7.2245;5.7796;2.3256;0.0106;0.0784;1.1282;0.0068;1.196;0;1;0;0;2.308;0.9985;1;1;0.9875;0.1663;0.9241;0.9228;1;0.9616;0.7755;0.998;0.998;1;0.998;0.998;0.9209;0.9477;0.1287;0.9211;0.8531;0.0051;0.0153;-0.0047;0.0059;0.0208;0.0002;0;0;0.088;0;0.6903;0;0;0;0;0;0;0;0;0;0;0;0;0.0167;0.0019;0.7918;0.7918;0;23.449;23.449;11.459;0.0406;730.83;1083.5;1;0.0135;0.0135;0;0;0;0;0;0;0.7783;0.6903;0;16.377;18.964;14.277;16.533;98.293;98.293;7.3611;6.3283;5.517;1.0329;0.8113;0.1403;0.1102;0.7495;6.6277;0.7474;0
23/02/21 07:00;21.543;-86.699;27.055;21.576;41.531;-90;-41.531;367.7;60.699;307;14.3;2.67;0;744.56;21.241;88.29;0;9.2441;863.34;0;863.34;744.56;88.29;21.241;9.2441;0.8624;0.0353;0;0.0107;853.26;10.081;0;0;1.5665;8.5141;850.08;1.4715;0.6944;0.0823;0.6362;0.0585;851.55;1.7065;1.4891;0.1766;0.0393;0.0015;850.3;742.38;88.031;18.999;0.6701;17.011;13.609;6.0067;0.9866;0.2127;3.0593;0.2228;2.2855;0;1;0;0;2.3479;0.9883;1;1;0.9263;0.079;0.9983;0.9991;1;0.9676;0.9197;0.998;0.998;1;0.998;0.998;0.9846;0.8944;0.0725;2.5926;2.5675;0.0155;-0.0022;0.2192;0.0163;0.058;0.0006;0;0;0.088;0;2.0738;0;0;0;0;0;0;0;0;0;0;0;0;0.0467;0.0146;2.1989;2.1989;0;49.373;49.373;35.073;0.0413;2213.2;993.53;1;0.0371;0.0371;0;0;0;0;0;0;2.1618;2.0738;0;16.157;18.709;15.238;17.645;98.315;98.315;20.72;17.573;16.574;3.1469;0.9995;0.1519;0.0482;0.7999;15.329;0.7978;0
23/02/21 08:00;33.679;-77.13;10.682;34.355;55.645;-90;-55.645;603.99;99.699;504.29;16.7;2.58;0;893.63;27.109;115.25;0;26.315;1062.3;0;1062.3;893.63;115.25;27.109;26.315;0.8412;0.0503;0;0.0248;1034.6;27.716;0;0;3.0589;24.657;1031.3;1.2671;0.3291;0.0424;0.8213;0.0743;1032.5;2.0692;1.7873;0.2305;0.0481;0.0033;1036.2;891.52;114.98;23.181;1.5801;177.85;142.28;55.754;3.4741;2.2367;32.174;4.9889;30.937;0;1;0;0;1.7588;0.9739;1;1;0.8872;0.063;0.9988;0.9996;1;0.9658;0.9551;0.998;0.998;1;0.998;0.998;0.9708;0.8551;0.06;3.1901;3.1889;0.0192;0.0022;0.3869;0.0195;0.069;0.0056;0;0;0.088;0;2.4749;0;0;0;0;0;0;0;0;0;0;0;0;0.0556;0.0219;2.609;2.609;0;59.616;59.616;42.916;0.0416;2743.3;951.05;1;0.0461;0.0461;0;0;0;0;0;0;2.5629;2.4749;0;15.58;18.041;14.779;17.114;98.233;98.233;25.495;20.851;19.779;4.6442;1.0718;0.1822;0.042;0.7758;22.461;0.7586;0
23/02/21 09:00;45.288;-65.192;17.169;48.056;41.944;-90;-41.944;677.69;152.1;525.6;18.92;2.9499;0;706.64;62.254;108.49;0;17.363;894.75;0;894.75;706.64;108.49;62.254;17.363;0.7898;0.089;0;0.0194;874.09;20.666;0;0;4.6583;16.007;869.89;2.4508;0.4182;0.0642;1.8634;0.105;872.34;1.7482;1.4133;0.217;0.1152;0.0027;874.53;704.81;108.21;55.617;1.2479;316.93;253.54;103.94;2.9888;3.4796;50.053;4.6394;50.544;0;1;0;0;1.3203;0.9769;1;1;0.9252;0.0781;0.9972;0.9994;1;0.9676;0.9224;0.998;0.998;1;0.998;0.998;0.9722;0.8934;0.0719;2.6869;2.7395;0.0165;-0.0018;0.2883;0.0171;0.0605;0.0089;0;0;0.088;0;2.1583;0;0;0;0;0;0;0;0;0;0;0;0;0.0487;0.0164;2.285;2.285;0;54.978;54.978;36.058;0.0415;2358.2;968.95;1;0.0386;0.0386;0;0;0;0;0;0;2.2463;2.1583;0;16.2;18.759;15.302;17.72;98.309;98.309;21.474;18.261;17.249;3.2126;1.0121;0.1496;0.0471;0.8033;45.086;0.771;0
23/02/21 10:00;55.578;-48.362;22.06;62.881;27.119;-90;-27.119;933.4;154;779.4;21.23;3.2601;0;875.68;46.892;117.27;0;10.262;1050.1;0;1050.1;875.68;117.27;46.892;10.262;0.8339;0.0544;0;0.0098;1039.5;10.646;0;0;1.7741;8.8715;1034.9;2.5057;0.6659;0.0892;1.483;0.2676;1037.4;2.0789;1.7514;0.2345;0.0902;0.0028;1037.6;873.26;116.95;43.545;1.12;506.7;405.36;164.5;0.5021;5.3947;77.601;2.7148;82.494;0;1;0;0;1.125;0.9899;1;1;0.9622;0.1355;0.9976;0.9992;1;0.9671;0.8072;0.998;0.998;1;0.998;0.998;0.9855;0.9286;0.1091;3.1535;3.2887;0.0198;0.0037;0.456;0.0197;0.0697;0.0133;0;0;0.088;0;2.4932;0;0;0;0;0;0;0;0;0;0;0;0;0.0562;0.0232;2.6271;2.6271;0;64.47;64.47;43.24;0.0418;2827.2;929.23;1;0.0459;0.0459;0;0;0;0;0;0;2.5812;2.4932;0;15.87;18.378;15.061;17.441;98.251;98.251;25.202;20.996;19.926;4.2065;1.0705;0.1669;0.0425;0.7906;30.323;0.7492;0
23/02/21 11:00;62.81;-22.862;24.9;78.713;11.287;-90;-11.287;1090.7;180;910.69;22.53;3.4399;0;928.65;47.338;134.81;0;2.1095;1112.9;0;1112.9;928.65;134.81;47.338;2.1095;0.8344;0.0444;0;0.0019;1110.7;2.178;0;0;0.4197;1.7583;1105.6;2.8679;0.7971;0.1157;1.8763;0.0788;1108.5;2.2215;1.8573;0.2696;0.0938;0.0007;1106.1;926;134.42;44.948;0.2717;635.03;508.02;202.3;0.0223;6.9725;100.3;0.4325;107.25;0;1;0;0;1.0204;0.998;1;1;0.9911;0.1665;0.9974;0.9991;1;0.9599;0.7752;0.998;0.998;1;0.998;0.998;0.9935;0.9495;0.1288;3.3421;3.5428;0.0213;0.0088;0.5468;0.0208;0.0736;0.0168;0;0;0.088;0;2.632;0;0;0;0;0;0;0;0;0;0;0;0;0.0593;0.0268;2.7687;2.7687;0;68.904;68.904;46.374;0.0419;3045.5;909.12;1;0.0487;0.0487;0;0;0;0;0;0;2.72;2.632;0;15.782;18.275;15.002;17.372;98.24;98.24;26.71;22.127;21.035;4.5824;1.0928;0.1716;0.0409;0.7875;28.471;0.7377;0
23/02/21 12:00;64.165;10.513;25.37;84.952;5.0485;90;5.0485;916.6;188.2;728.41;23.54;3.4901;0;731.24;78.786;109.68;0;0.3556;920.07;0;920.07;731.24;109.68;78.786;0.3556;0.7948;0.086;0;0.0004;919.58;0.4862;0;0;0.1887;0.2974;913.57;4.1688;0.6395;0.0959;3.4204;0.013;917.74;1.8392;1.4625;0.2194;0.1572;0.0001;913.61;729.14;109.37;75.02;0.0451;539.42;431.54;172.59;0.0008;5.8727;84.477;0.0337;90.349;0;1;0;0;1.0038;0.9995;1;1;0.9976;0.1635;0.9955;0.9991;1;0.9564;0.7763;0.998;0.998;1;0.998;0.998;0.9929;0.9522;0.1267;2.763;2.9298;0.0176;-0.0007;0.3775;0.0177;0.0629;0.0146;0;0;0.088;0;2.2427;0;0;0;0;0;0;0;0;0;0;0;0;0.0507;0.0186;2.3708;2.3708;0;61.618;61.618;38.078;0.0417;2517.7;941.63;1;0.0401;0.0401;0;0;0;0;0;0;2.3307;2.2427;0;16.346;18.928;15.463;17.905;98.309;98.309;22.082;18.947;17.923;3.1345;1.0237;0.142;0.0464;0.8117;46.792;0.7595;0
23/02/21 13:00;58.852;39.806;23.413;68.848;21.152;90;21.152;618.9;394.6;224.29;24.5;3.55;0;240.5;309.62;79.545;0;4.1697;633.83;0;633.83;240.5;79.545;309.62;4.1697;0.3794;0.4951;0;0.0066;622.44;11.398;0;0;7.8776;3.5199;610.5;10.695;0.1941;0.0642;10.295;0.1415;621.19;1.2449;0.481;0.1591;0.6035;0.0013;611.56;239.82;79.322;290.84;0.5071;360.64;288.51;114.4;1.3581;4.0787;58.67;1.0651;61.391;0;1;0;0;1.0241;0.982;1;1;0.9746;0.1558;0.9828;0.9992;1;0.9658;0.7819;0.998;0.998;1;0.998;0.998;0.9632;0.9394;0.1216;1.9034;1.9656;0.0118;0.0008;0.1714;0.0125;0.0442;0.0106;0;0;0.088;0;1.5556;0;0;0;0;0;0;0;0;0;0;0;0;0.0356;0.0087;1.67;1.67;0;49.712;49.712;25.212;0.0413;1687.4;989.68;1;0.0263;0.0263;0;0;0;0;0;0;1.6436;1.5556;0;16.714;19.354;15.569;18.029;98.424;98.424;15.212;13.346;12.433;1.8656;0.9136;0.1226;0.0601;0.8173;193.47;0.7643;0
23/02/21 14:00;49.453;59.511;19.259;53.602;36.398;90;36.398;891.7;147.1;744.59;25.37;3.64;0;925.06;39.436;128.47;0;17.396;1110.4;0;1110.4;925.06;128.47;39.436;17.396;0.8331;0.0512;0;0.0157;1092.2;18.14;0;0;2.3821;15.758;1087.9;2.1032;0.6141;0.0853;1.1932;0.2105;1090;2.1844;1.8501;0.2569;0.0741;0.0033;1092.8;922.6;128.12;35.786;1.4243;443;354.4;146.09;1.1665;4.6158;66.397;4.8297;69.846;0;1;0;0;1.2452;0.9837;1;1;0.9396;0.0942;0.9981;0.9993;1;0.9677;0.8712;0.998;0.998;1;0.998;0.998;0.9798;0.9075;0.0819;3.3344;3.4313;0.0207;0.0064;0.5572;0.0199;0.0707;0.011;0;0;0.088;0;2.5292;0;0;0;0;0;0;0;0;0;0;0;0;0.0569;0.0252;2.6633;2.6633;0;71.082;71.082;45.712;0.042;2953.1;901.87;1;0.046;0.046;0;0;0;0;0;0;2.6172;2.5292;0;15.216;17.619;14.45;16.733;98.272;98.272;26.649;21.285;20.214;5.3638;1.0712;0.2013;0.0402;0.7585;27.264;0.726;0
23/02/21 15:00;38.22;72.939;13.326;39.48;50.52;90;50.52;258.21;247.5;10.709;24.75;3.63;0;16.844;199.92;4.8337;0;9.4039;231;0;231;16.844;4.8337;199.92;9.4039;0.0729;0.9062;0;0.0407;202.54;28.459;0;0;19.649;8.8105;196.12;6.0152;0.0077;0.0022;5.9805;0.0247;202.13;0.4051;0.0337;0.0097;0.3605;0.0012;199.79;16.802;4.8218;173.93;0.5675;161.79;129.43;56.651;18.228;2.6287;37.812;3.673;22.213;0;1;0;0;0.8946;0.8768;1;1;0.9017;0.0631;0.9702;0.9995;1;0.9668;0.9582;0.998;0.998;1;0.998;0.998;0.849;0.87;0.0603;0.6937;0.6815;0.0041;0.0171;0.0191;0.0045;0.0159;0.0071;0;0;0.088;0;0.5012;0;0;0;0;0;0;0;0;0;0;0;0;0.0128;0.0013;0.5995;0.5995;0;32.792;32.792;8.0426;0.041;580.89;1032;1;0.0103;0.0103;0;0;0;0;0;0;0.5892;0.5012;0;16.463;19.064;13.765;15.94;98.29;98.29;5.5439;4.7912;4.0059;0.7528;0.7852;0.1358;0.1416;0.7226;156.9;0.6437;0
23/02/21 16:00;26.225;83.207;7.0794;26.386;60;90;60;422.49;158.7;263.79;24.94;3.4299;0;592.39;68.057;152.62;0;21.125;834.19;0;834.19;592.39;152.62;68.057;21.125;0.7101;0.1069;0;0.0253;805.79;28.398;0;0;8.5829;19.815;801.81;2.3699;0.1446;0.0372;2.099;0.089;804.18;1.6116;1.1848;0.3052;0.1189;0.0026;804.69;591.06;152.27;57.256;1.2181;85.322;68.258;31.351;11.383;1.4055;20.217;2.8729;10.24;0;1;0;0;1.9744;0.966;1;1;0.8739;0.062;0.9971;0.9998;1;0.9646;0.9319;0.998;0.998;1;0.998;0.998;0.9612;0.8413;0.0577;2.5051;2.4662;0.0148;-0.0021;0.2895;0.0151;0.0537;0.0035;0;0;0.088;0;1.9142;0;0;0;0;0;0;0;0;0;0;0;0;0.0433;0.0135;2.0348;2.0348;0;58.269;58.269;33.329;0.0416;2126.5;956.91;1;0.0326;0.0326;0;0;0;0;0;0;2.0022;1.9142;0;15.474;17.919;14.557;16.857;98.398;98.398;20.021;16.262;15.299;3.7582;0.9638;0.1877;0.0481;0.7641;59.248;0.7505;0
23/02/21 17:00;13.98;92.057;54.134;13.988;21.903;90;21.903;182.2;135;47.198;24.48;2.58;0;114.47;111.89;45.888;0;1.3152;273.56;0;273.56;114.47;45.888;111.89;1.3152;0.4184;0.4138;0;0.0048;269.44;4.1243;0;0;3.0107;1.1136;262.13;6.7738;2.1679;0.8691;3.6934;0.0434;268.9;0.5389;0.2289;0.0918;0.2178;0.0004;262.35;112.07;44.927;104.97;0.1578;70.516;56.412;22.112;0.5573;0.8332;11.985;0.2244;12.261;0;1;0;0;1.5014;0.9849;1;1;0.9731;0.1533;0.9748;0.981;1;0.966;0.7842;0.998;0.998;1;0.998;0.998;0.9582;0.9381;0.12;0.8215;0.8154;0.0049;0.0158;0.03;0.0054;0.019;0.0022;0;0;0.088;0;0.6212;0;0;0;0;0;0;0;0;0;0;0;0;0.0153;0.0018;0.7211;0.7211;0;35.227;35.227;10.747;0.041;699.29;1031.2;1;0.0119;0.0119;0;0;0;0;0;0;0.7092;0.6212;0;16.722;19.364;14.405;16.681;98.348;98.348;6.5655;5.7632;4.9647;0.8023;0.7985;0.1222;0.1216;0.7562;70.192;0.7322;0
23/02/21 18:00;4.0135;98.972;80.227;4.063;5.8318;90;5.8318;5.2939;5.2939;0;22.44;2.7199;0;0;5.2802;0;0;0.0027;5.2829;5.2829;0;0;0;0;0;1;1;1;1;0;0;0;0;0;0;0;0;0;0;0;0;0;0;0;0;0;0;0;0;0;0;0;0;0;0;0;0;0;0;0;0;0;0;0;0;1;1;1;1;1;1;1;1;1;1;1;1;1;0;0;1;0;0;0;0;0;0;0;0;0;0;0;0.0004;0.088;0;-0.0884;0;0;0;0;0;0;0;0;0;0;0;0;0;0;0;0;0;0;0;-22.44;0;0;0;0;0.0004;0;0;0;0;0;0;0;-0.0004;-0.0884;0;0;0;0;0;0;0;0;0;-0.7063;0;0.7063;1;1;0;0;0;0
23/02/21 19:00;0;0;90;0;0;90;0;0;0;0;20.3;2.4601;0;0;0;0;0;0;0;0;0;0;0;0;0;1;1;1;1;0;0;0;0;0;0;0;0;0;0;0;0;0;0;0;0;0;0;0;0;0;0;0;0;0;0;0;0;0;0;0;0;0;0;0;1;1;1;1;1;1;1;1;1;1;1;1;1;1;1;1;1;1;1;0;0;0;0;0;0;0;0;0;0.0004;0.088;0;-0.0884;0;0;0;0;0;0;0;0;0;0;0;0;0;0;0;0;0;0;0;-20.3;0;0;0;0;0.0004;0;0;0;0;0;0;0;-0.0004;-0.0884;0;0;0;0;0;0;0;0;0;-0.7063;0;0.7063;1;1;0;0;0;0
23/02/21 20:00;0;0;90;0;0;90;0;0;0;0;18.3;1.5001;0;0;0;0;0;0;0;0;0;0;0;0;0;1;1;1;1;0;0;0;0;0;0;0;0;0;0;0;0;0;0;0;0;0;0;0;0;0;0;0;0;0;0;0;0;0;0;0;0;0;0;0;1;1;1;1;1;1;1;1;1;1;1;1;1;1;1;1;1;1;1;0;0;0;0;0;0;0;0;0;0.0004;0.088;0;-0.0884;0;0;0;0;0;0;0;0;0;0;0;0;0;0;0;0;0;0;0;-18.3;0;0;0;0;0.0004;0;0;0;0;0;0;0;-0.0004;-0.0884;0;0;0;0;0;0;0;0;0;-0.7063;0;0.7063;1;1;0;0;0;0
23/02/21 21:00;0;0;90;0;0;90;0;0;0;0;16.83;2.13;0;0;0;0;0;0;0;0;0;0;0;0;0;1;1;1;1;0;0;0;0;0;0;0;0;0;0;0;0;0;0;0;0;0;0;0;0;0;0;0;0;0;0;0;0;0;0;0;0;0;0;0;1;1;1;1;1;1;1;1;1;1;1;1;1;1;1;1;1;1;1;0;0;0;0;0;0;0;0;0;0.0004;0.088;0;-0.0884;0;0;0;0;0;0;0;0;0;0;0;0;0;0;0;0;0;0;0;-16.83;0;0;0;0;0.0004;0;0;0;0;0;0;0;-0.0004;-0.0884;0;0;0;0;0;0;0;0;0;-0.7063;0;0.7063;1;1;0;0;0;0
23/02/21 22:00;0;0;90;0;0;90;0;0;0;0;16.75;4.18;0;0;0;0;0;0;0;0;0;0;0;0;0;1;1;1;1;0;0;0;0;0;0;0;0;0;0;0;0;0;0;0;0;0;0;0;0;0;0;0;0;0;0;0;0;0;0;0;0;0;0;0;1;1;1;1;1;1;1;1;1;1;1;1;1;1;1;1;1;1;1;0;0;0;0;0;0;0;0;0;0.0004;0.088;0;-0.0884;0;0;0;0;0;0;0;0;0;0;0;0;0;0;0;0;0;0;0;-16.75;0;0;0;0;0.0004;0;0;0;0;0;0;0;-0.0004;-0.0884;0;0;0;0;0;0;0;0;0;-0.7063;0;0.7063;1;1;0;0;0;0
23/02/21 23:00;0;0;90;0;0;90;0;0;0;0;15.87;5.2501;0;0;0;0;0;0;0;0;0;0;0;0;0;1;1;1;1;0;0;0;0;0;0;0;0;0;0;0;0;0;0;0;0;0;0;0;0;0;0;0;0;0;0;0;0;0;0;0;0;0;0;0;1;1;1;1;1;1;1;1;1;1;1;1;1;1;1;1;1;1;1;0;0;0;0;0;0;0;0;0;0.0004;0.088;0;-0.0884;0;0;0;0;0;0;0;0;0;0;0;0;0;0;0;0;0;0;0;-15.87;0;0;0;0;0.0004;0;0;0;0;0;0;0;-0.0004;-0.0884;0;0;0;0;0;0;0;0;0;-0.7063;0;0.7063;1;1;0;0;0;0
24/02/21 00:00;0;0;90;0;0;90;0;0;0;0;16.3;5.38;0;0;0;0;0;0;0;0;0;0;0;0;0;1;1;1;1;0;0;0;0;0;0;0;0;0;0;0;0;0;0;0;0;0;0;0;0;0;0;0;0;0;0;0;0;0;0;0;0;0;0;0;1;1;1;1;1;1;1;1;1;1;1;1;1;1;1;1;1;1;1;0;0;0;0;0;0;0;0;0;0.0004;0.088;0;-0.0884;0;0;0;0;0;0;0;0;0;0;0;0;0;0;0;0;0;0;0;-16.3;0;0;0;0;0.0004;0;0;0;0;0;0;0;-0.0004;-0.0884;0;0;0;0;0;0;0;0;0;-0.7063;0;0.7063;1;1;0;0;0;0
24/02/21 01:00;0;0;90;0;0;90;0;0;0;0;15.31;5.0001;0;0;0;0;0;0;0;0;0;0;0;0;0;1;1;1;1;0;0;0;0;0;0;0;0;0;0;0;0;0;0;0;0;0;0;0;0;0;0;0;0;0;0;0;0;0;0;0;0;0;0;0;1;1;1;1;1;1;1;1;1;1;1;1;1;1;1;1;1;1;1;0;0;0;0;0;0;0;0;0;0.0004;0.088;0;-0.0884;0;0;0;0;0;0;0;0;0;0;0;0;0;0;0;0;0;0;0;-15.31;0;0;0;0;0.0004;0;0;0;0;0;0;0;-0.0004;-0.0884;0;0;0;0;0;0;0;0;0;-0.7063;0;0.7063;1;1;0;0;0;0
24/02/21 02:00;0;0;90;0;0;90;0;0;0;0;14.7;4.89;0;0;0;0;0;0;0;0;0;0;0;0;0;1;1;1;1;0;0;0;0;0;0;0;0;0;0;0;0;0;0;0;0;0;0;0;0;0;0;0;0;0;0;0;0;0;0;0;0;0;0;0;1;1;1;1;1;1;1;1;1;1;1;1;1;1;1;1;1;1;1;0;0;0;0;0;0;0;0;0;0.0004;0.088;0;-0.0884;0;0;0;0;0;0;0;0;0;0;0;0;0;0;0;0;0;0;0;-14.7;0;0;0;0;0.0004;0;0;0;0;0;0;0;-0.0004;-0.0884;0;0;0;0;0;0;0;0;0;-0.7063;0;0.7063;1;1;0;0;0;0
24/02/21 03:00;0;0;90;0;0;90;0;0;0;0;14.89;4.9301;0;0;0;0;0;0;0;0;0;0;0;0;0;1;1;1;1;0;0;0;0;0;0;0;0;0;0;0;0;0;0;0;0;0;0;0;0;0;0;0;0;0;0;0;0;0;0;0;0;0;0;0;1;1;1;1;1;1;1;1;1;1;1;1;1;1;1;1;1;1;1;0;0;0;0;0;0;0;0;0;0.0004;0.088;0;-0.0884;0;0;0;0;0;0;0;0;0;0;0;0;0;0;0;0;0;0;0;-14.89;0;0;0;0;0.0004;0;0;0;0;0;0;0;-0.0004;-0.0884;0;0;0;0;0;0;0;0;0;-0.7063;0;0.7063;1;1;0;0;0;0
24/02/21 04:00;0;0;90;0;0;90;0;0;0;0;14.9;4.9201;0;0;0;0;0;0;0;0;0;0;0;0;0;1;1;1;1;0;0;0;0;0;0;0;0;0;0;0;0;0;0;0;0;0;0;0;0;0;0;0;0;0;0;0;0;0;0;0;0;0;0;0;1;1;1;1;1;1;1;1;1;1;1;1;1;1;1;1;1;1;1;0;0;0;0;0;0;0;0;0;0.0004;0.088;0;-0.0884;0;0;0;0;0;0;0;0;0;0;0;0;0;0;0;0;0;0;0;-14.9;0;0;0;0;0.0004;0;0;0;0;0;0;0;-0.0004;-0.0884;0;0;0;0;0;0;0;0;0;-0.7063;0;0.7063;1;1;0;0;0;0
24/02/21 05:00;1.6115;-100.21;86.089;1.6374;2.3364;-90;-2.3364;0;0;0;14.3;5.9701;0;0;0;0;0;0;0;0;0;0;0;0;0;1;1;1;1;0;0;0;0;0;0;0;0;0;0;0;0;0;0;0;0;0;0;0;0;0;0;0;0;0;0;0;0;0;0;0;0;0;0;0;1;1;1;1;1;1;1;1;1;1;1;1;1;1;1;1;1;1;1;0;0;0;0;0;0;0;0;0;0.0004;0.088;0;-0.0884;0;0;0;0;0;0;0;0;0;0;0;0;0;0;0;0;0;0;0;-14.3;0;0;0;0;0.0004;0;0;0;0;0;0;0;-0.0004;-0.0884;0;0;0;0;0;0;0;0;0;-0.7063;0;0.7063;1;1;0;0;0;0
24/02/21 06:00;9.1077;-94.977;67.425;9.1416;13.522;-90;-13.522;131.6;21.699;109.91;15.68;7.0099;0;266.55;10.735;26.223;0;0.3648;303.88;0;303.88;266.55;26.223;10.735;0.3648;0.8772;0.0365;0;0.0012;303.44;0.4331;0;0;0.129;0.3041;278.64;24.196;21.644;2.1294;0.409;0.0136;302.84;0.6069;0.5331;0.0524;0.0212;0.0001;278.65;244.38;24.042;10.176;0.047;7.0914;5.6731;2.2828;0.0097;0.0769;1.1066;0.0063;1.1739;0;1;0;0;2.309;0.9986;1;1;0.988;0.1664;0.9201;0.9186;1;0.9614;0.7754;0.998;0.998;1;0.998;0.998;0.917;0.9479;0.1288;0.9125;0.8416;0.0051;0.0155;0.0061;0.0057;0.0202;0.0002;0;0;0.088;0;0.6696;0;0;0;0;0;0;0;0;0;0;0;0;0.0163;0.0019;0.7707;0.7707;0;27.019;27.019;11.339;0.0407;721.07;1068.8;1;0.013;0.013;0;0;0;0;0;0;0.7576;0.6696;0;16.088;18.63;13.979;16.187;98.308;98.308;7.293;6.1592;5.3517;1.1338;0.8075;0.1555;0.1107;0.7338;6.4999;0.7318;0
24/02/21 07:00;21.363;-86.351;27.936;21.402;40.852;-90;-40.852;323.9;69.2;254.7;18.26;6.6801;0;617.73;30.276;84.218;0;7.8903;740.11;0;740.11;617.73;84.218;30.276;7.8903;0.8346;0.0516;0;0.0107;730.68;9.4346;0;0;2.1795;7.2551;727.58;1.6377;0.5949;0.0811;0.908;0.0537;729.21;1.4614;1.2355;0.1684;0.0562;0.0013;727.94;615.9;83.968;27.132;0.5802;23.141;18.512;7.5489;1.3277;0.3288;4.7297;0.3621;3.7309;0;1;0;0;2.285;0.9873;1;1;0.928;0.0805;0.9978;0.999;1;0.9676;0.9152;0.998;0.998;1;0.998;0.998;0.9831;0.8962;0.0735;2.2226;2.2024;0.0133;-0.0011;0.18;0.0141;0.0499;0.0009;0;0;0.088;0;1.7756;0;0;0;0;0;0;0;0;0;0;0;0;0.0402;0.0109;1.8944;1.8944;0;48.256;48.256;29.996;0.0412;1896.9;998.68;1;0.0308;0.0308;0;0;0;0;0;0;1.8636;1.7756;0;16.237;18.802;15.219;17.623;98.376;98.376;17.763;15.14;14.191;2.6228;0.9492;0.1477;0.0534;0.7989;21.722;0.7951;0
24/02/21 08:00;33.487;-76.748;11.022;34.203;55.797;-90;-55.797;191.3;185.1;6.2054;18.94;5.7499;0;11.039;143.41;2.6578;0;8.3767;165.48;0;165.48;11.039;2.6578;143.41;8.3767;0.0667;0.9172;0;0.0506;141.38;24.095;0;0;16.245;7.8491;136.73;4.376;0.0042;0.001;4.3469;0.0239;141.1;0.2828;0.0221;0.0053;0.2543;0.0011;140.15;11.013;2.6515;122.56;0.5027;121.1;96.878;43.471;18.522;2.2152;31.865;3.4223;15.558;0;1;0;0;0.865;0.8544;1;1;0.8867;0.063;0.969;0.9996;1;0.9657;0.9546;0.998;0.998;1;0.998;0.998;0.8262;0.8546;0.06;0.4969;0.4893;0.0029;0.0181;-0.0008;0.0033;0.0116;0.0061;0;0;0.088;0;0.3413;0;0;0;0;0;0;0;0;0;0;0;0;0.0094;0.0007;0.438;0.438;0;24.525;24.525;5.5856;0.0409;415.95;1052.9;1;0.0086;0.0086;0;0;0;0;0;0;0.4293;0.3413;0;16.789;19.441;13.085;15.152;98.031;98.031;3.9715;3.5001;2.7279;0.4714;0.7722;0.1187;0.1944;0.6869;119.02;0.6003;0
24/02/21 09:00;45.068;-64.767;17.522;47.936;42.064;-90;-42.064;772.4;127.4;645;21.52;4.64;0;868.81;38.417;112.21;0;19.897;1039.3;0;1039.3;868.81;112.21;38.417;19.897;0.8359;0.0561;0;0.0191;1018.1;21.235;0;0;2.8867;18.349;1014.2;1.861;0.5248;0.0678;1.1497;0.1188;1016.1;2.0362;1.7376;0.2244;0.0711;0.0031;1019.4;866.54;111.91;34.31;1.4265;353.64;282.92;115.67;1.8648;3.8075;54.769;5.2062;56.712;0;1;0;0;1.3456;0.9796;1;1;0.9249;0.0778;0.9982;0.9994;1;0.9676;0.9231;0.998;0.998;1;0.998;0.998;0.9758;0.8931;0.0717;3.1211;3.1858;0.0192;0.0021;0.4353;0.0191;0.0678;0.0094;0;0;0.088;0;2.4241;0;0;0;0;0;0;0;0;0;0;0;0;0.0546;0.0219;2.5565;2.5565;0;63.874;63.874;42.354;0.0418;2739.8;933.09;1;0.0444;0.0444;0;0;0;0;0;0;2.5121;2.4241;0;15.604;18.069;14.796;17.133;98.265;98.265;24.944;20.432;19.374;4.5123;1.0577;0.1809;0.0424;0.7767;27.852;0.7472;0
24/02/21 10:00;55.308;-47.915;22.425;62.809;27.191;-90;-27.191;887.4;146.1;741.3;23.31;3.39;0;833.41;48.716;106.28;0;9.8071;998.21;0;998.21;833.41;106.28;48.716;9.8071;0.8349;0.0586;0;0.0098;987.87;10.332;0;0;1.8509;8.4813;983.38;2.521;0.6443;0.0822;1.5399;0.2547;985.9;1.9757;1.6668;0.2126;0.0937;0.0027;985.97;831.09;105.98;45.231;1.0685;481.8;385.44;156.41;0.5263;5.1327;73.831;2.5983;78.438;0;1;0;0;1.1249;0.9896;1;1;0.962;0.1352;0.9974;0.9992;1;0.9671;0.8075;0.998;0.998;1;0.998;0.998;0.9851;0.9285;0.109;2.9976;3.1253;0.0188;0.0013;0.4332;0.0187;0.0663;0.0126;0;0;0.088;0;2.369;0;0;0;0;0;0;0;0;0;0;0;0;0.0534;0.0211;2.4999;2.4999;0;64.393;64.393;41.083;0.0418;2686;930.72;1;0.0429;0.0429;0;0;0;0;0;0;2.457;2.369;0;15.887;18.397;15.055;17.433;98.283;98.283;23.957;19.979;18.933;3.9779;1.0464;0.166;0.0437;0.7903;31.516;0.7488;0
24/02/21 11:00;62.471;-22.538;25.271;78.702;11.298;-90;-11.298;1120.7;184.9;935.8;24.95;2.29;0;954.29;44.43;142.8;0;2.1716;1143.7;0;1143.7;954.29;142.8;44.43;2.1716;0.8344;0.0407;0;0.0019;1141.5;2.2046;0;0;0.3946;1.81;1136.4;2.7975;0.8313;0.1244;1.7607;0.0811;1139.2;2.283;1.9086;0.2856;0.0881;0.0007;1136.9;951.55;142.39;42.186;0.2797;652.42;521.94;207.87;0.021;7.1611;103.01;0.4456;110.15;0;1;0;0;1.0205;0.9981;1;1;0.9911;0.1665;0.9975;0.9991;1;0.9599;0.7752;0.998;0.998;1;0.998;0.998;0.9936;0.9495;0.1288;3.4345;3.6413;0.0219;0.0111;0.6125;0.021;0.0744;0.0169;0;0;0.088;0;2.6584;0;0;0;0;0;0;0;0;0;0;0;0;0.0599;0.0282;2.7953;2.7953;0;72.771;72.771;47.821;0.0421;3129.5;893.22;1;0.0489;0.0489;0;0;0;0;0;0;2.7464;2.6584;0;15.505;17.954;14.745;17.075;98.251;98.251;27.449;22.34;21.246;5.1083;1.094;0.1861;0.0399;0.774;26.722;0.7251;0
24/02/21 12:00;63.795;10.46;25.737;84.894;5.1059;90;5.1059;766.4;318.3;448.1;25.31;1.5199;0;449.88;203.81;114.54;0;0.3041;768.54;0;768.54;449.88;114.54;203.81;0.3041;0.5854;0.2656;0;0.0004;767.79;0.7513;0;0;0.4969;0.2544;756.9;9.354;0.3991;0.1016;8.8421;0.0111;766.25;1.5356;0.8998;0.2291;0.4066;0.0001;756.93;448.58;114.21;194.06;0.0385;451.66;361.32;143.09;0.0021;5.0095;72.059;0.0271;77.067;0;1;0;0;1.0028;0.999;1;1;0.9976;0.1636;0.9878;0.9991;1;0.9564;0.7763;0.998;0.998;1;0.998;0.998;0.9849;0.9522;0.1267;2.3079;2.4317;0.0146;-0.002;0.2721;0.015;0.0533;0.0127;0;0;0.088;0;1.8897;0;0;0;0;0;0;0;0;0;0;0;0;0.0429;0.0131;2.0099;2.0099;0;56.735;56.735;31.425;0.0415;2091.8;960.89;1;0.0322;0.0322;0;0;0;0;0;0;1.9777;1.8897;0;16.59;19.211;15.598;18.062;98.397;98.397;18.445;16.063;15.103;2.3815;0.9607;0.1291;0.0521;0.8188;121.05;0.7651;0
24/02/21 13:00;58.522;39.483;23.767;68.728;21.272;90;21.272;793.5;254.2;539.3;25.2;1.1001;0;578.73;134.11;123.8;0;5.4062;842.04;0;842.04;578.73;123.8;134.11;5.4062;0.6873;0.1657;0;0.0064;834.03;8.009;0;0;3.4432;4.5659;827.15;5.212;0.4742;0.1014;4.4538;0.1826;832.36;1.6681;1.1575;0.2476;0.2613;0.0017;828.5;577.1;123.45;125.95;0.656;450.27;360.21;144.64;0.6015;4.9041;70.544;1.355;74.846;0;1;0;0;1.0612;0.9905;1;1;0.9743;0.1554;0.9937;0.9992;1;0.9658;0.7822;0.998;0.998;1;0.998;0.998;0.9823;0.9392;0.1213;2.5286;2.6441;0.0159;-0.0021;0.3226;0.0162;0.0573;0.0123;0;0;0.088;0;2.0372;0;0;0;0;0;0;0;0;0;0;0;0;0.0461;0.0153;2.1604;2.1604;0;59.62;59.62;34.42;0.0416;2274.8;949.72;1;0.0352;0.0352;0;0;0;0;0;0;2.1252;2.0372;0;16.276;18.847;15.348;17.773;98.372;98.372;20.209;17.266;16.282;2.9429;0.9844;0.1456;0.0487;0.8057;83.851;0.7581;0
24/02/21 14:00;49.17;59.142;19.594;53.433;36.567;90;36.567;505.01;369.3;135.71;25.51;1.1199;0;168.96;290.1;59.185;0;9.9405;528.19;0;528.19;168.96;59.185;290.1;9.9405;0.3199;0.5681;0;0.0188;501.53;26.661;0;0;17.65;9.0111;491.48;9.0459;0.1141;0.04;8.7738;0.118;500.53;1.0031;0.3379;0.1184;0.5449;0.0019;494.62;168.51;59.026;263.13;0.8095;290.46;232.37;96.391;8.6879;3.5023;50.379;3.1363;45.194;0;1;0;0;1.0459;0.9495;1;1;0.9392;0.0935;0.9819;0.9993;1;0.9677;0.8728;0.998;0.998;1;0.998;0.998;0.9305;0.907;0.0814;1.5862;1.5959;0.0096;0.005;0.1174;0.0102;0.0363;0.0092;0;0;0.088;0;1.2639;0;0;0;0;0;0;0;0;0;0;0;0;0.0293;0.0059;1.3729;1.3729;0;45.758;45.758;20.249;0.0412;1370.3;1001.9;1;0.021;0.021;0;0;0;0;0;0;1.3519;1.2639;0;16.489;19.094;15.18;17.578;98.472;98.472;12.677;10.972;10.101;1.7042;0.871;0.1344;0.0687;0.7969;200.83;0.7437;0
24/02/21 15:00;37.968;72.593;13.641;39.278;50.722;90;50.722;203.61;199.4;4.2104;25.83;1.2099;0;6.6507;162.02;1.547;0;7.4707;177.69;0;177.69;6.6507;1.547;162.02;7.4707;0.0374;0.9539;0;0.042;154.67;23.017;0;0;16.016;7.0005;149.49;4.8717;0.0031;0.0007;4.8483;0.0195;154.36;0.3093;0.0133;0.0031;0.292;0.0009;152.45;6.6342;1.5431;140.86;0.4498;129.24;103.39;45.389;14.979;2.1182;30.47;2.9609;17.609;0;1;0;0;0.8727;0.8705;1;1;0.9011;0.0629;0.9684;0.9995;1;0.9667;0.9585;0.998;0.998;1;0.998;0.998;0.8413;0.8694;0.0602;0.5336;0.5234;0.0032;0.018;0.0132;0.0034;0.0121;0.0057;0;0;0.088;0;0.3606;0;0;0;0;0;0;0;0;0;0;0;0;0.0098;0.0008;0.4571;0.4571;0;31.971;31.971;6.1409;0.0411;445.56;1026;1;0.0086;0.0086;0;0;0;0;0;0;0.4486;0.3606;0;16.32;18.899;12.873;14.907;98.127;98.127;4.2645;3.6534;2.8817;0.6111;0.7717;0.1433;0.181;0.6757;127.42;0.5989;0
24/02/21 16:00;25.989;82.889;7.4485;26.163;60;90;60;278.7;226.1;52.6;24.7;1.22;0;119.03;154.97;44.077;0;13.935;332;0;332;119.03;44.077;154.97;13.935;0.3585;0.5087;0;0.042;299.39;32.614;0;0;19.543;13.071;293.91;4.8801;0.0306;0.0113;4.7795;0.0587;298.79;0.5988;0.2381;0.0882;0.2708;0.0017;298.61;118.76;43.978;130.37;0.8035;140.07;112.05;51.244;25.911;2.7912;40.15;4.6932;17.031;0;1;0;0;1.1913;0.9018;1;1;0.8739;0.062;0.9837;0.9997;1;0.9646;0.9319;0.998;0.998;1;0.998;0.998;0.8853;0.8413;0.0577;0.997;0.984;0.0059;0.0136;0.0414;0.0065;0.0229;0.0075;0;0;0.088;0;0.7633;0;0;0;0;0;0;0;0;0;0;0;0;0.0185;0.0025;0.8652;0.8652;0;36.755;36.755;12.055;0.041;842.55;1026.9;1;0.0139;0.0139;0;0;0;0;0;0;0.8513;0.7633;0;16.531;19.143;14.585;16.889;98.397;98.397;7.9681;6.9147;6.1006;1.0534;0.8141;0.1322;0.1022;0.7656;134.91;0.7021;0
24/02/21 17:00;13.746;91.761;54.811;13.752;21.455;90;21.455;183.51;132.5;51.008;24.35;1.2701;0;123.71;108.2;49.508;0;1.2716;282.69;0;282.69;123.71;49.508;108.2;1.2716;0.4376;0.3873;0;0.0045;278.8;3.8914;0;0;2.8166;1.0748;271.08;7.1674;2.5265;1.0111;3.5871;0.0427;278.24;0.5576;0.2474;0.099;0.2108;0.0004;271.28;120.93;48.398;101.59;0.1538;68.069;54.455;21.321;0.4999;0.8034;11.556;0.2057;11.859;0;1;0;0;1.5405;0.9862;1;1;0.974;0.1548;0.9742;0.9795;1;0.9659;0.7828;0.998;0.998;1;0.998;0.998;0.9589;0.9389;0.1209;0.8489;0.8414;0.0051;0.0155;0.0316;0.0055;0.0196;0.0022;0;0;0.088;0;0.6441;0;0;0;0;0;0;0;0;0;0;0;0;0.0158;0.0019;0.7443;0.7443;0;35.463;35.463;11.113;0.041;721.81;1031.2;1;0.0122;0.0122;0;0;0;0;0;0;0.7321;0.6441;0;16.703;19.341;14.454;16.737;98.357;98.357;6.7846;5.9486;5.1476;0.8359;0.8011;0.1232;0.1181;0.7587;67.719;0.7362;0
24/02/21 18:00;3.7747;98.687;80.813;3.8184;5.4762;90;5.4762;6.7004;6.6984;0.002;22.51;2.12;0;0.0048;6.683;0.0003;0;0.0031;6.6911;6.6911;0;0.0048;0;0;0;1;1;1;1;0;0;0;0;0;0;0;0;0;0;0;0;0;0;0;0;0;0;0;0;0;0;0;0;0;0;0;0;0;0;0;0;0;0;0;0;1;1;1;1;1;1;1;1;1;1;1;0;1;0;0;1;0;0;0;0;0;0;0;0;0;0;0;0.0004;0.088;0;-0.0884;0;0;0;0;0;0;0;0;0;0;0;0;0;0;0;0;0;0;0;-22.51;0;0;0;0;0.0004;0;0;0;0;0;0;0;-0.0004;-0.0884;0;0;0;0;0;0;0;0;0;-0.7063;0;0.7063;1;1;0;0;0;0
24/02/21 19:00;0;0;90;0;0;90;0;0;0;0;21.01;3.9801;0;0;0;0;0;0;0;0;0;0;0;0;0;1;1;1;1;0;0;0;0;0;0;0;0;0;0;0;0;0;0;0;0;0;0;0;0;0;0;0;0;0;0;0;0;0;0;0;0;0;0;0;1;1;1;1;1;1;1;1;1;1;1;1;1;1;1;1;1;1;1;0;0;0;0;0;0;0;0;0;0.0004;0.088;0;-0.0884;0;0;0;0;0;0;0;0;0;0;0;0;0;0;0;0;0;0;0;-21.01;0;0;0;0;0.0004;0;0;0;0;0;0;0;-0.0004;-0.0884;0;0;0;0;0;0;0;0;0;-0.7063;0;0.7063;1;1;0;0;0;0
24/02/21 20:00;0;0;90;0;0;90;0;0;0;0;20.06;5.4299;0;0;0;0;0;0;0;0;0;0;0;0;0;1;1;1;1;0;0;0;0;0;0;0;0;0;0;0;0;0;0;0;0;0;0;0;0;0;0;0;0;0;0;0;0;0;0;0;0;0;0;0;1;1;1;1;1;1;1;1;1;1;1;1;1;1;1;1;1;1;1;0;0;0;0;0;0;0;0;0;0.0004;0.088;0;-0.0884;0;0;0;0;0;0;0;0;0;0;0;0;0;0;0;0;0;0;0;-20.06;0;0;0;0;0.0004;0;0;0;0;0;0;0;-0.0004;-0.0884;0;0;0;0;0;0;0;0;0;-0.7063;0;0.7063;1;1;0;0;0;0
24/02/21 21:00;0;0;90;0;0;90;0;0;0;0;19.6;6.2901;0;0;0;0;0;0;0;0;0;0;0;0;0;1;1;1;1;0;0;0;0;0;0;0;0;0;0;0;0;0;0;0;0;0;0;0;0;0;0;0;0;0;0;0;0;0;0;0;0;0;0;0;1;1;1;1;1;1;1;1;1;1;1;1;1;1;1;1;1;1;1;0;0;0;0;0;0;0;0;0;0.0004;0.088;0;-0.0884;0;0;0;0;0;0;0;0;0;0;0;0;0;0;0;0;0;0;0;-19.6;0;0;0;0;0.0004;0;0;0;0;0;0;0;-0.0004;-0.0884;0;0;0;0;0;0;0;0;0;-0.7063;0;0.7063;1;1;0;0;0;0
24/02/21 22:00;0;0;90;0;0;90;0;0;0;0;19.11;6.4699;0;0;0;0;0;0;0;0;0;0;0;0;0;1;1;1;1;0;0;0;0;0;0;0;0;0;0;0;0;0;0;0;0;0;0;0;0;0;0;0;0;0;0;0;0;0;0;0;0;0;0;0;1;1;1;1;1;1;1;1;1;1;1;1;1;1;1;1;1;1;1;0;0;0;0;0;0;0;0;0;0.0004;0.088;0;-0.0884;0;0;0;0;0;0;0;0;0;0;0;0;0;0;0;0;0;0;0;-19.11;0;0;0;0;0.0004;0;0;0;0;0;0;0;-0.0004;-0.0884;0;0;0;0;0;0;0;0;0;-0.7063;0;0.7063;1;1;0;0;0;0
24/02/21 23:00;0;0;90;0;0;90;0;0;0;0;18.89;6;0;0;0;0;0;0;0;0;0;0;0;0;0;1;1;1;1;0;0;0;0;0;0;0;0;0;0;0;0;0;0;0;0;0;0;0;0;0;0;0;0;0;0;0;0;0;0;0;0;0;0;0;1;1;1;1;1;1;1;1;1;1;1;1;1;1;1;1;1;1;1;0;0;0;0;0;0;0;0;0;0.0004;0.088;0;-0.0884;0;0;0;0;0;0;0;0;0;0;0;0;0;0;0;0;0;0;0;-18.89;0;0;0;0;0.0004;0;0;0;0;0;0;0;-0.0004;-0.0884;0;0;0;0;0;0;0;0;0;-0.7063;0;0.7063;1;1;0;0;0;0
25/02/21 00:00;0;0;90;0;0;90;0;0;0;0;18.09;5.3499;0;0;0;0;0;0;0;0;0;0;0;0;0;1;1;1;1;0;0;0;0;0;0;0;0;0;0;0;0;0;0;0;0;0;0;0;0;0;0;0;0;0;0;0;0;0;0;0;0;0;0;0;1;1;1;1;1;1;1;1;1;1;1;1;1;1;1;1;1;1;1;0;0;0;0;0;0;0;0;0;0.0004;0.088;0;-0.0884;0;0;0;0;0;0;0;0;0;0;0;0;0;0;0;0;0;0;0;-18.09;0;0;0;0;0.0004;0;0;0;0;0;0;0;-0.0004;-0.0884;0;0;0;0;0;0;0;0;0;-0.7063;0;0.7063;1;1;0;0;0;0
25/02/21 01:00;0;0;90;0;0;90;0;0;0;0;16.9;4.83;0;0;0;0;0;0;0;0;0;0;0;0;0;1;1;1;1;0;0;0;0;0;0;0;0;0;0;0;0;0;0;0;0;0;0;0;0;0;0;0;0;0;0;0;0;0;0;0;0;0;0;0;1;1;1;1;1;1;1;1;1;1;1;1;1;1;1;1;1;1;1;0;0;0;0;0;0;0;0;0;0.0004;0.088;0;-0.0884;0;0;0;0;0;0;0;0;0;0;0;0;0;0;0;0;0;0;0;-16.9;0;0;0;0;0.0004;0;0;0;0;0;0;0;-0.0004;-0.0884;0;0;0;0;0;0;0;0;0;-0.7063;0;0.7063;1;1;0;0;0;0
25/02/21 02:00;0;0;90;0;0;90;0;0;0;0;16.99;4.33;0;0;0;0;0;0;0;0;0;0;0;0;0;1;1;1;1;0;0;0;0;0;0;0;0;0;0;0;0;0;0;0;0;0;0;0;0;0;0;0;0;0;0;0;0;0;0;0;0;0;0;0;1;1;1;1;1;1;1;1;1;1;1;1;1;1;1;1;1;1;1;0;0;0;0;0;0;0;0;0;0.0004;0.088;0;-0.0884;0;0;0;0;0;0;0;0;0;0;0;0;0;0;0;0;0;0;0;-16.99;0;0;0;0;0.0004;0;0;0;0;0;0;0;-0.0004;-0.0884;0;0;0;0;0;0;0;0;0;-0.7063;0;0.7063;1;1;0;0;0;0
25/02/21 03:00;0;0;90;0;0;90;0;0;0;0;17.25;3.8101;0;0;0;0;0;0;0;0;0;0;0;0;0;1;1;1;1;0;0;0;0;0;0;0;0;0;0;0;0;0;0;0;0;0;0;0;0;0;0;0;0;0;0;0;0;0;0;0;0;0;0;0;1;1;1;1;1;1;1;1;1;1;1;1;1;1;1;1;1;1;1;0;0;0;0;0;0;0;0;0;0.0004;0.088;0;-0.0884;0;0;0;0;0;0;0;0;0;0;0;0;0;0;0;0;0;0;0;-17.25;0;0;0;0;0.0004;0;0;0;0;0;0;0;-0.0004;-0.0884;0;0;0;0;0;0;0;0;0;-0.7063;0;0.7063;1;1;0;0;0;0
25/02/21 04:00;0;0;90;0;0;90;0;0;0;0;16.86;3.47;0;0;0;0;0;0;0;0;0;0;0;0;0;1;1;1;1;0;0;0;0;0;0;0;0;0;0;0;0;0;0;0;0;0;0;0;0;0;0;0;0;0;0;0;0;0;0;0;0;0;0;0;1;1;1;1;1;1;1;1;1;1;1;1;1;1;1;1;1;1;1;0;0;0;0;0;0;0;0;0;0.0004;0.088;0;-0.0884;0;0;0;0;0;0;0;0;0;0;0;0;0;0;0;0;0;0;0;-16.86;0;0;0;0;0.0004;0;0;0;0;0;0;0;-0.0004;-0.0884;0;0;0;0;0;0;0;0;0;-0.7063;0;0.7063;1;1;0;0;0;0
25/02/21 05:00;1.4253;-99.889;86.542;1.4468;2.0639;-90;-2.0639;0;0;0;16.2;3.5199;0;0;0;0;0;0;0;0;0;0;0;0;0;1;1;1;1;0;0;0;0;0;0;0;0;0;0;0;0;0;0;0;0;0;0;0;0;0;0;0;0;0;0;0;0;0;0;0;0;0;0;0;1;1;1;1;1;1;1;1;1;1;1;1;1;1;1;1;1;1;1;0;0;0;0;0;0;0;0;0;0.0004;0.088;0;-0.0884;0;0;0;0;0;0;0;0;0;0;0;0;0;0;0;0;0;0;0;-16.2;0;0;0;0;0.0004;0;0;0;0;0;0;0;-0.0004;-0.0884;0;0;0;0;0;0;0;0;0;-0.7063;0;0.7063;1;1;0;0;0;0
25/02/21 06:00;8.9271;-94.646;67.892;8.956;13.227;-90;-13.227;10.197;10.097;0.0996;15.74;3.2601;0;0.2415;9.959;0.0113;0;0.027;10.239;0;10.239;0.2415;0.0113;9.959;0.027;0.0236;0.9753;0;0.0026;10.101;0.1379;0;0;0.1153;0.0225;9.6766;0.4041;0.0207;0.001;0.3815;0.001;10.081;0.0202;0.0005;0;0.0197;0;9.6822;0.2203;0.0103;9.4425;0.0035;6.0248;4.8198;1.8479;0.0082;0.0713;1.0257;0.0055;1.0888;0;1;0;0;1.0041;0.9865;1;1;0.9884;0.1664;0.9599;0.9143;1;0.9612;0.7754;0.998;0.998;1;0.998;0.998;0.9451;0.9481;0.1288;0.0307;0.0313;0.0002;0.0061;-0.001;0.0002;0.0006;0.0002;0;0;0.088;0;-0.0661;0;0;0;0;0;0;0;0;0;0;0;0;0.0005;0;0.0244;0.0244;0;16.148;16.148;0.4074;0.0421;25.107;973.23;1;0.0025;0.0025;0;0;0;0;0;0;0.0219;-0.0661;0;15.139;17.531;-40.931;-47.398;89.772;89.772;0.2457;0.1953;-0.528;0.0504;0.7233;0.2053;2.9433;0;6.0242;0;0
25/02/21 07:00;21.183;-86;28.793;21.23;40.199;-90;-40.199;336.99;59.701;277.29;19.15;2.74;0;672.51;23.641;79.778;0;7.9596;783.89;0;783.89;672.51;79.778;23.641;7.9596;0.8579;0.0403;0;0.0102;774.92;8.9686;0;0;1.6621;7.3065;771.85;1.5148;0.6675;0.0792;0.71;0.0581;773.37;1.5498;1.345;0.1596;0.044;0.0013;772.08;670.49;79.539;21.225;0.5937;18.389;14.711;6.4177;0.9815;0.2293;3.298;0.2272;2.5458;0;1;0;0;2.3261;0.9886;1;1;0.9297;0.082;0.998;0.999;1;0.9676;0.9108;0.998;0.998;1;0.998;0.998;0.9846;0.8978;0.0746;2.354;2.3324;0.014;-0.0017;0.2136;0.0147;0.0523;0.0006;0;0;0.088;0;1.8644;0;0;0;0;0;0;0;0;0;0;0;0;0.0421;0.0121;1.9846;1.9846;0;51.043;51.043;31.893;0.0413;2010.7;987.02;1;0.0323;0.0323;0;0;0;0;0;0;1.9524;1.8644;0;16.061;18.598;15.087;17.471;98.375;98.375;18.813;15.861;14.9;2.9522;0.9611;0.1569;0.0511;0.792;16.869;0.7895;0
25/02/21 08:00;33.296;-76.364;11.365;34.052;55.948;-90;-55.948;77.494;76.797;0.6973;20.46;2.57;0;1.2452;59.844;0.1251;0;3.4102;64.625;0;64.625;1.2452;0.1251;59.844;3.4102;0.0193;0.9788;0;0.0528;54.623;10.001;0;0;6.806;3.1954;52.689;1.8253;0.0005;0;1.815;0.0098;54.514;0.1092;0.0025;0.0003;0.1061;0.0004;54.103;1.2423;0.1248;51.117;0.2045;49.955;39.964;18.018;7.8036;0.9188;13.217;1.414;6.3322;0;1;0;0;0.8339;0.8452;1;1;0.8863;0.063;0.9665;0.9996;1;0.9657;0.9541;0.998;0.998;1;0.998;0.998;0.8153;0.8542;0.06;0.1941;0.1908;0.0011;0.0149;-0.0017;0.0012;0.0044;0.0024;0;0;0.088;0;0.0709;0;0;0;0;0;0;0;0;0;0;0;0;0.0035;0.0002;0.1647;0.1647;0;22.631;22.631;2.171;0.0412;161.02;1022.9;1;0.0058;0.0058;0;0;0;0;0;0;0.1589;0.0709;0;16.167;18.721;6.9574;8.0565;96.464;96.464;1.551;1.3163;0.5665;0.2347;0.7498;0.1513;0.4835;0.3652;49.75;0.3167;0
25/02/21 09:00;44.848;-64.341;17.879;47.818;42.182;-90;-42.182;145.01;143;2.0086;20.43;3.3;0;2.7107;124.23;0.3946;0;3.7554;131.09;0;131.09;2.7107;0.3946;124.23;3.7554;0.0207;0.9763;0;0.0286;118.25;12.837;0;0;9.3727;3.4641;114.27;3.7409;0.0017;0.0002;3.7169;0.0221;118.01;0.2365;0.0054;0.0008;0.2297;0.0006;115.63;2.7036;0.3936;110.91;0.2686;91.182;72.945;31.086;6.0731;1.2632;18.171;1.3588;13.361;0;1;0;0;0.904;0.9021;1;1;0.9246;0.0776;0.9683;0.9994;1;0.9676;0.9239;0.998;0.998;1;0.998;0.998;0.8717;0.8928;0.0715;0.3937;0.3866;0.0023;0.0179;0.0002;0.0026;0.0091;0.0034;0;0;0.088;0;0.2478;0;0;0;0;0;0;0;0;0;0;0;0;0.0073;0.0005;0.3433;0.3433;0;25.109;25.109;4.6787;0.0409;328.94;1043.6;1;0.0075;0.0075;0;0;0;0;0;0;0.3358;0.2478;0;16.613;19.238;11.99;13.884;97.806;97.806;3.1461;2.7436;1.9801;0.4024;0.7635;0.1279;0.2427;0.6294;90.155;0.5702;0
25/02/21 10:00;55.035;-47.467;22.793;62.738;27.262;-90;-27.262;737;229.4;507.6;22.1;4.04;0;571.03;120.3;114.77;0;8.1863;814.29;0;814.29;571.03;114.77;120.3;8.1863;0.7013;0.1578;0;0.0101;802.62;11.672;0;0;4.5898;7.082;796.46;4.5516;0.4487;0.0902;3.801;0.2117;801.01;1.6052;1.1421;0.2295;0.2314;0.0022;798.62;569.44;114.45;111.68;0.8904;406.11;324.88;132.88;1.3073;4.3147;62.066;2.1642;65.073;0;1;0;0;1.1049;0.9857;1;1;0.9618;0.1349;0.9943;0.9992;1;0.9671;0.8079;0.998;0.998;1;0.998;0.998;0.9781;0.9283;0.1088;2.4453;2.5362;0.0153;-0.0022;0.2688;0.0158;0.056;0.011;0;0;0.088;0;1.99;0;0;0;0;0;0;0;0;0;0;0;0;0.0451;0.0142;2.1123;2.1123;0;55.12;55.12;33.02;0.0415;2182.4;967.91;1;0.0344;0.0344;0;0;0;0;0;0;2.078;1.99;0;16.456;19.056;15.503;17.952;98.373;98.373;19.543;16.882;15.904;2.6611;0.978;0.1362;0.05;0.8138;77.865;0.7699;0
25/02/21 11:00;62.129;-22.213;25.645;78.695;11.306;-90;-11.306;751.01;304;447.01;24.6;4.43;0;455.85;191.75;112.56;0;1.4573;761.62;0;761.62;455.85;112.56;191.75;1.4573;0.5985;0.2537;0;0.0019;758.7;2.9196;0;0;1.7049;1.2146;749.02;8.1546;0.403;0.0995;7.5977;0.0544;757.18;1.5174;0.9117;0.2251;0.3801;0.0005;749.32;454.54;112.23;182.07;0.1877;439.49;351.59;138.74;0.0889;4.913;70.671;0.2932;75.495;0;1;0;0;1.0141;0.9962;1;1;0.9911;0.1665;0.9892;0.9991;1;0.9599;0.7752;0.998;0.998;1;0.998;0.998;0.9835;0.9495;0.1288;2.2871;2.4059;0.0145;-0.002;0.2601;0.0149;0.053;0.0125;0;0;0.088;0;1.8773;0;0;0;0;0;0;0;0;0;0;0;0;0.0426;0.0128;1.9974;1.9974;0;55.671;55.671;31.071;0.0415;2069.4;965.2;1;0.0321;0.0321;0;0;0;0;0;0;1.9653;1.8773;0;16.637;19.265;15.637;18.107;98.395;98.395;18.279;15.963;15.004;2.3156;0.9595;0.1267;0.0525;0.8208;115.33;0.7675;0
25/02/21 12:00;63.422;10.413;26.107;84.833;5.1669;90;5.1669;417.1;384.1;33.006;24.84;4.41;0;33.141;373.16;10.22;0;0.1695;416.69;0;416.69;33.141;10.22;373.16;0.1695;0.0795;0.8959;0;0.0004;415.62;1.0687;0;0;0.9269;0.1418;398.57;16.223;0.0298;0.0092;16.178;0.0062;414.79;0.8312;0.0663;0.0204;0.7445;0.0001;398.58;33.045;10.19;355.31;0.0215;247.05;197.64;75.576;0.0042;2.9154;41.937;0.0111;44.848;0;1;0;0;0.999;0.9974;1;1;0.9975;0.1636;0.9609;0.9991;1;0.9565;0.7763;0.998;0.998;1;0.998;0.998;0.9565;0.9522;0.1267;1.2513;1.2889;0.0078;0.0093;0.0744;0.0084;0.0297;0.0078;0;0;0.088;0;1.018;0;0;0;0;0;0;0;0;0;0;0;0;0.0239;0.004;1.1236;1.1236;0;41.217;41.217;16.377;0.0411;1106.2;1015.7;1;0.0175;0.0175;0;0;0;0;0;0;1.106;1.018;0;17.105;19.807;15.499;17.947;98.439;98.439;10.001;8.9796;8.1362;1.0209;0.8434;0.1021;0.0843;0.8136;221.66;0.7566;0
25/02/21 13:00;58.186;39.169;24.123;68.604;21.396;90;21.396;626.9;385.4;241.5;27.24;4.41;0;259.38;296.19;84.465;0;4.3207;644.35;0;644.35;259.38;84.465;296.19;4.3207;0.4025;0.4664;0;0.0067;633.03;11.327;0;0;7.676;3.6509;621.5;10.256;0.2157;0.0702;9.8247;0.1453;631.76;1.2661;0.5188;0.1689;0.577;0.0013;622.61;258.65;84.226;278.11;0.5231;364.38;291.5;115.77;1.355;4.1081;59.093;1.1067;61.847;0;1;0;0;1.0278;0.9824;1;1;0.9741;0.155;0.9838;0.9992;1;0.9659;0.7826;0.998;0.998;1;0.998;0.998;0.9645;0.939;0.1211;1.935;1.9998;0.012;0.0005;0.1978;0.0125;0.0444;0.0106;0;0;0.088;0;1.563;0;0;0;0;0;0;0;0;0;0;0;0;0.0358;0.009;1.6772;1.6772;0;52.976;52.976;25.735;0.0414;1718.5;975.96;1;0.0262;0.0262;0;0;0;0;0;0;1.651;1.563;0;16.512;19.12;15.388;17.818;98.438;98.438;15.464;13.404;12.491;2.0603;0.9127;0.1332;0.059;0.8077;185.31;0.7559;0
25/02/21 14:00;48.883;58.778;19.93;53.26;36.74;90;36.74;916.7;151.3;765.4;27.78;4.43;0;955.13;36.865;137.73;0;18.209;1147.9;0;1147.9;955.13;137.73;36.865;18.209;0.832;0.048;0;0.0159;1129.1;18.779;0;0;2.2594;16.519;1124.8;2.077;0.6562;0.0946;1.1144;0.2118;1126.9;2.2583;1.9103;0.2755;0.0692;0.0034;1129.9;952.56;137.36;33.422;1.4746;452.93;362.34;147.68;1.1263;4.8249;69.405;5.1171;73.103;0;1;0;0;1.2522;0.9836;1;1;0.9387;0.0928;0.9982;0.9993;1;0.9677;0.8744;0.998;0.998;1;0.998;0.998;0.9799;0.9066;0.081;3.4472;3.5495;0.0214;0.0089;0.629;0.0202;0.0718;0.0113;0;0;0.088;0;2.5678;0;0;0;0;0;0;0;0;0;0;0;0;0.0578;0.0269;2.7023;2.7023;0;75.207;75.207;47.427;0.0422;3054;884.85;1;0.0465;0.0465;0;0;0;0;0;0;2.6558;2.5678;0;14.933;17.292;14.19;16.432;98.281;98.281;27.55;21.597;20.522;5.9535;1.0746;0.2161;0.039;0.7449;25.556;0.7126;0
25/02/21 15:00;37.712;72.249;13.957;39.072;50.928;90;50.928;669;125.6;543.4;28.66;4.57;0;862.12;37.08;127.1;0;24.733;1051;0;1051;862.12;127.1;37.08;24.733;0.8203;0.0588;0;0.0235;1024.2;26.867;0;0;3.6871;23.18;1020.5;1.6498;0.4148;0.0612;1.11;0.0639;1022.1;2.0483;1.7242;0.2542;0.0668;0.0031;1026.1;859.99;126.79;32.216;1.4856;246.85;197.48;76.686;3.4826;3.0632;44.063;5.6239;43.644;0;1;0;0;1.5711;0.9744;1;1;0.9006;0.0628;0.9984;0.9995;1;0.9667;0.9588;0.998;0.998;1;0.998;0.998;0.9709;0.8688;0.0601;3.1563;3.1834;0.0192;0.0021;0.5236;0.0185;0.0655;0.0073;0;0;0.088;0;2.3431;0;0;0;0;0;0;0;0;0;0;0;0;0.0527;0.0219;2.4726;2.4726;0;71.55;71.55;42.889;0.042;2741.9;901.79;1;0.0415;0.0415;0;0;0;0;0;0;2.4311;2.3431;0;14.924;17.281;14.142;16.376;98.321;98.321;25.225;19.761;18.726;5.4637;1.0352;0.2166;0.041;0.7424;29.221;0.7198;0
25/02/21 16:00;25.747;82.572;7.8201;25.937;60;90;60;404.09;167;237.1;27.47;4.12;0;540.72;76.165;149.25;0;20.205;786.34;0;786.34;540.72;149.25;76.165;20.205;0.6876;0.1226;0;0.0257;757.78;28.557;0;0;9.6054;18.952;753.65;2.6203;0.1458;0.0402;2.3491;0.0852;756.27;1.5156;1.0814;0.2985;0.1331;0.0025;756.67;539.49;148.91;64.077;1.1651;85.752;68.601;31.06;12.738;1.5261;21.952;3.0203;10.74;0;1;0;0;1.9459;0.9637;1;1;0.8739;0.062;0.9965;0.9997;1;0.9646;0.9319;0.998;0.998;1;0.998;0.998;0.9584;0.8413;0.0577;2.3614;2.3253;0.014;-0.0017;0.278;0.0142;0.0505;0.0038;0;0;0.088;0;1.7954;0;0;0;0;0;0;0;0;0;0;0;0;0.0407;0.0121;1.9136;1.9136;0;58.814;58.814;31.344;0.0416;2005;954.45;1;0.0303;0.0303;0;0;0;0;0;0;1.8834;1.7954;0;15.438;17.877;14.484;16.772;98.418;98.418;18.872;15.294;14.349;3.5783;0.9452;0.1896;0.0501;0.7603;66.307;0.7447;0
25/02/21 17:00;13.508;91.465;55.494;13.512;21.006;90;21.006;185.21;129.6;55.608;27.24;3.1899;0;134.86;103.88;53.728;0;1.2308;293.7;0;293.7;134.86;53.728;103.88;1.2308;0.4592;0.3579;0;0.0042;290.05;3.6521;0;0;2.6137;1.0384;281.8;7.664;2.9771;1.186;3.459;0.042;289.47;0.5801;0.2697;0.1075;0.2025;0.0004;281.99;131.62;52.434;97.601;0.1501;65.242;52.194;20.415;0.4442;0.7691;11.063;0.1869;11.387;0;1;0;0;1.5858;0.9876;1;1;0.9748;0.1563;0.9735;0.9779;1;0.9658;0.7814;0.998;0.998;1;0.998;0.998;0.9595;0.9396;0.1219;0.882;0.8726;0.0053;0.0151;0.0434;0.0057;0.0201;0.002;0;0;0.088;0;0.6626;0;0;0;0;0;0;0;0;0;0;0;0;0.0162;0.002;0.7629;0.7629;0;38.823;38.823;11.582;0.0411;749.47;1018;1;0.0123;0.0123;0;0;0;0;0;0;0.7506;0.6626;0;16.479;19.082;14.311;16.572;98.384;98.384;7.0488;6.0973;5.2955;0.9515;0.8019;0.135;0.1138;0.7513;64.861;0.7307;0
25/02/21 18:00;3.7346;98.26;80.911;3.7736;5.4112;90;5.4112;2.5981;2.5981;0;24.55;3.5001;0;0;2.5923;0;0;0.0012;2.5935;2.5935;0;0;0;0;0;1;1;1;1;0;0;0;0;0;0;0;0;0;0;0;0;0;0;0;0;0;0;0;0;0;0;0;0;0;0;0;0;0;0;0;0;0;0;0;0;1;1;1;1;1;1;1;1;1;1;1;1;1;0;0;1;0;0;0;0;0;0;0;0;0;0;0;0.0004;0.088;0;-0.0884;0;0;0;0;0;0;0;0;0;0;0;0;0;0;0;0;0;0;0;-24.55;0;0;0;0;0.0004;0;0;0;0;0;0;0;-0.0004;-0.0884;0;0;0;0;0;0;0;0;0;-0.7063;0;0.7063;1;1;0;0;0;0
25/02/21 19:00;0;0;90;0;0;90;0;0;0;0;21.54;3.79;0;0;0;0;0;0;0;0;0;0;0;0;0;1;1;1;1;0;0;0;0;0;0;0;0;0;0;0;0;0;0;0;0;0;0;0;0;0;0;0;0;0;0;0;0;0;0;0;0;0;0;0;1;1;1;1;1;1;1;1;1;1;1;1;1;1;1;1;1;1;1;0;0;0;0;0;0;0;0;0;0.0004;0.088;0;-0.0884;0;0;0;0;0;0;0;0;0;0;0;0;0;0;0;0;0;0;0;-21.54;0;0;0;0;0.0004;0;0;0;0;0;0;0;-0.0004;-0.0884;0;0;0;0;0;0;0;0;0;-0.7063;0;0.7063;1;1;0;0;0;0
25/02/21 20:00;0;0;90;0;0;90;0;0;0;0;19.84;3.78;0;0;0;0;0;0;0;0;0;0;0;0;0;1;1;1;1;0;0;0;0;0;0;0;0;0;0;0;0;0;0;0;0;0;0;0;0;0;0;0;0;0;0;0;0;0;0;0;0;0;0;0;1;1;1;1;1;1;1;1;1;1;1;1;1;1;1;1;1;1;1;0;0;0;0;0;0;0;0;0;0.0004;0.088;0;-0.0884;0;0;0;0;0;0;0;0;0;0;0;0;0;0;0;0;0;0;0;-19.84;0;0;0;0;0.0004;0;0;0;0;0;0;0;-0.0004;-0.0884;0;0;0;0;0;0;0;0;0;-0.7063;0;0.7063;1;1;0;0;0;0
25/02/21 21:00;0;0;90;0;0;90;0;0;0;0;18.48;3.61;0;0;0;0;0;0;0;0;0;0;0;0;0;1;1;1;1;0;0;0;0;0;0;0;0;0;0;0;0;0;0;0;0;0;0;0;0;0;0;0;0;0;0;0;0;0;0;0;0;0;0;0;1;1;1;1;1;1;1;1;1;1;1;1;1;1;1;1;1;1;1;0;0;0;0;0;0;0;0;0;0.0004;0.088;0;-0.0884;0;0;0;0;0;0;0;0;0;0;0;0;0;0;0;0;0;0;0;-18.48;0;0;0;0;0.0004;0;0;0;0;0;0;0;-0.0004;-0.0884;0;0;0;0;0;0;0;0;0;-0.7063;0;0.7063;1;1;0;0;0;0
25/02/21 22:00;0;0;90;0;0;90;0;0;0;0;14.2;3.4201;0;0;0;0;0;0;0;0;0;0;0;0;0;1;1;1;1;0;0;0;0;0;0;0;0;0;0;0;0;0;0;0;0;0;0;0;0;0;0;0;0;0;0;0;0;0;0;0;0;0;0;0;1;1;1;1;1;1;1;1;1;1;1;1;1;1;1;1;1;1;1;0;0;0;0;0;0;0;0;0;0.0004;0.088;0;-0.0884;0;0;0;0;0;0;0;0;0;0;0;0;0;0;0;0;0;0;0;-14.2;0;0;0;0;0.0004;0;0;0;0;0;0;0;-0.0004;-0.0884;0;0;0;0;0;0;0;0;0;-0.7063;0;0.7063;1;1;0;0;0;0
25/02/21 23:00;0;0;90;0;0;90;0;0;0;0;12.94;3.24;0;0;0;0;0;0;0;0;0;0;0;0;0;1;1;1;1;0;0;0;0;0;0;0;0;0;0;0;0;0;0;0;0;0;0;0;0;0;0;0;0;0;0;0;0;0;0;0;0;0;0;0;1;1;1;1;1;1;1;1;1;1;1;1;1;1;1;1;1;1;1;0;0;0;0;0;0;0;0;0;0.0004;0.088;0;-0.0884;0;0;0;0;0;0;0;0;0;0;0;0;0;0;0;0;0;0;0;-12.94;0;0;0;0;0.0004;0;0;0;0;0;0;0;-0.0004;-0.0884;0;0;0;0;0;0;0;0;0;-0.7063;0;0.7063;1;1;0;0;0;0
26/02/21 00:00;0;0;90;0;0;90;0;0;0;0;12.38;3.0399;0;0;0;0;0;0;0;0;0;0;0;0;0;1;1;1;1;0;0;0;0;0;0;0;0;0;0;0;0;0;0;0;0;0;0;0;0;0;0;0;0;0;0;0;0;0;0;0;0;0;0;0;1;1;1;1;1;1;1;1;1;1;1;1;1;1;1;1;1;1;1;0;0;0;0;0;0;0;0;0;0.0004;0.088;0;-0.0884;0;0;0;0;0;0;0;0;0;0;0;0;0;0;0;0;0;0;0;-12.38;0;0;0;0;0.0004;0;0;0;0;0;0;0;-0.0004;-0.0884;0;0;0;0;0;0;0;0;0;-0.7063;0;0.7063;1;1;0;0;0;0
26/02/21 01:00;0;0;90;0;0;90;0;0;0;0;11.18;2.8501;0;0;0;0;0;0;0;0;0;0;0;0;0;1;1;1;1;0;0;0;0;0;0;0;0;0;0;0;0;0;0;0;0;0;0;0;0;0;0;0;0;0;0;0;0;0;0;0;0;0;0;0;1;1;1;1;1;1;1;1;1;1;1;1;1;1;1;1;1;1;1;0;0;0;0;0;0;0;0;0;0.0004;0.088;0;-0.0884;0;0;0;0;0;0;0;0;0;0;0;0;0;0;0;0;0;0;0;-11.18;0;0;0;0;0.0004;0;0;0;0;0;0;0;-0.0004;-0.0884;0;0;0;0;0;0;0;0;0;-0.7063;0;0.7063;1;1;0;0;0;0
26/02/21 02:00;0;0;90;0;0;90;0;0;0;0;11.21;2.6901;0;0;0;0;0;0;0;0;0;0;0;0;0;1;1;1;1;0;0;0;0;0;0;0;0;0;0;0;0;0;0;0;0;0;0;0;0;0;0;0;0;0;0;0;0;0;0;0;0;0;0;0;1;1;1;1;1;1;1;1;1;1;1;1;1;1;1;1;1;1;1;0;0;0;0;0;0;0;0;0;0.0004;0.088;0;-0.0884;0;0;0;0;0;0;0;0;0;0;0;0;0;0;0;0;0;0;0;-11.21;0;0;0;0;0.0004;0;0;0;0;0;0;0;-0.0004;-0.0884;0;0;0;0;0;0;0;0;0;-0.7063;0;0.7063;1;1;0;0;0;0
26/02/21 03:00;0;0;90;0;0;90;0;0;0;0;10.8;2.52;0;0;0;0;0;0;0;0;0;0;0;0;0;1;1;1;1;0;0;0;0;0;0;0;0;0;0;0;0;0;0;0;0;0;0;0;0;0;0;0;0;0;0;0;0;0;0;0;0;0;0;0;1;1;1;1;1;1;1;1;1;1;1;1;1;1;1;1;1;1;1;0;0;0;0;0;0;0;0;0;0.0004;0.088;0;-0.0884;0;0;0;0;0;0;0;0;0;0;0;0;0;0;0;0;0;0;0;-10.8;0;0;0;0;0.0004;0;0;0;0;0;0;0;-0.0004;-0.0884;0;0;0;0;0;0;0;0;0;-0.7063;0;0.7063;1;1;0;0;0;0
26/02/21 04:00;0;0;90;0;0;90;0;0;0;0;9.5001;2.3099;0;0;0;0;0;0;0;0;0;0;0;0;0;1;1;1;1;0;0;0;0;0;0;0;0;0;0;0;0;0;0;0;0;0;0;0;0;0;0;0;0;0;0;0;0;0;0;0;0;0;0;0;1;1;1;1;1;1;1;1;1;1;1;1;1;1;1;1;1;1;1;0;0;0;0;0;0;0;0;0;0.0004;0.088;0;-0.0884;0;0;0;0;0;0;0;0;0;0;0;0;0;0;0;0;0;0;0;-9.5001;0;0;0;0;0.0004;0;0;0;0;0;0;0;-0.0004;-0.0884;0;0;0;0;0;0;0;0;0;-0.7063;0;0.7063;1;1;0;0;0;0
26/02/21 05:00;1.4417;-99.419;86.502;1.4614;2.0847;-90;-2.0847;0;0;0;10.02;2.29;0;0;0;0;0;0;0;0;0;0;0;0;0;1;1;1;1;0;0;0;0;0;0;0;0;0;0;0;0;0;0;0;0;0;0;0;0;0;0;0;0;0;0;0;0;0;0;0;0;0;0;0;1;1;1;1;1;1;1;1;1;1;1;1;1;1;1;1;1;1;1;0;0;0;0;0;0;0;0;0;0.0004;0.088;0;-0.0884;0;0;0;0;0;0;0;0;0;0;0;0;0;0;0;0;0;0;0;-10.02;0;0;0;0;0.0004;0;0;0;0;0;0;0;-0.0004;-0.0884;0;0;0;0;0;0;0;0;0;-0.7063;0;0.7063;1;1;0;0;0;0
26/02/21 06:00;8.7472;-94.312;68.357;8.7716;12.935;-90;-12.935;121.9;20.102;101.79;10.88;2.5599;0;246.88;10.304;23.442;0;0.3093;280.93;0;280.93;246.88;23.442;10.304;0.3093;0.8788;0.0378;0;0.0011;280.56;0.3727;0;0;0.1149;0.2578;255.24;24.764;22.244;2.1121;0.3968;0.0115;280;0.5611;0.4938;0.0469;0.0204;0.0001;255.24;224.14;21.283;9.7721;0.0398;6.7734;5.4187;2.1753;0.0079;0.0737;1.0606;0.0054;1.1264;0;1;0;0;2.3047;0.9987;1;1;0.9888;0.1665;0.9116;0.9097;1;0.961;0.7753;0.998;0.998;1;0.998;0.998;0.9085;0.9484;0.1288;0.8436;0.771;0.0046;0.0162;-0.0104;0.0053;0.0189;0.0002;0;0;0.088;0;0.6187;0;0;0;0;0;0;0;0;0;0;0;0;0.0152;0.0016;0.7192;0.7192;0;21.223;21.223;10.343;0.0405;660.33;1089.2;1;0.0125;0.0125;0;0;0;0;0;0;0.7067;0.6187;0;16.241;18.806;13.97;16.177;98.255;98.255;6.7424;5.7481;4.9446;0.9943;0.8036;0.1475;0.1192;0.7334;6.2273;0.7313;0
26/02/21 07:00;21.003;-85.646;29.626;21.059;39.57;-90;-39.57;346.41;57.1;289.31;16.99;4.3001;0;701.65;21.243;80.296;0;7.9382;811.13;0;811.13;701.65;80.296;21.243;7.9382;0.865;0.036;0;0.0098;802.4;8.7288;0;0;1.4582;7.2706;799.29;1.5007;0.7166;0.082;0.6387;0.0634;800.79;1.6048;1.4033;0.1606;0.0396;0.0013;799.55;699.53;80.053;19.107;0.6029;16.657;13.325;5.2919;0.8358;0.2381;3.4251;0.2582;2.8274;0;1;0;0;2.3415;0.9892;1;1;0.9314;0.0841;0.9981;0.999;1;0.9677;0.9048;0.998;0.998;1;0.998;0.998;0.9854;0.8994;0.0759;2.4358;2.4154;0.0145;-0.002;0.2118;0.0153;0.0544;0.0006;0;0;0.088;0;1.942;0;0;0;0;0;0;0;0;0;0;0;0;0.0438;0.013;2.0639;2.0639;0;49.986;49.986;32.996;0.0413;2082;991.28;1;0.0338;0.0338;0;0;0;0;0;0;2.03;1.942;0;16.141;18.691;15.188;17.588;98.36;98.36;19.467;16.495;15.521;2.9725;0.9738;0.1527;0.05;0.7973;15.077;0.7948;0
26/02/21 08:00;33.104;-75.978;11.711;33.901;56.099;-90;-56.099;565.19;93.2;471.99;19.51;4.9499;0;846.22;27.527;103.73;0;24.995;1002.5;0;1002.5;846.22;103.73;27.527;24.995;0.8441;0.0524;0;0.0249;975.91;26.563;0;0;3.1428;23.421;972.67;1.2916;0.3416;0.0419;0.8353;0.0729;973.96;1.9518;1.6924;0.2075;0.0488;0.0031;977.51;844.19;103.48;23.501;1.4982;163.01;130.41;50.608;3.6296;2.1112;30.369;4.8409;28.85;0;1;0;0;1.7737;0.9735;1;1;0.8858;0.063;0.9987;0.9996;1;0.9657;0.9536;0.998;0.998;1;0.998;0.998;0.9703;0.8537;0.0599;3.0104;3.0082;0.0181;0;0.3698;0.0183;0.065;0.0053;0;0;0.088;0;2.3292;0;0;0;0;0;0;0;0;0;0;0;0;0.0524;0.0196;2.4596;2.4596;0;59.998;59.998;40.488;0.0416;2589.7;949.77;1;0.0424;0.0424;0;0;0;0;0;0;2.4172;2.3292;0;15.564;18.023;14.739;17.067;98.274;98.274;24.059;19.657;18.615;4.4023;1.0425;0.183;0.0433;0.7737;22.922;0.7565;0
26/02/21 09:00;44.627;-63.913;18.238;47.701;42.299;-90;-42.299;755.6;124.7;630.9;21.78;5.0801;0;852.98;38.49;108.76;0;19.673;1019.9;0;1019.9;852.98;108.76;38.49;19.673;0.8363;0.057;0;0.0193;998.84;21.067;0;0;2.9158;18.151;994.97;1.8705;0.5363;0.0684;1.1514;0.1145;996.84;1.9977;1.706;0.2175;0.0711;0.003;1000.1;850.74;108.48;34.352;1.4037;344.71;275.76;112.71;1.9044;3.7196;53.505;5.1434;55.32;0;1;0;0;1.3498;0.9793;1;1;0.9242;0.0773;0.9981;0.9994;1;0.9676;0.9246;0.998;0.998;1;0.998;0.998;0.9756;0.8925;0.0714;3.0628;3.125;0.0188;0.0013;0.4209;0.0188;0.0666;0.0092;0;0;0.088;0;2.3833;0;0;0;0;0;0;0;0;0;0;0;0;0.0537;0.0211;2.5147;2.5147;0;63.311;63.311;41.531;0.0417;2686.9;935.91;1;0.0434;0.0434;0;0;0;0;0;0;2.4713;2.3833;0;15.641;18.112;14.823;17.165;98.273;98.273;24.478;20.097;19.047;4.3805;1.0503;0.179;0.0429;0.7781;27.962;0.7487;0
26/02/21 10:00;54.762;-47.019;23.164;62.67;27.33;-90;-27.33;896.7;148;748.7;23.03;5.0801;0;842.77;47.724;109.7;0;10.009;1010.2;0;1010.2;842.77;109.7;47.724;10.009;0.8343;0.0572;0;0.0099;999.71;10.49;0;0;1.8281;8.6619;995.19;2.5256;0.673;0.0876;1.5072;0.2579;997.71;1.9994;1.6855;0.2194;0.0918;0.0027;997.79;840.41;109.39;44.297;1.0869;486.26;389;159.78;0.5249;5.055;72.715;2.5993;77.245;0;1;0;0;1.1266;0.9896;1;1;0.9617;0.1346;0.9975;0.9992;1;0.9671;0.8082;0.998;0.998;1;0.998;0.998;0.9851;0.9282;0.1086;3.0336;3.1585;0.019;0.0017;0.4402;0.0189;0.067;0.0124;0;0;0.088;0;2.3924;0;0;0;0;0;0;0;0;0;0;0;0;0.0539;0.0215;2.5239;2.5239;0;64.615;64.615;41.585;0.0418;2715;929.62;1;0.0435;0.0435;0;0;0;0;0;0;2.4804;2.3924;0;15.849;18.353;15.023;17.397;98.278;98.278;24.245;20.171;19.12;4.0737;1.0507;0.168;0.0433;0.7886;30.902;0.7483;0
26/02/21 11:00;61.786;-21.888;26.02;78.689;11.311;-90;-11.311;973.41;160.6;812.81;23.75;5.07;0;828.91;53.66;108.52;0;1.8906;992.98;0;992.98;828.91;108.52;53.66;1.8906;0.8348;0.0559;0;0.0019;990.93;2.0533;0;0;0.4775;1.5758;985.91;3.0374;0.7435;0.0973;2.126;0.0706;988.95;1.9819;1.6578;0.217;0.1064;0.0006;986.3;826.51;108.21;50.95;0.2435;566.87;453.5;180.49;0.0253;6.2303;89.621;0.3876;95.826;0;1;0;0;1.0201;0.9979;1;1;0.9911;0.1665;0.9969;0.9991;1;0.9599;0.7752;0.998;0.998;1;0.998;0.998;0.9929;0.9495;0.1288;2.9819;3.1596;0.019;0.0018;0.4442;0.0189;0.0669;0.0153;0;0;0.088;0;2.3869;0;0;0;0;0;0;0;0;0;0;0;0;0.0539;0.0215;2.5182;2.5182;0;64.958;64.958;41.208;0.0418;2714.6;927.65;1;0.0433;0.0433;0;0;0;0;0;0;2.4749;2.3869;0;16.087;18.629;15.249;17.657;98.281;98.281;23.832;20.125;19.076;3.7063;1.0492;0.1555;0.044;0.8005;32.275;0.7498;0
26/02/21 12:00;63.046;10.373;26.478;84.768;5.2316;90;5.2316;993.3;163.8;829.5;25.35;5.13;0;832.97;54.19;109.95;0;0.4138;997.52;0;997.52;832.97;109.95;54.19;0.4138;0.835;0.0547;0;0.0004;997.04;0.4833;0;0;0.1373;0.3461;991.82;3.2233;0.7603;0.1004;2.3475;0.0151;995.05;1.9941;1.6659;0.2199;0.1081;0.0001;991.87;830.54;109.63;51.598;0.0524;584.3;467.44;187.28;0.0008;6.3401;91.199;0.0422;97.539;0;1;0;0;1.0043;0.9995;1;1;0.9975;0.1636;0.9968;0.9991;1;0.9565;0.7763;0.998;0.998;1;0.998;0.998;0.9943;0.9522;0.1267;2.9956;3.1797;0.0191;0.002;0.469;0.0188;0.0668;0.0154;0;0;0.088;0;2.382;0;0;0;0;0;0;0;0;0;0;0;0;0.0538;0.0218;2.513;2.513;0;66.872;66.872;41.522;0.0419;2732.8;919.56;1;0.0429;0.0429;0;0;0;0;0;0;2.47;2.382;0;15.981;18.506;15.148;17.541;98.291;98.291;23.941;20.084;19.037;3.857;1.0465;0.1611;0.0437;0.7952;32.192;0.7442;0
26/02/21 13:00;57.847;38.863;24.48;68.475;21.525;90;21.525;933.21;155.5;777.7;25.98;5.1099;0;836.01;51.049;110.3;0;6.5083;1003.9;0;1003.9;836.01;110.3;51.049;6.5083;0.8328;0.0573;0;0.0065;997.03;6.838;0;0;1.3358;5.5023;992.33;2.7076;0.7055;0.0931;1.6912;0.2178;995.04;1.9941;1.672;0.2206;0.0994;0.002;993.95;833.63;109.99;47.923;0.7862;524;419.2;169.12;0.2401;5.6252;80.916;1.6239;86.301;0;1;0;0;1.0757;0.9932;1;1;0.9738;0.1546;0.9973;0.9992;1;0.9659;0.783;0.998;0.998;1;0.998;0.998;0.9885;0.9388;0.1208;3.0146;3.1643;0.019;0.0018;0.4745;0.0187;0.0663;0.0136;0;0;0.088;0;2.3649;0;0;0;0;0;0;0;0;0;0;0;0;0.0534;0.0216;2.4954;2.4954;0;67.546;67.546;41.566;0.0419;2720.7;917.18;1;0.0425;0.0425;0;0;0;0;0;0;2.4529;2.3649;0;15.769;18.26;14.944;17.305;98.298;98.298;24.093;19.943;18.9;4.1498;1.0427;0.1722;0.0433;0.7845;31.961;0.7398;0
26/02/21 14:00;48.591;58.418;20.267;53.083;36.917;90;36.917;731.3;205.2;526.1;26.54;4.9201;0;658.03;91.598;129.32;0;14.662;893.61;0;893.61;658.03;129.32;91.598;14.662;0.7364;0.1189;0;0.0164;874.64;18.968;0;0;5.6562;13.312;869.41;3.4848;0.4597;0.0904;2.7678;0.1669;872.89;1.7493;1.3161;0.2586;0.1719;0.0027;873.62;656.25;128.98;83.002;1.1806;370.03;296.03;120.91;2.8372;4.0498;58.254;4.2142;59.467;0;1;0;0;1.222;0.9788;1;1;0.9382;0.0921;0.996;0.9993;1;0.9677;0.8761;0.998;0.998;1;0.998;0.998;0.9729;0.9062;0.0805;2.6835;2.7541;0.0166;-0.0018;0.3674;0.0166;0.0589;0.01;0;0;0.088;0;2.0979;0;0;0;0;0;0;0;0;0;0;0;0;0.0474;0.0166;2.2224;2.2224;0;62.813;62.813;36.273;0.0417;2370;937.72;1;0.0364;0.0364;0;0;0;0;0;0;2.1859;2.0979;0;15.776;18.269;14.893;17.246;98.362;98.362;21.447;17.761;16.767;3.6856;0.9943;0.1718;0.0464;0.7818;63.591;0.7454;0
26/02/21 15:00;37.451;71.907;14.273;38.863;51.137;90;51.137;643.39;138.2;505.19;26.79;4.74;0;805.14;45.345;131.44;0;23.969;1005.9;0;1005.9;805.14;131.44;45.345;23.969;0.8004;0.0689;0;0.0238;978.9;27.004;0;0;4.5359;22.468;975.06;1.8802;0.3961;0.0647;1.3579;0.0615;976.94;1.9578;1.6103;0.2629;0.0816;0.003;980.59;803.13;131.12;39.37;1.4364;239.2;191.36;74.46;4.3186;3.0196;43.435;5.531;42.136;0;1;0;0;1.5634;0.9732;1;1;0.9;0.0626;0.9981;0.9995;1;0.9667;0.959;0.998;0.998;1;0.998;0.998;0.9693;0.8682;0.0599;3.0207;3.045;0.0183;0.0003;0.4581;0.018;0.0638;0.0073;0;0;0.088;0;2.2793;0;0;0;0;0;0;0;0;0;0;0;0;0.0513;0.0201;2.4077;2.4077;0;67.635;67.635;40.845;0.0419;2620.9;918.65;1;0.0404;0.0404;0;0;0;0;0;0;2.3673;2.2793;0;15.184;17.583;14.374;16.645;98.322;98.322;24.142;19.242;18.216;4.8993;1.0263;0.2029;0.0425;0.7545;35.811;0.7309;0
26/02/21 16:00;25.502;82.256;8.1941;25.707;60;90;60;421.5;146;275.5;26.97;4.03;0;633.36;59.166;154.28;0;21.075;867.88;0;867.88;633.36;154.28;59.166;21.075;0.7298;0.0925;0;0.0243;840.65;27.23;0;0;7.4616;19.768;836.83;2.1361;0.1789;0.0436;1.8248;0.0888;838.97;1.6813;1.2667;0.3086;0.1034;0.0026;839.24;631.92;153.93;49.776;1.2153;70.95;56.76;26.076;9.8967;1.1963;17.209;2.4069;8.5082;0;1;0;0;2.059;0.9686;1;1;0.8739;0.062;0.9975;0.9997;1;0.9646;0.9319;0.998;0.998;1;0.998;0.998;0.9642;0.8413;0.0577;2.6062;2.564;0.0154;-0.0022;0.3339;0.0155;0.055;0.003;0;0;0.088;0;1.9632;0;0;0;0;0;0;0;0;0;0;0;0;0.0443;0.0145;2.0845;2.0845;0;61.858;61.858;34.887;0.0417;2210.9;942.8;1;0.0332;0.0332;0;0;0;0;0;0;2.0512;1.9632;0;15.236;17.643;14.35;16.617;98.405;98.405;20.829;16.659;15.69;4.1699;0.969;0.2002;0.0465;0.7533;51.508;0.7423;0
26/02/21 17:00;13.266;91.169;56.184;13.269;20.555;90;20.555;155.69;128.5;27.188;25.85;2.6201;0;65.939;113.82;26.525;0;0.9912;207.28;0;207.28;65.939;26.525;113.82;0.9912;0.3181;0.5539;0;0.0048;203.68;3.6008;0;0;2.7661;0.8348;197.22;6.0522;1.5763;0.6341;3.8075;0.0343;203.27;0.4074;0.1319;0.0531;0.2221;0.0003;197.41;64.231;25.838;107.03;0.1218;71.098;56.878;22.176;0.4493;0.8404;12.089;0.1936;12.48;0;1;0;0;1.3313;0.9826;1;1;0.9757;0.1578;0.9702;0.976;1;0.9656;0.7801;0.998;0.998;1;0.998;0.998;0.9515;0.9403;0.1229;0.6225;0.6201;0.0037;0.0176;0.0201;0.0041;0.0144;0.0023;0;0;0.088;0;0.4478;0;0;0;0;0;0;0;0;0;0;0;0;0.0116;0.0011;0.5454;0.5454;0;33.945;33.945;8.0953;0.041;530.53;1027.9;1;0.0095;0.0095;0;0;0;0;0;0;0.5358;0.4478;0;16.69;19.327;13.706;15.871;98.255;98.255;4.9747;4.3585;3.5791;0.6162;0.7794;0.1239;0.1567;0.7195;70.911;0.6894;0
26/02/21 18:00;3.6912;97.833;81.017;3.7259;5.3419;90;5.3419;0;0;0;22.68;2.49;0;0;0;0;0;0;0;0;0;0;0;0;0;1;1;1;1;0;0;0;0;0;0;0;0;0;0;0;0;0;0;0;0;0;0;0;0;0;0;0;0;0;0;0;0;0;0;0;0;0;0;0;1;1;1;1;1;1;1;1;1;1;1;1;1;1;1;1;1;1;1;0;0;0;0;0;0;0;0;0;0.0004;0.088;0;-0.0884;0;0;0;0;0;0;0;0;0;0;0;0;0;0;0;0;0;0;0;-22.68;0;0;0;0;0.0004;0;0;0;0;0;0;0;-0.0004;-0.0884;0;0;0;0;0;0;0;0;0;-0.7063;0;0.7063;1;1;0;0;0;0
26/02/21 19:00;0;0;90;0;0;90;0;0;0;0;20.2;2.3801;0;0;0;0;0;0;0;0;0;0;0;0;0;1;1;1;1;0;0;0;0;0;0;0;0;0;0;0;0;0;0;0;0;0;0;0;0;0;0;0;0;0;0;0;0;0;0;0;0;0;0;0;1;1;1;1;1;1;1;1;1;1;1;1;1;1;1;1;1;1;1;0;0;0;0;0;0;0;0;0;0.0004;0.088;0;-0.0884;0;0;0;0;0;0;0;0;0;0;0;0;0;0;0;0;0;0;0;-20.2;0;0;0;0;0.0004;0;0;0;0;0;0;0;-0.0004;-0.0884;0;0;0;0;0;0;0;0;0;-0.7063;0;0.7063;1;1;0;0;0;0
26/02/21 20:00;0;0;90;0;0;90;0;0;0;0;16.63;2.2499;0;0;0;0;0;0;0;0;0;0;0;0;0;1;1;1;1;0;0;0;0;0;0;0;0;0;0;0;0;0;0;0;0;0;0;0;0;0;0;0;0;0;0;0;0;0;0;0;0;0;0;0;1;1;1;1;1;1;1;1;1;1;1;1;1;1;1;1;1;1;1;0;0;0;0;0;0;0;0;0;0.0004;0.088;0;-0.0884;0;0;0;0;0;0;0;0;0;0;0;0;0;0;0;0;0;0;0;-16.63;0;0;0;0;0.0004;0;0;0;0;0;0;0;-0.0004;-0.0884;0;0;0;0;0;0;0;0;0;-0.7063;0;0.7063;1;1;0;0;0;0
26/02/21 21:00;0;0;90;0;0;90;0;0;0;0;15.77;2.0899;0;0;0;0;0;0;0;0;0;0;0;0;0;1;1;1;1;0;0;0;0;0;0;0;0;0;0;0;0;0;0;0;0;0;0;0;0;0;0;0;0;0;0;0;0;0;0;0;0;0;0;0;1;1;1;1;1;1;1;1;1;1;1;1;1;1;1;1;1;1;1;0;0;0;0;0;0;0;0;0;0.0004;0.088;0;-0.0884;0;0;0;0;0;0;0;0;0;0;0;0;0;0;0;0;0;0;0;-15.77;0;0;0;0;0.0004;0;0;0;0;0;0;0;-0.0004;-0.0884;0;0;0;0;0;0;0;0;0;-0.7063;0;0.7063;1;1;0;0;0;0
26/02/21 22:00;0;0;90;0;0;90;0;0;0;0;16.66;1.86;0;0;0;0;0;0;0;0;0;0;0;0;0;1;1;1;1;0;0;0;0;0;0;0;0;0;0;0;0;0;0;0;0;0;0;0;0;0;0;0;0;0;0;0;0;0;0;0;0;0;0;0;1;1;1;1;1;1;1;1;1;1;1;1;1;1;1;1;1;1;1;0;0;0;0;0;0;0;0;0;0.0004;0.088;0;-0.0884;0;0;0;0;0;0;0;0;0;0;0;0;0;0;0;0;0;0;0;-16.66;0;0;0;0;0.0004;0;0;0;0;0;0;0;-0.0004;-0.0884;0;0;0;0;0;0;0;0;0;-0.7063;0;0.7063;1;1;0;0;0;0
26/02/21 23:00;0;0;90;0;0;90;0;0;0;0;15.57;1.89;0;0;0;0;0;0;0;0;0;0;0;0;0;1;1;1;1;0;0;0;0;0;0;0;0;0;0;0;0;0;0;0;0;0;0;0;0;0;0;0;0;0;0;0;0;0;0;0;0;0;0;0;1;1;1;1;1;1;1;1;1;1;1;1;1;1;1;1;1;1;1;0;0;0;0;0;0;0;0;0;0.0004;0.088;0;-0.0884;0;0;0;0;0;0;0;0;0;0;0;0;0;0;0;0;0;0;0;-15.57;0;0;0;0;0.0004;0;0;0;0;0;0;0;-0.0004;-0.0884;0;0;0;0;0;0;0;0;0;-0.7063;0;0.7063;1;1;0;0;0;0
27/02/21 00:00;0;0;90;0;0;90;0;0;0;0;14.84;2.0701;0;0;0;0;0;0;0;0;0;0;0;0;0;1;1;1;1;0;0;0;0;0;0;0;0;0;0;0;0;0;0;0;0;0;0;0;0;0;0;0;0;0;0;0;0;0;0;0;0;0;0;0;1;1;1;1;1;1;1;1;1;1;1;1;1;1;1;1;1;1;1;0;0;0;0;0;0;0;0;0;0.0004;0.088;0;-0.0884;0;0;0;0;0;0;0;0;0;0;0;0;0;0;0;0;0;0;0;-14.84;0;0;0;0;0.0004;0;0;0;0;0;0;0;-0.0004;-0.0884;0;0;0;0;0;0;0;0;0;-0.7063;0;0.7063;1;1;0;0;0;0
27/02/21 01:00;0;0;90;0;0;90;0;0;0;0;14.98;2.18;0;0;0;0;0;0;0;0;0;0;0;0;0;1;1;1;1;0;0;0;0;0;0;0;0;0;0;0;0;0;0;0;0;0;0;0;0;0;0;0;0;0;0;0;0;0;0;0;0;0;0;0;1;1;1;1;1;1;1;1;1;1;1;1;1;1;1;1;1;1;1;0;0;0;0;0;0;0;0;0;0.0004;0.088;0;-0.0884;0;0;0;0;0;0;0;0;0;0;0;0;0;0;0;0;0;0;0;-14.98;0;0;0;0;0.0004;0;0;0;0;0;0;0;-0.0004;-0.0884;0;0;0;0;0;0;0;0;0;-0.7063;0;0.7063;1;1;0;0;0;0
27/02/21 02:00;0;0;90;0;0;90;0;0;0;0;14.16;2.28;0;0;0;0;0;0;0;0;0;0;0;0;0;1;1;1;1;0;0;0;0;0;0;0;0;0;0;0;0;0;0;0;0;0;0;0;0;0;0;0;0;0;0;0;0;0;0;0;0;0;0;0;1;1;1;1;1;1;1;1;1;1;1;1;1;1;1;1;1;1;1;0;0;0;0;0;0;0;0;0;0.0004;0.088;0;-0.0884;0;0;0;0;0;0;0;0;0;0;0;0;0;0;0;0;0;0;0;-14.16;0;0;0;0;0.0004;0;0;0;0;0;0;0;-0.0004;-0.0884;0;0;0;0;0;0;0;0;0;-0.7063;0;0.7063;1;1;0;0;0;0
27/02/21 03:00;0;0;90;0;0;90;0;0;0;0;14.25;2.4699;0;0;0;0;0;0;0;0;0;0;0;0;0;1;1;1;1;0;0;0;0;0;0;0;0;0;0;0;0;0;0;0;0;0;0;0;0;0;0;0;0;0;0;0;0;0;0;0;0;0;0;0;1;1;1;1;1;1;1;1;1;1;1;1;1;1;1;1;1;1;1;0;0;0;0;0;0;0;0;0;0.0004;0.088;0;-0.0884;0;0;0;0;0;0;0;0;0;0;0;0;0;0;0;0;0;0;0;-14.25;0;0;0;0;0.0004;0;0;0;0;0;0;0;-0.0004;-0.0884;0;0;0;0;0;0;0;0;0;-0.7063;0;0.7063;1;1;0;0;0;0
27/02/21 04:00;0;0;90;0;0;90;0;0;0;0;14.01;2.52;0;0;0;0;0;0;0;0;0;0;0;0;0;1;1;1;1;0;0;0;0;0;0;0;0;0;0;0;0;0;0;0;0;0;0;0;0;0;0;0;0;0;0;0;0;0;0;0;0;0;0;0;1;1;1;1;1;1;1;1;1;1;1;1;1;1;1;1;1;1;1;0;0;0;0;0;0;0;0;0;0.0004;0.088;0;-0.0884;0;0;0;0;0;0;0;0;0;0;0;0;0;0;0;0;0;0;0;-14.01;0;0;0;0;0.0004;0;0;0;0;0;0;0;-0.0004;-0.0884;0;0;0;0;0;0;0;0;0;-0.7063;0;0.7063;1;1;0;0;0;0
27/02/21 05:00;1.2575;-99.088;86.949;1.2735;1.8163;-90;-1.8163;0;0;0;13.62;2.41;0;0;0;0;0;0;0;0;0;0;0;0;0;1;1;1;1;0;0;0;0;0;0;0;0;0;0;0;0;0;0;0;0;0;0;0;0;0;0;0;0;0;0;0;0;0;0;0;0;0;0;0;1;1;1;1;1;1;1;1;1;1;1;1;1;1;1;1;1;1;1;0;0;0;0;0;0;0;0;0;0.0004;0.088;0;-0.0884;0;0;0;0;0;0;0;0;0;0;0;0;0;0;0;0;0;0;0;-13.62;0;0;0;0;0.0004;0;0;0;0;0;0;0;-0.0004;-0.0884;0;0;0;0;0;0;0;0;0;-0.7063;0;0.7063;1;1;0;0;0;0
27/02/21 06:00;8.568;-93.974;68.818;8.5884;12.646;-90;-12.646;35.709;34.803;0.906;14.3;3.05;0;2.1974;34.231;0.3689;0;0.0866;36.884;0;36.884;2.1974;0.3689;34.231;0.0866;0.0596;0.9304;0;0.0023;36.444;0.4397;0;0;0.3675;0.0722;34.8;1.5716;0.2084;0.035;1.3249;0.0032;36.371;0.0729;0.0044;0.0007;0.0677;0;34.817;1.9846;0.3332;32.471;0.0112;20.674;16.539;6.3363;0.0239;0.2447;3.5205;0.0169;3.7413;0;1;0;0;1.0329;0.9881;1;1;0.9893;0.1665;0.9568;0.905;1;0.9608;0.7753;0.998;0.998;1;0.998;0.998;0.9435;0.9486;0.1288;0.1108;0.1123;0.0007;0.0119;-0.0038;0.0007;0.0026;0.0006;0;0;0.088;0;0.0049;0;0;0;0;0;0;0;0;0;0;0;0;0.0021;0.0001;0.0975;0.0975;0;15.733;15.733;1.4329;0.0412;94.276;1033.8;1;0.0045;0.0045;0;0;0;0;0;0;0.0929;0.0049;0;16.763;19.411;0.846;0.9796;95.335;95.335;0.8852;0.7789;0.0393;0.1063;0.7396;0.12;0.8355;0.0444;20.669;0.0414;0
27/02/21 07:00;20.824;-85.289;30.438;20.888;38.963;-90;-38.963;445.7;73.497;372.2;17.79;1.64;0;902.7;16.171;134.12;0;9.9147;1062.9;0;1062.9;902.7;134.12;16.171;9.9147;0.8493;0.0245;0;0.0093;1052.8;10.142;0;0;1.0839;9.0585;1048.8;1.9108;1.1643;0.173;0.4866;0.0869;1050.7;2.1055;1.8054;0.2682;0.0302;0.0017;1048.9;899.73;133.68;14.57;0.7677;13.512;10.81;4.8428;0.6044;0.1526;2.1955;0.1431;1.7438;0;1;0;0;2.3848;0.9905;1;1;0.933;0.0864;0.9982;0.9987;1;0.9677;0.8984;0.998;0.998;1;0.998;0.998;0.9867;0.901;0.0774;3.1919;3.1638;0.019;0.0018;0.4054;0.0192;0.068;0.0004;0;0;0.088;0;2.4406;0;0;0;0;0;0;0;0;0;0;0;0;0.0547;0.0216;2.5737;2.5737;0;61.503;61.503;43.714;0.0417;2724.3;944.72;1;0.0451;0.0451;0;0;0;0;0;0;2.5286;2.4406;0;15.36;17.787;14.566;16.867;98.248;98.248;25.51;20.569;19.505;4.9411;1.0636;0.1937;0.0417;0.7646;11.418;0.7634;0
27/02/21 08:00;32.911;-75.589;12.06;33.752;56.248;-90;-56.248;273.31;234.3;39.007;21.94;2.4799;0;70.206;172.84;21.757;0;12.146;276.95;0;276.95;70.206;21.757;172.84;12.146;0.2535;0.6679;0;0.0439;245.76;31.19;0;0;19.809;11.381;239.94;5.3214;0.0292;0.009;5.2474;0.0358;245.27;0.4915;0.1404;0.0435;0.3061;0.0015;244.49;70.037;21.705;147.48;0.7277;157.53;126.02;56.012;22.967;2.8431;40.897;4.5501;20.773;0;1;0;0;1.0133;0.8874;1;1;0.8854;0.063;0.9783;0.9996;1;0.9656;0.9531;0.998;0.998;1;0.998;0.998;0.8664;0.8533;0.0599;0.8317;0.8226;0.005;0.0157;0.0199;0.0055;0.0194;0.0078;0;0;0.088;0;0.6318;0;0;0;0;0;0;0;0;0;0;0;0;0.0156;0.0018;0.732;0.732;0;31.755;31.755;9.8149;0.0409;702.05;1042.6;1;0.0122;0.0122;0;0;0;0;0;0;0.7198;0.6318;0;16.766;19.415;14.471;16.757;98.334;98.334;6.6467;5.85;5.0492;0.7968;0.8008;0.1199;0.1205;0.7597;144.16;0.684;0
27/02/21 09:00;44.405;-63.483;18.6;47.585;42.415;-90;-42.415;841.1;138.8;702.3;22.89;3.31;0;951.27;33.619;135.61;0;22.013;1142.5;0;1142.5;951.27;135.61;33.619;22.013;0.8326;0.0487;0;0.0193;1119.6;22.873;0;0;2.557;20.316;1115.6;1.8289;0.6099;0.087;1.0055;0.1264;1117.4;2.2393;1.9025;0.2712;0.0621;0.0034;1121.3;948.75;135.25;29.994;1.567;380.92;304.74;124.43;1.6802;4.0905;58.841;5.7198;61.251;0;1;0;0;1.3583;0.98;1;1;0.9239;0.0771;0.9984;0.9994;1;0.9676;0.9253;0.998;0.998;1;0.998;0.998;0.9764;0.8922;0.0712;3.431;3.5012;0.0211;0.0078;0.5508;0.0205;0.0725;0.0098;0;0;0.088;0;2.5982;0;0;0;0;0;0;0;0;0;0;0;0;0.0584;0.0263;2.7341;2.7341;0;69.712;69.712;46.823;0.042;3013.6;907.23;1;0.0479;0.0479;0;0;0;0;0;0;2.6862;2.5982;0;15.181;17.579;14.426;16.705;98.249;98.249;27.42;21.851;20.765;5.5695;1.0858;0.2031;0.0396;0.7573;24.448;0.7292;0
27/02/21 10:00;54.486;-46.571;23.537;62.603;27.397;-90;-27.397;601.51;339.3;262.21;26.03;4.01;0;295.33;246.13;88.474;0;6.7464;636.68;0;636.68;295.33;88.474;246.13;6.7464;0.4639;0.3972;0;0.0106;621.37;15.305;0;0;9.4648;5.8401;611.88;8.2539;0.2396;0.0718;7.7694;0.1731;620.13;1.2427;0.5907;0.1769;0.4733;0.0018;613.74;294.5;88.225;228.42;0.7314;342.72;274.18;111.2;2.7187;3.8076;54.771;1.8604;55.86;0;1;0;0;1.0585;0.976;1;1;0.9615;0.1343;0.9867;0.9992;1;0.9671;0.8086;0.998;0.998;1;0.998;0.998;0.961;0.9281;0.1084;1.9119;1.964;0.0118;0.0008;0.1827;0.0124;0.0439;0.0099;0;0;0.088;0;1.5444;0;0;0;0;0;0;0;0;0;0;0;0;0.0354;0.0087;1.6584;1.6584;0;51.334;51.334;25.303;0.0414;1687.1;983.01;1;0.026;0.026;0;0;0;0;0;0;1.6324;1.5444;0;16.524;19.134;15.388;17.819;98.434;98.434;15.28;13.254;12.343;2.0262;0.9109;0.1326;0.0596;0.8078;159.44;0.7589;0
27/02/21 11:00;61.44;-21.564;26.399;78.687;11.313;-90;-11.313;908.69;165.8;742.89;26.47;4.59;0;757.61;64.385;102.78;0;1.7657;926.54;0;926.54;757.61;102.78;64.385;1.7657;0.8177;0.0714;0;0.0019;924.5;2.0448;0;0;0.5731;1.4717;919.25;3.3997;0.6894;0.0935;2.5508;0.066;922.65;1.849;1.5152;0.2056;0.1276;0.0006;919.61;755.41;102.48;61.133;0.2274;529.38;423.51;168.44;0.0303;5.8261;83.807;0.3615;89.603;0;1;0;0;1.0196;0.9978;1;1;0.9911;0.1665;0.9963;0.9991;1;0.9599;0.7752;0.998;0.998;1;0.998;0.998;0.9921;0.9495;0.1288;2.7824;2.9465;0.0177;-0.0006;0.4144;0.0176;0.0624;0.0143;0;0;0.088;0;2.2242;0;0;0;0;0;0;0;0;0;0;0;0;0.0503;0.0188;2.3515;2.3515;0;64.889;64.889;38.419;0.0418;2531.3;928.95;1;0.0393;0.0393;0;0;0;0;0;0;2.3122;2.2242;0;16.1;18.643;15.228;17.634;98.328;98.328;22.237;18.793;17.776;3.4438;1.0175;0.1549;0.0458;0.7994;38.726;0.7487;0
27/02/21 12:00;62.668;10.339;26.852;84.7;5.2997;90;5.2997;998.3;164.7;833.59;27.93;5.0801;0;837.17;53.519;111.55;0;0.4268;1002.7;0;1002.7;837.17;111.55;53.519;0.4268;0.8349;0.0538;0;0.0004;1002.2;0.4953;0;0;0.1384;0.3569;996.95;3.2103;0.7749;0.1033;2.3165;0.0156;1000.2;2.0043;1.6743;0.2231;0.1068;0.0001;997;834.72;111.22;50.957;0.0541;587.2;469.76;188.22;0.0008;6.3707;91.64;0.0445;98.01;0;1;0;0;1.0044;0.9995;1;1;0.9974;0.1636;0.9968;0.9991;1;0.9565;0.7762;0.998;0.998;1;0.998;0.998;0.9943;0.9521;0.1268;3.011;3.196;0.0192;0.0023;0.5049;0.0187;0.0663;0.0153;0;0;0.088;0;2.3638;0;0;0;0;0;0;0;0;0;0;0;0;0.0534;0.022;2.494;2.494;0;69.768;69.768;41.838;0.042;2748;907.57;1;0.0422;0.0422;0;0;0;0;0;0;2.4518;2.3638;0;15.779;18.272;14.956;17.318;98.309;98.309;24.064;19.932;18.892;4.1317;1.0404;0.1717;0.0432;0.7851;31.796;0.7348;0
27/02/21 13:00;57.504;38.565;24.839;68.343;21.657;90;21.657;699.1;329.6;369.51;28.2;5.4101;0;397.57;217.85;111.66;0;4.9351;732.02;0;732.02;397.57;111.66;217.85;4.9351;0.5431;0.3043;0;0.0067;722.08;9.9313;0;0;5.7568;4.1745;712.83;7.8084;0.3404;0.0956;7.208;0.1644;720.64;1.4442;0.7951;0.2233;0.4242;0.0015;714.09;396.44;111.34;204.46;0.5947;400.83;320.67;128.17;1.0421;4.4368;63.821;1.2559;67.216;0;1;0;0;1.0471;0.9864;1;1;0.9736;0.1541;0.9892;0.9991;1;0.9659;0.7834;0.998;0.998;1;0.998;0.998;0.9738;0.9385;0.1205;2.1982;2.2853;0.0138;-0.0015;0.2652;0.0141;0.0498;0.0112;0;0;0.088;0;1.7633;0;0;0;0;0;0;0;0;0;0;0;0;0.0401;0.0116;1.881;1.881;0;57.826;57.826;29.626;0.0416;1966.5;956.53;1;0.0297;0.0297;0;0;0;0;0;0;1.8513;1.7633;0;16.301;18.876;15.281;17.695;98.422;98.422;17.568;15.033;14.093;2.5353;0.9406;0.1443;0.0535;0.8022;136.49;0.753;0
27/02/21 14:00;48.295;58.064;20.605;52.902;37.098;90;37.098;868.51;143.3;725.21;29.05;5.36;0;909.23;38.885;125.43;0;17.578;1091.1;0;1091.1;909.23;125.43;38.885;17.578;0.8333;0.0517;0;0.0161;1072.7;18.392;0;0;2.4196;15.972;1068.5;2.1052;0.6458;0.0891;1.1745;0.1958;1070.6;2.1455;1.8185;0.2509;0.0729;0.0032;1073.4;906.77;125.09;35.218;1.4071;427.76;342.21;139.49;1.2277;4.5663;65.685;4.9505;69.024;0;1;0;0;1.2563;0.9831;1;1;0.9378;0.0914;0.998;0.9993;1;0.9677;0.8779;0.998;0.998;1;0.998;0.998;0.9792;0.9057;0.08;3.2766;3.3715;0.0203;0.0052;0.5842;0.0193;0.0686;0.0108;0;0;0.088;0;2.4517;0;0;0;0;0;0;0;0;0;0;0;0;0.0552;0.0244;2.5835;2.5835;0;74.054;74.054;45.004;0.0421;2902.1;890.24;1;0.0438;0.0438;0;0;0;0;0;0;2.5397;2.4517;0;15.02;17.393;14.254;16.506;98.303;98.303;26.187;20.647;19.594;5.5394;1.0536;0.2115;0.0402;0.7482;27.036;0.716;0
27/02/21 15:00;37.186;71.568;14.59;38.649;51.351;90;51.351;630.21;144.4;485.81;29.1;5.04;0;777.85;49.539;133.56;0;23.661;984.61;0;984.61;777.85;133.56;49.539;23.661;0.79;0.0743;0;0.024;957.44;27.169;0;0;4.9855;22.183;953.52;2.0027;0.3912;0.0672;1.484;0.0603;955.53;1.9149;1.5557;0.2671;0.0891;0.003;958.83;775.91;133.22;42.98;1.4147;234.48;187.58;74.203;4.7865;2.9171;41.961;5.3115;40.092;0;1;0;0;1.5624;0.9724;1;1;0.8994;0.0625;0.9979;0.9995;1;0.9666;0.9591;0.998;0.998;1;0.998;0.998;0.9684;0.8676;0.0598;2.9568;2.9764;0.0179;-0.0003;0.4639;0.0175;0.0619;0.007;0;0;0.088;0;2.2127;0;0;0;0;0;0;0;0;0;0;0;0;0.0499;0.0192;2.3394;2.3394;0;69.091;69.091;39.991;0.0419;2562.3;913;1;0.0386;0.0386;0;0;0;0;0;0;2.3007;2.2127;0;15.072;17.453;14.256;16.508;98.348;98.348;23.631;18.696;17.684;4.9343;1.0121;0.2088;0.0428;0.7484;39.209;0.7252;0
27/02/21 16:00;25.253;81.941;8.5704;25.473;60;90;60;406.2;155.7;250.5;28.87;4.1;0;580.63;67.497;152.3;0;20.31;820.74;0;820.74;580.63;152.3;67.497;20.31;0.7075;0.107;0;0.0247;793.18;27.563;0;0;8.5123;19.051;789.21;2.3839;0.1715;0.045;2.0818;0.0856;791.59;1.5864;1.1613;0.3046;0.118;0.0025;791.58;579.3;151.95;56.785;1.1712;74.245;59.396;27.732;11.289;1.2837;18.465;2.3727;8.4592;0;1;0;0;2.0205;0.9664;1;1;0.8739;0.062;0.997;0.9997;1;0.9646;0.9319;0.998;0.998;1;0.998;0.998;0.9616;0.8413;0.0577;2.4647;2.4231;0.0146;-0.002;0.3153;0.0147;0.052;0.0032;0;0;0.088;0;1.8513;0;0;0;0;0;0;0;0;0;0;0;0;0.0419;0.0131;1.9704;1.9704;0;61.772;61.772;32.902;0.0417;2089.8;942.87;1;0.0311;0.0311;0;0;0;0;0;0;1.9393;1.8513;0;15.23;17.636;14.309;16.57;98.421;98.421;19.698;15.748;14.796;3.9501;0.9519;0.2005;0.0483;0.7511;58.761;0.7387;0
27/02/21 17:00;13.02;90.873;56.879;13.022;20.103;90;20.103;177.49;126.1;51.39;28.2;2.7801;0;124.64;102.22;50.135;0;1.0814;278.07;0;278.07;124.64;50.135;102.22;1.0814;0.4482;0.3715;0;0.0039;274.76;3.3062;0;0;2.3971;0.9091;266.21;8.0046;3.2314;1.2998;3.4353;0.038;274.21;0.5495;0.2493;0.1003;0.1996;0.0003;266.37;121.16;48.734;96.186;0.1339;63.892;51.113;19.934;0.3717;0.7528;10.829;0.164;11.21;0;1;0;0;1.5667;0.9881;1;1;0.9765;0.1593;0.9708;0.974;1;0.9655;0.7788;0.998;0.998;1;0.998;0.998;0.9573;0.941;0.1238;0.835;0.8251;0.005;0.0156;0.0421;0.0053;0.0189;0.002;0;0;0.088;0;0.6194;0;0;0;0;0;0;0;0;0;0;0;0;0.0152;0.0018;0.7191;0.7191;0;39.149;39.149;10.949;0.0411;708.53;1014.9;1;0.0117;0.0117;0;0;0;0;0;0;0.7074;0.6194;0;16.405;18.996;14.13;16.362;98.373;98.373;6.6737;5.7469;4.9501;0.9268;0.7968;0.1389;0.1194;0.7417;63.539;0.7207;0
27/02/21 18:00;3.442;97.548;81.628;3.472;4.974;90;4.974;0;0;0;24.96;2.83;0;0;0;0;0;0;0;0;0;0;0;0;0;1;1;1;1;0;0;0;0;0;0;0;0;0;0;0;0;0;0;0;0;0;0;0;0;0;0;0;0;0;0;0;0;0;0;0;0;0;0;0;1;1;1;1;1;1;1;1;1;1;1;1;1;1;1;1;1;1;1;0;0;0;0;0;0;0;0;0;0.0004;0.088;0;-0.0884;0;0;0;0;0;0;0;0;0;0;0;0;0;0;0;0;0;0;0;-24.96;0;0;0;0;0.0004;0;0;0;0;0;0;0;-0.0004;-0.0884;0;0;0;0;0;0;0;0;0;-0.7063;0;0.7063;1;1;0;0;0;0
27/02/21 19:00;0;0;90;0;0;90;0;0;0;0;20.53;2.9401;0;0;0;0;0;0;0;0;0;0;0;0;0;1;1;1;1;0;0;0;0;0;0;0;0;0;0;0;0;0;0;0;0;0;0;0;0;0;0;0;0;0;0;0;0;0;0;0;0;0;0;0;1;1;1;1;1;1;1;1;1;1;1;1;1;1;1;1;1;1;1;0;0;0;0;0;0;0;0;0;0.0004;0.088;0;-0.0884;0;0;0;0;0;0;0;0;0;0;0;0;0;0;0;0;0;0;0;-20.53;0;0;0;0;0.0004;0;0;0;0;0;0;0;-0.0004;-0.0884;0;0;0;0;0;0;0;0;0;-0.7063;0;0.7063;1;1;0;0;0;0
27/02/21 20:00;0;0;90;0;0;90;0;0;0;0;17.3;2.97;0;0;0;0;0;0;0;0;0;0;0;0;0;1;1;1;1;0;0;0;0;0;0;0;0;0;0;0;0;0;0;0;0;0;0;0;0;0;0;0;0;0;0;0;0;0;0;0;0;0;0;0;1;1;1;1;1;1;1;1;1;1;1;1;1;1;1;1;1;1;1;0;0;0;0;0;0;0;0;0;0.0004;0.088;0;-0.0884;0;0;0;0;0;0;0;0;0;0;0;0;0;0;0;0;0;0;0;-17.3;0;0;0;0;0.0004;0;0;0;0;0;0;0;-0.0004;-0.0884;0;0;0;0;0;0;0;0;0;-0.7063;0;0.7063;1;1;0;0;0;0
27/02/21 21:00;0;0;90;0;0;90;0;0;0;0;17.79;2.9401;0;0;0;0;0;0;0;0;0;0;0;0;0;1;1;1;1;0;0;0;0;0;0;0;0;0;0;0;0;0;0;0;0;0;0;0;0;0;0;0;0;0;0;0;0;0;0;0;0;0;0;0;1;1;1;1;1;1;1;1;1;1;1;1;1;1;1;1;1;1;1;0;0;0;0;0;0;0;0;0;0.0004;0.088;0;-0.0884;0;0;0;0;0;0;0;0;0;0;0;0;0;0;0;0;0;0;0;-17.79;0;0;0;0;0.0004;0;0;0;0;0;0;0;-0.0004;-0.0884;0;0;0;0;0;0;0;0;0;-0.7063;0;0.7063;1;1;0;0;0;0
27/02/21 22:00;0;0;90;0;0;90;0;0;0;0;15.4;2.89;0;0;0;0;0;0;0;0;0;0;0;0;0;1;1;1;1;0;0;0;0;0;0;0;0;0;0;0;0;0;0;0;0;0;0;0;0;0;0;0;0;0;0;0;0;0;0;0;0;0;0;0;1;1;1;1;1;1;1;1;1;1;1;1;1;1;1;1;1;1;1;0;0;0;0;0;0;0;0;0;0.0004;0.088;0;-0.0884;0;0;0;0;0;0;0;0;0;0;0;0;0;0;0;0;0;0;0;-15.4;0;0;0;0;0.0004;0;0;0;0;0;0;0;-0.0004;-0.0884;0;0;0;0;0;0;0;0;0;-0.7063;0;0.7063;1;1;0;0;0;0
27/02/21 23:00;0;0;90;0;0;90;0;0;0;0;15.25;2.7999;0;0;0;0;0;0;0;0;0;0;0;0;0;1;1;1;1;0;0;0;0;0;0;0;0;0;0;0;0;0;0;0;0;0;0;0;0;0;0;0;0;0;0;0;0;0;0;0;0;0;0;0;1;1;1;1;1;1;1;1;1;1;1;1;1;1;1;1;1;1;1;0;0;0;0;0;0;0;0;0;0.0004;0.088;0;-0.0884;0;0;0;0;0;0;0;0;0;0;0;0;0;0;0;0;0;0;0;-15.25;0;0;0;0;0.0004;0;0;0;0;0;0;0;-0.0004;-0.0884;0;0;0;0;0;0;0;0;0;-0.7063;0;0.7063;1;1;0;0;0;0
28/02/21 00:00;0;0;90;0;0;90;0;0;0;0;14.49;2.65;0;0;0;0;0;0;0;0;0;0;0;0;0;1;1;1;1;0;0;0;0;0;0;0;0;0;0;0;0;0;0;0;0;0;0;0;0;0;0;0;0;0;0;0;0;0;0;0;0;0;0;0;1;1;1;1;1;1;1;1;1;1;1;1;1;1;1;1;1;1;1;0;0;0;0;0;0;0;0;0;0.0004;0.088;0;-0.0884;0;0;0;0;0;0;0;0;0;0;0;0;0;0;0;0;0;0;0;-14.49;0;0;0;0;0.0004;0;0;0;0;0;0;0;-0.0004;-0.0884;0;0;0;0;0;0;0;0;0;-0.7063;0;0.7063;1;1;0;0;0;0
28/02/21 01:00;0;0;90;0;0;90;0;0;0;0;12.92;2.4799;0;0;0;0;0;0;0;0;0;0;0;0;0;1;1;1;1;0;0;0;0;0;0;0;0;0;0;0;0;0;0;0;0;0;0;0;0;0;0;0;0;0;0;0;0;0;0;0;0;0;0;0;1;1;1;1;1;1;1;1;1;1;1;1;1;1;1;1;1;1;1;0;0;0;0;0;0;0;0;0;0.0004;0.088;0;-0.0884;0;0;0;0;0;0;0;0;0;0;0;0;0;0;0;0;0;0;0;-12.92;0;0;0;0;0.0004;0;0;0;0;0;0;0;-0.0004;-0.0884;0;0;0;0;0;0;0;0;0;-0.7063;0;0.7063;1;1;0;0;0;0
28/02/21 02:00;0;0;90;0;0;90;0;0;0;0;12.28;2.3199;0;0;0;0;0;0;0;0;0;0;0;0;0;1;1;1;1;0;0;0;0;0;0;0;0;0;0;0;0;0;0;0;0;0;0;0;0;0;0;0;0;0;0;0;0;0;0;0;0;0;0;0;1;1;1;1;1;1;1;1;1;1;1;1;1;1;1;1;1;1;1;0;0;0;0;0;0;0;0;0;0.0004;0.088;0;-0.0884;0;0;0;0;0;0;0;0;0;0;0;0;0;0;0;0;0;0;0;-12.28;0;0;0;0;0.0004;0;0;0;0;0;0;0;-0.0004;-0.0884;0;0;0;0;0;0;0;0;0;-0.7063;0;0.7063;1;1;0;0;0;0
28/02/21 03:00;0;0;90;0;0;90;0;0;0;0;10.75;2.2301;0;0;0;0;0;0;0;0;0;0;0;0;0;1;1;1;1;0;0;0;0;0;0;0;0;0;0;0;0;0;0;0;0;0;0;0;0;0;0;0;0;0;0;0;0;0;0;0;0;0;0;0;1;1;1;1;1;1;1;1;1;1;1;1;1;1;1;1;1;1;1;0;0;0;0;0;0;0;0;0;0.0004;0.088;0;-0.0884;0;0;0;0;0;0;0;0;0;0;0;0;0;0;0;0;0;0;0;-10.75;0;0;0;0;0.0004;0;0;0;0;0;0;0;-0.0004;-0.0884;0;0;0;0;0;0;0;0;0;-0.7063;0;0.7063;1;1;0;0;0;0
28/02/21 04:00;0;0;90;0;0;90;0;0;0;0;10.14;2.21;0;0;0;0;0;0;0;0;0;0;0;0;0;1;1;1;1;0;0;0;0;0;0;0;0;0;0;0;0;0;0;0;0;0;0;0;0;0;0;0;0;0;0;0;0;0;0;0;0;0;0;0;1;1;1;1;1;1;1;1;1;1;1;1;1;1;1;1;1;1;1;0;0;0;0;0;0;0;0;0;0.0004;0.088;0;-0.0884;0;0;0;0;0;0;0;0;0;0;0;0;0;0;0;0;0;0;0;-10.14;0;0;0;0;0.0004;0;0;0;0;0;0;0;-0.0004;-0.0884;0;0;0;0;0;0;0;0;0;-0.7063;0;0.7063;1;1;0;0;0;0
28/02/21 05:00;1.2764;-98.612;86.903;1.291;1.8413;-90;-1.8413;0;0;0;9.1398;1.9999;0;0;0;0;0;0;0;0;0;0;0;0;0;1;1;1;1;0;0;0;0;0;0;0;0;0;0;0;0;0;0;0;0;0;0;0;0;0;0;0;0;0;0;0;0;0;0;0;0;0;0;0;1;1;1;1;1;1;1;1;1;1;1;1;1;1;1;1;1;1;1;0;0;0;0;0;0;0;0;0;0.0004;0.088;0;-0.0884;0;0;0;0;0;0;0;0;0;0;0;0;0;0;0;0;0;0;0;-9.1398;0;0;0;0;0.0004;0;0;0;0;0;0;0;-0.0004;-0.0884;0;0;0;0;0;0;0;0;0;-0.7063;0;0.7063;1;1;0;0;0;0
28/02/21 06:00;8.3896;-93.635;69.277;8.4062;12.36;-90;-12.36;114.39;18.898;95.497;11.88;2.36;0;231.61;9.8886;21.569;0;0.2651;263.33;0;263.33;231.61;21.569;9.8886;0.2651;0.8795;0.0386;0;0.001;263.01;0.3231;0;0;0.1021;0.221;236.81;25.668;23.121;2.1532;0.3847;0.0099;262.48;0.526;0.4632;0.0431;0.0196;0.0001;236.82;208.02;19.373;9.3822;0.0342;6.4771;5.1817;2.0767;0.0064;0.0707;1.0164;0.0046;1.0806;0;1;0;0;2.3019;0.9988;1;1;0.9897;0.1665;0.9022;0.9;1;0.9606;0.7752;0.998;0.998;1;0.998;0.998;0.8993;0.9488;0.1288;0.7908;0.7154;0.0043;0.0168;-0.009;0.0049;0.0175;0.0002;0;0;0.088;0;0.5655;0;0;0;0;0;0;0;0;0;0;0;0;0.0141;0.0014;0.6652;0.6652;0;21.484;21.484;9.6039;0.0406;612.69;1085.7;1;0.0117;0.0117;0;0;0;0;0;0;0.6535;0.5655;0;16.025;18.557;13.622;15.774;98.235;98.235;6.3199;5.3164;4.5193;1.0035;0.7971;0.1588;0.1261;0.7151;5.9657;0.713;0
28/02/21 07:00;20.645;-84.93;31.231;20.719;38.377;-90;-38.377;337.11;56.003;281.11;15.54;1.32;0;681.76;21.317;77.863;0;7.2833;788.22;0;788.22;681.76;77.863;21.317;7.2833;0.8649;0.0363;0;0.0092;780.19;8.0337;0;0;1.3957;6.6381;776.59;2.0428;1.1948;0.1365;0.6422;0.0694;778.63;1.5604;1.3635;0.1557;0.0398;0.0013;776.77;679.2;77.57;19.239;0.5746;16.512;13.21;5.7484;0.755;0.1986;2.8568;0.1812;2.3004;0;1;0;0;2.3382;0.9898;1;1;0.9345;0.0886;0.9974;0.9982;1;0.9677;0.8923;0.998;0.998;1;0.998;0.998;0.9852;0.9025;0.0789;2.367;2.3456;0.0141;-0.0018;0.1853;0.015;0.0533;0.0005;0;0;0.088;0;1.9025;0;0;0;0;0;0;0;0;0;0;0;0;0.0429;0.0123;2.0238;2.0238;0;47.535;47.535;31.994;0.0412;2020.7;1001.6;1;0.0333;0.0333;0;0;0;0;0;0;1.9905;1.9025;0;16.288;18.861;15.312;17.73;98.355;98.355;18.917;16.174;15.205;2.743;0.9694;0.145;0.0512;0.8038;14.977;0.8016;0
28/02/21 08:00;32.719;-75.199;12.412;33.604;56.396;-90;-56.396;555.19;91.398;463.8;19.8;2.9;0;838;27.193;101.88;0;24.792;991.87;0;991.87;838;101.88;27.193;24.792;0.8449;0.0524;0;0.025;965.51;26.359;0;0;3.1285;23.23;962.28;1.3021;0.3585;0.0436;0.826;0.074;963.58;1.931;1.676;0.2038;0.0481;0.0031;966.86;835.97;101.64;23.19;1.4846;157.27;125.81;49.933;3.653;1.9747;28.405;4.5784;26.726;0;1;0;0;1.7865;0.9734;1;1;0.885;0.063;0.9986;0.9996;1;0.9656;0.9525;0.998;0.998;1;0.998;0.998;0.9702;0.8528;0.0599;2.9786;2.972;0.0179;-0.0004;0.3639;0.0181;0.0643;0.0049;0;0;0.088;0;2.3024;0;0;0;0;0;0;0;0;0;0;0;0;0.0518;0.0192;2.4322;2.4322;0;59.85;59.85;40.05;0.0416;2559;950.43;1;0.0418;0.0418;0;0;0;0;0;0;2.3904;2.3024;0;15.555;18.013;14.725;17.051;98.282;98.282;23.805;19.438;18.401;4.3671;1.0373;0.1835;0.0436;0.773;22.719;0.7567;0
28/02/21 09:00;44.181;-63.053;18.965;47.471;42.529;-90;-42.529;746.2;123.1;623.1;24.53;3.71;0;845.53;38.184;107.38;0;19.63;1010.7;0;1010.7;845.53;107.38;38.184;19.63;0.8366;0.0572;0;0.0194;989.69;21.037;0;0;2.9157;18.122;985.84;1.8762;0.5528;0.0702;1.1419;0.1113;987.71;1.9794;1.6911;0.2148;0.0705;0.003;991.17;843.29;107.1;34.056;1.3941;339.05;271.24;108.34;1.9247;3.8257;55.031;5.3303;56.932;0;1;0;0;1.3545;0.9792;1;1;0.9236;0.0768;0.9981;0.9993;1;0.9676;0.926;0.998;0.998;1;0.998;0.998;0.9754;0.8919;0.071;3.0352;3.1013;0.0187;0.001;0.4453;0.0185;0.0654;0.0094;0;0;0.088;0;2.3395;0;0;0;0;0;0;0;0;0;0;0;0;0.0527;0.0208;2.4696;2.4696;0;65.763;65.763;41.233;0.0418;2667.7;925.75;1;0.0421;0.0421;0;0;0;0;0;0;2.4275;2.3395;0;15.5;17.948;14.683;17.003;98.296;98.296;24.258;19.737;18.697;4.5206;1.0395;0.1864;0.0429;0.7708;27.795;0.7406;0
28/02/21 10:00;54.209;-46.123;23.913;62.539;27.462;-90;-27.462;883.71;145.8;737.91;26.75;4.12;0;831.61;47.592;107.47;0;9.9575;996.64;0;996.64;831.61;107.47;47.592;9.9575;0.8344;0.0577;0;0.01;986.18;10.46;0;0;1.8371;8.6225;981.68;2.5303;0.6855;0.0886;1.5016;0.2546;984.21;1.9724;1.6632;0.2149;0.0915;0.0027;984.27;829.27;107.17;44.162;1.0778;478.81;383.05;157.36;0.5322;4.9766;71.587;2.5897;76.031;0;1;0;0;1.1278;0.9895;1;1;0.9614;0.1341;0.9974;0.9992;1;0.9671;0.8089;0.998;0.998;1;0.998;0.998;0.985;0.9279;0.1082;2.9929;3.1154;0.0188;0.0012;0.4712;0.0184;0.0651;0.0121;0;0;0.088;0;2.3258;0;0;0;0;0;0;0;0;0;0;0;0;0.0525;0.021;2.4553;2.4553;0;67.881;67.881;41.131;0.0419;2679.5;916.34;1;0.0415;0.0415;0;0;0;0;0;0;2.4138;2.3258;0;15.628;18.097;14.804;17.143;98.31;98.31;23.919;19.623;18.588;4.2965;1.0349;0.1796;0.0433;0.7771;30.843;0.7375;0
28/02/21 11:00;61.092;-21.241;26.779;78.687;11.313;-90;-11.313;963.8;159.2;804.6;27.92;4.3001;0;820.54;53.468;107.29;0;1.8727;983.17;0;983.17;820.54;107.29;53.468;1.8727;0.8346;0.0563;0;0.0019;981.14;2.0369;0;0;0.4759;1.5609;976.13;3.0448;0.7575;0.099;2.1183;0.07;979.18;1.9623;1.6411;0.2146;0.106;0.0006;976.51;818.14;106.98;50.768;0.2412;561.28;449.02;178.71;0.0252;6.169;88.739;0.3839;94.883;0;1;0;0;1.0201;0.9979;1;1;0.9911;0.1665;0.9969;0.9991;1;0.9599;0.7752;0.998;0.998;1;0.998;0.998;0.9928;0.9495;0.1288;2.9525;3.1282;0.0188;0.0013;0.4841;0.0184;0.0651;0.0149;0;0;0.088;0;2.3227;0;0;0;0;0;0;0;0;0;0;0;0;0.0525;0.0211;2.452;2.452;0;68.852;68.852;40.932;0.0419;2689.4;911.74;1;0.0413;0.0413;0;0;0;0;0;0;2.4107;2.3227;0;15.821;18.32;14.987;17.354;98.316;98.316;23.596;19.597;18.563;3.9996;1.0333;0.1695;0.0438;0.7867;32.16;0.7369;0
28/02/21 12:00;62.288;10.311;27.227;84.629;5.3714;90;5.3714;974.89;160.6;814.3;29.06;4.33;0;817.89;54.268;106.68;0;0.4281;979.26;0;979.26;817.89;106.68;54.268;0.4281;0.8352;0.0559;0;0.0004;978.76;0.5013;0;0;0.1433;0.358;973.57;3.2303;0.7676;0.1001;2.3469;0.0156;976.8;1.9575;1.6358;0.2134;0.1082;0.0001;973.62;815.48;106.37;51.669;0.0543;573.4;458.72;186.67;0.0009;6.0345;86.804;0.0456;92.838;0;1;0;0;1.0045;0.9995;1;1;0.9974;0.1637;0.9967;0.9991;1;0.9566;0.7762;0.998;0.998;1;0.998;0.998;0.9942;0.9521;0.1268;2.9407;3.1154;0.0188;0.0012;0.4943;0.0182;0.0646;0.0145;0;0;0.088;0;2.3023;0;0;0;0;0;0;0;0;0;0;0;0;0.052;0.0209;2.431;2.431;0;69.921;69.921;40.861;0.042;2678.9;907.46;1;0.0407;0.0407;0;0;0;0;0;0;2.3903;2.3023;0;15.748;18.236;14.914;17.271;98.326;98.326;23.502;19.429;18.4;4.0737;1.0285;0.1733;0.0438;0.7829;32.244;0.7342;0
28/02/21 13:00;57.157;38.274;25.199;68.206;21.794;90;21.794;922.4;154.5;767.91;30.28;4.26;0;827.02;51.073;109.35;0;6.5929;994.03;0;994.03;827.02;109.35;51.073;6.5929;0.832;0.058;0;0.0066;987.09;6.9432;0;0;1.3633;5.5799;982.39;2.7195;0.7184;0.095;1.6876;0.2185;985.11;1.9742;1.654;0.2187;0.0994;0.002;984.04;824.64;109.03;47.923;0.7925;517.27;413.82;167.02;0.2513;5.5493;79.824;1.6502;85.122;0;1;0;0;1.0777;0.993;1;1;0.9733;0.1536;0.9972;0.9991;1;0.966;0.7839;0.998;0.998;1;0.998;0.998;0.9883;0.9383;0.1202;2.9851;3.1321;0.0189;0.0014;0.5156;0.0182;0.0645;0.0132;0;0;0.088;0;2.2989;0;0;0;0;0;0;0;0;0;0;0;0;0.0519;0.0212;2.4273;2.4273;0;71.568;71.568;41.288;0.042;2694.5;900.85;1;0.0404;0.0404;0;0;0;0;0;0;2.3869;2.2989;0;15.491;17.938;14.671;16.989;98.334;98.334;23.857;19.399;18.373;4.4576;1.0264;0.1868;0.043;0.7701;32.021;0.7265;0
28/02/21 14:00;47.994;57.714;20.944;52.716;37.284;90;37.284;803.3;145.7;657.6;30.43;4.0501;0;826.51;47.575;116.52;0;16.416;1007;0;1007;826.51;116.52;47.575;16.416;0.8207;0.0635;0;0.0163;989.1;17.912;0;0;2.9834;14.928;984.83;2.2958;0.5967;0.0841;1.4363;0.1787;987.13;1.9782;1.653;0.233;0.0892;0.003;989.47;824.26;116.2;43.066;1.3062;396.52;317.21;129.35;1.5266;4.2547;61.202;4.6432;63.93;0;1;0;0;1.2536;0.9822;1;1;0.9373;0.0906;0.9977;0.9993;1;0.9677;0.8797;0.998;0.998;1;0.998;0.998;0.978;0.9052;0.0796;3.0241;3.1092;0.0187;0.0011;0.5149;0.018;0.0639;0.0101;0;0;0.088;0;2.282;0;0;0;0;0;0;0;0;0;0;0;0;0.0515;0.0209;2.41;2.41;0;71.829;71.829;41.399;0.042;2676.5;900.45;1;0.04;0.04;0;0;0;0;0;0;2.37;2.282;0;15.182;17.58;14.375;16.646;98.34;98.34;24.168;19.261;18.238;4.9074;1.0231;0.203;0.0423;0.7546;33.127;0.7218;0
28/02/21 15:00;36.917;71.231;14.907;38.431;51.569;90;51.569;537.3;225.4;311.9;30.6;3.6501;0;501.79;114.52;135.39;0;20.333;772.03;0;772.03;501.79;135.39;114.52;20.333;0.65;0.1747;0;0.0263;741.37;30.662;0;0;11.596;19.066;736.07;3.811;0.2579;0.0696;3.4321;0.0515;739.89;1.4827;1.0036;0.2708;0.2058;0.0025;741.31;500.53;135.05;99.287;1.2129;225.46;180.37;73.542;11.221;3.0928;44.488;5.2355;36.36;0;1;0;0;1.4369;0.9603;1;1;0.8987;0.0623;0.9948;0.9995;1;0.9666;0.9593;0.998;0.998;1;0.998;0.998;0.9534;0.867;0.0597;2.3184;2.3265;0.014;-0.0017;0.2989;0.0141;0.05;0.0077;0;0;0.088;0;1.7735;0;0;0;0;0;0;0;0;0;0;0;0;0.0403;0.0121;1.8912;1.8912;0;61.278;61.278;30.678;0.0417;2004.3;943.53;1;0.0296;0.0296;0;0;0;0;0;0;1.8615;1.7735;0;15.539;17.994;14.573;16.875;98.433;98.433;18.529;15.114;14.174;3.4146;0.9401;0.1843;0.0507;0.765;90.844;0.7333;0
28/02/21 16:00;24.999;81.627;8.9489;25.235;60;90;60;398.99;157.7;241.3;30.85;2.5599;0;564.03;69.718;151.33;0;19.95;805.02;0;805.02;564.03;151.33;69.718;19.95;0.7006;0.1114;0;0.0248;777.52;27.505;0;0;8.7923;18.713;773.51;2.455;0.174;0.0467;2.1503;0.0841;775.96;1.555;1.1281;0.3027;0.1219;0.0025;776.15;562.72;150.98;58.653;1.1504;73.222;58.577;26.387;11.661;1.3628;19.603;2.6423;9.305;0;1;0;0;2.0176;0.9658;1;1;0.8739;0.062;0.9968;0.9997;1;0.9646;0.9319;0.998;0.998;1;0.998;0.998;0.9609;0.8413;0.0577;2.4175;2.379;0.0143;-0.0019;0.3214;0.0143;0.0508;0.0034;0;0;0.088;0;1.8051;0;0;0;0;0;0;0;0;0;0;0;0;0.0409;0.0126;1.9232;1.9232;0;63.135;63.135;32.285;0.0417;2051.9;937.27;1;0.0301;0.0301;0;0;0;0;0;0;1.8931;1.8051;0;15.155;17.549;14.224;16.471;98.435;98.435;19.321;15.37;14.426;3.9505;0.9439;0.2045;0.0489;0.7467;60.694;0.7333;0
28/02/21 17:00;12.771;90.578;57.58;12.772;19.65;90;19.65;171.2;124.8;46.404;29.76;1.8;0;112.54;102.88;45.683;0;0.997;262.1;0;262.1;112.54;45.683;102.88;0.997;0.4294;0.3963;0;0.0038;258.94;3.1607;0;0;2.3233;0.8374;250.45;7.9742;3.1682;1.286;3.4846;0.0353;258.42;0.5179;0.2251;0.0914;0.2011;0.0003;250.6;109.15;44.306;96.867;0.124;64.131;51.305;19.98;0.3451;0.7557;10.87;0.1558;11.281;0;1;0;0;1.5309;0.9879;1;1;0.9774;0.1601;0.9691;0.9718;1;0.9653;0.7781;0.998;0.998;1;0.998;0.998;0.9555;0.9416;0.1243;0.7871;0.7777;0.0047;0.0162;0.0424;0.005;0.0177;0.002;0;0;0.088;0;0.5748;0;0;0;0;0;0;0;0;0;0;0;0;0.0143;0.0016;0.6738;0.6738;0;40.074;40.074;10.314;0.0412;667.76;1009.1;1;0.011;0.011;0;0;0;0;0;0;0.6628;0.5748;0;16.309;18.885;13.912;16.11;98.364;98.364;6.2904;5.3851;4.5937;0.9052;0.7914;0.1439;0.1258;0.7303;63.811;0.7083;0
28/02/21 18:00;3.3922;97.12;81.749;3.4185;4.8966;90;4.8966;0;0;0;26.45;1.31;0;0;0;0;0;0;0;0;0;0;0;0;0;1;1;1;1;0;0;0;0;0;0;0;0;0;0;0;0;0;0;0;0;0;0;0;0;0;0;0;0;0;0;0;0;0;0;0;0;0;0;0;1;1;1;1;1;1;1;1;1;1;1;1;1;1;1;1;1;1;1;0;0;0;0;0;0;0;0;0;0.0004;0.088;0;-0.0884;0;0;0;0;0;0;0;0;0;0;0;0;0;0;0;0;0;0;0;-26.45;0;0;0;0;0.0004;0;0;0;0;0;0;0;-0.0004;-0.0884;0;0;0;0;0;0;0;0;0;-0.7063;0;0.7063;1;1;0;0;0;0
28/02/21 19:00;0;0;90;0;0;90;0;0;0;0;21.44;0.99;0;0;0;0;0;0;0;0;0;0;0;0;0;1;1;1;1;0;0;0;0;0;0;0;0;0;0;0;0;0;0;0;0;0;0;0;0;0;0;0;0;0;0;0;0;0;0;0;0;0;0;0;1;1;1;1;1;1;1;1;1;1;1;1;1;1;1;1;1;1;1;0;0;0;0;0;0;0;0;0;0.0004;0.088;0;-0.0884;0;0;0;0;0;0;0;0;0;0;0;0;0;0;0;0;0;0;0;-21.44;0;0;0;0;0.0004;0;0;0;0;0;0;0;-0.0004;-0.0884;0;0;0;0;0;0;0;0;0;-0.7063;0;0.7063;1;1;0;0;0;0
28/02/21 20:00;0;0;90;0;0;90;0;0;0;0;19.36;1.46;0;0;0;0;0;0;0;0;0;0;0;0;0;1;1;1;1;0;0;0;0;0;0;0;0;0;0;0;0;0;0;0;0;0;0;0;0;0;0;0;0;0;0;0;0;0;0;0;0;0;0;0;1;1;1;1;1;1;1;1;1;1;1;1;1;1;1;1;1;1;1;0;0;0;0;0;0;0;0;0;0.0004;0.088;0;-0.0884;0;0;0;0;0;0;0;0;0;0;0;0;0;0;0;0;0;0;0;-19.36;0;0;0;0;0.0004;0;0;0;0;0;0;0;-0.0004;-0.0884;0;0;0;0;0;0;0;0;0;-0.7063;0;0.7063;1;1;0;0;0;0
28/02/21 21:00;0;0;90;0;0;90;0;0;0;0;17.1;2.2301;0;0;0;0;0;0;0;0;0;0;0;0;0;1;1;1;1;0;0;0;0;0;0;0;0;0;0;0;0;0;0;0;0;0;0;0;0;0;0;0;0;0;0;0;0;0;0;0;0;0;0;0;1;1;1;1;1;1;1;1;1;1;1;1;1;1;1;1;1;1;1;0;0;0;0;0;0;0;0;0;0.0004;0.088;0;-0.0884;0;0;0;0;0;0;0;0;0;0;0;0;0;0;0;0;0;0;0;-17.1;0;0;0;0;0.0004;0;0;0;0;0;0;0;-0.0004;-0.0884;0;0;0;0;0;0;0;0;0;-0.7063;0;0.7063;1;1;0;0;0;0
28/02/21 22:00;0;0;90;0;0;90;0;0;0;0;16.67;2.8601;0;0;0;0;0;0;0;0;0;0;0;0;0;1;1;1;1;0;0;0;0;0;0;0;0;0;0;0;0;0;0;0;0;0;0;0;0;0;0;0;0;0;0;0;0;0;0;0;0;0;0;0;1;1;1;1;1;1;1;1;1;1;1;1;1;1;1;1;1;1;1;0;0;0;0;0;0;0;0;0;0.0004;0.088;0;-0.0884;0;0;0;0;0;0;0;0;0;0;0;0;0;0;0;0;0;0;0;-16.67;0;0;0;0;0.0004;0;0;0;0;0;0;0;-0.0004;-0.0884;0;0;0;0;0;0;0;0;0;-0.7063;0;0.7063;1;1;0;0;0;0
28/02/21 23:00;0;0;90;0;0;90;0;0;0;0;16.72;3.24;0;0;0;0;0;0;0;0;0;0;0;0;0;1;1;1;1;0;0;0;0;0;0;0;0;0;0;0;0;0;0;0;0;0;0;0;0;0;0;0;0;0;0;0;0;0;0;0;0;0;0;0;1;1;1;1;1;1;1;1;1;1;1;1;1;1;1;1;1;1;1;0;0;0;0;0;0;0;0;0;0.0004;0.088;0;-0.0884;0;0;0;0;0;0;0;0;0;0;0;0;0;0;0;0;0;0;0;-16.72;0;0;0;0;0.0004;0;0;0;0;0;0;0;-0.0004;-0.0884;0;0;0;0;0;0;0;0;0;-0.7063;0;0.7063;1;1;0;0;0;0
01/03/21 00:00;0;0;90;0;0;90;0;0;0;0;15.68;3.4;0;0;0;0;0;0;0;0;0;0;0;0;0;1;1;1;1;0;0;0;0;0;0;0;0;0;0;0;0;0;0;0;0;0;0;0;0;0;0;0;0;0;0;0;0;0;0;0;0;0;0;0;1;1;1;1;1;1;1;1;1;1;1;1;1;1;1;1;1;1;1;0;0;0;0;0;0;0;0;0;0.0004;0.088;0;-0.0884;0;0;0;0;0;0;0;0;0;0;0;0;0;0;0;0;0;0;0;-15.68;0;0;0;0;0.0004;0;0;0;0;0;0;0;-0.0004;-0.0884;0;0;0;0;0;0;0;0;0;-0.7063;0;0.7063;1;1;0;0;0;0
01/03/21 01:00;0;0;90;0;0;90;0;0;0;0;14.56;3.47;0;0;0;0;0;0;0;0;0;0;0;0;0;1;1;1;1;0;0;0;0;0;0;0;0;0;0;0;0;0;0;0;0;0;0;0;0;0;0;0;0;0;0;0;0;0;0;0;0;0;0;0;1;1;1;1;1;1;1;1;1;1;1;1;1;1;1;1;1;1;1;0;0;0;0;0;0;0;0;0;0.0004;0.088;0;-0.0884;0;0;0;0;0;0;0;0;0;0;0;0;0;0;0;0;0;0;0;-14.56;0;0;0;0;0.0004;0;0;0;0;0;0;0;-0.0004;-0.0884;0;0;0;0;0;0;0;0;0;-0.7063;0;0.7063;1;1;0;0;0;0
01/03/21 02:00;0;0;90;0;0;90;0;0;0;0;12.73;3.4901;0;0;0;0;0;0;0;0;0;0;0;0;0;1;1;1;1;0;0;0;0;0;0;0;0;0;0;0;0;0;0;0;0;0;0;0;0;0;0;0;0;0;0;0;0;0;0;0;0;0;0;0;1;1;1;1;1;1;1;1;1;1;1;1;1;1;1;1;1;1;1;0;0;0;0;0;0;0;0;0;0.0004;0.088;0;-0.0884;0;0;0;0;0;0;0;0;0;0;0;0;0;0;0;0;0;0;0;-12.73;0;0;0;0;0.0004;0;0;0;0;0;0;0;-0.0004;-0.0884;0;0;0;0;0;0;0;0;0;-0.7063;0;0.7063;1;1;0;0;0;0
01/03/21 03:00;0;0;90;0;0;90;0;0;0;0;11.87;3.4299;0;0;0;0;0;0;0;0;0;0;0;0;0;1;1;1;1;0;0;0;0;0;0;0;0;0;0;0;0;0;0;0;0;0;0;0;0;0;0;0;0;0;0;0;0;0;0;0;0;0;0;0;1;1;1;1;1;1;1;1;1;1;1;1;1;1;1;1;1;1;1;0;0;0;0;0;0;0;0;0;0.0004;0.088;0;-0.0884;0;0;0;0;0;0;0;0;0;0;0;0;0;0;0;0;0;0;0;-11.87;0;0;0;0;0.0004;0;0;0;0;0;0;0;-0.0004;-0.0884;0;0;0;0;0;0;0;0;0;-0.7063;0;0.7063;1;1;0;0;0;0
01/03/21 04:00;0;0;90;0;0;90;0;0;0;0;11.28;3.3;0;0;0;0;0;0;0;0;0;0;0;0;0;1;1;1;1;0;0;0;0;0;0;0;0;0;0;0;0;0;0;0;0;0;0;0;0;0;0;0;0;0;0;0;0;0;0;0;0;0;0;0;1;1;1;1;1;1;1;1;1;1;1;1;1;1;1;1;1;1;1;0;0;0;0;0;0;0;0;0;0.0004;0.088;0;-0.0884;0;0;0;0;0;0;0;0;0;0;0;0;0;0;0;0;0;0;0;-11.28;0;0;0;0;0.0004;0;0;0;0;0;0;0;-0.0004;-0.0884;0;0;0;0;0;0;0;0;0;-0.7063;0;0.7063;1;1;0;0;0;0
01/03/21 05:00;1.0943;-98.275;87.345;1.1059;1.577;-90;-1.577;0;0;0;12.6;3.47;0;0;0;0;0;0;0;0;0;0;0;0;0;1;1;1;1;0;0;0;0;0;0;0;0;0;0;0;0;0;0;0;0;0;0;0;0;0;0;0;0;0;0;0;0;0;0;0;0;0;0;0;1;1;1;1;1;1;1;1;1;1;1;1;1;1;1;1;1;1;1;0;0;0;0;0;0;0;0;0;0.0004;0.088;0;-0.0884;0;0;0;0;0;0;0;0;0;0;0;0;0;0;0;0;0;0;0;-12.6;0;0;0;0;0.0004;0;0;0;0;0;0;0;-0.0004;-0.0884;0;0;0;0;0;0;0;0;0;-0.7063;0;0.7063;1;1;0;0;0;0
01/03/21 06:00;8.2119;-93.292;69.732;8.2253;12.077;-90;-12.077;109.2;18.499;90.699;13.49;3.79;0;219.97;9.9377;20.494;0;0.2296;250.63;0;250.63;219.97;20.494;9.9377;0.2296;0.8777;0.0406;0;0.0009;250.34;0.2901;0;0;0.0987;0.1914;223.07;25.52;22.983;2.1413;0.3866;0.0085;248.59;1.7524;1.5398;0.1435;0.0689;0.0003;223.07;195.45;18.209;9.3835;0.0294;6.4761;5.2197;2.0088;0.0059;0.0688;0.9903;0.0042;1.0533;0;1;0;0;2.2952;0.9988;1;1;0.9901;0.1665;0.8973;0.8948;1;0.9604;0.7752;0.993;0.993;1;0.993;0.993;0.89;0.9442;0.1282;0.7527;0.674;0.0041;0.0172;-0.0059;0.0046;0.0164;0.0002;0;0;0.088;0;0.524;0;0;0;0;0;0;0;0;0;0;0;0;0.0132;0.0013;0.623;0.623;0;22.549;22.549;9.059;0.0406;577.2;1079.4;1;0.0111;0.0111;0;0;0;0;0;0;0.612;0.524;0;15.77;18.261;13.262;15.357;98.223;98.223;6.0152;4.9794;4.1876;1.0358;0.7918;0.1722;0.1316;0.6962;5.9903;0.6941;0
01/03/21 07:00;20.466;-84.569;32.005;20.55;37.809;-90;-37.809;330.41;55.697;274.71;18.69;4.42;0;666.25;21.676;76.344;0;6.5896;770.86;0;770.86;666.25;76.344;21.676;6.5896;0.8643;0.0367;0;0.0085;763.48;7.3781;0;0;1.3867;5.9913;755.79;2.3469;1.4615;0.1675;0.6505;0.0674;758.14;5.3444;4.6638;0.5344;0.142;0.0042;755.97;660.13;75.642;19.497;0.5267;16.658;13.427;5.6059;0.7294;0.195;2.8049;0.1719;2.2705;0;1;0;0;2.3331;0.9904;1;1;0.936;0.0908;0.9969;0.9978;1;0.9677;0.8865;0.993;0.993;1;0.993;0.993;0.9805;0.8995;0.0799;2.3149;2.2828;0.0137;-0.0015;0.1997;0.0145;0.0514;0.0005;0;0;0.088;0;1.8317;0;0;0;0;0;0;0;0;0;0;0;0;0.0414;0.0117;1.9514;1.9514;0;49.89;49.89;31.2;0.0413;1967.4;991.86;1;0.0317;0.0317;0;0;0;0;0;0;1.9197;1.8317;0;16.059;18.595;15.073;17.455;98.375;98.375;18.501;15.596;14.639;2.9052;0.9568;0.157;0.0517;0.7913;15.158;0.7891;0
01/03/21 08:00;32.526;-74.806;12.767;33.457;56.543;-90;-56.543;547.5;90.3;457.2;25.2;5.0801;0;829.29;27.199;100.19;0;23.337;980.01;0;980.01;829.29;100.19;27.199;23.337;0.8462;0.0516;0;0.0238;955;25.008;0;0;3.141;21.867;947.02;1.2996;0.3631;0.0439;0.8225;0.0701;948.32;6.685;5.805;0.7013;0.1684;0.0103;951.43;823.12;99.442;23.067;1.3899;153.83;123.99;47.183;3.6873;1.9005;27.337;4.4075;25.55;0;1;0;0;1.79;0.9745;1;1;0.8845;0.063;0.9986;0.9996;1;0.9656;0.952;0.993;0.993;1;0.993;0.993;0.9663;0.8481;0.0596;2.943;2.9232;0.0176;-0.0008;0.41;0.0175;0.062;0.0047;0;0;0.088;0;2.2166;0;0;0;0;0;0;0;0;0;0;0;0;0.0499;0.0186;2.3438;2.3438;0;64.776;64.776;39.576;0.0418;2516.7;931.27;1;0.0392;0.0392;0;0;0;0;0;0;2.3046;2.2166;0;15.171;17.568;14.348;16.615;98.328;98.328;23.52;18.731;17.715;4.7889;1.0165;0.2036;0.0432;0.7532;22.762;0.7378;0
01/03/21 09:00;43.957;-62.621;19.332;47.358;42.643;-90;-42.643;737.8;121.7;616.11;26.34;6.18;0;837.56;38.177;105.63;0;18.532;999.9;0;999.9;837.56;105.63;38.177;18.532;0.8376;0.0567;0;0.0185;979.87;20.039;0;0;2.9265;17.113;971.14;1.8645;0.5554;0.07;1.1358;0.1033;973.01;6.8591;5.8629;0.7394;0.2468;0.0099;976.12;831.14;104.82;33.868;1.3066;334.64;269.72;104.77;1.9417;3.6005;51.792;4.9759;53.45;0;1;0;0;1.3552;0.98;1;1;0.9233;0.0766;0.9981;0.9993;1;0.9676;0.9267;0.993;0.993;1;0.993;0.993;0.9712;0.8871;0.0705;3.0027;3.0491;0.0184;0.0004;0.4517;0.0181;0.064;0.0088;0;0;0.088;0;2.2875;0;0;0;0;0;0;0;0;0;0;0;0;0.0516;0.0201;2.4162;2.4162;0;67;67;40.66;0.0419;2623.4;921.01;1;0.0407;0.0407;0;0;0;0;0;0;2.3755;2.2875;0;15.329;17.75;14.513;16.805;98.317;98.317;23.998;19.31;18.282;4.6876;1.0283;0.1953;0.0429;0.7618;27.818;0.7334;0
01/03/21 10:00;53.93;-45.676;24.292;62.475;27.525;-90;-27.525;880.31;145.2;735.11;27.96;7.22;0;828.93;47.366;107.12;0;9.4657;992.88;0;992.88;828.93;107.12;47.366;9.4657;0.8349;0.0572;0;0.0095;982.85;10.034;0;0;1.835;8.1991;973.46;2.5062;0.6907;0.0892;1.4864;0.2399;975.97;6.8799;5.8025;0.7498;0.3187;0.0089;975.97;822.44;106.28;43.726;1.0178;476.75;384.26;152;0.5338;4.8068;69.144;2.5153;73.417;0;1;0;0;1.1279;0.9899;1;1;0.9613;0.1338;0.9974;0.9992;1;0.9671;0.8093;0.993;0.993;1;0.993;0.993;0.9804;0.9231;0.1075;2.9816;3.0853;0.0186;0.0008;0.4768;0.0181;0.0643;0.0116;0;0;0.088;0;2.2941;0;0;0;0;0;0;0;0;0;0;0;0;0.0518;0.0206;2.4228;2.4228;0;68.777;68.777;40.817;0.0419;2654;912.87;1;0.0406;0.0406;0;0;0;0;0;0;2.3821;2.2941;0;15.479;17.925;14.658;16.973;98.323;98.323;23.829;19.363;18.335;4.4663;1.028;0.1874;0.0431;0.7694;30.709;0.7313;0
01/03/21 11:00;60.743;-20.919;27.162;78.69;11.31;-90;-11.31;970.21;160.1;810.11;28.84;8.2701;0;826.15;52.644;109.06;0;1.79;989.64;0;989.64;826.15;109.06;52.644;1.79;0.8348;0.055;0;0.0018;987.68;1.9604;0;0;0.4684;1.492;977.75;3.0131;0.7697;0.1016;2.0753;0.0665;980.77;6.9138;5.7831;0.7634;0.3652;0.0021;978.13;819.6;108.19;49.735;0.2294;564.99;455.39;174.51;0.0248;6.023;86.639;0.3747;92.637;0;1;0;0;1.02;0.998;1;1;0.9911;0.1665;0.9969;0.9991;1;0.9599;0.7752;0.993;0.993;1;0.993;0.993;0.988;0.9447;0.1282;2.9719;3.1287;0.0188;0.0013;0.4958;0.0183;0.0649;0.0145;0;0;0.088;0;2.3128;0;0;0;0;0;0;0;0;0;0;0;0;0.0522;0.0211;2.4417;2.4417;0;69.875;69.875;41.035;0.042;2690.3;907.59;1;0.0409;0.0409;0;0;0;0;0;0;2.4008;2.3128;0;15.652;18.124;14.825;17.167;98.323;98.323;23.751;19.514;18.484;4.237;1.0305;0.1784;0.0434;0.7782;31.664;0.7304;0
01/03/21 12:00;61.905;10.289;27.604;84.553;5.4465;90;5.4465;975.79;160.6;815.19;29.8;8.96;0;818.89;53.721;107.24;0;0.4185;980.27;0;980.27;818.89;107.24;53.721;0.4185;0.8354;0.0552;0;0.0004;979.78;0.495;0;0;0.145;0.35;969.72;3.2016;0.7753;0.1015;2.3095;0.0152;972.92;6.8584;5.7322;0.7507;0.375;0.0005;969.76;812.38;106.39;50.891;0.0528;573.88;462.55;181.23;0.001;5.8577;84.261;0.0464;90.117;0;1;0;0;1.0046;0.9995;1;1;0.9973;0.1637;0.9967;0.999;1;0.9566;0.7762;0.993;0.993;1;0.993;0.993;0.9892;0.9473;0.1262;2.9438;3.0985;0.0187;0.001;0.4984;0.0181;0.0641;0.014;0;0;0.088;0;2.2838;0;0;0;0;0;0;0;0;0;0;0;0;0.0516;0.0207;2.412;2.412;0;70.519;70.519;40.719;0.042;2664.7;905.16;1;0.0402;0.0402;0;0;0;0;0;0;2.3718;2.2838;0;15.609;18.074;14.779;17.114;98.334;98.334;23.526;19.276;18.252;4.2501;1.0244;0.1807;0.0435;0.7758;31.922;0.7289;0
01/03/21 13:00;56.807;37.992;25.56;68.065;21.935;90;21.935;918.69;153.8;764.89;29.76;9.1599;0;824.58;50.768;109.02;0;6.3178;990.69;0;990.69;824.58;109.02;50.768;6.3178;0.8323;0.0576;0;0.0064;983.97;6.7194;0;0;1.3692;5.3502;974.39;2.6926;0.7229;0.0956;1.6669;0.2072;977.08;6.8878;5.7721;0.7631;0.3458;0.0068;976;818.09;108.16;47.386;0.7536;514.82;414.94;161.28;0.2556;5.3557;77.039;1.6173;82.139;0;1;0;0;1.0784;0.9932;1;1;0.973;0.1532;0.9972;0.9991;1;0.966;0.7844;0.993;0.993;1;0.993;0.993;0.9835;0.9334;0.1193;2.975;3.102;0.0187;0.001;0.5008;0.0181;0.0641;0.0128;0;0;0.088;0;2.286;0;0;0;0;0;0;0;0;0;0;0;0;0.0516;0.0208;2.4142;2.4142;0;70.681;70.681;40.921;0.042;2668.5;904.7;1;0.0402;0.0402;0;0;0;0;0;0;2.374;2.286;0;15.459;17.901;14.638;16.95;98.334;98.334;23.776;19.294;18.269;4.4823;1.0247;0.1885;0.0431;0.7684;31.853;0.7261;0
01/03/21 14:00;47.689;57.369;21.283;52.526;37.474;90;37.474;796.19;146.3;649.89;29.63;9.1599;0;818.88;48.261;116.54;0;15.609;999.29;0;999.29;818.88;116.54;48.261;15.609;0.8195;0.0639;0;0.0156;982.03;17.256;0;0;3.0503;14.206;972.86;2.297;0.5978;0.0851;1.4491;0.165;975.15;6.8742;5.7321;0.8158;0.3165;0.0098;977.37;812.55;115.64;43.445;1.2281;392.23;316.14;124.12;1.5755;4.0892;58.822;4.5119;61.336;0;1;0;0;1.2551;0.9827;1;1;0.9368;0.0899;0.9976;0.9993;1;0.9677;0.8815;0.993;0.993;1;0.993;0.993;0.9736;0.9002;0.0787;3.0009;3.0677;0.0185;0.0006;0.4932;0.0179;0.0634;0.0098;0;0;0.088;0;2.2652;0;0;0;0;0;0;0;0;0;0;0;0;0.0511;0.0204;2.3929;2.3929;0;70.48;70.48;40.85;0.042;2640.4;906.26;1;0.0398;0.0398;0;0;0;0;0;0;2.3532;2.2652;0;15.191;17.59;14.38;16.651;98.339;98.339;23.983;19.124;18.103;4.8587;1.021;0.2026;0.0426;0.7548;33.657;0.723;0
01/03/21 15:00;36.643;70.896;15.224;38.21;51.79;90;51.79;612.1;150.9;461.2;29.11;9.11;0;745.62;54.236;135.61;0;22.182;957.65;0;957.65;745.62;135.61;54.236;22.182;0.7786;0.0798;0;0.0232;931.32;26.329;0;0;5.526;20.803;922.67;2.1337;0.3893;0.0708;1.618;0.0556;924.8;6.5193;5.2194;0.9493;0.341;0.0097;927.81;740.02;134.59;46.751;1.3136;226.63;182.66;69.403;5.3974;2.8048;40.345;5.1378;37.753;0;1;0;0;1.5645;0.9725;1;1;0.8981;0.0622;0.9977;0.9995;1;0.9665;0.9594;0.993;0.993;1;0.993;0.993;0.9635;0.862;0.0592;2.8758;2.8795;0.0173;-0.0011;0.4353;0.017;0.0603;0.0068;0;0;0.088;0;2.152;0;0;0;0;0;0;0;0;0;0;0;0;0.0485;0.018;2.2774;2.2774;0;67.764;67.764;38.654;0.0419;2477.7;919.14;1;0.0373;0.0373;0;0;0;0;0;0;2.24;2.152;0;15.086;17.469;14.255;16.507;98.362;98.362;22.984;18.201;17.199;4.7831;1.0015;0.2081;0.0436;0.7483;43.121;0.7254;0
01/03/21 16:00;24.742;81.315;9.3294;24.994;60;90;60;399.99;151.8;248.19;28.5;8.48;0;585.17;65.282;152.67;0;19;822.12;0;822.12;585.17;152.67;65.282;19;0.7118;0.1025;0;0.0231;796.06;26.054;0;0;8.233;17.822;788.17;2.3192;0.1872;0.0489;2.0034;0.0797;790.49;5.5724;4.0962;1.0687;0.3993;0.0082;790.41;580.88;151.55;54.647;1.0901;67.046;54.039;23.763;10.919;1.2257;17.631;2.2403;7.9376;0;1;0;0;2.0553;0.9683;1;1;0.8739;0.062;0.9971;0.9997;1;0.9646;0.9319;0.993;0.993;1;0.993;0.993;0.9587;0.8371;0.0574;2.4688;2.4178;0.0146;-0.002;0.3109;0.0147;0.052;0.0031;0;0;0.088;0;1.8507;0;0;0;0;0;0;0;0;0;0;0;0;0.0419;0.013;1.9698;1.9698;0;61.347;61.347;32.847;0.0417;2085.3;944.6;1;0.0311;0.0311;0;0;0;0;0;0;1.9387;1.8507;0;15.199;17.601;14.28;16.536;98.42;98.42;19.731;15.743;14.791;3.9882;0.9521;0.2021;0.0483;0.7496;56.833;0.7378;0
01/03/21 17:00;12.518;90.283;58.285;12.519;19.197;90;19.197;168.7;122.6;46.099;26.93;6.09;0;111.8;100.96;45.491;0;0.8911;259.14;0;259.14;111.8;45.491;100.96;0.8911;0.4314;0.393;0;0.0034;256.2;2.9406;0;0;2.1926;0.748;246.16;8.2516;3.4029;1.3846;3.4325;0.0316;254.41;1.7934;0.7826;0.3184;0.6914;0.001;246.3;107.62;43.788;94.642;0.1106;62.81;50.625;18.961;0.312;0.7182;10.331;0.1399;10.737;0;1;0;0;1.5361;0.9887;1;1;0.9783;0.1607;0.9676;0.9693;1;0.965;0.7777;0.993;0.993;1;0.993;0.993;0.9499;0.9374;0.1241;0.7782;0.7636;0.0046;0.0163;0.0332;0.005;0.0176;0.0019;0;0;0.088;0;0.5701;0;0;0;0;0;0;0;0;0;0;0;0;0.0142;0.0016;0.6692;0.6692;0;37.043;37.043;10.112;0.0411;655.09;1021.6;1;0.0111;0.0111;0;0;0;0;0;0;0.6581;0.5701;0;16.382;18.97;13.956;16.161;98.342;98.342;6.2194;5.3485;4.5565;0.8709;0.792;0.14;0.1273;0.7326;62.492;0.7114;0
01/03/21 18:00;3.3395;96.693;81.878;3.3624;4.8154;90;4.8154;0;0;0;24.54;4.36;0;0;0;0;0;0;0;0;0;0;0;0;0;1;1;1;1;0;0;0;0;0;0;0;0;0;0;0;0;0;0;0;0;0;0;0;0;0;0;0;0;0;0;0;0;0;0;0;0;0;0;0;1;1;1;1;1;1;1;1;1;1;1;1;1;1;1;1;1;1;1;0;0;0;0;0;0;0;0;0;0.0004;0.088;0;-0.0884;0;0;0;0;0;0;0;0;0;0;0;0;0;0;0;0;0;0;0;-24.54;0;0;0;0;0.0004;0;0;0;0;0;0;0;-0.0004;-0.0884;0;0;0;0;0;0;0;0;0;-0.7063;0;0.7063;1;1;0;0;0;0
01/03/21 19:00;0;0;90;0;0;90;0;0;0;0;22.78;3.72;0;0;0;0;0;0;0;0;0;0;0;0;0;1;1;1;1;0;0;0;0;0;0;0;0;0;0;0;0;0;0;0;0;0;0;0;0;0;0;0;0;0;0;0;0;0;0;0;0;0;0;0;1;1;1;1;1;1;1;1;1;1;1;1;1;1;1;1;1;1;1;0;0;0;0;0;0;0;0;0;0.0004;0.088;0;-0.0884;0;0;0;0;0;0;0;0;0;0;0;0;0;0;0;0;0;0;0;-22.78;0;0;0;0;0.0004;0;0;0;0;0;0;0;-0.0004;-0.0884;0;0;0;0;0;0;0;0;0;-0.7063;0;0.7063;1;1;0;0;0;0
01/03/21 20:00;0;0;90;0;0;90;0;0;0;0;20.94;3.5001;0;0;0;0;0;0;0;0;0;0;0;0;0;1;1;1;1;0;0;0;0;0;0;0;0;0;0;0;0;0;0;0;0;0;0;0;0;0;0;0;0;0;0;0;0;0;0;0;0;0;0;0;1;1;1;1;1;1;1;1;1;1;1;1;1;1;1;1;1;1;1;0;0;0;0;0;0;0;0;0;0.0004;0.088;0;-0.0884;0;0;0;0;0;0;0;0;0;0;0;0;0;0;0;0;0;0;0;-20.94;0;0;0;0;0.0004;0;0;0;0;0;0;0;-0.0004;-0.0884;0;0;0;0;0;0;0;0;0;-0.7063;0;0.7063;1;1;0;0;0;0
01/03/21 21:00;0;0;90;0;0;90;0;0;0;0;17.52;4.1;0;0;0;0;0;0;0;0;0;0;0;0;0;1;1;1;1;0;0;0;0;0;0;0;0;0;0;0;0;0;0;0;0;0;0;0;0;0;0;0;0;0;0;0;0;0;0;0;0;0;0;0;1;1;1;1;1;1;1;1;1;1;1;1;1;1;1;1;1;1;1;0;0;0;0;0;0;0;0;0;0.0004;0.088;0;-0.0884;0;0;0;0;0;0;0;0;0;0;0;0;0;0;0;0;0;0;0;-17.52;0;0;0;0;0.0004;0;0;0;0;0;0;0;-0.0004;-0.0884;0;0;0;0;0;0;0;0;0;-0.7063;0;0.7063;1;1;0;0;0;0
01/03/21 22:00;0;0;90;0;0;90;0;0;0;0;18.85;4.8599;0;0;0;0;0;0;0;0;0;0;0;0;0;1;1;1;1;0;0;0;0;0;0;0;0;0;0;0;0;0;0;0;0;0;0;0;0;0;0;0;0;0;0;0;0;0;0;0;0;0;0;0;1;1;1;1;1;1;1;1;1;1;1;1;1;1;1;1;1;1;1;0;0;0;0;0;0;0;0;0;0.0004;0.088;0;-0.0884;0;0;0;0;0;0;0;0;0;0;0;0;0;0;0;0;0;0;0;-18.85;0;0;0;0;0.0004;0;0;0;0;0;0;0;-0.0004;-0.0884;0;0;0;0;0;0;0;0;0;-0.7063;0;0.7063;1;1;0;0;0;0
01/03/21 23:00;0;0;90;0;0;90;0;0;0;0;18.06;4.8599;0;0;0;0;0;0;0;0;0;0;0;0;0;1;1;1;1;0;0;0;0;0;0;0;0;0;0;0;0;0;0;0;0;0;0;0;0;0;0;0;0;0;0;0;0;0;0;0;0;0;0;0;1;1;1;1;1;1;1;1;1;1;1;1;1;1;1;1;1;1;1;0;0;0;0;0;0;0;0;0;0.0004;0.088;0;-0.0884;0;0;0;0;0;0;0;0;0;0;0;0;0;0;0;0;0;0;0;-18.06;0;0;0;0;0.0004;0;0;0;0;0;0;0;-0.0004;-0.0884;0;0;0;0;0;0;0;0;0;-0.7063;0;0.7063;1;1;0;0;0;0
02/03/21 00:00;0;0;90;0;0;90;0;0;0;0;16.45;4.27;0;0;0;0;0;0;0;0;0;0;0;0;0;1;1;1;1;0;0;0;0;0;0;0;0;0;0;0;0;0;0;0;0;0;0;0;0;0;0;0;0;0;0;0;0;0;0;0;0;0;0;0;1;1;1;1;1;1;1;1;1;1;1;1;1;1;1;1;1;1;1;0;0;0;0;0;0;0;0;0;0.0004;0.088;0;-0.0884;0;0;0;0;0;0;0;0;0;0;0;0;0;0;0;0;0;0;0;-16.45;0;0;0;0;0.0004;0;0;0;0;0;0;0;-0.0004;-0.0884;0;0;0;0;0;0;0;0;0;-0.7063;0;0.7063;1;1;0;0;0;0
02/03/21 01:00;0;0;90;0;0;90;0;0;0;0;14.88;4.12;0;0;0;0;0;0;0;0;0;0;0;0;0;1;1;1;1;0;0;0;0;0;0;0;0;0;0;0;0;0;0;0;0;0;0;0;0;0;0;0;0;0;0;0;0;0;0;0;0;0;0;0;1;1;1;1;1;1;1;1;1;1;1;1;1;1;1;1;1;1;1;0;0;0;0;0;0;0;0;0;0.0004;0.088;0;-0.0884;0;0;0;0;0;0;0;0;0;0;0;0;0;0;0;0;0;0;0;-14.88;0;0;0;0;0.0004;0;0;0;0;0;0;0;-0.0004;-0.0884;0;0;0;0;0;0;0;0;0;-0.7063;0;0.7063;1;1;0;0;0;0
02/03/21 02:00;0;0;90;0;0;90;0;0;0;0;12.99;4.28;0;0;0;0;0;0;0;0;0;0;0;0;0;1;1;1;1;0;0;0;0;0;0;0;0;0;0;0;0;0;0;0;0;0;0;0;0;0;0;0;0;0;0;0;0;0;0;0;0;0;0;0;1;1;1;1;1;1;1;1;1;1;1;1;1;1;1;1;1;1;1;0;0;0;0;0;0;0;0;0;0.0004;0.088;0;-0.0884;0;0;0;0;0;0;0;0;0;0;0;0;0;0;0;0;0;0;0;-12.99;0;0;0;0;0.0004;0;0;0;0;0;0;0;-0.0004;-0.0884;0;0;0;0;0;0;0;0;0;-0.7063;0;0.7063;1;1;0;0;0;0
02/03/21 03:00;0;0;90;0;0;90;0;0;0;0;11.7;4.34;0;0;0;0;0;0;0;0;0;0;0;0;0;1;1;1;1;0;0;0;0;0;0;0;0;0;0;0;0;0;0;0;0;0;0;0;0;0;0;0;0;0;0;0;0;0;0;0;0;0;0;0;1;1;1;1;1;1;1;1;1;1;1;1;1;1;1;1;1;1;1;0;0;0;0;0;0;0;0;0;0.0004;0.088;0;-0.0884;0;0;0;0;0;0;0;0;0;0;0;0;0;0;0;0;0;0;0;-11.7;0;0;0;0;0.0004;0;0;0;0;0;0;0;-0.0004;-0.0884;0;0;0;0;0;0;0;0;0;-0.7063;0;0.7063;1;1;0;0;0;0
02/03/21 04:00;0;0;90;0;0;90;0;0;0;0;10.11;4.18;0;0;0;0;0;0;0;0;0;0;0;0;0;1;1;1;1;0;0;0;0;0;0;0;0;0;0;0;0;0;0;0;0;0;0;0;0;0;0;0;0;0;0;0;0;0;0;0;0;0;0;0;1;1;1;1;1;1;1;1;1;1;1;1;1;1;1;1;1;1;1;0;0;0;0;0;0;0;0;0;0.0004;0.088;0;-0.0884;0;0;0;0;0;0;0;0;0;0;0;0;0;0;0;0;0;0;0;-10.11;0;0;0;0;0.0004;0;0;0;0;0;0;0;-0.0004;-0.0884;0;0;0;0;0;0;0;0;0;-0.7063;0;0.7063;1;1;0;0;0;0
02/03/21 05:00;0.9132;-97.935;87.785;0.9221;1.3147;-90;-1.3147;0;0;0;8.3501;4.81;0;0;0;0;0;0;0;0;0;0;0;0;0;1;1;1;1;0;0;0;0;0;0;0;0;0;0;0;0;0;0;0;0;0;0;0;0;0;0;0;0;0;0;0;0;0;0;0;0;0;0;0;1;1;1;1;1;1;1;1;1;1;1;1;1;1;1;1;1;1;1;0;0;0;0;0;0;0;0;0;0.0004;0.088;0;-0.0884;0;0;0;0;0;0;0;0;0;0;0;0;0;0;0;0;0;0;0;-8.3501;0;0;0;0;0.0004;0;0;0;0;0;0;0;-0.0004;-0.0884;0;0;0;0;0;0;0;0;0;-0.7063;0;0.7063;1;1;0;0;0;0
02/03/21 06:00;8.035;-92.947;70.184;8.0455;11.797;-90;-11.797;114.3;18.898;95.399;10.04;5.3201;0;231.37;9.5138;22.513;0;0.2294;263.63;0;263.63;231.37;22.513;9.5138;0.2294;0.8776;0.037;0;0.0009;263.34;0.282;0;0;0.0909;0.1912;233.27;28.231;25.381;2.4697;0.3719;0.0085;261.5;1.8434;1.6196;0.1576;0.066;0.0003;233.27;204.37;19.886;8.9851;0.0294;6.243;5.0319;1.4775;0.0052;0.0962;1.3835;0.0057;1.4744;0;1;0;0;2.3065;0.9989;1;1;0.9904;0.1665;0.892;0.8895;1;0.9603;0.7752;0.993;0.993;1;0.993;0.993;0.8848;0.9444;0.1282;0.7917;0.7055;0.0042;0.0169;-0.0139;0.0049;0.0173;0.0003;0;0;0.088;0;0.5606;0;0;0;0;0;0;0;0;0;0;0;0;0.014;0.0014;0.6604;0.6604;0;19.485;19.485;9.4454;0.0405;604.04;1093.3;1;0.0118;0.0118;0;0;0;0;0;0;0.6486;0.5606;0;15.891;18.402;13.491;15.622;98.221;98.221;6.327;5.2779;4.4807;1.0491;0.7972;0.1658;0.126;0.7082;5.7302;0.7054;0
02/03/21 07:00;20.287;-84.205;32.764;20.383;37.258;-90;-37.258;346.9;57.2;289.7;12.4;4.8599;0;702.59;20.478;83.419;0;6.7255;813.21;0;813.21;702.59;83.419;20.478;6.7255;0.864;0.0335;0;0.0083;805.83;7.3808;0;0;1.2806;6.1002;797.43;2.7594;1.8505;0.2197;0.6153;0.0738;800.19;5.6408;4.9181;0.5839;0.1344;0.0044;797.59;695.82;82.615;18.448;0.547;15.844;12.77;5.3448;0.6554;0.1821;2.6198;0.1562;2.1465;0;1;0;0;2.3443;0.9909;1;1;0.9375;0.093;0.9966;0.9973;1;0.9677;0.8811;0.993;0.993;1;0.993;0.993;0.9806;0.9009;0.0813;2.4421;2.4078;0.0145;-0.002;0.17;0.0156;0.0552;0.0005;0;0;0.088;0;1.9737;0;0;0;0;0;0;0;0;0;0;0;0;0.0445;0.0129;2.0966;2.0966;0;45.188;45.188;32.788;0.0411;2073.4;1011.2;1;0.0349;0.0349;0;0;0;0;0;0;2.0617;1.9737;0;16.355;18.939;15.396;17.828;98.336;98.336;19.517;16.756;15.774;2.7612;0.9821;0.1415;0.0503;0.8082;14.256;0.8063;0
02/03/21 08:00;32.333;-74.412;13.124;33.311;56.689;-90;-56.689;570.7;94.198;476.51;14.62;4.5499;0;867.67;26.179;109.98;0;24.442;1028.3;0;1028.3;867.67;109.98;26.179;24.442;0.8438;0.0492;0;0.0238;1002.3;25.936;0;0;3.0346;22.902;994.01;1.3065;0.3906;0.0495;0.7921;0.0743;995.32;7.0164;6.0737;0.7699;0.162;0.0108;998.6;861.2;109.16;22.191;1.4552;157.72;127.12;48.072;3.5821;1.9555;28.129;4.587;26.502;0;1;0;0;1.8018;0.9748;1;1;0.8841;0.063;0.9987;0.9995;1;0.9655;0.9514;0.993;0.993;1;0.993;0.993;0.9667;0.8476;0.0595;3.0879;3.067;0.0185;0.0006;0.3313;0.019;0.0674;0.005;0;0;0.088;0;2.4174;0;0;0;0;0;0;0;0;0;0;0;0;0.0543;0.0204;2.5505;2.5505;0;55.855;55.855;41.235;0.0415;2640.4;965.95;1;0.0451;0.0451;0;0;0;0;0;0;2.5054;2.4174;0;15.735;18.22;14.913;17.269;98.232;98.232;24.679;20.383;19.32;4.295;1.0636;0.174;0.0431;0.7829;21.944;0.7672;0
02/03/21 09:00;43.732;-62.188;19.702;47.245;42.755;-90;-42.755;760.31;125.5;634.8;17.13;4.73;0;864.54;36.904;112.96;0;19.194;1033.6;0;1033.6;864.54;112.96;36.904;19.194;0.8364;0.0543;0;0.0186;1013;20.567;0;0;2.8398;17.727;1004.1;1.864;0.5842;0.0763;1.0977;0.1057;1005.9;7.0912;6.0518;0.7907;0.2384;0.0103;1009.2;857.9;112.09;32.728;1.3502;343.6;276.94;107.52;1.8943;3.6944;53.142;5.1416;54.942;0;1;0;0;1.3595;0.9801;1;1;0.923;0.0764;0.9981;0.9993;1;0.9675;0.9274;0.993;0.993;1;0.993;0.993;0.9714;0.8868;0.0703;3.1039;3.1517;0.019;0.0016;0.3743;0.0193;0.0684;0.0093;0;0;0.088;0;2.4497;0;0;0;0;0;0;0;0;0;0;0;0;0.0551;0.0214;2.5832;2.5832;0;58.888;58.888;41.758;0.0416;2709.9;953.23;1;0.0455;0.0455;0;0;0;0;0;0;2.5377;2.4497;0;15.854;18.359;15.035;17.41;98.237;98.237;24.806;20.645;19.578;4.1614;1.0673;0.1678;0.043;0.7892;26.917;0.76;0
02/03/21 10:00;53.649;-45.23;24.672;62.414;27.586;-90;-27.586;895.7;147.8;747.9;18.6;5.1601;0;843.83;46.237;111.45;0;9.6734;1011.2;0;1011.2;843.83;111.45;46.237;9.6734;0.8345;0.0553;0;0.0096;1001;10.179;0;0;1.7977;8.3814;991.5;2.503;0.7141;0.0943;1.4503;0.2443;994;7.007;5.9068;0.7801;0.3111;0.009;994.07;837.21;110.57;42.678;1.0386;484.72;390.68;154.57;0.5253;4.8842;70.257;2.5711;74.616;0;1;0;0;1.1289;0.9899;1;1;0.9611;0.1336;0.9975;0.9991;1;0.9671;0.8096;0.993;0.993;1;0.993;0.993;0.9805;0.923;0.1074;3.0366;3.1421;0.0189;0.0015;0.3843;0.0192;0.068;0.0122;0;0;0.088;0;2.4292;0;0;0;0;0;0;0;0;0;0;0;0;0.0547;0.0213;2.5621;2.5621;0;59.868;59.868;41.268;0.0416;2700.1;948.9;1;0.0449;0.0449;0;0;0;0;0;0;2.5172;2.4292;0;16.073;18.612;15.239;17.647;98.247;98.247;24.268;20.476;19.414;3.7921;1.0622;0.1563;0.0438;0.8;29.988;0.7604;0
02/03/21 11:00;60.392;-20.598;27.547;78.695;11.305;-90;-11.305;977.8;161.3;816.5;20.77;5.5799;0;832.66;51.773;111.18;0;1.8024;997.41;0;997.41;832.66;111.18;51.773;1.8024;0.8348;0.0537;0;0.0018;995.45;1.9626;0;0;0.4603;1.5023;985.48;2.9999;0.7867;0.105;2.0412;0.067;988.48;6.9682;5.8286;0.7783;0.3592;0.0021;985.86;826.04;110.3;48.913;0.231;569.41;458.94;175.88;0.0244;6.0694;87.306;0.3773;93.351;0;1;0;0;1.0201;0.998;1;1;0.9911;0.1665;0.997;0.999;1;0.9599;0.7752;0.993;0.993;1;0.993;0.993;0.988;0.9447;0.1282;2.9952;3.1534;0.019;0.0017;0.4081;0.0191;0.0676;0.0151;0;0;0.088;0;2.4147;0;0;0;0;0;0;0;0;0;0;0;0;0.0545;0.0214;2.547;2.547;0;61.855;61.855;41.085;0.0417;2707.6;940.67;1;0.0443;0.0443;0;0;0;0;0;0;2.5027;2.4147;0;16.199;18.758;15.357;17.784;98.26;98.26;23.938;20.356;19.298;3.5824;1.0575;0.1497;0.0442;0.8062;31.14;0.7566;0
02/03/21 12:00;61.521;10.271;27.983;84.475;5.5251;90;5.5251;983.9;162.3;821.6;21.97;6.01;0;825.43;52.996;109.69;0;0.4343;988.55;0;988.55;825.43;109.69;52.996;0.4343;0.835;0.054;0;0.0004;988.05;0.5095;0;0;0.1463;0.3631;977.94;3.1895;0.7922;0.1053;2.2762;0.0158;981.13;6.9163;5.778;0.7678;0.3699;0.0005;977.99;818.86;108.82;50.204;0.0548;578.59;466.35;182.73;0.0011;5.9046;84.936;0.0491;90.839;0;1;0;0;1.0047;0.9995;1;1;0.9972;0.1637;0.9967;0.999;1;0.9566;0.7761;0.993;0.993;1;0.993;0.993;0.9893;0.9473;0.1262;2.9686;3.1247;0.0188;0.0013;0.4148;0.0188;0.0668;0.0146;0;0;0.088;0;2.3833;0;0;0;0;0;0;0;0;0;0;0;0;0.0538;0.021;2.5148;2.5148;0;62.771;62.771;40.801;0.0417;2683.3;937.18;1;0.0435;0.0435;0;0;0;0;0;0;2.4713;2.3833;0;16.137;18.687;15.294;17.71;98.272;98.272;23.725;20.098;19.047;3.6274;1.0506;0.1529;0.0443;0.8028;31.495;0.7543;0
02/03/21 13:00;56.453;37.716;25.922;67.921;22.079;90;22.079;927.7;152.9;774.8;23.5;6.2299;0;836.11;48.745;110.4;0;6.463;1001.7;0;1001.7;836.11;110.4;48.745;6.463;0.8347;0.0551;0;0.0065;994.91;6.8051;0;0;1.3286;5.4765;985.3;2.6506;0.7434;0.0982;1.5983;0.2108;987.95;6.9644;5.8528;0.7728;0.3319;0.0069;986.95;829.52;109.53;45.487;0.7688;519.35;418.6;162.76;0.2514;5.3989;77.661;1.6569;82.808;0;1;0;0;1.0798;0.9932;1;1;0.9727;0.1526;0.9973;0.9991;1;0.9661;0.7848;0.993;0.993;1;0.993;0.993;0.9836;0.9331;0.119;3.0082;3.1363;0.0189;0.0014;0.4378;0.0187;0.0665;0.0133;0;0;0.088;0;2.3739;0;0;0;0;0;0;0;0;0;0;0;0;0.0535;0.0212;2.5049;2.5049;0;64.673;64.673;41.173;0.0418;2695.3;929.36;1;0.043;0.043;0;0;0;0;0;0;2.4619;2.3739;0;15.863;18.369;15.034;17.409;98.283;98.283;24.041;20.02;18.972;4.0217;1.047;0.1673;0.0436;0.7892;30.608;0.7459;0
02/03/21 14:00;47.381;57.029;21.623;52.333;37.667;90;37.667;803.11;141.2;661.91;24.46;6.27;0;836.19;44.604;115.48;0;15.902;1012.2;0;1012.2;836.19;115.48;44.604;15.902;0.8261;0.0598;0;0.0157;994.85;17.327;0;0;2.8419;14.485;985.67;2.2085;0.6202;0.0856;1.3387;0.164;987.88;6.9639;5.8533;0.8083;0.2923;0.0099;990.15;829.72;114.58;40.131;1.2433;394;317.56;125.91;1.4823;4.0215;57.847;4.4747;60.386;0;1;0;0;1.2603;0.9829;1;1;0.9363;0.0891;0.9978;0.9993;1;0.9677;0.8835;0.993;0.993;1;0.993;0.993;0.9738;0.8997;0.0782;3.0396;3.1042;0.0187;0.001;0.4448;0.0185;0.0655;0.0098;0;0;0.088;0;2.3421;0;0;0;0;0;0;0;0;0;0;0;0;0.0528;0.0208;2.4722;2.4722;0;65.684;65.684;41.223;0.0418;2669.8;925.97;1;0.0421;0.0421;0;0;0;0;0;0;2.4301;2.3421;0;15.494;17.942;14.679;16.997;98.296;98.296;24.292;19.758;18.718;4.5343;1.0401;0.1867;0.0428;0.7705;31.156;0.7389;0
02/03/21 15:00;36.366;70.565;15.542;37.984;52.016;90;52.016;635.11;129.4;505.71;24.84;6.2199;0;821.7;40.363;129.06;0;23.202;1014.3;0;1014.3;821.7;129.06;40.363;23.202;0.8101;0.0627;0;0.0229;988.42;25.902;0;0;4.1386;21.763;979.73;1.7695;0.438;0.0688;1.2047;0.058;981.5;6.9189;5.7519;0.9034;0.2536;0.0101;984.77;815.51;128.09;34.767;1.371;227.21;183.13;70.13;4.0799;2.6897;38.69;5.0363;37.3;0;1;0;0;1.5971;0.9745;1;1;0.8975;0.062;0.9982;0.9995;1;0.9665;0.9594;0.993;0.993;1;0.993;0.993;0.9659;0.8613;0.0591;3.046;3.0476;0.0183;0.0004;0.4385;0.0181;0.0643;0.0066;0;0;0.088;0;2.3004;0;0;0;0;0;0;0;0;0;0;0;0;0.0518;0.0201;2.4295;2.4295;0;65.82;65.82;40.979;0.0418;2622.6;926.37;1;0.0411;0.0411;0;0;0;0;0;0;2.3884;2.3004;0;15.194;17.595;14.387;16.659;98.307;98.307;24.344;19.416;18.385;4.9273;1.032;0.2024;0.0424;0.7552;32.166;0.7342;0
02/03/21 16:00;24.481;81.004;9.712;24.75;60;90;60;414;133.5;280.5;24.19;5.47;0;667.19;51.347;154.69;0;19.665;892.9;0;892.9;667.19;154.69;51.347;19.665;0.7472;0.0795;0;0.022;867.97;24.921;0;0;6.4756;18.446;859.97;1.932;0.2223;0.0515;1.5757;0.0825;861.9;6.0758;4.6703;1.0828;0.3141;0.0085;861.88;662.3;153.56;42.982;1.1283;53.017;42.731;18.452;8.5893;0.9883;14.217;1.9098;6.6157;0;1;0;0;2.1568;0.9721;1;1;0.8739;0.062;0.9978;0.9997;1;0.9646;0.9319;0.993;0.993;1;0.993;0.993;0.9631;0.8371;0.0574;2.6814;2.6258;0.0158;-0.0021;0.3239;0.016;0.0568;0.0025;0;0;0.088;0;2.029;0;0;0;0;0;0;0;0;0;0;0;0;0.0457;0.0152;2.152;2.152;0;59.985;59.985;35.795;0.0416;2264.3;950.41;1;0.035;0.035;0;0;0;0;0;0;2.117;2.029;0;15.289;17.704;14.415;16.692;98.375;98.375;21.429;17.199;16.216;4.2309;0.9829;0.1974;0.0459;0.7567;44.701;0.7478;0
02/03/21 17:00;12.262;89.989;58.996;12.262;18.742;90;18.742;172.1;119.2;52.897;23;3.55;0;128.29;95.243;51.82;0;0.8669;276.22;0;276.22;128.29;51.82;95.243;0.8669;0.4644;0.3479;0;0.0031;273.5;2.7144;0;0;1.9872;0.7272;262.33;9.2573;4.2448;1.7146;3.267;0.0309;271.59;1.9145;0.898;0.3627;0.6528;0.001;262.46;123.15;49.742;89.336;0.1079;59.199;47.714;17.863;0.2707;0.6759;9.722;0.1242;10.127;0;1;0;0;1.605;0.9902;1;1;0.9791;0.1612;0.9659;0.9667;1;0.9647;0.7773;0.993;0.993;1;0.993;0.993;0.9497;0.938;0.1244;0.8295;0.811;0.0049;0.0158;0.0255;0.0054;0.019;0.0018;0;0;0.088;0;0.6216;0;0;0;0;0;0;0;0;0;0;0;0;0.0153;0.0018;0.7216;0.7216;0;33.742;33.742;10.741;0.0409;695.33;1037.8;1;0.012;0.012;0;0;0;0;0;0;0.7096;0.6216;0;16.572;19.19;14.276;16.531;98.338;98.338;6.6293;5.767;4.9679;0.8622;0.7992;0.1301;0.1206;0.7494;58.835;0.7301;0
02/03/21 18:00;3.0808;96.407;82.51;3.1001;4.4366;90;4.4366;0;0;0;20.41;3.54;0;0;0;0;0;0;0;0;0;0;0;0;0;1;1;1;1;0;0;0;0;0;0;0;0;0;0;0;0;0;0;0;0;0;0;0;0;0;0;0;0;0;0;0;0;0;0;0;0;0;0;0;1;1;1;1;1;1;1;1;1;1;1;1;1;1;1;1;1;1;1;0;0;0;0;0;0;0;0;0;0.0004;0.088;0;-0.0884;0;0;0;0;0;0;0;0;0;0;0;0;0;0;0;0;0;0;0;-20.41;0;0;0;0;0.0004;0;0;0;0;0;0;0;-0.0004;-0.0884;0;0;0;0;0;0;0;0;0;-0.7063;0;0.7063;1;1;0;0;0;0
02/03/21 19:00;0;0;90;0;0;90;0;0;0;0;18.35;3.7401;0;0;0;0;0;0;0;0;0;0;0;0;0;1;1;1;1;0;0;0;0;0;0;0;0;0;0;0;0;0;0;0;0;0;0;0;0;0;0;0;0;0;0;0;0;0;0;0;0;0;0;0;1;1;1;1;1;1;1;1;1;1;1;1;1;1;1;1;1;1;1;0;0;0;0;0;0;0;0;0;0.0004;0.088;0;-0.0884;0;0;0;0;0;0;0;0;0;0;0;0;0;0;0;0;0;0;0;-18.35;0;0;0;0;0.0004;0;0;0;0;0;0;0;-0.0004;-0.0884;0;0;0;0;0;0;0;0;0;-0.7063;0;0.7063;1;1;0;0;0;0
02/03/21 20:00;0;0;90;0;0;90;0;0;0;0;16.85;3.8299;0;0;0;0;0;0;0;0;0;0;0;0;0;1;1;1;1;0;0;0;0;0;0;0;0;0;0;0;0;0;0;0;0;0;0;0;0;0;0;0;0;0;0;0;0;0;0;0;0;0;0;0;1;1;1;1;1;1;1;1;1;1;1;1;1;1;1;1;1;1;1;0;0;0;0;0;0;0;0;0;0.0004;0.088;0;-0.0884;0;0;0;0;0;0;0;0;0;0;0;0;0;0;0;0;0;0;0;-16.85;0;0;0;0;0.0004;0;0;0;0;0;0;0;-0.0004;-0.0884;0;0;0;0;0;0;0;0;0;-0.7063;0;0.7063;1;1;0;0;0;0
02/03/21 21:00;0;0;90;0;0;90;0;0;0;0;15.37;3.6699;0;0;0;0;0;0;0;0;0;0;0;0;0;1;1;1;1;0;0;0;0;0;0;0;0;0;0;0;0;0;0;0;0;0;0;0;0;0;0;0;0;0;0;0;0;0;0;0;0;0;0;0;1;1;1;1;1;1;1;1;1;1;1;1;1;1;1;1;1;1;1;0;0;0;0;0;0;0;0;0;0.0004;0.088;0;-0.0884;0;0;0;0;0;0;0;0;0;0;0;0;0;0;0;0;0;0;0;-15.37;0;0;0;0;0.0004;0;0;0;0;0;0;0;-0.0004;-0.0884;0;0;0;0;0;0;0;0;0;-0.7063;0;0.7063;1;1;0;0;0;0
02/03/21 22:00;0;0;90;0;0;90;0;0;0;0;13.3;3.14;0;0;0;0;0;0;0;0;0;0;0;0;0;1;1;1;1;0;0;0;0;0;0;0;0;0;0;0;0;0;0;0;0;0;0;0;0;0;0;0;0;0;0;0;0;0;0;0;0;0;0;0;1;1;1;1;1;1;1;1;1;1;1;1;1;1;1;1;1;1;1;0;0;0;0;0;0;0;0;0;0.0004;0.088;0;-0.0884;0;0;0;0;0;0;0;0;0;0;0;0;0;0;0;0;0;0;0;-13.3;0;0;0;0;0.0004;0;0;0;0;0;0;0;-0.0004;-0.0884;0;0;0;0;0;0;0;0;0;-0.7063;0;0.7063;1;1;0;0;0;0
02/03/21 23:00;0;0;90;0;0;90;0;0;0;0;11.7;2.21;0;0;0;0;0;0;0;0;0;0;0;0;0;1;1;1;1;0;0;0;0;0;0;0;0;0;0;0;0;0;0;0;0;0;0;0;0;0;0;0;0;0;0;0;0;0;0;0;0;0;0;0;1;1;1;1;1;1;1;1;1;1;1;1;1;1;1;1;1;1;1;0;0;0;0;0;0;0;0;0;0.0004;0.088;0;-0.0884;0;0;0;0;0;0;0;0;0;0;0;0;0;0;0;0;0;0;0;-11.7;0;0;0;0;0.0004;0;0;0;0;0;0;0;-0.0004;-0.0884;0;0;0;0;0;0;0;0;0;-0.7063;0;0.7063;1;1;0;0;0;0
03/03/21 00:00;0;0;90;0;0;90;0;0;0;0;11.28;1.95;0;0;0;0;0;0;0;0;0;0;0;0;0;1;1;1;1;0;0;0;0;0;0;0;0;0;0;0;0;0;0;0;0;0;0;0;0;0;0;0;0;0;0;0;0;0;0;0;0;0;0;0;1;1;1;1;1;1;1;1;1;1;1;1;1;1;1;1;1;1;1;0;0;0;0;0;0;0;0;0;0.0004;0.088;0;-0.0884;0;0;0;0;0;0;0;0;0;0;0;0;0;0;0;0;0;0;0;-11.28;0;0;0;0;0.0004;0;0;0;0;0;0;0;-0.0004;-0.0884;0;0;0;0;0;0;0;0;0;-0.7063;0;0.7063;1;1;0;0;0;0
03/03/21 01:00;0;0;90;0;0;90;0;0;0;0;9.9202;2.3701;0;0;0;0;0;0;0;0;0;0;0;0;0;1;1;1;1;0;0;0;0;0;0;0;0;0;0;0;0;0;0;0;0;0;0;0;0;0;0;0;0;0;0;0;0;0;0;0;0;0;0;0;1;1;1;1;1;1;1;1;1;1;1;1;1;1;1;1;1;1;1;0;0;0;0;0;0;0;0;0;0.0004;0.088;0;-0.0884;0;0;0;0;0;0;0;0;0;0;0;0;0;0;0;0;0;0;0;-9.9202;0;0;0;0;0.0004;0;0;0;0;0;0;0;-0.0004;-0.0884;0;0;0;0;0;0;0;0;0;-0.7063;0;0.7063;1;1;0;0;0;0
03/03/21 02:00;0;0;90;0;0;90;0;0;0;0;8.85;2.7199;0;0;0;0;0;0;0;0;0;0;0;0;0;1;1;1;1;0;0;0;0;0;0;0;0;0;0;0;0;0;0;0;0;0;0;0;0;0;0;0;0;0;0;0;0;0;0;0;0;0;0;0;1;1;1;1;1;1;1;1;1;1;1;1;1;1;1;1;1;1;1;0;0;0;0;0;0;0;0;0;0.0004;0.088;0;-0.0884;0;0;0;0;0;0;0;0;0;0;0;0;0;0;0;0;0;0;0;-8.85;0;0;0;0;0.0004;0;0;0;0;0;0;0;-0.0004;-0.0884;0;0;0;0;0;0;0;0;0;-0.7063;0;0.7063;1;1;0;0;0;0
03/03/21 03:00;0;0;90;0;0;90;0;0;0;0;7.7797;3;0;0;0;0;0;0;0;0;0;0;0;0;0;1;1;1;1;0;0;0;0;0;0;0;0;0;0;0;0;0;0;0;0;0;0;0;0;0;0;0;0;0;0;0;0;0;0;0;0;0;0;0;1;1;1;1;1;1;1;1;1;1;1;1;1;1;1;1;1;1;1;0;0;0;0;0;0;0;0;0;0.0004;0.088;0;-0.0884;0;0;0;0;0;0;0;0;0;0;0;0;0;0;0;0;0;0;0;-7.7797;0;0;0;0;0.0004;0;0;0;0;0;0;0;-0.0004;-0.0884;0;0;0;0;0;0;0;0;0;-0.7063;0;0.7063;1;1;0;0;0;0
03/03/21 04:00;0;0;90;0;0;90;0;0;0;0;6.9002;3.0901;0;0;0;0;0;0;0;0;0;0;0;0;0;1;1;1;1;0;0;0;0;0;0;0;0;0;0;0;0;0;0;0;0;0;0;0;0;0;0;0;0;0;0;0;0;0;0;0;0;0;0;0;1;1;1;1;1;1;1;1;1;1;1;1;1;1;1;1;1;1;1;0;0;0;0;0;0;0;0;0;0.0004;0.088;0;-0.0884;0;0;0;0;0;0;0;0;0;0;0;0;0;0;0;0;0;0;0;-6.9002;0;0;0;0;0.0004;0;0;0;0;0;0;0;-0.0004;-0.0884;0;0;0;0;0;0;0;0;0;-0.7063;0;0.7063;1;1;0;0;0;0
03/03/21 05:00;0.9358;-97.449;87.73;0.9438;1.3456;-90;-1.3456;0;0;0;6.3298;3.48;0;0;0;0;0;0;0;0;0;0;0;0;0;1;1;1;1;0;0;0;0;0;0;0;0;0;0;0;0;0;0;0;0;0;0;0;0;0;0;0;0;0;0;0;0;0;0;0;0;0;0;0;1;1;1;1;1;1;1;1;1;1;1;1;1;1;1;1;1;1;1;0;0;0;0;0;0;0;0;0;0.0004;0.088;0;-0.0884;0;0;0;0;0;0;0;0;0;0;0;0;0;0;0;0;0;0;0;-6.3298;0;0;0;0;0.0004;0;0;0;0;0;0;0;-0.0004;-0.0884;0;0;0;0;0;0;0;0;0;-0.7063;0;0.7063;1;1;0;0;0;0
03/03/21 06:00;7.8588;-92.599;70.633;7.8668;11.52;-90;-11.52;107.3;17.9;89.403;8.3999;4.67;0;216.83;9.3773;20.44;0;0.2054;246.85;0;246.85;216.83;20.44;9.3773;0.2054;0.8784;0.0388;0;0.0008;246.59;0.2572;0;0;0.0861;0.1712;217.22;27.648;24.922;2.3493;0.3683;0.0076;244.87;1.7261;1.5178;0.1431;0.065;0.0002;217.22;190.39;17.947;8.8579;0.0263;6.1229;4.935;1.9015;0.0047;0.0649;0.9334;0.0035;0.9936;0;1;0;0;2.3005;0.999;1;1;0.9908;0.1665;0.8871;0.8842;1;0.9601;0.7752;0.993;0.993;1;0.993;0.993;0.88;0.9446;0.1282;0.7413;0.6562;0.004;0.0173;-0.0183;0.0046;0.0162;0.0002;0;0;0.088;0;0.5188;0;0;0;0;0;0;0;0;0;0;0;0;0.0131;0.0012;0.618;0.618;0;17.183;17.183;8.7834;0.0404;561.63;1100.4;1;0.0112;0.0112;0;0;0;0;0;0;0.6068;0.5188;0;15.881;18.39;13.332;15.438;98.185;98.185;5.9244;4.939;4.1461;0.9854;0.7929;0.1663;0.1338;0.6998;5.6435;0.6979;0
03/03/21 07:00;20.109;-83.839;33.506;20.216;36.723;-90;-36.723;331.99;54.599;277.39;13.27;4.0601;0;672.75;20.609;76.929;0;6.2594;776.55;0;776.55;672.75;76.929;20.609;6.2594;0.8663;0.0346;0;0.0081;769.63;6.9242;0;0;1.2601;5.6641;761.25;2.9912;2.062;0.2358;0.62;0.0733;764.24;5.3874;4.7093;0.5385;0.1354;0.0042;761.45;665.98;76.154;18.594;0.5178;15.8;12.735;4.7695;0.6277;0.2164;3.1123;0.2005;2.701;0;1;0;0;2.3391;0.9911;1;1;0.9389;0.0951;0.9961;0.9969;1;0.9677;0.8759;0.993;0.993;1;0.993;0.993;0.9803;0.9022;0.0827;2.332;2.3;0.0138;-0.0016;0.1574;0.0149;0.0529;0.0006;0;0;0.088;0;1.8863;0;0;0;0;0;0;0;0;0;0;0;0;0.0426;0.0118;2.0075;2.0075;0;44.556;44.556;31.286;0.0411;1979.6;1014.1;1;0.0332;0.0332;0;0;0;0;0;0;1.9743;1.8863;0;16.4;18.99;15.409;17.844;98.344;98.344;18.637;16.044;15.075;2.5929;0.9689;0.1391;0.052;0.8089;14.285;0.8065;0
03/03/21 08:00;32.139;-74.016;13.484;33.165;56.835;-90;-56.835;554.29;91.497;462.8;16.57;2.5;0;845.97;26.441;104.77;0;23.851;1001;0;1001;845.97;104.77;26.441;23.851;0.8451;0.0502;0;0.0238;975.61;25.424;0;0;3.0763;22.348;967.47;1.3136;0.3913;0.0485;0.8005;0.0734;968.78;6.8293;5.9218;0.7334;0.1636;0.0105;971.96;839.66;103.99;22.401;1.4195;152.22;122.69;46.221;3.6506;1.9113;27.493;4.4923;25.754;0;1;0;0;1.806;0.9746;1;1;0.8837;0.063;0.9986;0.9995;1;0.9655;0.9508;0.993;0.993;1;0.993;0.993;0.9665;0.8472;0.0595;3.0061;2.9854;0.018;-0.0003;0.3321;0.0184;0.0654;0.0049;0;0;0.088;0;2.3436;0;0;0;0;0;0;0;0;0;0;0;0;0.0527;0.0194;2.4748;2.4748;0;56.732;56.732;40.162;0.0415;2570.8;962.64;1;0.0431;0.0431;0;0;0;0;0;0;2.4316;2.3436;0;15.683;18.16;14.852;17.198;98.257;98.257;24.025;19.778;18.73;4.2465;1.0481;0.1768;0.0436;0.7796;22.2;0.7639;0
03/03/21 09:00;43.505;-61.755;20.075;47.134;42.866;-90;-42.866;740.69;122.2;618.49;19.16;1.63;0;843.83;37.388;107.86;0;18.791;1007.9;0;1007.9;843.83;107.86;37.388;18.791;0.8372;0.0557;0;0.0186;987.62;20.248;0;0;2.888;17.36;978.84;1.8694;0.581;0.0743;1.112;0.1022;980.71;6.9134;5.9068;0.755;0.2415;0.01;983.87;837.35;107.03;33.146;1.319;334.36;269.5;104.62;1.9361;3.6018;51.81;5.0353;53.475;0;1;0;0;1.3607;0.9799;1;1;0.9228;0.0762;0.9981;0.9993;1;0.9675;0.9281;0.993;0.993;1;0.993;0.993;0.9712;0.8866;0.0702;3.0266;3.0725;0.0185;0.0007;0.3764;0.0187;0.0665;0.009;0;0;0.088;0;2.3772;0;0;0;0;0;0;0;0;0;0;0;0;0.0535;0.0204;2.5089;2.5089;0;59.901;59.901;40.741;0.0416;2642.6;949.4;1;0.0436;0.0436;0;0;0;0;0;0;2.4652;2.3772;0;15.791;18.286;14.963;17.326;98.261;98.261;24.189;20.051;18.999;4.1381;1.052;0.1711;0.0435;0.7854;27.297;0.7563;0
03/03/21 10:00;53.367;-44.786;25.055;62.355;27.645;-90;-27.645;875.21;144.4;730.81;21.81;2.05;0;824.99;46.874;106.89;0;9.4922;988.25;0;988.25;824.99;106.89;46.874;9.4922;0.8348;0.057;0;0.0096;978.2;10.056;0;0;1.8288;8.2268;968.84;2.5095;0.709;0.0919;1.4697;0.2389;971.35;6.8474;5.775;0.7482;0.3153;0.0089;971.36;818.51;106.05;43.26;1.0177;473.56;381.69;151.02;0.5364;4.773;68.658;2.5254;72.894;0;1;0;0;1.1292;0.9898;1;1;0.961;0.1333;0.9974;0.9991;1;0.9671;0.8099;0.993;0.993;1;0.993;0.993;0.9804;0.9229;0.1072;2.9677;3.0704;0.0185;0.0006;0.4017;0.0185;0.0658;0.0118;0;0;0.088;0;2.3494;0;0;0;0;0;0;0;0;0;0;0;0;0.053;0.0203;2.4801;2.4801;0;62.212;62.212;40.402;0.0417;2638.7;939.89;1;0.0427;0.0427;0;0;0;0;0;0;2.4374;2.3494;0;15.92;18.435;15.081;17.464;98.279;98.279;23.718;19.821;18.777;3.8968;1.0445;0.1643;0.044;0.7917;30.413;0.7525;0
03/03/21 11:00;60.04;-20.278;27.934;78.703;11.297;-90;-11.297;963;158.9;804.1;23.07;2.7099;0;819.98;52.199;108.29;0;1.7726;982.25;0;982.25;819.98;108.29;52.199;1.7726;0.8348;0.0549;0;0.0018;980.3;1.9411;0;0;0.4636;1.4775;970.43;3.0135;0.7856;0.1038;2.0582;0.0659;973.44;6.8621;5.7399;0.758;0.3621;0.0021;970.8;813.46;107.43;49.315;0.2272;560.81;452.01;173.21;0.0245;5.9785;85.998;0.3709;91.952;0;1;0;0;1.02;0.998;1;1;0.9911;0.1665;0.9969;0.999;1;0.9599;0.7752;0.993;0.993;1;0.993;0.993;0.988;0.9448;0.1282;2.9497;3.1052;0.0187;0.001;0.4214;0.0186;0.0661;0.0147;0;0;0.088;0;2.3597;0;0;0;0;0;0;0;0;0;0;0;0;0.0533;0.0208;2.4905;2.4905;0;63.585;63.585;40.515;0.0417;2666.9;933.86;1;0.0428;0.0428;0;0;0;0;0;0;2.4477;2.3597;0;16.085;18.626;15.24;17.648;98.282;98.282;23.574;19.904;18.859;3.6696;1.0452;0.1557;0.0443;0.8;31.395;0.7508;0
03/03/21 12:00;61.134;10.259;28.363;84.393;5.6071;90;5.6071;1004.2;165.7;838.5;23.54;3.29;0;842.53;51.34;114.79;0;0.4564;1009.1;0;1009.1;842.53;114.79;51.34;0.4564;0.8349;0.0513;0;0.0005;1008.6;0.5268;0;0;0.1451;0.3817;998.37;3.1507;0.8196;0.1117;2.2028;0.0166;1001.5;7.0601;5.8977;0.8035;0.3584;0.0005;998.42;835.81;113.87;48.634;0.0576;590.46;475.91;186.52;0.0011;6.0232;86.641;0.0527;92.663;0;1;0;0;1.0049;0.9995;1;1;0.9972;0.1638;0.9969;0.999;1;0.9567;0.7761;0.993;0.993;1;0.993;0.993;0.9894;0.9473;0.1262;3.0304;3.1898;0.0192;0.0022;0.4521;0.019;0.0674;0.0147;0;0;0.088;0;2.4072;0;0;0;0;0;0;0;0;0;0;0;0;0.0543;0.0219;2.539;2.539;0;65.281;65.281;41.741;0.0418;2741.2;926.22;1;0.0437;0.0437;0;0;0;0;0;0;2.4952;2.4072;0;15.961;18.482;15.133;17.523;98.277;98.277;24.219;20.291;19.238;3.9272;1.0529;0.1622;0.0435;0.7944;30.515;0.7464;0
03/03/21 13:00;56.096;37.449;26.285;67.772;22.228;90;22.228;538.71;398.7;140.01;24.3;4.02;0;151.25;337.26;52.315;0;3.803;544.62;0;544.62;151.25;52.315;337.26;3.803;0.2777;0.6262;0;0.007;532.11;12.516;0;0;9.2915;3.2245;517.03;11.349;0.1364;0.0472;11.043;0.1233;528.38;3.7247;1.0587;0.3662;2.2957;0.004;518.05;150.05;51.902;314.63;0.4511;316.85;255.38;97.316;1.7718;3.5275;50.742;1.0216;52.498;0;1;0;0;1.011;0.977;1;1;0.9724;0.1521;0.9785;0.9991;1;0.9661;0.7853;0.993;0.993;1;0.993;0.993;0.9493;0.9329;0.1186;1.6355;1.6673;0.01;0.0041;0.1214;0.0107;0.038;0.0093;0;0;0.088;0;1.3265;0;0;0;0;0;0;0;0;0;0;0;0;0.0306;0.0064;1.4366;1.4366;0;45.593;45.593;21.293;0.0412;1431.6;1003.5;1;0.0221;0.0221;0;0;0;0;0;0;1.4145;1.3265;0;16.733;19.377;15.451;17.891;98.46;98.46;13.071;11.481;10.601;1.5896;0.8801;0.1216;0.0673;0.8111;211.93;0.7582;0
03/03/21 14:00;47.068;56.694;21.964;52.135;37.865;90;37.865;581.19;316.8;264.39;24.58;4.67;0;334.91;209.75;104.34;0;11.625;660.62;0;660.62;334.91;104.34;209.75;11.625;0.507;0.3351;0;0.0176;636.55;24.07;0;0;13.473;10.598;625.35;6.7403;0.2523;0.0786;6.2925;0.1168;632.09;4.4558;2.3443;0.7304;1.3739;0.0072;628.94;332.31;103.53;188.61;0.9031;313.29;252.51;100.59;7.0807;3.5508;51.077;3.5877;47.547;0;1;0;0;1.1367;0.9636;1;1;0.9358;0.0884;0.9893;0.9992;1;0.9677;0.8854;0.993;0.993;1;0.993;0.993;0.9466;0.8992;0.0777;1.9838;2.002;0.0121;0.0004;0.1795;0.0127;0.0449;0.0092;0;0;0.088;0;1.5831;0;0;0;0;0;0;0;0;0;0;0;0;0.0362;0.0091;1.6979;1.6979;0;50.419;50.419;25.839;0.0413;1719.9;987.16;1;0.0268;0.0268;0;0;0;0;0;0;1.6711;1.5831;0;16.304;18.88;15.201;17.603;98.421;98.421;15.855;13.569;12.652;2.2855;0.9175;0.1442;0.0579;0.798;146.75;0.7543;0
03/03/21 15:00;36.085;70.236;15.859;37.755;52.245;90;52.245;686.8;113.1;573.69;24.6;4.98;0;936.97;27.229;129.56;0;25.297;1119.1;0;1119.1;936.97;129.56;27.229;25.297;0.8373;0.0469;0;0.0226;1092.5;26.541;0;0;2.8097;23.731;1083.4;1.4563;0.5097;0.0705;0.8131;0.0631;1084.9;7.6476;6.5588;0.9069;0.1709;0.011;1089;929.9;128.58;23.435;1.4915;237.18;191.16;70.542;2.7972;2.8859;41.512;5.6228;41.601;0;1;0;0;1.6294;0.9763;1;1;0.8968;0.0619;0.9987;0.9995;1;0.9665;0.9594;0.993;0.993;1;0.993;0.993;0.9681;0.8607;0.059;3.3605;3.3676;0.0203;0.0051;0.535;0.0197;0.0697;0.0069;0;0;0.088;0;2.497;0;0;0;0;0;0;0;0;0;0;0;0;0.0561;0.0244;2.6304;2.6304;0;70.084;70.084;45.484;0.042;2900.4;906.91;1;0.0454;0.0454;0;0;0;0;0;0;2.585;2.497;0;14.911;17.267;14.155;16.391;98.274;98.274;26.857;21.022;19.956;5.8349;1.0661;0.2173;0.0397;0.743;21.751;0.723;0
03/03/21 16:00;24.217;80.694;10.096;24.502;60;90;60;269.11;213.1;56.007;24.41;4.41;0;134.43;144.11;50.286;0;12.783;341.61;0;341.61;134.43;50.286;144.11;12.783;0.3935;0.4593;0;0.0374;311.44;30.165;0;0;18.175;11.99;304.72;4.5401;0.0466;0.0174;4.4225;0.0536;309.26;2.1801;0.941;0.352;0.8816;0.0055;308.78;133.44;49.917;120.63;0.7334;126.63;102.06;45.114;24.096;2.5257;36.331;4.0625;14.76;0;1;0;0;1.2694;0.9117;1;1;0.8739;0.062;0.9853;0.9997;1;0.9646;0.9319;0.993;0.993;1;0.993;0.993;0.892;0.8371;0.0574;1.0258;1.0066;0.0061;0.0133;0.0429;0.0066;0.0234;0.0068;0;0;0.088;0;0.7838;0;0;0;0;0;0;0;0;0;0;0;0;0.0189;0.0026;0.886;0.886;0;36.907;36.907;12.497;0.041;862.44;1027.3;1;0.0142;0.0142;0;0;0;0;0;0;0.8718;0.7838;0;16.453;19.053;14.556;16.855;98.399;98.399;8.1986;7.081;6.2644;1.1175;0.8166;0.1363;0.0996;0.7641;125.46;0.7077;0
03/03/21 17:00;12.003;89.695;59.71;12.003;18.287;90;18.287;163.41;118.3;45.109;23.94;3.0901;0;109.4;97.301;44.81;0;0.784;252.3;0;252.3;109.4;44.81;97.301;0.784;0.4336;0.3888;0;0.0031;249.69;2.6055;0;0;1.9483;0.6573;239;8.9432;3.9358;1.6121;3.3673;0.0281;247.94;1.7478;0.7658;0.3137;0.6675;0.0009;239.12;104.7;42.884;91.318;0.0978;60.299;48.601;18.166;0.2537;0.6889;9.909;0.1193;10.344;0;1;0;0;1.544;0.9897;1;1;0.98;0.1617;0.9639;0.9638;1;0.9644;0.7769;0.993;0.993;1;0.993;0.993;0.9473;0.9385;0.1247;0.7576;0.7411;0.0045;0.0165;0.0233;0.0049;0.0173;0.0019;0;0;0.088;0;0.5582;0;0;0;0;0;0;0;0;0;0;0;0;0.0139;0.0015;0.6573;0.6573;0;33.733;33.733;9.7931;0.041;635.02;1035.1;1;0.0111;0.0111;0;0;0;0;0;0;0.6462;0.5582;0;16.527;19.138;14.036;16.253;98.314;98.314;6.0551;5.2531;4.4613;0.802;0.7918;0.1324;0.1308;0.7368;59.987;0.7157;0
03/03/21 18:00;3.0224;95.979;82.653;3.0389;4.3483;90;4.3483;0;0;0;20.81;3.21;0;0;0;0;0;0;0;0;0;0;0;0;0;1;1;1;1;0;0;0;0;0;0;0;0;0;0;0;0;0;0;0;0;0;0;0;0;0;0;0;0;0;0;0;0;0;0;0;0;0;0;0;1;1;1;1;1;1;1;1;1;1;1;1;1;1;1;1;1;1;1;0;0;0;0;0;0;0;0;0;0.0004;0.088;0;-0.0884;0;0;0;0;0;0;0;0;0;0;0;0;0;0;0;0;0;0;0;-20.81;0;0;0;0;0.0004;0;0;0;0;0;0;0;-0.0004;-0.0884;0;0;0;0;0;0;0;0;0;-0.7063;0;0.7063;1;1;0;0;0;0
03/03/21 19:00;0;0;90;0;0;90;0;0;0;0;15.35;3.2799;0;0;0;0;0;0;0;0;0;0;0;0;0;1;1;1;1;0;0;0;0;0;0;0;0;0;0;0;0;0;0;0;0;0;0;0;0;0;0;0;0;0;0;0;0;0;0;0;0;0;0;0;1;1;1;1;1;1;1;1;1;1;1;1;1;1;1;1;1;1;1;0;0;0;0;0;0;0;0;0;0.0004;0.088;0;-0.0884;0;0;0;0;0;0;0;0;0;0;0;0;0;0;0;0;0;0;0;-15.35;0;0;0;0;0.0004;0;0;0;0;0;0;0;-0.0004;-0.0884;0;0;0;0;0;0;0;0;0;-0.7063;0;0.7063;1;1;0;0;0;0
03/03/21 20:00;0;0;90;0;0;90;0;0;0;0;12.82;3.2699;0;0;0;0;0;0;0;0;0;0;0;0;0;1;1;1;1;0;0;0;0;0;0;0;0;0;0;0;0;0;0;0;0;0;0;0;0;0;0;0;0;0;0;0;0;0;0;0;0;0;0;0;1;1;1;1;1;1;1;1;1;1;1;1;1;1;1;1;1;1;1;0;0;0;0;0;0;0;0;0;0.0004;0.088;0;-0.0884;0;0;0;0;0;0;0;0;0;0;0;0;0;0;0;0;0;0;0;-12.82;0;0;0;0;0.0004;0;0;0;0;0;0;0;-0.0004;-0.0884;0;0;0;0;0;0;0;0;0;-0.7063;0;0.7063;1;1;0;0;0;0
03/03/21 21:00;0;0;90;0;0;90;0;0;0;0;13.99;3.1999;0;0;0;0;0;0;0;0;0;0;0;0;0;1;1;1;1;0;0;0;0;0;0;0;0;0;0;0;0;0;0;0;0;0;0;0;0;0;0;0;0;0;0;0;0;0;0;0;0;0;0;0;1;1;1;1;1;1;1;1;1;1;1;1;1;1;1;1;1;1;1;0;0;0;0;0;0;0;0;0;0.0004;0.088;0;-0.0884;0;0;0;0;0;0;0;0;0;0;0;0;0;0;0;0;0;0;0;-13.99;0;0;0;0;0.0004;0;0;0;0;0;0;0;-0.0004;-0.0884;0;0;0;0;0;0;0;0;0;-0.7063;0;0.7063;1;1;0;0;0;0
03/03/21 22:00;0;0;90;0;0;90;0;0;0;0;11.84;2.97;0;0;0;0;0;0;0;0;0;0;0;0;0;1;1;1;1;0;0;0;0;0;0;0;0;0;0;0;0;0;0;0;0;0;0;0;0;0;0;0;0;0;0;0;0;0;0;0;0;0;0;0;1;1;1;1;1;1;1;1;1;1;1;1;1;1;1;1;1;1;1;0;0;0;0;0;0;0;0;0;0.0004;0.088;0;-0.0884;0;0;0;0;0;0;0;0;0;0;0;0;0;0;0;0;0;0;0;-11.84;0;0;0;0;0.0004;0;0;0;0;0;0;0;-0.0004;-0.0884;0;0;0;0;0;0;0;0;0;-0.7063;0;0.7063;1;1;0;0;0;0
03/03/21 23:00;0;0;90;0;0;90;0;0;0;0;10.2;2.58;0;0;0;0;0;0;0;0;0;0;0;0;0;1;1;1;1;0;0;0;0;0;0;0;0;0;0;0;0;0;0;0;0;0;0;0;0;0;0;0;0;0;0;0;0;0;0;0;0;0;0;0;1;1;1;1;1;1;1;1;1;1;1;1;1;1;1;1;1;1;1;0;0;0;0;0;0;0;0;0;0.0004;0.088;0;-0.0884;0;0;0;0;0;0;0;0;0;0;0;0;0;0;0;0;0;0;0;-10.2;0;0;0;0;0.0004;0;0;0;0;0;0;0;-0.0004;-0.0884;0;0;0;0;0;0;0;0;0;-0.7063;0;0.7063;1;1;0;0;0;0
04/03/21 00:00;0;0;90;0;0;90;0;0;0;0;9.7999;2.12;0;0;0;0;0;0;0;0;0;0;0;0;0;1;1;1;1;0;0;0;0;0;0;0;0;0;0;0;0;0;0;0;0;0;0;0;0;0;0;0;0;0;0;0;0;0;0;0;0;0;0;0;1;1;1;1;1;1;1;1;1;1;1;1;1;1;1;1;1;1;1;0;0;0;0;0;0;0;0;0;0.0004;0.088;0;-0.0884;0;0;0;0;0;0;0;0;0;0;0;0;0;0;0;0;0;0;0;-9.7999;0;0;0;0;0.0004;0;0;0;0;0;0;0;-0.0004;-0.0884;0;0;0;0;0;0;0;0;0;-0.7063;0;0.7063;1;1;0;0;0;0
04/03/21 01:00;0;0;90;0;0;90;0;0;0;0;8.2098;1.8;0;0;0;0;0;0;0;0;0;0;0;0;0;1;1;1;1;0;0;0;0;0;0;0;0;0;0;0;0;0;0;0;0;0;0;0;0;0;0;0;0;0;0;0;0;0;0;0;0;0;0;0;1;1;1;1;1;1;1;1;1;1;1;1;1;1;1;1;1;1;1;0;0;0;0;0;0;0;0;0;0.0004;0.088;0;-0.0884;0;0;0;0;0;0;0;0;0;0;0;0;0;0;0;0;0;0;0;-8.2098;0;0;0;0;0.0004;0;0;0;0;0;0;0;-0.0004;-0.0884;0;0;0;0;0;0;0;0;0;-0.7063;0;0.7063;1;1;0;0;0;0
04/03/21 02:00;0;0;90;0;0;90;0;0;0;0;8.5003;1.7699;0;0;0;0;0;0;0;0;0;0;0;0;0;1;1;1;1;0;0;0;0;0;0;0;0;0;0;0;0;0;0;0;0;0;0;0;0;0;0;0;0;0;0;0;0;0;0;0;0;0;0;0;1;1;1;1;1;1;1;1;1;1;1;1;1;1;1;1;1;1;1;0;0;0;0;0;0;0;0;0;0.0004;0.088;0;-0.0884;0;0;0;0;0;0;0;0;0;0;0;0;0;0;0;0;0;0;0;-8.5003;0;0;0;0;0.0004;0;0;0;0;0;0;0;-0.0004;-0.0884;0;0;0;0;0;0;0;0;0;-0.7063;0;0.7063;1;1;0;0;0;0
04/03/21 03:00;0;0;90;0;0;90;0;0;0;0;7.2;1.9199;0;0;0;0;0;0;0;0;0;0;0;0;0;1;1;1;1;0;0;0;0;0;0;0;0;0;0;0;0;0;0;0;0;0;0;0;0;0;0;0;0;0;0;0;0;0;0;0;0;0;0;0;1;1;1;1;1;1;1;1;1;1;1;1;1;1;1;1;1;1;1;0;0;0;0;0;0;0;0;0;0.0004;0.088;0;-0.0884;0;0;0;0;0;0;0;0;0;0;0;0;0;0;0;0;0;0;0;-7.2;0;0;0;0;0.0004;0;0;0;0;0;0;0;-0.0004;-0.0884;0;0;0;0;0;0;0;0;0;-0.7063;0;0.7063;1;1;0;0;0;0
04/03/21 04:00;0;0;90;0;0;90;0;0;0;0;6.98;2.1;0;0;0;0;0;0;0;0;0;0;0;0;0;1;1;1;1;0;0;0;0;0;0;0;0;0;0;0;0;0;0;0;0;0;0;0;0;0;0;0;0;0;0;0;0;0;0;0;0;0;0;0;1;1;1;1;1;1;1;1;1;1;1;1;1;1;1;1;1;1;1;0;0;0;0;0;0;0;0;0;0.0004;0.088;0;-0.0884;0;0;0;0;0;0;0;0;0;0;0;0;0;0;0;0;0;0;0;-6.98;0;0;0;0;0.0004;0;0;0;0;0;0;0;-0.0004;-0.0884;0;0;0;0;0;0;0;0;0;-0.7063;0;0.7063;1;1;0;0;0;0
04/03/21 05:00;0.7568;-97.104;88.164;0.7627;1.0873;-90;-1.0873;0;0;0;6.1397;2.43;0;0;0;0;0;0;0;0;0;0;0;0;0;1;1;1;1;0;0;0;0;0;0;0;0;0;0;0;0;0;0;0;0;0;0;0;0;0;0;0;0;0;0;0;0;0;0;0;0;0;0;0;1;1;1;1;1;1;1;1;1;1;1;1;1;1;1;1;1;1;1;0;0;0;0;0;0;0;0;0;0.0004;0.088;0;-0.0884;0;0;0;0;0;0;0;0;0;0;0;0;0;0;0;0;0;0;0;-6.1397;0;0;0;0;0.0004;0;0;0;0;0;0;0;-0.0004;-0.0884;0;0;0;0;0;0;0;0;0;-0.7063;0;0.7063;1;1;0;0;0;0
04/03/21 06:00;7.6833;-92.249;71.08;7.6892;11.246;-90;-11.246;100.7;20.801;79.9;8.0403;2.84;0;193.78;11.732;21.719;0;0.1837;227.41;0;227.41;193.78;21.719;11.732;0.1837;0.8521;0.0524;0;0.0008;227.16;0.2565;0;0;0.1034;0.1531;199.14;26.427;23.341;2.616;0.463;0.0068;225.57;1.5901;1.3565;0.152;0.0814;0.0002;199.15;169.08;18.951;11.084;0.0235;7.4905;6.0373;2.2988;0.0054;0.0811;1.1671;0.0041;1.2428;0;1;0;0;2.2583;0.9989;1;1;0.9912;0.1665;0.8828;0.8787;1;0.9599;0.7752;0.993;0.993;1;0.993;0.993;0.8757;0.9448;0.1282;0.6829;0.6023;0.0036;0.0177;-0.0192;0.0042;0.0149;0.0002;0;0;0.088;0;0.4692;0;0;0;0;0;0;0;0;0;0;0;0;0.012;0.0011;0.5678;0.5678;0;16.091;16.091;8.0506;0.0404;515.23;1101.9;1;0.0105;0.0105;0;0;0;0;0;0;0.5572;0.4692;0;15.837;18.339;13.089;15.157;98.149;98.149;5.458;4.5375;3.7502;0.9205;0.7873;0.1687;0.1442;0.6871;7.0551;0.6845;0
04/03/21 07:00;19.931;-83.472;34.234;20.051;36.204;-90;-36.204;322.3;53.801;268.5;12.92;1.87;0;651.19;21.026;74.039;0;5.9117;752.17;0;752.17;651.19;74.039;21.026;5.9117;0.8658;0.0358;0;0.0079;745.57;6.5944;0;0;1.2573;5.3371;737.12;3.2365;2.2713;0.2582;0.6334;0.0736;740.35;5.219;4.5583;0.5183;0.1384;0.004;737.27;644.36;73.263;18.997;0.4971;15.979;12.879;5.3483;0.6098;0.1831;2.6335;0.1488;2.2067;0;1;0;0;2.3337;0.9912;1;1;0.9402;0.0972;0.9956;0.9965;1;0.9677;0.8711;0.993;0.993;1;0.993;0.993;0.98;0.9035;0.0841;2.2588;2.2261;0.0134;-0.0012;0.1416;0.0145;0.0514;0.0005;0;0;0.088;0;1.8331;0;0;0;0;0;0;0;0;0;0;0;0;0.0414;0.0111;1.9534;1.9534;0;43.181;43.181;30.261;0.0411;1914.7;1020.2;1;0.0323;0.0323;0;0;0;0;0;0;1.9211;1.8331;0;16.475;19.077;15.46;17.902;98.345;98.345;18.052;15.611;14.65;2.4405;0.9616;0.1352;0.0533;0.8115;14.513;0.8094;0
04/03/21 08:00;31.945;-73.619;13.846;33.021;56.979;-90;-56.979;538.71;88.697;450.01;17.46;1.79;0;825.79;26.536;99.725;0;23.288;975.34;0;975.34;825.79;99.725;26.536;23.288;0.8467;0.0511;0;0.0239;950.42;24.919;0;0;3.0987;21.82;942.45;1.3159;0.3922;0.0474;0.8038;0.0726;943.77;6.6529;5.7805;0.6981;0.1641;0.0103;946.63;819.61;98.98;22.469;1.3855;146.93;118.43;45.916;3.6966;1.7715;25.483;4.1768;23.557;0;1;0;0;1.8105;0.9745;1;1;0.8832;0.0631;0.9986;0.9995;1;0.9655;0.9502;0.993;0.993;1;0.993;0.993;0.9663;0.8468;0.0595;2.9289;2.9049;0.0175;-0.0009;0.3218;0.018;0.0637;0.0045;0;0;0.088;0;2.281;0;0;0;0;0;0;0;0;0;0;0;0;0.0513;0.0184;2.4106;2.4106;0;56.578;56.578;39.118;0.0415;2502.2;963.4;1;0.0416;0.0416;0;0;0;0;0;0;2.369;2.281;0;15.679;18.155;14.836;17.179;98.275;98.275;23.408;19.265;18.23;4.1427;1.0357;0.177;0.0442;0.7788;22.315;0.7638;0
04/03/21 09:00;43.278;-61.321;20.449;47.025;42.975;-90;-42.975;726.71;119.8;606.9;20.1;2.5499;0;829.51;37.573;104.43;0;18.526;990.04;0;990.04;829.51;104.43;37.573;18.526;0.8379;0.0567;0;0.0187;970;20.033;0;0;2.9132;17.119;961.34;1.8719;0.5818;0.0732;1.1173;0.0995;963.21;6.79;5.8065;0.731;0.2426;0.0098;966.3;823.12;103.63;33.3;1.2976;327.58;264.03;102.48;1.9628;3.534;50.835;4.9641;52.406;0;1;0;0;1.3624;0.9798;1;1;0.9225;0.0759;0.9981;0.9993;1;0.9675;0.9288;0.993;0.993;1;0.993;0.993;0.971;0.8863;0.07;2.9731;3.0176;0.0182;0.0001;0.3722;0.0184;0.0652;0.0088;0;0;0.088;0;2.3319;0;0;0;0;0;0;0;0;0;0;0;0;0.0525;0.0197;2.4624;2.4624;0;60.12;60.12;40.02;0.0416;2595.8;948.61;1;0.0425;0.0425;0;0;0;0;0;0;2.4199;2.3319;0;15.778;18.27;14.942;17.302;98.275;98.275;23.761;19.68;18.637;4.0812;1.0428;0.1718;0.0439;0.7843;27.459;0.7553;0
04/03/21 10:00;53.084;-44.342;25.44;62.297;27.703;-90;-27.703;864.99;142.8;722.19;22.73;3.38;0;815.7;47.015;104.95;0;9.42;977.09;0;977.09;815.7;104.95;47.015;9.42;0.8348;0.0578;0;0.0096;967.09;10.007;0;0;1.8404;8.1665;957.8;2.5132;0.7118;0.0916;1.4736;0.2363;960.32;6.7696;5.7099;0.7347;0.3162;0.0088;960.31;809.28;104.13;43.385;1.0085;467.89;377.12;149.22;0.542;4.716;67.838;2.508;72.012;0;1;0;0;1.1296;0.9898;1;1;0.9609;0.1331;0.9974;0.9991;1;0.9671;0.8102;0.993;0.993;1;0.993;0.993;0.9803;0.9228;0.1071;2.9342;3.0354;0.0183;0.0002;0.4024;0.0183;0.0649;0.0117;0;0;0.088;0;2.3175;0;0;0;0;0;0;0;0;0;0;0;0;0.0523;0.0199;2.4474;2.4474;0;62.688;62.688;39.957;0.0417;2608.9;938.07;1;0.0418;0.0418;0;0;0;0;0;0;2.4055;2.3175;0;15.889;18.399;15.046;17.423;98.29;98.29;23.45;19.559;18.522;3.8908;1.0378;0.1659;0.0443;0.7898;30.516;0.7508;0
04/03/21 11:00;59.685;-19.959;28.322;78.713;11.287;-90;-11.287;941;154.9;786.1;23.73;4.18;0;801.61;52.768;103.62;0;1.729;959.72;0;959.72;801.61;103.62;52.768;1.729;0.8352;0.0568;0;0.0018;957.81;1.9091;0;0;0.4679;1.4412;948.08;3.0246;0.7787;0.1007;2.081;0.0643;951.11;6.7047;5.6113;0.7253;0.3661;0.002;948.45;795.22;102.79;49.853;0.2216;548.04;441.72;169.26;0.0247;5.8433;84.054;0.3616;89.872;0;1;0;0;1.0199;0.998;1;1;0.9911;0.1665;0.9968;0.999;1;0.9599;0.7752;0.993;0.993;1;0.993;0.993;0.9879;0.9448;0.1282;2.882;3.0338;0.0183;0.0002;0.4089;0.0182;0.0647;0.0144;0;0;0.088;0;2.3075;0;0;0;0;0;0;0;0;0;0;0;0;0.0521;0.0199;2.437;2.437;0;63.302;63.302;39.572;0.0417;2606;935.16;1;0.0415;0.0415;0;0;0;0;0;0;2.3955;2.3075;0;16.109;18.653;15.252;17.662;98.296;98.296;23.033;19.477;18.442;3.5565;1.0352;0.1544;0.0449;0.8006;31.737;0.7514;0
04/03/21 12:00;60.745;10.251;28.744;84.308;5.6924;90;5.6924;958.7;157.9;800.8;25.32;4.8401;0;804.77;53.358;104.92;0;0.4491;963.5;0;963.5;804.77;104.92;53.358;0.4491;0.8353;0.0558;0;0.0005;962.97;0.53;0;0;0.1545;0.3755;953.03;3.2002;0.7934;0.1034;2.287;0.0164;956.23;6.7408;5.6334;0.7345;0.3724;0.0005;953.08;798.34;104.09;50.544;0.0567;563.68;454.33;178.01;0.0013;5.7535;82.762;0.0528;88.514;0;1;0;0;1.005;0.9994;1;1;0.9971;0.1638;0.9967;0.999;1;0.9567;0.7761;0.993;0.993;1;0.993;0.993;0.9891;0.9473;0.1262;2.8934;3.0451;0.0183;0.0003;0.4308;0.0182;0.0644;0.0141;0;0;0.088;0;2.2978;0;0;0;0;0;0;0;0;0;0;0;0;0.0519;0.02;2.4269;2.4269;0;65.16;65.16;39.84;0.0418;2616;927.73;1;0.0411;0.0411;0;0;0;0;0;0;2.3858;2.2978;0;15.979;18.503;15.129;17.519;98.307;98.307;23.124;19.396;18.364;3.728;1.0317;0.1612;0.0446;0.7942;31.718;0.7462;0
04/03/21 13:00;55.736;37.188;26.649;67.62;22.38;90;22.38;892.59;154.3;738.3;25.7;5.4999;0;798.43;52.927;107.39;0;6.3869;965.14;0;965.14;798.43;107.39;52.927;6.3869;0.8273;0.0615;0;0.0066;958.24;6.8931;0;0;1.4742;5.4189;948.77;2.7643;0.7298;0.0982;1.7305;0.2059;951.54;6.7077;5.589;0.7517;0.3602;0.0068;950.42;792.12;106.54;49.362;0.7554;499.22;402.37;156.49;0.2865;5.19;74.656;1.6439;79.56;0;1;0;0;1.0813;0.9929;1;1;0.9721;0.1516;0.9971;0.9991;1;0.9661;0.7859;0.993;0.993;1;0.993;0.993;0.983;0.9326;0.1183;2.8983;3.0199;0.0182;0.0001;0.4297;0.018;0.0639;0.0127;0;0;0.088;0;2.2777;0;0;0;0;0;0;0;0;0;0;0;0;0.0514;0.0197;2.4063;2.4063;0;65.369;65.369;39.669;0.0418;2595.1;927.27;1;0.0406;0.0406;0;0;0;0;0;0;2.3657;2.2777;0;15.816;18.315;14.971;17.336;98.313;98.313;23.163;19.231;18.204;3.932;1.0277;0.1698;0.0444;0.7859;33.287;0.7429;0
04/03/21 14:00;46.752;56.363;22.305;51.933;38.067;90;38.067;764.9;154.2;610.7;26.4;6.1;0;775.69;54.568;118.3;0;15.456;964.01;0;964.01;775.69;118.3;54.568;15.456;0.8046;0.0726;0;0.016;946.38;17.637;0;0;3.5341;14.103;937.28;2.4716;0.5934;0.0905;1.6364;0.1512;939.75;6.6246;5.4298;0.8281;0.3572;0.0095;941.66;769.67;117.38;49.041;1.1928;375.27;302.47;119.95;1.8791;3.8587;55.506;4.3746;57.485;0;1;0;0;1.2603;0.9817;1;1;0.9352;0.0876;0.9974;0.9992;1;0.9677;0.8875;0.993;0.993;1;0.993;0.993;0.9723;0.8987;0.0772;2.8949;2.9532;0.0178;-0.0005;0.4229;0.0176;0.0624;0.0094;0;0;0.088;0;2.2272;0;0;0;0;0;0;0;0;0;0;0;0;0.0502;0.0189;2.3545;2.3545;0;65.595;65.595;39.195;0.0418;2539.5;927.16;1;0.0393;0.0393;0;0;0;0;0;0;2.3152;2.2272;0;15.494;17.941;14.656;16.971;98.329;98.329;23.136;18.817;17.799;4.3191;1.0177;0.1867;0.044;0.7693;38.242;0.7375;0
04/03/21 15:00;35.8;69.909;16.177;37.522;52.478;90;52.478;593.4;153.5;439.9;27;6.57;0;722.25;56.591;136.54;0;22.038;937.42;0;937.42;722.25;136.54;56.591;22.038;0.7705;0.0839;0;0.0235;910.86;26.554;0;0;5.8772;20.677;902.27;2.222;0.4008;0.0758;1.6907;0.0549;904.49;6.376;5.0558;0.9558;0.355;0.0095;907.47;716.8;135.51;48.668;1.2966;216.02;174.11;65.316;5.8967;2.7768;39.943;5.2077;36.823;0;1;0;0;1.5797;0.9717;1;1;0.8961;0.0618;0.9975;0.9994;1;0.9664;0.9594;0.993;0.993;1;0.993;0.993;0.9625;0.86;0.0588;2.8151;2.8174;0.017;-0.0015;0.3949;0.0168;0.0598;0.0068;0;0;0.088;0;2.1331;0;0;0;0;0;0;0;0;0;0;0;0;0.0481;0.0173;2.2582;2.2582;0;64.703;64.703;37.703;0.0418;2425.4;931.05;1;0.0371;0.0371;0;0;0;0;0;0;2.2211;2.1331;0;15.282;17.696;14.435;16.715;98.356;98.356;22.498;18.048;17.048;4.4505;1;0.1978;0.0444;0.7577;45.315;0.7343;0
04/03/21 16:00;23.949;80.385;10.483;24.251;60;90;60;372.41;162.4;210.01;26.94;6.25;0;508.73;76.404;146.63;0;17.689;749.45;0;749.45;508.73;146.63;76.404;17.689;0.6788;0.1256;0;0.0236;723.22;26.228;0;0;9.6356;16.593;715.5;2.6545;0.1829;0.0527;2.3447;0.0742;718.16;5.0625;3.5611;1.0264;0.4674;0.0077;717.63;504.98;145.55;63.957;1.0149;68.159;54.936;24.483;12.778;1.3339;19.188;2.1254;7.7441;0;1;0;0;2.0124;0.965;1;1;0.8739;0.062;0.9963;0.9996;1;0.9646;0.9319;0.993;0.993;1;0.993;0.993;0.9547;0.8371;0.0574;2.2506;2.2019;0.0133;-0.0011;0.2464;0.0136;0.0482;0.0034;0;0;0.088;0;1.7115;0;0;0;0;0;0;0;0;0;0;0;0;0.0388;0.0109;1.8283;1.8283;0;56.647;56.647;29.707;0.0415;1898.2;963.18;1;0.0288;0.0288;0;0;0;0;0;0;1.7995;1.7115;0;15.476;17.921;14.487;16.776;98.423;98.423;17.987;14.612;13.679;3.3745;0.9337;0.1876;0.0519;0.7605;66.515;0.7462;0
04/03/21 17:00;11.741;89.402;60.429;11.741;17.832;90;17.832;151.1;117;34.099;25.89;4.0601;0;82.7;100.41;34.256;0;0.6896;218.05;0;218.05;82.7;34.256;100.41;0.6896;0.3793;0.4636;0;0.0032;215.55;2.505;0;0;1.9272;0.5778;205.98;8.0608;3.2034;1.3269;3.5057;0.0248;214.04;1.5088;0.5789;0.2398;0.6893;0.0008;206.09;78.917;32.689;94.283;0.0862;62.017;49.986;18.651;0.2396;0.7093;10.202;0.1156;10.672;0;1;0;0;1.4431;0.9885;1;1;0.9808;0.1621;0.9623;0.961;1;0.9642;0.7766;0.993;0.993;1;0.993;0.993;0.9446;0.939;0.125;0.6548;0.6422;0.0039;0.0174;0.0217;0.0042;0.0149;0.0019;0;0;0.088;0;0.4674;0;0;0;0;0;0;0;0;0;0;0;0;0.012;0.0012;0.5651;0.5651;0;34.345;34.345;8.4545;0.041;549.89;1027.7;1;0.0097;0.0097;0;0;0;0;0;0;0.5554;0.4674;0;16.441;19.038;13.597;15.745;98.277;98.277;5.2332;4.5165;3.7353;0.7167;0.7811;0.137;0.1493;0.7138;61.781;0.6896;0
04/03/21 18:00;2.758;95.694;83.299;2.7716;3.9632;90;3.9632;0;0;0;23.65;3.7;0;0;0;0;0;0;0;0;0;0;0;0;0;1;1;1;1;0;0;0;0;0;0;0;0;0;0;0;0;0;0;0;0;0;0;0;0;0;0;0;0;0;0;0;0;0;0;0;0;0;0;0;1;1;1;1;1;1;1;1;1;1;1;1;1;1;1;1;1;1;1;0;0;0;0;0;0;0;0;0;0.0004;0.088;0;-0.0884;0;0;0;0;0;0;0;0;0;0;0;0;0;0;0;0;0;0;0;-23.65;0;0;0;0;0.0004;0;0;0;0;0;0;0;-0.0004;-0.0884;0;0;0;0;0;0;0;0;0;-0.7063;0;0.7063;1;1;0;0;0;0
04/03/21 19:00;0;0;90;0;0;90;0;0;0;0;21.79;3.86;0;0;0;0;0;0;0;0;0;0;0;0;0;1;1;1;1;0;0;0;0;0;0;0;0;0;0;0;0;0;0;0;0;0;0;0;0;0;0;0;0;0;0;0;0;0;0;0;0;0;0;0;1;1;1;1;1;1;1;1;1;1;1;1;1;1;1;1;1;1;1;0;0;0;0;0;0;0;0;0;0.0004;0.088;0;-0.0884;0;0;0;0;0;0;0;0;0;0;0;0;0;0;0;0;0;0;0;-21.79;0;0;0;0;0.0004;0;0;0;0;0;0;0;-0.0004;-0.0884;0;0;0;0;0;0;0;0;0;-0.7063;0;0.7063;1;1;0;0;0;0
04/03/21 20:00;0;0;90;0;0;90;0;0;0;0;20.69;4.18;0;0;0;0;0;0;0;0;0;0;0;0;0;1;1;1;1;0;0;0;0;0;0;0;0;0;0;0;0;0;0;0;0;0;0;0;0;0;0;0;0;0;0;0;0;0;0;0;0;0;0;0;1;1;1;1;1;1;1;1;1;1;1;1;1;1;1;1;1;1;1;0;0;0;0;0;0;0;0;0;0.0004;0.088;0;-0.0884;0;0;0;0;0;0;0;0;0;0;0;0;0;0;0;0;0;0;0;-20.69;0;0;0;0;0.0004;0;0;0;0;0;0;0;-0.0004;-0.0884;0;0;0;0;0;0;0;0;0;-0.7063;0;0.7063;1;1;0;0;0;0
04/03/21 21:00;0;0;90;0;0;90;0;0;0;0;19.6;4.41;0;0;0;0;0;0;0;0;0;0;0;0;0;1;1;1;1;0;0;0;0;0;0;0;0;0;0;0;0;0;0;0;0;0;0;0;0;0;0;0;0;0;0;0;0;0;0;0;0;0;0;0;1;1;1;1;1;1;1;1;1;1;1;1;1;1;1;1;1;1;1;0;0;0;0;0;0;0;0;0;0.0004;0.088;0;-0.0884;0;0;0;0;0;0;0;0;0;0;0;0;0;0;0;0;0;0;0;-19.6;0;0;0;0;0.0004;0;0;0;0;0;0;0;-0.0004;-0.0884;0;0;0;0;0;0;0;0;0;-0.7063;0;0.7063;1;1;0;0;0;0
04/03/21 22:00;0;0;90;0;0;90;0;0;0;0;19.16;4.6101;0;0;0;0;0;0;0;0;0;0;0;0;0;1;1;1;1;0;0;0;0;0;0;0;0;0;0;0;0;0;0;0;0;0;0;0;0;0;0;0;0;0;0;0;0;0;0;0;0;0;0;0;1;1;1;1;1;1;1;1;1;1;1;1;1;1;1;1;1;1;1;0;0;0;0;0;0;0;0;0;0.0004;0.088;0;-0.0884;0;0;0;0;0;0;0;0;0;0;0;0;0;0;0;0;0;0;0;-19.16;0;0;0;0;0.0004;0;0;0;0;0;0;0;-0.0004;-0.0884;0;0;0;0;0;0;0;0;0;-0.7063;0;0.7063;1;1;0;0;0;0
04/03/21 23:00;0;0;90;0;0;90;0;0;0;0;18.4;4.74;0;0;0;0;0;0;0;0;0;0;0;0;0;1;1;1;1;0;0;0;0;0;0;0;0;0;0;0;0;0;0;0;0;0;0;0;0;0;0;0;0;0;0;0;0;0;0;0;0;0;0;0;1;1;1;1;1;1;1;1;1;1;1;1;1;1;1;1;1;1;1;0;0;0;0;0;0;0;0;0;0.0004;0.088;0;-0.0884;0;0;0;0;0;0;0;0;0;0;0;0;0;0;0;0;0;0;0;-18.4;0;0;0;0;0.0004;0;0;0;0;0;0;0;-0.0004;-0.0884;0;0;0;0;0;0;0;0;0;-0.7063;0;0.7063;1;1;0;0;0;0
05/03/21 00:00;0;0;90;0;0;90;0;0;0;0;17.1;4.6801;0;0;0;0;0;0;0;0;0;0;0;0;0;1;1;1;1;0;0;0;0;0;0;0;0;0;0;0;0;0;0;0;0;0;0;0;0;0;0;0;0;0;0;0;0;0;0;0;0;0;0;0;1;1;1;1;1;1;1;1;1;1;1;1;1;1;1;1;1;1;1;0;0;0;0;0;0;0;0;0;0.0004;0.088;0;-0.0884;0;0;0;0;0;0;0;0;0;0;0;0;0;0;0;0;0;0;0;-17.1;0;0;0;0;0.0004;0;0;0;0;0;0;0;-0.0004;-0.0884;0;0;0;0;0;0;0;0;0;-0.7063;0;0.7063;1;1;0;0;0;0
05/03/21 01:00;0;0;90;0;0;90;0;0;0;0;16.73;4.5499;0;0;0;0;0;0;0;0;0;0;0;0;0;1;1;1;1;0;0;0;0;0;0;0;0;0;0;0;0;0;0;0;0;0;0;0;0;0;0;0;0;0;0;0;0;0;0;0;0;0;0;0;1;1;1;1;1;1;1;1;1;1;1;1;1;1;1;1;1;1;1;0;0;0;0;0;0;0;0;0;0.0004;0.088;0;-0.0884;0;0;0;0;0;0;0;0;0;0;0;0;0;0;0;0;0;0;0;-16.73;0;0;0;0;0.0004;0;0;0;0;0;0;0;-0.0004;-0.0884;0;0;0;0;0;0;0;0;0;-0.7063;0;0.7063;1;1;0;0;0;0
05/03/21 02:00;0;0;90;0;0;90;0;0;0;0;16.1;4.42;0;0;0;0;0;0;0;0;0;0;0;0;0;1;1;1;1;0;0;0;0;0;0;0;0;0;0;0;0;0;0;0;0;0;0;0;0;0;0;0;0;0;0;0;0;0;0;0;0;0;0;0;1;1;1;1;1;1;1;1;1;1;1;1;1;1;1;1;1;1;1;0;0;0;0;0;0;0;0;-0.0004;0.0004;0.088;0;-0.0884;0;0;0;0;0;0;0;0;0;0;0;0;0;0;0;0;0;0;0;-16.1;0;0;0;0;0.0004;0;0;0;0;0;0;0;-0.0004;-0.0884;0;0;0;0;0;0;0;0;0;-0.7063;0;0.7063;1;1;0;0;0;0
05/03/21 03:00;0;0;90;0;0;90;0;0;0;0;14.8;4.1301;0;0;0;0;0;0;0;0;0;0;0;0;0;1;1;1;1;0;0;0;0;0;0;0;0;0;0;0;0;0;0;0;0;0;0;0;0;0;0;0;0;0;0;0;0;0;0;0;0;0;0;0;1;1;1;1;1;1;1;1;1;1;1;1;1;1;1;1;1;1;1;0;0;0;0;0;0;0;0;-0.0004;0.0004;0.088;0;-0.0884;0;0;0;0;0;0;0;0;0;0;0;0;0;0;0;0;0;0;0;-14.8;0;0;0;0;0.0004;0;0;0;0;0;0;0;-0.0004;-0.0884;0;0;0;0;0;0;0;0;0;-0.7063;0;0.7063;1;1;0;0;0;0
05/03/21 04:00;0;0;90;0;0;90;0;0;0;0;14.2;3.9001;0;0;0;0;0;0;0;0;0;0;0;0;0;1;1;1;1;0;0;0;0;0;0;0;0;0;0;0;0;0;0;0;0;0;0;0;0;0;0;0;0;0;0;0;0;0;0;0;0;0;0;0;1;1;1;1;1;1;1;1;1;1;1;1;1;1;1;1;1;1;1;0;0;0;0;0;0;0;0;-0.0004;0.0004;0.088;0;-0.0884;0;0;0;0;0;0;0;0;0;0;0;0;0;0;0;0;0;0;0;-14.2;0;0;0;0;0.0004;0;0;0;0;0;0;0;-0.0004;-0.0884;0;0;0;0;0;0;0;0;0;-0.7063;0;0.7063;1;1;0;0;0;0
05/03/21 05:00;0.7818;-96.613;88.104;0.7871;1.1221;-90;-1.1221;0;0;0;13.6;4.59;0;0;0;0;0;0;0;0;0;0;0;0;0;1;1;1;1;0;0;0;0;0;0;0;0;0;0;0;0;0;0;0;0;0;0;0;0;0;0;0;0;0;0;0;0;0;0;0;0;0;0;0;1;1;1;1;1;1;1;1;1;1;1;1;1;1;1;1;1;1;1;0;0;0;0;0;0;0;0;-0.0004;0.0004;0.088;0;-0.0884;0;0;0;0;0;0;0;0;0;0;0;0;0;0;0;0;0;0;0;-13.6;0;0;0;0;0.0004;0;0;0;0;0;0;0;-0.0004;-0.0884;0;0;0;0;0;0;0;0;0;-0.7063;0;0.7063;1;1;0;0;0;0
05/03/21 06:00;7.5086;-91.897;71.523;7.5127;10.975;-90;-10.975;77.103;38.202;38.901;13.42;5.6401;0;94.345;29.731;19.88;0;0.134;144.09;0;144.09;94.345;19.88;29.731;0.134;0.6548;0.2073;0;0.0009;143.73;0.3632;0;0;0.2515;0.1117;127.12;15.604;11.91;2.5096;1.1787;0.005;142.72;1.0061;0.6604;0.1392;0.2064;0.0002;127.13;81.775;17.231;28.095;0.0172;18.097;14.586;5.4075;0.0123;0.2055;2.9561;0.0098;3.1492;0;1;0;0;1.8688;0.9975;1;1;0.9915;0.1665;0.8907;0.8729;1;0.9597;0.7752;0.993;0.993;1;0.993;0.993;0.8822;0.945;0.1281;0.4327;0.3891;0.0023;0.0179;-0.009;0.0026;0.0094;0.0006;0.3493;0;0;0;0;0;0;0;0;0;0;0;0;0;0;0;0;0.0076;0.0005;0.3573;0.3573;0;18.591;18.591;5.1704;0.0407;332.23;1075.3;1;0.008;0.008;0;0;0;0;0;0;0.3493;0;0;15.729;18.214;0;0;97.763;97.763;3.4582;2.8553;0;0.6029;2.8553;0.1743;0.8257;0;17.866;0;0
05/03/21 07:00;19.753;-83.102;34.948;19.886;35.698;-90;-35.698;321.4;53.202;268.2;16.14;5.4999;0;650.46;20.633;73.802;0;5.7371;750.63;0;750.63;650.46;73.802;20.633;5.7371;0.8666;0.0351;0;0.0076;744.26;6.3745;0;0;1.207;5.1675;735.52;3.5247;2.5386;0.288;0.6225;0.0755;739.05;5.2098;4.5532;0.5166;0.136;0.004;735.66;643.37;72.997;18.667;0.4901;15.648;12.612;5.232;0.5702;0.1779;2.5591;0.1408;2.1667;0;1;0;0;2.3355;0.9915;1;1;0.9415;0.0993;0.9952;0.9961;1;0.9677;0.8665;0.993;0.993;1;0.993;0.993;0.9799;0.9047;0.0854;2.2542;2.2211;0.0134;-0.0012;0.1669;0.0143;0.0507;0.0005;1.8933;0;0;0;0;0;0;0;0;0;0;0;0;0;0;0;0;0.0408;0.011;1.9248;1.9248;0;46.417;46.417;30.277;0.0412;1912.3;1006.5;1;0.0315;0.0315;0;0;0;0;0;0;1.8933;0;0;16.266;18.836;0;0;98.363;98.363;18.015;15.383;0;2.6326;15.383;0.1461;0.8539;0;14.185;0;0
05/03/21 08:00;31.751;-73.22;14.211;32.877;57.123;-90;-57.123;541.69;89.303;452.39;17.93;4.9;0;833.38;26.204;101.93;0;23.526;985.04;0;985.04;833.38;101.93;26.204;23.526;0.846;0.0505;0;0.0239;959.93;25.113;0;0;3.0711;22.042;951.88;1.3243;0.4062;0.0497;0.7942;0.0743;953.21;6.7195;5.8336;0.7135;0.1619;0.0104;956.1;827.14;101.17;22.177;1.3992;146.04;117.71;45.415;3.6831;1.7758;25.544;4.2141;23.637;0;1;0;0;1.8184;0.9745;1;1;0.8828;0.0631;0.9986;0.9995;1;0.9654;0.9496;0.993;0.993;1;0.993;0.993;0.9663;0.8463;0.0595;2.9581;2.9335;0.0177;-0.0007;0.3343;0.0181;0.0641;0.0045;2.3834;0;0;0;0;0;0;0;0;0;0;0;0;0;0;0;0;0.0516;0.0187;2.4253;2.4253;0;57.469;57.469;39.539;0.0415;2526.6;959.87;1;0.0419;0.0419;0;0;0;0;0;0;2.3834;0;0;15.619;18.086;0;0;98.274;98.274;23.641;19.383;0;4.2583;19.383;0.1801;0.8199;0;22.072;0;0
05/03/21 09:00;43.05;-60.887;20.826;46.916;43.084;-90;-43.084;736.4;121.5;614.9;19.8;4.7099;0;841.92;36.87;108.01;0;18.864;1005.7;0;1005.7;841.92;108.01;36.87;18.864;0.8372;0.0554;0;0.0188;985.36;20.305;0;0;2.8693;17.435;976.58;1.875;0.6014;0.0772;1.0963;0.1001;978.46;6.8975;5.8935;0.756;0.238;0.01;981.63;835.43;107.17;32.667;1.3184;331;266.78;103.51;1.943;3.5712;51.37;5.047;52.998;0;1;0;0;1.3657;0.9798;1;1;0.9222;0.0757;0.9981;0.9993;1;0.9675;0.9294;0.993;0.993;1;0.993;0.993;0.9711;0.886;0.0699;3.02;3.0649;0.0185;0.0006;0.3817;0.0186;0.0661;0.0089;2.4536;0;0;0;0;0;0;0;0;0;0;0;0;0;0;0;0;0.0533;0.0203;2.4969;2.4969;0;60.467;60.467;40.666;0.0416;2636;947.23;1;0.0433;0.0433;0;0;0;0;0;0;2.4536;0;0;15.75;18.238;0;0;98.267;98.267;24.136;19.955;0;4.181;19.955;0.1732;0.8268;0;26.971;0;0
05/03/21 10:00;52.799;-43.9;25.828;62.24;27.76;-90;-27.76;874.29;144.2;730.09;21.6;4.7601;0;825.05;46.118;107.66;0;9.5593;988.38;0;988.38;825.05;107.66;46.118;9.5593;0.8347;0.0563;0;0.0097;978.28;10.101;0;0;1.8112;8.2895;968.92;2.5102;0.7309;0.0954;1.445;0.2389;971.43;6.848;5.7753;0.7536;0.3101;0.0089;971.47;818.54;106.81;42.552;1.022;472.61;380.93;150.75;0.5355;4.7613;68.49;2.5459;72.716;0;1;0;0;1.1305;0.9898;1;1;0.9607;0.1328;0.9974;0.9991;1;0.9672;0.8105;0.993;0.993;1;0.993;0.993;0.9803;0.9227;0.1069;2.9681;3.0703;0.0185;0.0006;0.3993;0.0186;0.0658;0.0118;2.4396;0;0;0;0;0;0;0;0;0;0;0;0;0;0;0;0;0.053;0.0203;2.4824;2.4824;0;61.999;61.999;40.398;0.0417;2638.8;940.73;1;0.0428;0.0428;0;0;0;0;0;0;2.4396;0;0;15.932;18.449;0;0;98.277;98.277;23.721;19.839;0;3.8821;19.839;0.1637;0.8363;0;29.945;0;0
05/03/21 11:00;59.33;-19.642;28.712;78.726;11.274;-90;-11.274;958.5;158.2;800.3;23.08;4.8599;0;816.05;51.604;108.18;0;1.7572;977.59;0;977.59;816.05;108.18;51.604;1.7572;0.8348;0.0546;0;0.0018;975.67;1.9214;0;0;0.4567;1.4647;965.83;3.011;0.8037;0.1065;2.0355;0.0653;968.84;6.8297;5.7123;0.7573;0.358;0.002;966.2;809.53;107.32;48.754;0.2252;558.22;449.93;172.41;0.024;5.9508;85.599;0.3674;91.526;0;1;0;0;1.0199;0.998;1;1;0.9911;0.1665;0.9969;0.999;1;0.9599;0.7752;0.993;0.993;1;0.993;0.993;0.988;0.9448;0.1282;2.9357;3.0906;0.0186;0.0009;0.4174;0.0186;0.0659;0.0147;2.4383;0;0;0;0;0;0;0;0;0;0;0;0;0;0;0;0;0.0531;0.0206;2.4809;2.4809;0;63.396;63.396;40.316;0.0417;2654.1;934.76;1;0.0426;0.0426;0;0;0;0;0;0;2.4383;0;0;16.099;18.642;0;0;98.284;98.284;23.462;19.828;0;3.6347;19.828;0.1549;0.8451;0;31.035;0;0
05/03/21 12:00;60.355;10.247;29.126;84.219;5.7809;90;5.7809;971.59;160.3;811.29;24.73;5.04;0;815.44;52.314;108.4;0;0.4694;976.63;0;976.63;815.44;108.4;52.314;0.4694;0.835;0.054;0;0.0005;976.08;0.5477;0;0;0.1552;0.3925;966.07;3.1798;0.8146;0.1083;2.2398;0.0171;969.25;6.8326;5.7081;0.7588;0.3651;0.0005;966.12;808.92;107.54;49.554;0.0593;571.19;460.38;180.41;0.0014;5.8285;83.84;0.0563;89.667;0;1;0;0;1.0052;0.9994;1;1;0.997;0.1639;0.9967;0.999;1;0.9568;0.776;0.993;0.993;1;0.993;0.993;0.9892;0.9472;0.1263;2.9328;3.0866;0.0186;0.0008;0.436;0.0184;0.0653;0.0143;2.4181;0;0;0;0;0;0;0;0;0;0;0;0;0;0;0;0;0.0526;0.0205;2.46;2.46;0;65.114;65.114;40.384;0.0418;2651.9;927.64;1;0.0419;0.0419;0;0;0;0;0;0;2.4181;0;0;15.979;18.503;0;0;98.297;98.297;23.439;19.66;0;3.7786;19.66;0.1612;0.8388;0;31.101;0;0
05/03/21 13:00;55.373;36.934;27.014;67.464;22.536;90;22.536;917.89;151.1;766.79;25.87;5.4101;0;830.19;47.72;109.87;0;6.6587;994.44;0;994.44;830.19;109.87;47.72;6.6587;0.8348;0.0547;0;0.0067;987.44;6.9973;0;0;1.3441;5.6532;977.89;2.6423;0.7692;0.1018;1.558;0.2133;980.53;6.9121;5.8113;0.7691;0.3246;0.007;979.6;823.61;109;44.493;0.7852;512.61;413.16;160.77;0.265;5.3218;76.551;1.7159;81.608;0;1;0;0;1.0834;0.993;1;1;0.9718;0.151;0.9973;0.9991;1;0.9662;0.7864;0.993;0.993;1;0.993;0.993;0.9834;0.9324;0.1179;2.9863;3.1118;0.0187;0.0011;0.4585;0.0184;0.0654;0.013;2.4214;0;0;0;0;0;0;0;0;0;0;0;0;0;0;0;0;0.0526;0.0209;2.4631;2.4631;0;66.806;66.806;40.936;0.0419;2675.4;920.67;1;0.0418;0.0418;0;0;0;0;0;0;2.4214;0;0;15.713;18.195;0;0;98.304;98.304;23.867;19.686;0;4.1811;19.686;0.1752;0.8248;0;30.037;0;0
05/03/21 14:00;46.432;56.038;22.646;51.728;38.272;90;38.272;787.69;139.8;647.9;26.26;5.84;0;825.26;44.357;114.77;0;16.083;1000.5;0;1000.5;825.26;114.77;44.357;16.083;0.8249;0.0604;0;0.0161;982.88;17.584;0;0;2.8968;14.687;973.79;2.2128;0.641;0.0891;1.3296;0.153;976;6.8802;5.7768;0.8034;0.2902;0.0098;978.32;818.84;113.87;39.84;1.2329;383.44;309.05;122.53;1.5567;3.9215;56.41;4.5318;58.774;0;1;0;0;1.2701;0.9824;1;1;0.9347;0.0868;0.9977;0.9992;1;0.9677;0.8896;0.993;0.993;1;0.993;0.993;0.9733;0.8982;0.0767;3.0044;3.0655;0.0185;0.0006;0.4544;0.0181;0.0643;0.0095;2.3869;0;0;0;0;0;0;0;0;0;0;0;0;0;0;0;0;0.0518;0.0203;2.4279;2.4279;0;67.032;67.032;40.772;0.0419;2637.2;920.63;1;0.0409;0.0409;0;0;0;0;0;0;2.3869;0;0;15.394;17.826;0;0;98.314;98.314;24.011;19.404;0;4.6075;19.404;0.1919;0.8081;0;31.139;0;0
05/03/21 15:00;35.511;69.585;16.495;37.286;52.714;90;52.714;612.8;133.2;479.6;26.32;6.1;0;791.69;43.301;130.85;0;22.949;988.79;0;988.79;791.69;130.85;43.301;22.949;0.8007;0.067;0;0.0232;962.73;26.061;0;0;4.5264;21.535;954.12;1.8734;0.4479;0.074;1.2943;0.0571;955.99;6.7391;5.5418;0.9159;0.2714;0.0099;959.21;785.7;129.86;37.209;1.3473;215.11;173.38;65.512;4.5849;2.6509;38.132;5.0904;36.198;0;1;0;0;1.6136;0.9736;1;1;0.8955;0.0616;0.998;0.9994;1;0.9664;0.9593;0.993;0.993;1;0.993;0.993;0.9649;0.8593;0.0587;2.9693;2.9694;0.0179;-0.0004;0.4321;0.0176;0.0626;0.0065;2.3242;0;0;0;0;0;0;0;0;0;0;0;0;0;0;0;0;0.0504;0.0191;2.3637;2.3637;0;66.241;66.241;39.921;0.0418;2555;925.11;1;0.0395;0.0395;0;0;0;0;0;0;2.3242;0;0;15.164;17.56;0;0;98.328;98.328;23.731;18.891;0;4.8403;18.891;0.204;0.796;0;34.759;0;0
05/03/21 16:00;23.678;80.078;13.102;23.997;56.517;90;56.517;393;138.1;254.9;26.19;5.4001;0;618.19;58.128;153.23;0;16.738;846.29;0;846.29;618.19;153.23;58.128;16.738;0.7305;0.0885;0;0.0198;823.84;22.442;0;0;6.7219;15.72;815.92;2.1539;0.2778;0.0689;1.7575;0.0497;818.08;5.7669;4.3274;1.0726;0.3598;0.0071;817.29;613.59;152.08;49.289;0.9611;50.179;40.444;17.771;7.859;0.8979;12.916;1.3696;5.9551;0;1;0;0;2.1534;0.9735;1;1;0.8844;0.0608;0.9974;0.9995;1;0.9656;0.9508;0.993;0.993;1;0.993;0.993;0.9641;0.8479;0.0574;2.5414;2.4888;0.015;-0.0021;0.309;0.0152;0.0538;0.0022;2.0061;0;0;0;0;0;0;0;0;0;0;0;0;0;0;0;0;0.0433;0.0137;2.0387;2.0387;0;60.158;60.158;33.968;0.0416;2146.7;949.66;1;0.0325;0.0325;0;0;0;0;0;0;2.0061;0;0;15.282;17.696;0;0;98.405;98.405;20.311;16.293;0;4.0178;16.293;0.1978;0.8022;0;48.621;0;0
05/03/21 17:00;11.476;89.11;61.151;11.477;17.376;90;17.376;153.89;114.5;39.394;25.17;3.64;0;95.541;95.919;39.632;0;0.6672;231.76;0;231.76;95.541;39.632;95.919;0.6672;0.4122;0.4168;0;0.0029;229.44;2.3215;0;0;1.7628;0.5587;218.82;9.0138;3.9658;1.6451;3.3789;0.0241;227.83;1.6061;0.6688;0.2774;0.6591;0.0008;218.92;90.906;37.709;90.118;0.0836;59.181;47.7;17.789;0.209;0.6761;9.7261;0.1035;10.193;0;1;0;0;1.506;0.99;1;1;0.9816;0.1625;0.9604;0.9582;1;0.9639;0.7763;0.993;0.993;1;0.993;0.993;0.9442;0.9395;0.1253;0.696;0.6799;0.0041;0.0171;0.0224;0.0045;0.0158;0.0018;0.5899;0;0;0;0;0;0;0;0;0;0;0;0;0;0;0;0;0.0127;0.0013;0.6001;0.6001;0;34.146;34.146;8.9756;0.041;582.34;1030.6;1;0.0102;0.0102;0;0;0;0;0;0;0.5899;0;0;16.427;19.022;0;0;98.292;98.292;5.5622;4.7962;0;0.766;4.7962;0.1377;0.8623;0;58.908;0;0
05/03/21 18:00;2.6943;95.266;83.454;2.7057;3.8684;90;3.8684;0;0;0;22.51;3.7499;0;0;0;0;0;0;0;0;0;0;0;0;0;1;1;1;1;0;0;0;0;0;0;0;0;0;0;0;0;0;0;0;0;0;0;0;0;0;0;0;0;0;0;0;0;0;0;0;0;0;0;0;1;1;1;1;1;1;1;1;1;1;1;1;1;1;1;1;1;1;1;0;0;0;0;0;0;0;0;-0.0004;0.0004;0.088;0;-0.0884;0;0;0;0;0;0;0;0;0;0;0;0;0;0;0;0;0;0;0;-22.51;0;0;0;0;0.0004;0;0;0;0;0;0;0;-0.0004;-0.0884;0;0;0;0;0;0;0;0;0;-0.7063;0;0.7063;1;1;0;0;0;0
05/03/21 19:00;0;0;90;0;0;90;0;0;0;0;20.38;4.1499;0;0;0;0;0;0;0;0;0;0;0;0;0;1;1;1;1;0;0;0;0;0;0;0;0;0;0;0;0;0;0;0;0;0;0;0;0;0;0;0;0;0;0;0;0;0;0;0;0;0;0;0;1;1;1;1;1;1;1;1;1;1;1;1;1;1;1;1;1;1;1;0;0;0;0;0;0;0;0;-0.0004;0.0004;0.088;0;-0.0884;0;0;0;0;0;0;0;0;0;0;0;0;0;0;0;0;0;0;0;-20.38;0;0;0;0;0.0004;0;0;0;0;0;0;0;-0.0004;-0.0884;0;0;0;0;0;0;0;0;0;-0.7063;0;0.7063;1;1;0;0;0;0
05/03/21 20:00;0;0;90;0;0;90;0;0;0;0;17.9;4.2399;0;0;0;0;0;0;0;0;0;0;0;0;0;1;1;1;1;0;0;0;0;0;0;0;0;0;0;0;0;0;0;0;0;0;0;0;0;0;0;0;0;0;0;0;0;0;0;0;0;0;0;0;1;1;1;1;1;1;1;1;1;1;1;1;1;1;1;1;1;1;1;0;0;0;0;0;0;0;0;-0.0004;0.0004;0.088;0;-0.0884;0;0;0;0;0;0;0;0;0;0;0;0;0;0;0;0;0;0;0;-17.9;0;0;0;0;0.0004;0;0;0;0;0;0;0;-0.0004;-0.0884;0;0;0;0;0;0;0;0;0;-0.7063;0;0.7063;1;1;0;0;0;0
05/03/21 21:00;0;0;90;0;0;90;0;0;0;0;16.37;3.71;0;0;0;0;0;0;0;0;0;0;0;0;0;1;1;1;1;0;0;0;0;0;0;0;0;0;0;0;0;0;0;0;0;0;0;0;0;0;0;0;0;0;0;0;0;0;0;0;0;0;0;0;1;1;1;1;1;1;1;1;1;1;1;1;1;1;1;1;1;1;1;0;0;0;0;0;0;0;0;-0.0004;0.0004;0.088;0;-0.0884;0;0;0;0;0;0;0;0;0;0;0;0;0;0;0;0;0;0;0;-16.37;0;0;0;0;0.0004;0;0;0;0;0;0;0;-0.0004;-0.0884;0;0;0;0;0;0;0;0;0;-0.7063;0;0.7063;1;1;0;0;0;0
05/03/21 22:00;0;0;90;0;0;90;0;0;0;0;13.9;2.84;0;0;0;0;0;0;0;0;0;0;0;0;0;1;1;1;1;0;0;0;0;0;0;0;0;0;0;0;0;0;0;0;0;0;0;0;0;0;0;0;0;0;0;0;0;0;0;0;0;0;0;0;1;1;1;1;1;1;1;1;1;1;1;1;1;1;1;1;1;1;1;0;0;0;0;0;0;0;0;-0.0004;0.0004;0.088;0;-0.0884;0;0;0;0;0;0;0;0;0;0;0;0;0;0;0;0;0;0;0;-13.9;0;0;0;0;0.0004;0;0;0;0;0;0;0;-0.0004;-0.0884;0;0;0;0;0;0;0;0;0;-0.7063;0;0.7063;1;1;0;0;0;0
05/03/21 23:00;0;0;90;0;0;90;0;0;0;0;13.17;2.44;0;0;0;0;0;0;0;0;0;0;0;0;0;1;1;1;1;0;0;0;0;0;0;0;0;0;0;0;0;0;0;0;0;0;0;0;0;0;0;0;0;0;0;0;0;0;0;0;0;0;0;0;1;1;1;1;1;1;1;1;1;1;1;1;1;1;1;1;1;1;1;0;0;0;0;0;0;0;0;-0.0004;0.0004;0.088;0;-0.0884;0;0;0;0;0;0;0;0;0;0;0;0;0;0;0;0;0;0;0;-13.17;0;0;0;0;0.0004;0;0;0;0;0;0;0;-0.0004;-0.0884;0;0;0;0;0;0;0;0;0;-0.7063;0;0.7063;1;1;0;0;0;0
06/03/21 00:00;0;0;90;0;0;90;0;0;0;0;11.42;2.58;0;0;0;0;0;0;0;0;0;0;0;0;0;1;1;1;1;0;0;0;0;0;0;0;0;0;0;0;0;0;0;0;0;0;0;0;0;0;0;0;0;0;0;0;0;0;0;0;0;0;0;0;1;1;1;1;1;1;1;1;1;1;1;1;1;1;1;1;1;1;1;0;0;0;0;0;0;0;0;-0.0004;0.0004;0.088;0;-0.0884;0;0;0;0;0;0;0;0;0;0;0;0;0;0;0;0;0;0;0;-11.42;0;0;0;0;0.0004;0;0;0;0;0;0;0;-0.0004;-0.0884;0;0;0;0;0;0;0;0;0;-0.7063;0;0.7063;1;1;0;0;0;0
06/03/21 01:00;0;0;90;0;0;90;0;0;0;0;9.9302;3.0399;0;0;0;0;0;0;0;0;0;0;0;0;0;1;1;1;1;0;0;0;0;0;0;0;0;0;0;0;0;0;0;0;0;0;0;0;0;0;0;0;0;0;0;0;0;0;0;0;0;0;0;0;1;1;1;1;1;1;1;1;1;1;1;1;1;1;1;1;1;1;1;0;0;0;0;0;0;0;0;-0.0004;0.0004;0.088;0;-0.0884;0;0;0;0;0;0;0;0;0;0;0;0;0;0;0;0;0;0;0;-9.9302;0;0;0;0;0.0004;0;0;0;0;0;0;0;-0.0004;-0.0884;0;0;0;0;0;0;0;0;0;-0.7063;0;0.7063;1;1;0;0;0;0
06/03/21 02:00;0;0;90;0;0;90;0;0;0;0;9.53;3.3499;0;0;0;0;0;0;0;0;0;0;0;0;0;1;1;1;1;0;0;0;0;0;0;0;0;0;0;0;0;0;0;0;0;0;0;0;0;0;0;0;0;0;0;0;0;0;0;0;0;0;0;0;1;1;1;1;1;1;1;1;1;1;1;1;1;1;1;1;1;1;1;0;0;0;0;0;0;0;0;-0.0004;0.0004;0.088;0;-0.0884;0;0;0;0;0;0;0;0;0;0;0;0;0;0;0;0;0;0;0;-9.53;0;0;0;0;0.0004;0;0;0;0;0;0;0;-0.0004;-0.0884;0;0;0;0;0;0;0;0;0;-0.7063;0;0.7063;1;1;0;0;0;0
06/03/21 03:00;0;0;90;0;0;90;0;0;0;0;8.8001;3.23;0;0;0;0;0;0;0;0;0;0;0;0;0;1;1;1;1;0;0;0;0;0;0;0;0;0;0;0;0;0;0;0;0;0;0;0;0;0;0;0;0;0;0;0;0;0;0;0;0;0;0;0;1;1;1;1;1;1;1;1;1;1;1;1;1;1;1;1;1;1;1;0;0;0;0;0;0;0;0;-0.0004;0.0004;0.088;0;-0.0884;0;0;0;0;0;0;0;0;0;0;0;0;0;0;0;0;0;0;0;-8.8001;0;0;0;0;0.0004;0;0;0;0;0;0;0;-0.0004;-0.0884;0;0;0;0;0;0;0;0;0;-0.7063;0;0.7063;1;1;0;0;0;0
06/03/21 04:00;0;0;90;0;0;90;0;0;0;0;7.2599;3.2699;0;0;0;0;0;0;0;0;0;0;0;0;0;1;1;1;1;0;0;0;0;0;0;0;0;0;0;0;0;0;0;0;0;0;0;0;0;0;0;0;0;0;0;0;0;0;0;0;0;0;0;0;1;1;1;1;1;1;1;1;1;1;1;1;1;1;1;1;1;1;1;0;0;0;0;0;0;0;0;-0.0004;0.0004;0.088;0;-0.0884;0;0;0;0;0;0;0;0;0;0;0;0;0;0;0;0;0;0;0;-7.2599;0;0;0;0;0.0004;0;0;0;0;0;0;0;-0.0004;-0.0884;0;0;0;0;0;0;0;0;0;-0.7063;0;0.7063;1;1;0;0;0;0
06/03/21 05:00;0.6049;-96.264;88.533;0.6086;0.8675;-90;-0.8675;0;0;0;6.5798;3.85;0;0;0;0;0;0;0;0;0;0;0;0;0;1;1;1;1;0;0;0;0;0;0;0;0;0;0;0;0;0;0;0;0;0;0;0;0;0;0;0;0;0;0;0;0;0;0;0;0;0;0;0;1;1;1;1;1;1;1;1;1;1;1;1;1;1;1;1;1;1;1;0;0;0;0;0;0;0;0;-0.0004;0.0004;0.088;0;-0.0884;0;0;0;0;0;0;0;0;0;0;0;0;0;0;0;0;0;0;0;-6.5798;0;0;0;0;0.0004;0;0;0;0;0;0;0;-0.0004;-0.0884;0;0;0;0;0;0;0;0;0;-0.7063;0;0.7063;1;1;0;0;0;0
06/03/21 06:00;7.3346;-91.543;71.964;7.3373;10.706;-90;-10.706;99.294;19.397;79.897;7.9698;5.44;0;193.77;10.55;21.231;0;0.1642;225.72;0;225.72;193.77;21.231;10.55;0.1642;0.8585;0.0475;0;0.0007;225.5;0.2225;0;0;0.0856;0.1369;195.04;28.876;25.641;2.8093;0.4202;0.0061;223.92;1.5785;1.3564;0.1486;0.0733;0.0002;195.05;166.78;18.273;9.9713;0.021;6.7699;5.4565;2.0836;0.004;0.0729;1.0485;0.0032;1.1174;0;1;0;0;2.2732;0.999;1;1;0.9919;0.1664;0.871;0.8667;1;0.9596;0.7752;0.993;0.993;1;0.993;0.993;0.8641;0.9451;0.1281;0.6778;0.5897;0.0035;0.0177;-0.0193;0.0041;0.0146;0.0002;0.5456;0;0;0;0;0;0;0;0;0;0;0;0;0;0;0;0;0.0117;0.001;0.556;0.556;0;15.854;15.854;7.8847;0.0404;504.41;1102.2;1;0.0104;0.0104;0;0;0;0;0;0;0.5456;0;0;15.625;18.093;0;0;98.137;98.137;5.4173;4.4433;0;0.9739;4.4433;0.1798;0.8202;0;6.3355;0;0
06/03/21 07:00;19.576;-82.731;35.65;19.722;35.206;-90;-35.206;319.51;52.696;266.81;13.41;6.0599;0;647.09;20.383;73.392;0;5.5519;746.42;0;746.42;647.09;73.392;20.383;5.5519;0.8669;0.0347;0;0.0074;740.26;6.1562;0;0;1.1667;4.9895;731.28;3.7985;2.7892;0.3163;0.6159;0.077;735.08;5.1818;4.5296;0.5137;0.1345;0.0039;731.42;639.77;72.562;18.466;0.4815;15.415;12.424;5.1468;0.5372;0.1741;2.5048;0.1341;2.1418;0;1;0;0;2.3362;0.9918;1;1;0.9428;0.1013;0.9948;0.9957;1;0.9677;0.8622;0.993;0.993;1;0.993;0.993;0.9797;0.9059;0.0867;2.2415;2.2082;0.0133;-0.0011;0.1425;0.0144;0.051;0.0005;1.9038;0;0;0;0;0;0;0;0;0;0;0;0;0;0;0;0;0.0411;0.0109;1.9358;1.9358;0;43.439;43.439;30.028;0.0411;1899.3;1019.2;1;0.032;0.032;0;0;0;0;0;0;1.9038;0;0;16.452;19.051;0;0;98.349;98.349;17.914;15.471;0;2.4435;15.471;0.1364;0.8636;0;13.959;0;0
06/03/21 08:00;31.556;-72.82;14.578;32.735;57.266;-90;-57.266;542.4;89.502;452.9;18.72;5.3201;0;837.54;25.921;103.29;0;23.664;990.41;0;990.41;837.54;103.29;25.921;23.664;0.8456;0.0501;0;0.0239;965.19;25.22;0;0;3.049;22.171;957.11;1.3321;0.4188;0.0516;0.786;0.0757;958.44;6.7564;5.8628;0.723;0.1601;0.0105;961.63;831.26;102.52;21.926;1.4071;144.6;116.55;43.428;3.6758;1.8601;26.757;4.5203;24.941;0;1;0;0;1.826;0.9745;1;1;0.8824;0.0631;0.9986;0.9995;1;0.9654;0.949;0.993;0.993;1;0.993;0.993;0.9664;0.8459;0.0595;2.9742;2.9527;0.0178;-0.0005;0.3474;0.0181;0.0642;0.0047;2.3884;0;0;0;0;0;0;0;0;0;0;0;0;0;0;0;0;0.0517;0.019;2.4303;2.4303;0;58.51;58.51;39.79;0.0416;2542.9;955.74;1;0.0419;0.0419;0;0;0;0;0;0;2.3884;0;0;15.566;18.025;0;0;98.277;98.277;23.77;19.423;0;4.3468;19.423;0.1829;0.8171;0;21.869;0;0
06/03/21 09:00;42.82;-60.453;21.205;46.808;43.192;-90;-43.192;731.49;120.7;610.79;21.1;4.3099;0;837.78;36.729;107.28;0;18.828;1000.6;0;1000.6;837.78;107.28;36.729;18.828;0.8373;0.0555;0;0.0188;980.34;20.275;0;0;2.8687;17.406;971.6;1.878;0.6093;0.078;1.092;0.0987;973.48;6.8624;5.8644;0.751;0.237;0.01;976.63;831.3;106.45;32.531;1.3131;328.14;264.48;102.59;1.9522;3.5439;50.977;5.0343;52.569;0;1;0;0;1.3679;0.9797;1;1;0.9219;0.0755;0.9981;0.9993;1;0.9675;0.9301;0.993;0.993;1;0.993;0.993;0.971;0.8857;0.0697;3.0048;3.049;0.0184;0.0004;0.3922;0.0185;0.0655;0.0088;2.4299;0;0;0;0;0;0;0;0;0;0;0;0;0;0;0;0;0.0527;0.0201;2.4724;2.4724;0;61.597;61.597;40.497;0.0417;2622.3;942.86;1;0.0426;0.0426;0;0;0;0;0;0;2.4299;0;0;15.675;18.151;0;0;98.278;98.278;24.015;19.76;0;4.255;19.76;0.1772;0.8228;0;26.893;0;0
06/03/21 10:00;52.512;-43.459;26.216;62.185;27.815;-90;-27.815;863.19;142.4;720.8;22.94;3.1899;0;814.96;46.28;105.47;0;9.4746;976.18;0;976.18;814.96;105.47;46.28;9.4746;0.8348;0.0571;0;0.0097;966.13;10.041;0;0;1.8233;8.2182;956.86;2.5132;0.7328;0.0948;1.4495;0.2361;959.37;6.7629;5.7047;0.7383;0.3112;0.0088;959.47;808.52;104.63;42.696;1.0115;466.49;375.99;145.78;0.541;4.8962;70.43;2.6116;74.785;0;1;0;0;1.1309;0.9897;1;1;0.9606;0.1326;0.9974;0.9991;1;0.9672;0.8108;0.993;0.993;1;0.993;0.993;0.9802;0.9226;0.1068;2.9315;3.0383;0.0183;0.0003;0.4047;0.0183;0.0649;0.0121;2.4056;0;0;0;0;0;0;0;0;0;0;0;0;0;0;0;0;0.0523;0.0199;2.4475;2.4475;0;62.863;62.863;39.924;0.0417;2611.2;937.31;1;0.0418;0.0418;0;0;0;0;0;0;2.4056;0;0;15.905;18.417;0;0;98.291;98.291;23.428;19.56;0;3.8681;19.56;0.1651;0.8349;0;30.061;0;0
06/03/21 11:00;58.973;-19.328;29.104;78.741;11.259;-90;-11.259;947.1;156.3;790.8;24.33;2.26;0;806.31;51.783;106.06;0;1.7317;965.88;0;965.88;806.31;106.06;51.783;1.7317;0.8348;0.0554;0;0.0018;963.98;1.9007;0;0;0.4573;1.4434;954.22;3.0183;0.8049;0.1059;2.0431;0.0644;957.24;6.7479;5.6442;0.7424;0.3593;0.002;954.58;799.86;105.21;48.924;0.2219;551.61;444.6;170.37;0.024;5.8807;84.592;0.3618;90.449;0;1;0;0;1.0198;0.998;1;1;0.9912;0.1665;0.9968;0.999;1;0.9599;0.7752;0.993;0.993;1;0.993;0.993;0.9879;0.9448;0.1282;2.9006;3.0534;0.0184;0.0004;0.4212;0.0183;0.0649;0.0145;2.4018;0;0;0;0;0;0;0;0;0;0;0;0;0;0;0;0;0.0522;0.0201;2.4434;2.4434;0;64.187;64.187;39.857;0.0418;2622.5;931.71;1;0.0416;0.0416;0;0;0;0;0;0;2.4018;0;0;16.047;18.582;0;0;98.298;98.298;23.181;19.527;0;3.6538;19.527;0.1576;0.8424;0;31.142;0;0
06/03/21 12:00;59.963;10.247;29.51;84.127;5.8727;90;5.8727;951.8;156.7;795.1;25.15;1.5001;0;799.3;52.776;104.33;0;0.4746;956.88;0;956.88;799.3;104.33;52.776;0.4746;0.8353;0.0557;0;0.0005;956.32;0.5573;0;0;0.1605;0.3968;946.44;3.1889;0.809;0.1056;2.257;0.0173;949.63;6.6943;5.5951;0.7303;0.3683;0.0005;946.5;792.89;103.5;49.991;0.0599;559.51;450.96;176.7;0.0015;5.7103;82.14;0.058;87.849;0;1;0;0;1.0053;0.9994;1;1;0.997;0.1639;0.9966;0.999;1;0.9568;0.776;0.993;0.993;1;0.993;0.993;0.9891;0.9472;0.1263;2.8735;3.0239;0.0182;0.0001;0.4229;0.0181;0.0641;0.014;2.3742;0;0;0;0;0;0;0;0;0;0;0;0;0;0;0;0;0.0516;0.0197;2.4151;2.4151;0;64.699;64.699;39.549;0.0418;2597.4;929.81;1;0.0409;0.0409;0;0;0;0;0;0;2.3742;0;0;16.011;18.54;0;0;98.308;98.308;22.965;19.302;0;3.6636;19.302;0.1595;0.8405;0;31.38;0;0
06/03/21 13:00;55.007;36.687;27.379;67.304;22.696;90;22.696;893.59;150.8;742.79;26.94;0.7801;0;805.14;50.179;106.87;0;6.5735;968.76;0;968.76;805.14;106.87;50.179;6.5735;0.8311;0.0586;0;0.0068;961.75;7.0141;0;0;1.4295;5.5846;952.32;2.7016;0.7561;0.1004;1.6359;0.2092;955.02;6.7322;5.636;0.7481;0.3412;0.0069;953.97;798.74;106.03;46.773;0.7727;498.81;402.04;158.43;0.2858;5.0505;72.65;1.6552;77.415;0;1;0;0;1.0841;0.9928;1;1;0.9715;0.1504;0.9972;0.9991;1;0.9662;0.787;0.993;0.993;1;0.993;0.993;0.983;0.9321;0.1176;2.9092;3.0264;0.0182;0.0001;0.4463;0.0179;0.0636;0.0123;2.3567;0;0;0;0;0;0;0;0;0;0;0;0;0;0;0;0;0.0512;0.0198;2.3969;2.3969;0;66.805;66.805;39.865;0.0419;2601.7;921.28;1;0.0402;0.0402;0;0;0;0;0;0;2.3567;0;0;15.695;18.175;0;0;98.322;98.322;23.25;19.156;0;4.0943;19.156;0.1761;0.8239;0;31.613;0;0
06/03/21 14:00;46.108;55.717;22.987;51.519;38.481;90;38.481;767.91;145.8;622.11;26.77;0.4601;0;794.71;49.06;115.94;0;15.844;975.55;0;975.55;794.71;115.94;49.06;15.844;0.8146;0.0665;0;0.0162;957.84;17.713;0;0;3.2311;14.482;948.8;2.3345;0.6266;0.0914;1.47;0.1465;951.13;6.7049;5.5629;0.8116;0.3208;0.0095;953.28;788.52;115.04;44.038;1.2063;373.73;301.23;119.44;1.7537;3.8366;55.188;4.4771;57.271;0;1;0;0;1.2704;0.9818;1;1;0.9341;0.086;0.9975;0.9992;1;0.9677;0.8917;0.993;0.993;1;0.993;0.993;0.9726;0.8976;0.0761;2.9296;2.9875;0.018;-0.0002;0.4372;0.0177;0.0629;0.0094;2.333;0;0;0;0;0;0;0;0;0;0;0;0;0;0;0;0;0.0506;0.0193;2.3727;2.3727;0;66.477;66.477;39.706;0.0418;2569.4;923.45;1;0.0397;0.0397;0;0;0;0;0;0;2.333;0;0;15.429;17.866;0;0;98.327;98.327;23.413;18.962;0;4.4509;18.962;0.1901;0.8099;0;34.501;0;0
06/03/21 15:00;35.219;69.264;16.813;37.046;52.954;90;52.954;587.5;149.1;438.41;26.83;0.8099;0;727.69;53.974;135.66;0;22.188;939.52;0;939.52;727.69;135.66;53.974;22.188;0.7745;0.0811;0;0.0236;913.02;26.502;0;0;5.6793;20.823;904.46;2.1675;0.4196;0.0782;1.6143;0.0553;906.62;6.3911;5.0938;0.9497;0.3381;0.0096;909.5;722.18;134.64;46.342;1.3;209.34;168.73;63.968;5.8048;2.6532;38.165;5.0472;35.014;0;1;0;0;1.5992;0.9718;1;1;0.8948;0.0615;0.9976;0.9994;1;0.9663;0.9592;0.993;0.993;1;0.993;0.993;0.9627;0.8586;0.0586;2.8214;2.8198;0.017;-0.0015;0.3943;0.0169;0.0598;0.0065;2.224;0;0;0;0;0;0;0;0;0;0;0;0;0;0;0;0;0.0482;0.0174;2.2612;2.2612;0;64.622;64.622;37.792;0.0418;2427.6;931.43;1;0.0372;0.0372;0;0;0;0;0;0;2.224;0;0;15.267;17.679;0;0;98.355;98.355;22.548;18.071;0;4.4771;18.071;0.1986;0.8014;0;43.436;0;0
06/03/21 16:00;23.403;79.773;15.565;23.74;53.781;90;53.781;371;153.6;217.4;27.03;0.9699;0;527.26;73.956;147.03;0;14.42;762.67;0;762.67;527.26;147.03;73.956;14.42;0.6913;0.1159;0;0.0189;741.17;21.496;0;0;7.9588;13.538;733.37;2.6131;0.2815;0.0785;2.2166;0.0366;735.98;5.1882;3.6908;1.0292;0.462;0.0062;735.02;523.29;145.92;63.319;0.8395;61.402;49.49;20.89;8.3938;1.0748;15.461;1.6555;8.1424;0;1;0;0;2.0557;0.9718;1;1;0.8924;0.0612;0.9964;0.9995;1;0.9662;0.9583;0.993;0.993;1;0.993;0.993;0.9616;0.8562;0.0582;2.2903;2.2464;0.0135;-0.0013;0.2581;0.0138;0.0491;0.0027;1.8303;0;0;0;0;0;0;0;0;0;0;0;0;0;0;0;0;0.0395;0.0113;1.8597;1.8597;0;57.499;57.499;30.469;0.0415;1937.3;959.94;1;0.0294;0.0294;0;0;0;0;0;0;1.8303;0;0;15.468;17.912;0;0;98.422;98.422;18.304;14.862;0;3.4415;14.862;0.188;0.812;0;60.04;0;0
06/03/21 17:00;11.207;88.818;61.876;11.21;16.921;90;16.921;130.3;110.5;19.793;26.42;1.16;0;48.005;100.17;19.681;0;0.5359;168.39;0;168.39;48.005;19.681;100.17;0.5359;0.2851;0.598;0;0.0032;166.18;2.2091;0;0;1.7605;0.4486;158.42;6.597;2.1402;0.8774;3.56;0.0194;165.02;1.1633;0.336;0.1378;0.6889;0.0006;158.52;45.529;18.666;94.162;0.0673;61.542;49.603;18.456;0.1987;0.7047;10.137;0.101;10.643;0;1;0;0;1.2924;0.9869;1;1;0.9824;0.1629;0.96;0.9551;1;0.9636;0.776;0.993;0.993;1;0.993;0.993;0.9408;0.94;0.1255;0.5057;0.4988;0.003;0.0181;0.0144;0.0032;0.0115;0.0019;0.4284;0;0;0;0;0;0;0;0;0;0;0;0;0;0;0;0;0.0093;0.0008;0.4367;0.4367;0;32.93;32.93;6.5098;0.0411;426.3;1024.4;1;0.0083;0.0083;0;0;0;0;0;0;0.4284;0;0;16.452;19.05;0;0;98.092;98.092;4.0414;3.4902;0;0.5513;3.4902;0.1364;0.8636;0;61.405;0;0
06/03/21 18:00;2.6284;94.839;83.615;2.6378;3.7706;90;3.7706;0;0;0;22.33;1.4201;0;0;0;0;0;0;0;0;0;0;0;0;0;1;1;1;1;0;0;0;0;0;0;0;0;0;0;0;0;0;0;0;0;0;0;0;0;0;0;0;0;0;0;0;0;0;0;0;0;0;0;0;1;1;1;1;1;1;1;1;1;1;1;1;1;1;1;1;1;1;1;0;0;0;0;0;0;0;0;-0.0004;0.0004;0.088;0;-0.0884;0;0;0;0;0;0;0;0;0;0;0;0;0;0;0;0;0;0;0;-22.33;0;0;0;0;0.0004;0;0;0;0;0;0;0;-0.0004;-0.0884;0;0;0;0;0;0;0;0;0;-0.7063;0;0.7063;1;1;0;0;0;0
06/03/21 19:00;0;0;90;0;0;90;0;0;0;0;18.79;1.65;0;0;0;0;0;0;0;0;0;0;0;0;0;1;1;1;1;0;0;0;0;0;0;0;0;0;0;0;0;0;0;0;0;0;0;0;0;0;0;0;0;0;0;0;0;0;0;0;0;0;0;0;1;1;1;1;1;1;1;1;1;1;1;1;1;1;1;1;1;1;1;0;0;0;0;0;0;0;0;-0.0004;0.0004;0.088;0;-0.0884;0;0;0;0;0;0;0;0;0;0;0;0;0;0;0;0;0;0;0;-18.79;0;0;0;0;0.0004;0;0;0;0;0;0;0;-0.0004;-0.0884;0;0;0;0;0;0;0;0;0;-0.7063;0;0.7063;1;1;0;0;0;0
06/03/21 20:00;0;0;90;0;0;90;0;0;0;0;18.2;1.9801;0;0;0;0;0;0;0;0;0;0;0;0;0;1;1;1;1;0;0;0;0;0;0;0;0;0;0;0;0;0;0;0;0;0;0;0;0;0;0;0;0;0;0;0;0;0;0;0;0;0;0;0;1;1;1;1;1;1;1;1;1;1;1;1;1;1;1;1;1;1;1;0;0;0;0;0;0;0;0;-0.0004;0.0004;0.088;0;-0.0884;0;0;0;0;0;0;0;0;0;0;0;0;0;0;0;0;0;0;0;-18.2;0;0;0;0;0.0004;0;0;0;0;0;0;0;-0.0004;-0.0884;0;0;0;0;0;0;0;0;0;-0.7063;0;0.7063;1;1;0;0;0;0
06/03/21 21:00;0;0;90;0;0;90;0;0;0;0;14.99;2.5401;0;0;0;0;0;0;0;0;0;0;0;0;0;1;1;1;1;0;0;0;0;0;0;0;0;0;0;0;0;0;0;0;0;0;0;0;0;0;0;0;0;0;0;0;0;0;0;0;0;0;0;0;1;1;1;1;1;1;1;1;1;1;1;1;1;1;1;1;1;1;1;0;0;0;0;0;0;0;0;-0.0004;0.0004;0.088;0;-0.0884;0;0;0;0;0;0;0;0;0;0;0;0;0;0;0;0;0;0;0;-14.99;0;0;0;0;0.0004;0;0;0;0;0;0;0;-0.0004;-0.0884;0;0;0;0;0;0;0;0;0;-0.7063;0;0.7063;1;1;0;0;0;0
06/03/21 22:00;0;0;90;0;0;90;0;0;0;0;13.34;3.2501;0;0;0;0;0;0;0;0;0;0;0;0;0;1;1;1;1;0;0;0;0;0;0;0;0;0;0;0;0;0;0;0;0;0;0;0;0;0;0;0;0;0;0;0;0;0;0;0;0;0;0;0;1;1;1;1;1;1;1;1;1;1;1;1;1;1;1;1;1;1;1;0;0;0;0;0;0;0;0;-0.0004;0.0004;0.088;0;-0.0884;0;0;0;0;0;0;0;0;0;0;0;0;0;0;0;0;0;0;0;-13.34;0;0;0;0;0.0004;0;0;0;0;0;0;0;-0.0004;-0.0884;0;0;0;0;0;0;0;0;0;-0.7063;0;0.7063;1;1;0;0;0;0
06/03/21 23:00;0;0;90;0;0;90;0;0;0;0;17.3;4.36;0;0;0;0;0;0;0;0;0;0;0;0;0;1;1;1;1;0;0;0;0;0;0;0;0;0;0;0;0;0;0;0;0;0;0;0;0;0;0;0;0;0;0;0;0;0;0;0;0;0;0;0;1;1;1;1;1;1;1;1;1;1;1;1;1;1;1;1;1;1;1;0;0;0;0;0;0;0;0;-0.0004;0.0004;0.088;0;-0.0884;0;0;0;0;0;0;0;0;0;0;0;0;0;0;0;0;0;0;0;-17.3;0;0;0;0;0.0004;0;0;0;0;0;0;0;-0.0004;-0.0884;0;0;0;0;0;0;0;0;0;-0.7063;0;0.7063;1;1;0;0;0;0
07/03/21 00:00;0;0;90;0;0;90;0;0;0;0;16.27;5.76;0;0;0;0;0;0;0;0;0;0;0;0;0;1;1;1;1;0;0;0;0;0;0;0;0;0;0;0;0;0;0;0;0;0;0;0;0;0;0;0;0;0;0;0;0;0;0;0;0;0;0;0;1;1;1;1;1;1;1;1;1;1;1;1;1;1;1;1;1;1;1;0;0;0;0;0;0;0;0;-0.0004;0.0004;0.088;0;-0.0884;0;0;0;0;0;0;0;0;0;0;0;0;0;0;0;0;0;0;0;-16.27;0;0;0;0;0.0004;0;0;0;0;0;0;0;-0.0004;-0.0884;0;0;0;0;0;0;0;0;0;-0.7063;0;0.7063;1;1;0;0;0;0
07/03/21 01:00;0;0;90;0;0;90;0;0;0;0;15.6;6.19;0;0;0;0;0;0;0;0;0;0;0;0;0;1;1;1;1;0;0;0;0;0;0;0;0;0;0;0;0;0;0;0;0;0;0;0;0;0;0;0;0;0;0;0;0;0;0;0;0;0;0;0;1;1;1;1;1;1;1;1;1;1;1;1;1;1;1;1;1;1;1;0;0;0;0;0;0;0;0;-0.0004;0.0004;0.088;0;-0.0884;0;0;0;0;0;0;0;0;0;0;0;0;0;0;0;0;0;0;0;-15.6;0;0;0;0;0.0004;0;0;0;0;0;0;0;-0.0004;-0.0884;0;0;0;0;0;0;0;0;0;-0.7063;0;0.7063;1;1;0;0;0;0
07/03/21 02:00;0;0;90;0;0;90;0;0;0;0;13.99;6.1399;0;0;0;0;0;0;0;0;0;0;0;0;0;1;1;1;1;0;0;0;0;0;0;0;0;0;0;0;0;0;0;0;0;0;0;0;0;0;0;0;0;0;0;0;0;0;0;0;0;0;0;0;1;1;1;1;1;1;1;1;1;1;1;1;1;1;1;1;1;1;1;0;0;0;0;0;0;0;0;-0.0004;0.0004;0.088;0;-0.0884;0;0;0;0;0;0;0;0;0;0;0;0;0;0;0;0;0;0;0;-13.99;0;0;0;0;0.0004;0;0;0;0;0;0;0;-0.0004;-0.0884;0;0;0;0;0;0;0;0;0;-0.7063;0;0.7063;1;1;0;0;0;0
07/03/21 03:00;0;0;90;0;0;90;0;0;0;0;12.84;5.79;0;0;0;0;0;0;0;0;0;0;0;0;0;1;1;1;1;0;0;0;0;0;0;0;0;0;0;0;0;0;0;0;0;0;0;0;0;0;0;0;0;0;0;0;0;0;0;0;0;0;0;0;1;1;1;1;1;1;1;1;1;1;1;1;1;1;1;1;1;1;1;0;0;0;0;0;0;0;0;-0.0004;0.0004;0.088;0;-0.0884;0;0;0;0;0;0;0;0;0;0;0;0;0;0;0;0;0;0;0;-12.84;0;0;0;0;0.0004;0;0;0;0;0;0;0;-0.0004;-0.0884;0;0;0;0;0;0;0;0;0;-0.7063;0;0.7063;1;1;0;0;0;0
07/03/21 04:00;0;0;90;0;0;90;0;0;0;0;12.4;5.3;0;0;0;0;0;0;0;0;0;0;0;0;0;1;1;1;1;0;0;0;0;0;0;0;0;0;0;0;0;0;0;0;0;0;0;0;0;0;0;0;0;0;0;0;0;0;0;0;0;0;0;0;1;1;1;1;1;1;1;1;1;1;1;1;1;1;1;1;1;1;1;0;0;0;0;0;0;0;0;-0.0004;0.0004;0.088;0;-0.0884;0;0;0;0;0;0;0;0;0;0;0;0;0;0;0;0;0;0;0;-12.4;0;0;0;0;0.0004;0;0;0;0;0;0;0;-0.0004;-0.0884;0;0;0;0;0;0;0;0;0;-0.7063;0;0.7063;1;1;0;0;0;0
07/03/21 05:00;0.6324;-95.768;88.466;0.6356;0.9061;-90;-0.9061;0;0;0;12.62;5.3499;0;0;0;0;0;0;0;0;0;0;0;0;0;1;1;1;1;0;0;0;0;0;0;0;0;0;0;0;0;0;0;0;0;0;0;0;0;0;0;0;0;0;0;0;0;0;0;0;0;0;0;0;1;1;1;1;1;1;1;1;1;1;1;1;1;1;1;1;1;1;1;0;0;0;0;0;0;0;0;-0.0004;0.0004;0.088;0;-0.0884;0;0;0;0;0;0;0;0;0;0;0;0;0;0;0;0;0;0;0;-12.62;0;0;0;0;0.0004;0;0;0;0;0;0;0;-0.0004;-0.0884;0;0;0;0;0;0;0;0;0;-0.7063;0;0.7063;1;1;0;0;0;0
07/03/21 06:00;7.1614;-91.187;72.401;7.1629;10.44;-90;-10.44;74.7;37.497;37.203;13.89;5.52;0;90.229;29.18;19.581;0;0.1175;139.11;0;139.11;90.229;19.581;29.18;0.1175;0.6486;0.2106;0;0.0008;138.78;0.3249;0;0;0.227;0.0979;121.41;16.403;12.515;2.7159;1.1672;0.0044;137.81;0.9715;0.6316;0.1371;0.2027;0.0001;121.42;77.082;16.728;27.583;0.015;17.732;14.292;5.2944;0.01;0.2015;2.8985;0.0084;3.09;0;1;0;0;1.8622;0.9977;1;1;0.9922;0.1664;0.881;0.8603;1;0.9594;0.7752;0.993;0.993;1;0.993;0.993;0.8728;0.9453;0.1281;0.4177;0.3718;0.0022;0.0178;-0.0083;0.0025;0.0089;0.0006;0.3326;0;0;0;0;0;0;0;0;0;0;0;0;0;0;0;0;0.0072;0.0005;0.3404;0.3404;0;18.832;18.832;4.9414;0.0407;317.37;1072.6;1;0.0078;0.0078;0;0;0;0;0;0;0.3326;0;0;15.523;17.976;0;0;97.712;97.712;3.3386;2.7205;0;0.618;2.7205;0.1851;0.8149;0;17.511;0;0
07/03/21 07:00;19.398;-82.358;36.34;19.559;34.725;-90;-34.725;295.7;58.098;237.6;17.84;5.46;0;576.24;25.608;72.725;0;5.0033;679.58;0;679.58;576.24;72.725;25.608;5.0033;0.8479;0.045;0;0.0074;673.66;5.921;0;0;1.4346;4.4864;665.03;3.9052;2.7147;0.3426;0.775;0.0729;668.94;4.7156;4.0337;0.5091;0.1692;0.0036;665.2;569.49;71.873;23.23;0.4404;18.783;15.139;6.1889;0.6434;0.2168;3.1188;0.1626;2.6923;0;1;0;0;2.2982;0.9913;1;1;0.944;0.1033;0.9942;0.9953;1;0.9677;0.858;0.993;0.993;1;0.993;0.993;0.9786;0.9071;0.088;2.0408;2.0101;0.0121;0.0004;0.1426;0.013;0.046;0.0006;1.7209;0;0;0;0;0;0;0;0;0;0;0;0;0;0;0;0;0.0371;0.0091;1.7491;1.7491;0;45.194;45.194;27.354;0.0411;1729.6;1011.3;1;0.0282;0.0282;0;0;0;0;0;0;1.7209;0;0;16.327;18.907;0;0;98.386;98.386;16.31;13.979;0;2.3309;13.979;0.1429;0.8571;0;17.472;0;0
07/03/21 08:00;31.362;-72.42;14.946;32.592;57.408;-90;-57.408;527;86.901;440.1;20.89;4.91;0;817.03;26.066;98.43;0;23.097;964.63;0;964.63;817.03;98.43;26.066;23.097;0.847;0.051;0;0.0239;939.91;24.716;0;0;3.077;21.639;932;1.335;0.4189;0.0505;0.7909;0.0748;933.33;6.5794;5.7192;0.689;0.1609;0.0102;936.2;810.9;97.69;22.037;1.3731;139.54;112.47;43.209;3.7287;1.7222;24.773;4.2065;22.767;0;1;0;0;1.8304;0.9744;1;1;0.882;0.0631;0.9986;0.9995;1;0.9654;0.9483;0.993;0.993;1;0.993;0.993;0.9662;0.8454;0.0594;2.8968;2.872;0.0173;-0.0011;0.3502;0.0175;0.0622;0.0043;2.3136;0;0;0;0;0;0;0;0;0;0;0;0;0;0;0;0;0.0501;0.018;2.3535;2.3535;0;59.673;59.673;38.783;0.0416;2474;951.29;1;0.0399;0.0399;0;0;0;0;0;0;2.3136;0;0;15.477;17.922;0;0;98.305;98.305;23.151;18.809;0;4.3419;18.809;0.1875;0.8125;0;22.026;0;0
07/03/21 09:00;42.59;-60.019;21.586;46.701;43.299;-90;-43.299;704.59;116.4;588.19;23.08;4.3001;0;808.19;37.501;100.29;0;18.221;964.21;0;964.21;808.19;100.29;37.501;18.221;0.8382;0.0578;0;0.0189;944.42;19.788;0;0;2.9396;16.849;935.93;1.8818;0.5984;0.0743;1.1148;0.0944;937.81;6.6109;5.6573;0.7021;0.2419;0.0096;940.8;801.93;99.519;33.205;1.2682;315.92;254.63;98.766;2.01;3.4202;49.198;4.8764;50.608;0;1;0;0;1.3685;0.9795;1;1;0.9216;0.0753;0.998;0.9993;1;0.9675;0.9307;0.993;0.993;1;0.993;0.993;0.9707;0.8854;0.0696;2.8955;2.9373;0.0177;-0.0007;0.3836;0.0178;0.063;0.0085;2.3378;0;0;0;0;0;0;0;0;0;0;0;0;0;0;0;0;0.0507;0.0187;2.378;2.378;0;62.105;62.105;39.025;0.0417;2527.3;940.94;1;0.0402;0.0402;0;0;0;0;0;0;2.3378;0;0;15.645;18.117;0;0;98.308;98.308;23.141;19.005;0;4.136;19.005;0.1787;0.8213;0;27.485;0;0
07/03/21 10:00;52.224;-43.02;26.607;62.132;27.868;-90;-27.868;858.99;141.7;717.3;25.22;3.78;0;811.4;46.085;104.95;0;9.4639;971.89;0;971.89;811.4;104.95;46.085;9.4639;0.8349;0.0572;0;0.0097;961.86;10.032;0;0;1.8212;8.2111;952.61;2.5142;0.7405;0.0958;1.4429;0.235;955.13;6.733;5.6798;0.7346;0.3098;0.0088;955.22;804.98;104.12;42.511;1.0091;464.04;374.02;145.03;0.5424;4.87;70.052;2.6102;74.38;0;1;0;0;1.1314;0.9897;1;1;0.9605;0.1324;0.9974;0.9991;1;0.9672;0.8111;0.993;0.993;1;0.993;0.993;0.9802;0.9224;0.1066;2.9186;3.0247;0.0182;0.0001;0.4267;0.0181;0.064;0.0119;2.3735;0;0;0;0;0;0;0;0;0;0;0;0;0;0;0;0;0.0516;0.0198;2.4143;2.4143;0;65.038;65.038;39.818;0.0418;2599.4;928.78;1;0.0408;0.0408;0;0;0;0;0;0;2.3735;0;0;15.758;18.248;0;0;98.309;98.309;23.325;19.295;0;4.0305;19.295;0.1728;0.8272;0;29.945;0;0
07/03/21 11:00;58.614;-19.015;29.497;78.758;11.242;-90;-11.242;937.41;154.9;782.51;26.4;3.3499;0;797.82;51.954;104.44;0;1.7087;955.92;0;955.92;797.82;104.44;51.954;1.7087;0.8346;0.0561;0;0.0018;954.04;1.8818;0;0;0.4576;1.4242;944.34;3.0269;0.8072;0.1057;2.0505;0.0635;947.36;6.6783;5.5847;0.7311;0.3605;0.002;944.69;791.43;103.61;49.086;0.219;546;440.07;168.63;0.0239;5.8214;83.738;0.3567;89.535;0;1;0;0;1.0198;0.998;1;1;0.9912;0.1665;0.9968;0.999;1;0.9599;0.7752;0.993;0.993;1;0.993;0.993;0.9879;0.9448;0.1282;2.8706;3.0219;0.0182;0.0001;0.4358;0.018;0.0637;0.0142;2.3604;0;0;0;0;0;0;0;0;0;0;0;0;0;0;0;0;0.0513;0.0197;2.4008;2.4008;0;65.901;65.901;39.501;0.0418;2596.2;924.73;1;0.0404;0.0404;0;0;0;0;0;0;2.3604;0;0;15.932;18.449;0;0;98.317;98.317;22.942;19.187;0;3.755;19.187;0.1637;0.8363;0;31.244;0;0
07/03/21 12:00;59.569;10.251;29.895;84.032;5.9677;90;5.9677;800.2;240.9;559.3;27.7;3.1099;0;562.34;127.81;113.35;0;0.412;803.92;0;803.92;562.34;113.35;127.81;0.412;0.6995;0.1595;0;0.0005;803.18;0.7433;0;0;0.3989;0.3444;791.39;6.1672;0.5766;0.1162;5.4593;0.015;797.56;5.6223;3.9364;0.7935;0.8919;0.0005;791.44;557.83;112.44;121.06;0.052;470.8;379.47;147.6;0.0038;4.8755;70.133;0.0498;75.005;0;1;0;0;1.0047;0.9991;1;1;0.9969;0.1639;0.9923;0.999;1;0.9569;0.7759;0.993;0.993;1;0.993;0.993;0.9844;0.9472;0.1263;2.4142;2.5316;0.0152;-0.0022;0.3188;0.0154;0.0546;0.0122;2.0266;0;0;0;0;0;0;0;0;0;0;0;0;0;0;0;0;0.044;0.0141;2.0594;2.0594;0;60.662;60.662;32.962;0.0417;2178.3;945.42;1;0.0328;0.0328;0;0;0;0;0;0;2.0266;0;0;16.251;18.818;0;0;98.406;98.406;19.294;16.459;0;2.8353;16.459;0.147;0.853;0;76.007;0;0
07/03/21 13:00;54.639;36.447;27.745;67.141;22.859;90;22.859;858.8;160.1;698.7;29.4;2.9301;0;758.25;58.735;107.4;0;6.4077;930.79;0;930.79;758.25;107.4;58.735;6.4077;0.8146;0.07;0;0.0069;923.65;7.1402;0;0;1.6926;5.4476;914.25;2.9383;0.7216;0.1022;1.912;0.2026;917.19;6.4656;5.3078;0.7518;0.3993;0.0067;915.87;752.22;106.54;54.731;0.7508;479.52;386.5;152.26;0.3429;4.8631;69.954;1.6188;74.475;0;1;0;0;1.0838;0.9923;1;1;0.9712;0.1498;0.9968;0.999;1;0.9662;0.7875;0.993;0.993;1;0.993;0.993;0.9822;0.9318;0.1172;2.7952;2.906;0.0175;-0.0009;0.4385;0.0172;0.0608;0.0118;0;0;0.088;0;2.1681;0;0;0;0;0;0;0;0;0;0;0;0;0.049;0.0183;2.2938;2.2938;0;67.699;67.699;38.299;0.0419;2498;918.27;1;0.0377;0.0377;0;0;0;0;0;0;2.2561;2.1681;0;15.633;18.103;14.776;17.111;98.357;98.357;22.339;18.332;17.328;4.007;1.0045;0.1794;0.045;0.7757;37.036;0.7343;0
07/03/21 14:00;45.782;55.401;23.328;51.306;38.694;90;38.694;390.5;339.1;51.393;29.6;2.7001;0;65.847;286.27;22.478;0;8.1429;382.74;0;382.74;65.847;22.478;286.27;8.1429;0.172;0.7692;0;0.0213;356.27;26.464;0;0;19.015;7.4493;345.06;8.7182;0.0527;0.018;8.5745;0.073;353.78;2.4939;0.4609;0.1573;1.8708;0.0049;347.87;65.333;22.303;256.81;0.6157;234.37;188.9;75.707;10.407;2.9585;42.556;2.8143;35.108;0;1;0;0;0.9801;0.9309;1;1;0.9336;0.0852;0.9754;0.9992;1;0.9677;0.8939;0.993;0.993;1;0.993;0.993;0.9016;0.8971;0.0756;1.1494;1.1375;0.0068;0.0115;0.0766;0.0073;0.0259;0.0078;0;0;0.088;0;0.8743;0;0;0;0;0;0;0;0;0;0;0;0;0.0208;0.0032;0.9775;0.9775;0;43.822;43.822;14.222;0.0412;975.99;1001.5;1;0.0152;0.0152;0;0;0;0;0;0;0.9623;0.8743;0;16.201;18.76;14.491;16.78;98.446;98.446;9.1857;7.8119;6.9872;1.3738;0.8247;0.1496;0.0898;0.7607;201.67;0.7022;0
07/03/21 15:00;34.924;68.946;17.13;36.803;53.197;90;53.197;261.61;246;15.605;29.71;1.94;0;26.048;192.82;8.0756;0;9.9641;236.91;0;236.91;26.048;8.0756;192.82;9.9641;0.11;0.856;0;0.0421;207.13;29.776;0;0;20.424;9.3523;199.87;5.8153;0.0153;0.0047;5.7704;0.0249;205.68;1.4499;0.1823;0.0565;1.2068;0.0043;203.86;25.851;8.0143;165.42;0.5826;162.01;130.58;55.607;21.055;2.7333;39.318;3.9949;20.996;0;1;0;0;0.9056;0.8743;1;1;0.8941;0.0614;0.9717;0.9994;1;0.9663;0.959;0.993;0.993;1;0.993;0.993;0.8436;0.8579;0.0585;0.7114;0.6969;0.0042;0.017;0.0326;0.0045;0.016;0.0073;0;0;0.088;0;0.5031;0;0;0;0;0;0;0;0;0;0;0;0;0.0129;0.0014;0.6012;0.6012;0;37.941;37.941;8.2311;0.0412;595.08;1010.2;1;0.0101;0.0101;0;0;0;0;0;0;0.5911;0.5031;0;16.098;18.641;13.472;15.6;98.328;98.328;5.6858;4.8046;4.0209;0.8812;0.7837;0.155;0.1378;0.7072;155.57;0.629;0
07/03/21 16:00;23.126;79.469;17.722;23.48;51.602;90;51.602;172.71;165.2;7.5042;29.17;1.1801;0;18.2;132.06;5.5231;0;6.2162;162;0;162;18.2;5.5231;132.06;6.2162;0.1123;0.8536;0;0.0384;142.79;19.213;0;0;13.384;5.829;137.82;3.9682;0.0111;0.0034;3.9382;0.0157;141.79;0.9995;0.1274;0.0387;0.8307;0.0027;140.24;18.061;5.4811;113.91;0.3688;104.84;84.501;35.914;12.964;1.7304;24.891;2.4219;13.657;0;1;0;0;0.938;0.8814;1;1;0.8986;0.0623;0.972;0.9994;1;0.9666;0.9593;0.993;0.993;1;0.993;0.993;0.8507;0.8625;0.0593;0.4865;0.4749;0.0029;0.0181;0.0171;0.0031;0.0108;0.0046;0;0;0.088;0;0.313;0;0;0;0;0;0;0;0;0;0;0;0;0.0087;0.0007;0.4089;0.4089;0;34.85;34.85;5.6799;0.0412;404.42;1011.2;1;0.0079;0.0079;0;0;0;0;0;0;0.401;0.313;0;16.013;18.543;12.258;14.194;98.067;98.067;3.888;3.2682;2.5017;0.6198;0.7665;0.1594;0.1971;0.6434;104.79;0.5771;0
07/03/21 17:00;10.937;88.528;62.604;10.94;16.465;90;16.465;72.102;70.597;1.5053;28.29;0.77;0;3.6508;68.754;0.9801;0;0.2809;73.665;0;73.665;3.6508;0.9801;68.754;0.2809;0.0496;0.9371;0;0.0038;72.276;1.3892;0;0;1.1541;0.235;69.073;2.6975;0.1752;0.047;2.4651;0.0102;71.77;0.5059;0.0256;0.0069;0.4732;0.0003;69.137;3.45;0.9262;64.661;0.0353;42.08;33.916;12.593;0.1239;0.4828;6.9444;0.0647;7.3033;0;1;0;0;1.0217;0.9811;1;1;0.9832;0.1633;0.9624;0.9517;1;0.9633;0.7757;0.993;0.993;1;0.993;0.993;0.9377;0.9405;0.1258;0.2212;0.2229;0.0013;0.0157;0.0051;0.0014;0.005;0.0013;0;0;0.088;0;0.0951;0;0;0;0;0;0;0;0;0;0;0;0;0.004;0.0002;0.1889;0.1889;0;31.148;31.148;2.8581;0.0414;189.29;997.84;1;0.0057;0.0057;0;0;0;0;0;0;0.1831;0.0951;0;16.265;18.834;8.1925;9.4868;96.96;96.96;1.768;1.5095;0.7603;0.2585;0.7492;0.1462;0.4238;0.4301;42.07;0.4017;0
07/03/21 18:00;2.3563;94.554;84.277;2.3638;3.377;90;3.377;0;0;0;25.08;0.5401;0;0;0;0;0;0;0;0;0;0;0;0;0;1;1;1;1;0;0;0;0;0;0;0;0;0;0;0;0;0;0;0;0;0;0;0;0;0;0;0;0;0;0;0;0;0;0;0;0;0;0;0;1;1;1;1;1;1;1;1;1;1;1;1;1;1;1;1;1;1;1;0;0;0;0;0;0;0;0;0;0.0004;0.088;0;-0.0884;0;0;0;0;0;0;0;0;0;0;0;0;0;0;0;0;0;0;0;-25.08;0;0;0;0;0.0004;0;0;0;0;0;0;0;-0.0004;-0.0884;0;0;0;0;0;0;0;0;0;-0.7063;0;0.7063;1;1;0;0;0;0
07/03/21 19:00;0;0;90;0;0;90;0;0;0;0;22.2;0.74;0;0;0;0;0;0;0;0;0;0;0;0;0;1;1;1;1;0;0;0;0;0;0;0;0;0;0;0;0;0;0;0;0;0;0;0;0;0;0;0;0;0;0;0;0;0;0;0;0;0;0;0;1;1;1;1;1;1;1;1;1;1;1;1;1;1;1;1;1;1;1;0;0;0;0;0;0;0;0;0;0.0004;0.088;0;-0.0884;0;0;0;0;0;0;0;0;0;0;0;0;0;0;0;0;0;0;0;-22.2;0;0;0;0;0.0004;0;0;0;0;0;0;0;-0.0004;-0.0884;0;0;0;0;0;0;0;0;0;-0.7063;0;0.7063;1;1;0;0;0;0
07/03/21 20:00;0;0;90;0;0;90;0;0;0;0;20.79;0.98;0;0;0;0;0;0;0;0;0;0;0;0;0;1;1;1;1;0;0;0;0;0;0;0;0;0;0;0;0;0;0;0;0;0;0;0;0;0;0;0;0;0;0;0;0;0;0;0;0;0;0;0;1;1;1;1;1;1;1;1;1;1;1;1;1;1;1;1;1;1;1;0;0;0;0;0;0;0;0;0;0.0004;0.088;0;-0.0884;0;0;0;0;0;0;0;0;0;0;0;0;0;0;0;0;0;0;0;-20.79;0;0;0;0;0.0004;0;0;0;0;0;0;0;-0.0004;-0.0884;0;0;0;0;0;0;0;0;0;-0.7063;0;0.7063;1;1;0;0;0;0
07/03/21 21:00;0;0;90;0;0;90;0;0;0;0;18.99;1.16;0;0;0;0;0;0;0;0;0;0;0;0;0;1;1;1;1;0;0;0;0;0;0;0;0;0;0;0;0;0;0;0;0;0;0;0;0;0;0;0;0;0;0;0;0;0;0;0;0;0;0;0;1;1;1;1;1;1;1;1;1;1;1;1;1;1;1;1;1;1;1;0;0;0;0;0;0;0;0;0;0.0004;0.088;0;-0.0884;0;0;0;0;0;0;0;0;0;0;0;0;0;0;0;0;0;0;0;-18.99;0;0;0;0;0.0004;0;0;0;0;0;0;0;-0.0004;-0.0884;0;0;0;0;0;0;0;0;0;-0.7063;0;0.7063;1;1;0;0;0;0
07/03/21 22:00;0;0;90;0;0;90;0;0;0;0;17.73;1.22;0;0;0;0;0;0;0;0;0;0;0;0;0;1;1;1;1;0;0;0;0;0;0;0;0;0;0;0;0;0;0;0;0;0;0;0;0;0;0;0;0;0;0;0;0;0;0;0;0;0;0;0;1;1;1;1;1;1;1;1;1;1;1;1;1;1;1;1;1;1;1;0;0;0;0;0;0;0;0;0;0.0004;0.088;0;-0.0884;0;0;0;0;0;0;0;0;0;0;0;0;0;0;0;0;0;0;0;-17.73;0;0;0;0;0.0004;0;0;0;0;0;0;0;-0.0004;-0.0884;0;0;0;0;0;0;0;0;0;-0.7063;0;0.7063;1;1;0;0;0;0
07/03/21 23:00;0;0;90;0;0;90;0;0;0;0;17.1;1.3599;0;0;0;0;0;0;0;0;0;0;0;0;0;1;1;1;1;0;0;0;0;0;0;0;0;0;0;0;0;0;0;0;0;0;0;0;0;0;0;0;0;0;0;0;0;0;0;0;0;0;0;0;1;1;1;1;1;1;1;1;1;1;1;1;1;1;1;1;1;1;1;0;0;0;0;0;0;0;0;0;0.0004;0.088;0;-0.0884;0;0;0;0;0;0;0;0;0;0;0;0;0;0;0;0;0;0;0;-17.1;0;0;0;0;0.0004;0;0;0;0;0;0;0;-0.0004;-0.0884;0;0;0;0;0;0;0;0;0;-0.7063;0;0.7063;1;1;0;0;0;0
08/03/21 00:00;0;0;90;0;0;90;0;0;0;0;17.18;1.47;0;0;0;0;0;0;0;0;0;0;0;0;0;1;1;1;1;0;0;0;0;0;0;0;0;0;0;0;0;0;0;0;0;0;0;0;0;0;0;0;0;0;0;0;0;0;0;0;0;0;0;0;1;1;1;1;1;1;1;1;1;1;1;1;1;1;1;1;1;1;1;0;0;0;0;0;0;0;0;0;0.0004;0.088;0;-0.0884;0;0;0;0;0;0;0;0;0;0;0;0;0;0;0;0;0;0;0;-17.18;0;0;0;0;0.0004;0;0;0;0;0;0;0;-0.0004;-0.0884;0;0;0;0;0;0;0;0;0;-0.7063;0;0.7063;1;1;0;0;0;0
08/03/21 01:00;0;0;90;0;0;90;0;0;0;0;14.9;1.46;0;0;0;0;0;0;0;0;0;0;0;0;0;1;1;1;1;0;0;0;0;0;0;0;0;0;0;0;0;0;0;0;0;0;0;0;0;0;0;0;0;0;0;0;0;0;0;0;0;0;0;0;1;1;1;1;1;1;1;1;1;1;1;1;1;1;1;1;1;1;1;0;0;0;0;0;0;0;0;0;0.0004;0.088;0;-0.0884;0;0;0;0;0;0;0;0;0;0;0;0;0;0;0;0;0;0;0;-14.9;0;0;0;0;0.0004;0;0;0;0;0;0;0;-0.0004;-0.0884;0;0;0;0;0;0;0;0;0;-0.7063;0;0.7063;1;1;0;0;0;0
08/03/21 02:00;0;0;90;0;0;90;0;0;0;0;15.73;1.4301;0;0;0;0;0;0;0;0;0;0;0;0;0;1;1;1;1;0;0;0;0;0;0;0;0;0;0;0;0;0;0;0;0;0;0;0;0;0;0;0;0;0;0;0;0;0;0;0;0;0;0;0;1;1;1;1;1;1;1;1;1;1;1;1;1;1;1;1;1;1;1;0;0;0;0;0;0;0;0;0;0.0004;0.088;0;-0.0884;0;0;0;0;0;0;0;0;0;0;0;0;0;0;0;0;0;0;0;-15.73;0;0;0;0;0.0004;0;0;0;0;0;0;0;-0.0004;-0.0884;0;0;0;0;0;0;0;0;0;-0.7063;0;0.7063;1;1;0;0;0;0
08/03/21 03:00;0;0;90;0;0;90;0;0;0;0;16.5;1.54;0;0;0;0;0;0;0;0;0;0;0;0;0;1;1;1;1;0;0;0;0;0;0;0;0;0;0;0;0;0;0;0;0;0;0;0;0;0;0;0;0;0;0;0;0;0;0;0;0;0;0;0;1;1;1;1;1;1;1;1;1;1;1;1;1;1;1;1;1;1;1;0;0;0;0;0;0;0;0;0;0.0004;0.088;0;-0.0884;0;0;0;0;0;0;0;0;0;0;0;0;0;0;0;0;0;0;0;-16.5;0;0;0;0;0.0004;0;0;0;0;0;0;0;-0.0004;-0.0884;0;0;0;0;0;0;0;0;0;-0.7063;0;0.7063;1;1;0;0;0;0
08/03/21 04:00;0;0;90;0;0;90;0;0;0;0;16.5;1.9901;0;0;0;0;0;0;0;0;0;0;0;0;0;1;1;1;1;0;0;0;0;0;0;0;0;0;0;0;0;0;0;0;0;0;0;0;0;0;0;0;0;0;0;0;0;0;0;0;0;0;0;0;1;1;1;1;1;1;1;1;1;1;1;1;1;1;1;1;1;1;1;0;0;0;0;0;0;0;0;0;0.0004;0.088;0;-0.0884;0;0;0;0;0;0;0;0;0;0;0;0;0;0;0;0;0;0;0;-16.5;0;0;0;0;0.0004;0;0;0;0;0;0;0;-0.0004;-0.0884;0;0;0;0;0;0;0;0;0;-0.7063;0;0.7063;1;1;0;0;0;0
08/03/21 05:00;0.4575;-95.414;88.89;0.4596;0.6551;-90;-0.6551;0;0;0;16.16;2.5301;0;0;0;0;0;0;0;0;0;0;0;0;0;1;1;1;1;0;0;0;0;0;0;0;0;0;0;0;0;0;0;0;0;0;0;0;0;0;0;0;0;0;0;0;0;0;0;0;0;0;0;0;1;1;1;1;1;1;1;1;1;1;1;1;1;1;1;1;1;1;1;0;0;0;0;0;0;0;0;0;0.0004;0.088;0;-0.0884;0;0;0;0;0;0;0;0;0;0;0;0;0;0;0;0;0;0;0;-16.16;0;0;0;0;0.0004;0;0;0;0;0;0;0;-0.0004;-0.0884;0;0;0;0;0;0;0;0;0;-0.7063;0;0.7063;1;1;0;0;0;0
08/03/21 06:00;6.9889;-90.829;72.836;6.9896;10.176;-90;-10.176;42.097;38.801;3.2962;17.4;3.3499;0;7.9942;37.743;1.8402;0;0.0629;47.64;0;47.64;7.9942;1.8402;37.743;0.0629;0.1678;0.7936;0;0.0013;47.306;0.3338;0;0;0.2813;0.0524;44.027;2.9485;1.1623;0.2676;1.5163;0.0023;46.975;0.3311;0.056;0.0129;0.2622;0.0001;44.037;6.7759;1.5597;35.683;0.0081;22.654;18.259;6.7152;0.0117;0.2605;3.7474;0.0101;3.9962;0;1;0;0;1.1317;0.993;1;1;0.9925;0.1663;0.9372;0.8536;1;0.9592;0.7752;0.993;0.993;1;0.993;0.993;0.9242;0.9454;0.128;0.1431;0.1405;0.0008;0.0131;-0.003;0.0009;0.0032;0.0007;0;0;0.088;0;0.0289;0;0;0;0;0;0;0;0;0;0;0;0;0.0026;0.0001;0.122;0.122;0;19.213;19.213;1.8127;0.0412;118.58;1029.1;1;0.0052;0.0052;0;0;0;0;0;0;0.1169;0.0289;0;16.249;18.816;3.8441;4.4514;95.772;95.772;1.1434;0.9753;0.2307;0.1681;0.7445;0.147;0.6512;0.2018;22.634;0.1906;0
08/03/21 07:00;19.221;-81.985;37.019;19.397;34.257;-90;-34.257;139.91;126.2;13.706;19.02;2.6;0;33.241;111.79;9.1983;0;2.3057;156.54;0;156.54;33.241;9.1983;111.79;2.3057;0.2124;0.7289;0;0.0147;148.34;8.1933;0;0;6.1303;2.063;143.66;3.6406;0.1697;0.047;3.3888;0.0352;147.3;1.0384;0.2327;0.0644;0.7396;0.0017;144.35;32.839;9.0869;101.53;0.2059;76.084;61.324;24.181;2.6757;0.9405;13.529;0.6879;11.794;0;1;0;0;1.1189;0.9477;1;1;0.9452;0.1053;0.9753;0.9949;1;0.9677;0.8541;0.993;0.993;1;0.993;0.993;0.9178;0.9082;0.0893;0.4701;0.4633;0.0028;0.0181;-0.0002;0.0031;0.011;0.0026;0;0;0.088;0;0.32;0;0;0;0;0;0;0;0;0;0;0;0;0.0088;0.0007;0.4164;0.4164;0;24.888;24.888;5.8681;0.0408;395.28;1053.4;1;0.0084;0.0084;0;0;0;0;0;0;0.408;0.32;0;16.875;19.541;12.968;15.017;97.982;97.982;3.7569;3.3279;2.5575;0.4289;0.7704;0.1142;0.2051;0.6807;75.999;0.6394;0
08/03/21 08:00;31.166;-72.018;15.317;32.451;57.549;-90;-57.549;253.09;219.7;33.39;21.04;1.8399;0;62.227;160.93;19.069;0;11.142;253.37;0;253.37;62.227;19.069;160.93;11.142;0.2456;0.6791;0;0.044;223.87;29.504;0;0;19.066;10.438;217.33;4.9649;0.0327;0.01;4.8856;0.0366;222.3;1.5671;0.4356;0.1335;0.9931;0.0049;221.64;61.758;18.926;135.99;0.6622;146.48;118.06;51.031;23.19;2.6921;38.725;4.3051;18.227;0;1;0;0;1.0011;0.8836;1;1;0.8815;0.0632;0.9777;0.9995;1;0.9653;0.9477;0.993;0.993;1;0.993;0.993;0.8578;0.845;0.0594;0.7609;0.7492;0.0045;0.0165;0.0132;0.005;0.0177;0.0074;0;0;0.088;0;0.5696;0;0;0;0;0;0;0;0;0;0;0;0;0.0143;0.0015;0.669;0.669;0;29.923;29.923;8.8833;0.0409;638.55;1047.7;1;0.0114;0.0114;0;0;0;0;0;0;0.6576;0.5696;0;16.75;19.397;14.262;16.515;98.299;98.299;6.0809;5.3469;4.5526;0.734;0.7942;0.1207;0.1306;0.7487;136.21;0.6718;0
08/03/21 09:00;42.358;-59.585;21.968;46.595;43.405;-90;-43.405;403;304.3;98.699;24.3;3.39;0;135.85;234.91;44.29;0;10.47;425.52;0;425.52;135.85;44.29;234.91;10.47;0.3193;0.5767;0;0.0246;397.36;28.164;0;0;18.48;9.6838;387.41;7.1716;0.1024;0.0334;6.9822;0.0536;394.58;2.7815;0.951;0.31;1.515;0.0055;390.98;134.8;43.947;207.94;0.7272;229.29;184.81;74.699;12.671;3.0152;43.373;3.576;33.717;0;1;0;0;1.0559;0.9338;1;1;0.9213;0.0751;0.9818;0.9992;1;0.9675;0.9313;0.993;0.993;1;0.993;0.993;0.9104;0.8852;0.0695;1.2778;1.269;0.0076;0.0096;0.0687;0.0083;0.0294;0.0081;0;0;0.088;0;1.0044;0;0;0;0;0;0;0;0;0;0;0;0;0.0237;0.0039;1.1098;1.1098;0;40.207;40.207;15.907;0.0411;1088.8;1019.3;1;0.0174;0.0174;0;0;0;0;0;0;1.0924;1.0044;0;16.545;19.159;14.974;17.34;98.433;98.433;10.213;8.8698;8.0275;1.3428;0.8423;0.1315;0.0825;0.786;172.33;0.7303;0
08/03/21 10:00;51.934;-42.583;26.999;62.08;27.92;-90;-27.92;254.4;248.4;6.0023;26.31;4.3899;0;6.793;232.65;1.5471;0;2.8131;243.81;0;243.81;6.793;1.5471;232.65;2.8131;0.0279;0.9658;0;0.0115;232.14;11.663;0;0;9.2213;2.4413;223.16;7.3591;0.0063;0.0014;7.2817;0.0696;230.52;1.625;0.0476;0.0108;1.564;0.0026;224.03;6.7391;1.5348;214.59;0.2995;155.17;125.07;48.108;2.7445;1.8203;26.184;0.8656;25.26;0;1;0;0;0.9584;0.9522;1;1;0.9604;0.1322;0.9681;0.9991;1;0.9672;0.8114;0.993;0.993;1;0.993;0.993;0.9153;0.9223;0.1065;0.7321;0.7299;0.0044;0.0167;0.0276;0.0048;0.0169;0.0049;0;0;0.088;0;0.5409;0;0;0;0;0;0;0;0;0;0;0;0;0.0136;0.0015;0.6397;0.6397;0;35.473;35.473;9.1626;0.0411;624.3;1024.6;1;0.0107;0.0107;0;0;0;0;0;0;0.6289;0.5409;0;16.643;19.273;14.075;16.298;98.323;98.323;5.8513;5.1121;4.3231;0.7392;0.789;0.1263;0.1348;0.7388;151.22;0.6838;0
08/03/21 11:00;58.254;-18.704;29.892;78.778;11.222;-90;-11.222;539.29;396.2;143.1;28.22;4.9499;0;145.88;344.74;49.063;0;0.9796;540.67;0;540.67;145.88;49.063;344.74;0.9796;0.2698;0.6394;0;0.0018;536.83;3.844;0;0;3.0275;0.8165;519.22;13.847;0.1496;0.0503;13.611;0.0364;533.07;3.7578;1.0212;0.3434;2.392;0.0011;519.42;144.71;48.669;325.71;0.1255;318.54;256.74;95.933;0.1551;3.5643;51.271;0.1932;54.68;0;1;0;0;1.0026;0.9929;1;1;0.9912;0.1665;0.974;0.999;1;0.9599;0.7752;0.993;0.993;1;0.993;0.993;0.9603;0.9448;0.1282;1.6236;1.6725;0.0101;0.004;0.1464;0.0106;0.0375;0.0093;0;0;0.088;0;1.3085;0;0;0;0;0;0;0;0;0;0;0;0;0.0302;0.0065;1.418;1.418;0;49.676;49.676;21.456;0.0413;1436;987.41;1;0.0215;0.0215;0;0;0;0;0;0;1.3965;1.3085;0;16.637;19.265;15.352;17.778;98.485;98.485;12.976;11.332;10.457;1.6437;0.875;0.1267;0.0674;0.8059;207.31;0.7525;0
08/03/21 12:00;59.175;10.258;30.281;83.934;6.0657;90;6.0657;930;155;775.01;30.38;5.4101;0;779.37;53.869;101.54;0;0.4946;935.28;0;935.28;779.37;101.54;53.869;0.4946;0.8333;0.0581;0;0.0005;934.69;0.5861;0;0;0.1726;0.4135;924.78;3.3661;0.9289;0.121;2.2981;0.018;928.15;6.5428;5.4556;0.7108;0.3759;0.0006;924.85;772.99;100.71;51.023;0.0625;546.58;440.55;172.6;0.0018;5.5799;80.264;0.0627;85.842;0;1;0;0;1.0057;0.9994;1;1;0.9968;0.164;0.9964;0.9988;1;0.9569;0.7759;0.993;0.993;1;0.993;0.993;0.9888;0.9472;0.1263;2.8086;2.9548;0.0178;-0.0005;0.4614;0.0173;0.0615;0.0134;0;0;0.088;0;2.1894;0;0;0;0;0;0;0;0;0;0;0;0;0.0495;0.0189;2.3154;2.3154;0;69.168;69.168;38.788;0.0419;2540.1;911.53;1;0.038;0.038;0;0;0;0;0;0;2.2774;2.1894;0;15.705;18.186;14.85;17.196;98.357;98.357;22.447;18.505;17.497;3.9419;1.0073;0.1756;0.0449;0.7795;32.039;0.7325;0
08/03/21 13:00;54.268;36.213;28.111;66.974;23.026;90;23.026;578.5;375.1;203.4;30.01;5.9899;0;221.01;295.01;73.719;0;4.3787;594.12;0;594.12;221.01;73.719;295.01;4.3787;0.372;0.5039;0;0.0074;581.79;12.327;0;0;8.6016;3.7253;567.71;10.011;0.2131;0.0711;9.5889;0.1375;577.72;4.0725;1.5471;0.516;2.0049;0.0046;568.88;219.25;73.132;274.82;0.5114;336.51;271.23;104.61;1.7606;3.6573;52.61;1.1682;54.506;0;1;0;0;1.027;0.9793;1;1;0.9708;0.1492;0.9827;0.999;1;0.9663;0.7881;0.993;0.993;1;0.993;0.993;0.9555;0.9315;0.1168;1.7841;1.8243;0.011;0.0022;0.1846;0.0114;0.0404;0.0094;0;0;0.088;0;1.4139;0;0;0;0;0;0;0;0;0;0;0;0;0.0325;0.0076;1.5252;1.5252;0;53.537;53.537;23.527;0.0414;1567.1;973.24;1;0.0233;0.0233;0;0;0;0;0;0;1.5019;1.4139;0;16.285;18.858;15.097;17.482;98.474;98.474;14.259;12.19;11.3;2.0693;0.8893;0.1451;0.0624;0.7925;186.19;0.7432;0
08/03/21 14:00;45.453;55.089;23.67;51.09;38.91;90;38.91;393.9;339.2;54.693;29.26;6.72;0;70.287;284.87;24.149;0;8.3023;387.61;0;387.61;70.287;24.149;284.87;8.3023;0.1813;0.7564;0;0.0214;360.92;26.688;0;0;19.086;7.6019;349.71;8.6782;0.0571;0.0196;8.5293;0.0722;358.39;2.5264;0.492;0.169;1.8605;0.0049;352.58;69.738;23.96;255.39;0.6233;235.79;190.04;76.208;10.556;2.9792;42.854;2.8692;35.278;0;1;0;0;0.984;0.9311;1;1;0.933;0.0844;0.9758;0.9992;1;0.9677;0.8962;0.993;0.993;1;0.993;0.993;0.9022;0.8965;0.0751;1.164;1.1523;0.0069;0.0113;0.077;0.0074;0.0262;0.0079;0;0;0.088;0;0.8878;0;0;0;0;0;0;0;0;0;0;0;0;0.0211;0.0033;0.9912;0.9912;0;43.671;43.671;14.411;0.0412;988.71;1002.5;1;0.0154;0.0154;0;0;0;0;0;0;0.9758;0.8878;0;16.222;18.784;14.529;16.825;98.446;98.446;9.3025;7.9214;7.095;1.3811;0.8264;0.1485;0.0888;0.7627;201.05;0.7044;0
08/03/21 15:00;34.626;68.631;17.448;36.557;53.443;90;53.443;408.61;278;130.61;29.27;7.06;0;219.28;184.99;77.44;0;15.697;497.4;0;497.4;219.28;77.44;184.99;15.697;0.4408;0.4035;0;0.0316;462.94;34.461;0;0;19.727;14.734;453.95;5.7566;0.1312;0.0463;5.5395;0.0395;459.7;3.2406;1.5349;0.5421;1.1569;0.0067;458.99;217.61;76.852;158.57;0.9161;204.63;164.93;68.154;20.531;3.1936;45.939;5.048;28.602;0;1;0;0;1.2173;0.9307;1;1;0.8934;0.0613;0.9875;0.9994;1;0.9662;0.9587;0.993;0.993;1;0.993;0.993;0.9126;0.8572;0.0584;1.4937;1.4793;0.0089;0.0066;0.1211;0.0094;0.0333;0.0083;0;0;0.088;0;1.1524;0;0;0;0;0;0;0;0;0;0;0;0;0.0268;0.0052;1.2596;1.2596;0;48.016;48.016;18.746;0.0413;1270.5;991.39;1;0.0192;0.0192;0;0;0;0;0;0;1.2404;1.1524;0;16.064;18.602;14.698;17.02;98.48;98.48;11.938;10.067;9.2104;1.871;0.8564;0.1567;0.0717;0.7715;149.64;0.7216;0
08/03/21 16:00;22.846;79.167;19.673;23.217;49.74;90;49.74;198.49;182.7;15.789;28.43;6.0401;0;38.292;145.97;13.007;0;6.6703;203.94;0;203.94;38.292;13.007;145.97;6.6703;0.1878;0.7485;0;0.0327;183.67;20.271;0;0;14.026;6.2447;177.99;4.3931;0.0258;0.0088;4.3403;0.0182;182.39;1.2857;0.268;0.091;0.9236;0.003;180.41;37.998;12.907;126.68;0.4044;113.77;91.702;38.663;12.608;1.8031;25.937;2.421;15.132;0;1;0;0;1.0275;0.9006;1;1;0.9039;0.0638;0.9759;0.9993;1;0.9669;0.9568;0.993;0.993;1;0.993;0.993;0.8728;0.8679;0.0606;0.6124;0.5981;0.0036;0.0177;0.0233;0.0039;0.0137;0.0048;0;0;0.088;0;0.4218;0;0;0;0;0;0;0;0;0;0;0;0;0.0111;0.001;0.5189;0.5189;0;35.754;35.754;7.324;0.0411;510.65;1016.2;1;0.0091;0.0091;0;0;0;0;0;0;0.5098;0.4218;0;16.141;18.691;13.12;15.193;98.242;98.242;4.8946;4.1472;3.371;0.7474;0.7762;0.1527;0.1586;0.6887;113.67;0.6288;0
08/03/21 17:00;10.663;88.237;63.335;10.668;16.01;90;16.01;175.69;95.303;80.392;27.9;3.8101;0;194.97;64.146;72.488;0;0.6473;332.25;0;332.25;194.97;72.488;64.146;0.6473;0.5868;0.195;0;0.0019;330.68;1.5686;0;0;1.0271;0.5414;312.18;16.187;10.092;3.752;2.3201;0.0236;328.37;2.3148;1.3648;0.5074;0.4418;0.0007;312.24;183.52;68.229;60.356;0.0816;39.722;32.016;11.651;0.1047;0.4703;6.7653;0.0593;7.1309;0;1;0;0;1.8911;0.9953;1;1;0.984;0.1636;0.9507;0.9479;1;0.963;0.7755;0.993;0.993;1;0.993;0.993;0.9396;0.9409;0.126;0.9978;0.9547;0.0057;0.014;0.054;0.0062;0.0219;0.0012;0;0;0.088;0;0.7305;0;0;0;0;0;0;0;0;0;0;0;0;0.0176;0.0024;0.8317;0.8317;0;40.743;40.743;12.843;0.0411;821.03;1012.9;1;0.0132;0.0132;0;0;0;0;0;0;0.8185;0.7305;0;15.879;18.387;13.946;16.15;98.412;98.412;7.9741;6.6466;5.8378;1.3275;0.8088;0.1665;0.1014;0.7321;39.182;0.7211;0
08/03/21 18:00;2.2859;94.127;84.449;2.2918;3.2737;90;3.2737;0;0;0;25.04;2.41;0;0;0;0;0;0;0;0;0;0;0;0;0;1;1;1;1;0;0;0;0;0;0;0;0;0;0;0;0;0;0;0;0;0;0;0;0;0;0;0;0;0;0;0;0;0;0;0;0;0;0;0;1;1;1;1;1;1;1;1;1;1;1;1;1;1;1;1;1;1;1;0;0;0;0;0;0;0;0;0;0.0004;0.088;0;-0.0884;0;0;0;0;0;0;0;0;0;0;0;0;0;0;0;0;0;0;0;-25.04;0;0;0;0;0.0004;0;0;0;0;0;0;0;-0.0004;-0.0884;0;0;0;0;0;0;0;0;0;-0.7063;0;0.7063;1;1;0;0;0;0
08/03/21 19:00;0;0;90;0;0;90;0;0;0;0;21;1.88;0;0;0;0;0;0;0;0;0;0;0;0;0;1;1;1;1;0;0;0;0;0;0;0;0;0;0;0;0;0;0;0;0;0;0;0;0;0;0;0;0;0;0;0;0;0;0;0;0;0;0;0;1;1;1;1;1;1;1;1;1;1;1;1;1;1;1;1;1;1;1;0;0;0;0;0;0;0;0;0;0.0004;0.088;0;-0.0884;0;0;0;0;0;0;0;0;0;0;0;0;0;0;0;0;0;0;0;-21;0;0;0;0;0.0004;0;0;0;0;0;0;0;-0.0004;-0.0884;0;0;0;0;0;0;0;0;0;-0.7063;0;0.7063;1;1;0;0;0;0
08/03/21 20:00;0;0;90;0;0;90;0;0;0;0;17.67;1.64;0;0;0;0;0;0;0;0;0;0;0;0;0;1;1;1;1;0;0;0;0;0;0;0;0;0;0;0;0;0;0;0;0;0;0;0;0;0;0;0;0;0;0;0;0;0;0;0;0;0;0;0;1;1;1;1;1;1;1;1;1;1;1;1;1;1;1;1;1;1;1;0;0;0;0;0;0;0;0;0;0.0004;0.088;0;-0.0884;0;0;0;0;0;0;0;0;0;0;0;0;0;0;0;0;0;0;0;-17.67;0;0;0;0;0.0004;0;0;0;0;0;0;0;-0.0004;-0.0884;0;0;0;0;0;0;0;0;0;-0.7063;0;0.7063;1;1;0;0;0;0
08/03/21 21:00;0;0;90;0;0;90;0;0;0;0;17.58;1.39;0;0;0;0;0;0;0;0;0;0;0;0;0;1;1;1;1;0;0;0;0;0;0;0;0;0;0;0;0;0;0;0;0;0;0;0;0;0;0;0;0;0;0;0;0;0;0;0;0;0;0;0;1;1;1;1;1;1;1;1;1;1;1;1;1;1;1;1;1;1;1;0;0;0;0;0;0;0;0;0;0.0004;0.088;0;-0.0884;0;0;0;0;0;0;0;0;0;0;0;0;0;0;0;0;0;0;0;-17.58;0;0;0;0;0.0004;0;0;0;0;0;0;0;-0.0004;-0.0884;0;0;0;0;0;0;0;0;0;-0.7063;0;0.7063;1;1;0;0;0;0
08/03/21 22:00;0;0;90;0;0;90;0;0;0;0;17.76;1.8201;0;0;0;0;0;0;0;0;0;0;0;0;0;1;1;1;1;0;0;0;0;0;0;0;0;0;0;0;0;0;0;0;0;0;0;0;0;0;0;0;0;0;0;0;0;0;0;0;0;0;0;0;1;1;1;1;1;1;1;1;1;1;1;1;1;1;1;1;1;1;1;0;0;0;0;0;0;0;0;0;0.0004;0.088;0;-0.0884;0;0;0;0;0;0;0;0;0;0;0;0;0;0;0;0;0;0;0;-17.76;0;0;0;0;0.0004;0;0;0;0;0;0;0;-0.0004;-0.0884;0;0;0;0;0;0;0;0;0;-0.7063;0;0.7063;1;1;0;0;0;0
08/03/21 23:00;0;0;90;0;0;90;0;0;0;0;18.4;2.26;0;0;0;0;0;0;0;0;0;0;0;0;0;1;1;1;1;0;0;0;0;0;0;0;0;0;0;0;0;0;0;0;0;0;0;0;0;0;0;0;0;0;0;0;0;0;0;0;0;0;0;0;1;1;1;1;1;1;1;1;1;1;1;1;1;1;1;1;1;1;1;0;0;0;0;0;0;0;0;0;0.0004;0.088;0;-0.0884;0;0;0;0;0;0;0;0;0;0;0;0;0;0;0;0;0;0;0;-18.4;0;0;0;0;0.0004;0;0;0;0;0;0;0;-0.0004;-0.0884;0;0;0;0;0;0;0;0;0;-0.7063;0;0.7063;1;1;0;0;0;0
09/03/21 00:00;0;0;90;0;0;90;0;0;0;0;16.36;2.3899;0;0;0;0;0;0;0;0;0;0;0;0;0;1;1;1;1;0;0;0;0;0;0;0;0;0;0;0;0;0;0;0;0;0;0;0;0;0;0;0;0;0;0;0;0;0;0;0;0;0;0;0;1;1;1;1;1;1;1;1;1;1;1;1;1;1;1;1;1;1;1;0;0;0;0;0;0;0;0;0;0.0004;0.088;0;-0.0884;0;0;0;0;0;0;0;0;0;0;0;0;0;0;0;0;0;0;0;-16.36;0;0;0;0;0.0004;0;0;0;0;0;0;0;-0.0004;-0.0884;0;0;0;0;0;0;0;0;0;-0.7063;0;0.7063;1;1;0;0;0;0
09/03/21 01:00;0;0;90;0;0;90;0;0;0;0;15.8;2.44;0;0;0;0;0;0;0;0;0;0;0;0;0;1;1;1;1;0;0;0;0;0;0;0;0;0;0;0;0;0;0;0;0;0;0;0;0;0;0;0;0;0;0;0;0;0;0;0;0;0;0;0;1;1;1;1;1;1;1;1;1;1;1;1;1;1;1;1;1;1;1;0;0;0;0;0;0;0;0;0;0.0004;0.088;0;-0.0884;0;0;0;0;0;0;0;0;0;0;0;0;0;0;0;0;0;0;0;-15.8;0;0;0;0;0.0004;0;0;0;0;0;0;0;-0.0004;-0.0884;0;0;0;0;0;0;0;0;0;-0.7063;0;0.7063;1;1;0;0;0;0
09/03/21 02:00;0;0;90;0;0;90;0;0;0;0;15.44;2.49;0;0;0;0;0;0;0;0;0;0;0;0;0;1;1;1;1;0;0;0;0;0;0;0;0;0;0;0;0;0;0;0;0;0;0;0;0;0;0;0;0;0;0;0;0;0;0;0;0;0;0;0;1;1;1;1;1;1;1;1;1;1;1;1;1;1;1;1;1;1;1;0;0;0;0;0;0;0;0;0;0.0004;0.088;0;-0.0884;0;0;0;0;0;0;0;0;0;0;0;0;0;0;0;0;0;0;0;-15.44;0;0;0;0;0.0004;0;0;0;0;0;0;0;-0.0004;-0.0884;0;0;0;0;0;0;0;0;0;-0.7063;0;0.7063;1;1;0;0;0;0
09/03/21 03:00;0;0;90;0;0;90;0;0;0;0;15;2.3701;0;0;0;0;0;0;0;0;0;0;0;0;0;1;1;1;1;0;0;0;0;0;0;0;0;0;0;0;0;0;0;0;0;0;0;0;0;0;0;0;0;0;0;0;0;0;0;0;0;0;0;0;1;1;1;1;1;1;1;1;1;1;1;1;1;1;1;1;1;1;1;0;0;0;0;0;0;0;0;0;0.0004;0.088;0;-0.0884;0;0;0;0;0;0;0;0;0;0;0;0;0;0;0;0;0;0;0;-15;0;0;0;0;0.0004;0;0;0;0;0;0;0;-0.0004;-0.0884;0;0;0;0;0;0;0;0;0;-0.7063;0;0.7063;1;1;0;0;0;0
09/03/21 04:00;0;0;90;0;0;90;0;0;0;0;14.29;2.26;0;0;0;0;0;0;0;0;0;0;0;0;0;1;1;1;1;0;0;0;0;0;0;0;0;0;0;0;0;0;0;0;0;0;0;0;0;0;0;0;0;0;0;0;0;0;0;0;0;0;0;0;1;1;1;1;1;1;1;1;1;1;1;1;1;1;1;1;1;1;1;0;0;0;0;0;0;0;0;0;0.0004;0.088;0;-0.0884;0;0;0;0;0;0;0;0;0;0;0;0;0;0;0;0;0;0;0;-14.29;0;0;0;0;0.0004;0;0;0;0;0;0;0;-0.0004;-0.0884;0;0;0;0;0;0;0;0;0;-0.7063;0;0.7063;1;1;0;0;0;0
09/03/21 05:00;0.4873;-94.914;88.818;0.4891;0.6972;-90;-0.6972;0;0;0;12.51;2.74;0;0;0;0;0;0;0;0;0;0;0;0;0;1;1;1;1;0;0;0;0;0;0;0;0;0;0;0;0;0;0;0;0;0;0;0;0;0;0;0;0;0;0;0;0;0;0;0;0;0;0;0;1;1;1;1;1;1;1;1;1;1;1;1;1;1;1;1;1;1;1;0;0;0;0;0;0;0;0;0;0.0004;0.088;0;-0.0884;0;0;0;0;0;0;0;0;0;0;0;0;0;0;0;0;0;0;0;-12.51;0;0;0;0;0.0004;0;0;0;0;0;0;0;-0.0004;-0.0884;0;0;0;0;0;0;0;0;0;-0.7063;0;0.7063;1;1;0;0;0;0
09/03/21 06:00;6.817;-90.469;73.269;6.8173;9.9143;-90;-9.9143;42.195;38.901;3.2941;13.4;3.53;0;7.9891;37.836;1.891;0;0.0599;47.776;0;47.776;7.9891;1.891;37.836;0.0599;0.1672;0.7932;0;0.0013;47.456;0.3199;0;0;0.27;0.0499;44.09;3.0345;1.2176;0.2882;1.5265;0.0022;47.124;0.3322;0.0559;0.0132;0.263;0.0001;44.099;6.7156;1.5895;35.777;0.0077;22.696;18.293;6.7255;0.0106;0.261;3.7551;0.0094;4.0055;0;1;0;0;1.1323;0.9933;1;1;0.9929;0.1663;0.9356;0.8465;1;0.9591;0.7753;0.993;0.993;1;0.993;0.993;0.9228;0.9456;0.128;0.1435;0.1407;0.0008;0.0131;-0.0051;0.0009;0.0033;0.0007;0;0;0.088;0;0.0308;0;0;0;0;0;0;0;0;0;0;0;0;0.0026;0.0001;0.1242;0.1242;0;15.209;15.209;1.8091;0.041;118.66;1046.4;1;0.0054;0.0054;0;0;0;0;0;0;0.1188;0.0308;0;16.486;19.091;4.0888;4.7348;95.675;95.675;1.1466;0.9923;0.2461;0.1543;0.7462;0.1346;0.6508;0.2146;22.676;0.2027;0
09/03/21 07:00;19.044;-81.609;37.687;19.235;33.799;-90;-33.799;383.19;63.2;319.99;15.24;4.56;0;776.07;16.879;108.56;0;6.1524;907.66;0;907.66;776.07;108.56;16.879;6.1524;0.855;0.0254;0;0.0068;901.26;6.3992;0;0;0.9062;5.4929;889.48;5.4701;4.2632;0.5964;0.5125;0.098;894.95;6.3088;5.4325;0.7599;0.1118;0.0046;889.58;766.37;107.21;15.349;0.5569;13.222;10.657;4.4754;0.3872;0.1406;2.023;0.0999;1.7764;0;1;0;0;2.3687;0.9929;1;1;0.9463;0.1072;0.9939;0.9945;1;0.9677;0.8504;0.993;0.993;1;0.993;0.993;0.98;0.9093;0.0905;2.7257;2.6836;0.0162;-0.002;0.2542;0.0169;0.06;0.0004;0;0;0.088;0;2.1472;0;0;0;0;0;0;0;0;0;0;0;0;0.0483;0.0158;2.2739;2.2739;0;52.019;52.019;36.779;0.0413;2314;982.66;1;0.0387;0.0387;0;0;0;0;0;0;2.2352;2.1472;0;15.892;18.403;15.007;17.378;98.299;98.299;21.784;18.173;17.161;3.6109;1.0124;0.1658;0.0465;0.7878;11.435;0.7865;0
09/03/21 08:00;30.97;-71.616;15.689;32.311;57.689;-90;-57.689;477.31;101.9;375.41;16.82;4.96;0;702.34;36.991;100.45;0;21.107;860.88;0;860.88;702.34;100.45;36.991;21.107;0.8158;0.0675;0;0.0245;836.71;24.171;0;0;4.3978;19.773;829.23;1.6258;0.378;0.0541;1.1236;0.0702;830.86;5.857;4.9164;0.7031;0.2282;0.0093;833.29;697.05;99.689;31.241;1.2543;131.07;105.64;40.742;5.3813;1.7299;24.883;4.0553;21.232;0;1;0;0;1.8036;0.9719;1;1;0.8811;0.0632;0.998;0.9995;1;0.9653;0.947;0.993;0.993;1;0.993;0.993;0.9632;0.8446;0.0594;2.5852;2.5622;0.0154;-0.0022;0.2344;0.0162;0.0575;0.0045;0;0;0.088;0;2.0513;0;0;0;0;0;0;0;0;0;0;0;0;0.0463;0.0145;2.1757;2.1757;0;51.082;51.082;34.262;0.0413;2207.2;985.71;1;0.0363;0.0363;0;0;0;0;0;0;2.1393;2.0513;0;16.032;18.565;15.116;17.504;98.331;98.331;20.661;17.388;16.394;3.2734;0.9935;0.1584;0.0481;0.7935;31.359;0.7767;0
09/03/21 09:00;42.126;-59.152;22.352;46.49;43.51;-90;-43.51;713.89;117.8;596.09;19.3;5.12;0;821.9;36.397;104.25;0;18.633;981.18;0;981.18;821.9;104.25;36.397;18.633;0.8377;0.0561;0;0.019;961.07;20.111;0;0;2.8733;17.237;952.46;1.8861;0.6301;0.0799;1.0817;0.0943;954.34;6.7275;5.7533;0.7297;0.2347;0.0098;957.43;815.52;103.44;32.207;1.2916;318.42;256.65;99.471;1.9839;3.4497;49.623;4.9744;51.089;0;1;0;0;1.3744;0.9795;1;1;0.9211;0.0749;0.998;0.9992;1;0.9675;0.9319;0.993;0.993;1;0.993;0.993;0.9707;0.8849;0.0693;2.9465;2.9883;0.018;-0.0002;0.3558;0.0183;0.0649;0.0087;0;0;0.088;0;2.3209;0;0;0;0;0;0;0;0;0;0;0;0;0.0523;0.0194;2.4512;2.4512;0;58.91;58.91;39.61;0.0416;2571.1;953.38;1;0.0423;0.0423;0;0;0;0;0;0;2.4089;2.3209;0;15.848;18.352;15.005;17.376;98.273;98.273;23.548;19.59;18.549;3.9581;1.0416;0.1681;0.0442;0.7877;26.725;0.7589;0
09/03/21 10:00;51.643;-42.148;27.393;62.03;27.97;-90;-27.97;857.1;141.4;715.7;21.44;5.29;0;810.36;45.379;105.53;0;9.5112;970.78;0;970.78;810.36;105.53;45.379;9.5112;0.8347;0.0565;0;0.0098;960.72;10.06;0;0;1.8038;8.2562;951.48;2.5151;0.7614;0.0992;1.4198;0.2348;954;6.7251;5.6725;0.7387;0.305;0.0088;954.11;803.92;104.7;41.85;1.0115;462.62;372.87;144.61;0.541;4.8534;69.815;2.6258;74.128;0;1;0;0;1.1326;0.9896;1;1;0.9602;0.132;0.9974;0.9991;1;0.9672;0.8116;0.993;0.993;1;0.993;0.993;0.9801;0.9222;0.1064;2.9153;3.0209;0.0182;0.0001;0.3831;0.0183;0.065;0.0121;0;0;0.088;0;2.3218;0;0;0;0;0;0;0;0;0;0;0;0;0.0524;0.0197;2.4519;2.4519;0;61.081;61.081;39.641;0.0417;2596.7;944.24;1;0.0421;0.0421;0;0;0;0;0;0;2.4098;2.3218;0;16.022;18.554;15.172;17.569;98.282;98.282;23.299;19.596;18.556;3.7029;1.0399;0.1589;0.0446;0.7964;29.505;0.7557;0
09/03/21 11:00;57.893;-18.396;30.288;78.8;11.2;-90;-11.2;937.41;154.7;782.71;22.71;5.4901;0;797.91;50.969;105.24;0;1.6961;955.81;0;955.81;797.91;105.24;50.969;1.6961;0.8348;0.0551;0;0.0018;953.95;1.8599;0;0;0.4461;1.4138;944.12;3.1562;0.9543;0.1259;2.013;0.063;947.28;6.6777;5.5853;0.7367;0.3537;0.002;944.47;791.37;104.38;48.156;0.2174;546.03;440.1;168.64;0.0232;5.8214;83.739;0.3536;89.537;0;1;0;0;1.0196;0.9981;1;1;0.9912;0.1665;0.9967;0.9988;1;0.9599;0.7752;0.993;0.993;1;0.993;0.993;0.9878;0.9448;0.1282;2.8703;3.0212;0.0182;0.0001;0.3939;0.0183;0.0648;0.0145;0;0;0.088;0;2.3099;0;0;0;0;0;0;0;0;0;0;0;0;0.0522;0.0197;2.4396;2.4396;0;62.076;62.076;39.366;0.0417;2595.6;939.92;1;0.0417;0.0417;0;0;0;0;0;0;2.3979;2.3099;0;16.191;18.749;15.331;17.753;98.29;98.29;22.94;19.497;18.461;3.4421;1.0366;0.1501;0.0452;0.8048;30.647;0.7552;0
09/03/21 12:00;58.778;10.268;30.667;83.833;6.1668;90;6.1668;943.4;155.3;788.1;24.46;5.7301;0;792.69;51.786;103.97;0;0.5186;948.96;0;948.96;792.69;103.97;51.786;0.5186;0.8353;0.0551;0;0.0005;948.36;0.6039;0;0;0.1703;0.4336;938.22;3.4952;1.1227;0.1473;2.2063;0.0189;941.72;6.6385;5.5488;0.7278;0.3613;0.0006;938.29;786.02;103.09;49.048;0.0655;554.38;446.83;172;0.0019;5.8582;84.268;0.0702;90.124;0;1;0;0;1.0059;0.9994;1;1;0.9967;0.164;0.9963;0.9986;1;0.957;0.7759;0.993;0.993;1;0.993;0.993;0.9887;0.9471;0.1264;2.8497;3.0037;0.0181;-0.0001;0.4086;0.018;0.064;0.0145;0;0;0.088;0;2.2808;0;0;0;0;0;0;0;0;0;0;0;0;0.0515;0.0195;2.4096;2.4096;0;63.631;63.631;39.171;0.0417;2580.3;933.86;1;0.0408;0.0408;0;0;0;0;0;0;2.3688;2.2808;0;16.108;18.653;15.247;17.655;98.305;98.305;22.775;19.258;18.228;3.5172;1.0296;0.1544;0.0452;0.8004;30.805;0.7505;0
09/03/21 13:00;53.895;35.985;28.478;66.803;23.197;90;23.197;885.31;148;737.31;25.6;5.8801;0;802.16;48.415;106.12;0;6.7993;963.5;0;963.5;802.16;106.12;48.415;6.7993;0.8325;0.0573;0;0.0071;956.28;7.2174;0;0;1.4285;5.789;946.91;2.6704;0.7835;0.1037;1.5713;0.2119;949.59;6.694;5.6151;0.7429;0.3289;0.0071;948.69;795.76;105.28;45.087;0.7913;492.77;397.17;153.53;0.2982;5.1844;74.576;1.7772;79.462;0;1;0;0;1.0883;0.9925;1;1;0.9705;0.1486;0.9972;0.999;1;0.9663;0.7888;0.993;0.993;1;0.993;0.993;0.9828;0.9312;0.1164;2.8934;3.0146;0.0181;0;0.4269;0.018;0.0638;0.0127;0;0;0.088;0;2.2754;0;0;0;0;0;0;0;0;0;0;0;0;0.0514;0.0196;2.404;2.404;0;65.185;65.185;39.585;0.0418;2590.3;928.08;1;0.0406;0.0406;0;0;0;0;0;0;2.3634;2.2754;0;15.828;18.328;14.981;17.348;98.313;98.313;23.124;19.213;18.185;3.9112;1.0274;0.1691;0.0444;0.7864;30.586;0.7434;0
09/03/21 14:00;45.12;54.783;24.011;50.87;39.13;90;39.13;742.61;150.2;592.41;26.52;5.86;0;763.69;52.836;116.91;0;15.823;949.26;0;949.26;763.69;116.91;52.836;15.823;0.8045;0.0723;0;0.0167;931.19;18.072;0;0;3.5708;14.501;922.23;2.4398;0.629;0.0963;1.5814;0.1332;924.67;6.5183;5.3458;0.8184;0.3449;0.0093;926.76;757.71;116;47.338;1.1794;359.15;289.47;113.52;1.9995;3.7891;54.505;4.5301;56.294;0;1;0;0;1.2783;0.981;1;1;0.9324;0.0835;0.9974;0.9992;1;0.9677;0.8985;0.993;0.993;1;0.993;0.993;0.9715;0.896;0.0745;2.8506;2.9062;0.0175;-0.0009;0.4108;0.0174;0.0615;0.0093;0;0;0.088;0;2.1961;0;0;0;0;0;0;0;0;0;0;0;0;0.0496;0.0184;2.3227;2.3227;0;65.069;65.069;38.549;0.0418;2499.7;929.2;1;0.0386;0.0386;0;0;0;0;0;0;2.2841;2.1961;0;15.522;17.974;14.676;16.994;98.337;98.337;22.782;18.563;17.551;4.2189;1.012;0.1852;0.0444;0.7704;37.359;0.7386;0
09/03/21 15:00;34.325;68.319;17.765;36.308;53.692;90;53.692;566.31;153;413.31;27.26;5.61;0;698;57.324;136.78;0;21.943;914.05;0;914.05;698;136.78;57.324;21.943;0.7636;0.0867;0;0.024;887.3;26.754;0;0;6.1541;20.6;878.81;2.2818;0.4253;0.0833;1.7177;0.0555;881.09;6.2111;4.886;0.9575;0.3582;0.0094;883.73;692.69;135.74;49.094;1.2783;198.28;159.81;61.111;6.4711;2.5423;36.569;4.9268;32.641;0;1;0;0;1.6141;0.9707;1;1;0.8926;0.0612;0.9974;0.9994;1;0.9662;0.9584;0.993;0.993;1;0.993;0.993;0.9614;0.8564;0.0583;2.7449;2.7388;0.0165;-0.0018;0.3768;0.0164;0.0583;0.0063;0;0;0.088;0;2.0792;0;0;0;0;0;0;0;0;0;0;0;0;0.0469;0.0164;2.203;2.203;0;63.96;63.96;36.7;0.0418;2358.7;933.99;1;0.0359;0.0359;0;0;0;0;0;0;2.1672;2.0792;0;15.289;17.705;14.43;16.709;98.372;98.372;21.937;17.607;16.617;4.3306;0.9899;0.1974;0.0451;0.7575;46.493;0.7354;0
09/03/21 16:00;22.563;78.866;21.473;22.952;48.089;90;48.089;358.69;149.1;209.6;27.02;4.4601;0;508.33;75.289;142.66;0;11.314;737.59;0;737.59;508.33;142.66;75.289;11.314;0.6892;0.1174;0;0.0153;720.13;17.46;0;0;6.8884;10.572;712.34;2.7497;0.3744;0.1051;2.2351;0.0351;715.09;5.0409;3.5583;0.9986;0.4788;0.0052;713.66;504.4;141.55;65.686;0.7018;59.001;47.555;19.159;5.7861;0.9441;13.58;1.3227;8.7378;0;1;0;0;2.0563;0.9763;1;1;0.9085;0.0656;0.9962;0.9993;1;0.9671;0.9523;0.993;0.993;1;0.993;0.993;0.9658;0.8725;0.062;2.215;2.1781;0.0131;-0.0009;0.2434;0.0135;0.0477;0.0024;0;0;0.088;0;1.6934;0;0;0;0;0;0;0;0;0;0;0;0;0.0384;0.0107;1.8099;1.8099;0;56.595;56.595;29.575;0.0415;1878.2;963.61;1;0.0285;0.0285;0;0;0;0;0;0;1.7814;1.6934;0;15.566;18.025;14.564;16.865;98.426;98.426;17.702;14.464;13.534;3.2378;0.9309;0.1829;0.0526;0.7645;57.686;0.7541;0
09/03/21 17:00;10.388;87.948;64.069;10.394;15.555;90;15.555;125.2;104.6;20.595;25.93;3.0399;0;49.949;94.215;20.928;0;0.4356;165.53;0;165.53;49.949;20.928;94.215;0.4356;0.3018;0.5718;0;0.0026;163.73;1.8013;0;0;1.4371;0.3642;155.16;7.4176;2.7936;1.1705;3.4376;0.0159;162.58;1.1461;0.3496;0.1465;0.6494;0.0005;155.24;46.806;19.611;88.691;0.055;57.594;46.421;17.228;0.1388;0.6593;9.4831;0.0768;10.004;0;1;0;0;1.3221;0.9891;1;1;0.9847;0.1639;0.9544;0.9437;1;0.9627;0.7753;0.993;0.993;1;0.993;0.993;0.9374;0.9414;0.1262;0.4971;0.4876;0.0029;0.0181;0.013;0.0032;0.0113;0.0018;0;0;0.088;0;0.3313;0;0;0;0;0;0;0;0;0;0;0;0;0.0091;0.0008;0.4276;0.4276;0;32.304;32.304;6.3736;0.0411;416.67;1026.2;1;0.0083;0.0083;0;0;0;0;0;0;0.4193;0.3313;0;16.386;18.975;12.698;14.704;98.07;98.07;3.9727;3.4172;2.648;0.5555;0.7692;0.1398;0.1936;0.6665;57.451;0.6391;0
09/03/21 18:00;2.2134;93.699;84.625;2.218;3.1679;90;3.1679;0;0;0;23.5;3.05;0;0;0;0;0;0;0;0;0;0;0;0;0;1;1;1;1;0;0;0;0;0;0;0;0;0;0;0;0;0;0;0;0;0;0;0;0;0;0;0;0;0;0;0;0;0;0;0;0;0;0;0;1;1;1;1;1;1;1;1;1;1;1;1;1;1;1;1;1;1;1;0;0;0;0;0;0;0;0;0;0.0004;0.088;0;-0.0884;0;0;0;0;0;0;0;0;0;0;0;0;0;0;0;0;0;0;0;-23.5;0;0;0;0;0.0004;0;0;0;0;0;0;0;-0.0004;-0.0884;0;0;0;0;0;0;0;0;0;-0.7063;0;0.7063;1;1;0;0;0;0
09/03/21 19:00;0;0;90;0;0;90;0;0;0;0;21.2;3.0901;0;0;0;0;0;0;0;0;0;0;0;0;0;1;1;1;1;0;0;0;0;0;0;0;0;0;0;0;0;0;0;0;0;0;0;0;0;0;0;0;0;0;0;0;0;0;0;0;0;0;0;0;1;1;1;1;1;1;1;1;1;1;1;1;1;1;1;1;1;1;1;0;0;0;0;0;0;0;0;0;0.0004;0.088;0;-0.0884;0;0;0;0;0;0;0;0;0;0;0;0;0;0;0;0;0;0;0;-21.2;0;0;0;0;0.0004;0;0;0;0;0;0;0;-0.0004;-0.0884;0;0;0;0;0;0;0;0;0;-0.7063;0;0.7063;1;1;0;0;0;0
09/03/21 20:00;0;0;90;0;0;90;0;0;0;0;20.15;3.0399;0;0;0;0;0;0;0;0;0;0;0;0;0;1;1;1;1;0;0;0;0;0;0;0;0;0;0;0;0;0;0;0;0;0;0;0;0;0;0;0;0;0;0;0;0;0;0;0;0;0;0;0;1;1;1;1;1;1;1;1;1;1;1;1;1;1;1;1;1;1;1;0;0;0;0;0;0;0;0;0;0.0004;0.088;0;-0.0884;0;0;0;0;0;0;0;0;0;0;0;0;0;0;0;0;0;0;0;-20.15;0;0;0;0;0.0004;0;0;0;0;0;0;0;-0.0004;-0.0884;0;0;0;0;0;0;0;0;0;-0.7063;0;0.7063;1;1;0;0;0;0
09/03/21 21:00;0;0;90;0;0;90;0;0;0;0;16.8;2.9401;0;0;0;0;0;0;0;0;0;0;0;0;0;1;1;1;1;0;0;0;0;0;0;0;0;0;0;0;0;0;0;0;0;0;0;0;0;0;0;0;0;0;0;0;0;0;0;0;0;0;0;0;1;1;1;1;1;1;1;1;1;1;1;1;1;1;1;1;1;1;1;0;0;0;0;0;0;0;0;0;0.0004;0.088;0;-0.0884;0;0;0;0;0;0;0;0;0;0;0;0;0;0;0;0;0;0;0;-16.8;0;0;0;0;0.0004;0;0;0;0;0;0;0;-0.0004;-0.0884;0;0;0;0;0;0;0;0;0;-0.7063;0;0.7063;1;1;0;0;0;0
09/03/21 22:00;0;0;90;0;0;90;0;0;0;0;16.19;2.7801;0;0;0;0;0;0;0;0;0;0;0;0;0;1;1;1;1;0;0;0;0;0;0;0;0;0;0;0;0;0;0;0;0;0;0;0;0;0;0;0;0;0;0;0;0;0;0;0;0;0;0;0;1;1;1;1;1;1;1;1;1;1;1;1;1;1;1;1;1;1;1;0;0;0;0;0;0;0;0;0;0.0004;0.088;0;-0.0884;0;0;0;0;0;0;0;0;0;0;0;0;0;0;0;0;0;0;0;-16.19;0;0;0;0;0.0004;0;0;0;0;0;0;0;-0.0004;-0.0884;0;0;0;0;0;0;0;0;0;-0.7063;0;0.7063;1;1;0;0;0;0
09/03/21 23:00;0;0;90;0;0;90;0;0;0;0;13.46;2.59;0;0;0;0;0;0;0;0;0;0;0;0;0;1;1;1;1;0;0;0;0;0;0;0;0;0;0;0;0;0;0;0;0;0;0;0;0;0;0;0;0;0;0;0;0;0;0;0;0;0;0;0;1;1;1;1;1;1;1;1;1;1;1;1;1;1;1;1;1;1;1;0;0;0;0;0;0;0;0;0;0.0004;0.088;0;-0.0884;0;0;0;0;0;0;0;0;0;0;0;0;0;0;0;0;0;0;0;-13.46;0;0;0;0;0.0004;0;0;0;0;0;0;0;-0.0004;-0.0884;0;0;0;0;0;0;0;0;0;-0.7063;0;0.7063;1;1;0;0;0;0
10/03/21 00:00;0;0;90;0;0;90;0;0;0;0;12.36;2.27;0;0;0;0;0;0;0;0;0;0;0;0;0;1;1;1;1;0;0;0;0;0;0;0;0;0;0;0;0;0;0;0;0;0;0;0;0;0;0;0;0;0;0;0;0;0;0;0;0;0;0;0;1;1;1;1;1;1;1;1;1;1;1;1;1;1;1;1;1;1;1;0;0;0;0;0;0;0;0;0;0.0004;0.088;0;-0.0884;0;0;0;0;0;0;0;0;0;0;0;0;0;0;0;0;0;0;0;-12.36;0;0;0;0;0.0004;0;0;0;0;0;0;0;-0.0004;-0.0884;0;0;0;0;0;0;0;0;0;-0.7063;0;0.7063;1;1;0;0;0;0
10/03/21 01:00;0;0;90;0;0;90;0;0;0;0;12.54;1.9199;0;0;0;0;0;0;0;0;0;0;0;0;0;1;1;1;1;0;0;0;0;0;0;0;0;0;0;0;0;0;0;0;0;0;0;0;0;0;0;0;0;0;0;0;0;0;0;0;0;0;0;0;1;1;1;1;1;1;1;1;1;1;1;1;1;1;1;1;1;1;1;0;0;0;0;0;0;0;0;0;0.0004;0.088;0;-0.0884;0;0;0;0;0;0;0;0;0;0;0;0;0;0;0;0;0;0;0;-12.54;0;0;0;0;0.0004;0;0;0;0;0;0;0;-0.0004;-0.0884;0;0;0;0;0;0;0;0;0;-0.7063;0;0.7063;1;1;0;0;0;0
10/03/21 02:00;0;0;90;0;0;90;0;0;0;0;11.36;1.8;0;0;0;0;0;0;0;0;0;0;0;0;0;1;1;1;1;0;0;0;0;0;0;0;0;0;0;0;0;0;0;0;0;0;0;0;0;0;0;0;0;0;0;0;0;0;0;0;0;0;0;0;1;1;1;1;1;1;1;1;1;1;1;1;1;1;1;1;1;1;1;0;0;0;0;0;0;0;0;0;0.0004;0.088;0;-0.0884;0;0;0;0;0;0;0;0;0;0;0;0;0;0;0;0;0;0;0;-11.36;0;0;0;0;0.0004;0;0;0;0;0;0;0;-0.0004;-0.0884;0;0;0;0;0;0;0;0;0;-0.7063;0;0.7063;1;1;0;0;0;0
10/03/21 03:00;0;0;90;0;0;90;0;0;0;0;10.45;1.9299;0;0;0;0;0;0;0;0;0;0;0;0;0;1;1;1;1;0;0;0;0;0;0;0;0;0;0;0;0;0;0;0;0;0;0;0;0;0;0;0;0;0;0;0;0;0;0;0;0;0;0;0;1;1;1;1;1;1;1;1;1;1;1;1;1;1;1;1;1;1;1;0;0;0;0;0;0;0;0;0;0.0004;0.088;0;-0.0884;0;0;0;0;0;0;0;0;0;0;0;0;0;0;0;0;0;0;0;-10.45;0;0;0;0;0.0004;0;0;0;0;0;0;0;-0.0004;-0.0884;0;0;0;0;0;0;0;0;0;-0.7063;0;0.7063;1;1;0;0;0;0
10/03/21 04:00;0;0;90;0;0;90;0;0;0;0;9.9501;2.18;0;0;0;0;0;0;0;0;0;0;0;0;0;1;1;1;1;0;0;0;0;0;0;0;0;0;0;0;0;0;0;0;0;0;0;0;0;0;0;0;0;0;0;0;0;0;0;0;0;0;0;0;1;1;1;1;1;1;1;1;1;1;1;1;1;1;1;1;1;1;1;0;0;0;0;0;0;0;0;0;0.0004;0.088;0;-0.0884;0;0;0;0;0;0;0;0;0;0;0;0;0;0;0;0;0;0;0;-9.9501;0;0;0;0;0.0004;0;0;0;0;0;0;0;-0.0004;-0.0884;0;0;0;0;0;0;0;0;0;-0.7063;0;0.7063;1;1;0;0;0;0
10/03/21 05:00;0.3144;-94.556;89.237;0.3154;0.4496;-90;-0.4496;0;0;0;8.6;2.34;0;0;0;0;0;0;0;0;0;0;0;0;0;1;1;1;1;0;0;0;0;0;0;0;0;0;0;0;0;0;0;0;0;0;0;0;0;0;0;0;0;0;0;0;0;0;0;0;0;0;0;0;1;1;1;1;1;1;1;1;1;1;1;1;1;1;1;1;1;1;1;0;0;0;0;0;0;0;0;0;0.0004;0.088;0;-0.0884;0;0;0;0;0;0;0;0;0;0;0;0;0;0;0;0;0;0;0;-8.6;0;0;0;0;0.0004;0;0;0;0;0;0;0;-0.0004;-0.0884;0;0;0;0;0;0;0;0;0;-0.7063;0;0.7063;1;1;0;0;0;0
10/03/21 06:00;6.6459;-90.108;73.699;6.6459;9.6552;-90;-9.6552;87.398;20.003;67.395;10.51;3.4;0;163.45;11.504;20.413;0;0.1176;195.49;0;195.49;163.45;20.413;11.504;0.1176;0.8361;0.0594;0;0.0006;195.31;0.1766;0;0;0.0786;0.0981;164.1;29.843;26.112;3.2611;0.466;0.0044;193.94;1.3672;1.1442;0.1429;0.08;0.0001;164.1;136.2;17.01;10.879;0.015;7.2614;5.8527;2.2157;0.0029;0.0793;1.1413;0.0027;1.2177;0;1;0;0;2.2368;0.9991;1;1;0.9932;0.1662;0.8461;0.8391;1;0.9589;0.7753;0.993;0.993;1;0.993;0.993;0.8394;0.9457;0.128;0.587;0.4967;0.003;0.0181;-0.014;0.0034;0.0122;0.0002;0;0;0.088;0;0.366;0;0;0;0;0;0;0;0;0;0;0;0;0.0098;0.0008;0.4632;0.4632;0;17.161;17.161;6.6509;0.0405;424.67;1090.8;1;0.0093;0.0093;0;0;0;0;0;0;0.454;0.366;0;15.033;17.407;11.876;13.752;97.999;97.999;4.6917;3.7023;2.9249;0.9894;0.7774;0.2109;0.1657;0.6234;6.8899;0.6207;0
10/03/21 07:00;18.867;-81.233;38.346;19.074;33.352;-90;-33.352;294.19;52.497;241.69;15.42;2.65;0;586.18;22.156;68.762;0;4.6028;681.7;0;681.7;586.18;68.762;22.156;4.6028;0.8599;0.0393;0;0.0068;676.43;5.2655;0;0;1.1648;4.1007;667.1;4.5986;3.4442;0.404;0.674;0.0763;671.7;4.735;4.1032;0.4813;0.1469;0.0035;667.23;578.63;67.877;20.171;0.4222;16.283;13.124;5.366;0.4847;0.1831;2.6345;0.1267;2.3329;0;1;0;0;2.3172;0.9923;1;1;0.9474;0.1091;0.9932;0.9941;1;0.9677;0.8469;0.993;0.993;1;0.993;0.993;0.9786;0.9104;0.0917;2.0471;2.0152;0.0121;0.0003;0.1258;0.0131;0.0466;0.0005;0;0;0.088;0;1.6531;0;0;0;0;0;0;0;0;0;0;0;0;0.0375;0.0092;1.7699;1.7699;0;42.804;42.804;27.384;0.041;1734;1020.7;1;0.0288;0.0288;0;0;0;0;0;0;1.7411;1.6531;0;16.47;19.072;15.383;17.813;98.372;98.372;16.361;14.145;13.212;2.2156;0.9336;0.1354;0.0571;0.8075;14.96;0.8052;0
10/03/21 08:00;30.774;-71.213;16.063;32.171;57.829;-90;-57.829;514.8;85.198;429.6;20.85;2.4601;0;806.84;25.674;97.082;0;22.866;952.46;0;952.46;806.84;97.082;25.674;22.866;0.8471;0.051;0;0.024;927.98;24.483;0;0;3.0631;21.42;920.13;1.3554;0.4445;0.0535;0.7803;0.0771;921.48;6.4959;5.6479;0.6796;0.1583;0.0101;924.08;800.75;96.349;21.673;1.3586;132.21;106.56;41.792;3.7693;1.5918;22.898;3.9499;20.72;0;1;0;0;1.8502;0.9743;1;1;0.8807;0.0632;0.9985;0.9994;1;0.9652;0.9463;0.993;0.993;1;0.993;0.993;0.9661;0.8441;0.0594;2.8602;2.8315;0.017;-0.0014;0.3398;0.0173;0.0615;0.004;0;0;0.088;0;2.199;0;0;0;0;0;0;0;0;0;0;0;0;0.0495;0.0175;2.3262;2.3262;0;59.121;59.121;38.271;0.0416;2439.6;953.53;1;0.0393;0.0393;0;0;0;0;0;0;2.287;2.199;0;15.493;17.941;14.646;16.959;98.311;98.311;22.859;18.591;17.574;4.2677;1.0173;0.1867;0.0445;0.7688;21.8;0.7552;0
10/03/21 09:00;41.893;-58.719;22.738;46.386;43.614;-90;-43.614;706.8;116.8;590;24.38;2.3899;0;814.91;36.4;103;0;18.532;972.85;0;972.85;814.91;103;36.4;18.532;0.8377;0.0565;0;0.019;952.81;20.031;0;0;2.8836;17.148;944.25;1.8903;0.6355;0.0803;1.0817;0.0927;946.15;6.6697;5.7044;0.721;0.2346;0.0097;949.03;808.57;102.2;32.2;1.282;314.71;253.65;99.341;2.0003;3.3449;48.116;4.78;49.46;0;1;0;0;1.3764;0.9794;1;1;0.9208;0.0747;0.998;0.9992;1;0.9675;0.9325;0.993;0.993;1;0.993;0.993;0.9706;0.8846;0.0692;2.9215;2.9598;0.0178;-0.0005;0.4047;0.0178;0.063;0.0082;0;0;0.088;0;2.251;0;0;0;0;0;0;0;0;0;0;0;0;0.0507;0.019;2.3791;2.3791;0;63.809;63.809;39.429;0.0418;2546.2;934.35;1;0.0401;0.0401;0;0;0;0;0;0;2.339;2.251;0;15.513;17.964;14.678;16.997;98.314;98.314;23.348;19.013;17.99;4.3348;1.0239;0.1857;0.0439;0.7705;26.752;0.743;0
10/03/21 10:00;51.351;-41.716;27.788;61.98;28.02;-90;-28.02;846;139.6;706.41;26.63;2.1599;0;800.2;45.523;103.36;0;9.4205;958.5;0;958.5;800.2;103.36;45.523;9.4205;0.8348;0.0573;0;0.0098;948.51;9.994;0;0;1.8146;8.1793;939.35;2.5169;0.7627;0.0985;1.4239;0.2318;941.87;6.6395;5.6014;0.7235;0.306;0.0087;941.95;793.84;102.53;41.979;1.0006;456.53;367.96;142.72;0.546;4.7897;68.897;2.6024;73.141;0;1;0;0;1.133;0.9896;1;1;0.9601;0.1318;0.9973;0.999;1;0.9672;0.8119;0.993;0.993;1;0.993;0.993;0.98;0.9221;0.1062;2.8784;2.9823;0.018;-0.0003;0.4304;0.0177;0.0629;0.0117;0;0;0.088;0;2.2442;0;0;0;0;0;0;0;0;0;0;0;0;0.0507;0.0193;2.3719;2.3719;0;65.923;65.923;39.293;0.0418;2563.2;925.36;1;0.0397;0.0397;0;0;0;0;0;0;2.3322;2.2442;0;15.698;18.178;14.853;17.199;98.325;98.325;23.004;18.956;17.936;4.0476;1.0207;0.176;0.0444;0.7797;29.608;0.7399;0
10/03/21 11:00;57.531;-18.09;30.684;78.824;11.176;-90;-11.176;922.7;152.2;770.49;27.98;1.8201;0;785.39;51.271;102.38;0;1.6624;940.71;0;940.71;785.39;102.38;51.271;1.6624;0.8349;0.0563;0;0.0018;938.87;1.8328;0;0;0.4472;1.3856;928.95;3.3539;1.1203;0.146;2.0258;0.0618;932.3;6.5721;5.4977;0.7167;0.3558;0.0019;929.29;778.77;101.52;48.443;0.213;537.51;433.23;166;0.0231;5.7312;82.441;0.3462;88.15;0;1;0;0;1.0195;0.9981;1;1;0.9913;0.1665;0.9964;0.9986;1;0.9599;0.7752;0.993;0.993;1;0.993;0.993;0.9875;0.9448;0.1282;2.8249;2.9727;0.0179;-0.0004;0.4393;0.0176;0.0625;0.0139;0;0;0.088;0;2.2253;0;0;0;0;0;0;0;0;0;0;0;0;0.0503;0.0191;2.3525;2.3525;0;66.868;66.868;38.888;0.0419;2554.3;920.99;1;0.0391;0.0391;0;0;0;0;0;0;2.3133;2.2253;0;15.864;18.37;15.006;17.377;98.336;98.336;22.577;18.801;17.785;3.776;1.0162;0.1672;0.045;0.7877;30.827;0.7392;0
10/03/21 12:00;58.381;10.282;31.054;83.729;6.2709;90;6.2709;931.19;153.6;777.59;28.67;1.39;0;782.28;52.092;101.96;0;0.5293;936.86;0;936.86;782.28;101.96;52.092;0.5293;0.835;0.0562;0;0.0006;936.24;0.6185;0;0;0.176;0.4425;926;3.6869;1.2838;0.1673;2.2164;0.0193;929.69;6.5537;5.4759;0.7137;0.3634;0.0006;926.07;775.52;101.08;49.337;0.0669;547.14;440.99;169.75;0.0021;5.782;83.172;0.0729;88.952;0;1;0;0;1.0061;0.9993;1;1;0.9966;0.1641;0.996;0.9983;1;0.957;0.7758;0.993;0.993;1;0.993;0.993;0.9884;0.9471;0.1264;2.8134;2.9646;0.0178;-0.0004;0.4444;0.0175;0.0621;0.014;0;0;0.088;0;2.2132;0;0;0;0;0;0;0;0;0;0;0;0;0.05;0.019;2.34;2.34;0;67.454;67.454;38.784;0.0419;2547.5;918.56;1;0.0388;0.0388;0;0;0;0;0;0;2.3012;2.2132;0;15.845;18.348;14.986;17.353;98.342;98.342;22.485;18.701;17.688;3.7833;1.0133;0.1683;0.0451;0.7867;30.992;0.7376;0
10/03/21 13:00;53.52;35.763;28.845;66.629;23.371;90;23.371;900.8;148.3;752.5;29.73;0.93;0;819.76;46.041;109.25;0;7.021;982.07;0;982.07;819.76;109.25;46.041;7.021;0.8347;0.054;0;0.0071;974.71;7.357;0;0;1.3748;5.9822;965.26;2.6283;0.811;0.1081;1.4919;0.2172;967.89;6.823;5.7383;0.7648;0.3127;0.0073;967.1;813.21;108.38;42.862;0.8142;500.73;403.59;156.07;0.2914;5.2635;75.714;1.8384;80.686;0;1;0;0;1.0902;0.9925;1;1;0.9701;0.1479;0.9973;0.999;1;0.9664;0.7894;0.993;0.993;1;0.993;0.993;0.9829;0.9309;0.116;2.9492;3.0724;0.0185;0.0007;0.4914;0.0179;0.0636;0.0126;0;0;0.088;0;2.2683;0;0;0;0;0;0;0;0;0;0;0;0;0.0512;0.0204;2.3961;2.3961;0;70.253;70.253;40.523;0.042;2642.9;906.64;1;0.0398;0.0398;0;0;0;0;0;0;2.3563;2.2683;0;15.478;17.923;14.652;16.967;98.337;98.337;23.57;19.15;18.128;4.4199;1.0217;0.1875;0.0433;0.7691;29.114;0.7272;0
10/03/21 14:00;44.786;54.481;24.353;50.647;39.353;90;39.353;695.61;182.5;513.1;30.93;0.5599;0;663.56;76.647;124.22;0;14.984;879.42;0;879.42;663.56;124.22;76.647;14.984;0.7546;0.1042;0;0.017;860.45;18.97;0;0;5.2257;13.745;851.35;3.0732;0.5543;0.1038;2.2933;0.1219;854.42;6.0231;4.645;0.8696;0.5;0.0087;855.7;658.37;123.25;68.628;1.1087;340.23;274.22;107.72;2.9557;3.6467;52.457;4.3457;53.148;0;1;0;0;1.2642;0.9784;1;1;0.9318;0.0827;0.9964;0.9992;1;0.9677;0.9009;0.993;0.993;1;0.993;0.993;0.9681;0.8954;0.074;2.6409;2.6879;0.0162;-0.002;0.3953;0.0159;0.0566;0.0089;0;0;0.088;0;2.0135;0;0;0;0;0;0;0;0;0;0;0;0;0.0455;0.0158;2.1356;2.1356;0;66.562;66.562;35.632;0.0419;2313.4;923.13;1;0.034;0.034;0;0;0;0;0;0;2.1015;2.0135;0;15.405;17.838;14.525;16.819;98.408;98.408;21.106;17.067;16.092;4.0386;0.9751;0.1913;0.0462;0.7625;54.298;0.7299;0
10/03/21 15:00;34.022;68.009;18.081;36.056;53.944;90;53.944;397.51;275.2;122.31;31.26;0.3801;0;207.81;184.06;73.859;0;15.537;481.26;0;481.26;207.81;73.859;184.06;15.537;0.4318;0.4147;0;0.0323;446.78;34.482;0;0;19.894;14.587;437.92;5.7332;0.1289;0.0458;5.519;0.0396;443.66;3.1275;1.4547;0.517;1.1491;0.0066;443;206.23;73.297;157.49;0.9035;199.9;161.12;66.614;21.108;3.1857;45.826;5.0828;27.903;0;1;0;0;1.2107;0.9284;1;1;0.8919;0.0611;0.9871;0.9994;1;0.9661;0.958;0.993;0.993;1;0.993;0.993;0.9099;0.8557;0.0582;1.4452;1.4309;0.0086;0.0073;0.1243;0.009;0.032;0.0083;0;0;0.088;0;1.1044;0;0;0;0;0;0;0;0;0;0;0;0;0.0258;0.0049;1.2107;1.2107;0;49.368;49.368;18.108;0.0413;1229;985.14;1;0.0183;0.0183;0;0;0;0;0;0;1.1924;1.1044;0;15.959;18.48;14.557;16.857;98.485;98.485;11.55;9.676;8.8261;1.8743;0.8499;0.1623;0.0736;0.7641;149.68;0.7133;0
10/03/21 16:00;22.278;78.567;23.157;22.684;46.593;90;46.593;378.5;124.9;253.61;30.32;0.37;0;615.07;54.431;146.42;0;11.248;827.17;0;827.17;615.07;146.42;54.431;11.248;0.7436;0.0794;0;0.0136;811.92;15.245;0;0;4.7563;10.488;803.98;2.2602;0.4885;0.1163;1.615;0.0403;806.24;5.6835;4.3055;1.025;0.3477;0.0053;804.83;610.27;145.28;47.712;0.7144;42.651;34.376;13.978;3.7506;0.646;9.2925;0.8544;6.1879;0;1;0;0;2.1854;0.9816;1;1;0.9126;0.0676;0.9972;0.9992;1;0.9673;0.9466;0.993;0.993;1;0.993;0.993;0.972;0.8766;0.0635;2.484;2.4437;0.0147;-0.0021;0.3367;0.0147;0.052;0.0016;0;0;0.088;0;1.852;0;0;0;0;0;0;0;0;0;0;0;0;0.0419;0.0133;1.9709;1.9709;0;63.896;63.896;33.576;0.0418;2108.4;934.8;1;0.031;0.031;0;0;0;0;0;0;1.94;1.852;0;15.115;17.503;14.203;16.447;98.429;98.429;19.852;15.752;14.801;4.1003;0.9507;0.2065;0.0479;0.7456;41.112;0.7393;0
10/03/21 17:00;10.11;87.66;64.804;10.118;15.1;90;15.1;75.404;73.397;2.0061;28.34;0.53;0;4.8654;71.535;1.4701;0;0.2473;78.117;0;78.117;4.8654;1.4701;71.535;0.2473;0.0623;0.9189;0;0.0032;76.873;1.2447;0;0;1.038;0.2067;73.309;3.0252;0.2945;0.089;2.6327;0.0091;76.335;0.5381;0.0341;0.0103;0.4935;0.0003;73.364;4.5369;1.3708;67.37;0.0312;43.561;35.11;13.003;0.0948;0.4997;7.1887;0.0541;7.5936;0;1;0;0;1.036;0.9841;1;1;0.9855;0.1641;0.9604;0.939;1;0.9624;0.7752;0.993;0.993;1;0.993;0.993;0.9385;0.9418;0.1263;0.2346;0.2361;0.0014;0.016;0.0056;0.0015;0.0053;0.0013;0;0;0.088;0;0.1067;0;0;0;0;0;0;0;0;0;0;0;0;0.0043;0.0002;0.2005;0.2005;0;31.372;31.372;3.032;0.0414;200.66;999.43;1;0.0058;0.0058;0;0;0;0;0;0;0.1947;0.1067;0;16.286;18.858;8.6649;10.034;97.086;97.086;1.8748;1.6028;0.8528;0.2721;0.75;0.1451;0.4;0.4549;43.548;0.4255;0
10/03/21 18:00;2.1391;93.272;84.806;2.1426;3.0597;90;3.0597;0;0;0;25.25;0.67;0;0;0;0;0;0;0;0;0;0;0;0;0;1;1;1;1;0;0;0;0;0;0;0;0;0;0;0;0;0;0;0;0;0;0;0;0;0;0;0;0;0;0;0;0;0;0;0;0;0;0;0;1;1;1;1;1;1;1;1;1;1;1;1;1;1;1;1;1;1;1;0;0;0;0;0;0;0;0;0;0.0004;0.088;0;-0.0884;0;0;0;0;0;0;0;0;0;0;0;0;0;0;0;0;0;0;0;-25.25;0;0;0;0;0.0004;0;0;0;0;0;0;0;-0.0004;-0.0884;0;0;0;0;0;0;0;0;0;-0.7063;0;0.7063;1;1;0;0;0;0
10/03/21 19:00;0;0;90;0;0;90;0;0;0;0;21.76;1.0301;0;0;0;0;0;0;0;0;0;0;0;0;0;1;1;1;1;0;0;0;0;0;0;0;0;0;0;0;0;0;0;0;0;0;0;0;0;0;0;0;0;0;0;0;0;0;0;0;0;0;0;0;1;1;1;1;1;1;1;1;1;1;1;1;1;1;1;1;1;1;1;0;0;0;0;0;0;0;0;0;0.0004;0.088;0;-0.0884;0;0;0;0;0;0;0;0;0;0;0;0;0;0;0;0;0;0;0;-21.76;0;0;0;0;0.0004;0;0;0;0;0;0;0;-0.0004;-0.0884;0;0;0;0;0;0;0;0;0;-0.7063;0;0.7063;1;1;0;0;0;0
10/03/21 20:00;0;0;90;0;0;90;0;0;0;0;19.93;2.0899;0;0;0;0;0;0;0;0;0;0;0;0;0;1;1;1;1;0;0;0;0;0;0;0;0;0;0;0;0;0;0;0;0;0;0;0;0;0;0;0;0;0;0;0;0;0;0;0;0;0;0;0;1;1;1;1;1;1;1;1;1;1;1;1;1;1;1;1;1;1;1;0;0;0;0;0;0;0;0;0;0.0004;0.088;0;-0.0884;0;0;0;0;0;0;0;0;0;0;0;0;0;0;0;0;0;0;0;-19.93;0;0;0;0;0.0004;0;0;0;0;0;0;0;-0.0004;-0.0884;0;0;0;0;0;0;0;0;0;-0.7063;0;0.7063;1;1;0;0;0;0
10/03/21 21:00;0;0;90;0;0;90;0;0;0;0;22.36;3.15;0;0;0;0;0;0;0;0;0;0;0;0;0;1;1;1;1;0;0;0;0;0;0;0;0;0;0;0;0;0;0;0;0;0;0;0;0;0;0;0;0;0;0;0;0;0;0;0;0;0;0;0;1;1;1;1;1;1;1;1;1;1;1;1;1;1;1;1;1;1;1;0;0;0;0;0;0;0;0;0;0.0004;0.088;0;-0.0884;0;0;0;0;0;0;0;0;0;0;0;0;0;0;0;0;0;0;0;-22.36;0;0;0;0;0.0004;0;0;0;0;0;0;0;-0.0004;-0.0884;0;0;0;0;0;0;0;0;0;-0.7063;0;0.7063;1;1;0;0;0;0
10/03/21 22:00;0;0;90;0;0;90;0;0;0;0;21.66;4.73;0;0;0;0;0;0;0;0;0;0;0;0;0;1;1;1;1;0;0;0;0;0;0;0;0;0;0;0;0;0;0;0;0;0;0;0;0;0;0;0;0;0;0;0;0;0;0;0;0;0;0;0;1;1;1;1;1;1;1;1;1;1;1;1;1;1;1;1;1;1;1;0;0;0;0;0;0;0;0;0;0.0004;0.088;0;-0.0884;0;0;0;0;0;0;0;0;0;0;0;0;0;0;0;0;0;0;0;-21.66;0;0;0;0;0.0004;0;0;0;0;0;0;0;-0.0004;-0.0884;0;0;0;0;0;0;0;0;0;-0.7063;0;0.7063;1;1;0;0;0;0
10/03/21 23:00;0;0;90;0;0;90;0;0;0;0;20.87;5.8001;0;0;0;0;0;0;0;0;0;0;0;0;0;1;1;1;1;0;0;0;0;0;0;0;0;0;0;0;0;0;0;0;0;0;0;0;0;0;0;0;0;0;0;0;0;0;0;0;0;0;0;0;1;1;1;1;1;1;1;1;1;1;1;1;1;1;1;1;1;1;1;0;0;0;0;0;0;0;0;0;0.0004;0.088;0;-0.0884;0;0;0;0;0;0;0;0;0;0;0;0;0;0;0;0;0;0;0;-20.87;0;0;0;0;0.0004;0;0;0;0;0;0;0;-0.0004;-0.0884;0;0;0;0;0;0;0;0;0;-0.7063;0;0.7063;1;1;0;0;0;0
11/03/21 00:00;0;0;90;0;0;90;0;0;0;0;20.34;5.62;0;0;0;0;0;0;0;0;0;0;0;0;0;1;1;1;1;0;0;0;0;0;0;0;0;0;0;0;0;0;0;0;0;0;0;0;0;0;0;0;0;0;0;0;0;0;0;0;0;0;0;0;1;1;1;1;1;1;1;1;1;1;1;1;1;1;1;1;1;1;1;0;0;0;0;0;0;0;0;0;0.0004;0.088;0;-0.0884;0;0;0;0;0;0;0;0;0;0;0;0;0;0;0;0;0;0;0;-20.34;0;0;0;0;0.0004;0;0;0;0;0;0;0;-0.0004;-0.0884;0;0;0;0;0;0;0;0;0;-0.7063;0;0.7063;1;1;0;0;0;0
11/03/21 01:00;0;0;90;0;0;90;0;0;0;0;19.94;5.06;0;0;0;0;0;0;0;0;0;0;0;0;0;1;1;1;1;0;0;0;0;0;0;0;0;0;0;0;0;0;0;0;0;0;0;0;0;0;0;0;0;0;0;0;0;0;0;0;0;0;0;0;1;1;1;1;1;1;1;1;1;1;1;1;1;1;1;1;1;1;1;0;0;0;0;0;0;0;0;0;0.0004;0.088;0;-0.0884;0;0;0;0;0;0;0;0;0;0;0;0;0;0;0;0;0;0;0;-19.94;0;0;0;0;0.0004;0;0;0;0;0;0;0;-0.0004;-0.0884;0;0;0;0;0;0;0;0;0;-0.7063;0;0.7063;1;1;0;0;0;0
11/03/21 02:00;0;0;90;0;0;90;0;0;0;0;19.6;4.96;0;0;0;0;0;0;0;0;0;0;0;0;0;1;1;1;1;0;0;0;0;0;0;0;0;0;0;0;0;0;0;0;0;0;0;0;0;0;0;0;0;0;0;0;0;0;0;0;0;0;0;0;1;1;1;1;1;1;1;1;1;1;1;1;1;1;1;1;1;1;1;0;0;0;0;0;0;0;0;0;0.0004;0.088;0;-0.0884;0;0;0;0;0;0;0;0;0;0;0;0;0;0;0;0;0;0;0;-19.6;0;0;0;0;0.0004;0;0;0;0;0;0;0;-0.0004;-0.0884;0;0;0;0;0;0;0;0;0;-0.7063;0;0.7063;1;1;0;0;0;0
11/03/21 03:00;0;0;90;0;0;90;0;0;0;0;19.4;4.89;0;0;0;0;0;0;0;0;0;0;0;0;0;1;1;1;1;0;0;0;0;0;0;0;0;0;0;0;0;0;0;0;0;0;0;0;0;0;0;0;0;0;0;0;0;0;0;0;0;0;0;0;1;1;1;1;1;1;1;1;1;1;1;1;1;1;1;1;1;1;1;0;0;0;0;0;0;0;0;0;0.0004;0.088;0;-0.0884;0;0;0;0;0;0;0;0;0;0;0;0;0;0;0;0;0;0;0;-19.4;0;0;0;0;0.0004;0;0;0;0;0;0;0;-0.0004;-0.0884;0;0;0;0;0;0;0;0;0;-0.7063;0;0.7063;1;1;0;0;0;0
11/03/21 04:00;0;0;90;0;0;90;0;0;0;0;19.4;4.66;0;0;0;0;0;0;0;0;0;0;0;0;0;1;1;1;1;0;0;0;0;0;0;0;0;0;0;0;0;0;0;0;0;0;0;0;0;0;0;0;0;0;0;0;0;0;0;0;0;0;0;0;1;1;1;1;1;1;1;1;1;1;1;1;1;1;1;1;1;1;1;0;0;0;0;0;0;0;0;0;0.0004;0.088;0;-0.0884;0;0;0;0;0;0;0;0;0;0;0;0;0;0;0;0;0;0;0;-19.4;0;0;0;0;0.0004;0;0;0;0;0;0;0;-0.0004;-0.0884;0;0;0;0;0;0;0;0;0;-0.7063;0;0.7063;1;1;0;0;0;0
11/03/21 05:00;0.1425;-94.197;89.654;0.1428;0.2036;-90;-0.2036;0;0;0;19.11;4.8501;0;0;0;0;0;0;0;0;0;0;0;0;0;1;1;1;1;0;0;0;0;0;0;0;0;0;0;0;0;0;0;0;0;0;0;0;0;0;0;0;0;0;0;0;0;0;0;0;0;0;0;0;1;1;1;1;1;1;1;1;1;1;1;1;1;1;1;1;1;1;1;0;0;0;0;0;0;0;0;0;0.0004;0.088;0;-0.0884;0;0;0;0;0;0;0;0;0;0;0;0;0;0;0;0;0;0;0;-19.11;0;0;0;0;0.0004;0;0;0;0;0;0;0;-0.0004;-0.0884;0;0;0;0;0;0;0;0;0;-0.7063;0;0.7063;1;1;0;0;0;0
11/03/21 06:00;6.4754;-89.746;74.126;6.4755;9.3983;-90;-9.3983;36.999;35.102;1.896;19.15;5.7;0;4.5984;34.443;1.0348;0;0.0472;40.123;0;40.123;4.5984;1.0348;34.443;0.0472;0.1146;0.8596;0;0.0012;39.859;0.2642;0;0;0.2249;0.0393;37.234;2.346;0.7699;0.1733;1.401;0.0017;39.58;0.279;0.0322;0.0072;0.2395;0.0001;37.242;3.7963;0.8543;32.578;0.006;20.628;16.626;6.1082;0.0078;0.2375;3.4157;0.0074;3.6453;0;1;0;0;1.0845;0.9934;1;1;0.9935;0.1661;0.9407;0.8314;1;0.9588;0.7753;0.993;0.993;1;0.993;0.993;0.928;0.9458;0.1279;0.1205;0.1194;0.0007;0.0122;-0.0019;0.0008;0.0027;0.0006;0;0;0.088;0;0.0095;0;0;0;0;0;0;0;0;0;0;0;0;0.0022;0.0001;0.102;0.102;0;20.688;20.688;1.5383;0.0413;100.46;1015.4;1;0.0045;0.0045;0;0;0;0;0;0;0.0975;0.0095;0;16.128;18.675;1.4979;1.7345;95.556;95.556;0.963;0.8152;0.0757;0.1477;0.7395;0.1534;0.768;0.0786;20.617;0.0739;0
11/03/21 07:00;18.691;-80.856;38.995;18.914;32.914;-90;-32.914;175.69;131;44.698;20.99;6.2199;0;108.4;108.33;32.038;0;2.6791;251.45;0;251.45;108.4;32.038;108.33;2.6791;0.4311;0.4415;0;0.0107;243.49;7.9597;0;0;5.5779;2.3819;237.56;4.2255;0.6778;0.2003;3.3012;0.0462;241.79;1.7045;0.7588;0.2243;0.7193;0.0021;238.17;106.97;31.613;98.735;0.249;73.191;58.992;23.065;2.2599;0.8971;12.905;0.6072;11.542;0;1;0;0;1.4312;0.9683;1;1;0.9485;0.1109;0.9825;0.9937;1;0.9676;0.8435;0.993;0.993;1;0.993;0.993;0.9448;0.9114;0.0929;0.7551;0.7446;0.0045;0.0165;0.0152;0.005;0.0176;0.0025;0;0;0.088;0;0.5683;0;0;0;0;0;0;0;0;0;0;0;0;0.0142;0.0015;0.6676;0.6676;0;30.7;30.7;9.7096;0.0409;637.02;1048.1;1;0.0114;0.0114;0;0;0;0;0;0;0.6563;0.5683;0;16.843;19.504;14.337;16.601;98.298;98.298;6.0349;5.3358;4.5417;0.6991;0.7941;0.1158;0.1316;0.7526;72.907;0.7247;0
11/03/21 08:00;30.578;-70.811;16.438;32.031;57.969;-90;-57.969;232.79;208.8;23.996;22.99;5.7201;0;45.243;154.32;13.426;0;10.386;223.38;0;223.38;45.243;13.426;154.32;10.386;0.2025;0.7374;0;0.0465;195.17;28.204;0;0;18.476;9.7286;189.04;4.7616;0.0255;0.0076;4.693;0.0355;193.81;1.3662;0.3167;0.094;0.9509;0.0046;193.16;44.9;13.324;130.2;0.617;138.29;111.46;48.461;22.819;2.5834;37.161;4.117;16.925;0;1;0;0;0.9595;0.8737;1;1;0.8803;0.0633;0.9754;0.9994;1;0.9652;0.9456;0.993;0.993;1;0.993;0.993;0.8463;0.8437;0.0594;0.6708;0.6601;0.004;0.0173;0.0136;0.0044;0.0155;0.007;0;0;0.088;0;0.4865;0;0;0;0;0;0;0;0;0;0;0;0;0.0125;0.0012;0.5846;0.5846;0;30.731;30.731;7.7413;0.0409;562.32;1039.6;1;0.0101;0.0101;0;0;0;0;0;0;0.5745;0.4865;0;16.602;19.224;13.815;15.998;98.268;98.268;5.361;4.6721;3.8878;0.689;0.7842;0.1285;0.1463;0.7252;131.24;0.6449;0
11/03/21 09:00;41.658;-58.287;23.125;46.283;43.717;-90;-43.717;431.89;292.6;139.29;23.7;5.1701;0;192.72;213.85;61.335;0;11.375;479.29;0;479.29;192.72;61.335;213.85;11.375;0.4021;0.4699;0;0.0237;451.76;27.528;0;0;17;10.528;441.98;6.612;0.1529;0.0486;6.3542;0.0563;448.6;3.1623;1.3491;0.4293;1.378;0.0059;445.69;191.22;60.857;189.12;0.7854;236.7;190.78;77.033;11.824;3.0362;43.674;3.7069;34.887;0;1;0;0;1.1097;0.9426;1;1;0.9205;0.0745;0.9853;0.9992;1;0.9675;0.9331;0.993;0.993;1;0.993;0.993;0.9222;0.8843;0.069;1.4393;1.4344;0.0086;0.0072;0.0858;0.0093;0.0331;0.0081;0;0;0.088;0;1.1433;0;0;0;0;0;0;0;0;0;0;0;0;0.0266;0.0049;1.2507;1.2507;0;41.86;41.86;18.16;0.0411;1231.6;1015.5;1;0.0194;0.0194;0;0;0;0;0;0;1.2313;1.1433;0;16.554;19.17;15.133;17.523;98.448;98.448;11.503;9.996;9.1376;1.5069;0.8584;0.131;0.0746;0.7944;157.32;0.7436;0
11/03/21 10:00;51.057;-41.286;28.184;61.932;28.068;-90;-28.068;40.905;40.803;0.1022;22.19;4.8;0;0.1158;38.4;0.0044;0;0.457;38.977;0;38.977;0.1158;0.0044;38.4;0.457;0.003;0.9969;0;0.0117;37.046;1.9318;0;0;1.5349;0.3969;35.574;1.212;0.0001;0;1.2007;0.0112;36.786;0.2593;0.0008;0;0.2581;0.0004;35.715;0.1149;0.0044;35.407;0.0485;25.04;20.182;7.7753;0.4614;0.2942;4.2316;0.1411;4.0644;0;1;0;0;0.9529;0.9504;1;1;0.96;0.1316;0.9671;0.999;1;0.9672;0.8122;0.993;0.993;1;0.993;0.993;0.9127;0.922;0.1061;0.117;0.1165;0.0007;0.0121;-0.0006;0.0007;0.0026;0.0008;0;0;0.088;0;0.0057;0;0;0;0;0;0;0;0;0;0;0;0;0.0021;0.0001;0.098;0.098;0;23.664;23.664;1.4744;0.0414;97.959;1000.7;1;0.0043;0.0043;0;0;0;0;0;0;0.0937;0.0057;0;15.955;18.475;0.9281;1.0747;95.583;95.583;0.9355;0.7835;0.0456;0.152;0.7379;0.1625;0.7888;0.0487;24.984;0.0451;0
11/03/21 11:00;57.168;-17.786;31.082;78.85;11.15;-90;-11.15;57.705;57.499;0.2058;18.6;4.6299;0;0.2098;56.947;0.0104;0;0.1035;57.27;0;57.27;0.2098;0.0104;56.947;0.1035;0.0037;0.9962;0;0.0018;56.689;0.581;0;0;0.4947;0.0863;54.037;2.2552;0.0003;0;2.251;0.0038;56.292;0.3968;0.0015;0.0001;0.3952;0.0001;54.057;0.208;0.0103;53.806;0.0133;34.363;27.696;10.215;0.025;0.3937;5.6638;0.0195;6.0326;0;1;0;0;0.9925;0.9899;1;1;0.9913;0.1665;0.9599;0.9983;1;0.9598;0.7752;0.993;0.993;1;0.993;0.993;0.9435;0.9448;0.1281;0.172;0.1748;0.0011;0.0144;-0.0027;0.0011;0.004;0.001;0;0;0.088;0;0.0586;0;0;0;0;0;0;0;0;0;0;0;0;0.0032;0.0002;0.1524;0.1524;0;20.823;20.823;2.2224;0.0411;147.85;1030.9;1;0.0058;0.0058;0;0;0;0;0;0;0.1466;0.0586;0;16.882;19.549;6.4903;7.5157;96.182;96.182;1.3745;1.2181;0.4683;0.1564;0.7498;0.1138;0.5455;0.3407;34.237;0.3172;0
11/03/21 12:00;57.983;10.298;31.442;83.622;6.3779;90;6.3779;42.605;42.499;0.1057;19.2;4.6001;0;0.1064;42.364;0.0039;0;0.0251;42.499;0;42.499;0.1064;0.0039;42.364;0.0251;0.0025;0.9974;0;0.0006;42.331;0.168;0;0;0.1471;0.0209;40.234;1.8011;0.0002;0;1.8;0.0009;42.035;0.2963;0.0007;0;0.2955;0;40.236;0.1054;0.0038;40.121;0.0032;25.273;20.37;7.4728;0.0018;0.2911;4.1876;0.0026;4.477;0;1;0;0;0.9975;0.996;1;1;0.9965;0.1641;0.9572;0.9981;1;0.9571;0.7758;0.993;0.993;1;0.993;0.993;0.9467;0.9471;0.1264;0.1276;0.13;0.0008;0.0127;-0.002;0.0008;0.0029;0.0008;0;0;0.088;0;0.0187;0;0;0;0;0;0;0;0;0;0;0;0;0.0024;0.0001;0.1115;0.1115;0;20.861;20.861;1.6608;0.0413;109.54;1018;1;0.0048;0.0048;0;0;0;0;0;0;0.1067;0.0187;0;16.645;19.275;2.794;3.2354;95.7;95.7;1.02;0.8912;0.1496;0.1288;0.7416;0.1262;0.7271;0.1467;25.209;0.1366;0
11/03/21 13:00;53.143;35.546;29.212;66.452;23.548;90;23.548;202.59;199.3;3.2944;19.2;4.5;0;3.5937;190.43;0.6471;0;1.6027;196.28;0;196.28;3.5937;0.6471;190.43;1.6027;0.0183;0.9784;0;0.0082;189.15;7.1224;0;0;5.7557;1.3667;181.61;6.2147;0.0036;0.0006;6.1612;0.0492;187.83;1.3241;0.0252;0.0045;1.2927;0.0017;182.06;3.5649;0.642;177.22;0.1852;122.69;98.886;37.786;1.2312;1.3945;20.06;0.4464;20.223;0;1;0;0;0.9688;0.9637;1;1;0.9698;0.1473;0.9669;0.999;1;0.9664;0.7901;0.993;0.993;1;0.993;0.993;0.9253;0.9306;0.1155;0.5894;0.5906;0.0036;0.0177;0.0034;0.004;0.014;0.0038;0;0;0.088;0;0.4341;0;0;0;0;0;0;0;0;0;0;0;0;0.0113;0.001;0.5317;0.5317;0;26.613;26.613;7.4136;0.0408;504.13;1054.7;1;0.0096;0.0096;0;0;0;0;0;0;0.5221;0.4341;0;17.186;19.901;14.03;16.246;98.188;98.188;4.7106;4.2496;3.4693;0.461;0.7803;0.0979;0.1656;0.7365;120.54;0.6841;0
11/03/21 14:00;44.448;54.183;24.694;50.421;39.579;90;39.579;320.5;299.3;21.207;19.82;4.36;0;27.514;259.19;8.5021;0;6.9804;302.18;0;302.18;27.514;8.5021;259.19;6.9804;0.0911;0.8808;0;0.0231;277.95;24.237;0;0;17.828;6.4088;268.16;7.8377;0.0233;0.0072;7.7523;0.0548;276;1.9456;0.1926;0.0595;1.6895;0.004;270.65;27.299;8.4354;231.92;0.5127;196.95;158.74;63.981;10.182;2.556;36.767;2.4875;29.141;0;1;0;0;0.9428;0.9198;1;1;0.9312;0.0819;0.9716;0.9991;1;0.9677;0.9034;0.993;0.993;1;0.993;0.993;0.8874;0.8948;0.0734;0.9075;0.8927;0.0054;0.0148;0.0184;0.006;0.0212;0.007;0;0;0.088;0;0.6995;0;0;0;0;0;0;0;0;0;0;0;0;0.0171;0.0021;0.8007;0.8007;0;30.771;30.771;10.951;0.0408;762.6;1050;1;0.0132;0.0132;0;0;0;0;0;0;0.7875;0.6995;0;16.809;19.464;14.684;17.003;98.347;98.347;7.2524;6.3993;5.5902;0.8532;0.8091;0.1176;0.1116;0.7708;183.97;0.7065;0
11/03/21 15:00;33.715;67.702;18.397;35.801;54.199;90;54.199;136.8;134.7;2.0987;20.4;4.6801;0;3.5878;106.46;0.6295;0;5.3938;116.07;0;116.07;3.5878;0.6295;106.46;5.3938;0.0309;0.9637;0;0.0465;99.418;16.65;0;0;11.586;5.0645;95.511;3.211;0.0023;0.0004;3.1944;0.0139;98.722;0.6959;0.0251;0.0044;0.6641;0.0023;97.746;3.5604;0.6247;91.013;0.3131;87.55;70.566;30.434;12.412;1.5193;21.855;2.2344;10.962;0;1;0;0;0.8484;0.8565;1;1;0.8912;0.0611;0.9675;0.9994;1;0.9661;0.9576;0.993;0.993;1;0.993;0.993;0.8229;0.8549;0.0581;0.3486;0.3405;0.002;0.0175;-0.0009;0.0023;0.008;0.0041;0;0;0.088;0;0.2055;0;0;0;0;0;0;0;0;0;0;0;0;0.0064;0.0004;0.3005;0.3005;0;24.315;24.315;3.9151;0.041;288.95;1040;1;0.007;0.007;0;0;0;0;0;0;0.2935;0.2055;0;16.425;19.02;11.23;13.005;97.657;97.657;2.7856;2.4018;1.6422;0.3839;0.7596;0.1378;0.2727;0.5895;86.814;0.5167;0
11/03/21 16:00;21.99;78.269;24.749;22.414;45.214;90;45.214;109.3;107.4;1.8936;21.2;4.8;0;4.5924;91.197;0.9523;0;3.0687;99.81;0;99.81;4.5924;0.9523;91.197;3.0687;0.046;0.9444;0;0.0307;89.327;10.483;0;0;7.6282;2.8548;85.978;2.724;0.0039;0.0008;2.7066;0.0127;88.702;0.6253;0.0321;0.0067;0.585;0.0015;87.145;4.5564;0.9449;80.277;0.1996;68.015;54.82;22.665;5.6618;0.9851;14.171;1.167;9.4939;0;1;0;0;0.9132;0.895;1;1;0.9164;0.0697;0.9693;0.9991;1;0.9674;0.94;0.993;0.993;1;0.993;0.993;0.8614;0.8803;0.0651;0.2997;0.2923;0.0018;0.017;-0.0003;0.0019;0.0068;0.0027;0;0;0.088;0;0.1621;0;0;0;0;0;0;0;0;0;0;0;0;0.0055;0.0003;0.2567;0.2567;0;24.729;24.729;3.5294;0.0411;248.28;1034;1;0.0066;0.0066;0;0;0;0;0;0;0.2501;0.1621;0;16.316;18.894;10.303;11.931;97.428;97.428;2.3954;2.0517;1.2956;0.3438;0.7561;0.1435;0.3156;0.5409;68.004;0.4889;0
11/03/21 17:00;9.8296;87.372;65.541;9.8398;14.646;90;14.646;55.009;54.1;0.9091;21;4.75;0;2.2049;53.016;0.5052;0;0.1698;55.896;0;55.896;2.2049;0.5052;53.016;0.1698;0.0394;0.9515;0;0.003;55.024;0.8726;0;0;0.7307;0.1419;52.487;2.152;0.1446;0.0331;1.968;0.0062;54.639;0.3852;0.0154;0.0035;0.366;0.0002;52.524;2.0448;0.4685;49.952;0.0215;32.228;25.976;9.6117;0.063;0.3698;5.3198;0.0371;5.6266;0;1;0;0;1.0161;0.9844;1;1;0.9862;0.1643;0.9606;0.9339;1;0.9621;0.775;0.993;0.993;1;0.993;0.993;0.939;0.9422;0.1265;0.1679;0.1694;0.001;0.0142;-0.0012;0.0011;0.0039;0.001;0;0;0.088;0;0.0525;0;0;0;0;0;0;0;0;0;0;0;0;0.0031;0.0002;0.1462;0.1462;0;23.164;23.164;2.1637;0.0412;143.34;1019.7;1;0.0057;0.0057;0;0;0;0;0;0;0.1405;0.0525;0;16.588;19.208;5.9587;6.9;96.13;96.13;1.3415;1.1681;0.4196;0.1734;0.7485;0.1293;0.558;0.3128;32.223;0.292;0
11/03/21 18:00;1.8588;92.989;85.488;1.8614;2.6568;90;2.6568;0;0;0;20.62;4.26;0;0;0;0;0;0;0;0;0;0;0;0;0;1;1;1;1;0;0;0;0;0;0;0;0;0;0;0;0;0;0;0;0;0;0;0;0;0;0;0;0;0;0;0;0;0;0;0;0;0;0;0;1;1;1;1;1;1;1;1;1;1;1;1;1;1;1;1;1;1;1;0;0;0;0;0;0;0;0;0;0.0004;0.088;0;-0.0884;0;0;0;0;0;0;0;0;0;0;0;0;0;0;0;0;0;0;0;-20.62;0;0;0;0;0.0004;0;0;0;0;0;0;0;-0.0004;-0.0884;0;0;0;0;0;0;0;0;0;-0.7063;0;0.7063;1;1;0;0;0;0
11/03/21 19:00;0;0;90;0;0;90;0;0;0;0;19.8;3.61;0;0;0;0;0;0;0;0;0;0;0;0;0;1;1;1;1;0;0;0;0;0;0;0;0;0;0;0;0;0;0;0;0;0;0;0;0;0;0;0;0;0;0;0;0;0;0;0;0;0;0;0;1;1;1;1;1;1;1;1;1;1;1;1;1;1;1;1;1;1;1;0;0;0;0;0;0;0;0;0;0.0004;0.088;0;-0.0884;0;0;0;0;0;0;0;0;0;0;0;0;0;0;0;0;0;0;0;-19.8;0;0;0;0;0.0004;0;0;0;0;0;0;0;-0.0004;-0.0884;0;0;0;0;0;0;0;0;0;-0.7063;0;0.7063;1;1;0;0;0;0
11/03/21 20:00;0;0;90;0;0;90;0;0;0;0;19.4;3.1701;0;0;0;0;0;0;0;0;0;0;0;0;0;1;1;1;1;0;0;0;0;0;0;0;0;0;0;0;0;0;0;0;0;0;0;0;0;0;0;0;0;0;0;0;0;0;0;0;0;0;0;0;1;1;1;1;1;1;1;1;1;1;1;1;1;1;1;1;1;1;1;0;0;0;0;0;0;0;0;0;0.0004;0.088;0;-0.0884;0;0;0;0;0;0;0;0;0;0;0;0;0;0;0;0;0;0;0;-19.4;0;0;0;0;0.0004;0;0;0;0;0;0;0;-0.0004;-0.0884;0;0;0;0;0;0;0;0;0;-0.7063;0;0.7063;1;1;0;0;0;0
11/03/21 21:00;0;0;90;0;0;90;0;0;0;0;18.4;3.37;0;0;0;0;0;0;0;0;0;0;0;0;0;1;1;1;1;0;0;0;0;0;0;0;0;0;0;0;0;0;0;0;0;0;0;0;0;0;0;0;0;0;0;0;0;0;0;0;0;0;0;0;1;1;1;1;1;1;1;1;1;1;1;1;1;1;1;1;1;1;1;0;0;0;0;0;0;0;0;0;0.0004;0.088;0;-0.0884;0;0;0;0;0;0;0;0;0;0;0;0;0;0;0;0;0;0;0;-18.4;0;0;0;0;0.0004;0;0;0;0;0;0;0;-0.0004;-0.0884;0;0;0;0;0;0;0;0;0;-0.7063;0;0.7063;1;1;0;0;0;0
11/03/21 22:00;0;0;90;0;0;90;0;0;0;0;18.12;3.4399;0;0;0;0;0;0;0;0;0;0;0;0;0;1;1;1;1;0;0;0;0;0;0;0;0;0;0;0;0;0;0;0;0;0;0;0;0;0;0;0;0;0;0;0;0;0;0;0;0;0;0;0;1;1;1;1;1;1;1;1;1;1;1;1;1;1;1;1;1;1;1;0;0;0;0;0;0;0;0;0;0.0004;0.088;0;-0.0884;0;0;0;0;0;0;0;0;0;0;0;0;0;0;0;0;0;0;0;-18.12;0;0;0;0;0.0004;0;0;0;0;0;0;0;-0.0004;-0.0884;0;0;0;0;0;0;0;0;0;-0.7063;0;0.7063;1;1;0;0;0;0
11/03/21 23:00;0;0;90;0;0;90;0;0;0;0;17.6;3.4201;0;0;0;0;0;0;0;0;0;0;0;0;0;1;1;1;1;0;0;0;0;0;0;0;0;0;0;0;0;0;0;0;0;0;0;0;0;0;0;0;0;0;0;0;0;0;0;0;0;0;0;0;1;1;1;1;1;1;1;1;1;1;1;1;1;1;1;1;1;1;1;0;0;0;0;0;0;0;0;0;0.0004;0.088;0;-0.0884;0;0;0;0;0;0;0;0;0;0;0;0;0;0;0;0;0;0;0;-17.6;0;0;0;0;0.0004;0;0;0;0;0;0;0;-0.0004;-0.0884;0;0;0;0;0;0;0;0;0;-0.7063;0;0.7063;1;1;0;0;0;0
12/03/21 00:00;0;0;90;0;0;90;0;0;0;0;17.41;3.0399;0;0;0;0;0;0;0;0;0;0;0;0;0;1;1;1;1;0;0;0;0;0;0;0;0;0;0;0;0;0;0;0;0;0;0;0;0;0;0;0;0;0;0;0;0;0;0;0;0;0;0;0;1;1;1;1;1;1;1;1;1;1;1;1;1;1;1;1;1;1;1;0;0;0;0;0;0;0;0;0;0.0004;0.088;0;-0.0884;0;0;0;0;0;0;0;0;0;0;0;0;0;0;0;0;0;0;0;-17.41;0;0;0;0;0.0004;0;0;0;0;0;0;0;-0.0004;-0.0884;0;0;0;0;0;0;0;0;0;-0.7063;0;0.7063;1;1;0;0;0;0
12/03/21 01:00;0;0;90;0;0;90;0;0;0;0;17.49;2.7099;0;0;0;0;0;0;0;0;0;0;0;0;0;1;1;1;1;0;0;0;0;0;0;0;0;0;0;0;0;0;0;0;0;0;0;0;0;0;0;0;0;0;0;0;0;0;0;0;0;0;0;0;1;1;1;1;1;1;1;1;1;1;1;1;1;1;1;1;1;1;1;0;0;0;0;0;0;0;0;0;0.0004;0.088;0;-0.0884;0;0;0;0;0;0;0;0;0;0;0;0;0;0;0;0;0;0;0;-17.49;0;0;0;0;0.0004;0;0;0;0;0;0;0;-0.0004;-0.0884;0;0;0;0;0;0;0;0;0;-0.7063;0;0.7063;1;1;0;0;0;0
12/03/21 02:00;0;0;90;0;0;90;0;0;0;0;18;2.6201;0;0;0;0;0;0;0;0;0;0;0;0;0;1;1;1;1;0;0;0;0;0;0;0;0;0;0;0;0;0;0;0;0;0;0;0;0;0;0;0;0;0;0;0;0;0;0;0;0;0;0;0;1;1;1;1;1;1;1;1;1;1;1;1;1;1;1;1;1;1;1;0;0;0;0;0;0;0;0;0;0.0004;0.088;0;-0.0884;0;0;0;0;0;0;0;0;0;0;0;0;0;0;0;0;0;0;0;-18;0;0;0;0;0.0004;0;0;0;0;0;0;0;-0.0004;-0.0884;0;0;0;0;0;0;0;0;0;-0.7063;0;0.7063;1;1;0;0;0;0
12/03/21 03:00;0;0;90;0;0;90;0;0;0;0;18.22;2.57;0;0;0;0;0;0;0;0;0;0;0;0;0;1;1;1;1;0;0;0;0;0;0;0;0;0;0;0;0;0;0;0;0;0;0;0;0;0;0;0;0;0;0;0;0;0;0;0;0;0;0;0;1;1;1;1;1;1;1;1;1;1;1;1;1;1;1;1;1;1;1;0;0;0;0;0;0;0;0;0;0.0004;0.088;0;-0.0884;0;0;0;0;0;0;0;0;0;0;0;0;0;0;0;0;0;0;0;-18.22;0;0;0;0;0.0004;0;0;0;0;0;0;0;-0.0004;-0.0884;0;0;0;0;0;0;0;0;0;-0.7063;0;0.7063;1;1;0;0;0;0
12/03/21 04:00;0;0;90;0;0;90;0;0;0;0;17.11;2.49;0;0;0;0;0;0;0;0;0;0;0;0;0;1;1;1;1;0;0;0;0;0;0;0;0;0;0;0;0;0;0;0;0;0;0;0;0;0;0;0;0;0;0;0;0;0;0;0;0;0;0;0;1;1;1;1;1;1;1;1;1;1;1;1;1;1;1;1;1;1;1;0;0;0;0;0;0;0;0;0;0.0004;0.088;0;-0.0884;0;0;0;0;0;0;0;0;0;0;0;0;0;0;0;0;0;0;0;-17.11;0;0;0;0;0.0004;0;0;0;0;0;0;0;-0.0004;-0.0884;0;0;0;0;0;0;0;0;0;-0.7063;0;0.7063;1;1;0;0;0;0
12/03/21 05:00;0.1754;-93.692;89.575;0.1758;0.2506;-90;-0.2506;0;0;0;16.1;2.5499;0;0;0;0;0;0;0;0;0;0;0;0;0;1;1;1;1;0;0;0;0;0;0;0;0;0;0;0;0;0;0;0;0;0;0;0;0;0;0;0;0;0;0;0;0;0;0;0;0;0;0;0;1;1;1;1;1;1;1;1;1;1;1;1;1;1;1;1;1;1;1;0;0;0;0;0;0;0;0;0;0.0004;0.088;0;-0.0884;0;0;0;0;0;0;0;0;0;0;0;0;0;0;0;0;0;0;0;-16.1;0;0;0;0;0.0004;0;0;0;0;0;0;0;-0.0004;-0.0884;0;0;0;0;0;0;0;0;0;-0.7063;0;0.7063;1;1;0;0;0;0
12/03/21 06:00;6.3056;-89.382;74.551;6.306;9.1435;-90;-9.1435;84.8;19.604;65.196;16.75;3.0299;0;158.12;11.115;20.415;0;0.1024;189.75;0;189.75;158.12;20.415;11.115;0.1024;0.8333;0.0591;0;0.0005;189.6;0.1547;0;0;0.0693;0.0854;156.49;31.783;27.743;3.5819;0.4539;0.0038;188.27;1.3272;1.1068;0.1429;0.0773;0.0001;156.49;129.27;16.69;10.514;0.0131;7.01;5.6501;2.1383;0.0023;0.0766;1.1019;0.0022;1.1762;0;1;0;0;2.2376;0.9992;1;1;0.9938;0.1661;0.8312;0.8233;1;0.9586;0.7754;0.993;0.993;1;0.993;0.993;0.8247;0.946;0.1279;0.5698;0.4736;0.0029;0.0181;-0.0032;0.0032;0.0113;0.0002;0;0;0.088;0;0.3347;0;0;0;0;0;0;0;0;0;0;0;0;0.0091;0.0007;0.4314;0.4314;0;23.127;23.127;6.3773;0.0408;405.23;1064.5;1;0.0087;0.0087;0;0;0;0;0;0;0.4227;0.3347;0;14.421;16.7;11.19;12.957;97.99;97.99;4.554;3.4475;2.6749;1.1065;0.7726;0.243;0.1696;0.5874;6.6494;0.5848;0
12/03/21 07:00;18.514;-80.478;39.635;18.755;32.485;-90;-32.485;282;54.001;228;20.74;2.89;0;552.97;23.923;68.022;0;4.1918;649.1;0;649.1;552.97;68.022;23.923;4.1918;0.8519;0.0433;0;0.0065;644.18;4.9256;0;0;1.2065;3.7191;634.75;4.9191;3.6632;0.4506;0.7303;0.075;639.67;4.5092;3.8708;0.4762;0.159;0.0033;634.88;545.43;67.096;21.827;0.3945;17.303;13.947;5.6602;0.4779;0.1949;2.8043;0.1278;2.5213;0;1;0;0;2.3018;0.9924;1;1;0.9496;0.1128;0.9923;0.9933;1;0.9676;0.8403;0.993;0.993;1;0.993;0.993;0.9779;0.9124;0.0941;1.9493;1.9181;0.0115;0.0012;0.1479;0.0123;0.0436;0.0005;0;0;0.088;0;1.5431;0;0;0;0;0;0;0;0;0;0;0;0;0.0351;0.0084;1.6574;1.6574;0;46.889;46.889;26.149;0.0412;1650.9;1003.9;1;0.0263;0.0263;0;0;0;0;0;0;1.6311;1.5431;0;16.198;18.757;15.08;17.463;98.411;98.411;15.578;13.246;12.332;2.3325;0.9138;0.1497;0.0587;0.7916;16.049;0.7891;0
12/03/21 08:00;30.381;-70.408;16.815;31.893;58.107;-90;-58.107;257.7;217.4;40.302;22.79;2.3899;0;76.281;156.55;23.719;0;11.547;268.1;0;268.1;76.281;23.719;156.55;11.547;0.2845;0.627;0;0.0431;238.48;29.624;0;0;18.808;10.816;231.95;4.8613;0.044;0.0137;4.7636;0.04;236.81;1.6693;0.534;0.166;0.9642;0.0051;236.3;75.703;23.539;132.02;0.686;145.16;117;50.673;23.347;2.6849;38.622;4.3514;17.96;0;1;0;0;1.0404;0.8895;1;1;0.8799;0.0633;0.9795;0.9994;1;0.9652;0.9449;0.993;0.993;1;0.993;0.993;0.8651;0.8433;0.0594;0.8051;0.7931;0.0048;0.016;0.0207;0.0053;0.0187;0.0073;0;0;0.088;0;0.6039;0;0;0;0;0;0;0;0;0;0;0;0;0.015;0.0017;0.7037;0.7037;0;32.285;32.285;9.4945;0.0409;676.96;1039.4;1;0.0118;0.0118;0;0;0;0;0;0;0.6919;0.6039;0;16.65;19.28;14.289;16.546;98.328;98.328;6.4344;5.6236;4.8263;0.8108;0.7973;0.126;0.1239;0.7501;133.35;0.6771;0
12/03/21 09:00;41.423;-57.856;23.513;46.18;43.82;-90;-43.82;324.8;285.6;39.2;23.51;1.8301;0;54.33;235.3;16.965;0;8.5929;315.19;0;315.19;54.33;16.965;235.3;8.5929;0.1724;0.7738;0;0.0273;288.46;26.724;0;0;18.769;7.9543;279.35;7.0902;0.0438;0.0137;6.9907;0.042;286.44;2.0192;0.3803;0.1188;1.5157;0.0045;282.46;53.906;16.833;208.02;0.5921;195.44;157.53;64.365;13.114;2.6754;38.484;3.1063;28.046;0;1;0;0;0.9704;0.9152;1;1;0.9202;0.0743;0.9752;0.9992;1;0.9675;0.9337;0.993;0.993;1;0.993;0.993;0.8863;0.8841;0.0689;0.9465;0.9319;0.0056;0.0143;0.0332;0.0062;0.0218;0.0073;0;0;0.088;0;0.7223;0;0;0;0;0;0;0;0;0;0;0;0;0.0176;0.0022;0.8237;0.8237;0;34.955;34.955;11.445;0.041;797.3;1033.1;1;0.0133;0.0133;0;0;0;0;0;0;0.8103;0.7223;0;16.578;19.197;14.538;16.835;98.38;98.38;7.5645;6.5828;5.7729;0.9817;0.81;0.1298;0.1071;0.7632;173.26;0.6992;0
12/03/21 10:00;50.762;-40.859;28.581;61.886;28.114;-90;-28.114;490.71;353.3;137.41;24.07;1.71;0;155.79;289.79;51.405;0;5.5005;502.49;0;502.49;155.79;51.405;289.79;5.5005;0.31;0.5877;0;0.0109;486.1;16.392;0;0;11.614;4.7779;473.3;9.3963;0.1527;0.0504;9.0586;0.1346;482.69;3.4027;1.0906;0.3598;1.9472;0.0051;474.93;154.55;50.995;267.17;0.5829;286.34;230.79;89.078;3.5028;3.2377;46.573;1.6315;46.308;0;1;0;0;1.024;0.9674;1;1;0.9599;0.1314;0.9805;0.999;1;0.9672;0.8124;0.993;0.993;1;0.993;0.993;0.9419;0.9219;0.106;1.509;1.5286;0.0092;0.0059;0.1004;0.0099;0.0351;0.0086;0;0;0.088;0;1.2174;0;0;0;0;0;0;0;0;0;0;0;0;0.0282;0.0055;1.3258;1.3258;0;43.537;43.537;19.467;0.0411;1312.6;1010.1;1;0.0204;0.0204;0;0;0;0;0;0;1.3054;1.2174;0;16.737;19.382;15.369;17.797;98.459;98.459;12.06;10.596;9.7293;1.4639;0.8665;0.1214;0.0719;0.8068;188.6;0.7544;0
12/03/21 11:00;56.803;-17.486;31.481;78.878;11.122;-90;-11.122;944.91;155.9;789.01;24.7;1.79;0;804.11;49.104;108.37;0;1.686;963.27;0;963.27;804.11;108.37;49.104;1.686;0.8348;0.0527;0;0.0018;961.44;1.8302;0;0;0.4248;1.4054;950.98;3.7282;1.5189;0.2047;1.9419;0.0627;954.71;6.7301;5.6288;0.7586;0.3408;0.002;951.33;796.96;107.4;46.397;0.2161;550.47;443.68;170.02;0.0218;5.8678;84.406;0.3505;90.252;0;1;0;0;1.0194;0.9981;1;1;0.9913;0.1665;0.9961;0.9981;1;0.9598;0.7752;0.993;0.993;1;0.993;0.993;0.9872;0.9449;0.1281;2.8927;3.0432;0.0183;0.0003;0.4226;0.0182;0.0646;0.0144;0;0;0.088;0;2.3035;0;0;0;0;0;0;0;0;0;0;0;0;0.052;0.02;2.4328;2.4328;0;64.43;64.43;39.73;0.0418;2613.8;930.76;1;0.0413;0.0413;0;0;0;0;0;0;2.3915;2.3035;0;16.021;18.552;15.17;17.566;98.302;98.302;23.118;19.443;18.41;3.6754;1.0335;0.159;0.0447;0.7963;29.52;0.7473;0
12/03/21 12:00;57.584;10.316;31.83;83.512;6.4876;90;6.4876;536.21;398.7;137.51;26.62;1.7699;0;138.39;350.59;47.28;0;0.3262;536.59;0;536.59;138.39;47.28;350.59;0.3262;0.2579;0.654;0;0.0006;535.07;1.5238;0;0;1.2511;0.2727;516.05;15.275;0.2895;0.0989;14.875;0.0119;531.32;3.7455;0.9688;0.331;2.4454;0.0004;516.09;137.14;46.85;332.02;0.0412;316.96;255.47;95.307;0.0158;3.5475;51.029;0.0393;54.561;0;1;0;0;1.0007;0.9972;1;1;0.9964;0.1641;0.9713;0.9979;1;0.9571;0.7757;0.993;0.993;1;0.993;0.993;0.9617;0.947;0.1264;1.6114;1.662;0.01;0.0042;0.1349;0.0106;0.0376;0.0093;0;0;0.088;0;1.3092;0;0;0;0;0;0;0;0;0;0;0;0;0.0302;0.0064;1.4188;1.4188;0;47.914;47.914;21.294;0.0413;1427;994.24;1;0.0216;0.0216;0;0;0;0;0;0;1.3972;1.3092;0;16.773;19.423;15.477;17.923;98.476;98.476;12.878;11.339;10.463;1.539;0.8761;0.1195;0.068;0.8125;208.66;0.7585;0
12/03/21 13:00;52.765;35.336;29.579;66.271;23.729;90;23.729;923.69;152.4;771.29;27.88;1.6799;0;842.52;43.677;116.66;0;7.4184;1010.3;0;1010.3;842.52;116.66;43.677;7.4184;0.8339;0.0506;0;0.0073;1002.6;7.6672;0;0;1.3364;6.3308;992.98;2.61;0.8548;0.1184;1.4109;0.226;995.59;7.0182;5.8976;0.8166;0.2964;0.0076;994.93;835.76;115.73;40.633;0.854;512.21;412.84;159.76;0.292;5.3766;77.34;1.9499;82.425;0;1;0;0;1.0937;0.9924;1;1;0.9694;0.1466;0.9974;0.999;1;0.9664;0.7908;0.993;0.993;1;0.993;0.993;0.9829;0.9303;0.1151;3.0338;3.1597;0.019;0.0018;0.4967;0.0185;0.0656;0.0129;0;0;0.088;0;2.3411;0;0;0;0;0;0;0;0;0;0;0;0;0.0528;0.0215;2.4708;2.4708;0;69.543;69.543;41.663;0.042;2717.8;909.1;1;0.0417;0.0417;0;0;0;0;0;0;2.4291;2.3411;0;15.514;17.965;14.7;17.022;98.313;98.313;24.247;19.746;18.71;4.5001;1.0363;0.1856;0.0427;0.7717;27.675;0.7298;0
12/03/21 14:00;44.108;53.89;25.034;50.191;39.809;90;39.809;726.49;149.1;577.4;28.57;1.63;0;751.64;52.716;116.47;0;15.999;936.82;0;936.82;751.64;116.47;52.716;15.999;0.8023;0.0733;0;0.0171;918.46;18.361;0;0;3.6585;14.703;909.59;2.4428;0.6454;0.1;1.5762;0.1212;912.03;6.4292;5.2615;0.8153;0.3434;0.0091;914.04;745.73;115.55;47.138;1.1663;348.17;280.63;111.07;2.1161;3.6186;52.052;4.4583;53.554;0;1;0;0;1.2895;0.9804;1;1;0.9306;0.081;0.9973;0.9991;1;0.9676;0.9059;0.993;0.993;1;0.993;0.993;0.9709;0.8942;0.0729;2.8133;2.8627;0.0172;-0.0012;0.4211;0.017;0.0602;0.0088;0;0;0.088;0;2.1479;0;0;0;0;0;0;0;0;0;0;0;0;0.0485;0.0178;2.2732;2.2732;0;66.641;66.641;38.07;0.0419;2462.6;923.13;1;0.0373;0.0373;0;0;0;0;0;0;2.2359;2.1479;0;15.393;17.825;14.545;16.842;98.359;98.359;22.484;18.168;17.166;4.3158;1.0014;0.192;0.0445;0.7635;37.49;0.733;0
12/03/21 15:00;33.407;67.398;18.713;35.543;54.457;90;54.457;542.01;159.6;382.41;28.91;1.65;0;657.84;62.79;137.94;0;21.559;880.12;0;880.12;657.84;137.94;62.79;21.559;0.7474;0.0958;0;0.0245;853;27.125;0;0;6.8807;20.244;844.58;2.4524;0.4222;0.0885;1.8855;0.0561;847.03;5.971;4.6049;0.9656;0.3914;0.0092;849.34;652.81;136.88;53.633;1.2495;187.43;151.07;58.539;7.4486;2.4396;35.093;4.7635;30.084;0;1;0;0;1.6238;0.9692;1;1;0.8904;0.061;0.9971;0.9994;1;0.966;0.9571;0.993;0.993;1;0.993;0.993;0.9596;0.8542;0.058;2.643;2.6321;0.0158;-0.0021;0.3647;0.0158;0.0559;0.006;0;0;0.088;0;1.9939;0;0;0;0;0;0;0;0;0;0;0;0;0.0451;0.0152;2.1157;2.1157;0;64.188;64.188;35.278;0.0418;2267.6;932.99;1;0.0337;0.0337;0;0;0;0;0;0;2.0819;1.9939;0;15.249;17.658;14.372;16.642;98.405;98.405;21.123;16.908;15.935;4.2146;0.9729;0.1995;0.0461;0.7544;51.346;0.7325;0
12/03/21 16:00;21.701;77.973;26.264;22.141;43.931;90;43.931;327.4;160.5;166.9;29;1.24;0;404.78;92.97;127.1;0;8.7034;633.55;0;633.55;404.78;127.1;92.97;8.7034;0.6389;0.1605;0;0.0137;618.02;15.534;0;0;7.4566;8.0773;610.41;3.2823;0.3647;0.1145;2.7615;0.0416;613.69;4.3261;2.8335;0.8897;0.5986;0.0044;611.51;401.59;126.09;82.153;0.5801;69.597;56.095;23.22;5.2282;0.9695;13.946;1.1005;9.6876;0;1;0;0;1.9351;0.9755;1;1;0.9198;0.0719;0.9947;0.9991;1;0.9675;0.9331;0.993;0.993;1;0.993;0.993;0.9635;0.8837;0.0666;1.9026;1.8712;0.0113;0.0017;0.1944;0.0116;0.0413;0.0025;0;0;0.088;0;1.455;0;0;0;0;0;0;0;0;0;0;0;0;0.0333;0.008;1.5671;1.5671;0;54.306;54.306;25.306;0.0415;1611.7;972.34;1;0.0241;0.0241;0;0;0;0;0;0;1.543;1.455;0;15.691;18.17;14.569;16.87;98.465;98.465;15.205;12.524;11.629;2.6812;0.8955;0.1763;0.0589;0.7648;68.522;0.7524;0
12/03/21 17:00;9.5476;87.085;66.28;9.5598;14.192;90;14.192;107.91;94.797;13.112;28;0.6;0;31.801;88.012;13.147;0;0.3129;133.27;0;133.27;31.801;13.147;88.012;0.3129;0.2386;0.6627;0;0.0023;131.86;1.4119;0;0;1.1504;0.2614;124.43;6.5042;2.2625;0.9354;3.2948;0.0115;130.94;0.923;0.2226;0.092;0.608;0.0004;124.49;29.316;12.12;82.959;0.0396;53.499;43.12;15.957;0.0935;0.6131;8.8188;0.0568;9.3384;0;1;0;0;1.2351;0.9894;1;1;0.9869;0.1645;0.9503;0.9284;1;0.9618;0.7749;0.993;0.993;1;0.993;0.993;0.9337;0.9426;0.1266;0.4002;0.3935;0.0024;0.0179;0.0117;0.0025;0.009;0.0016;0;0;0.088;0;0.2455;0;0;0;0;0;0;0;0;0;0;0;0;0.0072;0.0005;0.3407;0.3407;0;33.126;33.126;5.1257;0.0412;335.93;1014.1;1;0.0072;0.0072;0;0;0;0;0;0;0.3335;0.2455;0;16.216;18.777;11.684;13.53;97.884;97.884;3.1986;2.7227;1.9618;0.4759;0.7609;0.1488;0.2379;0.6133;53.409;0.5844;0
12/03/21 18:00;1.7811;92.562;85.677;1.7828;2.5445;90;2.5445;0;0;0;25.04;0.3801;0;0;0;0;0;0;0;0;0;0;0;0;0;1;1;1;1;0;0;0;0;0;0;0;0;0;0;0;0;0;0;0;0;0;0;0;0;0;0;0;0;0;0;0;0;0;0;0;0;0;0;0;1;1;1;1;1;1;1;1;1;1;1;1;1;1;1;1;1;1;1;0;0;0;0;0;0;0;0;0;0.0004;0.088;0;-0.0884;0;0;0;0;0;0;0;0;0;0;0;0;0;0;0;0;0;0;0;-25.04;0;0;0;0;0.0004;0;0;0;0;0;0;0;-0.0004;-0.0884;0;0;0;0;0;0;0;0;0;-0.7063;0;0.7063;1;1;0;0;0;0
12/03/21 19:00;0;0;90;0;0;90;0;0;0;0;21.24;1.1801;0;0;0;0;0;0;0;0;0;0;0;0;0;1;1;1;1;0;0;0;0;0;0;0;0;0;0;0;0;0;0;0;0;0;0;0;0;0;0;0;0;0;0;0;0;0;0;0;0;0;0;0;1;1;1;1;1;1;1;1;1;1;1;1;1;1;1;1;1;1;1;0;0;0;0;0;0;0;0;0;0.0004;0.088;0;-0.0884;0;0;0;0;0;0;0;0;0;0;0;0;0;0;0;0;0;0;0;-21.24;0;0;0;0;0.0004;0;0;0;0;0;0;0;-0.0004;-0.0884;0;0;0;0;0;0;0;0;0;-0.7063;0;0.7063;1;1;0;0;0;0
12/03/21 20:00;0;0;90;0;0;90;0;0;0;0;21.2;1.9101;0;0;0;0;0;0;0;0;0;0;0;0;0;1;1;1;1;0;0;0;0;0;0;0;0;0;0;0;0;0;0;0;0;0;0;0;0;0;0;0;0;0;0;0;0;0;0;0;0;0;0;0;1;1;1;1;1;1;1;1;1;1;1;1;1;1;1;1;1;1;1;0;0;0;0;0;0;0;0;0;0.0004;0.088;0;-0.0884;0;0;0;0;0;0;0;0;0;0;0;0;0;0;0;0;0;0;0;-21.2;0;0;0;0;0.0004;0;0;0;0;0;0;0;-0.0004;-0.0884;0;0;0;0;0;0;0;0;0;-0.7063;0;0.7063;1;1;0;0;0;0
12/03/21 21:00;0;0;90;0;0;90;0;0;0;0;19.83;2.3199;0;0;0;0;0;0;0;0;0;0;0;0;0;1;1;1;1;0;0;0;0;0;0;0;0;0;0;0;0;0;0;0;0;0;0;0;0;0;0;0;0;0;0;0;0;0;0;0;0;0;0;0;1;1;1;1;1;1;1;1;1;1;1;1;1;1;1;1;1;1;1;0;0;0;0;0;0;0;0;0;0.0004;0.088;0;-0.0884;0;0;0;0;0;0;0;0;0;0;0;0;0;0;0;0;0;0;0;-19.83;0;0;0;0;0.0004;0;0;0;0;0;0;0;-0.0004;-0.0884;0;0;0;0;0;0;0;0;0;-0.7063;0;0.7063;1;1;0;0;0;0
12/03/21 22:00;0;0;90;0;0;90;0;0;0;0;19.19;2.59;0;0;0;0;0;0;0;0;0;0;0;0;0;1;1;1;1;0;0;0;0;0;0;0;0;0;0;0;0;0;0;0;0;0;0;0;0;0;0;0;0;0;0;0;0;0;0;0;0;0;0;0;1;1;1;1;1;1;1;1;1;1;1;1;1;1;1;1;1;1;1;0;0;0;0;0;0;0;0;0;0.0004;0.088;0;-0.0884;0;0;0;0;0;0;0;0;0;0;0;0;0;0;0;0;0;0;0;-19.19;0;0;0;0;0.0004;0;0;0;0;0;0;0;-0.0004;-0.0884;0;0;0;0;0;0;0;0;0;-0.7063;0;0.7063;1;1;0;0;0;0
12/03/21 23:00;0;0;90;0;0;90;0;0;0;0;19.2;2.7801;0;0;0;0;0;0;0;0;0;0;0;0;0;1;1;1;1;0;0;0;0;0;0;0;0;0;0;0;0;0;0;0;0;0;0;0;0;0;0;0;0;0;0;0;0;0;0;0;0;0;0;0;1;1;1;1;1;1;1;1;1;1;1;1;1;1;1;1;1;1;1;0;0;0;0;0;0;0;0;0;0.0004;0.088;0;-0.0884;0;0;0;0;0;0;0;0;0;0;0;0;0;0;0;0;0;0;0;-19.2;0;0;0;0;0.0004;0;0;0;0;0;0;0;-0.0004;-0.0884;0;0;0;0;0;0;0;0;0;-0.7063;0;0.7063;1;1;0;0;0;0
13/03/21 00:00;0;0;90;0;0;90;0;0;0;0;18.43;2.9301;0;0;0;0;0;0;0;0;0;0;0;0;0;1;1;1;1;0;0;0;0;0;0;0;0;0;0;0;0;0;0;0;0;0;0;0;0;0;0;0;0;0;0;0;0;0;0;0;0;0;0;0;1;1;1;1;1;1;1;1;1;1;1;1;1;1;1;1;1;1;1;0;0;0;0;0;0;0;0;0;0.0004;0.088;0;-0.0884;0;0;0;0;0;0;0;0;0;0;0;0;0;0;0;0;0;0;0;-18.43;0;0;0;0;0.0004;0;0;0;0;0;0;0;-0.0004;-0.0884;0;0;0;0;0;0;0;0;0;-0.7063;0;0.7063;1;1;0;0;0;0
13/03/21 01:00;0;0;90;0;0;90;0;0;0;0;17.63;3.05;0;0;0;0;0;0;0;0;0;0;0;0;0;1;1;1;1;0;0;0;0;0;0;0;0;0;0;0;0;0;0;0;0;0;0;0;0;0;0;0;0;0;0;0;0;0;0;0;0;0;0;0;1;1;1;1;1;1;1;1;1;1;1;1;1;1;1;1;1;1;1;0;0;0;0;0;0;0;0;0;0.0004;0.088;0;-0.0884;0;0;0;0;0;0;0;0;0;0;0;0;0;0;0;0;0;0;0;-17.63;0;0;0;0;0.0004;0;0;0;0;0;0;0;-0.0004;-0.0884;0;0;0;0;0;0;0;0;0;-0.7063;0;0.7063;1;1;0;0;0;0
13/03/21 02:00;0;0;90;0;0;90;0;0;0;0;17.9;3.14;0;0;0;0;0;0;0;0;0;0;0;0;0;1;1;1;1;0;0;0;0;0;0;0;0;0;0;0;0;0;0;0;0;0;0;0;0;0;0;0;0;0;0;0;0;0;0;0;0;0;0;0;1;1;1;1;1;1;1;1;1;1;1;1;1;1;1;1;1;1;1;0;0;0;0;0;0;0;0;0;0.0004;0.088;0;-0.0884;0;0;0;0;0;0;0;0;0;0;0;0;0;0;0;0;0;0;0;-17.9;0;0;0;0;0.0004;0;0;0;0;0;0;0;-0.0004;-0.0884;0;0;0;0;0;0;0;0;0;-0.7063;0;0.7063;1;1;0;0;0;0
13/03/21 03:00;0;0;90;0;0;90;0;0;0;0;17.66;3.3401;0;0;0;0;0;0;0;0;0;0;0;0;0;1;1;1;1;0;0;0;0;0;0;0;0;0;0;0;0;0;0;0;0;0;0;0;0;0;0;0;0;0;0;0;0;0;0;0;0;0;0;0;1;1;1;1;1;1;1;1;1;1;1;1;1;1;1;1;1;1;1;0;0;0;0;0;0;0;0;0;0.0004;0.088;0;-0.0884;0;0;0;0;0;0;0;0;0;0;0;0;0;0;0;0;0;0;0;-17.66;0;0;0;0;0.0004;0;0;0;0;0;0;0;-0.0004;-0.0884;0;0;0;0;0;0;0;0;0;-0.7063;0;0.7063;1;1;0;0;0;0
13/03/21 04:00;0;0;90;0;0;90;0;0;0;0;17.34;3.61;0;0;0;0;0;0;0;0;0;0;0;0;0;1;1;1;1;0;0;0;0;0;0;0;0;0;0;0;0;0;0;0;0;0;0;0;0;0;0;0;0;0;0;0;0;0;0;0;0;0;0;0;1;1;1;1;1;1;1;1;1;1;1;1;1;1;1;1;1;1;1;0;0;0;0;0;0;0;0;0;0.0004;0.088;0;-0.0884;0;0;0;0;0;0;0;0;0;0;0;0;0;0;0;0;0;0;0;-17.34;0;0;0;0;0.0004;0;0;0;0;0;0;0;-0.0004;-0.0884;0;0;0;0;0;0;0;0;0;-0.7063;0;0.7063;1;1;0;0;0;0
13/03/21 05:00;0;0;90;0;0;90;0;0;0;0;16.9;4.43;0;0;0;0;0;0;0;0;0;0;0;0;0;1;1;1;1;0;0;0;0;0;0;0;0;0;0;0;0;0;0;0;0;0;0;0;0;0;0;0;0;0;0;0;0;0;0;0;0;0;0;0;1;1;1;1;1;1;1;1;1;1;1;1;1;1;1;1;1;1;1;0;0;0;0;0;0;0;0;0;0.0004;0.088;0;-0.0884;0;0;0;0;0;0;0;0;0;0;0;0;0;0;0;0;0;0;0;-16.9;0;0;0;0;0.0004;0;0;0;0;0;0;0;-0.0004;-0.0884;0;0;0;0;0;0;0;0;0;-0.7063;0;0.7063;1;1;0;0;0;0
13/03/21 06:00;6.1365;-89.017;74.974;6.1374;8.8908;-90;-8.8908;71.204;32.601;38.602;18.4;5.12;0;93.622;23.936;20.665;0;0.0813;138.3;0;138.3;93.622;20.665;23.936;0.0813;0.6769;0.1737;0;0.0006;138.09;0.2103;0;0;0.1425;0.0678;115.13;21.995;17.212;3.799;0.9813;0.003;137.13;0.9667;0.6554;0.1447;0.1666;0.0001;115.14;75.755;16.721;22.646;0.0104;14.542;11.721;4.3433;0.0044;0.1649;2.3721;0.0044;2.5327;0;1;0;0;1.9424;0.9985;1;1;0.994;0.166;0.8396;0.8149;1;0.9585;0.7754;0.993;0.993;1;0.993;0.993;0.8325;0.9461;0.1278;0.4153;0.3518;0.0021;0.0176;-0.0024;0.0023;0.0083;0.0005;0;0;0.088;0;0.2209;0;0;0;0;0;0;0;0;0;0;0;0;0.0067;0.0004;0.3162;0.3162;0;23.106;23.106;4.7055;0.0409;300.38;1052.8;1;0.0073;0.0073;0;0;0;0;0;0;0.3089;0.2209;0;14.505;16.796;10.132;11.733;97.68;97.68;3.3193;2.5273;1.7654;0.792;0.7619;0.2386;0.2295;0.5319;14.311;0.5251;0
13/03/21 07:00;18.338;-80.099;40.267;18.596;32.065;-90;-32.065;339.71;56.103;283.6;22.27;5.53;0;687.82;18.014;88.768;0;4.9232;799.52;0;799.52;687.82;88.768;18.014;4.9232;0.8603;0.0287;0;0.0062;794.28;5.2491;0;0;0.89;4.3591;782.64;6.0718;4.809;0.6206;0.551;0.0912;788.72;5.5599;4.8147;0.6214;0.1199;0.0039;782.74;678.2;87.526;16.453;0.4689;13.617;10.975;4.539;0.3446;0.1459;2.0981;0.0931;1.8994;0;1;0;0;2.3536;0.9934;1;1;0.9506;0.1146;0.9923;0.993;1;0.9676;0.8373;0.993;0.993;1;0.993;0.993;0.9789;0.9134;0.0953;2.401;2.3619;0.0142;-0.0018;0.2473;0.0147;0.0522;0.0004;0;0;0.088;0;1.8607;0;0;0;0;0;0;0;0;0;0;0;0;0.042;0.0124;1.9805;1.9805;0;54.707;54.707;32.437;0.0414;2037.5;972.04;1;0.0319;0.0319;0;0;0;0;0;0;1.9487;1.8607;0;15.714;18.197;14.763;17.095;98.39;98.39;19.189;15.829;14.87;3.3601;0.9581;0.1751;0.0499;0.775;12.048;0.7734;0
13/03/21 08:00;30.183;-70.004;17.193;31.754;58.246;-90;-58.246;465.7;98.402;367.3;24.59;6.3799;0;697.92;35.389;98.862;0;20.958;853.13;0;853.13;697.92;98.862;35.389;20.958;0.8181;0.066;0;0.0246;829.24;23.897;0;0;4.2663;19.63;821.81;1.621;0.4116;0.0583;1.0775;0.0736;823.43;5.8046;4.8855;0.692;0.2179;0.0093;825.64;692.63;98.112;29.828;1.245;122.6;98.819;38.643;5.327;1.6025;23.052;3.8281;19.327;0;1;0;0;1.8319;0.972;1;1;0.8794;0.0634;0.998;0.9994;1;0.9651;0.9442;0.993;0.993;1;0.993;0.993;0.9633;0.8428;0.0594;2.562;2.5353;0.0153;-0.0022;0.3019;0.0155;0.0551;0.004;0;0;0.088;0;1.9655;0;0;0;0;0;0;0;0;0;0;0;0;0.0444;0.0142;2.087;2.087;0;58.763;58.763;34.173;0.0416;2185.7;954.87;1;0.0335;0.0335;0;0;0;0;0;0;2.0535;1.9655;0;15.519;17.97;14.615;16.924;98.393;98.393;20.475;16.68;15.708;3.7955;0.9714;0.1854;0.0474;0.7672;30.193;0.752;0
13/03/21 09:00;41.186;-57.426;23.902;46.078;43.922;-90;-43.922;693.2;114.2;579;28.4;6.3799;0;803.86;35.72;100.89;0;18.421;958.89;0;958.89;803.86;100.89;35.72;18.421;0.8383;0.0565;0;0.0192;938.98;19.914;0;0;2.859;17.055;930.51;1.892;0.659;0.0827;1.0612;0.0891;932.41;6.5728;5.627;0.7063;0.23;0.0096;935.26;797.57;100.11;31.57;1.2669;306.78;247.27;96.756;2.0111;3.2701;47.04;4.7419;48.299;0;1;0;0;1.3833;0.9792;1;1;0.92;0.0741;0.998;0.9992;1;0.9675;0.9343;0.993;0.993;1;0.993;0.993;0.9704;0.8838;0.0688;2.8796;2.9161;0.0176;-0.0008;0.4365;0.0172;0.0611;0.0079;0;0;0.088;0;2.1827;0;0;0;0;0;0;0;0;0;0;0;0;0.0492;0.0185;2.3088;2.3088;0;67.37;67.37;38.97;0.0419;2508.6;920.37;1;0.0381;0.0381;0;0;0;0;0;0;2.2707;2.1827;0;15.274;17.687;14.44;16.721;98.35;98.35;23.013;18.452;17.445;4.5612;1.0077;0.1982;0.0438;0.758;26.326;0.7312;0
13/03/21 10:00;50.466;-40.435;28.979;61.84;28.16;-90;-28.16;915.61;151.1;764.51;30.76;6.3099;0;867.15;40.171;122.95;0;10.296;1040.6;0;1040.6;867.15;122.95;40.171;10.296;0.8333;0.0485;0;0.0099;1030;10.56;0;0;1.6142;8.9455;1020.3;2.4907;0.8619;0.1222;1.2553;0.2512;1022.8;7.2101;6.07;0.8607;0.2699;0.0095;1023.2;860.22;121.97;37.032;1.0898;492.82;397.21;154.11;0.4907;5.1608;74.236;2.8445;78.906;0;1;0;0;1.1365;0.9899;1;1;0.9598;0.1312;0.9976;0.999;1;0.9672;0.8127;0.993;0.993;1;0.993;0.993;0.9805;0.9218;0.1058;3.1248;3.2381;0.0195;0.0029;0.5579;0.0186;0.066;0.0122;0;0;0.088;0;2.3558;0;0;0;0;0;0;0;0;0;0;0;0;0.0531;0.0226;2.4853;2.4853;0;73.72;73.72;42.96;0.0421;2786.7;891.86;1;0.0416;0.0416;0;0;0;0;0;0;2.4438;2.3558;0;15.151;17.545;14.362;16.63;98.327;98.327;24.974;19.863;18.827;5.1108;1.0355;0.2046;0.0415;0.7539;26.152;0.7157;0
13/03/21 11:00;56.438;-17.188;31.88;78.908;11.092;-90;-11.092;882.2;148.6;733.6;31.82;6.3099;0;747.57;53.414;96.483;0;1.5657;899.03;0;899.03;747.57;96.483;53.414;1.5657;0.8315;0.0612;0;0.0017;897.27;1.7651;0;0;0.46;1.3051;887.02;3.9618;1.5855;0.2046;2.1134;0.0582;890.99;6.2809;5.233;0.6754;0.3707;0.0018;887.35;740.75;95.603;50.47;0.2006;514.08;414.35;158.72;0.0234;5.4841;78.886;0.3248;84.347;0;1;0;0;1.0191;0.998;1;1;0.9914;0.1665;0.9956;0.9979;1;0.9598;0.7752;0.993;0.993;1;0.993;0.993;0.9866;0.9449;0.1281;2.6998;2.8389;0.0171;-0.0013;0.4423;0.0167;0.0591;0.0132;0;0;0.088;0;2.1028;0;0;0;0;0;0;0;0;0;0;0;0;0.0476;0.0175;2.2268;2.2268;0;69.02;69.02;37.2;0.0419;2439.7;912.74;1;0.036;0.036;0;0;0;0;0;0;2.1908;2.1028;0;15.712;18.195;14.838;17.182;98.385;98.385;21.577;17.797;16.806;3.7803;0.9907;0.1752;0.0459;0.7789;32.108;0.7309;0
13/03/21 12:00;57.184;10.336;32.219;83.4;6.6001;90;6.6001;872.81;161.2;711.6;31.76;6.1301;0;716.35;62.209;99.447;0;0.5495;878.56;0;878.56;716.35;99.447;62.209;0.5495;0.8154;0.0714;0;0.0006;877.87;0.6875;0;0;0.2282;0.4593;867.18;4.5462;1.6602;0.2305;2.6354;0.0201;871.72;6.1451;5.0144;0.6961;0.4339;0.0006;867.26;709.68;98.52;58.912;0.0695;512.7;413.24;158.95;0.0032;5.4256;78.045;0.0793;83.467;0;1;0;0;1.0066;0.9992;1;1;0.9963;0.1642;0.9948;0.9977;1;0.9572;0.7757;0.993;0.993;1;0.993;0.993;0.987;0.947;0.1265;2.6383;2.7766;0.0167;-0.0017;0.4235;0.0164;0.058;0.0131;0;0;0.088;0;2.0639;0;0;0;0;0;0;0;0;0;0;0;0;0.0467;0.0168;2.187;2.187;0;68.1;68.1;36.34;0.0419;2386.5;916.39;1;0.0351;0.0351;0;0;0;0;0;0;2.1519;2.0639;0;15.791;18.286;14.902;17.256;98.395;98.395;21.085;17.478;16.494;3.6071;0.9838;0.1711;0.0467;0.7823;37.031;0.7335;0
13/03/21 13:00;52.384;35.13;29.946;66.088;23.912;90;23.912;916.9;151.3;765.6;33.06;5.9701;0;837.48;43.514;115.77;0;7.4765;1004.2;0;1004.2;837.48;115.77;43.514;7.4765;0.8339;0.0508;0;0.0074;996.51;7.7336;0;0;1.348;6.3857;986.92;2.6084;0.8602;0.1189;1.4034;0.2259;989.53;6.9756;5.8624;0.8104;0.2952;0.0076;988.89;830.76;114.84;40.467;0.8574;507.91;409.38;158.47;0.299;5.3289;76.655;1.9694;81.685;0;1;0;0;1.0953;0.9923;1;1;0.969;0.1459;0.9974;0.999;1;0.9665;0.7915;0.993;0.993;1;0.993;0.993;0.9828;0.93;0.1147;3.0157;3.14;0.0189;0.0015;0.5521;0.018;0.0637;0.0125;0;0;0.088;0;2.2732;0;0;0;0;0;0;0;0;0;0;0;0;0.0513;0.0213;2.4006;2.4006;0;74.645;74.645;41.585;0.0421;2702.2;888.4;1;0.0395;0.0395;0;0;0;0;0;0;2.3612;2.2732;0;15.165;17.56;14.359;16.628;98.355;98.355;24.102;19.186;18.167;4.9158;1.0189;0.204;0.0423;0.7538;27.6;0.713;0
13/03/21 14:00;43.766;53.601;25.375;49.959;40.041;90;40.041;289.89;276.5;13.392;32.3;5.9099;0;17.492;240.67;5.0606;0;6.4559;269.68;0;269.68;17.492;5.0606;240.67;6.4559;0.0649;0.9164;0;0.0239;246.89;22.789;0;0;16.852;5.9378;237.9;7.2605;0.0152;0.0044;7.1937;0.0472;245.16;1.7282;0.1224;0.0354;1.5667;0.0036;240.23;17.355;5.0207;215.06;0.4673;179.51;144.69;58.497;9.8389;2.3543;33.866;2.3242;26.381;0;1;0;0;0.9303;0.9155;1;1;0.93;0.0802;0.9704;0.9991;1;0.9676;0.9083;0.993;0.993;1;0.993;0.993;0.8822;0.8936;0.0724;0.8099;0.7949;0.0048;0.016;0.0492;0.0051;0.018;0.0062;0;0;0.088;0;0.5805;0;0;0;0;0;0;0;0;0;0;0;0;0.0145;0.0017;0.6795;0.6795;0;42.119;42.119;9.8185;0.0413;680.87;997.99;1;0.011;0.011;0;0;0;0;0;0;0.6685;0.5805;0;15.984;18.509;13.656;15.813;98.384;98.384;6.4724;5.4306;4.6396;1.0417;0.791;0.161;0.1222;0.7168;171.5;0.6552;0
13/03/21 15:00;33.096;67.097;19.028;35.282;54.718;90;54.718;241.1;228.6;12.495;32.28;5.13;0;21.633;177.33;6.5546;0;9.6746;215.2;0;215.2;21.633;6.5546;177.33;9.6746;0.1005;0.869;0;0.045;186.54;28.653;0;0;19.567;9.0852;179.86;5.3732;0.0141;0.0043;5.3293;0.0255;185.24;1.3058;0.1514;0.0459;1.1044;0.0041;183.81;21.467;6.5044;151.33;0.5599;150.14;121.01;51.919;21.38;2.6293;37.821;3.9426;19.071;0;1;0;0;0.8926;0.8669;1;1;0.8897;0.0609;0.971;0.9993;1;0.966;0.9565;0.993;0.993;1;0.993;0.993;0.8358;0.8534;0.0579;0.6462;0.6333;0.0038;0.0175;0.0338;0.004;0.0144;0.0069;0;0;0.088;0;0.443;0;0;0;0;0;0;0;0;0;0;0;0;0.0116;0.0012;0.5402;0.5402;0;39.705;39.705;7.4255;0.0413;540.66;999.17;1;0.0092;0.0092;0;0;0;0;0;0;0.531;0.443;0;15.924;18.44;13.06;15.123;98.301;98.301;5.1647;4.3173;3.5407;0.8474;0.7767;0.1641;0.1504;0.6856;145.42;0.6058;0
13/03/21 16:00;21.409;77.679;27.716;21.866;42.725;90;42.725;161.1;154.1;7.0029;32.26;3.7499;0;16.984;131.8;5.1893;0;4.0617;158.03;0;158.03;16.984;5.1893;131.8;4.0617;0.1075;0.8597;0;0.0257;144.12;13.909;0;0;10.149;3.76;139.15;3.9634;0.0161;0.0049;3.9201;0.0222;143.11;1.0088;0.1189;0.0363;0.8515;0.0021;140.6;16.849;5.148;116.87;0.2773;96.147;77.495;31.717;6.733;1.331;19.146;1.4473;13.744;0;1;0;0;0.9809;0.912;1;1;0.923;0.0743;0.9723;0.999;1;0.9675;0.9259;0.993;0.993;1;0.993;0.993;0.8805;0.8868;0.0683;0.4746;0.4638;0.0028;0.0181;0.0221;0.0029;0.0104;0.0035;0;0;0.088;0;0.2993;0;0;0;0;0;0;0;0;0;0;0;0;0.0084;0.0007;0.3949;0.3949;0;38.01;38.01;5.7498;0.0413;395.88;997.5;1;0.0076;0.0076;0;0;0;0;0;0;0.3873;0.2993;0;15.852;18.356;12.013;13.911;98.07;98.07;3.7927;3.156;2.3918;0.6367;0.7642;0.1679;0.2015;0.6306;96.103;0.5782;0
13/03/21 17:00;9.2638;86.799;67.019;9.2781;13.74;90;13.74;27.7;27.399;0.3007;30.69;4.3701;0;0.7294;26.971;0.0898;0;0.0753;27.865;0;27.865;0.7294;0.0898;26.971;0.0753;0.0262;0.9706;0;0.0027;27.469;0.3967;0;0;0.3338;0.0629;26.192;1.0842;0.0563;0.0069;1.0182;0.0028;27.276;0.1923;0.0051;0.0006;0.1865;0.0001;26.208;0.6679;0.0823;25.432;0.0095;16.344;13.173;4.8666;0.0255;0.1876;2.6989;0.016;2.861;0;1;0;0;1.006;0.9858;1;1;0.9876;0.1647;0.9603;0.9222;1;0.9615;0.7748;0.993;0.993;1;0.993;0.993;0.94;0.943;0.1267;0.0837;0.0846;0.0005;0.0104;0.0021;0.0005;0.0018;0.0005;0;0;0.088;0;-0.024;0;0;0;0;0;0;0;0;0;0;0;0;0.0014;0.0001;0.0674;0.0674;0;31.788;31.788;1.0977;0.0419;70.785;952.05;1;0.0034;0.0034;0;0;0;0;0;0;0.064;-0.024;0;15.342;17.765;-5.4554;-6.3173;95.023;95.023;0.6688;0.5386;-0.1915;0.1302;0.7301;0.1947;1.0917;0;16.342;0;0
13/03/21 18:00;1.7018;92.136;85.87;1.703;2.4302;90;2.4302;0;0;0;25.65;6.09;0;0;0;0;0;0;0;0;0;0;0;0;0;1;1;1;1;0;0;0;0;0;0;0;0;0;0;0;0;0;0;0;0;0;0;0;0;0;0;0;0;0;0;0;0;0;0;0;0;0;0;0;1;1;1;1;1;1;1;1;1;1;1;1;1;1;1;1;1;1;1;0;0;0;0;0;0;0;0;0;0.0004;0.088;0;-0.0884;0;0;0;0;0;0;0;0;0;0;0;0;0;0;0;0;0;0;0;-25.65;0;0;0;0;0.0004;0;0;0;0;0;0;0;-0.0004;-0.0884;0;0;0;0;0;0;0;0;0;-0.7063;0;0.7063;1;1;0;0;0;0
13/03/21 19:00;0;0;90;0;0;90;0;0;0;0;23.4;6.4401;0;0;0;0;0;0;0;0;0;0;0;0;0;1;1;1;1;0;0;0;0;0;0;0;0;0;0;0;0;0;0;0;0;0;0;0;0;0;0;0;0;0;0;0;0;0;0;0;0;0;0;0;1;1;1;1;1;1;1;1;1;1;1;1;1;1;1;1;1;1;1;0;0;0;0;0;0;0;0;0;0.0004;0.088;0;-0.0884;0;0;0;0;0;0;0;0;0;0;0;0;0;0;0;0;0;0;0;-23.4;0;0;0;0;0.0004;0;0;0;0;0;0;0;-0.0004;-0.0884;0;0;0;0;0;0;0;0;0;-0.7063;0;0.7063;1;1;0;0;0;0
13/03/21 20:00;0;0;90;0;0;90;0;0;0;0;21.95;6.26;0;0;0;0;0;0;0;0;0;0;0;0;0;1;1;1;1;0;0;0;0;0;0;0;0;0;0;0;0;0;0;0;0;0;0;0;0;0;0;0;0;0;0;0;0;0;0;0;0;0;0;0;1;1;1;1;1;1;1;1;1;1;1;1;1;1;1;1;1;1;1;0;0;0;0;0;0;0;0;0;0.0004;0.088;0;-0.0884;0;0;0;0;0;0;0;0;0;0;0;0;0;0;0;0;0;0;0;-21.95;0;0;0;0;0.0004;0;0;0;0;0;0;0;-0.0004;-0.0884;0;0;0;0;0;0;0;0;0;-0.7063;0;0.7063;1;1;0;0;0;0
13/03/21 21:00;0;0;90;0;0;90;0;0;0;0;20.92;6.08;0;0;0;0;0;0;0;0;0;0;0;0;0;1;1;1;1;0;0;0;0;0;0;0;0;0;0;0;0;0;0;0;0;0;0;0;0;0;0;0;0;0;0;0;0;0;0;0;0;0;0;0;1;1;1;1;1;1;1;1;1;1;1;1;1;1;1;1;1;1;1;0;0;0;0;0;0;0;0;0;0.0004;0.088;0;-0.0884;0;0;0;0;0;0;0;0;0;0;0;0;0;0;0;0;0;0;0;-20.92;0;0;0;0;0.0004;0;0;0;0;0;0;0;-0.0004;-0.0884;0;0;0;0;0;0;0;0;0;-0.7063;0;0.7063;1;1;0;0;0;0
13/03/21 22:00;0;0;90;0;0;90;0;0;0;0;20.59;6.1201;0;0;0;0;0;0;0;0;0;0;0;0;0;1;1;1;1;0;0;0;0;0;0;0;0;0;0;0;0;0;0;0;0;0;0;0;0;0;0;0;0;0;0;0;0;0;0;0;0;0;0;0;1;1;1;1;1;1;1;1;1;1;1;1;1;1;1;1;1;1;1;0;0;0;0;0;0;0;0;0;0.0004;0.088;0;-0.0884;0;0;0;0;0;0;0;0;0;0;0;0;0;0;0;0;0;0;0;-20.59;0;0;0;0;0.0004;0;0;0;0;0;0;0;-0.0004;-0.0884;0;0;0;0;0;0;0;0;0;-0.7063;0;0.7063;1;1;0;0;0;0
13/03/21 23:00;0;0;90;0;0;90;0;0;0;0;20.36;5.8801;0;0;0;0;0;0;0;0;0;0;0;0;0;1;1;1;1;0;0;0;0;0;0;0;0;0;0;0;0;0;0;0;0;0;0;0;0;0;0;0;0;0;0;0;0;0;0;0;0;0;0;0;1;1;1;1;1;1;1;1;1;1;1;1;1;1;1;1;1;1;1;0;0;0;0;0;0;0;0;0;0.0004;0.088;0;-0.0884;0;0;0;0;0;0;0;0;0;0;0;0;0;0;0;0;0;0;0;-20.36;0;0;0;0;0.0004;0;0;0;0;0;0;0;-0.0004;-0.0884;0;0;0;0;0;0;0;0;0;-0.7063;0;0.7063;1;1;0;0;0;0
14/03/21 00:00;0;0;90;0;0;90;0;0;0;0;20.1;5.7;0;0;0;0;0;0;0;0;0;0;0;0;0;1;1;1;1;0;0;0;0;0;0;0;0;0;0;0;0;0;0;0;0;0;0;0;0;0;0;0;0;0;0;0;0;0;0;0;0;0;0;0;1;1;1;1;1;1;1;1;1;1;1;1;1;1;1;1;1;1;1;0;0;0;0;0;0;0;0;0;0.0004;0.088;0;-0.0884;0;0;0;0;0;0;0;0;0;0;0;0;0;0;0;0;0;0;0;-20.1;0;0;0;0;0.0004;0;0;0;0;0;0;0;-0.0004;-0.0884;0;0;0;0;0;0;0;0;0;-0.7063;0;0.7063;1;1;0;0;0;0
14/03/21 01:00;0;0;90;0;0;90;0;0;0;0;18.8;5.8299;0;0;0;0;0;0;0;0;0;0;0;0;0;1;1;1;1;0;0;0;0;0;0;0;0;0;0;0;0;0;0;0;0;0;0;0;0;0;0;0;0;0;0;0;0;0;0;0;0;0;0;0;1;1;1;1;1;1;1;1;1;1;1;1;1;1;1;1;1;1;1;0;0;0;0;0;0;0;0;0;0.0004;0.088;0;-0.0884;0;0;0;0;0;0;0;0;0;0;0;0;0;0;0;0;0;0;0;-18.8;0;0;0;0;0.0004;0;0;0;0;0;0;0;-0.0004;-0.0884;0;0;0;0;0;0;0;0;0;-0.7063;0;0.7063;1;1;0;0;0;0
14/03/21 02:00;0;0;90;0;0;90;0;0;0;0;16.38;6.08;0;0;0;0;0;0;0;0;0;0;0;0;0;1;1;1;1;0;0;0;0;0;0;0;0;0;0;0;0;0;0;0;0;0;0;0;0;0;0;0;0;0;0;0;0;0;0;0;0;0;0;0;1;1;1;1;1;1;1;1;1;1;1;1;1;1;1;1;1;1;1;0;0;0;0;0;0;0;0;0;0.0004;0.088;0;-0.0884;0;0;0;0;0;0;0;0;0;0;0;0;0;0;0;0;0;0;0;-16.38;0;0;0;0;0.0004;0;0;0;0;0;0;0;-0.0004;-0.0884;0;0;0;0;0;0;0;0;0;-0.7063;0;0.7063;1;1;0;0;0;0
14/03/21 03:00;0;0;90;0;0;90;0;0;0;0;15.58;6.17;0;0;0;0;0;0;0;0;0;0;0;0;0;1;1;1;1;0;0;0;0;0;0;0;0;0;0;0;0;0;0;0;0;0;0;0;0;0;0;0;0;0;0;0;0;0;0;0;0;0;0;0;1;1;1;1;1;1;1;1;1;1;1;1;1;1;1;1;1;1;1;0;0;0;0;0;0;0;0;0;0.0004;0.088;0;-0.0884;0;0;0;0;0;0;0;0;0;0;0;0;0;0;0;0;0;0;0;-15.58;0;0;0;0;0.0004;0;0;0;0;0;0;0;-0.0004;-0.0884;0;0;0;0;0;0;0;0;0;-0.7063;0;0.7063;1;1;0;0;0;0
14/03/21 04:00;0;0;90;0;0;90;0;0;0;0;13.81;5.92;0;0;0;0;0;0;0;0;0;0;0;0;0;1;1;1;1;0;0;0;0;0;0;0;0;0;0;0;0;0;0;0;0;0;0;0;0;0;0;0;0;0;0;0;0;0;0;0;0;0;0;0;1;1;1;1;1;1;1;1;1;1;1;1;1;1;1;1;1;1;1;0;0;0;0;0;0;0;0;0;0.0004;0.088;0;-0.0884;0;0;0;0;0;0;0;0;0;0;0;0;0;0;0;0;0;0;0;-13.81;0;0;0;0;0.0004;0;0;0;0;0;0;0;-0.0004;-0.0884;0;0;0;0;0;0;0;0;0;-0.7063;0;0.7063;1;1;0;0;0;0
14/03/21 05:00;0;0;90;0;0;90;0;0;0;0;13.35;5.6599;0;0;0;0;0;0;0;0;0;0;0;0;0;1;1;1;1;0;0;0;0;0;0;0;0;0;0;0;0;0;0;0;0;0;0;0;0;0;0;0;0;0;0;0;0;0;0;0;0;0;0;0;1;1;1;1;1;1;1;1;1;1;1;1;1;1;1;1;1;1;1;0;0;0;0;0;0;0;0;0;0.0004;0.088;0;-0.0884;0;0;0;0;0;0;0;0;0;0;0;0;0;0;0;0;0;0;0;-13.35;0;0;0;0;0.0004;0;0;0;0;0;0;0;-0.0004;-0.0884;0;0;0;0;0;0;0;0;0;-0.7063;0;0.7063;1;1;0;0;0;0
14/03/21 06:00;6.1723;-88.507;74.885;6.1744;8.9462;-90;-8.9462;13.498;13.397;0.1016;12.68;5.6699;0;0.2464;13.306;0.0222;0;0.0156;13.59;0;13.59;0.2464;0.0222;13.306;0.0156;0.0181;0.9802;0;0.0011;13.497;0.0931;0;0;0.08;0.013;12.808;0.5945;0.0449;0.004;0.5451;0.0006;13.403;0.0945;0.0017;0.0002;0.0926;0;12.811;0.1998;0.018;12.589;0.002;7.9572;6.4135;2.3544;0.0025;0.0917;1.3188;0.0025;1.408;0;1;0;0;1.0068;0.9932;1;1;0.994;0.166;0.9556;0.8167;1;0.9585;0.7754;0.993;0.993;1;0.993;0.993;0.9425;0.9461;0.1278;0.0408;0.0414;0.0002;0.0071;-0.0017;0.0003;0.0009;0.0002;0;0;0.088;0;-0.0571;0;0;0;0;0;0;0;0;0;0;0;0;0.0007;0;0.0336;0.0336;0;13.215;13.215;0.5349;0.0418;33.639;999.6;1;0.0028;0.0028;0;0;0;0;0;0;0.0309;-0.0571;0;15.695;18.175;-26.671;-30.885;91.778;91.778;0.3262;0.2687;-0.4567;0.0574;0.7254;0.1761;2.224;0;7.9567;0;0
14/03/21 07:00;18.161;-79.72;40.892;18.438;31.653;-90;-31.653;113.91;107.6;6.3042;12.3;5.6401;0;15.289;98.14;3.822;0;1.6097;118.86;0;118.86;15.289;3.822;98.14;1.6097;0.1286;0.8392;0;0.0135;112.69;6.1725;0;0;4.7501;1.4224;108.72;3.1789;0.1124;0.0281;3.0075;0.0308;111.9;0.7888;0.107;0.0268;0.6537;0.0013;109.21;15.07;3.7672;89.729;0.1551;65.48;52.777;20.588;1.7891;0.7905;11.371;0.4916;10.372;0;1;0;0;1.0435;0.9481;1;1;0.9516;0.1163;0.9716;0.9926;1;0.9676;0.8343;0.993;0.993;1;0.993;0.993;0.9147;0.9143;0.0964;0.3569;0.3529;0.0021;0.0176;-0.0106;0.0024;0.0085;0.0022;0;0;0.088;0;0.2276;0;0;0;0;0;0;0;0;0;0;0;0;0.0069;0.0004;0.3233;0.3233;0;16.722;16.722;4.4218;0.0407;300.26;1076.6;1;0.0076;0.0076;0;0;0;0;0;0;0.3156;0.2276;0;17.253;19.979;12.149;14.068;97.635;97.635;2.8527;2.5836;1.8192;0.269;0.7644;0.0943;0.268;0.6377;65.441;0.5951;0
14/03/21 08:00;29.985;-69.602;17.571;31.617;58.383;-90;-58.383;245.3;211.8;33.498;12.9;5.46;0;63.899;153.58;19.609;0;11.087;248.18;0;248.18;63.899;19.609;153.58;11.087;0.2575;0.6635;0;0.0447;219.21;28.962;0;0;18.578;10.384;212.91;4.7685;0.0385;0.0118;4.6787;0.0395;217.68;1.5345;0.4473;0.1373;0.945;0.0049;217.18;63.413;19.46;129.38;0.6586;140.75;113.45;49.268;23.293;2.6374;37.938;4.2716;17.282;0;1;0;0;1.0117;0.8833;1;1;0.879;0.0634;0.9781;0.9994;1;0.9651;0.9434;0.993;0.993;1;0.993;0.993;0.8579;0.8424;0.0594;0.7453;0.7341;0.0044;0.0166;-0.009;0.0051;0.0179;0.0075;0;0;0.088;0;0.5759;0;0;0;0;0;0;0;0;0;0;0;0;0.0144;0.0015;0.6758;0.6758;0;21.542;21.542;8.6423;0.0406;625.4;1080.5;1;0.0118;0.0118;0;0;0;0;0;0;0.6639;0.5759;0;17.273;20.002;14.722;17.047;98.249;98.249;5.9562;5.4008;4.6029;0.5554;0.7979;0.0933;0.134;0.7728;131.24;0.6934;0
14/03/21 09:00;40.949;-56.998;24.292;45.976;44.024;-90;-44.024;143.31;141.1;2.2046;13.5;5.1701;0;3.066;120.98;0.478;0;3.8248;128.35;0;128.35;3.066;0.478;120.98;3.8248;0.0239;0.9724;0;0.0298;115.1;13.258;0;0;9.7163;3.542;110.67;3.615;0.0026;0.0004;3.5938;0.0183;114.29;0.8057;0.0215;0.0033;0.7789;0.002;112.11;3.042;0.4742;106.9;0.2626;90.342;72.815;30.109;6.8512;1.2648;18.193;1.4404;12.607;0;1;0;0;0.8957;0.8967;1;1;0.9197;0.0739;0.9684;0.9992;1;0.9675;0.9349;0.993;0.993;1;0.993;0.993;0.8623;0.8835;0.0686;0.3854;0.376;0.0023;0.0178;-0.0095;0.0026;0.0091;0.0035;0;0;0.088;0;0.2467;0;0;0;0;0;0;0;0;0;0;0;0;0.0073;0.0005;0.3425;0.3425;0;18.005;18.005;4.5054;0.0407;319.58;1071.8;1;0.0078;0.0078;0;0;0;0;0;0;0.3347;0.2467;0;16.929;19.604;12.195;14.121;97.722;97.722;3.0805;2.7376;1.9719;0.3429;0.7657;0.1113;0.2486;0.6401;89.247;0.5787;0
14/03/21 10:00;50.169;-40.014;29.378;61.795;28.205;-90;-28.205;302.1;288.2;13.9;14.13;5.04;0;15.773;267.54;4.2865;0;3.4077;291.01;0;291.01;15.773;4.2865;267.54;3.4077;0.0542;0.9311;0;0.0117;277.27;13.739;0;0;10.777;2.9614;266.87;8.4613;0.0159;0.0043;8.3582;0.0829;275.33;1.9409;0.1104;0.03;1.7973;0.0031;267.92;15.647;4.2521;246.61;0.3603;183.67;148.04;57.017;3.2698;2.1512;30.944;1.05;29.825;0;1;0;0;0.9633;0.9528;1;1;0.9597;0.131;0.9693;0.999;1;0.9672;0.8129;0.993;0.993;1;0.993;0.993;0.917;0.9218;0.1057;0.8739;0.8722;0.0053;0.0151;-0.0001;0.006;0.0211;0.006;0;0;0.088;0;0.6982;0;0;0;0;0;0;0;0;0;0;0;0;0.017;0.002;0.7997;0.7997;0;24.975;24.975;10.845;0.0406;744.51;1074.2;1;0.0135;0.0135;0;0;0;0;0;0;0.7862;0.6982;0;17.433;20.187;15.22;17.625;98.31;98.31;6.9842;6.3915;5.5801;0.5927;0.8113;0.0849;0.1162;0.799;174.22;0.7401;0
14/03/21 11:00;56.072;-16.894;32.28;78.939;11.061;-90;-11.061;898.59;147.9;750.69;16.09;5.3;0;764.9;50.531;98.728;0;1.5857;915.75;0;915.75;764.9;98.728;50.531;1.5857;0.8353;0.0569;0;0.0017;913.99;1.7548;0;0;0.4331;1.3217;903.5;4.0917;1.7999;0.2323;2.0005;0.0589;907.59;6.3979;5.3543;0.6911;0.3507;0.0018;903.83;757.75;97.805;47.747;0.2032;523.61;422.03;161.69;0.0219;5.5838;80.321;0.3287;85.883;0;1;0;0;1.0191;0.9981;1;1;0.9914;0.1665;0.9955;0.9976;1;0.9598;0.7752;0.993;0.993;1;0.993;0.993;0.9866;0.9449;0.1281;2.75;2.8916;0.0174;-0.001;0.2885;0.0181;0.0642;0.0144;0;0;0.088;0;2.29;0;0;0;0;0;0;0;0;0;0;0;0;0.0517;0.0182;2.4201;2.4201;0;53.495;53.495;37.405;0.0414;2485.7;973.61;1;0.0421;0.0421;0;0;0;0;0;0;2.378;2.29;0;16.765;19.413;15.864;18.37;98.261;98.261;21.978;19.341;18.302;2.6365;1.0396;0.12;0.0473;0.8327;30.373;0.7814;0
14/03/21 12:00;56.783;10.359;32.608;83.285;6.7153;90;6.7153;871.91;158.8;713.11;18.95;5.76;0;718.03;60.576;98.695;0;0.5683;877.87;0;877.87;718.03;98.695;60.576;0.5683;0.8179;0.0697;0;0.0006;877.17;0.7035;0;0;0.2285;0.4749;866.37;4.6603;1.8263;0.251;2.5623;0.0208;871.03;6.1402;5.0262;0.6909;0.4224;0.0007;866.45;711.18;97.753;57.362;0.0719;512.09;412.74;158.78;0.0034;5.4178;77.933;0.0833;83.348;0;1;0;0;1.0068;0.9992;1;1;0.9962;0.1642;0.9946;0.9974;1;0.9572;0.7757;0.993;0.993;1;0.993;0.993;0.9869;0.947;0.1265;2.6362;2.774;0.0167;-0.0017;0.2906;0.0173;0.0613;0.0139;0;0;0.088;0;2.1825;0;0;0;0;0;0;0;0;0;0;0;0;0.0493;0.0168;2.3098;2.3098;0;54.858;54.858;35.908;0.0414;2385.2;968.37;1;0.0392;0.0392;0;0;0;0;0;0;2.2705;2.1825;0;16.691;19.327;15.771;18.263;98.301;98.301;21.069;18.46;17.443;2.6093;1.0169;0.1238;0.0483;0.8279;36.066;0.7763;0
14/03/21 13:00;52.003;34.93;30.313;65.901;24.099;90;24.099;478.7;378.1;100.6;20.3;5.87;0;110.2;328.19;38.288;0;3.9637;480.65;0;480.65;110.2;38.288;328.19;3.9637;0.2293;0.6911;0;0.0082;466.96;13.683;0;0;10.294;3.3882;452.83;10.867;0.1334;0.0463;10.568;0.1187;463.7;3.2688;0.7714;0.268;2.2253;0.004;453.94;109.3;37.974;305.1;0.4527;283.01;228.11;87.008;2.3049;3.1923;45.92;1.1114;46.807;0;1;0;0;1.0041;0.9715;1;1;0.9686;0.1452;0.9766;0.9988;1;0.9665;0.7922;0.993;0.993;1;0.993;0.993;0.9421;0.9297;0.1142;1.4434;1.464;0.0088;0.0068;0.0718;0.0096;0.0342;0.0086;0;0;0.088;0;1.1834;0;0;0;0;0;0;0;0;0;0;0;0;0.0275;0.0051;1.2916;1.2916;0;38.856;38.856;18.556;0.041;1256.4;1028;1;0.0202;0.0202;0;0;0;0;0;0;1.2714;1.1834;0;17.047;19.74;15.619;18.086;98.435;98.435;11.536;10.323;9.4577;1.2129;0.8649;0.1051;0.075;0.8199;208.39;0.7651;0
14/03/21 14:00;43.422;53.317;25.715;49.723;40.277;90;40.277;680.6;175.7;504.91;20.71;5.62;0;661.8;72.495;122.49;0;15.328;872.12;0;872.12;661.8;122.49;72.495;15.328;0.7588;0.1007;0;0.0176;852.89;19.227;0;0;5.12;14.107;843.96;2.9668;0.5837;0.108;2.1657;0.1093;846.92;5.9702;4.6326;0.8575;0.4716;0.0085;848.28;656.59;121.53;64.737;1.1035;328.33;264.63;104.84;3.0273;3.4729;49.956;4.3243;50.401;0;1;0;0;1.2814;0.978;1;1;0.9294;0.0797;0.9965;0.9991;1;0.9676;0.9099;0.993;0.993;1;0.993;0.993;0.9677;0.893;0.072;2.619;2.6602;0.016;-0.0021;0.2872;0.0165;0.0586;0.0089;0;0;0.088;0;2.0877;0;0;0;0;0;0;0;0;0;0;0;0;0.0472;0.0155;2.2124;2.2124;0;55.715;55.715;35.005;0.0415;2290.2;966.04;1;0.0368;0.0368;0;0;0;0;0;0;2.1757;2.0877;0;16.093;18.635;15.185;17.584;98.337;98.337;20.931;17.682;16.685;3.249;0.9974;0.1552;0.0477;0.7971;51.761;0.7643;0
14/03/21 15:00;32.783;66.798;19.343;35.019;54.981;90;54.981;601.29;107.2;494.09;22.55;5.29;0;861.01;28.617;123.44;0;24.343;1037.4;0;1037.4;861.01;123.44;28.617;24.343;0.83;0.051;0;0.0235;1011.4;26.041;0;0;3.1797;22.861;1002.7;1.5788;0.5712;0.0819;0.8607;0.065;1004.3;7.0796;6.0271;0.8641;0.1781;0.0104;1007.7;854.41;122.5;24.398;1.4066;184.54;148.74;55.578;3.5146;2.2875;32.905;4.9417;31.678;0;1;0;0;1.7253;0.9749;1;1;0.8889;0.0609;0.9984;0.9993;1;0.9659;0.9558;0.993;0.993;1;0.993;0.993;0.9666;0.8526;0.0578;3.1154;3.1043;0.0187;0.001;0.4309;0.0186;0.0659;0.0056;0;0;0.088;0;2.359;0;0;0;0;0;0;0;0;0;0;0;0;0.053;0.0208;2.4897;2.4897;0;64.444;64.444;41.894;0.0418;2671.5;931.95;1;0.0427;0.0427;0;0;0;0;0;0;2.447;2.359;0;15.224;17.629;14.425;16.704;98.284;98.284;24.898;19.898;18.853;5.0002;1.0447;0.2008;0.042;0.7572;23.534;0.7396;0
14/03/21 16:00;21.115;77.386;29.111;21.589;41.586;90;41.586;342.7;136.4;206.3;21.8;3.87;0;500.33;69.775;137.18;0;8.2053;715.49;0;715.49;500.33;137.18;69.775;8.2053;0.6993;0.109;0;0.0115;702.75;12.741;0;0;5.1647;7.5762;695.06;2.7664;0.4996;0.137;2.079;0.0508;697.83;4.9192;3.5023;0.9603;0.4523;0.0044;695.78;496.33;136.08;62.079;0.5739;51.664;41.642;17.146;3.2498;0.6846;9.8471;0.7124;7.2819;0;1;0;0;2.0878;0.9822;1;1;0.926;0.0767;0.996;0.999;1;0.9676;0.9186;0.993;0.993;1;0.993;0.993;0.9715;0.8897;0.0699;2.1486;2.1164;0.0127;-0.0005;0.1902;0.0134;0.0475;0.0018;0;0;0.088;0;1.686;0;0;0;0;0;0;0;0;0;0;0;0;0.0383;0.0101;1.8028;1.8028;0;50.513;50.513;28.713;0.0413;1822.9;988.99;1;0.0288;0.0288;0;0;0;0;0;0;1.774;1.686;0;15.984;18.509;14.948;17.31;98.401;98.401;17.172;14.408;13.474;2.7636;0.9338;0.1609;0.0544;0.7847;50.377;0.7767;0
14/03/21 17:00;8.9784;86.514;67.76;8.9948;13.288;90;13.288;116.19;93.899;22.293;21.13;3.08;0;54.067;83.059;23.556;0;0.2955;160.98;0;160.98;54.067;23.556;83.059;0.2955;0.3359;0.5178;0;0.0018;159.76;1.2185;0;0;0.9717;0.2468;148.96;9.6826;4.5345;1.9756;3.1616;0.0109;158.64;1.1183;0.3785;0.1649;0.5746;0.0003;149;49.154;21.416;78.351;0.0375;50.41;40.63;14.918;0.0696;0.5842;8.4028;0.0455;8.9174;0;1;0;0;1.3854;0.9924;1;1;0.9883;0.1648;0.939;0.9155;1;0.9612;0.7747;0.993;0.993;1;0.993;0.993;0.9253;0.9433;0.1268;0.4834;0.4665;0.0028;0.0181;0.0038;0.0031;0.011;0.0016;0;0;0.088;0;0.3203;0;0;0;0;0;0;0;0;0;0;0;0;0.0088;0.0007;0.4167;0.4167;0;27.225;27.225;6.0945;0.0409;398.58;1045.4;1;0.0083;0.0083;0;0;0;0;0;0;0.4083;0.3203;0;16.419;19.013;12.623;14.618;98.002;98.002;3.8635;3.3299;2.5601;0.5335;0.7698;0.1381;0.1993;0.6626;50.253;0.6377;0
14/03/21 18:00;1.4168;91.854;86.562;1.4175;2.0221;90;2.0221;0;0;0;19.07;2.9;0;0;0;0;0;0;0;0;0;0;0;0;0;1;1;1;1;0;0;0;0;0;0;0;0;0;0;0;0;0;0;0;0;0;0;0;0;0;0;0;0;0;0;0;0;0;0;0;0;0;0;0;1;1;1;1;1;1;1;1;1;1;1;1;1;1;1;1;1;1;1;0;0;0;0;0;0;0;0;0;0.0004;0.088;0;-0.0884;0;0;0;0;0;0;0;0;0;0;0;0;0;0;0;0;0;0;0;-19.07;0;0;0;0;0.0004;0;0;0;0;0;0;0;-0.0004;-0.0884;0;0;0;0;0;0;0;0;0;-0.7063;0;0.7063;1;1;0;0;0;0
14/03/21 19:00;0;0;90;0;0;90;0;0;0;0;17.62;2.18;0;0;0;0;0;0;0;0;0;0;0;0;0;1;1;1;1;0;0;0;0;0;0;0;0;0;0;0;0;0;0;0;0;0;0;0;0;0;0;0;0;0;0;0;0;0;0;0;0;0;0;0;1;1;1;1;1;1;1;1;1;1;1;1;1;1;1;1;1;1;1;0;0;0;0;0;0;0;0;0;0.0004;0.088;0;-0.0884;0;0;0;0;0;0;0;0;0;0;0;0;0;0;0;0;0;0;0;-17.62;0;0;0;0;0.0004;0;0;0;0;0;0;0;-0.0004;-0.0884;0;0;0;0;0;0;0;0;0;-0.7063;0;0.7063;1;1;0;0;0;0
14/03/21 20:00;0;0;90;0;0;90;0;0;0;0;16.14;1.06;0;0;0;0;0;0;0;0;0;0;0;0;0;1;1;1;1;0;0;0;0;0;0;0;0;0;0;0;0;0;0;0;0;0;0;0;0;0;0;0;0;0;0;0;0;0;0;0;0;0;0;0;1;1;1;1;1;1;1;1;1;1;1;1;1;1;1;1;1;1;1;0;0;0;0;0;0;0;0;0;0.0004;0.088;0;-0.0884;0;0;0;0;0;0;0;0;0;0;0;0;0;0;0;0;0;0;0;-16.14;0;0;0;0;0.0004;0;0;0;0;0;0;0;-0.0004;-0.0884;0;0;0;0;0;0;0;0;0;-0.7063;0;0.7063;1;1;0;0;0;0
14/03/21 21:00;0;0;90;0;0;90;0;0;0;0;14.7;0.4601;0;0;0;0;0;0;0;0;0;0;0;0;0;1;1;1;1;0;0;0;0;0;0;0;0;0;0;0;0;0;0;0;0;0;0;0;0;0;0;0;0;0;0;0;0;0;0;0;0;0;0;0;1;1;1;1;1;1;1;1;1;1;1;1;1;1;1;1;1;1;1;0;0;0;0;0;0;0;0;0;0.0004;0.088;0;-0.0884;0;0;0;0;0;0;0;0;0;0;0;0;0;0;0;0;0;0;0;-14.7;0;0;0;0;0.0004;0;0;0;0;0;0;0;-0.0004;-0.0884;0;0;0;0;0;0;0;0;0;-0.7063;0;0.7063;1;1;0;0;0;0
14/03/21 22:00;0;0;90;0;0;90;0;0;0;0;13.5;0.92;0;0;0;0;0;0;0;0;0;0;0;0;0;1;1;1;1;0;0;0;0;0;0;0;0;0;0;0;0;0;0;0;0;0;0;0;0;0;0;0;0;0;0;0;0;0;0;0;0;0;0;0;1;1;1;1;1;1;1;1;1;1;1;1;1;1;1;1;1;1;1;0;0;0;0;0;0;0;0;0;0.0004;0.088;0;-0.0884;0;0;0;0;0;0;0;0;0;0;0;0;0;0;0;0;0;0;0;-13.5;0;0;0;0;0.0004;0;0;0;0;0;0;0;-0.0004;-0.0884;0;0;0;0;0;0;0;0;0;-0.7063;0;0.7063;1;1;0;0;0;0
14/03/21 23:00;0;0;90;0;0;90;0;0;0;0;13.6;1.4301;0;0;0;0;0;0;0;0;0;0;0;0;0;1;1;1;1;0;0;0;0;0;0;0;0;0;0;0;0;0;0;0;0;0;0;0;0;0;0;0;0;0;0;0;0;0;0;0;0;0;0;0;1;1;1;1;1;1;1;1;1;1;1;1;1;1;1;1;1;1;1;0;0;0;0;0;0;0;0;0;0.0004;0.088;0;-0.0884;0;0;0;0;0;0;0;0;0;0;0;0;0;0;0;0;0;0;0;-13.6;0;0;0;0;0.0004;0;0;0;0;0;0;0;-0.0004;-0.0884;0;0;0;0;0;0;0;0;0;-0.7063;0;0.7063;1;1;0;0;0;0
15/03/21 00:00;0;0;90;0;0;90;0;0;0;0;12.4;1.89;0;0;0;0;0;0;0;0;0;0;0;0;0;1;1;1;1;0;0;0;0;0;0;0;0;0;0;0;0;0;0;0;0;0;0;0;0;0;0;0;0;0;0;0;0;0;0;0;0;0;0;0;1;1;1;1;1;1;1;1;1;1;1;1;1;1;1;1;1;1;1;0;0;0;0;0;0;0;0;0;0.0004;0.088;0;-0.0884;0;0;0;0;0;0;0;0;0;0;0;0;0;0;0;0;0;0;0;-12.4;0;0;0;0;0.0004;0;0;0;0;0;0;0;-0.0004;-0.0884;0;0;0;0;0;0;0;0;0;-0.7063;0;0.7063;1;1;0;0;0;0
15/03/21 01:00;0;0;90;0;0;90;0;0;0;0;11.8;2.1699;0;0;0;0;0;0;0;0;0;0;0;0;0;1;1;1;1;0;0;0;0;0;0;0;0;0;0;0;0;0;0;0;0;0;0;0;0;0;0;0;0;0;0;0;0;0;0;0;0;0;0;0;1;1;1;1;1;1;1;1;1;1;1;1;1;1;1;1;1;1;1;0;0;0;0;0;0;0;0;0;0.0004;0.088;0;-0.0884;0;0;0;0;0;0;0;0;0;0;0;0;0;0;0;0;0;0;0;-11.8;0;0;0;0;0.0004;0;0;0;0;0;0;0;-0.0004;-0.0884;0;0;0;0;0;0;0;0;0;-0.7063;0;0.7063;1;1;0;0;0;0
15/03/21 02:00;0;0;90;0;0;90;0;0;0;0;10.43;2.27;0;0;0;0;0;0;0;0;0;0;0;0;0;1;1;1;1;0;0;0;0;0;0;0;0;0;0;0;0;0;0;0;0;0;0;0;0;0;0;0;0;0;0;0;0;0;0;0;0;0;0;0;1;1;1;1;1;1;1;1;1;1;1;1;1;1;1;1;1;1;1;0;0;0;0;0;0;0;0;0;0.0004;0.088;0;-0.0884;0;0;0;0;0;0;0;0;0;0;0;0;0;0;0;0;0;0;0;-10.43;0;0;0;0;0.0004;0;0;0;0;0;0;0;-0.0004;-0.0884;0;0;0;0;0;0;0;0;0;-0.7063;0;0.7063;1;1;0;0;0;0
15/03/21 03:00;0;0;90;0;0;90;0;0;0;0;9.2003;2.3701;0;0;0;0;0;0;0;0;0;0;0;0;0;1;1;1;1;0;0;0;0;0;0;0;0;0;0;0;0;0;0;0;0;0;0;0;0;0;0;0;0;0;0;0;0;0;0;0;0;0;0;0;1;1;1;1;1;1;1;1;1;1;1;1;1;1;1;1;1;1;1;0;0;0;0;0;0;0;0;0;0.0004;0.088;0;-0.0884;0;0;0;0;0;0;0;0;0;0;0;0;0;0;0;0;0;0;0;-9.2003;0;0;0;0;0.0004;0;0;0;0;0;0;0;-0.0004;-0.0884;0;0;0;0;0;0;0;0;0;-0.7063;0;0.7063;1;1;0;0;0;0
15/03/21 04:00;0;0;90;0;0;90;0;0;0;0;8.6399;2.42;0;0;0;0;0;0;0;0;0;0;0;0;0;1;1;1;1;0;0;0;0;0;0;0;0;0;0;0;0;0;0;0;0;0;0;0;0;0;0;0;0;0;0;0;0;0;0;0;0;0;0;0;1;1;1;1;1;1;1;1;1;1;1;1;1;1;1;1;1;1;1;0;0;0;0;0;0;0;0;0;0.0004;0.088;0;-0.0884;0;0;0;0;0;0;0;0;0;0;0;0;0;0;0;0;0;0;0;-8.6399;0;0;0;0;0.0004;0;0;0;0;0;0;0;-0.0004;-0.0884;0;0;0;0;0;0;0;0;0;-0.7063;0;0.7063;1;1;0;0;0;0
15/03/21 05:00;0;0;90;0;0;90;0;0;0;0;8.4498;2.84;0;0;0;0;0;0;0;0;0;0;0;0;0;1;1;1;1;0;0;0;0;0;0;0;0;0;0;0;0;0;0;0;0;0;0;0;0;0;0;0;0;0;0;0;0;0;0;0;0;0;0;0;1;1;1;1;1;1;1;1;1;1;1;1;1;1;1;1;1;1;1;0;0;0;0;0;0;0;0;0;0.0004;0.088;0;-0.0884;0;0;0;0;0;0;0;0;0;0;0;0;0;0;0;0;0;0;0;-8.4498;0;0;0;0;0.0004;0;0;0;0;0;0;0;-0.0004;-0.0884;0;0;0;0;0;0;0;0;0;-0.7063;0;0.7063;1;1;0;0;0;0
15/03/21 06:00;6.0044;-88.14;75.304;6.0075;8.6966;-90;-8.6966;89.605;14.801;74.805;8.9497;3.5099;0;181.42;7.0912;18.598;0;0.0979;207.21;0;207.21;181.42;18.598;7.0912;0.0979;0.8756;0.0347;0;0.0005;207.09;0.1223;0;0;0.0407;0.0816;167.25;38.382;34.546;3.5414;0.2916;0.0036;205.64;1.4496;1.27;0.1302;0.0494;0.0001;167.26;145.61;14.927;6.7095;0.0125;4.6421;3.7415;1.4447;0.0012;0.0488;0.7026;0.0012;0.7502;0;1;0;0;2.3125;0.9994;1;1;0.9943;0.1659;0.8133;0.8082;1;0.9584;0.7755;0.993;0.993;1;0.993;0.993;0.8072;0.9462;0.1278;0.6222;0.5052;0.003;0.018;-0.0168;0.0035;0.0124;0.0001;0;0;0.088;0;0.3766;0;0;0;0;0;0;0;0;0;0;0;0;0.01;0.0008;0.4741;0.4741;0;15.719;15.719;6.7694;0.0405;431.97;1097.5;1;0.0094;0.0094;0;0;0;0;0;0;0.4646;0.3766;0;14.514;16.807;11.531;13.352;98.007;98.007;4.973;3.789;3.0102;1.1841;0.7788;0.2381;0.1566;0.6053;4.238;0.6038;0
15/03/21 07:00;17.985;-79.341;41.508;18.28;31.248;-90;-31.248;287.61;47.701;239.91;12.26;2.73;0;581.84;19.337;65.124;0;3.9637;670.27;0;670.27;581.84;65.124;19.337;3.9637;0.8681;0.0348;0;0.0059;665.85;4.4127;0;0;0.917;3.4957;655.53;5.6617;4.4874;0.5023;0.5937;0.0783;661.19;4.661;4.0729;0.4559;0.1289;0.0033;655.62;573.28;64.166;17.697;0.3864;14.164;11.416;4.6564;0.3381;0.1546;2.2241;0.0935;2.0406;0;1;0;0;2.3305;0.9934;1;1;0.9526;0.1181;0.9914;0.9922;1;0.9675;0.8316;0.993;0.993;1;0.993;0.993;0.978;0.9152;0.0975;2.0128;1.9794;0.0119;0.0006;0.0976;0.0131;0.0464;0.0004;0;0;0.088;0;1.6461;0;0;0;0;0;0;0;0;0;0;0;0;0.0374;0.0089;1.763;1.763;0;39.088;39.088;26.827;0.0409;1703.2;1035.1;1;0.029;0.029;0;0;0;0;0;0;1.7341;1.6461;0;16.686;19.322;15.579;18.04;98.358;98.358;16.086;14.09;13.155;1.9964;0.9347;0.1241;0.0581;0.8178;12.857;0.8158;0
15/03/21 08:00;29.787;-69.199;17.951;31.479;58.521;-90;-58.521;498.31;82.298;416.01;14.96;1.23;0;796.66;24.633;95.621;0;22.619;939.54;0;939.54;796.66;95.621;24.633;22.619;0.8479;0.0503;0;0.0241;915.36;24.174;0;0;2.9899;21.184;907.57;1.382;0.4905;0.0589;0.7509;0.0817;908.95;6.4075;5.5766;0.6693;0.1515;0.01;911.53;790.6;94.893;20.741;1.3436;120.92;97.463;37.431;3.7726;1.5286;21.988;3.9587;19.744;0;1;0;0;1.8855;0.9743;1;1;0.8786;0.0635;0.9985;0.9994;1;0.9651;0.9427;0.993;0.993;1;0.993;0.993;0.966;0.842;0.0594;2.8214;2.7918;0.0168;-0.0016;0.269;0.0176;0.0623;0.0039;0;0;0.088;0;2.228;0;0;0;0;0;0;0;0;0;0;0;0;0.0501;0.017;2.3567;2.3567;0;52.502;52.502;37.542;0.0414;2405.3;979.79;1;0.0407;0.0407;0;0;0;0;0;0;2.316;2.228;0;15.912;18.426;15.043;17.42;98.274;98.274;22.549;18.835;17.806;3.7143;1.0283;0.1647;0.0456;0.7897;21.083;0.7761;0
15/03/21 09:00;40.711;-56.571;24.683;45.875;44.125;-90;-44.125;688.69;113.6;575.09;17.64;1.0301;0;801.16;35.243;101.1;0;18.461;955.96;0;955.96;801.16;101.1;35.243;18.461;0.8381;0.0562;0;0.0193;936.02;19.94;0;0;2.8398;17.1;927.57;1.8979;0.6783;0.0856;1.0468;0.0873;929.47;6.5521;5.6081;0.7077;0.2268;0.0095;932.31;794.87;100.3;31.129;1.2649;303.49;244.61;95.657;2.0159;3.2406;46.615;4.7451;47.84;0;1;0;0;1.3881;0.9791;1;1;0.9194;0.0738;0.998;0.9991;1;0.9675;0.9354;0.993;0.993;1;0.993;0.993;0.9703;0.8833;0.0685;2.8707;2.9063;0.0175;-0.0009;0.3173;0.018;0.0639;0.0082;0;0;0.088;0;2.2829;0;0;0;0;0;0;0;0;0;0;0;0;0.0514;0.0184;2.4125;2.4125;0;56.125;56.125;38.485;0.0415;2501.5;964.44;1;0.0417;0.0417;0;0;0;0;0;0;2.3709;2.2829;0;16.009;18.538;15.149;17.542;98.273;98.273;22.943;19.281;18.245;3.6622;1.0363;0.1596;0.0452;0.7952;26.021;0.7672;0
15/03/21 10:00;49.87;-39.596;29.778;61.752;28.248;-90;-28.248;823.09;136;687.09;19.1;1.5199;0;779.98;44.627;100.52;0;9.3126;934.44;0;934.44;779.98;100.52;44.627;9.3126;0.8347;0.0577;0;0.01;924.54;9.8967;0;0;1.8022;8.0945;915.55;2.5191;0.7966;0.1027;1.3938;0.226;918.07;6.4718;5.4599;0.7036;0.2998;0.0085;918.13;773.73;99.711;41.131;0.9835;443.44;357.41;138.67;0.5506;4.6504;66.894;2.5788;70.994;0;1;0;0;1.1353;0.9894;1;1;0.9596;0.1308;0.9973;0.999;1;0.9672;0.8131;0.993;0.993;1;0.993;0.993;0.9798;0.9217;0.1056;2.8061;2.9063;0.0175;-0.0009;0.3276;0.0179;0.0636;0.0118;0;0;0.088;0;2.27;0;0;0;0;0;0;0;0;0;0;0;0;0.0512;0.0183;2.3992;2.3992;0;57.118;57.118;38.018;0.0415;2499.7;959.83;1;0.0412;0.0412;0;0;0;0;0;0;2.358;2.27;0;16.288;18.861;15.41;17.845;98.282;98.282;22.427;19.175;18.142;3.2518;1.0328;0.145;0.0461;0.809;29.069;0.7678;0
15/03/21 11:00;55.706;-16.602;32.681;78.973;11.027;-90;-11.027;903.4;149.3;754.09;19.69;2.0601;0;768.28;50.099;100.59;0;1.5845;920.56;0;920.56;768.28;100.59;50.099;1.5845;0.8346;0.0561;0;0.0017;918.81;1.748;0;0;0.4272;1.3208;908.09;4.2901;1.9866;0.2601;1.9845;0.0589;912.38;6.4317;5.378;0.7042;0.3477;0.0018;908.42;760.91;99.63;47.34;0.203;526.44;424.31;162.57;0.0215;5.6138;80.752;0.328;86.344;0;1;0;0;1.019;0.9981;1;1;0.9915;0.1665;0.9953;0.9974;1;0.9598;0.7752;0.993;0.993;1;0.993;0.993;0.9865;0.9449;0.1281;2.7644;2.9063;0.0175;-0.0009;0.3306;0.0179;0.0635;0.0142;0;0;0.088;0;2.2649;0;0;0;0;0;0;0;0;0;0;0;0;0.0512;0.0183;2.3939;2.3939;0;57.407;57.407;37.717;0.0415;2498.4;958.21;1;0.0411;0.0411;0;0;0;0;0;0;2.3529;2.2649;0;16.497;19.103;15.608;18.073;98.285;98.285;22.093;19.132;18.101;2.9609;1.0314;0.134;0.0467;0.8193;30.11;0.7688;0
15/03/21 12:00;56.382;10.383;32.997;83.167;6.8331;90;6.8331;909.1;149.9;759.2;21.14;2.3701;0;764.63;50.707;99.723;0;0.6134;915.67;0;915.67;764.63;99.723;50.707;0.6134;0.835;0.056;0;0.0007;914.96;0.7094;0;0;0.1968;0.5127;904;4.5576;2.1176;0.2762;2.1414;0.0225;908.56;6.4047;5.3524;0.6981;0.3536;0.0007;904.09;757.16;98.748;48.015;0.0776;533.77;430.22;165.62;0.0031;5.6392;81.117;0.0916;86.754;0;1;0;0;1.0072;0.9992;1;1;0.9961;0.1643;0.995;0.9972;1;0.9573;0.7756;0.993;0.993;1;0.993;0.993;0.9873;0.9469;0.1265;2.7498;2.894;0.0174;-0.001;0.343;0.0177;0.0629;0.0142;0;0;0.088;0;2.2426;0;0;0;0;0;0;0;0;0;0;0;0;0.0507;0.0182;2.3709;2.3709;0;58.729;58.729;37.588;0.0416;2487.8;953.01;1;0.0404;0.0404;0;0;0;0;0;0;2.3306;2.2426;0;16.425;19.02;15.536;17.99;98.297;98.297;21.976;18.948;17.922;3.0278;1.0259;0.1378;0.0467;0.8155;30.196;0.7648;0
15/03/21 13:00;51.62;34.735;30.679;65.711;24.289;90;24.289;849.89;144.3;705.59;22.24;2.3801;0;774.11;47.976;103.24;0;7.1468;932.48;0;932.48;774.11;103.24;47.976;7.1468;0.8302;0.0591;0;0.0077;924.84;7.6383;0;0;1.5239;6.1143;915.36;3.0036;1.102;0.147;1.5424;0.2123;918.37;6.4739;5.4188;0.7227;0.3252;0.0072;917.21;767.59;102.37;44.585;0.813;470.21;378.99;148.59;0.3481;4.8156;69.27;1.8489;73.737;0;1;0;0;1.0972;0.9918;1;1;0.9682;0.1445;0.9967;0.9986;1;0.9666;0.793;0.993;0.993;1;0.993;0.993;0.9816;0.9293;0.1138;2.8002;2.9086;0.0175;-0.0009;0.3616;0.0177;0.0628;0.012;0;0;0.088;0;2.2406;0;0;0;0;0;0;0;0;0;0;0;0;0.0506;0.0184;2.3688;2.3688;0;60.352;60.352;38.112;0.0416;2501.2;947.08;1;0.0402;0.0402;0;0;0;0;0;0;2.3286;2.2406;0;16.115;18.661;15.243;17.651;98.304;98.304;22.379;18.932;17.907;3.4479;1.0243;0.1541;0.0458;0.8002;30.496;0.758;0
15/03/21 14:00;43.077;53.036;26.054;49.485;40.515;90;40.515;712.7;146;566.7;22.65;2.26;0;745.44;51.248;115.45;0;16.234;928.37;0;928.37;745.44;115.45;51.248;16.234;0.803;0.0727;0;0.0175;909.77;18.6;0;0;3.6509;14.95;900.99;2.4124;0.6661;0.1032;1.5302;0.1129;903.4;6.3684;5.218;0.8081;0.3332;0.009;905.5;739.55;114.54;45.733;1.1624;337.92;272.36;107.73;2.1851;3.5247;50.702;4.5145;52.041;0;1;0;0;1.3026;0.98;1;1;0.9288;0.0791;0.9973;0.9991;1;0.9676;0.9115;0.993;0.993;1;0.993;0.993;0.9705;0.8924;0.0716;2.7879;2.8342;0.0171;-0.0014;0.3506;0.0173;0.0613;0.0088;0;0;0.088;0;2.1868;0;0;0;0;0;0;0;0;0;0;0;0;0.0493;0.0175;2.3136;2.3136;0;60.157;60.157;37.507;0.0416;2439.3;948.47;1;0.0389;0.0389;0;0;0;0;0;0;2.2748;2.1868;0;15.809;18.307;14.942;17.303;98.32;98.32;22.281;18.49;17.477;3.7903;1.0139;0.1701;0.0455;0.7844;36.664;0.7536;0
15/03/21 15:00;32.468;66.502;19.657;34.754;55.246;90;55.246;534.29;150.3;383.99;23.26;2.05;0;673.61;56.843;136.64;0;21.823;888.92;0;888.92;673.61;136.64;56.843;21.823;0.7578;0.0885;0;0.0246;862.06;26.856;0;0;6.3602;20.496;853.71;2.3166;0.4542;0.0921;1.7111;0.0592;856.03;6.0344;4.7153;0.9565;0.3534;0.0093;858.53;668.44;135.59;48.418;1.2593;176.32;142.11;54.095;7.0938;2.3639;34.004;4.8178;29.274;0;1;0;0;1.6637;0.9698;1;1;0.8881;0.0608;0.9973;0.9993;1;0.9659;0.9551;0.993;0.993;1;0.993;0.993;0.9604;0.8518;0.0577;2.6694;2.6575;0.016;-0.0021;0.316;0.0163;0.0578;0.006;0;0;0.088;0;2.0616;0;0;0;0;0;0;0;0;0;0;0;0;0.0465;0.0155;2.1855;2.1855;0;58.759;58.759;35.499;0.0416;2289.6;954.54;1;0.0359;0.0359;0;0;0;0;0;0;2.1496;2.0616;0;15.596;18.06;14.712;17.036;98.358;98.358;21.334;17.466;16.476;3.8677;0.9901;0.1813;0.0464;0.7723;46.883;0.7508;0
15/03/21 16:00;20.819;77.095;30.459;21.311;40.502;90;40.502;322.81;148.7;174.11;23.18;1.63;0;422.27;84.429;128;0;7.3483;642.04;0;642.04;422.27;128;84.429;7.3483;0.6577;0.1429;0;0.0114;629.27;12.779;0;0;6.0119;6.7667;621.58;3.2851;0.5471;0.1658;2.521;0.0512;624.86;4.4049;2.9559;0.896;0.5489;0.0041;622.38;418.77;126.94;75.347;0.5263;61.508;49.576;20.265;3.591;0.8065;11.602;0.8031;8.8172;0;1;0;0;1.9889;0.9801;1;1;0.9288;0.0791;0.9947;0.9987;1;0.9676;0.9114;0.993;0.993;1;0.993;0.993;0.9681;0.8924;0.0716;1.9281;1.899;0.0114;0.0014;0.1597;0.0121;0.0429;0.0021;0;0;0.088;0;1.513;0;0;0;0;0;0;0;0;0;0;0;0;0.0345;0.0082;1.6266;1.6266;0;48.829;48.829;25.649;0.0413;1633.7;995.68;1;0.0256;0.0256;0;0;0;0;0;0;1.601;1.513;0;16.072;18.611;14.949;17.311;98.426;98.426;15.409;13;12.092;2.4091;0.9079;0.1563;0.0589;0.7847;60.396;0.7743;0
15/03/21 17:00;8.6915;86.23;68.5;8.7101;12.837;90;12.837;91.598;83.801;7.7964;22.34;2.04;0;18.908;79.661;7.5971;0;0.2175;106.38;0;106.38;18.908;7.5971;79.661;0.2175;0.1777;0.7508;0;0.002;105.32;1.061;0;0;0.8794;0.1816;99.106;5.4796;1.7225;0.6921;3.0571;0.008;104.59;0.7373;0.1324;0.0532;0.5515;0.0003;99.146;17.054;6.8519;75.173;0.0276;48.182;38.835;14.335;0.0589;0.5528;7.9523;0.0397;8.4463;0;1;0;0;1.1614;0.99;1;1;0.989;0.1649;0.9476;0.9083;1;0.9609;0.7747;0.993;0.993;1;0.993;0.993;0.9316;0.9437;0.1269;0.3195;0.3154;0.0019;0.0173;0.0016;0.0021;0.0073;0.0015;0;0;0.088;0;0.1827;0;0;0;0;0;0;0;0;0;0;0;0;0.0059;0.0004;0.2775;0.2775;0;26.408;26.408;4.0682;0.041;268.69;1032.6;1;0.0067;0.0067;0;0;0;0;0;0;0.2707;0.1827;0;16.545;19.158;10.895;12.617;97.571;97.571;2.5532;2.2174;1.4603;0.3358;0.7572;0.1315;0.2966;0.5719;48.128;0.5416;0
15/03/21 18:00;1.3349;91.429;86.761;1.3353;1.9046;90;1.9046;0;0;0;19.72;2.4601;0;0;0;0;0;0;0;0;0;0;0;0;0;1;1;1;1;0;0;0;0;0;0;0;0;0;0;0;0;0;0;0;0;0;0;0;0;0;0;0;0;0;0;0;0;0;0;0;0;0;0;0;1;1;1;1;1;1;1;1;1;1;1;1;1;1;1;1;1;1;1;0;0;0;0;0;0;0;0;0;0.0004;0.088;0;-0.0884;0;0;0;0;0;0;0;0;0;0;0;0;0;0;0;0;0;0;0;-19.72;0;0;0;0;0.0004;0;0;0;0;0;0;0;-0.0004;-0.0884;0;0;0;0;0;0;0;0;0;-0.7063;0;0.7063;1;1;0;0;0;0
15/03/21 19:00;0;0;90;0;0;90;0;0;0;0;15.68;2.67;0;0;0;0;0;0;0;0;0;0;0;0;0;1;1;1;1;0;0;0;0;0;0;0;0;0;0;0;0;0;0;0;0;0;0;0;0;0;0;0;0;0;0;0;0;0;0;0;0;0;0;0;1;1;1;1;1;1;1;1;1;1;1;1;1;1;1;1;1;1;1;0;0;0;0;0;0;0;0;0;0.0004;0.088;0;-0.0884;0;0;0;0;0;0;0;0;0;0;0;0;0;0;0;0;0;0;0;-15.68;0;0;0;0;0.0004;0;0;0;0;0;0;0;-0.0004;-0.0884;0;0;0;0;0;0;0;0;0;-0.7063;0;0.7063;1;1;0;0;0;0
15/03/21 20:00;0;0;90;0;0;90;0;0;0;0;13.84;2.7801;0;0;0;0;0;0;0;0;0;0;0;0;0;1;1;1;1;0;0;0;0;0;0;0;0;0;0;0;0;0;0;0;0;0;0;0;0;0;0;0;0;0;0;0;0;0;0;0;0;0;0;0;1;1;1;1;1;1;1;1;1;1;1;1;1;1;1;1;1;1;1;0;0;0;0;0;0;0;0;0;0.0004;0.088;0;-0.0884;0;0;0;0;0;0;0;0;0;0;0;0;0;0;0;0;0;0;0;-13.84;0;0;0;0;0.0004;0;0;0;0;0;0;0;-0.0004;-0.0884;0;0;0;0;0;0;0;0;0;-0.7063;0;0.7063;1;1;0;0;0;0
15/03/21 21:00;0;0;90;0;0;90;0;0;0;0;12.62;2.7899;0;0;0;0;0;0;0;0;0;0;0;0;0;1;1;1;1;0;0;0;0;0;0;0;0;0;0;0;0;0;0;0;0;0;0;0;0;0;0;0;0;0;0;0;0;0;0;0;0;0;0;0;1;1;1;1;1;1;1;1;1;1;1;1;1;1;1;1;1;1;1;0;0;0;0;0;0;0;0;0;0.0004;0.088;0;-0.0884;0;0;0;0;0;0;0;0;0;0;0;0;0;0;0;0;0;0;0;-12.62;0;0;0;0;0.0004;0;0;0;0;0;0;0;-0.0004;-0.0884;0;0;0;0;0;0;0;0;0;-0.7063;0;0.7063;1;1;0;0;0;0
15/03/21 22:00;0;0;90;0;0;90;0;0;0;0;12.12;2.6901;0;0;0;0;0;0;0;0;0;0;0;0;0;1;1;1;1;0;0;0;0;0;0;0;0;0;0;0;0;0;0;0;0;0;0;0;0;0;0;0;0;0;0;0;0;0;0;0;0;0;0;0;1;1;1;1;1;1;1;1;1;1;1;1;1;1;1;1;1;1;1;0;0;0;0;0;0;0;0;0;0.0004;0.088;0;-0.0884;0;0;0;0;0;0;0;0;0;0;0;0;0;0;0;0;0;0;0;-12.12;0;0;0;0;0.0004;0;0;0;0;0;0;0;-0.0004;-0.0884;0;0;0;0;0;0;0;0;0;-0.7063;0;0.7063;1;1;0;0;0;0
15/03/21 23:00;0;0;90;0;0;90;0;0;0;0;11.5;2.7001;0;0;0;0;0;0;0;0;0;0;0;0;0;1;1;1;1;0;0;0;0;0;0;0;0;0;0;0;0;0;0;0;0;0;0;0;0;0;0;0;0;0;0;0;0;0;0;0;0;0;0;0;1;1;1;1;1;1;1;1;1;1;1;1;1;1;1;1;1;1;1;0;0;0;0;0;0;0;0;0;0.0004;0.088;0;-0.0884;0;0;0;0;0;0;0;0;0;0;0;0;0;0;0;0;0;0;0;-11.5;0;0;0;0;0.0004;0;0;0;0;0;0;0;-0.0004;-0.0884;0;0;0;0;0;0;0;0;0;-0.7063;0;0.7063;1;1;0;0;0;0
16/03/21 00:00;0;0;90;0;0;90;0;0;0;0;11.45;2.91;0;0;0;0;0;0;0;0;0;0;0;0;0;1;1;1;1;0;0;0;0;0;0;0;0;0;0;0;0;0;0;0;0;0;0;0;0;0;0;0;0;0;0;0;0;0;0;0;0;0;0;0;1;1;1;1;1;1;1;1;1;1;1;1;1;1;1;1;1;1;1;0;0;0;0;0;0;0;0;0;0.0004;0.088;0;-0.0884;0;0;0;0;0;0;0;0;0;0;0;0;0;0;0;0;0;0;0;-11.45;0;0;0;0;0.0004;0;0;0;0;0;0;0;-0.0004;-0.0884;0;0;0;0;0;0;0;0;0;-0.7063;0;0.7063;1;1;0;0;0;0
16/03/21 01:00;0;0;90;0;0;90;0;0;0;0;11.54;3.1899;0;0;0;0;0;0;0;0;0;0;0;0;0;1;1;1;1;0;0;0;0;0;0;0;0;0;0;0;0;0;0;0;0;0;0;0;0;0;0;0;0;0;0;0;0;0;0;0;0;0;0;0;1;1;1;1;1;1;1;1;1;1;1;1;1;1;1;1;1;1;1;0;0;0;0;0;0;0;0;0;0.0004;0.088;0;-0.0884;0;0;0;0;0;0;0;0;0;0;0;0;0;0;0;0;0;0;0;-11.54;0;0;0;0;0.0004;0;0;0;0;0;0;0;-0.0004;-0.0884;0;0;0;0;0;0;0;0;0;-0.7063;0;0.7063;1;1;0;0;0;0
16/03/21 02:00;0;0;90;0;0;90;0;0;0;0;13.38;3.6601;0;0;0;0;0;0;0;0;0;0;0;0;0;1;1;1;1;0;0;0;0;0;0;0;0;0;0;0;0;0;0;0;0;0;0;0;0;0;0;0;0;0;0;0;0;0;0;0;0;0;0;0;1;1;1;1;1;1;1;1;1;1;1;1;1;1;1;1;1;1;1;0;0;0;0;0;0;0;0;0;0.0004;0.088;0;-0.0884;0;0;0;0;0;0;0;0;0;0;0;0;0;0;0;0;0;0;0;-13.38;0;0;0;0;0.0004;0;0;0;0;0;0;0;-0.0004;-0.0884;0;0;0;0;0;0;0;0;0;-0.7063;0;0.7063;1;1;0;0;0;0
16/03/21 03:00;0;0;90;0;0;90;0;0;0;0;13.69;4.2;0;0;0;0;0;0;0;0;0;0;0;0;0;1;1;1;1;0;0;0;0;0;0;0;0;0;0;0;0;0;0;0;0;0;0;0;0;0;0;0;0;0;0;0;0;0;0;0;0;0;0;0;1;1;1;1;1;1;1;1;1;1;1;1;1;1;1;1;1;1;1;0;0;0;0;0;0;0;0;0;0.0004;0.088;0;-0.0884;0;0;0;0;0;0;0;0;0;0;0;0;0;0;0;0;0;0;0;-13.69;0;0;0;0;0.0004;0;0;0;0;0;0;0;-0.0004;-0.0884;0;0;0;0;0;0;0;0;0;-0.7063;0;0.7063;1;1;0;0;0;0
16/03/21 04:00;0;0;90;0;0;90;0;0;0;0;13.07;4.36;0;0;0;0;0;0;0;0;0;0;0;0;0;1;1;1;1;0;0;0;0;0;0;0;0;0;0;0;0;0;0;0;0;0;0;0;0;0;0;0;0;0;0;0;0;0;0;0;0;0;0;0;1;1;1;1;1;1;1;1;1;1;1;1;1;1;1;1;1;1;1;0;0;0;0;0;0;0;0;0;0.0004;0.088;0;-0.0884;0;0;0;0;0;0;0;0;0;0;0;0;0;0;0;0;0;0;0;-13.07;0;0;0;0;0.0004;0;0;0;0;0;0;0;-0.0004;-0.0884;0;0;0;0;0;0;0;0;0;-0.7063;0;0.7063;1;1;0;0;0;0
16/03/21 05:00;0;0;90;0;0;90;0;0;0;0;13.23;4.64;0;0;0;0;0;0;0;0;0;0;0;0;0;1;1;1;1;0;0;0;0;0;0;0;0;0;0;0;0;0;0;0;0;0;0;0;0;0;0;0;0;0;0;0;0;0;0;0;0;0;0;0;1;1;1;1;1;1;1;1;1;1;1;1;1;1;1;1;1;1;1;0;0;0;0;0;0;0;0;0;0.0004;0.088;0;-0.0884;0;0;0;0;0;0;0;0;0;0;0;0;0;0;0;0;0;0;0;-13.23;0;0;0;0;0.0004;0;0;0;0;0;0;0;-0.0004;-0.0884;0;0;0;0;0;0;0;0;0;-0.7063;0;0.7063;1;1;0;0;0;0
16/03/21 06:00;5.8369;-87.773;75.721;5.8413;8.4487;-90;-8.4487;71.497;26.501;44.995;13.76;4.8699;0;109.13;17.904;20.614;0;0.0737;147.72;0;147.72;109.13;20.614;17.904;0.0737;0.7387;0.1217;0;0.0005;147.56;0.1595;0;0;0.098;0.0615;119.95;26.571;21.726;4.104;0.739;0.0027;146.53;1.0329;0.7639;0.1443;0.1246;0.0001;119.96;86.636;16.366;16.942;0.0094;10.957;8.8311;3.2866;0.0027;0.1233;1.7734;0.0028;1.894;0;1;0;0;2.0661;0.9989;1;1;0.9945;0.1658;0.8187;0.7995;1;0.9582;0.7755;0.993;0.993;1;0.993;0.993;0.812;0.9463;0.1277;0.4436;0.365;0.0022;0.0177;-0.0084;0.0025;0.0088;0.0003;0;0;0.088;0;0.2387;0;0;0;0;0;0;0;0;0;0;0;0;0.0071;0.0005;0.3344;0.3344;0;18.642;18.642;4.882;0.0407;311.64;1073;1;0.0077;0.0077;0;0;0;0;0;0;0.3267;0.2387;0;14.361;16.629;10.25;11.869;97.689;97.689;3.5452;2.6725;1.9075;0.8727;0.7651;0.2462;0.2158;0.538;10.695;0.5332;0
16/03/21 07:00;17.809;-78.961;42.118;18.123;30.85;-90;-30.85;279.5;47.701;231.8;17.63;5.9099;0;562.18;19.973;63.56;0;3.7569;649.47;0;649.47;562.18;63.56;19.973;3.7569;0.8656;0.0365;0;0.0058;645.23;4.2352;0;0;0.9281;3.307;634.98;5.7386;4.5349;0.5127;0.6145;0.0764;640.72;4.5166;3.9353;0.4449;0.1333;0.0031;635.07;553.71;62.602;18.297;0.3703;14.507;11.692;4.7506;0.3341;0.1588;2.2839;0.0935;2.1086;0;1;0;0;2.3237;0.9935;1;1;0.9535;0.1198;0.991;0.9919;1;0.9675;0.8289;0.993;0.993;1;0.993;0.993;0.9777;0.9161;0.0986;1.9504;1.9176;0.0115;0.0012;0.1262;0.0125;0.0442;0.0004;0;0;0.088;0;1.5627;0;0;0;0;0;0;0;0;0;0;0;0;0.0356;0.0084;1.6776;1.6776;0;43.719;43.719;26.089;0.0411;1650.5;1016.4;1;0.027;0.027;0;0;0;0;0;0;1.6507;1.5627;0;16.386;18.975;15.263;17.674;98.393;98.393;15.587;13.408;12.489;2.1797;0.9188;0.1398;0.0589;0.8012;13.243;0.7991;0
16/03/21 08:00;29.588;-68.797;18.331;31.342;58.658;-90;-58.658;492.51;81.699;410.81;19.4;5.47;0;789.78;24.645;94.732;0;22.451;931.61;0;931.61;789.78;94.732;24.645;22.451;0.8478;0.0506;0;0.0241;907.59;24.027;0;0;3.0015;21.025;899.84;1.3901;0.4966;0.0596;0.7517;0.0823;901.23;6.3531;5.5285;0.6631;0.1515;0.01;903.78;783.76;94.009;20.74;1.3337;118.29;95.343;36.421;3.8059;1.5156;21.801;3.9372;19.51;0;1;0;0;1.8916;0.9742;1;1;0.8782;0.0635;0.9985;0.9994;1;0.965;0.9419;0.993;0.993;1;0.993;0.993;0.9659;0.8416;0.0594;2.7976;2.768;0.0167;-0.0017;0.3088;0.0171;0.0607;0.0038;0;0;0.088;0;2.1702;0;0;0;0;0;0;0;0;0;0;0;0;0.0489;0.0168;2.297;2.297;0;56.754;56.754;37.354;0.0415;2385.4;962.94;1;0.0388;0.0388;0;0;0;0;0;0;2.2582;2.1702;0;15.641;18.112;14.777;17.112;98.311;98.311;22.359;18.357;17.344;4.0013;1.0134;0.179;0.0453;0.7757;21.126;0.7624;0
16/03/21 09:00;40.471;-56.146;25.074;45.775;44.225;-90;-44.225;675.7;111.3;564.4;21.13;4.64;0;787.61;35.313;97.903;0;18.192;939.02;0;939.02;787.61;97.903;35.313;18.192;0.8388;0.057;0;0.0194;919.31;19.708;0;0;2.8549;16.853;910.98;1.8954;0.6774;0.0842;1.0488;0.0851;912.87;6.4352;5.5133;0.6853;0.2272;0.0094;915.65;781.42;97.133;31.182;1.2441;297.33;239.65;93.698;2.0357;3.18;45.744;4.6759;46.888;0;1;0;0;1.3897;0.979;1;1;0.9192;0.0736;0.9979;0.9991;1;0.9675;0.936;0.993;0.993;1;0.993;0.993;0.9701;0.883;0.0684;2.8199;2.8543;0.0172;-0.0013;0.3414;0.0175;0.062;0.008;0;0;0.088;0;2.2142;0;0;0;0;0;0;0;0;0;0;0;0;0.0499;0.0178;2.3419;2.3419;0;59.018;59.018;37.887;0.0416;2457;953.12;1;0.0397;0.0397;0;0;0;0;0;0;2.3022;2.2142;0;15.821;18.32;14.958;17.321;98.306;98.306;22.536;18.716;17.696;3.8203;1.0203;0.1695;0.0453;0.7852;26.097;0.7576;0
16/03/21 10:00;49.571;-39.182;30.178;61.709;28.291;-90;-28.291;810;133.3;676.7;22.42;3.9001;0;768.5;44.566;97.554;0;9.1917;919.81;0;919.81;768.5;97.554;44.566;9.1917;0.8355;0.0584;0;0.01;910.02;9.7952;0;0;1.8041;7.9911;901.05;2.5947;0.8703;0.1105;1.3915;0.2225;903.65;6.3701;5.3795;0.6829;0.2993;0.0084;903.6;762.25;96.761;41.071;0.9697;436.3;351.66;136.45;0.5527;4.5757;65.82;2.5467;69.843;0;1;0;0;1.1356;0.9894;1;1;0.9595;0.1306;0.9971;0.9989;1;0.9672;0.8134;0.993;0.993;1;0.993;0.993;0.9796;0.9216;0.1055;2.7622;2.8603;0.0172;-0.0012;0.3514;0.0175;0.0619;0.0115;0;0;0.088;0;2.2071;0;0;0;0;0;0;0;0;0;0;0;0;0.0498;0.0178;2.3345;2.3345;0;59.923;59.923;37.503;0.0416;2460.3;948.87;1;0.0394;0.0394;0;0;0;0;0;0;2.2951;2.2071;0;16.1;18.644;15.222;17.626;98.313;98.313;22.076;18.657;17.639;3.4182;1.018;0.1548;0.0461;0.799;29.037;0.7584;0
16/03/21 11:00;55.338;-16.314;33.082;79.008;10.992;-90;-10.992;886.5;146;740.5;23.11;3.4399;0;754.34;50.251;97.061;0;1.545;903.2;0;903.2;754.34;97.061;50.251;1.545;0.8352;0.0573;0;0.0017;901.48;1.714;0;0;0.4262;1.2878;890.73;4.4489;2.1262;0.2736;1.9917;0.0574;895.17;6.3104;5.2804;0.6794;0.3488;0.0018;891.05;746.94;96.108;47.485;0.198;516.65;416.42;159.54;0.0213;5.5101;79.26;0.3193;84.749;0;1;0;0;1.0188;0.9981;1;1;0.9915;0.1665;0.995;0.9972;1;0.9597;0.7752;0.993;0.993;1;0.993;0.993;0.9862;0.9449;0.1281;2.7123;2.8508;0.0172;-0.0013;0.353;0.0174;0.0616;0.0138;0;0;0.088;0;2.1948;0;0;0;0;0;0;0;0;0;0;0;0;0.0496;0.0177;2.3219;2.3219;0;60.191;60.191;37.081;0.0416;2451;947.34;1;0.039;0.039;0;0;0;0;0;0;2.2828;2.1948;0;16.308;18.884;15.416;17.851;98.319;98.319;21.677;18.556;17.541;3.1203;1.0153;0.1439;0.0468;0.8092;30.199;0.7593;0
16/03/21 12:00;55.98;10.409;33.386;83.047;6.9533;90;6.9533;893.81;149.1;744.71;24.4;3.3301;0;750.23;51.795;97.829;0;0.6245;900.48;0;900.48;750.23;97.829;51.795;0.6245;0.8331;0.0582;0;0.0007;899.75;0.7286;0;0;0.2068;0.5219;888.7;4.747;2.2472;0.293;2.1838;0.0229;893.45;6.2982;5.2516;0.6848;0.3611;0.0007;888.8;742.73;96.852;49.044;0.079;524.71;422.92;162.8;0.0034;5.5444;79.754;0.0946;85.295;0;1;0;0;1.0075;0.9992;1;1;0.996;0.1643;0.9947;0.997;1;0.9574;0.7756;0.993;0.993;1;0.993;0.993;0.9869;0.9469;0.1266;2.7041;2.8451;0.0171;-0.0013;0.365;0.0172;0.0612;0.0138;0;0;0.088;0;2.1786;0;0;0;0;0;0;0;0;0;0;0;0;0.0493;0.0176;2.3051;2.3051;0;61.436;61.436;37.035;0.0417;2445.9;942.44;1;0.0385;0.0385;0;0;0;0;0;0;2.2666;2.1786;0;16.239;18.805;15.348;17.772;98.329;98.329;21.611;18.423;17.412;3.1888;1.0111;0.1476;0.0468;0.8057;30.851;0.7556;0
16/03/21 13:00;51.236;34.545;31.046;65.519;24.481;90;24.481;831.9;147;684.9;24.22;3.37;0;752.56;50.999;102.85;0;7.1052;913.51;0;913.51;752.56;102.85;50.999;7.1052;0.8238;0.0636;0;0.0078;905.79;7.7246;0;0;1.6406;6.084;896.2;3.2459;1.2314;0.1683;1.637;0.2091;899.44;6.3405;5.2679;0.7199;0.3455;0.0071;898.04;746.06;101.96;47.376;0.8049;459.98;370.75;145.38;0.3804;4.7121;67.782;1.8434;72.114;0;1;0;0;1.0981;0.9915;1;1;0.9678;0.1437;0.9964;0.9984;1;0.9666;0.7938;0.993;0.993;1;0.993;0.993;0.9811;0.929;0.1133;2.7433;2.8477;0.0171;-0.0013;0.3668;0.0173;0.0612;0.0117;0;0;0.088;0;2.1814;0;0;0;0;0;0;0;0;0;0;0;0;0.0493;0.0176;2.308;2.308;0;61.572;61.572;37.352;0.0417;2449.2;942.33;1;0.0386;0.0386;0;0;0;0;0;0;2.2694;2.1814;0;16.027;18.559;15.148;17.541;98.328;98.328;21.924;18.445;17.434;3.4789;1.0117;0.1587;0.0461;0.7952;32.454;0.7533;0
16/03/21 14:00;42.729;52.76;26.393;49.244;40.756;90;40.756;703.89;147.7;556.19;25.19;3.6799;0;734.25;52.669;115.86;0;16.216;919;0;919;734.25;115.86;52.669;16.216;0.799;0.075;0;0.0176;900.27;18.728;0;0;3.785;14.943;891.52;2.4513;0.6647;0.1049;1.5718;0.1099;893.97;6.3019;5.1398;0.811;0.3422;0.0089;896.06;728.45;114.94;46.97;1.155;332.91;268.33;104.94;2.2918;3.5595;51.201;4.5461;52.469;0;1;0;0;1.3056;0.9796;1;1;0.9281;0.0785;0.9973;0.9991;1;0.9676;0.9131;0.993;0.993;1;0.993;0.993;0.9701;0.8918;0.0712;2.7598;2.8068;0.0169;-0.0015;0.3698;0.017;0.0601;0.0088;0;0;0.088;0;2.1446;0;0;0;0;0;0;0;0;0;0;0;0;0.0484;0.0172;2.2702;2.2702;0;62.372;62.372;37.182;0.0417;2415.7;939.76;1;0.0376;0.0376;0;0;0;0;0;0;2.2326;2.1446;0;15.67;18.146;14.803;17.142;98.343;98.343;22.056;18.143;17.139;3.9128;1.0039;0.1774;0.0455;0.7771;37.758;0.746;0
16/03/21 15:00;32.151;66.21;19.97;34.486;55.514;90;55.514;555.6;126.7;428.9;24.5;4.28;0;757.51;41.25;130.74;0;22.897;952.4;0;952.4;757.51;130.74;41.25;22.897;0.7954;0.0674;0;0.024;926.24;26.152;0;0;4.6479;21.504;917.85;1.9144;0.5189;0.0896;1.2428;0.0632;919.76;6.4837;5.3026;0.9152;0.2562;0.0097;922.49;751.69;129.73;35.103;1.3196;172.6;139.12;53.295;5.2381;2.181;31.372;4.6432;28.315;0;1;0;0;1.7142;0.9725;1;1;0.8873;0.0608;0.9979;0.9993;1;0.9658;0.9543;0.993;0.993;1;0.993;0.993;0.9637;0.851;0.0576;2.86;2.8446;0.0171;-0.0013;0.3789;0.0171;0.0608;0.0054;0;0;0.088;0;2.1735;0;0;0;0;0;0;0;0;0;0;0;0;0.049;0.0177;2.2999;2.2999;0;62.793;62.793;38.293;0.0417;2449.7;938.83;1;0.0383;0.0383;0;0;0;0;0;0;2.2615;2.1735;0;15.319;17.739;14.477;16.764;98.334;98.334;22.858;18.38;17.371;4.4771;1.0094;0.1959;0.0442;0.76;34.122;0.7417;0
16/03/21 16:00;20.522;76.806;31.764;21.03;39.468;90;39.468;315.19;149.7;165.49;24.13;4.2299;0;401.36;87.247;124.24;0;6.8275;619.67;0;619.67;401.36;124.24;87.247;6.8275;0.6477;0.1518;0;0.011;607.43;12.241;0;0;5.9752;6.2657;599.44;3.744;0.8243;0.2552;2.61;0.0546;603.18;4.252;2.8095;0.8697;0.5689;0.0039;600.25;397.72;123.12;78.093;0.5033;62.929;50.721;20.283;3.3956;0.8364;12.031;0.815;9.4721;0;1;0;0;1.966;0.9802;1;1;0.9315;0.0823;0.9938;0.9979;1;0.9677;0.9022;0.993;0.993;1;0.993;0.993;0.9673;0.8951;0.0737;1.8609;1.8333;0.011;0.0021;0.1546;0.0117;0.0413;0.0022;0;0;0.088;0;1.4568;0;0;0;0;0;0;0;0;0;0;0;0;0.0333;0.0077;1.5693;1.5693;0;48.87;48.87;24.74;0.0413;1577.4;994.86;1;0.0245;0.0245;0;0;0;0;0;0;1.5448;1.4568;0;16.065;18.603;14.913;17.269;98.439;98.439;14.872;12.542;11.643;2.3305;0.8991;0.1567;0.0605;0.7828;61.868;0.7716;0
16/03/21 17:00;8.4032;85.946;69.242;8.424;12.388;90;12.388;97.302;85.597;11.705;23.17;4.35;0;28.387;79.689;12.053;0;0.2152;120.34;0;120.34;28.387;12.053;79.689;0.2152;0.2359;0.664;0;0.0018;119.34;1.0082;0;0;0.8285;0.1797;111.41;7.0919;2.8087;1.1925;3.0828;0.0079;118.5;0.8354;0.1987;0.0844;0.552;0.0002;111.45;25.38;10.776;75.225;0.0273;48.161;38.818;14.282;0.0517;0.5552;7.986;0.0363;8.4895;0;1;0;0;1.2368;0.9916;1;1;0.9896;0.165;0.9402;0.9004;1;0.9606;0.7746;0.993;0.993;1;0.993;0.993;0.9258;0.944;0.1269;0.3614;0.3525;0.0021;0.0176;0.0035;0.0023;0.0082;0.0015;0;0;0.088;0;0.2151;0;0;0;0;0;0;0;0;0;0;0;0;0.0066;0.0004;0.3102;0.3102;0;27.743;27.743;4.573;0.041;300.63;1031.8;1;0.0071;0.0071;0;0;0;0;0;0;0.3031;0.2151;0;16.352;18.935;11.341;13.132;97.723;97.723;2.8883;2.4792;1.7194;0.4091;0.7597;0.1416;0.263;0.5953;48.079;0.5671;0
16/03/21 18:00;1.2519;91.004;86.963;1.2521;1.7858;90;1.7858;0;0;0;21.6;5.37;0;0;0;0;0;0;0;0;0;0;0;0;0;1;1;1;1;0;0;0;0;0;0;0;0;0;0;0;0;0;0;0;0;0;0;0;0;0;0;0;0;0;0;0;0;0;0;0;0;0;0;0;1;1;1;1;1;1;1;1;1;1;1;1;1;1;1;1;1;1;1;0;0;0;0;0;0;0;0;0;0.0004;0.088;0;-0.0884;0;0;0;0;0;0;0;0;0;0;0;0;0;0;0;0;0;0;0;-21.6;0;0;0;0;0.0004;0;0;0;0;0;0;0;-0.0004;-0.0884;0;0;0;0;0;0;0;0;0;-0.7063;0;0.7063;1;1;0;0;0;0
16/03/21 19:00;0;0;90;0;0;90;0;0;0;0;20.8;6.1399;0;0;0;0;0;0;0;0;0;0;0;0;0;1;1;1;1;0;0;0;0;0;0;0;0;0;0;0;0;0;0;0;0;0;0;0;0;0;0;0;0;0;0;0;0;0;0;0;0;0;0;0;1;1;1;1;1;1;1;1;1;1;1;1;1;1;1;1;1;1;1;0;0;0;0;0;0;0;0;0;0.0004;0.088;0;-0.0884;0;0;0;0;0;0;0;0;0;0;0;0;0;0;0;0;0;0;0;-20.8;0;0;0;0;0.0004;0;0;0;0;0;0;0;-0.0004;-0.0884;0;0;0;0;0;0;0;0;0;-0.7063;0;0.7063;1;1;0;0;0;0
16/03/21 20:00;0;0;90;0;0;90;0;0;0;0;19.74;6.26;0;0;0;0;0;0;0;0;0;0;0;0;0;1;1;1;1;0;0;0;0;0;0;0;0;0;0;0;0;0;0;0;0;0;0;0;0;0;0;0;0;0;0;0;0;0;0;0;0;0;0;0;1;1;1;1;1;1;1;1;1;1;1;1;1;1;1;1;1;1;1;0;0;0;0;0;0;0;0;0;0.0004;0.088;0;-0.0884;0;0;0;0;0;0;0;0;0;0;0;0;0;0;0;0;0;0;0;-19.74;0;0;0;0;0.0004;0;0;0;0;0;0;0;-0.0004;-0.0884;0;0;0;0;0;0;0;0;0;-0.7063;0;0.7063;1;1;0;0;0;0
16/03/21 21:00;0;0;90;0;0;90;0;0;0;0;18.7;6.2101;0;0;0;0;0;0;0;0;0;0;0;0;0;1;1;1;1;0;0;0;0;0;0;0;0;0;0;0;0;0;0;0;0;0;0;0;0;0;0;0;0;0;0;0;0;0;0;0;0;0;0;0;1;1;1;1;1;1;1;1;1;1;1;1;1;1;1;1;1;1;1;0;0;0;0;0;0;0;0;0;0.0004;0.088;0;-0.0884;0;0;0;0;0;0;0;0;0;0;0;0;0;0;0;0;0;0;0;-18.7;0;0;0;0;0.0004;0;0;0;0;0;0;0;-0.0004;-0.0884;0;0;0;0;0;0;0;0;0;-0.7063;0;0.7063;1;1;0;0;0;0
16/03/21 22:00;0;0;90;0;0;90;0;0;0;0;18.9;5.9899;0;0;0;0;0;0;0;0;0;0;0;0;0;1;1;1;1;0;0;0;0;0;0;0;0;0;0;0;0;0;0;0;0;0;0;0;0;0;0;0;0;0;0;0;0;0;0;0;0;0;0;0;1;1;1;1;1;1;1;1;1;1;1;1;1;1;1;1;1;1;1;0;0;0;0;0;0;0;0;0;0.0004;0.088;0;-0.0884;0;0;0;0;0;0;0;0;0;0;0;0;0;0;0;0;0;0;0;-18.9;0;0;0;0;0.0004;0;0;0;0;0;0;0;-0.0004;-0.0884;0;0;0;0;0;0;0;0;0;-0.7063;0;0.7063;1;1;0;0;0;0
16/03/21 23:00;0;0;90;0;0;90;0;0;0;0;17.59;5.6501;0;0;0;0;0;0;0;0;0;0;0;0;0;1;1;1;1;0;0;0;0;0;0;0;0;0;0;0;0;0;0;0;0;0;0;0;0;0;0;0;0;0;0;0;0;0;0;0;0;0;0;0;1;1;1;1;1;1;1;1;1;1;1;1;1;1;1;1;1;1;1;0;0;0;0;0;0;0;0;0;0.0004;0.088;0;-0.0884;0;0;0;0;0;0;0;0;0;0;0;0;0;0;0;0;0;0;0;-17.59;0;0;0;0;0.0004;0;0;0;0;0;0;0;-0.0004;-0.0884;0;0;0;0;0;0;0;0;0;-0.7063;0;0.7063;1;1;0;0;0;0
17/03/21 00:00;0;0;90;0;0;90;0;0;0;0;18.16;5.6599;0;0;0;0;0;0;0;0;0;0;0;0;0;1;1;1;1;0;0;0;0;0;0;0;0;0;0;0;0;0;0;0;0;0;0;0;0;0;0;0;0;0;0;0;0;0;0;0;0;0;0;0;1;1;1;1;1;1;1;1;1;1;1;1;1;1;1;1;1;1;1;0;0;0;0;0;0;0;0;0;0.0004;0.088;0;-0.0884;0;0;0;0;0;0;0;0;0;0;0;0;0;0;0;0;0;0;0;-18.16;0;0;0;0;0.0004;0;0;0;0;0;0;0;-0.0004;-0.0884;0;0;0;0;0;0;0;0;0;-0.7063;0;0.7063;1;1;0;0;0;0
17/03/21 01:00;0;0;90;0;0;90;0;0;0;0;17.21;5.87;0;0;0;0;0;0;0;0;0;0;0;0;0;1;1;1;1;0;0;0;0;0;0;0;0;0;0;0;0;0;0;0;0;0;0;0;0;0;0;0;0;0;0;0;0;0;0;0;0;0;0;0;1;1;1;1;1;1;1;1;1;1;1;1;1;1;1;1;1;1;1;0;0;0;0;0;0;0;0;0;0.0004;0.088;0;-0.0884;0;0;0;0;0;0;0;0;0;0;0;0;0;0;0;0;0;0;0;-17.21;0;0;0;0;0.0004;0;0;0;0;0;0;0;-0.0004;-0.0884;0;0;0;0;0;0;0;0;0;-0.7063;0;0.7063;1;1;0;0;0;0
17/03/21 02:00;0;0;90;0;0;90;0;0;0;0;17.26;6.24;0;0;0;0;0;0;0;0;0;0;0;0;0;1;1;1;1;0;0;0;0;0;0;0;0;0;0;0;0;0;0;0;0;0;0;0;0;0;0;0;0;0;0;0;0;0;0;0;0;0;0;0;1;1;1;1;1;1;1;1;1;1;1;1;1;1;1;1;1;1;1;0;0;0;0;0;0;0;0;0;0.0004;0.088;0;-0.0884;0;0;0;0;0;0;0;0;0;0;0;0;0;0;0;0;0;0;0;-17.26;0;0;0;0;0.0004;0;0;0;0;0;0;0;-0.0004;-0.0884;0;0;0;0;0;0;0;0;0;-0.7063;0;0.7063;1;1;0;0;0;0
17/03/21 03:00;0;0;90;0;0;90;0;0;0;0;16.9;5.8999;0;0;0;0;0;0;0;0;0;0;0;0;0;1;1;1;1;0;0;0;0;0;0;0;0;0;0;0;0;0;0;0;0;0;0;0;0;0;0;0;0;0;0;0;0;0;0;0;0;0;0;0;1;1;1;1;1;1;1;1;1;1;1;1;1;1;1;1;1;1;1;0;0;0;0;0;0;0;0;0;0.0004;0.088;0;-0.0884;0;0;0;0;0;0;0;0;0;0;0;0;0;0;0;0;0;0;0;-16.9;0;0;0;0;0.0004;0;0;0;0;0;0;0;-0.0004;-0.0884;0;0;0;0;0;0;0;0;0;-0.7063;0;0.7063;1;1;0;0;0;0
17/03/21 04:00;0;0;90;0;0;90;0;0;0;0;16.7;5.23;0;0;0;0;0;0;0;0;0;0;0;0;0;1;1;1;1;0;0;0;0;0;0;0;0;0;0;0;0;0;0;0;0;0;0;0;0;0;0;0;0;0;0;0;0;0;0;0;0;0;0;0;1;1;1;1;1;1;1;1;1;1;1;1;1;1;1;1;1;1;1;0;0;0;0;0;0;0;0;0;0.0004;0.088;0;-0.0884;0;0;0;0;0;0;0;0;0;0;0;0;0;0;0;0;0;0;0;-16.7;0;0;0;0;0.0004;0;0;0;0;0;0;0;-0.0004;-0.0884;0;0;0;0;0;0;0;0;0;-0.7063;0;0.7063;1;1;0;0;0;0
17/03/21 05:00;0;0;90;0;0;90;0;0;0;0;16.82;5.28;0;0;0;0;0;0;0;0;0;0;0;0;0;1;1;1;1;0;0;0;0;0;0;0;0;0;0;0;0;0;0;0;0;0;0;0;0;0;0;0;0;0;0;0;0;0;0;0;0;0;0;0;1;1;1;1;1;1;1;1;1;1;1;1;1;1;1;1;1;1;1;0;0;0;0;0;0;0;0;0;0.0004;0.088;0;-0.0884;0;0;0;0;0;0;0;0;0;0;0;0;0;0;0;0;0;0;0;-16.82;0;0;0;0;0.0004;0;0;0;0;0;0;0;-0.0004;-0.0884;0;0;0;0;0;0;0;0;0;-0.7063;0;0.7063;1;1;0;0;0;0
17/03/21 06:00;5.8743;-87.26;75.628;5.881;8.5078;-90;-8.5078;46.903;37.098;9.8048;16.97;6.34;0;23.779;34.33;6.2516;0;0.049;64.41;0;64.41;23.779;6.2516;34.33;0.049;0.3692;0.5338;0;0.0008;64.179;0.2309;0;0;0.19;0.0409;56.393;7.337;4.6873;1.2323;1.4157;0.0018;63.73;0.4493;0.1665;0.0438;0.239;0.0001;56.399;18.926;4.9756;32.485;0.0063;20.57;16.579;6.0645;0.0052;0.2383;3.4283;0.0056;3.6614;0;1;0;0;1.3733;0.9964;1;1;0.9945;0.1659;0.8849;0.8015;1;0.9582;0.7755;0.993;0.993;1;0.993;0.993;0.8755;0.9463;0.1277;0.1934;0.1771;0.0011;0.0145;-0.0037;0.0012;0.0041;0.0006;0;0;0.088;0;0.062;0;0;0;0;0;0;0;0;0;0;0;0;0.0033;0.0002;0.1559;0.1559;0;19.285;19.285;2.315;0.0411;150.02;1039.4;1;0.0059;0.0059;0;0;0;0;0;0;0.15;0.062;0;15.358;17.784;6.1067;7.0714;96.195;96.195;1.5458;1.2463;0.4955;0.2996;0.7507;0.1938;0.4856;0.3206;20.509;0.3083;0
17/03/21 07:00;17.633;-78.581;42.721;17.966;30.46;-90;-30.46;174.99;120.2;54.79;17.91;7.5799;0;132.88;97.225;38.244;0;2.2943;270.65;0;270.65;132.88;38.244;97.225;2.2943;0.491;0.3677;0;0.0085;264.2;6.4431;0;0;4.4274;2.0157;257.87;4.4859;1.1185;0.3219;2.9975;0.048;262.35;1.8494;0.9302;0.2677;0.6496;0.002;258.31;130.83;37.654;89.151;0.2286;64.631;52.093;20.291;1.5523;0.7683;11.052;0.4403;10.268;0;1;0;0;1.5466;0.9762;1;1;0.9545;0.1214;0.9829;0.9915;1;0.9675;0.8263;0.993;0.993;1;0.993;0.993;0.9528;0.917;0.0996;0.8127;0.8013;0.0048;0.0159;0.0098;0.0054;0.0191;0.0021;0;0;0.088;0;0.6266;0;0;0;0;0;0;0;0;0;0;0;0;0.0154;0.0017;0.727;0.727;0;28.423;28.423;10.512;0.0408;685.68;1060.2;1;0.0123;0.0123;0;0;0;0;0;0;0.7146;0.6266;0;17.039;19.731;14.688;17.008;98.304;98.304;6.4955;5.8099;5.0081;0.6856;0.8018;0.1056;0.1234;0.771;64.286;0.7481;0
17/03/21 08:00;29.388;-68.395;18.712;31.206;58.794;-90;-58.794;286.1;213;73.102;19.3;7.6499;0;141.09;144.21;44.419;0;13.098;342.82;0;342.82;141.09;44.419;144.21;13.098;0.4116;0.4589;0;0.0382;312.93;29.888;0;0;17.623;12.265;306.17;4.5689;0.0906;0.0285;4.4012;0.0487;310.74;2.1905;0.9876;0.3109;0.8861;0.0058;310.61;140.01;44.079;121.3;0.7781;143.82;115.92;50.055;22.426;2.6242;37.748;4.4362;17.946;0;1;0;0;1.1982;0.9128;1;1;0.8778;0.0636;0.9853;0.9994;1;0.965;0.9411;0.993;0.993;1;0.993;0.993;0.8931;0.8411;0.0594;1.0295;1.0151;0.0061;0.0132;0.0246;0.0068;0.0241;0.0072;0;0;0.088;0;0.8082;0;0;0;0;0;0;0;0;0;0;0;0;0.0194;0.0026;0.911;0.911;0;31.802;31.802;12.502;0.0408;868.4;1049.1;1;0.0148;0.0148;0;0;0;0;0;0;0.8962;0.8082;0;16.858;19.521;14.955;17.317;98.371;98.371;8.2277;7.2808;6.4589;0.9469;0.8219;0.1151;0.0999;0.785;123.82;0.7252;0
17/03/21 09:00;40.231;-55.722;25.466;45.674;44.326;-90;-44.326;293.51;267;26.505;19.83;7.1799;0;37.05;222.19;11.109;0;7.9361;278.28;0;278.28;37.05;11.109;222.19;7.9361;0.1331;0.8269;0;0.0285;252.91;25.376;0;0;18.023;7.3536;244.46;6.6772;0.0324;0.0097;6.5984;0.0367;251.14;1.7704;0.2593;0.0778;1.4292;0.0041;247.4;36.758;11.021;196.14;0.5417;179.04;144.31;59.052;12.882;2.5016;35.985;2.9368;25.605;0;1;0;0;0.9481;0.9088;1;1;0.9189;0.0734;0.9734;0.9991;1;0.9675;0.9366;0.993;0.993;1;0.993;0.993;0.8785;0.8828;0.0683;0.8357;0.821;0.0049;0.0157;0.0141;0.0055;0.0195;0.0069;0;0;0.088;0;0.6364;0;0;0;0;0;0;0;0;0;0;0;0;0.0157;0.0018;0.7368;0.7368;0;29.812;29.812;9.9817;0.0408;700.59;1051.7;1;0.0124;0.0124;0;0;0;0;0;0;0.7244;0.6364;0;16.796;19.449;14.508;16.8;98.322;98.322;6.6788;5.8886;5.0865;0.7902;0.8021;0.1183;0.1201;0.7616;164.35;0.6944;0
17/03/21 10:00;49.27;-38.771;30.579;61.667;28.333;-90;-28.333;340.1;313.2;26.897;20.1;6.73;0;30.558;286.86;9.1603;0;3.8706;330.45;0;330.45;30.558;9.1603;286.86;3.8706;0.0925;0.8798;0;0.0117;315.44;15.006;0;0;11.64;3.3657;304.13;9.1021;0.0417;0.0125;8.9544;0.0934;313.23;2.2081;0.2139;0.0641;1.9265;0.0035;305.32;30.302;9.0837;264.34;0.4079;205.62;165.73;63.884;3.5619;2.3986;34.503;1.189;33.339;0;1;0;0;0.9716;0.9546;1;1;0.9594;0.1304;0.9709;0.9986;1;0.9672;0.8136;0.993;0.993;1;0.993;0.993;0.9204;0.9215;0.1054;0.9923;0.9923;0.006;0.0135;0.0267;0.0066;0.0235;0.0066;0;0;0.088;0;0.7856;0;0;0;0;0;0;0;0;0;0;0;0;0.0189;0.0025;0.8881;0.8881;0;32.527;32.527;12.427;0.0409;849.24;1045.7;1;0.0145;0.0145;0;0;0;0;0;0;0.8736;0.7856;0;17.048;19.742;15.082;17.464;98.373;98.373;7.9308;7.0974;6.2786;0.8333;0.8188;0.1051;0.1032;0.7917;186.96;0.7343;0
17/03/21 11:00;54.97;-16.03;33.483;79.045;10.955;-90;-10.955;350.7;329.1;21.606;20.7;6.5201;0;22.007;319.86;6.4151;0;0.6071;348.89;0;348.89;22.007;6.4151;319.86;0.6071;0.0631;0.9185;0;0.0017;345.68;3.2037;0;0;2.6977;0.5061;330.47;12.795;0.0672;0.0196;12.685;0.0226;343.26;2.4198;0.1541;0.0449;2.2201;0.0007;330.58;21.786;6.3506;302.26;0.0778;208.45;168.01;62.026;0.1314;2.3832;34.281;0.1147;36.532;0;1;0;0;0.9948;0.9908;1;1;0.9916;0.1665;0.9627;0.9969;1;0.9597;0.7752;0.993;0.993;1;0.993;0.993;0.9472;0.945;0.1281;1.0477;1.068;0.0064;0.0125;0.0351;0.0071;0.0252;0.0065;0;0;0.088;0;0.8487;0;0;0;0;0;0;0;0;0;0;0;0;0.0203;0.0029;0.9521;0.9521;0;34.215;34.215;13.515;0.0409;914.94;1040.6;1;0.0153;0.0153;0;0;0;0;0;0;0.9367;0.8487;0;17.311;20.045;15.432;17.869;98.389;98.389;8.3733;7.6088;6.7829;0.7645;0.8259;0.0913;0.0986;0.8101;192.2;0.7546;0
17/03/21 12:00;55.578;10.436;33.775;82.924;7.0759;90;7.0759;247.6;242.8;4.7981;20.6;6.49;0;4.8349;240.86;1.0322;0;0.1791;246.9;0;246.9;4.8349;1.0322;240.86;0.1791;0.0196;0.9762;0;0.0007;245.77;1.1389;0;0;0.9892;0.1497;233.88;10.164;0.0156;0.0033;10.138;0.0066;244.04;1.7204;0.0338;0.0072;1.6791;0.0002;233.9;4.7855;1.0216;228.05;0.0227;146.91;118.41;43.447;0.0165;1.692;24.339;0.0222;26.014;0;1;0;0;0.9972;0.9954;1;1;0.9959;0.1644;0.9584;0.9968;1;0.9574;0.7755;0.993;0.993;1;0.993;0.993;0.9473;0.9468;0.1266;0.7415;0.7558;0.0045;0.0164;0.014;0.005;0.0179;0.0046;0;0;0.088;0;0.5778;0;0;0;0;0;0;0;0;0;0;0;0;0.0144;0.0016;0.6773;0.6773;0;30.156;30.156;9.5558;0.0409;645.54;1049.2;1;0.0115;0.0115;0;0;0;0;0;0;0.6658;0.5778;0;17.402;20.152;14.846;17.191;98.301;98.301;5.9257;5.4132;4.6179;0.5125;0.7953;0.0865;0.1342;0.7793;143.49;0.7257;0
17/03/21 13:00;50.851;34.359;31.412;65.323;24.677;90;24.677;393.6;351.1;42.499;21.02;6.5301;0;46.771;321.75;15.358;0;3.4148;387.3;0;387.3;46.771;15.358;321.75;3.4148;0.1208;0.8396;0;0.0088;373.89;13.41;0;0;10.483;2.9266;360.74;10.526;0.0865;0.0284;10.311;0.0996;371.27;2.6172;0.3274;0.1075;2.1789;0.0034;361.72;46.357;15.222;298.78;0.3852;235.95;190.18;72.591;2.4582;2.693;38.738;0.9768;38.973;0;1;0;0;0.984;0.9654;1;1;0.9674;0.143;0.9716;0.9981;1;0.9666;0.7946;0.993;0.993;1;0.993;0.993;0.9314;0.9286;0.1128;1.1631;1.1711;0.0071;0.011;0.0449;0.0078;0.0275;0.0073;0;0;0.088;0;0.9354;0;0;0;0;0;0;0;0;0;0;0;0;0.0222;0.0034;1.04;1.04;0;35.784;35.784;14.764;0.0409;1003.9;1035.9;1;0.0166;0.0166;0;0;0;0;0;0;1.0234;0.9354;0;17.035;19.726;15.321;17.742;98.405;98.405;9.2951;8.3117;7.4758;0.9834;0.8359;0.1058;0.0899;0.8043;204.99;0.7482;0
17/03/21 14:00;42.38;52.488;26.731;49;41;90;41;342.4;307.8;34.604;22.02;6.6299;0;45.85;259.99;15.186;0;7.9789;329.01;0;329.01;45.85;15.186;259.99;7.9789;0.1394;0.8145;0;0.0243;302.8;26.205;0;0;18.849;7.3567;292.82;7.8639;0.042;0.0139;7.7553;0.0527;300.68;2.1196;0.321;0.1063;1.688;0.0044;295.67;45.487;15.065;231.7;0.5652;207.79;167.48;67.758;11.528;2.7313;39.289;2.8471;30.492;0;1;0;0;0.9609;0.9204;1;1;0.9275;0.078;0.9738;0.9991;1;0.9676;0.9148;0.993;0.993;1;0.993;0.993;0.89;0.8912;0.0708;0.988;0.9733;0.0059;0.0138;0.0313;0.0065;0.0229;0.0074;0;0;0.088;0;0.7627;0;0;0;0;0;0;0;0;0;0;0;0;0.0184;0.0024;0.8647;0.8647;0;34.002;34.002;11.983;0.0409;832.79;1038.3;1;0.014;0.014;0;0;0;0;0;0;0.8507;0.7627;0;16.673;19.307;14.706;17.029;98.38;98.38;7.8962;6.9109;6.0956;0.9853;0.8152;0.1248;0.1032;0.772;186.77;0.7086;0
17/03/21 15:00;31.833;65.919;20.283;34.216;55.784;90;55.784;225;214.8;10.202;21.58;6.59;0;18.142;165.44;5.3587;0;9.3556;198.29;0;198.29;18.142;5.3587;165.44;9.3556;0.0915;0.8815;0;0.0472;170.73;27.559;0;0;18.773;8.7867;164.51;5.0316;0.0126;0.0037;4.9889;0.0263;169.54;1.1951;0.127;0.0375;1.0266;0.004;168.37;18.003;5.3175;140.65;0.5386;140.83;113.51;48.978;21.35;2.5324;36.427;3.8582;17.61;0;1;0;0;0.8813;0.861;1;1;0.8865;0.0608;0.9703;0.9993;1;0.9657;0.9535;0.993;0.993;1;0.993;0.993;0.8296;0.8502;0.0576;0.5955;0.5839;0.0035;0.0178;0.007;0.0039;0.0138;0.0069;0;0;0.088;0;0.4215;0;0;0;0;0;0;0;0;0;0;0;0;0.0111;0.001;0.5189;0.5189;0;28.311;28.311;6.7308;0.0409;496.92;1044.3;1;0.0094;0.0094;0;0;0;0;0;0;0.5095;0.4215;0;16.601;19.223;13.485;15.615;98.189;98.189;4.759;4.1472;3.3688;0.6118;0.7784;0.1286;0.1636;0.7079;137.26;0.6223;0
17/03/21 16:00;20.223;76.518;33.032;20.748;38.476;90;38.476;209.51;178;31.509;20.94;6.1;0;76.419;148.18;28.54;0;4.3217;257.46;0;257.46;76.419;28.54;148.18;4.3217;0.2968;0.5923;0;0.0168;243.76;13.708;0;0;9.7576;3.9501;237.28;4.773;0.2132;0.0796;4.4403;0.04;242.05;1.7063;0.5349;0.1998;0.969;0.0026;238.52;75.67;28.261;133.02;0.3291;104.42;84.159;33.791;5.2839;1.3561;19.507;1.2378;15.58;0;1;0;0;1.2289;0.9468;1;1;0.9342;0.086;0.9803;0.9972;1;0.9677;0.8917;0.993;0.993;1;0.993;0.993;0.9216;0.8976;0.0761;0.7732;0.7595;0.0046;0.0164;0.0154;0.0051;0.018;0.0037;0;0;0.088;0;0.5809;0;0;0;0;0;0;0;0;0;0;0;0;0.0145;0.0016;0.6805;0.6805;0;30.638;30.638;9.6975;0.0409;649.29;1048;1;0.0115;0.0115;0;0;0;0;0;0;0.6689;0.5809;0;16.766;19.414;14.313;16.574;98.304;98.304;6.1792;5.4382;4.6427;0.741;0.7955;0.1199;0.1287;0.7513;104.2;0.711;0
17/03/21 17:00;8.1138;85.664;69.983;8.1368;11.939;90;11.939;52.196;51.3;0.8966;20.4;5.7399;0;2.1746;50.511;0.5733;0;0.1073;53.366;0;53.366;2.1746;0.5733;50.511;0.1073;0.0407;0.9485;0;0.002;52.783;0.5831;0;0;0.4936;0.0896;50.145;2.2687;0.2336;0.0616;1.9695;0.004;52.414;0.3695;0.0152;0.004;0.3501;0.0001;50.166;1.9258;0.5077;47.698;0.0136;30.441;24.535;9.0401;0.0286;0.3498;5.0319;0.0208;5.3531;0;1;0;0;1.0224;0.9891;1;1;0.9902;0.1651;0.9567;0.8918;1;0.9603;0.7746;0.993;0.993;1;0.993;0.993;0.9396;0.9443;0.127;0.1603;0.1617;0.001;0.0139;-0.0015;0.001;0.0037;0.0009;0;0;0.088;0;0.046;0;0;0;0;0;0;0;0;0;0;0;0;0.003;0.0001;0.1396;0.1396;0;22.467;22.467;2.0671;0.0412;136.72;1020.7;1;0.0055;0.0055;0;0;0;0;0;0;0.134;0.046;0;16.589;19.209;5.4698;6.3339;96.032;96.032;1.2808;1.1153;0.3678;0.1655;0.7476;0.1292;0.5837;0.2871;30.435;0.2682;0
17/03/21 18:00;0.9635;90.723;87.663;0.9636;1.3739;90;1.3739;0;0;0;19.28;5.68;0;0;0;0;0;0;0;0;0;0;0;0;0;1;1;1;1;0;0;0;0;0;0;0;0;0;0;0;0;0;0;0;0;0;0;0;0;0;0;0;0;0;0;0;0;0;0;0;0;0;0;0;1;1;1;1;1;1;1;1;1;1;1;1;1;1;1;1;1;1;1;0;0;0;0;0;0;0;0;0;0.0004;0.088;0;-0.0884;0;0;0;0;0;0;0;0;0;0;0;0;0;0;0;0;0;0;0;-19.28;0;0;0;0;0.0004;0;0;0;0;0;0;0;-0.0004;-0.0884;0;0;0;0;0;0;0;0;0;-0.7063;0;0.7063;1;1;0;0;0;0
17/03/21 19:00;0;0;90;0;0;90;0;0;0;0;18.73;5.5701;0;0;0;0;0;0;0;0;0;0;0;0;0;1;1;1;1;0;0;0;0;0;0;0;0;0;0;0;0;0;0;0;0;0;0;0;0;0;0;0;0;0;0;0;0;0;0;0;0;0;0;0;1;1;1;1;1;1;1;1;1;1;1;1;1;1;1;1;1;1;1;0;0;0;0;0;0;0;0;0;0.0004;0.088;0;-0.0884;0;0;0;0;0;0;0;0;0;0;0;0;0;0;0;0;0;0;0;-18.73;0;0;0;0;0.0004;0;0;0;0;0;0;0;-0.0004;-0.0884;0;0;0;0;0;0;0;0;0;-0.7063;0;0.7063;1;1;0;0;0;0
17/03/21 20:00;0;0;90;0;0;90;0;0;0;0;18.39;5.2599;0;0;0;0;0;0;0;0;0;0;0;0;0;1;1;1;1;0;0;0;0;0;0;0;0;0;0;0;0;0;0;0;0;0;0;0;0;0;0;0;0;0;0;0;0;0;0;0;0;0;0;0;1;1;1;1;1;1;1;1;1;1;1;1;1;1;1;1;1;1;1;0;0;0;0;0;0;0;0;0;0.0004;0.088;0;-0.0884;0;0;0;0;0;0;0;0;0;0;0;0;0;0;0;0;0;0;0;-18.39;0;0;0;0;0.0004;0;0;0;0;0;0;0;-0.0004;-0.0884;0;0;0;0;0;0;0;0;0;-0.7063;0;0.7063;1;1;0;0;0;0
17/03/21 21:00;0;0;90;0;0;90;0;0;0;0;17.7;4.9399;0;0;0;0;0;0;0;0;0;0;0;0;0;1;1;1;1;0;0;0;0;0;0;0;0;0;0;0;0;0;0;0;0;0;0;0;0;0;0;0;0;0;0;0;0;0;0;0;0;0;0;0;1;1;1;1;1;1;1;1;1;1;1;1;1;1;1;1;1;1;1;0;0;0;0;0;0;0;0;0;0.0004;0.088;0;-0.0884;0;0;0;0;0;0;0;0;0;0;0;0;0;0;0;0;0;0;0;-17.7;0;0;0;0;0.0004;0;0;0;0;0;0;0;-0.0004;-0.0884;0;0;0;0;0;0;0;0;0;-0.7063;0;0.7063;1;1;0;0;0;0
17/03/21 22:00;0;0;90;0;0;90;0;0;0;0;17.86;4.6299;0;0;0;0;0;0;0;0;0;0;0;0;0;1;1;1;1;0;0;0;0;0;0;0;0;0;0;0;0;0;0;0;0;0;0;0;0;0;0;0;0;0;0;0;0;0;0;0;0;0;0;0;1;1;1;1;1;1;1;1;1;1;1;1;1;1;1;1;1;1;1;0;0;0;0;0;0;0;0;0;0.0004;0.088;0;-0.0884;0;0;0;0;0;0;0;0;0;0;0;0;0;0;0;0;0;0;0;-17.86;0;0;0;0;0.0004;0;0;0;0;0;0;0;-0.0004;-0.0884;0;0;0;0;0;0;0;0;0;-0.7063;0;0.7063;1;1;0;0;0;0
17/03/21 23:00;0;0;90;0;0;90;0;0;0;0;17.81;4.3801;0;0;0;0;0;0;0;0;0;0;0;0;0;1;1;1;1;0;0;0;0;0;0;0;0;0;0;0;0;0;0;0;0;0;0;0;0;0;0;0;0;0;0;0;0;0;0;0;0;0;0;0;1;1;1;1;1;1;1;1;1;1;1;1;1;1;1;1;1;1;1;0;0;0;0;0;0;0;0;0;0.0004;0.088;0;-0.0884;0;0;0;0;0;0;0;0;0;0;0;0;0;0;0;0;0;0;0;-17.81;0;0;0;0;0.0004;0;0;0;0;0;0;0;-0.0004;-0.0884;0;0;0;0;0;0;0;0;0;-0.7063;0;0.7063;1;1;0;0;0;0
18/03/21 00:00;0;0;90;0;0;90;0;0;0;0;17.5;4.0799;0;0;0;0;0;0;0;0;0;0;0;0;0;1;1;1;1;0;0;0;0;0;0;0;0;0;0;0;0;0;0;0;0;0;0;0;0;0;0;0;0;0;0;0;0;0;0;0;0;0;0;0;1;1;1;1;1;1;1;1;1;1;1;1;1;1;1;1;1;1;1;0;0;0;0;0;0;0;0;0;0.0004;0.088;0;-0.0884;0;0;0;0;0;0;0;0;0;0;0;0;0;0;0;0;0;0;0;-17.5;0;0;0;0;0.0004;0;0;0;0;0;0;0;-0.0004;-0.0884;0;0;0;0;0;0;0;0;0;-0.7063;0;0.7063;1;1;0;0;0;0
18/03/21 01:00;0;0;90;0;0;90;0;0;0;0;17.08;3.88;0;0;0;0;0;0;0;0;0;0;0;0;0;1;1;1;1;0;0;0;0;0;0;0;0;0;0;0;0;0;0;0;0;0;0;0;0;0;0;0;0;0;0;0;0;0;0;0;0;0;0;0;1;1;1;1;1;1;1;1;1;1;1;1;1;1;1;1;1;1;1;0;0;0;0;0;0;0;0;0;0.0004;0.088;0;-0.0884;0;0;0;0;0;0;0;0;0;0;0;0;0;0;0;0;0;0;0;-17.08;0;0;0;0;0.0004;0;0;0;0;0;0;0;-0.0004;-0.0884;0;0;0;0;0;0;0;0;0;-0.7063;0;0.7063;1;1;0;0;0;0
18/03/21 02:00;0;0;90;0;0;90;0;0;0;0;15.85;3.6601;0;0;0;0;0;0;0;0;0;0;0;0;0;1;1;1;1;0;0;0;0;0;0;0;0;0;0;0;0;0;0;0;0;0;0;0;0;0;0;0;0;0;0;0;0;0;0;0;0;0;0;0;1;1;1;1;1;1;1;1;1;1;1;1;1;1;1;1;1;1;1;0;0;0;0;0;0;0;0;0;0.0004;0.088;0;-0.0884;0;0;0;0;0;0;0;0;0;0;0;0;0;0;0;0;0;0;0;-15.85;0;0;0;0;0.0004;0;0;0;0;0;0;0;-0.0004;-0.0884;0;0;0;0;0;0;0;0;0;-0.7063;0;0.7063;1;1;0;0;0;0
18/03/21 03:00;0;0;90;0;0;90;0;0;0;0;16.12;3.6501;0;0;0;0;0;0;0;0;0;0;0;0;0;1;1;1;1;0;0;0;0;0;0;0;0;0;0;0;0;0;0;0;0;0;0;0;0;0;0;0;0;0;0;0;0;0;0;0;0;0;0;0;1;1;1;1;1;1;1;1;1;1;1;1;1;1;1;1;1;1;1;0;0;0;0;0;0;0;0;0;0.0004;0.088;0;-0.0884;0;0;0;0;0;0;0;0;0;0;0;0;0;0;0;0;0;0;0;-16.12;0;0;0;0;0.0004;0;0;0;0;0;0;0;-0.0004;-0.0884;0;0;0;0;0;0;0;0;0;-0.7063;0;0.7063;1;1;0;0;0;0
18/03/21 04:00;0;0;90;0;0;90;0;0;0;0;18.08;3.7;0;0;0;0;0;0;0;0;0;0;0;0;0;1;1;1;1;0;0;0;0;0;0;0;0;0;0;0;0;0;0;0;0;0;0;0;0;0;0;0;0;0;0;0;0;0;0;0;0;0;0;0;1;1;1;1;1;1;1;1;1;1;1;1;1;1;1;1;1;1;1;0;0;0;0;0;0;0;0;0;0.0004;0.088;0;-0.0884;0;0;0;0;0;0;0;0;0;0;0;0;0;0;0;0;0;0;0;-18.08;0;0;0;0;0.0004;0;0;0;0;0;0;0;-0.0004;-0.0884;0;0;0;0;0;0;0;0;0;-0.7063;0;0.7063;1;1;0;0;0;0
18/03/21 05:00;0;0;90;0;0;90;0;0;0;0;15.4;3.7301;0;0;0;0;0;0;0;0;0;0;0;0;0;1;1;1;1;0;0;0;0;0;0;0;0;0;0;0;0;0;0;0;0;0;0;0;0;0;0;0;0;0;0;0;0;0;0;0;0;0;0;0;1;1;1;1;1;1;1;1;1;1;1;1;1;1;1;1;1;1;1;0;0;0;0;0;0;0;0;0;0.0004;0.088;0;-0.0884;0;0;0;0;0;0;0;0;0;0;0;0;0;0;0;0;0;0;0;-15.4;0;0;0;0;0.0004;0;0;0;0;0;0;0;-0.0004;-0.0884;0;0;0;0;0;0;0;0;0;-0.7063;0;0.7063;1;1;0;0;0;0
18/03/21 06:00;5.7079;-86.891;76.042;5.7163;8.2626;-90;-8.2626;16.409;16.197;0.2117;16.66;4.1599;0;0.5136;16.088;0.0607;0;0.0162;16.679;0;16.679;0.5136;0.0607;16.088;0.0162;0.0308;0.9656;0;0.001;16.58;0.0984;0;0;0.0849;0.0135;15.68;0.7848;0.1058;0.0125;0.6659;0.0006;16.464;0.1161;0.0036;0.0004;0.112;0;15.682;0.4041;0.0478;15.226;0.0021;9.6075;7.7437;2.8409;0.0022;0.1108;1.5932;0.0024;1.7018;0;1;0;0;1.0164;0.9941;1;1;0.9947;0.1658;0.9523;0.7925;1;0.9581;0.7755;0.993;0.993;1;0.993;0.993;0.9401;0.9464;0.1277;0.0501;0.0506;0.0003;0.0079;-0.0014;0.0003;0.0011;0.0003;0;0;0.088;0;-0.0497;0;0;0;0;0;0;0;0;0;0;0;0;0.0009;0;0.0412;0.0412;0;17.315;17.315;0.6545;0.0417;41.559;991;1;0.0029;0.0029;0;0;0;0;0;0;0.0383;-0.0497;0;15.664;18.139;-18.917;-21.906;92.903;92.903;0.4003;0.3292;-0.3975;0.0711;0.7267;0.1777;1.8153;0;9.6064;0;0
18/03/21 07:00;17.457;-78.202;43.318;17.81;30.075;-90;-30.075;57.002;56.103;0.8993;16.4;5.6401;0;2.1809;52.212;0.296;0;0.729;55.418;0;55.418;2.1809;0.296;52.212;0.729;0.0394;0.9553;0;0.0132;52.449;2.9694;0;0;2.33;0.6393;50.431;1.6505;0.0191;0.0026;1.6131;0.0157;52.082;0.3671;0.0153;0.0021;0.3492;0.0006;50.66;2.1466;0.2913;47.92;0.0734;34.436;27.755;10.766;0.7976;0.4104;5.9034;0.2289;5.5162;0;1;0;0;0.9722;0.9464;1;1;0.9554;0.1231;0.9683;0.9912;1;0.9674;0.8239;0.993;0.993;1;0.993;0.993;0.91;0.9178;0.1007;0.1664;0.165;0.001;0.0141;-0.004;0.0011;0.0038;0.0011;0;0;0.088;0;0.0509;0;0;0;0;0;0;0;0;0;0;0;0;0.0031;0.0001;0.1447;0.1447;0;18.471;18.471;2.0716;0.0411;139.41;1038.1;1;0.0058;0.0058;0;0;0;0;0;0;0.1389;0.0509;0;16.567;19.184;5.8251;6.7454;95.966;95.966;1.33;1.1567;0.4067;0.1734;0.75;0.1304;0.5639;0.3058;34.431;0.2832;0
18/03/21 08:00;29.188;-67.995;19.094;31.069;58.931;-90;-58.931;223.1;199.5;23.606;18.64;7.54;0;45.742;145.91;13.579;0;10.257;215.49;0;215.49;45.742;13.579;145.91;10.257;0.2123;0.7247;0;0.0476;188;27.495;0;0;17.891;9.6042;182.15;4.5334;0.03;0.0089;4.4559;0.0387;186.68;1.316;0.3202;0.0951;0.8962;0.0046;186.22;45.392;13.475;122.67;0.6094;131.75;106.19;46.405;22.878;2.52;36.25;4.0684;15.891;0;1;0;0;0.9659;0.8724;1;1;0.8774;0.0636;0.9757;0.9993;1;0.9649;0.9403;0.993;0.993;1;0.993;0.993;0.8453;0.8407;0.0594;0.6471;0.6373;0.0038;0.0174;0.0025;0.0043;0.0152;0.007;0;0;0.088;0;0.4755;0;0;0;0;0;0;0;0;0;0;0;0;0.0123;0.0012;0.5736;0.5736;0;26.072;26.072;7.4317;0.0408;542.7;1057;1;0.0101;0.0101;0;0;0;0;0;0;0.5635;0.4755;0;16.887;19.554;13.997;16.209;98.231;98.231;5.1718;4.5845;3.8001;0.5873;0.7844;0.1136;0.1517;0.7348;125.48;0.6526;0
18/03/21 09:00;39.99;-55.3;25.859;45.575;44.425;-90;-44.425;342.7;285.3;57.393;21.93;7.8701;0;80.365;228.68;25.891;0;9.3058;344.24;0;344.24;80.365;25.891;228.68;9.3058;0.2335;0.6913;0;0.027;317.01;27.234;0;0;18.61;8.6244;307.86;6.9275;0.0713;0.023;6.7907;0.0426;314.79;2.219;0.5626;0.1812;1.4705;0.0048;311.18;79.731;25.686;201.81;0.6341;201.59;162.48;66.092;13.362;2.7682;39.82;3.3255;29.226;0;1;0;0;1.0045;0.9209;1;1;0.9186;0.0732;0.978;0.9991;1;0.9674;0.9371;0.993;0.993;1;0.993;0.993;0.8943;0.8825;0.0681;1.0338;1.0212;0.0061;0.0131;0.0348;0.0068;0.024;0.0075;0;0;0.088;0;0.8043;0;0;0;0;0;0;0;0;0;0;0;0;0.0193;0.0026;0.9069;0.9069;0;34.529;34.529;12.599;0.0409;874.17;1037.4;1;0.0146;0.0146;0;0;0;0;0;0;0.8923;0.8043;0;16.712;19.352;14.821;17.162;98.387;98.387;8.2618;7.2478;6.4276;1.014;0.8202;0.1227;0.0993;0.778;169.31;0.716;0
18/03/21 10:00;48.968;-38.363;30.98;61.626;28.374;-90;-28.374;240.8;235.3;5.5037;22.86;7.46;0;6.2552;219.99;1.4159;0;2.7483;230.41;0;230.41;6.2552;1.4159;219.99;2.7483;0.0271;0.9667;0;0.0119;219.08;11.338;0;0;8.9475;2.3903;210.6;6.9438;0.01;0.0023;6.8654;0.0662;217.54;1.5335;0.0438;0.0099;1.4773;0.0025;211.45;6.2014;1.4038;202.7;0.2893;147.02;118.5;45.66;2.7455;1.729;24.871;0.8522;23.855;0;1;0;0;0.9569;0.9508;1;1;0.9593;0.1303;0.9681;0.9984;1;0.9672;0.8138;0.993;0.993;1;0.993;0.993;0.914;0.9214;0.1053;0.6919;0.6893;0.0041;0.017;0.0161;0.0046;0.0162;0.0047;0;0;0.088;0;0.5137;0;0;0;0;0;0;0;0;0;0;0;0;0.013;0.0013;0.6122;0.6122;0;31.482;31.482;8.6216;0.0409;588.51;1040.3;1;0.0105;0.0105;0;0;0;0;0;0;0.6017;0.5137;0;16.855;19.518;14.143;16.378;98.283;98.283;5.5299;4.8929;4.1056;0.637;0.7873;0.1152;0.1424;0.7424;143.42;0.6869;0
18/03/21 11:00;54.602;-15.748;33.884;79.083;10.917;-90;-10.917;175.6;173.1;2.4997;21.91;7.1799;0;2.5458;171.15;0.3923;0;0.3019;174.39;0;174.39;2.5458;0.3923;171.15;0.3019;0.0146;0.9832;0;0.0017;172.7;1.6866;0;0;1.435;0.2516;164.68;6.8129;0.0084;0.0013;6.792;0.0112;171.49;1.2089;0.0178;0.0027;1.188;0.0004;164.74;2.5196;0.3883;161.73;0.0387;104.51;84.237;31.288;0.0694;1.1828;17.015;0.0555;18.128;0;1;0;0;0.9931;0.9903;1;1;0.9916;0.1665;0.9603;0.9967;1;0.9597;0.7752;0.993;0.993;1;0.993;0.993;0.9443;0.945;0.1281;0.5237;0.532;0.0032;0.018;0.007;0.0035;0.0125;0.0032;0;0;0.088;0;0.3767;0;0;0;0;0;0;0;0;0;0;0;0;0.0101;0.0009;0.4736;0.4736;0;28.65;28.65;6.7398;0.0409;454.14;1042.9;1;0.0089;0.0089;0;0;0;0;0;0;0.4647;0.3767;0;17.229;19.951;13.704;15.869;98.12;98.12;4.1853;3.7853;3.0108;0.4;0.7745;0.0956;0.185;0.7194;102.83;0.6704;0
18/03/21 12:00;55.176;10.464;34.164;82.799;7.2008;90;7.2008;171.1;168.8;2.3037;21.01;7.2499;0;2.3221;167.79;0.3465;0;0.1282;170.59;0;170.59;2.3221;0.3465;167.79;0.1282;0.0136;0.9844;0;0.0008;169.77;0.8161;0;0;0.709;0.1071;161.52;7.0644;0.008;0.0012;7.0505;0.0047;168.58;1.1884;0.0163;0.0024;1.1696;0.0001;161.54;2.2978;0.3429;158.86;0.0162;101.54;81.839;30.27;0.0125;1.1538;16.598;0.0159;17.739;0;1;0;0;0.997;0.9952;1;1;0.9958;0.1644;0.9581;0.9965;1;0.9575;0.7755;0.993;0.993;1;0.993;0.993;0.9468;0.9468;0.1266;0.5123;0.5215;0.0031;0.018;0.0049;0.0035;0.0123;0.0032;0;0;0.088;0;0.3689;0;0;0;0;0;0;0;0;0;0;0;0;0.0099;0.0008;0.4658;0.4658;0;27.616;27.616;6.6058;0.0409;445.12;1046.4;1;0.0089;0.0089;0;0;0;0;0;0;0.4569;0.3689;0;17.321;20.057;13.719;15.886;98.099;98.099;4.0941;3.7225;2.9484;0.3717;0.7741;0.0908;0.1891;0.7202;99.985;0.6713;0
18/03/21 13:00;50.465;34.177;31.777;65.125;24.875;90;24.875;500.81;368.2;132.61;24.13;7.51;0;146.17;307.31;50.641;0;4.4137;508.53;0;508.53;146.17;50.641;307.31;4.4137;0.2874;0.613;0;0.0087;494.6;13.928;0;0;10.142;3.7861;480.78;10.366;0.3013;0.1044;9.8326;0.1275;491.14;3.4622;1.0232;0.3545;2.0802;0.0044;482.01;144.85;50.183;285.25;0.4957;293.81;236.81;91.076;2.4156;3.267;46.995;1.2359;47.847;0;1;0;0;1.0154;0.9726;1;1;0.967;0.1422;0.9789;0.9979;1;0.9667;0.7954;0.993;0.993;1;0.993;0.993;0.9454;0.9282;0.1123;1.5271;1.5508;0.0093;0.0056;0.1039;0.01;0.0356;0.0087;0;0;0.088;0;1.2348;0;0;0;0;0;0;0;0;0;0;0;0;0.0286;0.0056;1.3435;1.3435;0;43.909;43.909;19.779;0.0411;1331.7;1008.9;1;0.0207;0.0207;0;0;0;0;0;0;1.3228;1.2348;0;16.76;19.407;15.404;17.837;98.462;98.462;12.205;10.737;9.8689;1.4674;0.8685;0.1202;0.0712;0.8086;196.01;0.7563;0
18/03/21 14:00;42.03;52.22;27.068;48.754;41.246;90;41.246;216.09;211.6;4.4934;24.84;7.54;0;5.9762;184.44;1.3706;0;5.0936;196.89;0;196.89;5.9762;1.3706;184.44;5.0936;0.0304;0.9627;0;0.0259;178.7;18.189;0;0;13.49;4.6992;171.91;5.5387;0.0055;0.0013;5.4992;0.0327;177.45;1.2509;0.0418;0.0096;1.1967;0.0028;173.78;5.9288;1.3598;164.26;0.3589;135.29;109.04;44.315;8.3482;1.8201;26.182;1.8776;19.653;0;1;0;0;0.9111;0.9076;1;1;0.9269;0.0774;0.9688;0.9991;1;0.9676;0.9164;0.993;0.993;1;0.993;0.993;0.8731;0.8906;0.0705;0.5912;0.5786;0.0035;0.0178;0.0144;0.0038;0.0135;0.0049;0;0;0.088;0;0.4117;0;0;0;0;0;0;0;0;0;0;0;0;0.0109;0.001;0.5089;0.5089;0;31.893;31.893;7.0524;0.041;493.37;1031.4;1;0.0092;0.0092;0;0;0;0;0;0;0.4997;0.4117;0;16.396;18.986;13.265;15.361;98.199;98.199;4.7252;4.067;3.2904;0.6583;0.7765;0.1393;0.1643;0.6963;132.78;0.6333;0
18/03/21 15:00;31.513;65.632;20.594;33.944;56.056;90;56.056;335.29;261.9;73.391;24.9;6.8;0;131.44;183.28;47.792;0;14.067;376.57;0;376.57;131.44;47.792;183.28;14.067;0.349;0.5241;0;0.0374;342.42;34.156;0;0;20.944;13.212;334.32;5.699;0.0928;0.0338;5.5321;0.0403;340.02;2.3969;0.9201;0.3345;1.1363;0.006;339.31;130.42;47.424;155.66;0.8089;179.06;144.32;61.111;24.063;3.0949;44.519;4.9873;23.551;0;1;0;0;1.1231;0.9093;1;1;0.8857;0.0608;0.9832;0.9993;1;0.9657;0.9525;0.993;0.993;1;0.993;0.993;0.8878;0.8493;0.0575;1.1308;1.1158;0.0067;0.0118;0.0543;0.0073;0.0259;0.0083;0;0;0.088;0;0.8741;0;0;0;0;0;0;0;0;0;0;0;0;0.0209;0.0031;0.9776;0.9776;0;38.622;38.622;13.722;0.041;956.27;1022.3;1;0.0155;0.0155;0;0;0;0;0;0;0.9621;0.8741;0;16.468;19.069;14.725;17.051;98.417;98.417;9.0377;7.8127;6.9857;1.2251;0.827;0.1355;0.0915;0.773;152.52;0.7101;0
18/03/21 16:00;19.923;76.232;34.265;20.464;37.524;90;37.524;167.61;156.6;11.007;24.3;5.21;0;26.694;137.11;8.9025;0;3.2944;176;0;176;26.694;8.9025;137.11;3.2944;0.1517;0.7977;0;0.0187;164.32;11.683;0;0;8.6841;2.9989;158.89;4.2758;0.0936;0.0312;4.1164;0.0346;163.17;1.1502;0.1869;0.0623;0.899;0.0021;159.96;26.414;8.809;123.41;0.2588;95.73;77.158;30.871;4.4861;1.2271;17.651;1.0682;14.392;0;1;0;0;1.0501;0.9336;1;1;0.9367;0.0897;0.9738;0.9965;1;0.9677;0.882;0.993;0.993;1;0.993;0.993;0.9028;0.9001;0.0786;0.5285;0.519;0.0031;0.018;0.011;0.0034;0.0121;0.0033;0;0;0.088;0;0.3609;0;0;0;0;0;0;0;0;0;0;0;0;0.0097;0.0008;0.4575;0.4575;0;30.817;30.817;6.517;0.041;442.92;1033;1;0.0086;0.0086;0;0;0;0;0;0;0.4489;0.3609;0;16.491;19.096;13.008;15.063;98.113;98.113;4.224;3.6566;2.8843;0.5674;0.7723;0.1343;0.1828;0.6828;95.658;0.6351;0
18/03/21 17:00;7.8233;85.382;70.724;7.8485;11.492;90;11.492;26.508;26.302;0.2065;23.01;4.7899;0;0.5009;26.01;0.0702;0;0.0505;26.631;0;26.631;0.5009;0.0702;26.01;0.0505;0.0188;0.9786;0;0.0019;26.351;0.2805;0;0;0.2384;0.0422;25.076;1.0902;0.0581;0.0081;1.022;0.0019;26.166;0.1845;0.0035;0.0005;0.1804;0.0001;25.086;0.4393;0.0616;24.569;0.0064;15.653;12.616;4.6455;0.0128;0.18;2.5886;0.0097;2.7558;0;1;0;0;1.0046;0.9895;1;1;0.9908;0.1651;0.9583;0.8832;1;0.9601;0.7746;0.993;0.993;1;0.993;0.993;0.9416;0.9446;0.127;0.08;0.081;0.0005;0.0101;-0.0003;0.0005;0.0018;0.0005;0;0;0.088;0;-0.025;0;0;0;0;0;0;0;0;0;0;0;0;0.0014;0.0001;0.0665;0.0665;0;24.055;24.055;1.0447;0.0417;67.636;983.25;1;0.0035;0.0035;0;0;0;0;0;0;0.063;-0.025;0;15.841;18.344;-5.9502;-6.8901;94.763;94.763;0.6391;0.5315;-0.1996;0.1077;0.7311;0.1684;1.1439;0;15.652;0;0
18/03/21 18:00;0.8787;90.3;87.869;0.8787;1.2527;90;1.2527;0;0;0;22.24;5.2;0;0;0;0;0;0;0;0;0;0;0;0;0;1;1;1;1;0;0;0;0;0;0;0;0;0;0;0;0;0;0;0;0;0;0;0;0;0;0;0;0;0;0;0;0;0;0;0;0;0;0;0;1;1;1;1;1;1;1;1;1;1;1;1;1;1;1;1;1;1;1;0;0;0;0;0;0;0;0;0;0.0004;0.088;0;-0.0884;0;0;0;0;0;0;0;0;0;0;0;0;0;0;0;0;0;0;0;-22.24;0;0;0;0;0.0004;0;0;0;0;0;0;0;-0.0004;-0.0884;0;0;0;0;0;0;0;0;0;-0.7063;0;0.7063;1;1;0;0;0;0
18/03/21 19:00;0;0;90;0;0;90;0;0;0;0;21.66;5.4901;0;0;0;0;0;0;0;0;0;0;0;0;0;1;1;1;1;0;0;0;0;0;0;0;0;0;0;0;0;0;0;0;0;0;0;0;0;0;0;0;0;0;0;0;0;0;0;0;0;0;0;0;1;1;1;1;1;1;1;1;1;1;1;1;1;1;1;1;1;1;1;0;0;0;0;0;0;0;0;0;0.0004;0.088;0;-0.0884;0;0;0;0;0;0;0;0;0;0;0;0;0;0;0;0;0;0;0;-21.66;0;0;0;0;0.0004;0;0;0;0;0;0;0;-0.0004;-0.0884;0;0;0;0;0;0;0;0;0;-0.7063;0;0.7063;1;1;0;0;0;0
18/03/21 20:00;0;0;90;0;0;90;0;0;0;0;21.22;5.62;0;0;0;0;0;0;0;0;0;0;0;0;0;1;1;1;1;0;0;0;0;0;0;0;0;0;0;0;0;0;0;0;0;0;0;0;0;0;0;0;0;0;0;0;0;0;0;0;0;0;0;0;1;1;1;1;1;1;1;1;1;1;1;1;1;1;1;1;1;1;1;0;0;0;0;0;0;0;0;0;0.0004;0.088;0;-0.0884;0;0;0;0;0;0;0;0;0;0;0;0;0;0;0;0;0;0;0;-21.22;0;0;0;0;0.0004;0;0;0;0;0;0;0;-0.0004;-0.0884;0;0;0;0;0;0;0;0;0;-0.7063;0;0.7063;1;1;0;0;0;0
18/03/21 21:00;0;0;90;0;0;90;0;0;0;0;20.8;5.7499;0;0;0;0;0;0;0;0;0;0;0;0;0;1;1;1;1;0;0;0;0;0;0;0;0;0;0;0;0;0;0;0;0;0;0;0;0;0;0;0;0;0;0;0;0;0;0;0;0;0;0;0;1;1;1;1;1;1;1;1;1;1;1;1;1;1;1;1;1;1;1;0;0;0;0;0;0;0;0;0;0.0004;0.088;0;-0.0884;0;0;0;0;0;0;0;0;0;0;0;0;0;0;0;0;0;0;0;-20.8;0;0;0;0;0.0004;0;0;0;0;0;0;0;-0.0004;-0.0884;0;0;0;0;0;0;0;0;0;-0.7063;0;0.7063;1;1;0;0;0;0
18/03/21 22:00;0;0;90;0;0;90;0;0;0;0;20.5;5.86;0;0;0;0;0;0;0;0;0;0;0;0;0;1;1;1;1;0;0;0;0;0;0;0;0;0;0;0;0;0;0;0;0;0;0;0;0;0;0;0;0;0;0;0;0;0;0;0;0;0;0;0;1;1;1;1;1;1;1;1;1;1;1;1;1;1;1;1;1;1;1;0;0;0;0;0;0;0;0;0;0.0004;0.088;0;-0.0884;0;0;0;0;0;0;0;0;0;0;0;0;0;0;0;0;0;0;0;-20.5;0;0;0;0;0.0004;0;0;0;0;0;0;0;-0.0004;-0.0884;0;0;0;0;0;0;0;0;0;-0.7063;0;0.7063;1;1;0;0;0;0
18/03/21 23:00;0;0;90;0;0;90;0;0;0;0;19.9;5.85;0;0;0;0;0;0;0;0;0;0;0;0;0;1;1;1;1;0;0;0;0;0;0;0;0;0;0;0;0;0;0;0;0;0;0;0;0;0;0;0;0;0;0;0;0;0;0;0;0;0;0;0;1;1;1;1;1;1;1;1;1;1;1;1;1;1;1;1;1;1;1;0;0;0;0;0;0;0;0;0;0.0004;0.088;0;-0.0884;0;0;0;0;0;0;0;0;0;0;0;0;0;0;0;0;0;0;0;-19.9;0;0;0;0;0.0004;0;0;0;0;0;0;0;-0.0004;-0.0884;0;0;0;0;0;0;0;0;0;-0.7063;0;0.7063;1;1;0;0;0;0
19/03/21 00:00;0;0;90;0;0;90;0;0;0;0;18.95;5.63;0;0;0;0;0;0;0;0;0;0;0;0;0;1;1;1;1;0;0;0;0;0;0;0;0;0;0;0;0;0;0;0;0;0;0;0;0;0;0;0;0;0;0;0;0;0;0;0;0;0;0;0;1;1;1;1;1;1;1;1;1;1;1;1;1;1;1;1;1;1;1;0;0;0;0;0;0;0;0;0;0.0004;0.088;0;-0.0884;0;0;0;0;0;0;0;0;0;0;0;0;0;0;0;0;0;0;0;-18.95;0;0;0;0;0.0004;0;0;0;0;0;0;0;-0.0004;-0.0884;0;0;0;0;0;0;0;0;0;-0.7063;0;0.7063;1;1;0;0;0;0
19/03/21 01:00;0;0;90;0;0;90;0;0;0;0;17.1;5.3201;0;0;0;0;0;0;0;0;0;0;0;0;0;1;1;1;1;0;0;0;0;0;0;0;0;0;0;0;0;0;0;0;0;0;0;0;0;0;0;0;0;0;0;0;0;0;0;0;0;0;0;0;1;1;1;1;1;1;1;1;1;1;1;1;1;1;1;1;1;1;1;0;0;0;0;0;0;0;0;0;0.0004;0.088;0;-0.0884;0;0;0;0;0;0;0;0;0;0;0;0;0;0;0;0;0;0;0;-17.1;0;0;0;0;0.0004;0;0;0;0;0;0;0;-0.0004;-0.0884;0;0;0;0;0;0;0;0;0;-0.7063;0;0.7063;1;1;0;0;0;0
19/03/21 02:00;0;0;90;0;0;90;0;0;0;0;18.33;4.97;0;0;0;0;0;0;0;0;0;0;0;0;0;1;1;1;1;0;0;0;0;0;0;0;0;0;0;0;0;0;0;0;0;0;0;0;0;0;0;0;0;0;0;0;0;0;0;0;0;0;0;0;1;1;1;1;1;1;1;1;1;1;1;1;1;1;1;1;1;1;1;0;0;0;0;0;0;0;0;0;0.0004;0.088;0;-0.0884;0;0;0;0;0;0;0;0;0;0;0;0;0;0;0;0;0;0;0;-18.33;0;0;0;0;0.0004;0;0;0;0;0;0;0;-0.0004;-0.0884;0;0;0;0;0;0;0;0;0;-0.7063;0;0.7063;1;1;0;0;0;0
19/03/21 03:00;0;0;90;0;0;90;0;0;0;0;18.56;4.4501;0;0;0;0;0;0;0;0;0;0;0;0;0;1;1;1;1;0;0;0;0;0;0;0;0;0;0;0;0;0;0;0;0;0;0;0;0;0;0;0;0;0;0;0;0;0;0;0;0;0;0;0;1;1;1;1;1;1;1;1;1;1;1;1;1;1;1;1;1;1;1;0;0;0;0;0;0;0;0;0;0.0004;0.088;0;-0.0884;0;0;0;0;0;0;0;0;0;0;0;0;0;0;0;0;0;0;0;-18.56;0;0;0;0;0.0004;0;0;0;0;0;0;0;-0.0004;-0.0884;0;0;0;0;0;0;0;0;0;-0.7063;0;0.7063;1;1;0;0;0;0
19/03/21 04:00;0;0;90;0;0;90;0;0;0;0;18.46;4.0601;0;0;0;0;0;0;0;0;0;0;0;0;0;1;1;1;1;0;0;0;0;0;0;0;0;0;0;0;0;0;0;0;0;0;0;0;0;0;0;0;0;0;0;0;0;0;0;0;0;0;0;0;1;1;1;1;1;1;1;1;1;1;1;1;1;1;1;1;1;1;1;0;0;0;0;0;0;0;0;0;0.0004;0.088;0;-0.0884;0;0;0;0;0;0;0;0;0;0;0;0;0;0;0;0;0;0;0;-18.46;0;0;0;0;0.0004;0;0;0;0;0;0;0;-0.0004;-0.0884;0;0;0;0;0;0;0;0;0;-0.7063;0;0.7063;1;1;0;0;0;0
19/03/21 05:00;0;0;90;0;0;90;0;0;0;0;17.59;4.35;0;0;0;0;0;0;0;0;0;0;0;0;0;1;1;1;1;0;0;0;0;0;0;0;0;0;0;0;0;0;0;0;0;0;0;0;0;0;0;0;0;0;0;0;0;0;0;0;0;0;0;0;1;1;1;1;1;1;1;1;1;1;1;1;1;1;1;1;1;1;1;0;0;0;0;0;0;0;0;0;0.0004;0.088;0;-0.0884;0;0;0;0;0;0;0;0;0;0;0;0;0;0;0;0;0;0;0;-17.59;0;0;0;0;0.0004;0;0;0;0;0;0;0;-0.0004;-0.0884;0;0;0;0;0;0;0;0;0;-0.7063;0;0.7063;1;1;0;0;0;0
19/03/21 06:00;5.7461;-86.378;75.947;5.7575;8.3239;-90;-8.3239;29.595;28.397;1.198;16.41;5.61;0;2.9054;28.002;0.5983;0;0.0296;31.535;0;31.535;2.9054;0.5983;28.002;0.0296;0.0921;0.8889;0;0.0009;31.361;0.1742;0;0;0.1495;0.0247;29.268;1.8737;0.5926;0.122;1.1579;0.0011;31.142;0.2195;0.0203;0.0042;0.195;0;29.272;2.2924;0.4721;26.5;0.0038;16.729;13.484;4.948;0.0039;0.1928;2.7731;0.0042;2.962;0;1;0;0;1.0656;0.9945;1;1;0.9947;0.1658;0.9398;0.7946;1;0.9581;0.7755;0.993;0.993;1;0.993;0.993;0.9281;0.9463;0.1277;0.0947;0.094;0.0006;0.0109;-0.0026;0.0006;0.0021;0.0005;0;0;0.088;0;-0.0119;0;0;0;0;0;0;0;0;0;0;0;0;0.0017;0.0001;0.0801;0.0801;0;17.62;17.62;1.21;0.0413;78.694;1018;1;0.004;0.004;0;0;0;0;0;0;0.0761;-0.0119;0;16.115;18.661;-2.3899;-2.7675;95.015;95.015;0.7568;0.6403;-0.095;0.1166;0.7352;0.154;0.9714;0;16.722;0;0
19/03/21 07:00;17.281;-77.822;43.909;17.654;29.697;-90;-29.697;193.2;106.4;86.799;19.44;6.8599;0;210.51;78.319;54.748;0;2.4106;345.99;0;345.99;210.51;54.748;78.319;2.4106;0.6084;0.2333;0;0.007;340.46;5.5353;0;0;3.4253;2.11;333.18;4.8937;1.9171;0.4986;2.4248;0.0533;338.07;2.3832;1.4736;0.3832;0.5243;0.0021;333.51;207.12;53.866;71.945;0.2452;52.049;41.951;16.333;1.1454;0.6125;8.8103;0.3324;8.2774;0;1;0;0;1.7909;0.984;1;1;0.9563;0.1247;0.9855;0.9908;1;0.9674;0.8216;0.993;0.993;1;0.993;0.993;0.963;0.9186;0.1017;1.039;1.0231;0.0062;0.0131;0.0294;0.0068;0.0242;0.0017;0;0;0.088;0;0.8167;0;0;0;0;0;0;0;0;0;0;0;0;0.0195;0.0027;0.9196;0.9196;0;33.051;33.051;13.611;0.0409;878.22;1047.1;1;0.0149;0.0149;0;0;0;0;0;0;0.9047;0.8167;0;16.86;19.524;14.973;17.338;98.375;98.375;8.3038;7.3494;6.5267;0.9544;0.8227;0.1149;0.0991;0.786;51.513;0.7713;0
19/03/21 08:00;28.988;-67.595;19.475;30.933;59.067;-90;-59.067;541.79;89.402;452.39;20.84;7.3299;0;880.08;21.807;117.88;0;25.013;1044.8;0;1044.8;880.08;117.88;21.807;25.013;0.8424;0.0448;0;0.0239;1018.7;26.102;0;0;2.6827;23.42;1010.1;1.4286;0.5879;0.0787;0.6663;0.0956;1011.5;7.1307;6.1605;0.8252;0.1339;0.0112;1014.2;873.33;116.98;18.324;1.4863;122.31;98.579;38.252;3.4533;1.497;21.534;4.0474;19.577;0;1;0;0;1.9284;0.975;1;1;0.877;0.0637;0.9986;0.9993;1;0.9649;0.9395;0.993;0.993;1;0.993;0.993;0.9668;0.8403;0.0594;3.1375;3.0999;0.0187;0.001;0.4141;0.0187;0.0662;0.0037;0;0;0.088;0;2.3723;0;0;0;0;0;0;0;0;0;0;0;0;0.0533;0.0208;2.5036;2.5036;0;62.992;62.992;42.153;0.0417;2667.9;938.39;1;0.0432;0.0432;0;0;0;0;0;0;2.4603;2.3723;0;15.201;17.602;14.404;16.68;98.274;98.274;25.075;20.009;18.96;5.0662;1.0487;0.202;0.0418;0.7561;18.782;0.7446;0
19/03/21 09:00;39.748;-54.881;26.251;45.475;44.525;-90;-44.525;472.19;248.3;223.89;23;7.06;0;314.04;158.59;88.545;0;12.877;574.06;0;574.06;314.04;88.545;158.59;12.877;0.5471;0.2987;0;0.0224;549.17;24.885;0;0;12.949;11.936;540.2;5.1298;0.2828;0.0797;4.7091;0.0582;545.33;3.8442;2.1983;0.6198;1.0195;0.0066;544.1;311.56;87.846;139.91;0.8758;239.36;192.93;76.705;9.3401;2.9777;42.834;3.9078;36.471;0;1;0;0;1.2157;0.9567;1;1;0.9184;0.073;0.9906;0.9991;1;0.9674;0.9376;0.993;0.993;1;0.993;0.993;0.941;0.8822;0.068;1.7239;1.7291;0.0104;0.0033;0.1236;0.0111;0.0395;0.0079;0;0;0.088;0;1.3832;0;0;0;0;0;0;0;0;0;0;0;0;0.0318;0.0069;1.4945;1.4945;0;45.236;45.236;22.236;0.0412;1485.3;1006.2;1;0.0233;0.0233;0;0;0;0;0;0;1.4712;1.3832;0;16.515;19.124;15.286;17.7;98.443;98.443;13.777;11.944;11.055;1.8331;0.8893;0.1331;0.0645;0.8024;117.52;0.7599;0
19/03/21 10:00;48.666;-37.96;31.381;61.585;28.415;-90;-28.415;417.1;341.7;75.406;23.65;6.66;0;85.735;297.7;28.329;0;4.7739;416.54;0;416.54;85.735;28.329;297.7;4.7739;0.2058;0.7262;0;0.0115;400.25;16.288;0;0;12.136;4.1528;387.83;9.6115;0.157;0.0519;9.2879;0.1147;397.45;2.8017;0.6001;0.1983;1.9989;0.0043;389.28;84.978;28.078;274.28;0.502;247.65;199.61;77.039;3.734;2.8463;40.943;1.4447;40.056;0;1;0;0;0.9986;0.9609;1;1;0.9592;0.1301;0.9758;0.9982;1;0.9672;0.8141;0.993;0.993;1;0.993;0.993;0.9311;0.9213;0.1052;1.2509;1.2588;0.0076;0.0097;0.0652;0.0082;0.0292;0.0076;0;0;0.088;0;0.9984;0;0;0;0;0;0;0;0;0;0;0;0;0.0235;0.0039;1.1038;1.1038;0;39.566;39.566;15.916;0.041;1080.1;1021.9;1;0.0173;0.0173;0;0;0;0;0;0;1.0864;0.9984;0;16.81;19.466;15.206;17.608;98.429;98.429;9.9969;8.8214;7.9795;1.1755;0.8419;0.1176;0.0842;0.7982;194.13;0.7435;0
19/03/21 11:00;54.233;-15.471;34.285;79.123;10.877;-90;-10.877;696.51;262.4;434.11;25.02;6.3799;0;442.05;159.02;103.8;0;1.1887;706.06;0;706.06;442.05;103.8;159.02;1.1887;0.6261;0.2269;0;0.0017;703.74;2.3161;0;0;1.3252;0.9909;690.54;8.2794;1.555;0.3651;6.3151;0.0442;698.82;4.9262;3.0943;0.7266;1.1039;0.0014;690.77;437.4;102.71;150.28;0.1523;407.62;328.54;126.84;0.0638;4.287;61.667;0.2338;65.89;0;1;0;0;1.0137;0.9967;1;1;0.9917;0.1664;0.9882;0.9965;1;0.9597;0.7752;0.993;0.993;1;0.993;0.993;0.978;0.945;0.1281;2.1203;2.2105;0.0133;-0.0011;0.2232;0.0138;0.049;0.011;0;0;0.088;0;1.7335;0;0;0;0;0;0;0;0;0;0;0;0;0.0395;0.0109;1.8509;1.8509;0;53.62;53.62;28.601;0.0414;1901;973.66;1;0.0295;0.0295;0;0;0;0;0;0;1.8215;1.7335;0;16.63;19.257;15.574;18.035;98.409;98.409;16.945;14.792;13.854;2.153;0.9387;0.1271;0.0554;0.8176;95.538;0.7674;0
19/03/21 12:00;54.773;10.493;34.553;82.672;7.328;90;7.328;367.19;341.2;25.994;25.35;6.0401;0;26.208;331.95;7.9482;0;0.2849;366.39;0;366.39;26.208;7.9482;331.95;0.2849;0.0715;0.9068;0;0.0008;364.71;1.6813;0;0;1.4432;0.2381;348.1;14.06;0.0963;0.0292;13.924;0.0104;362.16;2.553;0.1835;0.0556;2.3136;0.0003;348.14;25.928;7.8634;314.27;0.0361;217.71;175.48;64.635;0.0267;2.4916;35.841;0.0376;38.306;0;1;0;0;0.9978;0.9954;1;1;0.9957;0.1645;0.9612;0.9963;1;0.9576;0.7754;0.993;0.993;1;0.993;0.993;0.9501;0.9467;0.1266;1.1003;1.1241;0.0068;0.0117;0.0588;0.0073;0.026;0.0067;0;0;0.088;0;0.8793;0;0;0;0;0;0;0;0;0;0;0;0;0.0209;0.0031;0.9828;0.9828;0;39.646;39.646;14.296;0.0411;964.41;1019.1;1;0.0155;0.0155;0;0;0;0;0;0;0.9673;0.8793;0;17.016;19.704;15.224;17.629;98.422;98.422;8.7935;7.8545;7.0272;0.939;0.8272;0.1068;0.0941;0.7991;197.85;0.7446;0
19/03/21 13:00;50.079;34;32.142;64.925;25.075;90;25.075;658.2;273.9;384.3;26.68;5.7399;0;424.29;166.03;110.02;0;5.8933;706.24;0;706.24;424.29;110.02;166.03;5.8933;0.6008;0.2434;0;0.0083;695.63;10.61;0;0;5.5506;5.0599;684.07;6.6871;0.9645;0.2501;5.304;0.1686;690.76;4.8694;2.97;0.7702;1.1234;0.0058;685.65;420.35;109;154.06;0.6589;370.75;298.83;116.47;1.3437;3.9117;56.269;1.5797;58.837;0;1;0;0;1.073;0.985;1;1;0.9666;0.1414;0.9903;0.9977;1;0.9667;0.7962;0.993;0.993;1;0.993;0.993;0.9686;0.9279;0.1118;2.1208;2.1837;0.0131;-0.001;0.2318;0.0136;0.0482;0.01;0;0;0.088;0;1.7019;0;0;0;0;0;0;0;0;0;0;0;0;0.0388;0.0107;1.8186;1.8186;0;55.047;55.047;28.367;0.0415;1878.7;967.98;1;0.0287;0.0287;0;0;0;0;0;0;1.7899;1.7019;0;16.335;18.916;15.287;17.702;98.42;98.42;16.95;14.534;13.601;2.4155;0.9329;0.1425;0.055;0.8025;106.03;0.7573;0
19/03/21 14:00;41.679;51.956;27.405;48.505;41.495;90;41.495;510.6;296.5;214.1;26.99;5.54;0;285.84;198.67;92.543;0;12.174;589.23;0;589.23;285.84;92.543;198.67;12.174;0.4851;0.3578;0;0.0207;563.33;25.897;0;0;14.659;11.239;553.04;6.3524;0.2687;0.087;5.9206;0.0762;559.39;3.9433;2.0009;0.6478;1.2881;0.0066;556.88;283.57;91.808;176.8;0.8532;271.49;218.82;87.173;9.1814;3.2744;47.102;3.8465;41.195;0;1;0;0;1.154;0.956;1;1;0.9262;0.0769;0.9886;0.9991;1;0.9676;0.918;0.993;0.993;1;0.993;0.993;0.9386;0.8899;0.0701;1.7695;1.7766;0.0107;0.0028;0.1562;0.0112;0.0399;0.0085;0;0;0.088;0;1.3967;0;0;0;0;0;0;0;0;0;0;0;0;0.0321;0.0072;1.5079;1.5079;0;49.841;49.841;22.85;0.0413;1525.6;988.37;1;0.0232;0.0232;0;0;0;0;0;0;1.4847;1.3967;0;16.234;18.798;15.036;17.412;98.461;98.461;14.142;12.051;11.162;2.0905;0.8888;0.1478;0.0629;0.7893;143.33;0.7447;0
19/03/21 15:00;31.192;65.347;20.905;33.67;56.33;90;56.33;533.9;128.9;405;27.1;5.2401;0;730.51;43.3;132.01;0;22.601;928.42;0;928.42;730.51;132.01;43.3;22.601;0.7868;0.071;0;0.0243;902.21;26.21;0;0;4.9832;21.226;893.9;1.9929;0.5238;0.0947;1.3083;0.0662;895.9;6.3155;5.1136;0.9241;0.2682;0.0096;898.61;724.87;130.99;36.74;1.2985;160.44;129.31;48.761;5.7886;2.1376;30.749;4.7032;27.098;0;1;0;0;1.7389;0.9718;1;1;0.8849;0.0608;0.9978;0.9993;1;0.9656;0.9515;0.993;0.993;1;0.993;0.993;0.9628;0.8485;0.0575;2.7881;2.7713;0.0167;-0.0017;0.386;0.0166;0.0588;0.0053;0;0;0.088;0;2.1011;0;0;0;0;0;0;0;0;0;0;0;0;0.0474;0.0168;2.2255;2.2255;0;64.446;64.446;37.346;0.0418;2387;932.33;1;0.0364;0.0364;0;0;0;0;0;0;2.1891;2.1011;0;15.206;17.608;14.356;16.624;98.366;98.366;22.282;17.786;16.792;4.4962;0.9939;0.2018;0.0446;0.7536;36.142;0.7354;0
19/03/21 16:00;19.622;75.948;35.467;20.179;36.606;90;36.606;177.61;162;15.607;25.4;5.0199;0;37.851;141.1;13.258;0;3.3281;195.53;0;195.53;37.851;13.258;141.1;3.3281;0.1936;0.7386;0;0.017;183.92;11.616;0;0;8.5987;3.0174;178.13;4.4995;0.1591;0.0557;4.2455;0.0391;182.63;1.2874;0.265;0.0928;0.9275;0.0022;179.16;37.427;13.11;127.33;0.2693;97.812;78.837;31.41;4.2407;1.2401;17.839;1.0312;14.838;0;1;0;0;1.1009;0.9406;1;1;0.9391;0.0933;0.9754;0.9958;1;0.9677;0.8732;0.993;0.993;1;0.993;0.993;0.911;0.9024;0.0809;0.5872;0.5772;0.0035;0.0178;0.0161;0.0038;0.0134;0.0033;0;0;0.088;0;0.4104;0;0;0;0;0;0;0;0;0;0;0;0;0.0108;0.001;0.5075;0.5075;0;32.711;32.711;7.3106;0.041;492.94;1029.6;1;0.0091;0.0091;0;0;0;0;0;0;0.4984;0.4104;0;16.466;19.067;13.315;15.418;98.201;98.201;4.6928;4.0563;3.28;0.6366;0.7763;0.1356;0.1654;0.6989;97.709;0.6542;0
19/03/21 17:00;7.532;85.102;71.464;7.5593;11.046;90;11.046;90.308;79.098;11.21;23.53;5.4999;0;27.188;73.499;11.912;0;0.1589;112.76;0;112.76;27.188;11.912;73.499;0.1589;0.2411;0.6532;0;0.0014;112;0.7631;0;0;0.6304;0.1327;103.39;7.8211;3.4107;1.4944;2.9102;0.0059;111.21;0.784;0.1903;0.0834;0.5101;0.0002;103.42;23.587;10.335;69.449;0.0202;44.255;35.67;13.139;0.0312;0.5081;7.3087;0.0246;7.7856;0;1;0;0;1.2486;0.9932;1;1;0.9914;0.1651;0.9297;0.8737;1;0.9598;0.7747;0.993;0.993;1;0.993;0.993;0.9169;0.9449;0.127;0.3386;0.3269;0.002;0.0174;0.0033;0.0021;0.0076;0.0014;0;0;0.088;0;0.1919;0;0;0;0;0;0;0;0;0;0;0;0;0.0061;0.0004;0.2867;0.2867;0;27.777;27.777;4.2472;0.0411;278.67;1028.7;1;0.0068;0.0068;0;0;0;0;0;0;0.2799;0.1919;0;16.128;18.675;10.795;12.501;97.634;97.634;2.7062;2.2911;1.5335;0.4152;0.7575;0.1534;0.2799;0.5667;44.176;0.5405;0
19/03/21 18:00;0.7931;89.876;88.076;0.7931;1.1307;90;1.1307;0;0;0;21.8;6.26;0;0;0;0;0;0;0;0;0;0;0;0;0;1;1;1;1;0;0;0;0;0;0;0;0;0;0;0;0;0;0;0;0;0;0;0;0;0;0;0;0;0;0;0;0;0;0;0;0;0;0;0;1;1;1;1;1;1;1;1;1;1;1;1;1;1;1;1;1;1;1;0;0;0;0;0;0;0;0;0;0.0004;0.088;0;-0.0884;0;0;0;0;0;0;0;0;0;0;0;0;0;0;0;0;0;0;0;-21.8;0;0;0;0;0.0004;0;0;0;0;0;0;0;-0.0004;-0.0884;0;0;0;0;0;0;0;0;0;-0.7063;0;0.7063;1;1;0;0;0;0
19/03/21 19:00;0;0;90;0;0;90;0;0;0;0;20.97;6;0;0;0;0;0;0;0;0;0;0;0;0;0;1;1;1;1;0;0;0;0;0;0;0;0;0;0;0;0;0;0;0;0;0;0;0;0;0;0;0;0;0;0;0;0;0;0;0;0;0;0;0;1;1;1;1;1;1;1;1;1;1;1;1;1;1;1;1;1;1;1;0;0;0;0;0;0;0;0;0;0.0004;0.088;0;-0.0884;0;0;0;0;0;0;0;0;0;0;0;0;0;0;0;0;0;0;0;-20.97;0;0;0;0;0.0004;0;0;0;0;0;0;0;-0.0004;-0.0884;0;0;0;0;0;0;0;0;0;-0.7063;0;0.7063;1;1;0;0;0;0
19/03/21 20:00;0;0;90;0;0;90;0;0;0;0;19.76;5.3499;0;0;0;0;0;0;0;0;0;0;0;0;0;1;1;1;1;0;0;0;0;0;0;0;0;0;0;0;0;0;0;0;0;0;0;0;0;0;0;0;0;0;0;0;0;0;0;0;0;0;0;0;1;1;1;1;1;1;1;1;1;1;1;1;1;1;1;1;1;1;1;0;0;0;0;0;0;0;0;0;0.0004;0.088;0;-0.0884;0;0;0;0;0;0;0;0;0;0;0;0;0;0;0;0;0;0;0;-19.76;0;0;0;0;0.0004;0;0;0;0;0;0;0;-0.0004;-0.0884;0;0;0;0;0;0;0;0;0;-0.7063;0;0.7063;1;1;0;0;0;0
19/03/21 21:00;0;0;90;0;0;90;0;0;0;0;19.52;4.7601;0;0;0;0;0;0;0;0;0;0;0;0;0;1;1;1;1;0;0;0;0;0;0;0;0;0;0;0;0;0;0;0;0;0;0;0;0;0;0;0;0;0;0;0;0;0;0;0;0;0;0;0;1;1;1;1;1;1;1;1;1;1;1;1;1;1;1;1;1;1;1;0;0;0;0;0;0;0;0;0;0.0004;0.088;0;-0.0884;0;0;0;0;0;0;0;0;0;0;0;0;0;0;0;0;0;0;0;-19.52;0;0;0;0;0.0004;0;0;0;0;0;0;0;-0.0004;-0.0884;0;0;0;0;0;0;0;0;0;-0.7063;0;0.7063;1;1;0;0;0;0
19/03/21 22:00;0;0;90;0;0;90;0;0;0;0;18.19;4.3899;0;0;0;0;0;0;0;0;0;0;0;0;0;1;1;1;1;0;0;0;0;0;0;0;0;0;0;0;0;0;0;0;0;0;0;0;0;0;0;0;0;0;0;0;0;0;0;0;0;0;0;0;1;1;1;1;1;1;1;1;1;1;1;1;1;1;1;1;1;1;1;0;0;0;0;0;0;0;0;0;0.0004;0.088;0;-0.0884;0;0;0;0;0;0;0;0;0;0;0;0;0;0;0;0;0;0;0;-18.19;0;0;0;0;0.0004;0;0;0;0;0;0;0;-0.0004;-0.0884;0;0;0;0;0;0;0;0;0;-0.7063;0;0.7063;1;1;0;0;0;0
19/03/21 23:00;0;0;90;0;0;90;0;0;0;0;18.22;4.26;0;0;0;0;0;0;0;0;0;0;0;0;0;1;1;1;1;0;0;0;0;0;0;0;0;0;0;0;0;0;0;0;0;0;0;0;0;0;0;0;0;0;0;0;0;0;0;0;0;0;0;0;1;1;1;1;1;1;1;1;1;1;1;1;1;1;1;1;1;1;1;0;0;0;0;0;0;0;0;0;0.0004;0.088;0;-0.0884;0;0;0;0;0;0;0;0;0;0;0;0;0;0;0;0;0;0;0;-18.22;0;0;0;0;0.0004;0;0;0;0;0;0;0;-0.0004;-0.0884;0;0;0;0;0;0;0;0;0;-0.7063;0;0.7063;1;1;0;0;0;0
20/03/21 00:00;0;0;90;0;0;90;0;0;0;0;17.43;4.11;0;0;0;0;0;0;0;0;0;0;0;0;0;1;1;1;1;0;0;0;0;0;0;0;0;0;0;0;0;0;0;0;0;0;0;0;0;0;0;0;0;0;0;0;0;0;0;0;0;0;0;0;1;1;1;1;1;1;1;1;1;1;1;1;1;1;1;1;1;1;1;0;0;0;0;0;0;0;0;0;0.0004;0.088;0;-0.0884;0;0;0;0;0;0;0;0;0;0;0;0;0;0;0;0;0;0;0;-17.43;0;0;0;0;0.0004;0;0;0;0;0;0;0;-0.0004;-0.0884;0;0;0;0;0;0;0;0;0;-0.7063;0;0.7063;1;1;0;0;0;0
20/03/21 01:00;0;0;90;0;0;90;0;0;0;0;15.1;3.87;0;0;0;0;0;0;0;0;0;0;0;0;0;1;1;1;1;0;0;0;0;0;0;0;0;0;0;0;0;0;0;0;0;0;0;0;0;0;0;0;0;0;0;0;0;0;0;0;0;0;0;0;1;1;1;1;1;1;1;1;1;1;1;1;1;1;1;1;1;1;1;0;0;0;0;0;0;0;0;0;0.0004;0.088;0;-0.0884;0;0;0;0;0;0;0;0;0;0;0;0;0;0;0;0;0;0;0;-15.1;0;0;0;0;0.0004;0;0;0;0;0;0;0;-0.0004;-0.0884;0;0;0;0;0;0;0;0;0;-0.7063;0;0.7063;1;1;0;0;0;0
20/03/21 02:00;0;0;90;0;0;90;0;0;0;0;13.26;3.55;0;0;0;0;0;0;0;0;0;0;0;0;0;1;1;1;1;0;0;0;0;0;0;0;0;0;0;0;0;0;0;0;0;0;0;0;0;0;0;0;0;0;0;0;0;0;0;0;0;0;0;0;1;1;1;1;1;1;1;1;1;1;1;1;1;1;1;1;1;1;1;0;0;0;0;0;0;0;0;0;0.0004;0.088;0;-0.0884;0;0;0;0;0;0;0;0;0;0;0;0;0;0;0;0;0;0;0;-13.26;0;0;0;0;0.0004;0;0;0;0;0;0;0;-0.0004;-0.0884;0;0;0;0;0;0;0;0;0;-0.7063;0;0.7063;1;1;0;0;0;0
20/03/21 03:00;0;0;90;0;0;90;0;0;0;0;12.21;3.3599;0;0;0;0;0;0;0;0;0;0;0;0;0;1;1;1;1;0;0;0;0;0;0;0;0;0;0;0;0;0;0;0;0;0;0;0;0;0;0;0;0;0;0;0;0;0;0;0;0;0;0;0;1;1;1;1;1;1;1;1;1;1;1;1;1;1;1;1;1;1;1;0;0;0;0;0;0;0;0;0;0.0004;0.088;0;-0.0884;0;0;0;0;0;0;0;0;0;0;0;0;0;0;0;0;0;0;0;-12.21;0;0;0;0;0.0004;0;0;0;0;0;0;0;-0.0004;-0.0884;0;0;0;0;0;0;0;0;0;-0.7063;0;0.7063;1;1;0;0;0;0
20/03/21 04:00;0;0;90;0;0;90;0;0;0;0;11.94;3.4399;0;0;0;0;0;0;0;0;0;0;0;0;0;1;1;1;1;0;0;0;0;0;0;0;0;0;0;0;0;0;0;0;0;0;0;0;0;0;0;0;0;0;0;0;0;0;0;0;0;0;0;0;1;1;1;1;1;1;1;1;1;1;1;1;1;1;1;1;1;1;1;0;0;0;0;0;0;0;0;0;0.0004;0.088;0;-0.0884;0;0;0;0;0;0;0;0;0;0;0;0;0;0;0;0;0;0;0;-11.94;0;0;0;0;0.0004;0;0;0;0;0;0;0;-0.0004;-0.0884;0;0;0;0;0;0;0;0;0;-0.7063;0;0.7063;1;1;0;0;0;0
20/03/21 05:00;0;0;90;0;0;90;0;0;0;0;13.76;3.8399;0;0;0;0;0;0;0;0;0;0;0;0;0;1;1;1;1;0;0;0;0;0;0;0;0;0;0;0;0;0;0;0;0;0;0;0;0;0;0;0;0;0;0;0;0;0;0;0;0;0;0;0;1;1;1;1;1;1;1;1;1;1;1;1;1;1;1;1;1;1;1;0;0;0;0;0;0;0;0;0;0.0004;0.088;0;-0.0884;0;0;0;0;0;0;0;0;0;0;0;0;0;0;0;0;0;0;0;-13.76;0;0;0;0;0.0004;0;0;0;0;0;0;0;-0.0004;-0.0884;0;0;0;0;0;0;0;0;0;-0.7063;0;0.7063;1;1;0;0;0;0
20/03/21 06:00;5.5805;-86.009;76.359;5.594;8.081;-90;-8.081;49.598;33.998;15.6;14.58;4.8501;0;37.835;29.887;9.6098;0;0.0468;77.378;0;77.378;37.835;9.6098;29.887;0.0468;0.489;0.3868;0;0.0006;77.187;0.191;0;0;0.152;0.039;65.289;11.358;8.0672;2.049;1.2402;0.0017;76.647;0.5403;0.2648;0.0673;0.2081;0.0001;65.293;29.503;7.4935;28.286;0.006;17.935;14.455;5.3189;0.0037;0.2057;2.959;0.0041;3.161;0;1;0;0;1.5601;0.9975;1;1;0.9949;0.1657;0.8518;0.7853;1;0.958;0.7756;0.993;0.993;1;0.993;0.993;0.8438;0.9465;0.1276;0.2324;0.2029;0.0012;0.0152;-0.0058;0.0013;0.0048;0.0006;0;0;0.088;0;0.0873;0;0;0;0;0;0;0;0;0;0;0;0;0.0038;0.0002;0.1815;0.1815;0;17.251;17.251;2.671;0.0409;172.17;1054.3;1;0.0063;0.0063;0;0;0;0;0;0;0.1753;0.0873;0;14.882;17.233;7.1533;8.2834;96.545;96.545;1.8571;1.4508;0.6973;0.4063;0.7534;0.2188;0.4057;0.3755;17.839;0.3651;0
20/03/21 07:00;17.105;-77.443;44.495;17.498;29.324;-90;-29.324;83.706;81.699;2.0066;16.69;6.43;0;4.8666;76.086;0.9821;0;1.0189;82.954;0;82.954;4.8666;0.9821;76.086;1.0189;0.0587;0.9295;0;0.0123;78.802;4.1516;0;0;3.2613;0.8903;75.811;2.4391;0.046;0.0093;2.3607;0.0231;78.25;0.5516;0.0341;0.0069;0.5098;0.0009;76.124;4.7865;0.9659;69.954;0.1047;49.929;40.243;15.564;1.0647;0.5921;8.5168;0.3126;8.0442;0;1;0;0;0.991;0.95;1;1;0.9571;0.1263;0.9688;0.9905;1;0.9674;0.8193;0.993;0.993;1;0.993;0.993;0.9139;0.9194;0.1027;0.2491;0.2472;0.0015;0.0162;-0.0047;0.0016;0.0058;0.0016;0;0;0.088;0;0.1257;0;0;0;0;0;0;0;0;0;0;0;0;0.0047;0.0003;0.2202;0.2202;0;19.793;19.793;3.1031;0.0409;209.85;1049.4;1;0.0065;0.0065;0;0;0;0;0;0;0.2137;0.1257;0;16.841;19.502;9.615;11.134;97.05;97.05;1.9909;1.7601;1.0049;0.2308;0.7552;0.1159;0.3793;0.5047;49.917;0.4687;0
20/03/21 08:00;28.787;-67.196;19.857;30.797;59.203;-90;-59.203;201.79;186.7;15.092;18.99;7.2499;0;29.477;137.93;8.3026;0;9.3552;185.07;0;185.07;29.477;8.3026;137.93;9.3552;0.1593;0.7959;0;0.0506;159.28;25.784;0;0;17.025;8.7587;153.89;4.2793;0.0201;0.0057;4.2173;0.0363;158.17;1.115;0.2063;0.0581;0.8463;0.0042;157.71;29.251;8.2388;115.84;0.556;122.83;99.003;43.454;21.985;2.3796;34.23;3.8198;14.624;0;1;0;0;0.9171;0.8607;1;1;0.8766;0.0638;0.9729;0.9993;1;0.9649;0.9387;0.993;0.993;1;0.993;0.993;0.8315;0.8399;0.0594;0.5558;0.5472;0.0033;0.0179;0.0005;0.0037;0.013;0.0066;0;0;0.088;0;0.3935;0;0;0;0;0;0;0;0;0;0;0;0;0.0105;0.0009;0.4907;0.4907;0;25.274;25.274;6.2838;0.0408;465.48;1054.2;1;0.0092;0.0092;0;0;0;0;0;0;0.4815;0.3935;0;16.82;19.478;13.489;15.62;98.126;98.126;4.4416;3.9217;3.1449;0.5198;0.7768;0.117;0.1749;0.7081;118.99;0.6219;0
20/03/21 09:00;39.505;-54.464;26.644;45.375;44.625;-90;-44.625;379.79;284.8;94.988;20.93;7.4899;0;133.46;217.31;43.409;0;10.401;404.58;0;404.58;133.46;43.409;217.31;10.401;0.3299;0.5628;0;0.0257;377.14;27.444;0;0;17.801;9.6431;367.84;6.6604;0.122;0.0397;6.4522;0.0465;374.5;2.64;0.9342;0.3039;1.3966;0.0053;371.39;132.41;43.065;191.66;0.7061;214.49;172.88;70.046;12.895;2.8774;41.39;3.5468;31.372;0;1;0;0;1.0653;0.9322;1;1;0.9181;0.0729;0.9822;0.9991;1;0.9674;0.9382;0.993;0.993;1;0.993;0.993;0.9092;0.882;0.0679;1.215;1.2058;0.0073;0.0105;0.0471;0.008;0.0283;0.0078;0;0;0.088;0;0.9654;0;0;0;0;0;0;0;0;0;0;0;0;0.0228;0.0036;1.0705;1.0705;0;35.985;35.985;15.055;0.0409;1033.7;1035.6;1;0.017;0.017;0;0;0;0;0;0;1.0534;0.9654;0;16.784;19.436;15.137;17.529;98.408;98.408;9.71;8.5551;7.7156;1.1549;0.8395;0.1189;0.0865;0.7946;161.18;0.7381;0
20/03/21 10:00;48.362;-37.56;31.782;61.545;28.455;-90;-28.455;508.6;327.8;180.8;22.99;7.5699;0;205.65;253.87;65.528;0;5.8372;530.88;0;530.88;205.65;65.528;253.87;5.8372;0.3874;0.4892;0;0.011;515.43;15.451;0;0;10.372;5.0788;503.2;8.6181;0.4245;0.1353;7.9185;0.1399;511.82;3.608;1.4395;0.4587;1.7045;0.0053;504.92;203.78;64.934;233.87;0.6132;292.74;235.95;91.23;3.2004;3.275;47.11;1.7195;47.185;0;1;0;0;1.0438;0.9709;1;1;0.9591;0.1299;0.9832;0.9979;1;0.9673;0.8143;0.993;0.993;1;0.993;0.993;0.9479;0.9212;0.1051;1.5942;1.6201;0.0098;0.0047;0.107;0.0105;0.0372;0.0087;0;0;0.088;0;1.2965;0;0;0;0;0;0;0;0;0;0;0;0;0.03;0.0061;1.4061;1.4061;0;43.683;43.683;20.693;0.0411;1391.2;1010.7;1;0.0217;0.0217;0;0;0;0;0;0;1.3845;1.2965;0;16.802;19.457;15.492;17.939;98.459;98.459;12.741;11.238;10.361;1.5032;0.8764;0.118;0.0688;0.8132;165.59;0.7626;0
20/03/21 11:00;53.863;-15.197;34.687;79.164;10.836;-90;-10.836;353.69;329.8;23.897;24.89;7.67;0;24.331;319.83;7.2181;0;0.5991;351.98;0;351.98;24.331;7.2181;319.83;0.5991;0.0691;0.9104;0;0.0017;348.83;3.1478;0;0;2.6484;0.4994;333.54;12.85;0.0913;0.0271;12.71;0.0223;346.39;2.4418;0.1703;0.0505;2.2203;0.0007;333.65;24.069;7.1405;302.25;0.0768;210.17;169.39;62.662;0.1261;2.3944;34.442;0.112;36.711;0;1;0;0;0.9952;0.9911;1;1;0.9917;0.1664;0.9629;0.9962;1;0.9596;0.7752;0.993;0.993;1;0.993;0.993;0.9476;0.945;0.1281;1.057;1.0775;0.0065;0.0123;0.0523;0.007;0.025;0.0064;0;0;0.088;0;0.8419;0;0;0;0;0;0;0;0;0;0;0;0;0.0201;0.0029;0.9449;0.9449;0;38.58;38.58;13.69;0.041;924.14;1022.5;1;0.015;0.015;0;0;0;0;0;0;0.9299;0.8419;0;17.03;19.72;15.174;17.571;98.413;98.413;8.4475;7.5516;6.7285;0.8958;0.8231;0.106;0.0974;0.7965;192.13;0.7421;0
20/03/21 12:00;54.371;10.523;34.942;82.543;7.4572;90;7.4572;228.91;224.7;4.2034;23.59;7.5699;0;4.2393;222.91;0.8514;0;0.1839;228.19;0;228.19;4.2393;0.8514;222.91;0.1839;0.0186;0.9777;0;0.0008;227.04;1.1509;0;0;0.9972;0.1537;216.09;9.3597;0.0165;0.0033;9.3332;0.0067;225.45;1.5893;0.0297;0.006;1.5534;0.0002;216.11;4.1931;0.8421;211.03;0.0233;135.85;109.5;40.187;0.0194;1.5643;22.502;0.0244;24.047;0;1;0;0;0.9969;0.995;1;1;0.9955;0.1645;0.9585;0.9961;1;0.9576;0.7754;0.993;0.993;1;0.993;0.993;0.947;0.9467;0.1267;0.6852;0.6983;0.0042;0.0169;0.0187;0.0046;0.0163;0.0042;0;0;0.088;0;0.5202;0;0;0;0;0;0;0;0;0;0;0;0;0.0132;0.0014;0.6188;0.6188;0;32.442;32.442;8.8516;0.041;596.74;1036.9;1;0.0106;0.0106;0;0;0;0;0;0;0.6082;0.5202;0;17.201;19.919;14.461;16.746;98.292;98.292;5.4765;4.9451;4.1573;0.5314;0.7878;0.097;0.1438;0.7591;132.89;0.7069;0
20/03/21 13:00;49.692;33.826;32.507;64.722;25.278;90;25.278;361.19;331.5;29.695;24.57;7.1699;0;32.84;306.7;10.371;0;3.2857;353.2;0;353.2;32.84;10.371;306.7;3.2857;0.093;0.8777;0;0.0093;339.99;13.21;0;0;10.386;2.8237;327.62;9.9822;0.0816;0.0258;9.7818;0.0931;337.61;2.3799;0.2299;0.0726;2.0742;0.0032;328.58;32.528;10.273;284.46;0.3657;217.44;175.25;66.954;2.5519;2.4965;35.911;0.9546;35.855;0;1;0;0;0.9779;0.9626;1;1;0.9661;0.1406;0.9704;0.9975;1;0.9668;0.7971;0.993;0.993;1;0.993;0.993;0.9276;0.9275;0.1113;1.0606;1.0653;0.0064;0.0125;0.0496;0.007;0.0247;0.0067;0;0;0.088;0;0.8328;0;0;0;0;0;0;0;0;0;0;0;0;0.0199;0.0029;0.9356;0.9356;0;38.012;38.012;13.442;0.041;913.39;1024.4;1;0.0149;0.0149;0;0;0;0;0;0;0.9208;0.8328;0;16.805;19.46;14.957;17.32;98.41;98.41;8.4767;7.4776;6.6554;0.999;0.8222;0.1179;0.097;0.7851;196.09;0.7296;0
20/03/21 14:00;41.327;51.696;27.741;48.254;41.746;90;41.746;138.6;136.8;1.8009;25.05;6.73;0;2.4137;119.19;0.3633;0;3.343;125.31;0;125.31;2.4137;0.3633;119.19;3.343;0.0193;0.9778;0;0.0267;113.35;11.96;0;0;8.8726;3.0878;108.99;3.5736;0.0023;0.0003;3.5506;0.0203;112.56;0.7935;0.0169;0.0025;0.7723;0.0018;110.22;2.3945;0.3604;106;0.233;87.108;70.209;28.749;5.6226;1.174;16.887;1.2297;12.438;0;1;0;0;0.9042;0.9046;1;1;0.9256;0.0763;0.9683;0.999;1;0.9676;0.9197;0.993;0.993;1;0.993;0.993;0.8697;0.8893;0.0697;0.3763;0.3676;0.0022;0.0177;0.0061;0.0024;0.0085;0.0031;0;0;0.088;0;0.2251;0;0;0;0;0;0;0;0;0;0;0;0;0.0068;0.0005;0.3202;0.3202;0;29.531;29.531;4.4815;0.0411;312.82;1023.6;1;0.0071;0.0071;0;0;0;0;0;0;0.3131;0.2251;0;16.209;18.77;11.396;13.196;97.787;97.787;3.0075;2.559;1.7991;0.4485;0.7599;0.1491;0.2527;0.5982;86.176;0.5434;0
20/03/21 15:00;30.87;65.065;21.215;33.394;56.606;90;56.606;194.7;189;5.6994;24.5;6.2001;0;10.355;145.33;2.7711;0;8.3162;166.77;0;166.77;10.355;2.7711;145.33;8.3162;0.0621;0.9213;0;0.0499;142.12;24.655;0;0;16.844;7.8103;136.69;4.4299;0.0075;0.002;4.3955;0.0249;141.12;0.9948;0.0725;0.0194;0.8994;0.0035;140.19;10.275;2.7497;123.19;0.4774;123.52;99.557;43.197;19.75;2.2722;32.684;3.4923;15.206;0;1;0;0;0.8566;0.8522;1;1;0.8841;0.0608;0.9686;0.9993;1;0.9655;0.9504;0.993;0.993;1;0.993;0.993;0.8196;0.8477;0.0574;0.5008;0.4911;0.003;0.0181;0.0091;0.0032;0.0114;0.0061;0;0;0.088;0;0.3339;0;0;0;0;0;0;0;0;0;0;0;0;0.0092;0.0008;0.4302;0.4302;0;30.111;30.111;5.6111;0.041;417.62;1030.2;1;0.0083;0.0083;0;0;0;0;0;0;0.4219;0.3339;0;16.365;18.95;12.701;14.707;98.066;98.066;4.0026;3.4383;2.6686;0.5642;0.7698;0.141;0.1923;0.6667;121.68;0.5814;0
20/03/21 16:00;19.32;75.666;36.64;19.893;35.719;90;35.719;41.101;40.803;0.2975;20.88;4.7899;0;0.7216;36.941;0.0647;0;0.7345;38.462;0;38.462;0.7216;0.0647;36.941;0.7345;0.0188;0.9796;0;0.0191;35.632;2.83;0;0;2.1667;0.6633;34.255;1.1277;0.0035;0.0003;1.1143;0.0095;35.383;0.2494;0.0051;0.0005;0.2434;0.0005;34.507;0.713;0.0639;33.417;0.0612;25.403;20.475;8.1319;1.0207;0.3185;4.5815;0.2524;3.8793;0;1;0;0;0.9358;0.9264;1;1;0.9413;0.0969;0.9681;0.9951;1;0.9677;0.865;0.993;0.993;1;0.993;0.993;0.8906;0.9046;0.0833;0.1155;0.1136;0.0007;0.0119;-0.0011;0.0007;0.0025;0.0008;0;0;0.088;0;0.0036;0;0;0;0;0;0;0;0;0;0;0;0;0.002;0.0001;0.0959;0.0959;0;22.299;22.299;1.4187;0.0414;95.418;1005.1;1;0.0043;0.0043;0;0;0;0;0;0;0.0916;0.0036;0;15.817;18.316;0.5924;0.686;95.508;95.508;0.9231;0.7664;0.0287;0.1567;0.7377;0.1697;0.7992;0.0311;25.401;0.0286;0
20/03/21 17:00;7.2399;84.822;72.203;7.2693;10.602;90;10.602;5.0009;5.0009;0;18.6;3.93;0;0;4.9582;0;0;0.0081;4.9663;4.9663;0;0;0;0;0;1;1;1;1;0;0;0;0;0;0;0;0;0;0;0;0;0;0;0;0;0;0;0;0;0;0;0;0;0;0;0;0;0;0;0;0;0;0;0;0;1;1;1;1;1;1;1;1;1;1;1;1;1;0;0;1;0;0;0;0;0;0;0;0;0;0;0;0.0004;0.088;0;-0.0884;0;0;0;0;0;0;0;0;0;0;0;0;0;0;0;0;0;0;0;-18.6;0;0;0;0;0.0004;0;0;0;0;0;0;0;-0.0004;-0.0884;0;0;0;0;0;0;0;0;0;-0.7063;0;0.7063;1;1;0;0;0;0
20/03/21 18:00;0.707;89.453;88.285;0.7071;1.008;90;1.008;0;0;0;17.86;3.78;0;0;0;0;0;0;0;0;0;0;0;0;0;1;1;1;1;0;0;0;0;0;0;0;0;0;0;0;0;0;0;0;0;0;0;0;0;0;0;0;0;0;0;0;0;0;0;0;0;0;0;0;1;1;1;1;1;1;1;1;1;1;1;1;1;1;1;1;1;1;1;0;0;0;0;0;0;0;0;0;0.0004;0.088;0;-0.0884;0;0;0;0;0;0;0;0;0;0;0;0;0;0;0;0;0;0;0;-17.86;0;0;0;0;0.0004;0;0;0;0;0;0;0;-0.0004;-0.0884;0;0;0;0;0;0;0;0;0;-0.7063;0;0.7063;1;1;0;0;0;0
20/03/21 19:00;0;0;90;0;0;90;0;0;0;0;17.32;3.86;0;0;0;0;0;0;0;0;0;0;0;0;0;1;1;1;1;0;0;0;0;0;0;0;0;0;0;0;0;0;0;0;0;0;0;0;0;0;0;0;0;0;0;0;0;0;0;0;0;0;0;0;1;1;1;1;1;1;1;1;1;1;1;1;1;1;1;1;1;1;1;0;0;0;0;0;0;0;0;0;0.0004;0.088;0;-0.0884;0;0;0;0;0;0;0;0;0;0;0;0;0;0;0;0;0;0;0;-17.32;0;0;0;0;0.0004;0;0;0;0;0;0;0;-0.0004;-0.0884;0;0;0;0;0;0;0;0;0;-0.7063;0;0.7063;1;1;0;0;0;0
20/03/21 20:00;0;0;90;0;0;90;0;0;0;0;17.11;4.4799;0;0;0;0;0;0;0;0;0;0;0;0;0;1;1;1;1;0;0;0;0;0;0;0;0;0;0;0;0;0;0;0;0;0;0;0;0;0;0;0;0;0;0;0;0;0;0;0;0;0;0;0;1;1;1;1;1;1;1;1;1;1;1;1;1;1;1;1;1;1;1;0;0;0;0;0;0;0;0;0;0.0004;0.088;0;-0.0884;0;0;0;0;0;0;0;0;0;0;0;0;0;0;0;0;0;0;0;-17.11;0;0;0;0;0.0004;0;0;0;0;0;0;0;-0.0004;-0.0884;0;0;0;0;0;0;0;0;0;-0.7063;0;0.7063;1;1;0;0;0;0
20/03/21 21:00;0;0;90;0;0;90;0;0;0;0;17.2;5.21;0;0;0;0;0;0;0;0;0;0;0;0;0;1;1;1;1;0;0;0;0;0;0;0;0;0;0;0;0;0;0;0;0;0;0;0;0;0;0;0;0;0;0;0;0;0;0;0;0;0;0;0;1;1;1;1;1;1;1;1;1;1;1;1;1;1;1;1;1;1;1;0;0;0;0;0;0;0;0;0;0.0004;0.088;0;-0.0884;0;0;0;0;0;0;0;0;0;0;0;0;0;0;0;0;0;0;0;-17.2;0;0;0;0;0.0004;0;0;0;0;0;0;0;-0.0004;-0.0884;0;0;0;0;0;0;0;0;0;-0.7063;0;0.7063;1;1;0;0;0;0
20/03/21 22:00;0;0;90;0;0;90;0;0;0;0;17.32;5.9899;0;0;0;0;0;0;0;0;0;0;0;0;0;1;1;1;1;0;0;0;0;0;0;0;0;0;0;0;0;0;0;0;0;0;0;0;0;0;0;0;0;0;0;0;0;0;0;0;0;0;0;0;1;1;1;1;1;1;1;1;1;1;1;1;1;1;1;1;1;1;1;0;0;0;0;0;0;0;0;0;0.0004;0.088;0;-0.0884;0;0;0;0;0;0;0;0;0;0;0;0;0;0;0;0;0;0;0;-17.32;0;0;0;0;0.0004;0;0;0;0;0;0;0;-0.0004;-0.0884;0;0;0;0;0;0;0;0;0;-0.7063;0;0.7063;1;1;0;0;0;0
20/03/21 23:00;0;0;90;0;0;90;0;0;0;0;18.3;6.3899;0;0;0;0;0;0;0;0;0;0;0;0;0;1;1;1;1;0;0;0;0;0;0;0;0;0;0;0;0;0;0;0;0;0;0;0;0;0;0;0;0;0;0;0;0;0;0;0;0;0;0;0;1;1;1;1;1;1;1;1;1;1;1;1;1;1;1;1;1;1;1;0;0;0;0;0;0;0;0;0;0.0004;0.088;0;-0.0884;0;0;0;0;0;0;0;0;0;0;0;0;0;0;0;0;0;0;0;-18.3;0;0;0;0;0.0004;0;0;0;0;0;0;0;-0.0004;-0.0884;0;0;0;0;0;0;0;0;0;-0.7063;0;0.7063;1;1;0;0;0;0
21/03/21 00:00;0;0;90;0;0;90;0;0;0;0;19;6.72;0;0;0;0;0;0;0;0;0;0;0;0;0;1;1;1;1;0;0;0;0;0;0;0;0;0;0;0;0;0;0;0;0;0;0;0;0;0;0;0;0;0;0;0;0;0;0;0;0;0;0;0;1;1;1;1;1;1;1;1;1;1;1;1;1;1;1;1;1;1;1;0;0;0;0;0;0;0;0;0;0.0004;0.088;0;-0.0884;0;0;0;0;0;0;0;0;0;0;0;0;0;0;0;0;0;0;0;-19;0;0;0;0;0.0004;0;0;0;0;0;0;0;-0.0004;-0.0884;0;0;0;0;0;0;0;0;0;-0.7063;0;0.7063;1;1;0;0;0;0
21/03/21 01:00;0;0;90;0;0;90;0;0;0;0;19.3;6.8401;0;0;0;0;0;0;0;0;0;0;0;0;0;1;1;1;1;0;0;0;0;0;0;0;0;0;0;0;0;0;0;0;0;0;0;0;0;0;0;0;0;0;0;0;0;0;0;0;0;0;0;0;1;1;1;1;1;1;1;1;1;1;1;1;1;1;1;1;1;1;1;0;0;0;0;0;0;0;0;0;0.0004;0.088;0;-0.0884;0;0;0;0;0;0;0;0;0;0;0;0;0;0;0;0;0;0;0;-19.3;0;0;0;0;0.0004;0;0;0;0;0;0;0;-0.0004;-0.0884;0;0;0;0;0;0;0;0;0;-0.7063;0;0.7063;1;1;0;0;0;0
21/03/21 02:00;0;0;90;0;0;90;0;0;0;0;19.5;7.2599;0;0;0;0;0;0;0;0;0;0;0;0;0;1;1;1;1;0;0;0;0;0;0;0;0;0;0;0;0;0;0;0;0;0;0;0;0;0;0;0;0;0;0;0;0;0;0;0;0;0;0;0;1;1;1;1;1;1;1;1;1;1;1;1;1;1;1;1;1;1;1;0;0;0;0;0;0;0;0;0;0.0004;0.088;0;-0.0884;0;0;0;0;0;0;0;0;0;0;0;0;0;0;0;0;0;0;0;-19.5;0;0;0;0;0.0004;0;0;0;0;0;0;0;-0.0004;-0.0884;0;0;0;0;0;0;0;0;0;-0.7063;0;0.7063;1;1;0;0;0;0
21/03/21 03:00;0;0;90;0;0;90;0;0;0;0;18.95;7.78;0;0;0;0;0;0;0;0;0;0;0;0;0;1;1;1;1;0;0;0;0;0;0;0;0;0;0;0;0;0;0;0;0;0;0;0;0;0;0;0;0;0;0;0;0;0;0;0;0;0;0;0;1;1;1;1;1;1;1;1;1;1;1;1;1;1;1;1;1;1;1;0;0;0;0;0;0;0;0;0;0.0004;0.088;0;-0.0884;0;0;0;0;0;0;0;0;0;0;0;0;0;0;0;0;0;0;0;-18.95;0;0;0;0;0.0004;0;0;0;0;0;0;0;-0.0004;-0.0884;0;0;0;0;0;0;0;0;0;-0.7063;0;0.7063;1;1;0;0;0;0
21/03/21 04:00;0;0;90;0;0;90;0;0;0;0;19.26;8.58;0;0;0;0;0;0;0;0;0;0;0;0;0;1;1;1;1;0;0;0;0;0;0;0;0;0;0;0;0;0;0;0;0;0;0;0;0;0;0;0;0;0;0;0;0;0;0;0;0;0;0;0;1;1;1;1;1;1;1;1;1;1;1;1;1;1;1;1;1;1;1;0;0;0;0;0;0;0;0;0;0.0004;0.088;0;-0.0884;0;0;0;0;0;0;0;0;0;0;0;0;0;0;0;0;0;0;0;-19.26;0;0;0;0;0.0004;0;0;0;0;0;0;0;-0.0004;-0.0884;0;0;0;0;0;0;0;0;0;-0.7063;0;0.7063;1;1;0;0;0;0
21/03/21 05:00;0;0;90;0;0;90;0;0;0;0;19.52;9.4701;0;0;0;0;0;0;0;0;0;0;0;0;0;1;1;1;1;0;0;0;0;0;0;0;0;0;0;0;0;0;0;0;0;0;0;0;0;0;0;0;0;0;0;0;0;0;0;0;0;0;0;0;1;1;1;1;1;1;1;1;1;1;1;1;1;1;1;1;1;1;1;0;0;0;0;0;0;0;0;0;0.0004;0.088;0;-0.0884;0;0;0;0;0;0;0;0;0;0;0;0;0;0;0;0;0;0;0;-19.52;0;0;0;0;0.0004;0;0;0;0;0;0;0;-0.0004;-0.0884;0;0;0;0;0;0;0;0;0;-0.7063;0;0.7063;1;1;0;0;0;0
21/03/21 06:00;5.4154;-85.64;76.768;5.4311;7.8394;-90;-7.8394;2.5004;2.5004;0;17.96;10.57;0;0;2.4887;0;0;0.0022;2.491;2.491;0;0;0;0;0;1;1;1;1;0;0;0;0;0;0;0;0;0;0;0;0;0;0;0;0;0;0;0;0;0;0;0;0;0;0;0;0;0;0;0;0;0;0;0;0;1;1;1;1;1;1;1;1;1;1;1;1;1;0;0;1;0;0;0;0;0;0;0;0;0;0;0;0.0004;0.088;0;-0.0884;0;0;0;0;0;0;0;0;0;0;0;0;0;0;0;0;0;0;0;-17.96;0;0;0;0;0.0004;0;0;0;0;0;0;0;-0.0004;-0.0884;0;0;0;0;0;0;0;0;0;-0.7063;0;0.7063;1;1;0;0;0;0
21/03/21 07:00;16.928;-77.064;45.075;17.343;28.956;-90;-28.956;36.002;35.701;0.3012;17.84;11.77;0;0.7305;33.444;0.0651;0;0.4276;34.668;0;34.668;0.7305;0.0651;33.444;0.4276;0.0211;0.9771;0;0.0123;32.89;1.7779;0;0;1.405;0.3729;31.602;1.0577;0.0071;0.0006;1.04;0.0099;32.659;0.2302;0.0051;0.0005;0.2243;0.0004;31.735;0.7182;0.064;30.775;0.0443;21.889;17.643;6.8126;0.4479;0.259;3.726;0.1331;3.5371;0;1;0;0;0.9629;0.9487;1;1;0.958;0.1278;0.9676;0.9901;1;0.9673;0.8171;0.993;0.993;1;0.993;0.993;0.9116;0.9202;0.1037;0.1041;0.1034;0.0006;0.0114;-0.0022;0.0007;0.0023;0.0007;0;0;0.088;0;-0.0042;0;0;0;0;0;0;0;0;0;0;0;0;0.0019;0.0001;0.088;0.088;0;19.147;19.147;1.3068;0.0414;86.725;1014.9;1;0.0042;0.0042;0;0;0;0;0;0;0.0838;-0.0042;0;16.107;18.651;-0.7603;-0.8804;95.256;95.256;0.832;0.7035;-0.0332;0.1286;0.7367;0.1545;0.8854;0;21.887;0;0
21/03/21 08:00;28.585;-66.799;20.239;30.661;59.339;-90;-59.339;199.7;184.9;14.805;18.98;12.72;0;29.032;136.45;8.1549;0;9.297;182.94;0;182.94;29.032;8.1549;136.45;9.297;0.1587;0.7967;0;0.0508;157.33;25.603;0;0;16.899;8.7037;152;4.2371;0.0202;0.0057;4.1747;0.0366;156.23;1.1013;0.2032;0.0571;0.8369;0.0042;155.8;28.808;8.0921;114.54;0.5526;121.61;98.017;43.044;21.929;2.365;34.019;3.8019;14.455;0;1;0;0;0.9161;0.86;1;1;0.8762;0.0638;0.9729;0.9993;1;0.9648;0.9379;0.993;0.993;1;0.993;0.993;0.8309;0.8394;0.0594;0.5494;0.541;0.0033;0.0179;0.0004;0.0036;0.0129;0.0065;0;0;0.088;0;0.3879;0;0;0;0;0;0;0;0;0;0;0;0;0.0104;0.0009;0.4851;0.4851;0;25.187;25.187;6.2068;0.0408;460.17;1054.1;1;0.0091;0.0091;0;0;0;0;0;0;0.4759;0.3879;0;16.821;19.478;13.452;15.577;98.117;98.117;4.3905;3.8767;3.1004;0.5138;0.7763;0.117;0.1768;0.7062;117.9;0.6199;0
21/03/21 09:00;39.261;-54.049;27.037;45.276;44.724;-90;-44.724;356.7;283.3;73.402;21.56;13.26;0;103.31;221.87;33.616;0;9.81;368.6;0;368.6;103.31;33.616;221.87;9.81;0.2803;0.6285;0;0.0266;341.27;27.33;0;0;18.233;9.0968;332.13;6.7574;0.0958;0.0312;6.587;0.0434;338.88;2.3889;0.7232;0.2353;1.4254;0.005;335.55;102.49;33.35;195.62;0.6648;205.81;165.89;67.464;13.267;2.8026;40.314;3.4258;29.85;0;1;0;0;1.0334;0.9259;1;1;0.9178;0.0727;0.9801;0.9991;1;0.9674;0.9387;0.993;0.993;1;0.993;0.993;0.901;0.8817;0.0678;1.1069;1.0956;0.0066;0.0121;0.0397;0.0073;0.0258;0.0076;0;0;0.088;0;0.8693;0;0;0;0;0;0;0;0;0;0;0;0;0.0207;0.003;0.9729;0.9729;0;35.152;35.152;13.593;0.0409;938.5;1036.7;1;0.0156;0.0156;0;0;0;0;0;0;0.9573;0.8693;0;16.744;19.389;14.961;17.325;98.396;98.396;8.8464;7.7756;6.9476;1.0708;0.828;0.121;0.0936;0.7854;164.71;0.7259;0
21/03/21 10:00;48.058;-37.165;32.184;61.505;28.495;-90;-28.495;510.11;324.2;185.9;22.98;13.08;0;211.53;249.23;67.017;0;5.8704;533.65;0;533.65;211.53;67.017;249.23;5.8704;0.3964;0.478;0;0.011;518.34;15.314;0;0;10.205;5.1087;506.16;8.5522;0.4859;0.1539;7.772;0.1403;514.71;3.6284;1.4807;0.4691;1.6732;0.0053;507.88;209.56;66.394;229.58;0.6161;293.13;236.26;91.368;3.1572;3.2751;47.111;1.7279;47.229;0;1;0;0;1.0462;0.9713;1;1;0.9591;0.1298;0.9834;0.9977;1;0.9673;0.8145;0.993;0.993;1;0.993;0.993;0.9485;0.9212;0.105;1.6026;1.629;0.0098;0.0046;0.1082;0.0105;0.0374;0.0087;0;0;0.088;0;1.3036;0;0;0;0;0;0;0;0;0;0;0;0;0.0301;0.0062;1.4134;1.4134;0;43.796;43.796;20.816;0.0411;1398.9;1010.4;1;0.0218;0.0218;0;0;0;0;0;0;1.3916;1.3036;0;16.802;19.456;15.497;17.945;98.458;98.458;12.808;11.296;10.419;1.5114;0.8775;0.118;0.0685;0.8135;162.61;0.763;0
21/03/21 11:00;53.494;-14.927;35.088;79.206;10.794;-90;-10.794;399.99;354.8;45.189;22.46;12.9;0;46.003;337.29;14.76;0;0.6723;398.73;0;398.73;46.003;14.76;337.29;0.6723;0.1154;0.8476;0;0.0017;395.39;3.3352;0;0;2.7748;0.5604;378.94;13.68;0.1833;0.0588;13.413;0.025;392.62;2.7677;0.322;0.1033;2.3416;0.0008;379.07;45.497;14.598;318.76;0.0861;237.35;191.3;71.038;0.1311;2.6857;38.632;0.126;41.187;0;1;0;0;0.9968;0.9916;1;1;0.9918;0.1664;0.9652;0.996;1;0.9596;0.7752;0.993;0.993;1;0.993;0.993;0.9504;0.9451;0.1281;1.1974;1.2232;0.0074;0.0103;0.0565;0.008;0.0285;0.0073;0;0;0.088;0;0.9735;0;0;0;0;0;0;0;0;0;0;0;0;0.023;0.0037;1.0785;1.0785;0;37.993;37.993;15.533;0.041;1049.3;1027.9;1;0.017;0.017;0;0;0;0;0;0;1.0615;0.9735;0;17.159;19.87;15.488;17.935;98.419;98.419;9.5695;8.6198;7.7802;0.9497;0.8396;0.0992;0.0877;0.813;202.59;0.758;0
21/03/21 12:00;53.968;10.554;35.33;82.412;7.5884;90;7.5884;77.298;76.797;0.5019;19.14;12.66;0;0.5063;76.426;0.035;0;0.0643;77.031;0;77.031;0.5063;0.035;76.426;0.0643;0.0066;0.993;0;0.0008;76.626;0.4055;0;0;0.3518;0.0537;72.891;3.1985;0.0021;0.0001;3.1939;0.0024;76.089;0.5364;0.0035;0.0002;0.5325;0.0001;72.9;0.5007;0.0346;72.347;0.0081;45.888;36.986;13.616;0.0072;0.5257;7.5627;0.0086;8.0813;0;1;0;0;0.9965;0.9947;1;1;0.9954;0.1645;0.958;0.9958;1;0.9577;0.7754;0.993;0.993;1;0.993;0.993;0.9463;0.9466;0.1267;0.2313;0.2355;0.0014;0.016;-0.0025;0.0015;0.0055;0.0014;0;0;0.088;0;0.1132;0;0;0;0;0;0;0;0;0;0;0;0;0.0044;0.0002;0.2075;0.2075;0;22.131;22.131;2.9909;0.041;199.93;1037.9;1;0.0063;0.0063;0;0;0;0;0;0;0.2012;0.1132;0;17.088;19.788;9.3234;10.796;96.97;96.97;1.8488;1.6584;0.9048;0.1904;0.7536;0.103;0.4076;0.4894;45.573;0.4559;0
21/03/21 13:00;49.304;33.657;32.87;64.516;25.484;90;25.484;292.1;281.5;10.604;18.76;12.14;0;11.747;265.08;3.1702;0;2.6998;282.7;0;282.7;11.747;3.1702;265.08;2.6998;0.0416;0.9472;0;0.0096;271.28;11.417;0;0;9.0942;2.3224;260.83;8.5568;0.0317;0.0085;8.4409;0.0757;269.38;1.899;0.0822;0.0222;1.7919;0.0026;261.62;11.633;3.1395;245.75;0.2991;177.04;142.69;54.4;2.2696;2.0525;29.525;0.7944;29.308;0;1;0;0;0.9678;0.9596;1;1;0.9657;0.1398;0.9682;0.9973;1;0.9668;0.798;0.993;0.993;1;0.993;0.993;0.9226;0.9271;0.1108;0.8489;0.8502;0.0051;0.0154;0.0134;0.0057;0.0203;0.0057;0;0;0.088;0;0.6657;0;0;0;0;0;0;0;0;0;0;0;0;0.0163;0.0019;0.7665;0.7665;0;29.401;29.401;10.641;0.0408;726.25;1055.4;1;0.0128;0.0128;0;0;0;0;0;0;0.7537;0.6657;0;17.2;19.917;14.938;17.297;98.327;98.327;6.7847;6.1259;5.3201;0.6589;0.8058;0.0971;0.1188;0.7841;169.69;0.7273;0
21/03/21 14:00;40.973;51.439;28.076;48.001;41.999;90;41.999;106.21;105.1;1.1088;18.76;11.64;0;1.492;91.491;0.1738;0;2.5915;95.748;0;95.748;1.492;0.1738;91.491;2.5915;0.0156;0.9826;0;0.0271;86.482;9.2661;0;0;6.871;2.3951;83.136;2.7411;0.0014;0.0002;2.7242;0.0153;85.877;0.6054;0.0104;0.0012;0.5923;0.0014;84.095;1.4801;0.1724;81.304;0.1797;66.846;53.878;22.061;4.4064;0.9069;13.045;0.9594;9.5458;0;1;0;0;0.9015;0.9032;1;1;0.9249;0.0758;0.9681;0.999;1;0.9676;0.9213;0.993;0.993;1;0.993;0.993;0.8683;0.8887;0.0693;0.2875;0.2808;0.0017;0.0168;-0.0029;0.0019;0.0066;0.0025;0;0;0.088;0;0.154;0;0;0;0;0;0;0;0;0;0;0;0;0.0053;0.0003;0.2487;0.2487;0;22.167;22.167;3.4065;0.041;238.37;1043.3;1;0.0066;0.0066;0;0;0;0;0;0;0.242;0.154;0;16.476;19.079;10.206;11.818;97.33;97.33;2.298;1.9875;1.2311;0.3105;0.7564;0.1351;0.3291;0.5357;66.292;0.4862;0
21/03/21 15:00;30.547;64.785;21.524;33.117;56.883;90;56.883;101.6;100.3;1.3015;19.1;10.94;0;2.3822;77.403;0.3417;0;4.3786;84.506;0;84.506;2.3822;0.3417;77.403;4.3786;0.0282;0.9678;0;0.0518;71.359;13.147;0;0;9.0351;4.1122;68.5;2.3589;0.0018;0.0003;2.3435;0.0134;70.859;0.4995;0.0167;0.0024;0.4786;0.0019;70.357;2.3638;0.3391;65.546;0.2512;65.38;52.696;22.991;10.703;1.2106;17.414;1.8566;7.9224;0;1;0;0;0.8318;0.8444;1;1;0.8833;0.0609;0.9667;0.9993;1;0.9655;0.9493;0.993;0.993;1;0.993;0.993;0.8106;0.8468;0.0574;0.2538;0.2486;0.0015;0.0162;-0.0028;0.0016;0.0058;0.0033;0;0;0.088;0;0.1237;0;0;0;0;0;0;0;0;0;0;0;0;0.0047;0.0003;0.2181;0.2181;0;21.912;21.912;2.8121;0.0411;210.31;1036.8;1;0.0064;0.0064;0;0;0;0;0;0;0.2117;0.1237;0;16.368;18.954;9.2856;10.753;97.086;97.086;2.0281;1.7427;0.9886;0.2855;0.7541;0.1408;0.3718;0.4874;65.009;0.4223;0
21/03/21 16:00;19.017;75.385;37.788;19.605;34.862;90;34.862;110.51;108.3;2.2068;19.8;9.8701;0;5.3522;98.097;1.293;0;1.8841;106.63;0;106.63;5.3522;1.293;98.097;1.8841;0.0502;0.9377;0;0.0177;99.393;7.2334;0;0;5.5387;1.6948;95.666;3.0307;0.0297;0.0072;2.967;0.0268;98.697;0.6957;0.0375;0.0091;0.6479;0.0013;96.296;5.285;1.2768;88.943;0.1612;67.015;54.014;21.375;2.4934;0.8323;11.973;0.6293;10.312;0;1;0;0;0.9649;0.9322;1;1;0.9435;0.1005;0.9693;0.9944;1;0.9677;0.8575;0.993;0.993;1;0.993;0.993;0.8972;0.9067;0.0855;0.3202;0.3153;0.0019;0.0173;-0.0015;0.0021;0.0074;0.0023;0;0;0.088;0;0.1847;0;0;0;0;0;0;0;0;0;0;0;0;0.0059;0.0004;0.2795;0.2795;0;23.719;23.719;3.9194;0.041;268.16;1042.4;1;0.0069;0.0069;0;0;0;0;0;0;0.2727;0.1847;0;16.63;19.257;10.987;12.723;97.549;97.549;2.559;2.234;1.4759;0.325;0.7581;0.127;0.2962;0.5768;67.002;0.532;0
21/03/21 17:00;6.9473;84.544;72.941;6.9786;10.159;90;10.159;8.6929;8.6929;0;19.9;8.82;0;0;8.6248;0;0;0.0129;8.6377;0;8.6377;0;0;8.6248;0.0129;0;1;0;0.0015;8.5626;0.0751;0;0;0.0643;0.0108;8.1556;0.347;0;0;0.3466;0.0005;8.5026;0.0599;0;0;0.0599;0;8.1579;0;0;8.154;0.0016;5.172;4.1686;1.5323;0.0027;0.0595;0.8563;0.0023;0.9132;0;1;0;0;0.9937;0.9913;1;1;0.9925;0.1651;0.9592;1;1;0.9592;0.7748;0.993;1;1;0.993;0.993;0.9442;0.9454;0.127;0.0259;0.0264;0.0002;0.0056;-0.0004;0.0001;0.0005;0.0001;0;0;0.088;0;-0.0705;0;0;0;0;0;0;0;0;0;0;0;0;0.0004;0;0.0198;0.0198;0;20.246;20.246;0.3458;0.0424;20.928;946.71;1;0.0024;0.0024;0;0;0;0;0;0;0.0175;-0.0705;0;14.551;16.849;-51.812;-59.997;88.079;88.079;0.2073;0.1583;-0.5638;0.049;0.7222;0.2362;3.4836;0;5.172;0;0
21/03/21 18:00;0.416;89.175;88.991;0.4161;0.5931;90;0.5931;0;0;0;19.58;8.49;0;0;0;0;0;0;0;0;0;0;0;0;0;1;1;1;1;0;0;0;0;0;0;0;0;0;0;0;0;0;0;0;0;0;0;0;0;0;0;0;0;0;0;0;0;0;0;0;0;0;0;0;1;1;1;1;1;1;1;1;1;1;1;1;1;1;1;1;1;1;1;0;0;0;0;0;0;0;0;0;0.0004;0.088;0;-0.0884;0;0;0;0;0;0;0;0;0;0;0;0;0;0;0;0;0;0;0;-19.58;0;0;0;0;0.0004;0;0;0;0;0;0;0;-0.0004;-0.0884;0;0;0;0;0;0;0;0;0;-0.7063;0;0.7063;1;1;0;0;0;0
21/03/21 19:00;0;0;90;0;0;90;0;0;0;0;19.3;8.3501;0;0;0;0;0;0;0;0;0;0;0;0;0;1;1;1;1;0;0;0;0;0;0;0;0;0;0;0;0;0;0;0;0;0;0;0;0;0;0;0;0;0;0;0;0;0;0;0;0;0;0;0;1;1;1;1;1;1;1;1;1;1;1;1;1;1;1;1;1;1;1;0;0;0;0;0;0;0;0;0;0.0004;0.088;0;-0.0884;0;0;0;0;0;0;0;0;0;0;0;0;0;0;0;0;0;0;0;-19.3;0;0;0;0;0.0004;0;0;0;0;0;0;0;-0.0004;-0.0884;0;0;0;0;0;0;0;0;0;-0.7063;0;0.7063;1;1;0;0;0;0
21/03/21 20:00;0;0;90;0;0;90;0;0;0;0;19.2;8.15;0;0;0;0;0;0;0;0;0;0;0;0;0;1;1;1;1;0;0;0;0;0;0;0;0;0;0;0;0;0;0;0;0;0;0;0;0;0;0;0;0;0;0;0;0;0;0;0;0;0;0;0;1;1;1;1;1;1;1;1;1;1;1;1;1;1;1;1;1;1;1;0;0;0;0;0;0;0;0;0;0.0004;0.088;0;-0.0884;0;0;0;0;0;0;0;0;0;0;0;0;0;0;0;0;0;0;0;-19.2;0;0;0;0;0.0004;0;0;0;0;0;0;0;-0.0004;-0.0884;0;0;0;0;0;0;0;0;0;-0.7063;0;0.7063;1;1;0;0;0;0
21/03/21 21:00;0;0;90;0;0;90;0;0;0;0;19;7.85;0;0;0;0;0;0;0;0;0;0;0;0;0;1;1;1;1;0;0;0;0;0;0;0;0;0;0;0;0;0;0;0;0;0;0;0;0;0;0;0;0;0;0;0;0;0;0;0;0;0;0;0;1;1;1;1;1;1;1;1;1;1;1;1;1;1;1;1;1;1;1;0;0;0;0;0;0;0;0;0;0.0004;0.088;0;-0.0884;0;0;0;0;0;0;0;0;0;0;0;0;0;0;0;0;0;0;0;-19;0;0;0;0;0.0004;0;0;0;0;0;0;0;-0.0004;-0.0884;0;0;0;0;0;0;0;0;0;-0.7063;0;0.7063;1;1;0;0;0;0
21/03/21 22:00;0;0;90;0;0;90;0;0;0;0;18.8;7.68;0;0;0;0;0;0;0;0;0;0;0;0;0;1;1;1;1;0;0;0;0;0;0;0;0;0;0;0;0;0;0;0;0;0;0;0;0;0;0;0;0;0;0;0;0;0;0;0;0;0;0;0;1;1;1;1;1;1;1;1;1;1;1;1;1;1;1;1;1;1;1;0;0;0;0;0;0;0;0;0;0.0004;0.088;0;-0.0884;0;0;0;0;0;0;0;0;0;0;0;0;0;0;0;0;0;0;0;-18.8;0;0;0;0;0.0004;0;0;0;0;0;0;0;-0.0004;-0.0884;0;0;0;0;0;0;0;0;0;-0.7063;0;0.7063;1;1;0;0;0;0
21/03/21 23:00;0;0;90;0;0;90;0;0;0;0;18.5;7.7101;0;0;0;0;0;0;0;0;0;0;0;0;0;1;1;1;1;0;0;0;0;0;0;0;0;0;0;0;0;0;0;0;0;0;0;0;0;0;0;0;0;0;0;0;0;0;0;0;0;0;0;0;1;1;1;1;1;1;1;1;1;1;1;1;1;1;1;1;1;1;1;0;0;0;0;0;0;0;0;0;0.0004;0.088;0;-0.0884;0;0;0;0;0;0;0;0;0;0;0;0;0;0;0;0;0;0;0;-18.5;0;0;0;0;0.0004;0;0;0;0;0;0;0;-0.0004;-0.0884;0;0;0;0;0;0;0;0;0;-0.7063;0;0.7063;1;1;0;0;0;0
22/03/21 00:00;0;0;90;0;0;90;0;0;0;0;18.52;7.6301;0;0;0;0;0;0;0;0;0;0;0;0;0;1;1;1;1;0;0;0;0;0;0;0;0;0;0;0;0;0;0;0;0;0;0;0;0;0;0;0;0;0;0;0;0;0;0;0;0;0;0;0;1;1;1;1;1;1;1;1;1;1;1;1;1;1;1;1;1;1;1;0;0;0;0;0;0;0;0;0;0.0004;0.088;0;-0.0884;0;0;0;0;0;0;0;0;0;0;0;0;0;0;0;0;0;0;0;-18.52;0;0;0;0;0.0004;0;0;0;0;0;0;0;-0.0004;-0.0884;0;0;0;0;0;0;0;0;0;-0.7063;0;0.7063;1;1;0;0;0;0
22/03/21 01:00;0;0;90;0;0;90;0;0;0;0;18.84;7.43;0;0;0;0;0;0;0;0;0;0;0;0;0;1;1;1;1;0;0;0;0;0;0;0;0;0;0;0;0;0;0;0;0;0;0;0;0;0;0;0;0;0;0;0;0;0;0;0;0;0;0;0;1;1;1;1;1;1;1;1;1;1;1;1;1;1;1;1;1;1;1;0;0;0;0;0;0;0;0;0;0.0004;0.088;0;-0.0884;0;0;0;0;0;0;0;0;0;0;0;0;0;0;0;0;0;0;0;-18.84;0;0;0;0;0.0004;0;0;0;0;0;0;0;-0.0004;-0.0884;0;0;0;0;0;0;0;0;0;-0.7063;0;0.7063;1;1;0;0;0;0
22/03/21 02:00;0;0;90;0;0;90;0;0;0;0;18.9;7.14;0;0;0;0;0;0;0;0;0;0;0;0;0;1;1;1;1;0;0;0;0;0;0;0;0;0;0;0;0;0;0;0;0;0;0;0;0;0;0;0;0;0;0;0;0;0;0;0;0;0;0;0;1;1;1;1;1;1;1;1;1;1;1;1;1;1;1;1;1;1;1;0;0;0;0;0;0;0;0;0;0.0004;0.088;0;-0.0884;0;0;0;0;0;0;0;0;0;0;0;0;0;0;0;0;0;0;0;-18.9;0;0;0;0;0.0004;0;0;0;0;0;0;0;-0.0004;-0.0884;0;0;0;0;0;0;0;0;0;-0.7063;0;0.7063;1;1;0;0;0;0
22/03/21 03:00;0;0;90;0;0;90;0;0;0;0;18.8;6.88;0;0;0;0;0;0;0;0;0;0;0;0;0;1;1;1;1;0;0;0;0;0;0;0;0;0;0;0;0;0;0;0;0;0;0;0;0;0;0;0;0;0;0;0;0;0;0;0;0;0;0;0;1;1;1;1;1;1;1;1;1;1;1;1;1;1;1;1;1;1;1;0;0;0;0;0;0;0;0;0;0.0004;0.088;0;-0.0884;0;0;0;0;0;0;0;0;0;0;0;0;0;0;0;0;0;0;0;-18.8;0;0;0;0;0.0004;0;0;0;0;0;0;0;-0.0004;-0.0884;0;0;0;0;0;0;0;0;0;-0.7063;0;0.7063;1;1;0;0;0;0
22/03/21 04:00;0;0;90;0;0;90;0;0;0;0;17.42;6.7501;0;0;0;0;0;0;0;0;0;0;0;0;0;1;1;1;1;0;0;0;0;0;0;0;0;0;0;0;0;0;0;0;0;0;0;0;0;0;0;0;0;0;0;0;0;0;0;0;0;0;0;0;1;1;1;1;1;1;1;1;1;1;1;1;1;1;1;1;1;1;1;0;0;0;0;0;0;0;0;0;0.0004;0.088;0;-0.0884;0;0;0;0;0;0;0;0;0;0;0;0;0;0;0;0;0;0;0;-17.42;0;0;0;0;0.0004;0;0;0;0;0;0;0;-0.0004;-0.0884;0;0;0;0;0;0;0;0;0;-0.7063;0;0.7063;1;1;0;0;0;0
22/03/21 05:00;0;0;90;0;0;90;0;0;0;0;16.77;6.9;0;0;0;0;0;0;0;0;0;0;0;0;0;1;1;1;1;0;0;0;0;0;0;0;0;0;0;0;0;0;0;0;0;0;0;0;0;0;0;0;0;0;0;0;0;0;0;0;0;0;0;0;1;1;1;1;1;1;1;1;1;1;1;1;1;1;1;1;1;1;1;0;0;0;0;0;0;0;0;0;0.0004;0.088;0;-0.0884;0;0;0;0;0;0;0;0;0;0;0;0;0;0;0;0;0;0;0;-16.77;0;0;0;0;0.0004;0;0;0;0;0;0;0;-0.0004;-0.0884;0;0;0;0;0;0;0;0;0;-0.7063;0;0.7063;1;1;0;0;0;0
22/03/21 06:00;5.4545;-85.125;76.671;5.4742;7.9033;-90;-7.9033;5.3915;5.3915;0;16.7;7.27;0;0;5.3659;0;0;0.0049;5.3708;5.3708;0;0;0;0;0;1;1;1;1;0;0;0;0;0;0;0;0;0;0;0;0;0;0;0;0;0;0;0;0;0;0;0;0;0;0;0;0;0;0;0;0;0;0;0;0;1;1;1;1;1;1;1;1;1;1;1;1;1;0;0;1;0;0;0;0;0;0;0;0;0;0;0;0.0004;0.088;0;-0.0884;0;0;0;0;0;0;0;0;0;0;0;0;0;0;0;0;0;0;0;-16.7;0;0;0;0;0.0004;0;0;0;0;0;0;0;-0.0004;-0.0884;0;0;0;0;0;0;0;0;0;-0.7063;0;0.7063;1;1;0;0;0;0
22/03/21 07:00;16.752;-76.686;45.65;17.188;28.594;-90;-28.594;17.405;17.302;0.1035;17;7.68;0;0.251;16.243;0.011;0;0.2017;16.706;0;16.706;0.251;0.011;16.243;0.2017;0.015;0.9843;0;0.0121;15.862;0.8443;0;0;0.6688;0.1756;15.237;0.5136;0.0025;0.0001;0.5062;0.0048;15.751;0.111;0.0018;0.0001;0.109;0.0002;15.3;0.2467;0.0108;14.959;0.0211;10.605;8.5474;3.2958;0.2082;0.1252;1.8013;0.0626;1.7184;0;1;0;0;0.9598;0.9495;1;1;0.9588;0.1293;0.9674;0.9898;1;0.9673;0.8151;0.993;0.993;1;0.993;0.993;0.9121;0.9209;0.1047;0.0502;0.0499;0.0003;0.0079;-0.0013;0.0003;0.0011;0.0003;0;0;0.088;0;-0.0504;0;0;0;0;0;0;0;0;0;0;0;0;0.0009;0;0.0405;0.0405;0;17.637;17.637;0.6365;0.0418;40.934;988.45;1;0.0029;0.0029;0;0;0;0;0;0;0.0376;-0.0504;0;15.364;17.791;-19.152;-22.178;92.836;92.836;0.4009;0.3234;-0.4031;0.0776;0.7265;0.1935;1.8119;0;10.604;0;0
22/03/21 08:00;28.383;-66.403;20.621;30.525;59.475;-90;-59.475;67.707;66.998;0.7086;17.21;8.18;0;1.3952;50.459;0.143;0;3.1652;55.162;0;55.162;1.3952;0.143;50.459;3.1652;0.0253;0.9721;0;0.0574;45.929;9.2328;0;0;6.2699;2.963;44.049;1.5585;0.001;0.0001;1.5447;0.0126;45.608;0.3215;0.0098;0.001;0.3093;0.0014;45.42;1.3844;0.1419;42.335;0.1882;43.819;35.318;15.591;8.1756;0.8647;12.438;1.3704;5.1275;0;1;0;0;0.8147;0.8326;1;1;0.8757;0.0639;0.9658;0.9993;1;0.9648;0.9371;0.993;0.993;1;0.993;0.993;0.7985;0.839;0.0595;0.1657;0.163;0.001;0.014;-0.0036;0.0011;0.0038;0.0023;0;0;0.088;0;0.0477;0;0;0;0;0;0;0;0;0;0;0;0;0.003;0.0001;0.1413;0.1413;0;19.023;19.023;1.8134;0.0412;137.12;1030.7;1;0.0057;0.0057;0;0;0;0;0;0;0.1357;0.0477;0;16.253;18.821;5.4797;6.3454;95.978;95.978;1.3239;1.1296;0.3808;0.1943;0.7487;0.1468;0.5656;0.2877;43.669;0.2461;0
22/03/21 09:00;39.017;-53.638;27.429;45.177;44.823;-90;-44.823;84.409;83.602;0.8072;17.54;8.71;0;1.1381;71.383;0.1099;0;2.3312;74.962;0;74.962;1.1381;0.1099;71.383;2.3312;0.0152;0.9834;0;0.0311;66.915;8.0473;0;0;5.8852;2.1621;64.316;2.1306;0.0011;0.0001;2.1192;0.0102;66.446;0.4684;0.008;0.0008;0.4585;0.0012;65.208;1.129;0.109;62.92;0.1577;53.414;43.052;17.822;4.3009;0.7628;10.972;0.8923;7.434;0;1;0;0;0.8881;0.8926;1;1;0.9176;0.0725;0.9679;0.9991;1;0.9674;0.9392;0.993;0.993;1;0.993;0.993;0.858;0.8814;0.0676;0.2251;0.2195;0.0013;0.0156;-0.0039;0.0014;0.0051;0.0021;0;0;0.088;0;0.0993;0;0;0;0;0;0;0;0;0;0;0;0;0.0041;0.0002;0.1935;0.1935;0;20.178;20.178;2.6383;0.041;185.84;1041.2;1;0.0062;0.0062;0;0;0;0;0;0;0.1873;0.0993;0;16.375;18.962;8.4012;9.7284;96.785;96.785;1.7991;1.5464;0.7934;0.2527;0.753;0.1404;0.4186;0.441;53.041;0.3975;0
22/03/21 10:00;47.753;-36.773;32.585;61.466;28.534;-90;-28.534;141.39;139.6;1.7938;18.01;9.3001;0;2.0418;130.89;0.28;0;1.6315;134.84;0;134.84;2.0418;0.28;130.89;1.6315;0.0151;0.9828;0;0.0121;128.05;6.7914;0;0;5.3713;1.4201;123.03;4.1253;0.0052;0.0007;4.0806;0.0389;127.15;0.8964;0.0143;0.002;0.8786;0.0015;123.53;2.0224;0.2774;120.56;0.1711;86.506;69.724;27.054;1.6657;1.0084;14.505;0.5015;13.848;0;1;0;0;0.9537;0.9496;1;1;0.959;0.1296;0.9676;0.9975;1;0.9673;0.8147;0.993;0.993;1;0.993;0.993;0.9124;0.9211;0.1048;0.4049;0.4026;0.0024;0.0179;-0.0029;0.0027;0.0096;0.0028;0;0;0.088;0;0.266;0;0;0;0;0;0;0;0;0;0;0;0;0.0077;0.0006;0.3619;0.3619;0;23.035;23.035;5.0247;0.0408;343.01;1055;1;0.0078;0.0078;0;0;0;0;0;0;0.354;0.266;0;17.024;19.714;12.515;14.492;97.833;97.833;3.2362;2.8921;2.1261;0.3441;0.766;0.1063;0.2367;0.657;85.418;0.608;0
22/03/21 11:00;53.124;-14.661;35.489;79.25;10.75;-90;-10.75;187.59;184.7;2.8929;18.74;9.74;0;2.9446;182.6;0.4945;0;0.3128;186.35;0;186.35;2.9446;0.4945;182.6;0.3128;0.0158;0.9815;0;0.0017;184.59;1.7528;0;0;1.4921;0.2607;176.01;7.2926;0.0124;0.0021;7.2665;0.0116;183.3;1.2922;0.0206;0.0035;1.2677;0.0004;176.07;2.9116;0.4889;172.57;0.0401;111.63;89.974;33.443;0.0699;1.2616;18.147;0.0567;19.339;0;1;0;0;0.9934;0.9906;1;1;0.9918;0.1664;0.9602;0.9958;1;0.9596;0.7752;0.993;0.993;1;0.993;0.993;0.9445;0.9451;0.1281;0.5596;0.5686;0.0034;0.0178;0.0019;0.0038;0.0135;0.0035;0;0;0.088;0;0.4152;0;0;0;0;0;0;0;0;0;0;0;0;0.0109;0.001;0.5127;0.5127;0;25.922;25.922;7.1825;0.0408;485.32;1056.4;1;0.0095;0.0095;0;0;0;0;0;0;0.5032;0.4152;0;17.453;20.21;14.136;16.369;98.157;98.157;4.4723;4.0975;3.3186;0.3749;0.7788;0.0838;0.1741;0.742;109.66;0.6916;0
22/03/21 12:00;53.566;10.584;35.717;82.278;7.7216;90;7.7216;168.9;166.6;2.2983;18.9;10;0;2.3193;165.5;0.3493;0;0.1455;168.31;0;168.31;2.3193;0.3493;165.5;0.1455;0.0138;0.9841;0;0.0009;167.41;0.9053;0;0;0.7838;0.1215;159.31;6.9202;0.0101;0.0015;6.9033;0.0053;166.23;1.1718;0.0162;0.0024;1.153;0.0002;159.33;2.293;0.3453;156.66;0.0184;100.26;80.812;29.906;0.0168;1.1386;16.379;0.0197;17.501;0;1;0;0;0.9965;0.9946;1;1;0.9953;0.1646;0.9584;0.9956;1;0.9578;0.7753;0.993;0.993;1;0.993;0.993;0.9465;0.9466;0.1267;0.5054;0.5144;0.0031;0.018;0.0008;0.0034;0.0122;0.0031;0;0;0.088;0;0.3662;0;0;0;0;0;0;0;0;0;0;0;0;0.0098;0.0008;0.4631;0.4631;0;25.404;25.404;6.5041;0.0408;438.98;1054.9;1;0.0089;0.0089;0;0;0;0;0;0;0.4542;0.3662;0;17.453;20.211;13.801;15.981;98.076;98.076;4.0395;3.7009;2.9264;0.3386;0.7745;0.0838;0.1917;0.7245;98.713;0.6753;0
22/03/21 13:00;48.917;33.491;33.233;64.309;25.691;90;25.691;144.4;142.6;1.8021;18.56;9.5501;0;1.9998;135.31;0.2752;0;1.3561;138.94;0;138.94;1.9998;0.2752;135.31;1.3561;0.0144;0.9836;0;0.0098;133.07;5.8707;0;0;4.703;1.1677;127.8;4.3461;0.0058;0.0008;4.3019;0.0376;132.14;0.9315;0.014;0.0019;0.9143;0.0013;128.19;1.98;0.2724;125.39;0.1495;87.847;70.805;27.187;1.1922;1.0102;14.531;0.3965;14.349;0;1;0;0;0.9622;0.9577;1;1;0.9652;0.139;0.9671;0.9971;1;0.9668;0.799;0.993;0.993;1;0.993;0.993;0.9198;0.9267;0.1102;0.4173;0.4167;0.0025;0.018;-0.0018;0.0028;0.0099;0.0028;0;0;0.088;0;0.2781;0;0;0;0;0;0;0;0;0;0;0;0;0.008;0.0006;0.3741;0.3741;0;23.781;23.781;5.2208;0.0409;355.15;1053.4;1;0.008;0.008;0;0;0;0;0;0;0.3661;0.2781;0;17.08;19.778;12.699;14.705;97.874;97.874;3.3347;2.9898;2.2229;0.3449;0.7669;0.1034;0.23;0.6666;86.73;0.6182;0
22/03/21 14:00;40.619;51.185;28.41;47.746;42.254;90;42.254;125.49;124;1.4914;18.1;8.7501;0;2.0149;107.71;0.2791;0;3.0975;113.1;0;113.1;2.0149;0.2791;107.71;3.0975;0.0178;0.9797;0;0.0274;102.08;11.026;0;0;8.161;2.8645;98.136;3.2259;0.002;0.0003;3.2058;0.0178;101.36;0.7145;0.0141;0.002;0.6968;0.0016;99.284;1.9988;0.2769;95.646;0.2136;78.973;63.652;26.104;5.2965;1.0746;15.458;1.148;11.236;0;1;0;0;0.9013;0.9025;1;1;0.9242;0.0752;0.9682;0.999;1;0.9676;0.9229;0.993;0.993;1;0.993;0.993;0.8677;0.888;0.069;0.3396;0.3316;0.002;0.0174;-0.0035;0.0022;0.0078;0.0029;0;0;0.088;0;0.2009;0;0;0;0;0;0;0;0;0;0;0;0;0.0063;0.0004;0.296;0.296;0;22.114;22.114;4.0139;0.0409;281.84;1050.1;1;0.0071;0.0071;0;0;0;0;0;0;0.2889;0.2009;0;16.6;19.223;11.266;13.046;97.603;97.603;2.7144;2.3654;1.6054;0.3491;0.76;0.1286;0.28;0.5914;78.217;0.5365;0
22/03/21 15:00;30.223;64.508;21.832;32.838;57.162;90;57.162;104;102.7;1.3028;17.7;8.32;0;2.4026;79.046;0.3565;0;4.5225;86.327;0;86.327;2.4026;0.3565;79.046;4.5225;0.0278;0.968;0;0.0524;72.788;13.54;0;0;9.2924;4.2471;69.866;2.412;0.0018;0.0003;2.3958;0.0142;72.278;0.5095;0.0168;0.0025;0.4883;0.0019;71.788;2.384;0.3537;66.869;0.2593;66.961;53.971;23.576;11.121;1.2483;17.957;1.9219;8.0845;0;1;0;0;0.8301;0.8432;1;1;0.8824;0.0609;0.9666;0.9992;1;0.9654;0.948;0.993;0.993;1;0.993;0.993;0.8093;0.846;0.0573;0.2592;0.2541;0.0015;0.0164;-0.0041;0.0017;0.006;0.0034;0;0;0.088;0;0.1297;0;0;0;0;0;0;0;0;0;0;0;0;0.0048;0.0003;0.2242;0.2242;0;20.564;20.564;2.8643;0.041;214.91;1043.2;1;0.0065;0.0065;0;0;0;0;0;0;0.2177;0.1297;0;16.476;19.078;9.534;11.04;97.117;97.117;2.0719;1.7919;1.0369;0.28;0.7549;0.1351;0.3644;0.5005;66.597;0.433;0
22/03/21 16:00;18.714;75.105;38.91;19.317;34.03;90;34.03;46.102;45.699;0.4029;17.88;7.94;0;0.977;41.747;0.1012;0;0.7501;43.576;0;43.576;0.977;0.1012;41.747;0.7501;0.0224;0.9753;0;0.0172;40.634;2.9415;0;0;2.2694;0.6721;39.065;1.2846;0.0061;0.0006;1.2664;0.0116;40.35;0.2844;0.0068;0.0007;0.2763;0.0005;39.317;0.9641;0.0999;37.935;0.0658;28.335;22.838;9.0049;0.9767;0.349;5.0202;0.2516;4.3926;0;1;0;0;0.9452;0.9325;1;1;0.9456;0.1039;0.9682;0.9938;1;0.9677;0.8506;0.993;0.993;1;0.993;0.993;0.8965;0.9087;0.0878;0.1309;0.129;0.0008;0.0127;-0.0026;0.0008;0.0029;0.0009;0;0;0.088;0;0.0182;0;0;0;0;0;0;0;0;0;0;0;0;0.0024;0.0001;0.111;0.111;0;19.491;19.491;1.6113;0.0412;108.57;1022.8;1;0.0048;0.0048;0;0;0;0;0;0;0.1062;0.0182;0;16.166;18.72;2.6532;3.0724;95.658;95.658;1.0458;0.8875;0.1457;0.1583;0.7418;0.1514;0.7093;0.1393;28.333;0.1282;0
22/03/21 17:00;6.6542;84.266;73.678;6.6874;9.7178;90;9.7178;6.4073;6.3991;0.0082;17.64;7.61;0;0.02;6.3529;0.0008;0;0.0087;6.3824;6.3824;0;0.02;0;0;0;1;1;1;1;0;0;0;0;0;0;0;0;0;0;0;0;0;0;0;0;0;0;0;0;0;0;0;0;0;0;0;0;0;0;0;0;0;0;0;0;1;1;1;1;1;1;1;1;1;1;1;0;1;0;0;1;0;0;0;0;0;0;0;0;0;0;0;0.0004;0.088;0;-0.0884;0;0;0;0;0;0;0;0;0;0;0;0;0;0;0;0;0;0;0;-17.64;0;0;0;0;0.0004;0;0;0;0;0;0;0;-0.0004;-0.0884;0;0;0;0;0;0;0;0;0;-0.7063;0;0.7063;1;1;0;0;0;0
22/03/21 18:00;0.3292;88.753;89.202;0.3293;0.4694;90;0.4694;0;0;0;17.3;7.27;0;0;0;0;0;0;0;0;0;0;0;0;0;1;1;1;1;0;0;0;0;0;0;0;0;0;0;0;0;0;0;0;0;0;0;0;0;0;0;0;0;0;0;0;0;0;0;0;0;0;0;0;1;1;1;1;1;1;1;1;1;1;1;1;1;1;1;1;1;1;1;0;0;0;0;0;0;0;0;0;0.0004;0.088;0;-0.0884;0;0;0;0;0;0;0;0;0;0;0;0;0;0;0;0;0;0;0;-17.3;0;0;0;0;0.0004;0;0;0;0;0;0;0;-0.0004;-0.0884;0;0;0;0;0;0;0;0;0;-0.7063;0;0.7063;1;1;0;0;0;0
22/03/21 19:00;0;0;90;0;0;90;0;0;0;0;17.17;7.14;0;0;0;0;0;0;0;0;0;0;0;0;0;1;1;1;1;0;0;0;0;0;0;0;0;0;0;0;0;0;0;0;0;0;0;0;0;0;0;0;0;0;0;0;0;0;0;0;0;0;0;0;1;1;1;1;1;1;1;1;1;1;1;1;1;1;1;1;1;1;1;0;0;0;0;0;0;0;0;0;0.0004;0.088;0;-0.0884;0;0;0;0;0;0;0;0;0;0;0;0;0;0;0;0;0;0;0;-17.17;0;0;0;0;0.0004;0;0;0;0;0;0;0;-0.0004;-0.0884;0;0;0;0;0;0;0;0;0;-0.7063;0;0.7063;1;1;0;0;0;0
22/03/21 20:00;0;0;90;0;0;90;0;0;0;0;17.04;7.1699;0;0;0;0;0;0;0;0;0;0;0;0;0;1;1;1;1;0;0;0;0;0;0;0;0;0;0;0;0;0;0;0;0;0;0;0;0;0;0;0;0;0;0;0;0;0;0;0;0;0;0;0;1;1;1;1;1;1;1;1;1;1;1;1;1;1;1;1;1;1;1;0;0;0;0;0;0;0;0;0;0.0004;0.088;0;-0.0884;0;0;0;0;0;0;0;0;0;0;0;0;0;0;0;0;0;0;0;-17.04;0;0;0;0;0.0004;0;0;0;0;0;0;0;-0.0004;-0.0884;0;0;0;0;0;0;0;0;0;-0.7063;0;0.7063;1;1;0;0;0;0
22/03/21 21:00;0;0;90;0;0;90;0;0;0;0;16.94;7.1601;0;0;0;0;0;0;0;0;0;0;0;0;0;1;1;1;1;0;0;0;0;0;0;0;0;0;0;0;0;0;0;0;0;0;0;0;0;0;0;0;0;0;0;0;0;0;0;0;0;0;0;0;1;1;1;1;1;1;1;1;1;1;1;1;1;1;1;1;1;1;1;0;0;0;0;0;0;0;0;0;0.0004;0.088;0;-0.0884;0;0;0;0;0;0;0;0;0;0;0;0;0;0;0;0;0;0;0;-16.94;0;0;0;0;0.0004;0;0;0;0;0;0;0;-0.0004;-0.0884;0;0;0;0;0;0;0;0;0;-0.7063;0;0.7063;1;1;0;0;0;0
22/03/21 22:00;0;0;90;0;0;90;0;0;0;0;16.94;7.1501;0;0;0;0;0;0;0;0;0;0;0;0;0;1;1;1;1;0;0;0;0;0;0;0;0;0;0;0;0;0;0;0;0;0;0;0;0;0;0;0;0;0;0;0;0;0;0;0;0;0;0;0;1;1;1;1;1;1;1;1;1;1;1;1;1;1;1;1;1;1;1;0;0;0;0;0;0;0;0;0;0.0004;0.088;0;-0.0884;0;0;0;0;0;0;0;0;0;0;0;0;0;0;0;0;0;0;0;-16.94;0;0;0;0;0.0004;0;0;0;0;0;0;0;-0.0004;-0.0884;0;0;0;0;0;0;0;0;0;-0.7063;0;0.7063;1;1;0;0;0;0
22/03/21 23:00;0;0;90;0;0;90;0;0;0;0;16.95;7.19;0;0;0;0;0;0;0;0;0;0;0;0;0;1;1;1;1;0;0;0;0;0;0;0;0;0;0;0;0;0;0;0;0;0;0;0;0;0;0;0;0;0;0;0;0;0;0;0;0;0;0;0;1;1;1;1;1;1;1;1;1;1;1;1;1;1;1;1;1;1;1;0;0;0;0;0;0;0;0;0;0.0004;0.088;0;-0.0884;0;0;0;0;0;0;0;0;0;0;0;0;0;0;0;0;0;0;0;-16.95;0;0;0;0;0.0004;0;0;0;0;0;0;0;-0.0004;-0.0884;0;0;0;0;0;0;0;0;0;-0.7063;0;0.7063;1;1;0;0;0;0
23/03/21 00:00;0;0;90;0;0;90;0;0;0;0;16.8;7.2599;0;0;0;0;0;0;0;0;0;0;0;0;0;1;1;1;1;0;0;0;0;0;0;0;0;0;0;0;0;0;0;0;0;0;0;0;0;0;0;0;0;0;0;0;0;0;0;0;0;0;0;0;1;1;1;1;1;1;1;1;1;1;1;1;1;1;1;1;1;1;1;0;0;0;0;0;0;0;0;0;0.0004;0.088;0;-0.0884;0;0;0;0;0;0;0;0;0;0;0;0;0;0;0;0;0;0;0;-16.8;0;0;0;0;0.0004;0;0;0;0;0;0;0;-0.0004;-0.0884;0;0;0;0;0;0;0;0;0;-0.7063;0;0.7063;1;1;0;0;0;0
23/03/21 01:00;0;0;90;0;0;90;0;0;0;0;16.6;7.29;0;0;0;0;0;0;0;0;0;0;0;0;0;1;1;1;1;0;0;0;0;0;0;0;0;0;0;0;0;0;0;0;0;0;0;0;0;0;0;0;0;0;0;0;0;0;0;0;0;0;0;0;1;1;1;1;1;1;1;1;1;1;1;1;1;1;1;1;1;1;1;0;0;0;0;0;0;0;0;0;0.0004;0.088;0;-0.0884;0;0;0;0;0;0;0;0;0;0;0;0;0;0;0;0;0;0;0;-16.6;0;0;0;0;0.0004;0;0;0;0;0;0;0;-0.0004;-0.0884;0;0;0;0;0;0;0;0;0;-0.7063;0;0.7063;1;1;0;0;0;0
23/03/21 02:00;0;0;90;0;0;90;0;0;0;0;16.64;7.04;0;0;0;0;0;0;0;0;0;0;0;0;0;1;1;1;1;0;0;0;0;0;0;0;0;0;0;0;0;0;0;0;0;0;0;0;0;0;0;0;0;0;0;0;0;0;0;0;0;0;0;0;1;1;1;1;1;1;1;1;1;1;1;1;1;1;1;1;1;1;1;0;0;0;0;0;0;0;0;0;0.0004;0.088;0;-0.0884;0;0;0;0;0;0;0;0;0;0;0;0;0;0;0;0;0;0;0;-16.64;0;0;0;0;0.0004;0;0;0;0;0;0;0;-0.0004;-0.0884;0;0;0;0;0;0;0;0;0;-0.7063;0;0.7063;1;1;0;0;0;0
23/03/21 03:00;0;0;90;0;0;90;0;0;0;0;16.8;6.72;0;0;0;0;0;0;0;0;0;0;0;0;0;1;1;1;1;0;0;0;0;0;0;0;0;0;0;0;0;0;0;0;0;0;0;0;0;0;0;0;0;0;0;0;0;0;0;0;0;0;0;0;1;1;1;1;1;1;1;1;1;1;1;1;1;1;1;1;1;1;1;0;0;0;0;0;0;0;0;0;0.0004;0.088;0;-0.0884;0;0;0;0;0;0;0;0;0;0;0;0;0;0;0;0;0;0;0;-16.8;0;0;0;0;0.0004;0;0;0;0;0;0;0;-0.0004;-0.0884;0;0;0;0;0;0;0;0;0;-0.7063;0;0.7063;1;1;0;0;0;0
23/03/21 04:00;0;0;90;0;0;90;0;0;0;0;16.73;6.4599;0;0;0;0;0;0;0;0;0;0;0;0;0;1;1;1;1;0;0;0;0;0;0;0;0;0;0;0;0;0;0;0;0;0;0;0;0;0;0;0;0;0;0;0;0;0;0;0;0;0;0;0;1;1;1;1;1;1;1;1;1;1;1;1;1;1;1;1;1;1;1;0;0;0;0;0;0;0;0;0;0.0004;0.088;0;-0.0884;0;0;0;0;0;0;0;0;0;0;0;0;0;0;0;0;0;0;0;-16.73;0;0;0;0;0.0004;0;0;0;0;0;0;0;-0.0004;-0.0884;0;0;0;0;0;0;0;0;0;-0.7063;0;0.7063;1;1;0;0;0;0
23/03/21 05:00;0;0;90;0;0;90;0;0;0;0;16.9;5.85;0;0;0;0;0;0;0;0;0;0;0;0;0;1;1;1;1;0;0;0;0;0;0;0;0;0;0;0;0;0;0;0;0;0;0;0;0;0;0;0;0;0;0;0;0;0;0;0;0;0;0;0;1;1;1;1;1;1;1;1;1;1;1;1;1;1;1;1;1;1;1;0;0;0;0;0;0;0;0;0;0.0004;0.088;0;-0.0884;0;0;0;0;0;0;0;0;0;0;0;0;0;0;0;0;0;0;0;-16.9;0;0;0;0;0.0004;0;0;0;0;0;0;0;-0.0004;-0.0884;0;0;0;0;0;0;0;0;0;-0.7063;0;0.7063;1;1;0;0;0;0
23/03/21 06:00;5.2901;-84.757;77.079;5.3122;7.6636;-90;-7.6636;3.0083;3;0.0083;16.9;5.54;0;0.0201;2.9864;0.0005;0;0.0026;3.0096;3.0096;0;0.0201;0;0;0;1;1;1;1;0;0;0;0;0;0;0;0;0;0;0;0;0;0;0;0;0;0;0;0;0;0;0;0;0;0;0;0;0;0;0;0;0;0;0;0;1;1;1;1;1;1;1;1;1;1;1;0;1;0;0;1;0;0;0;0;0;0;0;0;0;0;0;0.0004;0.088;0;-0.0884;0;0;0;0;0;0;0;0;0;0;0;0;0;0;0;0;0;0;0;-16.9;0;0;0;0;0.0004;0;0;0;0;0;0;0;-0.0004;-0.0884;0;0;0;0;0;0;0;0;0;-0.7063;0;0.7063;1;1;0;0;0;0
23/03/21 07:00;16.576;-76.309;46.22;17.033;28.236;-90;-28.236;15.999;15.898;0.1008;16.9;5.61;0;0.2445;14.948;0.0099;0;0.1809;15.384;0;15.384;0.2445;0.0099;14.948;0.1809;0.0159;0.9835;0;0.0118;14.623;0.7604;0;0;0.6032;0.1572;14.047;0.474;0.0026;0.0001;0.4669;0.0044;14.521;0.1024;0.0017;0.0001;0.1004;0.0002;14.103;0.2402;0.0097;13.778;0.0191;9.7367;7.8478;3.0218;0.1834;0.1147;1.6506;0.0558;1.582;0;1;0;0;0.9615;0.9506;1;1;0.9596;0.1308;0.9674;0.9895;1;0.9672;0.8131;0.993;0.993;1;0.993;0.993;0.9131;0.9217;0.1056;0.0462;0.046;0.0003;0.0075;-0.0012;0.0003;0.001;0.0003;0;0;0.088;0;-0.0538;0;0;0;0;0;0;0;0;0;0;0;0;0.0008;0;0.037;0.037;0;17.488;17.488;0.5876;0.0418;37.585;985.29;1;0.0028;0.0028;0;0;0;0;0;0;0.0342;-0.0538;0;15.271;17.683;-22.176;-25.679;92.411;92.411;0.3692;0.296;-0.4298;0.0732;0.7258;0.1984;1.9657;0;9.7362;0;0
23/03/21 08:00;28.181;-66.009;21.002;30.389;59.611;-90;-59.611;17.698;17.698;0;16.6;5.8001;0;0;13.326;0;0;0.8308;14.156;0;14.156;0;0;13.326;0.8308;0;1;0;0.0587;11.717;2.439;0;0;1.6613;0.7777;11.224;0.4116;0;0;0.4082;0.0034;11.635;0.082;0;0;0.0817;0.0004;11.588;0;0;11.174;0.0494;11.551;9.31;4.1081;2.1768;0.2295;3.3008;0.3642;1.3535;0;1;0;0;0.7999;0.8277;1;1;0.8753;0.064;0.9646;1;1;0.9648;0.9362;0.993;1;1;0.993;0.993;0.7928;0.8386;0.0595;0.0425;0.0419;0.0003;0.0072;-0.0012;0.0002;0.0009;0.0006;0;0;0.088;0;-0.0575;0;0;0;0;0;0;0;0;0;0;0;0;0.0007;0;0.0332;0.0332;0;17.071;17.071;0.4714;0.042;33.934;978.21;1;0.0027;0.0027;0;0;0;0;0;0;0.0305;-0.0575;0;14.875;17.224;-25.771;-29.843;91.849;91.849;0.3398;0.2653;-0.4596;0.0745;0.7249;0.2192;2.1337;0;11.551;0;0
23/03/21 09:00;38.771;-53.228;27.822;45.077;44.923;-90;-44.923;67.805;67.298;0.507;16.9;5.8901;0;0.716;57.44;0.056;0;1.8805;60.093;0;60.093;0.716;0.056;57.44;1.8805;0.0119;0.9872;0;0.0313;53.597;6.4954;0;0;4.751;1.7444;51.508;1.714;0.0007;0.0001;1.7052;0.0081;53.222;0.3752;0.005;0.0004;0.3688;0.001;52.23;0.7103;0.0556;50.615;0.127;42.95;34.617;14.326;3.4874;0.6155;8.8535;0.7223;5.9815;0;1;0;0;0.8863;0.8919;1;1;0.9173;0.0724;0.9678;0.999;1;0.9674;0.9397;0.993;0.993;1;0.993;0.993;0.8571;0.8812;0.0675;0.1805;0.176;0.0011;0.0144;-0.0039;0.0012;0.0041;0.0017;0;0;0.088;0;0.0602;0;0;0;0;0;0;0;0;0;0;0;0;0.0033;0.0002;0.1541;0.1541;0;19.017;19.017;2.1163;0.0411;148.57;1036.9;1;0.0059;0.0059;0;0;0;0;0;0;0.1482;0.0602;0;16.262;18.831;6.3505;7.3537;96.175;96.175;1.4422;1.2312;0.4808;0.2111;0.7504;0.1463;0.5203;0.3334;42.72;0.3002;0
23/03/21 10:00;47.447;-36.386;32.985;61.427;28.573;-90;-28.573;33.209;33.1;0.1087;17.1;5.5099;0;0.1238;31.081;0.004;0;0.3842;31.593;0;31.593;0.1238;0.004;31.081;0.3842;0.0039;0.996;0;0.0122;29.98;1.6128;0;0;1.2783;0.3345;28.792;0.9782;0.0003;0;0.9687;0.0091;29.771;0.2099;0.0009;0;0.2086;0.0003;28.912;0.1226;0.004;28.625;0.0402;20.349;16.401;6.3331;0.3974;0.2396;3.4461;0.1195;3.2883;0;1;0;0;0.9513;0.949;1;1;0.9589;0.1294;0.9671;0.9972;1;0.9673;0.815;0.993;0.993;1;0.993;0.993;0.9113;0.921;0.1047;0.0949;0.0943;0.0006;0.0109;-0.0023;0.0006;0.0021;0.0006;0;0;0.088;0;-0.0119;0;0;0;0;0;0;0;0;0;0;0;0;0.0017;0.0001;0.0801;0.0801;0;18.291;18.291;1.1913;0.0414;78.931;1014.5;1;0.004;0.004;0;0;0;0;0;0;0.0761;-0.0119;0;16.079;18.619;-2.3885;-2.7658;95.039;95.039;0.7582;0.64;-0.0951;0.1183;0.735;0.156;0.9694;0;20.289;0;0
23/03/21 11:00;52.755;-14.398;35.889;79.294;10.706;-90;-10.706;148.5;146.6;1.8996;17.67;4.8699;0;1.9332;145.07;0.2591;0;0.2456;147.51;0;147.51;1.9332;0.2591;145.07;0.2456;0.0131;0.9851;0;0.0017;146.13;1.382;0;0;1.1773;0.2047;139.31;5.7965;0.0086;0.0012;5.7776;0.0091;145.11;1.0229;0.0135;0.0018;1.0073;0.0003;139.36;1.9111;0.2561;137.11;0.0315;88.372;71.228;26.42;0.0546;1.0023;14.417;0.0446;15.365;0;1;0;0;0.9933;0.9906;1;1;0.9919;0.1664;0.9601;0.9955;1;0.9596;0.7752;0.993;0.993;1;0.993;0.993;0.9444;0.9451;0.1281;0.443;0.4501;0.0027;0.0181;-0.0027;0.003;0.0107;0.0028;0;0;0.088;0;0.3099;0;0;0;0;0;0;0;0;0;0;0;0;0.0086;0.0007;0.4062;0.4062;0;23.355;23.355;5.6845;0.0408;383.83;1058.3;1;0.0083;0.0083;0;0;0;0;0;0;0.3979;0.3099;0;17.469;20.229;13.326;15.431;97.946;97.946;3.5403;3.2465;2.4765;0.2938;0.77;0.083;0.2175;0.6995;87.118;0.6518;0
23/03/21 12:00;53.165;10.615;36.104;82.143;7.8565;90;7.8565;283.99;275.8;8.1907;18.3;4.0699;0;8.2683;272.46;2.0734;0;0.2532;283.06;0;283.06;8.2683;2.0734;272.46;0.2532;0.0292;0.9635;0;0.0009;281.52;1.539;0;0;1.3275;0.2116;268.15;11.4;0.0378;0.0095;11.343;0.0093;279.55;1.9706;0.0579;0.0145;1.898;0.0003;268.19;8.1726;2.0494;257.9;0.0321;168.56;135.86;49.945;0.0297;1.9359;27.847;0.0357;29.753;0;1;0;0;0.9967;0.9946;1;1;0.9951;0.1646;0.9592;0.9954;1;0.9579;0.7753;0.993;0.993;1;0.993;0.993;0.9473;0.9465;0.1267;0.85;0.8665;0.0052;0.0152;0.0131;0.0058;0.0207;0.0054;0;0;0.088;0;0.6814;0;0;0;0;0;0;0;0;0;0;0;0;0.0167;0.002;0.7825;0.7825;0;29.236;29.236;10.936;0.0408;740.35;1056.9;1;0.0131;0.0131;0;0;0;0;0;0;0.7694;0.6814;0;17.536;20.307;15.271;17.684;98.33;98.33;6.7934;6.2537;5.446;0.5398;0.8077;0.0795;0.1189;0.8017;162.56;0.7467;0
23/03/21 13:00;48.529;33.328;33.595;64.099;25.901;90;25.901;210.19;206.4;3.7888;18.47;3.3;0;4.2119;195.32;0.8443;0;2.0058;202.38;0;202.38;4.2119;0.8443;195.32;2.0058;0.0208;0.975;0;0.0099;193.77;8.6062;0;0;6.8774;1.7288;186.14;6.2704;0.0131;0.0026;6.1996;0.055;192.41;1.3564;0.0295;0.0059;1.3191;0.0019;186.74;4.1692;0.8357;180.92;0.2201;127.82;103.03;39.337;1.7709;1.4866;21.385;0.5959;21.1;0;1;0;0;0.9628;0.9575;1;1;0.9648;0.1381;0.9674;0.9969;1;0.9669;0.7999;0.993;0.993;1;0.993;0.993;0.9198;0.9263;0.1097;0.6077;0.6075;0.0037;0.0176;0.0023;0.0041;0.0145;0.0041;0;0;0.088;0;0.4506;0;0;0;0;0;0;0;0;0;0;0;0;0.0117;0.0011;0.5485;0.5485;0;26.063;26.063;7.5933;0.0408;518.49;1057.8;1;0.0098;0.0098;0;0;0;0;0;0;0.5386;0.4506;0;17.192;19.908;14.125;16.357;98.205;98.205;4.8571;4.3834;3.6014;0.4736;0.782;0.0975;0.161;0.7415;125.35;0.6871;0
23/03/21 14:00;40.265;50.936;28.743;47.489;42.511;90;42.511;233.59;227.2;6.3977;19.03;3.2501;0;8.6789;195.92;2.2201;0;5.833;212.65;0;212.65;8.6789;2.2201;195.92;5.833;0.0408;0.9487;0;0.0274;192.27;20.374;0;0;14.977;5.3973;185.06;5.8724;0.0086;0.0022;5.829;0.0326;190.93;1.3459;0.0608;0.0155;1.2666;0.0031;187.23;8.6096;2.2023;173.84;0.4001;146.15;117.8;48.084;9.8368;2.0057;28.852;2.1768;21.021;0;1;0;0;0.9103;0.9042;1;1;0.9236;0.0747;0.9692;0.999;1;0.9676;0.9246;0.993;0.993;1;0.993;0.993;0.8702;0.8873;0.0686;0.6386;0.6248;0.0038;0.0175;0.0036;0.0042;0.0149;0.0055;0;0;0.088;0;0.4642;0;0;0;0;0;0;0;0;0;0;0;0;0.012;0.0011;0.5622;0.5622;0;26.583;26.583;7.5526;0.0408;532.62;1055.5;1;0.01;0.01;0;0;0;0;0;0;0.5522;0.4642;0;16.77;19.42;13.848;16.035;98.226;98.226;5.1036;4.4928;3.7099;0.6107;0.783;0.1197;0.1534;0.7269;142.59;0.6599;0
23/03/21 15:00;29.899;64.234;22.139;32.558;57.442;90;57.442;146.61;144;2.6057;19.6;3.8101;0;4.842;110.33;1.0179;0;6.4325;122.62;0;122.62;4.842;1.0179;110.33;6.4325;0.0395;0.9522;0;0.0525;103.52;19.102;0;0;13.062;6.0405;99.419;3.3727;0.0037;0.0008;3.3475;0.0207;102.79;0.7246;0.0339;0.0071;0.6809;0.0027;102.14;4.8044;1.01;93.236;0.3686;93.996;75.76;33.168;15.793;1.7594;25.309;2.719;11.275;0;1;0;0;0.8364;0.8442;1;1;0.8816;0.061;0.9672;0.9992;1;0.9653;0.9467;0.993;0.993;1;0.993;0.993;0.8108;0.8451;0.0573;0.3682;0.361;0.0022;0.0177;-0.0017;0.0024;0.0085;0.0048;0;0;0.088;0;0.2245;0;0;0;0;0;0;0;0;0;0;0;0;0.0069;0.0005;0.3198;0.3198;0;23.671;23.671;4.0713;0.041;306.25;1044.3;1;0.0073;0.0073;0;0;0;0;0;0;0.3125;0.2245;0;16.546;19.16;11.616;13.452;97.721;97.721;2.9429;2.5561;1.7945;0.3868;0.7616;0.1314;0.2588;0.6098;93.246;0.5282;0
23/03/21 16:00;18.41;74.828;40.01;19.028;33.223;90;33.223;89;87.599;1.4002;19.36;4.0601;0;3.3958;80.18;0.6854;0;1.382;85.644;0;85.644;3.3958;0.6854;80.18;1.382;0.0397;0.9523;0;0.0161;80.213;5.4306;0;0;4.1969;1.2337;77.161;2.4907;0.0232;0.0047;2.4398;0.0229;79.652;0.5615;0.0238;0.0048;0.5319;0.001;77.615;3.3488;0.676;73.012;0.1244;54.094;43.6;17.133;1.7272;0.6611;9.51;0.4541;8.4439;0;1;0;0;0.9623;0.9366;1;1;0.9477;0.1073;0.9687;0.9931;1;0.9677;0.8442;0.993;0.993;1;0.993;0.993;0.901;0.9106;0.09;0.2572;0.2538;0.0015;0.0163;-0.0023;0.0017;0.0059;0.0018;0;0;0.088;0;0.1294;0;0;0;0;0;0;0;0;0;0;0;0;0.0048;0.0003;0.2238;0.2238;0;22.525;22.525;3.1652;0.041;215.51;1038.7;1;0.0064;0.0064;0;0;0;0;0;0;0.2174;0.1294;0;16.58;19.2;9.587;11.102;97.135;97.135;2.0555;1.789;1.0344;0.2665;0.7546;0.1296;0.3671;0.5033;54.086;0.4646;0
23/03/21 17:00;6.3609;83.989;74.413;6.3958;9.2784;90;9.2784;27.094;26.801;0.2937;19.1;4.3099;0;0.7124;26.574;0.1254;0;0.0337;27.446;0;27.446;0.7124;0.1254;26.574;0.0337;0.026;0.9695;0;0.0012;27.247;0.1985;0;0;0.1704;0.0281;25.827;1.2289;0.1231;0.0217;1.0829;0.0012;27.056;0.1907;0.005;0.0009;0.1848;0;25.833;0.5843;0.1029;25.136;0.0043;15.904;12.819;4.7075;0.0058;0.1832;2.6349;0.0055;2.8123;0;1;0;0;1.013;0.9928;1;1;0.9936;0.165;0.9546;0.826;1;0.9587;0.7749;0.993;0.993;1;0.993;0.993;0.941;0.9459;0.1269;0.0824;0.0834;0.0005;0.0103;-0.0015;0.0005;0.0018;0.0005;0;0;0.088;0;-0.0219;0;0;0;0;0;0;0;0;0;0;0;0;0.0015;0.0001;0.0697;0.0697;0;20.172;20.172;1.072;0.0415;69.603;1001.4;1;0.0036;0.0036;0;0;0;0;0;0;0.0661;-0.0219;0;16.11;18.655;-5.0728;-5.8742;94.77;94.77;0.6587;0.557;-0.1754;0.1017;0.7324;0.1543;1.1119;0;15.902;0;0
23/03/21 18:00;0.2422;88.333;89.413;0.2423;0.3454;90;0.3454;0;0;0;18.7;4.96;0;0;0;0;0;0;0;0;0;0;0;0;0;1;1;1;1;0;0;0;0;0;0;0;0;0;0;0;0;0;0;0;0;0;0;0;0;0;0;0;0;0;0;0;0;0;0;0;0;0;0;0;1;1;1;1;1;1;1;1;1;1;1;1;1;1;1;1;1;1;1;0;0;0;0;0;0;0;0;0;0.0004;0.088;0;-0.0884;0;0;0;0;0;0;0;0;0;0;0;0;0;0;0;0;0;0;0;-18.7;0;0;0;0;0.0004;0;0;0;0;0;0;0;-0.0004;-0.0884;0;0;0;0;0;0;0;0;0;-0.7063;0;0.7063;1;1;0;0;0;0
23/03/21 19:00;0;0;90;0;0;90;0;0;0;0;18.55;5.0199;0;0;0;0;0;0;0;0;0;0;0;0;0;1;1;1;1;0;0;0;0;0;0;0;0;0;0;0;0;0;0;0;0;0;0;0;0;0;0;0;0;0;0;0;0;0;0;0;0;0;0;0;1;1;1;1;1;1;1;1;1;1;1;1;1;1;1;1;1;1;1;0;0;0;0;0;0;0;0;0;0.0004;0.088;0;-0.0884;0;0;0;0;0;0;0;0;0;0;0;0;0;0;0;0;0;0;0;-18.55;0;0;0;0;0.0004;0;0;0;0;0;0;0;-0.0004;-0.0884;0;0;0;0;0;0;0;0;0;-0.7063;0;0.7063;1;1;0;0;0;0
23/03/21 20:00;0;0;90;0;0;90;0;0;0;0;18.4;4.57;0;0;0;0;0;0;0;0;0;0;0;0;0;1;1;1;1;0;0;0;0;0;0;0;0;0;0;0;0;0;0;0;0;0;0;0;0;0;0;0;0;0;0;0;0;0;0;0;0;0;0;0;1;1;1;1;1;1;1;1;1;1;1;1;1;1;1;1;1;1;1;0;0;0;0;0;0;0;0;0;0.0004;0.088;0;-0.0884;0;0;0;0;0;0;0;0;0;0;0;0;0;0;0;0;0;0;0;-18.4;0;0;0;0;0.0004;0;0;0;0;0;0;0;-0.0004;-0.0884;0;0;0;0;0;0;0;0;0;-0.7063;0;0.7063;1;1;0;0;0;0
23/03/21 21:00;0;0;90;0;0;90;0;0;0;0;17.99;4.3899;0;0;0;0;0;0;0;0;0;0;0;0;0;1;1;1;1;0;0;0;0;0;0;0;0;0;0;0;0;0;0;0;0;0;0;0;0;0;0;0;0;0;0;0;0;0;0;0;0;0;0;0;1;1;1;1;1;1;1;1;1;1;1;1;1;1;1;1;1;1;1;0;0;0;0;0;0;0;0;0;0.0004;0.088;0;-0.0884;0;0;0;0;0;0;0;0;0;0;0;0;0;0;0;0;0;0;0;-17.99;0;0;0;0;0.0004;0;0;0;0;0;0;0;-0.0004;-0.0884;0;0;0;0;0;0;0;0;0;-0.7063;0;0.7063;1;1;0;0;0;0
23/03/21 22:00;0;0;90;0;0;90;0;0;0;0;18;4.3801;0;0;0;0;0;0;0;0;0;0;0;0;0;1;1;1;1;0;0;0;0;0;0;0;0;0;0;0;0;0;0;0;0;0;0;0;0;0;0;0;0;0;0;0;0;0;0;0;0;0;0;0;1;1;1;1;1;1;1;1;1;1;1;1;1;1;1;1;1;1;1;0;0;0;0;0;0;0;0;0;0.0004;0.088;0;-0.0884;0;0;0;0;0;0;0;0;0;0;0;0;0;0;0;0;0;0;0;-18;0;0;0;0;0.0004;0;0;0;0;0;0;0;-0.0004;-0.0884;0;0;0;0;0;0;0;0;0;-0.7063;0;0.7063;1;1;0;0;0;0
23/03/21 23:00;0;0;90;0;0;90;0;0;0;0;18.03;4.6299;0;0;0;0;0;0;0;0;0;0;0;0;0;1;1;1;1;0;0;0;0;0;0;0;0;0;0;0;0;0;0;0;0;0;0;0;0;0;0;0;0;0;0;0;0;0;0;0;0;0;0;0;1;1;1;1;1;1;1;1;1;1;1;1;1;1;1;1;1;1;1;0;0;0;0;0;0;0;0;0;0.0004;0.088;0;-0.0884;0;0;0;0;0;0;0;0;0;0;0;0;0;0;0;0;0;0;0;-18.03;0;0;0;0;0.0004;0;0;0;0;0;0;0;-0.0004;-0.0884;0;0;0;0;0;0;0;0;0;-0.7063;0;0.7063;1;1;0;0;0;0
24/03/21 00:00;0;0;90;0;0;90;0;0;0;0;18.1;4.7799;0;0;0;0;0;0;0;0;0;0;0;0;0;1;1;1;1;0;0;0;0;0;0;0;0;0;0;0;0;0;0;0;0;0;0;0;0;0;0;0;0;0;0;0;0;0;0;0;0;0;0;0;1;1;1;1;1;1;1;1;1;1;1;1;1;1;1;1;1;1;1;0;0;0;0;0;0;0;0;0;0.0004;0.088;0;-0.0884;0;0;0;0;0;0;0;0;0;0;0;0;0;0;0;0;0;0;0;-18.1;0;0;0;0;0.0004;0;0;0;0;0;0;0;-0.0004;-0.0884;0;0;0;0;0;0;0;0;0;-0.7063;0;0.7063;1;1;0;0;0;0
24/03/21 01:00;0;0;90;0;0;90;0;0;0;0;17.88;4.6199;0;0;0;0;0;0;0;0;0;0;0;0;0;1;1;1;1;0;0;0;0;0;0;0;0;0;0;0;0;0;0;0;0;0;0;0;0;0;0;0;0;0;0;0;0;0;0;0;0;0;0;0;1;1;1;1;1;1;1;1;1;1;1;1;1;1;1;1;1;1;1;0;0;0;0;0;0;0;0;0;0.0004;0.088;0;-0.0884;0;0;0;0;0;0;0;0;0;0;0;0;0;0;0;0;0;0;0;-17.88;0;0;0;0;0.0004;0;0;0;0;0;0;0;-0.0004;-0.0884;0;0;0;0;0;0;0;0;0;-0.7063;0;0.7063;1;1;0;0;0;0
24/03/21 02:00;0;0;90;0;0;90;0;0;0;0;17.74;4.35;0;0;0;0;0;0;0;0;0;0;0;0;0;1;1;1;1;0;0;0;0;0;0;0;0;0;0;0;0;0;0;0;0;0;0;0;0;0;0;0;0;0;0;0;0;0;0;0;0;0;0;0;1;1;1;1;1;1;1;1;1;1;1;1;1;1;1;1;1;1;1;0;0;0;0;0;0;0;0;0;0.0004;0.088;0;-0.0884;0;0;0;0;0;0;0;0;0;0;0;0;0;0;0;0;0;0;0;-17.74;0;0;0;0;0.0004;0;0;0;0;0;0;0;-0.0004;-0.0884;0;0;0;0;0;0;0;0;0;-0.7063;0;0.7063;1;1;0;0;0;0
24/03/21 03:00;0;0;90;0;0;90;0;0;0;0;17.8;4.17;0;0;0;0;0;0;0;0;0;0;0;0;0;1;1;1;1;0;0;0;0;0;0;0;0;0;0;0;0;0;0;0;0;0;0;0;0;0;0;0;0;0;0;0;0;0;0;0;0;0;0;0;1;1;1;1;1;1;1;1;1;1;1;1;1;1;1;1;1;1;1;0;0;0;0;0;0;0;0;0;0.0004;0.088;0;-0.0884;0;0;0;0;0;0;0;0;0;0;0;0;0;0;0;0;0;0;0;-17.8;0;0;0;0;0.0004;0;0;0;0;0;0;0;-0.0004;-0.0884;0;0;0;0;0;0;0;0;0;-0.7063;0;0.7063;1;1;0;0;0;0
24/03/21 04:00;0;0;90;0;0;90;0;0;0;0;17.6;4.33;0;0;0;0;0;0;0;0;0;0;0;0;0;1;1;1;1;0;0;0;0;0;0;0;0;0;0;0;0;0;0;0;0;0;0;0;0;0;0;0;0;0;0;0;0;0;0;0;0;0;0;0;1;1;1;1;1;1;1;1;1;1;1;1;1;1;1;1;1;1;1;0;0;0;0;0;0;0;0;0;0.0004;0.088;0;-0.0884;0;0;0;0;0;0;0;0;0;0;0;0;0;0;0;0;0;0;0;-17.6;0;0;0;0;0.0004;0;0;0;0;0;0;0;-0.0004;-0.0884;0;0;0;0;0;0;0;0;0;-0.7063;0;0.7063;1;1;0;0;0;0
24/03/21 05:00;0;0;90;0;0;90;0;0;0;0;17.34;4.4799;0;0;0;0;0;0;0;0;0;0;0;0;0;1;1;1;1;0;0;0;0;0;0;0;0;0;0;0;0;0;0;0;0;0;0;0;0;0;0;0;0;0;0;0;0;0;0;0;0;0;0;0;1;1;1;1;1;1;1;1;1;1;1;1;1;1;1;1;1;1;1;0;0;0;0;0;0;0;0;0;0.0004;0.088;0;-0.0884;0;0;0;0;0;0;0;0;0;0;0;0;0;0;0;0;0;0;0;-17.34;0;0;0;0;0.0004;0;0;0;0;0;0;0;-0.0004;-0.0884;0;0;0;0;0;0;0;0;0;-0.7063;0;0.7063;1;1;0;0;0;0
24/03/21 06:00;5.3295;-84.243;76.981;5.3564;7.7289;-90;-7.7289;7.0911;6.9977;0.0934;17;5.31;0;0.2264;6.9608;0.0124;0;0.0061;7.2058;0;7.2058;0.2264;0.0124;6.9608;0.0061;0.0314;0.9669;0;0.0008;7.1678;0.038;0;0;0.0329;0.0051;6.7726;0.3451;0.0517;0.0028;0.2903;0.0002;7.1176;0.0502;0.0016;0.0001;0.0485;0;6.7734;0.1732;0.0095;6.5891;0.0008;4.1524;3.3468;1.2273;0.0007;0.0479;0.6889;0.0008;0.7361;0;1;0;0;1.0162;0.9947;1;1;0.9953;0.1655;0.9515;0.7703;1;0.9578;0.7757;0.993;0.993;1;0.993;0.993;0.9399;0.9466;0.1275;0.0216;0.0219;0.0001;0.0051;-0.0006;0.0001;0.0004;0.0001;0;0;0.088;0;-0.0741;0;0;0;0;0;0;0;0;0;0;0;0;0.0003;0;0.0162;0.0162;0;17.288;17.288;0.2879;0.0425;17.058;950.36;1;0.0023;0.0023;0;0;0;0;0;0;0.0139;-0.0741;0;14.272;16.526;-65.218;-75.521;85.858;85.858;0.1729;0.1296;-0.5921;0.0434;0.7216;0.2508;4.1727;0;4.1519;0;0
24/03/21 07:00;16.399;-75.933;46.786;16.878;27.882;-90;-27.882;92.907;89.203;3.7038;17.02;6.01;0;8.9826;83.222;2.0664;0;1.0246;95.296;0;95.296;8.9826;2.0664;83.222;1.0246;0.0943;0.8841;0;0.0108;91.116;4.1805;0;0;3.2915;0.889;87.728;2.7499;0.0968;0.0223;2.6054;0.0254;90.478;0.6378;0.0629;0.0145;0.5595;0.0009;88.029;8.823;2.0297;76.766;0.1092;54.102;43.607;16.771;0.9771;0.6362;9.1509;0.3006;8.81;0;1;0;0;1.0257;0.9561;1;1;0.9604;0.1323;0.9696;0.9891;1;0.9672;0.8112;0.993;0.993;1;0.993;0.993;0.9206;0.9224;0.1066;0.2862;0.2844;0.0017;0.0169;-0.0046;0.0019;0.0067;0.0017;0;0;0.088;0;0.1596;0;0;0;0;0;0;0;0;0;0;0;0;0.0054;0.0003;0.2543;0.2543;0;20.608;20.608;3.5878;0.0409;241.79;1051.9;1;0.0068;0.0068;0;0;0;0;0;0;0.2476;0.1596;0;16.931;19.606;10.623;12.301;97.339;97.339;2.2871;2.0327;1.2754;0.2544;0.7574;0.1112;0.3312;0.5576;54.08;0.5202;0
24/03/21 08:00;27.978;-65.616;21.383;30.252;59.748;-90;-59.748;304.29;193;111.29;17.85;6.95;0;220.9;120.05;66.168;0;14.344;421.46;0;421.46;220.9;66.168;120.05;14.344;0.5241;0.3189;0;0.034;393.02;28.441;0;0;15.016;13.425;386.32;3.9495;0.162;0.0485;3.68;0.059;390.27;2.7511;1.5463;0.4632;0.7352;0.0064;390.56;219.19;65.656;100.62;0.8532;131.07;105.65;45.426;19.773;2.361;33.962;4.2401;16.549;0;1;0;0;1.3851;0.9325;1;1;0.8749;0.064;0.9899;0.9993;1;0.9647;0.9353;0.993;0.993;1;0.993;0.993;0.9166;0.8381;0.0595;1.2656;1.2479;0.0075;0.0099;0.0382;0.0083;0.0296;0.0065;0;0;0.088;0;1.0143;0;0;0;0;0;0;0;0;0;0;0;0;0.0238;0.0038;1.1203;1.1203;0;33.626;33.626;15.775;0.0408;1070.1;1046.9;1;0.018;0.018;0;0;0;0;0;0;1.1023;1.0143;0;16.862;19.526;15.267;17.679;98.397;98.397;10.115;8.9533;8.1065;1.1618;0.8468;0.1149;0.0837;0.8014;104.23;0.7558;0
24/03/21 09:00;38.525;-52.822;28.214;44.978;45.022;-90;-45.022;502.9;203.6;299.3;18.97;8.0499;0;423.43;112.96;100.78;0;14.006;651.19;0;651.19;423.43;100.78;112.96;14.006;0.6503;0.195;0;0.0215;628.82;22.369;0;0;9.3738;12.995;620.49;3.9206;0.4098;0.0975;3.3533;0.06;624.42;4.4017;2.964;0.7055;0.7251;0.0071;624.5;420.06;99.978;99.513;0.9441;239.54;193.07;75.929;6.9137;2.8758;41.368;4.0038;37.33;0;1;0;0;1.2949;0.9656;1;1;0.917;0.0722;0.9937;0.999;1;0.9674;0.9403;0.993;0.993;1;0.993;0.993;0.9529;0.8809;0.0674;1.9555;1.9681;0.0118;0.0008;0.1348;0.0127;0.0452;0.0077;0;0;0.088;0;1.5945;0;0;0;0;0;0;0;0;0;0;0;0;0.0364;0.0088;1.71;1.71;0;44.482;44.482;25.512;0.0411;1690.3;1011.7;1;0.0275;0.0275;0;0;0;0;0;0;1.6825;1.5945;0;16.658;19.29;15.533;17.987;98.392;98.392;15.628;13.666;12.743;1.962;0.923;0.1255;0.0591;0.8154;84.092;0.7784;0
24/03/21 10:00;47.14;-36.003;33.386;61.388;28.612;-90;-28.612;168.9;166.3;2.5975;19.25;8.6199;0;2.9589;155.74;0.4888;0;1.9593;161.15;0;161.15;2.9589;0.4888;155.74;1.9593;0.0184;0.9786;0;0.0122;153.02;8.125;0;0;6.419;1.706;147.04;4.9099;0.0089;0.0015;4.853;0.0465;151.95;1.0712;0.0207;0.0034;1.0453;0.0018;147.64;2.9293;0.4839;143.42;0.205;103.3;83.262;32.368;2.0008;1.201;17.276;0.6009;16.476;0;1;0;0;0.9541;0.9496;1;1;0.9588;0.1293;0.9677;0.997;1;0.9673;0.8152;0.993;0.993;1;0.993;0.993;0.9125;0.9209;0.1046;0.4839;0.4811;0.0029;0.0181;0.0004;0.0032;0.0114;0.0033;0;0;0.088;0;0.3353;0;0;0;0;0;0;0;0;0;0;0;0;0.0092;0.0007;0.4318;0.4318;0;25.257;25.257;6.0068;0.0409;410.27;1052.6;1;0.0086;0.0086;0;0;0;0;0;0;0.4233;0.3353;0;16.999;19.685;13.198;15.283;98.018;98.018;3.8676;3.4513;2.6796;0.4163;0.7717;0.1076;0.1995;0.6928;101.69;0.6414;0
24/03/21 11:00;52.385;-14.14;36.289;79.34;10.66;-90;-10.66;237.6;232.8;4.8012;19.3;8.7699;0;4.8856;229.77;1.0454;0;0.3896;236.09;0;236.09;4.8856;1.0454;229.77;0.3896;0.0207;0.9749;0;0.0017;233.92;2.1761;0;0;1.8513;0.3247;223.08;9.1998;0.0229;0.0049;9.1576;0.0145;232.28;1.6374;0.0342;0.0073;1.5954;0.0005;223.15;4.8285;1.0332;217.17;0.0499;141.36;113.93;41.969;0.0852;1.6219;23.331;0.0717;24.868;0;1;0;0;0.9937;0.9908;1;1;0.9919;0.1664;0.9604;0.9953;1;0.9595;0.7752;0.993;0.993;1;0.993;0.993;0.9449;0.9451;0.1281;0.709;0.7213;0.0043;0.0167;0.0088;0.0048;0.0172;0.0045;0;0;0.088;0;0.5505;0;0;0;0;0;0;0;0;0;0;0;0;0.0138;0.0014;0.6497;0.6497;0;28.404;28.404;9.1043;0.0408;615.99;1054.7;1;0.0112;0.0112;0;0;0;0;0;0;0.6385;0.5505;0;17.456;20.214;14.791;17.128;98.278;98.278;5.6662;5.1922;4.3995;0.474;0.7927;0.0837;0.1399;0.7764;137.96;0.723;0
24/03/21 12:00;52.764;10.647;36.49;82.007;7.9932;90;7.9932;214.2;210.5;3.6959;19.08;8.8401;0;3.7322;208.77;0.7185;0;0.1977;213.42;0;213.42;3.7322;0.7185;208.77;0.1977;0.0175;0.9791;0;0.0009;212.21;1.2115;0;0;1.0464;0.1651;202.02;8.7028;0.0179;0.0034;8.6742;0.0073;210.72;1.4855;0.0261;0.005;1.4541;0.0002;202.05;3.6882;0.71;197.6;0.0251;127.17;102.5;37.646;0.0245;1.463;21.045;0.0283;22.484;0;1;0;0;0.9964;0.9943;1;1;0.995;0.1647;0.9587;0.9952;1;0.9579;0.7752;0.993;0.993;1;0.993;0.993;0.9466;0.9465;0.1268;0.6409;0.6529;0.0039;0.0173;0.0055;0.0044;0.0155;0.004;0;0;0.088;0;0.4902;0;0;0;0;0;0;0;0;0;0;0;0;0.0125;0.0012;0.5885;0.5885;0;27.324;27.324;8.244;0.0408;557.52;1055.6;1;0.0103;0.0103;0;0;0;0;0;0;0.5782;0.4902;0;17.493;20.256;14.57;16.872;98.243;98.243;5.122;4.7034;3.9175;0.4187;0.7859;0.0817;0.1534;0.7648;124.59;0.7122;0
24/03/21 13:00;48.142;33.169;33.956;63.887;26.113;90;26.113;470.2;356.1;114.1;19.07;8.7601;0;127.07;300.23;44.235;0;4.5593;476.1;0;476.1;127.07;44.235;300.23;4.5593;0.2669;0.6402;0;0.0096;461.45;14.644;0;0;10.711;3.9335;448.01;10.208;0.4227;0.1472;9.5147;0.1237;458.22;3.2302;0.8895;0.3096;2.0267;0.0044;449.33;125.76;43.778;277.98;0.4977;276.47;222.83;85.689;2.8016;3.1091;44.723;1.313;45.031;0;1;0;0;1.0125;0.9692;1;1;0.9643;0.1373;0.9777;0.9966;1;0.9669;0.8009;0.993;0.993;1;0.993;0.993;0.941;0.9259;0.1092;1.4297;1.4476;0.0087;0.007;0.0635;0.0096;0.034;0.0085;0;0;0.088;0;1.1758;0;0;0;0;0;0;0;0;0;0;0;0;0.0274;0.005;1.284;1.284;0;37.408;37.408;18.338;0.0409;1242.1;1033.7;1;0.0202;0.0202;0;0;0;0;0;0;1.2638;1.1758;0;17.109;19.812;15.667;18.142;98.427;98.427;11.426;10.262;9.3973;1.1643;0.8647;0.1019;0.0757;0.8224;192.93;0.7684;0
24/03/21 14:00;39.911;50.689;29.074;47.231;42.769;90;42.769;173.51;170.6;2.9036;19.23;8.3501;0;3.9554;147.43;0.7658;0;4.383;156.54;0;156.54;3.9554;0.7658;147.43;4.383;0.0253;0.9698;0;0.028;141.11;15.429;0;0;11.371;4.0579;135.71;4.4135;0.0039;0.0008;4.3849;0.0238;140.12;0.9878;0.0277;0.0054;0.9524;0.0023;137.33;3.9238;0.7597;130.72;0.299;109.08;87.915;36.199;7.5585;1.4907;21.443;1.6235;15.375;0;1;0;0;0.9022;0.9014;1;1;0.9229;0.0742;0.9685;0.999;1;0.9675;0.9262;0.993;0.993;1;0.993;0.993;0.8669;0.8867;0.0682;0.4701;0.4588;0.0028;0.0181;-0.0004;0.0031;0.0109;0.0041;0;0;0.088;0;0.3146;0;0;0;0;0;0;0;0;0;0;0;0;0.0088;0.0007;0.4109;0.4109;0;24.776;24.776;5.5456;0.0409;390.73;1051.6;1;0.0083;0.0083;0;0;0;0;0;0;0.4026;0.3146;0;16.651;19.281;12.747;14.761;97.974;97.974;3.7569;3.2838;2.5139;0.4731;0.7698;0.1259;0.2049;0.6692;107.55;0.6069;0
24/03/21 15:00;29.574;63.962;22.444;32.276;57.724;90;57.724;146.9;144.2;2.6992;19.1;7.0099;0;5.0547;110.16;1.0753;0;6.5033;122.79;0;122.79;5.0547;1.0753;110.16;6.5033;0.0412;0.9501;0;0.053;103.55;19.242;0;0;13.135;6.1065;99.456;3.3726;0.0039;0.0008;3.3463;0.0215;102.83;0.7249;0.0354;0.0075;0.6792;0.0028;102.21;5.0154;1.0669;93.001;0.3725;94.164;75.896;33.274;16.046;1.7742;25.521;2.752;11.249;0;1;0;0;0.8359;0.8433;1;1;0.8808;0.061;0.9672;0.9992;1;0.9653;0.9454;0.993;0.993;1;0.993;0.993;0.8099;0.8442;0.0573;0.3688;0.3616;0.0022;0.0177;-0.0024;0.0024;0.0085;0.0049;0;0;0.088;0;0.2257;0;0;0;0;0;0;0;0;0;0;0;0;0.0069;0.0005;0.321;0.321;0;23.171;23.171;4.0711;0.0409;306.78;1046.4;1;0.0073;0.0073;0;0;0;0;0;0;0.3137;0.2257;0;16.584;19.204;11.66;13.502;97.719;97.719;2.9471;2.5656;1.8038;0.3815;0.7618;0.1294;0.2585;0.6121;93.405;0.5296;0
24/03/21 16:00;18.105;74.552;41.088;18.738;32.439;90;32.439;85.601;84.2;1.4002;17.62;5.15;0;3.396;77.376;0.6699;0;1.2689;82.711;0;82.711;3.396;0.6699;77.376;1.2689;0.0411;0.9508;0;0.0153;77.683;5.0286;0;0;3.9001;1.1285;74.724;2.4152;0.0254;0.005;2.3623;0.0225;77.139;0.5438;0.0238;0.0047;0.5143;0.001;75.136;3.3468;0.6602;70.6;0.1169;51.9;41.832;16.384;1.5352;0.6299;9.0608;0.412;8.1555;0;1;0;0;0.9662;0.9392;1;1;0.9496;0.1107;0.9687;0.9925;1;0.9676;0.8383;0.993;0.993;1;0.993;0.993;0.9034;0.9124;0.0921;0.2484;0.2454;0.0015;0.0162;-0.0039;0.0016;0.0058;0.0017;0;0;0.088;0;0.1232;0;0;0;0;0;0;0;0;0;0;0;0;0.0046;0.0003;0.2177;0.2177;0;20.682;20.682;3.0614;0.041;208.26;1045.1;1;0.0064;0.0064;0;0;0;0;0;0;0.2112;0.1232;0;16.694;19.331;9.4507;10.944;97.043;97.043;1.9851;1.7395;0.9848;0.2455;0.7547;0.1237;0.3802;0.4961;51.892;0.4585;0
24/03/21 17:00;6.0675;83.713;75.146;6.1039;8.8407;90;8.8407;2.2074;2.2019;0.0055;18.6;4.3199;0;0.0133;2.1888;0.0002;0;0.0025;2.2048;2.2048;0;0.0133;0;0;0;1;1;1;1;0;0;0;0;0;0;0;0;0;0;0;0;0;0;0;0;0;0;0;0;0;0;0;0;0;0;0;0;0;0;0;0;0;0;0;0;1;1;1;1;1;1;1;1;1;1;1;0;1;0;0;1;0;0;0;0;0;0;0;0;0;0;0;0.0004;0.088;0;-0.0884;0;0;0;0;0;0;0;0;0;0;0;0;0;0;0;0;0;0;0;-18.6;0;0;0;0;0.0004;0;0;0;0;0;0;0;-0.0004;-0.0884;0;0;0;0;0;0;0;0;0;-0.7063;0;0.7063;1;1;0;0;0;0
24/03/21 18:00;0;0;90;0;0;90;0;0;0;0;16.8;4.25;0;0;0;0;0;0;0;0;0;0;0;0;0;1;1;1;1;0;0;0;0;0;0;0;0;0;0;0;0;0;0;0;0;0;0;0;0;0;0;0;0;0;0;0;0;0;0;0;0;0;0;0;1;1;1;1;1;1;1;1;1;1;1;1;1;1;1;1;1;1;1;0;0;0;0;0;0;0;0;0;0.0004;0.088;0;-0.0884;0;0;0;0;0;0;0;0;0;0;0;0;0;0;0;0;0;0;0;-16.8;0;0;0;0;0.0004;0;0;0;0;0;0;0;-0.0004;-0.0884;0;0;0;0;0;0;0;0;0;-0.7063;0;0.7063;1;1;0;0;0;0
24/03/21 19:00;0;0;90;0;0;90;0;0;0;0;16.87;4.1301;0;0;0;0;0;0;0;0;0;0;0;0;0;1;1;1;1;0;0;0;0;0;0;0;0;0;0;0;0;0;0;0;0;0;0;0;0;0;0;0;0;0;0;0;0;0;0;0;0;0;0;0;1;1;1;1;1;1;1;1;1;1;1;1;1;1;1;1;1;1;1;0;0;0;0;0;0;0;0;0;0.0004;0.088;0;-0.0884;0;0;0;0;0;0;0;0;0;0;0;0;0;0;0;0;0;0;0;-16.87;0;0;0;0;0.0004;0;0;0;0;0;0;0;-0.0004;-0.0884;0;0;0;0;0;0;0;0;0;-0.7063;0;0.7063;1;1;0;0;0;0
24/03/21 20:00;0;0;90;0;0;90;0;0;0;0;17;4.0501;0;0;0;0;0;0;0;0;0;0;0;0;0;1;1;1;1;0;0;0;0;0;0;0;0;0;0;0;0;0;0;0;0;0;0;0;0;0;0;0;0;0;0;0;0;0;0;0;0;0;0;0;1;1;1;1;1;1;1;1;1;1;1;1;1;1;1;1;1;1;1;0;0;0;0;0;0;0;0;0;0.0004;0.088;0;-0.0884;0;0;0;0;0;0;0;0;0;0;0;0;0;0;0;0;0;0;0;-17;0;0;0;0;0.0004;0;0;0;0;0;0;0;-0.0004;-0.0884;0;0;0;0;0;0;0;0;0;-0.7063;0;0.7063;1;1;0;0;0;0
24/03/21 21:00;0;0;90;0;0;90;0;0;0;0;17.5;4.0799;0;0;0;0;0;0;0;0;0;0;0;0;0;1;1;1;1;0;0;0;0;0;0;0;0;0;0;0;0;0;0;0;0;0;0;0;0;0;0;0;0;0;0;0;0;0;0;0;0;0;0;0;1;1;1;1;1;1;1;1;1;1;1;1;1;1;1;1;1;1;1;0;0;0;0;0;0;0;0;0;0.0004;0.088;0;-0.0884;0;0;0;0;0;0;0;0;0;0;0;0;0;0;0;0;0;0;0;-17.5;0;0;0;0;0.0004;0;0;0;0;0;0;0;-0.0004;-0.0884;0;0;0;0;0;0;0;0;0;-0.7063;0;0.7063;1;1;0;0;0;0
24/03/21 22:00;0;0;90;0;0;90;0;0;0;0;17.76;4.3999;0;0;0;0;0;0;0;0;0;0;0;0;0;1;1;1;1;0;0;0;0;0;0;0;0;0;0;0;0;0;0;0;0;0;0;0;0;0;0;0;0;0;0;0;0;0;0;0;0;0;0;0;1;1;1;1;1;1;1;1;1;1;1;1;1;1;1;1;1;1;1;0;0;0;0;0;0;0;0;0;0.0004;0.088;0;-0.0884;0;0;0;0;0;0;0;0;0;0;0;0;0;0;0;0;0;0;0;-17.76;0;0;0;0;0.0004;0;0;0;0;0;0;0;-0.0004;-0.0884;0;0;0;0;0;0;0;0;0;-0.7063;0;0.7063;1;1;0;0;0;0
24/03/21 23:00;0;0;90;0;0;90;0;0;0;0;17.8;4.9499;0;0;0;0;0;0;0;0;0;0;0;0;0;1;1;1;1;0;0;0;0;0;0;0;0;0;0;0;0;0;0;0;0;0;0;0;0;0;0;0;0;0;0;0;0;0;0;0;0;0;0;0;1;1;1;1;1;1;1;1;1;1;1;1;1;1;1;1;1;1;1;0;0;0;0;0;0;0;0;0;0.0004;0.088;0;-0.0884;0;0;0;0;0;0;0;0;0;0;0;0;0;0;0;0;0;0;0;-17.8;0;0;0;0;0.0004;0;0;0;0;0;0;0;-0.0004;-0.0884;0;0;0;0;0;0;0;0;0;-0.7063;0;0.7063;1;1;0;0;0;0
25/03/21 00:00;0;0;90;0;0;90;0;0;0;0;17.8;4.9201;0;0;0;0;0;0;0;0;0;0;0;0;0;1;1;1;1;0;0;0;0;0;0;0;0;0;0;0;0;0;0;0;0;0;0;0;0;0;0;0;0;0;0;0;0;0;0;0;0;0;0;0;1;1;1;1;1;1;1;1;1;1;1;1;1;1;1;1;1;1;1;0;0;0;0;0;0;0;0;0;0.0004;0.088;0;-0.0884;0;0;0;0;0;0;0;0;0;0;0;0;0;0;0;0;0;0;0;-17.8;0;0;0;0;0.0004;0;0;0;0;0;0;0;-0.0004;-0.0884;0;0;0;0;0;0;0;0;0;-0.7063;0;0.7063;1;1;0;0;0;0
25/03/21 01:00;0;0;90;0;0;90;0;0;0;0;17.6;4.33;0;0;0;0;0;0;0;0;0;0;0;0;0;1;1;1;1;0;0;0;0;0;0;0;0;0;0;0;0;0;0;0;0;0;0;0;0;0;0;0;0;0;0;0;0;0;0;0;0;0;0;0;1;1;1;1;1;1;1;1;1;1;1;1;1;1;1;1;1;1;1;0;0;0;0;0;0;0;0;0;0.0004;0.088;0;-0.0884;0;0;0;0;0;0;0;0;0;0;0;0;0;0;0;0;0;0;0;-17.6;0;0;0;0;0.0004;0;0;0;0;0;0;0;-0.0004;-0.0884;0;0;0;0;0;0;0;0;0;-0.7063;0;0.7063;1;1;0;0;0;0
25/03/21 02:00;0;0;90;0;0;90;0;0;0;0;17.5;4.18;0;0;0;0;0;0;0;0;0;0;0;0;0;1;1;1;1;0;0;0;0;0;0;0;0;0;0;0;0;0;0;0;0;0;0;0;0;0;0;0;0;0;0;0;0;0;0;0;0;0;0;0;1;1;1;1;1;1;1;1;1;1;1;1;1;1;1;1;1;1;1;0;0;0;0;0;0;0;0;0;0.0004;0.088;0;-0.0884;0;0;0;0;0;0;0;0;0;0;0;0;0;0;0;0;0;0;0;-17.5;0;0;0;0;0.0004;0;0;0;0;0;0;0;-0.0004;-0.0884;0;0;0;0;0;0;0;0;0;-0.7063;0;0.7063;1;1;0;0;0;0
25/03/21 03:00;0;0;90;0;0;90;0;0;0;0;16.66;4.1;0;0;0;0;0;0;0;0;0;0;0;0;0;1;1;1;1;0;0;0;0;0;0;0;0;0;0;0;0;0;0;0;0;0;0;0;0;0;0;0;0;0;0;0;0;0;0;0;0;0;0;0;1;1;1;1;1;1;1;1;1;1;1;1;1;1;1;1;1;1;1;0;0;0;0;0;0;0;0;0;0.0004;0.088;0;-0.0884;0;0;0;0;0;0;0;0;0;0;0;0;0;0;0;0;0;0;0;-16.66;0;0;0;0;0.0004;0;0;0;0;0;0;0;-0.0004;-0.0884;0;0;0;0;0;0;0;0;0;-0.7063;0;0.7063;1;1;0;0;0;0
25/03/21 04:00;0;0;90;0;0;90;0;0;0;0;16.2;4.26;0;0;0;0;0;0;0;0;0;0;0;0;0;1;1;1;1;0;0;0;0;0;0;0;0;0;0;0;0;0;0;0;0;0;0;0;0;0;0;0;0;0;0;0;0;0;0;0;0;0;0;0;1;1;1;1;1;1;1;1;1;1;1;1;1;1;1;1;1;1;1;0;0;0;0;0;0;0;0;0;0.0004;0.088;0;-0.0884;0;0;0;0;0;0;0;0;0;0;0;0;0;0;0;0;0;0;0;-16.2;0;0;0;0;0.0004;0;0;0;0;0;0;0;-0.0004;-0.0884;0;0;0;0;0;0;0;0;0;-0.7063;0;0.7063;1;1;0;0;0;0
25/03/21 05:00;0;0;90;0;0;90;0;0;0;0;16.1;4.44;0;0;0;0;0;0;0;0;0;0;0;0;0;1;1;1;1;0;0;0;0;0;0;0;0;0;0;0;0;0;0;0;0;0;0;0;0;0;0;0;0;0;0;0;0;0;0;0;0;0;0;0;1;1;1;1;1;1;1;1;1;1;1;1;1;1;1;1;1;1;1;0;0;0;0;0;0;0;0;0;0.0004;0.088;0;-0.0884;0;0;0;0;0;0;0;0;0;0;0;0;0;0;0;0;0;0;0;-16.1;0;0;0;0;0.0004;0;0;0;0;0;0;0;-0.0004;-0.0884;0;0;0;0;0;0;0;0;0;-0.7063;0;0.7063;1;1;0;0;0;0
25/03/21 06:00;5.1657;-83.875;77.387;5.1952;7.4907;-90;-7.4907;33.404;29.701;3.7032;16.1;5.07;0;8.9812;28.688;2.1584;0;0.0271;39.855;0;39.855;8.9812;2.1584;28.688;0.0271;0.2253;0.7205;0;0.0007;39.703;0.1514;0;0;0.1288;0.0226;35.567;3.8582;2.1419;0.5147;1.2007;0.001;39.425;0.2779;0.0629;0.0151;0.1999;0;35.57;6.7765;1.6285;27.159;0.0035;17.126;13.804;5.0645;0.0025;0.1973;2.8386;0.0031;3.0333;0;1;0;0;1.1931;0.9962;1;1;0.9955;0.1654;0.9021;0.7598;1;0.9577;0.7757;0.993;0.993;1;0.993;0.993;0.8924;0.9467;0.1274;0.1197;0.1131;0.0007;0.0119;-0.0031;0.0007;0.0026;0.0005;0;0;0.088;0;0.0051;0;0;0;0;0;0;0;0;0;0;0;0;0.0021;0.0001;0.0976;0.0976;0;17.566;17.566;1.4664;0.0412;95.087;1026.9;1;0.0045;0.0045;0;0;0;0;0;0;0.0931;0.0051;0;15.542;17.997;0.8185;0.9478;95.389;95.389;0.9565;0.7804;0.0411;0.1761;0.7393;0.1841;0.7729;0.043;17.104;0.0408;0
25/03/21 07:00;16.223;-75.558;47.347;16.723;27.533;-90;-27.533;63.097;62.003;1.0938;15.91;5.79;0;2.6527;58.325;0.4289;0;0.6789;62.086;0;62.086;2.6527;0.4289;58.325;0.6789;0.0427;0.9504;0;0.0109;59.237;2.8488;0;0;2.2607;0.5881;56.94;1.8816;0.0295;0.0048;1.8302;0.0172;58.822;0.4147;0.0186;0.003;0.3925;0.0006;57.144;2.6046;0.4211;53.842;0.073;37.822;30.485;11.707;0.6553;0.444;6.3874;0.204;6.1761;0;1;0;0;0.984;0.9541;1;1;0.9612;0.1338;0.968;0.9888;1;0.9671;0.8093;0.993;0.993;1;0.993;0.993;0.9171;0.9231;0.1075;0.1864;0.1856;0.0011;0.0147;-0.0046;0.0012;0.0043;0.0012;0;0;0.088;0;0.0699;0;0;0;0;0;0;0;0;0;0;0;0;0.0035;0.0002;0.164;0.164;0;18.245;18.245;2.3352;0.041;157.02;1044.2;1;0.006;0.006;0;0;0;0;0;0;0.1579;0.0699;0;16.752;19.399;7.1436;8.2721;96.316;96.316;1.4901;1.3103;0.5588;0.1797;0.7516;0.1206;0.5044;0.375;37.816;0.3482;0
25/03/21 08:00;27.774;-65.225;21.764;30.116;59.884;-90;-59.884;397.8;114.3;283.5;16.5;6.17;0;565.02;47.786;100.97;0;18.829;732.6;0;732.6;565.02;100.97;47.786;18.829;0.7713;0.0909;0;0.0257;708.98;23.619;0;0;5.997;17.622;701.98;2.0415;0.4218;0.0754;1.4658;0.0786;704.02;4.9629;3.9552;0.7068;0.2925;0.0085;705.48;560.65;100.18;40.031;1.1203;102.46;82.585;33.53;7.9385;1.4856;21.37;3.5005;14.917;0;1;0;0;1.8416;0.9678;1;1;0.8745;0.0641;0.9971;0.9992;1;0.9647;0.9345;0.993;0.993;1;0.993;0.993;0.9582;0.8377;0.0595;2.2;2.1699;0.0131;-0.0009;0.155;0.014;0.0497;0.0039;0;0;0.088;0;1.7656;0;0;0;0;0;0;0;0;0;0;0;0;0.04;0.0105;1.8844;1.8844;0;45.374;45.374;28.874;0.0411;1865.6;1010.1;1;0.0308;0.0308;0;0;0;0;0;0;1.8536;1.7656;0;16.317;18.895;15.288;17.704;98.366;98.366;17.582;15.06;14.111;2.5224;0.9494;0.1435;0.054;0.8025;41.555;0.7854;0
25/03/21 09:00;38.278;-52.419;28.605;44.878;45.122;-90;-45.122;598.7;116.6;482.09;17.87;6.49;0;683.24;43.061;93.691;0;16.745;836.74;0;836.74;683.24;93.691;43.061;16.745;0.8166;0.0715;0;0.02;817.62;19.123;0;0;3.5848;15.538;809.78;2.1114;0.6704;0.0919;1.2782;0.0709;811.89;5.7233;4.7827;0.6558;0.2763;0.0084;814.15;677.79;92.943;37.922;1.1267;261.51;210.78;81.395;2.6585;2.9193;41.993;4.3702;42.254;0;1;0;0;1.3976;0.9771;1;1;0.9168;0.072;0.9974;0.999;1;0.9674;0.9408;0.993;0.993;1;0.993;0.993;0.9678;0.8807;0.0673;2.5127;2.5407;0.0153;-0.0022;0.2348;0.016;0.0569;0.0076;0;0;0.088;0;2.0284;0;0;0;0;0;0;0;0;0;0;0;0;0.0458;0.0142;2.1521;2.1521;0;51.336;51.336;33.466;0.0413;2187.1;984;1;0.0357;0.0357;0;0;0;0;0;0;2.1164;2.0284;0;16.316;18.894;15.378;17.808;98.341;98.341;20.082;17.2;16.211;2.8818;0.9886;0.1435;0.0492;0.8073;32.085;0.778;0
25/03/21 10:00;46.833;-35.625;33.786;61.35;28.65;-90;-28.65;898.4;148.2;750.2;18.86;6.65;0;854.86;34.876;126.54;0;10.45;1026.7;0;1026.7;854.86;126.54;34.876;10.45;0.8326;0.0441;0;0.0102;1016.2;10.541;0;0;1.4405;9.1006;1004.6;4.5013;2.759;0.4084;1.0865;0.2473;1009.1;7.1133;5.9841;0.8858;0.234;0.0094;1007.5;846.12;125.25;32.115;1.0924;481.35;387.97;150.65;0.4527;5.031;72.369;2.8993;76.948;0;1;0;0;1.1428;0.9897;1;1;0.9587;0.1291;0.9955;0.9967;1;0.9673;0.8154;0.993;0.993;1;0.993;0.993;0.9784;0.9208;0.1045;3.0833;3.187;0.0192;0.0021;0.3991;0.0194;0.0687;0.0126;0;0;0.088;0;2.4553;0;0;0;0;0;0;0;0;0;0;0;0;0.0553;0.0218;2.5888;2.5888;0;60.702;60.702;41.842;0.0417;2737.8;945.58;1;0.0455;0.0455;0;0;0;0;0;0;2.5433;2.4553;0;15.995;18.522;15.17;17.567;98.244;98.244;24.642;20.69;19.623;3.9518;1.0667;0.1604;0.0433;0.7963;22.778;0.7564;0
25/03/21 11:00;52.015;-13.886;36.689;79.386;10.614;-90;-10.614;583.91;328.8;255.11;19.85;6.59;0;259.55;249.12;78.88;0;0.9491;588.5;0;588.5;259.55;78.88;249.12;0.9491;0.441;0.4249;0;0.0016;585.71;2.7839;0;0;1.9927;0.7912;569.98;11.634;1.2753;0.3876;9.9363;0.0353;581.61;4.1;1.8169;0.5522;1.7299;0.0011;570.16;256.46;77.94;235.46;0.1216;343.34;276.73;105.5;0.091;3.7008;53.234;0.1816;56.844;0;1;0;0;1.0079;0.9953;1;1;0.992;0.1664;0.98;0.9951;1;0.9595;0.7752;0.993;0.993;1;0.993;0.993;0.9685;0.9452;0.1281;1.7673;1.8295;0.011;0.0022;0.1176;0.0119;0.0422;0.0099;0;0;0.088;0;1.4798;0;0;0;0;0;0;0;0;0;0;0;0;0.034;0.0076;1.5931;1.5931;0;43.268;43.268;23.419;0.0411;1570.4;1014.5;1;0.0253;0.0253;0;0;0;0;0;0;1.5678;1.4798;0;17.173;19.886;15.951;18.471;98.411;98.411;14.124;12.732;11.827;1.3917;0.9056;0.0985;0.0641;0.8373;149.56;0.7842;0
25/03/21 12:00;52.363;10.678;36.876;81.869;8.1314;90;8.1314;855.3;141.7;713.6;20.84;6.57;0;720.85;48.431;93.969;0;0.8169;864.07;0;864.07;720.85;93.969;48.431;0.8169;0.8343;0.057;0;0.0009;863.14;0.932;0;0;0.2497;0.6824;850.96;6.1304;3.6202;0.4719;2.0082;0.03;857.09;6.0419;5.046;0.6578;0.3373;0.0009;851.1;712.18;92.839;45.836;0.1036;501.22;403.98;157.97;0.0063;5.1369;73.892;0.1375;79.023;0;1;0;0;1.0102;0.9989;1;1;0.9948;0.1647;0.9928;0.9949;1;0.958;0.7752;0.993;0.993;1;0.993;0.993;0.9848;0.9464;0.1268;2.5948;2.7192;0.0164;-0.0019;0.2976;0.0168;0.0598;0.0131;0;0;0.088;0;2.1274;0;0;0;0;0;0;0;0;0;0;0;0;0.0481;0.0162;2.2531;2.2531;0;56.147;56.147;35.308;0.0415;2338.7;963.41;1;0.0377;0.0377;0;0;0;0;0;0;2.2154;2.1274;0;16.542;19.155;15.619;18.086;98.325;98.325;20.738;18.007;17.002;2.7305;1.0049;0.1317;0.0485;0.8199;28.911;0.7705;0
25/03/21 13:00;47.755;33.013;34.316;63.674;26.326;90;26.326;354.9;324;30.901;20.69;6.73;0;34.477;297.86;10.993;0;3.4969;346.83;0;346.83;34.477;10.993;297.86;3.4969;0.0994;0.8689;0;0.0101;333.04;13.785;0;0;10.765;3.0199;321.03;9.6792;0.1219;0.0389;9.4246;0.0938;330.71;2.3313;0.2413;0.077;2.0097;0.0033;322.07;34.114;10.877;275.66;0.3798;213.76;172.29;66.008;2.86;2.4649;35.457;1.0359;35.062;0;1;0;0;0.9772;0.9603;1;1;0.9639;0.1364;0.9707;0.9964;1;0.9669;0.8019;0.993;0.993;1;0.993;0.993;0.9256;0.9255;0.1086;1.0415;1.0448;0.0063;0.0128;0.0329;0.0069;0.0246;0.0067;0;0;0.088;0;0.8288;0;0;0;0;0;0;0;0;0;0;0;0;0.0198;0.0027;0.9319;0.9319;0;33.817;33.817;13.127;0.0409;894.74;1041.5;1;0.0151;0.0151;0;0;0;0;0;0;0.9168;0.8288;0;17.045;19.738;15.16;17.555;98.385;98.385;8.3238;7.4477;6.6241;0.8761;0.8236;0.1053;0.0989;0.7958;191.66;0.7392;0
25/03/21 14:00;39.556;50.446;29.405;46.97;43.03;90;43.03;696.29;120.2;576.09;21.4;6.6999;0;788.08;35.472;108.37;0;17.794;949.72;0;949.72;788.08;108.37;35.472;17.794;0.8298;0.0561;0;0.0187;930.47;19.243;0;0;2.7602;16.483;921.91;2.0528;0.7948;0.1093;1.0547;0.094;923.96;6.5133;5.5166;0.7586;0.229;0.0092;926.67;781.77;107.5;31.428;1.2074;313.43;252.62;98.034;1.8611;3.3816;48.643;4.7643;50.163;0;1;0;0;1.364;0.9797;1;1;0.9222;0.0737;0.9978;0.999;1;0.9675;0.9278;0.993;0.993;1;0.993;0.993;0.9707;0.886;0.0679;2.852;2.8936;0.0174;-0.001;0.3537;0.0177;0.0626;0.0085;0;0;0.088;0;2.2378;0;0;0;0;0;0;0;0;0;0;0;0;0.0504;0.0182;2.366;2.366;0;59.766;59.766;38.366;0.0416;2490.3;950.09;1;0.0402;0.0402;0;0;0;0;0;0;2.3258;2.2378;0;15.804;18.3;14.948;17.309;98.302;98.302;22.793;18.909;17.885;3.8841;1.0244;0.1704;0.0449;0.7846;25.935;0.7557;0
25/03/21 15:00;29.249;63.692;22.749;31.993;58.007;90;58.007;475.39;147.8;327.59;19.68;6.2101;0;618.31;57.833;136.26;0;21.234;833.63;0;833.63;618.31;136.26;57.833;21.234;0.7417;0.0948;0;0.0255;806.75;26.882;0;0;6.9448;19.937;798.69;2.4199;0.4824;0.1063;1.7588;0.0723;801.11;5.6473;4.3282;0.9538;0.3562;0.0091;802.91;613.5;135.2;48.773;1.216;139.38;112.34;44.991;8.5758;1.9168;27.572;4.2267;20.913;0;1;0;0;1.7536;0.9678;1;1;0.8799;0.0611;0.997;0.9992;1;0.9652;0.9439;0.993;0.993;1;0.993;0.993;0.9581;0.8433;0.0573;2.5034;2.4764;0.0149;-0.0021;0.2413;0.0156;0.0552;0.0049;0;0;0.088;0;1.9666;0;0;0;0;0;0;0;0;0;0;0;0;0.0444;0.0136;2.0886;2.0886;0;52.726;52.726;33.046;0.0414;2133.4;979;1;0.0341;0.0341;0;0;0;0;0;0;2.0546;1.9666;0;15.894;18.404;14.965;17.329;98.369;98.369;20.007;16.692;15.717;3.3149;0.9756;0.1657;0.0488;0.7856;49.195;0.7666;0
25/03/21 16:00;17.801;74.277;42.146;18.447;31.676;90;31.676;163.41;148.9;14.51;20.54;4.5399;0;35.191;133.04;12.486;0;2.3125;183.03;0;183.03;35.191;12.486;133.04;2.3125;0.1923;0.7395;0;0.0126;174.52;8.507;0;0;6.4579;2.0491;168.8;4.5051;0.2844;0.1009;4.076;0.0437;173.3;1.2217;0.2463;0.0874;0.8861;0.0018;169.47;34.66;12.298;121.62;0.2179;88.827;71.594;27.916;2.4316;1.0735;15.442;0.669;14.084;0;1;0;0;1.1201;0.9535;1;1;0.9515;0.1139;0.974;0.9919;1;0.9676;0.8329;0.993;0.993;1;0.993;0.993;0.9222;0.9142;0.0942;0.5496;0.543;0.0033;0.0179;0.0048;0.0036;0.0128;0.0029;0;0;0.088;0;0.3893;0;0;0;0;0;0;0;0;0;0;0;0;0.0103;0.0009;0.4864;0.4864;0;27.44;27.44;6.8997;0.0409;463.64;1049;1;0.0091;0.0091;0;0;0;0;0;0;0.4773;0.3893;0;16.856;19.519;13.491;15.622;98.129;98.129;4.3927;3.8869;3.1109;0.5058;0.776;0.1152;0.1767;0.7082;88.73;0.6661;0
25/03/21 17:00;5.9772;83.292;75.371;6.0181;8.7124;90;8.7124;55.4;53.302;2.0979;19.31;3.1999;0;5.088;52.217;1.8973;0;0.0607;59.263;0;59.263;5.088;1.8973;52.217;0.0607;0.0859;0.8821;0;0.001;58.911;0.3524;0;0;0.3016;0.0507;55.01;3.4885;0.9759;0.3639;2.1465;0.0022;58.498;0.4124;0.0356;0.0133;0.3634;0.0001;55.019;4.0766;1.5202;49.405;0.0077;31.222;25.165;9.2382;0.0088;0.3597;5.1736;0.009;5.5245;0;1;0;0;1.0697;0.9941;1;1;0.9942;0.1648;0.9404;0.8069;1;0.9584;0.775;0.993;0.993;1;0.993;0.993;0.9282;0.9462;0.1269;0.178;0.1766;0.0011;0.0144;-0.0022;0.0011;0.0041;0.001;0;0;0.088;0;0.06;0;0;0;0;0;0;0;0;0;0;0;0;0.0033;0.0002;0.1538;0.1538;0;21.573;21.573;2.2634;0.0411;149.51;1028.5;1;0.0058;0.0058;0;0;0;0;0;0;0.148;0.06;0;16.46;19.06;6.4188;7.4328;96.226;96.226;1.4223;1.2289;0.4792;0.1934;0.7497;0.136;0.5271;0.3369;31.208;0.3163;0
25/03/21 18:00;0;0;90;0;0;90;0;0;0;0;17.19;3;0;0;0;0;0;0;0;0;0;0;0;0;0;1;1;1;1;0;0;0;0;0;0;0;0;0;0;0;0;0;0;0;0;0;0;0;0;0;0;0;0;0;0;0;0;0;0;0;0;0;0;0;1;1;1;1;1;1;1;1;1;1;1;1;1;1;1;1;1;1;1;0;0;0;0;0;0;0;0;0;0.0004;0.088;0;-0.0884;0;0;0;0;0;0;0;0;0;0;0;0;0;0;0;0;0;0;0;-17.19;0;0;0;0;0.0004;0;0;0;0;0;0;0;-0.0004;-0.0884;0;0;0;0;0;0;0;0;0;-0.7063;0;0.7063;1;1;0;0;0;0
25/03/21 19:00;0;0;90;0;0;90;0;0;0;0;15.22;2.9401;0;0;0;0;0;0;0;0;0;0;0;0;0;1;1;1;1;0;0;0;0;0;0;0;0;0;0;0;0;0;0;0;0;0;0;0;0;0;0;0;0;0;0;0;0;0;0;0;0;0;0;0;1;1;1;1;1;1;1;1;1;1;1;1;1;1;1;1;1;1;1;0;0;0;0;0;0;0;0;0;0.0004;0.088;0;-0.0884;0;0;0;0;0;0;0;0;0;0;0;0;0;0;0;0;0;0;0;-15.22;0;0;0;0;0.0004;0;0;0;0;0;0;0;-0.0004;-0.0884;0;0;0;0;0;0;0;0;0;-0.7063;0;0.7063;1;1;0;0;0;0
25/03/21 20:00;0;0;90;0;0;90;0;0;0;0;14.16;2.99;0;0;0;0;0;0;0;0;0;0;0;0;0;1;1;1;1;0;0;0;0;0;0;0;0;0;0;0;0;0;0;0;0;0;0;0;0;0;0;0;0;0;0;0;0;0;0;0;0;0;0;0;1;1;1;1;1;1;1;1;1;1;1;1;1;1;1;1;1;1;1;0;0;0;0;0;0;0;0;0;0.0004;0.088;0;-0.0884;0;0;0;0;0;0;0;0;0;0;0;0;0;0;0;0;0;0;0;-14.16;0;0;0;0;0.0004;0;0;0;0;0;0;0;-0.0004;-0.0884;0;0;0;0;0;0;0;0;0;-0.7063;0;0.7063;1;1;0;0;0;0
25/03/21 21:00;0;0;90;0;0;90;0;0;0;0;14.08;2.9599;0;0;0;0;0;0;0;0;0;0;0;0;0;1;1;1;1;0;0;0;0;0;0;0;0;0;0;0;0;0;0;0;0;0;0;0;0;0;0;0;0;0;0;0;0;0;0;0;0;0;0;0;1;1;1;1;1;1;1;1;1;1;1;1;1;1;1;1;1;1;1;0;0;0;0;0;0;0;0;0;0.0004;0.088;0;-0.0884;0;0;0;0;0;0;0;0;0;0;0;0;0;0;0;0;0;0;0;-14.08;0;0;0;0;0.0004;0;0;0;0;0;0;0;-0.0004;-0.0884;0;0;0;0;0;0;0;0;0;-0.7063;0;0.7063;1;1;0;0;0;0
25/03/21 22:00;0;0;90;0;0;90;0;0;0;0;12.37;2.91;0;0;0;0;0;0;0;0;0;0;0;0;0;1;1;1;1;0;0;0;0;0;0;0;0;0;0;0;0;0;0;0;0;0;0;0;0;0;0;0;0;0;0;0;0;0;0;0;0;0;0;0;1;1;1;1;1;1;1;1;1;1;1;1;1;1;1;1;1;1;1;0;0;0;0;0;0;0;0;0;0.0004;0.088;0;-0.0884;0;0;0;0;0;0;0;0;0;0;0;0;0;0;0;0;0;0;0;-12.37;0;0;0;0;0.0004;0;0;0;0;0;0;0;-0.0004;-0.0884;0;0;0;0;0;0;0;0;0;-0.7063;0;0.7063;1;1;0;0;0;0
25/03/21 23:00;0;0;90;0;0;90;0;0;0;0;11.67;2.7899;0;0;0;0;0;0;0;0;0;0;0;0;0;1;1;1;1;0;0;0;0;0;0;0;0;0;0;0;0;0;0;0;0;0;0;0;0;0;0;0;0;0;0;0;0;0;0;0;0;0;0;0;1;1;1;1;1;1;1;1;1;1;1;1;1;1;1;1;1;1;1;0;0;0;0;0;0;0;0;0;0.0004;0.088;0;-0.0884;0;0;0;0;0;0;0;0;0;0;0;0;0;0;0;0;0;0;0;-11.67;0;0;0;0;0.0004;0;0;0;0;0;0;0;-0.0004;-0.0884;0;0;0;0;0;0;0;0;0;-0.7063;0;0.7063;1;1;0;0;0;0
26/03/21 00:00;0;0;90;0;0;90;0;0;0;0;11.05;2.5;0;0;0;0;0;0;0;0;0;0;0;0;0;1;1;1;1;0;0;0;0;0;0;0;0;0;0;0;0;0;0;0;0;0;0;0;0;0;0;0;0;0;0;0;0;0;0;0;0;0;0;0;1;1;1;1;1;1;1;1;1;1;1;1;1;1;1;1;1;1;1;0;0;0;0;0;0;0;0;0;0.0004;0.088;0;-0.0884;0;0;0;0;0;0;0;0;0;0;0;0;0;0;0;0;0;0;0;-11.05;0;0;0;0;0.0004;0;0;0;0;0;0;0;-0.0004;-0.0884;0;0;0;0;0;0;0;0;0;-0.7063;0;0.7063;1;1;0;0;0;0
26/03/21 01:00;0;0;90;0;0;90;0;0;0;0;10.34;2.1501;0;0;0;0;0;0;0;0;0;0;0;0;0;1;1;1;1;0;0;0;0;0;0;0;0;0;0;0;0;0;0;0;0;0;0;0;0;0;0;0;0;0;0;0;0;0;0;0;0;0;0;0;1;1;1;1;1;1;1;1;1;1;1;1;1;1;1;1;1;1;1;0;0;0;0;0;0;0;0;0;0.0004;0.088;0;-0.0884;0;0;0;0;0;0;0;0;0;0;0;0;0;0;0;0;0;0;0;-10.34;0;0;0;0;0.0004;0;0;0;0;0;0;0;-0.0004;-0.0884;0;0;0;0;0;0;0;0;0;-0.7063;0;0.7063;1;1;0;0;0;0
26/03/21 02:00;0;0;90;0;0;90;0;0;0;0;9.7401;1.6099;0;0;0;0;0;0;0;0;0;0;0;0;0;1;1;1;1;0;0;0;0;0;0;0;0;0;0;0;0;0;0;0;0;0;0;0;0;0;0;0;0;0;0;0;0;0;0;0;0;0;0;0;1;1;1;1;1;1;1;1;1;1;1;1;1;1;1;1;1;1;1;0;0;0;0;0;0;0;0;0;0.0004;0.088;0;-0.0884;0;0;0;0;0;0;0;0;0;0;0;0;0;0;0;0;0;0;0;-9.7401;0;0;0;0;0.0004;0;0;0;0;0;0;0;-0.0004;-0.0884;0;0;0;0;0;0;0;0;0;-0.7063;0;0.7063;1;1;0;0;0;0
26/03/21 03:00;0;0;90;0;0;90;0;0;0;0;9.3399;0.84;0;0;0;0;0;0;0;0;0;0;0;0;0;1;1;1;1;0;0;0;0;0;0;0;0;0;0;0;0;0;0;0;0;0;0;0;0;0;0;0;0;0;0;0;0;0;0;0;0;0;0;0;1;1;1;1;1;1;1;1;1;1;1;1;1;1;1;1;1;1;1;0;0;0;0;0;0;0;0;0;0.0004;0.088;0;-0.0884;0;0;0;0;0;0;0;0;0;0;0;0;0;0;0;0;0;0;0;-9.3399;0;0;0;0;0.0004;0;0;0;0;0;0;0;-0.0004;-0.0884;0;0;0;0;0;0;0;0;0;-0.7063;0;0.7063;1;1;0;0;0;0
26/03/21 04:00;0;0;90;0;0;90;0;0;0;0;9.1398;0.6301;0;0;0;0;0;0;0;0;0;0;0;0;0;1;1;1;1;0;0;0;0;0;0;0;0;0;0;0;0;0;0;0;0;0;0;0;0;0;0;0;0;0;0;0;0;0;0;0;0;0;0;0;1;1;1;1;1;1;1;1;1;1;1;1;1;1;1;1;1;1;1;0;0;0;0;0;0;0;0;0;0.0004;0.088;0;-0.0884;0;0;0;0;0;0;0;0;0;0;0;0;0;0;0;0;0;0;0;-9.1398;0;0;0;0;0.0004;0;0;0;0;0;0;0;-0.0004;-0.0884;0;0;0;0;0;0;0;0;0;-0.7063;0;0.7063;1;1;0;0;0;0
26/03/21 05:00;0;0;90;0;0;90;0;0;0;0;9.0999;1.1101;0;0;0;0;0;0;0;0;0;0;0;0;0;1;1;1;1;0;0;0;0;0;0;0;0;0;0;0;0;0;0;0;0;0;0;0;0;0;0;0;0;0;0;0;0;0;0;0;0;0;0;0;1;1;1;1;1;1;1;1;1;1;1;1;1;1;1;1;1;1;1;0;0;0;0;0;0;0;0;0;0.0004;0.088;0;-0.0884;0;0;0;0;0;0;0;0;0;0;0;0;0;0;0;0;0;0;0;-9.0999;0;0;0;0;0.0004;0;0;0;0;0;0;0;-0.0004;-0.0884;0;0;0;0;0;0;0;0;0;-0.7063;0;0.7063;1;1;0;0;0;0
26/03/21 06:00;5.0021;-83.508;77.792;5.0342;7.2535;-90;-7.2535;58.701;21.699;37.003;8.85;1.9101;0;89.742;14.926;16.279;0;0.0446;120.99;0;120.99;89.742;16.279;14.926;0.0446;0.7417;0.1237;0;0.0004;120.89;0.1008;0;0;0.0636;0.0372;92.983;27.063;22.375;4.0588;0.6268;0.0016;120.05;0.8462;0.6282;0.114;0.104;0.0001;92.984;66.739;12.106;14.132;0.0057;9.1094;7.3422;2.6095;0.0012;0.1104;1.5884;0.0015;1.6977;0;1;0;0;2.0611;0.9992;1;1;0.9957;0.1653;0.7746;0.7489;1;0.9575;0.7758;0.993;0.993;1;0.993;0.993;0.7685;0.9468;0.1274;0.3633;0.2834;0.0017;0.0168;-0.0128;0.0019;0.0069;0.0003;0;0;0.088;0;0.1674;0;0;0;0;0;0;0;0;0;0;0;0;0.0055;0.0003;0.2626;0.2626;0;12.624;12.624;3.7745;0.0406;241.24;1088.6;1;0.0072;0.0072;0;0;0;0;0;0;0.2554;0.1674;0;13.768;15.943;8.7771;10.164;97.26;97.26;2.9038;2.0987;1.3379;0.8051;0.7608;0.2773;0.262;0.4607;8.8952;0.4563;0
26/03/21 07:00;16.046;-75.184;47.904;16.568;27.188;-90;-27.188;250.8;41.801;209;13.04;1.95;0;506.89;17.725;55.876;0;2.6325;583.13;0;583.13;506.89;55.876;17.725;2.6325;0.8693;0.0349;0;0.0045;580.18;2.9499;0;0;0.6733;2.2765;569.06;7.0561;5.7921;0.6385;0.5575;0.068;576.12;4.0612;3.5483;0.3911;0.1194;0.0025;569.14;497.55;54.847;16.375;0.2854;12.604;10.159;3.2578;0.1912;0.188;2.7048;0.0842;2.7017;0;1;0;0;2.325;0.9949;1;1;0.962;0.1352;0.9878;0.9885;1;0.9671;0.8075;0.993;0.993;1;0.993;0.993;0.9759;0.9238;0.1084;1.7511;1.7199;0.0104;0.0034;0.0681;0.0115;0.0407;0.0005;0;0;0.088;0;1.4328;0;0;0;0;0;0;0;0;0;0;0;0;0.0327;0.0068;1.5457;1.5457;0;36.285;36.285;23.245;0.0408;1480.1;1044.3;1;0.0249;0.0249;0;0;0;0;0;0;1.5208;1.4328;0;16.815;19.472;15.587;18.049;98.387;98.387;13.995;12.353;11.451;1.6417;0.9026;0.1173;0.0645;0.8182;11.467;0.8154;0
26/03/21 08:00;27.57;-64.836;22.143;29.979;60;-90;-60;464.3;76.397;387.9;16.02;2.12;0;776.28;22.294;93.402;0;22.054;914.03;0;914.03;776.28;93.402;22.294;22.054;0.8493;0.0485;0;0.0241;890.59;23.444;0;0;2.8057;20.639;882.92;1.438;0.5896;0.0709;0.6842;0.0932;884.35;6.2341;5.434;0.6538;0.1364;0.0099;886.14;770.26;92.677;18.668;1.3125;97.155;78.307;31.877;3.7327;1.1566;16.637;3.2185;14.061;0;1;0;0;1.9686;0.9744;1;1;0.8742;0.0642;0.9984;0.9992;1;0.9646;0.9337;0.993;0.993;1;0.993;0.993;0.966;0.8373;0.0595;2.7448;2.704;0.0163;-0.0019;0.2611;0.017;0.0603;0.003;0;0;0.088;0;2.1568;0;0;0;0;0;0;0;0;0;0;0;0;0.0485;0.0161;2.2837;2.2837;0;52.544;52.544;36.524;0.0414;2330.4;979.96;1;0.0389;0.0389;0;0;0;0;0;0;2.2448;2.1568;0;15.849;18.353;14.969;17.334;98.298;98.298;21.937;18.251;17.237;3.6857;1.0139;0.168;0.0462;0.7858;19.414;0.7752;0
26/03/21 09:00;38.03;-52.019;28.996;44.778;45.222;-90;-45.222;643.2;106.1;537.1;18.67;1.87;0;762.54;32.958;95.724;0;18.065;909.28;0;909.28;762.54;95.724;32.958;18.065;0.8386;0.0561;0;0.0199;889.76;19.519;0;0;2.7525;16.767;881.63;1.9075;0.7584;0.0952;0.9782;0.0757;883.53;6.2283;5.3377;0.6701;0.2114;0.0091;886.28;756.44;94.958;29.016;1.2134;276.96;223.23;85.933;2.0516;3.0596;44.011;4.651;45.019;0;1;0;0;1.4137;0.9785;1;1;0.9165;0.0719;0.9978;0.999;1;0.9674;0.9413;0.993;0.993;1;0.993;0.993;0.9696;0.8804;0.0672;2.7306;2.7622;0.0166;-0.0017;0.293;0.0172;0.0609;0.0078;0;0;0.088;0;2.1755;0;0;0;0;0;0;0;0;0;0;0;0;0.0491;0.0167;2.3026;2.3026;0;55.221;55.221;36.551;0.0415;2378.2;968.2;1;0.0391;0.0391;0;0;0;0;0;0;2.2635;2.1755;0;16.064;18.602;15.178;17.575;98.304;98.304;21.823;18.402;17.387;3.4207;1.0154;0.1567;0.0465;0.7967;24.579;0.7689;0
26/03/21 10:00;46.525;-35.252;34.185;61.311;28.689;-90;-28.689;778.71;128.5;650.21;20.04;1.8;0;741.19;41.84;95.671;0;9.0815;887.79;0;887.79;741.19;95.671;41.84;9.0815;0.8349;0.0574;0;0.0102;878.14;9.6423;0;0;1.7319;7.9104;867.58;4.4125;2.564;0.3309;1.3031;0.2144;872;6.147;5.1884;0.6697;0.2808;0.0082;870.11;733.44;94.67;38.524;0.9484;418.1;336.99;130.84;0.5447;4.3803;63.009;2.526;66.845;0;1;0;0;1.1401;0.9891;1;1;0.9586;0.1289;0.9949;0.9965;1;0.9673;0.8156;0.993;0.993;1;0.993;0.993;0.9772;0.9208;0.1044;2.666;2.7535;0.0166;-0.0018;0.3001;0.0171;0.0605;0.0112;0;0;0.088;0;2.158;0;0;0;0;0;0;0;0;0;0;0;0;0.0487;0.0166;2.2845;2.2845;0;56.034;56.034;35.994;0.0415;2369.1;964.27;1;0.0385;0.0385;0;0;0;0;0;0;2.246;2.158;0;16.324;18.902;15.42;17.856;98.314;98.314;21.307;18.258;17.246;3.0493;1.0112;0.1431;0.0475;0.8094;27.333;0.7686;0
26/03/21 11:00;51.646;-13.636;37.087;79.433;10.567;-90;-10.567;324.1;306.6;17.497;21.05;2.34;0;17.799;299.06;5.0725;0;0.5222;322.45;0;322.45;17.799;5.0725;299.06;0.5222;0.0552;0.9291;0;0.0016;319.64;2.8098;0;0;2.3745;0.4353;305.33;12.074;0.0916;0.0261;11.937;0.0194;317.4;2.2375;0.1246;0.0355;2.0768;0.0006;305.42;17.583;5.0109;282.67;0.0669;192.62;155.25;57.346;0.1072;2.1994;31.638;0.0958;33.73;0;1;0;0;0.9949;0.9913;1;1;0.9921;0.1664;0.962;0.9948;1;0.9595;0.7752;0.993;0.993;1;0.993;0.993;0.9469;0.9452;0.1281;0.9683;0.9866;0.0059;0.0136;0.0301;0.0066;0.0233;0.006;0;0;0.088;0;0.7777;0;0;0;0;0;0;0;0;0;0;0;0;0.0187;0.0025;0.8799;0.8799;0;33.536;33.536;12.486;0.0409;844.81;1041.6;1;0.0143;0.0143;0;0;0;0;0;0;0.8657;0.7777;0;17.311;20.046;15.299;17.716;98.378;98.378;7.7388;7.0325;6.2151;0.7064;0.8174;0.0913;0.1056;0.8031;179.52;0.7481;0
26/03/21 12:00;51.963;10.709;37.26;81.729;8.2711;90;8.2711;758.2;188;570.2;21.35;2.9599;0;576.19;88.328;100.25;0;0.7492;765.52;0;765.52;576.19;100.25;88.328;0.7492;0.7527;0.1164;0;0.001;764.43;1.0941;0;0;0.4683;0.6258;751.84;7.2308;3.0224;0.5259;3.655;0.0276;759.07;5.351;4.0333;0.7018;0.615;0.0009;751.97;569.14;99.023;83.589;0.095;444.6;358.35;139.57;0.0122;4.5931;66.071;0.1264;70.652;0;1;0;0;1.0097;0.9986;1;1;0.9947;0.1647;0.9905;0.9947;1;0.9581;0.7752;0.993;0.993;1;0.993;0.993;0.9821;0.9464;0.1268;2.2989;2.4041;0.0145;-0.002;0.2321;0.0151;0.0536;0.0119;0;0;0.088;0;1.9022;0;0;0;0;0;0;0;0;0;0;0;0;0.0432;0.0128;2.023;2.023;0;52.454;52.454;31.104;0.0414;2067.5;978.46;1;0.0328;0.0328;0;0;0;0;0;0;1.9902;1.9022;0;16.764;19.412;15.763;18.253;98.378;98.378;18.372;16.168;15.202;2.2049;0.9655;0.12;0.0526;0.8274;52.741;0.7772;0
26/03/21 13:00;47.368;32.859;34.675;63.459;26.541;90;26.541;560.1;317.3;242.8;21.43;2.97;0;271.4;228.27;85.319;0;5.6076;590.6;0;590.6;271.4;85.319;228.27;5.6076;0.4595;0.396;0;0.0095;577.39;13.206;0;0;8.3586;4.8477;564.66;8.6958;1.0162;0.3194;7.2115;0.1487;573.35;4.0418;1.8998;0.5972;1.5394;0.0053;566.24;268.48;84.403;211.16;0.6059;319.84;257.79;99.77;2.2562;3.4915;50.224;1.5787;51.46;0;1;0;0;1.0545;0.9776;1;1;0.9634;0.1355;0.9848;0.9962;1;0.967;0.8029;0.993;0.993;1;0.993;0.993;0.9561;0.925;0.1081;1.7736;1.8113;0.0109;0.0024;0.1255;0.0117;0.0415;0.0093;0;0;0.088;0;1.4564;0;0;0;0;0;0;0;0;0;0;0;0;0.0334;0.0075;1.5691;1.5691;0;44.658;44.658;23.228;0.0411;1555.2;1009;1;0.0247;0.0247;0;0;0;0;0;0;1.5444;1.4564;0;16.854;19.516;15.643;18.114;98.423;98.423;14.174;12.54;11.639;1.6341;0.9011;0.1153;0.0636;0.8211;147.08;0.772;0
26/03/21 14:00;39.201;50.206;29.734;46.709;43.291;90;43.291;236.7;229.4;7.3017;22.14;3.39;0;10.032;196.52;2.654;0;6.1191;215.32;0;215.32;10.032;2.654;196.52;6.1191;0.0466;0.9411;0;0.0284;194.22;21.099;0;0;15.428;5.6715;186.98;5.8854;0.0102;0.0027;5.8411;0.0314;192.86;1.3596;0.0702;0.0186;1.2676;0.0031;189.28;9.9511;2.6327;173.98;0.413;148.04;119.32;48.86;10.504;2.0568;29.586;2.2981;21.139;0;1;0;0;0.9097;0.902;1;1;0.9215;0.0731;0.9695;0.999;1;0.9675;0.9293;0.993;0.993;1;0.993;0.993;0.8684;0.8853;0.0675;0.6466;0.6325;0.0038;0.0175;0.0109;0.0042;0.0149;0.0056;0;0;0.088;0;0.4645;0;0;0;0;0;0;0;0;0;0;0;0;0.012;0.0011;0.5624;0.5624;0;29.791;29.791;7.6513;0.0409;539.25;1042.9;1;0.0099;0.0099;0;0;0;0;0;0;0.5525;0.4645;0;16.569;19.186;13.686;15.848;98.248;98.248;5.1677;4.4947;3.7126;0.6731;0.782;0.1302;0.1513;0.7184;144.02;0.6514;0
26/03/21 15:00;28.924;63.425;23.052;31.71;58.29;90;58.29;199.51;191.7;7.8042;21.65;3.16;0;14.848;144.51;4.2898;0;8.991;172.64;0;172.64;14.848;4.2898;144.51;8.991;0.086;0.8891;0;0.0521;146.72;25.918;0;0;17.477;8.4409;141.25;4.4468;0.0117;0.0034;4.4002;0.0315;145.7;1.0271;0.1039;0.03;0.8893;0.0039;145.02;14.732;4.2564;121.75;0.5148;125.53;101.18;44.276;21.793;2.3967;34.475;3.7746;15.079;0;1;0;0;0.8653;0.8499;1;1;0.8791;0.0612;0.9695;0.9992;1;0.9651;0.9424;0.993;0.993;1;0.993;0.993;0.8182;0.8425;0.0573;0.5184;0.5095;0.0031;0.018;0.0045;0.0034;0.012;0.0065;0;0;0.088;0;0.3548;0;0;0;0;0;0;0;0;0;0;0;0;0.0097;0.0008;0.4515;0.4515;0;27.433;27.433;5.783;0.0409;433.16;1042.3;1;0.0087;0.0087;0;0;0;0;0;0;0.4428;0.3548;0;16.589;19.21;13.037;15.097;98.081;98.081;4.1434;3.6081;2.8356;0.5352;0.7725;0.1292;0.1864;0.6844;123.33;0.5954;0
26/03/21 16:00;17.496;74.005;43.184;18.156;30.933;90;30.933;129.3;124.5;4.8018;21.39;1.97;0;11.646;114.3;3.5152;0;1.747;131.21;0;131.21;11.646;3.5152;114.3;1.747;0.0888;0.8844;0;0.0133;124.32;6.8855;0;0;5.343;1.5425;119.77;3.6812;0.1012;0.0305;3.5146;0.035;123.45;0.8702;0.0815;0.0246;0.7627;0.0014;120.31;11.463;3.4601;104.68;0.1682;75.857;61.141;23.801;1.9245;0.9094;13.081;0.5386;12.066;0;1;0;0;1.0147;0.9475;1;1;0.9533;0.1171;0.9702;0.9913;1;0.9675;0.8279;0.993;0.993;1;0.993;0.993;0.9128;0.9158;0.0963;0.394;0.3899;0.0023;0.0179;0.0018;0.0026;0.0091;0.0025;0;0;0.088;0;0.2503;0;0;0;0;0;0;0;0;0;0;0;0;0.0074;0.0005;0.3458;0.3458;0;26.297;26.297;4.9065;0.041;332.32;1040.6;1;0.0075;0.0075;0;0;0;0;0;0;0.3383;0.2503;0;16.719;19.361;12.101;14.012;97.823;97.823;3.1489;2.7637;2.0002;0.3853;0.7635;0.1223;0.2424;0.6352;75.827;0.5911;0
26/03/21 17:00;5.8868;82.871;75.597;5.9324;8.5844;90;8.5844;13.498;13.397;0.1016;20.08;1.5901;0;0.2464;13.312;0.0235;0;0.0144;13.596;0;13.596;0.2464;0.0235;13.312;0.0144;0.0181;0.9802;0;0.0011;13.509;0.087;0;0;0.075;0.012;12.813;0.6018;0.0484;0.0046;0.5483;0.0005;13.415;0.0946;0.0017;0.0002;0.0927;0;12.815;0.1963;0.0187;12.596;0.0018;7.9546;6.4114;2.3528;0.0021;0.0917;1.3188;0.0022;1.4083;0;1;0;0;1.0073;0.9936;1;1;0.9944;0.1648;0.9551;0.8022;1;0.9583;0.7751;0.993;0.993;1;0.993;0.993;0.9424;0.9462;0.1268;0.0408;0.0414;0.0002;0.0071;-0.0007;0.0002;0.0009;0.0002;0;0;0.088;0;-0.0581;0;0;0;0;0;0;0;0;0;0;0;0;0.0007;0;0.0326;0.0326;0;20.618;20.618;0.5383;0.042;33.724;967.03;1;0.0027;0.0027;0;0;0;0;0;0;0.0299;-0.0581;0;15.216;17.619;-27.087;-31.366;91.821;91.821;0.3263;0.2606;-0.464;0.0657;0.7246;0.2013;2.2206;0;7.954;0;0
26/03/21 18:00;0;0;90;0;0;90;0;0;0;0;17.86;1.3501;0;0;0;0;0;0;0;0;0;0;0;0;0;1;1;1;1;0;0;0;0;0;0;0;0;0;0;0;0;0;0;0;0;0;0;0;0;0;0;0;0;0;0;0;0;0;0;0;0;0;0;0;1;1;1;1;1;1;1;1;1;1;1;1;1;1;1;1;1;1;1;0;0;0;0;0;0;0;0;0;0.0004;0.088;0;-0.0884;0;0;0;0;0;0;0;0;0;0;0;0;0;0;0;0;0;0;0;-17.86;0;0;0;0;0.0004;0;0;0;0;0;0;0;-0.0004;-0.0884;0;0;0;0;0;0;0;0;0;-0.7063;0;0.7063;1;1;0;0;0;0
26/03/21 19:00;0;0;90;0;0;90;0;0;0;0;15.6;1.33;0;0;0;0;0;0;0;0;0;0;0;0;0;1;1;1;1;0;0;0;0;0;0;0;0;0;0;0;0;0;0;0;0;0;0;0;0;0;0;0;0;0;0;0;0;0;0;0;0;0;0;0;1;1;1;1;1;1;1;1;1;1;1;1;1;1;1;1;1;1;1;0;0;0;0;0;0;0;0;0;0.0004;0.088;0;-0.0884;0;0;0;0;0;0;0;0;0;0;0;0;0;0;0;0;0;0;0;-15.6;0;0;0;0;0.0004;0;0;0;0;0;0;0;-0.0004;-0.0884;0;0;0;0;0;0;0;0;0;-0.7063;0;0.7063;1;1;0;0;0;0
26/03/21 20:00;0;0;90;0;0;90;0;0;0;0;15.3;1.39;0;0;0;0;0;0;0;0;0;0;0;0;0;1;1;1;1;0;0;0;0;0;0;0;0;0;0;0;0;0;0;0;0;0;0;0;0;0;0;0;0;0;0;0;0;0;0;0;0;0;0;0;1;1;1;1;1;1;1;1;1;1;1;1;1;1;1;1;1;1;1;0;0;0;0;0;0;0;0;0;0.0004;0.088;0;-0.0884;0;0;0;0;0;0;0;0;0;0;0;0;0;0;0;0;0;0;0;-15.3;0;0;0;0;0.0004;0;0;0;0;0;0;0;-0.0004;-0.0884;0;0;0;0;0;0;0;0;0;-0.7063;0;0.7063;1;1;0;0;0;0
26/03/21 21:00;0;0;90;0;0;90;0;0;0;0;16.22;1.57;0;0;0;0;0;0;0;0;0;0;0;0;0;1;1;1;1;0;0;0;0;0;0;0;0;0;0;0;0;0;0;0;0;0;0;0;0;0;0;0;0;0;0;0;0;0;0;0;0;0;0;0;1;1;1;1;1;1;1;1;1;1;1;1;1;1;1;1;1;1;1;0;0;0;0;0;0;0;0;0;0.0004;0.088;0;-0.0884;0;0;0;0;0;0;0;0;0;0;0;0;0;0;0;0;0;0;0;-16.22;0;0;0;0;0.0004;0;0;0;0;0;0;0;-0.0004;-0.0884;0;0;0;0;0;0;0;0;0;-0.7063;0;0.7063;1;1;0;0;0;0
26/03/21 22:00;0;0;90;0;0;90;0;0;0;0;15.6;1.81;0;0;0;0;0;0;0;0;0;0;0;0;0;1;1;1;1;0;0;0;0;0;0;0;0;0;0;0;0;0;0;0;0;0;0;0;0;0;0;0;0;0;0;0;0;0;0;0;0;0;0;0;1;1;1;1;1;1;1;1;1;1;1;1;1;1;1;1;1;1;1;0;0;0;0;0;0;0;0;0;0.0004;0.088;0;-0.0884;0;0;0;0;0;0;0;0;0;0;0;0;0;0;0;0;0;0;0;-15.6;0;0;0;0;0.0004;0;0;0;0;0;0;0;-0.0004;-0.0884;0;0;0;0;0;0;0;0;0;-0.7063;0;0.7063;1;1;0;0;0;0
26/03/21 23:00;0;0;90;0;0;90;0;0;0;0;15;2.0799;0;0;0;0;0;0;0;0;0;0;0;0;0;1;1;1;1;0;0;0;0;0;0;0;0;0;0;0;0;0;0;0;0;0;0;0;0;0;0;0;0;0;0;0;0;0;0;0;0;0;0;0;1;1;1;1;1;1;1;1;1;1;1;1;1;1;1;1;1;1;1;0;0;0;0;0;0;0;0;0;0.0004;0.088;0;-0.0884;0;0;0;0;0;0;0;0;0;0;0;0;0;0;0;0;0;0;0;-15;0;0;0;0;0.0004;0;0;0;0;0;0;0;-0.0004;-0.0884;0;0;0;0;0;0;0;0;0;-0.7063;0;0.7063;1;1;0;0;0;0
27/03/21 00:00;0;0;90;0;0;90;0;0;0;0;15.2;2.26;0;0;0;0;0;0;0;0;0;0;0;0;0;1;1;1;1;0;0;0;0;0;0;0;0;0;0;0;0;0;0;0;0;0;0;0;0;0;0;0;0;0;0;0;0;0;0;0;0;0;0;0;1;1;1;1;1;1;1;1;1;1;1;1;1;1;1;1;1;1;1;0;0;0;0;0;0;0;0;0;0.0004;0.088;0;-0.0884;0;0;0;0;0;0;0;0;0;0;0;0;0;0;0;0;0;0;0;-15.2;0;0;0;0;0.0004;0;0;0;0;0;0;0;-0.0004;-0.0884;0;0;0;0;0;0;0;0;0;-0.7063;0;0.7063;1;1;0;0;0;0
27/03/21 01:00;0;0;90;0;0;90;0;0;0;0;14.58;2.3199;0;0;0;0;0;0;0;0;0;0;0;0;0;1;1;1;1;0;0;0;0;0;0;0;0;0;0;0;0;0;0;0;0;0;0;0;0;0;0;0;0;0;0;0;0;0;0;0;0;0;0;0;1;1;1;1;1;1;1;1;1;1;1;1;1;1;1;1;1;1;1;0;0;0;0;0;0;0;0;0;0.0004;0.088;0;-0.0884;0;0;0;0;0;0;0;0;0;0;0;0;0;0;0;0;0;0;0;-14.58;0;0;0;0;0.0004;0;0;0;0;0;0;0;-0.0004;-0.0884;0;0;0;0;0;0;0;0;0;-0.7063;0;0.7063;1;1;0;0;0;0
27/03/21 02:00;0;0;90;0;0;90;0;0;0;0;13.47;2.43;0;0;0;0;0;0;0;0;0;0;0;0;0;1;1;1;1;0;0;0;0;0;0;0;0;0;0;0;0;0;0;0;0;0;0;0;0;0;0;0;0;0;0;0;0;0;0;0;0;0;0;0;1;1;1;1;1;1;1;1;1;1;1;1;1;1;1;1;1;1;1;0;0;0;0;0;0;0;0;0;0.0004;0.088;0;-0.0884;0;0;0;0;0;0;0;0;0;0;0;0;0;0;0;0;0;0;0;-13.47;0;0;0;0;0.0004;0;0;0;0;0;0;0;-0.0004;-0.0884;0;0;0;0;0;0;0;0;0;-0.7063;0;0.7063;1;1;0;0;0;0
27/03/21 03:00;0;0;90;0;0;90;0;0;0;0;12.34;2.5401;0;0;0;0;0;0;0;0;0;0;0;0;0;1;1;1;1;0;0;0;0;0;0;0;0;0;0;0;0;0;0;0;0;0;0;0;0;0;0;0;0;0;0;0;0;0;0;0;0;0;0;0;1;1;1;1;1;1;1;1;1;1;1;1;1;1;1;1;1;1;1;0;0;0;0;0;0;0;0;0;0.0004;0.088;0;-0.0884;0;0;0;0;0;0;0;0;0;0;0;0;0;0;0;0;0;0;0;-12.34;0;0;0;0;0.0004;0;0;0;0;0;0;0;-0.0004;-0.0884;0;0;0;0;0;0;0;0;0;-0.7063;0;0.7063;1;1;0;0;0;0
27/03/21 04:00;0;0;90;0;0;90;0;0;0;0;12.2;2.66;0;0;0;0;0;0;0;0;0;0;0;0;0;1;1;1;1;0;0;0;0;0;0;0;0;0;0;0;0;0;0;0;0;0;0;0;0;0;0;0;0;0;0;0;0;0;0;0;0;0;0;0;1;1;1;1;1;1;1;1;1;1;1;1;1;1;1;1;1;1;1;0;0;0;0;0;0;0;0;0;0.0004;0.088;0;-0.0884;0;0;0;0;0;0;0;0;0;0;0;0;0;0;0;0;0;0;0;-12.2;0;0;0;0;0.0004;0;0;0;0;0;0;0;-0.0004;-0.0884;0;0;0;0;0;0;0;0;0;-0.7063;0;0.7063;1;1;0;0;0;0
27/03/21 05:00;0;0;90;0;0;90;0;0;0;0;12.7;2.65;0;0;0;0;0;0;0;0;0;0;0;0;0;1;1;1;1;0;0;0;0;0;0;0;0;0;0;0;0;0;0;0;0;0;0;0;0;0;0;0;0;0;0;0;0;0;0;0;0;0;0;0;1;1;1;1;1;1;1;1;1;1;1;1;1;1;1;1;1;1;1;0;0;0;0;0;0;0;0;0;0.0004;0.088;0;-0.0884;0;0;0;0;0;0;0;0;0;0;0;0;0;0;0;0;0;0;0;-12.7;0;0;0;0;0.0004;0;0;0;0;0;0;0;-0.0004;-0.0884;0;0;0;0;0;0;0;0;0;-0.7063;0;0.7063;1;1;0;0;0;0
27/03/21 06:00;5.0418;-82.996;77.693;5.0795;7.3202;-90;-7.3202;30.494;27.798;2.6951;13.53;3.4399;0;6.5364;27.066;1.5079;0;0.0236;35.134;0;35.134;6.5364;1.5079;27.066;0.0236;0.186;0.771;0;0.0007;34.997;0.1367;0;0;0.117;0.0197;31.632;3.1205;1.6122;0.3719;1.1355;0.0009;34.752;0.245;0.0458;0.0106;0.1886;0;31.634;4.8785;1.1254;25.625;0.003;16.148;13.015;4.7736;0.0022;0.1861;2.6776;0.0027;2.8616;0;1;0;0;1.1522;0.9961;1;1;0.9957;0.1654;0.9102;0.7516;1;0.9576;0.7758;0.993;0.993;1;0.993;0.993;0.9003;0.9468;0.1274;0.1055;0.1009;0.0006;0.0113;-0.0038;0.0006;0.0023;0.0005;0;0;0.088;0;-0.0049;0;0;0;0;0;0;0;0;0;0;0;0;0.0019;0.0001;0.0874;0.0874;0;14.833;14.833;1.3032;0.0412;84.584;1033.6;1;0.0043;0.0043;0;0;0;0;0;0;0.0831;-0.0049;0;15.785;18.279;-0.8759;-1.0142;95.108;95.108;0.8432;0.6987;-0.0388;0.1445;0.7375;0.1714;0.8746;0;16.132;0;0
27/03/21 07:00;15.869;-74.811;48.457;16.413;26.846;-90;-26.846;169.31;99.699;69.607;16.5;3.5099;0;168.82;76.814;44.891;0;1.7335;292.26;0;292.26;168.82;44.891;76.814;1.7335;0.5776;0.2688;0;0.0059;287.9;4.3561;0;0;2.8594;1.4967;280.91;4.9781;1.9832;0.5274;2.4218;0.0457;285.88;2.0153;1.1817;0.3142;0.5177;0.0017;281.17;165.65;44.05;71.016;0.1895;50.018;40.315;15.194;0.7902;0.601;8.6454;0.2605;8.4562;0;1;0;0;1.7262;0.9851;1;1;0.9628;0.1366;0.9826;0.9882;1;0.967;0.8058;0.993;0.993;1;0.993;0.993;0.9612;0.9245;0.1093;0.8776;0.8651;0.0052;0.0152;0.0091;0.0058;0.0207;0.0017;0;0;0.088;0;0.6874;0;0;0;0;0;0;0;0;0;0;0;0;0.0167;0.002;0.7887;0.7887;0;27.94;27.94;11.44;0.0407;740.52;1065;1;0.0132;0.0132;0;0;0;0;0;0;0.7754;0.6874;0;17.119;19.823;14.921;17.278;98.32;98.32;7.0141;6.3031;5.4939;0.711;0.8092;0.1014;0.1154;0.7833;49.587;0.7663;0
27/03/21 08:00;27.366;-64.449;22.523;29.843;60;-90;-60;371.9;131.3;240.6;18.05;3.64;0;483.49;60.884;100.73;0;17.665;662.77;0;662.77;483.49;100.73;60.884;17.665;0.7295;0.1185;0;0.0267;638.58;24.194;0;0;7.6622;16.531;631.71;2.3946;0.3735;0.0778;1.8686;0.0747;634.11;4.47;3.3845;0.7051;0.3726;0.0079;635.15;479.74;99.945;50.981;1.0513;104.03;83.85;35.12;10.183;1.5764;22.676;3.4325;14.069;0;1;0;0;1.7821;0.9635;1;1;0.8742;0.0642;0.9962;0.9992;1;0.9646;0.9337;0.993;0.993;1;0.993;0.993;0.9531;0.8373;0.0595;1.9903;1.9608;0.0118;0.0008;0.131;0.0127;0.0451;0.0042;0;0;0.088;0;1.5945;0;0;0;0;0;0;0;0;0;0;0;0;0.0363;0.0087;1.7101;1.7101;0;44.011;44.011;25.962;0.0411;1685.7;1014.5;1;0.0275;0.0275;0;0;0;0;0;0;1.6825;1.5945;0;16.368;18.954;15.262;17.673;98.389;98.389;15.906;13.667;12.744;2.2394;0.9235;0.1408;0.0581;0.8012;53.018;0.7812;0
27/03/21 09:00;37.781;-51.623;29.385;44.677;45.323;-90;-45.323;275.81;251.1;24.711;19;5.13;0;35.146;207.53;10.506;0;7.779;260.96;0;260.96;35.146;10.506;207.53;7.779;0.1347;0.8251;0;0.0298;236.35;24.61;0;0;17.389;7.2213;228.46;6.2379;0.0354;0.0106;6.1597;0.0322;234.7;1.6545;0.246;0.0735;1.331;0.0039;231.35;34.864;10.422;182.65;0.5216;168.28;135.64;55.812;12.991;2.3886;34.36;2.8908;23.757;0;1;0;0;0.9462;0.9057;1;1;0.9162;0.0717;0.9734;0.999;1;0.9674;0.9418;0.993;0.993;1;0.993;0.993;0.8755;0.8801;0.0671;0.7837;0.7692;0.0046;0.0163;0.0091;0.0052;0.0184;0.0066;0;0;0.088;0;0.5929;0;0;0;0;0;0;0;0;0;0;0;0;0.0148;0.0016;0.6927;0.6927;0;28.322;28.322;9.3216;0.0408;656.11;1055.8;1;0.0118;0.0118;0;0;0;0;0;0;0.6809;0.5929;0;16.839;19.499;14.413;16.69;98.297;98.297;6.2631;5.5361;4.7385;0.727;0.7976;0.1161;0.1273;0.7566;154.92;0.6887;0
27/03/21 10:00;46.217;-34.883;34.583;61.273;28.728;-90;-28.728;253.6;245.7;7.895;20.62;6.09;0;9.0031;228.74;2.2347;0;2.9653;242.95;0;242.95;9.0031;2.2347;228.74;2.9653;0.0371;0.9537;0;0.0122;230.87;12.072;0;0;9.4888;2.5834;222.02;7.234;0.0332;0.0082;7.1227;0.0698;229.26;1.6161;0.063;0.0156;1.5348;0.0027;222.95;8.9069;2.2108;210.6;0.3094;154.71;124.7;48.139;2.9803;1.8196;26.174;0.923;25.014;0;1;0;0;0.958;0.9503;1;1;0.9585;0.1288;0.9684;0.9963;1;0.9673;0.8158;0.993;0.993;1;0.993;0.993;0.9139;0.9207;0.1043;0.7296;0.7267;0.0044;0.0167;0.0122;0.0049;0.0172;0.005;0;0;0.088;0;0.5519;0;0;0;0;0;0;0;0;0;0;0;0;0.0139;0.0015;0.651;0.651;0;29.691;29.691;9.0716;0.0409;620.37;1049.4;1;0.0111;0.0111;0;0;0;0;0;0;0.6399;0.5519;0;16.999;19.684;14.41;16.686;98.288;98.288;5.8307;5.2028;4.4104;0.6279;0.7924;0.1077;0.1359;0.7564;149.47;0.7;0
27/03/21 11:00;51.277;-13.391;37.485;79.48;10.52;-90;-10.52;786.5;149.9;636.6;22.33;6.5201;0;647.48;60.183;90.734;0;1.2559;799.66;0;799.66;647.48;90.734;60.183;1.2559;0.8097;0.0768;0;0.0016;798.13;1.5212;0;0;0.4743;1.0469;786.13;6.4194;3.4808;0.4878;2.4042;0.0466;792.55;5.5869;4.5324;0.6351;0.418;0.0015;786.37;639.47;89.611;56.887;0.1609;459.04;369.99;144.19;0.0215;4.7372;68.142;0.2457;72.858;0;1;0;0;1.0167;0.9981;1;1;0.9921;0.1664;0.9919;0.9946;1;0.9595;0.7752;0.993;0.993;1;0.993;0.993;0.9831;0.9452;0.1281;2.4014;2.5121;0.0151;-0.0022;0.2644;0.0156;0.0555;0.0121;0;0;0.088;0;1.971;0;0;0;0;0;0;0;0;0;0;0;0;0.0447;0.0139;2.0929;2.0929;0;54.917;54.917;32.587;0.0415;2161.1;968.46;1;0.0339;0.0339;0;0;0;0;0;0;2.059;1.971;0;16.603;19.226;15.636;18.106;98.379;98.379;19.192;16.726;15.752;2.4653;0.9745;0.1285;0.0508;0.8208;36.123;0.7715;0
27/03/21 12:00;51.564;10.739;37.644;81.588;8.4121;90;8.4121;578.5;337.5;241;21.77;6.51;0;243.62;260.36;76.556;0;0.5913;581.13;0;581.13;243.62;76.556;260.36;0.5913;0.4192;0.449;0;0.001;579.21;1.9132;0;0;1.4194;0.4938;562.63;12.524;1.3322;0.4186;10.751;0.0218;575.16;4.0545;1.7053;0.5359;1.8126;0.0007;562.73;240.58;75.602;246.38;0.075;340.87;274.74;104.63;0.038;3.6776;52.9;0.0964;56.54;0;1;0;0;1.0045;0.9967;1;1;0.9945;0.1648;0.9782;0.9945;1;0.9582;0.7751;0.993;0.993;1;0.993;0.993;0.9682;0.9463;0.1268;1.7451;1.8064;0.0109;0.0024;0.1269;0.0117;0.0414;0.0098;0;0;0.088;0;1.4501;0;0;0;0;0;0;0;0;0;0;0;0;0.0333;0.0075;1.5627;1.5627;0;44.92;44.92;23.15;0.0411;1550.7;1007.7;1;0.0246;0.0246;0;0;0;0;0;0;1.5381;1.4501;0;17.058;19.753;15.829;18.33;98.426;98.426;13.947;12.489;11.589;1.458;0.8999;0.1045;0.0645;0.8309;155.51;0.7779;0
27/03/21 13:00;46.982;32.709;35.033;63.242;26.758;90;26.758;385.01;336.4;48.605;22.04;6.57;0;54.434;302.95;18.267;0;3.9168;379.57;0;379.57;54.434;18.267;302.95;3.9168;0.1434;0.8085;0;0.0103;364.94;14.628;0;0;11.239;3.3894;352.44;9.9459;0.2151;0.0722;9.5559;0.1027;362.39;2.5546;0.381;0.1279;2.042;0.0037;353.6;53.838;18.067;280.12;0.421;230.55;185.82;71.374;3.0801;2.6465;38.069;1.1615;37.635;0;1;0;0;0.9859;0.9615;1;1;0.9629;0.1346;0.9726;0.996;1;0.967;0.804;0.993;0.993;1;0.993;0.993;0.9285;0.9246;0.1075;1.1399;1.1453;0.0069;0.0114;0.0468;0.0076;0.0268;0.0072;0;0;0.088;0;0.9096;0;0;0;0;0;0;0;0;0;0;0;0;0.0216;0.0032;1.0138;1.0138;0;36.475;36.475;14.435;0.041;981.84;1032.5;1;0.0162;0.0162;0;0;0;0;0;0;0.9976;0.9096;0;16.943;19.62;15.202;17.604;98.407;98.407;9.1097;8.1022;7.2698;1.0075;0.8324;0.1106;0.0914;0.798;195.46;0.7423;0
27/03/21 14:00;38.846;49.969;30.062;46.446;43.554;90;43.554;564;212.2;351.81;21.76;6.3799;0;485.44;108.13;119.78;0;14.75;728.1;0;728.1;485.44;119.78;108.13;14.75;0.6667;0.1688;0;0.0203;705.85;22.243;0;0;8.5645;13.678;696.98;3.9313;0.5171;0.1276;3.2131;0.0735;700.91;4.941;3.3981;0.8384;0.697;0.0075;701.21;481.52;118.81;95.659;0.9904;269.72;217.4;85.398;5.9046;3.1224;44.915;4.2295;42.133;0;1;0;0;1.2909;0.9695;1;1;0.9208;0.0726;0.9944;0.9989;1;0.9675;0.9309;0.993;0.993;1;0.993;0.993;0.9573;0.8846;0.0671;2.1865;2.2067;0.0133;-0.0011;0.1985;0.014;0.0496;0.0081;0;0;0.088;0;1.7554;0;0;0;0;0;0;0;0;0;0;0;0;0.0399;0.0109;1.8736;1.8736;0;50.553;50.553;28.793;0.0413;1898;987.16;1;0.0301;0.0301;0;0;0;0;0;0;1.8434;1.7554;0;16.324;18.903;15.294;17.711;98.391;98.391;17.474;14.974;14.029;2.5006;0.9442;0.1431;0.054;0.8029;79.43;0.7674;0
27/03/21 15:00;28.599;63.16;23.354;31.425;58.575;90;58.575;396.81;206.7;190.1;23.11;5.47;0;364.61;111.69;114.83;0;18.042;609.18;0;609.18;364.61;114.83;111.69;18.042;0.5985;0.213;0;0.0296;578.64;30.54;0;0;13.603;16.936;570.73;3.8542;0.2921;0.092;3.4051;0.065;574.59;4.0505;2.5523;0.8038;0.6866;0.0077;575.42;361.77;113.94;93.998;1.0331;148.89;120.01;49.782;17.141;2.4543;35.305;4.69;20.618;0;1;0;0;1.5352;0.9499;1;1;0.8782;0.0613;0.9933;0.9992;1;0.965;0.9408;0.993;0.993;1;0.993;0.993;0.9369;0.8416;0.0573;1.8294;1.8075;0.0109;0.0024;0.138;0.0116;0.0411;0.0065;0;0;0.088;0;1.4441;0;0;0;0;0;0;0;0;0;0;0;0;0.0331;0.0075;1.5565;1.5565;0;46.625;46.625;23.515;0.0412;1553.3;1002.1;1;0.0244;0.0244;0;0;0;0;0;0;1.5321;1.4441;0;16.209;18.769;15.038;17.414;98.433;98.433;14.62;12.44;11.541;2.1807;0.8982;0.1492;0.0614;0.7894;95.632;0.7566;0
27/03/21 16:00;17.192;73.733;44.205;17.864;30.208;90;30.208;140.3;132.7;7.5978;22.53;4.27;0;18.427;121.37;6.0336;0;1.8099;147.64;0;147.64;18.427;6.0336;121.37;1.8099;0.1248;0.8343;0;0.0123;140.58;7.0563;0;0;5.4639;1.5924;135.59;4.0115;0.171;0.056;3.7464;0.0382;139.6;0.9841;0.129;0.0422;0.8113;0.0015;136.13;18.127;5.9354;111.35;0.1778;80.161;64.61;25.081;1.8827;0.9558;13.748;0.5381;12.822;0;1;0;0;1.0523;0.9522;1;1;0.955;0.1202;0.9713;0.9907;1;0.9674;0.8232;0.993;0.993;1;0.993;0.993;0.9184;0.9174;0.0982;0.4434;0.439;0.0026;0.018;0.0049;0.0029;0.0103;0.0026;0;0;0.088;0;0.2928;0;0;0;0;0;0;0;0;0;0;0;0;0.0083;0.0006;0.3887;0.3887;0;28.087;28.087;5.5565;0.041;374.47;1038.1;1;0.008;0.008;0;0;0;0;0;0;0.3808;0.2928;0;16.702;19.341;12.579;14.566;97.953;97.953;3.5434;3.1067;2.3398;0.4367;0.7669;0.1232;0.2164;0.6603;80.112;0.6173;0
27/03/21 17:00;5.7965;82.452;75.822;5.8468;8.4569;90;8.4569;60.694;56.202;4.4915;21.42;3.56;0;10.893;54.084;4.4211;0;0.0627;69.461;0;69.461;10.893;4.4211;54.084;0.0627;0.1568;0.7795;0;0.0009;69.111;0.3498;0;0;0.2974;0.0524;63.311;5.3161;2.1922;0.8897;2.2318;0.0023;68.627;0.4838;0.0763;0.0309;0.3765;0.0001;63.32;8.6248;3.5005;51.178;0.008;32.337;26.064;9.5687;0.008;0.3724;5.3569;0.0085;5.7213;0;1;0;0;1.1444;0.995;1;1;0.9945;0.1648;0.9225;0.7973;1;0.9582;0.7751;0.993;0.993;1;0.993;0.993;0.9115;0.9463;0.1268;0.2086;0.202;0.0012;0.0152;-0.0007;0.0013;0.0046;0.001;0;0;0.088;0;0.0816;0;0;0;0;0;0;0;0;0;0;0;0;0.0037;0.0002;0.1755;0.1755;0;24.026;24.026;2.6062;0.0412;171.37;1024.1;1;0.0059;0.0059;0;0;0;0;0;0;0.1696;0.0816;0;16.028;18.56;7.4507;8.6277;96.63;96.63;1.6671;1.4026;0.652;0.2645;0.7506;0.1587;0.4502;0.3911;32.307;0.3698;0
27/03/21 18:00;0;0;90;0;0;90;0;0;0;0;18.85;3.1001;0;0;0;0;0;0;0;0;0;0;0;0;0;1;1;1;1;0;0;0;0;0;0;0;0;0;0;0;0;0;0;0;0;0;0;0;0;0;0;0;0;0;0;0;0;0;0;0;0;0;0;0;1;1;1;1;1;1;1;1;1;1;1;1;1;1;1;1;1;1;1;0;0;0;0;0;0;0;0;0;0.0004;0.088;0;-0.0884;0;0;0;0;0;0;0;0;0;0;0;0;0;0;0;0;0;0;0;-18.85;0;0;0;0;0.0004;0;0;0;0;0;0;0;-0.0004;-0.0884;0;0;0;0;0;0;0;0;0;-0.7063;0;0.7063;1;1;0;0;0;0
27/03/21 19:00;0;0;90;0;0;90;0;0;0;0;17.3;2.7701;0;0;0;0;0;0;0;0;0;0;0;0;0;1;1;1;1;0;0;0;0;0;0;0;0;0;0;0;0;0;0;0;0;0;0;0;0;0;0;0;0;0;0;0;0;0;0;0;0;0;0;0;1;1;1;1;1;1;1;1;1;1;1;1;1;1;1;1;1;1;1;0;0;0;0;0;0;0;0;0;0.0004;0.088;0;-0.0884;0;0;0;0;0;0;0;0;0;0;0;0;0;0;0;0;0;0;0;-17.3;0;0;0;0;0.0004;0;0;0;0;0;0;0;-0.0004;-0.0884;0;0;0;0;0;0;0;0;0;-0.7063;0;0.7063;1;1;0;0;0;0
27/03/21 20:00;0;0;90;0;0;90;0;0;0;0;15.26;2.58;0;0;0;0;0;0;0;0;0;0;0;0;0;1;1;1;1;0;0;0;0;0;0;0;0;0;0;0;0;0;0;0;0;0;0;0;0;0;0;0;0;0;0;0;0;0;0;0;0;0;0;0;1;1;1;1;1;1;1;1;1;1;1;1;1;1;1;1;1;1;1;0;0;0;0;0;0;0;0;0;0.0004;0.088;0;-0.0884;0;0;0;0;0;0;0;0;0;0;0;0;0;0;0;0;0;0;0;-15.26;0;0;0;0;0.0004;0;0;0;0;0;0;0;-0.0004;-0.0884;0;0;0;0;0;0;0;0;0;-0.7063;0;0.7063;1;1;0;0;0;0
27/03/21 21:00;0;0;90;0;0;90;0;0;0;0;13.84;2.5;0;0;0;0;0;0;0;0;0;0;0;0;0;1;1;1;1;0;0;0;0;0;0;0;0;0;0;0;0;0;0;0;0;0;0;0;0;0;0;0;0;0;0;0;0;0;0;0;0;0;0;0;1;1;1;1;1;1;1;1;1;1;1;1;1;1;1;1;1;1;1;0;0;0;0;0;0;0;0;0;0.0004;0.088;0;-0.0884;0;0;0;0;0;0;0;0;0;0;0;0;0;0;0;0;0;0;0;-13.84;0;0;0;0;0.0004;0;0;0;0;0;0;0;-0.0004;-0.0884;0;0;0;0;0;0;0;0;0;-0.7063;0;0.7063;1;1;0;0;0;0
27/03/21 22:00;0;0;90;0;0;90;0;0;0;0;13.2;2.41;0;0;0;0;0;0;0;0;0;0;0;0;0;1;1;1;1;0;0;0;0;0;0;0;0;0;0;0;0;0;0;0;0;0;0;0;0;0;0;0;0;0;0;0;0;0;0;0;0;0;0;0;1;1;1;1;1;1;1;1;1;1;1;1;1;1;1;1;1;1;1;0;0;0;0;0;0;0;0;0;0.0004;0.088;0;-0.0884;0;0;0;0;0;0;0;0;0;0;0;0;0;0;0;0;0;0;0;-13.2;0;0;0;0;0.0004;0;0;0;0;0;0;0;-0.0004;-0.0884;0;0;0;0;0;0;0;0;0;-0.7063;0;0.7063;1;1;0;0;0;0
27/03/21 23:00;0;0;90;0;0;90;0;0;0;0;12.24;2.2399;0;0;0;0;0;0;0;0;0;0;0;0;0;1;1;1;1;0;0;0;0;0;0;0;0;0;0;0;0;0;0;0;0;0;0;0;0;0;0;0;0;0;0;0;0;0;0;0;0;0;0;0;1;1;1;1;1;1;1;1;1;1;1;1;1;1;1;1;1;1;1;0;0;0;0;0;0;0;0;0;0.0004;0.088;0;-0.0884;0;0;0;0;0;0;0;0;0;0;0;0;0;0;0;0;0;0;0;-12.24;0;0;0;0;0.0004;0;0;0;0;0;0;0;-0.0004;-0.0884;0;0;0;0;0;0;0;0;0;-0.7063;0;0.7063;1;1;0;0;0;0
28/03/21 00:00;0;0;90;0;0;90;0;0;0;0;11.63;1.9901;0;0;0;0;0;0;0;0;0;0;0;0;0;1;1;1;1;0;0;0;0;0;0;0;0;0;0;0;0;0;0;0;0;0;0;0;0;0;0;0;0;0;0;0;0;0;0;0;0;0;0;0;1;1;1;1;1;1;1;1;1;1;1;1;1;1;1;1;1;1;1;0;0;0;0;0;0;0;0;0;0.0004;0.088;0;-0.0884;0;0;0;0;0;0;0;0;0;0;0;0;0;0;0;0;0;0;0;-11.63;0;0;0;0;0.0004;0;0;0;0;0;0;0;-0.0004;-0.0884;0;0;0;0;0;0;0;0;0;-0.7063;0;0.7063;1;1;0;0;0;0
28/03/21 01:00;0;0;90;0;0;90;0;0;0;0;10.43;1.63;0;0;0;0;0;0;0;0;0;0;0;0;0;1;1;1;1;0;0;0;0;0;0;0;0;0;0;0;0;0;0;0;0;0;0;0;0;0;0;0;0;0;0;0;0;0;0;0;0;0;0;0;1;1;1;1;1;1;1;1;1;1;1;1;1;1;1;1;1;1;1;0;0;0;0;0;0;0;0;0;0.0004;0.088;0;-0.0884;0;0;0;0;0;0;0;0;0;0;0;0;0;0;0;0;0;0;0;-10.43;0;0;0;0;0.0004;0;0;0;0;0;0;0;-0.0004;-0.0884;0;0;0;0;0;0;0;0;0;-0.7063;0;0.7063;1;1;0;0;0;0
28/03/21 02:00;0;0;90;0;0;90;0;0;0;0;9.5001;1.2099;0;0;0;0;0;0;0;0;0;0;0;0;0;1;1;1;1;0;0;0;0;0;0;0;0;0;0;0;0;0;0;0;0;0;0;0;0;0;0;0;0;0;0;0;0;0;0;0;0;0;0;0;1;1;1;1;1;1;1;1;1;1;1;1;1;1;1;1;1;1;1;0;0;0;0;0;0;0;0;0;0.0004;0.088;0;-0.0884;0;0;0;0;0;0;0;0;0;0;0;0;0;0;0;0;0;0;0;-9.5001;0;0;0;0;0.0004;0;0;0;0;0;0;0;-0.0004;-0.0884;0;0;0;0;0;0;0;0;0;-0.7063;0;0.7063;1;1;0;0;0;0
28/03/21 03:00;0;0;90;0;0;90;0;0;0;0;9.3798;0.7999;0;0;0;0;0;0;0;0;0;0;0;0;0;1;1;1;1;0;0;0;0;0;0;0;0;0;0;0;0;0;0;0;0;0;0;0;0;0;0;0;0;0;0;0;0;0;0;0;0;0;0;0;1;1;1;1;1;1;1;1;1;1;1;1;1;1;1;1;1;1;1;0;0;0;0;0;0;0;0;0;0.0004;0.088;0;-0.0884;0;0;0;0;0;0;0;0;0;0;0;0;0;0;0;0;0;0;0;-9.3798;0;0;0;0;0.0004;0;0;0;0;0;0;0;-0.0004;-0.0884;0;0;0;0;0;0;0;0;0;-0.7063;0;0.7063;1;1;0;0;0;0
28/03/21 04:00;0;0;90;0;0;90;0;0;0;0;8.6599;0.43;0;0;0;0;0;0;0;0;0;0;0;0;0;1;1;1;1;0;0;0;0;0;0;0;0;0;0;0;0;0;0;0;0;0;0;0;0;0;0;0;0;0;0;0;0;0;0;0;0;0;0;0;1;1;1;1;1;1;1;1;1;1;1;1;1;1;1;1;1;1;1;0;0;0;0;0;0;0;0;0;0.0004;0.088;0;-0.0884;0;0;0;0;0;0;0;0;0;0;0;0;0;0;0;0;0;0;0;-8.6599;0;0;0;0;0.0004;0;0;0;0;0;0;0;-0.0004;-0.0884;0;0;0;0;0;0;0;0;0;-0.7063;0;0.7063;1;1;0;0;0;0
28/03/21 05:00;0;0;90;0;0;90;0;0;0;0;8.4797;0.13;0;0;0;0;0;0;0;0;0;0;0;0;0;1;1;1;1;0;0;0;0;0;0;0;0;0;0;0;0;0;0;0;0;0;0;0;0;0;0;0;0;0;0;0;0;0;0;0;0;0;0;0;1;1;1;1;1;1;1;1;1;1;1;1;1;1;1;1;1;1;1;0;0;0;0;0;0;0;0;0;0.0004;0.088;0;-0.0884;0;0;0;0;0;0;0;0;0;0;0;0;0;0;0;0;0;0;0;-8.4797;0;0;0;0;0.0004;0;0;0;0;0;0;0;-0.0004;-0.0884;0;0;0;0;0;0;0;0;0;-0.7063;0;0.7063;1;1;0;0;0;0
28/03/21 06:00;4.8787;-82.631;78.097;4.9191;7.0841;-90;-7.0841;71.907;11.9;60.007;8.5103;0.4601;0;145.53;5.751;14.861;0;0.0521;166.2;0;166.2;145.53;14.861;5.751;0.0521;0.8757;0.0349;0;0.0003;166.13;0.0671;0;0;0.0236;0.0435;123.36;41.604;37.528;3.8321;0.2421;0.0019;164.97;1.1629;1.0187;0.104;0.0401;0.0001;123.36;106.99;10.925;5.4452;0.0066;3.7502;3.0227;1.1652;0.0004;0.0395;0.5688;0.0005;0.608;0;1;0;0;2.3113;0.9996;1;1;0.9959;0.1653;0.7478;0.7403;1;0.9574;0.7759;0.993;0.993;1;0.993;0.993;0.7423;0.9468;0.1273;0.4991;0.3728;0.0022;0.0178;-0.0155;0.0026;0.0091;0.0001;0;0;0.088;0;0.2524;0;0;0;0;0;0;0;0;0;0;0;0;0.0074;0.0005;0.3485;0.3485;0;13.508;13.508;4.9974;0.0405;318.09;1095.7;1;0.0081;0.0081;0;0;0;0;0;0;0.3404;0.2524;0;13.304;15.405;9.6353;11.157;97.675;97.675;3.9887;2.7855;2.0175;1.2032;0.7681;0.3016;0.1926;0.5058;3.4262;0.5045;0
28/03/21 07:00;15.692;-74.44;49.007;16.258;26.508;-90;-26.508;253.89;41.901;211.99;11.7;1.48;0;514.14;16.993;58.123;0;2.5356;591.79;0;591.79;514.14;58.123;16.993;2.5356;0.8688;0.033;0;0.0043;588.98;2.8055;0;0;0.6198;2.1857;577.35;7.5105;6.2041;0.7014;0.537;0.0681;584.86;4.1229;3.599;0.4069;0.1146;0.0024;577.4;504.33;57.015;15.721;0.2794;12.102;9.7544;3.9214;0.1677;0.128;1.8406;0.0539;1.8009;0;1;0;0;2.3309;0.9953;1;1;0.9635;0.138;0.9872;0.9878;1;0.967;0.8041;0.993;0.993;1;0.993;0.993;0.9756;0.9252;0.1102;1.7771;1.7429;0.0105;0.0032;0.0627;0.0117;0.0414;0.0004;0;0;0.088;0;1.4593;0;0;0;0;0;0;0;0;0;0;0;0;0.0333;0.007;1.5728;1.5728;0;35.262;35.262;23.562;0.0408;1499.9;1048.7;1;0.0255;0.0255;0;0;0;0;0;0;1.5473;1.4593;0;16.86;19.523;15.643;18.114;98.376;98.376;14.203;12.57;11.663;1.6328;0.9074;0.115;0.0639;0.8211;10.946;0.8192;0
28/03/21 08:00;27.16;-64.065;22.902;29.705;60;-90;-60;338.2;158.4;179.8;15.67;3.32;0;362.83;84.655;91.878;0;16.065;555.43;0;555.43;362.83;91.878;84.655;16.065;0.6532;0.1813;0;0.0289;529.74;25.687;0;0;10.654;15.033;523.01;3.0232;0.285;0.0722;2.5981;0.0679;526.03;3.7082;2.5398;0.6431;0.518;0.0072;526.71;360.01;91.163;70.885;0.9561;112.48;90.659;38.479;14.157;1.876;26.985;3.7031;14.705;0;1;0;0;1.6423;0.9538;1;1;0.8742;0.0642;0.9943;0.9992;1;0.9646;0.9337;0.993;0.993;1;0.993;0.993;0.9416;0.8373;0.0595;1.668;1.6433;0.0099;0.0044;0.0697;0.0109;0.0387;0.0051;0;0;0.088;0;1.3558;0;0;0;0;0;0;0;0;0;0;0;0;0.0312;0.0063;1.4671;1.4671;0;37.055;37.055;21.385;0.0409;1412.2;1038.9;1;0.0233;0.0233;0;0;0;0;0;0;1.4438;1.3558;0;16.756;19.403;15.485;17.931;98.41;98.41;13.33;11.725;10.835;1.6052;0.8897;0.1204;0.0667;0.8128;73.717;0.7843;0
28/03/21 09:00;37.532;-51.23;29.774;44.576;45.424;-90;-45.424;620.3;103.3;517;18.57;4.0799;0;736.62;33.463;91.147;0;17.569;878.8;0;878.8;736.62;91.147;33.463;17.569;0.8382;0.0581;0;0.02;859.67;19.125;0;0;2.8129;16.312;851.75;1.9105;0.7523;0.0931;0.9932;0.072;853.66;6.0177;5.1563;0.638;0.2146;0.0088;856.13;730.71;90.416;29.443;1.176;266.35;214.68;83.566;2.115;2.8915;41.593;4.3866;42.37;0;1;0;0;1.4167;0.9782;1;1;0.9159;0.0715;0.9978;0.999;1;0.9674;0.9423;0.993;0.993;1;0.993;0.993;0.9692;0.8799;0.0669;2.639;2.6663;0.0161;-0.002;0.27;0.0167;0.0591;0.0074;0;0;0.088;0;2.1103;0;0;0;0;0;0;0;0;0;0;0;0;0.0476;0.0156;2.2358;2.2358;0;53.843;53.843;35.273;0.0414;2295.9;973.83;1;0.0375;0.0375;0;0;0;0;0;0;2.1983;2.1103;0;16.139;18.689;15.233;17.64;98.321;98.321;21.091;17.869;16.865;3.2225;1.0033;0.1528;0.0476;0.7996;25.003;0.7723;0
28/03/21 10:00;45.909;-34.52;34.98;61.234;28.766;-90;-28.766;764.19;125.9;638.29;19.93;4.6001;0;728.15;41.521;93.145;0;8.9594;871.78;0;871.78;728.15;93.145;41.521;8.9594;0.8353;0.0579;0;0.0103;862.25;9.5332;0;0;1.7261;7.8071;851.49;4.7236;2.8553;0.3652;1.2926;0.2105;856.21;6.0357;5.0971;0.652;0.2786;0.0081;853.94;720.2;92.128;38.224;0.9338;410.1;330.54;129.87;0.5456;4.1982;60.389;2.4492;64.042;0;1;0;0;1.1408;0.9891;1;1;0.9584;0.1286;0.9945;0.9961;1;0.9673;0.8161;0.993;0.993;1;0.993;0.993;0.9767;0.9206;0.1042;2.618;2.6993;0.0162;-0.002;0.2866;0.0168;0.0595;0.0107;0;0;0.088;0;2.1217;0;0;0;0;0;0;0;0;0;0;0;0;0.0479;0.016;2.2474;2.2474;0;55.233;55.233;35.303;0.0415;2322.7;967.55;1;0.0377;0.0377;0;0;0;0;0;0;2.2097;2.1217;0;16.353;18.937;15.439;17.878;98.323;98.323;20.923;17.961;16.957;2.9616;1.0045;0.1415;0.048;0.8104;27.139;0.7705;0
28/03/21 11:00;50.908;-13.15;37.882;79.528;10.472;-90;-10.472;947.29;156.3;790.99;20.85;5.04;0;804.39;39.724;118.21;0;1.4989;963.82;0;963.82;804.39;118.21;39.724;1.4989;0.8346;0.0428;0;0.0016;962.26;1.5601;0;0;0.3107;1.2495;948.71;6.8162;4.5096;0.6627;1.5882;0.0557;955.53;6.7358;5.6307;0.8275;0.2759;0.0017;949;794.25;116.72;37.55;0.192;552.53;445.34;173.93;0.0141;5.6768;81.659;0.2934;87.322;0;1;0;0;1.0175;0.9984;1;1;0.9922;0.1664;0.9929;0.9944;1;0.9594;0.7752;0.993;0.993;1;0.993;0.993;0.9843;0.9453;0.1281;2.8944;3.0305;0.0182;0.0002;0.3763;0.0185;0.0654;0.0142;0;0;0.088;0;2.3346;0;0;0;0;0;0;0;0;0;0;0;0;0.0527;0.0198;2.4651;2.4651;0;60.351;60.351;39.501;0.0416;2603.9;946.68;1;0.0425;0.0425;0;0;0;0;0;0;2.4226;2.3346;0;16.225;18.788;15.366;17.793;98.276;98.276;23.132;19.701;18.658;3.4306;1.0429;0.1483;0.0451;0.8066;23.84;0.7585;0
28/03/21 12:00;51.166;10.769;38.026;81.446;8.5544;90;8.5544;948.99;156.6;792.39;21.9;5.31;0;801.31;40.128;117.56;0;1.003;959.99;0;959.99;801.31;117.56;40.128;1.003;0.8347;0.0428;0;0.001;958.93;1.0626;0;0;0.2249;0.8377;945.3;6.919;4.5597;0.6689;1.6535;0.0369;952.22;6.7125;5.6091;0.8229;0.2793;0.0012;945.48;791.14;116.06;37.97;0.1272;555.61;447.82;172.1;0.0065;5.8899;84.724;0.1808;90.607;0;1;0;0;1.0116;0.9989;1;1;0.9944;0.1648;0.9927;0.9943;1;0.9583;0.7751;0.993;0.993;1;0.993;0.993;0.9847;0.9462;0.1268;2.8829;3.0263;0.0182;0.0001;0.386;0.0184;0.0651;0.0147;0;0;0.088;0;2.3215;0;0;0;0;0;0;0;0;0;0;0;0;0.0524;0.0198;2.4516;2.4516;0;61.29;61.29;39.39;0.0417;2600;942.94;1;0.0421;0.0421;0;0;0;0;0;0;2.4095;2.3215;0;16.2;18.76;15.341;17.764;98.284;98.284;23.04;19.593;18.554;3.4466;1.0396;0.1496;0.0451;0.8053;23.975;0.7554;0
28/03/21 13:00;46.596;32.561;35.39;63.023;26.977;90;26.977;348.69;318.1;30.59;20.8;5.3301;0;34.324;291.55;10.967;0;3.6044;340.45;0;340.45;34.324;10.967;291.55;3.6044;0.1008;0.867;0;0.0106;326.37;14.08;0;0;10.957;3.1223;314.62;9.4639;0.1428;0.0456;9.1822;0.0933;324.09;2.2846;0.2403;0.0768;1.9642;0.0034;315.7;33.941;10.845;269.45;0.3854;210.15;169.38;65.042;3.0499;2.4291;34.942;1.0797;34.321;0;1;0;0;0.9764;0.9586;1;1;0.9624;0.1337;0.9708;0.9958;1;0.967;0.805;0.993;0.993;1;0.993;0.993;0.9241;0.9242;0.1069;1.0224;1.0245;0.0062;0.0131;0.0317;0.0068;0.0242;0.0066;0;0;0.088;0;0.8111;0;0;0;0;0;0;0;0;0;0;0;0;0.0195;0.0027;0.9139;0.9139;0;33.665;33.665;12.865;0.0409;877.27;1041.7;1;0.0148;0.0148;0;0;0;0;0;0;0.8991;0.8111;0;17.028;19.718;15.113;17.5;98.382;98.382;8.1708;7.3035;6.482;0.8673;0.8215;0.1061;0.1005;0.7933;188.37;0.7367;0
28/03/21 14:00;38.492;49.736;30.389;46.181;43.819;90;43.819;511.2;253.3;257.9;21.3;5.1701;0;357.43;152.1;106.15;0;13.523;629.21;0;629.21;357.43;106.15;152.1;13.523;0.5681;0.2632;0;0.0215;604.51;24.702;0;0;12.154;12.548;595.11;5.1657;0.4486;0.1332;4.5185;0.0655;600.28;4.2316;2.502;0.7431;0.9796;0.0068;599.11;354.48;105.28;134.45;0.9033;256.28;206.56;82.409;8.4783;3.0709;44.173;3.9971;38.766;0;1;0;0;1.2309;0.9607;1;1;0.9201;0.0721;0.9914;0.9987;1;0.9675;0.9324;0.993;0.993;1;0.993;0.993;0.9458;0.8839;0.0668;1.8895;1.8976;0.0114;0.0014;0.139;0.0122;0.0433;0.0081;0;0;0.088;0;1.5249;0;0;0;0;0;0;0;0;0;0;0;0;0.0349;0.0082;1.6389;1.6389;0;45.799;45.799;24.499;0.0412;1629.6;1005.7;1;0.026;0.026;0;0;0;0;0;0;1.6129;1.5249;0;16.524;19.134;15.374;17.803;98.412;98.412;15.101;13.098;12.187;2.0027;0.9113;0.1326;0.0603;0.807;111.99;0.7667;0
28/03/21 15:00;28.274;62.898;23.655;31.14;58.86;90;58.86;205.41;195.6;9.8058;21.03;4.8599;0;18.962;146.13;5.7139;0;9.4225;180.23;0;180.23;18.962;5.7139;146.13;9.4225;0.1052;0.8631;0;0.0523;153.47;26.768;0;0;17.924;8.8438;147.88;4.5157;0.0154;0.0046;4.4607;0.035;152.39;1.0743;0.1327;0.04;0.8975;0.0041;151.81;18.814;5.6693;122.85;0.5396;128.17;103.31;45.299;22.814;2.4776;35.64;3.9393;15.303;0;1;0;0;0.8774;0.8515;1;1;0.8773;0.0614;0.9704;0.9992;1;0.965;0.9391;0.993;0.993;1;0.993;0.993;0.8205;0.8407;0.0573;0.5412;0.5324;0.0032;0.018;0.004;0.0036;0.0126;0.0068;0;0;0.088;0;0.3763;0;0;0;0;0;0;0;0;0;0;0;0;0.0101;0.0009;0.4733;0.4733;0;27.08;27.08;6.0499;0.0409;452.72;1045.4;1;0.0089;0.0089;0;0;0;0;0;0;0.4643;0.3763;0;16.658;19.289;13.246;15.339;98.114;98.114;4.3256;3.7824;3.0078;0.5432;0.7746;0.1256;0.1791;0.6953;125.53;0.6057;0
28/03/21 16:00;16.888;73.464;45.207;17.573;29.501;90;29.501;118.4;114.9;3.5002;20.24;3.2601;0;8.4889;106.51;2.4501;0;1.4583;118.9;0;118.9;8.4889;2.4501;106.51;1.4583;0.0714;0.908;0;0.0123;113.01;5.896;0;0;4.6173;1.2787;108.78;3.4408;0.0837;0.0242;3.3006;0.0323;112.22;0.7911;0.0594;0.0172;0.7132;0.0013;109.22;8.3458;2.4088;97.875;0.1461;69.982;56.405;21.817;1.5218;0.8316;11.963;0.445;11.272;0;1;0;0;1.0043;0.9504;1;1;0.9566;0.1232;0.9693;0.9901;1;0.9674;0.8188;0.993;0.993;1;0.993;0.993;0.9148;0.919;0.1002;0.3571;0.3542;0.0021;0.0176;-0.0004;0.0023;0.0083;0.0023;0;0;0.088;0;0.2195;0;0;0;0;0;0;0;0;0;0;0;0;0.0067;0.0005;0.3147;0.3147;0;24.694;24.694;4.4543;0.0409;301.64;1043.4;1;0.0072;0.0072;0;0;0;0;0;0;0.3075;0.2195;0;16.792;19.444;11.711;13.561;97.704;97.704;2.8537;2.5154;1.7543;0.3383;0.7611;0.1186;0.2667;0.6148;69.96;0.5717;0
28/03/21 17:00;5.5038;82.18;76.549;5.5552;8.0233;90;8.0233;57.393;53.402;3.9907;19.2;2.92;0;9.6785;51.527;3.9325;0;0.0534;65.191;0;65.191;9.6785;3.9325;51.527;0.0534;0.1485;0.7912;0;0.0008;64.887;0.3044;0;0;0.2599;0.0446;59.328;5.1045;2.1066;0.8559;2.14;0.002;64.433;0.4542;0.0677;0.0275;0.3589;0.0001;59.335;7.5042;3.049;48.768;0.0068;30.78;24.808;9.1037;0.0062;0.3546;5.1012;0.0069;5.4496;0;1;0;0;1.1359;0.9953;1;1;0.995;0.1647;0.9208;0.7808;1;0.958;0.7752;0.993;0.993;1;0.993;0.993;0.9101;0.9465;0.1268;0.1958;0.1895;0.0011;0.0148;-0.0023;0.0012;0.0044;0.0009;0;0;0.088;0;0.0717;0;0;0;0;0;0;0;0;0;0;0;0;0.0035;0.0002;0.1656;0.1656;0;21.639;21.639;2.439;0.0411;160.56;1031.4;1;0.0059;0.0059;0;0;0;0;0;0;0.1597;0.0717;0;16.115;18.661;6.9759;8.0779;96.426;96.426;1.5646;1.3235;0.5729;0.2411;0.7506;0.1541;0.4797;0.3662;30.752;0.3459;0
28/03/21 18:00;0;0;90;0;0;90;0;0;0;0;16.67;2.9301;0;0;0;0;0;0;0;0;0;0;0;0;0;1;1;1;1;0;0;0;0;0;0;0;0;0;0;0;0;0;0;0;0;0;0;0;0;0;0;0;0;0;0;0;0;0;0;0;0;0;0;0;1;1;1;1;1;1;1;1;1;1;1;1;1;1;1;1;1;1;1;0;0;0;0;0;0;0;0;0;0.0004;0.088;0;-0.0884;0;0;0;0;0;0;0;0;0;0;0;0;0;0;0;0;0;0;0;-16.67;0;0;0;0;0.0004;0;0;0;0;0;0;0;-0.0004;-0.0884;0;0;0;0;0;0;0;0;0;-0.7063;0;0.7063;1;1;0;0;0;0
28/03/21 19:00;0;0;90;0;0;90;0;0;0;0;14.65;2.9;0;0;0;0;0;0;0;0;0;0;0;0;0;1;1;1;1;0;0;0;0;0;0;0;0;0;0;0;0;0;0;0;0;0;0;0;0;0;0;0;0;0;0;0;0;0;0;0;0;0;0;0;1;1;1;1;1;1;1;1;1;1;1;1;1;1;1;1;1;1;1;0;0;0;0;0;0;0;0;0;0.0004;0.088;0;-0.0884;0;0;0;0;0;0;0;0;0;0;0;0;0;0;0;0;0;0;0;-14.65;0;0;0;0;0.0004;0;0;0;0;0;0;0;-0.0004;-0.0884;0;0;0;0;0;0;0;0;0;-0.7063;0;0.7063;1;1;0;0;0;0
28/03/21 20:00;0;0;90;0;0;90;0;0;0;0;11.98;2.89;0;0;0;0;0;0;0;0;0;0;0;0;0;1;1;1;1;0;0;0;0;0;0;0;0;0;0;0;0;0;0;0;0;0;0;0;0;0;0;0;0;0;0;0;0;0;0;0;0;0;0;0;1;1;1;1;1;1;1;1;1;1;1;1;1;1;1;1;1;1;1;0;0;0;0;0;0;0;0;0;0.0004;0.088;0;-0.0884;0;0;0;0;0;0;0;0;0;0;0;0;0;0;0;0;0;0;0;-11.98;0;0;0;0;0.0004;0;0;0;0;0;0;0;-0.0004;-0.0884;0;0;0;0;0;0;0;0;0;-0.7063;0;0.7063;1;1;0;0;0;0
28/03/21 21:00;0;0;90;0;0;90;0;0;0;0;10.67;2.91;0;0;0;0;0;0;0;0;0;0;0;0;0;1;1;1;1;0;0;0;0;0;0;0;0;0;0;0;0;0;0;0;0;0;0;0;0;0;0;0;0;0;0;0;0;0;0;0;0;0;0;0;1;1;1;1;1;1;1;1;1;1;1;1;1;1;1;1;1;1;1;0;0;0;0;0;0;0;0;0;0.0004;0.088;0;-0.0884;0;0;0;0;0;0;0;0;0;0;0;0;0;0;0;0;0;0;0;-10.67;0;0;0;0;0.0004;0;0;0;0;0;0;0;-0.0004;-0.0884;0;0;0;0;0;0;0;0;0;-0.7063;0;0.7063;1;1;0;0;0;0
28/03/21 22:00;0;0;90;0;0;90;0;0;0;0;9.7002;2.9;0;0;0;0;0;0;0;0;0;0;0;0;0;1;1;1;1;0;0;0;0;0;0;0;0;0;0;0;0;0;0;0;0;0;0;0;0;0;0;0;0;0;0;0;0;0;0;0;0;0;0;0;1;1;1;1;1;1;1;1;1;1;1;1;1;1;1;1;1;1;1;0;0;0;0;0;0;0;0;0;0.0004;0.088;0;-0.0884;0;0;0;0;0;0;0;0;0;0;0;0;0;0;0;0;0;0;0;-9.7002;0;0;0;0;0.0004;0;0;0;0;0;0;0;-0.0004;-0.0884;0;0;0;0;0;0;0;0;0;-0.7063;0;0.7063;1;1;0;0;0;0
28/03/21 23:00;0;0;90;0;0;90;0;0;0;0;9.3997;2.83;0;0;0;0;0;0;0;0;0;0;0;0;0;1;1;1;1;0;0;0;0;0;0;0;0;0;0;0;0;0;0;0;0;0;0;0;0;0;0;0;0;0;0;0;0;0;0;0;0;0;0;0;1;1;1;1;1;1;1;1;1;1;1;1;1;1;1;1;1;1;1;0;0;0;0;0;0;0;0;0;0.0004;0.088;0;-0.0884;0;0;0;0;0;0;0;0;0;0;0;0;0;0;0;0;0;0;0;-9.3997;0;0;0;0;0.0004;0;0;0;0;0;0;0;-0.0004;-0.0884;0;0;0;0;0;0;0;0;0;-0.7063;0;0.7063;1;1;0;0;0;0
29/03/21 00:00;0;0;90;0;0;90;0;0;0;0;9.4097;2.68;0;0;0;0;0;0;0;0;0;0;0;0;0;1;1;1;1;0;0;0;0;0;0;0;0;0;0;0;0;0;0;0;0;0;0;0;0;0;0;0;0;0;0;0;0;0;0;0;0;0;0;0;1;1;1;1;1;1;1;1;1;1;1;1;1;1;1;1;1;1;1;0;0;0;0;0;0;0;0;0;0.0004;0.088;0;-0.0884;0;0;0;0;0;0;0;0;0;0;0;0;0;0;0;0;0;0;0;-9.4097;0;0;0;0;0.0004;0;0;0;0;0;0;0;-0.0004;-0.0884;0;0;0;0;0;0;0;0;0;-0.7063;0;0.7063;1;1;0;0;0;0
29/03/21 01:00;0;0;90;0;0;90;0;0;0;0;8.0702;2.5599;0;0;0;0;0;0;0;0;0;0;0;0;0;1;1;1;1;0;0;0;0;0;0;0;0;0;0;0;0;0;0;0;0;0;0;0;0;0;0;0;0;0;0;0;0;0;0;0;0;0;0;0;1;1;1;1;1;1;1;1;1;1;1;1;1;1;1;1;1;1;1;0;0;0;0;0;0;0;0;0;0.0004;0.088;0;-0.0884;0;0;0;0;0;0;0;0;0;0;0;0;0;0;0;0;0;0;0;-8.0702;0;0;0;0;0.0004;0;0;0;0;0;0;0;-0.0004;-0.0884;0;0;0;0;0;0;0;0;0;-0.7063;0;0.7063;1;1;0;0;0;0
29/03/21 02:00;0;0;90;0;0;90;0;0;0;0;7.8801;2.51;0;0;0;0;0;0;0;0;0;0;0;0;0;1;1;1;1;0;0;0;0;0;0;0;0;0;0;0;0;0;0;0;0;0;0;0;0;0;0;0;0;0;0;0;0;0;0;0;0;0;0;0;1;1;1;1;1;1;1;1;1;1;1;1;1;1;1;1;1;1;1;0;0;0;0;0;0;0;0;0;0.0004;0.088;0;-0.0884;0;0;0;0;0;0;0;0;0;0;0;0;0;0;0;0;0;0;0;-7.8801;0;0;0;0;0.0004;0;0;0;0;0;0;0;-0.0004;-0.0884;0;0;0;0;0;0;0;0;0;-0.7063;0;0.7063;1;1;0;0;0;0
29/03/21 03:00;0;0;90;0;0;90;0;0;0;0;7.3197;2.5;0;0;0;0;0;0;0;0;0;0;0;0;0;1;1;1;1;0;0;0;0;0;0;0;0;0;0;0;0;0;0;0;0;0;0;0;0;0;0;0;0;0;0;0;0;0;0;0;0;0;0;0;1;1;1;1;1;1;1;1;1;1;1;1;1;1;1;1;1;1;1;0;0;0;0;0;0;0;0;0;0.0004;0.088;0;-0.0884;0;0;0;0;0;0;0;0;0;0;0;0;0;0;0;0;0;0;0;-7.3197;0;0;0;0;0.0004;0;0;0;0;0;0;0;-0.0004;-0.0884;0;0;0;0;0;0;0;0;0;-0.7063;0;0.7063;1;1;0;0;0;0
29/03/21 04:00;0;0;90;0;0;90;0;0;0;0;6.4003;2.4501;0;0;0;0;0;0;0;0;0;0;0;0;0;1;1;1;1;0;0;0;0;0;0;0;0;0;0;0;0;0;0;0;0;0;0;0;0;0;0;0;0;0;0;0;0;0;0;0;0;0;0;0;1;1;1;1;1;1;1;1;1;1;1;1;1;1;1;1;1;1;1;0;0;0;0;0;0;0;0;0;0.0004;0.088;0;-0.0884;0;0;0;0;0;0;0;0;0;0;0;0;0;0;0;0;0;0;0;-6.4003;0;0;0;0;0.0004;0;0;0;0;0;0;0;-0.0004;-0.0884;0;0;0;0;0;0;0;0;0;-0.7063;0;0.7063;1;1;0;0;0;0
29/03/21 05:00;0;0;90;0;0;90;0;0;0;0;6.1298;2.29;0;0;0;0;0;0;0;0;0;0;0;0;0;1;1;1;1;0;0;0;0;0;0;0;0;0;0;0;0;0;0;0;0;0;0;0;0;0;0;0;0;0;0;0;0;0;0;0;0;0;0;0;1;1;1;1;1;1;1;1;1;1;1;1;1;1;1;1;1;1;1;0;0;0;0;0;0;0;0;0;0.0004;0.088;0;-0.0884;0;0;0;0;0;0;0;0;0;0;0;0;0;0;0;0;0;0;0;-6.1298;0;0;0;0;0.0004;0;0;0;0;0;0;0;-0.0004;-0.0884;0;0;0;0;0;0;0;0;0;-0.7063;0;0.7063;1;1;0;0;0;0
29/03/21 06:00;4.9183;-82.121;77.999;4.965;7.1515;-90;-7.1515;53.896;20.501;33.395;6.7001;2.4501;0;80.991;14.614;14.141;0;0.0398;109.79;0;109.79;80.991;14.141;14.614;0.0398;0.7377;0.1335;0;0.0004;109.69;0.0941;0;0;0.0608;0.0332;84.04;24.883;20.66;3.6072;0.6145;0.0015;108.92;0.7678;0.5669;0.099;0.1019;0;84.042;59.764;10.435;13.836;0.0051;8.8995;7.173;2.5653;0.0011;0.1068;1.5369;0.0014;1.6426;0;1;0;0;2.037;0.9991;1;1;0.9958;0.1653;0.7716;0.7431;1;0.9575;0.7758;0.993;0.993;1;0.993;0.993;0.7655;0.9468;0.1273;0.3297;0.2564;0.0015;0.0164;-0.0139;0.0018;0.0063;0.0003;0;0;0.088;0;0.1436;0;0;0;0;0;0;0;0;0;0;0;0;0.005;0.0003;0.2387;0.2387;0;10.108;10.108;3.4077;0.0405;217.89;1095.4;1;0.0071;0.0071;0;0;0;0;0;0;0.2316;0.1436;0;13.791;15.97;8.2961;9.6067;97.027;97.027;2.6349;1.9075;1.1475;0.7274;0.76;0.2761;0.2884;0.4355;8.7073;0.431;0
29/03/21 07:00;15.515;-74.07;49.552;16.103;26.173;-90;-26.173;231.6;42.699;188.9;11.58;2.82;0;458.14;19.622;53.397;0;2.2559;533.42;0;533.42;458.14;53.397;19.622;2.2559;0.8589;0.041;0;0.0042;530.78;2.6429;0;0;0.7013;1.9416;520.04;7.0182;5.6736;0.6613;0.6217;0.0616;527.06;3.7154;3.207;0.3738;0.1324;0.0022;520.1;449.26;52.362;18.166;0.2505;13.647;10.999;4.3726;0.1851;0.1472;2.1179;0.0603;2.08;0;1;0;0;2.3032;0.995;1;1;0.9643;0.1393;0.9867;0.9875;1;0.9669;0.8025;0.993;0.993;1;0.993;0.993;0.9749;0.9258;0.111;1.6019;1.571;0.0095;0.0053;0.0429;0.0106;0.0376;0.0004;0;0;0.088;0;1.3177;0;0;0;0;0;0;0;0;0;0;0;0;0.0303;0.0058;1.4286;1.4286;0;32.769;32.769;21.188;0.0407;1351.3;1057.3;1;0.0229;0.0229;0;0;0;0;0;0;1.4057;1.3177;0;16.99;19.674;15.671;18.147;98.397;98.397;12.802;11.418;10.531;1.3843;0.8863;0.1081;0.0692;0.8226;12.614;0.8202;0
29/03/21 08:00;26.955;-63.683;23.281;29.568;60;-90;-60;450.51;74.203;376.3;15.04;4.44;0;762.57;21.918;91.147;0;21.399;897.04;0;897.04;762.57;91.147;21.918;21.399;0.8501;0.0483;0;0.0239;874.25;22.784;0;0;2.7584;20.025;866.69;1.4449;0.6089;0.0728;0.6727;0.0904;868.13;6.1198;5.338;0.638;0.1341;0.0096;869.87;756.63;90.436;18.353;1.2735;90.088;72.611;29.175;3.6697;1.1109;15.98;3.1764;13.421;0;1;0;0;1.9912;0.9746;1;1;0.8742;0.0642;0.9983;0.9992;1;0.9646;0.9337;0.993;0.993;1;0.993;0.993;0.9662;0.8373;0.0595;2.6938;2.6536;0.016;-0.0021;0.2403;0.0168;0.0596;0.0029;0;0;0.088;0;2.1304;0;0;0;0;0;0;0;0;0;0;0;0;0.048;0.0155;2.2567;2.2567;0;50.842;50.842;35.802;0.0413;2286.7;986.9;1;0.0384;0.0384;0;0;0;0;0;0;2.2184;2.1304;0;15.959;18.48;15.066;17.446;98.3;98.3;21.529;18.036;17.026;3.4931;1.0098;0.1623;0.0469;0.7908;19.086;0.7804;0
29/03/21 09:00;37.282;-50.84;30.162;44.475;45.525;-90;-45.525;629.89;103.8;526.1;17.71;4.7701;0;750.93;32.289;93.953;0;17.916;895.08;0;895.08;750.93;93.953;32.289;17.916;0.8389;0.0561;0;0.02;875.72;19.36;0;0;2.723;16.637;867.61;1.9798;0.8434;0.1055;0.9583;0.0727;869.59;6.1301;5.2565;0.6577;0.207;0.009;872.07;744.83;93.189;28.401;1.1971;269.41;217.15;84.467;2.0568;2.9234;42.052;4.462;42.919;0;1;0;0;1.421;0.9784;1;1;0.9157;0.0714;0.9977;0.9989;1;0.9674;0.9428;0.993;0.993;1;0.993;0.993;0.9693;0.8796;0.0668;2.6879;2.7152;0.0163;-0.0019;0.2728;0.017;0.0603;0.0075;0;0;0.088;0;2.152;0;0;0;0;0;0;0;0;0;0;0;0;0.0485;0.0162;2.2786;2.2786;0;53.633;53.633;35.923;0.0414;2337.9;974.62;1;0.0386;0.0386;0;0;0;0;0;0;2.24;2.152;0;16.149;18.7;15.251;17.661;98.305;98.305;21.482;18.21;17.198;3.2716;1.0119;0.1523;0.0471;0.8006;24.148;0.7734;0
29/03/21 10:00;45.6;-34.161;35.377;61.194;28.806;-90;-28.806;761.6;125.7;635.89;19.2;5.2401;0;725.69;41.291;93.223;0;8.9528;869.16;0;869.16;725.69;93.223;41.291;8.9528;0.8349;0.0578;0;0.0103;859.63;9.523;0;0;1.7203;7.8027;848.72;4.8946;3.0127;0.387;1.2851;0.2098;853.62;6.0174;5.0798;0.6526;0.277;0.0081;851.17;717.6;92.184;38.009;0.9322;408.58;329.31;129.39;0.5452;4.1821;60.158;2.4483;63.795;0;1;0;0;1.1412;0.989;1;1;0.9583;0.1285;0.9943;0.9958;1;0.9673;0.8163;0.993;0.993;1;0.993;0.993;0.9765;0.9205;0.1041;2.6101;2.6905;0.0162;-0.002;0.2774;0.0168;0.0596;0.0107;0;0;0.088;0;2.1222;0;0;0;0;0;0;0;0;0;0;0;0;0.048;0.0159;2.248;2.248;0;54.362;54.362;35.163;0.0414;2315.1;971.03;1;0.0378;0.0378;0;0;0;0;0;0;2.2102;2.1222;0;16.407;18.999;15.489;17.936;98.319;98.319;20.86;17.966;16.961;2.8936;1.0052;0.1387;0.0482;0.8131;26.995;0.773;0
29/03/21 11:00;50.54;-12.913;38.278;79.577;10.423;-90;-10.423;832.99;137.2;695.79;20.9;5.76;0;707.47;46.533;91.798;0;1.3059;847.1;0;847.1;707.47;91.798;46.533;1.3059;0.8352;0.0565;0;0.0015;845.65;1.4497;0;0;0.3611;1.0886;833.16;6.575;4.1289;0.5357;1.8619;0.0485;839.73;5.9196;4.9523;0.6426;0.3232;0.0015;833.41;698.38;90.619;43.987;0.1673;486.06;391.76;152.87;0.0161;5.003;71.967;0.2548;76.954;0;1;0;0;1.0169;0.9983;1;1;0.9922;0.1664;0.9922;0.9941;1;0.9594;0.7752;0.993;0.993;1;0.993;0.993;0.9835;0.9453;0.1281;2.5438;2.6619;0.016;-0.0021;0.2849;0.0165;0.0587;0.0128;0;0;0.088;0;2.0875;0;0;0;0;0;0;0;0;0;0;0;0;0.0472;0.0155;2.2123;2.2123;0;55.45;55.45;34.549;0.0415;2289.6;966.25;1;0.0368;0.0368;0;0;0;0;0;0;2.1755;2.0875;0;16.567;19.184;15.633;18.102;98.337;98.337;20.33;17.681;16.683;2.6497;0.9974;0.1303;0.0491;0.8206;27.923;0.7715;0
29/03/21 12:00;50.769;10.799;38.408;81.302;8.6978;90;8.6978;842.7;138.8;703.9;22.8;5.9701;0;712.09;46.435;93.167;0;0.9207;852.62;0;852.62;712.09;93.167;46.435;0.9207;0.8352;0.0555;0;0.0011;851.58;1.0364;0;0;0.2675;0.7689;838.91;6.7036;4.2097;0.5508;1.9092;0.0339;845.62;5.9611;4.9846;0.6522;0.3232;0.0011;839.08;702.9;91.964;43.935;0.1168;493.35;397.64;152.73;0.008;5.2357;75.314;0.1673;80.542;0;1;0;0;1.0118;0.9988;1;1;0.9942;0.1648;0.9921;0.994;1;0.9584;0.775;0.993;0.993;1;0.993;0.993;0.9839;0.9462;0.1269;2.5604;2.686;0.0162;-0.002;0.3086;0.0165;0.0587;0.0132;0;0;0.088;0;2.0872;0;0;0;0;0;0;0;0;0;0;0;0;0.0472;0.0158;2.2117;2.2117;0;57.652;57.652;34.852;0.0415;2310.2;957.38;1;0.0366;0.0366;0;0;0;0;0;0;2.1752;2.0872;0;16.456;19.056;15.529;17.982;98.346;98.346;20.463;17.676;16.681;2.7865;0.9957;0.1362;0.0487;0.8152;27.752;0.7646;0
29/03/21 13:00;46.211;32.415;35.745;62.804;27.197;90;27.197;750.11;142.8;607.31;23;5.86;0;682.8;52.038;98.617;0;7.8782;841.33;0;841.33;682.8;98.617;52.038;7.8782;0.8116;0.0712;0;0.0094;832.52;8.813;0;0;1.9813;6.8317;821.44;5.2489;2.9805;0.4305;1.6364;0.2015;826.69;5.8276;4.7796;0.6903;0.3504;0.0073;823.58;675.04;97.496;48.07;0.8378;408.08;328.91;128.46;0.5619;4.2281;60.82;2.1357;64.486;0;1;0;0;1.1216;0.9895;1;1;0.9619;0.1328;0.9937;0.9956;1;0.9671;0.8061;0.993;0.993;1;0.993;0.993;0.9764;0.9237;0.1063;2.5265;2.6087;0.0157;-0.0021;0.2949;0.0161;0.0571;0.0107;0;0;0.088;0;2.0322;0;0;0;0;0;0;0;0;0;0;0;0;0.046;0.015;2.1554;2.1554;0;57.111;57.111;34.111;0.0415;2245.2;960.03;1;0.0353;0.0353;0;0;0;0;0;0;2.1202;2.0322;0;16.252;18.819;15.322;17.743;98.364;98.364;20.192;17.226;16.241;2.9658;0.9852;0.1469;0.0488;0.8043;33.667;0.763;0
29/03/21 14:00;38.138;49.505;30.714;45.916;44.084;90;44.084;425.09;295.9;129.19;23;5.6599;0;179.86;215.39;62.922;0;11.375;469.54;0;469.54;179.86;62.922;215.39;11.375;0.383;0.483;0;0.0242;441.62;27.924;0;0;17.363;10.56;431.73;6.801;0.2597;0.0909;6.397;0.0535;438.53;3.0913;1.259;0.4405;1.3862;0.0057;435.47;178.34;62.391;190.24;0.7559;233.75;188.4;76.182;12.256;3.0289;43.569;3.7362;34.342;0;1;0;0;1.1046;0.9405;1;1;0.9194;0.0717;0.9845;0.9985;1;0.9675;0.934;0.993;0.993;1;0.993;0.993;0.9195;0.8833;0.0665;1.41;1.4034;0.0084;0.0077;0.0783;0.0092;0.0325;0.0081;0;0;0.088;0;1.1212;0;0;0;0;0;0;0;0;0;0;0;0;0.0262;0.0047;1.2284;1.2284;0;40.724;40.724;17.724;0.0411;1204.7;1019.6;1;0.0191;0.0191;0;0;0;0;0;0;1.2092;1.1212;0;16.596;19.218;15.148;17.541;98.441;98.441;11.269;9.8173;8.961;1.4518;0.8563;0.1288;0.076;0.7952;158.97;0.7435;0
29/03/21 15:00;27.949;62.637;23.955;30.854;59.146;90;59.146;513.51;96.6;416.91;23.3;5.06;0;812.91;25.612;122.34;0;23.764;984.62;0;984.62;812.91;122.34;25.612;23.764;0.8256;0.0501;0;0.0241;959.15;25.465;0;0;3.1635;22.302;950.8;1.6421;0.6679;0.1005;0.7828;0.0909;952.44;6.7141;5.6904;0.8563;0.1571;0.0102;954.73;806.55;121.38;21.508;1.3613;117.99;95.102;36.965;4.0738;1.4884;21.41;3.9346;18.825;0;1;0;0;1.9174;0.9741;1;1;0.8765;0.0615;0.9983;0.9992;1;0.9649;0.9374;0.993;0.993;1;0.993;0.993;0.9657;0.8398;0.0573;2.9568;2.9207;0.0176;-0.0008;0.3907;0.0176;0.0624;0.0037;0;0;0.088;0;2.233;0;0;0;0;0;0;0;0;0;0;0;0;0.0502;0.0186;2.3607;2.3607;0;62.974;62.974;39.674;0.0417;2515.5;938.49;1;0.0398;0.0398;0;0;0;0;0;0;2.321;2.233;0;15.21;17.612;14.386;16.659;98.315;98.315;23.631;18.867;17.846;4.7638;1.0211;0.2016;0.0432;0.7552;22.074;0.7431;0
29/03/21 16:00;16.584;73.196;46.192;17.281;28.81;90;28.81;155.69;141.1;14.59;22.38;3.2699;0;35.384;127.43;12.772;0;1.8308;177.41;0;177.41;35.384;12.772;127.43;1.8308;0.1994;0.7286;0;0.0103;170.5;6.9196;0;0;5.3197;1.5999;164.79;4.5101;0.3691;0.1332;3.9652;0.0425;169.3;1.1935;0.2477;0.0894;0.8548;0.0016;165.29;34.767;12.549;117.29;0.1868;83.412;67.23;25.96;1.677;0.9851;14.171;0.5005;13.479;0;1;0;0;1.1395;0.961;1;1;0.9583;0.1261;0.9734;0.9895;1;0.9673;0.8148;0.993;0.993;1;0.993;0.993;0.9288;0.9204;0.102;0.5328;0.5277;0.0032;0.018;0.0079;0.0035;0.0124;0.0027;0;0;0.088;0;0.3724;0;0;0;0;0;0;0;0;0;0;0;0;0.01;0.0009;0.4693;0.4693;0;29.127;29.127;6.7471;0.0409;450.7;1041.3;1;0.0088;0.0088;0;0;0;0;0;0;0.4604;0.3724;0;16.78;19.431;13.317;15.421;98.116;98.116;4.258;3.7506;2.9766;0.5074;0.774;0.1192;0.1818;0.6991;83.315;0.6596;0
29/03/21 17:00;5.4142;81.762;76.771;5.4703;7.8975;90;7.8975;25.2;24.898;0.3015;20.13;3.2601;0;0.7313;24.722;0.1409;0;0.0227;25.617;0;25.617;0.7313;0.1409;24.722;0.0227;0.0285;0.966;0;0.0009;25.477;0.1404;0;0;0.1215;0.019;24.074;1.2239;0.1631;0.0314;1.0286;0.0008;25.298;0.1783;0.0051;0.001;0.1722;0;24.078;0.5631;0.1085;23.4;0.0029;14.753;11.891;4.3609;0.0028;0.1701;2.4472;0.0032;2.6145;0;1;0;0;1.0166;0.9945;1;1;0.9951;0.1646;0.9516;0.7754;1;0.9579;0.7753;0.993;0.993;1;0.993;0.993;0.9398;0.9465;0.1267;0.0769;0.0777;0.0005;0.0099;-0.0011;0.0005;0.0017;0.0004;0;0;0.088;0;-0.0271;0;0;0;0;0;0;0;0;0;0;0;0;0.0014;0.0001;0.0644;0.0644;0;21.131;21.131;1.0011;0.0416;64.754;994.04;1;0.0035;0.0035;0;0;0;0;0;0;0.0609;-0.0271;0;15.94;18.458;-6.7144;-7.7751;94.59;94.59;0.6148;0.5144;-0.2167;0.1004;0.7311;0.1633;1.1892;0;14.751;0;0
29/03/21 18:00;0;0;90;0;0;90;0;0;0;0;18.04;3.23;0;0;0;0;0;0;0;0;0;0;0;0;0;1;1;1;1;0;0;0;0;0;0;0;0;0;0;0;0;0;0;0;0;0;0;0;0;0;0;0;0;0;0;0;0;0;0;0;0;0;0;0;1;1;1;1;1;1;1;1;1;1;1;1;1;1;1;1;1;1;1;0;0;0;0;0;0;0;0;0;0.0004;0.088;0;-0.0884;0;0;0;0;0;0;0;0;0;0;0;0;0;0;0;0;0;0;0;-18.04;0;0;0;0;0.0004;0;0;0;0;0;0;0;-0.0004;-0.0884;0;0;0;0;0;0;0;0;0;-0.7063;0;0.7063;1;1;0;0;0;0
29/03/21 19:00;0;0;90;0;0;90;0;0;0;0;16.8;3.1199;0;0;0;0;0;0;0;0;0;0;0;0;0;1;1;1;1;0;0;0;0;0;0;0;0;0;0;0;0;0;0;0;0;0;0;0;0;0;0;0;0;0;0;0;0;0;0;0;0;0;0;0;1;1;1;1;1;1;1;1;1;1;1;1;1;1;1;1;1;1;1;0;0;0;0;0;0;0;0;0;0.0004;0.088;0;-0.0884;0;0;0;0;0;0;0;0;0;0;0;0;0;0;0;0;0;0;0;-16.8;0;0;0;0;0.0004;0;0;0;0;0;0;0;-0.0004;-0.0884;0;0;0;0;0;0;0;0;0;-0.7063;0;0.7063;1;1;0;0;0;0
29/03/21 20:00;0;0;90;0;0;90;0;0;0;0;15.19;3.05;0;0;0;0;0;0;0;0;0;0;0;0;0;1;1;1;1;0;0;0;0;0;0;0;0;0;0;0;0;0;0;0;0;0;0;0;0;0;0;0;0;0;0;0;0;0;0;0;0;0;0;0;1;1;1;1;1;1;1;1;1;1;1;1;1;1;1;1;1;1;1;0;0;0;0;0;0;0;0;0;0.0004;0.088;0;-0.0884;0;0;0;0;0;0;0;0;0;0;0;0;0;0;0;0;0;0;0;-15.19;0;0;0;0;0.0004;0;0;0;0;0;0;0;-0.0004;-0.0884;0;0;0;0;0;0;0;0;0;-0.7063;0;0.7063;1;1;0;0;0;0
29/03/21 21:00;0;0;90;0;0;90;0;0;0;0;14.3;2.9401;0;0;0;0;0;0;0;0;0;0;0;0;0;1;1;1;1;0;0;0;0;0;0;0;0;0;0;0;0;0;0;0;0;0;0;0;0;0;0;0;0;0;0;0;0;0;0;0;0;0;0;0;1;1;1;1;1;1;1;1;1;1;1;1;1;1;1;1;1;1;1;0;0;0;0;0;0;0;0;0;0.0004;0.088;0;-0.0884;0;0;0;0;0;0;0;0;0;0;0;0;0;0;0;0;0;0;0;-14.3;0;0;0;0;0.0004;0;0;0;0;0;0;0;-0.0004;-0.0884;0;0;0;0;0;0;0;0;0;-0.7063;0;0.7063;1;1;0;0;0;0
29/03/21 22:00;0;0;90;0;0;90;0;0;0;0;11.1;2.59;0;0;0;0;0;0;0;0;0;0;0;0;0;1;1;1;1;0;0;0;0;0;0;0;0;0;0;0;0;0;0;0;0;0;0;0;0;0;0;0;0;0;0;0;0;0;0;0;0;0;0;0;1;1;1;1;1;1;1;1;1;1;1;1;1;1;1;1;1;1;1;0;0;0;0;0;0;0;0;0;0.0004;0.088;0;-0.0884;0;0;0;0;0;0;0;0;0;0;0;0;0;0;0;0;0;0;0;-11.1;0;0;0;0;0.0004;0;0;0;0;0;0;0;-0.0004;-0.0884;0;0;0;0;0;0;0;0;0;-0.7063;0;0.7063;1;1;0;0;0;0
29/03/21 23:00;0;0;90;0;0;90;0;0;0;0;10.45;2.2399;0;0;0;0;0;0;0;0;0;0;0;0;0;1;1;1;1;0;0;0;0;0;0;0;0;0;0;0;0;0;0;0;0;0;0;0;0;0;0;0;0;0;0;0;0;0;0;0;0;0;0;0;1;1;1;1;1;1;1;1;1;1;1;1;1;1;1;1;1;1;1;0;0;0;0;0;0;0;0;0;0.0004;0.088;0;-0.0884;0;0;0;0;0;0;0;0;0;0;0;0;0;0;0;0;0;0;0;-10.45;0;0;0;0;0.0004;0;0;0;0;0;0;0;-0.0004;-0.0884;0;0;0;0;0;0;0;0;0;-0.7063;0;0.7063;1;1;0;0;0;0
30/03/21 00:00;0;0;90;0;0;90;0;0;0;0;10.39;2.2;0;0;0;0;0;0;0;0;0;0;0;0;0;1;1;1;1;0;0;0;0;0;0;0;0;0;0;0;0;0;0;0;0;0;0;0;0;0;0;0;0;0;0;0;0;0;0;0;0;0;0;0;1;1;1;1;1;1;1;1;1;1;1;1;1;1;1;1;1;1;1;0;0;0;0;0;0;0;0;0;0.0004;0.088;0;-0.0884;0;0;0;0;0;0;0;0;0;0;0;0;0;0;0;0;0;0;0;-10.39;0;0;0;0;0.0004;0;0;0;0;0;0;0;-0.0004;-0.0884;0;0;0;0;0;0;0;0;0;-0.7063;0;0.7063;1;1;0;0;0;0
30/03/21 01:00;0;0;90;0;0;90;0;0;0;0;9.4303;2.41;0;0;0;0;0;0;0;0;0;0;0;0;0;1;1;1;1;0;0;0;0;0;0;0;0;0;0;0;0;0;0;0;0;0;0;0;0;0;0;0;0;0;0;0;0;0;0;0;0;0;0;0;1;1;1;1;1;1;1;1;1;1;1;1;1;1;1;1;1;1;1;0;0;0;0;0;0;0;0;0;0.0004;0.088;0;-0.0884;0;0;0;0;0;0;0;0;0;0;0;0;0;0;0;0;0;0;0;-9.4303;0;0;0;0;0.0004;0;0;0;0;0;0;0;-0.0004;-0.0884;0;0;0;0;0;0;0;0;0;-0.7063;0;0.7063;1;1;0;0;0;0
30/03/21 02:00;0;0;90;0;0;90;0;0;0;0;8.37;2.6299;0;0;0;0;0;0;0;0;0;0;0;0;0;1;1;1;1;0;0;0;0;0;0;0;0;0;0;0;0;0;0;0;0;0;0;0;0;0;0;0;0;0;0;0;0;0;0;0;0;0;0;0;1;1;1;1;1;1;1;1;1;1;1;1;1;1;1;1;1;1;1;0;0;0;0;0;0;0;0;0;0.0004;0.088;0;-0.0884;0;0;0;0;0;0;0;0;0;0;0;0;0;0;0;0;0;0;0;-8.37;0;0;0;0;0.0004;0;0;0;0;0;0;0;-0.0004;-0.0884;0;0;0;0;0;0;0;0;0;-0.7063;0;0.7063;1;1;0;0;0;0
30/03/21 03:00;0;0;90;0;0;90;0;0;0;0;7.7697;2.76;0;0;0;0;0;0;0;0;0;0;0;0;0;1;1;1;1;0;0;0;0;0;0;0;0;0;0;0;0;0;0;0;0;0;0;0;0;0;0;0;0;0;0;0;0;0;0;0;0;0;0;0;1;1;1;1;1;1;1;1;1;1;1;1;1;1;1;1;1;1;1;0;0;0;0;0;0;0;0;0;0.0004;0.088;0;-0.0884;0;0;0;0;0;0;0;0;0;0;0;0;0;0;0;0;0;0;0;-7.7697;0;0;0;0;0.0004;0;0;0;0;0;0;0;-0.0004;-0.0884;0;0;0;0;0;0;0;0;0;-0.7063;0;0.7063;1;1;0;0;0;0
30/03/21 04:00;0;0;90;0;0;90;0;0;0;0;7.2;2.7999;0;0;0;0;0;0;0;0;0;0;0;0;0;1;1;1;1;0;0;0;0;0;0;0;0;0;0;0;0;0;0;0;0;0;0;0;0;0;0;0;0;0;0;0;0;0;0;0;0;0;0;0;1;1;1;1;1;1;1;1;1;1;1;1;1;1;1;1;1;1;1;0;0;0;0;0;0;0;0;0;0.0004;0.088;0;-0.0884;0;0;0;0;0;0;0;0;0;0;0;0;0;0;0;0;0;0;0;-7.2;0;0;0;0;0.0004;0;0;0;0;0;0;0;-0.0004;-0.0884;0;0;0;0;0;0;0;0;0;-0.7063;0;0.7063;1;1;0;0;0;0
30/03/21 05:00;0;0;90;0;0;90;0;0;0;0;6.9501;2.7899;0;0;0;0;0;0;0;0;0;0;0;0;0;1;1;1;1;0;0;0;0;0;0;0;0;0;0;0;0;0;0;0;0;0;0;0;0;0;0;0;0;0;0;0;0;0;0;0;0;0;0;0;1;1;1;1;1;1;1;1;1;1;1;1;1;1;1;1;1;1;1;0;0;0;0;0;0;0;0;0;0.0004;0.088;0;-0.0884;0;0;0;0;0;0;0;0;0;0;0;0;0;0;0;0;0;0;0;-6.9501;0;0;0;0;0.0004;0;0;0;0;0;0;0;-0.0004;-0.0884;0;0;0;0;0;0;0;0;0;-0.7063;0;0.7063;1;1;0;0;0;0
30/03/21 06:00;4.7554;-81.758;78.401;4.8048;6.9162;-90;-6.9162;41.804;26.701;15.103;6.8098;3.6799;0;36.629;23.063;8.6188;0;0.0289;68.34;0;68.34;36.629;8.6188;23.063;0.0289;0.536;0.3379;0;0.0004;68.225;0.115;0;0;0.0909;0.0241;54.705;13.042;9.7693;2.2987;0.9729;0.0011;67.747;0.4776;0.2564;0.0603;0.1608;0;54.707;26.603;6.2598;21.838;0.0037;13.827;11.145;4.1001;0.0014;0.1586;2.2808;0.0019;2.4379;0;1;0;0;1.6348;0.9983;1;1;0.9961;0.1652;0.8075;0.7314;1;0.9573;0.7759;0.993;0.993;1;0.993;0.993;0.8005;0.9469;0.1273;0.2052;0.1696;0.001;0.0142;-0.0099;0.0011;0.0041;0.0004;0;0;0.088;0;0.0608;0;0;0;0;0;0;0;0;0;0;0;0;0.0033;0.0002;0.1552;0.1552;0;9.0367;9.0367;2.2269;0.0407;143.34;1082.5;1;0.0064;0.0064;0;0;0;0;0;0;0.1488;0.0608;0;14.403;16.678;5.6421;6.5334;95.89;95.89;1.6402;1.24;0.4858;0.4001;0.7543;0.244;0.4599;0.2962;13.736;0.289;0
30/03/21 07:00;15.338;-73.702;50.095;15.948;25.841;-90;-25.841;229.71;41.502;188.21;11.61;3.38;0;456.45;18.932;52.321;0;2.182;529.89;0;529.89;456.45;52.321;18.932;2.182;0.8614;0.0398;0;0.0041;527.35;2.538;0;0;0.663;1.8751;516.51;7.1435;5.8149;0.6665;0.6013;0.0607;523.66;3.6914;3.1952;0.3662;0.1279;0.0021;516.57;447.44;51.288;17.54;0.2441;13.173;10.618;4.2213;0.1707;0.1416;2.0366;0.0563;2.0074;0;1;0;0;2.3068;0.9952;1;1;0.965;0.1407;0.9864;0.9872;1;0.9669;0.801;0.993;0.993;1;0.993;0.993;0.9748;0.9265;0.1119;1.5913;1.5601;0.0094;0.0055;0.042;0.0105;0.0373;0.0004;0;0;0.088;0;1.3086;0;0;0;0;0;0;0;0;0;0;0;0;0.0301;0.0057;1.4193;1.4193;0;32.653;32.653;21.043;0.0407;1341.9;1057.6;1;0.0227;0.0227;0;0;0;0;0;0;1.3966;1.3086;0;16.991;19.675;15.666;18.14;98.399;98.399;12.717;11.343;10.458;1.3744;0.8849;0.1081;0.0696;0.8223;12.146;0.82;0
30/03/21 08:00;26.749;-63.303;23.659;29.43;60;-90;-60;430.6;75.699;354.9;14.76;2.21;0;722.26;24.068;88.748;0;20.454;855.53;0;855.53;722.26;88.748;24.068;20.454;0.8442;0.052;0;0.0239;833.36;22.17;0;0;3.0289;19.141;826.04;1.4832;0.5861;0.072;0.7387;0.0864;827.52;5.8335;5.0558;0.6212;0.1473;0.0092;829.14;716.62;88.054;20.153;1.2173;86.714;69.892;27.967;4.0288;1.109;15.953;3.0975;13.033;0;1;0;0;1.9868;0.9741;1;1;0.8742;0.0642;0.9982;0.9992;1;0.9646;0.9337;0.993;0.993;1;0.993;0.993;0.9655;0.8373;0.0595;2.5691;2.5309;0.0152;-0.0022;0.2112;0.0161;0.0573;0.0029;0;0;0.088;0;2.0456;0;0;0;0;0;0;0;0;0;0;0;0;0.0461;0.0141;2.17;2.17;0;48.826;48.826;34.066;0.0412;2180.3;995.3;1;0.0364;0.0364;0;0;0;0;0;0;2.1336;2.0456;0;16.09;18.632;15.168;17.564;98.323;98.323;20.533;17.343;16.349;3.1899;0.9941;0.1554;0.0484;0.7962;20.958;0.7853;0
30/03/21 09:00;37.032;-50.455;30.549;44.373;45.627;-90;-45.627;625.4;103;522.4;17.47;1.3501;0;747.01;32.056;93.333;0;17.864;890.26;0;890.26;747.01;93.333;32.056;17.864;0.8391;0.0561;0;0.0201;870.96;19.304;0;0;2.7122;16.592;862.7;2.1554;1.0066;0.1258;0.9514;0.0716;864.86;6.0967;5.229;0.6533;0.2054;0.0089;867.15;740.77;92.554;28.188;1.1915;266.88;215.1;83.636;2.0578;2.8995;41.708;4.4461;42.55;0;1;0;0;1.4235;0.9783;1;1;0.9154;0.0712;0.9975;0.9986;1;0.9674;0.9433;0.993;0.993;1;0.993;0.993;0.969;0.8793;0.0667;2.6735;2.6997;0.0163;-0.002;0.2668;0.0169;0.06;0.0075;0;0;0.088;0;2.1434;0;0;0;0;0;0;0;0;0;0;0;0;0.0483;0.016;2.2698;2.2698;0;53.176;53.176;35.706;0.0414;2324.5;976.47;1;0.0384;0.0384;0;0;0;0;0;0;2.2314;2.1434;0;16.174;18.729;15.273;17.685;98.306;98.306;21.366;18.14;17.13;3.226;1.0105;0.151;0.0473;0.8017;23.996;0.7746;0
30/03/21 10:00;45.291;-33.807;35.772;61.155;28.845;-90;-28.845;665.41;160.6;504.81;19.86;1.1199;0;576.31;72.465;95.144;0;7.8431;751.77;0;751.77;576.31;95.144;72.465;7.8431;0.7666;0.1068;0;0.0104;741.9;9.8626;0;0;3.0257;6.8369;731.33;5.3798;2.5248;0.4168;2.2548;0.1833;736.71;5.1933;4.0342;0.666;0.4861;0.007;733.5;569.75;94.061;66.699;0.8158;360.04;290.19;113.88;0.9594;3.7252;53.585;2.1651;56.351;0;1;0;0;1.1298;0.9869;1;1;0.9582;0.1283;0.9927;0.9956;1;0.9673;0.8165;0.993;0.993;1;0.993;0.993;0.9728;0.9204;0.104;2.2576;2.3222;0.014;-0.0017;0.2044;0.0147;0.0523;0.0097;0;0;0.088;0;1.8545;0;0;0;0;0;0;0;0;0;0;0;0;0.0421;0.012;1.9746;1.9746;0;50.056;50.056;30.196;0.0413;1996.9;988.84;1;0.0321;0.0321;0;0;0;0;0;0;1.9425;1.8545;0;16.663;19.295;15.649;18.121;98.374;98.374;18.042;15.781;14.822;2.261;0.9599;0.1253;0.0532;0.8215;47.389;0.7799;0
30/03/21 11:00;50.172;-12.681;38.672;79.625;10.375;-90;-10.375;746.69;164.3;582.39;21.84;1.5801;0;592.07;72.676;92.541;0;1.1597;758.44;0;758.44;592.07;92.541;72.676;1.1597;0.7806;0.0974;0;0.0015;756.92;1.5263;0;0;0.5596;0.9668;744.51;7.1057;3.5911;0.5613;2.9102;0.0431;751.62;5.2984;4.1445;0.6478;0.5048;0.0014;744.74;584.33;91.332;68.702;0.1485;436.13;351.52;136.8;0.0246;4.5131;64.92;0.225;69.408;0;1;0;0;1.0157;0.998;1;1;0.9923;0.1664;0.9905;0.9939;1;0.9594;0.7752;0.993;0.993;1;0.993;0.993;0.9816;0.9453;0.1281;2.2776;2.3799;0.0143;-0.0019;0.2315;0.015;0.053;0.0116;0;0;0.088;0;1.8808;0;0;0;0;0;0;0;0;0;0;0;0;0.0427;0.0126;2.0011;2.0011;0;52.646;52.646;30.806;0.0414;2046.8;977.72;1;0.0324;0.0324;0;0;0;0;0;0;1.9688;1.8808;0;16.738;19.382;15.731;18.216;98.382;98.382;18.203;15.993;15.031;2.2095;0.9621;0.1214;0.0529;0.8258;43.605;0.776;0
30/03/21 12:00;50.373;10.828;38.788;81.158;8.8422;90;8.8422;748.51;176.5;572;22.41;2.34;0;578.88;80.259;96.916;0;0.8451;756.9;0;756.9;578.88;96.916;80.259;0.8451;0.7648;0.1072;0;0.0011;755.72;1.1809;0;0;0.4751;0.7058;742.97;7.4681;3.55;0.5943;3.2927;0.0311;750.43;5.2901;4.0522;0.6784;0.5585;0.001;743.12;571.28;95.644;75.932;0.1072;438.47;353.41;135.4;0.0145;4.6754;67.254;0.1538;71.915;0;1;0;0;1.0112;0.9984;1;1;0.9941;0.1649;0.99;0.9938;1;0.9584;0.775;0.993;0.993;1;0.993;0.993;0.9816;0.9461;0.1269;2.273;2.38;0.0143;-0.0019;0.2359;0.0149;0.0529;0.012;0;0;0.088;0;1.8763;0;0;0;0;0;0;0;0;0;0;0;0;0.0426;0.0126;1.9966;1.9966;0;53.165;53.165;30.755;0.0414;2046.7;975.5;1;0.0323;0.0323;0;0;0;0;0;0;1.9643;1.8763;0;16.733;19.377;15.726;18.21;98.385;98.385;18.166;15.957;14.996;2.209;0.9611;0.1216;0.0529;0.8255;47.981;0.774;0
30/03/21 13:00;45.828;32.272;36.098;62.583;27.417;90;27.417;463.79;341;122.79;22.49;2.9;0;138.33;281.59;48.046;0;4.9491;472.92;0;472.92;138.33;48.046;281.59;4.9491;0.2925;0.6059;0;0.0105;457.76;15.157;0;0;10.861;4.2961;444.74;9.8183;0.6323;0.2196;8.8415;0.125;454.56;3.2043;0.9683;0.3363;1.8951;0.0046;446.18;136.73;47.491;260;0.5234;271.41;218.76;84.861;3.118;3.0282;43.56;1.4386;43.47;0;1;0;0;1.0197;0.9679;1;1;0.9614;0.1319;0.9784;0.9954;1;0.9671;0.8073;0.993;0.993;1;0.993;0.993;0.9404;0.9233;0.1058;1.4202;1.4357;0.0086;0.0072;0.0801;0.0094;0.0333;0.0081;0;0;0.088;0;1.1497;0;0;0;0;0;0;0;0;0;0;0;0;0.0268;0.0049;1.2573;1.2573;0;40.745;40.745;18.255;0.041;1232.5;1020.1;1;0.0196;0.0196;0;0;0;0;0;0;1.2377;1.1497;0;16.865;19.529;15.422;17.858;98.443;98.443;11.35;10.048;9.1883;1.3019;0.8598;0.1147;0.0758;0.8095;182.44;0.7573;0
30/03/21 14:00;37.785;49.276;31.038;45.65;44.35;90;44.35;626.3;138.5;487.8;22.69;3.0299;0;682.16;49.688;112.66;0;16.952;861.46;0;861.46;682.16;112.66;49.688;16.952;0.7919;0.0774;0;0.0197;841.67;19.787;0;0;4.0408;15.746;832.93;2.8499;1.1133;0.1839;1.4754;0.0773;835.78;5.8917;4.7751;0.7886;0.3195;0.0084;837.53;676.27;111.68;43.852;1.1208;279;224.88;86.223;2.8902;3.1582;45.429;4.6016;45.697;0;1;0;0;1.3755;0.977;1;1;0.9187;0.0712;0.9966;0.9984;1;0.9675;0.9354;0.993;0.993;1;0.993;0.993;0.9669;0.8826;0.0661;2.587;2.6183;0.0158;-0.0021;0.2975;0.0161;0.0573;0.008;0;0;0.088;0;2.041;0;0;0;0;0;0;0;0;0;0;0;0;0.0461;0.0151;2.1645;2.1645;0;57.282;57.282;34.593;0.0415;2254.8;959.95;1;0.0355;0.0355;0;0;0;0;0;0;2.129;2.041;0;15.939;18.457;15.03;17.404;98.36;98.36;20.675;17.299;16.312;3.3762;0.9869;0.1633;0.0477;0.789;36.761;0.759;0
30/03/21 15:00;27.625;62.379;24.253;30.568;59.432;90;59.432;461.6;131.1;330.5;23.22;2.9599;0;649.87;47.394;134.24;0;21.551;853.05;0;853.05;649.87;134.24;47.394;21.551;0.7618;0.0808;0;0.0253;826.94;26.116;0;0;5.8951;20.221;818.96;2.1877;0.5406;0.1117;1.4505;0.085;821.15;5.7885;4.5491;0.9397;0.2905;0.0093;823.02;644.78;133.19;39.758;1.235;118.04;95.137;37.754;7.6637;1.6718;24.048;4.0572;18.056;0;1;0;0;1.848;0.9694;1;1;0.8756;0.0617;0.9973;0.9992;1;0.9648;0.9356;0.993;0.993;1;0.993;0.993;0.96;0.8389;0.0573;2.5617;2.5295;0.0152;-0.0022;0.2873;0.0156;0.0553;0.0042;0;0;0.088;0;1.9735;0;0;0;0;0;0;0;0;0;0;0;0;0.0446;0.0142;2.0953;2.0953;0;57.232;57.232;34.012;0.0415;2180.4;960.96;1;0.0338;0.0338;0;0;0;0;0;0;2.0615;1.9735;0;15.582;18.043;14.676;16.994;98.386;98.386;20.473;16.746;15.772;3.7275;0.9736;0.1821;0.0476;0.7704;40.985;0.7545;0
30/03/21 16:00;16.281;72.929;47.161;16.989;28.136;90;28.136;122.31;117.6;4.7064;23.16;2.35;0;11.414;109.29;3.4979;0;1.373;125.58;0;125.58;11.414;3.4979;109.29;1.373;0.0909;0.8813;0;0.0109;119.99;5.5893;0;0;4.3934;1.196;115.54;3.6126;0.1255;0.0385;3.4154;0.0332;119.15;0.8399;0.0799;0.0245;0.7343;0.0012;115.94;11.209;3.435;100.75;0.1426;71.171;57.364;22.063;1.3244;0.8393;12.074;0.4047;11.589;0;1;0;0;1.0268;0.9555;1;1;0.9598;0.1289;0.9697;0.9889;1;0.9672;0.8111;0.993;0.993;1;0.993;0.993;0.92;0.9218;0.1038;0.3771;0.3747;0.0023;0.0178;0.004;0.0025;0.0087;0.0023;0;0;0.088;0;0.2344;0;0;0;0;0;0;0;0;0;0;0;0;0.007;0.0005;0.3297;0.3297;0;27.901;27.901;4.7414;0.041;319.32;1032.6;1;0.0073;0.0073;0;0;0;0;0;0;0.3224;0.2344;0;16.656;19.287;11.843;13.714;97.793;97.793;3.0139;2.6351;1.8737;0.3788;0.7615;0.1257;0.2526;0.6217;71.141;0.5799;0
30/03/21 17:00;5.3249;81.346;76.993;5.3859;7.7726;90;7.7726;31.509;30.998;0.5114;21.84;2.81;0;1.2402;30.731;0.3026;0;0.0275;32.302;0;32.302;1.2402;0.3026;30.731;0.0275;0.0384;0.9522;0;0.0009;32.132;0.1701;0;0;0.1471;0.023;30.272;1.6344;0.2833;0.0691;1.2809;0.001;31.907;0.2249;0.0087;0.0021;0.2141;0;30.276;0.9483;0.2314;29.089;0.0035;18.335;14.778;5.4194;0.0032;0.2114;3.0416;0.0037;3.2498;0;1;0;0;1.0251;0.9947;1;1;0.9952;0.1646;0.9488;0.77;1;0.9578;0.7753;0.993;0.993;1;0.993;0.993;0.9372;0.9466;0.1267;0.097;0.0976;0.0006;0.0111;-0.0007;0.0006;0.0021;0.0005;0;0;0.088;0;-0.0104;0;0;0;0;0;0;0;0;0;0;0;0;0.0017;0.0001;0.0815;0.0815;0;23.097;23.097;1.2568;0.0415;81.829;995.86;1;0.0039;0.0039;0;0;0;0;0;0;0.0776;-0.0104;0;16.004;18.532;-2.0443;-2.3673;95.214;95.214;0.7752;0.6513;-0.0832;0.124;0.7345;0.1599;0.9474;0;18.332;0;0
30/03/21 18:00;0;0;90;0;0;90;0;0;0;0;19.04;3.0399;0;0;0;0;0;0;0;0;0;0;0;0;0;1;1;1;1;0;0;0;0;0;0;0;0;0;0;0;0;0;0;0;0;0;0;0;0;0;0;0;0;0;0;0;0;0;0;0;0;0;0;0;1;1;1;1;1;1;1;1;1;1;1;1;1;1;1;1;1;1;1;0;0;0;0;0;0;0;0;0;0.0004;0.088;0;-0.0884;0;0;0;0;0;0;0;0;0;0;0;0;0;0;0;0;0;0;0;-19.04;0;0;0;0;0.0004;0;0;0;0;0;0;0;-0.0004;-0.0884;0;0;0;0;0;0;0;0;0;-0.7063;0;0.7063;1;1;0;0;0;0
30/03/21 19:00;0;0;90;0;0;90;0;0;0;0;14.85;3.1199;0;0;0;0;0;0;0;0;0;0;0;0;0;1;1;1;1;0;0;0;0;0;0;0;0;0;0;0;0;0;0;0;0;0;0;0;0;0;0;0;0;0;0;0;0;0;0;0;0;0;0;0;1;1;1;1;1;1;1;1;1;1;1;1;1;1;1;1;1;1;1;0;0;0;0;0;0;0;0;0;0.0004;0.088;0;-0.0884;0;0;0;0;0;0;0;0;0;0;0;0;0;0;0;0;0;0;0;-14.85;0;0;0;0;0.0004;0;0;0;0;0;0;0;-0.0004;-0.0884;0;0;0;0;0;0;0;0;0;-0.7063;0;0.7063;1;1;0;0;0;0
30/03/21 20:00;0;0;90;0;0;90;0;0;0;0;12.8;3.0299;0;0;0;0;0;0;0;0;0;0;0;0;0;1;1;1;1;0;0;0;0;0;0;0;0;0;0;0;0;0;0;0;0;0;0;0;0;0;0;0;0;0;0;0;0;0;0;0;0;0;0;0;1;1;1;1;1;1;1;1;1;1;1;1;1;1;1;1;1;1;1;0;0;0;0;0;0;0;0;0;0.0004;0.088;0;-0.0884;0;0;0;0;0;0;0;0;0;0;0;0;0;0;0;0;0;0;0;-12.8;0;0;0;0;0.0004;0;0;0;0;0;0;0;-0.0004;-0.0884;0;0;0;0;0;0;0;0;0;-0.7063;0;0.7063;1;1;0;0;0;0
30/03/21 21:00;0;0;90;0;0;90;0;0;0;0;11.68;2.83;0;0;0;0;0;0;0;0;0;0;0;0;0;1;1;1;1;0;0;0;0;0;0;0;0;0;0;0;0;0;0;0;0;0;0;0;0;0;0;0;0;0;0;0;0;0;0;0;0;0;0;0;1;1;1;1;1;1;1;1;1;1;1;1;1;1;1;1;1;1;1;0;0;0;0;0;0;0;0;0;0.0004;0.088;0;-0.0884;0;0;0;0;0;0;0;0;0;0;0;0;0;0;0;0;0;0;0;-11.68;0;0;0;0;0.0004;0;0;0;0;0;0;0;-0.0004;-0.0884;0;0;0;0;0;0;0;0;0;-0.7063;0;0.7063;1;1;0;0;0;0
30/03/21 22:00;0;0;90;0;0;90;0;0;0;0;11.23;2.8501;0;0;0;0;0;0;0;0;0;0;0;0;0;1;1;1;1;0;0;0;0;0;0;0;0;0;0;0;0;0;0;0;0;0;0;0;0;0;0;0;0;0;0;0;0;0;0;0;0;0;0;0;1;1;1;1;1;1;1;1;1;1;1;1;1;1;1;1;1;1;1;0;0;0;0;0;0;0;0;0;0.0004;0.088;0;-0.0884;0;0;0;0;0;0;0;0;0;0;0;0;0;0;0;0;0;0;0;-11.23;0;0;0;0;0.0004;0;0;0;0;0;0;0;-0.0004;-0.0884;0;0;0;0;0;0;0;0;0;-0.7063;0;0.7063;1;1;0;0;0;0
30/03/21 23:00;0;0;90;0;0;90;0;0;0;0;10.8;3.1199;0;0;0;0;0;0;0;0;0;0;0;0;0;1;1;1;1;0;0;0;0;0;0;0;0;0;0;0;0;0;0;0;0;0;0;0;0;0;0;0;0;0;0;0;0;0;0;0;0;0;0;0;1;1;1;1;1;1;1;1;1;1;1;1;1;1;1;1;1;1;1;0;0;0;0;0;0;0;0;0;0.0004;0.088;0;-0.0884;0;0;0;0;0;0;0;0;0;0;0;0;0;0;0;0;0;0;0;-10.8;0;0;0;0;0.0004;0;0;0;0;0;0;0;-0.0004;-0.0884;0;0;0;0;0;0;0;0;0;-0.7063;0;0.7063;1;1;0;0;0;0
31/03/21 00:00;0;0;90;0;0;90;0;0;0;0;9.8298;3.5001;0;0;0;0;0;0;0;0;0;0;0;0;0;1;1;1;1;0;0;0;0;0;0;0;0;0;0;0;0;0;0;0;0;0;0;0;0;0;0;0;0;0;0;0;0;0;0;0;0;0;0;0;1;1;1;1;1;1;1;1;1;1;1;1;1;1;1;1;1;1;1;0;0;0;0;0;0;0;0;0;0.0004;0.088;0;-0.0884;0;0;0;0;0;0;0;0;0;0;0;0;0;0;0;0;0;0;0;-9.8298;0;0;0;0;0.0004;0;0;0;0;0;0;0;-0.0004;-0.0884;0;0;0;0;0;0;0;0;0;-0.7063;0;0.7063;1;1;0;0;0;0
31/03/21 01:00;0;0;90;0;0;90;0;0;0;0;9.4303;3.9001;0;0;0;0;0;0;0;0;0;0;0;0;0;1;1;1;1;0;0;0;0;0;0;0;0;0;0;0;0;0;0;0;0;0;0;0;0;0;0;0;0;0;0;0;0;0;0;0;0;0;0;0;1;1;1;1;1;1;1;1;1;1;1;1;1;1;1;1;1;1;1;0;0;0;0;0;0;0;0;0;0.0004;0.088;0;-0.0884;0;0;0;0;0;0;0;0;0;0;0;0;0;0;0;0;0;0;0;-9.4303;0;0;0;0;0.0004;0;0;0;0;0;0;0;-0.0004;-0.0884;0;0;0;0;0;0;0;0;0;-0.7063;0;0.7063;1;1;0;0;0;0
31/03/21 02:00;0;0;90;0;0;90;0;0;0;0;9.9003;4.04;0;0;0;0;0;0;0;0;0;0;0;0;0;1;1;1;1;0;0;0;0;0;0;0;0;0;0;0;0;0;0;0;0;0;0;0;0;0;0;0;0;0;0;0;0;0;0;0;0;0;0;0;1;1;1;1;1;1;1;1;1;1;1;1;1;1;1;1;1;1;1;0;0;0;0;0;0;0;0;0;0.0004;0.088;0;-0.0884;0;0;0;0;0;0;0;0;0;0;0;0;0;0;0;0;0;0;0;-9.9003;0;0;0;0;0.0004;0;0;0;0;0;0;0;-0.0004;-0.0884;0;0;0;0;0;0;0;0;0;-0.7063;0;0.7063;1;1;0;0;0;0
31/03/21 03:00;0;0;90;0;0;90;0;0;0;0;8.9397;3.85;0;0;0;0;0;0;0;0;0;0;0;0;0;1;1;1;1;0;0;0;0;0;0;0;0;0;0;0;0;0;0;0;0;0;0;0;0;0;0;0;0;0;0;0;0;0;0;0;0;0;0;0;1;1;1;1;1;1;1;1;1;1;1;1;1;1;1;1;1;1;1;0;0;0;0;0;0;0;0;0;0.0004;0.088;0;-0.0884;0;0;0;0;0;0;0;0;0;0;0;0;0;0;0;0;0;0;0;-8.9397;0;0;0;0;0.0004;0;0;0;0;0;0;0;-0.0004;-0.0884;0;0;0;0;0;0;0;0;0;-0.7063;0;0.7063;1;1;0;0;0;0
31/03/21 04:00;0;0;90;0;0;90;0;0;0;0;8.6;3.5199;0;0;0;0;0;0;0;0;0;0;0;0;0;1;1;1;1;0;0;0;0;0;0;0;0;0;0;0;0;0;0;0;0;0;0;0;0;0;0;0;0;0;0;0;0;0;0;0;0;0;0;0;1;1;1;1;1;1;1;1;1;1;1;1;1;1;1;1;1;1;1;0;0;0;0;0;0;0;0;0;0.0004;0.088;0;-0.0884;0;0;0;0;0;0;0;0;0;0;0;0;0;0;0;0;0;0;0;-8.6;0;0;0;0;0.0004;0;0;0;0;0;0;0;-0.0004;-0.0884;0;0;0;0;0;0;0;0;0;-0.7063;0;0.7063;1;1;0;0;0;0
31/03/21 05:00;0;0;90;0;0;90;0;0;0;0;8.3999;3.45;0;0;0;0;0;0;0;0;0;0;0;0;0;1;1;1;1;0;0;0;0;0;0;0;0;0;0;0;0;0;0;0;0;0;0;0;0;0;0;0;0;0;0;0;0;0;0;0;0;0;0;0;1;1;1;1;1;1;1;1;1;1;1;1;1;1;1;1;1;1;1;0;0;0;0;0;0;0;0;0;0.0004;0.088;0;-0.0884;0;0;0;0;0;0;0;0;0;0;0;0;0;0;0;0;0;0;0;-8.3999;0;0;0;0;0.0004;0;0;0;0;0;0;0;-0.0004;-0.0884;0;0;0;0;0;0;0;0;0;-0.7063;0;0.7063;1;1;0;0;0;0
31/03/21 06:00;4.5927;-81.397;78.802;4.6448;6.6814;-90;-6.6814;47.703;23.701;24.003;7.9798;3.93;0;58.213;18.445;12.595;0;0.0308;89.284;0;89.284;58.213;12.595;18.445;0.0308;0.652;0.2069;0;0.0003;89.189;0.0945;0;0;0.0688;0.0257;68.036;20.529;16.234;3.5126;0.7806;0.0011;88.565;0.6243;0.4075;0.0882;0.1286;0;68.038;41.571;8.9946;17.467;0.0039;11.124;8.966;3.2267;0.001;0.1322;1.9018;0.0015;2.0331;0;1;0;0;1.8716;0.9989;1;1;0.9963;0.1651;0.7682;0.7192;1;0.9572;0.776;0.993;0.993;1;0.993;0.993;0.762;0.947;0.1272;0.2681;0.2089;0.0013;0.0154;-0.0109;0.0014;0.005;0.0004;0;0;0.088;0;0.0974;0;0;0;0;0;0;0;0;0;0;0;0;0.0041;0.0002;0.1921;0.1921;0;10.746;10.746;2.7667;0.0407;177.2;1084.1;1;0.0067;0.0067;0;0;0;0;0;0;0.1854;0.0974;0;13.649;15.805;6.9234;8.0172;96.536;96.536;2.1428;1.5352;0.7788;0.6076;0.7565;0.2835;0.353;0.3634;10.981;0.3577;0
31/03/21 07:00;15.161;-73.336;50.634;15.793;25.512;-90;-25.512;189.51;71.203;118.3;12.29;3.4399;0;286.92;45.335;57.101;0;1.7553;391.11;0;391.11;286.92;57.101;45.335;1.7553;0.7336;0.1204;0;0.0045;388.05;3.0613;0;0;1.5552;1.5061;379.26;6.0753;3.8216;0.7606;1.4435;0.0496;385.33;2.7163;2.0084;0.3997;0.3065;0.0017;379.39;281.09;55.941;42.03;0.1979;29.721;23.955;9.2447;0.39;0.3379;4.8602;0.1305;4.8081;0;1;0;0;2.0638;0.9922;1;1;0.9657;0.142;0.9842;0.9866;1;0.9668;0.7995;0.993;0.993;1;0.993;0.993;0.9697;0.9271;0.1127;1.1745;1.1529;0.0069;0.0113;0.011;0.0079;0.0279;0.0009;0;0;0.088;0;0.9558;0;0;0;0;0;0;0;0;0;0;0;0;0.0225;0.0033;1.0612;1.0612;0;27.702;27.702;15.412;0.0406;989.03;1073;1;0.0174;0.0174;0;0;0;0;0;0;1.0438;0.9558;0;17.212;19.932;15.502;17.951;98.356;98.356;9.3866;8.4812;7.6385;0.9054;0.8427;0.0965;0.0898;0.8138;29.026;0.8063;0
31/03/21 08:00;26.542;-62.926;24.037;29.291;60;-90;-60;434.2;73.298;360.9;14.93;2.8799;0;737.6;22.519;88.441;0;20.624;869.19;0;869.19;737.6;88.441;22.519;20.624;0.8486;0.0496;0;0.0237;847.05;22.134;0;0;2.8339;19.3;839.67;1.4593;0.6081;0.0729;0.6911;0.0872;841.12;5.9294;5.1632;0.6191;0.1378;0.0093;842.75;731.83;87.749;18.856;1.2274;84.854;68.392;27.094;3.7699;1.0918;15.705;3.0888;13.027;0;1;0;0;2.0018;0.9745;1;1;0.8742;0.0642;0.9983;0.9992;1;0.9646;0.9337;0.993;0.993;1;0.993;0.993;0.966;0.8373;0.0595;2.6102;2.5714;0.0155;-0.0022;0.2214;0.0164;0.058;0.0029;0;0;0.088;0;2.0731;0;0;0;0;0;0;0;0;0;0;0;0;0.0467;0.0146;2.1981;2.1981;0;49.58;49.58;34.65;0.0413;2215.5;992.17;1;0.037;0.037;0;0;0;0;0;0;2.1611;2.0731;0;16.043;18.577;15.13;17.521;98.316;98.316;20.861;17.567;16.568;3.2931;0.9991;0.1579;0.0479;0.7942;19.609;0.7836;0
31/03/21 09:00;36.781;-50.073;30.934;44.27;45.73;-90;-45.73;615.01;101.4;513.61;19.6;1.65;0;735.78;32.11;91.086;0;17.642;876.62;0;876.62;735.78;91.086;32.11;17.642;0.8393;0.0568;0;0.0201;857.5;19.114;0;0;2.7256;16.389;849.18;2.3221;1.1561;0.1431;0.9529;0.07;851.5;6.0025;5.1504;0.6376;0.2057;0.0088;853.57;729.47;90.306;28.226;1.1747;261.99;211.16;82.078;2.0771;2.8517;41.021;4.391;41.796;0;1;0;0;1.4254;0.9782;1;1;0.9151;0.071;0.9973;0.9984;1;0.9673;0.9438;0.993;0.993;1;0.993;0.993;0.9687;0.879;0.0666;2.6325;2.6573;0.016;-0.0021;0.2781;0.0166;0.0587;0.0073;0;0;0.088;0;2.0948;0;0;0;0;0;0;0;0;0;0;0;0;0.0473;0.0155;2.2199;2.2199;0;54.794;54.794;35.194;0.0414;2288.4;970.06;1;0.0371;0.0371;0;0;0;0;0;0;2.1828;2.0948;0;16.064;18.602;15.159;17.554;98.33;98.33;21.039;17.741;16.742;3.2974;0.9995;0.1567;0.0475;0.7958;24.06;0.7688;0
31/03/21 10:00;44.981;-33.458;36.166;61.115;28.885;-90;-28.885;741.9;122.3;619.6;21.64;0.61;0;707.64;41.206;89.498;0;8.7685;847.11;0;847.11;707.64;89.498;41.206;8.7685;0.8354;0.059;0;0.0104;837.74;9.3694;0;0;1.7243;7.6451;826.72;5.1608;3.262;0.4126;1.2819;0.2044;831.88;5.8642;4.9535;0.6265;0.2764;0.0079;829.12;699.42;88.459;37.924;0.9111;397.85;320.67;126.01;0.5493;4.0728;58.586;2.4003;62.109;0;1;0;0;1.1418;0.9889;1;1;0.9582;0.1281;0.9938;0.9954;1;0.9673;0.8167;0.993;0.993;1;0.993;0.993;0.9759;0.9203;0.1039;2.5439;2.6207;0.0158;-0.0021;0.2851;0.0163;0.0576;0.0104;0;0;0.088;0;2.0523;0;0;0;0;0;0;0;0;0;0;0;0;0.0464;0.0151;2.1761;2.1761;0;55.936;55.936;34.296;0.0415;2255.5;964.81;1;0.0359;0.0359;0;0;0;0;0;0;2.1403;2.0523;0;16.296;18.871;15.369;17.796;98.351;98.351;20.331;17.392;16.402;2.9389;0.99;0.1446;0.0487;0.8067;26.954;0.767;0
31/03/21 11:00;49.805;-12.453;39.065;79.674;10.326;-90;-10.326;809.81;134.3;675.5;22.85;1.3599;0;686.62;47.1;88.248;0;1.246;823.22;0;823.22;686.62;88.248;47.1;1.246;0.8341;0.0587;0;0.0015;821.82;1.3985;0;0;0.3598;1.0387;809.26;6.8107;4.3214;0.5554;1.8876;0.0463;816.07;5.7527;4.8064;0.6177;0.3272;0.0015;809.5;677.5;87.075;44.525;0.1596;472.65;380.96;148.62;0.0158;4.8668;70.007;0.2419;74.858;0;1;0;0;1.0166;0.9983;1;1;0.9924;0.1664;0.9917;0.9937;1;0.9593;0.7752;0.993;0.993;1;0.993;0.993;0.983;0.9453;0.1281;2.4721;2.5857;0.0156;-0.0022;0.2861;0.016;0.0568;0.0124;0;0;0.088;0;2.0177;0;0;0;0;0;0;0;0;0;0;0;0;0.0457;0.0147;2.1407;2.1407;0;56.437;56.437;33.587;0.0415;2224.4;962.35;1;0.035;0.035;0;0;0;0;0;0;2.1057;2.0177;0;16.496;19.102;15.548;18.005;98.367;98.367;19.757;17.108;16.126;2.6488;0.9827;0.1341;0.0497;0.8162;28.256;0.7673;0
31/03/21 12:00;49.978;10.856;39.166;81.013;8.9874;90;8.9874;814.1;137.6;676.5;23.46;2.04;0;684.91;48.446;89.961;0;0.9495;824.27;0;824.27;684.91;89.961;48.446;0.9495;0.8309;0.0599;0;0.0012;823.18;1.0876;0;0;0.2946;0.793;810.48;6.9404;4.3508;0.5715;1.9831;0.035;817.42;5.7623;4.7944;0.6297;0.3371;0.0011;810.65;675.77;88.76;45.832;0.1205;476.4;383.98;147.46;0.0095;5.057;72.743;0.1757;77.791;0;1;0;0;1.0125;0.9987;1;1;0.9939;0.1649;0.9915;0.9936;1;0.9585;0.775;0.993;0.993;1;0.993;0.993;0.9833;0.946;0.1269;2.4753;2.595;0.0156;-0.0022;0.2934;0.016;0.0568;0.0128;0;0;0.088;0;2.019;0;0;0;0;0;0;0;0;0;0;0;0;0.0457;0.0148;2.1419;2.1419;0;57.117;57.117;33.656;0.0415;2232.2;959.53;1;0.0349;0.0349;0;0;0;0;0;0;2.107;2.019;0;16.484;19.088;15.538;17.993;98.369;98.369;19.782;17.118;16.136;2.6644;0.9824;0.1347;0.0497;0.8157;28.972;0.7651;0
31/03/21 13:00;45.445;32.132;36.451;62.36;27.64;90;27.64;749.6;136.3;613.3;23.94;2.43;0;692.31;47.663;96.798;0;8.1265;844.89;0;844.89;692.31;96.798;47.663;8.1265;0.8194;0.066;0;0.0096;835.97;8.9241;0;0;1.8622;7.0619;824.65;5.465;3.3059;0.4622;1.4943;0.2025;830.12;5.8518;4.8461;0.6776;0.3206;0.0075;826.82;684.15;95.658;43.986;0.8547;406.21;327.41;129.49;0.5447;4.1029;59.018;2.1657;62.576;0;1;0;0;1.1271;0.9894;1;1;0.9609;0.131;0.9934;0.9952;1;0.9671;0.8084;0.993;0.993;1;0.993;0.993;0.976;0.9229;0.1052;2.5372;2.6147;0.0157;-0.0021;0.3059;0.0161;0.057;0.0104;0;0;0.088;0;2.0278;0;0;0;0;0;0;0;0;0;0;0;0;0.0459;0.015;2.1509;2.1509;0;58.216;58.216;34.276;0.0416;2250.5;955.71;1;0.0351;0.0351;0;0;0;0;0;0;2.1158;2.0278;0;16.149;18.7;15.225;17.63;98.37;98.37;20.277;17.19;16.206;3.0877;0.9835;0.1523;0.0485;0.7992;30.924;0.7595;0
31/03/21 14:00;37.432;49.051;31.361;45.383;44.617;90;44.617;624.5;135;489.5;24.56;2.6201;0;687.68;47.527;111.65;0;17.097;863.96;0;863.96;687.68;111.65;47.527;17.097;0.796;0.0748;0;0.0198;844.17;19.788;0;0;3.8991;15.889;835.32;2.9409;1.2511;0.2031;1.411;0.0757;838.26;5.9092;4.8138;0.7815;0.3054;0.0085;839.8;681.62;110.67;41.911;1.1247;276.26;222.66;86.174;2.8224;3.0725;44.197;4.4862;44.447;0;1;0;0;1.3834;0.9771;1;1;0.918;0.0707;0.9965;0.9982;1;0.9674;0.9369;0.993;0.993;1;0.993;0.993;0.9669;0.8818;0.0658;2.5945;2.6226;0.0158;-0.0021;0.3172;0.016;0.0569;0.0077;0;0;0.088;0;2.0272;0;0;0;0;0;0;0;0;0;0;0;0;0.0458;0.0151;2.1502;2.1502;0;59.31;59.31;34.75;0.0416;2258.7;951.94;1;0.035;0.035;0;0;0;0;0;0;2.1152;2.0272;0;15.788;18.282;14.885;17.236;98.374;98.374;20.735;17.184;16.201;3.5509;0.9828;0.1713;0.0474;0.7814;35.247;0.7525;0
31/03/21 15:00;27.301;62.124;24.55;30.282;59.718;90;59.718;450.41;135.6;314.81;24.6;2.57;0;624.31;50.819;134.92;0;21.212;831.26;0;831.26;624.31;134.92;50.819;21.212;0.751;0.0867;0;0.0255;804.99;26.266;0;0;6.3654;19.901;797.07;2.283;0.5257;0.1136;1.5574;0.0863;799.36;5.6349;4.3702;0.9444;0.3112;0.0092;800.95;619.41;133.86;42.585;1.2163;115.43;93.034;37.873;8.3594;1.6291;23.434;3.8755;16.704;0;1;0;0;1.8456;0.9684;1;1;0.8747;0.0618;0.9971;0.9992;1;0.9647;0.9338;0.993;0.993;1;0.993;0.993;0.9589;0.838;0.0573;2.4963;2.4618;0.0148;-0.0021;0.2841;0.0152;0.0537;0.0041;0;0;0.088;0;1.9146;0;0;0;0;0;0;0;0;0;0;0;0;0.0433;0.0134;2.0352;2.0352;0;57.717;57.717;33.117;0.0415;2122.2;958.99;1;0.0327;0.0327;0;0;0;0;0;0;2.0026;1.9146;0;15.532;17.985;14.611;16.919;98.396;98.396;19.95;16.265;15.301;3.6847;0.9642;0.1847;0.0483;0.767;44.095;0.7511;0
31/03/21 16:00;15.979;72.664;48.115;16.698;27.476;90;27.476;116.99;113;3.9892;23.85;2.26;0;9.6749;105.5;2.9031;0;1.2537;119.33;0;119.33;9.6749;2.9031;105.5;1.2537;0.0811;0.8946;0;0.0105;114.16;5.1717;0;0;4.0831;1.0886;109.87;3.488;0.1117;0.0335;3.3112;0.0315;113.36;0.7991;0.0677;0.0203;0.7099;0.0012;110.24;9.4955;2.8493;97.396;0.1324;68.404;55.134;21.171;1.1768;0.8027;11.547;0.3671;11.172;0;1;0;0;1.02;0.9567;1;1;0.9613;0.1317;0.9692;0.9884;1;0.9671;0.8076;0.993;0.993;1;0.993;0.993;0.9207;0.9232;0.1056;0.3584;0.3564;0.0021;0.0177;0.0044;0.0023;0.0082;0.0022;0;0;0.088;0;0.2173;0;0;0;0;0;0;0;0;0;0;0;0;0.0066;0.0005;0.3124;0.3124;0;28.363;28.363;4.513;0.0411;303.66;1028.7;1;0.0071;0.0071;0;0;0;0;0;0;0.3053;0.2173;0;16.605;19.228;11.552;13.377;97.742;97.742;2.864;2.4964;1.7367;0.3676;0.7597;0.1284;0.2653;0.6064;68.379;0.5654;0
31/03/21 17:00;5.0343;81.077;77.712;5.0957;7.344;90;7.344;25.2;24.898;0.3015;22.71;2.67;0;0.7313;24.734;0.1517;0;0.0196;25.636;0;25.636;0.7313;0.1517;24.734;0.0196;0.0285;0.9656;0;0.0008;25.512;0.1243;0;0;0.1079;0.0164;24.077;1.2562;0.1807;0.0375;1.0372;0.0007;25.333;0.1786;0.0051;0.0011;0.1724;0;24.08;0.5454;0.1131;23.416;0.0025;14.744;11.884;4.3563;0.002;0.1701;2.4469;0.0025;2.615;0;1;0;0;1.0173;0.9952;1;1;0.9956;0.1645;0.9504;0.7511;1;0.9576;0.7754;0.993;0.993;1;0.993;0.993;0.9392;0.9467;0.1266;0.077;0.0777;0.0005;0.0099;-0.0004;0.0005;0.0017;0.0004;0;0;0.088;0;-0.0277;0;0;0;0;0;0;0;0;0;0;0;0;0.0014;0.0001;0.0637;0.0637;0;23.713;23.713;1.0034;0.0417;64.787;982.87;1;0.0034;0.0034;0;0;0;0;0;0;0.0603;-0.0277;0;15.757;18.246;-6.8638;-7.9481;94.636;94.636;0.6153;0.5089;-0.2217;0.1064;0.7306;0.1729;1.1874;0;14.742;0;0
31/03/21 18:00;0;0;90;0;0;90;0;0;0;0;17.57;2.7899;0;0;0;0;0;0;0;0;0;0;0;0;0;1;1;1;1;0;0;0;0;0;0;0;0;0;0;0;0;0;0;0;0;0;0;0;0;0;0;0;0;0;0;0;0;0;0;0;0;0;0;0;1;1;1;1;1;1;1;1;1;1;1;1;1;1;1;1;1;1;1;0;0;0;0;0;0;0;0;0;0.0004;0.088;0;-0.0884;0;0;0;0;0;0;0;0;0;0;0;0;0;0;0;0;0;0;0;-17.57;0;0;0;0;0.0004;0;0;0;0;0;0;0;-0.0004;-0.0884;0;0;0;0;0;0;0;0;0;-0.7063;0;0.7063;1;1;0;0;0;0
31/03/21 19:00;0;0;90;0;0;90;0;0;0;0;14.7;2.81;0;0;0;0;0;0;0;0;0;0;0;0;0;1;1;1;1;0;0;0;0;0;0;0;0;0;0;0;0;0;0;0;0;0;0;0;0;0;0;0;0;0;0;0;0;0;0;0;0;0;0;0;1;1;1;1;1;1;1;1;1;1;1;1;1;1;1;1;1;1;1;0;0;0;0;0;0;0;0;0;0.0004;0.088;0;-0.0884;0;0;0;0;0;0;0;0;0;0;0;0;0;0;0;0;0;0;0;-14.7;0;0;0;0;0.0004;0;0;0;0;0;0;0;-0.0004;-0.0884;0;0;0;0;0;0;0;0;0;-0.7063;0;0.7063;1;1;0;0;0;0
31/03/21 20:00;0;0;90;0;0;90;0;0;0;0;13.1;2.6901;0;0;0;0;0;0;0;0;0;0;0;0;0;1;1;1;1;0;0;0;0;0;0;0;0;0;0;0;0;0;0;0;0;0;0;0;0;0;0;0;0;0;0;0;0;0;0;0;0;0;0;0;1;1;1;1;1;1;1;1;1;1;1;1;1;1;1;1;1;1;1;0;0;0;0;0;0;0;0;0;0.0004;0.088;0;-0.0884;0;0;0;0;0;0;0;0;0;0;0;0;0;0;0;0;0;0;0;-13.1;0;0;0;0;0.0004;0;0;0;0;0;0;0;-0.0004;-0.0884;0;0;0;0;0;0;0;0;0;-0.7063;0;0.7063;1;1;0;0;0;0
31/03/21 21:00;0;0;90;0;0;90;0;0;0;0;12.14;2.6;0;0;0;0;0;0;0;0;0;0;0;0;0;1;1;1;1;0;0;0;0;0;0;0;0;0;0;0;0;0;0;0;0;0;0;0;0;0;0;0;0;0;0;0;0;0;0;0;0;0;0;0;1;1;1;1;1;1;1;1;1;1;1;1;1;1;1;1;1;1;1;0;0;0;0;0;0;0;0;0;0.0004;0.088;0;-0.0884;0;0;0;0;0;0;0;0;0;0;0;0;0;0;0;0;0;0;0;-12.14;0;0;0;0;0.0004;0;0;0;0;0;0;0;-0.0004;-0.0884;0;0;0;0;0;0;0;0;0;-0.7063;0;0.7063;1;1;0;0;0;0
31/03/21 22:00;0;0;90;0;0;90;0;0;0;0;11.53;2.7099;0;0;0;0;0;0;0;0;0;0;0;0;0;1;1;1;1;0;0;0;0;0;0;0;0;0;0;0;0;0;0;0;0;0;0;0;0;0;0;0;0;0;0;0;0;0;0;0;0;0;0;0;1;1;1;1;1;1;1;1;1;1;1;1;1;1;1;1;1;1;1;0;0;0;0;0;0;0;0;0;0.0004;0.088;0;-0.0884;0;0;0;0;0;0;0;0;0;0;0;0;0;0;0;0;0;0;0;-11.53;0;0;0;0;0.0004;0;0;0;0;0;0;0;-0.0004;-0.0884;0;0;0;0;0;0;0;0;0;-0.7063;0;0.7063;1;1;0;0;0;0
31/03/21 23:00;0;0;90;0;0;90;0;0;0;0;10.9;2.8699;0;0;0;0;0;0;0;0;0;0;0;0;0;1;1;1;1;0;0;0;0;0;0;0;0;0;0;0;0;0;0;0;0;0;0;0;0;0;0;0;0;0;0;0;0;0;0;0;0;0;0;0;1;1;1;1;1;1;1;1;1;1;1;1;1;1;1;1;1;1;1;0;0;0;0;0;0;0;0;0;0.0004;0.088;0;-0.0884;0;0;0;0;0;0;0;0;0;0;0;0;0;0;0;0;0;0;0;-10.9;0;0;0;0;0.0004;0;0;0;0;0;0;0;-0.0004;-0.0884;0;0;0;0;0;0;0;0;0;-0.7063;0;0.7063;1;1;0;0;0;0
01/04/21 00:00;0;0;90;0;0;90;0;0;0;0;11.86;3.15;0;0;0;0;0;0;0;0;0;0;0;0;0;1;1;1;1;0;0;0;0;0;0;0;0;0;0;0;0;0;0;0;0;0;0;0;0;0;0;0;0;0;0;0;0;0;0;0;0;0;0;0;1;1;1;1;1;1;1;1;1;1;1;1;1;1;1;1;1;1;1;0;0;0;0;0;0;0;0;0;0.0004;0.088;0;-0.0884;0;0;0;0;0;0;0;0;0;0;0;0;0;0;0;0;0;0;0;-11.86;0;0;0;0;0.0004;0;0;0;0;0;0;0;-0.0004;-0.0884;0;0;0;0;0;0;0;0;0;-0.7063;0;0.7063;1;1;0;0;0;0
01/04/21 01:00;0;0;90;0;0;90;0;0;0;0;11.82;3.38;0;0;0;0;0;0;0;0;0;0;0;0;0;1;1;1;1;0;0;0;0;0;0;0;0;0;0;0;0;0;0;0;0;0;0;0;0;0;0;0;0;0;0;0;0;0;0;0;0;0;0;0;1;1;1;1;1;1;1;1;1;1;1;1;1;1;1;1;1;1;1;0;0;0;0;0;0;0;0;0;0.0004;0.088;0;-0.0884;0;0;0;0;0;0;0;0;0;0;0;0;0;0;0;0;0;0;0;-11.82;0;0;0;0;0.0004;0;0;0;0;0;0;0;-0.0004;-0.0884;0;0;0;0;0;0;0;0;0;-0.7063;0;0.7063;1;1;0;0;0;0
01/04/21 02:00;0;0;90;0;0;90;0;0;0;0;10.78;3.61;0;0;0;0;0;0;0;0;0;0;0;0;0;1;1;1;1;0;0;0;0;0;0;0;0;0;0;0;0;0;0;0;0;0;0;0;0;0;0;0;0;0;0;0;0;0;0;0;0;0;0;0;1;1;1;1;1;1;1;1;1;1;1;1;1;1;1;1;1;1;1;0;0;0;0;0;0;0;0;0;0.0004;0.088;0;-0.0884;0;0;0;0;0;0;0;0;0;0;0;0;0;0;0;0;0;0;0;-10.78;0;0;0;0;0.0004;0;0;0;0;0;0;0;-0.0004;-0.0884;0;0;0;0;0;0;0;0;0;-0.7063;0;0.7063;1;1;0;0;0;0
01/04/21 03:00;0;0;90;0;0;90;0;0;0;0;10.65;3.69;0;0;0;0;0;0;0;0;0;0;0;0;0;1;1;1;1;0;0;0;0;0;0;0;0;0;0;0;0;0;0;0;0;0;0;0;0;0;0;0;0;0;0;0;0;0;0;0;0;0;0;0;1;1;1;1;1;1;1;1;1;1;1;1;1;1;1;1;1;1;1;0;0;0;0;0;0;0;0;0;0.0004;0.088;0;-0.0884;0;0;0;0;0;0;0;0;0;0;0;0;0;0;0;0;0;0;0;-10.65;0;0;0;0;0.0004;0;0;0;0;0;0;0;-0.0004;-0.0884;0;0;0;0;0;0;0;0;0;-0.7063;0;0.7063;1;1;0;0;0;0
01/04/21 04:00;0;0;90;0;0;90;0;0;0;0;9.3;3.48;0;0;0;0;0;0;0;0;0;0;0;0;0;1;1;1;1;0;0;0;0;0;0;0;0;0;0;0;0;0;0;0;0;0;0;0;0;0;0;0;0;0;0;0;0;0;0;0;0;0;0;0;1;1;1;1;1;1;1;1;1;1;1;1;1;1;1;1;1;1;1;0;0;0;0;0;0;0;0;0;0.0004;0.088;0;-0.0884;0;0;0;0;0;0;0;0;0;0;0;0;0;0;0;0;0;0;0;-9.3;0;0;0;0;0.0004;0;0;0;0;0;0;0;-0.0004;-0.0884;0;0;0;0;0;0;0;0;0;-0.7063;0;0.7063;1;1;0;0;0;0
01/04/21 05:00;0;0;90;0;0;90;0;0;0;0;8.7197;3.47;0;0;0;0;0;0;0;0;0;0;0;0;0;1;1;1;1;0;0;0;0;0;0;0;0;0;0;0;0;0;0;0;0;0;0;0;0;0;0;0;0;0;0;0;0;0;0;0;0;0;0;0;1;1;1;1;1;1;1;1;1;1;1;1;1;1;1;1;1;1;1;0;0;0;0;0;0;0;0;0;0.0004;0.088;0;-0.0884;0;0;0;0;0;0;0;0;0;0;0;0;0;0;0;0;0;0;0;-8.7197;0;0;0;0;0.0004;0;0;0;0;0;0;0;-0.0004;-0.0884;0;0;0;0;0;0;0;0;0;-0.7063;0;0.7063;1;1;0;0;0;0
01/04/21 06:00;4.6321;-80.891;78.705;4.691;6.7492;-90;-6.7492;38.6;26.402;12.199;8.62;4.1499;0;29.585;23.403;7.0742;0;0.0267;60.09;0;60.09;29.585;7.0742;23.403;0.0267;0.4924;0.3899;0;0.0004;59.979;0.111;0;0;0.0887;0.0223;48.503;11.115;8.1702;1.9536;0.9905;0.001;59.619;0.3599;0.1775;0.0424;0.1399;0;48.505;21.238;5.0782;22.184;0.0034;14.009;11.193;4.2583;0.0013;0.1694;2.4364;0.0019;2.6045;0;1;0;0;1.5567;0.9982;1;1;0.9962;0.1651;0.8136;0.7222;1;0.9573;0.776;0.994;0.994;1;0.994;0.994;0.8072;0.9479;0.1273;0.1804;0.1512;0.0009;0.0136;-0.008;0.001;0.0036;0.0005;0;0;0.088;0;0.0427;0;0;0;0;0;0;0;0;0;0;0;0;0.0029;0.0001;0.1367;0.1367;0;10.6;10.6;1.98;0.0408;127.65;1070.6;1;0.006;0.006;0;0;0;0;0;0;0.1307;0.0427;0;14.427;16.706;4.508;5.2202;95.644;95.644;1.4422;1.0921;0.3413;0.35;0.7509;0.2427;0.5207;0.2366;13.935;0.2297;0
01/04/21 07:00;14.983;-72.972;51.17;15.637;25.185;-90;-25.185;225.41;39.599;185.81;12.93;3.4901;0;450.64;17.89;50.484;0;2.1428;521.16;0;521.16;450.64;50.484;17.89;2.1428;0.8647;0.0384;0;0.0041;518.72;2.437;0;0;0.6012;1.8358;507.98;7.6364;6.2976;0.7055;0.5717;0.0616;515.61;3.1123;2.7039;0.3029;0.1037;0.0018;508.03;441.64;49.476;16.614;0.2435;12.444;9.943;4.13;0.1474;0.1374;1.9764;0.0516;1.9663;0;1;0;0;2.3121;0.9953;1;1;0.9664;0.1433;0.9852;0.9859;1;0.9667;0.798;0.994;0.994;1;0.994;0.994;0.9747;0.9286;0.1137;1.565;1.5343;0.0092;0.0058;0.0467;0.0103;0.0366;0.0004;0;0;0.088;0;1.2802;0;0;0;0;0;0;0;0;0;0;0;0;0.0294;0.0055;1.3903;1.3903;0;33.644;33.644;20.714;0.0408;1319.9;1053.3;1;0.0221;0.0221;0;0;0;0;0;0;1.3682;1.2802;0;16.923;19.596;15.583;18.044;98.409;98.409;12.508;11.111;10.231;1.3966;0.8801;0.1117;0.0704;0.818;11.432;0.8157;0
01/04/21 08:00;26.335;-62.552;24.414;29.152;60;-90;-60;427.59;73.298;354.3;15.72;2.7001;0;727.24;22.862;87.884;0;21.38;859.36;0;859.36;727.24;87.884;22.862;21.38;0.8463;0.0515;0;0.0249;836.48;22.884;0;0;2.8771;20.007;829.98;1.4761;0.6096;0.0737;0.7023;0.0905;831.46;5.0189;4.3634;0.5273;0.1199;0.0082;832.92;722.26;87.283;19.162;1.2736;82.575;65.977;28.307;3.8274;1.0383;14.935;2.9376;12.146;0;1;0;0;2.0098;0.9734;1;1;0.8742;0.0642;0.9982;0.9992;1;0.9646;0.9337;0.994;0.994;1;0.994;0.994;0.9658;0.8382;0.0596;2.5807;2.5401;0.0153;-0.0022;0.2225;0.0161;0.0572;0.0027;0;0;0.088;0;2.044;0;0;0;0;0;0;0;0;0;0;0;0;0.0461;0.0143;2.1682;2.1682;0;49.981;49.981;34.262;0.0413;2188.7;990.62;1;0.0362;0.0362;0;0;0;0;0;0;2.132;2.044;0;16.005;18.534;15.088;17.472;98.329;98.329;20.625;17.328;16.335;3.2965;0.9929;0.1598;0.0481;0.792;19.908;0.7819;0
01/04/21 09:00;36.529;-49.695;31.317;44.167;45.833;-90;-45.833;602.1;100.8;501.3;19.5;1.23;0;719.48;32.839;89.111;0;18.259;859.69;0;859.69;719.48;89.111;32.839;18.259;0.8369;0.0594;0;0.0212;839.93;19.761;0;0;2.7967;16.964;832.39;2.4994;1.2921;0.16;0.9755;0.0717;834.89;5.0396;4.3169;0.5347;0.1803;0.0078;836.87;713.87;88.416;28.887;1.2148;256.25;204.75;83.166;2.141;2.8931;41.616;4.4776;42.368;0;1;0;0;1.4278;0.977;1;1;0.9148;0.0709;0.997;0.9982;1;0.9673;0.9443;0.994;0.994;1;0.994;0.994;0.9682;0.8796;0.0665;2.5816;2.6083;0.0157;-0.0021;0.2655;0.0163;0.0578;0.0074;0;0;0.088;0;2.0618;0;0;0;0;0;0;0;0;0;0;0;0;0.0466;0.015;2.1861;2.1861;0;53.975;53.975;34.475;0.0414;2246;973.33;1;0.0363;0.0363;0;0;0;0;0;0;2.1498;2.0618;0;16.132;18.68;15.214;17.618;98.339;98.339;20.633;17.472;16.478;3.1609;0.9935;0.1532;0.0482;0.7987;24.63;0.7707;0
01/04/21 10:00;44.672;-33.115;36.558;61.074;28.926;-90;-28.926;727.19;121.8;605.4;22.75;0.8701;0;691.69;42.275;87.643;0;9.0718;830.68;0;830.68;691.69;87.643;42.275;9.0718;0.8327;0.0618;0;0.0109;820.99;9.6841;0;0;1.773;7.9111;810.77;5.3011;3.3494;0.4244;1.3161;0.2112;816.07;4.926;4.1501;0.5259;0.243;0.007;813.21;684.19;86.692;38.943;0.9426;390.01;311.62;127.98;0.5663;4.1371;59.51;2.4463;63.081;0;1;0;0;1.1423;0.9883;1;1;0.9581;0.1279;0.9935;0.9951;1;0.9673;0.817;0.994;0.994;1;0.994;0.994;0.976;0.9212;0.1039;2.4945;2.5748;0.0155;-0.0022;0.2846;0.0159;0.0565;0.0105;0;0;0.088;0;2.011;0;0;0;0;0;0;0;0;0;0;0;0;0.0455;0.0146;2.1338;2.1338;0;56.398;56.398;33.648;0.0415;2216;962.91;1;0.0348;0.0348;0;0;0;0;0;0;2.099;2.011;0;16.295;18.869;15.357;17.783;98.369;98.369;19.936;17.053;16.072;2.883;0.9814;0.1446;0.0492;0.8062;27.661;0.7651;0
01/04/21 11:00;49.439;-12.23;39.457;79.723;10.277;-90;-10.277;794.49;134.5;659.99;23.82;1.1199;0;670.75;48.647;86.856;0;1.2746;807.53;0;807.53;670.75;86.856;48.647;1.2746;0.8306;0.0618;0;0.0016;806.1;1.4312;0;0;0.3687;1.0626;794.31;6.9461;4.3786;0.567;1.9531;0.0474;801.26;4.8366;4.0245;0.5211;0.2897;0.0013;794.56;662.35;85.767;46.036;0.1634;463.79;370.57;151.07;0.016;4.9499;71.203;0.243;76.137;0;1;0;0;1.0164;0.9982;1;1;0.9924;0.1663;0.9913;0.9934;1;0.9593;0.7752;0.994;0.994;1;0.994;0.994;0.9836;0.9463;0.1282;2.425;2.5432;0.0153;-0.0022;0.2848;0.0157;0.0557;0.0126;0;0;0.088;0;1.9802;0;0;0;0;0;0;0;0;0;0;0;0;0.0449;0.0142;2.1021;2.1021;0;56.797;56.797;32.977;0.0415;2187.9;960.82;1;0.034;0.034;0;0;0;0;0;0;2.0682;1.9802;0;16.514;19.122;15.555;18.013;98.384;98.384;19.381;16.8;15.825;2.5804;0.9749;0.1331;0.0503;0.8166;29.181;0.766;0
01/04/21 12:00;49.584;10.883;39.544;80.867;9.1335;90;9.1335;799.71;138.9;660.81;24.86;1.57;0;669.29;50.404;89.306;0;1.0139;810.02;0;810.02;669.29;89.306;50.404;1.0139;0.8263;0.0635;0;0.0013;808.86;1.1615;0;0;0.3148;0.8467;796.91;7.0882;4.4027;0.5875;2.0607;0.0374;804;4.8531;4.0158;0.5358;0.3005;0.001;797.1;660.88;88.183;47.728;0.1288;467.88;373.84;150.03;0.0105;5.147;74.038;0.1863;79.174;0;1;0;0;1.0129;0.9986;1;1;0.9938;0.1649;0.9912;0.9934;1;0.9586;0.7749;0.994;0.994;1;0.994;0.994;0.9838;0.9469;0.127;2.4325;2.5569;0.0154;-0.0022;0.2972;0.0157;0.0558;0.013;0;0;0.088;0;1.9808;0;0;0;0;0;0;0;0;0;0;0;0;0.0449;0.0144;2.1027;2.1027;0;57.978;57.978;33.118;0.0416;2199.5;956;1;0.0339;0.0339;0;0;0;0;0;0;2.0688;1.9808;0;16.467;19.069;15.513;17.963;98.388;98.388;19.44;16.805;15.831;2.6356;0.9742;0.1356;0.0501;0.8143;30.153;0.7622;0
01/04/21 13:00;45.063;31.993;36.801;62.137;27.863;90;27.863;738.7;138;600.7;24.85;1.9901;0;679.47;49.316;96.882;0;8.5637;834.23;0;834.23;679.47;96.882;49.316;8.5637;0.8145;0.0694;0;0.0103;824.83;9.4015;0;0;1.9517;7.4497;814.26;5.6255;3.3864;0.4829;1.5454;0.2108;819.88;4.949;4.0768;0.5813;0.2842;0.0067;816.58;672.01;95.818;45.535;0.8965;399.86;319.49;129.46;0.5796;4.355;62.645;2.3287;66.421;0;1;0;0;1.1293;0.9887;1;1;0.9604;0.1301;0.9931;0.995;1;0.9672;0.8096;0.994;0.994;1;0.994;0.994;0.9761;0.9233;0.1047;2.5052;2.5915;0.0156;-0.0022;0.3079;0.0159;0.0564;0.011;0;0;0.088;0;2.0044;0;0;0;0;0;0;0;0;0;0;0;0;0.0454;0.0148;2.1268;2.1268;0;58.708;58.708;33.858;0.0416;2230.4;953.58;1;0.0344;0.0344;0;0;0;0;0;0;2.0924;2.0044;0;16.173;18.728;15.242;17.65;98.381;98.381;20.022;16.998;16.019;3.0239;0.9785;0.151;0.0489;0.8001;32.044;0.7575;0
01/04/21 14:00;37.081;48.828;31.682;45.115;44.885;90;44.885;607.51;143;464.51;25.14;2.1501;0;655.6;53.324;113.72;0;17.707;840.36;0;840.36;655.6;113.72;53.324;17.707;0.7801;0.0845;0;0.0211;819.48;20.877;0;0;4.413;16.464;811.36;3.2052;1.3162;0.2283;1.5844;0.0762;814.57;4.9169;3.9336;0.6823;0.2935;0.0075;815.96;650.35;112.81;47.033;1.1602;269.07;214.99;87.014;3.2322;3.1222;44.912;4.5992;44.802;0;1;0;0;1.3833;0.9752;1;1;0.9172;0.0702;0.9961;0.998;1;0.9674;0.9383;0.994;0.994;1;0.994;0.994;0.9655;0.882;0.0655;2.5236;2.5523;0.0154;-0.0022;0.305;0.0156;0.0555;0.0079;0;0;0.088;0;1.9744;0;0;0;0;0;0;0;0;0;0;0;0;0.0447;0.0144;2.0961;2.0961;0;58.883;58.883;33.743;0.0416;2198.2;953.54;1;0.0337;0.0337;0;0;0;0;0;0;2.0624;1.9744;0;15.823;18.323;14.904;17.259;98.393;98.393;20.169;16.752;15.78;3.4164;0.9726;0.1694;0.0482;0.7824;39.643;0.7523;0
01/04/21 15:00;26.979;61.87;24.845;29.995;60;90;60;425.89;153.1;272.79;25.97;1.9901;0;545.66;64.325;134.69;0;21.295;765.97;0;765.97;545.66;134.69;64.325;21.295;0.7124;0.1118;0;0.0278;737.88;28.087;0;0;8.1123;19.974;730.81;2.6457;0.4655;0.1149;1.976;0.0894;733.46;4.4273;3.274;0.8081;0.3373;0.0079;734.77;541.92;133.77;53.9;1.223;116.98;93.465;40.983;10.759;1.7604;25.322;3.9607;16.323;0;1;0;0;1.7985;0.9633;1;1;0.8739;0.062;0.9964;0.9991;1;0.9646;0.9319;0.994;0.994;1;0.994;0.994;0.9541;0.8379;0.0574;2.3002;2.2664;0.0136;-0.0014;0.2506;0.014;0.0497;0.0045;0;0;0.088;0;1.766;0;0;0;0;0;0;0;0;0;0;0;0;0.0401;0.0115;1.8839;1.8839;0;56.302;56.302;30.333;0.0415;1953.4;964.42;1;0.0299;0.0299;0;0;0;0;0;0;1.854;1.766;0;15.602;18.067;14.625;16.936;98.413;98.413;18.383;15.056;14.114;3.3274;0.9422;0.181;0.0513;0.7677;55.999;0.7492;0
01/04/21 16:00;15.678;72.401;49.053;16.407;26.831;90;26.831;205.7;142.7;63.002;25.1;1.5999;0;152.8;111.99;59.015;0;2.2146;326.02;0;326.02;152.8;59.015;111.99;2.2146;0.4687;0.3503;0;0.0068;319.93;6.0899;0;0;4.1728;1.9171;311.85;6.1563;1.8497;0.7144;3.5342;0.0579;318.01;1.9196;0.9168;0.3541;0.6469;0.0018;312.24;150.03;57.947;103.64;0.2379;72.718;58.101;23.003;1.1498;0.895;12.875;0.3888;12.62;0;1;0;0;1.5849;0.9813;1;1;0.9627;0.1343;0.9806;0.9878;1;0.967;0.8043;0.994;0.994;1;0.994;0.994;0.9565;0.9254;0.1074;0.979;0.9676;0.0058;0.0139;0.0447;0.0063;0.0224;0.0024;0;0;0.088;0;0.7499;0;0;0;0;0;0;0;0;0;0;0;0;0.0181;0.0024;0.8515;0.8515;0;37.898;37.898;12.798;0.041;831.08;1024.6;1;0.0136;0.0136;0;0;0;0;0;0;0.8379;0.7499;0;16.569;19.187;14.592;16.897;98.399;98.399;7.8245;6.8055;5.9932;1.019;0.8123;0.1302;0.1038;0.766;72.29;0.744;0
01/04/21 17:00;4.9466;80.663;77.929;5.0127;7.2217;90;7.2217;17.601;17.402;0.1991;24.17;1.57;0;0.4828;17.303;0.0713;0;0.014;17.871;0;17.871;0.4828;0.0713;17.303;0.014;0.027;0.969;0;0.0008;17.786;0.0851;0;0;0.0735;0.0117;16.811;0.8685;0.1223;0.0181;0.7276;0.0005;17.68;0.1067;0.0029;0.0004;0.1034;0;16.813;0.3576;0.0528;16.399;0.0018;10.312;8.2395;3.1565;0.0013;0.1233;1.7734;0.0017;1.8953;0;1;0;0;1.0154;0.9952;1;1;0.9958;0.1644;0.9509;0.7451;1;0.9575;0.7755;0.994;0.994;1;0.994;0.994;0.9407;0.9477;0.1267;0.0537;0.0544;0.0003;0.0082;0;0.0003;0.0011;0.0003;0;0;0.088;0;-0.0478;0;0;0;0;0;0;0;0;0;0;0;0;0.0009;0;0.0431;0.0431;0;24.875;24.875;0.7053;0.042;44.858;961.27;1;0.0029;0.0029;0;0;0;0;0;0;0.0402;-0.0478;0;15.306;17.724;-16.952;-19.631;93.323;93.323;0.4289;0.3446;-0.3817;0.0843;0.7263;0.1965;1.6934;0;10.311;0;0
01/04/21 18:00;0;0;90;0;0;90;0;0;0;0;19.01;1.49;0;0;0;0;0;0;0;0;0;0;0;0;0;1;1;1;1;0;0;0;0;0;0;0;0;0;0;0;0;0;0;0;0;0;0;0;0;0;0;0;0;0;0;0;0;0;0;0;0;0;0;0;1;1;1;1;1;1;1;1;1;1;1;1;1;1;1;1;1;1;1;0;0;0;0;0;0;0;0;0;0.0004;0.088;0;-0.0884;0;0;0;0;0;0;0;0;0;0;0;0;0;0;0;0;0;0;0;-19.01;0;0;0;0;0.0004;0;0;0;0;0;0;0;-0.0004;-0.0884;0;0;0;0;0;0;0;0;0;-0.7063;0;0.7063;1;1;0;0;0;0
01/04/21 19:00;0;0;90;0;0;90;0;0;0;0;16;1.4;0;0;0;0;0;0;0;0;0;0;0;0;0;1;1;1;1;0;0;0;0;0;0;0;0;0;0;0;0;0;0;0;0;0;0;0;0;0;0;0;0;0;0;0;0;0;0;0;0;0;0;0;1;1;1;1;1;1;1;1;1;1;1;1;1;1;1;1;1;1;1;0;0;0;0;0;0;0;0;0;0.0004;0.088;0;-0.0884;0;0;0;0;0;0;0;0;0;0;0;0;0;0;0;0;0;0;0;-16;0;0;0;0;0.0004;0;0;0;0;0;0;0;-0.0004;-0.0884;0;0;0;0;0;0;0;0;0;-0.7063;0;0.7063;1;1;0;0;0;0
01/04/21 20:00;0;0;90;0;0;90;0;0;0;0;14.73;1.3599;0;0;0;0;0;0;0;0;0;0;0;0;0;1;1;1;1;0;0;0;0;0;0;0;0;0;0;0;0;0;0;0;0;0;0;0;0;0;0;0;0;0;0;0;0;0;0;0;0;0;0;0;1;1;1;1;1;1;1;1;1;1;1;1;1;1;1;1;1;1;1;0;0;0;0;0;0;0;0;0;0.0004;0.088;0;-0.0884;0;0;0;0;0;0;0;0;0;0;0;0;0;0;0;0;0;0;0;-14.73;0;0;0;0;0.0004;0;0;0;0;0;0;0;-0.0004;-0.0884;0;0;0;0;0;0;0;0;0;-0.7063;0;0.7063;1;1;0;0;0;0
01/04/21 21:00;0;0;90;0;0;90;0;0;0;0;14.02;1.2899;0;0;0;0;0;0;0;0;0;0;0;0;0;1;1;1;1;0;0;0;0;0;0;0;0;0;0;0;0;0;0;0;0;0;0;0;0;0;0;0;0;0;0;0;0;0;0;0;0;0;0;0;1;1;1;1;1;1;1;1;1;1;1;1;1;1;1;1;1;1;1;0;0;0;0;0;0;0;0;0;0.0004;0.088;0;-0.0884;0;0;0;0;0;0;0;0;0;0;0;0;0;0;0;0;0;0;0;-14.02;0;0;0;0;0.0004;0;0;0;0;0;0;0;-0.0004;-0.0884;0;0;0;0;0;0;0;0;0;-0.7063;0;0.7063;1;1;0;0;0;0
01/04/21 22:00;0;0;90;0;0;90;0;0;0;0;14.09;1.1101;0;0;0;0;0;0;0;0;0;0;0;0;0;1;1;1;1;0;0;0;0;0;0;0;0;0;0;0;0;0;0;0;0;0;0;0;0;0;0;0;0;0;0;0;0;0;0;0;0;0;0;0;1;1;1;1;1;1;1;1;1;1;1;1;1;1;1;1;1;1;1;0;0;0;0;0;0;0;0;0;0.0004;0.088;0;-0.0884;0;0;0;0;0;0;0;0;0;0;0;0;0;0;0;0;0;0;0;-14.09;0;0;0;0;0.0004;0;0;0;0;0;0;0;-0.0004;-0.0884;0;0;0;0;0;0;0;0;0;-0.7063;0;0.7063;1;1;0;0;0;0
01/04/21 23:00;0;0;90;0;0;90;0;0;0;0;12.95;0.85;0;0;0;0;0;0;0;0;0;0;0;0;0;1;1;1;1;0;0;0;0;0;0;0;0;0;0;0;0;0;0;0;0;0;0;0;0;0;0;0;0;0;0;0;0;0;0;0;0;0;0;0;1;1;1;1;1;1;1;1;1;1;1;1;1;1;1;1;1;1;1;0;0;0;0;0;0;0;0;0;0.0004;0.088;0;-0.0884;0;0;0;0;0;0;0;0;0;0;0;0;0;0;0;0;0;0;0;-12.95;0;0;0;0;0.0004;0;0;0;0;0;0;0;-0.0004;-0.0884;0;0;0;0;0;0;0;0;0;-0.7063;0;0.7063;1;1;0;0;0;0
02/04/21 00:00;0;0;90;0;0;90;0;0;0;0;12.54;0.8799;0;0;0;0;0;0;0;0;0;0;0;0;0;1;1;1;1;0;0;0;0;0;0;0;0;0;0;0;0;0;0;0;0;0;0;0;0;0;0;0;0;0;0;0;0;0;0;0;0;0;0;0;1;1;1;1;1;1;1;1;1;1;1;1;1;1;1;1;1;1;1;0;0;0;0;0;0;0;0;0;0.0004;0.088;0;-0.0884;0;0;0;0;0;0;0;0;0;0;0;0;0;0;0;0;0;0;0;-12.54;0;0;0;0;0.0004;0;0;0;0;0;0;0;-0.0004;-0.0884;0;0;0;0;0;0;0;0;0;-0.7063;0;0.7063;1;1;0;0;0;0
02/04/21 01:00;0;0;90;0;0;90;0;0;0;0;12.3;1.24;0;0;0;0;0;0;0;0;0;0;0;0;0;1;1;1;1;0;0;0;0;0;0;0;0;0;0;0;0;0;0;0;0;0;0;0;0;0;0;0;0;0;0;0;0;0;0;0;0;0;0;0;1;1;1;1;1;1;1;1;1;1;1;1;1;1;1;1;1;1;1;0;0;0;0;0;0;0;0;0;0.0004;0.088;0;-0.0884;0;0;0;0;0;0;0;0;0;0;0;0;0;0;0;0;0;0;0;-12.3;0;0;0;0;0.0004;0;0;0;0;0;0;0;-0.0004;-0.0884;0;0;0;0;0;0;0;0;0;-0.7063;0;0.7063;1;1;0;0;0;0
02/04/21 02:00;0;0;90;0;0;90;0;0;0;0;11.86;1.62;0;0;0;0;0;0;0;0;0;0;0;0;0;1;1;1;1;0;0;0;0;0;0;0;0;0;0;0;0;0;0;0;0;0;0;0;0;0;0;0;0;0;0;0;0;0;0;0;0;0;0;0;1;1;1;1;1;1;1;1;1;1;1;1;1;1;1;1;1;1;1;0;0;0;0;0;0;0;0;0;0.0004;0.088;0;-0.0884;0;0;0;0;0;0;0;0;0;0;0;0;0;0;0;0;0;0;0;-11.86;0;0;0;0;0.0004;0;0;0;0;0;0;0;-0.0004;-0.0884;0;0;0;0;0;0;0;0;0;-0.7063;0;0.7063;1;1;0;0;0;0
02/04/21 03:00;0;0;90;0;0;90;0;0;0;0;11.73;1.88;0;0;0;0;0;0;0;0;0;0;0;0;0;1;1;1;1;0;0;0;0;0;0;0;0;0;0;0;0;0;0;0;0;0;0;0;0;0;0;0;0;0;0;0;0;0;0;0;0;0;0;0;1;1;1;1;1;1;1;1;1;1;1;1;1;1;1;1;1;1;1;0;0;0;0;0;0;0;0;0;0.0004;0.088;0;-0.0884;0;0;0;0;0;0;0;0;0;0;0;0;0;0;0;0;0;0;0;-11.73;0;0;0;0;0.0004;0;0;0;0;0;0;0;-0.0004;-0.0884;0;0;0;0;0;0;0;0;0;-0.7063;0;0.7063;1;1;0;0;0;0
02/04/21 04:00;0;0;90;0;0;90;0;0;0;0;11.03;2.0701;0;0;0;0;0;0;0;0;0;0;0;0;0;1;1;1;1;0;0;0;0;0;0;0;0;0;0;0;0;0;0;0;0;0;0;0;0;0;0;0;0;0;0;0;0;0;0;0;0;0;0;0;1;1;1;1;1;1;1;1;1;1;1;1;1;1;1;1;1;1;1;0;0;0;0;0;0;0;0;0;0.0004;0.088;0;-0.0884;0;0;0;0;0;0;0;0;0;0;0;0;0;0;0;0;0;0;0;-11.03;0;0;0;0;0.0004;0;0;0;0;0;0;0;-0.0004;-0.0884;0;0;0;0;0;0;0;0;0;-0.7063;0;0.7063;1;1;0;0;0;0
02/04/21 05:00;0;0;90;0;0;90;0;0;0;0;10.72;2.21;0;0;0;0;0;0;0;0;0;0;0;0;0;1;1;1;1;0;0;0;0;0;0;0;0;0;0;0;0;0;0;0;0;0;0;0;0;0;0;0;0;0;0;0;0;0;0;0;0;0;0;0;1;1;1;1;1;1;1;1;1;1;1;1;1;1;1;1;1;1;1;0;0;0;0;0;0;0;0;0;0.0004;0.088;0;-0.0884;0;0;0;0;0;0;0;0;0;0;0;0;0;0;0;0;0;0;0;-10.72;0;0;0;0;0.0004;0;0;0;0;0;0;0;-0.0004;-0.0884;0;0;0;0;0;0;0;0;0;-0.7063;0;0.7063;1;1;0;0;0;0
02/04/21 06:00;4.4695;-80.533;79.106;4.531;6.5148;-90;-6.5148;32.701;25.703;6.9976;10.75;2.42;0;16.971;23.937;4.0964;0;0.0211;45.025;0;45.025;16.971;4.0964;23.937;0.0211;0.3769;0.5321;0;0.0005;44.922;0.1033;0;0;0.0857;0.0176;37.552;7.1008;4.9008;1.1829;1.0163;0.0008;44.653;0.2695;0.1018;0.0246;0.1431;0;37.553;11.968;2.8889;22.692;0.0027;14.289;11.417;4.3791;0.0011;0.1704;2.4517;0.0017;2.6211;0;1;0;0;1.3769;0.9977;1;1;0.9964;0.165;0.841;0.7095;1;0.9571;0.776;0.994;0.994;1;0.994;0.994;0.834;0.948;0.1273;0.1352;0.1183;0.0007;0.0122;-0.0055;0.0008;0.0028;0.0005;0;0;0.088;0;0.0117;0;0;0;0;0;0;0;0;0;0;0;0;0.0022;0.0001;0.1046;0.1046;0;12.29;12.29;1.5401;0.041;99.431;1052.2;1;0.0049;0.0049;0;0;0;0;0;0;0.0997;0.0117;0;14.741;17.069;1.6553;1.9168;95.34;95.34;1.0806;0.8362;0.0939;0.2445;0.7423;0.2262;0.6869;0.0869;14.247;0.0835;0
02/04/21 07:00;14.805;-72.611;51.703;15.481;24.861;-90;-24.861;220.7;39.599;181.1;14.35;1.7;0;439.23;18.178;49.811;0;2.0453;509.26;0;509.26;439.23;49.811;18.178;2.0453;0.8625;0.0397;0;0.004;506.91;2.3479;0;0;0.5983;1.7496;496.05;7.8215;6.4481;0.7313;0.5824;0.0598;503.87;3.0415;2.6354;0.2989;0.1055;0.0018;496.1;430.14;48.781;16.891;0.2341;12.581;10.052;4.165;0.1431;0.1392;2.0022;0.0507;1.9983;0;1;0;0;2.3075;0.9954;1;1;0.9671;0.1446;0.9845;0.9852;1;0.9667;0.7966;0.994;0.994;1;0.994;0.994;0.9741;0.9292;0.1145;1.5293;1.4984;0.009;0.0063;0.0507;0.01;0.0356;0.0004;0;0;0.088;0;1.243;0;0;0;0;0;0;0;0;0;0;0;0;0.0286;0.0053;1.3525;1.3525;0;34.596;34.596;20.246;0.0408;1289.2;1049.1;1;0.0215;0.0215;0;0;0;0;0;0;1.331;1.243;0;16.847;19.509;15.483;17.929;98.412;98.412;12.222;10.809;9.9339;1.4134;0.8749;0.1156;0.0716;0.8128;11.593;0.8104;0
02/04/21 08:00;26.127;-62.181;24.79;29.012;60;-90;-60;415.4;75.599;339.8;18.16;0.35;0;700.53;24.682;88.009;0;20.77;833.99;0;833.99;700.53;88.009;24.682;20.77;0.84;0.0545;0;0.0249;811.45;22.543;0;0;3.1062;19.437;805.06;1.5173;0.5962;0.0749;0.7583;0.0879;806.58;4.8687;4.2032;0.5281;0.1295;0.008;807.97;695.73;87.406;20.688;1.2373;80.45;64.279;27.433;4.1315;1.0471;15.063;2.9063;11.978;0;1;0;0;2.0077;0.973;1;1;0.8742;0.0642;0.9981;0.9991;1;0.9646;0.9337;0.994;0.994;1;0.994;0.994;0.9653;0.8382;0.0596;2.5045;2.4653;0.0148;-0.0021;0.2289;0.0156;0.0552;0.0027;0;0;0.088;0;1.97;0;0;0;0;0;0;0;0;0;0;0;0;0.0445;0.0135;2.0923;2.0923;0;51.434;51.434;33.274;0.0413;2124.6;984.79;1;0.0343;0.0343;0;0;0;0;0;0;2.058;1.97;0;15.914;18.429;14.985;17.352;98.363;98.363;20.016;16.721;15.744;3.2945;0.9771;0.1646;0.0488;0.7866;21.493;0.7761;0
02/04/21 09:00;36.277;-49.322;31.7;44.063;45.937;-90;-45.937;586.51;102.6;483.91;22.44;1.3599;0;695.82;34.921;88.298;0;17.862;836.9;0;836.9;695.82;88.298;34.921;17.862;0.8314;0.0631;0;0.0213;817.32;19.583;0;0;2.9838;16.599;809.73;2.6891;1.4042;0.1782;1.0373;0.0694;812.42;4.9039;4.1749;0.5298;0.1916;0.0076;814.12;690.25;87.59;30.708;1.1864;249.8;199.59;81.089;2.2942;2.8327;40.748;4.3935;41.287;0;1;0;0;1.4269;0.9766;1;1;0.9146;0.0707;0.9967;0.998;1;0.9673;0.9448;0.994;0.994;1;0.994;0.994;0.9675;0.8794;0.0664;2.5132;2.538;0.0153;-0.0022;0.2773;0.0157;0.0558;0.0072;0;0;0.088;0;1.9874;0;0;0;0;0;0;0;0;0;0;0;0;0.0449;0.0142;2.1097;2.1097;0;56.035;56.035;33.595;0.0415;2186;965.1;1;0.0343;0.0343;0;0;0;0;0;0;2.0754;1.9874;0;15.991;18.517;15.064;17.444;98.376;98.376;20.086;16.861;15.883;3.2252;0.977;0.1606;0.0486;0.7908;26.216;0.763;0
02/04/21 10:00;44.363;-32.777;36.949;61.033;28.967;-90;-28.967;733.5;120.9;612.61;24.18;1.73;0;700.2;40.667;88.603;0;9.1761;838.65;0;838.65;700.2;88.603;40.667;9.1761;0.8349;0.0594;0;0.0109;828.93;9.713;0;0;1.7094;8.0036;818.48;5.4777;3.5498;0.4492;1.2657;0.213;823.96;4.9736;4.2012;0.5316;0.2337;0.007;820.96;692.45;87.622;37.458;0.9524;393.1;314.08;129.01;0.5475;4.1672;59.944;2.4743;63.564;0;1;0;0;1.1433;0.9884;1;1;0.958;0.1278;0.9934;0.9949;1;0.9673;0.8172;0.994;0.994;1;0.994;0.994;0.976;0.9211;0.1038;2.5185;2.599;0.0156;-0.0022;0.304;0.016;0.0566;0.0105;0;0;0.088;0;2.0152;0;0;0;0;0;0;0;0;0;0;0;0;0.0456;0.0149;2.1379;2.1379;0;58.199;58.199;34.019;0.0416;2237;955.72;1;0.0347;0.0347;0;0;0;0;0;0;2.1032;2.0152;0;16.172;18.726;15.243;17.651;98.375;98.375;20.127;17.086;16.105;3.0412;0.981;0.1511;0.0487;0.8002;26.616;0.7595;0
02/04/21 11:00;49.073;-12.011;39.848;79.772;10.228;-90;-10.228;789.3;133.7;655.6;25.51;1.86;0;666.18;48.411;86.269;0;1.2543;802.12;0;802.12;666.18;86.269;48.411;1.2543;0.8305;0.0619;0;0.0016;800.71;1.4096;0;0;0.364;1.0456;788.83;7.0746;4.5;0.5827;1.9452;0.0466;795.91;4.8043;3.9971;0.5176;0.2883;0.0013;789.07;657.69;85.169;45.814;0.1608;460.8;368.18;150.09;0.0156;4.9183;70.748;0.2386;75.65;0;1;0;0;1.0162;0.9982;1;1;0.9925;0.1663;0.9911;0.9932;1;0.9593;0.7752;0.994;0.994;1;0.994;0.994;0.9834;0.9463;0.1282;2.4088;2.5257;0.0152;-0.0022;0.2966;0.0155;0.055;0.0124;0;0;0.088;0;1.9535;0;0;0;0;0;0;0;0;0;0;0;0;0.0443;0.0141;2.0748;2.0748;0;58.301;58.301;32.791;0.0416;2173.1;954.8;1;0.0333;0.0333;0;0;0;0;0;0;2.0415;1.9535;0;16.409;19.001;15.45;17.89;98.394;98.394;19.251;16.582;15.613;2.6688;0.9695;0.1386;0.0504;0.811;29.036;0.7608;0
02/04/21 12:00;49.193;10.909;39.919;80.72;9.2801;90;9.2801;790.29;139.4;650.89;26.81;1.79;0;659.53;51.335;88.888;0;1.0344;800.78;0;800.78;659.53;88.888;51.335;1.0344;0.8236;0.0654;0;0.0013;799.59;1.193;0;0;0.3292;0.8637;787.57;7.2187;4.4825;0.6041;2.094;0.0382;794.79;4.7975;3.9572;0.5333;0.306;0.001;787.77;651.09;87.751;48.606;0.1314;462.26;369.35;148.23;0.0114;5.0857;73.155;0.1917;78.23;0;1;0;0;1.0133;0.9985;1;1;0.9936;0.165;0.9909;0.9932;1;0.9587;0.7749;0.994;0.994;1;0.994;0.994;0.9835;0.9468;0.1271;2.4048;2.5269;0.0152;-0.0022;0.3084;0.0154;0.0548;0.0128;0;0;0.088;0;1.9433;0;0;0;0;0;0;0;0;0;0;0;0;0.0441;0.0141;2.0643;2.0643;0;59.584;59.584;32.774;0.0416;2173.9;949.59;1;0.033;0.033;0;0;0;0;0;0;2.0313;1.9433;0;16.353;18.937;15.395;17.827;98.401;98.401;19.219;16.498;15.531;2.7206;0.9671;0.1416;0.0503;0.8081;30.72;0.7564;0
02/04/21 13:00;44.683;31.856;37.151;61.913;28.087;90;28.087;730.11;138.7;591.41;27.72;1.6099;0;670.35;50.192;96.762;0;8.5979;825.9;0;825.9;670.35;96.762;50.192;8.5979;0.8117;0.0712;0;0.0104;816.4;9.4995;0;0;2.012;7.4875;805.74;5.7583;3.477;0.5019;1.5706;0.2088;811.5;4.8984;4.0221;0.5806;0.2891;0.0067;808.09;662.85;95.68;46.321;0.8949;394.69;315.36;127.83;0.6065;4.2981;61.826;2.3441;65.518;0;1;0;0;1.1312;0.9885;1;1;0.9599;0.1291;0.9929;0.9948;1;0.9672;0.8108;0.994;0.994;1;0.994;0.994;0.9756;0.9229;0.1041;2.4802;2.5642;0.0154;-0.0022;0.3287;0.0156;0.0552;0.0107;0;0;0.088;0;1.9607;0;0;0;0;0;0;0;0;0;0;0;0;0.0444;0.0145;2.0819;2.0819;0;61.297;61.297;33.577;0.0417;2207.1;943.29;1;0.0332;0.0332;0;0;0;0;0;0;2.0487;1.9607;0;15.991;18.517;15.06;17.439;98.405;98.405;19.822;16.639;15.67;3.1829;0.9687;0.1606;0.0489;0.7906;32.66;0.7486;0
02/04/21 14:00;36.73;48.608;32.001;44.847;45.153;90;45.153;592;150.6;441.4;27.88;1.4499;0;625.91;59.049;115.35;0;17.451;817.75;0;817.75;625.91;115.35;59.049;17.451;0.7654;0.0935;0;0.0213;796.59;21.163;0;0;4.9295;16.233;788.36;3.453;1.3728;0.253;1.7543;0.073;791.81;4.7795;3.7554;0.6921;0.3247;0.0073;792.92;620.78;114.4;52.04;1.1378;262.61;209.83;84.982;3.6529;3.0758;44.244;4.5601;43.667;0;1;0;0;1.3813;0.9741;1;1;0.9165;0.0698;0.9956;0.9978;1;0.9674;0.9397;0.994;0.994;1;0.994;0.994;0.9641;0.8813;0.0652;2.4557;2.4815;0.0149;-0.0021;0.3132;0.0151;0.0535;0.0077;0;0;0.088;0;1.9023;0;0;0;0;0;0;0;0;0;0;0;0;0.0431;0.0136;2.0225;2.0225;0;60.718;60.718;32.838;0.0417;2137.6;946.14;1;0.0322;0.0322;0;0;0;0;0;0;1.9903;1.9023;0;15.689;18.168;14.757;17.088;98.41;98.41;19.626;16.164;15.203;3.4625;0.9602;0.1764;0.0489;0.7747;44.007;0.7445;0
02/04/21 15:00;26.657;61.618;25.141;29.709;60;90;60;418.61;154;264.61;28.45;1.1901;0;533.92;65.648;134.12;0;20.93;754.62;0;754.62;533.92;134.12;65.648;20.93;0.7075;0.1147;0;0.0277;726.7;27.912;0;0;8.279;19.633;719.66;2.6811;0.4609;0.1158;2.0166;0.0879;722.34;4.3602;3.2035;0.8047;0.3442;0.0078;723.61;530.25;133.2;55.008;1.2021;114.13;91.191;39.704;10.98;1.7672;25.421;3.9428;16.208;0;1;0;0;1.8027;0.963;1;1;0.8739;0.062;0.9963;0.9991;1;0.9646;0.9319;0.994;0.994;1;0.994;0.994;0.9537;0.8379;0.0574;2.2661;2.233;0.0134;-0.0013;0.2637;0.0137;0.0486;0.0045;0;0;0.088;0;1.7232;0;0;0;0;0;0;0;0;0;0;0;0;0.0391;0.0112;1.8401;1.8401;0;58.373;58.373;29.923;0.0416;1925;955.9;1;0.0289;0.0289;0;0;0;0;0;0;1.8112;1.7232;0;15.469;17.912;14.486;16.774;98.429;98.429;18.111;14.706;13.772;3.4047;0.9343;0.188;0.0516;0.7604;57.151;0.7417;0
02/04/21 16:00;15.377;72.139;49.975;16.116;26.2;90;26.2;210.9;137.3;73.592;27.71;1.0499;0;178.48;103.8;67.632;0;2.1668;352.08;0;352.08;178.48;67.632;103.8;2.1668;0.5069;0.301;0;0.0062;346.48;5.5929;0;0;3.7228;1.8702;337.94;6.4606;2.2564;0.855;3.2906;0.0586;344.41;2.0789;1.0709;0.4058;0.6004;0.0018;338.28;175.16;66.371;96.182;0.2363;67.233;53.719;21.537;0.9802;0.8047;11.576;0.3314;11.4;0;1;0;0;1.6694;0.9841;1;1;0.9641;0.1369;0.9812;0.9873;1;0.9669;0.8013;0.994;0.994;1;0.994;0.994;0.9599;0.9266;0.109;1.0573;1.0433;0.0063;0.0128;0.0621;0.0067;0.0239;0.0021;0;0;0.088;0;0.805;0;0;0;0;0;0;0;0;0;0;0;0;0.0192;0.0028;0.9073;0.9073;0;41.615;41.615;13.905;0.0411;897.17;1011.2;1;0.0143;0.0143;0;0;0;0;0;0;0.893;0.805;0;16.347;18.929;14.504;16.795;98.425;98.425;8.4498;7.2508;6.4333;1.1991;0.8175;0.1419;0.0967;0.7613;66.736;0.7431;0
02/04/21 17:00;4.8597;80.249;78.144;4.9305;7.1009;90;7.1009;20.003;19.703;0.3001;25.69;1.01;0;0.7279;19.577;0.1239;0;0.0153;20.444;0;20.444;0.7279;0.1239;19.577;0.0153;0.0356;0.9583;0;0.0008;20.35;0.0937;0;0;0.0809;0.0128;19.182;1.0462;0.1889;0.0321;0.8246;0.0006;20.228;0.1221;0.0044;0.0007;0.117;0;19.184;0.5347;0.091;18.554;0.0019;11.665;9.3205;3.5704;0.0014;0.1395;2.0061;0.0018;2.1442;0;1;0;0;1.022;0.9954;1;1;0.9959;0.1644;0.9483;0.739;1;0.9575;0.7755;0.994;0.994;1;0.994;0.994;0.9383;0.9478;0.1267;0.0614;0.062;0.0004;0.0088;0.0003;0.0004;0.0013;0.0003;0;0;0.088;0;-0.0416;0;0;0;0;0;0;0;0;0;0;0;0;0.001;0;0.0494;0.0494;0;26.494;26.494;0.8041;0.0419;51.397;960.4;1;0.003;0.003;0;0;0;0;0;0;0.0464;-0.0416;0;15.317;17.736;-12.923;-14.965;93.903;93.903;0.4907;0.3945;-0.3329;0.0962;0.7274;0.196;1.4824;0;11.663;0;0
02/04/21 18:00;0;0;90;0;0;90;0;0;0;0;21;0.59;0;0;0;0;0;0;0;0;0;0;0;0;0;1;1;1;1;0;0;0;0;0;0;0;0;0;0;0;0;0;0;0;0;0;0;0;0;0;0;0;0;0;0;0;0;0;0;0;0;0;0;0;1;1;1;1;1;1;1;1;1;1;1;1;1;1;1;1;1;1;1;0;0;0;0;0;0;0;0;0;0.0004;0.088;0;-0.0884;0;0;0;0;0;0;0;0;0;0;0;0;0;0;0;0;0;0;0;-21;0;0;0;0;0.0004;0;0;0;0;0;0;0;-0.0004;-0.0884;0;0;0;0;0;0;0;0;0;-0.7063;0;0.7063;1;1;0;0;0;0
02/04/21 19:00;0;0;90;0;0;90;0;0;0;0;18.71;1.8201;0;0;0;0;0;0;0;0;0;0;0;0;0;1;1;1;1;0;0;0;0;0;0;0;0;0;0;0;0;0;0;0;0;0;0;0;0;0;0;0;0;0;0;0;0;0;0;0;0;0;0;0;1;1;1;1;1;1;1;1;1;1;1;1;1;1;1;1;1;1;1;0;0;0;0;0;0;0;0;0;0.0004;0.088;0;-0.0884;0;0;0;0;0;0;0;0;0;0;0;0;0;0;0;0;0;0;0;-18.71;0;0;0;0;0.0004;0;0;0;0;0;0;0;-0.0004;-0.0884;0;0;0;0;0;0;0;0;0;-0.7063;0;0.7063;1;1;0;0;0;0
02/04/21 20:00;0;0;90;0;0;90;0;0;0;0;16.92;2.8799;0;0;0;0;0;0;0;0;0;0;0;0;0;1;1;1;1;0;0;0;0;0;0;0;0;0;0;0;0;0;0;0;0;0;0;0;0;0;0;0;0;0;0;0;0;0;0;0;0;0;0;0;1;1;1;1;1;1;1;1;1;1;1;1;1;1;1;1;1;1;1;0;0;0;0;0;0;0;0;0;0.0004;0.088;0;-0.0884;0;0;0;0;0;0;0;0;0;0;0;0;0;0;0;0;0;0;0;-16.92;0;0;0;0;0.0004;0;0;0;0;0;0;0;-0.0004;-0.0884;0;0;0;0;0;0;0;0;0;-0.7063;0;0.7063;1;1;0;0;0;0
02/04/21 21:00;0;0;90;0;0;90;0;0;0;0;17.36;3.64;0;0;0;0;0;0;0;0;0;0;0;0;0;1;1;1;1;0;0;0;0;0;0;0;0;0;0;0;0;0;0;0;0;0;0;0;0;0;0;0;0;0;0;0;0;0;0;0;0;0;0;0;1;1;1;1;1;1;1;1;1;1;1;1;1;1;1;1;1;1;1;0;0;0;0;0;0;0;0;0;0.0004;0.088;0;-0.0884;0;0;0;0;0;0;0;0;0;0;0;0;0;0;0;0;0;0;0;-17.36;0;0;0;0;0.0004;0;0;0;0;0;0;0;-0.0004;-0.0884;0;0;0;0;0;0;0;0;0;-0.7063;0;0.7063;1;1;0;0;0;0
02/04/21 22:00;0;0;90;0;0;90;0;0;0;0;17.3;4.12;0;0;0;0;0;0;0;0;0;0;0;0;0;1;1;1;1;0;0;0;0;0;0;0;0;0;0;0;0;0;0;0;0;0;0;0;0;0;0;0;0;0;0;0;0;0;0;0;0;0;0;0;1;1;1;1;1;1;1;1;1;1;1;1;1;1;1;1;1;1;1;0;0;0;0;0;0;0;0;0;0.0004;0.088;0;-0.0884;0;0;0;0;0;0;0;0;0;0;0;0;0;0;0;0;0;0;0;-17.3;0;0;0;0;0.0004;0;0;0;0;0;0;0;-0.0004;-0.0884;0;0;0;0;0;0;0;0;0;-0.7063;0;0.7063;1;1;0;0;0;0
02/04/21 23:00;0;0;90;0;0;90;0;0;0;0;17.4;4.2101;0;0;0;0;0;0;0;0;0;0;0;0;0;1;1;1;1;0;0;0;0;0;0;0;0;0;0;0;0;0;0;0;0;0;0;0;0;0;0;0;0;0;0;0;0;0;0;0;0;0;0;0;1;1;1;1;1;1;1;1;1;1;1;1;1;1;1;1;1;1;1;0;0;0;0;0;0;0;0;0;0.0004;0.088;0;-0.0884;0;0;0;0;0;0;0;0;0;0;0;0;0;0;0;0;0;0;0;-17.4;0;0;0;0;0.0004;0;0;0;0;0;0;0;-0.0004;-0.0884;0;0;0;0;0;0;0;0;0;-0.7063;0;0.7063;1;1;0;0;0;0
03/04/21 00:00;0;0;90;0;0;90;0;0;0;0;19.15;3.86;0;0;0;0;0;0;0;0;0;0;0;0;0;1;1;1;1;0;0;0;0;0;0;0;0;0;0;0;0;0;0;0;0;0;0;0;0;0;0;0;0;0;0;0;0;0;0;0;0;0;0;0;1;1;1;1;1;1;1;1;1;1;1;1;1;1;1;1;1;1;1;0;0;0;0;0;0;0;0;0;0.0004;0.088;0;-0.0884;0;0;0;0;0;0;0;0;0;0;0;0;0;0;0;0;0;0;0;-19.15;0;0;0;0;0.0004;0;0;0;0;0;0;0;-0.0004;-0.0884;0;0;0;0;0;0;0;0;0;-0.7063;0;0.7063;1;1;0;0;0;0
03/04/21 01:00;0;0;90;0;0;90;0;0;0;0;18.24;3.3499;0;0;0;0;0;0;0;0;0;0;0;0;0;1;1;1;1;0;0;0;0;0;0;0;0;0;0;0;0;0;0;0;0;0;0;0;0;0;0;0;0;0;0;0;0;0;0;0;0;0;0;0;1;1;1;1;1;1;1;1;1;1;1;1;1;1;1;1;1;1;1;0;0;0;0;0;0;0;0;0;0.0004;0.088;0;-0.0884;0;0;0;0;0;0;0;0;0;0;0;0;0;0;0;0;0;0;0;-18.24;0;0;0;0;0.0004;0;0;0;0;0;0;0;-0.0004;-0.0884;0;0;0;0;0;0;0;0;0;-0.7063;0;0.7063;1;1;0;0;0;0
03/04/21 02:00;0;0;90;0;0;90;0;0;0;0;16.81;3;0;0;0;0;0;0;0;0;0;0;0;0;0;1;1;1;1;0;0;0;0;0;0;0;0;0;0;0;0;0;0;0;0;0;0;0;0;0;0;0;0;0;0;0;0;0;0;0;0;0;0;0;1;1;1;1;1;1;1;1;1;1;1;1;1;1;1;1;1;1;1;0;0;0;0;0;0;0;0;0;0.0004;0.088;0;-0.0884;0;0;0;0;0;0;0;0;0;0;0;0;0;0;0;0;0;0;0;-16.81;0;0;0;0;0.0004;0;0;0;0;0;0;0;-0.0004;-0.0884;0;0;0;0;0;0;0;0;0;-0.7063;0;0.7063;1;1;0;0;0;0
03/04/21 03:00;0;0;90;0;0;90;0;0;0;0;14.86;2.81;0;0;0;0;0;0;0;0;0;0;0;0;0;1;1;1;1;0;0;0;0;0;0;0;0;0;0;0;0;0;0;0;0;0;0;0;0;0;0;0;0;0;0;0;0;0;0;0;0;0;0;0;1;1;1;1;1;1;1;1;1;1;1;1;1;1;1;1;1;1;1;0;0;0;0;0;0;0;0;0;0.0004;0.088;0;-0.0884;0;0;0;0;0;0;0;0;0;0;0;0;0;0;0;0;0;0;0;-14.86;0;0;0;0;0.0004;0;0;0;0;0;0;0;-0.0004;-0.0884;0;0;0;0;0;0;0;0;0;-0.7063;0;0.7063;1;1;0;0;0;0
03/04/21 04:00;0;0;90;0;0;90;0;0;0;0;13.29;2.75;0;0;0;0;0;0;0;0;0;0;0;0;0;1;1;1;1;0;0;0;0;0;0;0;0;0;0;0;0;0;0;0;0;0;0;0;0;0;0;0;0;0;0;0;0;0;0;0;0;0;0;0;1;1;1;1;1;1;1;1;1;1;1;1;1;1;1;1;1;1;1;0;0;0;0;0;0;0;0;0;0.0004;0.088;0;-0.0884;0;0;0;0;0;0;0;0;0;0;0;0;0;0;0;0;0;0;0;-13.29;0;0;0;0;0.0004;0;0;0;0;0;0;0;-0.0004;-0.0884;0;0;0;0;0;0;0;0;0;-0.7063;0;0.7063;1;1;0;0;0;0
03/04/21 05:00;0;0;90;0;0;90;0;0;0;0;12.13;2.84;0;0;0;0;0;0;0;0;0;0;0;0;0;1;1;1;1;0;0;0;0;0;0;0;0;0;0;0;0;0;0;0;0;0;0;0;0;0;0;0;0;0;0;0;0;0;0;0;0;0;0;0;1;1;1;1;1;1;1;1;1;1;1;1;1;1;1;1;1;1;1;0;0;0;0;0;0;0;0;0;0.0004;0.088;0;-0.0884;0;0;0;0;0;0;0;0;0;0;0;0;0;0;0;0;0;0;0;-12.13;0;0;0;0;0.0004;0;0;0;0;0;0;0;-0.0004;-0.0884;0;0;0;0;0;0;0;0;0;-0.7063;0;0.7063;1;1;0;0;0;0
03/04/21 06:00;4.5085;-80.03;79.01;4.5773;6.5826;-90;-6.5826;33.209;26.003;7.2062;10.72;3.79;0;17.477;24.177;4.2332;0;0.0219;45.909;0;45.909;17.477;4.2332;24.177;0.0219;0.3807;0.5271;0;0.0005;45.803;0.1063;0;0;0.088;0.0183;38.299;7.2289;4.9931;1.2094;1.0256;0.0008;45.528;0.2748;0.1049;0.0254;0.1445;0;38.301;12.379;2.9984;22.919;0.0028;14.435;11.534;4.4242;0.0012;0.1722;2.4765;0.0017;2.6475;0;1;0;0;1.3824;0.9977;1;1;0.9964;0.165;0.8412;0.7126;1;0.9572;0.776;0.994;0.994;1;0.994;0.994;0.8342;0.948;0.1273;0.1379;0.1206;0.0007;0.0123;-0.0056;0.0008;0.0028;0.0005;0;0;0.088;0;0.0138;0;0;0;0;0;0;0;0;0;0;0;0;0.0023;0.0001;0.1068;0.1068;0;12.29;12.29;1.5704;0.041;101.4;1053.1;1;0.0049;0.0049;0;0;0;0;0;0;0.1018;0.0138;0;14.756;17.087;1.9131;2.2153;95.372;95.372;1.1018;0.8534;0.1107;0.2484;0.7428;0.2254;0.6741;0.1004;14.392;0.0965;0
03/04/21 07:00;14.627;-72.251;52.233;15.325;24.54;-90;-24.54;226.89;37.397;189.5;15.91;3.6501;0;459.58;16.088;49.836;0;2.0495;527.56;0;527.56;459.58;49.836;16.088;2.0495;0.8712;0.0344;0;0.0039;525.29;2.2692;0;0;0.5185;1.7506;513.69;8.4499;7.1022;0.7701;0.5168;0.0608;522.14;3.1517;2.7575;0.299;0.0934;0.0018;513.73;449.72;48.766;14.959;0.2362;11.27;9.0049;3.7521;0.121;0.1228;1.7671;0.0434;1.769;0;1;0;0;2.3251;0.9957;1;1;0.9678;0.1458;0.9838;0.9845;1;0.9666;0.7953;0.994;0.994;1;0.994;0.994;0.9737;0.9298;0.1153;1.5843;1.551;0.0093;0.0056;0.0651;0.0103;0.0365;0.0003;0;0;0.088;0;1.2788;0;0;0;0;0;0;0;0;0;0;0;0;0.0294;0.0057;1.3887;1.3887;0;36.913;36.913;21.003;0.0409;1335;1040.2;1;0.0219;0.0219;0;0;0;0;0;0;1.3668;1.2788;0;16.699;19.337;15.377;17.807;98.425;98.425;12.661;11.099;10.22;1.5628;0.8781;0.1234;0.0694;0.8072;10.241;0.8052;0
03/04/21 08:00;25.92;-61.813;25.164;28.872;60;-90;-60;435.9;71.801;364.09;19.6;3.47;0;753.91;21.006;90.679;0;21.795;887.39;0;887.39;753.91;90.679;21.006;21.795;0.8496;0.0482;0;0.0246;864.35;23.039;0;0;2.6436;20.396;857.69;1.4673;0.6514;0.0783;0.6453;0.0922;859.16;5.1861;4.5234;0.5441;0.1102;0.0084;860.64;748.73;90.057;17.607;1.2984;79.646;63.637;26.802;3.5173;1.0226;14.71;2.946;12.215;0;1;0;0;2.0358;0.974;1;1;0.8742;0.0642;0.9983;0.9991;1;0.9646;0.9337;0.994;0.994;1;0.994;0.994;0.9665;0.8382;0.0596;2.6648;2.6232;0.0158;-0.0021;0.2781;0.0163;0.0579;0.0026;0;0;0.088;0;2.0684;0;0;0;0;0;0;0;0;0;0;0;0;0.0466;0.0152;2.1928;2.1928;0;55.158;55.158;35.558;0.0415;2261.5;969.64;1;0.0364;0.0364;0;0;0;0;0;0;2.1564;2.0684;0;15.676;18.152;14.787;17.123;98.34;98.34;21.297;17.525;16.531;3.7721;0.9941;0.1771;0.0467;0.7762;18.292;0.7667;0
03/04/21 09:00;36.025;-48.952;32.08;43.958;46.042;-90;-46.042;612.19;101.1;511.09;23.74;2.5301;0;736.31;31.147;92.682;0;18.725;878.86;0;878.86;736.31;92.682;31.147;18.725;0.8378;0.0567;0;0.0213;858.79;20.074;0;0;2.6702;17.404;850.78;2.8534;1.6487;0.2075;0.9252;0.0719;853.64;5.1527;4.4179;0.5561;0.1709;0.0079;855.56;730.24;91.918;27.381;1.2415;258.7;206.7;81.879;2.0631;3.0495;43.866;4.7748;44.852;0;1;0;0;1.4356;0.9772;1;1;0.9143;0.0706;0.9967;0.9977;1;0.9673;0.9452;0.994;0.994;1;0.994;0.994;0.968;0.8791;0.0663;2.6392;2.6693;0.0161;-0.002;0.3209;0.0163;0.058;0.0077;0;0;0.088;0;2.0662;0;0;0;0;0;0;0;0;0;0;0;0;0.0467;0.0156;2.1901;2.1901;0;59.128;59.128;35.388;0.0416;2298.8;952.71;1;0.036;0.036;0;0;0;0;0;0;2.1542;2.0662;0;15.808;18.306;14.914;17.27;98.358;98.358;21.093;17.503;16.513;3.5893;0.9907;0.1702;0.047;0.7829;23.406;0.7547;0
03/04/21 10:00;44.053;-32.444;37.338;60.991;29.009;-90;-29.009;734.31;120.9;613.41;25.63;1.7501;0;701.4;40.118;89.299;0;9.2121;840.03;0;840.03;701.4;89.299;40.118;9.2121;0.835;0.0587;0;0.011;830.3;9.7269;0;0;1.6902;8.0367;819.67;5.6491;3.7146;0.4729;1.2483;0.2133;825.32;4.9818;4.2084;0.5358;0.2306;0.0071;822.16;693.48;88.291;36.949;0.9551;393.34;314.28;129.1;0.5429;4.1688;59.967;2.4848;63.593;0;1;0;0;1.144;0.9884;1;1;0.9579;0.1276;0.9932;0.9947;1;0.9673;0.8175;0.994;0.994;1;0.994;0.994;0.9758;0.921;0.1037;2.5226;2.6027;0.0157;-0.0021;0.3189;0.0159;0.0564;0.0105;0;0;0.088;0;2.0049;0;0;0;0;0;0;0;0;0;0;0;0;0.0454;0.0149;2.1273;2.1273;0;59.742;59.742;34.112;0.0416;2240.2;949.59;1;0.0344;0.0344;0;0;0;0;0;0;2.0929;2.0049;0;16.065;18.602;15.141;17.532;98.385;98.385;20.161;17.001;16.023;3.1594;0.9779;0.1567;0.0485;0.7948;26.264;0.7545;0
03/04/21 11:00;48.709;-11.797;40.237;79.821;10.179;-90;-10.179;802.31;132.2;670.1;26.2;1.5199;0;680.82;45.508;87.713;0;1.2629;815.3;0;815.3;680.82;87.713;45.508;1.2629;0.8351;0.0574;0;0.0015;813.91;1.3922;0;0;0.3394;1.0528;801.79;7.242;4.7528;0.6123;1.83;0.0469;809.03;4.8835;4.0849;0.5263;0.271;0.0013;802.03;671.98;86.574;43.067;0.1619;468.4;374.25;152.61;0.0144;4.9966;71.874;0.2397;76.856;0;1;0;0;1.0162;0.9983;1;1;0.9925;0.1663;0.991;0.993;1;0.9592;0.7752;0.994;0.994;1;0.994;0.994;0.9834;0.9464;0.1282;2.4484;2.5671;0.0155;-0.0022;0.313;0.0157;0.0556;0.0125;0;0;0.088;0;1.9761;0;0;0;0;0;0;0;0;0;0;0;0;0.0448;0.0145;2.0977;2.0977;0;59.564;59.564;33.364;0.0416;2208.6;949.78;1;0.0337;0.0337;0;0;0;0;0;0;2.0641;1.9761;0;16.322;18.9;15.375;17.804;98.396;98.396;19.567;16.765;15.793;2.8023;0.9722;0.1432;0.0497;0.8071;27.291;0.7571;0
03/04/21 12:00;48.802;10.934;40.294;80.573;9.4273;90;9.4273;800.2;134.8;665.39;27.71;1.4399;0;674.5;47.194;88.482;0;1.0807;811.26;0;811.26;674.5;88.482;47.194;1.0807;0.8314;0.0595;0;0.0013;810.05;1.2131;0;0;0.3107;0.9024;797.87;7.3121;4.731;0.6206;1.9206;0.0399;805.19;4.8603;4.047;0.5309;0.2813;0.0011;798.08;665.73;87.331;44.681;0.1373;467.88;373.84;150.08;0.0111;5.1441;73.996;0.2021;79.129;0;1;0;0;1.0138;0.9985;1;1;0.9934;0.165;0.9909;0.9929;1;0.9588;0.7749;0.994;0.994;1;0.994;0.994;0.9835;0.9468;0.1271;2.4362;2.5597;0.0154;-0.0022;0.3249;0.0156;0.0552;0.0128;0;0;0.088;0;1.958;0;0;0;0;0;0;0;0;0;0;0;0;0.0444;0.0144;2.0792;2.0792;0;60.95;60.95;33.24;0.0417;2202.1;944.18;1;0.0332;0.0332;0;0;0;0;0;0;2.046;1.958;0;16.258;18.827;15.311;17.729;98.404;98.404;19.47;16.617;15.649;2.8533;0.9685;0.1465;0.0497;0.8037;28.251;0.7523;0
03/04/21 13:00;44.305;31.721;37.498;61.689;28.311;90;28.311;733;133.9;599.1;28.29;1.32;0;680.5;46.824;95.52;0;8.7677;831.61;0;831.61;680.5;95.52;46.824;8.7677;0.8183;0.0668;0;0.0105;822.06;9.5446;0;0;1.901;7.6436;811.28;5.8549;3.6671;0.5147;1.4631;0.21;817.13;4.9324;4.083;0.5731;0.2695;0.0067;813.67;672.75;94.432;43.191;0.9073;395.31;315.85;128.09;0.5819;4.2997;61.85;2.3945;65.567;0;1;0;0;1.1345;0.9885;1;1;0.9594;0.1282;0.9928;0.9946;1;0.9672;0.812;0.994;0.994;1;0.994;0.994;0.9756;0.9224;0.1035;2.4973;2.5811;0.0155;-0.0022;0.3385;0.0156;0.0553;0.0107;0;0;0.088;0;1.9671;0;0;0;0;0;0;0;0;0;0;0;0;0.0446;0.0147;2.0884;2.0884;0;62.12;62.12;33.83;0.0417;2221.6;940.05;1;0.0333;0.0333;0;0;0;0;0;0;2.0551;1.9671;0;15.931;18.447;15.005;17.376;98.407;98.407;19.959;16.69;15.721;3.2682;0.9692;0.1638;0.0486;0.7877;30.513;0.7461;0
03/04/21 14:00;36.381;48.39;32.319;44.578;45.422;90;45.422;605.3;134.5;470.8;27.97;1.09;0;670.77;47.934;111.37;0;18.045;848.12;0;848.12;670.77;111.37;47.934;18.045;0.7909;0.0778;0;0.0213;827.29;20.83;0;0;4.0363;16.794;818.97;3.3571;1.595;0.2648;1.4239;0.0733;822.33;4.9637;4.0246;0.6682;0.2634;0.0075;823.48;665.15;110.44;42.211;1.1708;263.87;210.83;86.026;3.0275;3.0074;43.26;4.5132;43.24;0;1;0;0;1.4012;0.9754;1;1;0.9158;0.0694;0.9959;0.9976;1;0.9674;0.9411;0.994;0.994;1;0.994;0.994;0.9656;0.8806;0.0649;2.5469;2.5714;0.0155;-0.0022;0.3372;0.0155;0.0551;0.0075;0;0;0.088;0;1.9626;0;0;0;0;0;0;0;0;0;0;0;0;0.0444;0.0146;2.0838;2.0838;0;62.121;62.121;34.151;0.0417;2215;940.76;1;0.0332;0.0332;0;0;0;0;0;0;2.0506;1.9626;0;15.586;18.048;14.679;16.998;98.407;98.407;20.355;16.653;15.685;3.7015;0.9686;0.1818;0.0476;0.7706;35.812;0.7422;0
03/04/21 15:00;26.336;61.369;25.438;29.422;60;90;60;420.31;146.3;274;27.97;0.8099;0;557.75;60.104;134.68;0;21.015;773.55;0;773.55;557.75;134.68;60.104;21.015;0.721;0.1049;0;0.0272;746.26;27.292;0;0;7.5799;19.712;739.24;2.5393;0.4871;0.1176;1.8463;0.0882;741.78;4.4776;3.3465;0.8081;0.3151;0.0078;743.12;553.92;133.76;50.362;1.207;108.39;86.602;37.418;10.053;1.6726;24.06;3.8793;15.68;0;1;0;0;1.8404;0.9647;1;1;0.8739;0.062;0.9966;0.9991;1;0.9646;0.9319;0.994;0.994;1;0.994;0.994;0.9556;0.8379;0.0574;2.323;2.2889;0.0138;-0.0015;0.2729;0.014;0.0497;0.0042;0;0;0.088;0;1.7663;0;0;0;0;0;0;0;0;0;0;0;0;0.0401;0.0117;1.884;1.884;0;58.714;58.714;30.744;0.0416;1973.4;954.69;1;0.0297;0.0297;0;0;0;0;0;0;1.8543;1.7663;0;15.45;17.891;14.485;16.773;98.423;98.423;18.565;15.057;14.116;3.5082;0.9407;0.189;0.0507;0.7604;52.324;0.7431;0
03/04/21 16:00;15.078;71.879;50.884;15.826;25.583;90;25.583;211.31;133.2;78.107;27.93;0.7001;0;189.43;98.82;71.024;0;2.0716;361.35;0;361.35;189.43;71.024;98.82;2.0716;0.5242;0.2792;0;0.0057;356.15;5.1941;0;0;3.4113;1.7828;347.26;6.7537;2.5808;0.9676;3.1475;0.0578;354.02;2.1369;1.1366;0.4261;0.5725;0.0017;347.56;185.71;69.63;91.689;0.2292;63.824;50.995;20.408;0.858;0.7616;10.955;0.2968;10.858;0;1;0;0;1.7101;0.9856;1;1;0.9655;0.1394;0.9809;0.9863;1;0.9668;0.7985;0.994;0.994;1;0.994;0.994;0.961;0.9278;0.1106;1.0851;1.0699;0.0064;0.0125;0.066;0.0069;0.0245;0.002;0;0;0.088;0;0.8264;0;0;0;0;0;0;0;0;0;0;0;0;0.0197;0.0029;0.929;0.929;0;42.223;42.223;14.293;0.0412;920.33;1009.5;1;0.0146;0.0146;0;0;0;0;0;0;0.9144;0.8264;0;16.309;18.886;14.509;16.801;98.43;98.43;8.6723;7.4248;6.6049;1.2476;0.8199;0.1439;0.0945;0.7616;63.298;0.7447;0
03/04/21 17:00;4.5724;79.983;78.852;4.6428;6.6786;90;6.6786;17.796;17.601;0.1949;25.48;0.84;0;0.4727;17.51;0.0764;0;0.0121;18.071;0;18.071;0.4727;0.0764;17.51;0.0121;0.0262;0.9696;0;0.0007;17.996;0.0756;0;0;0.0655;0.0101;16.991;0.8963;0.1327;0.0215;0.7418;0.0004;17.888;0.108;0.0028;0.0005;0.1047;0;16.993;0.3371;0.0545;16.598;0.0015;10.426;8.3301;3.1899;0.0009;0.1247;1.7937;0.0013;1.9175;0;1;0;0;1.0155;0.9958;1;1;0.9963;0.1642;0.9499;0.7176;1;0.9572;0.7757;0.994;0.994;1;0.994;0.994;0.9402;0.9479;0.1266;0.0543;0.055;0.0003;0.0083;0.0002;0.0003;0.0011;0.0003;0;0;0.088;0;-0.0475;0;0;0;0;0;0;0;0;0;0;0;0;0.0009;0;0.0434;0.0434;0;26.193;26.193;0.7135;0.042;45.368;956.05;1;0.0029;0.0029;0;0;0;0;0;0;0.0405;-0.0475;0;15.226;17.631;-16.673;-19.306;93.386;93.386;0.4337;0.3466;-0.3796;0.0871;0.7262;0.2007;1.6745;0;10.425;0;0
03/04/21 18:00;0;0;90;0;0;90;0;0;0;0;19.53;0.93;0;0;0;0;0;0;0;0;0;0;0;0;0;1;1;1;1;0;0;0;0;0;0;0;0;0;0;0;0;0;0;0;0;0;0;0;0;0;0;0;0;0;0;0;0;0;0;0;0;0;0;0;1;1;1;1;1;1;1;1;1;1;1;1;1;1;1;1;1;1;1;0;0;0;0;0;0;0;0;0;0.0004;0.088;0;-0.0884;0;0;0;0;0;0;0;0;0;0;0;0;0;0;0;0;0;0;0;-19.53;0;0;0;0;0.0004;0;0;0;0;0;0;0;-0.0004;-0.0884;0;0;0;0;0;0;0;0;0;-0.7063;0;0.7063;1;1;0;0;0;0
03/04/21 19:00;0;0;90;0;0;90;0;0;0;0;16.75;1.0201;0;0;0;0;0;0;0;0;0;0;0;0;0;1;1;1;1;0;0;0;0;0;0;0;0;0;0;0;0;0;0;0;0;0;0;0;0;0;0;0;0;0;0;0;0;0;0;0;0;0;0;0;1;1;1;1;1;1;1;1;1;1;1;1;1;1;1;1;1;1;1;0;0;0;0;0;0;0;0;0;0.0004;0.088;0;-0.0884;0;0;0;0;0;0;0;0;0;0;0;0;0;0;0;0;0;0;0;-16.75;0;0;0;0;0.0004;0;0;0;0;0;0;0;-0.0004;-0.0884;0;0;0;0;0;0;0;0;0;-0.7063;0;0.7063;1;1;0;0;0;0
03/04/21 20:00;0;0;90;0;0;90;0;0;0;0;15.26;1.1901;0;0;0;0;0;0;0;0;0;0;0;0;0;1;1;1;1;0;0;0;0;0;0;0;0;0;0;0;0;0;0;0;0;0;0;0;0;0;0;0;0;0;0;0;0;0;0;0;0;0;0;0;1;1;1;1;1;1;1;1;1;1;1;1;1;1;1;1;1;1;1;0;0;0;0;0;0;0;0;0;0.0004;0.088;0;-0.0884;0;0;0;0;0;0;0;0;0;0;0;0;0;0;0;0;0;0;0;-15.26;0;0;0;0;0.0004;0;0;0;0;0;0;0;-0.0004;-0.0884;0;0;0;0;0;0;0;0;0;-0.7063;0;0.7063;1;1;0;0;0;0
03/04/21 21:00;0;0;90;0;0;90;0;0;0;0;14.01;1.4;0;0;0;0;0;0;0;0;0;0;0;0;0;1;1;1;1;0;0;0;0;0;0;0;0;0;0;0;0;0;0;0;0;0;0;0;0;0;0;0;0;0;0;0;0;0;0;0;0;0;0;0;1;1;1;1;1;1;1;1;1;1;1;1;1;1;1;1;1;1;1;0;0;0;0;0;0;0;0;0;0.0004;0.088;0;-0.0884;0;0;0;0;0;0;0;0;0;0;0;0;0;0;0;0;0;0;0;-14.01;0;0;0;0;0.0004;0;0;0;0;0;0;0;-0.0004;-0.0884;0;0;0;0;0;0;0;0;0;-0.7063;0;0.7063;1;1;0;0;0;0
03/04/21 22:00;0;0;90;0;0;90;0;0;0;0;14.24;1.6099;0;0;0;0;0;0;0;0;0;0;0;0;0;1;1;1;1;0;0;0;0;0;0;0;0;0;0;0;0;0;0;0;0;0;0;0;0;0;0;0;0;0;0;0;0;0;0;0;0;0;0;0;1;1;1;1;1;1;1;1;1;1;1;1;1;1;1;1;1;1;1;0;0;0;0;0;0;0;0;0;0.0004;0.088;0;-0.0884;0;0;0;0;0;0;0;0;0;0;0;0;0;0;0;0;0;0;0;-14.24;0;0;0;0;0.0004;0;0;0;0;0;0;0;-0.0004;-0.0884;0;0;0;0;0;0;0;0;0;-0.7063;0;0.7063;1;1;0;0;0;0
03/04/21 23:00;0;0;90;0;0;90;0;0;0;0;12.4;1.89;0;0;0;0;0;0;0;0;0;0;0;0;0;1;1;1;1;0;0;0;0;0;0;0;0;0;0;0;0;0;0;0;0;0;0;0;0;0;0;0;0;0;0;0;0;0;0;0;0;0;0;0;1;1;1;1;1;1;1;1;1;1;1;1;1;1;1;1;1;1;1;0;0;0;0;0;0;0;0;0;0.0004;0.088;0;-0.0884;0;0;0;0;0;0;0;0;0;0;0;0;0;0;0;0;0;0;0;-12.4;0;0;0;0;0.0004;0;0;0;0;0;0;0;-0.0004;-0.0884;0;0;0;0;0;0;0;0;0;-0.7063;0;0.7063;1;1;0;0;0;0
04/04/21 00:00;0;0;90;0;0;90;0;0;0;0;11.94;2.19;0;0;0;0;0;0;0;0;0;0;0;0;0;1;1;1;1;0;0;0;0;0;0;0;0;0;0;0;0;0;0;0;0;0;0;0;0;0;0;0;0;0;0;0;0;0;0;0;0;0;0;0;1;1;1;1;1;1;1;1;1;1;1;1;1;1;1;1;1;1;1;0;0;0;0;0;0;0;0;0;0.0004;0.088;0;-0.0884;0;0;0;0;0;0;0;0;0;0;0;0;0;0;0;0;0;0;0;-11.94;0;0;0;0;0.0004;0;0;0;0;0;0;0;-0.0004;-0.0884;0;0;0;0;0;0;0;0;0;-0.7063;0;0.7063;1;1;0;0;0;0
04/04/21 01:00;0;0;90;0;0;90;0;0;0;0;11.74;2.42;0;0;0;0;0;0;0;0;0;0;0;0;0;1;1;1;1;0;0;0;0;0;0;0;0;0;0;0;0;0;0;0;0;0;0;0;0;0;0;0;0;0;0;0;0;0;0;0;0;0;0;0;1;1;1;1;1;1;1;1;1;1;1;1;1;1;1;1;1;1;1;0;0;0;0;0;0;0;0;0;0.0004;0.088;0;-0.0884;0;0;0;0;0;0;0;0;0;0;0;0;0;0;0;0;0;0;0;-11.74;0;0;0;0;0.0004;0;0;0;0;0;0;0;-0.0004;-0.0884;0;0;0;0;0;0;0;0;0;-0.7063;0;0.7063;1;1;0;0;0;0
04/04/21 02:00;0;0;90;0;0;90;0;0;0;0;11.11;2.5599;0;0;0;0;0;0;0;0;0;0;0;0;0;1;1;1;1;0;0;0;0;0;0;0;0;0;0;0;0;0;0;0;0;0;0;0;0;0;0;0;0;0;0;0;0;0;0;0;0;0;0;0;1;1;1;1;1;1;1;1;1;1;1;1;1;1;1;1;1;1;1;0;0;0;0;0;0;0;0;0;0.0004;0.088;0;-0.0884;0;0;0;0;0;0;0;0;0;0;0;0;0;0;0;0;0;0;0;-11.11;0;0;0;0;0.0004;0;0;0;0;0;0;0;-0.0004;-0.0884;0;0;0;0;0;0;0;0;0;-0.7063;0;0.7063;1;1;0;0;0;0
04/04/21 03:00;0;0;90;0;0;90;0;0;0;0;10.11;2.6101;0;0;0;0;0;0;0;0;0;0;0;0;0;1;1;1;1;0;0;0;0;0;0;0;0;0;0;0;0;0;0;0;0;0;0;0;0;0;0;0;0;0;0;0;0;0;0;0;0;0;0;0;1;1;1;1;1;1;1;1;1;1;1;1;1;1;1;1;1;1;1;0;0;0;0;0;0;0;0;0;0.0004;0.088;0;-0.0884;0;0;0;0;0;0;0;0;0;0;0;0;0;0;0;0;0;0;0;-10.11;0;0;0;0;0.0004;0;0;0;0;0;0;0;-0.0004;-0.0884;0;0;0;0;0;0;0;0;0;-0.7063;0;0.7063;1;1;0;0;0;0
04/04/21 04:00;0;0;90;0;0;90;0;0;0;0;10.3;2.5499;0;0;0;0;0;0;0;0;0;0;0;0;0;1;1;1;1;0;0;0;0;0;0;0;0;0;0;0;0;0;0;0;0;0;0;0;0;0;0;0;0;0;0;0;0;0;0;0;0;0;0;0;1;1;1;1;1;1;1;1;1;1;1;1;1;1;1;1;1;1;1;0;0;0;0;0;0;0;0;0;0.0004;0.088;0;-0.0884;0;0;0;0;0;0;0;0;0;0;0;0;0;0;0;0;0;0;0;-10.3;0;0;0;0;0.0004;0;0;0;0;0;0;0;-0.0004;-0.0884;0;0;0;0;0;0;0;0;0;-0.7063;0;0.7063;1;1;0;0;0;0
04/04/21 05:00;0;0;90;0;0;90;0;0;0;0;10;2.33;0;0;0;0;0;0;0;0;0;0;0;0;0;1;1;1;1;0;0;0;0;0;0;0;0;0;0;0;0;0;0;0;0;0;0;0;0;0;0;0;0;0;0;0;0;0;0;0;0;0;0;0;1;1;1;1;1;1;1;1;1;1;1;1;1;1;1;1;1;1;1;0;0;0;0;0;0;0;0;0;0.0004;0.088;0;-0.0884;0;0;0;0;0;0;0;0;0;0;0;0;0;0;0;0;0;0;0;-10;0;0;0;0;0.0004;0;0;0;0;0;0;0;-0.0004;-0.0884;0;0;0;0;0;0;0;0;0;-0.7063;0;0.7063;1;1;0;0;0;0
04/04/21 06:00;4.3459;-79.676;79.41;4.4172;6.3484;-90;-6.3484;18.597;18;0.5968;9.7002;2.19;0;1.4473;17.841;0.2519;0;0.0114;19.552;0;19.552;1.4473;0.2519;17.841;0.0114;0.074;0.9131;0;0.0006;19.481;0.0708;0;0;0.0612;0.0095;18.097;1.2672;0.4324;0.0753;0.7591;0.0004;19.364;0.1169;0.0087;0.0015;0.1067;0;18.098;1.0062;0.1751;16.914;0.0015;10.62;8.485;3.2489;0.0007;0.127;1.8272;0.0011;1.9535;0;1;0;0;1.0514;0.9964;1;1;0.9966;0.1649;0.9346;0.6994;1;0.957;0.7761;0.994;0.994;1;0.994;0.994;0.9256;0.948;0.1272;0.0587;0.0584;0.0004;0.0086;-0.0031;0.0004;0.0013;0.0003;0;0;0.088;0;-0.0418;0;0;0;0;0;0;0;0;0;0;0;0;0.0011;0;0.0494;0.0494;0;10.449;10.449;0.7492;0.0414;48.104;1027.8;1;0.0032;0.0032;0;0;0;0;0;0;0.0462;-0.0418;0;16.042;18.576;-13.563;-15.705;93.437;93.437;0.4692;0.3951;-0.3341;0.0741;0.7292;0.1579;1.554;0;10.616;0;0
04/04/21 07:00;14.449;-71.894;52.76;15.168;24.22;-90;-24.22;197.01;50.202;146.8;13.81;1.5801;0;356.04;27.305;52.483;0;1.7342;437.56;0;437.56;356.04;52.483;27.305;1.7342;0.8137;0.0664;0;0.004;435.22;2.341;0;0;0.8618;1.4792;425.02;7.589;5.8021;0.8553;0.8794;0.0522;432.61;2.6113;2.1362;0.3149;0.1587;0.0015;425.09;348.1;51.313;25.406;0.2012;18.175;14.522;5.9007;0.1956;0.2079;2.9908;0.0713;3.0031;0;1;0;0;2.2211;0.9946;1;1;0.9684;0.147;0.9825;0.9836;1;0.9665;0.7939;0.994;0.994;1;0.994;0.994;0.9713;0.9304;0.116;1.314;1.2866;0.0077;0.0093;0.0278;0.0087;0.0308;0.0006;0;0;0.088;0;1.0658;0;0;0;0;0;0;0;0;0;0;0;0;0.0248;0.004;1.1728;1.1728;0;31.12;31.12;17.31;0.0407;1105.6;1060.7;1;0.019;0.019;0;0;0;0;0;0;1.1538;1.0658;0;17.002;19.688;15.452;17.893;98.384;98.384;10.502;9.3728;8.518;1.1287;0.8548;0.1075;0.0814;0.8111;17.35;0.807;0
04/04/21 08:00;25.711;-61.448;25.537;28.73;60;-90;-60;413.39;72.4;340.99;17.82;2.0799;0;709.21;23.031;86.712;0;20.67;839.62;0;839.62;709.21;86.712;23.031;20.67;0.8447;0.052;0;0.0246;817.38;22.241;0;0;2.8984;19.343;810.98;1.4929;0.6218;0.076;0.7076;0.0874;812.47;4.9043;4.2552;0.5203;0.1208;0.008;813.61;704.33;86.116;19.304;1.2313;76.174;60.863;26.64;3.8556;0.9446;13.588;2.6253;10.677;0;1;0;0;2.0311;0.9735;1;1;0.8742;0.0642;0.9982;0.9991;1;0.9646;0.9337;0.994;0.994;1;0.994;0.994;0.9659;0.8382;0.0596;2.5214;2.4791;0.0149;-0.0021;0.2292;0.0157;0.0555;0.0025;0;0;0.088;0;1.9825;0;0;0;0;0;0;0;0;0;0;0;0;0.0447;0.0136;2.1051;2.1051;0;51.335;51.335;33.516;0.0413;2136.6;985.24;1;0.0346;0.0346;0;0;0;0;0;0;2.0705;1.9825;0;15.905;18.417;14.979;17.345;98.359;98.359;20.151;16.824;15.845;3.3268;0.9795;0.1651;0.0486;0.7863;20.055;0.7769;0
04/04/21 09:00;35.772;-48.587;32.458;43.851;46.149;-90;-46.149;591.7;98.702;493;20.91;3.48;0;711.62;31.922;88.03;0;18.178;849.75;0;849.75;711.62;88.03;31.922;18.178;0.8374;0.059;0;0.0214;830.1;19.644;0;0;2.7459;16.898;822.14;2.9837;1.75;0.2165;0.9482;0.069;825.12;4.9806;4.2697;0.5282;0.1751;0.0077;826.63;705.6;87.286;28.053;1.2031;249.91;199.67;80.052;2.131;2.8928;41.611;4.4974;42.373;0;1;0;0;1.4361;0.9769;1;1;0.914;0.0704;0.9964;0.9975;1;0.9673;0.9457;0.994;0.994;1;0.994;0.994;0.9675;0.8788;0.0662;2.5518;2.5775;0.0155;-0.0022;0.2718;0.016;0.0569;0.0074;0;0;0.088;0;2.0281;0;0;0;0;0;0;0;0;0;0;0;0;0.0458;0.0146;2.1515;2.1515;0;54.99;54.99;34.08;0.0415;2219.7;969.26;1;0.0354;0.0354;0;0;0;0;0;0;2.1161;2.0281;0;16.062;18.599;15.141;17.532;98.356;98.356;20.394;17.195;16.209;3.1992;0.9859;0.1569;0.0483;0.7948;24.012;0.7667;0
04/04/21 10:00;43.744;-32.117;37.726;60.949;29.051;-90;-29.051;703.89;121.3;582.59;23.99;3.55;0;666.44;43.499;85.656;0;8.8561;804.45;0;804.45;666.44;85.656;43.499;8.8561;0.8284;0.0651;0;0.011;794.89;9.5647;0;0;1.837;7.7277;784.41;5.7101;3.6795;0.4729;1.3532;0.2045;790.12;4.7693;3.9986;0.5139;0.25;0.0068;786.8;658.76;84.669;40.059;0.9172;377.37;301.52;123.85;0.5914;4.0049;57.609;2.3926;61.022;0;1;0;0;1.1429;0.9881;1;1;0.9578;0.1274;0.9928;0.9944;1;0.9673;0.8177;0.994;0.994;1;0.994;0.994;0.9751;0.9209;0.1036;2.4158;2.4912;0.015;-0.0021;0.2769;0.0154;0.0547;0.0102;0;0;0.088;0;1.9422;0;0;0;0;0;0;0;0;0;0;0;0;0.044;0.0137;2.0635;2.0635;0;56.55;56.55;32.56;0.0415;2144.3;962.31;1;0.0333;0.0333;0;0;0;0;0;0;2.0302;1.9422;0;16.272;18.842;15.316;17.735;98.389;98.389;19.307;16.491;15.522;2.8156;0.969;0.1458;0.0502;0.804;28.486;0.7631;0
04/04/21 11:00;48.345;-11.588;40.624;79.869;10.131;-90;-10.131;476;341.9;134.1;24.33;3.3401;0;136.23;294.62;45.67;0;0.7421;477.26;0;477.26;136.23;45.67;294.62;0.7421;0.2854;0.6189;0;0.0016;474.46;2.7987;0;0;2.18;0.6187;458.42;13.195;0.9817;0.3291;11.857;0.0276;471.62;2.8468;0.8174;0.274;1.7547;0.0007;458.56;134.43;45.067;278.83;0.0951;281.09;224.59;88.37;0.09;3.2125;46.211;0.1338;49.333;0;1;0;0;1.0027;0.9941;1;1;0.9926;0.1663;0.972;0.9928;1;0.9592;0.7752;0.994;0.994;1;0.994;0.994;0.9605;0.9464;0.1282;1.4332;1.4785;0.0089;0.0066;0.0953;0.0096;0.034;0.0085;0;0;0.088;0;1.1753;0;0;0;0;0;0;0;0;0;0;0;0;0.0273;0.0052;1.2831;1.2831;0;43.182;43.182;18.853;0.0411;1269.5;1010.7;1;0.0198;0.0198;0;0;0;0;0;0;1.2633;1.1753;0;17.055;19.749;15.622;18.09;98.456;98.456;11.454;10.255;9.3931;1.1996;0.8616;0.1047;0.0752;0.8201;176.66;0.7646;0
04/04/21 12:00;48.414;10.958;40.666;80.425;9.5748;90;9.5748;656.5;234.4;422.1;26.11;3.0399;0;428.06;136.53;98.284;0;0.9146;663.79;0;663.79;428.06;98.284;136.53;0.9146;0.6449;0.2071;0;0.0014;662.1;1.686;0;0;0.9223;0.7636;648.75;9.3828;3.0951;0.7106;5.5433;0.0338;658.13;3.9726;2.5684;0.5897;0.8136;0.0009;648.92;422.4;96.984;129.25;0.1162;384.81;307.46;122.57;0.0336;4.2887;61.692;0.1692;65.947;0;1;0;0;1.0111;0.9975;1;1;0.9932;0.165;0.9857;0.9927;1;0.9589;0.7748;0.994;0.994;1;0.994;0.994;0.9773;0.9467;0.1271;1.9934;2.0845;0.0125;-0.0003;0.2059;0.0131;0.0463;0.011;0;0;0.088;0;1.6333;0;0;0;0;0;0;0;0;0;0;0;0;0.0373;0.0098;1.7488;1.7488;0;52.97;52.97;26.86;0.0414;1791.7;976.09;1;0.0276;0.0276;0;0;0;0;0;0;1.7213;1.6333;0;16.713;19.353;15.609;18.074;98.424;98.424;15.931;13.977;13.053;1.9543;0.9236;0.1227;0.058;0.8193;81.757;0.766;0
04/04/21 13:00;43.928;31.587;37.844;61.464;28.536;90;28.536;590.2;248.2;342;27.06;2.7701;0;389.3;148.92;102.04;0;7.17;647.43;0;647.43;389.3;102.04;148.92;7.17;0.6013;0.2411;0;0.0111;635.05;12.38;0;0;6.1229;6.2576;623.67;7.5625;2.1761;0.5704;4.6466;0.1694;631.24;3.8103;2.3358;0.6122;0.8568;0.0055;625.69;384.78;100.86;137.3;0.7376;327.24;261.47;105.9;1.897;3.6601;52.649;2.014;54.412;0;1;0;0;1.097;0.9809;1;1;0.9589;0.1273;0.988;0.9944;1;0.9673;0.8133;0.994;0.994;1;0.994;0.994;0.9633;0.9219;0.1029;1.9442;1.9955;0.012;0.0005;0.1967;0.0125;0.0443;0.0094;0;0;0.088;0;1.5611;0;0;0;0;0;0;0;0;0;0;0;0;0.0357;0.009;1.6753;1.6753;0;52.883;52.883;25.823;0.0414;1715.3;976.67;1;0.0262;0.0262;0;0;0;0;0;0;1.6491;1.5611;0;16.415;19.008;15.296;17.713;98.437;98.437;15.538;13.389;12.476;2.1493;0.9125;0.1383;0.0587;0.8029;97.191;0.7569;0
04/04/21 14:00;36.033;48.175;32.635;44.309;45.691;90;45.691;515.4;210.8;304.6;27.4;2.52;0;436.06;111.11;114.49;0;15.538;677.19;0;677.19;436.06;114.49;111.11;15.538;0.6439;0.187;0;0.0229;653.29;23.904;0;0;9.4367;14.467;644.6;4.7719;1.117;0.2933;3.3003;0.0613;649.37;3.9197;2.6164;0.6869;0.61;0.0064;648.85;432.33;113.51;97.761;1.0033;241.9;193.28;79.962;7.155;2.9703;42.726;4.2507;38.541;0;1;0;0;1.3139;0.9647;1;1;0.9151;0.0689;0.9927;0.9974;1;0.9673;0.9424;0.994;0.994;1;0.994;0.994;0.9519;0.8799;0.0646;2.0336;2.0443;0.0123;0.0001;0.2105;0.0128;0.0452;0.0076;0;0;0.088;0;1.5953;0;0;0;0;0;0;0;0;0;0;0;0;0.0364;0.0094;1.71;1.71;0;54.114;54.114;26.714;0.0414;1759;972.16;1;0.0268;0.0268;0;0;0;0;0;0;1.6833;1.5953;0;16.019;18.55;14.944;17.305;98.435;98.435;16.253;13.667;12.75;2.5859;0.9171;0.1591;0.0564;0.7845;83.217;0.7491;0
04/04/21 15:00;26.017;61.122;25.736;29.136;60;90;60;411.11;149.1;262.01;27.99;2.02;0;538.07;62.886;134;0;20.555;755.51;0;755.51;538.07;134;62.886;20.555;0.7122;0.1104;0;0.0272;728.3;27.212;0;0;7.9307;19.281;721.32;2.6119;0.4755;0.1184;1.9318;0.0863;723.93;4.3698;3.2284;0.804;0.3297;0.0076;725.01;534.37;133.08;52.693;1.1805;106.25;84.896;37.419;10.518;1.6349;23.517;3.6901;14.633;0;1;0;0;1.8378;0.964;1;1;0.8739;0.062;0.9964;0.9991;1;0.9646;0.9319;0.994;0.994;1;0.994;0.994;0.9547;0.8379;0.0574;2.2688;2.2332;0.0134;-0.0013;0.2605;0.0137;0.0487;0.0041;0;0;0.088;0;1.7267;0;0;0;0;0;0;0;0;0;0;0;0;0.0392;0.0112;1.8437;1.8437;0;57.971;57.971;29.981;0.0416;1925.3;957.62;1;0.029;0.029;0;0;0;0;0;0;1.8147;1.7267;0;15.48;17.926;14.498;16.788;98.427;98.427;18.132;14.735;13.8;3.3976;0.9351;0.1874;0.0516;0.761;54.746;0.7437;0
04/04/21 16:00;14.78;71.62;51.778;15.537;24.978;90;24.978;205.19;132;73.19;27.73;1.48;0;177.51;99.38;67.291;0;1.9191;346.1;0;346.1;177.51;67.291;99.38;1.9191;0.5129;0.2927;0;0.0055;341.15;4.9485;0;0;3.3015;1.647;332.25;6.8551;2.6245;0.9949;3.1804;0.0552;339.1;2.0469;1.065;0.4037;0.5765;0.0016;332.54;173.82;65.893;92.322;0.2153;63.921;51.073;19.999;0.7928;0.787;11.321;0.2895;11.315;0;1;0;0;1.6867;0.9857;1;1;0.9668;0.1418;0.9798;0.9851;1;0.9667;0.7958;0.994;0.994;1;0.994;0.994;0.96;0.929;0.1122;1.0393;1.0254;0.0062;0.0131;0.0603;0.0066;0.0235;0.0021;0;0;0.088;0;0.79;0;0;0;0;0;0;0;0;0;0;0;0;0.0189;0.0027;0.8921;0.8921;0;41.4;41.4;13.67;0.0411;881.78;1011.7;1;0.0141;0.0141;0;0;0;0;0;0;0.878;0.79;0;16.351;18.934;14.48;16.768;98.423;98.423;8.3063;7.1295;6.3138;1.1768;0.8157;0.1417;0.0982;0.7601;63.427;0.7419;0
04/04/21 17:00;4.4877;79.572;79.061;4.5628;6.5613;90;6.5613;15.393;15.2;0.1936;25.98;1.06;0;0.4695;15.122;0.0668;0;0.0101;15.669;0;15.669;0.4695;0.0668;15.122;0.0101;0.03;0.9658;0;0.0006;15.605;0.0634;0;0;0.055;0.0084;14.716;0.7961;0.1349;0.0192;0.6416;0.0004;15.512;0.0936;0.0028;0.0004;0.0904;0;14.717;0.3318;0.0472;14.335;0.0013;9.0024;7.1929;2.7542;0.0007;0.1077;1.549;0.0011;1.6559;0;1;0;0;1.0179;0.996;1;1;0.9964;0.1642;0.9487;0.7109;1;0.9572;0.7757;0.994;0.994;1;0.994;0.994;0.9392;0.948;0.1266;0.0471;0.0476;0.0003;0.0077;0.0003;0.0003;0.001;0.0003;0;0;0.088;0;-0.0537;0;0;0;0;0;0;0;0;0;0;0;0;0.0008;0;0.037;0.037;0;26.599;26.599;0.6197;0.0421;39.072;947.52;1;0.0027;0.0027;0;0;0;0;0;0;0.0343;-0.0537;0;14.989;17.356;-21.738;-25.172;92.67;92.67;0.3761;0.2959;-0.4291;0.0802;0.725;0.2132;1.9279;0;9.0013;0;0
04/04/21 18:00;0;0;90;0;0;90;0;0;0;0;19.61;0.51;0;0;0;0;0;0;0;0;0;0;0;0;0;1;1;1;1;0;0;0;0;0;0;0;0;0;0;0;0;0;0;0;0;0;0;0;0;0;0;0;0;0;0;0;0;0;0;0;0;0;0;0;1;1;1;1;1;1;1;1;1;1;1;1;1;1;1;1;1;1;1;0;0;0;0;0;0;0;0;0;0.0004;0.088;0;-0.0884;0;0;0;0;0;0;0;0;0;0;0;0;0;0;0;0;0;0;0;-19.61;0;0;0;0;0.0004;0;0;0;0;0;0;0;-0.0004;-0.0884;0;0;0;0;0;0;0;0;0;-0.7063;0;0.7063;1;1;0;0;0;0
04/04/21 19:00;0;0;90;0;0;90;0;0;0;0;16.87;0.2499;0;0;0;0;0;0;0;0;0;0;0;0;0;1;1;1;1;0;0;0;0;0;0;0;0;0;0;0;0;0;0;0;0;0;0;0;0;0;0;0;0;0;0;0;0;0;0;0;0;0;0;0;1;1;1;1;1;1;1;1;1;1;1;1;1;1;1;1;1;1;1;0;0;0;0;0;0;0;0;0;0.0004;0.088;0;-0.0884;0;0;0;0;0;0;0;0;0;0;0;0;0;0;0;0;0;0;0;-16.87;0;0;0;0;0.0004;0;0;0;0;0;0;0;-0.0004;-0.0884;0;0;0;0;0;0;0;0;0;-0.7063;0;0.7063;1;1;0;0;0;0
04/04/21 20:00;0;0;90;0;0;90;0;0;0;0;15.4;0.7801;0;0;0;0;0;0;0;0;0;0;0;0;0;1;1;1;1;0;0;0;0;0;0;0;0;0;0;0;0;0;0;0;0;0;0;0;0;0;0;0;0;0;0;0;0;0;0;0;0;0;0;0;1;1;1;1;1;1;1;1;1;1;1;1;1;1;1;1;1;1;1;0;0;0;0;0;0;0;0;0;0.0004;0.088;0;-0.0884;0;0;0;0;0;0;0;0;0;0;0;0;0;0;0;0;0;0;0;-15.4;0;0;0;0;0.0004;0;0;0;0;0;0;0;-0.0004;-0.0884;0;0;0;0;0;0;0;0;0;-0.7063;0;0.7063;1;1;0;0;0;0
04/04/21 21:00;0;0;90;0;0;90;0;0;0;0;14.35;1.0499;0;0;0;0;0;0;0;0;0;0;0;0;0;1;1;1;1;0;0;0;0;0;0;0;0;0;0;0;0;0;0;0;0;0;0;0;0;0;0;0;0;0;0;0;0;0;0;0;0;0;0;0;1;1;1;1;1;1;1;1;1;1;1;1;1;1;1;1;1;1;1;0;0;0;0;0;0;0;0;0;0.0004;0.088;0;-0.0884;0;0;0;0;0;0;0;0;0;0;0;0;0;0;0;0;0;0;0;-14.35;0;0;0;0;0.0004;0;0;0;0;0;0;0;-0.0004;-0.0884;0;0;0;0;0;0;0;0;0;-0.7063;0;0.7063;1;1;0;0;0;0
04/04/21 22:00;0;0;90;0;0;90;0;0;0;0;13.85;1.0499;0;0;0;0;0;0;0;0;0;0;0;0;0;1;1;1;1;0;0;0;0;0;0;0;0;0;0;0;0;0;0;0;0;0;0;0;0;0;0;0;0;0;0;0;0;0;0;0;0;0;0;0;1;1;1;1;1;1;1;1;1;1;1;1;1;1;1;1;1;1;1;0;0;0;0;0;0;0;0;0;0.0004;0.088;0;-0.0884;0;0;0;0;0;0;0;0;0;0;0;0;0;0;0;0;0;0;0;-13.85;0;0;0;0;0.0004;0;0;0;0;0;0;0;-0.0004;-0.0884;0;0;0;0;0;0;0;0;0;-0.7063;0;0.7063;1;1;0;0;0;0
04/04/21 23:00;0;0;90;0;0;90;0;0;0;0;13.15;1.0201;0;0;0;0;0;0;0;0;0;0;0;0;0;1;1;1;1;0;0;0;0;0;0;0;0;0;0;0;0;0;0;0;0;0;0;0;0;0;0;0;0;0;0;0;0;0;0;0;0;0;0;0;1;1;1;1;1;1;1;1;1;1;1;1;1;1;1;1;1;1;1;0;0;0;0;0;0;0;0;0;0.0004;0.088;0;-0.0884;0;0;0;0;0;0;0;0;0;0;0;0;0;0;0;0;0;0;0;-13.15;0;0;0;0;0.0004;0;0;0;0;0;0;0;-0.0004;-0.0884;0;0;0;0;0;0;0;0;0;-0.7063;0;0.7063;1;1;0;0;0;0
05/04/21 00:00;0;0;90;0;0;90;0;0;0;0;12.42;0.9599;0;0;0;0;0;0;0;0;0;0;0;0;0;1;1;1;1;0;0;0;0;0;0;0;0;0;0;0;0;0;0;0;0;0;0;0;0;0;0;0;0;0;0;0;0;0;0;0;0;0;0;0;1;1;1;1;1;1;1;1;1;1;1;1;1;1;1;1;1;1;1;0;0;0;0;0;0;0;0;0;0.0004;0.088;0;-0.0884;0;0;0;0;0;0;0;0;0;0;0;0;0;0;0;0;0;0;0;-12.42;0;0;0;0;0.0004;0;0;0;0;0;0;0;-0.0004;-0.0884;0;0;0;0;0;0;0;0;0;-0.7063;0;0.7063;1;1;0;0;0;0
05/04/21 01:00;0;0;90;0;0;90;0;0;0;0;11.89;1.0201;0;0;0;0;0;0;0;0;0;0;0;0;0;1;1;1;1;0;0;0;0;0;0;0;0;0;0;0;0;0;0;0;0;0;0;0;0;0;0;0;0;0;0;0;0;0;0;0;0;0;0;0;1;1;1;1;1;1;1;1;1;1;1;1;1;1;1;1;1;1;1;0;0;0;0;0;0;0;0;0;0.0004;0.088;0;-0.0884;0;0;0;0;0;0;0;0;0;0;0;0;0;0;0;0;0;0;0;-11.89;0;0;0;0;0.0004;0;0;0;0;0;0;0;-0.0004;-0.0884;0;0;0;0;0;0;0;0;0;-0.7063;0;0.7063;1;1;0;0;0;0
05/04/21 02:00;0;0;90;0;0;90;0;0;0;0;11.37;1.25;0;0;0;0;0;0;0;0;0;0;0;0;0;1;1;1;1;0;0;0;0;0;0;0;0;0;0;0;0;0;0;0;0;0;0;0;0;0;0;0;0;0;0;0;0;0;0;0;0;0;0;0;1;1;1;1;1;1;1;1;1;1;1;1;1;1;1;1;1;1;1;0;0;0;0;0;0;0;0;0;0.0004;0.088;0;-0.0884;0;0;0;0;0;0;0;0;0;0;0;0;0;0;0;0;0;0;0;-11.37;0;0;0;0;0.0004;0;0;0;0;0;0;0;-0.0004;-0.0884;0;0;0;0;0;0;0;0;0;-0.7063;0;0.7063;1;1;0;0;0;0
05/04/21 03:00;0;0;90;0;0;90;0;0;0;0;10.6;1.5199;0;0;0;0;0;0;0;0;0;0;0;0;0;1;1;1;1;0;0;0;0;0;0;0;0;0;0;0;0;0;0;0;0;0;0;0;0;0;0;0;0;0;0;0;0;0;0;0;0;0;0;0;1;1;1;1;1;1;1;1;1;1;1;1;1;1;1;1;1;1;1;0;0;0;0;0;0;0;0;0;0.0004;0.088;0;-0.0884;0;0;0;0;0;0;0;0;0;0;0;0;0;0;0;0;0;0;0;-10.6;0;0;0;0;0.0004;0;0;0;0;0;0;0;-0.0004;-0.0884;0;0;0;0;0;0;0;0;0;-0.7063;0;0.7063;1;1;0;0;0;0
05/04/21 04:00;0;0;90;0;0;90;0;0;0;0;10.44;1.73;0;0;0;0;0;0;0;0;0;0;0;0;0;1;1;1;1;0;0;0;0;0;0;0;0;0;0;0;0;0;0;0;0;0;0;0;0;0;0;0;0;0;0;0;0;0;0;0;0;0;0;0;1;1;1;1;1;1;1;1;1;1;1;1;1;1;1;1;1;1;1;0;0;0;0;0;0;0;0;0;0.0004;0.088;0;-0.0884;0;0;0;0;0;0;0;0;0;0;0;0;0;0;0;0;0;0;0;-10.44;0;0;0;0;0.0004;0;0;0;0;0;0;0;-0.0004;-0.0884;0;0;0;0;0;0;0;0;0;-0.7063;0;0.7063;1;1;0;0;0;0
05/04/21 05:00;0;0;90;0;0;90;0;0;0;0;10.14;2.0099;0;0;0;0;0;0;0;0;0;0;0;0;0;1;1;1;1;0;0;0;0;0;0;0;0;0;0;0;0;0;0;0;0;0;0;0;0;0;0;0;0;0;0;0;0;0;0;0;0;0;0;0;1;1;1;1;1;1;1;1;1;1;1;1;1;1;1;1;1;1;1;0;0;0;0;0;0;0;0;0;0.0004;0.088;0;-0.0884;0;0;0;0;0;0;0;0;0;0;0;0;0;0;0;0;0;0;0;-10.14;0;0;0;0;0.0004;0;0;0;0;0;0;0;-0.0004;-0.0884;0;0;0;0;0;0;0;0;0;-0.7063;0;0.7063;1;1;0;0;0;0
05/04/21 06:00;4.1835;-79.323;79.809;4.2569;6.1144;-90;-6.1144;30.005;24.798;5.2068;9.7999;2.2;0;12.628;23.434;3.1468;0;0.0171;39.226;0;39.226;12.628;3.1468;23.434;0.0171;0.3219;0.5978;0;0.0004;39.136;0.09;0;0;0.0757;0.0143;32.971;5.9296;3.9457;0.9832;1.0001;0.0006;38.901;0.2348;0.0758;0.0189;0.1401;0;32.973;8.6065;2.1447;22.218;0.0022;13.971;11.162;4.2784;0.0008;0.1668;2.3995;0.0013;2.5656;0;1;0;0;1.3073;0.9977;1;1;0.9968;0.1648;0.8476;0.6857;1;0.9569;0.7762;0.994;0.994;1;0.994;0.994;0.8406;0.9481;0.1271;0.1178;0.1044;0.0006;0.0115;-0.0053;0.0007;0.0024;0.0004;0;0;0.088;0;-0.0005;0;0;0;0;0;0;0;0;0;0;0;0;0.002;0.0001;0.092;0.092;0;11.153;11.153;1.3533;0.041;87.483;1051.5;1;0.0045;0.0045;0;0;0;0;0;0;0.0875;-0.0005;0;14.877;17.227;-0.0851;-0.0985;95.09;95.09;0.9414;0.7352;-0.0042;0.2062;0.7394;0.2191;0.7854;0;13.939;0;0
05/04/21 07:00;14.271;-71.539;53.285;15.011;23.903;-90;-23.903;180.79;61.803;118.99;13.57;2.2499;0;288.58;38.221;53.04;0;1.5506;381.39;0;381.39;288.58;53.04;38.221;1.5506;0.7567;0.1043;0;0.0041;378.89;2.5018;0;0;1.1811;1.3208;369.46;7.1613;4.9668;0.9129;1.2343;0.0474;376.62;2.2734;1.7315;0.3182;0.2222;0.0014;369.55;281.88;51.809;35.584;0.1811;24.932;19.921;8.0093;0.261;0.2903;4.1752;0.0965;4.2045;0;1;0;0;2.1096;0.9934;1;1;0.9691;0.1482;0.981;0.9827;1;0.9665;0.7927;0.994;0.994;1;0.994;0.994;0.9687;0.931;0.1168;1.1453;1.1219;0.0068;0.0117;0.0143;0.0076;0.027;0.0008;0;0;0.088;0;0.9238;0;0;0;0;0;0;0;0;0;0;0;0;0.0218;0.0031;1.0287;1.0287;0;28.597;28.597;15.027;0.0407;962.59;1068.7;1;0.0169;0.0169;0;0;0;0;0;0;1.0118;0.9238;0;17.11;19.813;15.366;17.793;98.358;98.358;9.1535;8.2214;7.3831;0.9321;0.8383;0.1018;0.0916;0.8066;24.242;0.8;0
05/04/21 08:00;25.502;-61.087;25.909;28.588;60;-90;-60;401.2;75.4;325.8;18.19;0.85;0;680.65;25.181;87.38;0;20.06;813.27;0;813.27;680.65;87.38;25.181;20.06;0.8369;0.0556;0;0.0247;791.33;21.941;0;0;3.169;18.772;785.04;1.5417;0.6055;0.0777;0.7736;0.0849;786.58;4.748;4.0839;0.5243;0.1321;0.0077;787.91;675.96;86.778;21.106;1.195;74.431;59.47;24.996;4.2148;1.0193;14.662;2.8653;11.466;0;1;0;0;2.0271;0.973;1;1;0.8742;0.0642;0.998;0.9991;1;0.9646;0.9337;0.994;0.994;1;0.994;0.994;0.9653;0.8382;0.0596;2.4423;2.404;0.0145;-0.002;0.2163;0.0152;0.054;0.0027;0;0;0.088;0;1.9256;0;0;0;0;0;0;0;0;0;0;0;0;0.0435;0.0128;2.047;2.047;0;50.615;50.615;32.425;0.0413;2071.4;988.22;1;0.0335;0.0335;0;0;0;0;0;0;2.0136;1.9256;0;15.967;18.489;15.02;17.392;98.365;98.365;19.519;16.36;15.389;3.1588;0.9708;0.1618;0.0497;0.7884;21.927;0.7779;0
05/04/21 09:00;35.519;-48.227;32.835;43.744;46.256;-90;-46.256;571.99;101.4;470.59;20.54;0.7999;0;680.59;34.837;87.08;0;17.649;820.16;0;820.16;680.59;87.08;34.837;17.649;0.8298;0.064;0;0.0215;800.74;19.416;0;0;3.0067;16.409;792.78;3.1569;1.8226;0.2332;1.0348;0.0663;795.94;4.8044;4.0836;0.5225;0.191;0.0074;797.17;674.69;86.324;30.604;1.166;242.06;193.4;77.582;2.3437;2.8172;40.525;4.3857;40.998;0;1;0;0;1.4339;0.9763;1;1;0.9137;0.0702;0.996;0.9973;1;0.9673;0.9462;0.994;0.994;1;0.994;0.994;0.9666;0.8785;0.0661;2.4629;2.4864;0.015;-0.0021;0.2479;0.0156;0.0553;0.0073;0;0;0.088;0;1.9674;0;0;0;0;0;0;0;0;0;0;0;0;0.0445;0.0137;2.0894;2.0894;0;53.359;53.359;32.819;0.0414;2141;975.88;1;0.034;0.034;0;0;0;0;0;0;2.0554;1.9674;0;16.161;18.714;15.217;17.621;98.372;98.372;19.684;16.699;15.723;2.9852;0.9752;0.1517;0.0495;0.7988;26.231;0.7703;0
05/04/21 10:00;43.435;-31.795;38.111;60.905;29.095;-90;-29.095;699.59;120.6;578.99;24.01;0.8601;0;662.6;43.237;85.202;0;8.8279;799.87;0;799.87;662.6;85.202;43.237;8.8279;0.8284;0.0651;0;0.011;790.34;9.5351;0;0;1.8303;7.7048;779.75;5.8443;3.8069;0.4895;1.3447;0.2032;785.6;4.742;3.9756;0.5112;0.2484;0.0067;782.14;654.82;84.202;39.814;0.9132;374.94;299.58;123.06;0.5909;3.9788;57.233;2.386;60.621;0;1;0;0;1.1433;0.9881;1;1;0.9577;0.1272;0.9926;0.9942;1;0.9673;0.818;0.994;0.994;1;0.994;0.994;0.9748;0.9208;0.1034;2.402;2.4764;0.0149;-0.0021;0.2737;0.0153;0.0544;0.0101;0;0;0.088;0;1.9316;0;0;0;0;0;0;0;0;0;0;0;0;0.0438;0.0136;2.0527;2.0527;0;56.372;56.372;32.362;0.0415;2131.5;963.02;1;0.0331;0.0331;0;0;0;0;0;0;2.0196;1.9316;0;16.28;18.851;15.32;17.74;98.389;98.389;19.197;16.405;15.438;2.7917;0.9675;0.1454;0.0504;0.8042;28.323;0.7633;0
05/04/21 11:00;47.983;-11.383;41.009;79.917;10.083;-90;-10.083;768.39;132.8;635.59;25.8;1.08;0;645.56;49.134;84.59;0;1.1867;780.47;0;780.47;645.56;84.59;49.134;1.1867;0.8271;0.0645;0;0.0015;779.12;1.35;0;0;0.3607;0.9894;767;7.4481;4.7966;0.6285;1.9789;0.0441;774.45;4.6747;3.8734;0.5075;0.2926;0.0012;767.23;636.89;83.454;46.502;0.1521;448.75;358.55;146.13;0.015;4.7918;68.928;0.2241;73.705;0;1;0;0;1.0157;0.9983;1;1;0.9927;0.1663;0.9904;0.9925;1;0.9592;0.7752;0.994;0.994;1;0.994;0.994;0.9827;0.9464;0.1282;2.3438;2.4561;0.0148;-0.0021;0.283;0.0151;0.0536;0.0121;0;0;0.088;0;1.9026;0;0;0;0;0;0;0;0;0;0;0;0;0.0432;0.0133;2.023;2.023;0;57.668;57.668;31.868;0.0415;2113.2;957.3;1;0.0324;0.0324;0;0;0;0;0;0;1.9906;1.9026;0;16.443;19.04;15.464;17.907;98.399;98.399;18.731;16.168;15.206;2.5636;0.9621;0.1369;0.0514;0.8118;29.458;0.7614;0
05/04/21 12:00;48.027;10.98;41.037;80.277;9.7226;90;9.7226;771.79;138;633.79;27.51;1.3699;0;643.03;51.389;87.498;0;1.1085;783.02;0;783.02;643.03;87.498;51.389;1.1085;0.8212;0.067;0;0.0014;781.74;1.2817;0;0;0.3561;0.9256;769.49;7.5619;4.7879;0.6515;2.0816;0.0409;777.05;4.6904;3.8582;0.525;0.3062;0.0011;769.69;634.38;86.321;48.645;0.1409;451.08;360.41;146.84;0.0136;4.8202;69.337;0.2055;74.143;0;1;0;0;1.0145;0.9984;1;1;0.9931;0.165;0.9903;0.9925;1;0.959;0.7748;0.994;0.994;1;0.994;0.994;0.9827;0.9466;0.1271;2.3514;2.4644;0.0148;-0.0021;0.3005;0.0151;0.0534;0.0121;0;0;0.088;0;1.8941;0;0;0;0;0;0;0;0;0;0;0;0;0.043;0.0134;2.0142;2.0142;0;59.531;59.531;32.021;0.0416;2120.6;949.83;1;0.0321;0.0321;0;0;0;0;0;0;1.9821;1.8941;0;16.318;18.896;15.345;17.769;98.408;98.408;18.793;16.097;15.138;2.6952;0.9596;0.1434;0.0511;0.8055;30.783;0.7554;0
05/04/21 13:00;43.553;31.455;38.188;61.238;28.762;90;28.762;703.6;142.3;561.3;28.66;1.5901;0;640.29;53.785;96.937;0;8.6804;799.7;0;799.7;640.29;96.937;53.785;8.6804;0.8007;0.0781;0;0.0109;789.87;9.8233;0;0;2.2393;7.584;778.99;6.1463;3.7071;0.5612;1.6758;0.2021;785.13;4.7392;3.8418;0.5816;0.3093;0.0066;781.33;632.74;95.794;49.561;0.8877;378.95;302.78;124.27;0.7057;4.0352;58.045;2.3441;61.374;0;1;0;0;1.1366;0.9877;1;1;0.9584;0.1263;0.9922;0.9942;1;0.9673;0.8145;0.994;0.994;1;0.994;0.994;0.9741;0.9215;0.1023;2.4015;2.4757;0.0149;-0.0021;0.316;0.015;0.0533;0.0101;0;0;0.088;0;1.8921;0;0;0;0;0;0;0;0;0;0;0;0;0.0429;0.0136;2.012;2.012;0;61.119;61.119;32.459;0.0417;2131.4;943.97;1;0.0319;0.0319;0;0;0;0;0;0;1.9801;1.8921;0;15.96;18.481;15.009;17.38;98.414;98.414;19.193;16.08;15.121;3.1131;0.9583;0.1622;0.0499;0.7879;35.154;0.7473;0
05/04/21 14:00;35.686;47.961;32.949;44.04;45.96;90;45.96;579.01;145.3;433.71;28.52;1.7699;0;623.9;56.032;113.92;0;17.65;811.49;0;811.49;623.9;113.92;56.032;17.65;0.7688;0.0908;0;0.0218;790.25;21.241;0;0;4.7998;16.441;781.75;3.7566;1.7121;0.3126;1.6643;0.0677;785.51;4.7415;3.7434;0.6835;0.3074;0.0073;786.21;618.44;112.92;49.261;1.1343;252.25;201.54;82.252;3.6846;2.9252;42.078;4.4569;41.319;0;1;0;0;1.4015;0.9738;1;1;0.9143;0.0685;0.9952;0.9972;1;0.9673;0.9437;0.994;0.994;1;0.994;0.994;0.9634;0.8792;0.0643;2.4369;2.4567;0.0148;-0.0021;0.3135;0.0149;0.0529;0.0073;0;0;0.088;0;1.8798;0;0;0;0;0;0;0;0;0;0;0;0;0.0426;0.0134;1.9995;1.9995;0;61.093;61.093;32.573;0.0417;2116.5;944.69;1;0.0317;0.0317;0;0;0;0;0;0;1.9678;1.8798;0;15.63;18.099;14.695;17.016;98.415;98.415;19.476;15.98;15.023;3.4962;0.9565;0.1795;0.0491;0.7714;42.072;0.7425;0
05/04/21 15:00;25.699;60.876;26.035;28.85;60;90;60;399.99;153.7;246.29;29.39;1.64;0;510.32;67.28;132.6;0;20;730.2;0;730.2;510.32;132.6;67.28;20;0.6989;0.1195;0;0.0274;702.95;27.244;0;0;8.4849;18.759;696.01;2.7254;0.4562;0.1185;2.0668;0.084;698.74;4.2177;3.0619;0.7956;0.3528;0.0074;699.54;506.8;131.68;56.376;1.1486;105.07;83.948;37.711;11.253;1.6258;23.387;3.5293;13.76;0;1;0;0;1.8255;0.9627;1;1;0.8739;0.062;0.9961;0.9991;1;0.9646;0.9319;0.994;0.994;1;0.994;0.994;0.9532;0.8379;0.0574;2.1928;2.1562;0.013;-0.0008;0.2545;0.0132;0.0469;0.0041;0;0;0.088;0;1.6613;0;0;0;0;0;0;0;0;0;0;0;0;0.0378;0.0105;1.777;1.777;0;58.33;58.33;28.941;0.0416;1858.9;955.97;1;0.0277;0.0277;0;0;0;0;0;0;1.7493;1.6613;0;15.438;17.877;14.433;16.713;98.44;98.44;17.525;14.202;13.277;3.3227;0.9248;0.1896;0.0528;0.7576;58.572;0.7399;0
05/04/21 16:00;14.484;71.363;52.658;15.249;24.385;90;24.385;192.59;133;59.593;28.55;1.49;0;144.53;104.87;56.341;0;1.7181;307.46;0;307.46;144.53;56.341;104.87;1.7181;0.4701;0.3467;0;0.0056;302.64;4.8229;0;0;3.3524;1.4705;294.16;6.6626;2.3308;0.9086;3.3724;0.0509;300.82;1.8158;0.8672;0.338;0.6091;0.0015;294.44;141.33;55.094;97.538;0.1952;67.106;53.617;21.341;0.7682;0.7996;11.502;0.2786;11.533;0;1;0;0;1.5964;0.9843;1;1;0.968;0.1441;0.9779;0.9838;1;0.9666;0.7934;0.994;0.994;1;0.994;0.994;0.9567;0.9301;0.1136;0.9233;0.9111;0.0055;0.0146;0.0513;0.0059;0.0208;0.0021;0;0;0.088;0;0.6912;0;0;0;0;0;0;0;0;0;0;0;0;0.0168;0.0022;0.7919;0.7919;0;40.655;40.655;12.105;0.0412;782.92;1011.4;1;0.0126;0.0126;0;0;0;0;0;0;0.7792;0.6912;0;16.338;18.919;14.261;16.514;98.403;98.403;7.379;6.3285;5.5241;1.0505;0.8044;0.1424;0.109;0.7486;66.7;0.7282;0
05/04/21 17:00;4.4042;79.162;79.266;4.4839;6.4459;90;6.4459;8.0092;8.0025;0.0067;26.73;1.5299;0;0.0163;7.9766;0.0012;0;0.0051;7.9993;0;7.9993;0.0163;0.0012;7.9766;0.0051;0.002;0.9978;0;0.0006;7.9669;0.0324;0;0;0.0282;0.0042;7.5748;0.3443;0.0048;0.0004;0.339;0.0002;7.9191;0.0478;0.0001;0;0.0477;0;7.5753;0.0114;0.0009;7.5618;0.0006;4.7471;3.7929;1.4521;0.0003;0.0568;0.817;0.0005;0.8734;0;1;0;0;0.9988;0.9959;1;1;0.9965;0.1641;0.9565;0.7042;1;0.9571;0.7758;0.994;0.994;1;0.994;0.994;0.9469;0.948;0.1266;0.024;0.0245;0.0001;0.0054;0.0002;0.0001;0.0005;0.0001;0;0;0.088;0;-0.0726;0;0;0;0;0;0;0;0;0;0;0;0;0.0004;0;0.0177;0.0177;0;27.054;27.054;0.3234;0.0427;19.443;911.5;1;0.0023;0.0023;0;0;0;0;0;0;0.0154;-0.0726;0;14.054;16.274;-57.54;-66.63;87.14;87.14;0.192;0.1416;-0.5799;0.0503;0.7215;0.2623;3.7582;0;4.747;0;0
05/04/21 18:00;0;0;90;0;0;90;0;0;0;0;20.94;1.4201;0;0;0;0;0;0;0;0;0;0;0;0;0;1;1;1;1;0;0;0;0;0;0;0;0;0;0;0;0;0;0;0;0;0;0;0;0;0;0;0;0;0;0;0;0;0;0;0;0;0;0;0;1;1;1;1;1;1;1;1;1;1;1;1;1;1;1;1;1;1;1;0;0;0;0;0;0;0;0;0;0.0004;0.088;0;-0.0884;0;0;0;0;0;0;0;0;0;0;0;0;0;0;0;0;0;0;0;-20.94;0;0;0;0;0.0004;0;0;0;0;0;0;0;-0.0004;-0.0884;0;0;0;0;0;0;0;0;0;-0.7063;0;0.7063;1;1;0;0;0;0
05/04/21 19:00;0;0;90;0;0;90;0;0;0;0;18.93;1.3699;0;0;0;0;0;0;0;0;0;0;0;0;0;1;1;1;1;0;0;0;0;0;0;0;0;0;0;0;0;0;0;0;0;0;0;0;0;0;0;0;0;0;0;0;0;0;0;0;0;0;0;0;1;1;1;1;1;1;1;1;1;1;1;1;1;1;1;1;1;1;1;0;0;0;0;0;0;0;0;0;0.0004;0.088;0;-0.0884;0;0;0;0;0;0;0;0;0;0;0;0;0;0;0;0;0;0;0;-18.93;0;0;0;0;0.0004;0;0;0;0;0;0;0;-0.0004;-0.0884;0;0;0;0;0;0;0;0;0;-0.7063;0;0.7063;1;1;0;0;0;0
05/04/21 20:00;0;0;90;0;0;90;0;0;0;0;19.05;1.87;0;0;0;0;0;0;0;0;0;0;0;0;0;1;1;1;1;0;0;0;0;0;0;0;0;0;0;0;0;0;0;0;0;0;0;0;0;0;0;0;0;0;0;0;0;0;0;0;0;0;0;0;1;1;1;1;1;1;1;1;1;1;1;1;1;1;1;1;1;1;1;0;0;0;0;0;0;0;0;0;0.0004;0.088;0;-0.0884;0;0;0;0;0;0;0;0;0;0;0;0;0;0;0;0;0;0;0;-19.05;0;0;0;0;0.0004;0;0;0;0;0;0;0;-0.0004;-0.0884;0;0;0;0;0;0;0;0;0;-0.7063;0;0.7063;1;1;0;0;0;0
05/04/21 21:00;0;0;90;0;0;90;0;0;0;0;21.98;2.65;0;0;0;0;0;0;0;0;0;0;0;0;0;1;1;1;1;0;0;0;0;0;0;0;0;0;0;0;0;0;0;0;0;0;0;0;0;0;0;0;0;0;0;0;0;0;0;0;0;0;0;0;1;1;1;1;1;1;1;1;1;1;1;1;1;1;1;1;1;1;1;0;0;0;0;0;0;0;0;0;0.0004;0.088;0;-0.0884;0;0;0;0;0;0;0;0;0;0;0;0;0;0;0;0;0;0;0;-21.98;0;0;0;0;0.0004;0;0;0;0;0;0;0;-0.0004;-0.0884;0;0;0;0;0;0;0;0;0;-0.7063;0;0.7063;1;1;0;0;0;0
05/04/21 22:00;0;0;90;0;0;90;0;0;0;0;21.02;3.4901;0;0;0;0;0;0;0;0;0;0;0;0;0;1;1;1;1;0;0;0;0;0;0;0;0;0;0;0;0;0;0;0;0;0;0;0;0;0;0;0;0;0;0;0;0;0;0;0;0;0;0;0;1;1;1;1;1;1;1;1;1;1;1;1;1;1;1;1;1;1;1;0;0;0;0;0;0;0;0;0;0.0004;0.088;0;-0.0884;0;0;0;0;0;0;0;0;0;0;0;0;0;0;0;0;0;0;0;-21.02;0;0;0;0;0.0004;0;0;0;0;0;0;0;-0.0004;-0.0884;0;0;0;0;0;0;0;0;0;-0.7063;0;0.7063;1;1;0;0;0;0
05/04/21 23:00;0;0;90;0;0;90;0;0;0;0;20.41;4.49;0;0;0;0;0;0;0;0;0;0;0;0;0;1;1;1;1;0;0;0;0;0;0;0;0;0;0;0;0;0;0;0;0;0;0;0;0;0;0;0;0;0;0;0;0;0;0;0;0;0;0;0;1;1;1;1;1;1;1;1;1;1;1;1;1;1;1;1;1;1;1;0;0;0;0;0;0;0;0;0;0.0004;0.088;0;-0.0884;0;0;0;0;0;0;0;0;0;0;0;0;0;0;0;0;0;0;0;-20.41;0;0;0;0;0.0004;0;0;0;0;0;0;0;-0.0004;-0.0884;0;0;0;0;0;0;0;0;0;-0.7063;0;0.7063;1;1;0;0;0;0
06/04/21 00:00;0;0;90;0;0;90;0;0;0;0;19.41;4.7601;0;0;0;0;0;0;0;0;0;0;0;0;0;1;1;1;1;0;0;0;0;0;0;0;0;0;0;0;0;0;0;0;0;0;0;0;0;0;0;0;0;0;0;0;0;0;0;0;0;0;0;0;1;1;1;1;1;1;1;1;1;1;1;1;1;1;1;1;1;1;1;0;0;0;0;0;0;0;0;0;0.0004;0.088;0;-0.0884;0;0;0;0;0;0;0;0;0;0;0;0;0;0;0;0;0;0;0;-19.41;0;0;0;0;0.0004;0;0;0;0;0;0;0;-0.0004;-0.0884;0;0;0;0;0;0;0;0;0;-0.7063;0;0.7063;1;1;0;0;0;0
06/04/21 01:00;0;0;90;0;0;90;0;0;0;0;18.6;4.3701;0;0;0;0;0;0;0;0;0;0;0;0;0;1;1;1;1;0;0;0;0;0;0;0;0;0;0;0;0;0;0;0;0;0;0;0;0;0;0;0;0;0;0;0;0;0;0;0;0;0;0;0;1;1;1;1;1;1;1;1;1;1;1;1;1;1;1;1;1;1;1;0;0;0;0;0;0;0;0;0;0.0004;0.088;0;-0.0884;0;0;0;0;0;0;0;0;0;0;0;0;0;0;0;0;0;0;0;-18.6;0;0;0;0;0.0004;0;0;0;0;0;0;0;-0.0004;-0.0884;0;0;0;0;0;0;0;0;0;-0.7063;0;0.7063;1;1;0;0;0;0
06/04/21 02:00;0;0;90;0;0;90;0;0;0;0;18.55;4.01;0;0;0;0;0;0;0;0;0;0;0;0;0;1;1;1;1;0;0;0;0;0;0;0;0;0;0;0;0;0;0;0;0;0;0;0;0;0;0;0;0;0;0;0;0;0;0;0;0;0;0;0;1;1;1;1;1;1;1;1;1;1;1;1;1;1;1;1;1;1;1;0;0;0;0;0;0;0;0;0;0.0004;0.088;0;-0.0884;0;0;0;0;0;0;0;0;0;0;0;0;0;0;0;0;0;0;0;-18.55;0;0;0;0;0.0004;0;0;0;0;0;0;0;-0.0004;-0.0884;0;0;0;0;0;0;0;0;0;-0.7063;0;0.7063;1;1;0;0;0;0
06/04/21 03:00;0;0;90;0;0;90;0;0;0;0;18.2;3.8101;0;0;0;0;0;0;0;0;0;0;0;0;0;1;1;1;1;0;0;0;0;0;0;0;0;0;0;0;0;0;0;0;0;0;0;0;0;0;0;0;0;0;0;0;0;0;0;0;0;0;0;0;1;1;1;1;1;1;1;1;1;1;1;1;1;1;1;1;1;1;1;0;0;0;0;0;0;0;0;0;0.0004;0.088;0;-0.0884;0;0;0;0;0;0;0;0;0;0;0;0;0;0;0;0;0;0;0;-18.2;0;0;0;0;0.0004;0;0;0;0;0;0;0;-0.0004;-0.0884;0;0;0;0;0;0;0;0;0;-0.7063;0;0.7063;1;1;0;0;0;0
06/04/21 04:00;0;0;90;0;0;90;0;0;0;0;18.1;3.61;0;0;0;0;0;0;0;0;0;0;0;0;0;1;1;1;1;0;0;0;0;0;0;0;0;0;0;0;0;0;0;0;0;0;0;0;0;0;0;0;0;0;0;0;0;0;0;0;0;0;0;0;1;1;1;1;1;1;1;1;1;1;1;1;1;1;1;1;1;1;1;0;0;0;0;0;0;0;0;0;0.0004;0.088;0;-0.0884;0;0;0;0;0;0;0;0;0;0;0;0;0;0;0;0;0;0;0;-18.1;0;0;0;0;0.0004;0;0;0;0;0;0;0;-0.0004;-0.0884;0;0;0;0;0;0;0;0;0;-0.7063;0;0.7063;1;1;0;0;0;0
06/04/21 05:00;0;0;90;0;0;90;0;0;0;0;17.72;3.54;0;0;0;0;0;0;0;0;0;0;0;0;0;1;1;1;1;0;0;0;0;0;0;0;0;0;0;0;0;0;0;0;0;0;0;0;0;0;0;0;0;0;0;0;0;0;0;0;0;0;0;0;1;1;1;1;1;1;1;1;1;1;1;1;1;1;1;1;1;1;1;0;0;0;0;0;0;0;0;0;0.0004;0.088;0;-0.0884;0;0;0;0;0;0;0;0;0;0;0;0;0;0;0;0;0;0;0;-17.72;0;0;0;0;0.0004;0;0;0;0;0;0;0;-0.0004;-0.0884;0;0;0;0;0;0;0;0;0;-0.7063;0;0.7063;1;1;0;0;0;0
06/04/21 06:00;4.2218;-78.826;79.715;4.303;6.1817;-90;-6.1817;24.809;22.197;2.6116;16.93;4.3801;0;6.3338;21.557;1.4008;0;0.0144;29.306;0;29.306;6.3338;1.4008;21.557;0.0144;0.2161;0.7361;0;0.0005;29.223;0.0829;0;0;0.0709;0.012;25.737;3.3111;1.9582;0.4331;0.9192;0.0005;29.048;0.1753;0.038;0.0084;0.1289;0;25.738;4.3376;0.9593;20.438;0.0018;12.839;10.258;3.9296;0.0008;0.1535;2.2074;0.0012;2.3601;0;1;0;0;1.1813;0.9972;1;1;0.9967;0.1648;0.886;0.689;1;0.957;0.7762;0.994;0.994;1;0.994;0.994;0.8782;0.9481;0.1271;0.088;0.0822;0.0005;0.0102;-0.0021;0.0005;0.0018;0.0004;0;0;0.088;0;-0.0224;0;0;0;0;0;0;0;0;0;0;0;0;0.0015;0.0001;0.0693;0.0693;0;17.997;17.997;1.0663;0.0414;68.592;1010.7;1;0.0037;0.0037;0;0;0;0;0;0;0.0656;-0.0224;0;15.006;17.377;-4.8396;-5.6042;94.689;94.689;0.7033;0.554;-0.1787;0.1493;0.7327;0.2123;1.0418;0;12.824;0;0
06/04/21 07:00;14.092;-71.187;53.807;14.853;23.588;-90;-23.588;202.5;40.098;162.4;19.82;5.0199;0;393.86;19.626;47.575;0;1.6919;462.75;0;462.75;393.86;47.575;19.626;1.6919;0.8511;0.0461;0;0.0037;460.72;2.0327;0;0;0.5936;1.4391;449.23;8.7223;7.1685;0.8659;0.6355;0.0524;457.96;2.7643;2.3632;0.2855;0.1142;0.0015;449.28;384.33;46.424;18.282;0.1989;13.317;10.64;4.3645;0.128;0.1487;2.1387;0.0479;2.1593;0;1;0;0;2.2853;0.9956;1;1;0.9698;0.1494;0.981;0.9817;1;0.9664;0.7914;0.994;0.994;1;0.994;0.994;0.9708;0.9316;0.1175;1.3896;1.3577;0.0082;0.0083;0.0636;0.0089;0.0317;0.0004;0;0;0.088;0;1.0995;0;0;0;0;0;0;0;0;0;0;0;0;0.0255;0.0044;1.2065;1.2065;0;38.22;38.22;18.4;0.041;1168.7;1032.4;1;0.019;0.019;0;0;0;0;0;0;1.1875;1.0995;0;16.54;19.152;15.072;17.454;98.423;98.423;11.106;9.6425;8.7872;1.4635;0.8553;0.1318;0.077;0.7912;12.425;0.7885;0
06/04/21 08:00;25.293;-60.728;26.279;28.446;60;-90;-60;401.4;72.998;328.4;22.53;4.65;0;689.19;23.883;86.368;0;20.07;819.51;0;819.51;689.19;86.368;23.883;20.07;0.841;0.0536;0;0.0245;797.72;21.787;0;0;3.0056;18.782;791.42;1.5184;0.6218;0.0779;0.7337;0.0849;792.93;4.7863;4.1351;0.5182;0.1253;0.0077;794.03;684.43;85.772;20.018;1.1956;72.14;57.64;25.045;3.9978;0.929;13.364;2.6092;10.295;0;1;0;0;2.0416;0.9734;1;1;0.8742;0.0642;0.9981;0.9991;1;0.9646;0.9337;0.994;0.994;1;0.994;0.994;0.9657;0.8382;0.0596;2.461;2.4197;0.0146;-0.002;0.2587;0.015;0.0533;0.0024;0;0;0.088;0;1.9011;0;0;0;0;0;0;0;0;0;0;0;0;0.0429;0.013;2.0217;2.0217;0;55.348;55.348;32.817;0.0415;2086.5;968.96;1;0.0326;0.0326;0;0;0;0;0;0;1.9891;1.9011;0;15.65;18.122;14.716;17.041;98.388;98.388;19.668;16.157;15.194;3.5107;0.9638;0.1785;0.049;0.7725;20.797;0.7632;0
06/04/21 09:00;35.266;-47.871;33.209;43.636;46.364;-90;-46.364;572.79;99.201;473.59;23.8;3.71;0;686.29;33.394;86.488;0;17.752;823.92;0;823.92;686.29;86.488;33.394;17.752;0.833;0.0621;0;0.0215;804.52;19.4;0;0;2.892;16.508;796.4;3.2955;1.9872;0.2504;0.9919;0.0659;799.7;4.8271;4.1177;0.5189;0.183;0.0075;800.8;680.18;85.718;29.327;1.1708;241.38;192.86;77.291;2.265;2.8094;40.412;4.4005;40.956;0;1;0;0;1.4384;0.9765;1;1;0.9134;0.0701;0.9959;0.9971;1;0.9673;0.9467;0.994;0.994;1;0.994;0.994;0.9666;0.8782;0.066;2.4742;2.4971;0.015;-0.0021;0.2804;0.0154;0.0547;0.0071;0;0;0.088;0;1.9474;0;0;0;0;0;0;0;0;0;0;0;0;0.0441;0.0138;2.0687;2.0687;0;56.866;56.866;33.066;0.0415;2151;961.75;1;0.0333;0.0333;0;0;0;0;0;0;2.0354;1.9474;0;15.928;18.444;14.993;17.362;98.388;98.388;19.774;16.533;15.563;3.2409;0.9697;0.1639;0.049;0.7871;25.17;0.7592;0
06/04/21 10:00;43.126;-31.479;38.495;60.86;29.14;-90;-29.14;698.21;119.1;579.1;25.19;2.76;0;663.02;42.244;84.729;0;8.837;798.83;0;798.83;663.02;84.729;42.244;8.837;0.83;0.0639;0;0.0111;789.32;9.507;0;0;1.7927;7.7143;778.61;5.9791;3.9571;0.5057;1.3135;0.2029;784.59;4.7359;3.9781;0.5084;0.2427;0.0067;781;655.08;83.715;38.896;0.9131;373.99;298.82;122.76;0.5804;3.9673;57.068;2.389;60.454;0;1;0;0;1.1441;0.9881;1;1;0.9576;0.127;0.9924;0.994;1;0.9673;0.8182;0.994;0.994;1;0.994;0.994;0.9747;0.9207;0.1033;2.3989;2.4726;0.0149;-0.0021;0.2837;0.0152;0.054;0.01;0;0;0.088;0;1.9191;0;0;0;0;0;0;0;0;0;0;0;0;0.0435;0.0135;2.0398;2.0398;0;57.536;57.536;32.346;0.0415;2128.5;958.35;1;0.0327;0.0327;0;0;0;0;0;0;2.0071;1.9191;0;16.199;18.757;15.24;17.647;98.396;98.396;19.172;16.302;15.337;2.8697;0.9648;0.1497;0.0503;0.8;27.681;0.7594;0
06/04/21 11:00;47.622;-11.183;41.393;79.965;10.035;-90;-10.035;763.61;131.9;631.71;26.54;1.9001;0;641.52;48.793;84.018;0;1.1683;775.5;0;775.5;641.52;84.018;48.793;1.1683;0.8272;0.0644;0;0.0015;774.17;1.3293;0;0;0.3554;0.974;761.96;7.5627;4.9096;0.643;1.9667;0.0434;769.53;4.645;3.8491;0.5041;0.2906;0.0012;762.18;632.76;82.87;46.181;0.1497;446;356.35;145.23;0.0146;4.7625;68.507;0.2201;73.255;0;1;0;0;1.0156;0.9983;1;1;0.9927;0.1663;0.9902;0.9923;1;0.9592;0.7752;0.994;0.994;1;0.994;0.994;0.9825;0.9465;0.1282;2.3288;2.44;0.0147;-0.0021;0.286;0.015;0.0532;0.012;0;0;0.088;0;1.8852;0;0;0;0;0;0;0;0;0;0;0;0;0.0428;0.0132;2.0052;2.0052;0;58.214;58.214;31.674;0.0416;2099.5;955.1;1;0.032;0.032;0;0;0;0;0;0;1.9732;1.8852;0;16.403;18.994;15.421;17.858;98.404;98.404;18.612;16.026;15.067;2.5861;0.9591;0.1389;0.0515;0.8095;29.251;0.7593;0
06/04/21 12:00;47.642;11.001;41.405;80.13;9.8705;90;9.8705;762.3;138.9;623.4;27.42;1.2899;0;632.77;52.559;87.24;0;1.1284;773.69;0;773.69;632.77;87.24;52.559;1.1284;0.8179;0.0694;0;0.0015;772.38;1.3156;0;0;0.3735;0.9421;760.06;7.6811;4.8472;0.6683;2.1239;0.0417;767.74;4.6343;3.7966;0.5234;0.3131;0.0011;760.27;624.12;86.048;49.748;0.1434;445.43;355.9;144.98;0.0148;4.7607;68.481;0.2107;73.227;0;1;0;0;1.0149;0.9983;1;1;0.9929;0.165;0.99;0.9923;1;0.9591;0.7748;0.994;0.994;1;0.994;0.994;0.9824;0.9465;0.1271;2.3234;2.4342;0.0147;-0.002;0.2926;0.0149;0.0529;0.012;0;0;0.088;0;1.8739;0;0;0;0;0;0;0;0;0;0;0;0;0.0426;0.0131;1.9936;1.9936;0;59.037;59.037;31.616;0.0416;2094.6;951.78;1;0.0317;0.0317;0;0;0;0;0;0;1.9619;1.8739;0;16.346;18.928;15.365;17.792;98.409;98.409;18.569;15.933;14.976;2.6355;0.9568;0.1419;0.0515;0.8065;31.495;0.7564;0
06/04/21 13:00;43.179;31.325;38.53;61.012;28.988;90;28.988;696.6;142.4;554.21;27.96;0.8601;0;633.58;54.186;96.706;0;8.7268;793.2;0;793.2;633.58;96.706;54.186;8.7268;0.7988;0.0793;0;0.011;783.28;9.9171;0;0;2.2843;7.6328;772.32;6.2596;3.7942;0.5791;1.686;0.2003;778.58;4.6997;3.8015;0.5802;0.3114;0.0066;774.68;625.98;95.547;49.904;0.8871;374.63;299.33;122.89;0.7305;3.9887;57.376;2.3624;60.634;0;1;0;0;1.1387;0.9875;1;1;0.9578;0.1254;0.992;0.994;1;0.9673;0.8158;0.994;0.994;1;0.994;0.994;0.9737;0.921;0.1017;2.382;2.4542;0.0148;-0.0021;0.3045;0.015;0.0531;0.01;0;0;0.088;0;1.8832;0;0;0;0;0;0;0;0;0;0;0;0;0.0427;0.0133;2.003;2.003;0;60.114;60.114;32.154;0.0416;2112.9;947.97;1;0.0318;0.0318;0;0;0;0;0;0;1.9712;1.8832;0;16.019;18.55;15.061;17.44;98.411;98.411;19.037;16.008;15.05;3.0287;0.9576;0.1591;0.0503;0.7906;35.47;0.75;0
06/04/21 14:00;35.342;47.75;33.261;43.771;46.229;90;46.229;571.19;146.5;424.69;28.62;0.6301;0;613.91;57.19;114.04;0;17.605;802.75;0;802.75;613.91;114.04;57.19;17.605;0.7648;0.0932;0;0.0219;781.4;21.347;0;0;4.9408;16.406;772.82;3.8941;1.7962;0.3337;1.6986;0.0656;776.71;4.6884;3.6835;0.6843;0.3135;0.0072;777.32;608.43;113.03;50.238;1.1262;247.95;198.11;79.957;3.8371;2.9476;42.401;4.4966;41.511;0;1;0;0;1.4054;0.9734;1;1;0.9136;0.0681;0.995;0.9971;1;0.9673;0.945;0.994;0.994;1;0.994;0.994;0.9627;0.8784;0.064;2.4107;2.4306;0.0146;-0.002;0.3078;0.0148;0.0524;0.0074;0;0;0.088;0;1.861;0;0;0;0;0;0;0;0;0;0;0;0;0.0422;0.0131;1.9804;1.9804;0;60.814;60.814;32.194;0.0417;2094;945.73;1;0.0314;0.0314;0;0;0;0;0;0;1.949;1.861;0;15.65;18.122;14.707;17.03;98.417;98.417;19.266;15.827;14.873;3.4386;0.9538;0.1785;0.0495;0.772;43.05;0.7426;0
06/04/21 15:00;25.383;60.633;26.336;28.565;60;90;60;391.81;155.5;236.3;28.16;0.5699;0;494.04;69.471;131.45;0;19.59;714.56;0;714.56;494.04;131.45;69.471;19.59;0.6914;0.1246;0;0.0274;687.42;27.137;0;0;8.7611;18.376;680.52;2.7819;0.4467;0.1189;2.134;0.0822;683.3;4.1245;2.9643;0.7887;0.3643;0.0073;684.26;490.63;130.55;58.211;1.1251;103.02;82.309;35.993;11.619;1.696;24.396;3.7432;14.473;0;1;0;0;1.8238;0.962;1;1;0.8739;0.062;0.9959;0.9991;1;0.9646;0.9319;0.994;0.994;1;0.994;0.994;0.9524;0.8379;0.0574;2.1458;2.1123;0.0127;-0.0005;0.2348;0.0131;0.0463;0.0043;0;0;0.088;0;1.6388;0;0;0;0;0;0;0;0;0;0;0;0;0.0373;0.0101;1.7542;1.7542;0;56.413;56.413;28.253;0.0415;1820.3;963.7;1;0.0274;0.0274;0;0;0;0;0;0;1.7268;1.6388;0;15.574;18.034;14.549;16.847;98.436;98.436;17.149;14.02;13.097;3.1294;0.9225;0.1825;0.0538;0.7637;60.479;0.7447;0
06/04/21 16:00;14.189;71.107;53.524;14.962;23.804;90;23.804;188.51;130.8;57.712;27.28;0.67;0;139.97;103.61;54.781;0;1.6036;299.96;0;299.96;139.97;54.781;103.61;1.6036;0.4666;0.3507;0;0.0053;295.4;4.5553;0;0;3.1863;1.369;286.8;6.835;2.4711;0.9672;3.348;0.0487;293.63;1.7724;0.8398;0.3287;0.6025;0.0014;287.06;136.66;53.486;96.47;0.1845;66.069;52.789;20.968;0.6965;0.7861;11.308;0.2587;11.398;0;1;0;0;1.5912;0.9848;1;1;0.9692;0.1463;0.9767;0.9822;1;0.9665;0.7911;0.994;0.994;1;0.994;0.994;0.9561;0.9311;0.1151;0.9008;0.8884;0.0053;0.0149;0.045;0.0058;0.0204;0.0021;0;0;0.088;0;0.6759;0;0;0;0;0;0;0;0;0;0;0;0;0.0165;0.0021;0.7764;0.7764;0;39.069;39.069;11.789;0.0411;763.11;1017.4;1;0.0125;0.0125;0;0;0;0;0;0;0.7639;0.6759;0;16.419;19.013;14.294;16.552;98.389;98.389;7.199;6.205;5.4017;0.9941;0.8033;0.1381;0.1116;0.7503;65.676;0.7297;0
06/04/21 17:00;4.3221;78.753;79.468;4.4064;6.3326;90;6.3326;6.0948;6.0948;0;25.02;0.9401;0;0;6.0762;0;0;0.0037;6.0799;6.0799;0;0;0;0;0;1;1;1;1;0;0;0;0;0;0;0;0;0;0;0;0;0;0;0;0;0;0;0;0;0;0;0;0;0;0;0;0;0;0;0;0;0;0;0;0;1;1;1;1;1;1;1;1;1;1;1;1;1;0;0;1;0;0;0;0;0;0;0;0;0;0;0;0.0004;0.088;0;-0.0884;0;0;0;0;0;0;0;0;0;0;0;0;0;0;0;0;0;0;0;-25.02;0;0;0;0;0.0004;0;0;0;0;0;0;0;-0.0004;-0.0884;0;0;0;0;0;0;0;0;0;-0.7063;0;0.7063;1;1;0;0;0;0
06/04/21 18:00;0;0;90;0;0;90;0;0;0;0;21.03;1.1299;0;0;0;0;0;0;0;0;0;0;0;0;0;1;1;1;1;0;0;0;0;0;0;0;0;0;0;0;0;0;0;0;0;0;0;0;0;0;0;0;0;0;0;0;0;0;0;0;0;0;0;0;1;1;1;1;1;1;1;1;1;1;1;1;1;1;1;1;1;1;1;0;0;0;0;0;0;0;0;0;0.0004;0.088;0;-0.0884;0;0;0;0;0;0;0;0;0;0;0;0;0;0;0;0;0;0;0;-21.03;0;0;0;0;0.0004;0;0;0;0;0;0;0;-0.0004;-0.0884;0;0;0;0;0;0;0;0;0;-0.7063;0;0.7063;1;1;0;0;0;0
06/04/21 19:00;0;0;90;0;0;90;0;0;0;0;19.02;1.5199;0;0;0;0;0;0;0;0;0;0;0;0;0;1;1;1;1;0;0;0;0;0;0;0;0;0;0;0;0;0;0;0;0;0;0;0;0;0;0;0;0;0;0;0;0;0;0;0;0;0;0;0;1;1;1;1;1;1;1;1;1;1;1;1;1;1;1;1;1;1;1;0;0;0;0;0;0;0;0;0;0.0004;0.088;0;-0.0884;0;0;0;0;0;0;0;0;0;0;0;0;0;0;0;0;0;0;0;-19.02;0;0;0;0;0.0004;0;0;0;0;0;0;0;-0.0004;-0.0884;0;0;0;0;0;0;0;0;0;-0.7063;0;0.7063;1;1;0;0;0;0
06/04/21 20:00;0;0;90;0;0;90;0;0;0;0;17.62;2.19;0;0;0;0;0;0;0;0;0;0;0;0;0;1;1;1;1;0;0;0;0;0;0;0;0;0;0;0;0;0;0;0;0;0;0;0;0;0;0;0;0;0;0;0;0;0;0;0;0;0;0;0;1;1;1;1;1;1;1;1;1;1;1;1;1;1;1;1;1;1;1;0;0;0;0;0;0;0;0;0;0.0004;0.088;0;-0.0884;0;0;0;0;0;0;0;0;0;0;0;0;0;0;0;0;0;0;0;-17.62;0;0;0;0;0.0004;0;0;0;0;0;0;0;-0.0004;-0.0884;0;0;0;0;0;0;0;0;0;-0.7063;0;0.7063;1;1;0;0;0;0
06/04/21 21:00;0;0;90;0;0;90;0;0;0;0;18.1;3.53;0;0;0;0;0;0;0;0;0;0;0;0;0;1;1;1;1;0;0;0;0;0;0;0;0;0;0;0;0;0;0;0;0;0;0;0;0;0;0;0;0;0;0;0;0;0;0;0;0;0;0;0;1;1;1;1;1;1;1;1;1;1;1;1;1;1;1;1;1;1;1;0;0;0;0;0;0;0;0;0;0.0004;0.088;0;-0.0884;0;0;0;0;0;0;0;0;0;0;0;0;0;0;0;0;0;0;0;-18.1;0;0;0;0;0.0004;0;0;0;0;0;0;0;-0.0004;-0.0884;0;0;0;0;0;0;0;0;0;-0.7063;0;0.7063;1;1;0;0;0;0
06/04/21 22:00;0;0;90;0;0;90;0;0;0;0;18.64;4.66;0;0;0;0;0;0;0;0;0;0;0;0;0;1;1;1;1;0;0;0;0;0;0;0;0;0;0;0;0;0;0;0;0;0;0;0;0;0;0;0;0;0;0;0;0;0;0;0;0;0;0;0;1;1;1;1;1;1;1;1;1;1;1;1;1;1;1;1;1;1;1;0;0;0;0;0;0;0;0;0;0.0004;0.088;0;-0.0884;0;0;0;0;0;0;0;0;0;0;0;0;0;0;0;0;0;0;0;-18.64;0;0;0;0;0.0004;0;0;0;0;0;0;0;-0.0004;-0.0884;0;0;0;0;0;0;0;0;0;-0.7063;0;0.7063;1;1;0;0;0;0
06/04/21 23:00;0;0;90;0;0;90;0;0;0;0;20.6;5.0299;0;0;0;0;0;0;0;0;0;0;0;0;0;1;1;1;1;0;0;0;0;0;0;0;0;0;0;0;0;0;0;0;0;0;0;0;0;0;0;0;0;0;0;0;0;0;0;0;0;0;0;0;1;1;1;1;1;1;1;1;1;1;1;1;1;1;1;1;1;1;1;0;0;0;0;0;0;0;0;0;0.0004;0.088;0;-0.0884;0;0;0;0;0;0;0;0;0;0;0;0;0;0;0;0;0;0;0;-20.6;0;0;0;0;0.0004;0;0;0;0;0;0;0;-0.0004;-0.0884;0;0;0;0;0;0;0;0;0;-0.7063;0;0.7063;1;1;0;0;0;0
07/04/21 00:00;0;0;90;0;0;90;0;0;0;0;19.33;4.88;0;0;0;0;0;0;0;0;0;0;0;0;0;1;1;1;1;0;0;0;0;0;0;0;0;0;0;0;0;0;0;0;0;0;0;0;0;0;0;0;0;0;0;0;0;0;0;0;0;0;0;0;1;1;1;1;1;1;1;1;1;1;1;1;1;1;1;1;1;1;1;0;0;0;0;0;0;0;0;0;0.0004;0.088;0;-0.0884;0;0;0;0;0;0;0;0;0;0;0;0;0;0;0;0;0;0;0;-19.33;0;0;0;0;0.0004;0;0;0;0;0;0;0;-0.0004;-0.0884;0;0;0;0;0;0;0;0;0;-0.7063;0;0.7063;1;1;0;0;0;0
07/04/21 01:00;0;0;90;0;0;90;0;0;0;0;18.44;4.3199;0;0;0;0;0;0;0;0;0;0;0;0;0;1;1;1;1;0;0;0;0;0;0;0;0;0;0;0;0;0;0;0;0;0;0;0;0;0;0;0;0;0;0;0;0;0;0;0;0;0;0;0;1;1;1;1;1;1;1;1;1;1;1;1;1;1;1;1;1;1;1;0;0;0;0;0;0;0;0;0;0.0004;0.088;0;-0.0884;0;0;0;0;0;0;0;0;0;0;0;0;0;0;0;0;0;0;0;-18.44;0;0;0;0;0.0004;0;0;0;0;0;0;0;-0.0004;-0.0884;0;0;0;0;0;0;0;0;0;-0.7063;0;0.7063;1;1;0;0;0;0
07/04/21 02:00;0;0;90;0;0;90;0;0;0;0;18.5;3.8901;0;0;0;0;0;0;0;0;0;0;0;0;0;1;1;1;1;0;0;0;0;0;0;0;0;0;0;0;0;0;0;0;0;0;0;0;0;0;0;0;0;0;0;0;0;0;0;0;0;0;0;0;1;1;1;1;1;1;1;1;1;1;1;1;1;1;1;1;1;1;1;0;0;0;0;0;0;0;0;0;0.0004;0.088;0;-0.0884;0;0;0;0;0;0;0;0;0;0;0;0;0;0;0;0;0;0;0;-18.5;0;0;0;0;0.0004;0;0;0;0;0;0;0;-0.0004;-0.0884;0;0;0;0;0;0;0;0;0;-0.7063;0;0.7063;1;1;0;0;0;0
07/04/21 03:00;0;0;90;0;0;90;0;0;0;0;17.46;3.5199;0;0;0;0;0;0;0;0;0;0;0;0;0;1;1;1;1;0;0;0;0;0;0;0;0;0;0;0;0;0;0;0;0;0;0;0;0;0;0;0;0;0;0;0;0;0;0;0;0;0;0;0;1;1;1;1;1;1;1;1;1;1;1;1;1;1;1;1;1;1;1;0;0;0;0;0;0;0;0;0;0.0004;0.088;0;-0.0884;0;0;0;0;0;0;0;0;0;0;0;0;0;0;0;0;0;0;0;-17.46;0;0;0;0;0.0004;0;0;0;0;0;0;0;-0.0004;-0.0884;0;0;0;0;0;0;0;0;0;-0.7063;0;0.7063;1;1;0;0;0;0
07/04/21 04:00;0;0;90;0;0;90;0;0;0;0;16.22;3.13;0;0;0;0;0;0;0;0;0;0;0;0;0;1;1;1;1;0;0;0;0;0;0;0;0;0;0;0;0;0;0;0;0;0;0;0;0;0;0;0;0;0;0;0;0;0;0;0;0;0;0;0;1;1;1;1;1;1;1;1;1;1;1;1;1;1;1;1;1;1;1;0;0;0;0;0;0;0;0;0;0.0004;0.088;0;-0.0884;0;0;0;0;0;0;0;0;0;0;0;0;0;0;0;0;0;0;0;-16.22;0;0;0;0;0.0004;0;0;0;0;0;0;0;-0.0004;-0.0884;0;0;0;0;0;0;0;0;0;-0.7063;0;0.7063;1;1;0;0;0;0
07/04/21 05:00;0;0;90;0;0;90;0;0;0;0;15.15;2.7801;0;0;0;0;0;0;0;0;0;0;0;0;0;1;1;1;1;0;0;0;0;0;0;0;0;0;0;0;0;0;0;0;0;0;0;0;0;0;0;0;0;0;0;0;0;0;0;0;0;0;0;0;1;1;1;1;1;1;1;1;1;1;1;1;1;1;1;1;1;1;1;0;0;0;0;0;0;0;0;0;0.0004;0.088;0;-0.0884;0;0;0;0;0;0;0;0;0;0;0;0;0;0;0;0;0;0;0;-15.15;0;0;0;0;0.0004;0;0;0;0;0;0;0;-0.0004;-0.0884;0;0;0;0;0;0;0;0;0;-0.7063;0;0.7063;1;1;0;0;0;0
07/04/21 06:00;4.0593;-78.478;80.114;4.1425;5.9475;-90;-5.9475;24.594;21.499;3.095;15;3.72;0;7.5063;20.753;1.6731;0;0.0132;29.946;0;29.946;7.5063;1.6731;20.753;0.0132;0.2507;0.6935;0;0.0004;29.871;0.0752;0;0;0.0641;0.0111;25.837;3.8548;2.426;0.5407;0.8876;0.0005;29.691;0.1792;0.045;0.01;0.1241;0;25.838;5.0353;1.1223;19.677;0.0017;12.36;9.8753;3.7829;0.0006;0.1477;2.1248;0.001;2.2719;0;1;0;0;1.2176;0.9975;1;1;0.9969;0.1647;0.8702;0.6749;1;0.9568;0.7762;0.994;0.994;1;0.994;0.994;0.8628;0.9482;0.1271;0.0899;0.0823;0.0005;0.0102;-0.0027;0.0005;0.0018;0.0004;0;0;0.088;0;-0.0217;0;0;0;0;0;0;0;0;0;0;0;0;0.0015;0.0001;0.07;0.07;0;16.068;16.068;1.0686;0.0414;68.679;1019.3;1;0.0037;0.0037;0;0;0;0;0;0;0.0663;-0.0217;0;14.829;17.171;-4.6055;-5.3331;94.655;94.655;0.7187;0.5594;-0.1738;0.1593;0.7332;0.2216;1.0202;0;12.341;0;0
07/04/21 07:00;13.913;-70.838;54.326;14.695;23.274;-90;-23.274;196.79;41.302;155.49;18.8;3.79;0;377.11;20.818;47.537;0;1.6014;447.06;0;447.06;377.11;47.537;20.818;1.6014;0.8435;0.0501;0;0.0036;445.09;1.9766;0;0;0.6163;1.3602;433.51;8.9081;7.2659;0.9159;0.676;0.0503;442.42;2.6705;2.2626;0.2852;0.1212;0.0014;433.56;367.58;46.336;19.405;0.1894;14.015;11.198;4.5749;0.1294;0.1573;2.2631;0.0491;2.291;0;1;0;0;2.2718;0.9956;1;1;0.9704;0.1506;0.9799;0.9806;1;0.9663;0.7902;0.994;0.994;1;0.994;0.994;0.9697;0.9321;0.1183;1.3425;1.3106;0.0079;0.009;0.0536;0.0087;0.0308;0.0004;0;0;0.088;0;1.0647;0;0;0;0;0;0;0;0;0;0;0;0;0.0248;0.0042;1.1713;1.1713;0;36.534;36.534;17.734;0.0409;1127.7;1038.6;1;0.0186;0.0186;0;0;0;0;0;0;1.1527;1.0647;0;16.62;19.245;15.107;17.494;98.413;98.413;10.73;9.3607;8.5088;1.3689;0.8519;0.1276;0.0794;0.793;13.157;0.79;0
07/04/21 08:00;25.084;-60.374;26.647;28.302;60;-90;-60;395.4;73.497;321.9;21.31;3.46;0;678.65;24.406;86.345;0;19.77;809.17;0;809.17;678.65;86.345;24.406;19.77;0.8387;0.0546;0;0.0244;787.6;21.572;0;0;3.0715;18.501;781.34;1.5333;0.6209;0.079;0.7498;0.0836;782.87;4.7256;4.0719;0.5181;0.128;0.0076;783.93;673.96;85.748;20.457;1.1778;70.234;56.117;24.198;4.0852;0.9291;13.365;2.5895;10.209;0;1;0;0;2.0465;0.9733;1;1;0.8742;0.0642;0.998;0.9991;1;0.9646;0.9337;0.994;0.994;1;0.994;0.994;0.9656;0.8382;0.0596;2.4299;2.3893;0.0144;-0.0019;0.2411;0.015;0.053;0.0024;0;0;0.088;0;1.8895;0;0;0;0;0;0;0;0;0;0;0;0;0.0427;0.0127;2.01;2.01;0;53.664;53.664;32.355;0.0414;2059.8;975.8;1;0.0325;0.0325;0;0;0;0;0;0;1.9775;1.8895;0;15.758;18.247;14.813;17.153;98.382;98.382;19.42;16.064;15.101;3.3564;0.9631;0.1728;0.0496;0.7776;21.253;0.7681;0
07/04/21 09:00;35.012;-47.52;33.581;43.527;46.473;-90;-46.473;569.3;98.402;470.89;22.97;2.83;0;683.75;33.041;86.062;0;17.722;820.57;0;820.57;683.75;86.062;33.041;17.722;0.8333;0.0619;0;0.0216;801.22;19.354;0;0;2.8712;16.483;792.97;3.4421;2.1278;0.2678;0.9815;0.0651;796.41;4.8073;4.1025;0.5164;0.181;0.0074;797.36;677.52;85.278;29.007;1.1667;239.24;191.15;76.562;2.2594;2.7884;40.11;4.3896;40.639;0;1;0;0;1.4414;0.9764;1;1;0.9131;0.0699;0.9957;0.9969;1;0.9673;0.9472;0.994;0.994;1;0.994;0.994;0.9664;0.8779;0.0658;2.4642;2.4861;0.015;-0.0021;0.2703;0.0154;0.0547;0.0071;0;0;0.088;0;1.9467;0;0;0;0;0;0;0;0;0;0;0;0;0.044;0.0137;2.0681;2.0681;0;55.866;55.866;32.896;0.0415;2141.4;965.77;1;0.0334;0.0334;0;0;0;0;0;0;2.0347;1.9467;0;15.988;18.514;15.049;17.427;98.385;98.385;19.694;16.528;15.558;3.1655;0.9703;0.1607;0.0493;0.79;24.93;0.7621;0
07/04/21 10:00;42.818;-31.168;38.876;60.814;29.186;-90;-29.186;687.6;119.9;567.7;24.68;2.1699;0;650.25;43.457;84.187;0;8.7296;786.62;0;786.62;650.25;84.187;43.457;8.7296;0.8266;0.0663;0;0.0111;777.15;9.4711;0;0;1.8488;7.6222;766.39;6.0968;4.0251;0.5211;1.3508;0.1998;772.49;4.6629;3.9015;0.5051;0.2497;0.0066;768.76;642.32;83.16;40.008;0.9009;368.34;294.3;120.9;0.6003;3.9091;56.231;2.362;59.54;0;1;0;0;1.144;0.988;1;1;0.9575;0.1268;0.9921;0.9938;1;0.9673;0.8185;0.994;0.994;1;0.994;0.994;0.9743;0.9206;0.1032;2.3622;2.434;0.0147;-0.002;0.2702;0.0151;0.0534;0.0099;0;0;0.088;0;1.8962;0;0;0;0;0;0;0;0;0;0;0;0;0.043;0.0131;2.0166;2.0166;0;56.492;56.492;31.812;0.0415;2095.1;962.54;1;0.0324;0.0324;0;0;0;0;0;0;1.9842;1.8962;0;16.263;18.832;15.292;17.708;98.395;98.395;18.879;16.117;15.155;2.7622;0.962;0.1463;0.051;0.8027;28.484;0.762;0
07/04/21 11:00;47.263;-10.988;41.774;80.012;9.9883;-90;-9.9883;746.69;135.3;611.39;25.37;1.49;0;620.8;52.245;83.929;0;1.1317;758.1;0;758.1;620.8;83.929;52.245;1.1317;0.8189;0.0704;0;0.0015;756.78;1.3211;0;0;0.3775;0.9435;744.54;7.6991;4.8887;0.6609;2.1074;0.042;752.24;4.5407;3.7248;0.5036;0.3112;0.0011;744.76;612.19;82.764;49.449;0.145;436.21;348.53;141.99;0.0154;4.6618;67.058;0.2126;71.705;0;1;0;0;1.0153;0.9983;1;1;0.9928;0.1663;0.9898;0.9921;1;0.9591;0.7753;0.994;0.994;1;0.994;0.994;0.9821;0.9465;0.1281;2.2766;2.3845;0.0144;-0.0019;0.263;0.0148;0.0524;0.0119;0;0;0.088;0;1.8557;0;0;0;0;0;0;0;0;0;0;0;0;0.0422;0.0126;1.9753;1.9753;0;56.271;56.271;30.901;0.0415;2051.4;962.9;1;0.0316;0.0316;0;0;0;0;0;0;1.9437;1.8557;0;16.529;19.14;15.528;17.981;98.4;98.4;18.195;15.787;14.831;2.4076;0.9558;0.1323;0.0525;0.8151;31.317;0.7645;0
07/04/21 12:00;47.259;11.021;41.772;79.982;10.018;90;10.018;775;132.2;642.8;25.88;0.8799;0;652.75;46.924;86.231;0;1.1817;787.09;0;787.09;652.75;86.231;46.924;1.1817;0.8293;0.0611;0;0.0015;785.76;1.3285;0;0;0.3418;0.9867;773.29;7.7537;5.1394;0.6789;1.8917;0.0437;781.04;4.7145;3.9165;0.5174;0.2795;0.0012;773.51;643.69;85.035;44.411;0.1502;452.64;361.66;147.42;0.014;4.8321;69.507;0.2225;74.326;0;1;0;0;1.0156;0.9983;1;1;0.9927;0.1651;0.9901;0.9921;1;0.9591;0.7748;0.994;0.994;1;0.994;0.994;0.9825;0.9464;0.1271;2.3636;2.4763;0.0149;-0.0021;0.2884;0.0152;0.054;0.0122;0;0;0.088;0;1.916;0;0;0;0;0;0;0;0;0;0;0;0;0.0435;0.0135;2.0366;2.0366;0;58.018;58.018;32.138;0.0416;2130.6;955.9;1;0.0326;0.0326;0;0;0;0;0;0;2.004;1.916;0;16.415;19.008;15.442;17.882;98.399;98.399;18.89;16.277;15.313;2.6133;0.964;0.1383;0.051;0.8106;28.129;0.7604;0
07/04/21 13:00;42.808;31.196;38.87;60.786;29.214;90;29.214;712;130.2;581.8;26.89;0.4799;0;666.58;45.313;93.73;0;9.0562;814.68;0;814.68;666.58;93.73;45.313;9.0562;0.8182;0.0667;0;0.0111;804.82;9.8636;0;0;1.9341;7.9296;793.67;6.3163;4.1237;0.5798;1.408;0.2048;799.99;4.8289;3.9995;0.5624;0.2603;0.0068;796.13;658.46;92.587;41.711;0.9151;381.36;304.7;125.18;0.628;4.0473;58.219;2.4513;61.638;0;1;0;0;1.1442;0.9879;1;1;0.9573;0.1244;0.9921;0.9938;1;0.9673;0.8171;0.994;0.994;1;0.994;0.994;0.9742;0.9205;0.101;2.4465;2.5206;0.0152;-0.0022;0.3108;0.0154;0.0545;0.0101;0;0;0.088;0;1.9379;0;0;0;0;0;0;0;0;0;0;0;0;0.0439;0.014;2.0588;2.0588;0;59.927;59.927;33.037;0.0416;2169.9;948.81;1;0.0329;0.0329;0;0;0;0;0;0;2.0259;1.9379;0;16.031;18.564;15.09;17.474;98.403;98.403;19.552;16.454;15.488;3.0984;0.9661;0.1585;0.0494;0.7921;29.707;0.7519;0
07/04/21 14:00;34.999;47.542;33.572;43.502;46.498;90;46.498;247.99;234.7;13.291;26.8;0.51;0;19.308;194.76;5.7983;0;7.7278;227.6;0;227.6;19.308;5.7983;194.76;7.7278;0.0848;0.8897;0;0.034;203.42;24.173;0;0;16.969;7.2046;196.31;5.8907;0.06;0.018;5.7847;0.028;202.2;1.2205;0.1158;0.0348;1.0668;0.0031;199.23;19.132;5.7455;170.94;0.4921;153.96;123.01;53.228;13.318;2.3083;33.204;2.9135;22.194;0;1;0;0;0.9178;0.8938;1;1;0.9129;0.0677;0.9709;0.9969;1;0.9673;0.9462;0.994;0.994;1;0.994;0.994;0.8625;0.8777;0.0637;0.6835;0.67;0.004;0.0172;0.0239;0.0044;0.0155;0.0062;0;0;0.088;0;0.4871;0;0;0;0;0;0;0;0;0;0;0;0;0.0125;0.0013;0.5851;0.5851;0;34.865;34.865;8.0647;0.0411;571.89;1023.1;1;0.01;0.01;0;0;0;0;0;0;0.5751;0.4871;0;16.308;18.884;13.578;15.723;98.297;98.297;5.4623;4.6761;3.8932;0.7862;0.7829;0.1439;0.1433;0.7127;146.98;0.6426;0
07/04/21 15:00;25.068;60.391;26.637;28.28;60;90;60;182;173.7;8.3014;26;0.6499;0;17.513;128.4;5.2694;0;9.1002;160.29;0;160.29;17.513;5.2694;128.4;9.1002;0.1093;0.8579;0;0.0568;135.56;24.729;0;0;16.193;8.536;130.74;4.0034;0.016;0.0048;3.9444;0.0382;134.74;0.8133;0.1051;0.0316;0.6733;0.0034;134.5;17.392;5.233;107.59;0.5226;113.24;90.475;41.761;21.469;2.2867;32.894;3.7569;13.712;0;1;0;0;0.8807;0.8457;1;1;0.8739;0.062;0.9703;0.9991;1;0.9646;0.9319;0.994;0.994;1;0.994;0.994;0.8157;0.8379;0.0574;0.4813;0.4744;0.0029;0.0181;0.011;0.0031;0.011;0.0061;0;0;0.088;0;0.3167;0;0;0;0;0;0;0;0;0;0;0;0;0.0088;0.0007;0.4127;0.4127;0;31.375;31.375;5.3748;0.0411;403.28;1023.4;1;0.0081;0.0081;0;0;0;0;0;0;0.4047;0.3167;0;16.334;18.915;12.532;14.512;98.046;98.046;3.8469;3.2985;2.5308;0.5484;0.7678;0.1425;0.1996;0.6579;111.78;0.5703;0
07/04/21 16:00;13.896;70.852;54.377;14.675;23.235;90;23.235;115.8;109.7;6.104;26;0.74;0;14.804;103.29;4.9626;0;0.9392;123.99;0;123.99;14.804;4.9626;103.29;0.9392;0.1194;0.8406;0;0.0076;120.14;3.8552;0;0;3.0554;0.7998;115.65;3.7665;0.2869;0.0962;3.3543;0.0293;119.42;0.7208;0.0888;0.0298;0.6014;0.0008;115.89;14.428;4.8367;96.274;0.1093;65.303;52.177;20.624;0.6365;0.7802;11.223;0.2424;11.366;0;1;0;0;1.0707;0.9689;1;1;0.9704;0.1485;0.9685;0.9805;1;0.9663;0.7889;0.994;0.994;1;0.994;0.994;0.9327;0.9321;0.1164;0.3723;0.3727;0.0022;0.0178;0.0079;0.0024;0.0086;0.0021;0;0;0.088;0;0.2293;0;0;0;0;0;0;0;0;0;0;0;0;0.0069;0.0005;0.3244;0.3244;0;30.758;30.758;4.7576;0.0411;317.78;1020.8;1;0.0071;0.0071;0;0;0;0;0;0;0.3173;0.2293;0;16.597;19.219;11.731;13.584;97.81;97.81;2.9758;2.5926;1.8325;0.3832;0.7601;0.1288;0.2554;0.6158;65.263;0.5767;0
07/04/21 17:00;4.0411;78.492;80.159;4.1237;5.9201;90;5.9201;0.9963;0.9963;0;24;0.99;0;0;0.9936;0;0;0.0005;0.9941;0.9941;0;0;0;0;0;1;1;1;1;0;0;0;0;0;0;0;0;0;0;0;0;0;0;0;0;0;0;0;0;0;0;0;0;0;0;0;0;0;0;0;0;0;0;0;0;1;1;1;1;1;1;1;1;1;1;1;1;1;0;0;1;0;0;0;0;0;0;0;0;0;0;0;0.0004;0.088;0;-0.0884;0;0;0;0;0;0;0;0;0;0;0;0;0;0;0;0;0;0;0;-24;0;0;0;0;0.0004;0;0;0;0;0;0;0;-0.0004;-0.0884;0;0;0;0;0;0;0;0;0;-0.7063;0;0.7063;1;1;0;0;0;0
07/04/21 18:00;0;0;90;0;0;90;0;0;0;0;20.7;1.22;0;0;0;0;0;0;0;0;0;0;0;0;0;1;1;1;1;0;0;0;0;0;0;0;0;0;0;0;0;0;0;0;0;0;0;0;0;0;0;0;0;0;0;0;0;0;0;0;0;0;0;0;1;1;1;1;1;1;1;1;1;1;1;1;1;1;1;1;1;1;1;0;0;0;0;0;0;0;0;0;0.0004;0.088;0;-0.0884;0;0;0;0;0;0;0;0;0;0;0;0;0;0;0;0;0;0;0;-20.7;0;0;0;0;0.0004;0;0;0;0;0;0;0;-0.0004;-0.0884;0;0;0;0;0;0;0;0;0;-0.7063;0;0.7063;1;1;0;0;0;0
07/04/21 19:00;0;0;90;0;0;90;0;0;0;0;18.62;1.6099;0;0;0;0;0;0;0;0;0;0;0;0;0;1;1;1;1;0;0;0;0;0;0;0;0;0;0;0;0;0;0;0;0;0;0;0;0;0;0;0;0;0;0;0;0;0;0;0;0;0;0;0;1;1;1;1;1;1;1;1;1;1;1;1;1;1;1;1;1;1;1;0;0;0;0;0;0;0;0;0;0.0004;0.088;0;-0.0884;0;0;0;0;0;0;0;0;0;0;0;0;0;0;0;0;0;0;0;-18.62;0;0;0;0;0.0004;0;0;0;0;0;0;0;-0.0004;-0.0884;0;0;0;0;0;0;0;0;0;-0.7063;0;0.7063;1;1;0;0;0;0
07/04/21 20:00;0;0;90;0;0;90;0;0;0;0;16.85;2.18;0;0;0;0;0;0;0;0;0;0;0;0;0;1;1;1;1;0;0;0;0;0;0;0;0;0;0;0;0;0;0;0;0;0;0;0;0;0;0;0;0;0;0;0;0;0;0;0;0;0;0;0;1;1;1;1;1;1;1;1;1;1;1;1;1;1;1;1;1;1;1;0;0;0;0;0;0;0;0;0;0.0004;0.088;0;-0.0884;0;0;0;0;0;0;0;0;0;0;0;0;0;0;0;0;0;0;0;-16.85;0;0;0;0;0.0004;0;0;0;0;0;0;0;-0.0004;-0.0884;0;0;0;0;0;0;0;0;0;-0.7063;0;0.7063;1;1;0;0;0;0
07/04/21 21:00;0;0;90;0;0;90;0;0;0;0;17.1;2.7001;0;0;0;0;0;0;0;0;0;0;0;0;0;1;1;1;1;0;0;0;0;0;0;0;0;0;0;0;0;0;0;0;0;0;0;0;0;0;0;0;0;0;0;0;0;0;0;0;0;0;0;0;1;1;1;1;1;1;1;1;1;1;1;1;1;1;1;1;1;1;1;0;0;0;0;0;0;0;0;0;0.0004;0.088;0;-0.0884;0;0;0;0;0;0;0;0;0;0;0;0;0;0;0;0;0;0;0;-17.1;0;0;0;0;0.0004;0;0;0;0;0;0;0;-0.0004;-0.0884;0;0;0;0;0;0;0;0;0;-0.7063;0;0.7063;1;1;0;0;0;0
07/04/21 22:00;0;0;90;0;0;90;0;0;0;0;15.99;3.2601;0;0;0;0;0;0;0;0;0;0;0;0;0;1;1;1;1;0;0;0;0;0;0;0;0;0;0;0;0;0;0;0;0;0;0;0;0;0;0;0;0;0;0;0;0;0;0;0;0;0;0;0;1;1;1;1;1;1;1;1;1;1;1;1;1;1;1;1;1;1;1;0;0;0;0;0;0;0;0;0;0.0004;0.088;0;-0.0884;0;0;0;0;0;0;0;0;0;0;0;0;0;0;0;0;0;0;0;-15.99;0;0;0;0;0.0004;0;0;0;0;0;0;0;-0.0004;-0.0884;0;0;0;0;0;0;0;0;0;-0.7063;0;0.7063;1;1;0;0;0;0
07/04/21 23:00;0;0;90;0;0;90;0;0;0;0;16.07;3.63;0;0;0;0;0;0;0;0;0;0;0;0;0;1;1;1;1;0;0;0;0;0;0;0;0;0;0;0;0;0;0;0;0;0;0;0;0;0;0;0;0;0;0;0;0;0;0;0;0;0;0;0;1;1;1;1;1;1;1;1;1;1;1;1;1;1;1;1;1;1;1;0;0;0;0;0;0;0;0;0;0.0004;0.088;0;-0.0884;0;0;0;0;0;0;0;0;0;0;0;0;0;0;0;0;0;0;0;-16.07;0;0;0;0;0.0004;0;0;0;0;0;0;0;-0.0004;-0.0884;0;0;0;0;0;0;0;0;0;-0.7063;0;0.7063;1;1;0;0;0;0
08/04/21 00:00;0;0;90;0;0;90;0;0;0;0;15.62;3.7599;0;0;0;0;0;0;0;0;0;0;0;0;0;1;1;1;1;0;0;0;0;0;0;0;0;0;0;0;0;0;0;0;0;0;0;0;0;0;0;0;0;0;0;0;0;0;0;0;0;0;0;0;1;1;1;1;1;1;1;1;1;1;1;1;1;1;1;1;1;1;1;0;0;0;0;0;0;0;0;0;0.0004;0.088;0;-0.0884;0;0;0;0;0;0;0;0;0;0;0;0;0;0;0;0;0;0;0;-15.62;0;0;0;0;0.0004;0;0;0;0;0;0;0;-0.0004;-0.0884;0;0;0;0;0;0;0;0;0;-0.7063;0;0.7063;1;1;0;0;0;0
08/04/21 01:00;0;0;90;0;0;90;0;0;0;0;14.77;3.72;0;0;0;0;0;0;0;0;0;0;0;0;0;1;1;1;1;0;0;0;0;0;0;0;0;0;0;0;0;0;0;0;0;0;0;0;0;0;0;0;0;0;0;0;0;0;0;0;0;0;0;0;1;1;1;1;1;1;1;1;1;1;1;1;1;1;1;1;1;1;1;0;0;0;0;0;0;0;0;0;0.0004;0.088;0;-0.0884;0;0;0;0;0;0;0;0;0;0;0;0;0;0;0;0;0;0;0;-14.77;0;0;0;0;0.0004;0;0;0;0;0;0;0;-0.0004;-0.0884;0;0;0;0;0;0;0;0;0;-0.7063;0;0.7063;1;1;0;0;0;0
08/04/21 02:00;0;0;90;0;0;90;0;0;0;0;14.4;3.6699;0;0;0;0;0;0;0;0;0;0;0;0;0;1;1;1;1;0;0;0;0;0;0;0;0;0;0;0;0;0;0;0;0;0;0;0;0;0;0;0;0;0;0;0;0;0;0;0;0;0;0;0;1;1;1;1;1;1;1;1;1;1;1;1;1;1;1;1;1;1;1;0;0;0;0;0;0;0;0;0;0.0004;0.088;0;-0.0884;0;0;0;0;0;0;0;0;0;0;0;0;0;0;0;0;0;0;0;-14.4;0;0;0;0;0.0004;0;0;0;0;0;0;0;-0.0004;-0.0884;0;0;0;0;0;0;0;0;0;-0.7063;0;0.7063;1;1;0;0;0;0
08/04/21 03:00;0;0;90;0;0;90;0;0;0;0;14.04;3.5099;0;0;0;0;0;0;0;0;0;0;0;0;0;1;1;1;1;0;0;0;0;0;0;0;0;0;0;0;0;0;0;0;0;0;0;0;0;0;0;0;0;0;0;0;0;0;0;0;0;0;0;0;1;1;1;1;1;1;1;1;1;1;1;1;1;1;1;1;1;1;1;0;0;0;0;0;0;0;0;0;0.0004;0.088;0;-0.0884;0;0;0;0;0;0;0;0;0;0;0;0;0;0;0;0;0;0;0;-14.04;0;0;0;0;0.0004;0;0;0;0;0;0;0;-0.0004;-0.0884;0;0;0;0;0;0;0;0;0;-0.7063;0;0.7063;1;1;0;0;0;0
08/04/21 04:00;0;0;90;0;0;90;0;0;0;0;13.2;3.29;0;0;0;0;0;0;0;0;0;0;0;0;0;1;1;1;1;0;0;0;0;0;0;0;0;0;0;0;0;0;0;0;0;0;0;0;0;0;0;0;0;0;0;0;0;0;0;0;0;0;0;0;1;1;1;1;1;1;1;1;1;1;1;1;1;1;1;1;1;1;1;0;0;0;0;0;0;0;0;0;0.0004;0.088;0;-0.0884;0;0;0;0;0;0;0;0;0;0;0;0;0;0;0;0;0;0;0;-13.2;0;0;0;0;0.0004;0;0;0;0;0;0;0;-0.0004;-0.0884;0;0;0;0;0;0;0;0;0;-0.7063;0;0.7063;1;1;0;0;0;0
08/04/21 05:00;0;0;90;0;0;90;0;0;0;0;13.24;3.2601;0;0;0;0;0;0;0;0;0;0;0;0;0;1;1;1;1;0;0;0;0;0;0;0;0;0;0;0;0;0;0;0;0;0;0;0;0;0;0;0;0;0;0;0;0;0;0;0;0;0;0;0;1;1;1;1;1;1;1;1;1;1;1;1;1;1;1;1;1;1;1;0;0;0;0;0;0;0;0;0;0.0004;0.088;0;-0.0884;0;0;0;0;0;0;0;0;0;0;0;0;0;0;0;0;0;0;0;-13.24;0;0;0;0;0.0004;0;0;0;0;0;0;0;-0.0004;-0.0884;0;0;0;0;0;0;0;0;0;-0.7063;0;0.7063;1;1;0;0;0;0
08/04/21 06:00;4.0969;-77.986;80.022;4.1883;6.0143;-90;-6.0143;25.59;22.098;3.4927;12.29;4.2101;0;8.4708;21.246;1.9239;0;0.0141;31.655;0;31.655;8.4708;1.9239;21.246;0.0141;0.2676;0.6716;0;0.0004;31.576;0.0786;0;0;0.0669;0.0118;27.152;4.2346;2.7105;0.6156;0.9079;0.0005;31.386;0.1895;0.0508;0.0115;0.1271;0;27.153;5.7095;1.2968;20.144;0.0018;12.656;10.112;3.8742;0.0006;0.1512;2.1753;0.0011;2.3259;0;1;0;0;1.237;0.9975;1;1;0.9969;0.1647;0.8651;0.6781;1;0.9569;0.7762;0.994;0.994;1;0.994;0.994;0.8578;0.9481;0.1271;0.0951;0.0864;0.0005;0.0105;-0.0037;0.0006;0.002;0.0004;0;0;0.088;0;-0.0174;0;0;0;0;0;0;0;0;0;0;0;0;0.0016;0.0001;0.0745;0.0745;0;13.41;13.41;1.1197;0.0412;72.117;1033.1;1;0.0039;0.0039;0;0;0;0;0;0;0.0706;-0.0174;0;14.931;17.289;-3.4923;-4.044;94.725;94.725;0.7597;0.5954;-0.1393;0.1643;0.7347;0.2162;0.9671;0;12.635;0;0
08/04/21 07:00;13.735;-70.491;54.843;14.537;22.962;-90;-22.962;190.31;43.198;147.11;15.45;3.88;0;356.78;22.611;47.666;0;1.5079;428.56;0;428.56;356.78;47.666;22.611;1.5079;0.8325;0.0563;0;0.0035;426.63;1.9342;0;0;0.6551;1.2791;415.03;9.0407;7.2834;0.9731;0.7362;0.048;424.07;2.5598;2.1407;0.286;0.1317;0.0014;415.08;347.36;46.407;21.088;0.1795;15.083;12.051;4.9;0.1339;0.1705;2.4521;0.0515;2.4887;0;1;0;0;2.252;0.9955;1;1;0.971;0.1517;0.9787;0.9795;1;0.9663;0.7891;0.994;0.994;1;0.994;0.994;0.9684;0.9326;0.119;1.287;1.2553;0.0076;0.0098;0.0328;0.0084;0.0299;0.0005;0;0;0.088;0;1.0321;0;0;0;0;0;0;0;0;0;0;0;0;0.0241;0.0038;1.1384;1.1384;0;32.373;32.373;16.923;0.0408;1079;1055.1;1;0.0183;0.0183;0;0;0;0;0;0;1.1201;1.0321;0;16.851;19.513;15.277;17.691;98.388;98.388;10.286;9.0985;8.2485;1.1871;0.8499;0.1154;0.0826;0.802;14.265;0.7985;0
08/04/21 08:00;24.874;-60.023;27.014;28.158;60;-90;-60;388.09;74.701;313.39;18.81;2.8699;0;663.77;25.374;86.562;0;19.405;795.11;0;795.11;663.77;86.562;25.374;19.405;0.8348;0.0563;0;0.0244;773.76;21.352;0;0;3.1933;18.159;767.56;1.5576;0.6156;0.0803;0.7795;0.0821;769.11;4.6425;3.9826;0.5194;0.1331;0.0075;770.13;659.17;85.962;21.268;1.156;68.498;54.73;23.426;4.247;0.9345;13.442;2.5727;10.13;0;1;0;0;2.0488;0.9731;1;1;0.8742;0.0642;0.998;0.9991;1;0.9646;0.9337;0.994;0.994;1;0.994;0.994;0.9653;0.8382;0.0596;2.3877;2.3479;0.0141;-0.0018;0.2105;0.0149;0.0528;0.0024;0;0;0.088;0;1.8796;0;0;0;0;0;0;0;0;0;0;0;0;0.0425;0.0123;2.0002;2.0002;0;50.512;50.512;31.701;0.0413;2023;988.75;1;0.0326;0.0326;0;0;0;0;0;0;1.9676;1.8796;0;15.959;18.48;14.996;17.366;98.371;98.371;19.083;15.986;15.022;3.0967;0.9637;0.1623;0.0505;0.7872;22.096;0.7774;0
08/04/21 09:00;34.759;-47.173;33.951;43.416;46.584;-90;-46.584;562.3;98.602;463.7;22.4;1.7599;0;674.68;33.504;85.683;0;17.584;811.45;0;811.45;674.68;85.683;33.504;17.584;0.8314;0.063;0;0.0217;792.17;19.278;0;0;2.9215;16.357;783.83;3.5886;2.2445;0.285;0.9952;0.0638;787.41;4.753;4.0481;0.5141;0.1835;0.0074;788.18;668.38;84.883;29.403;1.1555;235.92;188.5;75.477;2.3098;2.7565;39.651;4.3574;40.098;0;1;0;0;1.4431;0.9762;1;1;0.9128;0.0698;0.9954;0.9967;1;0.9673;0.9476;0.994;0.994;1;0.994;0.994;0.966;0.8776;0.0657;2.4368;2.4575;0.0148;-0.0021;0.2586;0.0153;0.0543;0.0071;0;0;0.088;0;1.9313;0;0;0;0;0;0;0;0;0;0;0;0;0.0437;0.0134;2.0525;2.0525;0;54.891;54.891;32.491;0.0415;2116.6;969.72;1;0.0332;0.0332;0;0;0;0;0;0;2.0193;1.9313;0;16.046;18.581;15.098;17.483;98.383;98.383;19.475;16.403;15.435;3.0712;0.9686;0.1577;0.0497;0.7926;25.305;0.7646;0
08/04/21 10:00;42.51;-30.863;39.255;60.767;29.233;-90;-29.233;681.89;119.6;562.29;24.44;1.57;0;644.36;43.557;83.749;0;8.6845;780.35;0;780.35;644.36;83.749;43.557;8.6845;0.8257;0.0669;0;0.0111;770.9;9.4424;0;0;1.8578;7.5846;760.06;6.2191;4.1306;0.5369;1.3535;0.1981;766.28;4.6254;3.8661;0.5025;0.2502;0.0066;762.41;636.36;82.71;40.095;0.8951;365.19;291.79;119.88;0.605;3.8759;55.753;2.3512;59.024;0;1;0;0;1.1444;0.9879;1;1;0.9573;0.1266;0.9919;0.9936;1;0.9673;0.8188;0.994;0.994;1;0.994;0.994;0.974;0.9205;0.1031;2.3434;2.4138;0.0145;-0.002;0.2636;0.015;0.0531;0.0099;0;0;0.088;0;1.884;0;0;0;0;0;0;0;0;0;0;0;0;0.0427;0.0129;2.0042;2.0042;0;55.976;55.976;31.536;0.0415;2077.7;964.61;1;0.0322;0.0322;0;0;0;0;0;0;1.972;1.884;0;16.293;18.866;15.316;17.735;98.394;98.394;18.728;16.017;15.057;2.7108;0.9605;0.1447;0.0513;0.804;28.558;0.7631;0
08/04/21 11:00;46.904;-10.798;42.154;80.058;9.9421;-90;-9.9421;750.21;131.4;618.8;25.5;1.79;0;628.24;49.261;83.015;0;1.1266;761.64;0;761.64;628.24;83.015;49.261;1.1266;0.8248;0.0662;0;0.0015;760.35;1.2925;0;0;0.3532;0.9393;748;7.7883;5.0858;0.672;1.9886;0.0418;755.79;4.5621;3.7694;0.4981;0.2934;0.0011;748.21;619.38;81.845;46.626;0.1444;438.27;350.18;142.7;0.0142;4.6814;67.339;0.2112;72.007;0;1;0;0;1.0152;0.9983;1;1;0.9928;0.1663;0.9897;0.9919;1;0.9591;0.7753;0.994;0.994;1;0.994;0.994;0.9821;0.9465;0.1281;2.2872;2.3955;0.0144;-0.0019;0.2666;0.0148;0.0525;0.0119;0;0;0.088;0;1.8625;0;0;0;0;0;0;0;0;0;0;0;0;0.0423;0.0127;1.9822;1.9822;0;56.551;56.551;31.051;0.0415;2061;961.77;1;0.0317;0.0317;0;0;0;0;0;0;1.9505;1.8625;0;16.509;19.117;15.512;17.963;98.401;98.401;18.279;15.842;14.885;2.4379;0.9567;0.1334;0.0523;0.8143;29.525;0.7637;0
08/04/21 12:00;46.878;11.039;42.137;79.834;10.166;90;10.166;764.8;132.6;632.2;26.63;2.2;0;642.28;47.885;85.681;0;1.2007;777.05;0;777.05;642.28;85.681;47.885;1.2007;0.8266;0.0632;0;0.0015;775.69;1.36;0;0;0.3575;1.0025;763.18;7.8562;5.1932;0.6928;1.9258;0.0444;771.04;4.6541;3.8537;0.5141;0.2852;0.0012;763.41;633.24;84.474;45.317;0.1526;446.57;356.81;145.43;0.0151;4.768;68.586;0.2277;73.339;0;1;0;0;1.016;0.9982;1;1;0.9925;0.1651;0.9898;0.9919;1;0.9592;0.7747;0.994;0.994;1;0.994;0.994;0.9822;0.9464;0.1271;2.3335;2.4439;0.0147;-0.0021;0.2877;0.015;0.0532;0.012;0;0;0.088;0;1.8872;0;0;0;0;0;0;0;0;0;0;0;0;0.0429;0.0132;2.0072;2.0072;0;58.358;58.358;31.728;0.0416;2102.8;954.52;1;0.032;0.032;0;0;0;0;0;0;1.9752;1.8872;0;16.386;18.975;15.406;17.84;98.404;98.404;18.649;16.042;15.082;2.6075;0.9593;0.1398;0.0514;0.8087;28.716;0.7586;0
08/04/21 13:00;42.439;31.068;39.208;60.56;29.44;90;29.44;719.6;124.6;595;27.01;2.6101;0;683.22;41.089;92.634;0;9.2918;826.23;0;826.23;683.22;92.634;41.089;9.2918;0.8269;0.061;0;0.0112;816.31;9.9202;0;0;1.7754;8.1448;804.98;6.4342;4.3609;0.5913;1.2751;0.207;811.42;4.8979;4.0993;0.5558;0.2359;0.0069;807.5;674.76;91.487;37.802;0.9332;384.32;307.07;126.22;0.5851;4.0716;58.568;2.5178;62.054;0;1;0;0;1.1482;0.988;1;1;0.9568;0.1234;0.9921;0.9936;1;0.9674;0.8185;0.994;0.994;1;0.994;0.994;0.9743;0.92;0.1004;2.4812;2.5556;0.0154;-0.0022;0.3206;0.0156;0.0552;0.0102;0;0;0.088;0;1.9608;0;0;0;0;0;0;0;0;0;0;0;0;0.0444;0.0144;2.0821;2.0821;0;60.534;60.534;33.524;0.0416;2200;946.43;1;0.0333;0.0333;0;0;0;0;0;0;2.0488;1.9608;0;15.986;18.511;15.055;17.433;98.402;98.402;19.83;16.64;15.671;3.1895;0.9693;0.1608;0.0489;0.7903;26.978;0.7505;0
08/04/21 14:00;34.658;47.335;33.88;43.234;46.766;90;46.766;612.19;109.8;502.4;27.63;2.81;0;733.45;32.493;103.99;0;19.285;889.22;0;889.22;733.45;103.99;32.493;19.285;0.8248;0.0582;0;0.0217;868.37;20.842;0;0;2.8547;17.987;859.38;3.7848;2.41;0.3417;0.9651;0.068;863.16;5.2102;4.4007;0.6239;0.1778;0.0078;864.13;726.64;103.02;28.495;1.2226;254.61;203.43;81.289;2.2711;2.9713;42.741;4.7518;43.441;0;1;0;0;1.4525;0.9766;1;1;0.9121;0.0673;0.9956;0.9967;1;0.9672;0.9473;0.994;0.994;1;0.994;0.994;0.9664;0.877;0.0634;2.6703;2.6928;0.0162;-0.002;0.3662;0.0162;0.0574;0.0073;0;0;0.088;0;2.0462;0;0;0;0;0;0;0;0;0;0;0;0;0.0462;0.0159;2.1693;2.1693;0;63.506;63.506;35.876;0.0417;2318.9;935.49;1;0.0351;0.0351;0;0;0;0;0;0;2.1342;2.0462;0;15.476;17.92;14.598;16.904;98.383;98.383;21.341;17.337;16.353;4.0042;0.9837;0.1876;0.0461;0.7663;24.583;0.7397;0
08/04/21 15:00;24.755;60.152;26.939;27.997;60;90;60;354.01;177.2;176.8;28.2;2.5599;0;376.41;91.695;116.97;0;17.7;602.78;0;602.78;376.41;116.97;91.695;17.7;0.6245;0.1815;0;0.0294;574.61;28.167;0;0;11.564;16.603;567.82;3.3474;0.3482;0.1082;2.8168;0.0743;571.16;3.4477;2.2585;0.7018;0.4808;0.0066;571.52;373.81;116.16;76.834;1.0166;109.14;87.201;39.611;15.334;1.8972;27.291;3.7079;13.854;0;1;0;0;1.7027;0.9533;1;1;0.8739;0.062;0.9941;0.9991;1;0.9646;0.9319;0.994;0.994;1;0.994;0.994;0.942;0.8379;0.0574;1.8101;1.7789;0.0107;0.0027;0.1683;0.0112;0.0396;0.0049;0;0;0.088;0;1.3912;0;0;0;0;0;0;0;0;0;0;0;0;0.0319;0.0073;1.5022;1.5022;0;51.695;51.695;23.495;0.0414;1529.3;982.28;1;0.023;0.023;0;0;0;0;0;0;1.4792;1.3912;0;15.809;18.307;14.641;16.954;98.469;98.469;14.467;12.006;11.119;2.4609;0.8871;0.1701;0.0613;0.7686;79.827;0.7434;0
08/04/21 16:00;13.605;70.6;55.216;14.391;22.677;90;22.677;139.01;122.5;16.506;27.04;1.97;0;40.031;111.7;15.309;0;1.0746;168.11;0;168.11;40.031;15.309;111.7;1.0746;0.2381;0.6708;0;0.0064;164.02;4.0908;0;0;3.1779;0.9129;158.18;4.8586;0.8526;0.326;3.6458;0.0343;163.04;0.9841;0.2402;0.0919;0.6511;0.001;158.43;38.938;14.891;104.22;0.1265;70.475;56.309;22.228;0.6308;0.8403;12.087;0.2462;12.296;0;1;0;0;1.2094;0.9757;1;1;0.9715;0.1505;0.9702;0.9786;1;0.9662;0.7869;0.994;0.994;1;0.994;0.994;0.9409;0.9331;0.1177;0.5048;0.5026;0.003;0.018;0.0156;0.0033;0.0116;0.0022;0;0;0.088;0;0.3424;0;0;0;0;0;0;0;0;0;0;0;0;0.0093;0.0008;0.4388;0.4388;0;33.543;33.543;6.5033;0.0411;429.41;1021.8;1;0.0083;0.0083;0;0;0;0;0;0;0.4304;0.3424;0;16.557;19.172;12.922;14.963;98.102;98.102;4.0347;3.5067;2.7368;0.5281;0.7698;0.1309;0.1908;0.6783;70.363;0.6437;0
08/04/21 17:00;3.9622;78.085;80.353;4.0491;5.8116;90;5.8116;0;0;0;25.21;2.0701;0;0;0;0;0;0;0;0;0;0;0;0;0;1;1;1;1;0;0;0;0;0;0;0;0;0;0;0;0;0;0;0;0;0;0;0;0;0;0;0;0;0;0;0;0;0;0;0;0;0;0;0;1;1;1;1;1;1;1;1;1;1;1;1;1;1;1;1;1;1;1;0;0;0;0;0;0;0;0;0;0.0004;0.088;0;-0.0884;0;0;0;0;0;0;0;0;0;0;0;0;0;0;0;0;0;0;0;-25.21;0;0;0;0;0.0004;0;0;0;0;0;0;0;-0.0004;-0.0884;0;0;0;0;0;0;0;0;0;-0.7063;0;0.7063;1;1;0;0;0;0
08/04/21 18:00;0;0;90;0;0;90;0;0;0;0;20.98;2.2399;0;0;0;0;0;0;0;0;0;0;0;0;0;1;1;1;1;0;0;0;0;0;0;0;0;0;0;0;0;0;0;0;0;0;0;0;0;0;0;0;0;0;0;0;0;0;0;0;0;0;0;0;1;1;1;1;1;1;1;1;1;1;1;1;1;1;1;1;1;1;1;0;0;0;0;0;0;0;0;0;0.0004;0.088;0;-0.0884;0;0;0;0;0;0;0;0;0;0;0;0;0;0;0;0;0;0;0;-20.98;0;0;0;0;0.0004;0;0;0;0;0;0;0;-0.0004;-0.0884;0;0;0;0;0;0;0;0;0;-0.7063;0;0.7063;1;1;0;0;0;0
08/04/21 19:00;0;0;90;0;0;90;0;0;0;0;18.2;2.59;0;0;0;0;0;0;0;0;0;0;0;0;0;1;1;1;1;0;0;0;0;0;0;0;0;0;0;0;0;0;0;0;0;0;0;0;0;0;0;0;0;0;0;0;0;0;0;0;0;0;0;0;1;1;1;1;1;1;1;1;1;1;1;1;1;1;1;1;1;1;1;0;0;0;0;0;0;0;0;0;0.0004;0.088;0;-0.0884;0;0;0;0;0;0;0;0;0;0;0;0;0;0;0;0;0;0;0;-18.2;0;0;0;0;0.0004;0;0;0;0;0;0;0;-0.0004;-0.0884;0;0;0;0;0;0;0;0;0;-0.7063;0;0.7063;1;1;0;0;0;0
08/04/21 20:00;0;0;90;0;0;90;0;0;0;0;17.1;2.91;0;0;0;0;0;0;0;0;0;0;0;0;0;1;1;1;1;0;0;0;0;0;0;0;0;0;0;0;0;0;0;0;0;0;0;0;0;0;0;0;0;0;0;0;0;0;0;0;0;0;0;0;1;1;1;1;1;1;1;1;1;1;1;1;1;1;1;1;1;1;1;0;0;0;0;0;0;0;0;0;0.0004;0.088;0;-0.0884;0;0;0;0;0;0;0;0;0;0;0;0;0;0;0;0;0;0;0;-17.1;0;0;0;0;0.0004;0;0;0;0;0;0;0;-0.0004;-0.0884;0;0;0;0;0;0;0;0;0;-0.7063;0;0.7063;1;1;0;0;0;0
08/04/21 21:00;0;0;90;0;0;90;0;0;0;0;18.7;3.05;0;0;0;0;0;0;0;0;0;0;0;0;0;1;1;1;1;0;0;0;0;0;0;0;0;0;0;0;0;0;0;0;0;0;0;0;0;0;0;0;0;0;0;0;0;0;0;0;0;0;0;0;1;1;1;1;1;1;1;1;1;1;1;1;1;1;1;1;1;1;1;0;0;0;0;0;0;0;0;0;0.0004;0.088;0;-0.0884;0;0;0;0;0;0;0;0;0;0;0;0;0;0;0;0;0;0;0;-18.7;0;0;0;0;0.0004;0;0;0;0;0;0;0;-0.0004;-0.0884;0;0;0;0;0;0;0;0;0;-0.7063;0;0.7063;1;1;0;0;0;0
08/04/21 22:00;0;0;90;0;0;90;0;0;0;0;19.1;3.2601;0;0;0;0;0;0;0;0;0;0;0;0;0;1;1;1;1;0;0;0;0;0;0;0;0;0;0;0;0;0;0;0;0;0;0;0;0;0;0;0;0;0;0;0;0;0;0;0;0;0;0;0;1;1;1;1;1;1;1;1;1;1;1;1;1;1;1;1;1;1;1;0;0;0;0;0;0;0;0;0;0.0004;0.088;0;-0.0884;0;0;0;0;0;0;0;0;0;0;0;0;0;0;0;0;0;0;0;-19.1;0;0;0;0;0.0004;0;0;0;0;0;0;0;-0.0004;-0.0884;0;0;0;0;0;0;0;0;0;-0.7063;0;0.7063;1;1;0;0;0;0
08/04/21 23:00;0;0;90;0;0;90;0;0;0;0;19.3;3.5801;0;0;0;0;0;0;0;0;0;0;0;0;0;1;1;1;1;0;0;0;0;0;0;0;0;0;0;0;0;0;0;0;0;0;0;0;0;0;0;0;0;0;0;0;0;0;0;0;0;0;0;0;1;1;1;1;1;1;1;1;1;1;1;1;1;1;1;1;1;1;1;0;0;0;0;0;0;0;0;0;0.0004;0.088;0;-0.0884;0;0;0;0;0;0;0;0;0;0;0;0;0;0;0;0;0;0;0;-19.3;0;0;0;0;0.0004;0;0;0;0;0;0;0;-0.0004;-0.0884;0;0;0;0;0;0;0;0;0;-0.7063;0;0.7063;1;1;0;0;0;0
09/04/21 00:00;0;0;90;0;0;90;0;0;0;0;18.9;3.88;0;0;0;0;0;0;0;0;0;0;0;0;0;1;1;1;1;0;0;0;0;0;0;0;0;0;0;0;0;0;0;0;0;0;0;0;0;0;0;0;0;0;0;0;0;0;0;0;0;0;0;0;1;1;1;1;1;1;1;1;1;1;1;1;1;1;1;1;1;1;1;0;0;0;0;0;0;0;0;0;0.0004;0.088;0;-0.0884;0;0;0;0;0;0;0;0;0;0;0;0;0;0;0;0;0;0;0;-18.9;0;0;0;0;0.0004;0;0;0;0;0;0;0;-0.0004;-0.0884;0;0;0;0;0;0;0;0;0;-0.7063;0;0.7063;1;1;0;0;0;0
09/04/21 01:00;0;0;90;0;0;90;0;0;0;0;18.5;3.96;0;0;0;0;0;0;0;0;0;0;0;0;0;1;1;1;1;0;0;0;0;0;0;0;0;0;0;0;0;0;0;0;0;0;0;0;0;0;0;0;0;0;0;0;0;0;0;0;0;0;0;0;1;1;1;1;1;1;1;1;1;1;1;1;1;1;1;1;1;1;1;0;0;0;0;0;0;0;0;0;0.0004;0.088;0;-0.0884;0;0;0;0;0;0;0;0;0;0;0;0;0;0;0;0;0;0;0;-18.5;0;0;0;0;0.0004;0;0;0;0;0;0;0;-0.0004;-0.0884;0;0;0;0;0;0;0;0;0;-0.7063;0;0.7063;1;1;0;0;0;0
09/04/21 02:00;0;0;90;0;0;90;0;0;0;0;16.83;4.1;0;0;0;0;0;0;0;0;0;0;0;0;0;1;1;1;1;0;0;0;0;0;0;0;0;0;0;0;0;0;0;0;0;0;0;0;0;0;0;0;0;0;0;0;0;0;0;0;0;0;0;0;1;1;1;1;1;1;1;1;1;1;1;1;1;1;1;1;1;1;1;0;0;0;0;0;0;0;0;0;0.0004;0.088;0;-0.0884;0;0;0;0;0;0;0;0;0;0;0;0;0;0;0;0;0;0;0;-16.83;0;0;0;0;0.0004;0;0;0;0;0;0;0;-0.0004;-0.0884;0;0;0;0;0;0;0;0;0;-0.7063;0;0.7063;1;1;0;0;0;0
09/04/21 03:00;0;0;90;0;0;90;0;0;0;0;16.44;3.9199;0;0;0;0;0;0;0;0;0;0;0;0;0;1;1;1;1;0;0;0;0;0;0;0;0;0;0;0;0;0;0;0;0;0;0;0;0;0;0;0;0;0;0;0;0;0;0;0;0;0;0;0;1;1;1;1;1;1;1;1;1;1;1;1;1;1;1;1;1;1;1;0;0;0;0;0;0;0;0;0;0.0004;0.088;0;-0.0884;0;0;0;0;0;0;0;0;0;0;0;0;0;0;0;0;0;0;0;-16.44;0;0;0;0;0.0004;0;0;0;0;0;0;0;-0.0004;-0.0884;0;0;0;0;0;0;0;0;0;-0.7063;0;0.7063;1;1;0;0;0;0
09/04/21 04:00;0;0;90;0;0;90;0;0;0;0;18.07;3.86;0;0;0;0;0;0;0;0;0;0;0;0;0;1;1;1;1;0;0;0;0;0;0;0;0;0;0;0;0;0;0;0;0;0;0;0;0;0;0;0;0;0;0;0;0;0;0;0;0;0;0;0;1;1;1;1;1;1;1;1;1;1;1;1;1;1;1;1;1;1;1;0;0;0;0;0;0;0;0;0;0.0004;0.088;0;-0.0884;0;0;0;0;0;0;0;0;0;0;0;0;0;0;0;0;0;0;0;-18.07;0;0;0;0;0.0004;0;0;0;0;0;0;0;-0.0004;-0.0884;0;0;0;0;0;0;0;0;0;-0.7063;0;0.7063;1;1;0;0;0;0
09/04/21 05:00;0;0;90;0;0;90;0;0;0;0;17.86;3.85;0;0;0;0;0;0;0;0;0;0;0;0;0;1;1;1;1;0;0;0;0;0;0;0;0;0;0;0;0;0;0;0;0;0;0;0;0;0;0;0;0;0;0;0;0;0;0;0;0;0;0;0;1;1;1;1;1;1;1;1;1;1;1;1;1;1;1;1;1;1;1;0;0;0;0;0;0;0;0;0;0.0004;0.088;0;-0.0884;0;0;0;0;0;0;0;0;0;0;0;0;0;0;0;0;0;0;0;-17.86;0;0;0;0;0.0004;0;0;0;0;0;0;0;-0.0004;-0.0884;0;0;0;0;0;0;0;0;0;-0.7063;0;0.7063;1;1;0;0;0;0
09/04/21 06:00;3.9343;-77.643;80.421;4.0273;5.7798;-90;-5.7798;4.7078;4.7031;0.0047;16.8;4.2299;0;0.0114;4.6909;0.0006;0;0.0024;4.7053;4.7053;0;0.0114;0;0;0;1;1;1;1;0;0;0;0;0;0;0;0;0;0;0;0;0;0;0;0;0;0;0;0;0;0;0;0;0;0;0;0;0;0;0;0;0;0;0;0;1;1;1;1;1;1;1;1;1;1;1;0;1;0;0;1;0;0;0;0;0;0;0;0;0;0;0;0.0004;0.088;0;-0.0884;0;0;0;0;0;0;0;0;0;0;0;0;0;0;0;0;0;0;0;-16.8;0;0;0;0;0.0004;0;0;0;0;0;0;0;-0.0004;-0.0884;0;0;0;0;0;0;0;0;0;-0.7063;0;0.7063;1;1;0;0;0;0
09/04/21 07:00;13.556;-70.148;55.357;14.378;22.652;-90;-22.652;155.2;71.801;83.401;17.64;3.79;0;202.27;50.985;45.525;0;1.1972;299.98;0;299.98;202.27;45.525;50.985;1.1972;0.6743;0.174;0;0.004;297.52;2.4593;0;0;1.4451;1.0142;288.67;7.0664;4.3778;0.9853;1.6648;0.0386;295.73;1.7851;1.2136;0.2732;0.2972;0.0011;288.78;196.68;44.267;47.578;0.1433;32.613;26.058;10.364;0.2869;0.3835;5.5161;0.1121;5.6126;0;1;0;0;1.9328;0.9918;1;1;0.9717;0.1529;0.9761;0.9782;1;0.9662;0.7879;0.994;0.994;1;0.994;0.994;0.9623;0.9332;0.1197;0.9008;0.8814;0.0053;0.015;0.0139;0.0059;0.021;0.0011;0;0;0.088;0;0.6989;0;0;0;0;0;0;0;0;0;0;0;0;0.0169;0.002;0.8002;0.8002;0;29.408;29.408;11.768;0.0408;755.31;1059.5;1;0.0133;0.0133;0;0;0;0;0;0;0.7869;0.6989;0;16.923;19.596;14.78;17.115;98.332;98.332;7.1995;6.3956;5.5856;0.8039;0.8099;0.1117;0.1125;0.7758;32.112;0.7653;0
09/04/21 08:00;24.664;-59.676;27.378;28.012;60;-90;-60;300.89;146.5;154.39;20.22;4.3199;0;328.53;80.01;84.741;0;15.045;508.32;0;508.32;328.53;84.741;80.01;15.045;0.6463;0.187;0;0.0296;484.18;24.148;0;0;10.069;14.079;478.36;2.9101;0.3088;0.0797;2.458;0.0637;481.27;2.9051;1.9712;0.5084;0.4196;0.0058;481.56;326.25;84.153;67.063;0.8962;94.32;75.362;34.257;13.38;1.6464;23.682;3.1998;11.949;0;1;0;0;1.6894;0.9525;1;1;0.8742;0.0642;0.994;0.9991;1;0.9646;0.9337;0.994;0.994;1;0.994;0.994;0.9411;0.8382;0.0596;1.5265;1.5003;0.009;0.0063;0.0787;0.0098;0.0349;0.0044;0;0;0.088;0;1.215;0;0;0;0;0;0;0;0;0;0;0;0;0.0281;0.0053;1.3237;1.3237;0;39.833;39.833;19.613;0.041;1289.9;1026.2;1;0.0207;0.0207;0;0;0;0;0;0;1.303;1.215;0;16.519;19.128;15.163;17.558;98.439;98.439;12.2;10.579;9.7103;1.621;0.8684;0.1329;0.0712;0.7959;69.672;0.7691;0
09/04/21 09:00;34.505;-46.832;34.318;43.305;46.695;-90;-46.695;403.29;222.8;180.49;21.26;5.71;0;263.15;143.84;76.045;0;12.668;495.71;0;495.71;263.15;76.045;143.84;12.668;0.5309;0.3157;0;0.0256;471.34;24.373;0;0;12.587;11.787;462.99;5.5191;0.9316;0.2692;4.2728;0.0455;468.51;2.828;1.5789;0.4563;0.7875;0.0053;466.8;260.64;75.319;126.19;0.831;202.23;161.58;67.357;9.9831;2.7103;38.987;3.8131;31.714;0;1;0;0;1.2292;0.9508;1;1;0.9125;0.0696;0.9882;0.9964;1;0.9673;0.9481;0.994;0.994;1;0.994;0.994;0.934;0.8773;0.0656;1.4886;1.4881;0.009;0.0065;0.0803;0.0097;0.0346;0.0073;0;0;0.088;0;1.1994;0;0;0;0;0;0;0;0;0;0;0;0;0.0278;0.0052;1.3077;1.3077;0;40.252;40.252;18.993;0.041;1278.1;1023.2;1;0.0204;0.0204;0;0;0;0;0;0;1.2874;1.1994;0;16.735;19.379;15.348;17.773;98.442;98.442;11.897;10.451;9.5852;1.4456;0.8662;0.1215;0.0728;0.8057;108.76;0.7609;0
09/04/21 10:00;42.202;-30.564;39.632;60.719;29.281;-90;-29.281;745.21;123;622.2;21.61;6.9201;0;713.35;36.784;95.969;0;9.5216;855.62;0;855.62;713.35;95.969;36.784;9.5216;0.8337;0.0541;0;0.0111;845.73;9.8908;0;0;1.5731;8.3177;833.94;6.7247;4.7292;0.6362;1.1427;0.2165;840.66;5.0744;4.2801;0.5758;0.2113;0.0072;836.51;704.34;94.757;33.857;0.9802;397.97;317.98;130.69;0.5144;4.2111;60.575;2.5727;64.271;0;1;0;0;1.1482;0.9884;1;1;0.9572;0.1264;0.992;0.9933;1;0.9674;0.8191;0.994;0.994;1;0.994;0.994;0.9747;0.9204;0.1029;2.5694;2.6472;0.0159;-0.0021;0.2906;0.0164;0.0582;0.0107;0;0;0.088;0;2.0709;0;0;0;0;0;0;0;0;0;0;0;0;0.0468;0.0154;2.1953;2.1953;0;56.214;56.214;34.604;0.0415;2278.1;963.64;1;0.0363;0.0363;0;0;0;0;0;0;2.1589;2.0709;0;16.276;18.847;15.354;17.78;98.346;98.346;20.535;17.545;16.551;2.9905;0.9936;0.1456;0.0484;0.806;24.126;0.7654;0
09/04/21 11:00;46.548;-10.612;42.531;80.103;9.8968;-90;-9.8968;825.9;136.3;689.61;22.28;7.94;0;700.02;40.863;96.566;0;1.229;838.68;0;838.68;700.02;96.566;40.863;1.229;0.8347;0.0502;0;0.0015;837.36;1.3155;0;0;0.2908;1.0247;824.02;8.3197;5.8204;0.8029;1.6508;0.0456;832.34;5.0242;4.2001;0.5794;0.2434;0.0012;824.25;690;95.183;38.678;0.1575;482.38;385.42;157.22;0.0117;5.142;73.966;0.2303;79.096;0;1;0;0;1.0155;0.9984;1;1;0.9929;0.1663;0.99;0.9916;1;0.9591;0.7753;0.994;0.994;1;0.994;0.994;0.9825;0.9465;0.1281;2.5186;2.6385;0.0159;-0.0021;0.2922;0.0163;0.0579;0.0131;0;0;0.088;0;2.0593;0;0;0;0;0;0;0;0;0;0;0;0;0.0466;0.0153;2.1833;2.1833;0;56.48;56.48;34.2;0.0415;2269.5;962.05;1;0.036;0.036;0;0;0;0;0;0;2.1473;2.0593;0;16.514;19.123;15.576;18.037;98.351;98.351;20.128;17.449;16.458;2.6791;0.991;0.1331;0.0492;0.8177;24.489;0.767;0
09/04/21 12:00;46.5;11.056;42.499;79.686;10.314;90;10.314;609.4;251.2;358.2;22.42;8.3799;0;364.09;158.76;92.637;0;0.9847;616.47;0;616.47;364.09;92.637;158.76;0.9847;0.5906;0.2591;0;0.0016;614.44;2.0361;0;0;1.214;0.8221;600.55;10.195;3.0206;0.7685;6.3698;0.0364;610.75;3.6866;2.1845;0.5558;0.9453;0.001;600.74;358.88;91.313;150.23;0.1252;357.19;285.4;114.89;0.0521;3.9096;56.238;0.185;60.096;0;1;0;0;1.0116;0.9967;1;1;0.9924;0.1651;0.9833;0.9917;1;0.9593;0.7747;0.994;0.994;1;0.994;0.994;0.9742;0.9463;0.1271;1.8513;1.9279;0.0116;0.0011;0.1506;0.0124;0.0438;0.0103;0;0;0.088;0;1.5402;0;0;0;0;0;0;0;0;0;0;0;0;0.0353;0.0084;1.6544;1.6544;0;47.17;47.17;24.75;0.0412;1654.5;999.98;1;0.0262;0.0262;0;0;0;0;0;0;1.6282;1.5402;0;17.024;19.714;15.849;18.353;98.415;98.415;14.795;13.222;12.309;1.5732;0.9128;0.1063;0.0617;0.832;95.243;0.7788;0
09/04/21 13:00;42.072;30.941;39.544;60.335;29.665;90;29.665;518.8;280.2;238.6;22.58;8.07;0;274.59;193.33;84.365;0;6.7999;559.09;0;559.09;274.59;84.365;193.33;6.7999;0.4911;0.358;0;0.0122;544.67;14.423;0;0;8.4561;5.967;532.9;8.5022;1.8063;0.555;5.9918;0.1492;541.4;3.268;1.6475;0.5062;1.1093;0.005;534.84;271.14;83.304;177.78;0.6787;291.76;233.12;95.261;2.8174;3.2817;47.206;1.9471;47.67;0;1;0;0;1.0777;0.9742;1;1;0.9563;0.1225;0.9843;0.9934;1;0.9674;0.8198;0.994;0.994;1;0.994;0.994;0.9531;0.9195;0.0998;1.6789;1.7104;0.0103;0.0036;0.1178;0.0111;0.0392;0.0087;0;0;0.088;0;1.3704;0;0;0;0;0;0;0;0;0;0;0;0;0.0316;0.0068;1.4815;1.4815;0;44.504;44.504;21.924;0.0411;1468.8;1008.6;1;0.0231;0.0231;0;0;0;0;0;0;1.4584;1.3704;0;16.81;19.465;15.549;18.006;98.443;98.443;13.418;11.84;10.952;1.5781;0.8876;0.1176;0.0662;0.8162;127.14;0.7677;0
09/04/21 14:00;34.319;47.13;34.187;42.966;47.034;90;47.034;631.3;104.3;527;22.27;7.6;0;773.22;27.469;105.1;0;20.103;925.89;0;925.89;773.22;105.1;27.469;20.103;0.8351;0.0514;0;0.0217;904.7;21.19;0;0;2.4335;18.757;895.34;3.9275;2.6785;0.3641;0.8159;0.069;899.27;5.4282;4.6393;0.6306;0.1502;0.0081;900.09;765.9;104.1;24.069;1.2688;259.09;207.01;83.496;1.9591;2.9502;42.438;4.7533;43.429;0;1;0;0;1.4666;0.9771;1;1;0.9114;0.067;0.9956;0.9965;1;0.9672;0.9484;0.994;0.994;1;0.994;0.994;0.967;0.8762;0.0631;2.7804;2.8005;0.0169;-0.0016;0.3402;0.0171;0.0607;0.0074;0;0;0.088;0;2.1673;0;0;0;0;0;0;0;0;0;0;0;0;0.0489;0.0171;2.2937;2.2937;0;59.523;59.523;37.253;0.0416;2411.3;951.25;1;0.0384;0.0384;0;0;0;0;0;0;2.2553;2.1673;0;15.715;18.198;14.849;17.195;98.324;98.324;22.221;18.332;17.321;3.8898;1.0106;0.175;0.0455;0.7795;20.835;0.7536;0
09/04/21 15:00;24.444;59.914;27.242;27.714;60;90;60;393.6;136.1;257.5;21.79;7.03;0;553.26;55.405;133.69;0;19.68;762.04;0;762.04;553.26;133.69;55.405;19.68;0.726;0.0985;0;0.0258;736.6;25.447;0;0;6.9873;18.46;729.75;2.4271;0.5175;0.125;1.702;0.0826;732.18;4.4196;3.3196;0.8022;0.2905;0.0073;732.84;549.43;132.77;46.425;1.1303;86.105;68.798;30.672;9.2676;1.3505;19.427;3.0918;11.51;0;1;0;0;1.9361;0.9666;1;1;0.8739;0.062;0.9967;0.9991;1;0.9646;0.9319;0.994;0.994;1;0.994;0.994;0.9576;0.8379;0.0574;2.2884;2.2482;0.0135;-0.0013;0.2135;0.0142;0.0502;0.0035;0;0;0.088;0;1.7843;0;0;0;0;0;0;0;0;0;0;0;0;0.0404;0.0113;1.9029;1.9029;0;51.969;51.969;30.179;0.0414;1936.8;982.49;1;0.0306;0.0306;0;0;0;0;0;0;1.8723;1.7843;0;15.84;18.343;14.853;17.2;98.391;98.391;18.289;15.208;14.26;3.0813;0.9479;0.1685;0.0518;0.7797;48.234;0.7651;0
09/04/21 16:00;13.316;70.348;56.042;14.107;22.13;90;22.13;191.69;118.7;72.996;20.42;5.0299;0;177.04;87.703;67.035;0;1.4122;333.19;0;333.19;177.04;67.035;87.703;1.4122;0.5313;0.2675;0;0.0042;329.59;3.5962;0;0;2.3993;1.1969;318.97;8.6396;4.1464;1.5701;2.8771;0.046;327.61;1.9775;1.0622;0.4022;0.5118;0.0013;319.15;171.83;65.063;81.915;0.168;55.577;44.406;17.569;0.4536;0.6572;9.4538;0.1815;9.6574;0;1;0;0;1.7381;0.9892;1;1;0.9726;0.1525;0.9736;0.9764;1;0.9661;0.785;0.994;0.994;1;0.994;0.994;0.9573;0.934;0.119;1.0006;0.9812;0.0059;0.0137;0.0297;0.0065;0.0231;0.0018;0;0;0.088;0;0.7771;0;0;0;0;0;0;0;0;0;0;0;0;0.0186;0.0025;0.8794;0.8794;0;33.46;33.46;13.039;0.0409;842.13;1044.3;1;0.0143;0.0143;0;0;0;0;0;0;0.8651;0.7771;0;16.743;19.388;14.795;17.133;98.374;98.374;7.9965;7.0281;6.2105;0.9684;0.8176;0.1211;0.1022;0.7767;55.084;0.7605;0
09/04/21 17:00;3.8849;77.68;80.542;3.9762;5.7055;90;5.7055;4.1023;4.0974;0.0048;18.16;3.6699;0;0.0117;4.0871;0.0005;0;0.002;4.1013;4.1013;0;0.0117;0;0;0;1;1;1;1;0;0;0;0;0;0;0;0;0;0;0;0;0;0;0;0;0;0;0;0;0;0;0;0;0;0;0;0;0;0;0;0;0;0;0;0;1;1;1;1;1;1;1;1;1;1;1;0;1;0;0;1;0;0;0;0;0;0;0;0;0;0;0;0.0004;0.088;0;-0.0884;0;0;0;0;0;0;0;0;0;0;0;0;0;0;0;0;0;0;0;-18.16;0;0;0;0;0.0004;0;0;0;0;0;0;0;-0.0004;-0.0884;0;0;0;0;0;0;0;0;0;-0.7063;0;0.7063;1;1;0;0;0;0
09/04/21 18:00;0;0;90;0;0;90;0;0;0;0;16.03;3.2699;0;0;0;0;0;0;0;0;0;0;0;0;0;1;1;1;1;0;0;0;0;0;0;0;0;0;0;0;0;0;0;0;0;0;0;0;0;0;0;0;0;0;0;0;0;0;0;0;0;0;0;0;1;1;1;1;1;1;1;1;1;1;1;1;1;1;1;1;1;1;1;0;0;0;0;0;0;0;0;0;0.0004;0.088;0;-0.0884;0;0;0;0;0;0;0;0;0;0;0;0;0;0;0;0;0;0;0;-16.03;0;0;0;0;0.0004;0;0;0;0;0;0;0;-0.0004;-0.0884;0;0;0;0;0;0;0;0;0;-0.7063;0;0.7063;1;1;0;0;0;0
09/04/21 19:00;0;0;90;0;0;90;0;0;0;0;14.83;3.06;0;0;0;0;0;0;0;0;0;0;0;0;0;1;1;1;1;0;0;0;0;0;0;0;0;0;0;0;0;0;0;0;0;0;0;0;0;0;0;0;0;0;0;0;0;0;0;0;0;0;0;0;1;1;1;1;1;1;1;1;1;1;1;1;1;1;1;1;1;1;1;0;0;0;0;0;0;0;0;0;0.0004;0.088;0;-0.0884;0;0;0;0;0;0;0;0;0;0;0;0;0;0;0;0;0;0;0;-14.83;0;0;0;0;0.0004;0;0;0;0;0;0;0;-0.0004;-0.0884;0;0;0;0;0;0;0;0;0;-0.7063;0;0.7063;1;1;0;0;0;0
09/04/21 20:00;0;0;90;0;0;90;0;0;0;0;13.62;2.9401;0;0;0;0;0;0;0;0;0;0;0;0;0;1;1;1;1;0;0;0;0;0;0;0;0;0;0;0;0;0;0;0;0;0;0;0;0;0;0;0;0;0;0;0;0;0;0;0;0;0;0;0;1;1;1;1;1;1;1;1;1;1;1;1;1;1;1;1;1;1;1;0;0;0;0;0;0;0;0;0;0.0004;0.088;0;-0.0884;0;0;0;0;0;0;0;0;0;0;0;0;0;0;0;0;0;0;0;-13.62;0;0;0;0;0.0004;0;0;0;0;0;0;0;-0.0004;-0.0884;0;0;0;0;0;0;0;0;0;-0.7063;0;0.7063;1;1;0;0;0;0
09/04/21 21:00;0;0;90;0;0;90;0;0;0;0;12.4;2.8799;0;0;0;0;0;0;0;0;0;0;0;0;0;1;1;1;1;0;0;0;0;0;0;0;0;0;0;0;0;0;0;0;0;0;0;0;0;0;0;0;0;0;0;0;0;0;0;0;0;0;0;0;1;1;1;1;1;1;1;1;1;1;1;1;1;1;1;1;1;1;1;0;0;0;0;0;0;0;0;0;0.0004;0.088;0;-0.0884;0;0;0;0;0;0;0;0;0;0;0;0;0;0;0;0;0;0;0;-12.4;0;0;0;0;0.0004;0;0;0;0;0;0;0;-0.0004;-0.0884;0;0;0;0;0;0;0;0;0;-0.7063;0;0.7063;1;1;0;0;0;0
09/04/21 22:00;0;0;90;0;0;90;0;0;0;0;10.15;2.7999;0;0;0;0;0;0;0;0;0;0;0;0;0;1;1;1;1;0;0;0;0;0;0;0;0;0;0;0;0;0;0;0;0;0;0;0;0;0;0;0;0;0;0;0;0;0;0;0;0;0;0;0;1;1;1;1;1;1;1;1;1;1;1;1;1;1;1;1;1;1;1;0;0;0;0;0;0;0;0;0;0.0004;0.088;0;-0.0884;0;0;0;0;0;0;0;0;0;0;0;0;0;0;0;0;0;0;0;-10.15;0;0;0;0;0.0004;0;0;0;0;0;0;0;-0.0004;-0.0884;0;0;0;0;0;0;0;0;0;-0.7063;0;0.7063;1;1;0;0;0;0
09/04/21 23:00;0;0;90;0;0;90;0;0;0;0;9.3399;2.7199;0;0;0;0;0;0;0;0;0;0;0;0;0;1;1;1;1;0;0;0;0;0;0;0;0;0;0;0;0;0;0;0;0;0;0;0;0;0;0;0;0;0;0;0;0;0;0;0;0;0;0;0;1;1;1;1;1;1;1;1;1;1;1;1;1;1;1;1;1;1;1;0;0;0;0;0;0;0;0;0;0.0004;0.088;0;-0.0884;0;0;0;0;0;0;0;0;0;0;0;0;0;0;0;0;0;0;0;-9.3399;0;0;0;0;0.0004;0;0;0;0;0;0;0;-0.0004;-0.0884;0;0;0;0;0;0;0;0;0;-0.7063;0;0.7063;1;1;0;0;0;0
10/04/21 00:00;0;0;90;0;0;90;0;0;0;0;9.2103;2.44;0;0;0;0;0;0;0;0;0;0;0;0;0;1;1;1;1;0;0;0;0;0;0;0;0;0;0;0;0;0;0;0;0;0;0;0;0;0;0;0;0;0;0;0;0;0;0;0;0;0;0;0;1;1;1;1;1;1;1;1;1;1;1;1;1;1;1;1;1;1;1;0;0;0;0;0;0;0;0;0;0.0004;0.088;0;-0.0884;0;0;0;0;0;0;0;0;0;0;0;0;0;0;0;0;0;0;0;-9.2103;0;0;0;0;0.0004;0;0;0;0;0;0;0;-0.0004;-0.0884;0;0;0;0;0;0;0;0;0;-0.7063;0;0.7063;1;1;0;0;0;0
10/04/21 01:00;0;0;90;0;0;90;0;0;0;0;10.4;2.4699;0;0;0;0;0;0;0;0;0;0;0;0;0;1;1;1;1;0;0;0;0;0;0;0;0;0;0;0;0;0;0;0;0;0;0;0;0;0;0;0;0;0;0;0;0;0;0;0;0;0;0;0;1;1;1;1;1;1;1;1;1;1;1;1;1;1;1;1;1;1;1;0;0;0;0;0;0;0;0;0;0.0004;0.088;0;-0.0884;0;0;0;0;0;0;0;0;0;0;0;0;0;0;0;0;0;0;0;-10.4;0;0;0;0;0.0004;0;0;0;0;0;0;0;-0.0004;-0.0884;0;0;0;0;0;0;0;0;0;-0.7063;0;0.7063;1;1;0;0;0;0
10/04/21 02:00;0;0;90;0;0;90;0;0;0;0;10.92;2.2499;0;0;0;0;0;0;0;0;0;0;0;0;0;1;1;1;1;0;0;0;0;0;0;0;0;0;0;0;0;0;0;0;0;0;0;0;0;0;0;0;0;0;0;0;0;0;0;0;0;0;0;0;1;1;1;1;1;1;1;1;1;1;1;1;1;1;1;1;1;1;1;0;0;0;0;0;0;0;0;0;0.0004;0.088;0;-0.0884;0;0;0;0;0;0;0;0;0;0;0;0;0;0;0;0;0;0;0;-10.92;0;0;0;0;0.0004;0;0;0;0;0;0;0;-0.0004;-0.0884;0;0;0;0;0;0;0;0;0;-0.7063;0;0.7063;1;1;0;0;0;0
10/04/21 03:00;0;0;90;0;0;90;0;0;0;0;11.3;2.28;0;0;0;0;0;0;0;0;0;0;0;0;0;1;1;1;1;0;0;0;0;0;0;0;0;0;0;0;0;0;0;0;0;0;0;0;0;0;0;0;0;0;0;0;0;0;0;0;0;0;0;0;1;1;1;1;1;1;1;1;1;1;1;1;1;1;1;1;1;1;1;0;0;0;0;0;0;0;0;0;0.0004;0.088;0;-0.0884;0;0;0;0;0;0;0;0;0;0;0;0;0;0;0;0;0;0;0;-11.3;0;0;0;0;0.0004;0;0;0;0;0;0;0;-0.0004;-0.0884;0;0;0;0;0;0;0;0;0;-0.7063;0;0.7063;1;1;0;0;0;0
10/04/21 04:00;0;0;90;0;0;90;0;0;0;0;10.4;2.5;0;0;0;0;0;0;0;0;0;0;0;0;0;1;1;1;1;0;0;0;0;0;0;0;0;0;0;0;0;0;0;0;0;0;0;0;0;0;0;0;0;0;0;0;0;0;0;0;0;0;0;0;1;1;1;1;1;1;1;1;1;1;1;1;1;1;1;1;1;1;1;0;0;0;0;0;0;0;0;0;0.0004;0.088;0;-0.0884;0;0;0;0;0;0;0;0;0;0;0;0;0;0;0;0;0;0;0;-10.4;0;0;0;0;0.0004;0;0;0;0;0;0;0;-0.0004;-0.0884;0;0;0;0;0;0;0;0;0;-0.7063;0;0.7063;1;1;0;0;0;0
10/04/21 05:00;0;0;90;0;0;90;0;0;0;0;10.66;2.58;0;0;0;0;0;0;0;0;0;0;0;0;0;1;1;1;1;0;0;0;0;0;0;0;0;0;0;0;0;0;0;0;0;0;0;0;0;0;0;0;0;0;0;0;0;0;0;0;0;0;0;0;1;1;1;1;1;1;1;1;1;1;1;1;1;1;1;1;1;1;1;0;0;0;0;0;0;0;0;0;0.0004;0.088;0;-0.0884;0;0;0;0;0;0;0;0;0;0;0;0;0;0;0;0;0;0;0;-10.66;0;0;0;0;0.0004;0;0;0;0;0;0;0;-0.0004;-0.0884;0;0;0;0;0;0;0;0;0;-0.7063;0;0.7063;1;1;0;0;0;0
10/04/21 06:00;3.7717;-77.303;80.82;3.866;5.5453;-90;-5.5453;8.0092;7.9027;0.1065;10.9;3.54;0;0.2583;7.8748;0.0228;0;0.0037;8.1597;0;8.1597;0.2583;0.0228;7.8748;0.0037;0.0317;0.9656;0;0.0005;8.1347;0.0249;0;0;0.0218;0.0031;7.6492;0.4367;0.0901;0.008;0.3385;0.0001;8.0859;0.0488;0.0015;0.0001;0.0471;0;7.6495;0.1666;0.0147;7.4674;0.0005;4.6806;3.7398;1.4311;0.0001;0.056;0.806;0.0003;0.8619;0;1;0;0;1.0188;0.9969;1;1;0.9972;0.1645;0.946;0.6489;1;0.9566;0.7764;0.994;0.994;1;0.994;0.994;0.9374;0.9483;0.1269;0.0245;0.0247;0.0001;0.0054;-0.0011;0.0001;0.0005;0.0001;0;0;0.088;0;-0.0713;0;0;0;0;0;0;0;0;0;0;0;0;0.0004;0;0.0191;0.0191;0;11.223;11.223;0.3226;0.0422;19.456;983.45;1;0.0024;0.0024;0;0;0;0;0;0;0.0167;-0.0713;0;14.875;17.225;-55.401;-64.153;87.488;87.488;0.1958;0.1529;-0.5695;0.0429;0.7224;0.2191;3.689;0;4.6801;0;0
10/04/21 07:00;13.377;-69.808;55.869;14.218;22.343;-90;-22.343;210.99;34.803;176.19;11.64;5.0199;0;427.31;14.743;47.257;0;1.584;490.89;0;490.89;427.31;47.257;14.743;1.584;0.8705;0.0333;0;0.0032;489.15;1.7489;0;0;0.4088;1.3401;474.78;11.429;9.8093;1.0848;0.4828;0.0517;486.21;2.9349;2.5639;0.2835;0.086;0.0015;474.81;414.94;45.889;13.766;0.1907;10.229;8.173;3.3878;0.0793;0.1107;1.5919;0.0313;1.6232;0;1;0;0;2.3266;0.9964;1;1;0.9723;0.154;0.9765;0.9769;1;0.9661;0.7869;0.994;0.994;1;0.994;0.994;0.9672;0.9337;0.1204;1.4742;1.4334;0.0086;0.0072;0.0301;0.0097;0.0344;0.0003;0;0;0.088;0;1.2013;0;0;0;0;0;0;0;0;0;0;0;0;0.0277;0.0049;1.3104;1.3104;0;30.963;30.963;19.323;0.0407;1232.3;1063.3;1;0.0211;0.0211;0;0;0;0;0;0;1.2893;1.2013;0;16.933;19.608;15.524;17.976;98.391;98.391;11.781;10.472;9.6007;1.309;0.8718;0.1111;0.074;0.8149;9.2703;0.8129;0
10/04/21 08:00;24.454;-59.333;27.74;27.866;60;-90;-60;181.3;163.6;17.703;12.16;6.4599;0;37.849;118.84;10.996;0;9.065;176.75;0;176.75;37.849;10.996;118.84;9.065;0.2141;0.7237;0;0.0513;153.31;23.439;0;0;14.956;8.4832;148.66;3.7359;0.036;0.0105;3.651;0.0384;152.39;0.9199;0.2271;0.066;0.6233;0.0035;152.19;37.586;10.92;99.611;0.54;106.29;84.927;39.165;19.87;2.1304;30.645;3.5318;12.905;0;1;0;0;0.9749;0.8674;1;1;0.8742;0.0642;0.9755;0.999;1;0.9646;0.9337;0.994;0.994;1;0.994;0.994;0.841;0.8382;0.0596;0.5308;0.523;0.0031;0.018;-0.0128;0.0036;0.0128;0.006;0;0;0.088;0;0.3837;0;0;0;0;0;0;0;0;0;0;0;0;0.0103;0.0008;0.4811;0.4811;0;18.195;18.195;6.0356;0.0406;444.68;1081.9;1;0.0094;0.0094;0;0;0;0;0;0;0.4717;0.3837;0;17.266;19.994;13.772;15.947;98.053;98.053;4.242;3.8449;3.0667;0.3972;0.7782;0.0936;0.1834;0.7229;103.49;0.6399;0
10/04/21 09:00;34.251;-46.495;34.683;43.191;46.809;-90;-46.809;243.91;224.4;19.512;13.37;7.21;0;28.509;184.17;8.3559;0;7.6969;228.74;0;228.74;28.509;8.3559;184.17;7.6969;0.1246;0.8388;0;0.0336;205.4;23.335;0;0;16.173;7.1623;198.53;5.6366;0.107;0.0314;5.471;0.0273;204.17;1.2324;0.1711;0.0501;1.008;0.0032;201.4;28.231;8.2744;161.52;0.504;149.51;119.46;51.645;12.888;2.2415;32.244;2.8711;21.598;0;1;0;0;0.9378;0.898;1;1;0.9122;0.0694;0.9724;0.9962;1;0.9672;0.9486;0.994;0.994;1;0.994;0.994;0.868;0.877;0.0655;0.6869;0.6746;0.0041;0.0172;-0.0086;0.0046;0.0164;0.0063;0;0;0.088;0;0.521;0;0;0;0;0;0;0;0;0;0;0;0;0.0132;0.0013;0.6201;0.6201;0;21.432;21.432;8.0625;0.0406;574.85;1078.7;1;0.011;0.011;0;0;0;0;0;0;0.609;0.521;0;17.197;19.913;14.45;16.733;98.223;98.223;5.4897;4.9556;4.1642;0.5341;0.7914;0.0973;0.1442;0.7586;139.4;0.6861;0
10/04/21 10:00;41.896;-30.27;40.006;60.669;29.331;-90;-29.331;463.01;282.5;180.51;14.39;7.19;0;207.05;211.85;64.393;0;5.9356;489.23;0;489.23;207.05;64.393;211.85;5.9356;0.4232;0.4452;0;0.0121;474.96;14.271;0;0;9.0846;5.1864;463.54;8.5727;1.4177;0.4409;6.5795;0.1345;472.11;2.8498;1.2423;0.3864;1.2166;0.0045;465.26;204.39;63.565;194.97;0.6102;264.27;211.15;86.072;2.9679;3.0132;43.344;1.7157;43.39;0;1;0;0;1.0566;0.9708;1;1;0.9571;0.1262;0.9818;0.9931;1;0.9674;0.8194;0.994;0.994;1;0.994;0.994;0.9475;0.9203;0.1028;1.4692;1.4927;0.009;0.0064;0.0436;0.01;0.0356;0.0083;0;0;0.088;0;1.2364;0;0;0;0;0;0;0;0;0;0;0;0;0.0287;0.0052;1.3458;1.3458;0;33.295;33.295;18.905;0.0408;1280.2;1051.2;1;0.0214;0.0214;0;0;0;0;0;0;1.3244;1.2364;0;17.45;20.207;16.032;18.564;98.409;98.409;11.742;10.756;9.8813;0.9858;0.8744;0.084;0.0745;0.8416;139;0.7892;0
10/04/21 11:00;46.193;-10.431;42.906;80.148;9.8524;-90;-9.8524;244.3;237.7;6.599;14.6;6.88;0;6.6977;234.36;1.6218;0;0.3603;243.04;0;243.04;6.6977;1.6218;234.36;0.3603;0.0276;0.9658;0;0.0015;241.09;1.9556;0;0;1.6553;0.3004;230.08;9.5586;0.0571;0.0138;9.4742;0.0134;239.64;1.4465;0.0402;0.0097;1.3962;0.0004;230.14;6.6004;1.5982;221.84;0.0462;145.22;116.03;44.656;0.0642;1.7257;24.823;0.0616;26.485;0;1;0;0;0.9949;0.992;1;1;0.9929;0.1663;0.9601;0.9914;1;0.959;0.7753;0.994;0.994;1;0.994;0.994;0.9467;0.9466;0.1281;0.7299;0.7455;0.0045;0.0165;-0.0028;0.0051;0.0181;0.0048;0;0;0.088;0;0.5834;0;0;0;0;0;0;0;0;0;0;0;0;0.0145;0.0015;0.6832;0.6832;0;23.953;23.953;9.3525;0.0406;636.47;1073.5;1;0.0119;0.0119;0;0;0;0;0;0;0.6714;0.5834;0;17.833;20.651;15.227;17.632;98.264;98.264;5.833;5.4605;4.6624;0.3725;0.7981;0.0639;0.1368;0.7993;140.43;0.7425;0
10/04/21 12:00;46.124;11.071;42.86;79.539;10.461;90;10.461;187.81;184.6;3.2076;15.3;6.9299;0;3.2618;182.47;0.6141;0;0.3121;186.65;0;186.65;3.2618;0.6141;182.47;0.3121;0.0175;0.9792;0;0.0017;184.96;1.6893;0;0;1.4286;0.2606;176.51;7.3475;0.0277;0.0052;7.303;0.0115;183.85;1.1098;0.0196;0.0037;1.0862;0.0003;176.56;3.2145;0.6052;172.65;0.0397;111.72;89.267;34.712;0.0629;1.3053;18.777;0.0545;20.019;0;1;0;0;0.9939;0.9909;1;1;0.9922;0.1651;0.96;0.9914;1;0.9594;0.7747;0.994;0.994;1;0.994;0.994;0.9456;0.9462;0.1271;0.5605;0.5714;0.0034;0.0178;-0.0052;0.0039;0.0138;0.0036;0;0;0.088;0;0.4242;0;0;0;0;0;0;0;0;0;0;0;0;0.0111;0.001;0.5219;0.5219;0;22.482;22.482;7.1816;0.0407;487.54;1070.5;1;0.0097;0.0097;0;0;0;0;0;0;0.5122;0.4242;0;17.737;20.539;14.417;16.694;98.144;98.144;4.4797;4.1709;3.3902;0.3088;0.7807;0.0689;0.1743;0.7568;109.5;0.7038;0
10/04/21 13:00;41.708;30.816;39.878;60.109;29.891;90;29.891;134.11;132.4;1.7046;15.43;7.19;0;1.9662;123.36;0.2876;0;1.7839;127.4;0;127.4;1.9662;0.2876;123.36;1.7839;0.0154;0.9823;0;0.014;120.37;7.0282;0;0;5.4611;1.5671;115.78;3.8721;0.0133;0.0019;3.8183;0.0385;119.65;0.7222;0.0118;0.0017;0.7074;0.0013;116.33;1.9411;0.284;113.37;0.177;82.277;65.739;26.8;1.8449;0.9978;14.353;0.5516;13.506;0;1;0;0;0.95;0.9448;1;1;0.9557;0.1215;0.9676;0.9932;1;0.9674;0.8212;0.994;0.994;1;0.994;0.994;0.9088;0.919;0.0992;0.3826;0.3806;0.0023;0.0178;-0.0067;0.0026;0.0091;0.0028;0;0;0.088;0;0.2492;0;0;0;0;0;0;0;0;0;0;0;0;0.0073;0.0005;0.3449;0.3449;0;20.15;20.15;4.7197;0.0408;323.98;1064.6;1;0.0078;0.0078;0;0;0;0;0;0;0.3372;0.2492;0;17.174;19.887;12.406;14.366;97.751;97.751;3.0576;2.7565;1.9912;0.3011;0.7653;0.0985;0.2503;0.6512;81.248;0.6006;0
10/04/21 14:00;33.982;46.927;34.492;42.699;47.301;90;47.301;383.8;267.5;116.29;16.82;7.3399;0;171.49;190.12;60.336;0;12.353;434.3;0;434.3;171.49;60.336;190.12;12.353;0.3949;0.4662;0;0.0284;405.79;28.512;0;0;16.982;11.53;396.82;6.5331;0.6245;0.2197;5.6477;0.0413;403.35;2.4347;1.0289;0.362;1.0388;0.0049;400.82;169.84;59.754;166.45;0.7763;206.66;165.12;70.185;13.795;2.9154;41.936;4.0006;31.057;0;1;0;0;1.1316;0.9343;1;1;0.9107;0.0666;0.9838;0.9963;1;0.9672;0.9495;0.994;0.994;1;0.994;0.994;0.9137;0.8755;0.0628;1.3042;1.2956;0.0078;0.0092;0.0367;0.0087;0.0308;0.008;0;0;0.088;0;1.0588;0;0;0;0;0;0;0;0;0;0;0;0;0.0248;0.004;1.1654;1.1654;0;33.013;33.013;16.193;0.0408;1110.4;1049.6;1;0.0187;0.0187;0;0;0;0;0;0;1.1468;1.0588;0;17.023;19.712;15.465;17.908;98.398;98.398;10.423;9.3142;8.4617;1.1089;0.8525;0.1064;0.0818;0.8118;144.57;0.7571;0
10/04/21 15:00;24.135;59.678;27.544;27.432;60;90;60;266.2;206.1;60.101;16.53;7.03;0;130.32;137.87;48.29;0;13.31;329.79;0;329.79;130.32;48.29;137.87;13.31;0.3952;0.4584;0;0.0404;299.92;29.872;0;0;17.387;12.485;293.66;4.46;0.1232;0.0457;4.2352;0.0559;298.12;1.7995;0.7819;0.2897;0.7229;0.005;298.02;129.42;47.955;115.53;0.7644;129.11;103.16;47.305;23.053;2.5348;36.462;4.3588;15.945;0;1;0;0;1.2389;0.9094;1;1;0.8739;0.062;0.985;0.999;1;0.9646;0.9319;0.994;0.994;1;0.994;0.994;0.8904;0.8379;0.0574;0.9904;0.9745;0.0059;0.0138;0.0121;0.0066;0.0234;0.0071;0;0;0.088;0;0.7818;0;0;0;0;0;0;0;0;0;0;0;0;0.0188;0.0024;0.8844;0.8844;0;28.491;28.491;11.961;0.0407;832.5;1062.4;1;0.0146;0.0146;0;0;0;0;0;0;0.8698;0.7818;0;17.012;19.699;15.038;17.414;98.348;98.348;7.9151;7.0683;6.2482;0.8468;0.8201;0.107;0.1036;0.7894;120.03;0.7291;0
10/04/21 16:00;13.029;70.098;56.855;13.825;21.594;90;21.594;99.001;95.502;3.4992;16.4;6.01;0;8.4865;91.099;2.6429;0;0.6948;102.92;0;102.92;8.4865;2.6429;91.099;0.6948;0.0825;0.8919;0;0.0068;99.94;2.9836;0;0;2.396;0.5876;96.027;3.3136;0.2185;0.0681;3.0039;0.0231;99.34;0.5996;0.0509;0.0159;0.5322;0.0006;96.204;8.2171;2.559;85.167;0.0835;57.078;45.606;17.928;0.4308;0.6802;9.7846;0.177;10.034;0;1;0;0;1.0396;0.971;1;1;0.9737;0.1543;0.9666;0.9741;1;0.9659;0.7832;0.994;0.994;1;0.994;0.994;0.933;0.9349;0.1202;0.3091;0.3104;0.0019;0.0172;-0.0053;0.0021;0.0074;0.0019;0;0;0.088;0;0.184;0;0;0;0;0;0;0;0;0;0;0;0;0.0059;0.0004;0.279;0.279;0;20.322;20.322;3.9225;0.0408;264.03;1056.7;1;0.007;0.007;0;0;0;0;0;0;0.272;0.184;0;17.196;19.912;11.341;13.133;97.494;97.494;2.4702;2.2297;1.4706;0.2404;0.7592;0.0973;0.3073;0.5953;57.056;0.5558;0
10/04/21 17:00;3.61;77.422;81.216;3.6985;5.3022;90;5.3022;1.1916;1.1916;0;15.32;4.83;0;0;1.1891;0;0;0.0005;1.1896;1.1896;0;0;0;0;0;1;1;1;1;0;0;0;0;0;0;0;0;0;0;0;0;0;0;0;0;0;0;0;0;0;0;0;0;0;0;0;0;0;0;0;0;0;0;0;0;1;1;1;1;1;1;1;1;1;1;1;1;1;0;0;1;0;0;0;0;0;0;0;0;0;0;0;0.0004;0.088;0;-0.0884;0;0;0;0;0;0;0;0;0;0;0;0;0;0;0;0;0;0;0;-15.32;0;0;0;0;0.0004;0;0;0;0;0;0;0;-0.0004;-0.0884;0;0;0;0;0;0;0;0;0;-0.7063;0;0.7063;1;1;0;0;0;0
10/04/21 18:00;0;0;90;0;0;90;0;0;0;0;11.43;3.62;0;0;0;0;0;0;0;0;0;0;0;0;0;1;1;1;1;0;0;0;0;0;0;0;0;0;0;0;0;0;0;0;0;0;0;0;0;0;0;0;0;0;0;0;0;0;0;0;0;0;0;0;1;1;1;1;1;1;1;1;1;1;1;1;1;1;1;1;1;1;1;0;0;0;0;0;0;0;0;0;0.0004;0.088;0;-0.0884;0;0;0;0;0;0;0;0;0;0;0;0;0;0;0;0;0;0;0;-11.43;0;0;0;0;0.0004;0;0;0;0;0;0;0;-0.0004;-0.0884;0;0;0;0;0;0;0;0;0;-0.7063;0;0.7063;1;1;0;0;0;0
10/04/21 19:00;0;0;90;0;0;90;0;0;0;0;12.19;3;0;0;0;0;0;0;0;0;0;0;0;0;0;1;1;1;1;0;0;0;0;0;0;0;0;0;0;0;0;0;0;0;0;0;0;0;0;0;0;0;0;0;0;0;0;0;0;0;0;0;0;0;1;1;1;1;1;1;1;1;1;1;1;1;1;1;1;1;1;1;1;0;0;0;0;0;0;0;0;0;0.0004;0.088;0;-0.0884;0;0;0;0;0;0;0;0;0;0;0;0;0;0;0;0;0;0;0;-12.19;0;0;0;0;0.0004;0;0;0;0;0;0;0;-0.0004;-0.0884;0;0;0;0;0;0;0;0;0;-0.7063;0;0.7063;1;1;0;0;0;0
10/04/21 20:00;0;0;90;0;0;90;0;0;0;0;13.62;3.37;0;0;0;0;0;0;0;0;0;0;0;0;0;1;1;1;1;0;0;0;0;0;0;0;0;0;0;0;0;0;0;0;0;0;0;0;0;0;0;0;0;0;0;0;0;0;0;0;0;0;0;0;1;1;1;1;1;1;1;1;1;1;1;1;1;1;1;1;1;1;1;0;0;0;0;0;0;0;0;0;0.0004;0.088;0;-0.0884;0;0;0;0;0;0;0;0;0;0;0;0;0;0;0;0;0;0;0;-13.62;0;0;0;0;0.0004;0;0;0;0;0;0;0;-0.0004;-0.0884;0;0;0;0;0;0;0;0;0;-0.7063;0;0.7063;1;1;0;0;0;0
10/04/21 21:00;0;0;90;0;0;90;0;0;0;0;12.99;4.18;0;0;0;0;0;0;0;0;0;0;0;0;0;1;1;1;1;0;0;0;0;0;0;0;0;0;0;0;0;0;0;0;0;0;0;0;0;0;0;0;0;0;0;0;0;0;0;0;0;0;0;0;1;1;1;1;1;1;1;1;1;1;1;1;1;1;1;1;1;1;1;0;0;0;0;0;0;0;0;0;0.0004;0.088;0;-0.0884;0;0;0;0;0;0;0;0;0;0;0;0;0;0;0;0;0;0;0;-12.99;0;0;0;0;0.0004;0;0;0;0;0;0;0;-0.0004;-0.0884;0;0;0;0;0;0;0;0;0;-0.7063;0;0.7063;1;1;0;0;0;0
10/04/21 22:00;0;0;90;0;0;90;0;0;0;0;12.31;4.57;0;0;0;0;0;0;0;0;0;0;0;0;0;1;1;1;1;0;0;0;0;0;0;0;0;0;0;0;0;0;0;0;0;0;0;0;0;0;0;0;0;0;0;0;0;0;0;0;0;0;0;0;1;1;1;1;1;1;1;1;1;1;1;1;1;1;1;1;1;1;1;0;0;0;0;0;0;0;0;0;0.0004;0.088;0;-0.0884;0;0;0;0;0;0;0;0;0;0;0;0;0;0;0;0;0;0;0;-12.31;0;0;0;0;0.0004;0;0;0;0;0;0;0;-0.0004;-0.0884;0;0;0;0;0;0;0;0;0;-0.7063;0;0.7063;1;1;0;0;0;0
10/04/21 23:00;0;0;90;0;0;90;0;0;0;0;12.18;5.15;0;0;0;0;0;0;0;0;0;0;0;0;0;1;1;1;1;0;0;0;0;0;0;0;0;0;0;0;0;0;0;0;0;0;0;0;0;0;0;0;0;0;0;0;0;0;0;0;0;0;0;0;1;1;1;1;1;1;1;1;1;1;1;1;1;1;1;1;1;1;1;0;0;0;0;0;0;0;0;0;0.0004;0.088;0;-0.0884;0;0;0;0;0;0;0;0;0;0;0;0;0;0;0;0;0;0;0;-12.18;0;0;0;0;0.0004;0;0;0;0;0;0;0;-0.0004;-0.0884;0;0;0;0;0;0;0;0;0;-0.7063;0;0.7063;1;1;0;0;0;0
11/04/21 00:00;0;0;90;0;0;90;0;0;0;0;10.81;5.0199;0;0;0;0;0;0;0;0;0;0;0;0;0;1;1;1;1;0;0;0;0;0;0;0;0;0;0;0;0;0;0;0;0;0;0;0;0;0;0;0;0;0;0;0;0;0;0;0;0;0;0;0;1;1;1;1;1;1;1;1;1;1;1;1;1;1;1;1;1;1;1;0;0;0;0;0;0;0;0;0;0.0004;0.088;0;-0.0884;0;0;0;0;0;0;0;0;0;0;0;0;0;0;0;0;0;0;0;-10.81;0;0;0;0;0.0004;0;0;0;0;0;0;0;-0.0004;-0.0884;0;0;0;0;0;0;0;0;0;-0.7063;0;0.7063;1;1;0;0;0;0
11/04/21 01:00;0;0;90;0;0;90;0;0;0;0;10.27;4.33;0;0;0;0;0;0;0;0;0;0;0;0;0;1;1;1;1;0;0;0;0;0;0;0;0;0;0;0;0;0;0;0;0;0;0;0;0;0;0;0;0;0;0;0;0;0;0;0;0;0;0;0;1;1;1;1;1;1;1;1;1;1;1;1;1;1;1;1;1;1;1;0;0;0;0;0;0;0;0;0;0.0004;0.088;0;-0.0884;0;0;0;0;0;0;0;0;0;0;0;0;0;0;0;0;0;0;0;-10.27;0;0;0;0;0.0004;0;0;0;0;0;0;0;-0.0004;-0.0884;0;0;0;0;0;0;0;0;0;-0.7063;0;0.7063;1;1;0;0;0;0
11/04/21 02:00;0;0;90;0;0;90;0;0;0;0;10.12;4.3899;0;0;0;0;0;0;0;0;0;0;0;0;0;1;1;1;1;0;0;0;0;0;0;0;0;0;0;0;0;0;0;0;0;0;0;0;0;0;0;0;0;0;0;0;0;0;0;0;0;0;0;0;1;1;1;1;1;1;1;1;1;1;1;1;1;1;1;1;1;1;1;0;0;0;0;0;0;0;0;0;0.0004;0.088;0;-0.0884;0;0;0;0;0;0;0;0;0;0;0;0;0;0;0;0;0;0;0;-10.12;0;0;0;0;0.0004;0;0;0;0;0;0;0;-0.0004;-0.0884;0;0;0;0;0;0;0;0;0;-0.7063;0;0.7063;1;1;0;0;0;0
11/04/21 03:00;0;0;90;0;0;90;0;0;0;0;9.7401;4.56;0;0;0;0;0;0;0;0;0;0;0;0;0;1;1;1;1;0;0;0;0;0;0;0;0;0;0;0;0;0;0;0;0;0;0;0;0;0;0;0;0;0;0;0;0;0;0;0;0;0;0;0;1;1;1;1;1;1;1;1;1;1;1;1;1;1;1;1;1;1;1;0;0;0;0;0;0;0;0;0;0.0004;0.088;0;-0.0884;0;0;0;0;0;0;0;0;0;0;0;0;0;0;0;0;0;0;0;-9.7401;0;0;0;0;0.0004;0;0;0;0;0;0;0;-0.0004;-0.0884;0;0;0;0;0;0;0;0;0;-0.7063;0;0.7063;1;1;0;0;0;0
11/04/21 04:00;0;0;90;0;0;90;0;0;0;0;8.0901;4.6199;0;0;0;0;0;0;0;0;0;0;0;0;0;1;1;1;1;0;0;0;0;0;0;0;0;0;0;0;0;0;0;0;0;0;0;0;0;0;0;0;0;0;0;0;0;0;0;0;0;0;0;0;1;1;1;1;1;1;1;1;1;1;1;1;1;1;1;1;1;1;1;0;0;0;0;0;0;0;0;0;0.0004;0.088;0;-0.0884;0;0;0;0;0;0;0;0;0;0;0;0;0;0;0;0;0;0;0;-8.0901;0;0;0;0;0.0004;0;0;0;0;0;0;0;-0.0004;-0.0884;0;0;0;0;0;0;0;0;0;-0.7063;0;0.7063;1;1;0;0;0;0
11/04/21 05:00;0;0;90;0;0;90;0;0;0;0;6.9999;5.0801;0;0;0;0;0;0;0;0;0;0;0;0;0;1;1;1;1;0;0;0;0;0;0;0;0;0;0;0;0;0;0;0;0;0;0;0;0;0;0;0;0;0;0;0;0;0;0;0;0;0;0;0;1;1;1;1;1;1;1;1;1;1;1;1;1;1;1;1;1;1;1;0;0;0;0;0;0;0;0;0;0.0004;0.088;0;-0.0884;0;0;0;0;0;0;0;0;0;0;0;0;0;0;0;0;0;0;0;-6.9999;0;0;0;0;0.0004;0;0;0;0;0;0;0;-0.0004;-0.0884;0;0;0;0;0;0;0;0;0;-0.7063;0;0.7063;1;1;0;0;0;0
11/04/21 06:00;3.8084;-76.819;80.73;3.9111;5.6109;-90;-5.6109;14.006;13.703;0.3031;6.2999;6.4599;0;0.7351;13.625;0.1115;0;0.0067;14.478;0;14.478;0.7351;0.1115;13.625;0.0067;0.0508;0.9415;0;0.0005;14.434;0.044;0;0;0.0384;0.0056;13.469;0.878;0.254;0.0385;0.5852;0.0002;14.347;0.0866;0.0044;0.0007;0.0815;0;13.47;0.4767;0.0723;12.919;0.0009;8.0996;6.4716;2.4766;0.0003;0.097;1.3946;0.0005;1.4913;0;1;0;0;1.0337;0.997;1;1;0.9972;0.1645;0.9388;0.6524;1;0.9567;0.7764;0.994;0.994;1;0.994;0.994;0.9303;0.9483;0.1269;0.0435;0.0435;0.0003;0.0073;-0.0028;0.0003;0.001;0.0002;0;0;0.088;0;-0.0545;0;0;0;0;0;0;0;0;0;0;0;0;0.0008;0;0.0365;0.0365;0;6.8589;6.8589;0.559;0.0415;35.384;1030.2;1;0.0029;0.0029;0;0;0;0;0;0;0.0335;-0.0545;0;15.972;18.496;-23.861;-27.63;92.017;92.017;0.3475;0.2913;-0.4352;0.0561;0.7266;0.1615;2.091;0;8.0979;0;0
11/04/21 07:00;13.197;-69.471;56.379;14.058;22.036;-90;-22.036;194.7;33.699;161;7.5802;8;0;390.48;15.626;42.394;0;1.4223;449.92;0;449.92;390.48;42.394;15.626;1.4223;0.8679;0.0379;0;0.0032;448.29;1.6255;0;0;0.4237;1.2017;434.5;11.103;9.5102;1.0325;0.5132;0.047;445.6;2.6898;2.3429;0.2544;0.0912;0.0013;434.54;378.62;41.108;14.598;0.1722;10.684;8.5364;2.8897;0.0799;0.1576;2.2665;0.0422;2.3442;0;1;0;0;2.3108;0.9964;1;1;0.9729;0.155;0.9751;0.9755;1;0.966;0.7858;0.994;0.994;1;0.994;0.994;0.9657;0.9342;0.1211;1.3511;1.3136;0.0079;0.009;0.0009;0.0091;0.0322;0.0004;0;0;0.088;0;1.116;0;0;0;0;0;0;0;0;0;0;0;0;0.0259;0.0042;1.2241;1.2241;0;25.187;25.187;17.606;0.0405;1127;1086.2;1;0.0201;0.0201;0;0;0;0;0;0;1.204;1.116;0;17.259;19.986;15.735;18.22;98.355;98.355;10.798;9.783;8.9188;1.0151;0.8642;0.094;0.08;0.826;9.8094;0.8229;0
11/04/21 08:00;24.244;-58.994;28.1;27.718;60;-90;-60;235.9;173.3;62.596;9.07;8.32;0;134.47;115.4;41.746;0;11.795;303.42;0;303.42;134.47;41.746;115.4;11.795;0.4432;0.4192;0;0.0389;277.86;25.561;0;0;14.523;11.038;272.42;3.7653;0.1297;0.0403;3.5454;0.0499;276.19;1.6671;0.8068;0.2505;0.6053;0.0045;276.14;133.54;41.455;96.729;0.7027;110.22;88.065;40.407;19.296;2.1375;30.747;3.7112;13.588;0;1;0;0;1.2862;0.9158;1;1;0.8742;0.0642;0.9864;0.999;1;0.9646;0.9337;0.994;0.994;1;0.994;0.994;0.8979;0.8382;0.0596;0.9112;0.8965;0.0054;0.0148;-0.0156;0.0062;0.0221;0.0061;0;0;0.088;0;0.7352;0;0;0;0;0;0;0;0;0;0;0;0;0.0178;0.0021;0.8375;0.8375;0;20.094;20.094;11.024;0.0405;765.14;1094.5;1;0.0143;0.0143;0;0;0;0;0;0;0.8232;0.7352;0;17.509;20.275;15.37;17.799;98.292;98.292;7.282;6.6931;5.8755;0.5889;0.8176;0.0809;0.1123;0.8068;100.49;0.75;0
11/04/21 09:00;33.998;-46.163;35.044;43.077;46.923;-90;-46.923;596.8;98.502;498.3;10.57;8.2199;0;729.6;28.555;94.538;0;18.92;871.61;0;871.61;729.6;94.538;28.555;18.92;0.8371;0.0545;0;0.0217;851.49;20.125;0;0;2.5165;17.609;842.2;4.1803;2.891;0.3746;0.8483;0.0664;846.38;5.1089;4.3776;0.5672;0.1562;0.0079;846.84;722.33;93.597;25.034;1.2367;246.36;196.84;78.515;2.0196;2.8726;41.321;4.6396;42.174;0;1;0;0;1.4605;0.9769;1;1;0.9119;0.0693;0.9951;0.996;1;0.9672;0.9491;0.994;0.994;1;0.994;0.994;0.9663;0.8767;0.0654;2.6174;2.6377;0.0159;-0.0021;0.186;0.0171;0.0605;0.0076;0;0;0.088;0;2.1611;0;0;0;0;0;0;0;0;0;0;0;0;0.0487;0.0153;2.2887;2.2887;0;45.198;45.198;34.628;0.0411;2268.7;1008.8;1;0.0397;0.0397;0;0;0;0;0;0;2.2491;2.1611;0;16.658;19.289;15.728;18.213;98.267;98.267;20.919;18.292;17.271;2.6271;1.0202;0.1256;0.0488;0.8256;21.637;0.7973;0
11/04/21 10:00;41.59;-29.982;40.378;60.618;29.382;-90;-29.382;367.6;298.6;69.003;11.04;8.08;0;79.189;258.03;26.202;0;4.7287;368.15;0;368.15;79.189;26.202;258.03;4.7287;0.2151;0.7137;0;0.0128;352.92;15.228;0;0;11.096;4.1328;341.94;8.8625;0.5593;0.1851;8.0112;0.1068;350.81;2.1175;0.4751;0.1572;1.4816;0.0036;343.36;78.155;25.86;237.44;0.4855;217.94;174.14;70.677;3.6361;2.5823;37.145;1.4209;36.091;0;1;0;0;1.0015;0.9586;1;1;0.957;0.126;0.9747;0.9929;1;0.9674;0.8197;0.994;0.994;1;0.994;0.994;0.9288;0.9202;0.1027;1.1056;1.1125;0.0067;0.0119;-0.0003;0.0077;0.0272;0.0073;0;0;0.088;0;0.9222;0;0;0;0;0;0;0;0;0;0;0;0;0.0219;0.0031;1.0272;1.0272;0;24.911;24.911;13.872;0.0406;950.24;1081;1;0.017;0.017;0;0;0;0;0;0;1.0102;0.9222;0;17.7;20.496;15.89;18.4;98.341;98.341;8.8356;8.2095;7.3701;0.6261;0.8395;0.0709;0.095;0.8341;169.35;0.7755;0
11/04/21 11:00;45.839;-10.255;43.278;80.191;9.8091;-90;-9.8091;560.99;271.7;289.3;12.2;8.01;0;293.59;189.71;81.787;0;0.8201;565.91;0;565.91;293.59;81.787;189.71;0.8201;0.5188;0.3367;0;0.0014;563.89;2.0139;0;0;1.3301;0.6838;549.52;10.989;2.5686;0.7156;7.6745;0.0305;560.51;3.3833;1.7615;0.4907;1.1303;0.0008;549.67;289.26;80.581;179.58;0.1051;329.54;263.3;105.45;0.0512;3.6424;52.395;0.1488;55.986;0;1;0;0;1.0088;0.9964;1;1;0.993;0.1662;0.9804;0.9912;1;0.959;0.7753;0.994;0.994;1;0.994;0.994;0.971;0.9466;0.1281;1.6994;1.766;0.0106;0.0029;0.0595;0.0119;0.042;0.01;0;0;0.088;0;1.4742;0;0;0;0;0;0;0;0;0;0;0;0;0.0338;0.0071;1.588;1.588;0;34.619;34.619;22.419;0.0408;1515;1048.2;1;0.0258;0.0258;0;0;0;0;0;0;1.5622;1.4742;0;17.801;20.614;16.526;19.136;98.374;98.374;13.582;12.692;11.782;0.8901;0.9097;0.0655;0.067;0.8675;113.67;0.8113;0
11/04/21 12:00;45.75;11.084;43.218;79.393;10.607;90;10.607;843.31;139.1;704.21;13.61;8.07;0;716.45;38.182;102.34;0;1.4411;858.41;0;858.41;716.45;102.34;38.182;1.4411;0.8346;0.0462;0;0.0017;856.9;1.5091;0;0;0.306;1.2031;843.05;8.7127;6.2432;0.8918;1.5245;0.0533;851.76;5.1414;4.2987;0.614;0.2273;0.0014;843.33;705.91;100.83;36.124;0.1832;491.77;392.93;160.35;0.0142;5.2373;75.337;0.2792;80.56;0;1;0;0;1.0179;0.9982;1;1;0.992;0.1651;0.9898;0.9912;1;0.9595;0.7747;0.994;0.994;1;0.994;0.994;0.9821;0.9461;0.1271;2.5778;2.6988;0.0162;-0.002;0.2205;0.0172;0.0612;0.0138;0;0;0.088;0;2.179;0;0;0;0;0;0;0;0;0;0;0;0;0.0493;0.0159;2.3067;2.3067;0;48.364;48.364;34.754;0.0412;2319.5;994.49;1;0.0398;0.0398;0;0;0;0;0;0;2.267;2.179;0;17.047;19.74;16.103;18.646;98.276;98.276;20.602;18.435;17.414;2.1664;1.0212;0.1052;0.0496;0.8453;22.923;0.7932;0
11/04/21 13:00;41.346;30.691;40.209;59.884;30.116;90;30.116;625.69;174.2;451.49;13.88;8.33;0;521.95;80.78;101.24;0;8.4462;712.42;0;712.42;521.95;101.24;80.78;8.4462;0.7326;0.1252;0;0.0119;701.37;11.047;0;0;3.619;7.4279;690.14;7.0174;3.6354;0.7052;2.4972;0.1796;697.16;4.2082;3.1317;0.6074;0.463;0.0061;692.52;515.18;99.929;74.201;0.8327;336.66;268.99;109.61;1.2417;3.676;52.877;2.3765;55.311;0;1;0;0;1.1386;0.9845;1;1;0.9552;0.1206;0.9899;0.993;1;0.9674;0.8226;0.994;0.994;1;0.994;0.994;0.9687;0.9186;0.0986;2.1394;2.1973;0.0132;-0.001;0.1321;0.0144;0.051;0.0099;0;0;0.088;0;1.8061;0;0;0;0;0;0;0;0;0;0;0;0;0.041;0.0108;1.926;1.926;0;42.193;42.193;28.313;0.041;1885.1;1021.7;1;0.0318;0.0318;0;0;0;0;0;0;1.8941;1.8061;0;17.15;19.859;16.083;18.623;98.348;98.348;17.098;15.392;14.435;1.7056;0.9576;0.0998;0.056;0.8442;53.285;0.7998;0
11/04/21 14:00;33.647;46.727;34.795;42.432;47.568;90;47.568;591.39;109;482.39;14.33;8.5;0;714.95;32.822;103.45;0;19.237;870.46;0;870.46;714.95;103.45;32.822;19.237;0.8213;0.0598;0;0.0221;849.55;20.918;0;0;2.9558;17.963;840.29;4.1619;2.7292;0.3949;0.9751;0.0627;844.45;5.0973;4.2897;0.6207;0.1792;0.0076;844.87;707.93;102.44;28.712;1.204;241.42;192.9;77.708;2.4326;2.7947;40.2;4.5798;40.562;0;1;0;0;1.4719;0.976;1;1;0.9099;0.0662;0.9951;0.9962;1;0.9672;0.9505;0.994;0.994;1;0.994;0.994;0.9653;0.8748;0.0626;2.614;2.6294;0.0158;-0.0021;0.2208;0.0168;0.0595;0.0073;0;0;0.088;0;2.122;0;0;0;0;0;0;0;0;0;0;0;0;0.0479;0.0152;2.2483;2.2483;0;48.989;48.989;34.658;0.0412;2263.1;993.47;1;0.0383;0.0383;0;0;0;0;0;0;2.21;2.122;0;16.385;18.973;15.464;17.908;98.297;98.297;20.891;17.968;16.959;2.9227;1.0093;0.1399;0.0483;0.8118;25.022;0.7847;0
11/04/21 15:00;23.829;59.444;27.847;27.152;60;90;60;418.29;101.8;316.49;14.34;8.1901;0;692.67;32.355;128.38;0;20.915;874.32;0;874.32;692.67;128.38;32.355;20.915;0.7922;0.0609;0;0.0239;850.63;23.698;0;0;4.0804;19.618;843.66;1.8667;0.6623;0.1227;0.9939;0.0878;845.52;5.1038;4.156;0.7703;0.1697;0.0078;846.1;687.85;127.49;27.111;1.2012;66.443;53.088;23.5;5.4145;0.9402;13.524;2.4459;9.0494;0;1;0;0;2.0902;0.9729;1;1;0.8739;0.062;0.9978;0.999;1;0.9646;0.9319;0.994;0.994;1;0.994;0.994;0.9649;0.8379;0.0574;2.6256;2.5769;0.0155;-0.0022;0.2179;0.0164;0.0582;0.0025;0;0;0.088;0;2.0817;0;0;0;0;0;0;0;0;0;0;0;0;0.0469;0.0146;2.207;2.207;0;49.142;49.142;34.802;0.0413;2220.3;994.03;1;0.0373;0.0373;0;0;0;0;0;0;2.1697;2.0817;0;16.013;18.542;15.104;17.49;98.311;98.311;20.984;17.638;16.637;3.3455;1.0012;0.1594;0.0477;0.7929;28.168;0.7838;0
11/04/21 16:00;12.744;69.85;57.656;13.545;21.068;90;21.068;179.5;116.6;62.901;13.51;6.2999;0;152.55;89.066;59.312;0;1.1999;302.13;0;302.13;152.55;59.312;89.066;1.1999;0.5049;0.2988;0;0.004;298.87;3.2642;0;0;2.2517;1.0125;288.09;8.9865;4.3157;1.6779;2.9521;0.0407;297.07;1.7932;0.9153;0.3559;0.5209;0.0011;288.25;147.32;57.279;83.342;0.1455;56.059;44.791;17.385;0.385;0.6801;9.7823;0.1665;10.077;0;1;0;0;1.6832;0.9892;1;1;0.9747;0.1561;0.9698;0.9715;1;0.9658;0.7816;0.994;0.994;1;0.994;0.994;0.9535;0.9357;0.1213;0.9073;0.8888;0.0054;0.0149;0.0007;0.0061;0.0215;0.0019;0;0;0.088;0;0.7171;0;0;0;0;0;0;0;0;0;0;0;0;0.0174;0.0021;0.819;0.819;0;25.213;25.213;11.703;0.0406;760.68;1076.6;1;0.0138;0.0138;0;0;0;0;0;0;0.8051;0.7171;0;17.195;19.911;15.057;17.436;98.313;98.313;7.2512;6.5451;5.7314;0.7061;0.8137;0.0974;0.1122;0.7904;55.631;0.7717;0
11/04/21 17:00;3.5367;77.019;81.396;3.6292;5.2017;90;5.2017;2.3051;2.3017;0.0034;12.05;4.42;0;0.0082;2.2969;0.0002;0;0.0009;2.3063;2.3063;0;0.0082;0;0;0;1;1;1;1;0;0;0;0;0;0;0;0;0;0;0;0;0;0;0;0;0;0;0;0;0;0;0;0;0;0;0;0;0;0;0;0;0;0;0;0;1;1;1;1;1;1;1;1;1;1;1;0;1;0;0;1;0;0;0;0;0;0;0;0;0;0;0;0.0004;0.088;0;-0.0884;0;0;0;0;0;0;0;0;0;0;0;0;0;0;0;0;0;0;0;-12.05;0;0;0;0;0.0004;0;0;0;0;0;0;0;-0.0004;-0.0884;0;0;0;0;0;0;0;0;0;-0.7063;0;0.7063;1;1;0;0;0;0
11/04/21 18:00;0;0;90;0;0;90;0;0;0;0;10.61;4.1499;0;0;0;0;0;0;0;0;0;0;0;0;0;1;1;1;1;0;0;0;0;0;0;0;0;0;0;0;0;0;0;0;0;0;0;0;0;0;0;0;0;0;0;0;0;0;0;0;0;0;0;0;1;1;1;1;1;1;1;1;1;1;1;1;1;1;1;1;1;1;1;0;0;0;0;0;0;0;0;0;0.0004;0.088;0;-0.0884;0;0;0;0;0;0;0;0;0;0;0;0;0;0;0;0;0;0;0;-10.61;0;0;0;0;0.0004;0;0;0;0;0;0;0;-0.0004;-0.0884;0;0;0;0;0;0;0;0;0;-0.7063;0;0.7063;1;1;0;0;0;0
11/04/21 19:00;0;0;90;0;0;90;0;0;0;0;10.4;4.27;0;0;0;0;0;0;0;0;0;0;0;0;0;1;1;1;1;0;0;0;0;0;0;0;0;0;0;0;0;0;0;0;0;0;0;0;0;0;0;0;0;0;0;0;0;0;0;0;0;0;0;0;1;1;1;1;1;1;1;1;1;1;1;1;1;1;1;1;1;1;1;0;0;0;0;0;0;0;0;0;0.0004;0.088;0;-0.0884;0;0;0;0;0;0;0;0;0;0;0;0;0;0;0;0;0;0;0;-10.4;0;0;0;0;0.0004;0;0;0;0;0;0;0;-0.0004;-0.0884;0;0;0;0;0;0;0;0;0;-0.7063;0;0.7063;1;1;0;0;0;0
11/04/21 20:00;0;0;90;0;0;90;0;0;0;0;9.7102;4.25;0;0;0;0;0;0;0;0;0;0;0;0;0;1;1;1;1;0;0;0;0;0;0;0;0;0;0;0;0;0;0;0;0;0;0;0;0;0;0;0;0;0;0;0;0;0;0;0;0;0;0;0;1;1;1;1;1;1;1;1;1;1;1;1;1;1;1;1;1;1;1;0;0;0;0;0;0;0;0;0;0.0004;0.088;0;-0.0884;0;0;0;0;0;0;0;0;0;0;0;0;0;0;0;0;0;0;0;-9.7102;0;0;0;0;0.0004;0;0;0;0;0;0;0;-0.0004;-0.0884;0;0;0;0;0;0;0;0;0;-0.7063;0;0.7063;1;1;0;0;0;0
11/04/21 21:00;0;0;90;0;0;90;0;0;0;0;9.3997;4.42;0;0;0;0;0;0;0;0;0;0;0;0;0;1;1;1;1;0;0;0;0;0;0;0;0;0;0;0;0;0;0;0;0;0;0;0;0;0;0;0;0;0;0;0;0;0;0;0;0;0;0;0;1;1;1;1;1;1;1;1;1;1;1;1;1;1;1;1;1;1;1;0;0;0;0;0;0;0;0;0;0.0004;0.088;0;-0.0884;0;0;0;0;0;0;0;0;0;0;0;0;0;0;0;0;0;0;0;-9.3997;0;0;0;0;0.0004;0;0;0;0;0;0;0;-0.0004;-0.0884;0;0;0;0;0;0;0;0;0;-0.7063;0;0.7063;1;1;0;0;0;0
11/04/21 22:00;0;0;90;0;0;90;0;0;0;0;9.1199;4.3899;0;0;0;0;0;0;0;0;0;0;0;0;0;1;1;1;1;0;0;0;0;0;0;0;0;0;0;0;0;0;0;0;0;0;0;0;0;0;0;0;0;0;0;0;0;0;0;0;0;0;0;0;1;1;1;1;1;1;1;1;1;1;1;1;1;1;1;1;1;1;1;0;0;0;0;0;0;0;0;0;0.0004;0.088;0;-0.0884;0;0;0;0;0;0;0;0;0;0;0;0;0;0;0;0;0;0;0;-9.1199;0;0;0;0;0.0004;0;0;0;0;0;0;0;-0.0004;-0.0884;0;0;0;0;0;0;0;0;0;-0.7063;0;0.7063;1;1;0;0;0;0
11/04/21 23:00;0;0;90;0;0;90;0;0;0;0;8.7602;4.2201;0;0;0;0;0;0;0;0;0;0;0;0;0;1;1;1;1;0;0;0;0;0;0;0;0;0;0;0;0;0;0;0;0;0;0;0;0;0;0;0;0;0;0;0;0;0;0;0;0;0;0;0;1;1;1;1;1;1;1;1;1;1;1;1;1;1;1;1;1;1;1;0;0;0;0;0;0;0;0;0;0.0004;0.088;0;-0.0884;0;0;0;0;0;0;0;0;0;0;0;0;0;0;0;0;0;0;0;-8.7602;0;0;0;0;0.0004;0;0;0;0;0;0;0;-0.0004;-0.0884;0;0;0;0;0;0;0;0;0;-0.7063;0;0.7063;1;1;0;0;0;0
12/04/21 00:00;0;0;90;0;0;90;0;0;0;0;6.3797;3.9199;0;0;0;0;0;0;0;0;0;0;0;0;0;1;1;1;1;0;0;0;0;0;0;0;0;0;0;0;0;0;0;0;0;0;0;0;0;0;0;0;0;0;0;0;0;0;0;0;0;0;0;0;1;1;1;1;1;1;1;1;1;1;1;1;1;1;1;1;1;1;1;0;0;0;0;0;0;0;0;0;0.0004;0.088;0;-0.0884;0;0;0;0;0;0;0;0;0;0;0;0;0;0;0;0;0;0;0;-6.3797;0;0;0;0;0.0004;0;0;0;0;0;0;0;-0.0004;-0.0884;0;0;0;0;0;0;0;0;0;-0.7063;0;0.7063;1;1;0;0;0;0
12/04/21 01:00;0;0;90;0;0;90;0;0;0;0;6.8802;3.62;0;0;0;0;0;0;0;0;0;0;0;0;0;1;1;1;1;0;0;0;0;0;0;0;0;0;0;0;0;0;0;0;0;0;0;0;0;0;0;0;0;0;0;0;0;0;0;0;0;0;0;0;1;1;1;1;1;1;1;1;1;1;1;1;1;1;1;1;1;1;1;0;0;0;0;0;0;0;0;0;0.0004;0.088;0;-0.0884;0;0;0;0;0;0;0;0;0;0;0;0;0;0;0;0;0;0;0;-6.8802;0;0;0;0;0.0004;0;0;0;0;0;0;0;-0.0004;-0.0884;0;0;0;0;0;0;0;0;0;-0.7063;0;0.7063;1;1;0;0;0;0
12/04/21 02:00;0;0;90;0;0;90;0;0;0;0;6.4003;3.32;0;0;0;0;0;0;0;0;0;0;0;0;0;1;1;1;1;0;0;0;0;0;0;0;0;0;0;0;0;0;0;0;0;0;0;0;0;0;0;0;0;0;0;0;0;0;0;0;0;0;0;0;1;1;1;1;1;1;1;1;1;1;1;1;1;1;1;1;1;1;1;0;0;0;0;0;0;0;0;0;0.0004;0.088;0;-0.0884;0;0;0;0;0;0;0;0;0;0;0;0;0;0;0;0;0;0;0;-6.4003;0;0;0;0;0.0004;0;0;0;0;0;0;0;-0.0004;-0.0884;0;0;0;0;0;0;0;0;0;-0.7063;0;0.7063;1;1;0;0;0;0
12/04/21 03:00;0;0;90;0;0;90;0;0;0;0;5.1;3.05;0;0;0;0;0;0;0;0;0;0;0;0;0;1;1;1;1;0;0;0;0;0;0;0;0;0;0;0;0;0;0;0;0;0;0;0;0;0;0;0;0;0;0;0;0;0;0;0;0;0;0;0;1;1;1;1;1;1;1;1;1;1;1;1;1;1;1;1;1;1;1;0;0;0;0;0;0;0;0;0;0.0004;0.088;0;-0.0884;0;0;0;0;0;0;0;0;0;0;0;0;0;0;0;0;0;0;0;-5.1;0;0;0;0;0.0004;0;0;0;0;0;0;0;-0.0004;-0.0884;0;0;0;0;0;0;0;0;0;-0.7063;0;0.7063;1;1;0;0;0;0
12/04/21 04:00;0;0;90;0;0;90;0;0;0;0;3.6701;3.4201;0;0;0;0;0;0;0;0;0;0;0;0;0;1;1;1;1;0;0;0;0;0;0;0;0;0;0;0;0;0;0;0;0;0;0;0;0;0;0;0;0;0;0;0;0;0;0;0;0;0;0;0;1;1;1;1;1;1;1;1;1;1;1;1;1;1;1;1;1;1;1;0;0;0;0;0;0;0;0;0;0.0004;0.088;0;-0.0884;0;0;0;0;0;0;0;0;0;0;0;0;0;0;0;0;0;0;0;-3.6701;0;0;0;0;0.0004;0;0;0;0;0;0;0;-0.0004;-0.0884;0;0;0;0;0;0;0;0;0;-0.7063;0;0.7063;1;1;0;0;0;0
12/04/21 05:00;0;0;90;0;0;90;0;0;0;0;2.0002;3.54;0;0;0;0;0;0;0;0;0;0;0;0;0;1;1;1;1;0;0;0;0;0;0;0;0;0;0;0;0;0;0;0;0;0;0;0;0;0;0;0;0;0;0;0;0;0;0;0;0;0;0;0;1;1;1;1;1;1;1;1;1;1;1;1;1;1;1;1;1;1;1;0;0;0;0;0;0;0;0;0;0.0004;0.088;0;-0.0884;0;0;0;0;0;0;0;0;0;0;0;0;0;0;0;0;0;0;0;-2.0002;0;0;0;0;0.0004;0;0;0;0;0;0;0;-0.0004;-0.0884;0;0;0;0;0;0;0;0;0;-0.7063;0;0.7063;1;1;0;0;0;0
12/04/21 06:00;3.6457;-76.485;81.129;3.7493;5.3758;-90;-5.3758;21.996;18.699;3.2974;2.2801;3.0901;0;7.9972;17.945;1.7308;0;0.0097;27.683;0;27.683;7.9972;1.7308;17.945;0.0097;0.2889;0.6486;0;0.0003;27.628;0.0553;0;0;0.0472;0.0081;23.177;4.2848;2.8867;0.6247;0.773;0.0004;27.462;0.1658;0.048;0.0104;0.1074;0;23.178;5.0625;1.0956;17.018;0.0012;10.682;8.5351;3.253;0.0003;0.1287;1.8516;0.0006;1.9801;0;1;0;0;1.2585;0.998;1;1;0.9974;0.1644;0.844;0.6369;1;0.9566;0.7764;0.994;0.994;1;0.994;0.994;0.8372;0.9483;0.1268;0.0831;0.0737;0.0004;0.0097;-0.0058;0.0005;0.0017;0.0003;0;0;0.088;0;-0.0264;0;0;0;0;0;0;0;0;0;0;0;0;0.0014;0.0001;0.0654;0.0654;0;3.23;3.23;0.9499;0.041;61.094;1071.2;1;0.0039;0.0039;0;0;0;0;0;0;0.0616;-0.0264;0;14.996;17.365;-6.0551;-7.0117;94.094;94.094;0.6644;0.523;-0.2112;0.1414;0.7342;0.2128;1.105;0;10.663;0;0
12/04/21 07:00;13.018;-69.137;56.886;13.897;21.729;-90;-21.729;199.7;32.901;166.8;6.3903;3.1701;0;404.54;14.438;43.486;0;1.419;463.88;0;463.88;404.54;43.486;14.438;1.419;0.8721;0.0342;0;0.0031;462.3;1.5803;0;0;0.3828;1.1975;447.43;12.101;10.455;1.1238;0.4756;0.0474;459.53;2.7738;2.4272;0.2609;0.0843;0.0013;447.46;391.66;42.101;13.496;0.1728;9.9543;7.9535;3.2863;0.0702;0.1079;1.5525;0.0285;1.5902;0;1;0;0;2.3229;0.9966;1;1;0.9735;0.1561;0.9737;0.974;1;0.966;0.7848;0.994;0.994;1;0.994;0.994;0.9645;0.9347;0.1218;1.393;1.351;0.0081;0.0084;-0.0023;0.0094;0.0332;0.0003;0;0;0.088;0;1.154;0;0;0;0;0;0;0;0;0;0;0;0;0.0267;0.0044;1.2628;1.2628;0;24.508;24.508;18.117;0.0405;1159;1089.5;1;0.0208;0.0208;0;0;0;0;0;0;1.242;1.154;0;17.269;19.997;15.781;18.274;98.354;98.354;11.133;10.092;9.223;1.0409;0.8694;0.0935;0.0781;0.8284;9.0492;0.8263;0
12/04/21 08:00;24.034;-58.659;28.458;27.57;60;-90;-60;402.2;66.2;336;9.53;3.8101;0;725.31;19.504;86.768;0;20.11;851.7;0;851.7;725.31;86.768;19.504;20.11;0.8516;0.0465;0;0.0236;830.42;21.274;0;0;2.4545;18.819;823.96;1.4777;0.7087;0.0848;0.5992;0.0851;825.44;4.9825;4.3519;0.5206;0.1023;0.0077;826.28;720.25;86.163;16.348;1.198;59.98;47.924;20.637;3.2657;0.7808;11.231;2.3214;8.7464;0;1;0;0;2.1176;0.975;1;1;0.8742;0.0642;0.9982;0.999;1;0.9646;0.9337;0.994;0.994;1;0.994;0.994;0.9674;0.8382;0.0596;2.5576;2.5123;0.0151;-0.0022;0.1609;0.0164;0.0581;0.0021;0;0;0.088;0;2.0756;0;0;0;0;0;0;0;0;0;0;0;0;0.0467;0.0139;2.2013;2.2013;0;43.357;43.357;33.827;0.0411;2162.2;1018.1;1;0.0377;0.0377;0;0;0;0;0;0;2.1636;2.0756;0;16.396;18.986;15.46;17.902;98.289;98.289;20.441;17.593;16.588;2.8482;1.0043;0.1393;0.0491;0.8115;16.984;0.8036;0
12/04/21 09:00;33.744;-45.837;35.403;42.961;47.039;-90;-47.039;578.01;95.402;482.61;11.46;4.28;0;708.16;28.923;89.511;0;18.41;845;0;845;708.16;89.511;28.923;18.41;0.8381;0.056;0;0.0218;825.3;19.695;0;0;2.558;17.137;816.1;4.2502;2.9538;0.3734;0.8592;0.0638;820.35;4.9518;4.2489;0.5371;0.1582;0.0076;820.48;700.95;88.6;25.347;1.2011;238.27;190.37;76.86;2.0629;2.7252;39.201;4.376;39.864;0;1;0;0;1.4619;0.9767;1;1;0.9116;0.0691;0.9948;0.9958;1;0.9672;0.9495;0.994;0.994;1;0.994;0.994;0.9658;0.8764;0.0652;2.5375;2.5538;0.0154;-0.0022;0.1785;0.0165;0.0586;0.0072;0;0;0.088;0;2.0922;0;0;0;0;0;0;0;0;0;0;0;0;0.0472;0.0143;2.2182;2.2182;0;45.01;45.01;33.55;0.0411;2196.3;1009.9;1;0.0379;0.0379;0;0;0;0;0;0;2.1802;2.0922;0;16.652;19.283;15.707;18.188;98.291;98.291;20.28;17.727;16.721;2.5525;1.0062;0.1259;0.0496;0.8245;21.94;0.7968;0
12/04/21 10:00;41.285;-29.7;40.747;60.565;29.435;-90;-29.435;700.49;115.6;584.89;13.64;4.1;0;671.59;37.586;86.596;0;9.0425;804.81;0;804.81;671.59;86.596;37.586;9.0425;0.8345;0.0579;0;0.0112;795.29;9.5259;0;0;1.6209;7.9051;783.63;6.888;4.8876;0.6302;1.1666;0.2035;790.52;4.7717;4.0295;0.5196;0.2158;0.0068;786.08;662.67;85.446;34.583;0.9271;373.91;298.75;122.8;0.5351;3.9586;56.943;2.4487;60.367;0;1;0;0;1.1489;0.9882;1;1;0.9569;0.1258;0.9913;0.9927;1;0.9674;0.82;0.994;0.994;1;0.994;0.994;0.9737;0.9201;0.1025;2.4169;2.4876;0.015;-0.0021;0.1816;0.0161;0.0569;0.0105;0;0;0.088;0;2.0261;0;0;0;0;0;0;0;0;0;0;0;0;0.0458;0.0136;2.1502;2.1502;0;45.88;45.88;32.24;0.0411;2137.9;1005.8;1;0.0361;0.0361;0;0;0;0;0;0;2.1141;2.0261;0;16.948;19.626;15.97;18.493;98.321;98.321;19.316;17.184;16.193;2.1311;0.9919;0.1103;0.0514;0.8383;24.678;0.7961;0
12/04/21 11:00;45.488;-10.084;43.648;80.233;9.767;-90;-9.767;770.19;127.1;643.09;15.09;3.95;0;652.55;42.432;85.598;0;1.1163;781.7;0;781.7;652.55;85.598;42.432;1.1163;0.8348;0.0557;0;0.0014;780.47;1.2261;0;0;0.2954;0.9308;767.41;8.376;5.8496;0.7673;1.7177;0.0415;775.79;4.6828;3.9153;0.5136;0.2528;0.0011;767.62;642.79;84.317;40.166;0.143;450.01;359.56;146.61;0.0115;4.8008;69.058;0.2076;73.847;0;1;0;0;1.0149;0.9984;1;1;0.993;0.1662;0.9892;0.991;1;0.959;0.7753;0.994;0.994;1;0.994;0.994;0.9817;0.9466;0.1281;2.3474;2.4576;0.0148;-0.0021;0.1865;0.0158;0.0561;0.0127;0;0;0.088;0;1.9922;0;0;0;0;0;0;0;0;0;0;0;0;0.0451;0.0133;2.1153;2.1153;0;46.685;46.685;31.595;0.0412;2111.2;1002;1;0.0352;0.0352;0;0;0;0;0;0;2.0802;1.9922;0;17.166;19.878;16.167;18.721;98.338;98.338;18.761;16.906;15.921;1.855;0.9842;0.0989;0.0525;0.8487;25.421;0.796;0
12/04/21 12:00;45.379;11.095;43.574;79.247;10.753;90;10.753;767.1;126.5;640.6;16.11;3.96;0;652.05;42.333;85.29;0;1.347;781.02;0;781.02;652.05;85.29;42.333;1.347;0.8349;0.0559;0;0.0017;779.55;1.4717;0;0;0.3471;1.1246;766.56;8.3137;5.8169;0.7609;1.6861;0.0498;774.88;4.6773;3.9123;0.5117;0.2519;0.0013;766.82;642.33;84.017;40.048;0.1713;447.29;357.38;145.77;0.0165;4.7691;68.602;0.2625;73.355;0;1;0;0;1.0181;0.9981;1;1;0.9918;0.1651;0.9893;0.991;1;0.9596;0.7747;0.994;0.994;1;0.994;0.994;0.9815;0.946;0.1271;2.3454;2.4542;0.0148;-0.0021;0.1951;0.0157;0.0558;0.0126;0;0;0.088;0;1.9814;0;0;0;0;0;0;0;0;0;0;0;0;0.0449;0.0133;2.1042;2.1042;0;47.696;47.696;31.586;0.0412;2108.8;997.82;1;0.0348;0.0348;0;0;0;0;0;0;2.0694;1.9814;0;17.091;19.79;16.093;18.636;98.347;98.347;18.745;16.817;15.835;1.928;0.9813;0.1029;0.0524;0.8448;25.424;0.7927;0
12/04/21 13:00;40.986;30.567;40.539;59.659;30.341;90;30.341;691.7;123.1;568.6;16.42;3.8901;0;658.84;41.507;91.007;0;9.4738;800.82;0;800.82;658.84;91.007;41.507;9.4738;0.8227;0.0637;0;0.0118;790.6;10.222;0;0;1.8817;8.3405;779.01;6.8461;4.715;0.6513;1.2816;0.1982;785.86;4.7436;3.953;0.546;0.2378;0.0068;781.66;650.17;89.81;38.106;0.9282;366.9;293.16;119.56;0.6559;3.9545;56.884;2.6437;60.183;0;1;0;0;1.1578;0.9872;1;1;0.9547;0.1196;0.9913;0.9928;1;0.9675;0.824;0.994;0.994;1;0.994;0.994;0.9728;0.9181;0.098;2.4049;2.4742;0.0149;-0.0021;0.2041;0.0158;0.056;0.0104;0;0;0.088;0;1.9934;0;0;0;0;0;0;0;0;0;0;0;0;0.0451;0.0135;2.1165;2.1165;0;48.541;48.541;32.121;0.0412;2127.4;994.83;1;0.035;0.035;0;0;0;0;0;0;2.0814;1.9934;0;16.765;19.414;15.791;18.285;98.345;98.345;19.22;16.915;15.931;2.3051;0.9833;0.1199;0.0512;0.8289;27.422;0.7871;0
12/04/21 14:00;33.315;46.528;35.095;42.167;47.833;90;47.833;563.69;121.6;442.09;17;3.64;0;658.57;41.419;107.3;0;18.529;825.82;0;825.82;658.57;107.3;41.419;18.529;0.7975;0.0726;0;0.0224;804.76;21.068;0;0;3.7603;17.308;795.58;4.347;2.6291;0.4284;1.2307;0.0589;799.93;4.8285;3.9514;0.6438;0.2259;0.0073;800.11;651.99;106.23;36.202;1.1549;231.54;185;73.825;3.1279;2.7776;39.955;4.5247;39.604;0;1;0;0;1.465;0.9745;1;1;0.9092;0.0659;0.9946;0.996;1;0.9671;0.9515;0.994;0.994;1;0.994;0.994;0.9634;0.874;0.0623;2.48;2.4941;0.015;-0.0021;0.2173;0.0158;0.0562;0.0073;0;0;0.088;0;2.0025;0;0;0;0;0;0;0;0;0;0;0;0;0.0453;0.0137;2.1256;2.1256;0;49.839;49.839;32.839;0.0413;2146.6;990.22;1;0.0352;0.0352;0;0;0;0;0;0;2.0905;2.0025;0;16.328;18.908;15.382;17.812;98.346;98.346;19.82;16.988;16.004;2.8317;0.9844;0.1429;0.0497;0.8075;31.656;0.7792;0
12/04/21 15:00;23.524;59.212;28.151;26.873;60;90;60;379.69;131.8;247.89;17.08;3.2699;0;547.6;53.668;133.08;0;18.985;753.33;0;753.33;547.6;133.08;53.668;18.985;0.7269;0.0964;0;0.0252;728.76;24.576;0;0;6.7682;17.808;722;2.3862;0.5293;0.1286;1.6486;0.0797;724.39;4.3725;3.2856;0.7985;0.2814;0.0071;724.81;543.78;132.15;44.97;1.0903;75.575;60.385;26.86;8.977;1.2441;17.896;2.8073;10.163;0;1;0;0;1.9841;0.9674;1;1;0.8739;0.062;0.9967;0.999;1;0.9646;0.9319;0.994;0.994;1;0.994;0.994;0.9584;0.8379;0.0574;2.2623;2.2208;0.0134;-0.0012;0.17;0.0143;0.0506;0.0033;0;0;0.088;0;1.7993;0;0;0;0;0;0;0;0;0;0;0;0;0.0408;0.011;1.9187;1.9187;0;46.811;46.811;29.731;0.0412;1910.8;1004.1;1;0.0313;0.0313;0;0;0;0;0;0;1.8873;1.7993;0;16.157;18.709;15.152;17.545;98.367;98.367;18.08;15.334;14.38;2.746;0.9537;0.1519;0.0528;0.7954;46.722;0.7815;0
12/04/21 16:00;12.462;69.603;58.443;13.267;20.552;90;20.552;172.49;115.8;56.694;16.3;2.3001;0;137.5;90.434;54.303;0;1.0978;283.33;0;283.33;137.5;54.303;90.434;1.0978;0.4853;0.3231;0;0.0039;280.21;3.1217;0;0;2.1971;0.9245;269.53;9.0041;4.2677;1.6855;3.0131;0.0379;278.53;1.6813;0.825;0.3258;0.5294;0.001;269.68;132.41;52.292;84.694;0.1344;56.726;45.324;17.824;0.3569;0.6709;9.6513;0.1545;9.9653;0;1;0;0;1.6426;0.989;1;1;0.9757;0.1578;0.9677;0.9688;1;0.9656;0.7801;0.994;0.994;1;0.994;0.994;0.9513;0.9365;0.1224;0.8508;0.8326;0.005;0.0156;0.0068;0.0056;0.02;0.0019;0;0;0.088;0;0.659;0;0;0;0;0;0;0;0;0;0;0;0;0.0161;0.0018;0.7598;0.7598;0;27.274;27.274;10.973;0.0407;712.6;1066.3;1;0.0129;0.0129;0;0;0;0;0;0;0.747;0.659;0;17.012;19.7;14.754;17.085;98.308;98.308;6.8;6.0726;5.2665;0.7274;0.8061;0.107;0.1185;0.7745;56.339;0.7552;0
12/04/21 17:00;3.4655;76.618;81.57;3.562;5.1042;90;5.1042;0.1953;0.1953;0;14.33;2.4699;0;0;0.195;0;0;0.0001;0.195;0.195;0;0;0;0;0;1;1;1;1;0;0;0;0;0;0;0;0;0;0;0;0;0;0;0;0;0;0;0;0;0;0;0;0;0;0;0;0;0;0;0;0;0;0;0;0;1;1;1;1;1;1;1;1;1;1;1;1;1;0;0;1;0;0;0;0;0;0;0;0;0;0;0;0.0004;0.088;0;-0.0884;0;0;0;0;0;0;0;0;0;0;0;0;0;0;0;0;0;0;0;-14.33;0;0;0;0;0.0004;0;0;0;0;0;0;0;-0.0004;-0.0884;0;0;0;0;0;0;0;0;0;-0.7063;0;0.7063;1;1;0;0;0;0
12/04/21 18:00;0;0;90;0;0;90;0;0;0;0;11.19;2.5;0;0;0;0;0;0;0;0;0;0;0;0;0;1;1;1;1;0;0;0;0;0;0;0;0;0;0;0;0;0;0;0;0;0;0;0;0;0;0;0;0;0;0;0;0;0;0;0;0;0;0;0;1;1;1;1;1;1;1;1;1;1;1;1;1;1;1;1;1;1;1;0;0;0;0;0;0;0;0;0;0.0004;0.088;0;-0.0884;0;0;0;0;0;0;0;0;0;0;0;0;0;0;0;0;0;0;0;-11.19;0;0;0;0;0.0004;0;0;0;0;0;0;0;-0.0004;-0.0884;0;0;0;0;0;0;0;0;0;-0.7063;0;0.7063;1;1;0;0;0;0
12/04/21 19:00;0;0;90;0;0;90;0;0;0;0;7.6201;2.33;0;0;0;0;0;0;0;0;0;0;0;0;0;1;1;1;1;0;0;0;0;0;0;0;0;0;0;0;0;0;0;0;0;0;0;0;0;0;0;0;0;0;0;0;0;0;0;0;0;0;0;0;1;1;1;1;1;1;1;1;1;1;1;1;1;1;1;1;1;1;1;0;0;0;0;0;0;0;0;0;0.0004;0.088;0;-0.0884;0;0;0;0;0;0;0;0;0;0;0;0;0;0;0;0;0;0;0;-7.6201;0;0;0;0;0.0004;0;0;0;0;0;0;0;-0.0004;-0.0884;0;0;0;0;0;0;0;0;0;-0.7063;0;0.7063;1;1;0;0;0;0
12/04/21 20:00;0;0;90;0;0;90;0;0;0;0;6.26;2.0601;0;0;0;0;0;0;0;0;0;0;0;0;0;1;1;1;1;0;0;0;0;0;0;0;0;0;0;0;0;0;0;0;0;0;0;0;0;0;0;0;0;0;0;0;0;0;0;0;0;0;0;0;1;1;1;1;1;1;1;1;1;1;1;1;1;1;1;1;1;1;1;0;0;0;0;0;0;0;0;0;0.0004;0.088;0;-0.0884;0;0;0;0;0;0;0;0;0;0;0;0;0;0;0;0;0;0;0;-6.26;0;0;0;0;0.0004;0;0;0;0;0;0;0;-0.0004;-0.0884;0;0;0;0;0;0;0;0;0;-0.7063;0;0.7063;1;1;0;0;0;0
12/04/21 21:00;0;0;90;0;0;90;0;0;0;0;5.8798;1.8;0;0;0;0;0;0;0;0;0;0;0;0;0;1;1;1;1;0;0;0;0;0;0;0;0;0;0;0;0;0;0;0;0;0;0;0;0;0;0;0;0;0;0;0;0;0;0;0;0;0;0;0;1;1;1;1;1;1;1;1;1;1;1;1;1;1;1;1;1;1;1;0;0;0;0;0;0;0;0;0;0.0004;0.088;0;-0.0884;0;0;0;0;0;0;0;0;0;0;0;0;0;0;0;0;0;0;0;-5.8798;0;0;0;0;0.0004;0;0;0;0;0;0;0;-0.0004;-0.0884;0;0;0;0;0;0;0;0;0;-0.7063;0;0.7063;1;1;0;0;0;0
12/04/21 22:00;0;0;90;0;0;90;0;0;0;0;4.6799;1.62;0;0;0;0;0;0;0;0;0;0;0;0;0;1;1;1;1;0;0;0;0;0;0;0;0;0;0;0;0;0;0;0;0;0;0;0;0;0;0;0;0;0;0;0;0;0;0;0;0;0;0;0;1;1;1;1;1;1;1;1;1;1;1;1;1;1;1;1;1;1;1;0;0;0;0;0;0;0;0;0;0.0004;0.088;0;-0.0884;0;0;0;0;0;0;0;0;0;0;0;0;0;0;0;0;0;0;0;-4.6799;0;0;0;0;0.0004;0;0;0;0;0;0;0;-0.0004;-0.0884;0;0;0;0;0;0;0;0;0;-0.7063;0;0.7063;1;1;0;0;0;0
12/04/21 23:00;0;0;90;0;0;90;0;0;0;0;4.2598;1.5299;0;0;0;0;0;0;0;0;0;0;0;0;0;1;1;1;1;0;0;0;0;0;0;0;0;0;0;0;0;0;0;0;0;0;0;0;0;0;0;0;0;0;0;0;0;0;0;0;0;0;0;0;1;1;1;1;1;1;1;1;1;1;1;1;1;1;1;1;1;1;1;0;0;0;0;0;0;0;0;0;0.0004;0.088;0;-0.0884;0;0;0;0;0;0;0;0;0;0;0;0;0;0;0;0;0;0;0;-4.2598;0;0;0;0;0.0004;0;0;0;0;0;0;0;-0.0004;-0.0884;0;0;0;0;0;0;0;0;0;-0.7063;0;0.7063;1;1;0;0;0;0
13/04/21 00:00;0;0;90;0;0;90;0;0;0;0;4.2498;1.5801;0;0;0;0;0;0;0;0;0;0;0;0;0;1;1;1;1;0;0;0;0;0;0;0;0;0;0;0;0;0;0;0;0;0;0;0;0;0;0;0;0;0;0;0;0;0;0;0;0;0;0;0;1;1;1;1;1;1;1;1;1;1;1;1;1;1;1;1;1;1;1;0;0;0;0;0;0;0;0;0;0.0004;0.088;0;-0.0884;0;0;0;0;0;0;0;0;0;0;0;0;0;0;0;0;0;0;0;-4.2498;0;0;0;0;0.0004;0;0;0;0;0;0;0;-0.0004;-0.0884;0;0;0;0;0;0;0;0;0;-0.7063;0;0.7063;1;1;0;0;0;0
13/04/21 01:00;0;0;90;0;0;90;0;0;0;0;3.0798;2.0099;0;0;0;0;0;0;0;0;0;0;0;0;0;1;1;1;1;0;0;0;0;0;0;0;0;0;0;0;0;0;0;0;0;0;0;0;0;0;0;0;0;0;0;0;0;0;0;0;0;0;0;0;1;1;1;1;1;1;1;1;1;1;1;1;1;1;1;1;1;1;1;0;0;0;0;0;0;0;0;0;0.0004;0.088;0;-0.0884;0;0;0;0;0;0;0;0;0;0;0;0;0;0;0;0;0;0;0;-3.0798;0;0;0;0;0.0004;0;0;0;0;0;0;0;-0.0004;-0.0884;0;0;0;0;0;0;0;0;0;-0.7063;0;0.7063;1;1;0;0;0;0
13/04/21 02:00;0;0;90;0;0;90;0;0;0;0;2.6603;2.44;0;0;0;0;0;0;0;0;0;0;0;0;0;1;1;1;1;0;0;0;0;0;0;0;0;0;0;0;0;0;0;0;0;0;0;0;0;0;0;0;0;0;0;0;0;0;0;0;0;0;0;0;1;1;1;1;1;1;1;1;1;1;1;1;1;1;1;1;1;1;1;0;0;0;0;0;0;0;0;0;0.0004;0.088;0;-0.0884;0;0;0;0;0;0;0;0;0;0;0;0;0;0;0;0;0;0;0;-2.6603;0;0;0;0;0.0004;0;0;0;0;0;0;0;-0.0004;-0.0884;0;0;0;0;0;0;0;0;0;-0.7063;0;0.7063;1;1;0;0;0;0
13/04/21 03:00;0;0;90;0;0;90;0;0;0;0;2.7002;2.58;0;0;0;0;0;0;0;0;0;0;0;0;0;1;1;1;1;0;0;0;0;0;0;0;0;0;0;0;0;0;0;0;0;0;0;0;0;0;0;0;0;0;0;0;0;0;0;0;0;0;0;0;1;1;1;1;1;1;1;1;1;1;1;1;1;1;1;1;1;1;1;0;0;0;0;0;0;0;0;0;0.0004;0.088;0;-0.0884;0;0;0;0;0;0;0;0;0;0;0;0;0;0;0;0;0;0;0;-2.7002;0;0;0;0;0.0004;0;0;0;0;0;0;0;-0.0004;-0.0884;0;0;0;0;0;0;0;0;0;-0.7063;0;0.7063;1;1;0;0;0;0
13/04/21 04:00;0;0;90;0;0;90;0;0;0;0;2.77;2.7199;0;0;0;0;0;0;0;0;0;0;0;0;0;1;1;1;1;0;0;0;0;0;0;0;0;0;0;0;0;0;0;0;0;0;0;0;0;0;0;0;0;0;0;0;0;0;0;0;0;0;0;0;1;1;1;1;1;1;1;1;1;1;1;1;1;1;1;1;1;1;1;0;0;0;0;0;0;0;0;0;0.0004;0.088;0;-0.0884;0;0;0;0;0;0;0;0;0;0;0;0;0;0;0;0;0;0;0;-2.77;0;0;0;0;0.0004;0;0;0;0;0;0;0;-0.0004;-0.0884;0;0;0;0;0;0;0;0;0;-0.7063;0;0.7063;1;1;0;0;0;0
13/04/21 05:00;0;0;90;0;0;90;0;0;0;0;1.4697;2.82;0;0;0;0;0;0;0;0;0;0;0;0;0;1;1;1;1;0;0;0;0;0;0;0;0;0;0;0;0;0;0;0;0;0;0;0;0;0;0;0;0;0;0;0;0;0;0;0;0;0;0;0;1;1;1;1;1;1;1;1;1;1;1;1;1;1;1;1;1;1;1;0;0;0;0;0;0;0;0;0;0.0004;0.088;0;-0.0884;0;0;0;0;0;0;0;0;0;0;0;0;0;0;0;0;0;0;0;-1.4697;0;0;0;0;0.0004;0;0;0;0;0;0;0;-0.0004;-0.0884;0;0;0;0;0;0;0;0;0;-0.7063;0;0.7063;1;1;0;0;0;0
13/04/21 06:00;3.6816;-76.006;81.041;3.7939;5.4406;-90;-5.4406;22.191;18.898;3.2933;1.6;3.9801;0;7.9871;18.143;1.731;0;0.01;27.871;0;27.871;7.9871;1.731;18.143;0.01;0.2866;0.6513;0;0.0004;27.814;0.057;0;0;0.0487;0.0084;23.392;4.2554;2.8554;0.6188;0.7809;0.0004;27.647;0.1669;0.0479;0.0104;0.1086;0;23.393;5.0838;1.1018;17.205;0.0013;10.801;8.6298;3.3054;0.0003;0.1291;1.8569;0.0006;1.9857;0;1;0;0;1.256;0.998;1;1;0.9973;0.1644;0.8461;0.6403;1;0.9566;0.7764;0.994;0.994;1;0.994;0.994;0.8393;0.9483;0.1269;0.0837;0.0744;0.0004;0.0097;-0.0061;0.0005;0.0017;0.0004;0;0;0.088;0;-0.0257;0;0;0;0;0;0;0;0;0;0;0;0;0.0014;0.0001;0.0662;0.0662;0;2.558;2.558;0.958;0.041;61.64;1074.6;1;0.0039;0.0039;0;0;0;0;0;0;0.0623;-0.0257;0;15.076;17.458;-5.8419;-6.7648;94.106;94.106;0.6689;0.5294;-0.2051;0.1395;0.7345;0.2086;1.098;0;10.781;0;0
13/04/21 07:00;12.839;-68.807;57.391;13.736;21.425;-90;-21.425;159.3;54.3;105;5.8399;3.6699;0;254.67;34.181;45.827;0;1.1008;335.78;0;335.78;254.67;45.827;34.181;1.1008;0.7584;0.1051;0;0.0033;333.96;1.8138;0;0;0.886;0.9278;322.55;9.4064;6.9834;1.2567;1.1291;0.0372;331.96;2.0038;1.528;0.275;0.1998;0.001;322.62;246.15;44.295;31.966;0.1348;21.996;17.575;7.0104;0.1573;0.255;3.6675;0.0651;3.7651;0;1;0;0;2.1078;0.9946;1;1;0.9741;0.1572;0.9717;0.9724;1;0.9659;0.7838;0.994;0.994;1;0.994;0.994;0.9606;0.9352;0.1224;1.0083;0.9794;0.0059;0.0137;-0.0212;0.0069;0.0244;0.0007;0;0;0.088;0;0.8232;0;0;0;0;0;0;0;0;0;0;0;0;0.0196;0.0025;0.927;0.927;0;18.864;18.864;13.024;0.0404;838.47;1105.6;1;0.0158;0.0158;0;0;0;0;0;0;0.9112;0.8232;0;17.513;20.28;15.552;18.008;98.292;98.292;8.0586;7.4085;6.5787;0.6501;0.8298;0.0807;0.103;0.8164;21.389;0.8097;0
13/04/21 08:00;23.823;-58.328;28.812;27.42;60;-90;-60;395.11;65.103;330;9.7002;3.47;0;715.87;19.451;84.967;0;19.755;840.05;0;840.05;715.87;84.967;19.451;19.755;0.8522;0.0467;0;0.0235;819.11;20.935;0;0;2.4479;18.487;812.72;1.4734;0.7082;0.0841;0.5976;0.0836;814.2;4.9147;4.2952;0.5098;0.102;0.0076;814.77;710.87;84.373;16.303;1.1769;57.526;45.963;20.575;3.2568;0.7061;10.156;2.0501;7.6056;0;1;0;0;2.1261;0.9751;1;1;0.8742;0.0642;0.9982;0.999;1;0.9646;0.9337;0.994;0.994;1;0.994;0.994;0.9675;0.8382;0.0596;2.5227;2.4754;0.0149;-0.0021;0.156;0.0161;0.0573;0.0019;0;0;0.088;0;2.0467;0;0;0;0;0;0;0;0;0;0;0;0;0.0461;0.0135;2.1717;2.1717;0;43.058;43.058;33.358;0.041;2130.1;1019.5;1;0.0369;0.0369;0;0;0;0;0;0;2.1347;2.0467;0;16.4;18.99;15.456;17.898;98.299;98.299;20.161;17.356;16.358;2.805;0.9985;0.1391;0.0495;0.8113;16.938;0.8041;0
13/04/21 09:00;33.491;-45.515;35.759;42.843;47.157;-90;-47.157;574.59;94.797;479.79;14.99;3.5001;0;705.58;28.644;89.26;0;18.387;841.87;0;841.87;705.58;89.26;28.644;18.387;0.8381;0.0559;0;0.0218;822.21;19.661;0;0;2.5425;17.119;812.89;4.3938;3.0891;0.3908;0.8509;0.063;817.28;4.9333;4.2335;0.5356;0.1566;0.0076;817.25;698.26;88.334;25.094;1.1975;236.12;188.66;76.114;2.0607;2.7052;38.913;4.3671;39.558;0;1;0;0;1.4652;0.9766;1;1;0.9112;0.069;0.9946;0.9956;1;0.9672;0.95;0.994;0.994;1;0.994;0.994;0.9656;0.8761;0.0651;2.5281;2.5435;0.0153;-0.0022;0.2094;0.0162;0.0576;0.0071;0;0;0.088;0;2.0548;0;0;0;0;0;0;0;0;0;0;0;0;0.0464;0.0143;2.1794;2.1794;0;48.505;48.505;33.515;0.0412;2188.9;995.64;1;0.0366;0.0366;0;0;0;0;0;0;2.1428;2.0548;0;16.422;19.016;15.483;17.929;98.32;98.32;20.205;17.418;16.422;2.7873;0.996;0.138;0.0493;0.8128;21.752;0.7856;0
13/04/21 10:00;40.98;-29.424;41.113;60.51;29.49;-90;-29.49;687.89;113.2;574.69;17.45;3.54;0;660.22;37.552;83.923;0;8.912;790.61;0;790.61;660.22;83.923;37.552;8.912;0.8351;0.0588;0;0.0113;781.19;9.4172;0;0;1.6242;7.7931;769.57;6.9392;4.9455;0.6286;1.1652;0.1999;776.51;4.6872;3.9613;0.5035;0.2156;0.0067;771.98;651.32;82.791;34.547;0.9124;367.08;293.3;120.57;0.538;3.8867;55.908;2.415;59.257;0;1;0;0;1.1493;0.9881;1;1;0.9567;0.1256;0.9911;0.9925;1;0.9674;0.8203;0.994;0.994;1;0.994;0.994;0.9734;0.92;0.1024;2.3742;2.443;0.0147;-0.0021;0.2073;0.0156;0.0552;0.0102;0;0;0.088;0;1.9622;0;0;0;0;0;0;0;0;0;0;0;0;0.0444;0.0132;2.0845;2.0845;0;49.2;49.2;31.75;0.0413;2100.8;992.2;1;0.0343;0.0343;0;0;0;0;0;0;2.0502;1.9622;0;16.725;19.367;15.744;18.231;98.356;98.356;18.975;16.659;15.682;2.3156;0.9771;0.122;0.0515;0.8265;24.664;0.7849;0
13/04/21 11:00;45.139;-9.9178;44.015;80.274;9.7262;-90;-9.7262;755.89;124.4;631.49;18.46;3.54;0;640.7;42.479;82.802;0;1.0865;767.07;0;767.07;640.7;82.802;42.479;1.0865;0.8353;0.0568;0;0.0014;765.87;1.1995;0;0;0.2936;0.9059;752.87;8.4011;5.8802;0.7599;1.7207;0.0403;761.27;4.5952;3.8442;0.4968;0.2531;0.0011;753.08;630.98;81.545;40.211;0.1392;441.7;352.92;143.89;0.0113;4.7129;67.794;0.2016;72.496;0;1;0;0;1.0148;0.9984;1;1;0.9931;0.1662;0.989;0.9908;1;0.959;0.7753;0.994;0.994;1;0.994;0.994;0.9815;0.9466;0.1281;2.3035;2.4111;0.0145;-0.002;0.2075;0.0153;0.0544;0.0123;0;0;0.088;0;1.9307;0;0;0;0;0;0;0;0;0;0;0;0;0.0438;0.0129;2.0523;2.0523;0;49.53;49.53;31.07;0.0413;2072.3;990.35;1;0.0336;0.0336;0;0;0;0;0;0;2.0187;1.9307;0;16.973;19.654;15.967;18.489;98.362;98.362;18.41;16.402;15.43;2.0074;0.9719;0.109;0.0528;0.8382;25.446;0.7861;0
13/04/21 12:00;45.01;11.105;43.927;79.102;10.898;90;10.898;671.09;171.2;499.89;19.6;3.62;0;509.07;81.352;90.746;0;1.2104;682.38;0;682.38;509.07;90.746;81.352;1.2104;0.746;0.121;0;0.0018;680.69;1.6927;0;0;0.6822;1.0105;667.85;8.7512;4.6459;0.8282;3.2324;0.0448;676.6;4.0841;3.0544;0.5445;0.484;0.0012;668.09;501.37;89.373;76.953;0.1539;391.77;313.03;127.15;0.033;4.2121;60.59;0.2362;64.769;0;1;0;0;1.0168;0.9975;1;1;0.9916;0.1651;0.9871;0.9908;1;0.9597;0.7747;0.994;0.994;1;0.994;0.994;0.9787;0.9459;0.1271;2.0492;2.1399;0.0129;-0.0007;0.1662;0.0137;0.0487;0.0111;0;0;0.088;0;1.7208;0;0;0;0;0;0;0;0;0;0;0;0;0.0392;0.0102;1.8385;1.8385;0;47.113;47.113;27.513;0.0412;1837;1000.8;1;0.0297;0.0297;0;0;0;0;0;0;1.8088;1.7208;0;17.091;19.791;15.997;18.524;98.382;98.382;16.377;14.693;13.752;1.6838;0.941;0.1028;0.0575;0.8397;48.877;0.7874;0
13/04/21 13:00;40.63;30.445;40.866;59.435;30.565;90;30.565;625.6;163.4;462.2;20.64;3.63;0;536.78;72.575;99.187;0;8.6922;717.23;0;717.23;536.78;99.187;72.575;8.6922;0.7484;0.1133;0;0.0121;706.24;10.99;0;0;3.3287;7.6608;694.92;7.0894;3.9436;0.7287;2.2381;0.179;702.01;4.2375;3.2207;0.5951;0.4155;0.0062;697.37;529.61;97.863;66.592;0.8463;334.69;267.42;109.06;1.1743;3.6448;52.429;2.4514;54.899;0;1;0;0;1.1465;0.9847;1;1;0.9541;0.1187;0.9899;0.9926;1;0.9675;0.8255;0.994;0.994;1;0.994;0.994;0.9689;0.9176;0.0974;2.1538;2.2109;0.0133;-0.0011;0.189;0.0141;0.0499;0.0095;0;0;0.088;0;1.7667;0;0;0;0;0;0;0;0;0;0;0;0;0.0402;0.0109;1.8851;1.8851;0;49.318;49.318;28.678;0.0413;1900.4;991.95;1;0.0305;0.0305;0;0;0;0;0;0;1.8547;1.7667;0;16.673;19.307;15.625;18.094;98.384;98.384;17.214;15.066;14.119;2.1477;0.9467;0.1248;0.055;0.8202;48.022;0.7777;0
13/04/21 14:00;32.986;46.33;35.394;41.902;48.098;90;48.098;324.8;263.5;61.305;20.71;3.47;0;91.793;201.52;32.715;0;10.788;336.81;0;336.81;91.793;32.715;201.52;10.788;0.2725;0.6303;0;0.032;308.29;28.523;0;0;18.442;10.08;299.9;6.5407;0.3824;0.1363;5.9886;0.0335;306.44;1.8497;0.5508;0.1963;1.0985;0.0042;303.69;90.86;32.382;175.99;0.6697;186.48;149;64.011;15.492;2.7843;40.052;3.7936;27.344;0;1;0;0;1.037;0.9153;1;1;0.9085;0.0656;0.9787;0.9958;1;0.9671;0.9524;0.994;0.994;1;0.994;0.994;0.8904;0.8733;0.0621;1.0115;0.9991;0.006;0.0134;0.0284;0.0067;0.0236;0.0076;0;0;0.088;0;0.7893;0;0;0;0;0;0;0;0;0;0;0;0;0.019;0.0025;0.8918;0.8918;0;32.97;32.97;12.26;0.0409;854.72;1043.4;1;0.0145;0.0145;0;0;0;0;0;0;0.8773;0.7893;0;16.797;19.45;14.867;17.215;98.377;98.377;8.0835;7.1273;6.3083;0.9562;0.819;0.1183;0.1013;0.7804;154.41;0.7166;0
13/04/21 15:00;23.223;58.981;28.454;26.596;60;90;60;186.5;174.1;12.395;20.47;2.29;0;27.638;127.55;8.9864;0;9.3248;173.5;0;173.5;27.638;8.9864;127.55;9.3248;0.1593;0.7889;0;0.0537;148.67;24.833;0;0;16.086;8.7467;143.78;3.9932;0.027;0.0088;3.9183;0.0391;147.78;0.892;0.1658;0.0539;0.6688;0.0035;147.52;27.446;8.9237;106.88;0.5355;112.44;89.841;41.491;21.327;2.2698;32.65;3.733;13.593;0;1;0;0;0.9303;0.8569;1;1;0.8739;0.062;0.973;0.999;1;0.9646;0.9319;0.994;0.994;1;0.994;0.994;0.8287;0.8379;0.0574;0.521;0.5131;0.0031;0.018;0.0025;0.0034;0.0122;0.0062;0;0;0.088;0;0.3603;0;0;0;0;0;0;0;0;0;0;0;0;0.0098;0.0008;0.4571;0.4571;0;26.35;26.35;5.8804;0.0409;436.44;1047.4;1;0.0088;0.0088;0;0;0;0;0;0;0.4483;0.3603;0;16.713;19.353;13.175;15.256;98.081;98.081;4.1641;3.6533;2.8799;0.5108;0.7734;0.1227;0.1857;0.6916;111.04;0.6062;0
13/04/21 16:00;12.182;69.357;59.218;12.99;20.046;90;20.046;109.49;102.2;7.2909;20.04;1.9299;0;17.682;96.583;6.3063;0;0.6633;121.24;0;121.24;17.682;6.3063;96.583;0.6633;0.1459;0.8021;0;0.0055;118.42;2.8122;0;0;2.2546;0.5575;113.64;4.0736;0.6011;0.2144;3.2348;0.0233;117.71;0.7105;0.1061;0.0378;0.566;0.0006;113.79;16.975;6.0541;90.528;0.0819;60.068;47.994;18.781;0.3474;0.7145;10.278;0.1546;10.645;0;1;0;0;1.1073;0.9768;1;1;0.9767;0.1595;0.9654;0.9658;1;0.9655;0.7786;0.994;0.994;1;0.994;0.994;0.9373;0.9373;0.1234;0.3641;0.3644;0.0022;0.0177;-0.0004;0.0024;0.0086;0.0019;0;0;0.088;0;0.2293;0;0;0;0;0;0;0;0;0;0;0;0;0.0069;0.0005;0.3246;0.3246;0;24.691;24.691;4.6514;0.0409;310.58;1045.2;1;0.0073;0.0073;0;0;0;0;0;0;0.3173;0.2293;0;16.985;19.668;11.996;13.891;97.736;97.736;2.9096;2.5942;1.8322;0.3154;0.762;0.1084;0.2619;0.6297;60.019;0.5921;0
13/04/21 17:00;3.1977;76.364;82.225;3.2902;4.7111;90;4.7111;0;0;0;18.3;1.81;0;0;0;0;0;0;0;0;0;0;0;0;0;1;1;1;1;0;0;0;0;0;0;0;0;0;0;0;0;0;0;0;0;0;0;0;0;0;0;0;0;0;0;0;0;0;0;0;0;0;0;0;1;1;1;1;1;1;1;1;1;1;1;1;1;1;1;1;1;1;1;0;0;0;0;0;0;0;0;0;0.0004;0.088;0;-0.0884;0;0;0;0;0;0;0;0;0;0;0;0;0;0;0;0;0;0;0;-18.3;0;0;0;0;0.0004;0;0;0;0;0;0;0;-0.0004;-0.0884;0;0;0;0;0;0;0;0;0;-0.7063;0;0.7063;1;1;0;0;0;0
13/04/21 18:00;0;0;90;0;0;90;0;0;0;0;15.34;2.0701;0;0;0;0;0;0;0;0;0;0;0;0;0;1;1;1;1;0;0;0;0;0;0;0;0;0;0;0;0;0;0;0;0;0;0;0;0;0;0;0;0;0;0;0;0;0;0;0;0;0;0;0;1;1;1;1;1;1;1;1;1;1;1;1;1;1;1;1;1;1;1;0;0;0;0;0;0;0;0;0;0.0004;0.088;0;-0.0884;0;0;0;0;0;0;0;0;0;0;0;0;0;0;0;0;0;0;0;-15.34;0;0;0;0;0.0004;0;0;0;0;0;0;0;-0.0004;-0.0884;0;0;0;0;0;0;0;0;0;-0.7063;0;0.7063;1;1;0;0;0;0
13/04/21 19:00;0;0;90;0;0;90;0;0;0;0;14.7;2.5;0;0;0;0;0;0;0;0;0;0;0;0;0;1;1;1;1;0;0;0;0;0;0;0;0;0;0;0;0;0;0;0;0;0;0;0;0;0;0;0;0;0;0;0;0;0;0;0;0;0;0;0;1;1;1;1;1;1;1;1;1;1;1;1;1;1;1;1;1;1;1;0;0;0;0;0;0;0;0;0;0.0004;0.088;0;-0.0884;0;0;0;0;0;0;0;0;0;0;0;0;0;0;0;0;0;0;0;-14.7;0;0;0;0;0.0004;0;0;0;0;0;0;0;-0.0004;-0.0884;0;0;0;0;0;0;0;0;0;-0.7063;0;0.7063;1;1;0;0;0;0
13/04/21 20:00;0;0;90;0;0;90;0;0;0;0;15.75;2.8501;0;0;0;0;0;0;0;0;0;0;0;0;0;1;1;1;1;0;0;0;0;0;0;0;0;0;0;0;0;0;0;0;0;0;0;0;0;0;0;0;0;0;0;0;0;0;0;0;0;0;0;0;1;1;1;1;1;1;1;1;1;1;1;1;1;1;1;1;1;1;1;0;0;0;0;0;0;0;0;0;0.0004;0.088;0;-0.0884;0;0;0;0;0;0;0;0;0;0;0;0;0;0;0;0;0;0;0;-15.75;0;0;0;0;0.0004;0;0;0;0;0;0;0;-0.0004;-0.0884;0;0;0;0;0;0;0;0;0;-0.7063;0;0.7063;1;1;0;0;0;0
13/04/21 21:00;0;0;90;0;0;90;0;0;0;0;15.46;3.15;0;0;0;0;0;0;0;0;0;0;0;0;0;1;1;1;1;0;0;0;0;0;0;0;0;0;0;0;0;0;0;0;0;0;0;0;0;0;0;0;0;0;0;0;0;0;0;0;0;0;0;0;1;1;1;1;1;1;1;1;1;1;1;1;1;1;1;1;1;1;1;0;0;0;0;0;0;0;0;0;0.0004;0.088;0;-0.0884;0;0;0;0;0;0;0;0;0;0;0;0;0;0;0;0;0;0;0;-15.46;0;0;0;0;0.0004;0;0;0;0;0;0;0;-0.0004;-0.0884;0;0;0;0;0;0;0;0;0;-0.7063;0;0.7063;1;1;0;0;0;0
13/04/21 22:00;0;0;90;0;0;90;0;0;0;0;14.64;3.6699;0;0;0;0;0;0;0;0;0;0;0;0;0;1;1;1;1;0;0;0;0;0;0;0;0;0;0;0;0;0;0;0;0;0;0;0;0;0;0;0;0;0;0;0;0;0;0;0;0;0;0;0;1;1;1;1;1;1;1;1;1;1;1;1;1;1;1;1;1;1;1;0;0;0;0;0;0;0;0;0;0.0004;0.088;0;-0.0884;0;0;0;0;0;0;0;0;0;0;0;0;0;0;0;0;0;0;0;-14.64;0;0;0;0;0.0004;0;0;0;0;0;0;0;-0.0004;-0.0884;0;0;0;0;0;0;0;0;0;-0.7063;0;0.7063;1;1;0;0;0;0
13/04/21 23:00;0;0;90;0;0;90;0;0;0;0;15;4.02;0;0;0;0;0;0;0;0;0;0;0;0;0;1;1;1;1;0;0;0;0;0;0;0;0;0;0;0;0;0;0;0;0;0;0;0;0;0;0;0;0;0;0;0;0;0;0;0;0;0;0;0;1;1;1;1;1;1;1;1;1;1;1;1;1;1;1;1;1;1;1;0;0;0;0;0;0;0;0;0;0.0004;0.088;0;-0.0884;0;0;0;0;0;0;0;0;0;0;0;0;0;0;0;0;0;0;0;-15;0;0;0;0;0.0004;0;0;0;0;0;0;0;-0.0004;-0.0884;0;0;0;0;0;0;0;0;0;-0.7063;0;0.7063;1;1;0;0;0;0
14/04/21 00:00;0;0;90;0;0;90;0;0;0;0;14.98;4.0699;0;0;0;0;0;0;0;0;0;0;0;0;0;1;1;1;1;0;0;0;0;0;0;0;0;0;0;0;0;0;0;0;0;0;0;0;0;0;0;0;0;0;0;0;0;0;0;0;0;0;0;0;1;1;1;1;1;1;1;1;1;1;1;1;1;1;1;1;1;1;1;0;0;0;0;0;0;0;0;0;0.0004;0.088;0;-0.0884;0;0;0;0;0;0;0;0;0;0;0;0;0;0;0;0;0;0;0;-14.98;0;0;0;0;0.0004;0;0;0;0;0;0;0;-0.0004;-0.0884;0;0;0;0;0;0;0;0;0;-0.7063;0;0.7063;1;1;0;0;0;0
14/04/21 01:00;0;0;90;0;0;90;0;0;0;0;15;4.2299;0;0;0;0;0;0;0;0;0;0;0;0;0;1;1;1;1;0;0;0;0;0;0;0;0;0;0;0;0;0;0;0;0;0;0;0;0;0;0;0;0;0;0;0;0;0;0;0;0;0;0;0;1;1;1;1;1;1;1;1;1;1;1;1;1;1;1;1;1;1;1;0;0;0;0;0;0;0;0;0;0.0004;0.088;0;-0.0884;0;0;0;0;0;0;0;0;0;0;0;0;0;0;0;0;0;0;0;-15;0;0;0;0;0.0004;0;0;0;0;0;0;0;-0.0004;-0.0884;0;0;0;0;0;0;0;0;0;-0.7063;0;0.7063;1;1;0;0;0;0
14/04/21 02:00;0;0;90;0;0;90;0;0;0;0;14.9;4.2;0;0;0;0;0;0;0;0;0;0;0;0;0;1;1;1;1;0;0;0;0;0;0;0;0;0;0;0;0;0;0;0;0;0;0;0;0;0;0;0;0;0;0;0;0;0;0;0;0;0;0;0;1;1;1;1;1;1;1;1;1;1;1;1;1;1;1;1;1;1;1;0;0;0;0;0;0;0;0;0;0.0004;0.088;0;-0.0884;0;0;0;0;0;0;0;0;0;0;0;0;0;0;0;0;0;0;0;-14.9;0;0;0;0;0.0004;0;0;0;0;0;0;0;-0.0004;-0.0884;0;0;0;0;0;0;0;0;0;-0.7063;0;0.7063;1;1;0;0;0;0
14/04/21 03:00;0;0;90;0;0;90;0;0;0;0;15.1;3.85;0;0;0;0;0;0;0;0;0;0;0;0;0;1;1;1;1;0;0;0;0;0;0;0;0;0;0;0;0;0;0;0;0;0;0;0;0;0;0;0;0;0;0;0;0;0;0;0;0;0;0;0;1;1;1;1;1;1;1;1;1;1;1;1;1;1;1;1;1;1;1;0;0;0;0;0;0;0;0;0;0.0004;0.088;0;-0.0884;0;0;0;0;0;0;0;0;0;0;0;0;0;0;0;0;0;0;0;-15.1;0;0;0;0;0.0004;0;0;0;0;0;0;0;-0.0004;-0.0884;0;0;0;0;0;0;0;0;0;-0.7063;0;0.7063;1;1;0;0;0;0
14/04/21 04:00;0;0;90;0;0;90;0;0;0;0;15.2;3.62;0;0;0;0;0;0;0;0;0;0;0;0;0;1;1;1;1;0;0;0;0;0;0;0;0;0;0;0;0;0;0;0;0;0;0;0;0;0;0;0;0;0;0;0;0;0;0;0;0;0;0;0;1;1;1;1;1;1;1;1;1;1;1;1;1;1;1;1;1;1;1;0;0;0;0;0;0;0;0;0;0.0004;0.088;0;-0.0884;0;0;0;0;0;0;0;0;0;0;0;0;0;0;0;0;0;0;0;-15.2;0;0;0;0;0.0004;0;0;0;0;0;0;0;-0.0004;-0.0884;0;0;0;0;0;0;0;0;0;-0.7063;0;0.7063;1;1;0;0;0;0
14/04/21 05:00;0;0;90;0;0;90;0;0;0;0;15.3;3.8201;0;0;0;0;0;0;0;0;0;0;0;0;0;1;1;1;1;0;0;0;0;0;0;0;0;0;0;0;0;0;0;0;0;0;0;0;0;0;0;0;0;0;0;0;0;0;0;0;0;0;0;0;1;1;1;1;1;1;1;1;1;1;1;1;1;1;1;1;1;1;1;0;0;0;0;0;0;0;0;0;0.0004;0.088;0;-0.0884;0;0;0;0;0;0;0;0;0;0;0;0;0;0;0;0;0;0;0;-15.3;0;0;0;0;0.0004;0;0;0;0;0;0;0;-0.0004;-0.0884;0;0;0;0;0;0;0;0;0;-0.7063;0;0.7063;1;1;0;0;0;0
14/04/21 06:00;3.5188;-75.678;81.439;3.6314;5.2049;-90;-5.2049;1.8949;1.8949;0;15;4.3099;0;0;1.8909;0;0;0.0008;1.8917;1.8917;0;0;0;0;0;1;1;1;1;0;0;0;0;0;0;0;0;0;0;0;0;0;0;0;0;0;0;0;0;0;0;0;0;0;0;0;0;0;0;0;0;0;0;0;0;1;1;1;1;1;1;1;1;1;1;1;1;1;0;0;1;0;0;0;0;0;0;0;0;0;0;0;0.0004;0.088;0;-0.0884;0;0;0;0;0;0;0;0;0;0;0;0;0;0;0;0;0;0;0;-15;0;0;0;0;0.0004;0;0;0;0;0;0;0;-0.0004;-0.0884;0;0;0;0;0;0;0;0;0;-0.7063;0;0.7063;1;1;0;0;0;0
14/04/21 07:00;12.659;-68.48;57.893;13.574;21.121;-90;-21.121;88.101;78.3;9.801;15.71;4.51;0;23.77;73.177;6.2575;0;0.5919;103.8;0;103.8;23.77;6.2575;73.177;0.5919;0.229;0.7107;0;0.0057;101.44;2.352;0;0;1.8538;0.4982;97.517;3.3184;0.6915;0.182;2.4246;0.0202;100.84;0.6087;0.1426;0.0375;0.4279;0.0006;97.651;22.936;6.0379;68.47;0.0728;45.779;36.578;14.365;0.3192;0.5448;7.8361;0.1342;8.0617;0;1;0;0;1.1781;0.9773;1;1;0.9747;0.1582;0.9671;0.9707;1;0.9658;0.7828;0.994;0.994;1;0.994;0.994;0.9395;0.9357;0.1231;0.3117;0.3106;0.0019;0.0172;-0.006;0.0021;0.0074;0.0015;0;0;0.088;0;0.1852;0;0;0;0;0;0;0;0;0;0;0;0;0.0059;0.0004;0.2803;0.2803;0;19.69;19.69;3.9806;0.0408;264.4;1060.1;1;0.007;0.007;0;0;0;0;0;0;0.2732;0.1852;0;17.13;19.836;11.322;13.11;97.49;97.49;2.4911;2.24;1.4805;0.2511;0.7595;0.1008;0.3049;0.5943;45.719;0.5625;0
14/04/21 08:00;23.612;-58.001;29.165;27.27;60;-90;-60;135;130.2;4.8051;17.8;4.81;0;10.476;96.786;2.5089;0;6.7502;116.52;0;116.52;10.476;2.5089;96.786;6.7502;0.0899;0.8886;0;0.0579;98.023;18.497;0;0;12.18;6.3169;94.42;3.015;0.0105;0.0025;2.9734;0.0286;97.435;0.5881;0.0629;0.0151;0.5076;0.0026;97.235;10.402;2.4913;81.124;0.4021;84.909;67.842;31.335;16.182;1.7188;24.724;2.8149;10.261;0;1;0;0;0.8631;0.8413;1;1;0.8742;0.0642;0.9691;0.999;1;0.9646;0.9337;0.994;0.994;1;0.994;0.994;0.8103;0.8382;0.0596;0.3499;0.345;0.0021;0.0176;-0.0042;0.0023;0.0082;0.0047;0;0;0.088;0;0.2121;0;0;0;0;0;0;0;0;0;0;0;0;0.0066;0.0004;0.3073;0.3073;0;21.662;21.662;3.862;0.0409;292.48;1050.7;1;0.0072;0.0072;0;0;0;0;0;0;0.3001;0.2121;0;16.731;19.374;11.547;13.371;97.651;97.651;2.7965;2.456;1.695;0.3405;0.761;0.1217;0.2721;0.6061;84.281;0.523;0
14/04/21 09:00;33.238;-45.199;36.112;42.724;47.276;-90;-47.276;79.701;78.899;0.8025;18.4;6.1301;0;1.1828;66.143;0.1254;0;2.5626;70.014;0;70.014;1.1828;0.1254;66.143;2.5626;0.0169;0.9813;0;0.0366;61.735;8.2789;0;0;5.8926;2.3863;59.385;1.9797;0.0054;0.0006;1.965;0.0087;61.365;0.3704;0.0071;0.0008;0.3615;0.0011;60.375;1.1703;0.1241;57.924;0.1666;50.638;40.46;17.684;4.7899;0.7743;11.139;0.9897;7.123;0;1;0;0;0.8785;0.8818;1;1;0.9109;0.0688;0.9677;0.9954;1;0.9672;0.9505;0.994;0.994;1;0.994;0.994;0.8482;0.8757;0.065;0.2103;0.2053;0.0012;0.0153;-0.0031;0.0013;0.0048;0.0021;0;0;0.088;0;0.0857;0;0;0;0;0;0;0;0;0;0;0;0;0.0038;0.0002;0.1797;0.1797;0;20.84;20.84;2.4397;0.0411;173.63;1035.2;1;0.0061;0.0061;0;0;0;0;0;0;0.1737;0.0857;0;16.285;18.858;7.7629;8.9893;96.628;96.628;1.6803;1.4365;0.6847;0.2439;0.7517;0.1451;0.4474;0.4075;50.287;0.3641;0
14/04/21 10:00;40.677;-29.154;41.477;60.454;29.546;-90;-29.546;345.61;289.8;55.807;18.91;6.2299;0;64.149;253.86;21.015;0;4.4942;343.52;0;343.52;64.149;21.015;253.86;4.4942;0.1867;0.7521;0;0.0131;328.58;14.944;0;0;11.013;3.931;317.97;8.6307;0.4941;0.1619;7.8744;0.1004;326.61;1.9715;0.3849;0.1261;1.4571;0.0034;319.34;63.27;20.727;233.52;0.4594;205.95;164.55;66.785;3.6469;2.4539;35.299;1.3606;34.106;0;1;0;0;0.994;0.9565;1;1;0.9566;0.1253;0.9736;0.9923;1;0.9674;0.8206;0.994;0.994;1;0.994;0.994;0.9256;0.9199;0.1022;1.0316;1.0362;0.0062;0.0129;0.0254;0.0069;0.0246;0.0068;0;0;0.088;0;0.8276;0;0;0;0;0;0;0;0;0;0;0;0;0.0198;0.0027;0.9308;0.9308;0;31.891;31.891;12.982;0.0408;886.86;1049.5;1;0.0151;0.0151;0;0;0;0;0;0;0.9156;0.8276;0;17.188;19.903;15.283;17.698;98.373;98.373;8.2445;7.4387;6.6144;0.8058;0.8243;0.0977;0.1;0.8023;166.8;0.745;0
14/04/21 11:00;44.791;-9.7562;44.38;80.313;9.6868;-90;-9.6868;283.1;268.9;14.197;20.6;6.01;0;14.403;263.02;4.0502;0;0.4036;281.87;0;281.87;14.403;4.0502;263.02;0.4036;0.0511;0.9345;0;0.0014;279.73;2.1424;0;0;1.8059;0.3365;267.2;10.849;0.1352;0.038;10.661;0.015;278.05;1.6784;0.0864;0.0243;1.5673;0.0004;267.27;14.181;3.9879;248.98;0.0517;168.16;134.36;51.804;0.0675;1.9918;28.652;0.0683;30.576;0;1;0;0;0.9957;0.9924;1;1;0.9931;0.1662;0.961;0.9906;1;0.9589;0.7753;0.994;0.994;1;0.994;0.994;0.948;0.9466;0.1281;0.8465;0.8654;0.0052;0.0152;0.0202;0.0058;0.0205;0.0055;0;0;0.088;0;0.6738;0;0;0;0;0;0;0;0;0;0;0;0;0.0165;0.002;0.7747;0.7747;0;31.519;31.519;10.919;0.0409;740;1046.8;1;0.0128;0.0128;0;0;0;0;0;0;0.7618;0.6738;0;17.434;20.188;15.165;17.56;98.343;98.343;6.765;6.1911;5.3852;0.5739;0.8059;0.0848;0.1191;0.796;157.54;0.7398;0
14/04/21 12:00;44.645;11.113;44.278;78.957;11.043;90;11.043;644.6;190;454.6;21.54;5.92;0;463.18;98.515;92.272;0;1.1935;655.16;0;655.16;463.18;92.272;98.515;1.1935;0.707;0.1522;0;0.0018;653.32;1.8409;0;0;0.8445;0.9964;640.27;9.1314;4.3215;0.8609;3.9048;0.0441;649.4;3.9199;2.7791;0.5536;0.586;0.0012;640.51;456.08;90.858;93.18;0.1517;376.48;300.81;119.94;0.042;4.1946;60.338;0.241;64.49;0;1;0;0;1.0164;0.9972;1;1;0.9914;0.1651;0.9859;0.9906;1;0.9598;0.7747;0.994;0.994;1;0.994;0.994;0.9773;0.9458;0.1271;1.9674;2.0563;0.0124;0;0.166;0.0131;0.0466;0.011;0;0;0.088;0;1.644;0;0;0;0;0;0;0;0;0;0;0;0;0.0375;0.0095;1.7602;1.7602;0;47.938;47.938;26.398;0.0412;1765;997.28;1;0.0282;0.0282;0;0;0;0;0;0;1.732;1.644;0;17.043;19.735;15.918;18.433;98.399;98.399;15.724;14.067;13.139;1.6565;0.9285;0.1053;0.0591;0.8356;59.211;0.7817;0
14/04/21 13:00;40.276;30.323;41.191;59.212;30.788;90;30.788;533.7;243.4;290.3;23.2;6.01;0;337.93;151.39;93.744;0;7.5214;590.58;0;590.58;337.93;93.744;151.39;7.5214;0.5722;0.2691;0;0.0127;576.92;13.661;0;0;7.0244;6.6361;565.39;8.0686;2.5465;0.7064;4.6634;0.1523;573.46;3.4615;2.0276;0.5625;0.8662;0.0053;567.57;333.35;92.475;138.84;0.7277;294.05;234.95;95.776;2.5093;3.3012;47.486;2.1807;48.278;0;1;0;0;1.1066;0.9769;1;1;0.9536;0.1177;0.9859;0.9924;1;0.9675;0.8269;0.994;0.994;1;0.994;0.994;0.9573;0.9171;0.0968;1.7735;1.8096;0.0109;0.0024;0.1373;0.0116;0.0412;0.0087;0;0;0.088;0;1.4445;0;0;0;0;0;0;0;0;0;0;0;0;0.0332;0.0075;1.5569;1.5569;0;46.494;46.494;23.294;0.0412;1553.9;1001.9;1;0.0244;0.0244;0;0;0;0;0;0;1.5325;1.4445;0;16.723;19.365;15.516;17.967;98.434;98.434;14.174;12.442;11.544;1.7316;0.8982;0.1222;0.0634;0.8145;100.33;0.7682;0
14/04/21 14:00;32.659;46.135;35.69;41.639;48.361;90;48.361;203.8;197.3;6.5079;22.33;5.9799;0;9.7947;162.73;2.6385;0;6.839;182.01;0;182.01;9.7947;2.6385;162.73;6.839;0.0538;0.9317;0;0.0376;160.6;21.404;0;0;15.012;6.3926;154.73;4.9116;0.0425;0.0114;4.8369;0.0208;159.64;0.9636;0.0588;0.0158;0.8863;0.0027;157.38;9.6935;2.6112;142;0.4229;128.17;102.41;44.726;12.749;2.0029;28.811;2.6535;18.065;0;1;0;0;0.893;0.8824;1;1;0.9078;0.0653;0.9692;0.9956;1;0.9671;0.9532;0.994;0.994;1;0.994;0.994;0.8501;0.8726;0.0618;0.5466;0.5348;0.0032;0.018;0.0071;0.0035;0.0126;0.0055;0;0;0.088;0;0.377;0;0;0;0;0;0;0;0;0;0;0;0;0.0101;0.0009;0.4739;0.4739;0;28.666;28.666;6.3361;0.041;455.41;1040.6;1;0.0089;0.0089;0;0;0;0;0;0;0.465;0.377;0;16.517;19.127;13.141;15.216;98.125;98.125;4.3682;3.7874;3.0131;0.5807;0.7743;0.1329;0.1773;0.6898;125.02;0.6167;0
14/04/21 15:00;22.924;58.753;28.756;26.32;60;90;60;215.9;189;26.894;21.5;5.05;0;60.533;134.54;21.642;0;10.795;227.51;0;227.51;60.533;21.642;134.54;10.795;0.2661;0.6388;0;0.0474;200.42;27.093;0;0;16.967;10.126;194.95;4.2593;0.0598;0.0214;4.1329;0.0453;199.21;1.2025;0.3632;0.1298;0.7054;0.004;198.93;60.11;21.49;112.73;0.62;119.92;95.816;44.273;22.495;2.403;34.567;3.9795;14.475;0;1;0;0;1.0538;0.8809;1;1;0.8739;0.062;0.9786;0.999;1;0.9646;0.9319;0.994;0.994;1;0.994;0.994;0.8569;0.8379;0.0574;0.6832;0.672;0.004;0.0172;0.0108;0.0045;0.0159;0.0066;0;0;0.088;0;0.5006;0;0;0;0;0;0;0;0;0;0;0;0;0.0128;0.0013;0.599;0.599;0;29.473;29.473;7.9727;0.0409;572.76;1045.8;1;0.0104;0.0104;0;0;0;0;0;0;0.5886;0.5006;0;16.702;19.341;13.959;16.164;98.266;98.266;5.4602;4.7872;4.0009;0.673;0.7863;0.1233;0.144;0.7327;117.13;0.6579;0
14/04/21 16:00;11.905;69.113;59.98;12.716;19.55;90;19.55;172.61;108.6;64.008;21.46;3.0901;0;155.24;81.357;60.214;0;0.9951;297.8;0;297.8;155.24;60.214;81.357;0.9951;0.5213;0.2765;0;0.0033;295.15;2.6573;0;0;1.8217;0.8356;282.58;10.792;5.7689;2.2377;2.75;0.0352;293.38;1.7709;0.9314;0.3613;0.4772;0.001;282.71;148.54;57.615;76.309;0.1233;50.876;40.65;15.733;0.2681;0.6148;8.8434;0.1255;9.19;0;1;0;0;1.7253;0.9911;1;1;0.9776;0.1602;0.9632;0.9626;1;0.9652;0.778;0.994;0.994;1;0.994;0.994;0.9489;0.9379;0.1239;0.8943;0.8701;0.0052;0.0151;0.025;0.0058;0.0205;0.0017;0;0;0.088;0;0.6775;0;0;0;0;0;0;0;0;0;0;0;0;0.0165;0.002;0.7784;0.7784;0;33.017;33.017;11.557;0.0409;746.26;1043;1;0.0128;0.0128;0;0;0;0;0;0;0.7655;0.6775;0;16.581;19.2;14.432;16.712;98.35;98.35;7.1473;6.2208;5.4149;0.9265;0.8059;0.1296;0.1128;0.7576;50.441;0.7411;0
14/04/21 17:00;3.1311;75.965;82.388;3.2272;4.6201;90;4.6201;0.1953;0.1953;0;19.15;2.8601;0;0;0.195;0;0;0.0001;0.1951;0.1951;0;0;0;0;0;1;1;1;1;0;0;0;0;0;0;0;0;0;0;0;0;0;0;0;0;0;0;0;0;0;0;0;0;0;0;0;0;0;0;0;0;0;0;0;0;1;1;1;1;1;1;1;1;1;1;1;1;1;0;0;1;0;0;0;0;0;0;0;0;0;0;0;0.0004;0.088;0;-0.0884;0;0;0;0;0;0;0;0;0;0;0;0;0;0;0;0;0;0;0;-19.15;0;0;0;0;0.0004;0;0;0;0;0;0;0;-0.0004;-0.0884;0;0;0;0;0;0;0;0;0;-0.7063;0;0.7063;1;1;0;0;0;0
14/04/21 18:00;0;0;90;0;0;90;0;0;0;0;16.15;2.67;0;0;0;0;0;0;0;0;0;0;0;0;0;1;1;1;1;0;0;0;0;0;0;0;0;0;0;0;0;0;0;0;0;0;0;0;0;0;0;0;0;0;0;0;0;0;0;0;0;0;0;0;1;1;1;1;1;1;1;1;1;1;1;1;1;1;1;1;1;1;1;0;0;0;0;0;0;0;0;0;0.0004;0.088;0;-0.0884;0;0;0;0;0;0;0;0;0;0;0;0;0;0;0;0;0;0;0;-16.15;0;0;0;0;0.0004;0;0;0;0;0;0;0;-0.0004;-0.0884;0;0;0;0;0;0;0;0;0;-0.7063;0;0.7063;1;1;0;0;0;0
14/04/21 19:00;0;0;90;0;0;90;0;0;0;0;12.3;2.5301;0;0;0;0;0;0;0;0;0;0;0;0;0;1;1;1;1;0;0;0;0;0;0;0;0;0;0;0;0;0;0;0;0;0;0;0;0;0;0;0;0;0;0;0;0;0;0;0;0;0;0;0;1;1;1;1;1;1;1;1;1;1;1;1;1;1;1;1;1;1;1;0;0;0;0;0;0;0;0;0;0.0004;0.088;0;-0.0884;0;0;0;0;0;0;0;0;0;0;0;0;0;0;0;0;0;0;0;-12.3;0;0;0;0;0.0004;0;0;0;0;0;0;0;-0.0004;-0.0884;0;0;0;0;0;0;0;0;0;-0.7063;0;0.7063;1;1;0;0;0;0
14/04/21 20:00;0;0;90;0;0;90;0;0;0;0;12.03;2.51;0;0;0;0;0;0;0;0;0;0;0;0;0;1;1;1;1;0;0;0;0;0;0;0;0;0;0;0;0;0;0;0;0;0;0;0;0;0;0;0;0;0;0;0;0;0;0;0;0;0;0;0;1;1;1;1;1;1;1;1;1;1;1;1;1;1;1;1;1;1;1;0;0;0;0;0;0;0;0;0;0.0004;0.088;0;-0.0884;0;0;0;0;0;0;0;0;0;0;0;0;0;0;0;0;0;0;0;-12.03;0;0;0;0;0.0004;0;0;0;0;0;0;0;-0.0004;-0.0884;0;0;0;0;0;0;0;0;0;-0.7063;0;0.7063;1;1;0;0;0;0
14/04/21 21:00;0;0;90;0;0;90;0;0;0;0;10.17;2.6101;0;0;0;0;0;0;0;0;0;0;0;0;0;1;1;1;1;0;0;0;0;0;0;0;0;0;0;0;0;0;0;0;0;0;0;0;0;0;0;0;0;0;0;0;0;0;0;0;0;0;0;0;1;1;1;1;1;1;1;1;1;1;1;1;1;1;1;1;1;1;1;0;0;0;0;0;0;0;0;0;0.0004;0.088;0;-0.0884;0;0;0;0;0;0;0;0;0;0;0;0;0;0;0;0;0;0;0;-10.17;0;0;0;0;0.0004;0;0;0;0;0;0;0;-0.0004;-0.0884;0;0;0;0;0;0;0;0;0;-0.7063;0;0.7063;1;1;0;0;0;0
14/04/21 22:00;0;0;90;0;0;90;0;0;0;0;8.9098;2.7099;0;0;0;0;0;0;0;0;0;0;0;0;0;1;1;1;1;0;0;0;0;0;0;0;0;0;0;0;0;0;0;0;0;0;0;0;0;0;0;0;0;0;0;0;0;0;0;0;0;0;0;0;1;1;1;1;1;1;1;1;1;1;1;1;1;1;1;1;1;1;1;0;0;0;0;0;0;0;0;0;0.0004;0.088;0;-0.0884;0;0;0;0;0;0;0;0;0;0;0;0;0;0;0;0;0;0;0;-8.9098;0;0;0;0;0.0004;0;0;0;0;0;0;0;-0.0004;-0.0884;0;0;0;0;0;0;0;0;0;-0.7063;0;0.7063;1;1;0;0;0;0
14/04/21 23:00;0;0;90;0;0;90;0;0;0;0;10;2.7899;0;0;0;0;0;0;0;0;0;0;0;0;0;1;1;1;1;0;0;0;0;0;0;0;0;0;0;0;0;0;0;0;0;0;0;0;0;0;0;0;0;0;0;0;0;0;0;0;0;0;0;0;1;1;1;1;1;1;1;1;1;1;1;1;1;1;1;1;1;1;1;0;0;0;0;0;0;0;0;0;0.0004;0.088;0;-0.0884;0;0;0;0;0;0;0;0;0;0;0;0;0;0;0;0;0;0;0;-10;0;0;0;0;0.0004;0;0;0;0;0;0;0;-0.0004;-0.0884;0;0;0;0;0;0;0;0;0;-0.7063;0;0.7063;1;1;0;0;0;0
15/04/21 00:00;0;0;90;0;0;90;0;0;0;0;9.78;2.9;0;0;0;0;0;0;0;0;0;0;0;0;0;1;1;1;1;0;0;0;0;0;0;0;0;0;0;0;0;0;0;0;0;0;0;0;0;0;0;0;0;0;0;0;0;0;0;0;0;0;0;0;1;1;1;1;1;1;1;1;1;1;1;1;1;1;1;1;1;1;1;0;0;0;0;0;0;0;0;0;0.0004;0.088;0;-0.0884;0;0;0;0;0;0;0;0;0;0;0;0;0;0;0;0;0;0;0;-9.78;0;0;0;0;0.0004;0;0;0;0;0;0;0;-0.0004;-0.0884;0;0;0;0;0;0;0;0;0;-0.7063;0;0.7063;1;1;0;0;0;0
15/04/21 01:00;0;0;90;0;0;90;0;0;0;0;9.1398;2.99;0;0;0;0;0;0;0;0;0;0;0;0;0;1;1;1;1;0;0;0;0;0;0;0;0;0;0;0;0;0;0;0;0;0;0;0;0;0;0;0;0;0;0;0;0;0;0;0;0;0;0;0;1;1;1;1;1;1;1;1;1;1;1;1;1;1;1;1;1;1;1;0;0;0;0;0;0;0;0;0;0.0004;0.088;0;-0.0884;0;0;0;0;0;0;0;0;0;0;0;0;0;0;0;0;0;0;0;-9.1398;0;0;0;0;0.0004;0;0;0;0;0;0;0;-0.0004;-0.0884;0;0;0;0;0;0;0;0;0;-0.7063;0;0.7063;1;1;0;0;0;0
15/04/21 02:00;0;0;90;0;0;90;0;0;0;0;6.98;3.05;0;0;0;0;0;0;0;0;0;0;0;0;0;1;1;1;1;0;0;0;0;0;0;0;0;0;0;0;0;0;0;0;0;0;0;0;0;0;0;0;0;0;0;0;0;0;0;0;0;0;0;0;1;1;1;1;1;1;1;1;1;1;1;1;1;1;1;1;1;1;1;0;0;0;0;0;0;0;0;0;0.0004;0.088;0;-0.0884;0;0;0;0;0;0;0;0;0;0;0;0;0;0;0;0;0;0;0;-6.98;0;0;0;0;0.0004;0;0;0;0;0;0;0;-0.0004;-0.0884;0;0;0;0;0;0;0;0;0;-0.7063;0;0.7063;1;1;0;0;0;0
15/04/21 03:00;0;0;90;0;0;90;0;0;0;0;6.8397;3.06;0;0;0;0;0;0;0;0;0;0;0;0;0;1;1;1;1;0;0;0;0;0;0;0;0;0;0;0;0;0;0;0;0;0;0;0;0;0;0;0;0;0;0;0;0;0;0;0;0;0;0;0;1;1;1;1;1;1;1;1;1;1;1;1;1;1;1;1;1;1;1;0;0;0;0;0;0;0;0;0;0.0004;0.088;0;-0.0884;0;0;0;0;0;0;0;0;0;0;0;0;0;0;0;0;0;0;0;-6.8397;0;0;0;0;0.0004;0;0;0;0;0;0;0;-0.0004;-0.0884;0;0;0;0;0;0;0;0;0;-0.7063;0;0.7063;1;1;0;0;0;0
15/04/21 04:00;0;0;90;0;0;90;0;0;0;0;6.2501;3.07;0;0;0;0;0;0;0;0;0;0;0;0;0;1;1;1;1;0;0;0;0;0;0;0;0;0;0;0;0;0;0;0;0;0;0;0;0;0;0;0;0;0;0;0;0;0;0;0;0;0;0;0;1;1;1;1;1;1;1;1;1;1;1;1;1;1;1;1;1;1;1;0;0;0;0;0;0;0;0;0;0.0004;0.088;0;-0.0884;0;0;0;0;0;0;0;0;0;0;0;0;0;0;0;0;0;0;0;-6.2501;0;0;0;0;0.0004;0;0;0;0;0;0;0;-0.0004;-0.0884;0;0;0;0;0;0;0;0;0;-0.7063;0;0.7063;1;1;0;0;0;0
15/04/21 05:00;0;0;90;0;0;90;0;0;0;0;5.5999;3.0299;0;0;0;0;0;0;0;0;0;0;0;0;0;1;1;1;1;0;0;0;0;0;0;0;0;0;0;0;0;0;0;0;0;0;0;0;0;0;0;0;0;0;0;0;0;0;0;0;0;0;0;0;1;1;1;1;1;1;1;1;1;1;1;1;1;1;1;1;1;1;1;0;0;0;0;0;0;0;0;0;0.0004;0.088;0;-0.0884;0;0;0;0;0;0;0;0;0;0;0;0;0;0;0;0;0;0;0;-5.5999;0;0;0;0;0.0004;0;0;0;0;0;0;0;-0.0004;-0.0884;0;0;0;0;0;0;0;0;0;-0.7063;0;0.7063;1;1;0;0;0;0
15/04/21 06:00;3.3561;-75.353;81.838;3.4686;4.969;-90;-4.969;23.402;18.299;5.103;5.56;3.8;0;12.376;17.091;2.852;0;0.0088;32.328;0;32.328;12.376;2.852;17.091;0.0088;0.3828;0.529;0;0.0003;32.281;0.0471;0;0;0.0397;0.0074;25.403;6.6849;4.8315;1.1134;0.7397;0.0003;32.087;0.1937;0.0743;0.0171;0.1023;0;25.403;7.4704;1.7215;16.21;0.0011;10.18;8.1342;3.0876;0.0001;0.1235;1.7763;0.0003;1.8997;0;1;0;0;1.3814;0.9985;1;1;0.9977;0.1641;0.7917;0.6073;1;0.9564;0.7766;0.994;0.994;1;0.994;0.994;0.7858;0.9484;0.1267;0.0971;0.0803;0.0005;0.0101;-0.0054;0.0005;0.0019;0.0003;0;0;0.088;0;-0.0212;0;0;0;0;0;0;0;0;0;0;0;0;0.0015;0.0001;0.0708;0.0708;0;6.6026;6.6026;1.0426;0.041;66.776;1060.2;1;0.004;0.004;0;0;0;0;0;0;0.0668;-0.0212;0;13.892;16.087;-4.1544;-4.8107;94.396;94.396;0.7759;0.5658;-0.1692;0.2101;0.735;0.2708;0.9473;0;10.15;0;0
15/04/21 07:00;12.48;-68.157;58.393;13.411;20.819;-90;-20.819;99.607;80.801;18.806;10.77;4.25;0;45.609;73.149;12.572;0;0.6503;131.98;0;131.98;45.609;12.572;73.149;0.6503;0.3456;0.5592;0;0.0049;129.62;2.3575;0;0;1.8107;0.5468;124.6;4.2488;1.4074;0.388;2.431;0.0224;128.85;0.7777;0.2737;0.0754;0.428;0.0006;124.73;43.928;12.109;68.479;0.0805;45.749;36.553;14.28;0.3026;0.5482;7.8861;0.1304;8.1317;0;1;0;0;1.325;0.9821;1;1;0.9752;0.1592;0.967;0.969;1;0.9657;0.7819;0.994;0.994;1;0.994;0.994;0.9441;0.9362;0.1237;0.3963;0.3923;0.0024;0.0179;-0.013;0.0027;0.0096;0.0015;0;0;0.088;0;0.2669;0;0;0;0;0;0;0;0;0;0;0;0;0.0077;0.0005;0.363;0.363;0;15.827;15.827;5.0569;0.0406;334.35;1085.8;1;0.0082;0.0082;0;0;0;0;0;0;0.3549;0.2669;0;17.449;20.205;12.827;14.853;97.753;97.753;3.1675;2.9013;2.1328;0.2663;0.7685;0.0841;0.2426;0.6733;45.631;0.6445;0
15/04/21 08:00;23.402;-57.679;29.514;27.118;60;-90;-60;271.9;147.9;124;11.76;5.7301;0;271.7;85.394;74.585;0;13.595;445.27;0;445.27;271.7;74.585;85.394;13.595;0.6102;0.2223;0;0.0305;421.8;23.469;0;0;10.747;12.722;416.24;3.0319;0.2753;0.0756;2.6234;0.0575;419.27;2.5308;1.6302;0.4475;0.4479;0.0052;419.34;269.79;74.062;71.576;0.8099;90.325;72.17;32.894;14.28;1.6662;23.968;3.0999;11.355;0;1;0;0;1.6376;0.9473;1;1;0.8742;0.0642;0.9928;0.999;1;0.9646;0.9337;0.994;0.994;1;0.994;0.994;0.9348;0.8382;0.0596;1.3371;1.3135;0.0079;0.009;0.0171;0.009;0.0318;0.0047;0;0;0.088;0;1.0969;0;0;0;0;0;0;0;0;0;0;0;0;0.0256;0.0042;1.2045;1.2045;0;28.68;28.68;16.92;0.0406;1126.2;1069.5;1;0.0196;0.0196;0;0;0;0;0;0;1.1849;1.0969;0;17.16;19.871;15.628;18.096;98.375;98.375;10.686;9.6263;8.7666;1.0602;0.8597;0.0992;0.0804;0.8203;74.361;0.7886;0
15/04/21 09:00;32.985;-44.888;36.462;42.604;47.396;-90;-47.396;552.59;91.098;461.5;15.17;6.08;0;681.75;28.65;84.099;0;17.853;812.36;0;812.36;681.75;84.099;28.65;17.853;0.8392;0.0572;0;0.022;793.17;19.189;0;0;2.5619;16.627;783.83;4.5766;3.2631;0.4025;0.8512;0.0598;788.41;4.759;4.0905;0.5046;0.1565;0.0074;788.07;674.4;83.192;25.08;1.1584;226;180.58;72.774;2.0973;2.6025;37.436;4.2415;37.942;0;1;0;0;1.4701;0.9764;1;1;0.9106;0.0686;0.9942;0.9952;1;0.9672;0.9509;0.994;0.994;1;0.994;0.994;0.9649;0.8754;0.0649;2.4395;2.4525;0.0148;-0.0021;0.1929;0.0157;0.0558;0.0069;0;0;0.088;0;1.9873;0;0;0;0;0;0;0;0;0;0;0;0;0.0449;0.0133;2.1103;2.1103;0;47.46;47.46;32.291;0.0412;2110;1000.1;1;0.035;0.035;0;0;0;0;0;0;2.0753;1.9873;0;16.479;19.083;15.519;17.971;98.342;98.342;19.497;16.866;15.883;2.6308;0.9829;0.1349;0.0504;0.8146;21.807;0.7875;0
15/04/21 10:00;40.375;-28.89;41.837;60.396;29.604;-90;-29.604;753.39;124.3;629.09;17.36;6.16;0;723.54;33.005;102.35;0;9.8347;868.73;0;868.73;723.54;102.35;33.005;9.8347;0.8329;0.0493;0;0.0113;858.69;10.041;0;0;1.4363;8.6046;845.76;7.7761;5.7241;0.8097;1.0234;0.2189;853.54;5.1521;4.3413;0.6141;0.1894;0.0074;848.43;713.48;100.93;30.356;1.0038;400.91;320.33;131.74;0.4797;4.2345;60.911;2.6629;64.666;0;1;0;0;1.1531;0.9884;1;1;0.9565;0.1251;0.9909;0.992;1;0.9674;0.821;0.994;0.994;1;0.994;0.994;0.9736;0.9197;0.1021;2.6088;2.6838;0.0162;-0.002;0.2573;0.0169;0.0599;0.0109;0;0;0.088;0;2.1343;0;0;0;0;0;0;0;0;0;0;0;0;0.0482;0.0158;2.2606;2.2606;0;52.342;52.342;34.981;0.0414;2308.9;979.08;1;0.0383;0.0383;0;0;0;0;0;0;2.2223;2.1343;0;16.507;19.115;15.585;18.047;98.307;98.307;20.85;18.067;17.058;2.7827;1.0092;0.1335;0.0484;0.8181;21.695;0.7773;0
15/04/21 11:00;44.446;-9.5995;44.742;80.351;9.6489;-90;-9.6489;742.3;122.3;619.99;17.68;6.25;0;628.89;42.172;80.976;0;1.0501;753.09;0;753.09;628.89;80.976;42.172;1.0501;0.8351;0.0574;0;0.0014;751.92;1.1632;0;0;0.2877;0.8756;738.85;8.5641;6.0373;0.7774;1.7104;0.039;747.41;4.5115;3.7733;0.4859;0.2513;0.001;739.04;619.08;79.712;39.923;0.1345;433.82;346.63;141.31;0.0109;4.6295;66.594;0.1941;71.213;0;1;0;0;1.0145;0.9985;1;1;0.9932;0.1662;0.9885;0.9903;1;0.9589;0.7753;0.994;0.994;1;0.994;0.994;0.9811;0.9467;0.1281;2.2615;2.3663;0.0142;-0.0019;0.192;0.0151;0.0537;0.0122;0;0;0.088;0;1.9041;0;0;0;0;0;0;0;0;0;0;0;0;0.0432;0.0124;2.0253;2.0253;0;48.137;48.137;30.457;0.0412;2033.1;996.17;1;0.0332;0.0332;0;0;0;0;0;0;1.9921;1.9041;0;17.06;19.756;16.039;18.573;98.36;98.36;18.074;16.186;15.218;1.8877;0.9687;0.1044;0.0536;0.842;25.258;0.7897;0
15/04/21 12:00;44.282;11.119;44.626;78.814;11.186;90;11.186;687.5;148.3;539.2;18.4;6.3099;0;549.64;63.261;86.066;0;1.306;700.28;0;700.28;549.64;86.066;63.261;1.306;0.7849;0.0922;0;0.0019;698.63;1.6444;0;0;0.5541;1.0904;685.83;8.6096;5.2395;0.8204;2.5014;0.0483;694.44;4.1918;3.2979;0.5164;0.3762;0.0013;686.1;541.11;84.729;59.829;0.166;400.84;320.27;128.05;0.0284;4.4426;63.905;0.2668;68.319;0;1;0;0;1.0186;0.9977;1;1;0.9912;0.1651;0.9876;0.9904;1;0.9599;0.7746;0.994;0.994;1;0.994;0.994;0.9794;0.9458;0.1271;2.1029;2.2012;0.0133;-0.0011;0.1672;0.0142;0.0502;0.0117;0;0;0.088;0;1.7757;0;0;0;0;0;0;0;0;0;0;0;0;0.0404;0.0108;1.8945;1.8945;0;46.641;46.641;28.241;0.0412;1889.6;1002.6;1;0.0308;0.0308;0;0;0;0;0;0;1.8637;1.7757;0;17.162;19.873;16.086;18.627;98.372;98.372;16.807;15.141;14.191;1.6655;0.9498;0.0991;0.0565;0.8444;38.037;0.7904;0
15/04/21 13:00;39.925;30.201;41.513;58.99;31.01;90;31.01;681.19;118.7;562.49;18.69;6.33;0;656.29;39.003;89.481;0;9.7355;794.51;0;794.51;656.29;89.481;39.003;9.7355;0.826;0.0613;0;0.0123;784.08;10.429;0;0;1.8304;8.5987;772.22;7.1535;5.0685;0.6911;1.2;0.1939;779.38;4.7045;3.9377;0.5369;0.223;0.0068;774.95;647.28;88.253;35.749;0.936;359.09;286.91;117.12;0.6647;3.8646;55.59;2.7316;58.79;0;1;0;0;1.1664;0.9869;1;1;0.9531;0.1168;0.9908;0.9922;1;0.9675;0.8284;0.994;0.994;1;0.994;0.994;0.9719;0.9166;0.0961;2.3859;2.4513;0.0148;-0.0021;0.2202;0.0155;0.0551;0.0101;0;0;0.088;0;1.9581;0;0;0;0;0;0;0;0;0;0;0;0;0.0443;0.0133;2.0801;2.0801;0;50.586;50.586;31.896;0.0413;2108.5;986.54;1;0.0341;0.0341;0;0;0;0;0;0;2.0461;1.9581;0;16.609;19.232;15.634;18.104;98.363;98.363;19.068;16.625;15.649;2.4437;0.9755;0.1282;0.0512;0.8207;25.889;0.7798;0
15/04/21 14:00;32.335;45.941;35.985;41.377;48.623;90;48.623;540.19;124.8;415.39;19.3;6.2801;0;628.42;44.305;108.09;0;18.312;799.13;0;799.13;628.42;108.09;44.305;18.312;0.7864;0.0784;0;0.0229;777.89;21.241;0;0;4.1192;17.122;768.53;4.6925;2.8336;0.4874;1.3171;0.0544;773.22;4.6673;3.7705;0.6485;0.2411;0.0071;772.88;621.82;106.96;38.628;1.1282;218.77;174.8;70.396;3.5407;2.6208;37.699;4.3547;36.779;0;1;0;0;1.4794;0.9734;1;1;0.907;0.065;0.9939;0.9955;1;0.967;0.954;0.994;0.994;1;0.994;0.994;0.9617;0.8719;0.0616;2.3998;2.4073;0.0145;-0.002;0.2204;0.0152;0.054;0.0068;0;0;0.088;0;1.9208;0;0;0;0;0;0;0;0;0;0;0;0;0.0435;0.0129;2.0421;2.0421;0;51.056;51.056;31.756;0.0413;2072.4;985.41;1;0.0333;0.0333;0;0;0;0;0;0;2.0088;1.9208;0;16.211;18.772;15.248;17.656;98.369;98.369;19.179;16.321;15.351;2.8586;0.9696;0.149;0.0506;0.8004;34.123;0.7731;0
15/04/21 15:00;22.627;58.526;29.059;26.046;60;90;60;378.89;115.4;263.5;18.9;5.7201;0;598.67;42.851;132.38;0;18.945;792.84;0;792.84;598.67;132.38;42.851;18.945;0.7551;0.0779;0;0.0239;769.66;23.174;0;0;5.404;17.77;762.92;2.1252;0.5973;0.1321;1.3163;0.0795;765.04;4.618;3.592;0.7943;0.2247;0.007;765.05;594.48;131.45;35.906;1.088;59.117;47.235;21.488;7.1686;0.9517;13.69;2.1286;7.4727;0;1;0;0;2.0925;0.9708;1;1;0.8739;0.062;0.9972;0.999;1;0.9646;0.9319;0.994;0.994;1;0.994;0.994;0.9623;0.8379;0.0574;2.3809;2.3331;0.014;-0.0017;0.2083;0.0148;0.0524;0.0025;0;0;0.088;0;1.868;0;0;0;0;0;0;0;0;0;0;0;0;0.0422;0.0121;1.9884;1.9884;0;50.407;50.407;31.507;0.0413;2010.1;989.18;1;0.0324;0.0324;0;0;0;0;0;0;1.956;1.868;0;15.91;18.423;14.946;17.308;98.372;98.372;19.028;15.891;14.929;3.1368;0.962;0.1649;0.0506;0.7846;37.304;0.7746;0
15/04/21 16:00;11.631;68.87;60.729;12.444;19.063;90;19.063;137.99;111.8;26.193;17.97;3.5801;0;63.526;98.319;25.971;0;0.7568;188.57;0;188.57;63.526;25.971;98.319;0.7568;0.3369;0.5254;0;0.004;185.83;2.7456;0;0;2.1106;0.6351;177.76;6.9524;2.5345;1.0361;3.3549;0.0269;184.71;1.115;0.3812;0.1558;0.5773;0.0007;177.9;60.61;24.779;92.276;0.0941;61.003;48.741;19.052;0.2965;0.7234;10.406;0.1387;10.833;0;1;0;0;1.3665;0.9854;1;1;0.9785;0.1608;0.9624;0.9599;1;0.9649;0.7776;0.994;0.994;1;0.994;0.994;0.9427;0.9385;0.1243;0.5663;0.5577;0.0034;0.0179;0.0004;0.0038;0.0133;0.002;0;0;0.088;0;0.4079;0;0;0;0;0;0;0;0;0;0;0;0;0.0107;0.0009;0.5054;0.5054;0;25.219;25.219;7.2489;0.0408;476.72;1060.1;1;0.0094;0.0094;0;0;0;0;0;0;0.4959;0.4079;0;17;19.686;13.723;15.891;98.138;98.138;4.5257;4.0388;3.2603;0.487;0.7785;0.1076;0.172;0.7204;60.822;0.6918;0
15/04/21 17:00;3.0668;75.568;82.545;3.1665;4.5324;90;4.5324;0;0;0;15.88;3.1999;0;0;0;0;0;0;0;0;0;0;0;0;0;1;1;1;1;0;0;0;0;0;0;0;0;0;0;0;0;0;0;0;0;0;0;0;0;0;0;0;0;0;0;0;0;0;0;0;0;0;0;0;1;1;1;1;1;1;1;1;1;1;1;1;1;1;1;1;1;1;1;0;0;0;0;0;0;0;0;0;0.0004;0.088;0;-0.0884;0;0;0;0;0;0;0;0;0;0;0;0;0;0;0;0;0;0;0;-15.88;0;0;0;0;0.0004;0;0;0;0;0;0;0;-0.0004;-0.0884;0;0;0;0;0;0;0;0;0;-0.7063;0;0.7063;1;1;0;0;0;0
15/04/21 18:00;0;0;90;0;0;90;0;0;0;0;12.13;3.1099;0;0;0;0;0;0;0;0;0;0;0;0;0;1;1;1;1;0;0;0;0;0;0;0;0;0;0;0;0;0;0;0;0;0;0;0;0;0;0;0;0;0;0;0;0;0;0;0;0;0;0;0;1;1;1;1;1;1;1;1;1;1;1;1;1;1;1;1;1;1;1;0;0;0;0;0;0;0;0;0;0.0004;0.088;0;-0.0884;0;0;0;0;0;0;0;0;0;0;0;0;0;0;0;0;0;0;0;-12.13;0;0;0;0;0.0004;0;0;0;0;0;0;0;-0.0004;-0.0884;0;0;0;0;0;0;0;0;0;-0.7063;0;0.7063;1;1;0;0;0;0
15/04/21 19:00;0;0;90;0;0;90;0;0;0;0;11.55;3.1199;0;0;0;0;0;0;0;0;0;0;0;0;0;1;1;1;1;0;0;0;0;0;0;0;0;0;0;0;0;0;0;0;0;0;0;0;0;0;0;0;0;0;0;0;0;0;0;0;0;0;0;0;1;1;1;1;1;1;1;1;1;1;1;1;1;1;1;1;1;1;1;0;0;0;0;0;0;0;0;0;0.0004;0.088;0;-0.0884;0;0;0;0;0;0;0;0;0;0;0;0;0;0;0;0;0;0;0;-11.55;0;0;0;0;0.0004;0;0;0;0;0;0;0;-0.0004;-0.0884;0;0;0;0;0;0;0;0;0;-0.7063;0;0.7063;1;1;0;0;0;0
15/04/21 20:00;0;0;90;0;0;90;0;0;0;0;9.99;3.1199;0;0;0;0;0;0;0;0;0;0;0;0;0;1;1;1;1;0;0;0;0;0;0;0;0;0;0;0;0;0;0;0;0;0;0;0;0;0;0;0;0;0;0;0;0;0;0;0;0;0;0;0;1;1;1;1;1;1;1;1;1;1;1;1;1;1;1;1;1;1;1;0;0;0;0;0;0;0;0;0;0.0004;0.088;0;-0.0884;0;0;0;0;0;0;0;0;0;0;0;0;0;0;0;0;0;0;0;-9.99;0;0;0;0;0.0004;0;0;0;0;0;0;0;-0.0004;-0.0884;0;0;0;0;0;0;0;0;0;-0.7063;0;0.7063;1;1;0;0;0;0
15/04/21 21:00;0;0;90;0;0;90;0;0;0;0;8.6299;3.1001;0;0;0;0;0;0;0;0;0;0;0;0;0;1;1;1;1;0;0;0;0;0;0;0;0;0;0;0;0;0;0;0;0;0;0;0;0;0;0;0;0;0;0;0;0;0;0;0;0;0;0;0;1;1;1;1;1;1;1;1;1;1;1;1;1;1;1;1;1;1;1;0;0;0;0;0;0;0;0;0;0.0004;0.088;0;-0.0884;0;0;0;0;0;0;0;0;0;0;0;0;0;0;0;0;0;0;0;-8.6299;0;0;0;0;0.0004;0;0;0;0;0;0;0;-0.0004;-0.0884;0;0;0;0;0;0;0;0;0;-0.7063;0;0.7063;1;1;0;0;0;0
15/04/21 22:00;0;0;90;0;0;90;0;0;0;0;8.1998;2.9301;0;0;0;0;0;0;0;0;0;0;0;0;0;1;1;1;1;0;0;0;0;0;0;0;0;0;0;0;0;0;0;0;0;0;0;0;0;0;0;0;0;0;0;0;0;0;0;0;0;0;0;0;1;1;1;1;1;1;1;1;1;1;1;1;1;1;1;1;1;1;1;0;0;0;0;0;0;0;0;0;0.0004;0.088;0;-0.0884;0;0;0;0;0;0;0;0;0;0;0;0;0;0;0;0;0;0;0;-8.1998;0;0;0;0;0.0004;0;0;0;0;0;0;0;-0.0004;-0.0884;0;0;0;0;0;0;0;0;0;-0.7063;0;0.7063;1;1;0;0;0;0
15/04/21 23:00;0;0;90;0;0;90;0;0;0;0;7.9798;2.83;0;0;0;0;0;0;0;0;0;0;0;0;0;1;1;1;1;0;0;0;0;0;0;0;0;0;0;0;0;0;0;0;0;0;0;0;0;0;0;0;0;0;0;0;0;0;0;0;0;0;0;0;1;1;1;1;1;1;1;1;1;1;1;1;1;1;1;1;1;1;1;0;0;0;0;0;0;0;0;0;0.0004;0.088;0;-0.0884;0;0;0;0;0;0;0;0;0;0;0;0;0;0;0;0;0;0;0;-7.9798;0;0;0;0;0.0004;0;0;0;0;0;0;0;-0.0004;-0.0884;0;0;0;0;0;0;0;0;0;-0.7063;0;0.7063;1;1;0;0;0;0
16/04/21 00:00;0;0;90;0;0;90;0;0;0;0;7.8202;2.8601;0;0;0;0;0;0;0;0;0;0;0;0;0;1;1;1;1;0;0;0;0;0;0;0;0;0;0;0;0;0;0;0;0;0;0;0;0;0;0;0;0;0;0;0;0;0;0;0;0;0;0;0;1;1;1;1;1;1;1;1;1;1;1;1;1;1;1;1;1;1;1;0;0;0;0;0;0;0;0;0;0.0004;0.088;0;-0.0884;0;0;0;0;0;0;0;0;0;0;0;0;0;0;0;0;0;0;0;-7.8202;0;0;0;0;0.0004;0;0;0;0;0;0;0;-0.0004;-0.0884;0;0;0;0;0;0;0;0;0;-0.7063;0;0.7063;1;1;0;0;0;0
16/04/21 01:00;0;0;90;0;0;90;0;0;0;0;6.75;2.9599;0;0;0;0;0;0;0;0;0;0;0;0;0;1;1;1;1;0;0;0;0;0;0;0;0;0;0;0;0;0;0;0;0;0;0;0;0;0;0;0;0;0;0;0;0;0;0;0;0;0;0;0;1;1;1;1;1;1;1;1;1;1;1;1;1;1;1;1;1;1;1;0;0;0;0;0;0;0;0;0;0.0004;0.088;0;-0.0884;0;0;0;0;0;0;0;0;0;0;0;0;0;0;0;0;0;0;0;-6.75;0;0;0;0;0.0004;0;0;0;0;0;0;0;-0.0004;-0.0884;0;0;0;0;0;0;0;0;0;-0.7063;0;0.7063;1;1;0;0;0;0
16/04/21 02:00;0;0;90;0;0;90;0;0;0;0;6.5798;3.0901;0;0;0;0;0;0;0;0;0;0;0;0;0;1;1;1;1;0;0;0;0;0;0;0;0;0;0;0;0;0;0;0;0;0;0;0;0;0;0;0;0;0;0;0;0;0;0;0;0;0;0;0;1;1;1;1;1;1;1;1;1;1;1;1;1;1;1;1;1;1;1;0;0;0;0;0;0;0;0;0;0.0004;0.088;0;-0.0884;0;0;0;0;0;0;0;0;0;0;0;0;0;0;0;0;0;0;0;-6.5798;0;0;0;0;0.0004;0;0;0;0;0;0;0;-0.0004;-0.0884;0;0;0;0;0;0;0;0;0;-0.7063;0;0.7063;1;1;0;0;0;0
16/04/21 03:00;0;0;90;0;0;90;0;0;0;0;5.34;2.8601;0;0;0;0;0;0;0;0;0;0;0;0;0;1;1;1;1;0;0;0;0;0;0;0;0;0;0;0;0;0;0;0;0;0;0;0;0;0;0;0;0;0;0;0;0;0;0;0;0;0;0;0;1;1;1;1;1;1;1;1;1;1;1;1;1;1;1;1;1;1;1;0;0;0;0;0;0;0;0;0;0.0004;0.088;0;-0.0884;0;0;0;0;0;0;0;0;0;0;0;0;0;0;0;0;0;0;0;-5.34;0;0;0;0;0.0004;0;0;0;0;0;0;0;-0.0004;-0.0884;0;0;0;0;0;0;0;0;0;-0.7063;0;0.7063;1;1;0;0;0;0
16/04/21 04:00;0;0;90;0;0;90;0;0;0;0;4.4;2.7001;0;0;0;0;0;0;0;0;0;0;0;0;0;1;1;1;1;0;0;0;0;0;0;0;0;0;0;0;0;0;0;0;0;0;0;0;0;0;0;0;0;0;0;0;0;0;0;0;0;0;0;0;1;1;1;1;1;1;1;1;1;1;1;1;1;1;1;1;1;1;1;0;0;0;0;0;0;0;0;0;0.0004;0.088;0;-0.0884;0;0;0;0;0;0;0;0;0;0;0;0;0;0;0;0;0;0;0;-4.4;0;0;0;0;0.0004;0;0;0;0;0;0;0;-0.0004;-0.0884;0;0;0;0;0;0;0;0;0;-0.7063;0;0.7063;1;1;0;0;0;0
16/04/21 05:00;0;0;90;0;0;90;0;0;0;0;3.7;2.59;0;0;0;0;0;0;0;0;0;0;0;0;0;1;1;1;1;0;0;0;0;0;0;0;0;0;0;0;0;0;0;0;0;0;0;0;0;0;0;0;0;0;0;0;0;0;0;0;0;0;0;0;1;1;1;1;1;1;1;1;1;1;1;1;1;1;1;1;1;1;1;0;0;0;0;0;0;0;0;0;0.0004;0.088;0;-0.0884;0;0;0;0;0;0;0;0;0;0;0;0;0;0;0;0;0;0;0;-3.7;0;0;0;0;0.0004;0;0;0;0;0;0;0;-0.0004;-0.0884;0;0;0;0;0;0;0;0;0;-0.7063;0;0.7063;1;1;0;0;0;0
16/04/21 06:00;3.391;-74.885;81.752;3.5122;5.0322;-90;-5.0322;9.1031;8.9003;0.2028;3.71;2.7999;0;0.4918;8.8607;0.0546;0;0.0035;9.4106;0;9.4106;0.4918;0.0546;8.8607;0.0035;0.0523;0.9419;0;0.0004;9.3867;0.024;0;0;0.021;0.0029;8.7357;0.5947;0.1902;0.0211;0.3832;0.0001;9.3304;0.0563;0.003;0.0003;0.053;0;8.7359;0.2987;0.0332;8.4034;0.0004;5.2635;4.2055;1.6089;0.0001;0.063;0.9067;0.0002;0.9696;0;1;0;0;1.0338;0.9975;1;1;0.9976;0.1642;0.9363;0.611;1;0.9564;0.7766;0.994;0.994;1;0.994;0.994;0.9283;0.9484;0.1267;0.0283;0.0282;0.0002;0.0058;-0.002;0.0002;0.0006;0.0002;0;0;0.088;0;-0.0677;0;0;0;0;0;0;0;0;0;0;0;0;0.0005;0;0.0228;0.0228;0;4.0752;4.0752;0.3653;0.0418;22.341;1022.1;1;0.0025;0.0025;0;0;0;0;0;0;0.0203;-0.0677;0;15.392;17.824;-45.639;-52.849;88.886;88.886;0.2259;0.1825;-0.5411;0.0434;0.7236;0.192;3.2037;0;5.2624;0;0
16/04/21 07:00;12.3;-67.838;58.891;13.248;20.517;-90;-20.517;140.9;61.098;79.805;5.3998;3.13;0;193.55;42.813;40.945;0;0.8938;278.2;0;278.2;193.55;40.945;42.813;0.8938;0.6957;0.1571;0;0.0032;276.42;1.7859;0;0;1.0353;0.7506;265.63;9.1306;6.3326;1.3397;1.4272;0.0312;274.76;1.6585;1.1613;0.2457;0.2507;0.0009;265.7;186.06;39.36;40.1;0.1111;27.141;21.685;8.5781;0.168;0.3176;4.5682;0.0728;4.7178;0;1;0;0;1.9744;0.9936;1;1;0.9758;0.1602;0.9668;0.9671;1;0.9656;0.781;0.994;0.994;1;0.994;0.994;0.9548;0.9366;0.1243;0.8354;0.8099;0.0049;0.0158;-0.0255;0.0057;0.0202;0.0009;0;0;0.088;0;0.6682;0;0;0;0;0;0;0;0;0;0;0;0;0.0163;0.0018;0.7698;0.7698;0;16.115;16.115;10.715;0.0403;692.98;1110.8;1;0.0135;0.0135;0;0;0;0;0;0;0.7562;0.6682;0;17.552;20.325;15.237;17.645;98.243;98.243;6.6768;6.152;5.3406;0.5249;0.8114;0.0786;0.1215;0.7999;26.667;0.7902;0
16/04/21 08:00;23.191;-57.361;29.86;26.965;60;-90;-60;387.9;63.899;324;12.26;3.78;0;713.52;18.84;85.398;0;19.395;837.15;0;837.15;713.52;85.398;18.84;19.395;0.8523;0.0457;0;0.0232;816.63;20.521;0;0;2.371;18.15;810.25;1.4799;0.7315;0.0876;0.5788;0.0821;811.73;4.8998;4.2811;0.5124;0.0988;0.0075;812.28;708.51;84.798;15.792;1.1554;51.389;41.06;17.865;3.1546;0.6802;9.7845;2.0274;7.3101;0;1;0;0;2.1582;0.9755;1;1;0.8742;0.0642;0.9982;0.999;1;0.9646;0.9337;0.994;0.994;1;0.994;0.994;0.9679;0.8382;0.0596;2.514;2.4671;0.0149;-0.0021;0.1776;0.0159;0.0565;0.0018;0;0;0.088;0;2.0195;0;0;0;0;0;0;0;0;0;0;0;0;0.0455;0.0135;2.1435;2.1435;0;45.586;45.586;33.326;0.0411;2124.3;1009;1;0.036;0.036;0;0;0;0;0;0;2.1075;2.0195;0;16.243;18.809;15.303;17.721;98.32;98.32;20.092;17.131;16.14;2.9606;0.9911;0.1474;0.0493;0.8033;16.406;0.7963;0
16/04/21 09:00;32.733;-44.583;36.808;42.482;47.518;-90;-47.518;554.9;91.398;463.5;14.77;3.3401;0;686.31;28.154;85.568;0;18.015;818.04;0;818.04;686.31;85.568;28.154;18.015;0.839;0.0564;0;0.022;798.74;19.308;0;0;2.5269;16.781;789.2;4.746;3.4231;0.4268;0.8365;0.0596;793.94;4.7924;4.1179;0.5134;0.1538;0.0074;793.47;678.77;84.627;24.636;1.1668;226.04;180.61;72.721;2.0795;2.6061;37.488;4.2731;38.015;0;1;0;0;1.4742;0.9764;1;1;0.9102;0.0685;0.994;0.995;1;0.9672;0.9514;0.994;0.994;1;0.994;0.994;0.9647;0.8751;0.0648;2.4566;2.4689;0.0149;-0.0021;0.1926;0.0158;0.0562;0.0069;0;0;0.088;0;2.0025;0;0;0;0;0;0;0;0;0;0;0;0;0.0453;0.0135;2.1259;2.1259;0;47.276;47.276;32.506;0.0412;2124.1;1000.9;1;0.0354;0.0354;0;0;0;0;0;0;2.0905;2.0025;0;16.486;19.09;15.529;17.982;98.335;98.335;19.633;16.991;16.004;2.6425;0.9862;0.1346;0.0502;0.8152;21.454;0.7881;0
16/04/21 10:00;40.074;-28.631;42.194;60.336;29.664;-90;-29.664;680.19;112.4;567.8;16.43;2.81;0;653.43;36.703;84.149;0;8.9143;783.2;0;783.2;653.43;84.149;36.703;8.9143;0.8343;0.0582;0;0.0114;773.8;9.404;0;0;1.6024;7.8016;761.83;7.3236;5.3051;0.6832;1.1377;0.1976;769.15;4.6428;3.9206;0.5049;0.2106;0.0067;764.25;644.21;82.961;33.752;0.9084;362.42;289.58;119.07;0.5367;3.8356;55.173;2.4193;58.472;0;1;0;0;1.1514;0.988;1;1;0.9563;0.1248;0.9905;0.9918;1;0.9674;0.8214;0.994;0.994;1;0.994;0.994;0.9727;0.9196;0.1019;2.3519;2.4181;0.0146;-0.002;0.1934;0.0155;0.0549;0.0101;0;0;0.088;0;1.9523;0;0;0;0;0;0;0;0;0;0;0;0;0.0442;0.0129;2.0745;2.0745;0;47.825;47.825;31.395;0.0412;2078.9;997.91;1;0.0342;0.0342;0;0;0;0;0;0;2.0403;1.9523;0;16.803;19.457;15.813;18.311;98.352;98.352;18.797;16.58;15.603;2.2171;0.9765;0.118;0.052;0.8301;24.135;0.7885;0
16/04/21 11:00;44.103;-9.4475;45.101;80.387;9.6127;-90;-9.6127;758.1;125.1;633;18.52;2.5599;0;642.01;40.884;85.126;0;1.0644;769.08;0;769.08;642.01;85.126;40.884;1.0644;0.8348;0.0545;0;0.0014;767.92;1.1647;0;0;0.2771;0.8875;754.48;8.8308;6.2972;0.835;1.6591;0.0395;763.31;4.6075;3.8521;0.5108;0.2436;0.0011;754.68;631.86;83.78;38.704;0.1363;443.07;354.01;144.35;0.0104;4.7266;67.99;0.1964;72.706;0;1;0;0;1.0145;0.9985;1;1;0.9932;0.1662;0.9884;0.9901;1;0.9589;0.7753;0.994;0.994;1;0.994;0.994;0.981;0.9467;0.1281;2.3096;2.4163;0.0145;-0.002;0.2091;0.0154;0.0545;0.0123;0;0;0.088;0;1.9341;0;0;0;0;0;0;0;0;0;0;0;0;0.0439;0.0129;2.0557;2.0557;0;49.66;49.66;31.14;0.0413;2076.9;989.81;1;0.0337;0.0337;0;0;0;0;0;0;2.0221;1.9341;0;16.956;19.635;15.953;18.473;98.362;98.362;18.458;16.429;15.457;2.0286;0.9723;0.1099;0.0527;0.8374;24.484;0.7854;0
16/04/21 12:00;43.922;11.123;44.971;78.672;11.328;90;11.328;748.6;123.3;625.3;19.3;2.4501;0;637.73;40.915;83.612;0;1.4583;763.71;0;763.71;637.73;83.612;40.915;1.4583;0.835;0.0555;0;0.0019;762.13;1.5835;0;0;0.366;1.2175;748.87;8.6889;6.2072;0.8138;1.6139;0.0539;757.56;4.5728;3.8264;0.5017;0.2433;0.0014;749.17;627.69;82.297;38.691;0.1854;435.93;348.31;139.49;0.0194;4.8157;69.271;0.3007;74.068;0;1;0;0;1.0202;0.9979;1;1;0.9911;0.1651;0.9885;0.9902;1;0.96;0.7746;0.994;0.994;1;0.994;0.994;0.9806;0.9457;0.1271;2.2934;2.4025;0.0145;-0.002;0.2128;0.0152;0.054;0.0125;0;0;0.088;0;1.9178;0;0;0;0;0;0;0;0;0;0;0;0;0.0435;0.0128;2.0391;2.0391;0;50.223;50.223;30.923;0.0413;2065;987.44;1;0.0333;0.0333;0;0;0;0;0;0;2.0058;1.9178;0;16.937;19.613;15.93;18.446;98.367;98.367;18.329;16.296;15.327;2.0329;0.9694;0.1109;0.0529;0.8362;24.61;0.783;0
16/04/21 13:00;39.578;30.08;41.833;58.77;31.23;90;31.23;681.8;116.3;565.49;20.04;2.3899;0;661.33;37.251;89.046;0;9.88;797.5;0;797.5;661.33;89.046;37.251;9.88;0.8292;0.0591;0;0.0124;787;10.504;0;0;1.768;8.7356;775;7.273;5.2303;0.7042;1.1449;0.1935;782.28;4.722;3.968;0.5343;0.2129;0.0069;777.78;652.13;87.807;34.125;0.9439;358.52;286.46;116.97;0.6507;3.8553;55.458;2.7763;58.662;0;1;0;0;1.1697;0.9868;1;1;0.9525;0.1158;0.9907;0.992;1;0.9675;0.8298;0.994;0.994;1;0.994;0.994;0.9718;0.9161;0.0955;2.3949;2.4595;0.0148;-0.0021;0.2341;0.0155;0.0549;0.01;0;0;0.088;0;1.9528;0;0;0;0;0;0;0;0;0;0;0;0;0.0442;0.0134;2.0747;2.0747;0;52.091;52.091;32.051;0.0414;2116.1;980.41;1;0.0338;0.0338;0;0;0;0;0;0;2.0408;1.9528;0;16.503;19.11;15.534;17.988;98.369;98.369;19.14;16.581;15.607;2.5592;0.9737;0.1337;0.0509;0.8154;24.765;0.7751;0
16/04/21 14:00;32.014;45.749;36.276;41.117;48.883;90;48.883;542.01;118.7;423.31;20.31;2.29;0;643.73;40.434;106.31;0;18.559;809.03;0;809.03;643.73;106.31;40.434;18.559;0.7957;0.0729;0;0.0229;787.89;21.147;0;0;3.7885;17.358;778.39;4.7655;3.0118;0.4974;1.2023;0.054;783.16;4.7273;3.8624;0.6379;0.2199;0.0072;782.77;636.85;105.18;35.223;1.1392;216.7;173.14;69.503;3.2921;2.5966;37.351;4.3802;36.656;0;1;0;0;1.4927;0.9739;1;1;0.9063;0.0647;0.9939;0.9953;1;0.967;0.9548;0.994;0.994;1;0.994;0.994;0.9621;0.8711;0.0614;2.4295;2.4364;0.0147;-0.002;0.2356;0.0153;0.0543;0.0067;0;0;0.088;0;1.9334;0;0;0;0;0;0;0;0;0;0;0;0;0.0437;0.0132;2.0549;2.0549;0;52.512;52.512;32.202;0.0414;2097.9;979.47;1;0.0334;0.0334;0;0;0;0;0;0;2.0214;1.9334;0;16.112;18.658;15.16;17.555;98.373;98.373;19.417;16.422;15.452;2.9943;0.9705;0.1542;0.05;0.7958;31.221;0.7692;0
16/04/21 15:00;22.334;58.3;29.36;25.774;60;90;60;339.9;146.6;193.3;20.02;1.97;0;443.34;68.697;126.16;0;16.995;655.2;0;655.2;443.34;126.16;68.697;16.995;0.6767;0.1308;0;0.0259;630.59;24.605;0;0;8.6636;15.941;624.05;2.7557;0.4469;0.1272;2.1103;0.0713;626.81;3.7835;2.6601;0.757;0.3602;0.0063;626.55;440.24;125.28;57.563;0.9761;74.444;59.481;27.561;11.489;1.3258;19.071;2.4972;8.9082;0;1;0;0;1.9276;0.9624;1;1;0.8739;0.062;0.9956;0.999;1;0.9646;0.9319;0.994;0.994;1;0.994;0.994;0.9525;0.8379;0.0574;1.9676;1.9273;0.0116;0.0011;0.1405;0.0124;0.044;0.0035;0;0;0.088;0;1.5555;0;0;0;0;0;0;0;0;0;0;0;0;0.0355;0.0084;1.6702;1.6702;0;45.704;45.704;25.684;0.0412;1657.3;1007.8;1;0.0267;0.0267;0;0;0;0;0;0;1.6435;1.5555;0;16.171;18.726;15.061;17.44;98.404;98.404;15.725;13.348;12.432;2.3764;0.9164;0.1511;0.0583;0.7906;59.805;0.7737;0
16/04/21 16:00;11.359;68.629;61.466;12.174;18.586;90;18.586;159.5;107;52.497;19.27;2.11;0;127.32;83.725;51.02;0;0.8318;262.9;0;262.9;127.32;51.02;83.725;0.8318;0.4843;0.3216;0;0.0032;260.48;2.4202;0;0;1.7226;0.6976;248.36;10.555;5.4556;2.1862;2.8835;0.0297;258.91;1.5629;0.7639;0.3061;0.492;0.0008;248.47;121.1;48.528;78.627;0.1037;52.045;41.584;16.103;0.2311;0.6255;8.998;0.1128;9.3925;0;1;0;0;1.6482;0.9908;1;1;0.9794;0.1614;0.9592;0.9569;1;0.9646;0.7772;0.994;0.994;1;0.994;0.994;0.9447;0.9391;0.1246;0.7895;0.7673;0.0046;0.0163;0.0121;0.0051;0.0182;0.0017;0;0;0.088;0;0.5932;0;0;0;0;0;0;0;0;0;0;0;0;0.0147;0.0016;0.6929;0.6929;0;29.406;29.406;10.136;0.0408;656.78;1055.1;1;0.0118;0.0118;0;0;0;0;0;0;0.6812;0.5932;0;16.721;19.362;14.313;16.574;98.298;98.298;6.3095;5.538;4.7405;0.7715;0.7975;0.1223;0.1264;0.7513;51.684;0.7326;0
16/04/21 17:00;2.8072;75.318;83.178;2.9017;4.1506;90;4.1506;0;0;0;16.08;2.7099;0;0;0;0;0;0;0;0;0;0;0;0;0;1;1;1;1;0;0;0;0;0;0;0;0;0;0;0;0;0;0;0;0;0;0;0;0;0;0;0;0;0;0;0;0;0;0;0;0;0;0;0;1;1;1;1;1;1;1;1;1;1;1;1;1;1;1;1;1;1;1;0;0;0;0;0;0;0;0;0;0.0004;0.088;0;-0.0884;0;0;0;0;0;0;0;0;0;0;0;0;0;0;0;0;0;0;0;-16.08;0;0;0;0;0.0004;0;0;0;0;0;0;0;-0.0004;-0.0884;0;0;0;0;0;0;0;0;0;-0.7063;0;0.7063;1;1;0;0;0;0
16/04/21 18:00;0;0;90;0;0;90;0;0;0;0;10.27;3.06;0;0;0;0;0;0;0;0;0;0;0;0;0;1;1;1;1;0;0;0;0;0;0;0;0;0;0;0;0;0;0;0;0;0;0;0;0;0;0;0;0;0;0;0;0;0;0;0;0;0;0;0;1;1;1;1;1;1;1;1;1;1;1;1;1;1;1;1;1;1;1;0;0;0;0;0;0;0;0;0;0.0004;0.088;0;-0.0884;0;0;0;0;0;0;0;0;0;0;0;0;0;0;0;0;0;0;0;-10.27;0;0;0;0;0.0004;0;0;0;0;0;0;0;-0.0004;-0.0884;0;0;0;0;0;0;0;0;0;-0.7063;0;0.7063;1;1;0;0;0;0
16/04/21 19:00;0;0;90;0;0;90;0;0;0;0;7.44;3.1899;0;0;0;0;0;0;0;0;0;0;0;0;0;1;1;1;1;0;0;0;0;0;0;0;0;0;0;0;0;0;0;0;0;0;0;0;0;0;0;0;0;0;0;0;0;0;0;0;0;0;0;0;1;1;1;1;1;1;1;1;1;1;1;1;1;1;1;1;1;1;1;0;0;0;0;0;0;0;0;0;0.0004;0.088;0;-0.0884;0;0;0;0;0;0;0;0;0;0;0;0;0;0;0;0;0;0;0;-7.44;0;0;0;0;0.0004;0;0;0;0;0;0;0;-0.0004;-0.0884;0;0;0;0;0;0;0;0;0;-0.7063;0;0.7063;1;1;0;0;0;0
16/04/21 20:00;0;0;90;0;0;90;0;0;0;0;6.8298;3.14;0;0;0;0;0;0;0;0;0;0;0;0;0;1;1;1;1;0;0;0;0;0;0;0;0;0;0;0;0;0;0;0;0;0;0;0;0;0;0;0;0;0;0;0;0;0;0;0;0;0;0;0;1;1;1;1;1;1;1;1;1;1;1;1;1;1;1;1;1;1;1;0;0;0;0;0;0;0;0;0;0.0004;0.088;0;-0.0884;0;0;0;0;0;0;0;0;0;0;0;0;0;0;0;0;0;0;0;-6.8298;0;0;0;0;0.0004;0;0;0;0;0;0;0;-0.0004;-0.0884;0;0;0;0;0;0;0;0;0;-0.7063;0;0.7063;1;1;0;0;0;0
16/04/21 21:00;0;0;90;0;0;90;0;0;0;0;6.3099;2.97;0;0;0;0;0;0;0;0;0;0;0;0;0;1;1;1;1;0;0;0;0;0;0;0;0;0;0;0;0;0;0;0;0;0;0;0;0;0;0;0;0;0;0;0;0;0;0;0;0;0;0;0;1;1;1;1;1;1;1;1;1;1;1;1;1;1;1;1;1;1;1;0;0;0;0;0;0;0;0;0;0.0004;0.088;0;-0.0884;0;0;0;0;0;0;0;0;0;0;0;0;0;0;0;0;0;0;0;-6.3099;0;0;0;0;0.0004;0;0;0;0;0;0;0;-0.0004;-0.0884;0;0;0;0;0;0;0;0;0;-0.7063;0;0.7063;1;1;0;0;0;0
16/04/21 22:00;0;0;90;0;0;90;0;0;0;0;5.0202;2.68;0;0;0;0;0;0;0;0;0;0;0;0;0;1;1;1;1;0;0;0;0;0;0;0;0;0;0;0;0;0;0;0;0;0;0;0;0;0;0;0;0;0;0;0;0;0;0;0;0;0;0;0;1;1;1;1;1;1;1;1;1;1;1;1;1;1;1;1;1;1;1;0;0;0;0;0;0;0;0;0;0.0004;0.088;0;-0.0884;0;0;0;0;0;0;0;0;0;0;0;0;0;0;0;0;0;0;0;-5.0202;0;0;0;0;0.0004;0;0;0;0;0;0;0;-0.0004;-0.0884;0;0;0;0;0;0;0;0;0;-0.7063;0;0.7063;1;1;0;0;0;0
16/04/21 23:00;0;0;90;0;0;90;0;0;0;0;4.4499;2.4799;0;0;0;0;0;0;0;0;0;0;0;0;0;1;1;1;1;0;0;0;0;0;0;0;0;0;0;0;0;0;0;0;0;0;0;0;0;0;0;0;0;0;0;0;0;0;0;0;0;0;0;0;1;1;1;1;1;1;1;1;1;1;1;1;1;1;1;1;1;1;1;0;0;0;0;0;0;0;0;0;0.0004;0.088;0;-0.0884;0;0;0;0;0;0;0;0;0;0;0;0;0;0;0;0;0;0;0;-4.4499;0;0;0;0;0.0004;0;0;0;0;0;0;0;-0.0004;-0.0884;0;0;0;0;0;0;0;0;0;-0.7063;0;0.7063;1;1;0;0;0;0
17/04/21 00:00;0;0;90;0;0;90;0;0;0;0;6.0998;2.5301;0;0;0;0;0;0;0;0;0;0;0;0;0;1;1;1;1;0;0;0;0;0;0;0;0;0;0;0;0;0;0;0;0;0;0;0;0;0;0;0;0;0;0;0;0;0;0;0;0;0;0;0;1;1;1;1;1;1;1;1;1;1;1;1;1;1;1;1;1;1;1;0;0;0;0;0;0;0;0;0;0.0004;0.088;0;-0.0884;0;0;0;0;0;0;0;0;0;0;0;0;0;0;0;0;0;0;0;-6.0998;0;0;0;0;0.0004;0;0;0;0;0;0;0;-0.0004;-0.0884;0;0;0;0;0;0;0;0;0;-0.7063;0;0.7063;1;1;0;0;0;0
17/04/21 01:00;0;0;90;0;0;90;0;0;0;0;4.1999;2.6;0;0;0;0;0;0;0;0;0;0;0;0;0;1;1;1;1;0;0;0;0;0;0;0;0;0;0;0;0;0;0;0;0;0;0;0;0;0;0;0;0;0;0;0;0;0;0;0;0;0;0;0;1;1;1;1;1;1;1;1;1;1;1;1;1;1;1;1;1;1;1;0;0;0;0;0;0;0;0;0;0.0004;0.088;0;-0.0884;0;0;0;0;0;0;0;0;0;0;0;0;0;0;0;0;0;0;0;-4.1999;0;0;0;0;0.0004;0;0;0;0;0;0;0;-0.0004;-0.0884;0;0;0;0;0;0;0;0;0;-0.7063;0;0.7063;1;1;0;0;0;0
17/04/21 02:00;0;0;90;0;0;90;0;0;0;0;4.2298;2.67;0;0;0;0;0;0;0;0;0;0;0;0;0;1;1;1;1;0;0;0;0;0;0;0;0;0;0;0;0;0;0;0;0;0;0;0;0;0;0;0;0;0;0;0;0;0;0;0;0;0;0;0;1;1;1;1;1;1;1;1;1;1;1;1;1;1;1;1;1;1;1;0;0;0;0;0;0;0;0;0;0.0004;0.088;0;-0.0884;0;0;0;0;0;0;0;0;0;0;0;0;0;0;0;0;0;0;0;-4.2298;0;0;0;0;0.0004;0;0;0;0;0;0;0;-0.0004;-0.0884;0;0;0;0;0;0;0;0;0;-0.7063;0;0.7063;1;1;0;0;0;0
17/04/21 03:00;0;0;90;0;0;90;0;0;0;0;3.5903;2.65;0;0;0;0;0;0;0;0;0;0;0;0;0;1;1;1;1;0;0;0;0;0;0;0;0;0;0;0;0;0;0;0;0;0;0;0;0;0;0;0;0;0;0;0;0;0;0;0;0;0;0;0;1;1;1;1;1;1;1;1;1;1;1;1;1;1;1;1;1;1;1;0;0;0;0;0;0;0;0;0;0.0004;0.088;0;-0.0884;0;0;0;0;0;0;0;0;0;0;0;0;0;0;0;0;0;0;0;-3.5903;0;0;0;0;0.0004;0;0;0;0;0;0;0;-0.0004;-0.0884;0;0;0;0;0;0;0;0;0;-0.7063;0;0.7063;1;1;0;0;0;0
17/04/21 04:00;0;0;90;0;0;90;0;0;0;0;3.1801;2.5;0;0;0;0;0;0;0;0;0;0;0;0;0;1;1;1;1;0;0;0;0;0;0;0;0;0;0;0;0;0;0;0;0;0;0;0;0;0;0;0;0;0;0;0;0;0;0;0;0;0;0;0;1;1;1;1;1;1;1;1;1;1;1;1;1;1;1;1;1;1;1;0;0;0;0;0;0;0;0;0;0.0004;0.088;0;-0.0884;0;0;0;0;0;0;0;0;0;0;0;0;0;0;0;0;0;0;0;-3.1801;0;0;0;0;0.0004;0;0;0;0;0;0;0;-0.0004;-0.0884;0;0;0;0;0;0;0;0;0;-0.7063;0;0.7063;1;1;0;0;0;0
17/04/21 05:00;0;0;90;0;0;90;0;0;0;0;3.25;2.21;0;0;0;0;0;0;0;0;0;0;0;0;0;1;1;1;1;0;0;0;0;0;0;0;0;0;0;0;0;0;0;0;0;0;0;0;0;0;0;0;0;0;0;0;0;0;0;0;0;0;0;0;1;1;1;1;1;1;1;1;1;1;1;1;1;1;1;1;1;1;1;0;0;0;0;0;0;0;0;0;0.0004;0.088;0;-0.0884;0;0;0;0;0;0;0;0;0;0;0;0;0;0;0;0;0;0;0;-3.25;0;0;0;0;0.0004;0;0;0;0;0;0;0;-0.0004;-0.0884;0;0;0;0;0;0;0;0;0;-0.7063;0;0.7063;1;1;0;0;0;0
17/04/21 06:00;3.2282;-74.567;82.15;3.3487;4.7957;-90;-4.7957;5.3915;5.3915;0;2.76;1.9199;0;0;5.3821;0;0;0.0019;5.384;5.384;0;0;0;0;0;1;1;1;1;0;0;0;0;0;0;0;0;0;0;0;0;0;0;0;0;0;0;0;0;0;0;0;0;0;0;0;0;0;0;0;0;0;0;0;0;1;1;1;1;1;1;1;1;1;1;1;1;1;0;0;1;0;0;0;0;0;0;0;0;0;0;0;0.0004;0.088;0;-0.0884;0;0;0;0;0;0;0;0;0;0;0;0;0;0;0;0;0;0;0;-2.76;0;0;0;0;0.0004;0;0;0;0;0;0;0;-0.0004;-0.0884;0;0;0;0;0;0;0;0;0;-0.7063;0;0.7063;1;1;0;0;0;0
17/04/21 07:00;12.121;-67.522;59.387;13.084;20.217;-90;-20.217;185.6;30.599;155;5.9702;1.3;0;375.92;13.499;40.43;0;1.1435;430.99;0;430.99;375.92;40.43;13.499;1.1435;0.8722;0.034;0;0.0027;429.71;1.278;0;0;0.3188;0.9592;412.2;14.929;13.035;1.402;0.4514;0.0403;427.13;2.5783;2.2555;0.2426;0.0791;0.0011;412.23;360.63;38.786;12.65;0.1429;9.2371;7.3804;3.0373;0.0504;0.1;1.4382;0.0221;1.4878;0;1;0;0;2.3222;0.997;1;1;0.9764;0.1611;0.965;0.9651;1;0.9655;0.7801;0.994;0.994;1;0.994;0.994;0.9564;0.9371;0.1249;1.2943;1.2446;0.0075;0.01;-0.0103;0.0087;0.0307;0.0003;0;0;0.088;0;1.0619;0;0;0;0;0;0;0;0;0;0;0;0;0.0247;0.0038;1.1693;1.1693;0;22.642;22.642;16.672;0.0404;1066.5;1096.4;1;0.0194;0.0194;0;0;0;0;0;0;1.1499;1.0619;0;17.211;19.93;15.629;18.099;98.337;98.337;10.344;9.3452;8.4865;0.9985;0.8587;0.0965;0.083;0.8204;8.396;0.8184;0
17/04/21 08:00;22.981;-57.048;30.204;26.811;60;-90;-60;379.6;62.602;316.99;9.6397;0.9699;0;701.7;18.817;83.036;0;18.98;822.53;0;822.53;701.7;83.036;18.817;18.98;0.8531;0.046;0;0.0231;802.4;20.13;0;0;2.3681;17.762;796.03;1.5597;0.8059;0.0954;0.5781;0.0803;797.59;4.8144;4.2102;0.4982;0.0987;0.0073;798.02;696.68;82.443;15.772;1.1307;48.917;39.085;16.778;3.1507;0.6719;9.6649;1.9928;7.1861;0;1;0;0;2.1669;0.9755;1;1;0.8742;0.0642;0.998;0.9988;1;0.9646;0.9337;0.994;0.994;1;0.994;0.994;0.9678;0.8382;0.0596;2.4701;2.4239;0.0146;-0.002;0.1462;0.0159;0.0562;0.0018;0;0;0.088;0;2.0089;0;0;0;0;0;0;0;0;0;0;0;0;0.0453;0.013;2.1329;2.1329;0;42.292;42.292;32.652;0.041;2085.1;1022.9;1;0.036;0.036;0;0;0;0;0;0;2.0969;2.0089;0;16.45;19.049;15.493;17.941;98.311;98.311;19.741;17.046;16.055;2.6944;0.9913;0.1365;0.0502;0.8133;16.386;0.8062;0
17/04/21 09:00;32.481;-44.283;37.151;42.358;47.642;-90;-47.642;553.2;91.398;461.8;12.95;2.0099;0;685.41;27.945;86.092;0;18.048;817.5;0;817.5;685.41;86.092;27.945;18.048;0.8384;0.0563;0;0.0221;798.16;19.332;0;0;2.5177;16.814;788.48;4.8911;3.5552;0.4466;0.8303;0.059;793.38;4.789;4.1125;0.5166;0.1526;0.0074;792.76;677.74;85.129;24.445;1.1667;224.58;179.44;72.193;2.0828;2.5941;37.315;4.2773;37.826;0;1;0;0;1.4778;0.9764;1;1;0.9099;0.0683;0.9938;0.9948;1;0.9671;0.9518;0.994;0.994;1;0.994;0.994;0.9645;0.8747;0.0646;2.4549;2.4664;0.0148;-0.0021;0.1757;0.0159;0.0565;0.0069;0;0;0.088;0;2.0157;0;0;0;0;0;0;0;0;0;0;0;0;0.0455;0.0134;2.1396;2.1396;0;45.376;45.376;32.426;0.0411;2121.1;1008.7;1;0.0359;0.0359;0;0;0;0;0;0;2.1037;2.0157;0;16.603;19.226;15.641;18.112;98.322;98.322;19.62;17.099;16.109;2.5204;0.9902;0.1285;0.0505;0.8211;21.321;0.7939;0
17/04/21 10:00;39.775;-28.379;42.548;60.274;29.726;-90;-29.726;673.4;111;562.4;15.65;2.5301;0;647.61;36.422;82.926;0;8.8612;775.82;0;775.82;647.61;82.926;36.422;8.8612;0.8347;0.0584;0;0.0114;766.47;9.3529;0;0;1.5954;7.7574;754.47;7.4056;5.3911;0.6903;1.1286;0.1956;761.87;4.5988;3.8857;0.4976;0.209;0.0066;756.87;638.34;81.738;33.489;0.9015;358.63;286.55;117.84;0.5364;3.7951;54.591;2.4063;57.849;0;1;0;0;1.1521;0.9879;1;1;0.9562;0.1246;0.9903;0.9916;1;0.9674;0.8217;0.994;0.994;1;0.994;0.994;0.9725;0.9195;0.1017;2.3298;2.3947;0.0144;-0.0019;0.1821;0.0154;0.0546;0.01;0;0;0.088;0;1.9413;0;0;0;0;0;0;0;0;0;0;0;0;0.044;0.0127;2.0634;2.0634;0;46.713;46.713;31.063;0.0412;2058.1;1002.6;1;0.0341;0.0341;0;0;0;0;0;0;2.0293;1.9413;0;16.872;19.537;15.874;18.381;98.349;98.349;18.62;16.491;15.515;2.129;0.9756;0.1143;0.0524;0.8333;23.961;0.7916;0
17/04/21 11:00;43.762;-9.3003;45.457;80.422;9.5782;-90;-9.5782;737.51;121.4;616.11;16.85;2.84;0;624.82;41.301;80.935;0;1.0281;748.09;0;748.09;624.82;80.935;41.301;1.0281;0.8352;0.0566;0;0.0014;746.95;1.1356;0;0;0.2783;0.8573;733.69;8.7836;6.2579;0.8106;1.6769;0.0382;742.47;4.4817;3.7489;0.4856;0.2461;0.001;733.88;614.81;79.639;39.1;0.1317;431.08;344.43;138.32;0.0104;4.7365;68.133;0.194;72.859;0;1;0;0;1.0143;0.9985;1;1;0.9933;0.1662;0.9882;0.9899;1;0.9589;0.7753;0.994;0.994;1;0.994;0.994;0.9807;0.9467;0.1281;2.2465;2.354;0.0142;-0.0018;0.1821;0.0151;0.0536;0.0125;0;0;0.088;0;1.9017;0;0;0;0;0;0;0;0;0;0;0;0;0.0432;0.0123;2.0229;2.0229;0;47.068;47.068;30.218;0.0412;2021.8;1000.5;1;0.0333;0.0333;0;0;0;0;0;0;1.9897;1.9017;0;17.154;19.864;16.126;18.673;98.356;98.356;17.954;16.167;15.198;1.7869;0.9691;0.0995;0.054;0.8465;24.732;0.7925;0
17/04/21 12:00;43.565;11.126;45.314;78.532;11.468;90;11.468;729.11;122.7;606.41;18.05;3;0;618.76;42.592;81.304;0;1.4557;744.11;0;744.11;618.76;81.304;42.592;1.4557;0.8315;0.0592;0;0.002;742.51;1.6043;0;0;0.389;1.2153;729.37;8.6833;6.1459;0.8076;1.676;0.0538;738.05;4.455;3.7126;0.4878;0.2532;0.0014;729.67;608.9;80.008;40.274;0.1851;424.48;339.16;135.81;0.0211;4.6902;67.466;0.3016;72.135;0;1;0;0;1.0206;0.9978;1;1;0.9909;0.1651;0.9882;0.99;1;0.96;0.7746;0.994;0.994;1;0.994;0.994;0.9802;0.9456;0.1271;2.2346;2.3399;0.0141;-0.0018;0.1897;0.015;0.0531;0.0123;0;0;0.088;0;1.8818;0;0;0;0;0;0;0;0;0;0;0;0;0.0427;0.0121;2.0026;2.0026;0;48.116;48.116;30.067;0.0412;2010.2;996.23;1;0.0328;0.0328;0;0;0;0;0;0;1.9698;1.8818;0;17.073;19.77;16.043;18.577;98.363;98.363;17.859;16.005;15.04;1.8538;0.9653;0.1038;0.0541;0.8421;25.629;0.7886;0
17/04/21 13:00;39.233;29.96;42.15;58.55;31.45;90;31.45;662.2;120;542.2;18.33;3.0201;0;635.57;40.841;88.997;0;9.728;775.14;0;775.14;635.57;88.997;40.841;9.728;0.8199;0.0652;0;0.0126;764.56;10.57;0;0;1.9601;8.6104;752.67;7.3053;5.1438;0.7203;1.2539;0.1874;759.98;4.5874;3.8134;0.534;0.2333;0.0067;755.41;626.61;87.742;37.394;0.9235;348.03;278.08;113.58;0.7305;3.7469;53.898;2.7418;56.915;0;1;0;0;1.1705;0.9864;1;1;0.952;0.1149;0.9904;0.9919;1;0.9676;0.8313;0.994;0.994;1;0.994;0.994;0.971;0.9156;0.0949;2.3277;2.3889;0.0144;-0.0019;0.2045;0.0152;0.0539;0.0098;0;0;0.088;0;1.9156;0;0;0;0;0;0;0;0;0;0;0;0;0.0434;0.0126;2.0369;2.0369;0;49.389;49.389;31.058;0.0413;2054.3;991.55;1;0.0333;0.0333;0;0;0;0;0;0;2.0036;1.9156;0;16.67;19.304;15.677;18.154;98.363;98.363;18.603;16.279;15.31;2.3239;0.9698;0.1249;0.0521;0.823;27.194;0.7822;0
17/04/21 14:00;31.697;45.558;36.566;40.858;49.142;90;49.142;530.7;122.5;408.19;18.88;2.98;0;623.98;43.227;107.37;0;18.352;792.92;0;792.92;623.98;107.37;43.227;18.352;0.7869;0.0777;0;0.0231;771.67;21.252;0;0;4.0814;17.17;762.16;4.8829;3.0245;0.5204;1.2857;0.0523;767.04;4.63;3.7439;0.6442;0.2349;0.0071;766.51;617.21;106.2;37.625;1.1225;211.83;169.25;67.906;3.5842;2.5642;36.885;4.3544;35.865;0;1;0;0;1.4941;0.9732;1;1;0.9056;0.0644;0.9936;0.9951;1;0.967;0.9555;0.994;0.994;1;0.994;0.994;0.9612;0.8704;0.0612;2.3811;2.3864;0.0144;-0.0019;0.2125;0.0151;0.0537;0.0067;0;0;0.088;0;1.909;0;0;0;0;0;0;0;0;0;0;0;0;0.0432;0.0126;2.0301;2.0301;0;50.355;50.355;31.475;0.0413;2054.1;988.33;1;0.0331;0.0331;0;0;0;0;0;0;1.997;1.909;0;16.242;18.808;15.273;17.685;98.367;98.367;19.03;16.225;15.257;2.8052;0.9682;0.1474;0.0509;0.8017;33.463;0.7747;0
17/04/21 15:00;22.043;58.077;29.661;25.504;60;90;60;350.9;130.9;220;18.77;2.6101;0;509.39;55.701;131.12;0;17.545;713.75;0;713.75;509.39;131.12;55.701;17.545;0.7137;0.1026;0;0.0246;690.27;23.482;0;0;7.0246;16.457;683.69;2.437;0.5188;0.1335;1.711;0.0737;686.12;4.1416;3.0563;0.7867;0.2921;0.0065;685.87;505.81;130.2;46.673;1.0077;62.326;49.799;22.796;9.3165;1.1085;15.945;2.1816;7.7367;0;1;0;0;2.034;0.9671;1;1;0.8739;0.062;0.9964;0.999;1;0.9646;0.9319;0.994;0.994;1;0.994;0.994;0.9579;0.8379;0.0574;2.1434;2.0994;0.0126;-0.0004;0.1618;0.0135;0.0478;0.0029;0;0;0.088;0;1.6954;0;0;0;0;0;0;0;0;0;0;0;0;0.0385;0.0099;1.8127;1.8127;0;46.93;46.93;28.16;0.0412;1805.8;1003.8;1;0.0293;0.0293;0;0;0;0;0;0;1.7834;1.6954;0;16.111;18.656;15.068;17.449;98.383;98.383;17.13;14.487;13.55;2.6428;0.9375;0.1543;0.0547;0.791;48.491;0.778;0
17/04/21 16:00;11.091;68.39;62.19;11.906;18.118;90;18.118;145.01;107.5;37.503;17.87;2.5499;0;90.955;89.753;37.514;0;0.7189;218.94;0;218.94;90.955;37.514;89.753;0.7189;0.4154;0.4132;0;0.0033;216.57;2.3719;0;0;1.7693;0.6026;206.21;9.0621;4.1891;1.7277;3.1195;0.0258;215.27;1.2994;0.5457;0.2251;0.5279;0.0007;206.32;86.221;35.561;84.336;0.0898;55.553;44.387;17.329;0.2265;0.6573;9.4546;0.1114;9.8853;0;1;0;0;1.5099;0.9892;1;1;0.9803;0.1618;0.9579;0.9537;1;0.9643;0.7768;0.994;0.994;1;0.994;0.994;0.9418;0.9396;0.125;0.6575;0.6413;0.0039;0.0174;0.0029;0.0043;0.0153;0.0018;0;0;0.088;0;0.4838;0;0;0;0;0;0;0;0;0;0;0;0;0.0123;0.0012;0.5822;0.5822;0;26.276;26.276;8.406;0.0408;548.6;1061.2;1;0.0103;0.0103;0;0;0;0;0;0;0.5718;0.4838;0;16.868;19.532;14.019;16.234;98.229;98.229;5.2546;4.6526;3.8669;0.602;0.7857;0.1146;0.1495;0.7359;55.293;0.7129;0
17/04/21 17:00;2.7481;74.924;83.322;2.8459;4.0702;90;4.0702;0;0;0;14.71;3.0201;0;0;0;0;0;0;0;0;0;0;0;0;0;1;1;1;1;0;0;0;0;0;0;0;0;0;0;0;0;0;0;0;0;0;0;0;0;0;0;0;0;0;0;0;0;0;0;0;0;0;0;0;1;1;1;1;1;1;1;1;1;1;1;1;1;1;1;1;1;1;1;0;0;0;0;0;0;0;0;0;0.0004;0.088;0;-0.0884;0;0;0;0;0;0;0;0;0;0;0;0;0;0;0;0;0;0;0;-14.71;0;0;0;0;0.0004;0;0;0;0;0;0;0;-0.0004;-0.0884;0;0;0;0;0;0;0;0;0;-0.7063;0;0.7063;1;1;0;0;0;0
17/04/21 18:00;0;0;90;0;0;90;0;0;0;0;12.07;3.1899;0;0;0;0;0;0;0;0;0;0;0;0;0;1;1;1;1;0;0;0;0;0;0;0;0;0;0;0;0;0;0;0;0;0;0;0;0;0;0;0;0;0;0;0;0;0;0;0;0;0;0;0;1;1;1;1;1;1;1;1;1;1;1;1;1;1;1;1;1;1;1;0;0;0;0;0;0;0;0;0;0.0004;0.088;0;-0.0884;0;0;0;0;0;0;0;0;0;0;0;0;0;0;0;0;0;0;0;-12.07;0;0;0;0;0.0004;0;0;0;0;0;0;0;-0.0004;-0.0884;0;0;0;0;0;0;0;0;0;-0.7063;0;0.7063;1;1;0;0;0;0
17/04/21 19:00;0;0;90;0;0;90;0;0;0;0;10.72;3.1701;0;0;0;0;0;0;0;0;0;0;0;0;0;1;1;1;1;0;0;0;0;0;0;0;0;0;0;0;0;0;0;0;0;0;0;0;0;0;0;0;0;0;0;0;0;0;0;0;0;0;0;0;1;1;1;1;1;1;1;1;1;1;1;1;1;1;1;1;1;1;1;0;0;0;0;0;0;0;0;0;0.0004;0.088;0;-0.0884;0;0;0;0;0;0;0;0;0;0;0;0;0;0;0;0;0;0;0;-10.72;0;0;0;0;0.0004;0;0;0;0;0;0;0;-0.0004;-0.0884;0;0;0;0;0;0;0;0;0;-0.7063;0;0.7063;1;1;0;0;0;0
17/04/21 20:00;0;0;90;0;0;90;0;0;0;0;9.29;3.0901;0;0;0;0;0;0;0;0;0;0;0;0;0;1;1;1;1;0;0;0;0;0;0;0;0;0;0;0;0;0;0;0;0;0;0;0;0;0;0;0;0;0;0;0;0;0;0;0;0;0;0;0;1;1;1;1;1;1;1;1;1;1;1;1;1;1;1;1;1;1;1;0;0;0;0;0;0;0;0;0;0.0004;0.088;0;-0.0884;0;0;0;0;0;0;0;0;0;0;0;0;0;0;0;0;0;0;0;-9.29;0;0;0;0;0.0004;0;0;0;0;0;0;0;-0.0004;-0.0884;0;0;0;0;0;0;0;0;0;-0.7063;0;0.7063;1;1;0;0;0;0
17/04/21 21:00;0;0;90;0;0;90;0;0;0;0;8.7303;2.9301;0;0;0;0;0;0;0;0;0;0;0;0;0;1;1;1;1;0;0;0;0;0;0;0;0;0;0;0;0;0;0;0;0;0;0;0;0;0;0;0;0;0;0;0;0;0;0;0;0;0;0;0;1;1;1;1;1;1;1;1;1;1;1;1;1;1;1;1;1;1;1;0;0;0;0;0;0;0;0;0;0.0004;0.088;0;-0.0884;0;0;0;0;0;0;0;0;0;0;0;0;0;0;0;0;0;0;0;-8.7303;0;0;0;0;0.0004;0;0;0;0;0;0;0;-0.0004;-0.0884;0;0;0;0;0;0;0;0;0;-0.7063;0;0.7063;1;1;0;0;0;0
17/04/21 22:00;0;0;90;0;0;90;0;0;0;0;7.3702;2.7099;0;0;0;0;0;0;0;0;0;0;0;0;0;1;1;1;1;0;0;0;0;0;0;0;0;0;0;0;0;0;0;0;0;0;0;0;0;0;0;0;0;0;0;0;0;0;0;0;0;0;0;0;1;1;1;1;1;1;1;1;1;1;1;1;1;1;1;1;1;1;1;0;0;0;0;0;0;0;0;0;0.0004;0.088;0;-0.0884;0;0;0;0;0;0;0;0;0;0;0;0;0;0;0;0;0;0;0;-7.3702;0;0;0;0;0.0004;0;0;0;0;0;0;0;-0.0004;-0.0884;0;0;0;0;0;0;0;0;0;-0.7063;0;0.7063;1;1;0;0;0;0
17/04/21 23:00;0;0;90;0;0;90;0;0;0;0;8.0197;2.41;0;0;0;0;0;0;0;0;0;0;0;0;0;1;1;1;1;0;0;0;0;0;0;0;0;0;0;0;0;0;0;0;0;0;0;0;0;0;0;0;0;0;0;0;0;0;0;0;0;0;0;0;1;1;1;1;1;1;1;1;1;1;1;1;1;1;1;1;1;1;1;0;0;0;0;0;0;0;0;0;0.0004;0.088;0;-0.0884;0;0;0;0;0;0;0;0;0;0;0;0;0;0;0;0;0;0;0;-8.0197;0;0;0;0;0.0004;0;0;0;0;0;0;0;-0.0004;-0.0884;0;0;0;0;0;0;0;0;0;-0.7063;0;0.7063;1;1;0;0;0;0
18/04/21 00:00;0;0;90;0;0;90;0;0;0;0;7.0398;2.0701;0;0;0;0;0;0;0;0;0;0;0;0;0;1;1;1;1;0;0;0;0;0;0;0;0;0;0;0;0;0;0;0;0;0;0;0;0;0;0;0;0;0;0;0;0;0;0;0;0;0;0;0;1;1;1;1;1;1;1;1;1;1;1;1;1;1;1;1;1;1;1;0;0;0;0;0;0;0;0;0;0.0004;0.088;0;-0.0884;0;0;0;0;0;0;0;0;0;0;0;0;0;0;0;0;0;0;0;-7.0398;0;0;0;0;0.0004;0;0;0;0;0;0;0;-0.0004;-0.0884;0;0;0;0;0;0;0;0;0;-0.7063;0;0.7063;1;1;0;0;0;0
18/04/21 01:00;0;0;90;0;0;90;0;0;0;0;5.7102;1.65;0;0;0;0;0;0;0;0;0;0;0;0;0;1;1;1;1;0;0;0;0;0;0;0;0;0;0;0;0;0;0;0;0;0;0;0;0;0;0;0;0;0;0;0;0;0;0;0;0;0;0;0;1;1;1;1;1;1;1;1;1;1;1;1;1;1;1;1;1;1;1;0;0;0;0;0;0;0;0;0;0.0004;0.088;0;-0.0884;0;0;0;0;0;0;0;0;0;0;0;0;0;0;0;0;0;0;0;-5.7102;0;0;0;0;0.0004;0;0;0;0;0;0;0;-0.0004;-0.0884;0;0;0;0;0;0;0;0;0;-0.7063;0;0.7063;1;1;0;0;0;0
18/04/21 02:00;0;0;90;0;0;90;0;0;0;0;5.0601;1.1801;0;0;0;0;0;0;0;0;0;0;0;0;0;1;1;1;1;0;0;0;0;0;0;0;0;0;0;0;0;0;0;0;0;0;0;0;0;0;0;0;0;0;0;0;0;0;0;0;0;0;0;0;1;1;1;1;1;1;1;1;1;1;1;1;1;1;1;1;1;1;1;0;0;0;0;0;0;0;0;0;0.0004;0.088;0;-0.0884;0;0;0;0;0;0;0;0;0;0;0;0;0;0;0;0;0;0;0;-5.0601;0;0;0;0;0.0004;0;0;0;0;0;0;0;-0.0004;-0.0884;0;0;0;0;0;0;0;0;0;-0.7063;0;0.7063;1;1;0;0;0;0
18/04/21 03:00;0;0;90;0;0;90;0;0;0;0;3.2101;0.75;0;0;0;0;0;0;0;0;0;0;0;0;0;1;1;1;1;0;0;0;0;0;0;0;0;0;0;0;0;0;0;0;0;0;0;0;0;0;0;0;0;0;0;0;0;0;0;0;0;0;0;0;1;1;1;1;1;1;1;1;1;1;1;1;1;1;1;1;1;1;1;0;0;0;0;0;0;0;0;0;0.0004;0.088;0;-0.0884;0;0;0;0;0;0;0;0;0;0;0;0;0;0;0;0;0;0;0;-3.2101;0;0;0;0;0.0004;0;0;0;0;0;0;0;-0.0004;-0.0884;0;0;0;0;0;0;0;0;0;-0.7063;0;0.7063;1;1;0;0;0;0
18/04/21 04:00;0;0;90;0;0;90;0;0;0;0;3.2998;0.6301;0;0;0;0;0;0;0;0;0;0;0;0;0;1;1;1;1;0;0;0;0;0;0;0;0;0;0;0;0;0;0;0;0;0;0;0;0;0;0;0;0;0;0;0;0;0;0;0;0;0;0;0;1;1;1;1;1;1;1;1;1;1;1;1;1;1;1;1;1;1;1;0;0;0;0;0;0;0;0;0;0.0004;0.088;0;-0.0884;0;0;0;0;0;0;0;0;0;0;0;0;0;0;0;0;0;0;0;-3.2998;0;0;0;0;0.0004;0;0;0;0;0;0;0;-0.0004;-0.0884;0;0;0;0;0;0;0;0;0;-0.7063;0;0.7063;1;1;0;0;0;0
18/04/21 05:00;0;0;90;0;0;90;0;0;0;0;2.07;0.68;0;0;0;0;0;0;0;0;0;0;0;0;0;1;1;1;1;0;0;0;0;0;0;0;0;0;0;0;0;0;0;0;0;0;0;0;0;0;0;0;0;0;0;0;0;0;0;0;0;0;0;0;1;1;1;1;1;1;1;1;1;1;1;1;1;1;1;1;1;1;1;0;0;0;0;0;0;0;0;0;0.0004;0.088;0;-0.0884;0;0;0;0;0;0;0;0;0;0;0;0;0;0;0;0;0;0;0;-2.07;0;0;0;0;0.0004;0;0;0;0;0;0;0;-0.0004;-0.0884;0;0;0;0;0;0;0;0;0;-0.7063;0;0.7063;1;1;0;0;0;0
18/04/21 06:00;3.2623;-74.106;82.067;3.3917;4.8578;-90;-4.8578;10.51;10.497;0.0131;1.9497;0.74;0;0.0317;10.476;0.0043;0;0.0038;10.516;0;10.516;0.0317;0.0043;10.476;0.0038;0.003;0.9966;0;0.0004;10.489;0.0267;0;0;0.0235;0.0032;9.9575;0.4686;0.0127;0.0017;0.454;0.0001;10.426;0.0629;0.0002;0;0.0627;0;9.9577;0.0188;0.0026;9.9357;0.0005;6.2203;4.97;1.901;0.0001;0.0745;1.0718;0.0002;1.1463;0;1;0;0;1.0006;0.9975;1;1;0.9978;0.164;0.9551;0.5971;1;0.9563;0.7767;0.994;0.994;1;0.994;0.994;0.9469;0.9484;0.1266;0.0316;0.0323;0.0002;0.0062;-0.0025;0.0002;0.0007;0.0002;0;0;0.088;0;-0.064;0;0;0;0;0;0;0;0;0;0;0;0;0.0006;0;0.0267;0.0267;0;2.3642;2.3642;0.4145;0.0416;25.739;1036.1;1;0.0027;0.0027;0;0;0;0;0;0;0.024;-0.064;0;16.088;18.63;-38.604;-44.703;90.018;90.018;0.2524;0.2131;-0.5114;0.0392;0.7246;0.1555;2.871;0;6.2203;0;0
18/04/21 07:00;11.941;-67.211;59.88;12.92;19.918;-90;-19.918;162.8;34.703;128.1;3.9101;0.8601;0;310.67;18.275;38.477;0;0.9738;368.4;0;368.4;310.67;38.477;18.275;0.9738;0.8433;0.0522;0;0.0026;367.16;1.2374;0;0;0.4213;0.8162;351.49;13.473;11.412;1.4134;0.6134;0.0346;364.96;2.203;1.864;0.2309;0.1071;0.0009;351.52;297.4;36.833;17.133;0.1222;12.055;9.6319;3.5083;0.0645;0.16;2.3017;0.0345;2.3972;0;1;0;0;2.2629;0.9966;1;1;0.9769;0.1619;0.9631;0.963;1;0.9654;0.7794;0.994;0.994;1;0.994;0.994;0.9541;0.9375;0.1254;1.1063;1.0636;0.0064;0.0125;-0.0259;0.0075;0.0266;0.0005;0;0;0.088;0;0.9065;0;0;0;0;0;0;0;0;0;0;0;0;0.0214;0.0028;1.0117;1.0117;0;18.085;18.085;14.175;0.0403;910.56;1111.1;1;0.0172;0.0172;0;0;0;0;0;0;0.9945;0.9065;0;17.421;20.174;15.61;18.076;98.298;98.298;8.8416;8.0858;7.2448;0.7558;0.8409;0.0855;0.0951;0.8194;11.35;0.8156;0
18/04/21 08:00;22.771;-56.739;30.544;26.656;60;-90;-60;360.8;64.397;296.41;7.9;1.46;0;659.56;20.985;81.034;0;18.04;779.61;0;779.61;659.56;81.034;20.985;18.04;0.846;0.0501;0;0.0231;760.09;19.523;0;0;2.641;16.882;753.81;1.7181;0.8879;0.1091;0.6447;0.0763;755.53;4.5605;3.9573;0.4862;0.1101;0.0069;755.57;654.71;80.439;17.59;1.0747;47.234;37.74;16.92;3.5129;0.6326;9.1;1.7543;6.2197;0;1;0;0;2.1608;0.975;1;1;0.8742;0.0642;0.9977;0.9986;1;0.9646;0.9337;0.994;0.994;1;0.994;0.994;0.9669;0.8382;0.0596;2.3412;2.2949;0.0138;-0.0016;0.1098;0.0152;0.0539;0.0017;0;0;0.088;0;1.9244;0;0;0;0;0;0;0;0;0;0;0;0;0.0434;0.0117;2.0468;2.0468;0;38.731;38.731;30.831;0.0409;1972.3;1037.8;1;0.0345;0.0345;0;0;0;0;0;0;2.0124;1.9244;0;16.655;19.286;15.658;18.132;98.316;98.316;18.711;16.358;15.379;2.3525;0.9788;0.1257;0.0523;0.822;18.274;0.8148;0
18/04/21 09:00;32.23;-43.988;37.49;42.232;47.768;-90;-47.768;537.2;89.003;448.2;12.41;2.04;0;666.82;28.234;82.175;0;17.613;794.84;0;794.84;666.82;82.175;28.234;17.613;0.8389;0.0577;0;0.0222;775.88;18.966;0;0;2.5535;16.412;766.29;4.9286;3.5902;0.4424;0.839;0.057;771.22;4.6553;4.0009;0.493;0.1541;0.0072;770.53;659.23;81.239;24.688;1.1365;217.69;173.93;69.153;2.1234;2.5748;37.037;4.2305;37.488;0;1;0;0;1.4796;0.9761;1;1;0.9096;0.0682;0.9936;0.9946;1;0.9671;0.9523;0.994;0.994;1;0.994;0.994;0.9641;0.8744;0.0645;2.3869;2.3988;0.0144;-0.002;0.1583;0.0156;0.0553;0.0069;0;0;0.088;0;1.9701;0;0;0;0;0;0;0;0;0;0;0;0;0.0445;0.0127;2.093;2.093;0;43.885;43.885;31.475;0.0411;2061.8;1015.1;1;0.0349;0.0349;0;0;0;0;0;0;2.0581;1.9701;0;16.704;19.343;15.723;18.207;98.333;98.333;19.076;16.727;15.745;2.3492;0.9822;0.1231;0.0515;0.8254;21.567;0.7975;0
18/04/21 10:00;39.476;-28.132;42.898;60.211;29.789;-90;-29.789;654.29;108.7;545.59;15.25;2.2301;0;628.67;37.186;79.371;0;8.6459;753.87;0;753.87;628.67;79.371;37.186;8.6459;0.8339;0.0608;0;0.0115;744.66;9.2058;0;0;1.6344;7.5714;732.81;7.3801;5.3614;0.6769;1.1518;0.19;740.19;4.468;3.772;0.4762;0.2133;0.0064;735.16;619.53;78.218;34.186;0.8781;348.44;278.41;114.5;0.5516;3.689;53.064;2.3504;56.201;0;1;0;0;1.1522;0.9878;1;1;0.956;0.1243;0.99;0.9914;1;0.9674;0.8221;0.994;0.994;1;0.994;0.994;0.9721;0.9193;0.1016;2.2639;2.3261;0.014;-0.0017;0.166;0.015;0.0533;0.0098;0;0;0.088;0;1.8934;0;0;0;0;0;0;0;0;0;0;0;0;0.0429;0.012;2.0147;2.0147;0;45.39;45.39;30.14;0.0411;1998.2;1008.3;1;0.0333;0.0333;0;0;0;0;0;0;1.9814;1.8934;0;16.953;19.631;15.933;18.45;98.349;98.349;18.093;16.101;15.132;1.9915;0.9691;0.1101;0.0536;0.8364;24.474;0.7945;0
18/04/21 11:00;43.424;-9.1578;45.81;80.455;9.5455;-90;-9.5455;713.09;120.5;592.59;16.28;2.3001;0;600.91;43.488;77.786;0;0.9873;723.17;0;723.17;600.91;77.786;43.488;0.9873;0.8309;0.0615;0;0.0014;722.06;1.1146;0;0;0.2914;0.8233;708.99;8.74;6.1417;0.795;1.7667;0.0366;717.73;4.3323;3.6055;0.4667;0.2592;0.001;709.17;591.16;76.524;41.171;0.1264;416.87;333.08;133.73;0.0108;4.5826;65.919;0.1858;70.491;0;1;0;0;1.0141;0.9985;1;1;0.9933;0.1662;0.9878;0.9897;1;0.9589;0.7753;0.994;0.994;1;0.994;0.994;0.9804;0.9467;0.1281;2.1717;2.2749;0.0137;-0.0015;0.1629;0.0147;0.0521;0.0122;0;0;0.088;0;1.847;0;0;0;0;0;0;0;0;0;0;0;0;0.042;0.0115;1.9673;1.9673;0;45.443;45.443;29.163;0.0411;1952.7;1007.5;1;0.0323;0.0323;0;0;0;0;0;0;1.935;1.847;0;17.257;19.984;16.202;18.761;98.356;98.356;17.356;15.723;14.761;1.6332;0.9617;0.0941;0.0554;0.8505;26.04;0.7962;0
18/04/21 12:00;43.212;11.126;45.654;78.393;11.607;90;11.607;711.39;124.7;586.69;17.74;2.2399;0;598.94;45.329;80.548;0;1.4548;726.27;0;726.27;598.94;80.548;45.329;1.4548;0.8247;0.0644;0;0.002;724.64;1.6371;0;0;0.4225;1.2146;711.57;8.7166;6.0674;0.816;1.7794;0.0538;720.29;4.3478;3.5937;0.4833;0.2694;0.0014;711.88;589.28;79.248;42.857;0.1849;414.09;330.86;132.46;0.0235;4.5769;65.837;0.3029;70.391;0;1;0;0;1.0209;0.9977;1;1;0.9907;0.1651;0.9879;0.9898;1;0.9601;0.7746;0.994;0.994;1;0.994;0.994;0.9798;0.9455;0.1271;2.181;2.2829;0.0137;-0.0015;0.1765;0.0147;0.052;0.0121;0;0;0.088;0;1.8419;0;0;0;0;0;0;0;0;0;0;0;0;0.0419;0.0116;1.962;1.962;0;47.048;47.048;29.308;0.0412;1960.4;1000.8;1;0.0321;0.0321;0;0;0;0;0;0;1.9299;1.8419;0;17.137;19.844;16.088;18.629;98.364;98.364;17.431;15.68;14.72;1.7505;0.9598;0.1004;0.0551;0.8445;27.287;0.7908;0
18/04/21 13:00;38.892;29.84;42.465;58.332;31.668;90;31.668;640.5;127.8;512.7;18.28;2.1599;0;602.4;46.958;90.543;0;9.5368;749.44;0;749.44;602.4;90.543;46.958;9.5368;0.8038;0.0754;0;0.0127;738.71;10.729;0;0;2.2785;8.4501;726.92;7.3556;4.9855;0.7493;1.4402;0.1806;734.28;4.4322;3.6144;0.5433;0.2681;0.0065;729.51;593.8;89.25;42.972;0.8997;336.77;269.08;112.28;0.8597;3.4812;50.075;2.5945;52.697;0;1;0;0;1.1701;0.9857;1;1;0.9515;0.114;0.99;0.9917;1;0.9676;0.8328;0.994;0.994;1;0.994;0.994;0.97;0.9151;0.0943;2.2506;2.3028;0.0139;-0.0016;0.1879;0.0147;0.0522;0.0091;0;0;0.088;0;1.8525;0;0;0;0;0;0;0;0;0;0;0;0;0.042;0.0118;1.9727;1.9727;0;48.249;48.249;29.969;0.0412;1979.7;996.49;1;0.0322;0.0322;0;0;0;0;0;0;1.9405;1.8525;0;16.698;19.336;15.681;18.158;98.367;98.367;17.986;15.766;14.805;2.2203;0.9608;0.1234;0.0534;0.8231;31.317;0.7839;0
18/04/21 14:00;31.382;45.369;36.853;40.601;49.399;90;49.399;513.29;131.9;381.39;18.84;2.1;0;586.05;49.991;109.62;0;17.925;763.58;0;763.58;586.05;109.62;49.991;17.925;0.7675;0.0889;0;0.0235;742.05;21.531;0;0;4.7559;16.775;732.57;5.0256;2.9385;0.5496;1.4873;0.0502;737.59;4.4523;3.5163;0.6577;0.2714;0.0069;736.93;579.59;108.41;43.476;1.0926;206.09;164.67;65.578;4.2198;2.5742;37.029;4.3611;35.383;0;1;0;0;1.4876;0.9718;1;1;0.9049;0.0641;0.9932;0.995;1;0.9669;0.9561;0.994;0.994;1;0.994;0.994;0.9594;0.8697;0.061;2.293;2.2976;0.0138;-0.0016;0.1942;0.0146;0.0519;0.0067;0;0;0.088;0;1.8443;0;0;0;0;0;0;0;0;0;0;0;0;0.0418;0.0118;1.9643;1.9643;0;49.062;49.062;30.222;0.0413;1976.8;993.72;1;0.032;0.032;0;0;0;0;0;0;1.9323;1.8443;0;16.319;18.897;15.322;17.743;98.371;98.371;18.326;15.699;14.74;2.6268;0.9591;0.1433;0.0523;0.8043;38.797;0.7761;0
18/04/21 15:00;21.756;57.855;29.961;25.236;60;90;60;328.1;146.5;181.6;19.04;1.8;0;424.47;70.124;123.89;0;16.405;634.89;0;634.89;424.47;123.89;70.124;16.405;0.6686;0.1363;0;0.0258;610.66;24.232;0;0;8.8436;15.388;604.21;2.7871;0.4367;0.1274;2.1541;0.0689;607;3.664;2.5468;0.7433;0.3677;0.0061;606.73;421.49;123.02;58.759;0.9422;70.658;56.456;25.694;11.728;1.3421;19.306;2.5164;8.9204;0;1;0;0;1.935;0.9618;1;1;0.8739;0.062;0.9954;0.999;1;0.9646;0.9319;0.994;0.994;1;0.994;0.994;0.9517;0.8379;0.0574;1.9066;1.8681;0.0112;0.0018;0.1241;0.0121;0.043;0.0036;0;0;0.088;0;1.5158;0;0;0;0;0;0;0;0;0;0;0;0;0.0346;0.008;1.6298;1.6298;0;43.872;43.872;24.832;0.0411;1606.6;1014.4;1;0.026;0.026;0;0;0;0;0;0;1.6038;1.5158;0;16.284;18.857;15.145;17.538;98.404;98.404;15.237;13.025;12.114;2.2122;0.9112;0.1452;0.0598;0.795;61.048;0.7773;0
18/04/21 16:00;10.826;68.152;62.902;11.641;17.659;90;17.659;121.09;103.3;17.797;18.15;1.87;0;43.163;93.807;17.529;0;0.5706;155.07;0;155.07;43.163;17.529;93.807;0.5706;0.2783;0.6086;0;0.0037;152.82;2.2493;0;0;1.7713;0.478;145.59;6.3162;2.1378;0.8682;3.2896;0.0206;151.9;0.9169;0.259;0.1052;0.5522;0.0006;145.7;40.766;16.556;88.194;0.0715;57.801;46.183;17.986;0.2163;0.6855;9.8606;0.1092;10.33;0;1;0;0;1.2806;0.9855;1;1;0.9811;0.1623;0.9584;0.9502;1;0.964;0.7765;0.994;0.994;1;0.994;0.994;0.9389;0.9402;0.1253;0.4657;0.4596;0.0028;0.0181;-0.0015;0.0031;0.0109;0.0019;0;0;0.088;0;0.3185;0;0;0;0;0;0;0;0;0;0;0;0;0.0088;0.0007;0.4149;0.4149;0;24.092;24.092;5.9419;0.0408;392.42;1057.3;1;0.0084;0.0084;0;0;0;0;0;0;0.4065;0.3185;0;16.973;19.654;13.028;15.086;97.97;97.97;3.7217;3.3158;2.5452;0.4058;0.7706;0.109;0.2071;0.6839;57.678;0.6528;0
18/04/21 17:00;2.4946;74.677;83.941;2.5864;3.6968;90;3.6968;0;0;0;15.67;2.2301;0;0;0;0;0;0;0;0;0;0;0;0;0;1;1;1;1;0;0;0;0;0;0;0;0;0;0;0;0;0;0;0;0;0;0;0;0;0;0;0;0;0;0;0;0;0;0;0;0;0;0;0;1;1;1;1;1;1;1;1;1;1;1;1;1;1;1;1;1;1;1;0;0;0;0;0;0;0;0;0;0.0004;0.088;0;-0.0884;0;0;0;0;0;0;0;0;0;0;0;0;0;0;0;0;0;0;0;-15.67;0;0;0;0;0.0004;0;0;0;0;0;0;0;-0.0004;-0.0884;0;0;0;0;0;0;0;0;0;-0.7063;0;0.7063;1;1;0;0;0;0
18/04/21 18:00;0;0;90;0;0;90;0;0;0;0;12.67;2.42;0;0;0;0;0;0;0;0;0;0;0;0;0;1;1;1;1;0;0;0;0;0;0;0;0;0;0;0;0;0;0;0;0;0;0;0;0;0;0;0;0;0;0;0;0;0;0;0;0;0;0;0;1;1;1;1;1;1;1;1;1;1;1;1;1;1;1;1;1;1;1;0;0;0;0;0;0;0;0;0;0.0004;0.088;0;-0.0884;0;0;0;0;0;0;0;0;0;0;0;0;0;0;0;0;0;0;0;-12.67;0;0;0;0;0.0004;0;0;0;0;0;0;0;-0.0004;-0.0884;0;0;0;0;0;0;0;0;0;-0.7063;0;0.7063;1;1;0;0;0;0
18/04/21 19:00;0;0;90;0;0;90;0;0;0;0;11.52;2.4601;0;0;0;0;0;0;0;0;0;0;0;0;0;1;1;1;1;0;0;0;0;0;0;0;0;0;0;0;0;0;0;0;0;0;0;0;0;0;0;0;0;0;0;0;0;0;0;0;0;0;0;0;1;1;1;1;1;1;1;1;1;1;1;1;1;1;1;1;1;1;1;0;0;0;0;0;0;0;0;0;0.0004;0.088;0;-0.0884;0;0;0;0;0;0;0;0;0;0;0;0;0;0;0;0;0;0;0;-11.52;0;0;0;0;0.0004;0;0;0;0;0;0;0;-0.0004;-0.0884;0;0;0;0;0;0;0;0;0;-0.7063;0;0.7063;1;1;0;0;0;0
18/04/21 20:00;0;0;90;0;0;90;0;0;0;0;10.09;2.36;0;0;0;0;0;0;0;0;0;0;0;0;0;1;1;1;1;0;0;0;0;0;0;0;0;0;0;0;0;0;0;0;0;0;0;0;0;0;0;0;0;0;0;0;0;0;0;0;0;0;0;0;1;1;1;1;1;1;1;1;1;1;1;1;1;1;1;1;1;1;1;0;0;0;0;0;0;0;0;0;0.0004;0.088;0;-0.0884;0;0;0;0;0;0;0;0;0;0;0;0;0;0;0;0;0;0;0;-10.09;0;0;0;0;0.0004;0;0;0;0;0;0;0;-0.0004;-0.0884;0;0;0;0;0;0;0;0;0;-0.7063;0;0.7063;1;1;0;0;0;0
18/04/21 21:00;0;0;90;0;0;90;0;0;0;0;9.0501;2.1401;0;0;0;0;0;0;0;0;0;0;0;0;0;1;1;1;1;0;0;0;0;0;0;0;0;0;0;0;0;0;0;0;0;0;0;0;0;0;0;0;0;0;0;0;0;0;0;0;0;0;0;0;1;1;1;1;1;1;1;1;1;1;1;1;1;1;1;1;1;1;1;0;0;0;0;0;0;0;0;0;0.0004;0.088;0;-0.0884;0;0;0;0;0;0;0;0;0;0;0;0;0;0;0;0;0;0;0;-9.0501;0;0;0;0;0.0004;0;0;0;0;0;0;0;-0.0004;-0.0884;0;0;0;0;0;0;0;0;0;-0.7063;0;0.7063;1;1;0;0;0;0
18/04/21 22:00;0;0;90;0;0;90;0;0;0;0;9.29;1.8399;0;0;0;0;0;0;0;0;0;0;0;0;0;1;1;1;1;0;0;0;0;0;0;0;0;0;0;0;0;0;0;0;0;0;0;0;0;0;0;0;0;0;0;0;0;0;0;0;0;0;0;0;1;1;1;1;1;1;1;1;1;1;1;1;1;1;1;1;1;1;1;0;0;0;0;0;0;0;0;0;0.0004;0.088;0;-0.0884;0;0;0;0;0;0;0;0;0;0;0;0;0;0;0;0;0;0;0;-9.29;0;0;0;0;0.0004;0;0;0;0;0;0;0;-0.0004;-0.0884;0;0;0;0;0;0;0;0;0;-0.7063;0;0.7063;1;1;0;0;0;0
18/04/21 23:00;0;0;90;0;0;90;0;0;0;0;8.3501;1.57;0;0;0;0;0;0;0;0;0;0;0;0;0;1;1;1;1;0;0;0;0;0;0;0;0;0;0;0;0;0;0;0;0;0;0;0;0;0;0;0;0;0;0;0;0;0;0;0;0;0;0;0;1;1;1;1;1;1;1;1;1;1;1;1;1;1;1;1;1;1;1;0;0;0;0;0;0;0;0;0;0.0004;0.088;0;-0.0884;0;0;0;0;0;0;0;0;0;0;0;0;0;0;0;0;0;0;0;-8.3501;0;0;0;0;0.0004;0;0;0;0;0;0;0;-0.0004;-0.0884;0;0;0;0;0;0;0;0;0;-0.7063;0;0.7063;1;1;0;0;0;0
19/04/21 00:00;0;0;90;0;0;90;0;0;0;0;7.7797;1.38;0;0;0;0;0;0;0;0;0;0;0;0;0;1;1;1;1;0;0;0;0;0;0;0;0;0;0;0;0;0;0;0;0;0;0;0;0;0;0;0;0;0;0;0;0;0;0;0;0;0;0;0;1;1;1;1;1;1;1;1;1;1;1;1;1;1;1;1;1;1;1;0;0;0;0;0;0;0;0;0;0.0004;0.088;0;-0.0884;0;0;0;0;0;0;0;0;0;0;0;0;0;0;0;0;0;0;0;-7.7797;0;0;0;0;0.0004;0;0;0;0;0;0;0;-0.0004;-0.0884;0;0;0;0;0;0;0;0;0;-0.7063;0;0.7063;1;1;0;0;0;0
19/04/21 01:00;0;0;90;0;0;90;0;0;0;0;6.8902;1.1001;0;0;0;0;0;0;0;0;0;0;0;0;0;1;1;1;1;0;0;0;0;0;0;0;0;0;0;0;0;0;0;0;0;0;0;0;0;0;0;0;0;0;0;0;0;0;0;0;0;0;0;0;1;1;1;1;1;1;1;1;1;1;1;1;1;1;1;1;1;1;1;0;0;0;0;0;0;0;0;0;0.0004;0.088;0;-0.0884;0;0;0;0;0;0;0;0;0;0;0;0;0;0;0;0;0;0;0;-6.8902;0;0;0;0;0.0004;0;0;0;0;0;0;0;-0.0004;-0.0884;0;0;0;0;0;0;0;0;0;-0.7063;0;0.7063;1;1;0;0;0;0
19/04/21 02:00;0;0;90;0;0;90;0;0;0;0;5.9702;0.75;0;0;0;0;0;0;0;0;0;0;0;0;0;1;1;1;1;0;0;0;0;0;0;0;0;0;0;0;0;0;0;0;0;0;0;0;0;0;0;0;0;0;0;0;0;0;0;0;0;0;0;0;1;1;1;1;1;1;1;1;1;1;1;1;1;1;1;1;1;1;1;0;0;0;0;0;0;0;0;0;0.0004;0.088;0;-0.0884;0;0;0;0;0;0;0;0;0;0;0;0;0;0;0;0;0;0;0;-5.9702;0;0;0;0;0.0004;0;0;0;0;0;0;0;-0.0004;-0.0884;0;0;0;0;0;0;0;0;0;-0.7063;0;0.7063;1;1;0;0;0;0
19/04/21 03:00;0;0;90;0;0;90;0;0;0;0;4.39;0.5;0;0;0;0;0;0;0;0;0;0;0;0;0;1;1;1;1;0;0;0;0;0;0;0;0;0;0;0;0;0;0;0;0;0;0;0;0;0;0;0;0;0;0;0;0;0;0;0;0;0;0;0;1;1;1;1;1;1;1;1;1;1;1;1;1;1;1;1;1;1;1;0;0;0;0;0;0;0;0;0;0.0004;0.088;0;-0.0884;0;0;0;0;0;0;0;0;0;0;0;0;0;0;0;0;0;0;0;-4.39;0;0;0;0;0.0004;0;0;0;0;0;0;0;-0.0004;-0.0884;0;0;0;0;0;0;0;0;0;-0.7063;0;0.7063;1;1;0;0;0;0
19/04/21 04:00;0;0;90;0;0;90;0;0;0;0;4.17;0.4799;0;0;0;0;0;0;0;0;0;0;0;0;0;1;1;1;1;0;0;0;0;0;0;0;0;0;0;0;0;0;0;0;0;0;0;0;0;0;0;0;0;0;0;0;0;0;0;0;0;0;0;0;1;1;1;1;1;1;1;1;1;1;1;1;1;1;1;1;1;1;1;0;0;0;0;0;0;0;0;0;0.0004;0.088;0;-0.0884;0;0;0;0;0;0;0;0;0;0;0;0;0;0;0;0;0;0;0;-4.17;0;0;0;0;0.0004;0;0;0;0;0;0;0;-0.0004;-0.0884;0;0;0;0;0;0;0;0;0;-0.7063;0;0.7063;1;1;0;0;0;0
19/04/21 05:00;0;0;90;0;0;90;0;0;0;0;3.2599;0.5699;0;0;0;0;0;0;0;0;0;0;0;0;0;1;1;1;1;0;0;0;0;0;0;0;0;0;0;0;0;0;0;0;0;0;0;0;0;0;0;0;0;0;0;0;0;0;0;0;0;0;0;0;1;1;1;1;1;1;1;1;1;1;1;1;1;1;1;1;1;1;1;0;0;0;0;0;0;0;0;0;0.0004;0.088;0;-0.0884;0;0;0;0;0;0;0;0;0;0;0;0;0;0;0;0;0;0;0;-3.2599;0;0;0;0;0.0004;0;0;0;0;0;0;0;-0.0004;-0.0884;0;0;0;0;0;0;0;0;0;-0.7063;0;0.7063;1;1;0;0;0;0
19/04/21 06:00;3.0996;-73.795;82.465;3.2276;4.6205;-90;-4.6205;9.7087;9.6984;0.0103;2.6703;0.9;0;0.0249;9.6813;0.0033;0;0.0032;9.7127;0;9.7127;0.0249;0.0033;9.6813;0.0032;0.0026;0.9971;0;0.0003;9.6899;0.0227;0;0;0.0201;0.0026;9.1992;0.4326;0.0104;0.0014;0.4207;0.0001;9.6318;0.0581;0.0001;0;0.058;0;9.1993;0.0143;0.0019;9.1825;0.0004;5.7468;4.5917;1.7561;0;0.0689;0.9904;0.0001;1.0592;0;1;0;0;1.0004;0.9977;1;1;0.9979;0.1639;0.9551;0.5787;1;0.9562;0.7768;0.994;0.994;1;0.994;0.994;0.9471;0.9485;0.1265;0.0292;0.0298;0.0002;0.006;-0.0022;0.0002;0.0006;0.0002;0;0;0.088;0;-0.0662;0;0;0;0;0;0;0;0;0;0;0;0;0.0005;0;0.0244;0.0244;0;3.0541;3.0541;0.3839;0.0417;23.661;1029.2;1;0.0026;0.0026;0;0;0;0;0;0;0.0218;-0.0662;0;15.905;18.418;-43.261;-50.096;89.37;89.37;0.2331;0.1946;-0.5294;0.0385;0.724;0.1651;3.1058;0;5.7468;0;0
19/04/21 07:00;11.762;-66.903;60.371;12.755;19.62;-90;-19.62;157.51;35.701;121.81;4.7603;1.41;0;295.41;19.361;38.226;0;0.9145;353.92;0;353.92;295.41;38.226;19.361;0.9145;0.8347;0.0573;0;0.0026;352.71;1.2012;0;0;0.4352;0.766;337.05;13.553;11.392;1.4741;0.6537;0.0326;350.6;2.1163;1.7725;0.2294;0.1136;0.0009;337.08;282.25;36.522;18.159;0.1149;12.681;10.132;4.0788;0.0648;0.1429;2.0555;0.0294;2.1336;0;1;0;0;2.247;0.9966;1;1;0.9775;0.1623;0.9613;0.9612;1;0.9653;0.7791;0.994;0.994;1;0.994;0.994;0.9523;0.9379;0.1257;1.0628;1.0196;0.0061;0.0132;-0.0238;0.0072;0.0254;0.0004;0;0;0.088;0;0.8635;0;0;0;0;0;0;0;0;0;0;0;0;0.0205;0.0026;0.968;0.968;0;18.36;18.36;13.6;0.0403;872.94;1108.9;1;0.0165;0.0165;0;0;0;0;0;0;0.9515;0.8635;0;17.35;20.091;15.477;17.922;98.294;98.294;8.494;7.7362;6.901;0.7578;0.8353;0.0892;0.0983;0.8125;12.007;0.8089;0
19/04/21 08:00;22.561;-56.436;30.881;26.5;60;-90;-60;363.4;61.903;301.5;8.8599;1.6799;0;674.44;19.471;80.4;0;18.17;792.48;0;792.48;674.44;80.4;19.471;18.17;0.851;0.0475;0;0.0229;773.03;19.454;0;0;2.4504;17.004;766.55;1.8391;1.0401;0.124;0.5982;0.0769;768.39;4.6382;4.0466;0.4824;0.1021;0.007;768.28;669.35;79.793;16.321;1.0824;44.686;35.704;15.775;3.2598;0.6094;8.7667;1.7265;6.1163;0;1;0;0;2.1807;0.9755;1;1;0.8742;0.0642;0.9976;0.9984;1;0.9646;0.9337;0.994;0.994;1;0.994;0.994;0.9673;0.8382;0.0596;2.3798;2.3324;0.014;-0.0017;0.124;0.0154;0.0545;0.0017;0;0;0.088;0;1.9458;0;0;0;0;0;0;0;0;0;0;0;0;0.0439;0.0121;2.0686;2.0686;0;40.251;40.251;31.391;0.041;2004.4;1032;1;0.0348;0.0348;0;0;0;0;0;0;2.0338;1.9458;0;16.559;19.175;15.576;18.037;98.319;98.319;19.02;16.532;15.551;2.4872;0.9812;0.1308;0.0516;0.8176;16.956;0.8109;0
19/04/21 09:00;31.979;-43.699;37.825;42.105;47.895;-90;-47.895;532.1;88.298;443.81;13.37;2.66;0;661.91;28.09;81.533;0;17.533;789.06;0;789.06;661.91;81.533;28.09;17.533;0.8389;0.0578;0;0.0222;770.17;18.891;0;0;2.5502;16.341;760.51;5.0385;3.6929;0.4549;0.8347;0.056;765.55;4.621;3.9714;0.4892;0.1532;0.0072;764.72;654.24;80.589;24.551;1.1293;214.92;171.72;68.219;2.132;2.5481;36.653;4.2096;37.069;0;1;0;0;1.4829;0.9761;1;1;0.9092;0.068;0.9934;0.9944;1;0.9671;0.9527;0.994;0.994;1;0.994;0.994;0.9638;0.874;0.0644;2.3696;2.3805;0.0143;-0.0019;0.1634;0.0154;0.0547;0.0068;0;0;0.088;0;1.9487;0;0;0;0;0;0;0;0;0;0;0;0;0.0441;0.0125;2.0711;2.0711;0;44.627;44.627;31.257;0.0411;2046.4;1012.1;1;0.0344;0.0344;0;0;0;0;0;0;2.0367;1.9487;0;16.651;19.281;15.667;18.142;98.338;98.338;18.937;16.552;15.574;2.385;0.9783;0.1259;0.0517;0.8224;21.483;0.7948;0
19/04/21 10:00;39.18;-27.891;43.245;60.145;29.855;-90;-29.855;655.8;108.1;547.7;16.08;3.13;0;631.5;36.281;79.837;0;8.7033;756.32;0;756.32;631.5;79.837;36.281;8.7033;0.835;0.0595;0;0.0115;747.1;9.2243;0;0;1.6003;7.624;735.09;7.5237;5.513;0.697;1.1234;0.1904;742.62;4.4826;3.789;0.479;0.2081;0.0065;737.46;622.2;78.661;33.349;0.8824;348.96;278.82;114.68;0.5424;3.6928;53.12;2.3668;56.27;0;1;0;0;1.1533;0.9878;1;1;0.9559;0.124;0.9899;0.9912;1;0.9674;0.8225;0.994;0.994;1;0.994;0.994;0.9719;0.9192;0.1014;2.2712;2.3331;0.014;-0.0017;0.1744;0.015;0.0533;0.0098;0;0;0.088;0;1.8922;0;0;0;0;0;0;0;0;0;0;0;0;0.0429;0.0121;2.0134;2.0134;0;46.337;46.337;30.257;0.0412;2004.8;1004.3;1;0.0331;0.0331;0;0;0;0;0;0;1.9802;1.8922;0;16.887;19.555;15.871;18.378;98.354;98.354;18.152;16.091;15.123;2.0611;0.9682;0.1135;0.0533;0.8331;23.889;0.7915;0
19/04/21 11:00;43.089;-9.0202;46.159;80.485;9.5148;-90;-9.5148;714.2;119;595.21;17.01;3.5001;0;603.51;42.102;77.672;0;0.9825;724.27;0;724.27;603.51;77.672;42.102;0.9825;0.8333;0.0595;0;0.0014;723.17;1.0998;0;0;0.2806;0.8193;709.98;8.8482;6.2909;0.8096;1.7112;0.0365;718.83;4.339;3.6211;0.466;0.2509;0.001;710.16;593.6;76.396;39.859;0.1258;417.53;333.61;133.95;0.0103;4.5891;66.012;0.1847;70.591;0;1;0;0;1.0141;0.9985;1;1;0.9933;0.1662;0.9877;0.9895;1;0.9588;0.7753;0.994;0.994;1;0.994;0.994;0.9803;0.9467;0.1281;2.175;2.2781;0.0137;-0.0015;0.1695;0.0147;0.052;0.0121;0;0;0.088;0;1.8438;0;0;0;0;0;0;0;0;0;0;0;0;0.0419;0.0115;1.964;1.964;0;46.233;46.233;29.223;0.0412;1955.9;1004.2;1;0.0322;0.0322;0;0;0;0;0;0;1.9318;1.8438;0;17.202;19.92;16.15;18.701;98.36;98.36;17.382;15.697;14.736;1.6858;0.9607;0.097;0.0553;0.8478;25.208;0.7936;0
19/04/21 12:00;42.862;11.124;45.991;78.255;11.745;90;11.745;356.8;307.8;49.001;17.74;3.7;0;50.048;288.37;16.732;0;0.747;355.89;0;355.89;50.048;16.732;288.37;0.747;0.1406;0.8124;0;0.0021;352.53;3.3649;0;0;2.7412;0.6237;338.4;12.011;0.5168;0.1728;11.293;0.0276;350.41;2.1152;0.3003;0.1004;1.7138;0.0007;338.55;49.231;16.459;272.62;0.095;211.64;169.1;65.787;0.1537;2.473;35.573;0.146;37.892;0;1;0;0;0.9975;0.9905;1;1;0.9905;0.1651;0.9657;0.9896;1;0.9602;0.7746;0.994;0.994;1;0.994;0.994;0.9509;0.9454;0.1271;1.0687;1.0947;0.0066;0.0121;0.0255;0.0074;0.0261;0.0068;0;0;0.088;0;0.8822;0;0;0;0;0;0;0;0;0;0;0;0;0.021;0.003;0.9863;0.9863;0;31.546;31.546;13.806;0.0408;937.17;1052.4;1;0.016;0.016;0;0;0;0;0;0;0.9702;0.8822;0;17.579;20.357;15.725;18.21;98.376;98.376;8.5415;7.8821;7.0508;0.6593;0.8313;0.0772;0.0973;0.8255;173.66;0.768;0
19/04/21 13:00;38.554;29.721;42.777;58.115;31.885;90;31.885;769.19;126.9;642.3;18.54;3.8201;0;756.43;27.993;113.79;0;11.606;909.82;0;909.82;756.43;113.79;27.993;11.606;0.8314;0.0435;0;0.0128;898.15;11.667;0;0;1.373;10.294;884.33;8.4335;6.3975;0.9624;0.8577;0.216;892.76;5.3889;4.5386;0.6827;0.1597;0.0079;887.47;745.49;112.15;25.603;1.088;400.56;320.05;133.74;0.5262;4.0963;58.924;3.1371;62.494;0;1;0;0;1.1828;0.9872;1;1;0.951;0.113;0.9906;0.9915;1;0.9676;0.8344;0.994;0.994;1;0.994;0.994;0.972;0.9146;0.0937;2.7322;2.7972;0.0168;-0.0016;0.2965;0.0174;0.0617;0.0105;0;0;0.088;0;2.2014;0;0;0;0;0;0;0;0;0;0;0;0;0.0497;0.0171;2.3291;2.3291;0;55.203;55.203;36.663;0.0415;2406.9;967.7;1;0.0397;0.0397;0;0;0;0;0;0;2.2894;2.2014;0;16.24;18.805;15.349;17.774;98.296;98.296;21.836;18.614;17.594;3.2213;1.0206;0.1475;0.0467;0.8057;18.698;0.7685;0
19/04/21 14:00;31.07;45.181;37.138;40.346;49.654;90;49.654;358.6;245.5;113.1;18.92;3.9001;0;174.7;169.47;61.399;0;12.644;418.22;0;418.22;174.7;61.399;169.47;12.644;0.4177;0.4355;0;0.0302;390.14;28.08;0;0;16.244;11.836;381.49;6.3013;0.9049;0.318;5.0436;0.0348;387.8;2.3408;1.0482;0.3684;0.9194;0.0048;385.59;172.75;60.712;147.27;0.7682;187.84;150.08;63.719;14.552;2.7854;40.066;4.096;28.3;0;1;0;0;1.1663;0.9329;1;1;0.9042;0.0639;0.9838;0.9948;1;0.9669;0.9567;0.994;0.994;1;0.994;0.994;0.9122;0.869;0.0608;1.2559;1.2458;0.0075;0.0099;0.042;0.0083;0.0295;0.0076;0;0;0.088;0;1.0077;0;0;0;0;0;0;0;0;0;0;0;0;0.0237;0.0038;1.1135;1.1135;0;34.511;34.511;15.591;0.0409;1068;1042.6;1;0.0178;0.0178;0;0;0;0;0;0;1.0957;1.0077;0;16.89;19.558;15.285;17.7;98.402;98.402;10.037;8.8989;8.0535;1.1383;0.8455;0.1134;0.0842;0.8024;131.86;0.7487;0
19/04/21 15:00;21.472;57.635;30.26;24.97;60;90;60;338.81;131.4;207.41;19.21;3.14;0;489.41;57.294;129.81;0;16.94;693.46;0;693.46;489.41;129.81;57.294;16.94;0.7058;0.1071;0;0.0244;670.34;23.116;0;0;7.2256;15.89;663.76;2.5627;0.5782;0.1534;1.76;0.0711;666.32;4.022;2.9365;0.7788;0.3004;0.0063;665.78;485.9;128.88;48.008;0.9729;58.228;46.524;21.361;9.5828;1.0886;15.658;2.0199;7.1642;0;1;0;0;2.0468;0.9667;1;1;0.8739;0.062;0.9962;0.9988;1;0.9646;0.9319;0.994;0.994;1;0.994;0.994;0.9572;0.8379;0.0574;2.0824;2.0383;0.0123;0.0001;0.1544;0.0131;0.0465;0.0029;0;0;0.088;0;1.6459;0;0;0;0;0;0;0;0;0;0;0;0;0.0374;0.0094;1.7623;1.7623;0;46.542;46.542;27.332;0.0412;1752.5;1005.6;1;0.0284;0.0284;0;0;0;0;0;0;1.7339;1.6459;0;16.121;18.668;15.056;17.435;98.39;98.39;16.643;14.084;13.154;2.559;0.9301;0.1538;0.0559;0.7904;49.879;0.7772;0
19/04/21 16:00;10.564;67.915;63.601;11.379;17.209;90;17.209;120.1;101.6;18.497;18.43;2.44;0;44.86;91.923;18.369;0;0.5376;155.69;0;155.69;44.86;18.369;91.923;0.5376;0.2881;0.5939;0;0.0035;153.58;2.1122;0;0;1.662;0.4502;146.02;6.6402;2.3901;0.9787;3.2519;0.0195;152.66;0.9215;0.2692;0.1102;0.5416;0.0005;146.12;42.201;17.28;86.468;0.0675;56.543;45.178;17.579;0.1936;0.6704;9.6435;0.1002;10.12;0;1;0;0;1.2963;0.9864;1;1;0.9819;0.1627;0.9565;0.9464;1;0.9638;0.7762;0.994;0.994;1;0.994;0.994;0.9379;0.9407;0.1255;0.4675;0.4604;0.0028;0.0181;-0.001;0.0031;0.0109;0.0018;0;0;0.088;0;0.3188;0;0;0;0;0;0;0;0;0;0;0;0;0.0088;0.0007;0.4152;0.4152;0;24.391;24.391;5.9608;0.0408;393.15;1056.2;1;0.0084;0.0084;0;0;0;0;0;0;0.4068;0.3188;0;16.919;19.591;12.99;15.042;97.973;97.973;3.7366;3.3185;2.5479;0.4181;0.7706;0.1119;0.2062;0.6819;56.415;0.6517;0
19/04/21 17:00;2.4412;74.286;84.071;2.5359;3.6242;90;3.6242;0;0;0;15.85;2.6299;0;0;0;0;0;0;0;0;0;0;0;0;0;1;1;1;1;0;0;0;0;0;0;0;0;0;0;0;0;0;0;0;0;0;0;0;0;0;0;0;0;0;0;0;0;0;0;0;0;0;0;0;1;1;1;1;1;1;1;1;1;1;1;1;1;1;1;1;1;1;1;0;0;0;0;0;0;0;0;0;0.0004;0.088;0;-0.0884;0;0;0;0;0;0;0;0;0;0;0;0;0;0;0;0;0;0;0;-15.85;0;0;0;0;0.0004;0;0;0;0;0;0;0;-0.0004;-0.0884;0;0;0;0;0;0;0;0;0;-0.7063;0;0.7063;1;1;0;0;0;0
19/04/21 18:00;0;0;90;0;0;90;0;0;0;0;12.32;2.66;0;0;0;0;0;0;0;0;0;0;0;0;0;1;1;1;1;0;0;0;0;0;0;0;0;0;0;0;0;0;0;0;0;0;0;0;0;0;0;0;0;0;0;0;0;0;0;0;0;0;0;0;1;1;1;1;1;1;1;1;1;1;1;1;1;1;1;1;1;1;1;0;0;0;0;0;0;0;0;0;0.0004;0.088;0;-0.0884;0;0;0;0;0;0;0;0;0;0;0;0;0;0;0;0;0;0;0;-12.32;0;0;0;0;0.0004;0;0;0;0;0;0;0;-0.0004;-0.0884;0;0;0;0;0;0;0;0;0;-0.7063;0;0.7063;1;1;0;0;0;0
19/04/21 19:00;0;0;90;0;0;90;0;0;0;0;10.67;2.4799;0;0;0;0;0;0;0;0;0;0;0;0;0;1;1;1;1;0;0;0;0;0;0;0;0;0;0;0;0;0;0;0;0;0;0;0;0;0;0;0;0;0;0;0;0;0;0;0;0;0;0;0;1;1;1;1;1;1;1;1;1;1;1;1;1;1;1;1;1;1;1;0;0;0;0;0;0;0;0;0;0.0004;0.088;0;-0.0884;0;0;0;0;0;0;0;0;0;0;0;0;0;0;0;0;0;0;0;-10.67;0;0;0;0;0.0004;0;0;0;0;0;0;0;-0.0004;-0.0884;0;0;0;0;0;0;0;0;0;-0.7063;0;0.7063;1;1;0;0;0;0
19/04/21 20:00;0;0;90;0;0;90;0;0;0;0;10.84;2.18;0;0;0;0;0;0;0;0;0;0;0;0;0;1;1;1;1;0;0;0;0;0;0;0;0;0;0;0;0;0;0;0;0;0;0;0;0;0;0;0;0;0;0;0;0;0;0;0;0;0;0;0;1;1;1;1;1;1;1;1;1;1;1;1;1;1;1;1;1;1;1;0;0;0;0;0;0;0;0;0;0.0004;0.088;0;-0.0884;0;0;0;0;0;0;0;0;0;0;0;0;0;0;0;0;0;0;0;-10.84;0;0;0;0;0.0004;0;0;0;0;0;0;0;-0.0004;-0.0884;0;0;0;0;0;0;0;0;0;-0.7063;0;0.7063;1;1;0;0;0;0
19/04/21 21:00;0;0;90;0;0;90;0;0;0;0;10.27;1.79;0;0;0;0;0;0;0;0;0;0;0;0;0;1;1;1;1;0;0;0;0;0;0;0;0;0;0;0;0;0;0;0;0;0;0;0;0;0;0;0;0;0;0;0;0;0;0;0;0;0;0;0;1;1;1;1;1;1;1;1;1;1;1;1;1;1;1;1;1;1;1;0;0;0;0;0;0;0;0;0;0.0004;0.088;0;-0.0884;0;0;0;0;0;0;0;0;0;0;0;0;0;0;0;0;0;0;0;-10.27;0;0;0;0;0.0004;0;0;0;0;0;0;0;-0.0004;-0.0884;0;0;0;0;0;0;0;0;0;-0.7063;0;0.7063;1;1;0;0;0;0
19/04/21 22:00;0;0;90;0;0;90;0;0;0;0;8.0702;1.46;0;0;0;0;0;0;0;0;0;0;0;0;0;1;1;1;1;0;0;0;0;0;0;0;0;0;0;0;0;0;0;0;0;0;0;0;0;0;0;0;0;0;0;0;0;0;0;0;0;0;0;0;1;1;1;1;1;1;1;1;1;1;1;1;1;1;1;1;1;1;1;0;0;0;0;0;0;0;0;0;0.0004;0.088;0;-0.0884;0;0;0;0;0;0;0;0;0;0;0;0;0;0;0;0;0;0;0;-8.0702;0;0;0;0;0.0004;0;0;0;0;0;0;0;-0.0004;-0.0884;0;0;0;0;0;0;0;0;0;-0.7063;0;0.7063;1;1;0;0;0;0
19/04/21 23:00;0;0;90;0;0;90;0;0;0;0;7.5902;1.4301;0;0;0;0;0;0;0;0;0;0;0;0;0;1;1;1;1;0;0;0;0;0;0;0;0;0;0;0;0;0;0;0;0;0;0;0;0;0;0;0;0;0;0;0;0;0;0;0;0;0;0;0;1;1;1;1;1;1;1;1;1;1;1;1;1;1;1;1;1;1;1;0;0;0;0;0;0;0;0;0;0.0004;0.088;0;-0.0884;0;0;0;0;0;0;0;0;0;0;0;0;0;0;0;0;0;0;0;-7.5902;0;0;0;0;0.0004;0;0;0;0;0;0;0;-0.0004;-0.0884;0;0;0;0;0;0;0;0;0;-0.7063;0;0.7063;1;1;0;0;0;0
20/04/21 00:00;0;0;90;0;0;90;0;0;0;0;6.6901;1.7599;0;0;0;0;0;0;0;0;0;0;0;0;0;1;1;1;1;0;0;0;0;0;0;0;0;0;0;0;0;0;0;0;0;0;0;0;0;0;0;0;0;0;0;0;0;0;0;0;0;0;0;0;1;1;1;1;1;1;1;1;1;1;1;1;1;1;1;1;1;1;1;0;0;0;0;0;0;0;0;0;0.0004;0.088;0;-0.0884;0;0;0;0;0;0;0;0;0;0;0;0;0;0;0;0;0;0;0;-6.6901;0;0;0;0;0.0004;0;0;0;0;0;0;0;-0.0004;-0.0884;0;0;0;0;0;0;0;0;0;-0.7063;0;0.7063;1;1;0;0;0;0
20/04/21 01:00;0;0;90;0;0;90;0;0;0;0;6.7998;2.1699;0;0;0;0;0;0;0;0;0;0;0;0;0;1;1;1;1;0;0;0;0;0;0;0;0;0;0;0;0;0;0;0;0;0;0;0;0;0;0;0;0;0;0;0;0;0;0;0;0;0;0;0;1;1;1;1;1;1;1;1;1;1;1;1;1;1;1;1;1;1;1;0;0;0;0;0;0;0;0;0;0.0004;0.088;0;-0.0884;0;0;0;0;0;0;0;0;0;0;0;0;0;0;0;0;0;0;0;-6.7998;0;0;0;0;0.0004;0;0;0;0;0;0;0;-0.0004;-0.0884;0;0;0;0;0;0;0;0;0;-0.7063;0;0.7063;1;1;0;0;0;0
20/04/21 02:00;0;0;90;0;0;90;0;0;0;0;7.45;2.5401;0;0;0;0;0;0;0;0;0;0;0;0;0;1;1;1;1;0;0;0;0;0;0;0;0;0;0;0;0;0;0;0;0;0;0;0;0;0;0;0;0;0;0;0;0;0;0;0;0;0;0;0;1;1;1;1;1;1;1;1;1;1;1;1;1;1;1;1;1;1;1;0;0;0;0;0;0;0;0;0;0.0004;0.088;0;-0.0884;0;0;0;0;0;0;0;0;0;0;0;0;0;0;0;0;0;0;0;-7.45;0;0;0;0;0.0004;0;0;0;0;0;0;0;-0.0004;-0.0884;0;0;0;0;0;0;0;0;0;-0.7063;0;0.7063;1;1;0;0;0;0
20/04/21 03:00;0;0;90;0;0;90;0;0;0;0;6.8802;2.8601;0;0;0;0;0;0;0;0;0;0;0;0;0;1;1;1;1;0;0;0;0;0;0;0;0;0;0;0;0;0;0;0;0;0;0;0;0;0;0;0;0;0;0;0;0;0;0;0;0;0;0;0;1;1;1;1;1;1;1;1;1;1;1;1;1;1;1;1;1;1;1;0;0;0;0;0;0;0;0;0;0.0004;0.088;0;-0.0884;0;0;0;0;0;0;0;0;0;0;0;0;0;0;0;0;0;0;0;-6.8802;0;0;0;0;0.0004;0;0;0;0;0;0;0;-0.0004;-0.0884;0;0;0;0;0;0;0;0;0;-0.7063;0;0.7063;1;1;0;0;0;0
20/04/21 04:00;0;0;90;0;0;90;0;0;0;0;7.6999;3.0201;0;0;0;0;0;0;0;0;0;0;0;0;0;1;1;1;1;0;0;0;0;0;0;0;0;0;0;0;0;0;0;0;0;0;0;0;0;0;0;0;0;0;0;0;0;0;0;0;0;0;0;0;1;1;1;1;1;1;1;1;1;1;1;1;1;1;1;1;1;1;1;0;0;0;0;0;0;0;0;0;0.0004;0.088;0;-0.0884;0;0;0;0;0;0;0;0;0;0;0;0;0;0;0;0;0;0;0;-7.6999;0;0;0;0;0.0004;0;0;0;0;0;0;0;-0.0004;-0.0884;0;0;0;0;0;0;0;0;0;-0.7063;0;0.7063;1;1;0;0;0;0
20/04/21 05:00;0;0;90;0;0;90;0;0;0;0;8.2802;3.07;0;0;0;0;0;0;0;0;0;0;0;0;0;1;1;1;1;0;0;0;0;0;0;0;0;0;0;0;0;0;0;0;0;0;0;0;0;0;0;0;0;0;0;0;0;0;0;0;0;0;0;0;1;1;1;1;1;1;1;1;1;1;1;1;1;1;1;1;1;1;1;0;0;0;0;0;0;0;0;0;0.0004;0.088;0;-0.0884;0;0;0;0;0;0;0;0;0;0;0;0;0;0;0;0;0;0;0;-8.2802;0;0;0;0;0.0004;0;0;0;0;0;0;0;-0.0004;-0.0884;0;0;0;0;0;0;0;0;0;-0.7063;0;0.7063;1;1;0;0;0;0
20/04/21 06:00;2.937;-73.488;82.862;3.0631;4.3832;-90;-4.3832;8.0092;8.0025;0.0067;8.0197;3.62;0;0.0163;7.99;0.0019;0;0.0023;8.0105;0;8.0105;0.0163;0.0019;7.99;0.0023;0.002;0.9977;0;0.0003;7.9933;0.0173;0;0;0.0153;0.002;7.5891;0.3562;0.0071;0.0008;0.3481;0.0001;7.9453;0.048;0.0001;0;0.0478;0;7.5892;0.0091;0.001;7.5787;0.0003;4.7415;3.7885;1.4487;0;0.0568;0.8173;0.0001;0.8741;0;1;0;0;1.0002;0.9978;1;1;0.9981;0.1638;0.9552;0.5595;1;0.9561;0.7769;0.994;0.994;1;0.994;0.994;0.9474;0.9485;0.1265;0.0241;0.0246;0.0001;0.0054;-0.0014;0.0001;0.0005;0.0001;0;0;0.088;0;-0.0712;0;0;0;0;0;0;0;0;0;0;0;0;0.0004;0;0.0192;0.0192;0;8.3392;8.3392;0.3195;0.0421;19.291;995.94;1;0.0024;0.0024;0;0;0;0;0;0;0.0168;-0.0712;0;15.215;17.618;-56.383;-65.291;87.448;87.448;0.1923;0.1535;-0.569;0.0387;0.7226;0.2013;3.7584;0;4.7415;0;0
20/04/21 07:00;11.583;-66.6;60.859;12.589;19.322;-90;-19.322;92.907;74.003;18.903;9.4502;3.62;0;45.846;66.914;12.491;0;0.5233;125.77;0;125.77;45.846;12.491;66.914;0.5233;0.3645;0.5362;0;0.0042;123.87;1.9044;0;0;1.4662;0.4382;118.48;4.6475;1.852;0.5046;2.2721;0.0187;123.13;0.7432;0.2751;0.0749;0.3927;0.0005;118.58;43.719;11.912;62.783;0.0659;41.56;33.207;12.927;0.2116;0.4969;7.1471;0.0985;7.4324;0;1;0;0;1.3538;0.9849;1;1;0.9781;0.1626;0.9623;0.9594;1;0.9651;0.7788;0.994;0.994;1;0.994;0.994;0.942;0.9383;0.1259;0.3777;0.3722;0.0022;0.0178;-0.0145;0.0026;0.0091;0.0014;0;0;0.088;0;0.2497;0;0;0;0;0;0;0;0;0;0;0;0;0.0073;0.0005;0.3458;0.3458;0;14.255;14.255;4.8045;0.0406;317.08;1090.5;1;0.008;0.008;0;0;0;0;0;0;0.3377;0.2497;0;17.439;20.195;12.596;14.586;97.68;97.68;3.0186;2.7634;1.996;0.2552;0.7674;0.0845;0.2542;0.6612;41.442;0.6342;0
20/04/21 08:00;22.351;-56.137;31.215;26.343;60;-90;-60;199.8;159.3;40.499;12.4;4.3099;0;91.08;110.07;28.205;0;9.99;239.35;0;239.35;91.08;28.205;110.07;9.99;0.3805;0.5016;0;0.0417;216.14;23.201;0;0;13.852;9.3487;211.22;3.6309;0.1581;0.049;3.3815;0.0423;214.85;1.2969;0.5465;0.1692;0.5773;0.0038;214.54;90.376;27.987;92.259;0.5951;99.946;79.857;36.892;18.404;1.9808;28.493;3.3219;12.07;0;1;0;0;1.1979;0.9031;1;1;0.8742;0.0642;0.9831;0.9983;1;0.9646;0.9337;0.994;0.994;1;0.994;0.994;0.8825;0.8382;0.0596;0.7188;0.7062;0.0043;0.0169;-0.0102;0.0049;0.0173;0.0056;0;0;0.088;0;0.5527;0;0;0;0;0;0;0;0;0;0;0;0;0.0139;0.0014;0.6522;0.6522;0;20.97;20.97;8.5699;0.0406;602.31;1082.9;1;0.0115;0.0115;0;0;0;0;0;0;0.6407;0.5527;0;17.287;20.018;14.649;16.964;98.233;98.233;5.7443;5.2127;4.4174;0.5315;0.7954;0.0925;0.1385;0.769;95.848;0.7061;0
20/04/21 09:00;31.73;-43.416;38.157;41.976;48.024;-90;-48.024;450.6;135.7;314.9;16.45;5.47;0;470.83;63.11;89.808;0;14.923;638.67;0;638.67;470.83;89.808;63.11;14.923;0.7372;0.1222;0;0.0234;619.01;19.662;0;0;5.752;13.91;610.14;5.1587;2.7176;0.5184;1.8756;0.0471;615.3;3.7141;2.825;0.5388;0.3441;0.0061;613.97;465.29;88.751;55.138;0.9593;193.27;154.42;62.325;4.8286;2.4168;34.765;3.8364;32.354;0;1;0;0;1.4174;0.9692;1;1;0.9089;0.0679;0.9916;0.9942;1;0.9671;0.9532;0.994;0.994;1;0.994;0.994;0.9553;0.8737;0.0643;1.9179;1.9225;0.0116;0.0012;0.1112;0.0126;0.0446;0.0065;0;0;0.088;0;1.5751;0;0;0;0;0;0;0;0;0;0;0;0;0.036;0.0084;1.6905;1.6905;0;41.475;41.475;25.025;0.041;1651.7;1023.5;1;0.0273;0.0273;0;0;0;0;0;0;1.6631;1.5751;0;16.791;19.443;15.645;18.117;98.383;98.383;15.328;13.51;12.589;1.8178;0.9218;0.1186;0.0601;0.8213;48.327;0.7891;0
20/04/21 10:00;38.885;-27.656;43.589;60.077;29.923;-90;-29.923;718.89;118.6;600.3;19.26;5.5899;0;692.63;32.444;96.731;0;9.5831;831.38;0;831.38;692.63;96.731;32.444;9.5831;0.8331;0.0506;0;0.0115;821.55;9.8338;0;0;1.4362;8.3975;808.36;8.2614;6.1848;0.8638;1.0042;0.2086;816.62;4.9293;4.1558;0.5804;0.186;0.0071;810.96;682.28;95.287;29.818;0.9698;381.63;304.92;125.46;0.4893;4.0293;57.96;2.6031;61.5;0;1;0;0;1.1565;0.9882;1;1;0.9557;0.1237;0.9899;0.991;1;0.9674;0.823;0.994;0.994;1;0.994;0.994;0.9723;0.919;0.1012;2.4966;2.5647;0.0154;-0.0022;0.2495;0.0161;0.0571;0.0104;0;0;0.088;0;2.0341;0;0;0;0;0;0;0;0;0;0;0;0;0.046;0.0145;2.1578;2.1578;0;52.706;52.706;33.445;0.0414;2206.8;977.8;1;0.0357;0.0357;0;0;0;0;0;0;2.1221;2.0341;0;16.464;19.065;15.521;17.972;98.345;98.345;19.953;17.245;16.256;2.7082;0.9886;0.1357;0.0495;0.8147;21.372;0.7743;0
20/04/21 11:00;42.756;-8.8872;46.506;80.514;9.4861;-90;-9.4861;388.41;310.2;78.206;19.93;5.8901;0;79.29;281.84;26.783;0;0.5311;388.45;0;388.45;79.29;26.783;281.84;0.5311;0.2041;0.7269;0;0.0014;386.14;2.3117;0;0;1.8688;0.4429;371.21;12.607;0.8425;0.2846;11.46;0.0197;383.82;2.3168;0.4757;0.1607;1.6798;0.0005;371.3;77.972;26.338;266.83;0.068;229.84;183.64;71.414;0.0666;2.6812;38.568;0.0912;41.182;0;1;0;0;1.0001;0.994;1;1;0.9934;0.1662;0.9672;0.9893;1;0.9588;0.7753;0.994;0.994;1;0.994;0.994;0.9556;0.9467;0.1281;1.1665;1.1996;0.0072;0.0106;0.0431;0.008;0.0283;0.0073;0;0;0.088;0;0.9638;0;0;0;0;0;0;0;0;0;0;0;0;0.0228;0.0035;1.0689;1.0689;0;35.111;35.111;15.181;0.0409;1028.4;1039.4;1;0.0171;0.0171;0;0;0;0;0;0;1.0518;0.9638;0;17.455;20.213;15.739;18.226;98.403;98.403;9.3227;8.5423;7.7026;0.7804;0.8397;0.0837;0.0901;0.8262;168.74;0.769;0
20/04/21 12:00;42.515;11.121;46.325;78.119;11.881;90;11.881;790.8;130.5;660.3;21.08;6.4699;0;674.76;35.85;96.323;0;1.6941;808.62;0;808.62;674.76;96.323;35.85;1.6941;0.8345;0.0464;0;0.0021;806.86;1.7618;0;0;0.3474;1.4144;792.45;9.5751;7.0985;1.0133;1.4007;0.0626;802.02;4.8412;4.0485;0.5779;0.213;0.0017;792.8;663.61;94.732;33.889;0.2153;459.79;367.37;149.41;0.0203;4.9301;70.918;0.3501;75.828;0;1;0;0;1.0225;0.9978;1;1;0.9903;0.1651;0.9881;0.9894;1;0.9603;0.7746;0.994;0.994;1;0.994;0.994;0.98;0.9453;0.1271;2.4283;2.5373;0.0153;-0.0022;0.2578;0.0159;0.0563;0.0127;0;0;0.088;0;1.9995;0;0;0;0;0;0;0;0;0;0;0;0;0.0453;0.0142;2.1222;2.1222;0;53.9;53.9;32.82;0.0414;2182.3;972.46;1;0.0347;0.0347;0;0;0;0;0;0;2.0875;1.9995;0;16.648;19.279;15.686;18.164;98.364;98.364;19.407;16.96;15.98;2.4465;0.9807;0.1261;0.0505;0.8234;21.598;0.7727;0
20/04/21 13:00;38.22;29.603;43.086;57.901;32.099;90;32.099;665.31;112.1;553.21;20.42;7.05;0;653.04;35.096;87.47;0;10.171;785.78;0;785.78;653.04;87.47;35.096;10.171;0.8311;0.0576;0;0.0129;775.01;10.77;0;0;1.7398;9.0305;762.7;7.6562;5.6405;0.7555;1.0742;0.186;770.36;4.6501;3.9183;0.5248;0.2001;0.0068;765.47;643.48;86.189;32.082;0.9474;346.96;277.22;115.81;0.6739;3.564;51.267;2.7634;54.158;0;1;0;0;1.1811;0.9863;1;1;0.9504;0.1121;0.9901;0.9913;1;0.9676;0.8359;0.994;0.994;1;0.994;0.994;0.9706;0.9141;0.0932;2.3597;2.4136;0.0145;-0.002;0.2287;0.0152;0.0539;0.0092;0;0;0.088;0;1.9165;0;0;0;0;0;0;0;0;0;0;0;0;0.0434;0.0129;2.0376;2.0376;0;51.96;51.96;31.539;0.0414;2076.8;981.12;1;0.0331;0.0331;0;0;0;0;0;0;2.0045;1.9165;0;16.45;19.049;15.472;17.916;98.373;98.373;18.859;16.285;15.317;2.5739;0.9682;0.1365;0.0513;0.8122;23.479;0.7744;0
20/04/21 14:00;30.762;44.995;37.421;40.093;49.907;90;49.907;506.2;127.7;378.5;21.05;7.29;0;587.72;47.546;108.47;0;18.02;761.75;0;761.75;587.72;108.47;47.546;18.02;0.7715;0.0861;0;0.0237;740.29;21.464;0;0;4.591;16.873;730.66;5.1846;3.1407;0.5797;1.4154;0.0488;735.84;4.4417;3.5263;0.6508;0.2577;0.0069;734.89;581.05;107.24;41.282;1.0912;199.8;159.64;64.16;4.1589;2.4621;35.417;4.2298;33.72;0;1;0;0;1.5048;0.9718;1;1;0.9034;0.0636;0.993;0.9946;1;0.9668;0.9572;0.994;0.994;1;0.994;0.994;0.9592;0.8683;0.0606;2.2875;2.2881;0.0138;-0.0015;0.2113;0.0145;0.0513;0.0064;0;0;0.088;0;1.8201;0;0;0;0;0;0;0;0;0;0;0;0;0.0413;0.0117;1.9395;1.9395;0;51.248;51.248;30.199;0.0413;1969.6;984.74;1;0.0314;0.0314;0;0;0;0;0;0;1.9081;1.8201;0;16.152;18.703;15.158;17.552;98.383;98.383;18.282;15.5;14.547;2.7815;0.9539;0.1521;0.0522;0.7957;37.086;0.7689;0
20/04/21 15:00;21.191;57.416;30.558;24.707;60;90;60;134.2;130.6;3.6052;20.35;6.5;0;8.5884;97.226;2.2938;0;6.7101;114.82;0;114.82;8.5884;2.2938;97.226;6.7101;0.0748;0.9052;0;0.0584;96.263;18.556;0;0;12.261;6.2941;92.656;3.0296;0.0116;0.0031;2.9867;0.0282;95.685;0.5776;0.0515;0.0138;0.5098;0.0025;95.464;8.5252;2.2769;81.468;0.3854;84.745;67.711;31.286;16.256;1.7216;24.764;2.8088;10.229;0;1;0;0;0.8556;0.8384;1;1;0.8739;0.062;0.9683;0.9986;1;0.9646;0.9319;0.994;0.994;1;0.994;0.994;0.807;0.8379;0.0574;0.3448;0.3397;0.002;0.0175;-0.0011;0.0022;0.008;0.0047;0;0;0.088;0;0.2045;0;0;0;0;0;0;0;0;0;0;0;0;0.0064;0.0004;0.2995;0.2995;0;24.148;24.148;3.7987;0.041;288.05;1039.7;1;0.007;0.007;0;0;0;0;0;0;0.2925;0.2045;0;16.546;19.16;11.296;13.08;97.653;97.653;2.7556;2.3934;1.634;0.3622;0.7595;0.1314;0.2756;0.593;84.642;0.5105;0
20/04/21 16:00;10.305;67.68;64.288;11.119;16.767;90;16.767;40.398;39.898;0.4993;19.8;4.97;0;1.2109;38.97;0.1997;0;0.1718;40.552;0;40.552;1.2109;0.1997;38.97;0.1718;0.0299;0.9652;0;0.0042;39.734;0.8182;0;0;0.6745;0.1437;38.018;1.4775;0.0694;0.0114;1.3905;0.0062;39.495;0.2384;0.0073;0.0012;0.2298;0.0002;38.057;1.1342;0.187;36.675;0.0216;23.877;19.078;7.4074;0.0749;0.2837;4.0807;0.0398;4.2895;0;1;0;0;1.0038;0.9798;1;1;0.9827;0.163;0.9626;0.9423;1;0.9635;0.7759;0.994;0.994;1;0.994;0.994;0.9375;0.9411;0.1258;0.1218;0.1232;0.0007;0.0124;-0.0017;0.0008;0.0028;0.0007;0;0;0.088;0;0.0125;0;0;0;0;0;0;0;0;0;0;0;0;0.0022;0.0001;0.1051;0.1051;0;21.371;21.371;1.5712;0.0413;103.73;1013.4;1;0.0046;0.0046;0;0;0;0;0;0;0.1005;0.0125;0;16.443;19.041;1.9582;2.2676;95.627;95.627;0.9732;0.8401;0.1;0.1332;0.74;0.1368;0.7604;0.1028;23.874;0.0956;0
20/04/21 17:00;2.3906;73.896;84.194;2.4882;3.5556;90;3.5556;0;0;0;18.96;4.9499;0;0;0;0;0;0;0;0;0;0;0;0;0;1;1;1;1;0;0;0;0;0;0;0;0;0;0;0;0;0;0;0;0;0;0;0;0;0;0;0;0;0;0;0;0;0;0;0;0;0;0;0;1;1;1;1;1;1;1;1;1;1;1;1;1;1;1;1;1;1;1;0;0;0;0;0;0;0;0;0;0.0004;0.088;0;-0.0884;0;0;0;0;0;0;0;0;0;0;0;0;0;0;0;0;0;0;0;-18.96;0;0;0;0;0.0004;0;0;0;0;0;0;0;-0.0004;-0.0884;0;0;0;0;0;0;0;0;0;-0.7063;0;0.7063;1;1;0;0;0;0
20/04/21 18:00;0;0;90;0;0;90;0;0;0;0;14.84;5.1899;0;0;0;0;0;0;0;0;0;0;0;0;0;1;1;1;1;0;0;0;0;0;0;0;0;0;0;0;0;0;0;0;0;0;0;0;0;0;0;0;0;0;0;0;0;0;0;0;0;0;0;0;1;1;1;1;1;1;1;1;1;1;1;1;1;1;1;1;1;1;1;0;0;0;0;0;0;0;0;0;0.0004;0.088;0;-0.0884;0;0;0;0;0;0;0;0;0;0;0;0;0;0;0;0;0;0;0;-14.84;0;0;0;0;0.0004;0;0;0;0;0;0;0;-0.0004;-0.0884;0;0;0;0;0;0;0;0;0;-0.7063;0;0.7063;1;1;0;0;0;0
20/04/21 19:00;0;0;90;0;0;90;0;0;0;0;12.33;5.95;0;0;0;0;0;0;0;0;0;0;0;0;0;1;1;1;1;0;0;0;0;0;0;0;0;0;0;0;0;0;0;0;0;0;0;0;0;0;0;0;0;0;0;0;0;0;0;0;0;0;0;0;1;1;1;1;1;1;1;1;1;1;1;1;1;1;1;1;1;1;1;0;0;0;0;0;0;0;0;0;0.0004;0.088;0;-0.0884;0;0;0;0;0;0;0;0;0;0;0;0;0;0;0;0;0;0;0;-12.33;0;0;0;0;0.0004;0;0;0;0;0;0;0;-0.0004;-0.0884;0;0;0;0;0;0;0;0;0;-0.7063;0;0.7063;1;1;0;0;0;0
20/04/21 20:00;0;0;90;0;0;90;0;0;0;0;11.51;6.8499;0;0;0;0;0;0;0;0;0;0;0;0;0;1;1;1;1;0;0;0;0;0;0;0;0;0;0;0;0;0;0;0;0;0;0;0;0;0;0;0;0;0;0;0;0;0;0;0;0;0;0;0;1;1;1;1;1;1;1;1;1;1;1;1;1;1;1;1;1;1;1;0;0;0;0;0;0;0;0;0;0.0004;0.088;0;-0.0884;0;0;0;0;0;0;0;0;0;0;0;0;0;0;0;0;0;0;0;-11.51;0;0;0;0;0.0004;0;0;0;0;0;0;0;-0.0004;-0.0884;0;0;0;0;0;0;0;0;0;-0.7063;0;0.7063;1;1;0;0;0;0
20/04/21 21:00;0;0;90;0;0;90;0;0;0;0;10.78;6.5301;0;0;0;0;0;0;0;0;0;0;0;0;0;1;1;1;1;0;0;0;0;0;0;0;0;0;0;0;0;0;0;0;0;0;0;0;0;0;0;0;0;0;0;0;0;0;0;0;0;0;0;0;1;1;1;1;1;1;1;1;1;1;1;1;1;1;1;1;1;1;1;0;0;0;0;0;0;0;0;0;0.0004;0.088;0;-0.0884;0;0;0;0;0;0;0;0;0;0;0;0;0;0;0;0;0;0;0;-10.78;0;0;0;0;0.0004;0;0;0;0;0;0;0;-0.0004;-0.0884;0;0;0;0;0;0;0;0;0;-0.7063;0;0.7063;1;1;0;0;0;0
20/04/21 22:00;0;0;90;0;0;90;0;0;0;0;10.27;6.1399;0;0;0;0;0;0;0;0;0;0;0;0;0;1;1;1;1;0;0;0;0;0;0;0;0;0;0;0;0;0;0;0;0;0;0;0;0;0;0;0;0;0;0;0;0;0;0;0;0;0;0;0;1;1;1;1;1;1;1;1;1;1;1;1;1;1;1;1;1;1;1;0;0;0;0;0;0;0;0;0;0.0004;0.088;0;-0.0884;0;0;0;0;0;0;0;0;0;0;0;0;0;0;0;0;0;0;0;-10.27;0;0;0;0;0.0004;0;0;0;0;0;0;0;-0.0004;-0.0884;0;0;0;0;0;0;0;0;0;-0.7063;0;0.7063;1;1;0;0;0;0
20/04/21 23:00;0;0;90;0;0;90;0;0;0;0;10.43;6.3799;0;0;0;0;0;0;0;0;0;0;0;0;0;1;1;1;1;0;0;0;0;0;0;0;0;0;0;0;0;0;0;0;0;0;0;0;0;0;0;0;0;0;0;0;0;0;0;0;0;0;0;0;1;1;1;1;1;1;1;1;1;1;1;1;1;1;1;1;1;1;1;0;0;0;0;0;0;0;0;0;0.0004;0.088;0;-0.0884;0;0;0;0;0;0;0;0;0;0;0;0;0;0;0;0;0;0;0;-10.43;0;0;0;0;0.0004;0;0;0;0;0;0;0;-0.0004;-0.0884;0;0;0;0;0;0;0;0;0;-0.7063;0;0.7063;1;1;0;0;0;0
21/04/21 00:00;0;0;90;0;0;90;0;0;0;0;9.9402;6.3701;0;0;0;0;0;0;0;0;0;0;0;0;0;1;1;1;1;0;0;0;0;0;0;0;0;0;0;0;0;0;0;0;0;0;0;0;0;0;0;0;0;0;0;0;0;0;0;0;0;0;0;0;1;1;1;1;1;1;1;1;1;1;1;1;1;1;1;1;1;1;1;0;0;0;0;0;0;0;0;0;0.0004;0.088;0;-0.0884;0;0;0;0;0;0;0;0;0;0;0;0;0;0;0;0;0;0;0;-9.9402;0;0;0;0;0.0004;0;0;0;0;0;0;0;-0.0004;-0.0884;0;0;0;0;0;0;0;0;0;-0.7063;0;0.7063;1;1;0;0;0;0
21/04/21 01:00;0;0;90;0;0;90;0;0;0;0;9.0401;5.9899;0;0;0;0;0;0;0;0;0;0;0;0;0;1;1;1;1;0;0;0;0;0;0;0;0;0;0;0;0;0;0;0;0;0;0;0;0;0;0;0;0;0;0;0;0;0;0;0;0;0;0;0;1;1;1;1;1;1;1;1;1;1;1;1;1;1;1;1;1;1;1;0;0;0;0;0;0;0;0;0;0.0004;0.088;0;-0.0884;0;0;0;0;0;0;0;0;0;0;0;0;0;0;0;0;0;0;0;-9.0401;0;0;0;0;0.0004;0;0;0;0;0;0;0;-0.0004;-0.0884;0;0;0;0;0;0;0;0;0;-0.7063;0;0.7063;1;1;0;0;0;0
21/04/21 02:00;0;0;90;0;0;90;0;0;0;0;8.2098;5.61;0;0;0;0;0;0;0;0;0;0;0;0;0;1;1;1;1;0;0;0;0;0;0;0;0;0;0;0;0;0;0;0;0;0;0;0;0;0;0;0;0;0;0;0;0;0;0;0;0;0;0;0;1;1;1;1;1;1;1;1;1;1;1;1;1;1;1;1;1;1;1;0;0;0;0;0;0;0;0;0;0.0004;0.088;0;-0.0884;0;0;0;0;0;0;0;0;0;0;0;0;0;0;0;0;0;0;0;-8.2098;0;0;0;0;0.0004;0;0;0;0;0;0;0;-0.0004;-0.0884;0;0;0;0;0;0;0;0;0;-0.7063;0;0.7063;1;1;0;0;0;0
21/04/21 03:00;0;0;90;0;0;90;0;0;0;0;6.7899;4.98;0;0;0;0;0;0;0;0;0;0;0;0;0;1;1;1;1;0;0;0;0;0;0;0;0;0;0;0;0;0;0;0;0;0;0;0;0;0;0;0;0;0;0;0;0;0;0;0;0;0;0;0;1;1;1;1;1;1;1;1;1;1;1;1;1;1;1;1;1;1;1;0;0;0;0;0;0;0;0;0;0.0004;0.088;0;-0.0884;0;0;0;0;0;0;0;0;0;0;0;0;0;0;0;0;0;0;0;-6.7899;0;0;0;0;0.0004;0;0;0;0;0;0;0;-0.0004;-0.0884;0;0;0;0;0;0;0;0;0;-0.7063;0;0.7063;1;1;0;0;0;0
21/04/21 04:00;0;0;90;0;0;90;0;0;0;0;5.3101;4.5201;0;0;0;0;0;0;0;0;0;0;0;0;0;1;1;1;1;0;0;0;0;0;0;0;0;0;0;0;0;0;0;0;0;0;0;0;0;0;0;0;0;0;0;0;0;0;0;0;0;0;0;0;1;1;1;1;1;1;1;1;1;1;1;1;1;1;1;1;1;1;1;0;0;0;0;0;0;0;0;0;0.0004;0.088;0;-0.0884;0;0;0;0;0;0;0;0;0;0;0;0;0;0;0;0;0;0;0;-5.3101;0;0;0;0;0.0004;0;0;0;0;0;0;0;-0.0004;-0.0884;0;0;0;0;0;0;0;0;0;-0.7063;0;0.7063;1;1;0;0;0;0
21/04/21 05:00;0;0;90;0;0;90;0;0;0;0;4.8002;4.17;0;0;0;0;0;0;0;0;0;0;0;0;0;1;1;1;1;0;0;0;0;0;0;0;0;0;0;0;0;0;0;0;0;0;0;0;0;0;0;0;0;0;0;0;0;0;0;0;0;0;0;0;1;1;1;1;1;1;1;1;1;1;1;1;1;1;1;1;1;1;1;0;0;0;0;0;0;0;0;0;0.0004;0.088;0;-0.0884;0;0;0;0;0;0;0;0;0;0;0;0;0;0;0;0;0;0;0;-4.8002;0;0;0;0;0.0004;0;0;0;0;0;0;0;-0.0004;-0.0884;0;0;0;0;0;0;0;0;0;-0.7063;0;0.7063;1;1;0;0;0;0
21/04/21 06:00;2.9702;-73.038;82.78;3.1051;4.4437;-90;-4.4437;5.8994;5.8994;0;3.9998;4.7701;0;0;5.8906;0;0;0.0018;5.8924;5.8924;0;0;0;0;0;1;1;1;1;0;0;0;0;0;0;0;0;0;0;0;0;0;0;0;0;0;0;0;0;0;0;0;0;0;0;0;0;0;0;0;0;0;0;0;0;1;1;1;1;1;1;1;1;1;1;1;1;1;0;0;1;0;0;0;0;0;0;0;0;0;0;0;0.0004;0.088;0;-0.0884;0;0;0;0;0;0;0;0;0;0;0;0;0;0;0;0;0;0;0;-3.9998;0;0;0;0;0.0004;0;0;0;0;0;0;0;-0.0004;-0.0884;0;0;0;0;0;0;0;0;0;-0.7063;0;0.7063;1;1;0;0;0;0
21/04/21 07:00;11.404;-66.301;61.345;12.423;19.026;-90;-19.026;194;32.003;162;5.81;5.0299;0;392.88;12.265;47.034;0;1.0598;453.24;0;453.24;392.88;47.034;12.265;1.0598;0.8668;0.0294;0;0.0023;452.09;1.149;0;0;0.2619;0.8871;430.3;19.085;16.636;1.9916;0.4189;0.038;449.38;2.7126;2.3573;0.2822;0.072;0.001;430.31;373.89;44.76;11.512;0.1337;8.475;6.7715;2.8004;0.037;0.0902;1.2981;0.0172;1.3514;0;1;0;0;2.3363;0.9975;1;1;0.9786;0.163;0.9575;0.9574;1;0.9649;0.7785;0.994;0.994;1;0.994;0.994;0.9494;0.9386;0.1261;1.3611;1.2988;0.0078;0.0092;-0.0081;0.009;0.032;0.0003;0;0;0.088;0;1.1106;0;0;0;0;0;0;0;0;0;0;0;0;0.0258;0.0041;1.2188;1.2188;0;23.218;23.218;17.408;0.0405;1113.5;1094.5;1;0.0202;0.0202;0;0;0;0;0;0;1.1986;1.1106;0;17.058;19.753;15.544;18;98.344;98.344;10.878;9.7405;8.8759;1.1374;0.8646;0.1046;0.0795;0.816;7.5862;0.8142;0
21/04/21 08:00;22.142;-55.842;31.545;26.185;60;-90;-60;379.6;62.602;316.99;8.1998;4.8;0;716.78;17.744;88.058;0;18.98;841.56;0;841.56;716.78;88.058;17.744;18.98;0.8517;0.0436;0;0.0226;821.57;19.995;0;0;2.233;17.762;814.46;2.1771;1.3819;0.1698;0.5451;0.0803;816.64;4.9294;4.3007;0.5283;0.0931;0.0073;816.21;711.1;87.36;14.873;1.1307;41.164;32.89;14.142;2.9712;0.5847;8.4105;1.7478;6.024;0;1;0;0;2.217;0.9762;1;1;0.8742;0.0642;0.9973;0.9981;1;0.9646;0.9337;0.994;0.994;1;0.994;0.994;0.9678;0.8382;0.0596;2.5272;2.4761;0.0149;-0.0021;0.1432;0.0162;0.0576;0.0016;0;0;0.088;0;2.0594;0;0;0;0;0;0;0;0;0;0;0;0;0.0464;0.0135;2.1848;2.1848;0;41.588;41.588;33.388;0.041;2130;1025.7;1;0.0374;0.0374;0;0;0;0;0;0;2.1474;2.0594;0;16.469;19.07;15.523;17.976;98.288;98.288;20.198;17.461;16.459;2.7367;1.0023;0.1355;0.0496;0.8149;15.451;0.8088;0
21/04/21 09:00;31.481;-43.138;38.485;41.846;48.154;-90;-48.154;545.99;90.101;455.89;10.5;4.1499;0;683.36;26.609;87.207;0;18.174;815.35;0;815.35;683.36;87.207;26.609;18.174;0.8381;0.0549;0;0.0223;795.97;19.379;0;0;2.4348;16.944;785.76;5.4422;4.0746;0.52;0.7909;0.0568;791.2;4.7758;4.1002;0.5232;0.145;0.0074;790.1;675.19;86.164;23.238;1.1662;218.31;174.43;69.106;2.0581;2.5934;37.304;4.3435;37.84;0;1;0;0;1.4933;0.9762;1;1;0.9085;0.0677;0.9931;0.994;1;0.9671;0.9536;0.994;0.994;1;0.994;0.994;0.9637;0.8733;0.0642;2.4485;2.4583;0.0148;-0.0021;0.1522;0.0161;0.0569;0.007;0;0;0.088;0;2.0298;0;0;0;0;0;0;0;0;0;0;0;0;0.0458;0.0133;2.1543;2.1543;0;42.743;42.743;32.243;0.041;2112.7;1019.7;1;0.0365;0.0365;0;0;0;0;0;0;2.1178;2.0298;0;16.761;19.409;15.792;18.287;98.305;98.305;19.568;17.217;16.222;2.3513;0.9951;0.1202;0.0508;0.829;20.402;0.8015;0
21/04/21 10:00;38.591;-27.427;43.928;60.007;29.993;-90;-29.993;668.81;110.4;558.4;12.73;3.37;0;644.74;34.803;84.405;0;8.9563;772.91;0;772.91;644.74;84.405;34.803;8.9563;0.8342;0.0566;0;0.0116;763.51;9.3974;0;0;1.5464;7.851;751;7.9258;5.8846;0.7704;1.0768;0.1941;758.93;4.5811;3.8685;0.5064;0.1995;0.0066;753.44;634.99;83.128;31.98;0.9047;355.27;283.86;116.79;0.5288;3.756;54.029;2.4374;57.256;0;1;0;0;1.1557;0.9878;1;1;0.9556;0.1234;0.9896;0.9908;1;0.9674;0.8234;0.994;0.994;1;0.994;0.994;0.9717;0.9189;0.101;2.321;2.3832;0.0143;-0.0019;0.1546;0.0155;0.055;0.01;0;0;0.088;0;1.9561;0;0;0;0;0;0;0;0;0;0;0;0;0.0443;0.0126;2.0787;2.0787;0;43.57;43.57;30.84;0.0411;2046.5;1015.7;1;0.0346;0.0346;0;0;0;0;0;0;2.0441;1.9561;0;17.061;19.756;16.054;18.591;98.334;98.334;18.55;16.613;15.633;1.9369;0.9801;0.1044;0.0528;0.8427;22.938;0.8008;0
21/04/21 11:00;42.425;-8.7589;46.848;80.54;9.4595;-90;-9.4595;725.59;119.7;605.89;14.03;2.74;0;614.24;39.914;80.611;0;0.9867;735.76;0;735.76;614.24;80.611;39.914;0.9867;0.8348;0.0556;0;0.0013;734.67;1.0861;0;0;0.2634;0.8227;721.08;9.1818;6.6489;0.8726;1.6236;0.0366;730.26;4.408;3.6855;0.4837;0.2379;0.001;721.26;603.91;79.255;37.789;0.1263;424.2;338.94;136.11;0.0096;4.6609;67.045;0.185;71.696;0;1;0;0;1.014;0.9985;1;1;0.9934;0.1662;0.9874;0.9891;1;0.9588;0.7753;0.994;0.994;1;0.994;0.994;0.9801;0.9468;0.1281;2.2095;2.3137;0.0139;-0.0017;0.1508;0.0151;0.0534;0.0125;0;0;0.088;0;1.8935;0;0;0;0;0;0;0;0;0;0;0;0;0.043;0.0119;2.0149;2.0149;0;43.645;43.645;29.615;0.0411;1985.2;1015;1;0.0334;0.0334;0;0;0;0;0;0;1.9815;1.8935;0;17.372;20.116;16.325;18.904;98.343;98.343;17.658;16.103;15.133;1.5554;0.9702;0.0881;0.0549;0.857;23.895;0.8022;0
21/04/21 12:00;42.171;11.115;46.655;77.985;12.015;90;12.015;715.81;118.8;597.01;15.37;2.3701;0;610.38;40.214;79.887;0;1.5681;732.05;0;732.05;610.38;79.887;40.214;1.5681;0.8338;0.0571;0;0.0021;730.34;1.7064;0;0;0.3971;1.3092;716.94;9.0199;6.5386;0.8558;1.5675;0.058;725.96;4.3821;3.6623;0.4793;0.2389;0.0016;717.27;600.18;78.552;38.011;0.1993;416.17;332.52;135.16;0.0237;4.4677;64.267;0.3252;68.711;0;1;0;0;1.0227;0.9977;1;1;0.9901;0.1651;0.9876;0.9892;1;0.9604;0.7746;0.994;0.994;1;0.994;0.994;0.9794;0.9452;0.1271;2.1983;2.2958;0.0138;-0.0016;0.1595;0.0149;0.0527;0.0119;0;0;0.088;0;1.8696;0;0;0;0;0;0;0;0;0;0;0;0;0.0425;0.0117;1.9904;1.9904;0;44.845;44.845;29.475;0.0411;1970.6;1010.1;1;0.0328;0.0328;0;0;0;0;0;0;1.9576;1.8696;0;17.248;19.973;16.201;18.761;98.351;98.351;17.569;15.908;14.942;1.6616;0.9657;0.0946;0.055;0.8505;24.236;0.798;0
21/04/21 13:00;37.89;29.484;43.392;57.688;32.312;90;32.312;647.4;114.4;533;15.59;2.3701;0;630.66;37.794;86.89;0;10.025;765.36;0;765.36;630.66;86.89;37.794;10.025;0.824;0.0625;0;0.0131;754.56;10.804;0;0;1.8932;8.9103;742.37;7.6612;5.5594;0.766;1.1556;0.1802;750.03;4.5274;3.7839;0.5213;0.2154;0.0067;745.21;621.31;85.603;34.529;0.928;337.34;269.54;110.31;0.7422;3.6199;52.071;2.834;54.948;0;1;0;0;1.1822;0.9859;1;1;0.9499;0.1112;0.9898;0.9911;1;0.9676;0.8374;0.994;0.994;1;0.994;0.994;0.97;0.9136;0.0926;2.2984;2.3543;0.0142;-0.0018;0.1743;0.0152;0.0538;0.0096;0;0;0.088;0;1.9119;0;0;0;0;0;0;0;0;0;0;0;0;0.0433;0.0123;2.0334;2.0334;0;46.142;46.142;30.551;0.0412;2023;1005.1;1;0.0335;0.0335;0;0;0;0;0;0;1.9999;1.9119;0;16.854;19.516;15.846;18.35;98.35;98.35;18.369;16.251;15.28;2.1178;0.9714;0.1153;0.0529;0.8318;25.323;0.7915;0
21/04/21 14:00;30.458;44.811;37.701;39.842;50.158;90;50.158;512.2;117.8;394.4;16.25;2.7801;0;615.6;41.024;105.81;0;18.405;780.84;0;780.84;615.6;105.81;41.024;18.405;0.7884;0.0761;0;0.0236;759.62;21.228;0;0;3.9902;17.238;749.82;5.2435;3.39;0.5827;1.2217;0.0491;755.06;4.5577;3.6936;0.6349;0.2222;0.007;754.08;608.52;104.59;35.59;1.111;198.27;158.42;63.333;3.6522;2.4342;35.015;4.2597;33.797;0;1;0;0;1.5245;0.9728;1;1;0.9027;0.0634;0.9931;0.9945;1;0.9668;0.9577;0.994;0.994;1;0.994;0.994;0.9603;0.8675;0.0604;2.3449;2.345;0.0141;-0.0018;0.1819;0.0151;0.0534;0.0064;0;0;0.088;0;1.8994;0;0;0;0;0;0;0;0;0;0;0;0;0.043;0.0122;2.0207;2.0207;0;47.133;47.133;30.883;0.0412;2017.1;1001.8;1;0.0332;0.0332;0;0;0;0;0;0;1.9874;1.8994;0;16.416;19.009;15.431;17.869;98.355;98.355;18.74;16.149;15.18;2.5911;0.9689;0.1383;0.0517;0.81;32.08;0.7837;0
21/04/21 15:00;20.913;57.199;30.855;24.447;60;90;60;333.9;125.3;208.6;16.21;2.7899;0;501.69;53.356;130.26;0;16.695;701.99;0;701.99;501.69;130.26;53.356;16.695;0.7147;0.0998;0;0.0238;679.6;22.389;0;0;6.7289;15.66;672.85;2.6742;0.7661;0.1989;1.639;0.0701;675.53;4.0776;3.0101;0.7815;0.2798;0.0062;674.58;497.91;129.28;44.709;0.9589;49.928;39.892;18.312;8.9244;0.9796;14.091;1.7273;6.1465;0;1;0;0;2.1024;0.9681;1;1;0.8739;0.062;0.996;0.9985;1;0.9646;0.9319;0.994;0.994;1;0.994;0.994;0.9585;0.8379;0.0574;2.1081;2.0615;0.0124;-0.0001;0.1363;0.0134;0.0475;0.0026;0;0;0.088;0;1.6841;0;0;0;0;0;0;0;0;0;0;0;0;0.0382;0.0096;1.8015;1.8015;0;43.854;43.854;27.644;0.0411;1772.6;1016.3;1;0.0293;0.0293;0;0;0;0;0;0;1.7721;1.6841;0;16.279;18.851;15.219;17.623;98.372;98.372;16.848;14.397;13.46;2.4505;0.9377;0.1454;0.0557;0.7989;46.45;0.7871;0
21/04/21 16:00;10.049;67.447;64.963;10.863;16.335;90;16.335;130.61;99.3;31.308;15.4;2.66;0;75.931;84.385;31.959;0;0.5272;192.8;0;192.8;75.931;31.959;84.385;0.5272;0.3938;0.4404;0;0.0027;190.96;1.8388;0;0;1.3977;0.4411;180.11;9.7058;4.6804;1.97;3.0362;0.0192;189.82;1.1458;0.4556;0.1918;0.4979;0.0005;180.19;70.795;29.797;79.453;0.0664;51.827;41.41;16.103;0.1479;0.6132;8.8212;0.0807;9.2866;0;1;0;0;1.4762;0.9905;1;1;0.9834;0.1634;0.9489;0.938;1;0.9632;0.7757;0.994;0.994;1;0.994;0.994;0.9342;0.9416;0.126;0.579;0.5613;0.0034;0.0179;-0.0046;0.0038;0.0135;0.0017;0;0;0.088;0;0.4162;0;0;0;0;0;0;0;0;0;0;0;0;0.0109;0.0009;0.5138;0.5138;0;22.728;22.728;7.3285;0.0407;479.82;1070.8;1;0.0096;0.0096;0;0;0;0;0;0;0.5042;0.4162;0;16.904;19.575;13.693;15.856;98.131;98.131;4.6272;4.1061;3.326;0.5212;0.7801;0.1126;0.1686;0.7188;51.609;0.695;0
21/04/21 17:00;2.1468;73.654;84.787;2.2372;3.1953;90;3.1953;0;0;0;12.52;3.0901;0;0;0;0;0;0;0;0;0;0;0;0;0;1;1;1;1;0;0;0;0;0;0;0;0;0;0;0;0;0;0;0;0;0;0;0;0;0;0;0;0;0;0;0;0;0;0;0;0;0;0;0;1;1;1;1;1;1;1;1;1;1;1;1;1;1;1;1;1;1;1;0;0;0;0;0;0;0;0;0;0.0004;0.088;0;-0.0884;0;0;0;0;0;0;0;0;0;0;0;0;0;0;0;0;0;0;0;-12.52;0;0;0;0;0.0004;0;0;0;0;0;0;0;-0.0004;-0.0884;0;0;0;0;0;0;0;0;0;-0.7063;0;0.7063;1;1;0;0;0;0
21/04/21 18:00;0;0;90;0;0;90;0;0;0;0;9.1697;3.0299;0;0;0;0;0;0;0;0;0;0;0;0;0;1;1;1;1;0;0;0;0;0;0;0;0;0;0;0;0;0;0;0;0;0;0;0;0;0;0;0;0;0;0;0;0;0;0;0;0;0;0;0;1;1;1;1;1;1;1;1;1;1;1;1;1;1;1;1;1;1;1;0;0;0;0;0;0;0;0;0;0.0004;0.088;0;-0.0884;0;0;0;0;0;0;0;0;0;0;0;0;0;0;0;0;0;0;0;-9.1697;0;0;0;0;0.0004;0;0;0;0;0;0;0;-0.0004;-0.0884;0;0;0;0;0;0;0;0;0;-0.7063;0;0.7063;1;1;0;0;0;0
21/04/21 19:00;0;0;90;0;0;90;0;0;0;0;8.1101;2.97;0;0;0;0;0;0;0;0;0;0;0;0;0;1;1;1;1;0;0;0;0;0;0;0;0;0;0;0;0;0;0;0;0;0;0;0;0;0;0;0;0;0;0;0;0;0;0;0;0;0;0;0;1;1;1;1;1;1;1;1;1;1;1;1;1;1;1;1;1;1;1;0;0;0;0;0;0;0;0;0;0.0004;0.088;0;-0.0884;0;0;0;0;0;0;0;0;0;0;0;0;0;0;0;0;0;0;0;-8.1101;0;0;0;0;0.0004;0;0;0;0;0;0;0;-0.0004;-0.0884;0;0;0;0;0;0;0;0;0;-0.7063;0;0.7063;1;1;0;0;0;0
21/04/21 20:00;0;0;90;0;0;90;0;0;0;0;8.0403;2.92;0;0;0;0;0;0;0;0;0;0;0;0;0;1;1;1;1;0;0;0;0;0;0;0;0;0;0;0;0;0;0;0;0;0;0;0;0;0;0;0;0;0;0;0;0;0;0;0;0;0;0;0;1;1;1;1;1;1;1;1;1;1;1;1;1;1;1;1;1;1;1;0;0;0;0;0;0;0;0;0;0.0004;0.088;0;-0.0884;0;0;0;0;0;0;0;0;0;0;0;0;0;0;0;0;0;0;0;-8.0403;0;0;0;0;0.0004;0;0;0;0;0;0;0;-0.0004;-0.0884;0;0;0;0;0;0;0;0;0;-0.7063;0;0.7063;1;1;0;0;0;0
21/04/21 21:00;0;0;90;0;0;90;0;0;0;0;7.21;2.8699;0;0;0;0;0;0;0;0;0;0;0;0;0;1;1;1;1;0;0;0;0;0;0;0;0;0;0;0;0;0;0;0;0;0;0;0;0;0;0;0;0;0;0;0;0;0;0;0;0;0;0;0;1;1;1;1;1;1;1;1;1;1;1;1;1;1;1;1;1;1;1;0;0;0;0;0;0;0;0;0;0.0004;0.088;0;-0.0884;0;0;0;0;0;0;0;0;0;0;0;0;0;0;0;0;0;0;0;-7.21;0;0;0;0;0.0004;0;0;0;0;0;0;0;-0.0004;-0.0884;0;0;0;0;0;0;0;0;0;-0.7063;0;0.7063;1;1;0;0;0;0
21/04/21 22:00;0;0;90;0;0;90;0;0;0;0;6.4202;2.81;0;0;0;0;0;0;0;0;0;0;0;0;0;1;1;1;1;0;0;0;0;0;0;0;0;0;0;0;0;0;0;0;0;0;0;0;0;0;0;0;0;0;0;0;0;0;0;0;0;0;0;0;1;1;1;1;1;1;1;1;1;1;1;1;1;1;1;1;1;1;1;0;0;0;0;0;0;0;0;0;0.0004;0.088;0;-0.0884;0;0;0;0;0;0;0;0;0;0;0;0;0;0;0;0;0;0;0;-6.4202;0;0;0;0;0.0004;0;0;0;0;0;0;0;-0.0004;-0.0884;0;0;0;0;0;0;0;0;0;-0.7063;0;0.7063;1;1;0;0;0;0
21/04/21 23:00;0;0;90;0;0;90;0;0;0;0;5.9097;2.73;0;0;0;0;0;0;0;0;0;0;0;0;0;1;1;1;1;0;0;0;0;0;0;0;0;0;0;0;0;0;0;0;0;0;0;0;0;0;0;0;0;0;0;0;0;0;0;0;0;0;0;0;1;1;1;1;1;1;1;1;1;1;1;1;1;1;1;1;1;1;1;0;0;0;0;0;0;0;0;0;0.0004;0.088;0;-0.0884;0;0;0;0;0;0;0;0;0;0;0;0;0;0;0;0;0;0;0;-5.9097;0;0;0;0;0.0004;0;0;0;0;0;0;0;-0.0004;-0.0884;0;0;0;0;0;0;0;0;0;-0.7063;0;0.7063;1;1;0;0;0;0
22/04/21 00:00;0;0;90;0;0;90;0;0;0;0;5.6797;2.58;0;0;0;0;0;0;0;0;0;0;0;0;0;1;1;1;1;0;0;0;0;0;0;0;0;0;0;0;0;0;0;0;0;0;0;0;0;0;0;0;0;0;0;0;0;0;0;0;0;0;0;0;1;1;1;1;1;1;1;1;1;1;1;1;1;1;1;1;1;1;1;0;0;0;0;0;0;0;0;0;0.0004;0.088;0;-0.0884;0;0;0;0;0;0;0;0;0;0;0;0;0;0;0;0;0;0;0;-5.6797;0;0;0;0;0.0004;0;0;0;0;0;0;0;-0.0004;-0.0884;0;0;0;0;0;0;0;0;0;-0.7063;0;0.7063;1;1;0;0;0;0
22/04/21 01:00;0;0;90;0;0;90;0;0;0;0;4.6699;2.3801;0;0;0;0;0;0;0;0;0;0;0;0;0;1;1;1;1;0;0;0;0;0;0;0;0;0;0;0;0;0;0;0;0;0;0;0;0;0;0;0;0;0;0;0;0;0;0;0;0;0;0;0;1;1;1;1;1;1;1;1;1;1;1;1;1;1;1;1;1;1;1;0;0;0;0;0;0;0;0;0;0.0004;0.088;0;-0.0884;0;0;0;0;0;0;0;0;0;0;0;0;0;0;0;0;0;0;0;-4.6699;0;0;0;0;0.0004;0;0;0;0;0;0;0;-0.0004;-0.0884;0;0;0;0;0;0;0;0;0;-0.7063;0;0.7063;1;1;0;0;0;0
22/04/21 02:00;0;0;90;0;0;90;0;0;0;0;4.1002;2.0899;0;0;0;0;0;0;0;0;0;0;0;0;0;1;1;1;1;0;0;0;0;0;0;0;0;0;0;0;0;0;0;0;0;0;0;0;0;0;0;0;0;0;0;0;0;0;0;0;0;0;0;0;1;1;1;1;1;1;1;1;1;1;1;1;1;1;1;1;1;1;1;0;0;0;0;0;0;0;0;0;0.0004;0.088;0;-0.0884;0;0;0;0;0;0;0;0;0;0;0;0;0;0;0;0;0;0;0;-4.1002;0;0;0;0;0.0004;0;0;0;0;0;0;0;-0.0004;-0.0884;0;0;0;0;0;0;0;0;0;-0.7063;0;0.7063;1;1;0;0;0;0
22/04/21 03:00;0;0;90;0;0;90;0;0;0;0;3.0299;1.8;0;0;0;0;0;0;0;0;0;0;0;0;0;1;1;1;1;0;0;0;0;0;0;0;0;0;0;0;0;0;0;0;0;0;0;0;0;0;0;0;0;0;0;0;0;0;0;0;0;0;0;0;1;1;1;1;1;1;1;1;1;1;1;1;1;1;1;1;1;1;1;0;0;0;0;0;0;0;0;0;0.0004;0.088;0;-0.0884;0;0;0;0;0;0;0;0;0;0;0;0;0;0;0;0;0;0;0;-3.0299;0;0;0;0;0.0004;0;0;0;0;0;0;0;-0.0004;-0.0884;0;0;0;0;0;0;0;0;0;-0.7063;0;0.7063;1;1;0;0;0;0
22/04/21 04:00;0;0;90;0;0;90;0;0;0;0;2.6098;1.64;0;0;0;0;0;0;0;0;0;0;0;0;0;1;1;1;1;0;0;0;0;0;0;0;0;0;0;0;0;0;0;0;0;0;0;0;0;0;0;0;0;0;0;0;0;0;0;0;0;0;0;0;1;1;1;1;1;1;1;1;1;1;1;1;1;1;1;1;1;1;1;0;0;0;0;0;0;0;0;0;0.0004;0.088;0;-0.0884;0;0;0;0;0;0;0;0;0;0;0;0;0;0;0;0;0;0;0;-2.6098;0;0;0;0;0.0004;0;0;0;0;0;0;0;-0.0004;-0.0884;0;0;0;0;0;0;0;0;0;-0.7063;0;0.7063;1;1;0;0;0;0
22/04/21 05:00;0;0;90;0;0;90;0;0;0;0;2.1099;1.63;0;0;0;0;0;0;0;0;0;0;0;0;0;1;1;1;1;0;0;0;0;0;0;0;0;0;0;0;0;0;0;0;0;0;0;0;0;0;0;0;0;0;0;0;0;0;0;0;0;0;0;0;1;1;1;1;1;1;1;1;1;1;1;1;1;1;1;1;1;1;1;0;0;0;0;0;0;0;0;0;0.0004;0.088;0;-0.0884;0;0;0;0;0;0;0;0;0;0;0;0;0;0;0;0;0;0;0;-2.1099;0;0;0;0;0.0004;0;0;0;0;0;0;0;-0.0004;-0.0884;0;0;0;0;0;0;0;0;0;-0.7063;0;0.7063;1;1;0;0;0;0
22/04/21 06:00;2.8078;-72.739;83.177;2.94;4.2057;-90;-4.2057;7.599;7.599;0;1.0203;1.6601;0;0;7.5887;0;0;0.002;7.5908;0;7.5908;0;0;7.5887;0.002;0;1;0;0.0003;7.5754;0.0153;0;0;0.0136;0.0017;7.1986;0.3314;0;0;0.3313;0.0001;7.53;0.0455;0;0;0.0455;0;7.1986;0;0;7.1984;0.0003;4.5025;3.5975;1.3756;0;0.054;0.7762;0;0.8301;0;1;0;0;0.9989;0.998;1;1;0.9982;0.1636;0.956;1;1;0.956;0.7769;0.994;1;1;0.994;0.994;0.9483;0.9486;0.1264;0.0228;0.0233;0.0001;0.0052;-0.0018;0.0001;0.0005;0.0001;0;0;0.088;0;-0.0718;0;0;0;0;0;0;0;0;0;0;0;0;0.0004;0;0.0186;0.0186;0;1.3222;1.3222;0.3019;0.0419;18.141;1024.9;1;0.0024;0.0024;0;0;0;0;0;0;0.0162;-0.0718;0;15.538;17.993;-60.036;-69.521;86.921;86.921;0.1822;0.1486;-0.5741;0.0336;0.7227;0.1844;3.9672;0;4.5025;0;0
22/04/21 07:00;11.225;-66.006;61.828;12.256;18.731;-90;-18.731;231.8;38.202;193.6;4.2498;1.79;0;469.52;9.8197;68.188;0;1.2277;548.76;0;548.76;469.52;68.188;9.8197;1.2277;0.8556;0.0201;0;0.0022;547.53;1.2315;0;0;0.2043;1.0272;519.98;24.263;20.853;3.0285;0.3373;0.0442;544.24;3.2852;2.8171;0.4091;0.0577;0.0012;519.99;445.85;64.75;9.2205;0.1551;7.152;5.7144;2.4218;0.0281;0.0721;1.0378;0.0133;1.0818;0;1;0;0;2.3674;0.9978;1;1;0.9792;0.1633;0.9554;0.9553;1;0.9647;0.7782;0.994;0.994;1;0.994;0.994;0.9476;0.939;0.1263;1.6479;1.5683;0.0094;0.0054;0.0017;0.0109;0.0385;0.0002;0;0;0.088;0;1.3533;0;0;0;0;0;0;0;0;0;0;0;0;0.031;0.0058;1.4655;1.4655;0;25.304;25.304;21.055;0.0405;1346.9;1088.1;1;0.0242;0.0242;0;0;0;0;0;0;1.4413;1.3533;0;16.941;19.617;15.644;18.116;98.352;98.352;13.17;11.712;10.816;1.4581;0.8963;0.1107;0.0681;0.8212;6.0657;0.8201;0
22/04/21 08:00;21.933;-55.553;31.871;26.025;60;-90;-60;130.1;124.7;5.4032;7.2;3.14;0;12.285;92.522;3.0351;0;6.505;114.35;0;114.35;12.285;3.0351;92.522;6.505;0.1074;0.866;0;0.0569;96.615;17.731;0;0;11.644;6.0875;93.133;2.9024;0.026;0.0064;2.8424;0.0275;96.036;0.5797;0.0737;0.0182;0.4853;0.0025;95.82;12.185;3.0104;77.55;0.3875;81.02;64.735;29.905;15.47;1.6416;23.613;2.6866;9.7853;0;1;0;0;0.8789;0.8449;1;1;0.8742;0.0642;0.9698;0.9979;1;0.9646;0.9337;0.994;0.994;1;0.994;0.994;0.8145;0.8382;0.0596;0.3434;0.3384;0.002;0.0175;-0.0172;0.0024;0.0083;0.0047;0;0;0.088;0;0.2178;0;0;0;0;0;0;0;0;0;0;0;0;0.0067;0.0004;0.3135;0.3135;0;10.975;10.975;3.7752;0.0405;286.34;1094.8;1;0.0077;0.0077;0;0;0;0;0;0;0.3058;0.2178;0;17.392;20.14;12.081;13.99;97.536;97.536;2.7443;2.5055;1.7404;0.2388;0.765;0.087;0.2788;0.6342;80.568;0.5493;0
22/04/21 09:00;31.233;-42.866;38.809;41.714;48.286;-90;-48.286;558.71;92.203;466.51;9.2601;4.4799;0;701.08;25.658;92.258;0;18.694;837.69;0;837.69;701.08;92.258;25.658;18.694;0.8369;0.0529;0;0.0223;817.91;19.789;0;0;2.3572;17.431;807.3;5.7;4.3122;0.5675;0.7627;0.0577;813;4.9074;4.2065;0.5536;0.1398;0.0076;811.75;692.56;91.137;22.399;1.1973;222.09;177.45;70.19;2.0038;2.6397;37.971;4.4543;38.607;0;1;0;0;1.4993;0.9764;1;1;0.9081;0.0675;0.993;0.9938;1;0.9671;0.954;0.994;0.994;1;0.994;0.994;0.9637;0.873;0.064;2.5156;2.525;0.0152;-0.0022;0.153;0.0165;0.0586;0.0071;0;0;0.088;0;2.0895;0;0;0;0;0;0;0;0;0;0;0;0;0.0472;0.014;2.2156;2.2156;0;42.377;42.377;33.116;0.041;2170.1;1021;1;0.0381;0.0381;0;0;0;0;0;0;2.1775;2.0895;0;16.778;19.429;15.823;18.323;98.281;98.281;20.105;17.707;16.7;2.3975;1.0077;0.1192;0.0501;0.8306;19.698;0.8034;0
22/04/21 10:00;38.3;-27.204;44.264;59.934;30.066;-90;-30.066;439.39;253;186.39;12.54;4.9301;0;215.37;183.46;65.061;0;5.9119;469.8;0;469.8;215.37;65.061;183.46;5.9119;0.4584;0.4031;0;0.0126;456.44;13.367;0;0;8.183;5.1841;445.28;8.4156;2.0077;0.6065;5.674;0.1274;453.7;2.7386;1.2922;0.3904;1.0517;0.0044;447.03;212.07;64.064;168.55;0.596;248.61;198.64;80.267;2.8004;2.8811;41.444;1.7493;41.525;0;1;0;0;1.0692;0.9715;1;1;0.9554;0.1231;0.9815;0.9906;1;0.9674;0.8238;0.994;0.994;1;0.994;0.994;0.9478;0.9187;0.1008;1.4108;1.4338;0.0086;0.0072;0.0286;0.0097;0.0345;0.008;0;0;0.088;0;1.1955;0;0;0;0;0;0;0;0;0;0;0;0;0.0278;0.0049;1.3044;1.3044;0;30.664;30.664;18.124;0.0407;1228.9;1061.4;1;0.021;0.021;0;0;0;0;0;0;1.2835;1.1955;0;17.613;20.396;16.142;18.692;98.393;98.393;11.275;10.425;9.5542;0.8502;0.8708;0.0754;0.0772;0.8474;120.97;0.7949;0
22/04/21 11:00;42.098;-8.6353;47.188;80.565;9.4352;-90;-9.4352;552.4;225.3;327.1;13.25;5.15;0;331.58;142.98;82.466;0;0.7473;557.77;0;557.77;331.58;82.466;142.98;0.7473;0.5945;0.2577;0;0.0013;556.21;1.5627;0;0;0.9396;0.6231;542.46;10.41;3.6547;0.9089;5.8184;0.0277;552.87;3.3373;1.9895;0.4948;0.8522;0.0007;542.6;325.94;81.062;135.37;0.0957;324.15;259;103;0.0332;3.629;52.202;0.1362;55.798;0;1;0;0;1.0097;0.9972;1;1;0.9934;0.1662;0.9812;0.9889;1;0.9588;0.7753;0.994;0.994;1;0.994;0.994;0.9726;0.9468;0.128;1.675;1.7443;0.0105;0.0032;0.0636;0.0117;0.0414;0.01;0;0;0.088;0;1.4504;0;0;0;0;0;0;0;0;0;0;0;0;0.0333;0.007;1.5637;1.5637;0;35.397;35.397;22.147;0.0408;1496.5;1044.9;1;0.0253;0.0253;0;0;0;0;0;0;1.5384;1.4504;0;17.784;20.594;16.496;19.102;98.383;98.383;13.387;12.497;11.592;0.8894;0.9054;0.0664;0.0676;0.8659;85.59;0.8092;0
22/04/21 12:00;41.831;11.108;46.983;77.853;12.147;90;12.147;747.3;123.3;624;14.77;5.3301;0;638.29;37.504;87.327;0;1.6731;764.79;0;764.79;638.29;87.327;37.504;1.6731;0.8346;0.0512;0;0.0022;763.02;1.7742;0;0;0.3773;1.397;749.01;9.4316;6.9591;0.9521;1.4585;0.0619;758.44;4.5781;3.8297;0.524;0.2228;0.0017;749.35;627.5;85.851;35.446;0.2126;434.26;346.97;141.1;0.023;4.6581;67.006;0.3486;71.641;0;1;0;0;1.0234;0.9977;1;1;0.9899;0.165;0.9876;0.989;1;0.9605;0.7746;0.994;0.994;1;0.994;0.994;0.9794;0.9451;0.1271;2.2967;2.3982;0.0144;-0.002;0.1727;0.0155;0.0549;0.0124;0;0;0.088;0;1.951;0;0;0;0;0;0;0;0;0;0;0;0;0.0442;0.0127;2.0733;2.0733;0;45.579;45.579;30.81;0.0411;2059.5;1006.7;1;0.0343;0.0343;0;0;0;0;0;0;2.039;1.951;0;17.197;19.914;16.183;18.739;98.343;98.343;18.355;16.57;15.592;1.785;0.9778;0.0972;0.0533;0.8495;22.612;0.7972;0
22/04/21 13:00;37.563;29.366;43.696;57.477;32.523;90;32.523;290.4;264.8;25.601;15.04;5.4801;0;30.362;236.45;9.7598;0;4.5543;281.13;0;281.13;30.362;9.7598;236.45;4.5543;0.108;0.8573;0;0.0162;265.11;16.019;0;0;11.967;4.0519;255.85;7.6647;0.273;0.0878;7.2235;0.0804;263.52;1.5907;0.1822;0.0586;1.3469;0.003;257.32;29.907;9.6135;215.92;0.419;176.04;140.66;57.593;4.7336;2.1697;31.211;1.4619;28.647;0;1;0;0;0.9681;0.943;1;1;0.9494;0.1103;0.9709;0.991;1;0.9676;0.839;0.994;0.994;1;0.994;0.994;0.9101;0.9131;0.092;0.8442;0.8408;0.0051;0.0155;0.0013;0.0057;0.0203;0.0061;0;0;0.088;0;0.6675;0;0;0;0;0;0;0;0;0;0;0;0;0.0164;0.0019;0.7686;0.7686;0;25.445;25.445;10.405;0.0407;717.64;1071;1;0.013;0.013;0;0;0;0;0;0;0.7555;0.6675;0;17.343;20.082;15.063;17.442;98.304;98.304;6.7471;6.1424;5.3349;0.6047;0.8075;0.0896;0.1197;0.7907;158.67;0.73;0
22/04/21 14:00;30.157;44.627;37.978;39.593;50.407;90;50.407;209.39;199.7;9.6934;15.22;5.62;0;15.209;161.15;4.4741;0;7.5939;188.43;0;188.43;15.209;4.4741;161.15;7.5939;0.0807;0.8955;0;0.0403;165.53;22.901;0;0;15.787;7.114;159.6;4.9323;0.0862;0.0254;4.8008;0.02;164.53;0.9932;0.0913;0.0268;0.8722;0.0029;162.57;15.032;4.4219;139.69;0.457;130.8;104.51;45.987;14.579;2.1235;30.545;2.9686;18.09;0;1;0;0;0.8999;0.8785;1;1;0.902;0.0632;0.97;0.9943;1;0.9668;0.9581;0.994;0.994;1;0.994;0.994;0.847;0.8668;0.0602;0.5659;0.554;0.0033;0.0179;-0.0065;0.0038;0.0134;0.0059;0;0;0.088;0;0.407;0;0;0;0;0;0;0;0;0;0;0;0;0.0108;0.0009;0.5045;0.5045;0;21.715;21.715;6.4953;0.0407;471.56;1069.9;1;0.0095;0.0095;0;0;0;0;0;0;0.495;0.407;0;16.986;19.669;13.704;15.868;98.117;98.117;4.5223;4.0323;3.2531;0.49;0.7792;0.1084;0.1723;0.7193;126.33;0.6415;0
22/04/21 15:00;20.639;56.984;31.255;24.189;59.408;90;59.408;126.6;123.6;3.0039;15.3;4.98;0;7.2853;92.663;1.8905;0;6.2173;108.06;0;108.06;7.2853;1.8905;92.663;6.2173;0.0674;0.9151;0;0.0575;90.703;17.353;0;0;11.519;5.8339;87.28;2.8791;0.0128;0.0033;2.8385;0.0245;90.159;0.5442;0.0437;0.0113;0.4869;0.0023;89.878;7.2288;1.8759;77.818;0.3566;80.129;64.023;29.502;14.953;1.6058;23.099;2.598;9.7516;0;1;0;0;0.8535;0.8394;1;1;0.8757;0.0617;0.9681;0.9982;1;0.9648;0.9358;0.994;0.994;1;0.994;0.994;0.8077;0.8398;0.0574;0.3245;0.3194;0.0019;0.0173;-0.0071;0.0022;0.0076;0.0044;0;0;0.088;0;0.1915;0;0;0;0;0;0;0;0;0;0;0;0;0.0061;0.0004;0.2866;0.2866;0;18.865;18.865;3.5643;0.0408;270.53;1059.3;1;0.0071;0.0071;0;0;0;0;0;0;0.2795;0.1915;0;16.823;19.48;11.241;13.016;97.527;97.527;2.5933;2.2902;1.5302;0.3032;0.7599;0.1169;0.293;0.5901;80.11;0.5087;0
22/04/21 16:00;9.7977;67.215;65.625;10.609;15.911;90;15.911;48.895;48.1;0.7949;15;3.1801;0;1.9277;47.016;0.4032;0;0.1873;49.534;0;49.534;1.9277;0.4032;47.016;0.1873;0.0389;0.9529;0;0.0038;48.632;0.9017;0;0;0.745;0.1567;46.474;1.8668;0.1277;0.0267;1.7055;0.0068;48.341;0.2918;0.0116;0.0024;0.2776;0.0002;46.516;1.7884;0.3741;44.288;0.0236;28.712;22.941;8.8927;0.075;0.3411;4.907;0.0421;5.173;0;1;0;0;1.0131;0.9818;1;1;0.9842;0.1637;0.9614;0.9333;1;0.9629;0.7755;0.994;0.994;1;0.994;0.994;0.9382;0.942;0.1261;0.1488;0.1504;0.0009;0.0135;-0.0045;0.001;0.0035;0.0009;0;0;0.088;0;0.0386;0;0;0;0;0;0;0;0;0;0;0;0;0.0028;0.0001;0.1322;0.1322;0;16.908;16.908;1.9084;0.0411;126.94;1041.2;1;0.0055;0.0055;0;0;0;0;0;0;0.1266;0.0386;0;16.927;19.601;4.9472;5.7287;95.807;95.807;1.1888;1.0563;0.3087;0.1325;0.7476;0.1115;0.6289;0.2597;28.708;0.2418;0
22/04/21 17:00;2.1025;73.268;84.895;2.1953;3.1353;90;3.1353;0;0;0;14.3;3.0101;0;0;0;0;0;0;0;0;0;0;0;0;0;1;1;1;1;0;0;0;0;0;0;0;0;0;0;0;0;0;0;0;0;0;0;0;0;0;0;0;0;0;0;0;0;0;0;0;0;0;0;0;1;1;1;1;1;1;1;1;1;1;1;1;1;1;1;1;1;1;1;0;0;0;0;0;0;0;0;0;0.0004;0.088;0;-0.0884;0;0;0;0;0;0;0;0;0;0;0;0;0;0;0;0;0;0;0;-14.3;0;0;0;0;0.0004;0;0;0;0;0;0;0;-0.0004;-0.0884;0;0;0;0;0;0;0;0;0;-0.7063;0;0.7063;1;1;0;0;0;0
22/04/21 18:00;0;0;90;0;0;90;0;0;0;0;13.05;2.9301;0;0;0;0;0;0;0;0;0;0;0;0;0;1;1;1;1;0;0;0;0;0;0;0;0;0;0;0;0;0;0;0;0;0;0;0;0;0;0;0;0;0;0;0;0;0;0;0;0;0;0;0;1;1;1;1;1;1;1;1;1;1;1;1;1;1;1;1;1;1;1;0;0;0;0;0;0;0;0;0;0.0004;0.088;0;-0.0884;0;0;0;0;0;0;0;0;0;0;0;0;0;0;0;0;0;0;0;-13.05;0;0;0;0;0.0004;0;0;0;0;0;0;0;-0.0004;-0.0884;0;0;0;0;0;0;0;0;0;-0.7063;0;0.7063;1;1;0;0;0;0
22/04/21 19:00;0;0;90;0;0;90;0;0;0;0;12.49;2.89;0;0;0;0;0;0;0;0;0;0;0;0;0;1;1;1;1;0;0;0;0;0;0;0;0;0;0;0;0;0;0;0;0;0;0;0;0;0;0;0;0;0;0;0;0;0;0;0;0;0;0;0;1;1;1;1;1;1;1;1;1;1;1;1;1;1;1;1;1;1;1;0;0;0;0;0;0;0;0;0;0.0004;0.088;0;-0.0884;0;0;0;0;0;0;0;0;0;0;0;0;0;0;0;0;0;0;0;-12.49;0;0;0;0;0.0004;0;0;0;0;0;0;0;-0.0004;-0.0884;0;0;0;0;0;0;0;0;0;-0.7063;0;0.7063;1;1;0;0;0;0
22/04/21 20:00;0;0;90;0;0;90;0;0;0;0;12.19;2.81;0;0;0;0;0;0;0;0;0;0;0;0;0;1;1;1;1;0;0;0;0;0;0;0;0;0;0;0;0;0;0;0;0;0;0;0;0;0;0;0;0;0;0;0;0;0;0;0;0;0;0;0;1;1;1;1;1;1;1;1;1;1;1;1;1;1;1;1;1;1;1;0;0;0;0;0;0;0;0;0;0.0004;0.088;0;-0.0884;0;0;0;0;0;0;0;0;0;0;0;0;0;0;0;0;0;0;0;-12.19;0;0;0;0;0.0004;0;0;0;0;0;0;0;-0.0004;-0.0884;0;0;0;0;0;0;0;0;0;-0.7063;0;0.7063;1;1;0;0;0;0
22/04/21 21:00;0;0;90;0;0;90;0;0;0;0;12.6;2.74;0;0;0;0;0;0;0;0;0;0;0;0;0;1;1;1;1;0;0;0;0;0;0;0;0;0;0;0;0;0;0;0;0;0;0;0;0;0;0;0;0;0;0;0;0;0;0;0;0;0;0;0;1;1;1;1;1;1;1;1;1;1;1;1;1;1;1;1;1;1;1;0;0;0;0;0;0;0;0;0;0.0004;0.088;0;-0.0884;0;0;0;0;0;0;0;0;0;0;0;0;0;0;0;0;0;0;0;-12.6;0;0;0;0;0.0004;0;0;0;0;0;0;0;-0.0004;-0.0884;0;0;0;0;0;0;0;0;0;-0.7063;0;0.7063;1;1;0;0;0;0
22/04/21 22:00;0;0;90;0;0;90;0;0;0;0;10.95;2.76;0;0;0;0;0;0;0;0;0;0;0;0;0;1;1;1;1;0;0;0;0;0;0;0;0;0;0;0;0;0;0;0;0;0;0;0;0;0;0;0;0;0;0;0;0;0;0;0;0;0;0;0;1;1;1;1;1;1;1;1;1;1;1;1;1;1;1;1;1;1;1;0;0;0;0;0;0;0;0;0;0.0004;0.088;0;-0.0884;0;0;0;0;0;0;0;0;0;0;0;0;0;0;0;0;0;0;0;-10.95;0;0;0;0;0.0004;0;0;0;0;0;0;0;-0.0004;-0.0884;0;0;0;0;0;0;0;0;0;-0.7063;0;0.7063;1;1;0;0;0;0
22/04/21 23:00;0;0;90;0;0;90;0;0;0;0;9.9003;2.74;0;0;0;0;0;0;0;0;0;0;0;0;0;1;1;1;1;0;0;0;0;0;0;0;0;0;0;0;0;0;0;0;0;0;0;0;0;0;0;0;0;0;0;0;0;0;0;0;0;0;0;0;1;1;1;1;1;1;1;1;1;1;1;1;1;1;1;1;1;1;1;0;0;0;0;0;0;0;0;0;0.0004;0.088;0;-0.0884;0;0;0;0;0;0;0;0;0;0;0;0;0;0;0;0;0;0;0;-9.9003;0;0;0;0;0.0004;0;0;0;0;0;0;0;-0.0004;-0.0884;0;0;0;0;0;0;0;0;0;-0.7063;0;0.7063;1;1;0;0;0;0
23/04/21 00:00;0;0;90;0;0;90;0;0;0;0;11.1;2.68;0;0;0;0;0;0;0;0;0;0;0;0;0;1;1;1;1;0;0;0;0;0;0;0;0;0;0;0;0;0;0;0;0;0;0;0;0;0;0;0;0;0;0;0;0;0;0;0;0;0;0;0;1;1;1;1;1;1;1;1;1;1;1;1;1;1;1;1;1;1;1;0;0;0;0;0;0;0;0;0;0.0004;0.088;0;-0.0884;0;0;0;0;0;0;0;0;0;0;0;0;0;0;0;0;0;0;0;-11.1;0;0;0;0;0.0004;0;0;0;0;0;0;0;-0.0004;-0.0884;0;0;0;0;0;0;0;0;0;-0.7063;0;0.7063;1;1;0;0;0;0
23/04/21 01:00;0;0;90;0;0;90;0;0;0;0;10.07;2.6201;0;0;0;0;0;0;0;0;0;0;0;0;0;1;1;1;1;0;0;0;0;0;0;0;0;0;0;0;0;0;0;0;0;0;0;0;0;0;0;0;0;0;0;0;0;0;0;0;0;0;0;0;1;1;1;1;1;1;1;1;1;1;1;1;1;1;1;1;1;1;1;0;0;0;0;0;0;0;0;0;0.0004;0.088;0;-0.0884;0;0;0;0;0;0;0;0;0;0;0;0;0;0;0;0;0;0;0;-10.07;0;0;0;0;0.0004;0;0;0;0;0;0;0;-0.0004;-0.0884;0;0;0;0;0;0;0;0;0;-0.7063;0;0.7063;1;1;0;0;0;0
23/04/21 02:00;0;0;90;0;0;90;0;0;0;0;9.4802;2.5401;0;0;0;0;0;0;0;0;0;0;0;0;0;1;1;1;1;0;0;0;0;0;0;0;0;0;0;0;0;0;0;0;0;0;0;0;0;0;0;0;0;0;0;0;0;0;0;0;0;0;0;0;1;1;1;1;1;1;1;1;1;1;1;1;1;1;1;1;1;1;1;0;0;0;0;0;0;0;0;0;0.0004;0.088;0;-0.0884;0;0;0;0;0;0;0;0;0;0;0;0;0;0;0;0;0;0;0;-9.4802;0;0;0;0;0.0004;0;0;0;0;0;0;0;-0.0004;-0.0884;0;0;0;0;0;0;0;0;0;-0.7063;0;0.7063;1;1;0;0;0;0
23/04/21 03:00;0;0;90;0;0;90;0;0;0;0;10.39;2.3701;0;0;0;0;0;0;0;0;0;0;0;0;0;1;1;1;1;0;0;0;0;0;0;0;0;0;0;0;0;0;0;0;0;0;0;0;0;0;0;0;0;0;0;0;0;0;0;0;0;0;0;0;1;1;1;1;1;1;1;1;1;1;1;1;1;1;1;1;1;1;1;0;0;0;0;0;0;0;0;0;0.0004;0.088;0;-0.0884;0;0;0;0;0;0;0;0;0;0;0;0;0;0;0;0;0;0;0;-10.39;0;0;0;0;0.0004;0;0;0;0;0;0;0;-0.0004;-0.0884;0;0;0;0;0;0;0;0;0;-0.7063;0;0.7063;1;1;0;0;0;0
23/04/21 04:00;0;0;90;0;0;90;0;0;0;0;10.28;2.19;0;0;0;0;0;0;0;0;0;0;0;0;0;1;1;1;1;0;0;0;0;0;0;0;0;0;0;0;0;0;0;0;0;0;0;0;0;0;0;0;0;0;0;0;0;0;0;0;0;0;0;0;1;1;1;1;1;1;1;1;1;1;1;1;1;1;1;1;1;1;1;0;0;0;0;0;0;0;0;0;0.0004;0.088;0;-0.0884;0;0;0;0;0;0;0;0;0;0;0;0;0;0;0;0;0;0;0;-10.28;0;0;0;0;0.0004;0;0;0;0;0;0;0;-0.0004;-0.0884;0;0;0;0;0;0;0;0;0;-0.7063;0;0.7063;1;1;0;0;0;0
23/04/21 05:00;0;0;90;0;0;90;0;0;0;0;10.35;2.1401;0;0;0;0;0;0;0;0;0;0;0;0;0;1;1;1;1;0;0;0;0;0;0;0;0;0;0;0;0;0;0;0;0;0;0;0;0;0;0;0;0;0;0;0;0;0;0;0;0;0;0;0;1;1;1;1;1;1;1;1;1;1;1;1;1;1;1;1;1;1;1;0;0;0;0;0;0;0;0;0;0.0004;0.088;0;-0.0884;0;0;0;0;0;0;0;0;0;0;0;0;0;0;0;0;0;0;0;-10.35;0;0;0;0;0.0004;0;0;0;0;0;0;0;-0.0004;-0.0884;0;0;0;0;0;0;0;0;0;-0.7063;0;0.7063;1;1;0;0;0;0
23/04/21 06:00;2.6456;-72.445;83.573;2.7746;3.9676;-90;-3.9676;1.7972;1.7972;0;10.25;2.82;0;0;1.795;0;0;0.0004;1.7955;1.7955;0;0;0;0;0;1;1;1;1;0;0;0;0;0;0;0;0;0;0;0;0;0;0;0;0;0;0;0;0;0;0;0;0;0;0;0;0;0;0;0;0;0;0;0;0;1;1;1;1;1;1;1;1;1;1;1;1;1;0;0;1;0;0;0;0;0;0;0;0;0;0;0;0.0004;0.088;0;-0.0884;0;0;0;0;0;0;0;0;0;0;0;0;0;0;0;0;0;0;0;-10.25;0;0;0;0;0.0004;0;0;0;0;0;0;0;-0.0004;-0.0884;0;0;0;0;0;0;0;0;0;-0.7063;0;0.7063;1;1;0;0;0;0
23/04/21 07:00;11.047;-65.716;62.308;12.089;18.437;-90;-18.437;80.092;68.302;11.79;11.32;3.0399;0;28.593;63.518;7.5467;0;0.4111;100.07;0;100.07;28.593;7.5467;63.518;0.4111;0.2857;0.6389;0;0.0041;98.438;1.6304;0;0;1.2866;0.3438;93.954;3.8936;1.3327;0.3518;2.1943;0.0148;97.847;0.5906;0.1716;0.0453;0.3734;0.0004;94.036;27.089;7.1497;59.663;0.052;39.258;31.367;12.201;0.1704;0.4681;6.733;0.0828;7.0307;0;1;0;0;1.2494;0.9837;1;1;0.9797;0.1636;0.9602;0.9531;1;0.9645;0.778;0.994;0.994;1;0.994;0.994;0.9389;0.9393;0.1265;0.3005;0.2974;0.0018;0.017;-0.0107;0.002;0.0072;0.0013;0;0;0.088;0;0.1775;0;0;0;0;0;0;0;0;0;0;0;0;0.0058;0.0003;0.2726;0.2726;0;15.142;15.142;3.8217;0.0407;252.94;1077.8;1;0.0072;0.0072;0;0;0;0;0;0;0.2655;0.1775;0;17.282;20.012;11.25;13.027;97.375;97.375;2.4016;2.1788;1.4183;0.2229;0.7605;0.0928;0.3167;0.5905;39.185;0.5622;0
23/04/21 08:00;21.724;-55.269;32.194;25.865;60;-90;-60;294.89;98.303;196.59;12.94;4.36;0;449.47;44.733;88.386;0;14.745;597.33;0;597.33;449.47;88.386;44.733;14.745;0.7525;0.0996;0;0.0247;577.9;19.428;0;0;5.6296;13.798;571.76;2.6766;1.0362;0.2038;1.3743;0.0624;574.43;3.4674;2.6968;0.5303;0.2346;0.0057;573.7;445.73;87.652;37.494;0.8784;53.524;42.765;19.346;7.4822;0.9332;13.423;1.9432;6.8745;0;1;0;0;2.0256;0.9675;1;1;0.8742;0.0642;0.9953;0.9977;1;0.9646;0.9337;0.994;0.994;1;0.994;0.994;0.9572;0.8382;0.0596;1.7938;1.7562;0.0106;0.003;0.0696;0.0117;0.0415;0.0026;0;0;0.088;0;1.4632;0;0;0;0;0;0;0;0;0;0;0;0;0.0334;0.0071;1.5767;1.5767;0;36.295;36.295;23.355;0.0408;1510.4;1043.9;1;0.0255;0.0255;0;0;0;0;0;0;1.5512;1.4632;0;16.744;19.39;15.539;17.993;98.381;98.381;14.336;12.601;11.694;1.7351;0.9073;0.121;0.0633;0.8157;38.953;0.8022;0
23/04/21 09:00;30.986;-42.599;39.128;41.58;48.42;-90;-48.42;503.5;87.5;416;14.62;5.2401;0;626.83;29.237;78.884;0;16.935;751.89;0;751.89;626.83;78.884;29.237;16.935;0.8337;0.0614;0;0.0225;733.4;18.491;0;0;2.6968;15.794;723.61;5.3926;3.972;0.4999;0.8691;0.0517;729;4.4004;3.761;0.4733;0.1592;0.0068;727.68;619.1;77.91;25.512;1.0826;201.28;160.82;63.718;2.3042;2.4172;34.771;4.0734;34.884;0;1;0;0;1.4933;0.9754;1;1;0.9078;0.0674;0.9926;0.9936;1;0.9671;0.9544;0.994;0.994;1;0.994;0.994;0.9624;0.8726;0.0639;2.2579;2.265;0.0136;-0.0014;0.1535;0.0147;0.0521;0.0064;0;0;0.088;0;1.8521;0;0;0;0;0;0;0;0;0;0;0;0;0.042;0.0114;1.9727;1.9727;0;44.356;44.356;29.736;0.0411;1946.3;1013.6;1;0.0326;0.0326;0;0;0;0;0;0;1.9401;1.8521;0;16.643;19.273;15.626;18.095;98.35;98.35;18.045;15.766;14.802;2.2797;0.9635;0.1263;0.0534;0.8203;22.475;0.7928;0
23/04/21 10:00;38.01;-26.987;44.596;59.86;30.14;-90;-30.14;404.31;267.2;137.11;16.23;5.3399;0;158.54;208.07;50.936;0;5.4662;423.01;0;423.01;158.54;50.936;208.07;5.4662;0.3748;0.5048;0;0.0129;408.9;14.112;0;0;9.3173;4.795;397.9;8.5428;1.5085;0.4847;6.4324;0.1172;406.44;2.4534;0.9512;0.3056;1.1925;0.004;399.53;156.08;50.146;191.13;0.55;232.48;185.75;75.502;3.2031;2.7032;38.885;1.6264;38.385;0;1;0;0;1.0463;0.9666;1;1;0.9552;0.1228;0.979;0.9904;1;0.9674;0.8243;0.994;0.994;1;0.994;0.994;0.9406;0.9186;0.1006;1.2703;1.2853;0.0077;0.0094;0.0339;0.0086;0.0306;0.0075;0;0;0.088;0;1.0523;0;0;0;0;0;0;0;0;0;0;0;0;0.0247;0.004;1.1589;1.1589;0;32.46;32.46;16.23;0.0408;1101.6;1052;1;0.0186;0.0186;0;0;0;0;0;0;1.1403;1.0523;0;17.379;20.124;15.78;18.273;98.394;98.394;10.152;9.2617;8.4096;0.8906;0.852;0.0877;0.0839;0.8284;137.27;0.775;0
23/04/21 11:00;41.774;-8.5164;47.524;80.587;9.4132;-90;-9.4132;556.89;216.1;340.79;16.01;5.29;0;345.44;133.35;82.97;0;0.7499;562.51;0;562.51;345.44;82.97;133.35;0.7499;0.6141;0.2384;0;0.0013;561.01;1.4982;0;0;0.8729;0.6253;547.38;10.262;3.8749;0.9307;5.4283;0.0278;557.64;3.3661;2.0727;0.4978;0.7948;0.0007;547.52;339.49;81.542;126.25;0.096;326.69;261.02;103.9;0.0307;3.651;52.518;0.1369;56.139;0;1;0;0;1.0101;0.9973;1;1;0.9935;0.1661;0.9816;0.9887;1;0.9588;0.7753;0.994;0.994;1;0.994;0.994;0.9731;0.9468;0.128;1.6892;1.7598;0.0106;0.003;0.0829;0.0116;0.0413;0.0099;0;0;0.088;0;1.4471;0;0;0;0;0;0;0;0;0;0;0;0;0.0333;0.0071;1.5601;1.5601;0;38.413;38.413;22.403;0.0409;1510.2;1033;1;0.025;0.025;0;0;0;0;0;0;1.5351;1.4471;0;17.594;20.373;16.319;18.897;98.397;98.397;13.5;12.468;11.565;1.032;0.9032;0.0764;0.0669;0.8567;79.82;0.8007;0
23/04/21 12:00;41.495;11.098;47.307;77.723;12.277;90;12.277;640.4;147.7;492.7;16.76;5.2699;0;504.23;65.615;83.229;0;1.4645;654.54;0;654.54;504.23;83.229;65.615;1.4645;0.7704;0.1025;0;0.0022;652.65;1.8947;0;0;0.6719;1.2228;639.62;9.1158;5.5927;0.9231;2.5459;0.0541;648.73;3.9159;3.0254;0.4994;0.3897;0.0015;639.92;495.62;81.807;62.008;0.1861;372.57;297.68;120.7;0.0415;4.021;57.841;0.3056;61.82;0;1;0;0;1.0221;0.9971;1;1;0.9898;0.165;0.9859;0.9888;1;0.9606;0.7746;0.994;0.994;1;0.994;0.994;0.9772;0.945;0.1271;1.9656;2.0493;0.0123;0;0.1295;0.0134;0.0474;0.0108;0;0;0.088;0;1.6713;0;0;0;0;0;0;0;0;0;0;0;0;0.0381;0.0094;1.7884;1.7884;0;43.024;43.024;26.264;0.0411;1758.2;1017.2;1;0.0291;0.0291;0;0;0;0;0;0;1.7593;1.6713;0;17.333;20.071;16.198;18.757;98.373;98.373;15.709;14.293;13.357;1.4161;0.9359;0.0901;0.0596;0.8503;39.575;0.7975;0
23/04/21 13:00;37.24;29.249;43.996;57.268;32.732;90;32.732;470.9;248.8;222.1;17.36;5.1899;0;264.02;166.81;80.375;0;7.4776;518.68;0;518.68;264.02;80.375;166.81;7.4776;0.509;0.336;0;0.0144;503.49;15.188;0;0;8.5282;6.6594;492.09;8.3779;2.4202;0.7368;5.0912;0.1297;500.47;3.021;1.5841;0.4822;0.9497;0.0049;494.33;260.02;79.156;152.24;0.6836;260.51;208.15;85.257;3.4148;2.9757;42.804;2.2326;42.364;0;1;0;0;1.1015;0.9707;1;1;0.9489;0.1094;0.9833;0.9908;1;0.9676;0.8405;0.994;0.994;1;0.994;0.994;0.9487;0.9127;0.0914;1.5576;1.5791;0.0095;0.0052;0.0695;0.0105;0.0371;0.0081;0;0;0.088;0;1.2934;0;0;0;0;0;0;0;0;0;0;0;0;0.0299;0.0058;1.4034;1.4034;0;37.494;37.494;20.134;0.0409;1355.6;1035.3;1;0.022;0.022;0;0;0;0;0;0;1.3814;1.2934;0;17.164;19.876;15.819;18.318;98.43;98.43;12.448;11.216;10.337;1.2321;0.8794;0.099;0.0706;0.8304;112.11;0.7821;0
23/04/21 14:00;29.86;44.446;38.253;39.347;50.653;90;50.653;228.5;212.8;15.694;17.99;4.97;0;24.753;169.8;7.8335;0;8.3626;210.75;0;210.75;24.753;7.8335;169.8;8.3626;0.1174;0.8454;0;0.0397;186.16;24.588;0;0;16.753;7.8358;179.78;5.2721;0.1443;0.0457;5.0604;0.0218;185.05;1.117;0.1485;0.047;0.9183;0.0032;183;24.46;7.7409;147.07;0.5019;140.74;112.45;49.464;15.624;2.2818;32.823;3.2209;19.48;0;1;0;0;0.9223;0.8833;1;1;0.9013;0.063;0.9715;0.9941;1;0.9667;0.9584;0.994;0.994;1;0.994;0.994;0.853;0.8661;0.06;0.6329;0.6204;0.0037;0.0175;0.0007;0.0042;0.0149;0.0063;0;0;0.088;0;0.4619;0;0;0;0;0;0;0;0;0;0;0;0;0.012;0.0011;0.5599;0.5599;0;25.321;25.321;7.3311;0.0408;528.45;1059.5;1;0.01;0.01;0;0;0;0;0;0;0.5499;0.4619;0;16.854;19.516;13.904;16.101;98.217;98.217;5.0581;4.4749;3.6918;0.5832;0.7831;0.1153;0.1548;0.7299;133.44;0.6537;0
23/04/21 15:00;20.369;56.771;32.419;23.934;55.774;90;55.774;186.91;166.6;20.309;17.69;4.35;0;49.255;124.53;17.456;0;8.1779;199.42;0;199.42;49.255;17.456;124.53;8.1779;0.247;0.6655;0;0.041;177.61;21.807;0;0;14.127;7.6806;172.6;3.9445;0.12;0.0425;3.7589;0.023;176.55;1.0657;0.2955;0.1047;0.6624;0.003;175.53;48.84;17.309;105.98;0.4713;103.44;82.648;37.432;16.06;1.9046;27.397;2.9306;13.242;0;1;0;0;1.0669;0.8906;1;1;0.8866;0.0608;0.9777;0.9975;1;0.9657;0.9535;0.994;0.994;1;0.994;0.994;0.8655;0.8511;0.0576;0.5989;0.5864;0.0035;0.0177;-0.0006;0.004;0.014;0.0053;0;0;0.088;0;0.4324;0;0;0;0;0;0;0;0;0;0;0;0;0.0113;0.001;0.5301;0.5301;0;24.727;24.727;7.0374;0.0408;499.8;1060.7;1;0.0097;0.0097;0;0;0;0;0;0;0.5204;0.4324;0;16.864;19.528;13.757;15.93;98.174;98.174;4.786;4.2368;3.4561;0.5493;0.7806;0.1148;0.1631;0.7221;103.3;0.6548;0
23/04/21 16:00;9.5496;66.985;66.274;10.358;15.495;90;15.495;45.809;45.2;0.6087;15.65;2.7899;0;1.4762;44.258;0.2978;0;0.1665;46.198;0;46.198;1.4762;0.2978;44.258;0.1665;0.032;0.9616;0;0.0036;45.388;0.81;0;0;0.6708;0.1392;43.365;1.7506;0.1051;0.0212;1.6183;0.0061;45.116;0.2723;0.0089;0.0018;0.2615;0.0002;43.403;1.3622;0.2748;41.707;0.021;26.985;21.561;8.3511;0.0643;0.3206;4.6123;0.037;4.8686;0;1;0;0;1.0085;0.9825;1;1;0.9848;0.1639;0.9612;0.9284;1;0.9626;0.7753;0.994;0.994;1;0.994;0.994;0.9387;0.9424;0.1263;0.1387;0.1404;0.0008;0.0131;-0.0039;0.0009;0.0032;0.0009;0;0;0.088;0;0.0294;0;0;0;0;0;0;0;0;0;0;0;0;0.0026;0.0001;0.1227;0.1227;0;17.433;17.433;1.7831;0.0411;118.39;1036;1;0.0052;0.0052;0;0;0;0;0;0;0.1174;0.0294;0;16.842;19.503;4.0393;4.6775;95.73;95.73;1.1088;0.9803;0.2351;0.1285;0.7452;0.1159;0.6721;0.212;26.982;0.1973;0
23/04/21 17:00;1.8657;73.029;85.471;1.9505;2.7845;90;2.7845;0;0;0;14.51;2.75;0;0;0;0;0;0;0;0;0;0;0;0;0;1;1;1;1;0;0;0;0;0;0;0;0;0;0;0;0;0;0;0;0;0;0;0;0;0;0;0;0;0;0;0;0;0;0;0;0;0;0;0;1;1;1;1;1;1;1;1;1;1;1;1;1;1;1;1;1;1;1;0;0;0;0;0;0;0;0;0;0.0004;0.088;0;-0.0884;0;0;0;0;0;0;0;0;0;0;0;0;0;0;0;0;0;0;0;-14.51;0;0;0;0;0.0004;0;0;0;0;0;0;0;-0.0004;-0.0884;0;0;0;0;0;0;0;0;0;-0.7063;0;0.7063;1;1;0;0;0;0
23/04/21 18:00;0;0;90;0;0;90;0;0;0;0;12.91;2.67;0;0;0;0;0;0;0;0;0;0;0;0;0;1;1;1;1;0;0;0;0;0;0;0;0;0;0;0;0;0;0;0;0;0;0;0;0;0;0;0;0;0;0;0;0;0;0;0;0;0;0;0;1;1;1;1;1;1;1;1;1;1;1;1;1;1;1;1;1;1;1;0;0;0;0;0;0;0;0;0;0.0004;0.088;0;-0.0884;0;0;0;0;0;0;0;0;0;0;0;0;0;0;0;0;0;0;0;-12.91;0;0;0;0;0.0004;0;0;0;0;0;0;0;-0.0004;-0.0884;0;0;0;0;0;0;0;0;0;-0.7063;0;0.7063;1;1;0;0;0;0
23/04/21 19:00;0;0;90;0;0;90;0;0;0;0;12.32;2.59;0;0;0;0;0;0;0;0;0;0;0;0;0;1;1;1;1;0;0;0;0;0;0;0;0;0;0;0;0;0;0;0;0;0;0;0;0;0;0;0;0;0;0;0;0;0;0;0;0;0;0;0;1;1;1;1;1;1;1;1;1;1;1;1;1;1;1;1;1;1;1;0;0;0;0;0;0;0;0;0;0.0004;0.088;0;-0.0884;0;0;0;0;0;0;0;0;0;0;0;0;0;0;0;0;0;0;0;-12.32;0;0;0;0;0.0004;0;0;0;0;0;0;0;-0.0004;-0.0884;0;0;0;0;0;0;0;0;0;-0.7063;0;0.7063;1;1;0;0;0;0
23/04/21 20:00;0;0;90;0;0;90;0;0;0;0;11.18;2.5;0;0;0;0;0;0;0;0;0;0;0;0;0;1;1;1;1;0;0;0;0;0;0;0;0;0;0;0;0;0;0;0;0;0;0;0;0;0;0;0;0;0;0;0;0;0;0;0;0;0;0;0;1;1;1;1;1;1;1;1;1;1;1;1;1;1;1;1;1;1;1;0;0;0;0;0;0;0;0;0;0.0004;0.088;0;-0.0884;0;0;0;0;0;0;0;0;0;0;0;0;0;0;0;0;0;0;0;-11.18;0;0;0;0;0.0004;0;0;0;0;0;0;0;-0.0004;-0.0884;0;0;0;0;0;0;0;0;0;-0.7063;0;0.7063;1;1;0;0;0;0
23/04/21 21:00;0;0;90;0;0;90;0;0;0;0;9.8199;2.3701;0;0;0;0;0;0;0;0;0;0;0;0;0;1;1;1;1;0;0;0;0;0;0;0;0;0;0;0;0;0;0;0;0;0;0;0;0;0;0;0;0;0;0;0;0;0;0;0;0;0;0;0;1;1;1;1;1;1;1;1;1;1;1;1;1;1;1;1;1;1;1;0;0;0;0;0;0;0;0;0;0.0004;0.088;0;-0.0884;0;0;0;0;0;0;0;0;0;0;0;0;0;0;0;0;0;0;0;-9.8199;0;0;0;0;0.0004;0;0;0;0;0;0;0;-0.0004;-0.0884;0;0;0;0;0;0;0;0;0;-0.7063;0;0.7063;1;1;0;0;0;0
23/04/21 22:00;0;0;90;0;0;90;0;0;0;0;8.5003;2.21;0;0;0;0;0;0;0;0;0;0;0;0;0;1;1;1;1;0;0;0;0;0;0;0;0;0;0;0;0;0;0;0;0;0;0;0;0;0;0;0;0;0;0;0;0;0;0;0;0;0;0;0;1;1;1;1;1;1;1;1;1;1;1;1;1;1;1;1;1;1;1;0;0;0;0;0;0;0;0;0;0.0004;0.088;0;-0.0884;0;0;0;0;0;0;0;0;0;0;0;0;0;0;0;0;0;0;0;-8.5003;0;0;0;0;0.0004;0;0;0;0;0;0;0;-0.0004;-0.0884;0;0;0;0;0;0;0;0;0;-0.7063;0;0.7063;1;1;0;0;0;0
23/04/21 23:00;0;0;90;0;0;90;0;0;0;0;7.2499;2.0099;0;0;0;0;0;0;0;0;0;0;0;0;0;1;1;1;1;0;0;0;0;0;0;0;0;0;0;0;0;0;0;0;0;0;0;0;0;0;0;0;0;0;0;0;0;0;0;0;0;0;0;0;1;1;1;1;1;1;1;1;1;1;1;1;1;1;1;1;1;1;1;0;0;0;0;0;0;0;0;0;0.0004;0.088;0;-0.0884;0;0;0;0;0;0;0;0;0;0;0;0;0;0;0;0;0;0;0;-7.2499;0;0;0;0;0.0004;0;0;0;0;0;0;0;-0.0004;-0.0884;0;0;0;0;0;0;0;0;0;-0.7063;0;0.7063;1;1;0;0;0;0
24/04/21 00:00;0;0;90;0;0;90;0;0;0;0;6.7899;1.9299;0;0;0;0;0;0;0;0;0;0;0;0;0;1;1;1;1;0;0;0;0;0;0;0;0;0;0;0;0;0;0;0;0;0;0;0;0;0;0;0;0;0;0;0;0;0;0;0;0;0;0;0;1;1;1;1;1;1;1;1;1;1;1;1;1;1;1;1;1;1;1;0;0;0;0;0;0;0;0;0;0.0004;0.088;0;-0.0884;0;0;0;0;0;0;0;0;0;0;0;0;0;0;0;0;0;0;0;-6.7899;0;0;0;0;0.0004;0;0;0;0;0;0;0;-0.0004;-0.0884;0;0;0;0;0;0;0;0;0;-0.7063;0;0.7063;1;1;0;0;0;0
24/04/21 01:00;0;0;90;0;0;90;0;0;0;0;6.2999;1.94;0;0;0;0;0;0;0;0;0;0;0;0;0;1;1;1;1;0;0;0;0;0;0;0;0;0;0;0;0;0;0;0;0;0;0;0;0;0;0;0;0;0;0;0;0;0;0;0;0;0;0;0;1;1;1;1;1;1;1;1;1;1;1;1;1;1;1;1;1;1;1;0;0;0;0;0;0;0;0;0;0.0004;0.088;0;-0.0884;0;0;0;0;0;0;0;0;0;0;0;0;0;0;0;0;0;0;0;-6.2999;0;0;0;0;0.0004;0;0;0;0;0;0;0;-0.0004;-0.0884;0;0;0;0;0;0;0;0;0;-0.7063;0;0.7063;1;1;0;0;0;0
24/04/21 02:00;0;0;90;0;0;90;0;0;0;0;5.7801;1.9199;0;0;0;0;0;0;0;0;0;0;0;0;0;1;1;1;1;0;0;0;0;0;0;0;0;0;0;0;0;0;0;0;0;0;0;0;0;0;0;0;0;0;0;0;0;0;0;0;0;0;0;0;1;1;1;1;1;1;1;1;1;1;1;1;1;1;1;1;1;1;1;0;0;0;0;0;0;0;0;0;0.0004;0.088;0;-0.0884;0;0;0;0;0;0;0;0;0;0;0;0;0;0;0;0;0;0;0;-5.7801;0;0;0;0;0.0004;0;0;0;0;0;0;0;-0.0004;-0.0884;0;0;0;0;0;0;0;0;0;-0.7063;0;0.7063;1;1;0;0;0;0
24/04/21 03:00;0;0;90;0;0;90;0;0;0;0;4.3102;1.79;0;0;0;0;0;0;0;0;0;0;0;0;0;1;1;1;1;0;0;0;0;0;0;0;0;0;0;0;0;0;0;0;0;0;0;0;0;0;0;0;0;0;0;0;0;0;0;0;0;0;0;0;1;1;1;1;1;1;1;1;1;1;1;1;1;1;1;1;1;1;1;0;0;0;0;0;0;0;0;0;0.0004;0.088;0;-0.0884;0;0;0;0;0;0;0;0;0;0;0;0;0;0;0;0;0;0;0;-4.3102;0;0;0;0;0.0004;0;0;0;0;0;0;0;-0.0004;-0.0884;0;0;0;0;0;0;0;0;0;-0.7063;0;0.7063;1;1;0;0;0;0
24/04/21 04:00;0;0;90;0;0;90;0;0;0;0;3.9001;1.71;0;0;0;0;0;0;0;0;0;0;0;0;0;1;1;1;1;0;0;0;0;0;0;0;0;0;0;0;0;0;0;0;0;0;0;0;0;0;0;0;0;0;0;0;0;0;0;0;0;0;0;0;1;1;1;1;1;1;1;1;1;1;1;1;1;1;1;1;1;1;1;0;0;0;0;0;0;0;0;0;0.0004;0.088;0;-0.0884;0;0;0;0;0;0;0;0;0;0;0;0;0;0;0;0;0;0;0;-3.9001;0;0;0;0;0.0004;0;0;0;0;0;0;0;-0.0004;-0.0884;0;0;0;0;0;0;0;0;0;-0.7063;0;0.7063;1;1;0;0;0;0
24/04/21 05:00;0;0;90;0;0;90;0;0;0;0;3.5199;1.6899;0;0;0;0;0;0;0;0;0;0;0;0;0;1;1;1;1;0;0;0;0;0;0;0;0;0;0;0;0;0;0;0;0;0;0;0;0;0;0;0;0;0;0;0;0;0;0;0;0;0;0;0;1;1;1;1;1;1;1;1;1;1;1;1;1;1;1;1;1;1;1;0;0;0;0;0;0;0;0;0;0.0004;0.088;0;-0.0884;0;0;0;0;0;0;0;0;0;0;0;0;0;0;0;0;0;0;0;-3.5199;0;0;0;0;0.0004;0;0;0;0;0;0;0;-0.0004;-0.0884;0;0;0;0;0;0;0;0;0;-0.7063;0;0.7063;1;1;0;0;0;0
24/04/21 06:00;2.6782;-72.007;83.493;2.8157;4.0267;-90;-4.0267;2.5981;2.5981;0;2.6198;1.5999;0;0;2.5949;0;0;0.0006;2.5955;2.5955;0;0;0;0;0;1;1;1;1;0;0;0;0;0;0;0;0;0;0;0;0;0;0;0;0;0;0;0;0;0;0;0;0;0;0;0;0;0;0;0;0;0;0;0;0;1;1;1;1;1;1;1;1;1;1;1;1;1;0;0;1;0;0;0;0;0;0;0;0;0;0;0;0.0004;0.088;0;-0.0884;0;0;0;0;0;0;0;0;0;0;0;0;0;0;0;0;0;0;0;-2.6198;0;0;0;0;0.0004;0;0;0;0;0;0;0;-0.0004;-0.0884;0;0;0;0;0;0;0;0;0;-0.7063;0;0.7063;1;1;0;0;0;0
24/04/21 07:00;10.869;-65.43;62.786;11.921;18.144;-90;-18.144;140.9;33.898;107;4.4598;1.5999;0;259.52;19.159;34.563;0;0.7006;313.94;0;313.94;259.52;34.563;19.159;0.7006;0.8266;0.0633;0;0.0022;312.98;0.9636;0;0;0.3778;0.5858;296.01;15.084;12.701;1.6916;0.6656;0.0254;311.1;1.8779;1.5571;0.2074;0.1127;0.0007;296.04;245.26;32.664;18.003;0.0887;12.398;9.9062;3.9636;0.0487;0.1403;2.0185;0.0239;2.1101;0;1;0;0;2.2281;0.9969;1;1;0.9803;0.1639;0.9515;0.9508;1;0.9643;0.7777;0.994;0.994;1;0.994;0.994;0.9429;0.9397;0.1267;0.9428;0.8959;0.0054;0.0148;-0.0272;0.0063;0.0224;0.0004;0;0;0.088;0;0.7508;0;0;0;0;0;0;0;0;0;0;0;0;0.018;0.0021;0.8536;0.8536;0;16.394;16.394;11.934;0.0403;766.91;1113;1;0.0148;0.0148;0;0;0;0;0;0;0.8388;0.7508;0;17.249;19.973;15.172;17.568;98.268;98.268;7.5345;6.8221;6.0006;0.7125;0.8215;0.0946;0.109;0.7964;11.804;0.7926;0
24/04/21 08:00;21.516;-54.99;32.513;25.703;60;-90;-60;343.69;59.202;284.49;8.4598;2.6399;0;654.1;18.887;78.218;0;17.185;768.39;0;768.39;654.1;78.218;18.887;17.185;0.8513;0.0469;0;0.0224;749.93;18.458;0;0;2.3769;16.082;742.95;2.4769;1.6292;0.1948;0.5802;0.0727;745.43;4.4996;3.9246;0.4693;0.0991;0.0066;744.16;648.54;77.554;15.831;1.0237;34.488;27.556;12.737;3.1619;0.4758;6.844;1.2081;4.1579;0;1;0;0;2.2357;0.976;1;1;0.8742;0.0642;0.9967;0.9975;1;0.9646;0.9337;0.994;0.994;1;0.994;0.994;0.9669;0.8382;0.0596;2.3075;2.2557;0.0136;-0.0014;0.1089;0.0149;0.053;0.0013;0;0;0.088;0;1.8896;0;0;0;0;0;0;0;0;0;0;0;0;0.0427;0.0113;2.0114;2.0114;0;38.851;38.851;30.391;0.0409;1939.2;1037.3;1;0.0338;0.0338;0;0;0;0;0;0;1.9776;1.8896;0;16.606;19.229;15.6;18.065;98.321;98.321;18.441;16.075;15.102;2.3662;0.9732;0.1283;0.0528;0.8189;16.447;0.8135;0
24/04/21 09:00;30.74;-42.339;39.444;41.444;48.556;-90;-48.556;513.41;84.899;428.51;12.87;3.55;0;647.41;26.732;79.663;0;17.359;771.16;0;771.16;647.41;79.663;26.732;17.359;0.8395;0.0572;0;0.0225;752.49;18.668;0;0;2.4758;16.192;742.39;5.5876;4.2211;0.5194;0.7948;0.0524;747.98;4.515;3.8844;0.478;0.1455;0.007;746.41;639.3;78.666;23.316;1.1076;203.5;162.59;65.138;2.1277;2.3842;34.296;4.0197;34.552;0;1;0;0;1.502;0.9758;1;1;0.9074;0.0672;0.9925;0.9934;1;0.967;0.9548;0.994;0.994;1;0.994;0.994;0.9627;0.8722;0.0638;2.3158;2.3204;0.014;-0.0017;0.1488;0.0151;0.0536;0.0064;0;0;0.088;0;1.9073;0;0;0;0;0;0;0;0;0;0;0;0;0.0432;0.0119;2.0291;2.0291;0;43.351;43.351;30.481;0.0411;1993.8;1017.7;1;0.0337;0.0337;0;0;0;0;0;0;1.9953;1.9073;0;16.691;19.328;15.69;18.169;98.338;98.338;18.508;16.216;15.243;2.2916;0.9728;0.1238;0.0526;0.8236;20.577;0.7971;0
24/04/21 10:00;37.723;-26.776;44.924;59.783;30.217;-90;-30.217;633.51;104.4;529.1;15.33;3.9099;0;612.3;34.968;77.403;0;8.6078;733.28;0;733.28;612.3;77.403;34.968;8.6078;0.835;0.0594;0;0.0117;724.15;9.1258;0;0;1.5722;7.5536;711.85;7.9583;5.9429;0.7513;1.0806;0.1836;719.81;4.3449;3.6738;0.4644;0.2004;0.0063;714.25;602.68;76.187;32.115;0.8642;336.09;268.53;109.5;0.545;3.6196;52.067;2.3976;55.142;0;1;0;0;1.1575;0.9876;1;1;0.955;0.1225;0.9889;0.9902;1;0.9674;0.8248;0.994;0.994;1;0.994;0.994;0.9708;0.9184;0.1004;2.202;2.261;0.0136;-0.0014;0.1551;0.0147;0.052;0.0096;0;0;0.088;0;1.8439;0;0;0;0;0;0;0;0;0;0;0;0;0.0419;0.0114;1.9642;1.9642;0;44.59;44.59;29.26;0.0411;1941.4;1011.8;1;0.0324;0.0324;0;0;0;0;0;0;1.9319;1.8439;0;16.993;19.677;15.951;18.471;98.353;98.353;17.599;15.698;14.736;1.9006;0.9619;0.108;0.0547;0.8373;23.082;0.7951;0
24/04/21 11:00;41.452;-8.4021;47.856;80.606;9.3936;-90;-9.3936;554.29;213.5;340.79;16.56;4.3199;0;345.43;131.19;82.531;0;0.7433;559.89;0;559.89;345.43;82.531;131.19;0.7433;0.617;0.2356;0;0.0013;558.42;1.4756;0;0;0.8558;0.6198;544.81;10.253;3.9414;0.9417;5.3423;0.0276;555.06;3.3505;2.0726;0.4952;0.782;0.0007;544.95;339.41;81.094;124.21;0.0952;325.15;259.8;103.43;0.03;3.633;52.259;0.1355;55.863;0;1;0;0;1.0101;0.9974;1;1;0.9935;0.1661;0.9815;0.9885;1;0.9588;0.7753;0.994;0.994;1;0.994;0.994;0.9731;0.9468;0.128;1.6814;1.7515;0.0105;0.0031;0.0854;0.0116;0.041;0.0099;0;0;0.088;0;1.4372;0;0;0;0;0;0;0;0;0;0;0;0;0.033;0.007;1.55;1.55;0;38.866;38.866;22.306;0.0409;1503.2;1031.1;1;0.0248;0.0248;0;0;0;0;0;0;1.5252;1.4372;0;17.562;20.336;16.284;18.856;98.401;98.401;13.437;12.388;11.486;1.0499;0.9013;0.0781;0.0671;0.8548;78.527;0.799;0
24/04/21 12:00;41.163;11.087;47.628;77.595;12.405;90;12.405;709.11;116.7;592.4;17.39;4.72;0;606.56;38.434;79.674;0;1.6554;726.33;0;726.33;606.56;79.674;38.434;1.6554;0.8351;0.0552;0;0.0023;724.54;1.7827;0;0;0.4005;1.3823;710.91;9.2885;6.8409;0.8986;1.4879;0.0612;720.2;4.3473;3.6394;0.478;0.2282;0.0016;711.26;596.08;78.297;36.318;0.2103;411.84;329.06;133.8;0.0254;4.4189;63.564;0.3477;67.957;0;1;0;0;1.0243;0.9975;1;1;0.9896;0.165;0.9871;0.9887;1;0.9606;0.7746;0.994;0.994;1;0.994;0.994;0.9788;0.9449;0.1271;2.1812;2.2762;0.0137;-0.0015;0.1729;0.0146;0.0519;0.0117;0;0;0.088;0;1.8395;0;0;0;0;0;0;0;0;0;0;0;0;0.0418;0.0115;1.9596;1.9596;0;46.662;46.662;29.272;0.0412;1954.7;1002.5;1;0.0321;0.0321;0;0;0;0;0;0;1.9275;1.8395;0;17.115;19.818;16.066;18.604;98.363;98.363;17.432;15.661;14.701;1.7709;0.9597;0.1016;0.0551;0.8434;23.19;0.7915;0
24/04/21 13:00;36.921;29.131;44.294;57.061;32.939;90;32.939;424.99;271.8;153.2;17.88;4.97;0;182.54;202.73;61.187;0;6.8317;453.29;0;453.29;182.54;61.187;202.73;6.8317;0.4027;0.4623;0;0.0151;436.73;16.558;0;0;10.468;6.0902;425.53;8.575;1.7048;0.5715;6.1823;0.1164;434.11;2.6204;1.0952;0.3671;1.1536;0.0044;427.6;179.74;60.248;184.93;0.6207;241.01;192.57;79.322;4.2405;2.7941;40.191;2.0662;38.745;0;1;0;0;1.0666;0.9635;1;1;0.9484;0.1085;0.9802;0.9906;1;0.9677;0.8421;0.994;0.994;1;0.994;0.994;0.9388;0.9122;0.0909;1.3612;1.3726;0.0083;0.0081;0.0499;0.0091;0.0324;0.0076;0;0;0.088;0;1.1191;0;0;0;0;0;0;0;0;0;0;0;0;0.0261;0.0045;1.2265;1.2265;0;35.271;35.271;17.391;0.0409;1177.5;1041.7;1;0.0195;0.0195;0;0;0;0;0;0;1.2071;1.1191;0;17.165;19.877;15.661;18.135;98.413;98.413;10.879;9.8025;8.9436;1.0764;0.8589;0.0989;0.0789;0.8221;136.46;0.7709;0
24/04/21 14:00;29.567;44.265;38.526;39.104;50.896;90;50.896;336.8;236.2;100.6;17.47;5.04;0;159.5;163.5;56.56;0;12.437;391.99;0;391.99;159.5;56.56;163.5;12.437;0.4069;0.4488;0;0.0317;364.09;27.899;0;0;16.243;11.656;355.71;6.1998;0.9548;0.3386;4.8744;0.0321;361.91;2.1846;0.957;0.3394;0.8835;0.0047;359.79;157.58;55.882;141.5;0.7443;176.43;140.97;60.175;15.299;2.7011;38.854;4.0773;26.256;0;1;0;0;1.1639;0.9288;1;1;0.9007;0.0628;0.9829;0.994;1;0.9667;0.9587;0.994;0.994;1;0.994;0.994;0.9074;0.8654;0.0598;1.1772;1.1656;0.007;0.0111;0.0289;0.0078;0.0278;0.0075;0;0;0.088;0;0.9448;0;0;0;0;0;0;0;0;0;0;0;0;0.0224;0.0033;1.0498;1.0498;0;31.983;31.983;14.513;0.0408;998.16;1051.7;1;0.017;0.017;0;0;0;0;0;0;1.0328;0.9448;0;16.989;19.673;15.29;17.706;98.384;98.384;9.4078;8.39;7.5511;1.0179;0.8389;0.1082;0.0892;0.8026;128.81;0.7472;0
24/04/21 15:00;20.102;56.559;33.534;23.682;53.262;90;53.262;89.293;87.899;1.3939;18.09;4.58;0;3.3806;70.027;0.6405;0;3.5882;77.636;0;77.636;3.3806;0.6405;70.027;3.5882;0.0435;0.9482;0;0.0462;66.837;10.799;0;0;7.4308;3.368;64.317;2.1195;0.0104;0.002;2.0981;0.009;66.436;0.401;0.0203;0.0038;0.3756;0.0013;65.768;3.3499;0.6347;60.122;0.2099;56.546;45.18;20.217;7.6797;0.9856;14.178;1.4514;7.4837;0;1;0;0;0.8695;0.8609;1;1;0.8939;0.0614;0.9681;0.9969;1;0.9663;0.9589;0.994;0.994;1;0.994;0.994;0.8284;0.8586;0.0585;0.2331;0.228;0.0014;0.0158;-0.0036;0.0015;0.0053;0.0027;0;0;0.088;0;0.1061;0;0;0;0;0;0;0;0;0;0;0;0;0.0043;0.0002;0.2004;0.2004;0;20.73;20.73;2.6396;0.041;192.83;1039.1;1;0.0062;0.0062;0;0;0;0;0;0;0.1941;0.1061;0;16.372;18.958;8.6704;10.04;96.881;96.881;1.8633;1.6013;0.848;0.262;0.7532;0.1406;0.4043;0.4551;56.538;0.4004;0
24/04/21 16:00;9.3051;66.756;66.912;10.111;15.088;90;15.088;52.607;51.699;0.9078;16.68;3.06;0;2.2017;50.596;0.5215;0;0.1814;53.501;0;53.501;2.2017;0.5215;50.596;0.1814;0.0412;0.9491;0;0.0034;52.616;0.8848;0;0;0.7332;0.1516;50.221;2.0791;0.1682;0.0398;1.8644;0.0067;52.3;0.3157;0.0132;0.0031;0.2992;0.0002;50.261;2.0203;0.4786;47.7;0.0229;30.806;24.614;9.5265;0.0669;0.3661;5.2656;0.0396;5.5647;0;1;0;0;1.017;0.9835;1;1;0.9855;0.1641;0.9602;0.9232;1;0.9624;0.7752;0.994;0.994;1;0.994;0.994;0.9387;0.9427;0.1265;0.1607;0.1625;0.001;0.014;-0.0037;0.0011;0.0038;0.001;0;0;0.088;0;0.0486;0;0;0;0;0;0;0;0;0;0;0;0;0.003;0.0001;0.1423;0.1423;0;18.744;18.744;2.0636;0.0411;137.29;1036.7;1;0.0058;0.0058;0;0;0;0;0;0;0.1366;0.0486;0;16.875;19.541;5.7569;6.6664;95.946;95.946;1.284;1.1374;0.388;0.1466;0.7494;0.1142;0.5836;0.3022;30.8;0.2815;0
24/04/21 17:00;1.8279;72.646;85.563;1.915;2.7336;90;2.7336;0;0;0;15.15;3.1999;0;0;0;0;0;0;0;0;0;0;0;0;0;1;1;1;1;0;0;0;0;0;0;0;0;0;0;0;0;0;0;0;0;0;0;0;0;0;0;0;0;0;0;0;0;0;0;0;0;0;0;0;1;1;1;1;1;1;1;1;1;1;1;1;1;1;1;1;1;1;1;0;0;0;0;0;0;0;0;0;0.0004;0.088;0;-0.0884;0;0;0;0;0;0;0;0;0;0;0;0;0;0;0;0;0;0;0;-15.15;0;0;0;0;0.0004;0;0;0;0;0;0;0;-0.0004;-0.0884;0;0;0;0;0;0;0;0;0;-0.7063;0;0.7063;1;1;0;0;0;0
24/04/21 18:00;0;0;90;0;0;90;0;0;0;0;13.06;3.3599;0;0;0;0;0;0;0;0;0;0;0;0;0;1;1;1;1;0;0;0;0;0;0;0;0;0;0;0;0;0;0;0;0;0;0;0;0;0;0;0;0;0;0;0;0;0;0;0;0;0;0;0;1;1;1;1;1;1;1;1;1;1;1;1;1;1;1;1;1;1;1;0;0;0;0;0;0;0;0;0;0.0004;0.088;0;-0.0884;0;0;0;0;0;0;0;0;0;0;0;0;0;0;0;0;0;0;0;-13.06;0;0;0;0;0.0004;0;0;0;0;0;0;0;-0.0004;-0.0884;0;0;0;0;0;0;0;0;0;-0.7063;0;0.7063;1;1;0;0;0;0
24/04/21 19:00;0;0;90;0;0;90;0;0;0;0;10.56;3.31;0;0;0;0;0;0;0;0;0;0;0;0;0;1;1;1;1;0;0;0;0;0;0;0;0;0;0;0;0;0;0;0;0;0;0;0;0;0;0;0;0;0;0;0;0;0;0;0;0;0;0;0;1;1;1;1;1;1;1;1;1;1;1;1;1;1;1;1;1;1;1;0;0;0;0;0;0;0;0;0;0.0004;0.088;0;-0.0884;0;0;0;0;0;0;0;0;0;0;0;0;0;0;0;0;0;0;0;-10.56;0;0;0;0;0.0004;0;0;0;0;0;0;0;-0.0004;-0.0884;0;0;0;0;0;0;0;0;0;-0.7063;0;0.7063;1;1;0;0;0;0
24/04/21 20:00;0;0;90;0;0;90;0;0;0;0;9.1498;3.0399;0;0;0;0;0;0;0;0;0;0;0;0;0;1;1;1;1;0;0;0;0;0;0;0;0;0;0;0;0;0;0;0;0;0;0;0;0;0;0;0;0;0;0;0;0;0;0;0;0;0;0;0;1;1;1;1;1;1;1;1;1;1;1;1;1;1;1;1;1;1;1;0;0;0;0;0;0;0;0;0;0.0004;0.088;0;-0.0884;0;0;0;0;0;0;0;0;0;0;0;0;0;0;0;0;0;0;0;-9.1498;0;0;0;0;0.0004;0;0;0;0;0;0;0;-0.0004;-0.0884;0;0;0;0;0;0;0;0;0;-0.7063;0;0.7063;1;1;0;0;0;0
24/04/21 21:00;0;0;90;0;0;90;0;0;0;0;8.6399;2.7899;0;0;0;0;0;0;0;0;0;0;0;0;0;1;1;1;1;0;0;0;0;0;0;0;0;0;0;0;0;0;0;0;0;0;0;0;0;0;0;0;0;0;0;0;0;0;0;0;0;0;0;0;1;1;1;1;1;1;1;1;1;1;1;1;1;1;1;1;1;1;1;0;0;0;0;0;0;0;0;0;0.0004;0.088;0;-0.0884;0;0;0;0;0;0;0;0;0;0;0;0;0;0;0;0;0;0;0;-8.6399;0;0;0;0;0.0004;0;0;0;0;0;0;0;-0.0004;-0.0884;0;0;0;0;0;0;0;0;0;-0.7063;0;0.7063;1;1;0;0;0;0
24/04/21 22:00;0;0;90;0;0;90;0;0;0;0;8.0303;2.6201;0;0;0;0;0;0;0;0;0;0;0;0;0;1;1;1;1;0;0;0;0;0;0;0;0;0;0;0;0;0;0;0;0;0;0;0;0;0;0;0;0;0;0;0;0;0;0;0;0;0;0;0;1;1;1;1;1;1;1;1;1;1;1;1;1;1;1;1;1;1;1;0;0;0;0;0;0;0;0;0;0.0004;0.088;0;-0.0884;0;0;0;0;0;0;0;0;0;0;0;0;0;0;0;0;0;0;0;-8.0303;0;0;0;0;0.0004;0;0;0;0;0;0;0;-0.0004;-0.0884;0;0;0;0;0;0;0;0;0;-0.7063;0;0.7063;1;1;0;0;0;0
24/04/21 23:00;0;0;90;0;0;90;0;0;0;0;7.1103;2.51;0;0;0;0;0;0;0;0;0;0;0;0;0;1;1;1;1;0;0;0;0;0;0;0;0;0;0;0;0;0;0;0;0;0;0;0;0;0;0;0;0;0;0;0;0;0;0;0;0;0;0;0;1;1;1;1;1;1;1;1;1;1;1;1;1;1;1;1;1;1;1;0;0;0;0;0;0;0;0;0;0.0004;0.088;0;-0.0884;0;0;0;0;0;0;0;0;0;0;0;0;0;0;0;0;0;0;0;-7.1103;0;0;0;0;0.0004;0;0;0;0;0;0;0;-0.0004;-0.0884;0;0;0;0;0;0;0;0;0;-0.7063;0;0.7063;1;1;0;0;0;0
25/04/21 00:00;0;0;90;0;0;90;0;0;0;0;6.4402;2.44;0;0;0;0;0;0;0;0;0;0;0;0;0;1;1;1;1;0;0;0;0;0;0;0;0;0;0;0;0;0;0;0;0;0;0;0;0;0;0;0;0;0;0;0;0;0;0;0;0;0;0;0;1;1;1;1;1;1;1;1;1;1;1;1;1;1;1;1;1;1;1;0;0;0;0;0;0;0;0;0;0.0004;0.088;0;-0.0884;0;0;0;0;0;0;0;0;0;0;0;0;0;0;0;0;0;0;0;-6.4402;0;0;0;0;0.0004;0;0;0;0;0;0;0;-0.0004;-0.0884;0;0;0;0;0;0;0;0;0;-0.7063;0;0.7063;1;1;0;0;0;0
25/04/21 01:00;0;0;90;0;0;90;0;0;0;0;5.6498;2.3801;0;0;0;0;0;0;0;0;0;0;0;0;0;1;1;1;1;0;0;0;0;0;0;0;0;0;0;0;0;0;0;0;0;0;0;0;0;0;0;0;0;0;0;0;0;0;0;0;0;0;0;0;1;1;1;1;1;1;1;1;1;1;1;1;1;1;1;1;1;1;1;0;0;0;0;0;0;0;0;0;0.0004;0.088;0;-0.0884;0;0;0;0;0;0;0;0;0;0;0;0;0;0;0;0;0;0;0;-5.6498;0;0;0;0;0.0004;0;0;0;0;0;0;0;-0.0004;-0.0884;0;0;0;0;0;0;0;0;0;-0.7063;0;0.7063;1;1;0;0;0;0
25/04/21 02:00;0;0;90;0;0;90;0;0;0;0;5.3101;2.3701;0;0;0;0;0;0;0;0;0;0;0;0;0;1;1;1;1;0;0;0;0;0;0;0;0;0;0;0;0;0;0;0;0;0;0;0;0;0;0;0;0;0;0;0;0;0;0;0;0;0;0;0;1;1;1;1;1;1;1;1;1;1;1;1;1;1;1;1;1;1;1;0;0;0;0;0;0;0;0;0;0.0004;0.088;0;-0.0884;0;0;0;0;0;0;0;0;0;0;0;0;0;0;0;0;0;0;0;-5.3101;0;0;0;0;0.0004;0;0;0;0;0;0;0;-0.0004;-0.0884;0;0;0;0;0;0;0;0;0;-0.7063;0;0.7063;1;1;0;0;0;0
25/04/21 03:00;0;0;90;0;0;90;0;0;0;0;3.8801;2.29;0;0;0;0;0;0;0;0;0;0;0;0;0;1;1;1;1;0;0;0;0;0;0;0;0;0;0;0;0;0;0;0;0;0;0;0;0;0;0;0;0;0;0;0;0;0;0;0;0;0;0;0;1;1;1;1;1;1;1;1;1;1;1;1;1;1;1;1;1;1;1;0;0;0;0;0;0;0;0;0;0.0004;0.088;0;-0.0884;0;0;0;0;0;0;0;0;0;0;0;0;0;0;0;0;0;0;0;-3.8801;0;0;0;0;0.0004;0;0;0;0;0;0;0;-0.0004;-0.0884;0;0;0;0;0;0;0;0;0;-0.7063;0;0.7063;1;1;0;0;0;0
25/04/21 04:00;0;0;90;0;0;90;0;0;0;0;3.4102;2.1699;0;0;0;0;0;0;0;0;0;0;0;0;0;1;1;1;1;0;0;0;0;0;0;0;0;0;0;0;0;0;0;0;0;0;0;0;0;0;0;0;0;0;0;0;0;0;0;0;0;0;0;0;1;1;1;1;1;1;1;1;1;1;1;1;1;1;1;1;1;1;1;0;0;0;0;0;0;0;0;0;0.0004;0.088;0;-0.0884;0;0;0;0;0;0;0;0;0;0;0;0;0;0;0;0;0;0;0;-3.4102;0;0;0;0;0.0004;0;0;0;0;0;0;0;-0.0004;-0.0884;0;0;0;0;0;0;0;0;0;-0.7063;0;0.7063;1;1;0;0;0;0
25/04/21 05:00;0;0;90;0;0;90;0;0;0;0;3.4899;2.03;0;0;0;0;0;0;0;0;0;0;0;0;0;1;1;1;1;0;0;0;0;0;0;0;0;0;0;0;0;0;0;0;0;0;0;0;0;0;0;0;0;0;0;0;0;0;0;0;0;0;0;0;1;1;1;1;1;1;1;1;1;1;1;1;1;1;1;1;1;1;1;0;0;0;0;0;0;0;0;0;0.0004;0.088;0;-0.0884;0;0;0;0;0;0;0;0;0;0;0;0;0;0;0;0;0;0;0;-3.4899;0;0;0;0;0.0004;0;0;0;0;0;0;0;-0.0004;-0.0884;0;0;0;0;0;0;0;0;0;-0.7063;0;0.7063;1;1;0;0;0;0
25/04/21 06:00;2.5164;-71.721;83.887;2.6499;3.7881;-90;-3.7881;4.493;4.493;0;2.4303;1.7401;0;0;4.488;0;0;0.001;4.489;4.489;0;0;0;0;0;1;1;1;1;0;0;0;0;0;0;0;0;0;0;0;0;0;0;0;0;0;0;0;0;0;0;0;0;0;0;0;0;0;0;0;0;0;0;0;0;1;1;1;1;1;1;1;1;1;1;1;1;1;0;0;1;0;0;0;0;0;0;0;0;0;0;0;0.0004;0.088;0;-0.0884;0;0;0;0;0;0;0;0;0;0;0;0;0;0;0;0;0;0;0;-2.4303;0;0;0;0;0.0004;0;0;0;0;0;0;0;-0.0004;-0.0884;0;0;0;0;0;0;0;0;0;-0.7063;0;0.7063;1;1;0;0;0;0
25/04/21 07:00;10.691;-65.148;63.261;11.753;17.852;-90;-17.852;149.3;26.202;123.1;4.3202;1.49;0;298.55;12.994;31.256;0;0.7189;343.52;0;343.52;298.55;31.256;12.994;0.7189;0.8691;0.0399;0;0.0021;342.67;0.8502;0;0;0.2493;0.6009;323.18;17.437;15.35;1.607;0.454;0.0261;340.62;2.056;1.7913;0.1875;0.0765;0.0007;323.2;281.41;29.462;12.214;0.0912;8.6623;6.9212;2.8126;0.0313;0.095;1.3672;0.0155;1.431;0;1;0;0;2.3008;0.9975;1;1;0.9808;0.1641;0.9488;0.9483;1;0.9642;0.7775;0.994;0.994;1;0.994;0.994;0.9408;0.94;0.1268;1.0316;0.9763;0.0059;0.0137;-0.0263;0.0069;0.0244;0.0003;0;0;0.088;0;0.8254;0;0;0;0;0;0;0;0;0;0;0;0;0.0197;0.0024;0.9293;0.9293;0;17.353;17.353;13.033;0.0403;835.91;1111.8;1;0.0159;0.0159;0;0;0;0;0;0;0.9134;0.8254;0;17.161;19.873;15.242;17.65;98.284;98.284;8.2446;7.4272;6.5965;0.8173;0.8308;0.0991;0.1008;0.8001;7.996;0.7977;0
25/04/21 08:00;21.309;-54.716;32.828;25.541;60;-90;-60;339.71;58.697;281.01;9.9103;3.0201;0;649.79;18.79;77.794;0;16.985;763.36;0;763.36;649.79;77.794;18.79;16.985;0.8512;0.0469;0;0.0223;745.1;18.26;0;0;2.3647;15.895;738.03;2.5946;1.7375;0.208;0.5773;0.0719;740.63;4.4706;3.8987;0.4668;0.0986;0.0065;739.23;644.15;77.119;15.75;1.0119;32.489;25.958;11.794;3.1456;0.4724;6.7946;1.1973;4.1214;0;1;0;0;2.2471;0.9761;1;1;0.8742;0.0642;0.9965;0.9973;1;0.9646;0.9337;0.994;0.994;1;0.994;0.994;0.9668;0.8382;0.0596;2.2924;2.2408;0.0135;-0.0013;0.1183;0.0148;0.0524;0.0013;0;0;0.088;0;1.8672;0;0;0;0;0;0;0;0;0;0;0;0;0.0422;0.0112;1.9885;1.9885;0;40.132;40.132;30.222;0.0409;1926.4;1032.2;1;0.0332;0.0332;0;0;0;0;0;0;1.9552;1.8672;0;16.524;19.135;15.517;17.968;98.329;98.329;18.321;15.892;14.923;2.4289;0.9689;0.1326;0.0529;0.8145;16.362;0.8091;0
25/04/21 09:00;30.495;-42.084;39.755;41.306;48.694;-90;-48.694;505.69;84.3;421.39;12.82;3.45;0;638.39;26.904;78.606;0;17.189;761.09;0;761.09;638.39;78.606;26.904;17.189;0.8388;0.0579;0;0.0226;742.55;18.538;0;0;2.502;16.036;732.44;5.6557;4.2777;0.5267;0.8;0.0513;738.1;4.4553;3.8303;0.4716;0.1464;0.0069;736.42;630.28;77.608;23.456;1.0947;199.83;159.67;63.912;2.1625;2.3495;33.796;3.9821;33.984;0;1;0;0;1.505;0.9756;1;1;0.907;0.0671;0.9923;0.9933;1;0.967;0.9552;0.994;0.994;1;0.994;0.994;0.9624;0.8718;0.0637;2.2856;2.2893;0.0138;-0.0015;0.1431;0.0149;0.053;0.0063;0;0;0.088;0;1.8841;0;0;0;0;0;0;0;0;0;0;0;0;0.0427;0.0116;2.0054;2.0054;0;42.882;42.882;30.062;0.041;1966.5;1019.8;1;0.0333;0.0333;0;0;0;0;0;0;1.9721;1.8841;0;16.715;19.356;15.704;18.185;98.339;98.339;18.266;16.027;15.058;2.2387;0.9695;0.1226;0.0531;0.8244;20.737;0.7978;0
25/04/21 10:00;37.437;-26.571;45.248;59.704;30.296;-90;-30.296;623.19;103.5;519.7;14.84;3.4901;0;601.9;35.324;75.959;0;8.511;721.69;0;721.69;601.9;75.959;35.324;8.511;0.834;0.0607;0;0.0118;712.62;9.0665;0;0;1.5949;7.4716;700.37;7.9784;5.9553;0.7515;1.0911;0.1805;708.35;4.2757;3.6114;0.4558;0.2024;0.0062;702.74;592.33;74.751;32.435;0.8527;330.49;264.06;107.69;0.5555;3.5599;51.207;2.3729;54.212;0;1;0;0;1.1581;0.9874;1;1;0.9549;0.1221;0.9887;0.99;1;0.9675;0.8253;0.994;0.994;1;0.994;0.994;0.9705;0.9182;0.1002;2.1672;2.2245;0.0134;-0.0012;0.1449;0.0145;0.0513;0.0095;0;0;0.088;0;1.8199;0;0;0;0;0;0;0;0;0;0;0;0;0.0413;0.011;1.9398;1.9398;0;43.606;43.606;28.765;0.0411;1909.2;1016.1;1;0.032;0.032;0;0;0;0;0;0;1.9079;1.8199;0;17.051;19.745;15.997;18.524;98.351;98.351;17.321;15.503;14.544;1.8173;0.9589;0.1049;0.0554;0.8397;23.33;0.7974;0
25/04/21 11:00;41.134;-8.2924;48.185;80.624;9.3765;-90;-9.3765;682.89;114.5;568.39;16.68;3.6601;0;576.09;40.894;74.324;0;0.9124;692.22;0;692.22;576.09;74.324;40.894;0.9124;0.8322;0.0604;0;0.0013;691.19;1.0268;0;0;0.266;0.7608;677.8;9.2451;6.6833;0.8623;1.6657;0.0339;687.04;4.1471;3.4565;0.4459;0.2438;0.0009;677.97;565.95;73.016;38.718;0.1168;399.34;319.07;128.1;0.0094;4.3899;63.146;0.1701;67.527;0;1;0;0;1.0137;0.9985;1;1;0.9935;0.1661;0.9865;0.9883;1;0.9588;0.7753;0.994;0.994;1;0.994;0.994;0.9792;0.9468;0.128;2.0787;2.1751;0.0131;-0.0009;0.149;0.0141;0.05;0.0117;0;0;0.088;0;1.7685;0;0;0;0;0;0;0;0;0;0;0;0;0.0403;0.0105;1.8874;1.8874;0;44.543;44.543;27.862;0.0411;1865.8;1011.6;1;0.0309;0.0309;0;0;0;0;0;0;1.8565;1.7685;0;17.296;20.029;16.207;18.767;98.364;98.364;16.613;15.084;14.134;1.5295;0.9501;0.0921;0.0572;0.8507;24.477;0.7964;0
25/04/21 12:00;40.834;11.074;47.946;77.47;12.53;90;12.53;636.5;141.8;494.7;17.93;3.85;0;506.77;61.539;81.458;0;1.516;651.28;0;651.28;506.77;81.458;61.539;1.516;0.7781;0.0968;0;0.0023;649.36;1.9181;0;0;0.6522;1.2659;636.29;9.1757;5.8089;0.9337;2.3771;0.056;645.47;3.8962;3.0406;0.4888;0.3653;0.0015;636.61;497.92;80.036;58.145;0.1926;370.01;295.64;119.92;0.042;3.9899;57.393;0.319;61.341;0;1;0;0;1.0232;0.9971;1;1;0.9894;0.165;0.9858;0.9885;1;0.9607;0.7747;0.994;0.994;1;0.994;0.994;0.977;0.9448;0.127;1.9558;2.0384;0.0123;0.0001;0.1365;0.0132;0.0469;0.0106;0;0;0.088;0;1.6549;0;0;0;0;0;0;0;0;0;0;0;0;0.0378;0.0093;1.7716;1.7716;0;44.081;44.081;26.151;0.0411;1748.9;1013;1;0.0287;0.0287;0;0;0;0;0;0;1.7429;1.6549;0;17.256;19.982;16.119;18.666;98.38;98.38;15.631;14.159;13.226;1.472;0.9326;0.0942;0.0597;0.8462;37.145;0.7938;0
25/04/21 13:00;36.606;29.015;44.588;56.857;33.143;90;33.143;528.51;188.8;339.71;18.19;4.04;0;405.71;100.21;95.215;0;8.5983;609.73;0;609.73;405.71;95.215;100.21;8.5983;0.6654;0.1784;0;0.0141;596.83;12.897;0;0;5.225;7.6725;585.29;7.9613;3.8586;0.9056;3.0532;0.1439;593.25;3.581;2.4343;0.5713;0.5699;0.0056;587.75;399.42;93.738;91.357;0.7764;281.45;224.88;92.956;2.1424;3.0593;44.007;2.46;44.924;0;1;0;0;1.1537;0.9788;1;1;0.9479;0.1077;0.9866;0.9904;1;0.9677;0.8436;0.994;0.994;1;0.994;0.994;0.9599;0.9117;0.0903;1.831;1.863;0.0112;0.0018;0.1127;0.0122;0.0431;0.0082;0;0;0.088;0;1.517;0;0;0;0;0;0;0;0;0;0;0;0;0.0347;0.0079;1.6311;1.6311;0;42.214;42.214;24.024;0.041;1599.9;1019.5;1;0.0261;0.0261;0;0;0;0;0;0;1.605;1.517;0;16.97;19.651;15.783;18.276;98.398;98.398;14.634;13.036;12.124;1.5976;0.9121;0.1092;0.0623;0.8285;67.553;0.786;0
25/04/21 14:00;29.277;44.086;38.795;38.863;51.137;90;51.137;448.1;155.5;292.6;18.4;4.2201;0;466.33;70.42;109.91;0;16.694;663.35;0;663.35;466.33;109.91;70.42;16.694;0.703;0.1313;0;0.0252;640.65;22.692;0;0;7.044;15.648;631.13;5.6827;2.8646;0.6752;2.1003;0.0426;636.81;3.8439;2.798;0.6595;0.3803;0.0063;635.34;460.66;108.57;60.895;0.9964;180.75;144.42;57.934;6.7013;2.4255;34.889;4.2081;30.613;0;1;0;0;1.4803;0.9658;1;1;0.9;0.0626;0.9911;0.9938;1;0.9667;0.959;0.994;0.994;1;0.994;0.994;0.9514;0.8647;0.0597;1.992;1.9871;0.012;0.0006;0.135;0.0129;0.0457;0.0065;0;0;0.088;0;1.613;0;0;0;0;0;0;0;0;0;0;0;0;0.0368;0.0089;1.7288;1.7288;0;44.345;44.345;25.945;0.0411;1707.1;1012.7;1;0.0279;0.0279;0;0;0;0;0;0;1.701;1.613;0;16.533;19.145;15.425;17.862;98.388;98.388;15.92;13.817;12.891;2.1035;0.9261;0.1321;0.0582;0.8097;55.614;0.779;0
25/04/21 15:00;19.839;56.349;34.603;23.433;51.253;90;51.253;300.21;135.9;164.31;18.85;3.85;0;398.49;70.833;118.28;0;11.231;598.83;0;598.83;398.49;118.28;70.833;11.231;0.6655;0.137;0;0.0188;581.2;17.638;0;0;7.1087;10.529;573.65;4.0567;1.4768;0.4383;2.1131;0.0286;577.71;3.4872;2.391;0.7097;0.3823;0.0042;574.97;394.63;117.13;61.229;0.6695;57.051;45.583;20.355;6.7927;0.9351;13.451;1.3211;7.5933;0;1;0;0;1.9947;0.9705;1;1;0.8996;0.0625;0.993;0.9963;1;0.9666;0.9591;0.994;0.994;1;0.994;0.994;0.9579;0.8644;0.0596;1.7983;1.7601;0.0106;0.003;0.1079;0.0115;0.0407;0.0025;0;0;0.088;0;1.4316;0;0;0;0;0;0;0;0;0;0;0;0;0.0328;0.0071;1.5441;1.5441;0;42.402;42.402;23.552;0.0411;1514.4;1019.6;1;0.0245;0.0245;0;0;0;0;0;0;1.5196;1.4316;0;16.357;18.941;15.166;17.562;98.416;98.416;14.372;12.34;11.442;2.0316;0.8988;0.1414;0.0625;0.7961;56.007;0.7829;0
25/04/21 16:00;9.0645;66.53;67.536;9.8667;14.69;90;14.69;111.19;90.699;20.492;17.9;2.89;0;49.698;80.616;21.207;0;0.3634;151.88;0;151.88;49.698;21.207;80.616;0.3634;0.3272;0.5332;0;0.0024;150.46;1.4204;0;0;1.1167;0.3037;140.75;8.8128;4.0698;1.7367;2.993;0.0134;149.56;0.9028;0.2982;0.1272;0.477;0.0004;140.81;45.33;19.343;76.029;0.046;49.148;39.269;15.098;0.0969;0.5899;8.4855;0.0595;8.9785;0;1;0;0;1.366;0.9906;1;1;0.9861;0.1643;0.9411;0.9176;1;0.9621;0.775;0.994;0.994;1;0.994;0.994;0.9267;0.9431;0.1266;0.4561;0.442;0.0027;0.0181;-0.0022;0.003;0.0105;0.0016;0;0;0.088;0;0.303;0;0;0;0;0;0;0;0;0;0;0;0;0.0085;0.0006;0.3992;0.3992;0;23.644;23.644;5.744;0.0408;377.39;1057.9;1;0.0083;0.0083;0;0;0;0;0;0;0.391;0.303;0;16.675;19.309;12.654;14.653;97.93;97.93;3.6452;3.1907;2.4213;0.4545;0.7693;0.1247;0.2111;0.6643;49.004;0.6376;0
25/04/21 17:00;1.7933;72.265;85.647;1.8827;2.6874;90;2.6874;0;0;0;15;3.0101;0;0;0;0;0;0;0;0;0;0;0;0;0;1;1;1;1;0;0;0;0;0;0;0;0;0;0;0;0;0;0;0;0;0;0;0;0;0;0;0;0;0;0;0;0;0;0;0;0;0;0;0;1;1;1;1;1;1;1;1;1;1;1;1;1;1;1;1;1;1;1;0;0;0;0;0;0;0;0;0;0.0004;0.088;0;-0.0884;0;0;0;0;0;0;0;0;0;0;0;0;0;0;0;0;0;0;0;-15;0;0;0;0;0.0004;0;0;0;0;0;0;0;-0.0004;-0.0884;0;0;0;0;0;0;0;0;0;-0.7063;0;0.7063;1;1;0;0;0;0
25/04/21 18:00;0;0;90;0;0;90;0;0;0;0;11.99;3.06;0;0;0;0;0;0;0;0;0;0;0;0;0;1;1;1;1;0;0;0;0;0;0;0;0;0;0;0;0;0;0;0;0;0;0;0;0;0;0;0;0;0;0;0;0;0;0;0;0;0;0;0;1;1;1;1;1;1;1;1;1;1;1;1;1;1;1;1;1;1;1;0;0;0;0;0;0;0;0;0;0.0004;0.088;0;-0.0884;0;0;0;0;0;0;0;0;0;0;0;0;0;0;0;0;0;0;0;-11.99;0;0;0;0;0.0004;0;0;0;0;0;0;0;-0.0004;-0.0884;0;0;0;0;0;0;0;0;0;-0.7063;0;0.7063;1;1;0;0;0;0
25/04/21 19:00;0;0;90;0;0;90;0;0;0;0;10.73;3.05;0;0;0;0;0;0;0;0;0;0;0;0;0;1;1;1;1;0;0;0;0;0;0;0;0;0;0;0;0;0;0;0;0;0;0;0;0;0;0;0;0;0;0;0;0;0;0;0;0;0;0;0;1;1;1;1;1;1;1;1;1;1;1;1;1;1;1;1;1;1;1;0;0;0;0;0;0;0;0;0;0.0004;0.088;0;-0.0884;0;0;0;0;0;0;0;0;0;0;0;0;0;0;0;0;0;0;0;-10.73;0;0;0;0;0.0004;0;0;0;0;0;0;0;-0.0004;-0.0884;0;0;0;0;0;0;0;0;0;-0.7063;0;0.7063;1;1;0;0;0;0
25/04/21 20:00;0;0;90;0;0;90;0;0;0;0;10.04;3;0;0;0;0;0;0;0;0;0;0;0;0;0;1;1;1;1;0;0;0;0;0;0;0;0;0;0;0;0;0;0;0;0;0;0;0;0;0;0;0;0;0;0;0;0;0;0;0;0;0;0;0;1;1;1;1;1;1;1;1;1;1;1;1;1;1;1;1;1;1;1;0;0;0;0;0;0;0;0;0;0.0004;0.088;0;-0.0884;0;0;0;0;0;0;0;0;0;0;0;0;0;0;0;0;0;0;0;-10.04;0;0;0;0;0.0004;0;0;0;0;0;0;0;-0.0004;-0.0884;0;0;0;0;0;0;0;0;0;-0.7063;0;0.7063;1;1;0;0;0;0
25/04/21 21:00;0;0;90;0;0;90;0;0;0;0;9.7102;2.91;0;0;0;0;0;0;0;0;0;0;0;0;0;1;1;1;1;0;0;0;0;0;0;0;0;0;0;0;0;0;0;0;0;0;0;0;0;0;0;0;0;0;0;0;0;0;0;0;0;0;0;0;1;1;1;1;1;1;1;1;1;1;1;1;1;1;1;1;1;1;1;0;0;0;0;0;0;0;0;0;0.0004;0.088;0;-0.0884;0;0;0;0;0;0;0;0;0;0;0;0;0;0;0;0;0;0;0;-9.7102;0;0;0;0;0.0004;0;0;0;0;0;0;0;-0.0004;-0.0884;0;0;0;0;0;0;0;0;0;-0.7063;0;0.7063;1;1;0;0;0;0
25/04/21 22:00;0;0;90;0;0;90;0;0;0;0;8.7502;2.76;0;0;0;0;0;0;0;0;0;0;0;0;0;1;1;1;1;0;0;0;0;0;0;0;0;0;0;0;0;0;0;0;0;0;0;0;0;0;0;0;0;0;0;0;0;0;0;0;0;0;0;0;1;1;1;1;1;1;1;1;1;1;1;1;1;1;1;1;1;1;1;0;0;0;0;0;0;0;0;0;0.0004;0.088;0;-0.0884;0;0;0;0;0;0;0;0;0;0;0;0;0;0;0;0;0;0;0;-8.7502;0;0;0;0;0.0004;0;0;0;0;0;0;0;-0.0004;-0.0884;0;0;0;0;0;0;0;0;0;-0.7063;0;0.7063;1;1;0;0;0;0
25/04/21 23:00;0;0;90;0;0;90;0;0;0;0;7.7498;2.58;0;0;0;0;0;0;0;0;0;0;0;0;0;1;1;1;1;0;0;0;0;0;0;0;0;0;0;0;0;0;0;0;0;0;0;0;0;0;0;0;0;0;0;0;0;0;0;0;0;0;0;0;1;1;1;1;1;1;1;1;1;1;1;1;1;1;1;1;1;1;1;0;0;0;0;0;0;0;0;0;0.0004;0.088;0;-0.0884;0;0;0;0;0;0;0;0;0;0;0;0;0;0;0;0;0;0;0;-7.7498;0;0;0;0;0.0004;0;0;0;0;0;0;0;-0.0004;-0.0884;0;0;0;0;0;0;0;0;0;-0.7063;0;0.7063;1;1;0;0;0;0
26/04/21 00:00;0;0;90;0;0;90;0;0;0;0;6.9301;2.3801;0;0;0;0;0;0;0;0;0;0;0;0;0;1;1;1;1;0;0;0;0;0;0;0;0;0;0;0;0;0;0;0;0;0;0;0;0;0;0;0;0;0;0;0;0;0;0;0;0;0;0;0;1;1;1;1;1;1;1;1;1;1;1;1;1;1;1;1;1;1;1;0;0;0;0;0;0;0;0;0;0.0004;0.088;0;-0.0884;0;0;0;0;0;0;0;0;0;0;0;0;0;0;0;0;0;0;0;-6.9301;0;0;0;0;0.0004;0;0;0;0;0;0;0;-0.0004;-0.0884;0;0;0;0;0;0;0;0;0;-0.7063;0;0.7063;1;1;0;0;0;0
26/04/21 01:00;0;0;90;0;0;90;0;0;0;0;6.6097;2.18;0;0;0;0;0;0;0;0;0;0;0;0;0;1;1;1;1;0;0;0;0;0;0;0;0;0;0;0;0;0;0;0;0;0;0;0;0;0;0;0;0;0;0;0;0;0;0;0;0;0;0;0;1;1;1;1;1;1;1;1;1;1;1;1;1;1;1;1;1;1;1;0;0;0;0;0;0;0;0;0;0.0004;0.088;0;-0.0884;0;0;0;0;0;0;0;0;0;0;0;0;0;0;0;0;0;0;0;-6.6097;0;0;0;0;0.0004;0;0;0;0;0;0;0;-0.0004;-0.0884;0;0;0;0;0;0;0;0;0;-0.7063;0;0.7063;1;1;0;0;0;0
26/04/21 02:00;0;0;90;0;0;90;0;0;0;0;6.0001;1.96;0;0;0;0;0;0;0;0;0;0;0;0;0;1;1;1;1;0;0;0;0;0;0;0;0;0;0;0;0;0;0;0;0;0;0;0;0;0;0;0;0;0;0;0;0;0;0;0;0;0;0;0;1;1;1;1;1;1;1;1;1;1;1;1;1;1;1;1;1;1;1;0;0;0;0;0;0;0;0;0;0.0004;0.088;0;-0.0884;0;0;0;0;0;0;0;0;0;0;0;0;0;0;0;0;0;0;0;-6.0001;0;0;0;0;0.0004;0;0;0;0;0;0;0;-0.0004;-0.0884;0;0;0;0;0;0;0;0;0;-0.7063;0;0.7063;1;1;0;0;0;0
26/04/21 03:00;0;0;90;0;0;90;0;0;0;0;4.7198;1.72;0;0;0;0;0;0;0;0;0;0;0;0;0;1;1;1;1;0;0;0;0;0;0;0;0;0;0;0;0;0;0;0;0;0;0;0;0;0;0;0;0;0;0;0;0;0;0;0;0;0;0;0;1;1;1;1;1;1;1;1;1;1;1;1;1;1;1;1;1;1;1;0;0;0;0;0;0;0;0;0;0.0004;0.088;0;-0.0884;0;0;0;0;0;0;0;0;0;0;0;0;0;0;0;0;0;0;0;-4.7198;0;0;0;0;0.0004;0;0;0;0;0;0;0;-0.0004;-0.0884;0;0;0;0;0;0;0;0;0;-0.7063;0;0.7063;1;1;0;0;0;0
26/04/21 04:00;0;0;90;0;0;90;0;0;0;0;4.1201;1.54;0;0;0;0;0;0;0;0;0;0;0;0;0;1;1;1;1;0;0;0;0;0;0;0;0;0;0;0;0;0;0;0;0;0;0;0;0;0;0;0;0;0;0;0;0;0;0;0;0;0;0;0;1;1;1;1;1;1;1;1;1;1;1;1;1;1;1;1;1;1;1;0;0;0;0;0;0;0;0;0;0.0004;0.088;0;-0.0884;0;0;0;0;0;0;0;0;0;0;0;0;0;0;0;0;0;0;0;-4.1201;0;0;0;0;0.0004;0;0;0;0;0;0;0;-0.0004;-0.0884;0;0;0;0;0;0;0;0;0;-0.7063;0;0.7063;1;1;0;0;0;0
26/04/21 05:00;0;0;90;0;0;90;0;0;0;0;3.4102;1.57;0;0;0;0;0;0;0;0;0;0;0;0;0;1;1;1;1;0;0;0;0;0;0;0;0;0;0;0;0;0;0;0;0;0;0;0;0;0;0;0;0;0;0;0;0;0;0;0;0;0;0;0;1;1;1;1;1;1;1;1;1;1;1;1;1;1;1;1;1;1;1;0;0;0;0;0;0;0;0;0;0.0004;0.088;0;-0.0884;0;0;0;0;0;0;0;0;0;0;0;0;0;0;0;0;0;0;0;-3.4102;0;0;0;0;0.0004;0;0;0;0;0;0;0;-0.0004;-0.0884;0;0;0;0;0;0;0;0;0;-0.7063;0;0.7063;1;1;0;0;0;0
26/04/21 06:00;2.5486;-71.292;83.809;2.6906;3.8466;-90;-3.8466;3.9069;3.8979;0.009;2.7999;1.6899;0;0.0219;3.8929;0.0014;0;0.0009;3.9171;3.9171;0;0.0219;0;0;0;1;1;1;1;0;0;0;0;0;0;0;0;0;0;0;0;0;0;0;0;0;0;0;0;0;0;0;0;0;0;0;0;0;0;0;0;0;0;0;0;1;1;1;1;1;1;1;1;1;1;1;0;1;0;0;1;0;0;0;0;0;0;0;0;0;0;0;0.0004;0.088;0;-0.0884;0;0;0;0;0;0;0;0;0;0;0;0;0;0;0;0;0;0;0;-2.7999;0;0;0;0;0.0004;0;0;0;0;0;0;0;-0.0004;-0.0884;0;0;0;0;0;0;0;0;0;-0.7063;0;0.7063;1;1;0;0;0;0
26/04/21 07:00;10.514;-64.871;63.734;11.584;17.561;-90;-17.561;149.69;24.998;124.7;3.7499;2.02;0;302.42;12.042;30.726;0;0.6976;345.89;0;345.89;302.42;30.726;12.042;0.6976;0.8743;0.0368;0;0.002;345.08;0.8077;0;0;0.2248;0.5829;324.56;18.448;16.34;1.6601;0.4231;0.0254;343.01;2.0705;1.8145;0.1844;0.0709;0.0007;324.58;284.27;28.881;11.323;0.0886;8.074;6.4511;2.3174;0.0274;0.1082;1.5571;0.0188;1.6379;0;1;0;0;2.3106;0.9977;1;1;0.9813;0.1644;0.9462;0.9456;1;0.964;0.7773;0.994;0.994;1;0.994;0.994;0.9383;0.9403;0.127;1.0387;0.9809;0.0059;0.0137;-0.0282;0.0069;0.0246;0.0003;0;0;0.088;0;0.8314;0;0;0;0;0;0;0;0;0;0;0;0;0.0198;0.0025;0.9354;0.9354;0;16.832;16.832;13.082;0.0403;839.76;1113.9;1;0.0161;0.0161;0;0;0;0;0;0;0.9194;0.8314;0;17.156;19.867;15.248;17.656;98.282;98.282;8.3013;7.4761;6.6443;0.8252;0.8317;0.0994;0.1002;0.8004;7.401;0.7977;0
26/04/21 08:00;21.103;-54.447;33.139;25.377;60;-90;-60;341.6;57.1;284.5;8.59;0.69;0;661.67;17.729;77.822;0;17.08;774.3;0;774.3;661.67;77.822;17.729;17.08;0.8545;0.045;0;0.0221;756.08;18.215;0;0;2.2312;15.984;748.82;2.7279;1.8889;0.2222;0.5447;0.0723;751.55;4.5365;3.97;0.4669;0.093;0.0066;750;655.81;77.133;14.86;1.0175;29.989;23.962;10.719;2.9682;0.4511;6.4896;1.1825;3.9725;0;1;0;0;2.2667;0.9765;1;1;0.8742;0.0642;0.9964;0.9971;1;0.9646;0.9337;0.994;0.994;1;0.994;0.994;0.9671;0.8382;0.0596;2.3252;2.2726;0.0137;-0.0015;0.1127;0.015;0.0533;0.0012;0;0;0.088;0;1.9017;0;0;0;0;0;0;0;0;0;0;0;0;0.0429;0.0115;2.0236;2.0236;0;39.23;39.23;30.64;0.0409;1953.6;1035.9;1;0.034;0.034;0;0;0;0;0;0;1.9897;1.9017;0;16.579;19.198;15.58;18.041;98.321;98.321;18.583;16.173;15.198;2.4102;0.9749;0.1297;0.0525;0.8178;15.438;0.8127;0
26/04/21 09:00;30.252;-41.835;40.061;41.167;48.833;-90;-48.833;509.09;83.801;425.29;12.47;0.7299;0;646.08;25.983;79.7;0;17.398;769.17;0;769.17;646.08;79.7;25.983;17.398;0.84;0.0564;0;0.0226;750.51;18.66;0;0;2.4264;16.234;740.19;5.8167;4.4445;0.5483;0.7727;0.0513;746;4.503;3.8765;0.4782;0.1413;0.007;744.21;637.76;78.674;22.643;1.1059;200.02;159.82;63.873;2.1094;2.3545;33.868;4.0198;34.113;0;1;0;0;1.5109;0.9757;1;1;0.9066;0.0669;0.9922;0.9931;1;0.967;0.9556;0.994;0.994;1;0.994;0.994;0.9623;0.8714;0.0636;2.3098;2.3129;0.0139;-0.0016;0.1443;0.0151;0.0535;0.0063;0;0;0.088;0;1.9047;0;0;0;0;0;0;0;0;0;0;0;0;0.0431;0.0119;2.0264;2.0264;0;42.849;42.849;30.378;0.041;1986.9;1019.9;1;0.0337;0.0337;0;0;0;0;0;0;1.9927;1.9047;0;16.713;19.353;15.709;18.191;98.336;98.336;18.46;16.195;15.222;2.2648;0.9727;0.1227;0.0527;0.8246;20.055;0.7983;0
26/04/21 10:00;37.154;-26.371;45.568;59.622;30.378;-90;-30.378;626.9;103.2;523.71;15.06;1.1801;0;607.05;34.306;76.925;0;8.6068;726.89;0;726.89;607.05;76.925;34.306;8.6068;0.8351;0.059;0;0.0118;717.77;9.1142;0;0;1.5555;7.5587;705.33;8.1351;6.119;0.7754;1.0592;0.1815;713.47;4.3066;3.6423;0.4616;0.1965;0.0063;707.73;597.29;75.688;31.494;0.8604;332.11;265.35;108.23;0.5446;3.5756;51.433;2.4006;54.464;0;1;0;0;1.1595;0.9875;1;1;0.9547;0.1218;0.9886;0.9899;1;0.9675;0.8258;0.994;0.994;1;0.994;0.994;0.9703;0.9181;0.1;2.1828;2.24;0.0135;-0.0013;0.1493;0.0145;0.0516;0.0095;0;0;0.088;0;1.83;0;0;0;0;0;0;0;0;0;0;0;0;0.0416;0.0112;1.9502;1.9502;0;44.039;44.039;28.979;0.0411;1922.9;1014.2;1;0.0321;0.0321;0;0;0;0;0;0;1.918;1.83;0;17.019;19.708;15.971;18.494;98.352;98.352;17.445;15.586;14.625;1.8596;0.9601;0.1066;0.055;0.8384;22.67;0.7962;0
26/04/21 11:00;40.819;-8.1872;48.509;80.638;9.362;-90;-9.362;687.5;113.5;574;16.96;1.72;0;581.75;39.324;74.912;0;0.9157;696.9;0;696.9;581.75;74.912;39.324;0.9157;0.8348;0.0577;0;0.0013;695.88;1.0187;0;0;0.2551;0.7636;682.33;9.3781;6.8588;0.8832;1.6021;0.034;691.71;4.1753;3.4905;0.4495;0.2344;0.0009;682.5;571.4;73.58;37.233;0.1172;402.02;321.22;128.98;0.009;4.4183;63.556;0.1707;67.965;0;1;0;0;1.0137;0.9985;1;1;0.9935;0.1661;0.9864;0.9881;1;0.9587;0.7753;0.994;0.994;1;0.994;0.994;0.9791;0.9468;0.128;2.0928;2.1896;0.0132;-0.001;0.1536;0.0142;0.0502;0.0117;0;0;0.088;0;1.7775;0;0;0;0;0;0;0;0;0;0;0;0;0.0405;0.0107;1.8965;1.8965;0;45.019;45.019;28.059;0.0411;1878.6;1009.5;1;0.031;0.031;0;0;0;0;0;0;1.8655;1.7775;0;17.263;19.99;16.18;18.736;98.364;98.364;16.726;15.157;14.205;1.5689;0.9512;0.0938;0.0569;0.8493;23.537;0.795;0
26/04/21 12:00;40.51;11.058;48.26;77.347;12.653;90;12.653;681.5;115.7;565.81;18.24;2.1599;0;579.89;40.463;76.597;0;1.6551;698.6;0;698.6;579.89;76.597;40.463;1.6551;0.8301;0.0603;0;0.0024;696.79;1.8179;0;0;0.4359;1.382;683.34;9.2657;6.753;0.892;1.5595;0.0612;692.61;4.1807;3.4793;0.4596;0.2402;0.0016;683.69;569.66;75.246;38.227;0.2102;395.62;316.1;128.51;0.0287;4.2466;61.085;0.3502;65.303;0;1;0;0;1.0251;0.9974;1;1;0.9892;0.165;0.9866;0.9883;1;0.9608;0.7747;0.994;0.994;1;0.994;0.994;0.9782;0.9447;0.127;2.0979;2.188;0.0132;-0.001;0.1641;0.0141;0.0499;0.0112;0;0;0.088;0;1.7669;0;0;0;0;0;0;0;0;0;0;0;0;0.0402;0.0107;1.8856;1.8856;0;46.372;46.372;28.132;0.0412;1878.2;1003.9;1;0.0307;0.0307;0;0;0;0;0;0;1.8549;1.7669;0;17.122;19.827;16.044;18.578;98.372;98.372;16.767;15.069;14.121;1.6971;0.9487;0.1012;0.0566;0.8422;24.432;0.7905;0
26/04/21 13:00;36.295;28.898;44.88;56.656;33.344;90;33.344;603.7;119.4;484.29;18.94;2.4799;0;579.73;43.09;86.724;0;9.938;719.48;0;719.48;579.73;86.724;43.09;9.938;0.8058;0.0737;0;0.0138;708.34;11.145;0;0;2.2684;8.8764;696.16;7.9267;5.6119;0.8395;1.3119;0.1634;704.09;4.25;3.4784;0.5203;0.2449;0.0064;698.94;570.64;85.364;39.265;0.8919;312.39;249.6;103.33;0.9422;3.292;47.354;2.7773;49.704;0;1;0;0;1.1918;0.9845;1;1;0.9474;0.1068;0.9887;0.9903;1;0.9677;0.8452;0.994;0.994;1;0.994;0.994;0.9676;0.9112;0.0897;2.1606;2.205;0.0133;-0.0011;0.1752;0.0141;0.0501;0.0087;0;0;0.088;0;1.7747;0;0;0;0;0;0;0;0;0;0;0;0;0.0403;0.0109;1.8935;1.8935;0;47.629;47.629;28.689;0.0412;1894.9;999.27;1;0.0308;0.0308;0;0;0;0;0;0;1.8627;1.7747;0;16.695;19.332;15.648;18.12;98.375;98.375;17.268;15.133;14.184;2.1348;0.9491;0.1236;0.055;0.8214;29.093;0.7828;0
26/04/21 14:00;28.992;43.909;39.062;38.625;51.375;90;51.375;483.6;117.5;366.1;19.26;2.7199;0;586.48;41.971;105.44;0;18.172;752.07;0;752.07;586.48;105.44;41.971;18.172;0.7798;0.08;0;0.0242;730.8;21.264;0;0;4.2267;17.038;720.76;5.6562;3.6937;0.6641;1.2523;0.0461;726.42;4.3848;3.5189;0.6326;0.2265;0.0068;724.9;579.27;104.14;36.265;1.0819;181.25;144.82;57.756;4.0613;2.2812;32.815;4.1361;31.035;0;1;0;0;1.5552;0.9717;1;1;0.8993;0.0624;0.9922;0.9937;1;0.9666;0.9592;0.994;0.994;1;0.994;0.994;0.9584;0.8641;0.0595;2.2585;2.2525;0.0136;-0.0014;0.1899;0.0144;0.0509;0.006;0;0;0.088;0;1.8076;0;0;0;0;0;0;0;0;0;0;0;0;0.041;0.0113;1.9268;1.9268;0;48.995;48.995;29.734;0.0413;1938.1;994.22;1;0.0313;0.0313;0;0;0;0;0;0;1.8956;1.8076;0;16.253;18.82;15.247;17.655;98.376;98.376;18.05;15.399;14.446;2.6502;0.9534;0.1468;0.0528;0.8003;33.227;0.775;0
26/04/21 15:00;19.581;56.141;35.63;23.188;49.547;90;49.547;291.4;138.6;152.8;19.28;2.3099;0;370.58;75.628;113.66;0;10.233;570.1;0;570.1;370.58;113.66;75.628;10.233;0.65;0.1506;0;0.018;553.29;16.805;0;0;7.2262;9.5785;545.61;4.3625;1.5946;0.4891;2.2504;0.0284;549.97;3.3198;2.2235;0.682;0.4104;0.0039;546.9;366.76;112.49;65.741;0.6226;59.758;47.746;21.15;6.4464;0.9471;13.624;1.2859;8.1247;0;1;0;0;1.9564;0.9705;1;1;0.9045;0.064;0.9921;0.9957;1;0.9669;0.9564;0.994;0.994;1;0.994;0.994;0.957;0.8693;0.0608;1.712;1.6759;0.0101;0.004;0.0985;0.0109;0.0388;0.0025;0;0;0.088;0;1.3621;0;0;0;0;0;0;0;0;0;0;0;0;0.0313;0.0065;1.4732;1.4732;0;41.671;41.671;22.391;0.041;1442;1021.6;1;0.0231;0.0231;0;0;0;0;0;0;1.4501;1.3621;0;16.393;18.983;15.156;17.551;98.429;98.429;13.682;11.774;10.886;1.9083;0.8882;0.1395;0.0649;0.7956;58.78;0.7816;0
26/04/21 16:00;8.8278;66.305;68.149;9.626;14.299;90;14.299;107.79;88.597;19.195;18.75;2.4799;0;46.553;79.134;19.931;0;0.334;145.95;0;145.95;46.553;19.931;79.134;0.334;0.319;0.5445;0;0.0023;144.63;1.3266;0;0;1.0476;0.279;134.96;8.8011;4.0817;1.7475;2.9595;0.0123;143.76;0.8678;0.2793;0.1196;0.4685;0.0003;135.01;42.192;18.064;74.658;0.0423;48.173;38.49;14.899;0.0863;0.5711;8.2151;0.0539;8.6999;0;1;0;0;1.354;0.9909;1;1;0.9868;0.1645;0.9388;0.9118;1;0.9619;0.7749;0.994;0.994;1;0.994;0.994;0.9247;0.9434;0.1267;0.4383;0.424;0.0026;0.018;-0.0011;0.0028;0.01;0.0016;0;0;0.088;0;0.2854;0;0;0;0;0;0;0;0;0;0;0;0;0.0081;0.0006;0.3814;0.3814;0;24.262;24.262;5.5128;0.0408;361.94;1053.8;1;0.008;0.008;0;0;0;0;0;0;0.3734;0.2854;0;16.577;19.196;12.403;14.362;97.893;97.893;3.5028;3.0481;2.2806;0.4547;0.7675;0.1298;0.2191;0.6511;48.039;0.6247;0
26/04/21 17:00;1.5675;72.031;86.196;1.6479;2.3513;90;2.3513;0;0;0;15.73;2.7899;0;0;0;0;0;0;0;0;0;0;0;0;0;1;1;1;1;0;0;0;0;0;0;0;0;0;0;0;0;0;0;0;0;0;0;0;0;0;0;0;0;0;0;0;0;0;0;0;0;0;0;0;1;1;1;1;1;1;1;1;1;1;1;1;1;1;1;1;1;1;1;0;0;0;0;0;0;0;0;0;0.0004;0.088;0;-0.0884;0;0;0;0;0;0;0;0;0;0;0;0;0;0;0;0;0;0;0;-15.73;0;0;0;0;0.0004;0;0;0;0;0;0;0;-0.0004;-0.0884;0;0;0;0;0;0;0;0;0;-0.7063;0;0.7063;1;1;0;0;0;0
26/04/21 18:00;0;0;90;0;0;90;0;0;0;0;12.98;2.9;0;0;0;0;0;0;0;0;0;0;0;0;0;1;1;1;1;0;0;0;0;0;0;0;0;0;0;0;0;0;0;0;0;0;0;0;0;0;0;0;0;0;0;0;0;0;0;0;0;0;0;0;1;1;1;1;1;1;1;1;1;1;1;1;1;1;1;1;1;1;1;0;0;0;0;0;0;0;0;0;0.0004;0.088;0;-0.0884;0;0;0;0;0;0;0;0;0;0;0;0;0;0;0;0;0;0;0;-12.98;0;0;0;0;0.0004;0;0;0;0;0;0;0;-0.0004;-0.0884;0;0;0;0;0;0;0;0;0;-0.7063;0;0.7063;1;1;0;0;0;0
26/04/21 19:00;0;0;90;0;0;90;0;0;0;0;11.78;2.8699;0;0;0;0;0;0;0;0;0;0;0;0;0;1;1;1;1;0;0;0;0;0;0;0;0;0;0;0;0;0;0;0;0;0;0;0;0;0;0;0;0;0;0;0;0;0;0;0;0;0;0;0;1;1;1;1;1;1;1;1;1;1;1;1;1;1;1;1;1;1;1;0;0;0;0;0;0;0;0;0;0.0004;0.088;0;-0.0884;0;0;0;0;0;0;0;0;0;0;0;0;0;0;0;0;0;0;0;-11.78;0;0;0;0;0.0004;0;0;0;0;0;0;0;-0.0004;-0.0884;0;0;0;0;0;0;0;0;0;-0.7063;0;0.7063;1;1;0;0;0;0
26/04/21 20:00;0;0;90;0;0;90;0;0;0;0;10.97;2.73;0;0;0;0;0;0;0;0;0;0;0;0;0;1;1;1;1;0;0;0;0;0;0;0;0;0;0;0;0;0;0;0;0;0;0;0;0;0;0;0;0;0;0;0;0;0;0;0;0;0;0;0;1;1;1;1;1;1;1;1;1;1;1;1;1;1;1;1;1;1;1;0;0;0;0;0;0;0;0;0;0.0004;0.088;0;-0.0884;0;0;0;0;0;0;0;0;0;0;0;0;0;0;0;0;0;0;0;-10.97;0;0;0;0;0.0004;0;0;0;0;0;0;0;-0.0004;-0.0884;0;0;0;0;0;0;0;0;0;-0.7063;0;0.7063;1;1;0;0;0;0
26/04/21 21:00;0;0;90;0;0;90;0;0;0;0;10.12;2.49;0;0;0;0;0;0;0;0;0;0;0;0;0;1;1;1;1;0;0;0;0;0;0;0;0;0;0;0;0;0;0;0;0;0;0;0;0;0;0;0;0;0;0;0;0;0;0;0;0;0;0;0;1;1;1;1;1;1;1;1;1;1;1;1;1;1;1;1;1;1;1;0;0;0;0;0;0;0;0;0;0.0004;0.088;0;-0.0884;0;0;0;0;0;0;0;0;0;0;0;0;0;0;0;0;0;0;0;-10.12;0;0;0;0;0.0004;0;0;0;0;0;0;0;-0.0004;-0.0884;0;0;0;0;0;0;0;0;0;-0.7063;0;0.7063;1;1;0;0;0;0
26/04/21 22:00;0;0;90;0;0;90;0;0;0;0;9.2801;2.2201;0;0;0;0;0;0;0;0;0;0;0;0;0;1;1;1;1;0;0;0;0;0;0;0;0;0;0;0;0;0;0;0;0;0;0;0;0;0;0;0;0;0;0;0;0;0;0;0;0;0;0;0;1;1;1;1;1;1;1;1;1;1;1;1;1;1;1;1;1;1;1;0;0;0;0;0;0;0;0;0;0.0004;0.088;0;-0.0884;0;0;0;0;0;0;0;0;0;0;0;0;0;0;0;0;0;0;0;-9.2801;0;0;0;0;0.0004;0;0;0;0;0;0;0;-0.0004;-0.0884;0;0;0;0;0;0;0;0;0;-0.7063;0;0.7063;1;1;0;0;0;0
26/04/21 23:00;0;0;90;0;0;90;0;0;0;0;5.2097;2.02;0;0;0;0;0;0;0;0;0;0;0;0;0;1;1;1;1;0;0;0;0;0;0;0;0;0;0;0;0;0;0;0;0;0;0;0;0;0;0;0;0;0;0;0;0;0;0;0;0;0;0;0;1;1;1;1;1;1;1;1;1;1;1;1;1;1;1;1;1;1;1;0;0;0;0;0;0;0;0;0;0.0004;0.088;0;-0.0884;0;0;0;0;0;0;0;0;0;0;0;0;0;0;0;0;0;0;0;-5.2097;0;0;0;0;0.0004;0;0;0;0;0;0;0;-0.0004;-0.0884;0;0;0;0;0;0;0;0;0;-0.7063;0;0.7063;1;1;0;0;0;0
27/04/21 00:00;0;0;90;0;0;90;0;0;0;0;5.3101;1.96;0;0;0;0;0;0;0;0;0;0;0;0;0;1;1;1;1;0;0;0;0;0;0;0;0;0;0;0;0;0;0;0;0;0;0;0;0;0;0;0;0;0;0;0;0;0;0;0;0;0;0;0;1;1;1;1;1;1;1;1;1;1;1;1;1;1;1;1;1;1;1;0;0;0;0;0;0;0;0;0;0.0004;0.088;0;-0.0884;0;0;0;0;0;0;0;0;0;0;0;0;0;0;0;0;0;0;0;-5.3101;0;0;0;0;0.0004;0;0;0;0;0;0;0;-0.0004;-0.0884;0;0;0;0;0;0;0;0;0;-0.7063;0;0.7063;1;1;0;0;0;0
27/04/21 01:00;0;0;90;0;0;90;0;0;0;0;4.1999;2.0701;0;0;0;0;0;0;0;0;0;0;0;0;0;1;1;1;1;0;0;0;0;0;0;0;0;0;0;0;0;0;0;0;0;0;0;0;0;0;0;0;0;0;0;0;0;0;0;0;0;0;0;0;1;1;1;1;1;1;1;1;1;1;1;1;1;1;1;1;1;1;1;0;0;0;0;0;0;0;0;0;0.0004;0.088;0;-0.0884;0;0;0;0;0;0;0;0;0;0;0;0;0;0;0;0;0;0;0;-4.1999;0;0;0;0;0.0004;0;0;0;0;0;0;0;-0.0004;-0.0884;0;0;0;0;0;0;0;0;0;-0.7063;0;0.7063;1;1;0;0;0;0
27/04/21 02:00;0;0;90;0;0;90;0;0;0;0;4.1999;2.26;0;0;0;0;0;0;0;0;0;0;0;0;0;1;1;1;1;0;0;0;0;0;0;0;0;0;0;0;0;0;0;0;0;0;0;0;0;0;0;0;0;0;0;0;0;0;0;0;0;0;0;0;1;1;1;1;1;1;1;1;1;1;1;1;1;1;1;1;1;1;1;0;0;0;0;0;0;0;0;0;0.0004;0.088;0;-0.0884;0;0;0;0;0;0;0;0;0;0;0;0;0;0;0;0;0;0;0;-4.1999;0;0;0;0;0.0004;0;0;0;0;0;0;0;-0.0004;-0.0884;0;0;0;0;0;0;0;0;0;-0.7063;0;0.7063;1;1;0;0;0;0
27/04/21 03:00;0;0;90;0;0;90;0;0;0;0;4.1999;2.4699;0;0;0;0;0;0;0;0;0;0;0;0;0;1;1;1;1;0;0;0;0;0;0;0;0;0;0;0;0;0;0;0;0;0;0;0;0;0;0;0;0;0;0;0;0;0;0;0;0;0;0;0;1;1;1;1;1;1;1;1;1;1;1;1;1;1;1;1;1;1;1;0;0;0;0;0;0;0;0;0;0.0004;0.088;0;-0.0884;0;0;0;0;0;0;0;0;0;0;0;0;0;0;0;0;0;0;0;-4.1999;0;0;0;0;0.0004;0;0;0;0;0;0;0;-0.0004;-0.0884;0;0;0;0;0;0;0;0;0;-0.7063;0;0.7063;1;1;0;0;0;0
27/04/21 04:00;0;0;90;0;0;90;0;0;0;0;4.1999;2.6901;0;0;0;0;0;0;0;0;0;0;0;0;0;1;1;1;1;0;0;0;0;0;0;0;0;0;0;0;0;0;0;0;0;0;0;0;0;0;0;0;0;0;0;0;0;0;0;0;0;0;0;0;1;1;1;1;1;1;1;1;1;1;1;1;1;1;1;1;1;1;1;0;0;0;0;0;0;0;0;0;0.0004;0.088;0;-0.0884;0;0;0;0;0;0;0;0;0;0;0;0;0;0;0;0;0;0;0;-4.1999;0;0;0;0;0.0004;0;0;0;0;0;0;0;-0.0004;-0.0884;0;0;0;0;0;0;0;0;0;-0.7063;0;0.7063;1;1;0;0;0;0
27/04/21 05:00;0;0;90;0;0;90;0;0;0;0;4.1999;2.8799;0;0;0;0;0;0;0;0;0;0;0;0;0;1;1;1;1;0;0;0;0;0;0;0;0;0;0;0;0;0;0;0;0;0;0;0;0;0;0;0;0;0;0;0;0;0;0;0;0;0;0;0;1;1;1;1;1;1;1;1;1;1;1;1;1;1;1;1;1;1;1;0;0;0;0;0;0;0;0;0;0.0004;0.088;0;-0.0884;0;0;0;0;0;0;0;0;0;0;0;0;0;0;0;0;0;0;0;-4.1999;0;0;0;0;0.0004;0;0;0;0;0;0;0;-0.0004;-0.0884;0;0;0;0;0;0;0;0;0;-0.7063;0;0.7063;1;1;0;0;0;0
27/04/21 06:00;2.3872;-71.015;84.202;2.5244;3.6076;-90;-3.6076;3.399;3.399;0;3.9998;2.83;0;0;3.3957;0;0;0.0007;3.3963;3.3963;0;0;0;0;0;1;1;1;1;0;0;0;0;0;0;0;0;0;0;0;0;0;0;0;0;0;0;0;0;0;0;0;0;0;0;0;0;0;0;0;0;0;0;0;0;1;1;1;1;1;1;1;1;1;1;1;1;1;0;0;1;0;0;0;0;0;0;0;0;0;0;0;0.0004;0.088;0;-0.0884;0;0;0;0;0;0;0;0;0;0;0;0;0;0;0;0;0;0;0;-3.9998;0;0;0;0;0.0004;0;0;0;0;0;0;0;-0.0004;-0.0884;0;0;0;0;0;0;0;0;0;-0.7063;0;0.7063;1;1;0;0;0;0
27/04/21 07:00;10.337;-64.599;64.203;11.415;17.271;-90;-17.271;135.71;29.102;106.6;4.1999;3.2799;0;258.55;15.906;31.114;0;0.6119;306.18;0;306.18;258.55;31.114;15.906;0.6119;0.8444;0.0539;0;0.002;305.38;0.7999;0;0;0.2887;0.5112;286.51;17.036;14.684;1.7671;0.5621;0.0223;303.55;1.8323;1.5513;0.1867;0.0937;0.0006;286.53;242.31;29.161;14.962;0.0778;10.35;8.2694;3.0405;0.0341;0.1341;1.9296;0.0219;2.0297;0;1;0;0;2.2562;0.9974;1;1;0.9818;0.1646;0.9439;0.9429;1;0.9638;0.7771;0.994;0.994;1;0.994;0.994;0.9358;0.9406;0.1271;0.9195;0.8671;0.0052;0.0152;-0.0283;0.0061;0.0217;0.0004;0;0;0.088;0;0.7249;0;0;0;0;0;0;0;0;0;0;0;0;0.0175;0.002;0.8273;0.8273;0;15.748;15.748;11.548;0.0403;742.18;1114.7;1;0.0144;0.0144;0;0;0;0;0;0;0.8129;0.7249;0;17.141;19.849;15.019;17.392;98.258;98.258;7.3483;6.6119;5.7934;0.7364;0.8185;0.1002;0.1114;0.7884;9.7646;0.7847;0
27/04/21 08:00;20.897;-54.184;33.446;25.213;60;-90;-60;326.7;59.502;267.19;8.8899;1.97;0;625.06;19.822;77.369;0;16.335;738.58;0;738.58;625.06;77.369;19.822;16.335;0.8463;0.049;0;0.0221;720.8;17.781;0;0;2.4945;15.286;713.67;2.8086;1.8959;0.2347;0.609;0.0691;716.47;4.3248;3.7503;0.4642;0.104;0.0063;714.87;619.41;76.67;16.614;0.9731;29.324;23.43;10.291;3.3179;0.4805;6.9124;1.2055;4.075;0;1;0;0;2.2608;0.9759;1;1;0.8742;0.0642;0.9961;0.9969;1;0.9646;0.9337;0.994;0.994;1;0.994;0.994;0.9663;0.8382;0.0596;2.218;2.1677;0.013;-0.0009;0.0988;0.0144;0.0511;0.0013;0;0;0.088;0;1.8179;0;0;0;0;0;0;0;0;0;0;0;0;0.0411;0.0105;1.9383;1.9383;0;38.066;38.066;29.176;0.0409;1863.9;1039.9;1;0.0324;0.0324;0;0;0;0;0;0;1.9059;1.8179;0;16.648;19.278;15.614;18.08;98.327;98.327;17.726;15.491;14.528;2.2351;0.9624;0.1261;0.0543;0.8196;17.261;0.8139;0
27/04/21 09:00;30.01;-41.591;40.364;41.026;48.974;-90;-48.974;487.7;84.699;403;12.46;1.4499;0;613.95;28.208;77.147;0;16.757;736.07;0;736.07;613.95;77.147;28.208;16.757;0.8341;0.0611;0;0.0228;717.78;18.284;0;0;2.6452;15.638;707.71;5.7634;4.3313;0.5443;0.8389;0.0489;713.47;4.3067;3.6837;0.4629;0.1534;0.0067;711.61;605.94;76.14;24.571;1.0632;191.89;153.32;61.293;2.3124;2.2764;32.745;3.8937;32.709;0;1;0;0;1.5093;0.9752;1;1;0.9062;0.0668;0.9919;0.9929;1;0.967;0.956;0.994;0.994;1;0.994;0.994;0.9615;0.871;0.0634;2.2104;2.2123;0.0133;-0.0011;0.1274;0.0145;0.0515;0.0061;0;0;0.088;0;1.828;0;0;0;0;0;0;0;0;0;0;0;0;0.0414;0.0109;1.9483;1.9483;0;41.475;41.475;29.015;0.041;1899.7;1025.6;1;0.0323;0.0323;0;0;0;0;0;0;1.916;1.828;0;16.791;19.444;15.754;18.243;98.341;98.341;17.666;15.571;14.609;2.0946;0.9617;0.1186;0.0544;0.827;21.802;0.8003;0
27/04/21 10:00;36.873;-26.178;45.883;59.538;30.462;-90;-30.462;603.89;103.5;500.4;15.72;1.4499;0;580.53;36.732;74.298;0;8.3357;699.89;0;699.89;580.53;74.298;36.732;8.3357;0.8295;0.0644;0;0.0119;690.9;8.9965;0;0;1.6729;7.3236;678.72;8.0289;5.9581;0.7625;1.1336;0.1747;686.75;4.1454;3.4832;0.4458;0.2104;0.0061;681.05;571.09;73.09;33.715;0.8314;320.05;255.72;104.31;0.5885;3.4494;49.618;2.3289;52.479;0;1;0;0;1.159;0.9871;1;1;0.9545;0.1214;0.9883;0.9897;1;0.9675;0.8264;0.994;0.994;1;0.994;0.994;0.9698;0.9179;0.0997;2.1018;2.1559;0.013;-0.0008;0.1404;0.014;0.0497;0.0092;0;0;0.088;0;1.761;0;0;0;0;0;0;0;0;0;0;0;0;0.04;0.0104;1.8798;1.8798;0;43.598;43.598;27.878;0.0411;1850;1016.1;1;0.0308;0.0308;0;0;0;0;0;0;1.849;1.761;0;17.038;19.73;15.961;18.483;98.36;98.36;16.797;15.024;14.074;1.7739;0.9497;0.1056;0.0565;0.8379;24.288;0.7956;0
27/04/21 11:00;40.508;-8.0865;48.83;80.65;9.3501;-90;-9.3501;663.71;114.9;548.81;18.6;1.33;0;556.2;42.582;73.002;0;0.8818;672.66;0;672.66;556.2;73.002;42.582;0.8818;0.8269;0.0646;0;0.0013;671.65;1.011;0;0;0.2756;0.7353;658.32;9.3034;6.6612;0.8743;1.7352;0.0327;667.62;4.0299;3.3372;0.438;0.2538;0.0009;658.48;546.2;71.69;40.317;0.1129;388.17;310.14;124.49;0.0097;4.2688;61.406;0.1641;65.665;0;1;0;0;1.0135;0.9985;1;1;0.9935;0.1661;0.9861;0.988;1;0.9587;0.7753;0.994;0.994;1;0.994;0.994;0.9787;0.9468;0.128;2.02;2.1127;0.0127;-0.0005;0.1534;0.0136;0.0483;0.0113;0;0;0.088;0;1.7073;0;0;0;0;0;0;0;0;0;0;0;0;0.0389;0.01;1.8249;1.8249;0;45.69;45.69;27.09;0.0411;1812.5;1006.8;1;0.0296;0.0296;0;0;0;0;0;0;1.7953;1.7073;0;17.21;19.928;16.101;18.644;98.378;98.378;16.144;14.584;13.644;1.5597;0.9398;0.0966;0.0582;0.8452;25.486;0.7911;0
27/04/21 12:00;40.189;11.041;48.571;77.227;12.773;90;12.773;660.89;119.7;541.19;20.08;1.1299;0;554.93;44.655;76.378;0;1.6356;677.59;0;677.59;554.93;76.378;44.655;1.6356;0.819;0.0683;0;0.0024;675.74;1.8546;0;0;0.4888;1.3658;662.44;9.2436;6.5625;0.9032;1.7174;0.0604;671.68;4.0544;3.3296;0.4583;0.265;0.0016;662.79;545.03;75.016;42.184;0.2077;383.63;306.52;124.56;0.0328;4.1215;59.286;0.3472;63.375;0;1;0;0;1.0253;0.9973;1;1;0.9891;0.1649;0.9862;0.9881;1;0.9609;0.7747;0.994;0.994;1;0.994;0.994;0.9776;0.9447;0.127;2.0348;2.1212;0.0128;-0.0005;0.1668;0.0136;0.0482;0.0109;0;0;0.088;0;1.7032;0;0;0;0;0;0;0;0;0;0;0;0;0.0388;0.0101;1.8206;1.8206;0;47.377;47.377;27.297;0.0412;1821.1;999.75;1;0.0294;0.0294;0;0;0;0;0;0;1.7912;1.7032;0;17.045;19.737;15.946;18.465;98.386;98.386;16.262;14.55;13.612;1.712;0.9381;0.1053;0.0577;0.837;26.974;0.7856;0
27/04/21 13:00;35.988;28.781;45.168;56.457;33.543;90;33.543;585.1;127.9;457.2;20.49;0.83;0;548.56;49.558;88.591;0;9.7438;696.45;0;696.45;548.56;88.591;49.558;9.7438;0.7876;0.0851;0;0.014;685.1;11.345;0;0;2.6335;8.7111;673.05;7.9394;5.4021;0.8724;1.5076;0.1574;680.99;4.1106;3.2913;0.5315;0.2815;0.0062;675.79;539.86;87.187;45.135;0.8692;303.13;242.2;100.28;1.1056;3.2063;46.122;2.7343;48.223;0;1;0;0;1.1903;0.9837;1;1;0.9469;0.106;0.9883;0.9901;1;0.9677;0.8467;0.994;0.994;1;0.994;0.994;0.9664;0.9108;0.0892;2.0914;2.1326;0.0128;-0.0006;0.1743;0.0136;0.0483;0.0084;0;0;0.088;0;1.7092;0;0;0;0;0;0;0;0;0;0;0;0;0.0389;0.0102;1.8266;1.8266;0;48.243;48.243;27.753;0.0412;1832.6;996.75;1;0.0294;0.0294;0;0;0;0;0;0;1.7972;1.7092;0;16.638;19.267;15.568;18.028;98.388;98.388;16.715;14.599;13.66;2.1162;0.9386;0.1266;0.0562;0.8172;33.51;0.7786;0
27/04/21 14:00;28.711;43.733;39.326;38.391;51.609;90;51.609;438.2;154.6;283.6;21;0.4899;0;456.67;70.414;109.05;0;16.607;652.74;0;652.74;456.67;109.05;70.414;16.607;0.6996;0.1333;0;0.0254;630.03;22.711;0;0;7.1381;15.573;620.46;5.7936;2.9463;0.7035;2.102;0.0418;626.25;3.7802;2.74;0.6543;0.3797;0.0062;624.54;450.99;107.69;60.795;0.9863;175.09;139.9;56.711;6.9192;2.3388;33.643;4.0826;29.063;0;1;0;0;1.4896;0.9652;1;1;0.8986;0.0623;0.9907;0.9935;1;0.9666;0.9593;0.994;0.994;1;0.994;0.994;0.9505;0.8634;0.0594;1.9602;1.952;0.0118;0.0009;0.1481;0.0125;0.0445;0.0062;0;0;0.088;0;1.5687;0;0;0;0;0;0;0;0;0;0;0;0;0.0358;0.0086;1.6836;1.6836;0;46.555;46.555;25.555;0.0412;1677.1;1003.9;1;0.0268;0.0268;0;0;0;0;0;0;1.6567;1.5687;0;16.362;18.946;15.246;17.654;98.406;98.406;15.666;13.455;12.537;2.2108;0.9178;0.1411;0.0586;0.8003;55.88;0.7706;0
27/04/21 15:00;19.326;55.934;36.619;22.945;48.052;90;48.052;273.8;147.8;126;21.16;0.4099;0;305.58;88.467;101.26;0;9.0775;504.39;0;504.39;305.58;101.26;88.467;9.0775;0.6058;0.1934;0;0.018;487.82;16.567;0;0;8.085;8.4817;480.25;4.6417;1.4906;0.4939;2.6289;0.0283;484.89;2.9269;1.8335;0.6076;0.4823;0.0036;481.75;302.26;100.16;77.271;0.5639;68.58;54.795;23.482;6.7796;1.0981;15.796;1.5023;10.114;0;1;0;0;1.8422;0.9672;1;1;0.9086;0.0656;0.9904;0.9951;1;0.9671;0.9522;0.994;0.994;1;0.994;0.994;0.9521;0.8734;0.0621;1.5147;1.4843;0.0089;0.0065;0.0834;0.0097;0.0344;0.0029;0;0;0.088;0;1.1972;0;0;0;0;0;0;0;0;0;0;0;0;0.0277;0.0052;1.3055;1.3055;0;40.867;40.867;19.707;0.041;1276.9;1022.4;1;0.0203;0.0203;0;0;0;0;0;0;1.2852;1.1972;0;16.419;19.013;15.057;17.435;98.443;98.443;12.105;10.433;9.5677;1.6718;0.8658;0.1381;0.0715;0.7904;67.758;0.7723;0
27/04/21 16:00;8.5951;66.081;68.749;9.3888;13.917;90;13.917;48.602;47.801;0.8011;20.25;0.77;0;1.943;46.912;0.4611;0;0.1427;49.459;0;49.459;1.943;0.4611;46.912;0.1427;0.0393;0.9514;0;0.0029;48.746;0.7125;0;0;0.5933;0.1192;46.456;1.9976;0.1821;0.0432;1.767;0.0053;48.454;0.2925;0.0117;0.0028;0.2779;0.0001;46.486;1.7491;0.4151;44.274;0.0181;28.446;22.729;8.779;0.0464;0.3382;4.8647;0.0298;5.1564;0;1;0;0;1.0176;0.9856;1;1;0.9874;0.1646;0.9588;0.9057;1;0.9616;0.7748;0.994;0.994;1;0.994;0.994;0.9393;0.9438;0.1268;0.1485;0.1503;0.0009;0.0135;-0.0016;0.001;0.0034;0.0009;0;0;0.088;0;0.036;0;0;0;0;0;0;0;0;0;0;0;0;0.0027;0.0001;0.1293;0.1293;0;22.166;22.166;1.9163;0.0413;126.9;1018.7;1;0.0053;0.0053;0;0;0;0;0;0;0.124;0.036;0;16.581;19.2;4.62;5.3499;95.935;95.935;1.187;1.0332;0.2879;0.1538;0.7453;0.1296;0.6279;0.2425;28.441;0.2259;0
27/04/21 17:00;1.5399;71.654;86.263;1.6224;2.3149;90;2.3149;0;0;0;14.69;1.1299;0;0;0;0;0;0;0;0;0;0;0;0;0;1;1;1;1;0;0;0;0;0;0;0;0;0;0;0;0;0;0;0;0;0;0;0;0;0;0;0;0;0;0;0;0;0;0;0;0;0;0;0;1;1;1;1;1;1;1;1;1;1;1;1;1;1;1;1;1;1;1;0;0;0;0;0;0;0;0;0;0.0004;0.088;0;-0.0884;0;0;0;0;0;0;0;0;0;0;0;0;0;0;0;0;0;0;0;-14.69;0;0;0;0;0.0004;0;0;0;0;0;0;0;-0.0004;-0.0884;0;0;0;0;0;0;0;0;0;-0.7063;0;0.7063;1;1;0;0;0;0
27/04/21 18:00;0;0;90;0;0;90;0;0;0;0;10.37;1.4399;0;0;0;0;0;0;0;0;0;0;0;0;0;1;1;1;1;0;0;0;0;0;0;0;0;0;0;0;0;0;0;0;0;0;0;0;0;0;0;0;0;0;0;0;0;0;0;0;0;0;0;0;1;1;1;1;1;1;1;1;1;1;1;1;1;1;1;1;1;1;1;0;0;0;0;0;0;0;0;0;0.0004;0.088;0;-0.0884;0;0;0;0;0;0;0;0;0;0;0;0;0;0;0;0;0;0;0;-10.37;0;0;0;0;0.0004;0;0;0;0;0;0;0;-0.0004;-0.0884;0;0;0;0;0;0;0;0;0;-0.7063;0;0.7063;1;1;0;0;0;0
27/04/21 19:00;0;0;90;0;0;90;0;0;0;0;9.4702;1.62;0;0;0;0;0;0;0;0;0;0;0;0;0;1;1;1;1;0;0;0;0;0;0;0;0;0;0;0;0;0;0;0;0;0;0;0;0;0;0;0;0;0;0;0;0;0;0;0;0;0;0;0;1;1;1;1;1;1;1;1;1;1;1;1;1;1;1;1;1;1;1;0;0;0;0;0;0;0;0;0;0.0004;0.088;0;-0.0884;0;0;0;0;0;0;0;0;0;0;0;0;0;0;0;0;0;0;0;-9.4702;0;0;0;0;0.0004;0;0;0;0;0;0;0;-0.0004;-0.0884;0;0;0;0;0;0;0;0;0;-0.7063;0;0.7063;1;1;0;0;0;0
27/04/21 20:00;0;0;90;0;0;90;0;0;0;0;8.3401;1.7599;0;0;0;0;0;0;0;0;0;0;0;0;0;1;1;1;1;0;0;0;0;0;0;0;0;0;0;0;0;0;0;0;0;0;0;0;0;0;0;0;0;0;0;0;0;0;0;0;0;0;0;0;1;1;1;1;1;1;1;1;1;1;1;1;1;1;1;1;1;1;1;0;0;0;0;0;0;0;0;0;0.0004;0.088;0;-0.0884;0;0;0;0;0;0;0;0;0;0;0;0;0;0;0;0;0;0;0;-8.3401;0;0;0;0;0.0004;0;0;0;0;0;0;0;-0.0004;-0.0884;0;0;0;0;0;0;0;0;0;-0.7063;0;0.7063;1;1;0;0;0;0
27/04/21 21:00;0;0;90;0;0;90;0;0;0;0;6.9102;1.9299;0;0;0;0;0;0;0;0;0;0;0;0;0;1;1;1;1;0;0;0;0;0;0;0;0;0;0;0;0;0;0;0;0;0;0;0;0;0;0;0;0;0;0;0;0;0;0;0;0;0;0;0;1;1;1;1;1;1;1;1;1;1;1;1;1;1;1;1;1;1;1;0;0;0;0;0;0;0;0;0;0.0004;0.088;0;-0.0884;0;0;0;0;0;0;0;0;0;0;0;0;0;0;0;0;0;0;0;-6.9102;0;0;0;0;0.0004;0;0;0;0;0;0;0;-0.0004;-0.0884;0;0;0;0;0;0;0;0;0;-0.7063;0;0.7063;1;1;0;0;0;0
27/04/21 22:00;0;0;90;0;0;90;0;0;0;0;6.27;2.29;0;0;0;0;0;0;0;0;0;0;0;0;0;1;1;1;1;0;0;0;0;0;0;0;0;0;0;0;0;0;0;0;0;0;0;0;0;0;0;0;0;0;0;0;0;0;0;0;0;0;0;0;1;1;1;1;1;1;1;1;1;1;1;1;1;1;1;1;1;1;1;0;0;0;0;0;0;0;0;0;0.0004;0.088;0;-0.0884;0;0;0;0;0;0;0;0;0;0;0;0;0;0;0;0;0;0;0;-6.27;0;0;0;0;0.0004;0;0;0;0;0;0;0;-0.0004;-0.0884;0;0;0;0;0;0;0;0;0;-0.7063;0;0.7063;1;1;0;0;0;0
27/04/21 23:00;0;0;90;0;0;90;0;0;0;0;6.3398;2.7801;0;0;0;0;0;0;0;0;0;0;0;0;0;1;1;1;1;0;0;0;0;0;0;0;0;0;0;0;0;0;0;0;0;0;0;0;0;0;0;0;0;0;0;0;0;0;0;0;0;0;0;0;1;1;1;1;1;1;1;1;1;1;1;1;1;1;1;1;1;1;1;0;0;0;0;0;0;0;0;0;0.0004;0.088;0;-0.0884;0;0;0;0;0;0;0;0;0;0;0;0;0;0;0;0;0;0;0;-6.3398;0;0;0;0;0.0004;0;0;0;0;0;0;0;-0.0004;-0.0884;0;0;0;0;0;0;0;0;0;-0.7063;0;0.7063;1;1;0;0;0;0
28/04/21 00:00;0;0;90;0;0;90;0;0;0;0;6.2102;3.1099;0;0;0;0;0;0;0;0;0;0;0;0;0;1;1;1;1;0;0;0;0;0;0;0;0;0;0;0;0;0;0;0;0;0;0;0;0;0;0;0;0;0;0;0;0;0;0;0;0;0;0;0;1;1;1;1;1;1;1;1;1;1;1;1;1;1;1;1;1;1;1;0;0;0;0;0;0;0;0;0;0.0004;0.088;0;-0.0884;0;0;0;0;0;0;0;0;0;0;0;0;0;0;0;0;0;0;0;-6.2102;0;0;0;0;0.0004;0;0;0;0;0;0;0;-0.0004;-0.0884;0;0;0;0;0;0;0;0;0;-0.7063;0;0.7063;1;1;0;0;0;0
28/04/21 01:00;0;0;90;0;0;90;0;0;0;0;5.1997;3.24;0;0;0;0;0;0;0;0;0;0;0;0;0;1;1;1;1;0;0;0;0;0;0;0;0;0;0;0;0;0;0;0;0;0;0;0;0;0;0;0;0;0;0;0;0;0;0;0;0;0;0;0;1;1;1;1;1;1;1;1;1;1;1;1;1;1;1;1;1;1;1;0;0;0;0;0;0;0;0;0;0.0004;0.088;0;-0.0884;0;0;0;0;0;0;0;0;0;0;0;0;0;0;0;0;0;0;0;-5.1997;0;0;0;0;0.0004;0;0;0;0;0;0;0;-0.0004;-0.0884;0;0;0;0;0;0;0;0;0;-0.7063;0;0.7063;1;1;0;0;0;0
28/04/21 02:00;0;0;90;0;0;90;0;0;0;0;4.5602;3.2799;0;0;0;0;0;0;0;0;0;0;0;0;0;1;1;1;1;0;0;0;0;0;0;0;0;0;0;0;0;0;0;0;0;0;0;0;0;0;0;0;0;0;0;0;0;0;0;0;0;0;0;0;1;1;1;1;1;1;1;1;1;1;1;1;1;1;1;1;1;1;1;0;0;0;0;0;0;0;0;0;0.0004;0.088;0;-0.0884;0;0;0;0;0;0;0;0;0;0;0;0;0;0;0;0;0;0;0;-4.5602;0;0;0;0;0.0004;0;0;0;0;0;0;0;-0.0004;-0.0884;0;0;0;0;0;0;0;0;0;-0.7063;0;0.7063;1;1;0;0;0;0
28/04/21 03:00;0;0;90;0;0;90;0;0;0;0;4.1999;3.4201;0;0;0;0;0;0;0;0;0;0;0;0;0;1;1;1;1;0;0;0;0;0;0;0;0;0;0;0;0;0;0;0;0;0;0;0;0;0;0;0;0;0;0;0;0;0;0;0;0;0;0;0;1;1;1;1;1;1;1;1;1;1;1;1;1;1;1;1;1;1;1;0;0;0;0;0;0;0;0;0;0.0004;0.088;0;-0.0884;0;0;0;0;0;0;0;0;0;0;0;0;0;0;0;0;0;0;0;-4.1999;0;0;0;0;0.0004;0;0;0;0;0;0;0;-0.0004;-0.0884;0;0;0;0;0;0;0;0;0;-0.7063;0;0.7063;1;1;0;0;0;0
28/04/21 04:00;0;0;90;0;0;90;0;0;0;0;3.4002;3.5999;0;0;0;0;0;0;0;0;0;0;0;0;0;1;1;1;1;0;0;0;0;0;0;0;0;0;0;0;0;0;0;0;0;0;0;0;0;0;0;0;0;0;0;0;0;0;0;0;0;0;0;0;1;1;1;1;1;1;1;1;1;1;1;1;1;1;1;1;1;1;1;0;0;0;0;0;0;0;0;0;0.0004;0.088;0;-0.0884;0;0;0;0;0;0;0;0;0;0;0;0;0;0;0;0;0;0;0;-3.4002;0;0;0;0;0.0004;0;0;0;0;0;0;0;-0.0004;-0.0884;0;0;0;0;0;0;0;0;0;-0.7063;0;0.7063;1;1;0;0;0;0
28/04/21 05:00;0;0;90;0;0;90;0;0;0;0;3.0698;3.5801;0;0;0;0;0;0;0;0;0;0;0;0;0;1;1;1;1;0;0;0;0;0;0;0;0;0;0;0;0;0;0;0;0;0;0;0;0;0;0;0;0;0;0;0;0;0;0;0;0;0;0;0;1;1;1;1;1;1;1;1;1;1;1;1;1;1;1;1;1;1;1;0;0;0;0;0;0;0;0;0;0.0004;0.088;0;-0.0884;0;0;0;0;0;0;0;0;0;0;0;0;0;0;0;0;0;0;0;-3.0698;0;0;0;0;0.0004;0;0;0;0;0;0;0;-0.0004;-0.0884;0;0;0;0;0;0;0;0;0;-0.7063;0;0.7063;1;1;0;0;0;0
28/04/21 06:00;2.4192;-70.595;84.124;2.5647;3.6656;-90;-3.6656;0.293;0.293;0;4.0198;3.85;0;0;0.2927;0;0;0.0001;0.2928;0.2928;0;0;0;0;0;1;1;1;1;0;0;0;0;0;0;0;0;0;0;0;0;0;0;0;0;0;0;0;0;0;0;0;0;0;0;0;0;0;0;0;0;0;0;0;0;1;1;1;1;1;1;1;1;1;1;1;1;1;0;0;1;0;0;0;0;0;0;0;0;0;0;0;0.0004;0.088;0;-0.0884;0;0;0;0;0;0;0;0;0;0;0;0;0;0;0;0;0;0;0;-4.0198;0;0;0;0;0.0004;0;0;0;0;0;0;0;-0.0004;-0.0884;0;0;0;0;0;0;0;0;0;-0.7063;0;0.7063;1;1;0;0;0;0
28/04/21 07:00;10.161;-64.332;64.669;11.246;16.982;-90;-16.982;118.91;40.803;78.104;4.4;3.86;0;189.42;26.795;32.527;0;0.5185;249.26;0;249.26;189.42;32.527;26.795;0.5185;0.7599;0.1096;0;0.0021;248.36;0.9058;0;0;0.4727;0.433;232.64;14.225;11.311;1.9423;0.9522;0.019;246.87;1.4901;1.1365;0.1952;0.1579;0.0005;232.67;176.98;30.389;25.212;0.066;16.878;13.485;5.0981;0.0539;0.2096;3.0144;0.0309;3.17;0;1;0;0;2.0963;0.9964;1;1;0.9824;0.1648;0.9424;0.9399;1;0.9636;0.7769;0.994;0.994;1;0.994;0.994;0.9333;0.9409;0.1273;0.7485;0.7071;0.0043;0.0169;-0.0282;0.005;0.0177;0.0006;0;0;0.088;0;0.575;0;0;0;0;0;0;0;0;0;0;0;0;0.0143;0.0014;0.6752;0.6752;0;13.775;13.775;9.3751;0.0403;604.82;1116.3;1;0.0122;0.0122;0;0;0;0;0;0;0.663;0.575;0;17.183;19.897;14.632;16.944;98.191;98.191;5.9823;5.396;4.595;0.5864;0.8009;0.098;0.1339;0.7681;16.429;0.7612;0
28/04/21 08:00;20.692;-53.925;33.748;25.048;60;-90;-60;264.5;107.7;156.8;8.4099;3.3;0;368.97;54.166;83.492;0;13.225;519.85;0;519.85;368.97;83.492;54.166;13.225;0.7098;0.1296;0;0.0254;500.66;19.193;0;0;6.8167;12.376;494.49;3.172;1.1841;0.2679;1.6641;0.056;497.66;3.004;2.2138;0.501;0.2841;0.0051;496.32;365.57;82.723;45.401;0.7878;53.799;42.986;19.822;9.0588;1.0135;14.578;1.832;6.533;0;1;0;0;1.9654;0.9631;1;1;0.8742;0.0642;0.9936;0.9968;1;0.9646;0.9337;0.994;0.994;1;0.994;0.994;0.9512;0.8382;0.0596;1.5611;1.5256;0.0092;0.006;0.0187;0.0104;0.037;0.0028;0;0;0.088;0;1.2954;0;0;0;0;0;0;0;0;0;0;0;0;0.0298;0.0055;1.4061;1.4061;0;28.49;28.49;20.08;0.0406;1309.9;1073.5;1;0.0227;0.0227;0;0;0;0;0;0;1.3834;1.2954;0;17.159;19.869;15.807;18.305;98.382;98.382;12.477;11.238;10.353;1.2386;0.8851;0.0993;0.0709;0.8298;47.167;0.8127;0
28/04/21 09:00;29.769;-41.354;40.661;40.884;49.116;-90;-49.116;426.6;123.8;302.8;12.73;2.7999;0;462.62;56.047;85.634;0;14.738;619.04;0;619.04;462.62;85.634;56.047;14.738;0.7473;0.1143;0;0.0238;600.01;19.034;0;0;5.2779;13.756;590.73;5.6723;3.3437;0.6189;1.6671;0.0426;596.41;3.6;2.7757;0.5138;0.3046;0.0059;594.39;456.5;84.501;48.797;0.9333;177.28;141.64;57.396;4.6363;2.2156;31.87;3.6553;29.45;0;1;0;0;1.4511;0.9693;1;1;0.9058;0.0666;0.9905;0.9927;1;0.967;0.9564;0.994;0.994;1;0.994;0.994;0.9543;0.8707;0.0633;1.859;1.8574;0.0112;0.0019;0.0772;0.0124;0.0439;0.0061;0;0;0.088;0;1.5465;0;0;0;0;0;0;0;0;0;0;0;0;0.0353;0.0079;1.6616;1.6616;0;36.869;36.869;24.139;0.0409;1595.7;1041.3;1;0.0271;0.0271;0;0;0;0;0;0;1.6345;1.5465;0;17.028;19.718;15.848;18.352;98.368;98.368;14.857;13.28;12.36;1.5771;0.92;0.1062;0.0619;0.8319;43.379;0.801;0
28/04/21 10:00;36.594;-25.99;46.194;59.452;30.548;-90;-30.548;492.41;184.5;307.91;17.09;2.21;0;357.54;105.86;82.147;0;6.8346;552.38;0;552.38;357.54;82.147;105.86;6.8346;0.6473;0.204;0;0.0124;541.53;10.85;0;0;4.8429;6.0072;530.28;7.9998;3.7341;0.8579;3.2654;0.1423;538.28;3.2492;2.1452;0.4929;0.6061;0.005;532.23;351.66;80.796;97.144;0.68;268.29;214.36;87.374;1.7083;2.9748;42.792;1.9563;44.058;0;1;0;0;1.1218;0.9804;1;1;0.9543;0.1211;0.9851;0.9895;1;0.9675;0.8269;0.994;0.994;1;0.994;0.994;0.96;0.9177;0.0995;1.6588;1.6932;0.0102;0.0038;0.0822;0.0112;0.0396;0.0081;0;0;0.088;0;1.3878;0;0;0;0;0;0;0;0;0;0;0;0;0.0319;0.0066;1.4996;1.4996;0;38.802;38.802;21.713;0.0409;1454;1031.4;1;0.0238;0.0238;0;0;0;0;0;0;1.4758;1.3878;0;17.222;19.942;15.938;18.455;98.412;98.412;13.257;11.985;11.091;1.2723;0.8936;0.096;0.0674;0.8366;70.037;0.7908;0
28/04/21 11:00;40.2;-7.9903;49.146;80.659;9.341;-90;-9.341;350.2;291.1;59.094;19.28;2.1401;0;59.888;269.52;20.052;0;0.4644;349.92;0;349.92;59.888;20.052;269.52;0.4644;0.1711;0.7715;0;0.0013;347.79;2.1291;0;0;1.7418;0.3872;333.73;11.973;0.7283;0.2438;10.984;0.0172;345.71;2.0868;0.3593;0.1203;1.6067;0.0005;333.81;58.801;19.688;255.19;0.0595;207.39;165.7;64.293;0.0599;2.4286;34.934;0.0783;37.303;0;1;0;0;0.9992;0.9939;1;1;0.9935;0.1661;0.9654;0.9878;1;0.9587;0.7753;0.994;0.994;1;0.994;0.994;0.9537;0.9468;0.128;1.0508;1.0791;0.0065;0.0123;0.0304;0.0072;0.0256;0.0067;0;0;0.088;0;0.8632;0;0;0;0;0;0;0;0;0;0;0;0;0.0206;0.0029;0.9669;0.9669;0;32.912;32.912;13.632;0.0408;924.13;1046.3;1;0.0156;0.0156;0;0;0;0;0;0;0.9512;0.8632;0;17.528;20.298;15.65;18.122;98.382;98.382;8.3981;7.7274;6.8991;0.6708;0.8283;0.0799;0.0986;0.8215;161.31;0.7644;0
28/04/21 12:00;39.873;11.022;48.878;77.109;12.891;90;12.891;632.3;132.3;500;21.37;2.0899;0;512.92;54.997;78.582;0;1.5936;648.1;0;648.1;512.92;78.582;54.997;1.5936;0.7914;0.0873;0;0.0025;646.15;1.9422;0;0;0.6114;1.3308;633.01;9.2702;6.1573;0.9433;2.1107;0.0589;642.28;3.8769;3.0775;0.4715;0.3263;0.0016;633.35;503.69;77.167;51.949;0.2024;367.14;293.34;119.08;0.0416;3.9531;56.864;0.3391;60.776;0;1;0;0;1.025;0.997;1;1;0.9889;0.1649;0.9856;0.9879;1;0.961;0.7747;0.994;0.994;1;0.994;0.994;0.9767;0.9446;0.127;1.9462;2.0274;0.0122;0.0002;0.1602;0.013;0.046;0.0104;0;0;0.088;0;1.6232;0;0;0;0;0;0;0;0;0;0;0;0;0.0371;0.0093;1.739;1.739;0;47.46;47.46;26.089;0.0412;1739.9;999.47;1;0.0278;0.0278;0;0;0;0;0;0;1.7112;1.6232;0;17.022;19.711;15.888;18.398;98.4;98.4;15.554;13.898;12.973;1.656;0.9256;0.1065;0.0595;0.834;33.233;0.7826;0
28/04/21 13:00;35.686;28.665;45.453;56.261;33.739;90;33.739;568.11;136.9;431.21;22.41;1.9001;0;518.55;56.569;90.342;0;9.5684;675.02;0;675.02;518.55;90.342;56.569;9.5684;0.7682;0.098;0;0.0142;663.43;11.596;0;0;3.0338;8.5622;651.48;7.9685;5.1925;0.9046;1.7196;0.1518;659.45;3.9806;3.1113;0.542;0.3212;0.006;654.18;510.24;88.895;51.495;0.8484;294.81;235.56;97.533;1.2871;3.1317;45.048;2.6971;46.892;0;1;0;0;1.1882;0.9828;1;1;0.9464;0.1052;0.9879;0.9899;1;0.9677;0.8483;0.994;0.994;1;0.994;0.994;0.9651;0.9103;0.0887;2.0271;2.0653;0.0124;-0.0001;0.1768;0.0131;0.0466;0.0082;0;0;0.088;0;1.6451;0;0;0;0;0;0;0;0;0;0;0;0;0.0375;0.0096;1.7612;1.7612;0;49.3;49.3;26.89;0.0413;1774.8;992.3;1;0.0281;0.0281;0;0;0;0;0;0;1.7331;1.6451;0;16.551;19.166;15.46;17.902;98.404;98.404;16.201;14.075;13.147;2.1253;0.9279;0.1312;0.0573;0.8115;38.307;0.7729;0
28/04/21 14:00;28.434;43.558;39.588;38.159;51.841;90;51.841;372.51;205.7;166.81;22.3;1.62;0;269.98;123.12;86.588;0;14.235;493.92;0;493.92;269.98;86.588;123.12;14.235;0.5466;0.2781;0;0.0288;468.01;25.913;0;0;12.562;13.351;459.13;6.0673;1.7828;0.5718;3.6769;0.0357;465.2;2.8081;1.6199;0.5195;0.6633;0.0053;463.24;266.58;85.496;106.22;0.8434;171.94;137.38;57.593;12.285;2.5301;36.394;4.1028;26.639;0;1;0;0;1.3259;0.9475;1;1;0.898;0.0621;0.987;0.9934;1;0.9665;0.9594;0.994;0.994;1;0.994;0.994;0.9296;0.8627;0.0592;1.4833;1.4719;0.0089;0.0067;0.0842;0.0096;0.0341;0.0068;0;0;0.088;0;1.1811;0;0;0;0;0;0;0;0;0;0;0;0;0.0274;0.0051;1.2892;1.2892;0;41.15;41.15;18.85;0.0411;1264.5;1019.5;1;0.02;0.02;0;0;0;0;0;0;1.2691;1.1811;0;16.557;19.173;15.17;17.566;98.445;98.445;11.854;10.303;9.4396;1.551;0.8635;0.1308;0.0728;0.7963;97.938;0.7547;0
28/04/21 15:00;19.075;55.729;37.571;22.706;46.713;90;46.713;263.7;150.6;113.1;21.94;1.01;0;274.29;94.319;93.838;0;8.2893;470.74;0;470.74;274.29;93.838;94.319;8.2893;0.5827;0.218;0;0.0176;454.74;16.004;0;0;8.273;7.7306;447.18;4.8303;1.4898;0.5097;2.8014;0.0294;452.01;2.7284;1.6458;0.563;0.5163;0.0034;448.54;271.16;92.765;82.729;0.526;72.066;57.581;25.143;6.5547;1.0865;15.629;1.3661;10.161;0;1;0;0;1.7852;0.966;1;1;0.9123;0.0674;0.9893;0.9945;1;0.9672;0.9471;0.994;0.994;1;0.994;0.994;0.9499;0.8771;0.0634;1.4136;1.3839;0.0083;0.0079;0.0751;0.009;0.0321;0.0029;0;0;0.088;0;1.111;0;0;0;0;0;0;0;0;0;0;0;0;0.0258;0.0046;1.2181;1.2181;0;40.288;40.288;18.348;0.041;1190.4;1023.3;1;0.0191;0.0191;0;0;0;0;0;0;1.199;1.111;0;16.415;19.008;14.972;17.338;98.436;98.436;11.298;9.735;8.8794;1.5628;0.8555;0.1383;0.0757;0.7859;71.322;0.7669;0
28/04/21 16:00;8.3664;65.86;69.336;9.1552;13.544;90;13.544;81.791;75.899;5.8927;20.94;0.77;0;14.292;72.593;5.5344;0;0.2274;92.646;0;92.646;14.292;5.5344;72.593;0.2274;0.1543;0.786;0;0.0025;91.58;1.0669;0;0;0.877;0.19;86.284;4.7458;1.4304;0.5539;2.7531;0.0084;91.03;0.5495;0.0857;0.0332;0.4303;0.0002;86.327;12.775;4.9473;68.533;0.0289;43.997;35.154;13.576;0.0651;0.5228;7.52;0.043;7.9776;0;1;0;0;1.1327;0.9885;1;1;0.9879;0.1648;0.9479;0.8993;1;0.9614;0.7748;0.994;0.994;1;0.994;0.994;0.9313;0.9441;0.1269;0.2782;0.2759;0.0017;0.0167;-0.0005;0.0018;0.0064;0.0014;0;0;0.088;0;0.1484;0;0;0;0;0;0;0;0;0;0;0;0;0.0052;0.0003;0.2429;0.2429;0;24.481;24.481;3.5411;0.041;234.69;1035;1;0.0065;0.0065;0;0;0;0;0;0;0.2364;0.1484;0;16.633;19.26;10.161;11.766;97.318;97.318;2.2235;1.9414;1.186;0.2822;0.7554;0.1269;0.3397;0.5334;43.957;0.5028;0
28/04/21 17:00;1.322;71.424;86.792;1.3947;1.9894;90;1.9894;0;0;0;17.16;0.7901;0;0;0;0;0;0;0;0;0;0;0;0;0;1;1;1;1;0;0;0;0;0;0;0;0;0;0;0;0;0;0;0;0;0;0;0;0;0;0;0;0;0;0;0;0;0;0;0;0;0;0;0;1;1;1;1;1;1;1;1;1;1;1;1;1;1;1;1;1;1;1;0;0;0;0;0;0;0;0;0;0.0004;0.088;0;-0.0884;0;0;0;0;0;0;0;0;0;0;0;0;0;0;0;0;0;0;0;-17.16;0;0;0;0;0.0004;0;0;0;0;0;0;0;-0.0004;-0.0884;0;0;0;0;0;0;0;0;0;-0.7063;0;0.7063;1;1;0;0;0;0
28/04/21 18:00;0;0;90;0;0;90;0;0;0;0;11.83;1.17;0;0;0;0;0;0;0;0;0;0;0;0;0;1;1;1;1;0;0;0;0;0;0;0;0;0;0;0;0;0;0;0;0;0;0;0;0;0;0;0;0;0;0;0;0;0;0;0;0;0;0;0;1;1;1;1;1;1;1;1;1;1;1;1;1;1;1;1;1;1;1;0;0;0;0;0;0;0;0;0;0.0004;0.088;0;-0.0884;0;0;0;0;0;0;0;0;0;0;0;0;0;0;0;0;0;0;0;-11.83;0;0;0;0;0.0004;0;0;0;0;0;0;0;-0.0004;-0.0884;0;0;0;0;0;0;0;0;0;-0.7063;0;0.7063;1;1;0;0;0;0
28/04/21 19:00;0;0;90;0;0;90;0;0;0;0;10.1;1.6799;0;0;0;0;0;0;0;0;0;0;0;0;0;1;1;1;1;0;0;0;0;0;0;0;0;0;0;0;0;0;0;0;0;0;0;0;0;0;0;0;0;0;0;0;0;0;0;0;0;0;0;0;1;1;1;1;1;1;1;1;1;1;1;1;1;1;1;1;1;1;1;0;0;0;0;0;0;0;0;0;0.0004;0.088;0;-0.0884;0;0;0;0;0;0;0;0;0;0;0;0;0;0;0;0;0;0;0;-10.1;0;0;0;0;0.0004;0;0;0;0;0;0;0;-0.0004;-0.0884;0;0;0;0;0;0;0;0;0;-0.7063;0;0.7063;1;1;0;0;0;0
28/04/21 20:00;0;0;90;0;0;90;0;0;0;0;8.7901;2.1401;0;0;0;0;0;0;0;0;0;0;0;0;0;1;1;1;1;0;0;0;0;0;0;0;0;0;0;0;0;0;0;0;0;0;0;0;0;0;0;0;0;0;0;0;0;0;0;0;0;0;0;0;1;1;1;1;1;1;1;1;1;1;1;1;1;1;1;1;1;1;1;0;0;0;0;0;0;0;0;0;0.0004;0.088;0;-0.0884;0;0;0;0;0;0;0;0;0;0;0;0;0;0;0;0;0;0;0;-8.7901;0;0;0;0;0.0004;0;0;0;0;0;0;0;-0.0004;-0.0884;0;0;0;0;0;0;0;0;0;-0.7063;0;0.7063;1;1;0;0;0;0
28/04/21 21:00;0;0;90;0;0;90;0;0;0;0;7.6999;2.51;0;0;0;0;0;0;0;0;0;0;0;0;0;1;1;1;1;0;0;0;0;0;0;0;0;0;0;0;0;0;0;0;0;0;0;0;0;0;0;0;0;0;0;0;0;0;0;0;0;0;0;0;1;1;1;1;1;1;1;1;1;1;1;1;1;1;1;1;1;1;1;0;0;0;0;0;0;0;0;0;0.0004;0.088;0;-0.0884;0;0;0;0;0;0;0;0;0;0;0;0;0;0;0;0;0;0;0;-7.6999;0;0;0;0;0.0004;0;0;0;0;0;0;0;-0.0004;-0.0884;0;0;0;0;0;0;0;0;0;-0.7063;0;0.7063;1;1;0;0;0;0
28/04/21 22:00;0;0;90;0;0;90;0;0;0;0;7.3403;2.7899;0;0;0;0;0;0;0;0;0;0;0;0;0;1;1;1;1;0;0;0;0;0;0;0;0;0;0;0;0;0;0;0;0;0;0;0;0;0;0;0;0;0;0;0;0;0;0;0;0;0;0;0;1;1;1;1;1;1;1;1;1;1;1;1;1;1;1;1;1;1;1;0;0;0;0;0;0;0;0;0;0.0004;0.088;0;-0.0884;0;0;0;0;0;0;0;0;0;0;0;0;0;0;0;0;0;0;0;-7.3403;0;0;0;0;0.0004;0;0;0;0;0;0;0;-0.0004;-0.0884;0;0;0;0;0;0;0;0;0;-0.7063;0;0.7063;1;1;0;0;0;0
28/04/21 23:00;0;0;90;0;0;90;0;0;0;0;6.1802;2.97;0;0;0;0;0;0;0;0;0;0;0;0;0;1;1;1;1;0;0;0;0;0;0;0;0;0;0;0;0;0;0;0;0;0;0;0;0;0;0;0;0;0;0;0;0;0;0;0;0;0;0;0;1;1;1;1;1;1;1;1;1;1;1;1;1;1;1;1;1;1;1;0;0;0;0;0;0;0;0;0;0.0004;0.088;0;-0.0884;0;0;0;0;0;0;0;0;0;0;0;0;0;0;0;0;0;0;0;-6.1802;0;0;0;0;0.0004;0;0;0;0;0;0;0;-0.0004;-0.0884;0;0;0;0;0;0;0;0;0;-0.7063;0;0.7063;1;1;0;0;0;0
29/04/21 00:00;0;0;90;0;0;90;0;0;0;0;5.8399;3.08;0;0;0;0;0;0;0;0;0;0;0;0;0;1;1;1;1;0;0;0;0;0;0;0;0;0;0;0;0;0;0;0;0;0;0;0;0;0;0;0;0;0;0;0;0;0;0;0;0;0;0;0;1;1;1;1;1;1;1;1;1;1;1;1;1;1;1;1;1;1;1;0;0;0;0;0;0;0;0;0;0.0004;0.088;0;-0.0884;0;0;0;0;0;0;0;0;0;0;0;0;0;0;0;0;0;0;0;-5.8399;0;0;0;0;0.0004;0;0;0;0;0;0;0;-0.0004;-0.0884;0;0;0;0;0;0;0;0;0;-0.7063;0;0.7063;1;1;0;0;0;0
29/04/21 01:00;0;0;90;0;0;90;0;0;0;0;5.8798;3.1199;0;0;0;0;0;0;0;0;0;0;0;0;0;1;1;1;1;0;0;0;0;0;0;0;0;0;0;0;0;0;0;0;0;0;0;0;0;0;0;0;0;0;0;0;0;0;0;0;0;0;0;0;1;1;1;1;1;1;1;1;1;1;1;1;1;1;1;1;1;1;1;0;0;0;0;0;0;0;0;0;0.0004;0.088;0;-0.0884;0;0;0;0;0;0;0;0;0;0;0;0;0;0;0;0;0;0;0;-5.8798;0;0;0;0;0.0004;0;0;0;0;0;0;0;-0.0004;-0.0884;0;0;0;0;0;0;0;0;0;-0.7063;0;0.7063;1;1;0;0;0;0
29/04/21 02:00;0;0;90;0;0;90;0;0;0;0;4.7098;3.06;0;0;0;0;0;0;0;0;0;0;0;0;0;1;1;1;1;0;0;0;0;0;0;0;0;0;0;0;0;0;0;0;0;0;0;0;0;0;0;0;0;0;0;0;0;0;0;0;0;0;0;0;1;1;1;1;1;1;1;1;1;1;1;1;1;1;1;1;1;1;1;0;0;0;0;0;0;0;0;0;0.0004;0.088;0;-0.0884;0;0;0;0;0;0;0;0;0;0;0;0;0;0;0;0;0;0;0;-4.7098;0;0;0;0;0.0004;0;0;0;0;0;0;0;-0.0004;-0.0884;0;0;0;0;0;0;0;0;0;-0.7063;0;0.7063;1;1;0;0;0;0
29/04/21 03:00;0;0;90;0;0;90;0;0;0;0;4.6101;3;0;0;0;0;0;0;0;0;0;0;0;0;0;1;1;1;1;0;0;0;0;0;0;0;0;0;0;0;0;0;0;0;0;0;0;0;0;0;0;0;0;0;0;0;0;0;0;0;0;0;0;0;1;1;1;1;1;1;1;1;1;1;1;1;1;1;1;1;1;1;1;0;0;0;0;0;0;0;0;0;0.0004;0.088;0;-0.0884;0;0;0;0;0;0;0;0;0;0;0;0;0;0;0;0;0;0;0;-4.6101;0;0;0;0;0.0004;0;0;0;0;0;0;0;-0.0004;-0.0884;0;0;0;0;0;0;0;0;0;-0.7063;0;0.7063;1;1;0;0;0;0
29/04/21 04:00;0;0;90;0;0;90;0;0;0;0;4.4399;2.9499;0;0;0;0;0;0;0;0;0;0;0;0;0;1;1;1;1;0;0;0;0;0;0;0;0;0;0;0;0;0;0;0;0;0;0;0;0;0;0;0;0;0;0;0;0;0;0;0;0;0;0;0;1;1;1;1;1;1;1;1;1;1;1;1;1;1;1;1;1;1;1;0;0;0;0;0;0;0;0;0;0.0004;0.088;0;-0.0884;0;0;0;0;0;0;0;0;0;0;0;0;0;0;0;0;0;0;0;-4.4399;0;0;0;0;0.0004;0;0;0;0;0;0;0;-0.0004;-0.0884;0;0;0;0;0;0;0;0;0;-0.7063;0;0.7063;1;1;0;0;0;0
29/04/21 05:00;0;0;90;0;0;90;0;0;0;0;3.9599;2.9301;0;0;0;0;0;0;0;0;0;0;0;0;0;1;1;1;1;0;0;0;0;0;0;0;0;0;0;0;0;0;0;0;0;0;0;0;0;0;0;0;0;0;0;0;0;0;0;0;0;0;0;0;1;1;1;1;1;1;1;1;1;1;1;1;1;1;1;1;1;1;1;0;0;0;0;0;0;0;0;0;0.0004;0.088;0;-0.0884;0;0;0;0;0;0;0;0;0;0;0;0;0;0;0;0;0;0;0;-3.9599;0;0;0;0;0.0004;0;0;0;0;0;0;0;-0.0004;-0.0884;0;0;0;0;0;0;0;0;0;-0.7063;0;0.7063;1;1;0;0;0;0
29/04/21 06:00;2.2584;-70.327;84.516;2.3982;3.4265;-90;-3.4265;1.8949;1.8949;0;3.7898;2.75;0;0;1.8932;0;0;0.0003;1.8935;1.8935;0;0;0;0;0;1;1;1;1;0;0;0;0;0;0;0;0;0;0;0;0;0;0;0;0;0;0;0;0;0;0;0;0;0;0;0;0;0;0;0;0;0;0;0;0;1;1;1;1;1;1;1;1;1;1;1;1;1;0;0;1;0;0;0;0;0;0;0;0;0;0;0;0.0004;0.088;0;-0.0884;0;0;0;0;0;0;0;0;0;0;0;0;0;0;0;0;0;0;0;-3.7898;0;0;0;0;0.0004;0;0;0;0;0;0;0;-0.0004;-0.0884;0;0;0;0;0;0;0;0;0;-0.7063;0;0.7063;1;1;0;0;0;0
29/04/21 07:00;9.9849;-64.069;65.133;11.076;16.695;-90;-16.695;125.29;31.397;93.898;5.33;3.4201;0;227.73;18.372;30.629;0;0.5281;277.26;0;277.26;227.73;30.629;18.372;0.5281;0.8214;0.0682;0;0.0019;276.5;0.7559;0;0;0.315;0.441;257.95;16.899;14.299;1.9233;0.6566;0.0193;274.84;1.659;1.3664;0.1838;0.1083;0.0005;257.97;212.06;28.522;17.292;0.0673;11.774;9.4075;3.4662;0.0349;0.1519;2.1848;0.0216;2.3018;0;1;0;0;2.2128;0.9973;1;1;0.9829;0.165;0.9385;0.9368;1;0.9634;0.7767;0.994;0.994;1;0.994;0.994;0.9303;0.9412;0.1274;0.8326;0.7816;0.0047;0.0161;-0.0256;0.0055;0.0195;0.0004;0;0;0.088;0;0.6424;0;0;0;0;0;0;0;0;0;0;0;0;0.0157;0.0017;0.7435;0.7435;0;15.734;15.734;10.404;0.0403;668.89;1111.6;1;0.0132;0.0132;0;0;0;0;0;0;0.7304;0.6424;0;17.012;19.7;14.698;17.02;98.231;98.231;6.6542;5.9424;5.134;0.7118;0.8084;0.107;0.1215;0.7715;11.252;0.767;0
29/04/21 08:00;20.488;-53.672;34.047;24.881;60;-90;-60;296.01;74.402;221.61;9.6603;2.3899;0;524.6;29.56;82.83;0;14.8;651.79;0;651.79;524.6;82.83;29.56;14.8;0.8049;0.0681;0;0.0227;634.22;17.57;0;0;3.72;13.85;627.39;3.0254;1.7745;0.2802;0.9081;0.0626;630.42;3.8053;3.1476;0.497;0.155;0.0057;628.43;519.68;82.053;24.776;0.8817;33.105;26.451;12.556;4.9455;0.5595;8.0478;1.0377;3.6617;0;1;0;0;2.2019;0.973;1;1;0.8742;0.0642;0.9952;0.9966;1;0.9646;0.9337;0.994;0.994;1;0.994;0.994;0.9626;0.8382;0.0596;1.9573;1.9097;0.0115;0.0013;0.0685;0.0128;0.0454;0.0015;0;0;0.088;0;1.6074;0;0;0;0;0;0;0;0;0;0;0;0;0.0366;0.0083;1.7238;1.7238;0;35.258;35.258;25.598;0.0408;1642.6;1049.5;1;0.0285;0.0285;0;0;0;0;0;0;1.6954;1.6074;0;16.777;19.428;15.644;18.115;98.349;98.349;15.643;13.777;12.846;1.8662;0.9308;0.1193;0.0595;0.8212;25.74;0.8137;0
29/04/21 09:00;29.53;-41.122;40.954;40.74;49.26;-90;-49.26;458.91;93.5;365.41;13.97;1.6701;0;559.91;34.716;78.892;0;15.941;689.46;0;689.46;559.91;78.892;34.716;15.941;0.8121;0.0735;0;0.0231;671.29;18.165;0;0;3.2831;14.882;661.46;5.8041;4.1422;0.5836;1.0328;0.0456;667.26;4.0277;3.3594;0.4734;0.1886;0.0064;665.27;552.41;77.835;30.211;1.0076;181.7;145.18;57.591;2.9028;2.2312;32.094;3.8062;31.423;0;1;0;0;1.5024;0.9737;1;1;0.9054;0.0665;0.9913;0.9926;1;0.9669;0.9567;0.994;0.994;1;0.994;0.994;0.9594;0.8702;0.0632;2.0704;2.0714;0.0125;-0.0001;0.1166;0.0136;0.0482;0.006;0;0;0.088;0;1.7081;0;0;0;0;0;0;0;0;0;0;0;0;0.0388;0.0096;1.8261;1.8261;0;41.084;41.084;27.114;0.041;1779.4;1026.3;1;0.03;0.03;0;0;0;0;0;0;1.7961;1.7081;0;16.802;19.456;15.716;18.199;98.357;98.357;16.547;14.594;13.651;1.9527;0.943;0.118;0.057;0.825;26.908;0.7972;0
29/04/21 10:00;36.318;-25.808;46.5;59.363;30.637;-90;-30.637;577.31;108.9;468.41;17.89;1.6701;0;544.4;41.792;74.349;0;8.0585;668.6;0;668.6;544.4;74.349;41.792;8.0585;0.8142;0.0746;0;0.0121;659.59;9.0068;0;0;1.9208;7.0861;647.61;8.0278;5.7827;0.7898;1.2886;0.1667;655.63;3.9575;3.2664;0.4461;0.2392;0.0058;649.87;535.35;73.113;38.344;0.7999;306.17;244.63;99.805;0.6826;3.3064;47.561;2.259;50.185;0;1;0;0;1.1581;0.9865;1;1;0.954;0.1207;0.9878;0.9893;1;0.9675;0.8275;0.994;0.994;1;0.994;0.994;0.9686;0.9175;0.0993;2.0078;2.0576;0.0124;0;0.1409;0.0133;0.0473;0.0088;0;0;0.088;0;1.6703;0;0;0;0;0;0;0;0;0;0;0;0;0.0381;0.0095;1.7873;1.7873;0;44.514;44.514;26.624;0.0411;1766.2;1012;1;0.029;0.029;0;0;0;0;0;0;1.7583;1.6703;0;16.958;19.637;15.848;18.352;98.379;98.379;16.046;14.284;13.349;1.762;0.9349;0.1098;0.0583;0.8319;27.667;0.7899;0
29/04/21 11:00;39.895;-7.8985;49.459;80.665;9.3347;-90;-9.3347;627.1;126.1;501;20.17;1.8;0;507.72;52.588;74.144;0;0.8304;635.28;0;635.28;507.72;74.144;52.588;0.8304;0.7992;0.0841;0;0.0013;634.25;1.032;0;0;0.3395;0.6925;621.09;9.3557;6.2663;0.9151;2.1434;0.0308;630.45;3.8055;3.0463;0.4449;0.3135;0.0008;621.25;498.41;72.784;49.792;0.1063;366.9;293.15;117.56;0.0119;4.0424;58.148;0.154;62.178;0;1;0;0;1.0131;0.9984;1;1;0.9935;0.1661;0.9852;0.9876;1;0.9587;0.7753;0.994;0.994;1;0.994;0.994;0.9777;0.9468;0.128;1.9078;1.9937;0.012;0.0005;0.1454;0.0129;0.0456;0.0107;0;0;0.088;0;1.6054;0;0;0;0;0;0;0;0;0;0;0;0;0.0367;0.009;1.721;1.721;0;45.733;45.733;25.563;0.0412;1710.6;1006.1;1;0.0276;0.0276;0;0;0;0;0;0;1.6934;1.6054;0;17.186;19.9;16.031;18.564;98.396;98.396;15.247;13.755;12.831;1.4922;0.9239;0.0979;0.0606;0.8415;31.474;0.7876;0
29/04/21 12:00;39.561;11;49.181;76.994;13.006;90;13.006;629.8;130.1;499.7;21.77;1.8201;0;512.85;53.586;77.812;0;1.6156;645.87;0;645.87;512.85;77.812;53.586;1.6156;0.7941;0.0855;0;0.0025;643.91;1.9539;0;0;0.6047;1.3492;630.74;9.3067;6.2469;0.9478;2.0523;0.0597;640.05;3.8635;3.0771;0.4669;0.3179;0.0016;631.09;503.53;76.397;50.612;0.2051;365.56;292.08;118.59;0.0419;3.9348;56.601;0.345;60.494;0;1;0;0;1.0255;0.997;1;1;0.9887;0.1649;0.9855;0.9877;1;0.961;0.7747;0.994;0.994;1;0.994;0.994;0.9766;0.9445;0.127;1.9395;2.0201;0.0122;0.0003;0.1619;0.0129;0.0458;0.0103;0;0;0.088;0;1.6149;0;0;0;0;0;0;0;0;0;0;0;0;0.0369;0.0092;1.7305;1.7305;0;47.773;47.773;26.003;0.0412;1733.8;998.14;1;0.0276;0.0276;0;0;0;0;0;0;1.7029;1.6149;0;16.997;19.682;15.861;18.367;98.403;98.403;15.501;13.83;12.906;1.6703;0.9241;0.1078;0.0596;0.8326;32.392;0.7814;0
29/04/21 13:00;35.388;28.549;45.735;56.068;33.932;90;33.932;555.7;142.8;412.9;22.86;1.71;0;497.66;61.453;91.147;0;9.4638;659.72;0;659.72;497.66;91.147;61.453;9.4638;0.7543;0.1075;0;0.0143;647.92;11.802;0;0;3.3255;8.4763;636.02;8.0066;5.0648;0.9276;1.8667;0.1474;644.03;3.8875;2.9859;0.5469;0.3488;0.0059;638.7;489.61;89.672;55.912;0.8342;288.62;230.61;95.495;1.4256;3.0758;44.244;2.6774;45.894;0;1;0;0;1.1872;0.9821;1;1;0.9459;0.1043;0.9876;0.9898;1;0.9677;0.8498;0.994;0.994;1;0.994;0.994;0.9641;0.9098;0.0881;1.9811;2.017;0.0121;0.0003;0.1714;0.0128;0.0455;0.008;0;0;0.088;0;1.6056;0;0;0;0;0;0;0;0;0;0;0;0;0.0366;0.0092;1.7209;1.7209;0;49.11;49.11;26.25;0.0413;1732.9;993.1;1;0.0274;0.0274;0;0;0;0;0;0;1.6936;1.6056;0;16.548;19.162;15.439;17.878;98.41;98.41;15.833;13.754;12.832;2.0795;0.9219;0.1313;0.0582;0.8104;41.675;0.7717;0
29/04/21 14:00;28.161;43.385;39.846;37.931;52.069;90;52.069;429.19;153;276.19;22.6;1.57;0;449.31;69.832;108.19;0;16.537;643.87;0;643.87;449.31;108.19;69.832;16.537;0.6978;0.1341;0;0.0257;621.19;22.682;0;0;7.1708;15.511;611.57;5.8931;3.0346;0.7307;2.0865;0.0413;617.46;3.7271;2.6958;0.6491;0.376;0.0062;615.53;443.58;106.81;60.199;0.9776;169.64;135.54;55.537;7.0779;2.2519;32.392;3.9615;27.566;0;1;0;0;1.5002;0.9648;1;1;0.8973;0.062;0.9905;0.9932;1;0.9665;0.9594;0.994;0.994;1;0.994;0.994;0.9498;0.8621;0.0591;1.9335;1.9222;0.0116;0.0012;0.1546;0.0123;0.0436;0.0059;0;0;0.088;0;1.5355;0;0;0;0;0;0;0;0;0;0;0;0;0.0351;0.0084;1.6496;1.6496;0;47.816;47.816;25.216;0.0412;1651.7;998.71;1;0.0261;0.0261;0;0;0;0;0;0;1.6235;1.5355;0;16.252;18.82;15.128;17.518;98.418;98.418;15.453;13.183;12.271;2.2695;0.9119;0.1469;0.059;0.7941;55.681;0.7653;0
29/04/21 15:00;18.828;55.526;38.489;22.471;45.498;90;45.498;267;144.6;122.4;22.7;1.1801;0;296.85;88.335;98.79;0;7.9849;491.96;0;491.96;296.85;98.79;88.335;7.9849;0.6034;0.1958;0;0.0162;477.07;14.888;0;0;7.4563;7.4321;469.19;5.0162;1.7707;0.5893;2.624;0.0322;474.21;2.8624;1.7811;0.5927;0.4853;0.0033;470.39;293.3;97.608;77.77;0.5174;66.842;53.407;23.219;5.6048;0.9835;14.147;1.1911;9.5258;0;1;0;0;1.8426;0.9697;1;1;0.9156;0.0692;0.9894;0.994;1;0.9674;0.9415;0.994;0.994;1;0.994;0.994;0.9537;0.8804;0.0648;1.4774;1.4466;0.0087;0.0071;0.0871;0.0094;0.0334;0.0026;0;0;0.088;0;1.1588;0;0;0;0;0;0;0;0;0;0;0;0;0.0269;0.005;1.2665;1.2665;0;41.973;41.973;19.274;0.0411;1244.7;1017.5;1;0.0197;0.0197;0;0;0;0;0;0;1.2468;1.1588;0;16.331;18.911;14.943;17.303;98.447;98.447;11.807;10.122;9.2614;1.6851;0.8605;0.1427;0.0729;0.7844;66.043;0.7679;0
29/04/21 16:00;8.1419;65.64;69.911;8.9253;13.178;90;13.178;77.494;72.599;4.8944;21.7;1.31;0;11.87;69.804;4.5197;0;0.2041;86.399;0;86.399;11.87;4.5197;69.804;0.2041;0.1374;0.8103;0;0.0024;85.423;0.9757;0;0;0.8053;0.1704;80.489;4.4212;1.2664;0.4822;2.6651;0.0075;84.91;0.5125;0.0712;0.0271;0.414;0.0002;80.528;10.533;4.0104;65.92;0.0259;42.252;33.759;13.029;0.0567;0.5022;7.2242;0.0386;7.6697;0;1;0;0;1.1149;0.9887;1;1;0.9885;0.1649;0.9479;0.8927;1;0.9611;0.7747;0.994;0.994;1;0.994;0.994;0.9316;0.9444;0.127;0.2595;0.2578;0.0016;0.0164;0;0.0017;0.006;0.0013;0;0;0.088;0;0.1314;0;0;0;0;0;0;0;0;0;0;0;0;0.0048;0.0003;0.2257;0.2257;0;25.007;25.007;3.3073;0.0411;219.18;1030;1;0.0063;0.0063;0;0;0;0;0;0;0.2194;0.1314;0;16.575;19.193;9.648;11.172;97.192;97.192;2.0736;1.8041;1.0502;0.2694;0.754;0.1299;0.3636;0.5065;42.219;0.4766;0
29/04/21 17:00;1.3018;71.051;86.841;1.3763;1.9632;90;1.9632;0;0;0;17.01;1.5199;0;0;0;0;0;0;0;0;0;0;0;0;0;1;1;1;1;0;0;0;0;0;0;0;0;0;0;0;0;0;0;0;0;0;0;0;0;0;0;0;0;0;0;0;0;0;0;0;0;0;0;0;1;1;1;1;1;1;1;1;1;1;1;1;1;1;1;1;1;1;1;0;0;0;0;0;0;0;0;0;0.0004;0.088;0;-0.0884;0;0;0;0;0;0;0;0;0;0;0;0;0;0;0;0;0;0;0;-17.01;0;0;0;0;0.0004;0;0;0;0;0;0;0;-0.0004;-0.0884;0;0;0;0;0;0;0;0;0;-0.7063;0;0.7063;1;1;0;0;0;0
29/04/21 18:00;0;0;90;0;0;90;0;0;0;0;11.89;1.7501;0;0;0;0;0;0;0;0;0;0;0;0;0;1;1;1;1;0;0;0;0;0;0;0;0;0;0;0;0;0;0;0;0;0;0;0;0;0;0;0;0;0;0;0;0;0;0;0;0;0;0;0;1;1;1;1;1;1;1;1;1;1;1;1;1;1;1;1;1;1;1;0;0;0;0;0;0;0;0;0;0.0004;0.088;0;-0.0884;0;0;0;0;0;0;0;0;0;0;0;0;0;0;0;0;0;0;0;-11.89;0;0;0;0;0.0004;0;0;0;0;0;0;0;-0.0004;-0.0884;0;0;0;0;0;0;0;0;0;-0.7063;0;0.7063;1;1;0;0;0;0
29/04/21 19:00;0;0;90;0;0;90;0;0;0;0;10.33;1.9801;0;0;0;0;0;0;0;0;0;0;0;0;0;1;1;1;1;0;0;0;0;0;0;0;0;0;0;0;0;0;0;0;0;0;0;0;0;0;0;0;0;0;0;0;0;0;0;0;0;0;0;0;1;1;1;1;1;1;1;1;1;1;1;1;1;1;1;1;1;1;1;0;0;0;0;0;0;0;0;0;0.0004;0.088;0;-0.0884;0;0;0;0;0;0;0;0;0;0;0;0;0;0;0;0;0;0;0;-10.33;0;0;0;0;0.0004;0;0;0;0;0;0;0;-0.0004;-0.0884;0;0;0;0;0;0;0;0;0;-0.7063;0;0.7063;1;1;0;0;0;0
29/04/21 20:00;0;0;90;0;0;90;0;0;0;0;9.1598;2.19;0;0;0;0;0;0;0;0;0;0;0;0;0;1;1;1;1;0;0;0;0;0;0;0;0;0;0;0;0;0;0;0;0;0;0;0;0;0;0;0;0;0;0;0;0;0;0;0;0;0;0;0;1;1;1;1;1;1;1;1;1;1;1;1;1;1;1;1;1;1;1;0;0;0;0;0;0;0;0;0;0.0004;0.088;0;-0.0884;0;0;0;0;0;0;0;0;0;0;0;0;0;0;0;0;0;0;0;-9.1598;0;0;0;0;0.0004;0;0;0;0;0;0;0;-0.0004;-0.0884;0;0;0;0;0;0;0;0;0;-0.7063;0;0.7063;1;1;0;0;0;0
29/04/21 21:00;0;0;90;0;0;90;0;0;0;0;8.1899;2.3801;0;0;0;0;0;0;0;0;0;0;0;0;0;1;1;1;1;0;0;0;0;0;0;0;0;0;0;0;0;0;0;0;0;0;0;0;0;0;0;0;0;0;0;0;0;0;0;0;0;0;0;0;1;1;1;1;1;1;1;1;1;1;1;1;1;1;1;1;1;1;1;0;0;0;0;0;0;0;0;0;0.0004;0.088;0;-0.0884;0;0;0;0;0;0;0;0;0;0;0;0;0;0;0;0;0;0;0;-8.1899;0;0;0;0;0.0004;0;0;0;0;0;0;0;-0.0004;-0.0884;0;0;0;0;0;0;0;0;0;-0.7063;0;0.7063;1;1;0;0;0;0
29/04/21 22:00;0;0;90;0;0;90;0;0;0;0;7.2599;2.5401;0;0;0;0;0;0;0;0;0;0;0;0;0;1;1;1;1;0;0;0;0;0;0;0;0;0;0;0;0;0;0;0;0;0;0;0;0;0;0;0;0;0;0;0;0;0;0;0;0;0;0;0;1;1;1;1;1;1;1;1;1;1;1;1;1;1;1;1;1;1;1;0;0;0;0;0;0;0;0;0;0.0004;0.088;0;-0.0884;0;0;0;0;0;0;0;0;0;0;0;0;0;0;0;0;0;0;0;-7.2599;0;0;0;0;0.0004;0;0;0;0;0;0;0;-0.0004;-0.0884;0;0;0;0;0;0;0;0;0;-0.7063;0;0.7063;1;1;0;0;0;0
29/04/21 23:00;0;0;90;0;0;90;0;0;0;0;6.3498;2.67;0;0;0;0;0;0;0;0;0;0;0;0;0;1;1;1;1;0;0;0;0;0;0;0;0;0;0;0;0;0;0;0;0;0;0;0;0;0;0;0;0;0;0;0;0;0;0;0;0;0;0;0;1;1;1;1;1;1;1;1;1;1;1;1;1;1;1;1;1;1;1;0;0;0;0;0;0;0;0;0;0.0004;0.088;0;-0.0884;0;0;0;0;0;0;0;0;0;0;0;0;0;0;0;0;0;0;0;-6.3498;0;0;0;0;0.0004;0;0;0;0;0;0;0;-0.0004;-0.0884;0;0;0;0;0;0;0;0;0;-0.7063;0;0.7063;1;1;0;0;0;0
30/04/21 00:00;0;0;90;0;0;90;0;0;0;0;6.6802;2.7899;0;0;0;0;0;0;0;0;0;0;0;0;0;1;1;1;1;0;0;0;0;0;0;0;0;0;0;0;0;0;0;0;0;0;0;0;0;0;0;0;0;0;0;0;0;0;0;0;0;0;0;0;1;1;1;1;1;1;1;1;1;1;1;1;1;1;1;1;1;1;1;0;0;0;0;0;0;0;0;0;0.0004;0.088;0;-0.0884;0;0;0;0;0;0;0;0;0;0;0;0;0;0;0;0;0;0;0;-6.6802;0;0;0;0;0.0004;0;0;0;0;0;0;0;-0.0004;-0.0884;0;0;0;0;0;0;0;0;0;-0.7063;0;0.7063;1;1;0;0;0;0
30/04/21 01:00;0;0;90;0;0;90;0;0;0;0;6.2301;2.8799;0;0;0;0;0;0;0;0;0;0;0;0;0;1;1;1;1;0;0;0;0;0;0;0;0;0;0;0;0;0;0;0;0;0;0;0;0;0;0;0;0;0;0;0;0;0;0;0;0;0;0;0;1;1;1;1;1;1;1;1;1;1;1;1;1;1;1;1;1;1;1;0;0;0;0;0;0;0;0;0;0.0004;0.088;0;-0.0884;0;0;0;0;0;0;0;0;0;0;0;0;0;0;0;0;0;0;0;-6.2301;0;0;0;0;0.0004;0;0;0;0;0;0;0;-0.0004;-0.0884;0;0;0;0;0;0;0;0;0;-0.7063;0;0.7063;1;1;0;0;0;0
30/04/21 02:00;0;0;90;0;0;90;0;0;0;0;5.0801;2.9499;0;0;0;0;0;0;0;0;0;0;0;0;0;1;1;1;1;0;0;0;0;0;0;0;0;0;0;0;0;0;0;0;0;0;0;0;0;0;0;0;0;0;0;0;0;0;0;0;0;0;0;0;1;1;1;1;1;1;1;1;1;1;1;1;1;1;1;1;1;1;1;0;0;0;0;0;0;0;0;0;0.0004;0.088;0;-0.0884;0;0;0;0;0;0;0;0;0;0;0;0;0;0;0;0;0;0;0;-5.0801;0;0;0;0;0.0004;0;0;0;0;0;0;0;-0.0004;-0.0884;0;0;0;0;0;0;0;0;0;-0.7063;0;0.7063;1;1;0;0;0;0
30/04/21 03:00;0;0;90;0;0;90;0;0;0;0;4.9903;3.08;0;0;0;0;0;0;0;0;0;0;0;0;0;1;1;1;1;0;0;0;0;0;0;0;0;0;0;0;0;0;0;0;0;0;0;0;0;0;0;0;0;0;0;0;0;0;0;0;0;0;0;0;1;1;1;1;1;1;1;1;1;1;1;1;1;1;1;1;1;1;1;0;0;0;0;0;0;0;0;0;0.0004;0.088;0;-0.0884;0;0;0;0;0;0;0;0;0;0;0;0;0;0;0;0;0;0;0;-4.9903;0;0;0;0;0.0004;0;0;0;0;0;0;0;-0.0004;-0.0884;0;0;0;0;0;0;0;0;0;-0.7063;0;0.7063;1;1;0;0;0;0
30/04/21 04:00;0;0;90;0;0;90;0;0;0;0;4.8501;3.1899;0;0;0;0;0;0;0;0;0;0;0;0;0;1;1;1;1;0;0;0;0;0;0;0;0;0;0;0;0;0;0;0;0;0;0;0;0;0;0;0;0;0;0;0;0;0;0;0;0;0;0;0;1;1;1;1;1;1;1;1;1;1;1;1;1;1;1;1;1;1;1;0;0;0;0;0;0;0;0;0;0.0004;0.088;0;-0.0884;0;0;0;0;0;0;0;0;0;0;0;0;0;0;0;0;0;0;0;-4.8501;0;0;0;0;0.0004;0;0;0;0;0;0;0;-0.0004;-0.0884;0;0;0;0;0;0;0;0;0;-0.7063;0;0.7063;1;1;0;0;0;0
30/04/21 05:00;0;0;90;0;0;90;0;0;0;0;3.94;3.2501;0;0;0;0;0;0;0;0;0;0;0;0;0;1;1;1;1;0;0;0;0;0;0;0;0;0;0;0;0;0;0;0;0;0;0;0;0;0;0;0;0;0;0;0;0;0;0;0;0;0;0;0;1;1;1;1;1;1;1;1;1;1;1;1;1;1;1;1;1;1;1;0;0;0;0;0;0;0;0;0;0.0004;0.088;0;-0.0884;0;0;0;0;0;0;0;0;0;0;0;0;0;0;0;0;0;0;0;-3.94;0;0;0;0;0.0004;0;0;0;0;0;0;0;-0.0004;-0.0884;0;0;0;0;0;0;0;0;0;-0.7063;0;0.7063;1;1;0;0;0;0
30/04/21 06:00;2.0982;-70.064;84.906;2.2318;3.1877;-90;-3.1877;1.1916;1.1916;0;3.7997;3.4;0;0;1.1907;0;0;0.0002;1.1909;1.1909;0;0;0;0;0;1;1;1;1;0;0;0;0;0;0;0;0;0;0;0;0;0;0;0;0;0;0;0;0;0;0;0;0;0;0;0;0;0;0;0;0;0;0;0;0;1;1;1;1;1;1;1;1;1;1;1;1;1;0;0;1;0;0;0;0;0;0;0;0;0;0;0;0.0004;0.088;0;-0.0884;0;0;0;0;0;0;0;0;0;0;0;0;0;0;0;0;0;0;0;-3.7997;0;0;0;0;0.0004;0;0;0;0;0;0;0;-0.0004;-0.0884;0;0;0;0;0;0;0;0;0;-0.7063;0;0.7063;1;1;0;0;0;0
30/04/21 07:00;9.8099;-63.812;65.593;10.907;16.408;-90;-16.408;123.11;30.3;92.807;5.8598;4.2101;0;225.08;17.667;29.747;0;0.5014;273;0;273;225.08;29.747;17.667;0.5014;0.8245;0.0666;0;0.0018;272.29;0.7127;0;0;0.2942;0.4185;253.17;17.48;14.862;1.9642;0.6349;0.0184;270.65;1.6337;1.3505;0.1785;0.1042;0.0005;253.19;208.87;27.604;16.634;0.0639;11.323;9.047;3.3167;0.0316;0.147;2.1148;0.0203;2.2302;0;1;0;0;2.2176;0.9974;1;1;0.9833;0.1652;0.9354;0.9336;1;0.9632;0.7765;0.994;0.994;1;0.994;0.994;0.9274;0.9415;0.1275;0.8198;0.767;0.0046;0.0163;-0.0243;0.0054;0.0191;0.0004;0;0;0.088;0;0.6275;0;0;0;0;0;0;0;0;0;0;0;0;0.0154;0.0016;0.7285;0.7285;0;16.076;16.076;10.216;0.0404;656.48;1109.7;1;0.0129;0.0129;0;0;0;0;0;0;0.7155;0.6275;0;16.927;19.601;14.582;16.886;98.227;98.227;6.552;5.8219;5.0154;0.7301;0.8065;0.1114;0.1231;0.7655;10.808;0.7611;0
30/04/21 08:00;20.285;-53.425;34.341;24.714;60;-90;-60;294.5;72.2;222.3;10.1;3.29;0;529.45;28.347;81.939;0;14.725;654.46;0;654.46;529.45;81.939;28.347;14.725;0.809;0.0658;0;0.0225;637.11;17.347;0;0;3.5674;13.78;630.18;3.1057;1.8814;0.2912;0.8709;0.0623;633.29;3.8227;3.1767;0.4916;0.1487;0.0057;631.37;524.39;81.156;23.76;0.8772;30.541;24.402;10.896;4.7428;0.5725;8.2356;1.1879;4.0653;0;1;0;0;2.2222;0.9735;1;1;0.8742;0.0642;0.9951;0.9964;1;0.9646;0.9337;0.994;0.994;1;0.994;0.994;0.9629;0.8382;0.0596;1.9653;1.919;0.0116;0.0012;0.0726;0.0128;0.0455;0.0016;0;0;0.088;0;1.6121;0;0;0;0;0;0;0;0;0;0;0;0;0.0367;0.0084;1.7286;1.7286;0;35.823;35.823;25.723;0.0408;1650.6;1047.3;1;0.0285;0.0285;0;0;0;0;0;0;1.7001;1.6121;0;16.755;19.402;15.626;18.094;98.35;98.35;15.707;13.815;12.884;1.8919;0.9312;0.1205;0.0593;0.8203;24.684;0.8126;0
30/04/21 09:00;29.293;-40.896;41.242;40.594;49.406;-90;-49.406;451.6;95.103;356.5;14.54;2.3899;0;547.88;35.991;79.14;0;15.775;678.78;0;678.78;547.88;79.14;35.991;15.775;0.8071;0.0763;0;0.0232;660.63;18.147;0;0;3.4183;14.729;650.81;5.8591;4.1449;0.5987;1.0709;0.0446;656.67;3.9638;3.2873;0.4748;0.1954;0.0063;654.59;540.44;78.067;31.306;0.9952;178.67;142.75;56.614;3.0403;2.2069;31.745;3.7784;30.912;0;1;0;0;1.5031;0.9733;1;1;0.905;0.0663;0.9911;0.9924;1;0.9669;0.9571;0.994;0.994;1;0.994;0.994;0.9588;0.8698;0.0631;2.0384;2.0385;0.0123;0.0001;0.1158;0.0134;0.0474;0.0059;0;0;0.088;0;1.6786;0;0;0;0;0;0;0;0;0;0;0;0;0.0382;0.0094;1.796;1.796;0;41.222;41.222;26.682;0.041;1751.3;1025.5;1;0.0294;0.0294;0;0;0;0;0;0;1.7666;1.6786;0;16.784;19.436;15.687;18.165;98.363;98.363;16.291;14.353;13.415;1.9374;0.9383;0.1189;0.0576;0.8235;27.936;0.7956;0
30/04/21 10:00;36.045;-25.632;46.802;59.272;30.728;-90;-30.728;568.59;110.6;457.99;18.31;1.46;0;532.8;43.354;74.425;0;7.9831;658.56;0;658.56;532.8;74.425;43.354;7.9831;0.809;0.078;0;0.0121;649.53;9.0248;0;0;2.002;7.0229;637.58;8.0567;5.7529;0.8036;1.3361;0.1641;645.64;3.8972;3.1968;0.4465;0.2481;0.0058;639.82;523.85;73.174;39.767;0.7904;301.54;240.93;98.307;0.7153;3.2585;46.872;2.241;49.415;0;1;0;0;1.1582;0.9863;1;1;0.9538;0.1203;0.9875;0.9891;1;0.9675;0.8281;0.994;0.994;1;0.994;0.994;0.9681;0.9173;0.099;1.9776;2.0259;0.0122;0.0002;0.1389;0.0131;0.0465;0.0087;0;0;0.088;0;1.6431;0;0;0;0;0;0;0;0;0;0;0;0;0.0375;0.0092;1.7595;1.7595;0;44.523;44.523;26.213;0.0411;1739.2;1011.7;1;0.0284;0.0284;0;0;0;0;0;0;1.7311;1.6431;0;16.949;19.626;15.827;18.328;98.384;98.384;15.805;14.062;13.132;1.7433;0.9306;0.1103;0.0589;0.8308;28.719;0.7888;0
30/04/21 11:00;39.594;-7.8111;49.767;80.669;9.3312;-90;-9.3312;623.7;124.7;499;21.94;1;0;505.7;51.799;73.526;0;0.8253;631.85;0;631.85;505.7;73.526;51.799;0.8253;0.8003;0.0833;0;0.0013;630.82;1.0224;0;0;0.3342;0.6882;617.64;9.3946;6.3319;0.9206;2.1114;0.0306;627.04;3.7849;3.0342;0.4412;0.3088;0.0008;617.8;496.33;72.164;49.045;0.1057;364.9;291.56;116.92;0.0117;4.0201;57.828;0.153;61.836;0;1;0;0;1.0131;0.9984;1;1;0.9935;0.1661;0.985;0.9874;1;0.9587;0.7753;0.994;0.994;1;0.994;0.994;0.9775;0.9468;0.128;1.8974;1.9827;0.0119;0.0006;0.1564;0.0127;0.045;0.0106;0;0;0.088;0;1.5852;0;0;0;0;0;0;0;0;0;0;0;0;0.0363;0.0089;1.7003;1.7003;0;47.397;47.397;25.457;0.0412;1701.1;999.54;1;0.0271;0.0271;0;0;0;0;0;0;1.6732;1.5852;0;17.071;19.768;15.916;18.43;98.407;98.407;15.164;13.589;12.669;1.5754;0.9197;0.1039;0.0607;0.8355;31.001;0.7819;0
30/04/21 12:00;39.253;10.977;49.481;76.882;13.118;90;13.118;674.39;111.5;562.89;23.2;0.7199;0;577.97;37.294;75.688;0;1.7598;692.72;0;692.72;577.97;75.688;37.294;1.7598;0.8344;0.0564;0;0.0025;690.82;1.8966;0;0;0.4269;1.4696;677.11;9.5663;7.1408;0.9351;1.4254;0.065;686.68;4.1449;3.4678;0.4541;0.2212;0.0017;677.49;567.37;74.299;35.221;0.2234;390.96;312.38;127.05;0.0302;4.1928;60.312;0.3775;64.475;0;1;0;0;1.0272;0.9973;1;1;0.9886;0.1649;0.9861;0.9876;1;0.9611;0.7747;0.994;0.994;1;0.994;0.994;0.9775;0.9444;0.127;2.0802;2.1677;0.013;-0.0009;0.2;0.0137;0.0485;0.0109;0;0;0.088;0;1.7155;0;0;0;0;0;0;0;0;0;0;0;0;0.0391;0.0105;1.8328;1.8328;0;51.189;51.189;27.989;0.0413;1863.1;983.73;1;0.0293;0.0293;0;0;0;0;0;0;1.8035;1.7155;0;16.784;19.435;15.71;18.191;98.401;98.401;16.625;14.647;13.71;1.9778;0.9375;0.119;0.0564;0.8246;22.552;0.7742;0
30/04/21 13:00;35.094;28.434;46.014;55.878;34.122;90;34.122;583.3;117.3;466;23.74;0.3999;0;562.91;42.629;85.35;0;10.042;700.93;0;700.93;562.91;85.35;42.629;10.042;0.8031;0.0751;0;0.0143;689.6;11.329;0;0;2.3272;9.0022;677.32;8.1502;5.8201;0.8825;1.294;0.1537;685.47;4.1376;3.3775;0.5121;0.2418;0.0062;680.07;553.72;83.955;38.766;0.88;299.63;239.4;100.19;1.0089;3.0942;44.51;2.7564;46.595;0;1;0;0;1.2017;0.9838;1;1;0.9454;0.1036;0.9881;0.9896;1;0.9677;0.8513;0.994;0.994;1;0.994;0.994;0.9663;0.9094;0.0876;2.1049;2.1421;0.0129;-0.0007;0.202;0.0135;0.0479;0.008;0;0;0.088;0;1.6929;0;0;0;0;0;0;0;0;0;0;0;0;0.0385;0.0103;1.8097;1.8097;0;51.751;51.751;28.011;0.0414;1842.6;982.13;1;0.0288;0.0288;0;0;0;0;0;0;1.7809;1.6929;0;16.378;18.966;15.321;17.741;98.407;98.407;16.822;14.463;13.529;2.3593;0.9337;0.1402;0.0555;0.8042;28.951;0.7677;0
30/04/21 14:00;27.893;43.213;40.102;37.706;52.294;90;52.294;426.69;150.5;276.19;23.69;0.1501;0;451.59;68.066;107.96;0;16.573;644.19;0;644.19;451.59;107.96;68.066;16.573;0.701;0.1314;0;0.0257;621.61;22.581;0;0;7.0332;15.547;611.94;5.9383;3.117;0.7452;2.0347;0.0413;617.88;3.7296;2.7095;0.6478;0.3662;0.0062;616.06;445.76;106.57;58.632;0.9776;167.04;133.47;53.498;7.0037;2.2969;33.04;4.1184;28.333;0;1;0;0;1.5097;0.9649;1;1;0.8967;0.0619;0.9904;0.9931;1;0.9665;0.9594;0.994;0.994;1;0.994;0.994;0.9499;0.8614;0.059;1.9345;1.9252;0.0116;0.0012;0.1626;0.0122;0.0434;0.006;0;0;0.088;0;1.5307;0;0;0;0;0;0;0;0;0;0;0;0;0.035;0.0084;1.6447;1.6447;0;48.946;48.946;25.255;0.0413;1654.1;994.27;1;0.0259;0.0259;0;0;0;0;0;0;1.6187;1.5307;0;16.196;18.754;15.074;17.455;98.424;98.424;15.461;13.144;12.234;2.3164;0.9105;0.1498;0.0589;0.7913;54.4;0.762;0
30/04/21 15:00;18.586;55.325;39.375;22.239;44.383;90;44.383;245.8;153.5;92.303;23;0.27;0;223.86;103.28;80.12;0;7.0131;414.27;0;414.27;223.86;80.12;103.28;7.0131;0.5404;0.2662;0;0.0169;399.35;14.922;0;0;8.4081;6.5144;391.88;5.0714;1.4506;0.5192;3.0697;0.0319;396.96;2.3961;1.3432;0.4807;0.5692;0.003;393.19;221.07;79.12;91.233;0.4638;77.046;61.56;26.597;6.0154;1.1155;16.046;1.3022;11.147;0;1;0;0;1.6854;0.964;1;1;0.9186;0.0711;0.9872;0.9935;1;0.9674;0.9356;0.994;0.994;1;0.994;0.994;0.946;0.8834;0.0661;1.2441;1.2181;0.0073;0.0103;0.061;0.008;0.0283;0.003;0;0;0.088;0;0.9687;0;0;0;0;0;0;0;0;0;0;0;0;0.0228;0.0036;1.0737;1.0737;0;39.075;39.075;16.075;0.041;1047.2;1025.3;1;0.0169;0.0169;0;0;0;0;0;0;1.0567;0.9687;0;16.441;19.038;14.834;17.177;98.422;98.422;9.9426;8.5807;7.7421;1.3618;0.8387;0.137;0.0844;0.7787;76.432;0.7567;0
30/04/21 16:00;7.9216;65.422;70.473;8.6993;12.82;90;12.82;69.309;66.3;3.0088;21.94;0.61;0;7.2972;64.411;2.6088;0;0.1728;74.49;0;74.49;7.2972;2.6088;64.411;0.1728;0.098;0.867;0;0.0023;73.636;0.8537;0;0;0.7095;0.1443;69.592;3.6024;0.8257;0.2952;2.4751;0.0064;73.194;0.4418;0.0438;0.0157;0.3822;0.0002;69.625;6.4277;2.2979;60.845;0.0219;38.933;31.108;11.997;0.0474;0.463;6.6601;0.0331;7.0758;0;1;0;0;1.0748;0.9885;1;1;0.989;0.1649;0.9508;0.8862;1;0.9609;0.7747;0.994;0.994;1;0.994;0.994;0.9342;0.9446;0.127;0.2237;0.2237;0.0013;0.0157;-0.0002;0.0014;0.0051;0.0012;0;0;0.088;0;0.1006;0;0;0;0;0;0;0;0;0;0;0;0;0.0041;0.0002;0.1947;0.1947;0;24.804;24.804;2.8636;0.0411;189.96;1024.7;1;0.0061;0.0061;0;0;0;0;0;0;0.1886;0.1006;0;16.578;19.197;8.5674;9.9209;96.887;96.887;1.7878;1.5557;0.804;0.232;0.7517;0.1298;0.4205;0.4497;38.913;0.4215;0
30/04/21 17:00;1.092;70.825;87.351;1.1562;1.6488;90;1.6488;0;0;0;17.7;0.9699;0;0;0;0;0;0;0;0;0;0;0;0;0;1;1;1;1;0;0;0;0;0;0;0;0;0;0;0;0;0;0;0;0;0;0;0;0;0;0;0;0;0;0;0;0;0;0;0;0;0;0;0;1;1;1;1;1;1;1;1;1;1;1;1;1;1;1;1;1;1;1;0;0;0;0;0;0;0;0;0;0.0004;0.088;0;-0.0884;0;0;0;0;0;0;0;0;0;0;0;0;0;0;0;0;0;0;0;-17.7;0;0;0;0;0.0004;0;0;0;0;0;0;0;-0.0004;-0.0884;0;0;0;0;0;0;0;0;0;-0.7063;0;0.7063;1;1;0;0;0;0
30/04/21 18:00;0;0;90;0;0;90;0;0;0;0;13.31;1.3699;0;0;0;0;0;0;0;0;0;0;0;0;0;1;1;1;1;0;0;0;0;0;0;0;0;0;0;0;0;0;0;0;0;0;0;0;0;0;0;0;0;0;0;0;0;0;0;0;0;0;0;0;1;1;1;1;1;1;1;1;1;1;1;1;1;1;1;1;1;1;1;0;0;0;0;0;0;0;0;0;0.0004;0.088;0;-0.0884;0;0;0;0;0;0;0;0;0;0;0;0;0;0;0;0;0;0;0;-13.31;0;0;0;0;0.0004;0;0;0;0;0;0;0;-0.0004;-0.0884;0;0;0;0;0;0;0;0;0;-0.7063;0;0.7063;1;1;0;0;0;0
30/04/21 19:00;0;0;90;0;0;90;0;0;0;0;11.51;1.8;0;0;0;0;0;0;0;0;0;0;0;0;0;1;1;1;1;0;0;0;0;0;0;0;0;0;0;0;0;0;0;0;0;0;0;0;0;0;0;0;0;0;0;0;0;0;0;0;0;0;0;0;1;1;1;1;1;1;1;1;1;1;1;1;1;1;1;1;1;1;1;0;0;0;0;0;0;0;0;0;0.0004;0.088;0;-0.0884;0;0;0;0;0;0;0;0;0;0;0;0;0;0;0;0;0;0;0;-11.51;0;0;0;0;0.0004;0;0;0;0;0;0;0;-0.0004;-0.0884;0;0;0;0;0;0;0;0;0;-0.7063;0;0.7063;1;1;0;0;0;0
30/04/21 20:00;0;0;90;0;0;90;0;0;0;0;10.96;2.33;0;0;0;0;0;0;0;0;0;0;0;0;0;1;1;1;1;0;0;0;0;0;0;0;0;0;0;0;0;0;0;0;0;0;0;0;0;0;0;0;0;0;0;0;0;0;0;0;0;0;0;0;1;1;1;1;1;1;1;1;1;1;1;1;1;1;1;1;1;1;1;0;0;0;0;0;0;0;0;0;0.0004;0.088;0;-0.0884;0;0;0;0;0;0;0;0;0;0;0;0;0;0;0;0;0;0;0;-10.96;0;0;0;0;0.0004;0;0;0;0;0;0;0;-0.0004;-0.0884;0;0;0;0;0;0;0;0;0;-0.7063;0;0.7063;1;1;0;0;0;0
30/04/21 21:00;0;0;90;0;0;90;0;0;0;0;10.96;2.8601;0;0;0;0;0;0;0;0;0;0;0;0;0;1;1;1;1;0;0;0;0;0;0;0;0;0;0;0;0;0;0;0;0;0;0;0;0;0;0;0;0;0;0;0;0;0;0;0;0;0;0;0;1;1;1;1;1;1;1;1;1;1;1;1;1;1;1;1;1;1;1;0;0;0;0;0;0;0;0;0;0.0004;0.088;0;-0.0884;0;0;0;0;0;0;0;0;0;0;0;0;0;0;0;0;0;0;0;-10.96;0;0;0;0;0.0004;0;0;0;0;0;0;0;-0.0004;-0.0884;0;0;0;0;0;0;0;0;0;-0.7063;0;0.7063;1;1;0;0;0;0
30/04/21 22:00;0;0;90;0;0;90;0;0;0;0;9.5899;3.2601;0;0;0;0;0;0;0;0;0;0;0;0;0;1;1;1;1;0;0;0;0;0;0;0;0;0;0;0;0;0;0;0;0;0;0;0;0;0;0;0;0;0;0;0;0;0;0;0;0;0;0;0;1;1;1;1;1;1;1;1;1;1;1;1;1;1;1;1;1;1;1;0;0;0;0;0;0;0;0;0;0.0004;0.088;0;-0.0884;0;0;0;0;0;0;0;0;0;0;0;0;0;0;0;0;0;0;0;-9.5899;0;0;0;0;0.0004;0;0;0;0;0;0;0;-0.0004;-0.0884;0;0;0;0;0;0;0;0;0;-0.7063;0;0.7063;1;1;0;0;0;0
30/04/21 23:00;0;0;90;0;0;90;0;0;0;0;8.84;3.4201;0;0;0;0;0;0;0;0;0;0;0;0;0;1;1;1;1;0;0;0;0;0;0;0;0;0;0;0;0;0;0;0;0;0;0;0;0;0;0;0;0;0;0;0;0;0;0;0;0;0;0;0;1;1;1;1;1;1;1;1;1;1;1;1;1;1;1;1;1;1;1;0;0;0;0;0;0;0;0;0;0.0004;0.088;0;-0.0884;0;0;0;0;0;0;0;0;0;0;0;0;0;0;0;0;0;0;0;-8.84;0;0;0;0;0.0004;0;0;0;0;0;0;0;-0.0004;-0.0884;0;0;0;0;0;0;0;0;0;-0.7063;0;0.7063;1;1;0;0;0;0
01/05/21 00:00;0;0;90;0;0;90;0;0;0;0;9.5599;3.5999;0;0;0;0;0;0;0;0;0;0;0;0;0;1;1;1;1;0;0;0;0;0;0;0;0;0;0;0;0;0;0;0;0;0;0;0;0;0;0;0;0;0;0;0;0;0;0;0;0;0;0;0;1;1;1;1;1;1;1;1;1;1;1;1;1;1;1;1;1;1;1;0;0;0;0;0;0;0;0;0;0.0004;0.088;0;-0.0884;0;0;0;0;0;0;0;0;0;0;0;0;0;0;0;0;0;0;0;-9.5599;0;0;0;0;0.0004;0;0;0;0;0;0;0;-0.0004;-0.0884;0;0;0;0;0;0;0;0;0;-0.7063;0;0.7063;1;1;0;0;0;0
01/05/21 01:00;0;0;90;0;0;90;0;0;0;0;8.4498;3.7;0;0;0;0;0;0;0;0;0;0;0;0;0;1;1;1;1;0;0;0;0;0;0;0;0;0;0;0;0;0;0;0;0;0;0;0;0;0;0;0;0;0;0;0;0;0;0;0;0;0;0;0;1;1;1;1;1;1;1;1;1;1;1;1;1;1;1;1;1;1;1;0;0;0;0;0;0;0;0;0;0.0004;0.088;0;-0.0884;0;0;0;0;0;0;0;0;0;0;0;0;0;0;0;0;0;0;0;-8.4498;0;0;0;0;0.0004;0;0;0;0;0;0;0;-0.0004;-0.0884;0;0;0;0;0;0;0;0;0;-0.7063;0;0.7063;1;1;0;0;0;0
01/05/21 02:00;0;0;90;0;0;90;0;0;0;0;6.5698;3.69;0;0;0;0;0;0;0;0;0;0;0;0;0;1;1;1;1;0;0;0;0;0;0;0;0;0;0;0;0;0;0;0;0;0;0;0;0;0;0;0;0;0;0;0;0;0;0;0;0;0;0;0;1;1;1;1;1;1;1;1;1;1;1;1;1;1;1;1;1;1;1;0;0;0;0;0;0;0;0;0;0.0004;0.088;0;-0.0884;0;0;0;0;0;0;0;0;0;0;0;0;0;0;0;0;0;0;0;-6.5698;0;0;0;0;0.0004;0;0;0;0;0;0;0;-0.0004;-0.0884;0;0;0;0;0;0;0;0;0;-0.7063;0;0.7063;1;1;0;0;0;0
01/05/21 03:00;0;0;90;0;0;90;0;0;0;0;7.0697;3.69;0;0;0;0;0;0;0;0;0;0;0;0;0;1;1;1;1;0;0;0;0;0;0;0;0;0;0;0;0;0;0;0;0;0;0;0;0;0;0;0;0;0;0;0;0;0;0;0;0;0;0;0;1;1;1;1;1;1;1;1;1;1;1;1;1;1;1;1;1;1;1;0;0;0;0;0;0;0;0;0;0.0004;0.088;0;-0.0884;0;0;0;0;0;0;0;0;0;0;0;0;0;0;0;0;0;0;0;-7.0697;0;0;0;0;0.0004;0;0;0;0;0;0;0;-0.0004;-0.0884;0;0;0;0;0;0;0;0;0;-0.7063;0;0.7063;1;1;0;0;0;0
01/05/21 04:00;0;0;90;0;0;90;0;0;0;0;6.5299;3.63;0;0;0;0;0;0;0;0;0;0;0;0;0;1;1;1;1;0;0;0;0;0;0;0;0;0;0;0;0;0;0;0;0;0;0;0;0;0;0;0;0;0;0;0;0;0;0;0;0;0;0;0;1;1;1;1;1;1;1;1;1;1;1;1;1;1;1;1;1;1;1;0;0;0;0;0;0;0;0;0;0.0004;0.088;0;-0.0884;0;0;0;0;0;0;0;0;0;0;0;0;0;0;0;0;0;0;0;-6.5299;0;0;0;0;0.0004;0;0;0;0;0;0;0;-0.0004;-0.0884;0;0;0;0;0;0;0;0;0;-0.7063;0;0.7063;1;1;0;0;0;0
01/05/21 05:00;0;0;90;0;0;90;0;0;0;0;5.8499;3.56;0;0;0;0;0;0;0;0;0;0;0;0;0;1;1;1;1;0;0;0;0;0;0;0;0;0;0;0;0;0;0;0;0;0;0;0;0;0;0;0;0;0;0;0;0;0;0;0;0;0;0;0;1;1;1;1;1;1;1;1;1;1;1;1;1;1;1;1;1;1;1;0;0;0;0;0;0;0;0;0;0.0004;0.088;0;-0.0884;0;0;0;0;0;0;0;0;0;0;0;0;0;0;0;0;0;0;0;-5.8499;0;0;0;0;0.0004;0;0;0;0;0;0;0;-0.0004;-0.0884;0;0;0;0;0;0;0;0;0;-0.7063;0;0.7063;1;1;0;0;0;0
01/05/21 06:00;2.1304;-69.658;84.827;2.2719;3.2452;-90;-3.2452;2.1097;2.1097;0;6.2501;4.11;0;0;2.108;0;0;0.0003;2.1083;2.1083;0;0;0;0;0;1;1;1;1;0;0;0;0;0;0;0;0;0;0;0;0;0;0;0;0;0;0;0;0;0;0;0;0;0;0;0;0;0;0;0;0;0;0;0;0;1;1;1;1;1;1;1;1;1;1;1;1;1;0;0;1;0;0;0;0;0;0;0;0;0;0;0;0.0004;0.088;0;-0.0884;0;0;0;0;0;0;0;0;0;0;0;0;0;0;0;0;0;0;0;-6.2501;0;0;0;0;0.0004;0;0;0;0;0;0;0;-0.0004;-0.0884;0;0;0;0;0;0;0;0;0;-0.7063;0;0.7063;1;1;0;0;0;0
01/05/21 07:00;9.6356;-63.559;66.05;10.736;16.123;-90;-16.123;120.7;29.202;91.502;8.2802;4.3701;0;221.92;16.992;28.787;0;0.4036;268.1;0;268.1;221.92;28.787;16.992;0.4036;0.8277;0.0649;0;0.0015;267.49;0.6115;0;0;0.2747;0.3368;248.85;18.108;15.47;2.0068;0.6164;0.0149;266.95;0.535;0.4438;0.0576;0.0334;0.0001;248.86;206;26.723;16.067;0.0517;10.89;9.0387;2.6769;0.0285;0.1211;1.7426;0.016;1.8352;0;1;0;0;2.2211;0.9977;1;1;0.9838;0.1654;0.9322;0.9301;1;0.9631;0.7764;0.998;0.998;1;0.998;0.998;0.9282;0.9456;0.1281;0.8051;0.7532;0.0045;0.0164;-0.0178;0.0053;0.0186;0.0003;0;0;0.088;0;0.6088;0;0;0;0;0;0;0;0;0;0;0;0;0.015;0.0016;0.7093;0.7093;0;18.342;18.342;10.062;0.0404;644.84;1100;1;0.0125;0.0125;0;0;0;0;0;0;0.6968;0.6088;0;16.783;19.435;14.405;16.68;98.234;98.234;6.4344;5.6688;4.8654;0.7656;0.8034;0.119;0.1249;0.7561;10.384;0.7525;0
01/05/21 08:00;20.083;-53.183;34.631;24.547;60;-90;-60;296.59;67.098;229.5;13.13;4.04;0;549.93;25.317;79.896;0;12.605;667.75;0;667.75;549.93;79.896;25.317;12.605;0.8236;0.0568;0;0.0189;652.76;14.982;0;0;3.1861;11.796;648.27;3.188;2.055;0.2986;0.7809;0.0535;651.46;1.3055;1.0999;0.1598;0.0443;0.0016;649.05;546.77;79.438;21.306;0.754;26.468;21.968;8.2566;4.2357;0.4515;6.4941;0.7778;2.7099;0;1;0;0;2.2514;0.9776;1;1;0.8742;0.0642;0.9951;0.9963;1;0.9646;0.9337;0.998;0.998;1;0.998;0.998;0.9708;0.8416;0.0598;2.0052;1.9685;0.0119;0.0007;0.1012;0.013;0.046;0.0012;0;0;0.088;0;1.632;0;0;0;0;0;0;0;0;0;0;0;0;0.0371;0.0088;1.7486;1.7486;0;39.674;39.674;26.544;0.0409;1693.6;1032.5;1;0.0286;0.0286;0;0;0;0;0;0;1.72;1.632;0;16.612;19.237;15.504;17.954;98.363;98.363;16.026;13.975;13.043;2.0507;0.9321;0.128;0.0582;0.8139;22.046;0.808;0
01/05/21 09:00;29.057;-40.676;41.525;40.446;49.554;-90;-49.554;459.9;87.001;372.9;17.47;3.62;0;574.81;30.778;76.558;0;13.732;695.88;0;695.88;574.81;76.558;30.778;13.732;0.826;0.064;0;0.0197;680.12;15.759;0;0;2.9359;12.823;672.75;6.0136;4.4612;0.5942;0.9196;0.0386;678.76;1.3602;1.1496;0.1531;0.0557;0.0018;675.98;569.2;75.81;26.867;0.8682;179.24;148.77;47.826;2.627;1.8892;27.175;3.2338;26.437;0;1;0;0;1.5131;0.9774;1;1;0.9046;0.0662;0.9911;0.9922;1;0.9669;0.9574;0.998;0.998;1;0.998;0.998;0.9668;0.8729;0.0632;2.0897;2.0933;0.0126;-0.0003;0.148;0.0135;0.048;0.005;0;0;0.088;0;1.7005;0;0;0;0;0;0;0;0;0;0;0;0;0.0386;0.0098;1.818;1.818;0;45.139;45.139;27.669;0.0411;1798.5;1010.9;1;0.0295;0.0295;0;0;0;0;0;0;1.7885;1.7005;0;16.573;19.191;15.501;17.95;98.375;98.375;16.701;14.53;13.59;2.1715;0.9394;0.13;0.0562;0.8137;23.925;0.7906;0
01/05/21 10:00;35.774;-25.461;47.099;59.178;30.822;-90;-30.822;573.01;105.4;467.61;20.84;2.9301;0;544.51;39.698;72.995;0;6.879;664.09;0;664.09;544.51;72.995;39.698;6.879;0.8199;0.0701;0;0.0104;656.19;7.8964;0;0;1.842;6.0544;646.71;8.1703;5.9976;0.804;1.2277;0.141;654.88;1.3124;1.089;0.146;0.0757;0.0016;648.63;537.43;72.045;36.553;0.682;303.25;251.69;83.628;0.6618;2.774;39.904;1.921;42.016;0;1;0;0;1.1589;0.9881;1;1;0.9536;0.1199;0.9875;0.989;1;0.9675;0.8287;0.998;0.998;1;0.998;0.998;0.9738;0.9208;0.0991;1.9943;2.0377;0.0123;0.0001;0.1613;0.013;0.0463;0.0073;0;0;0.088;0;1.6347;0;0;0;0;0;0;0;0;0;0;0;0;0.0373;0.0094;1.7508;1.7508;0;47.493;47.493;26.653;0.0412;1750.4;1000.2;1;0.0281;0.0281;0;0;0;0;0;0;1.7227;1.6347;0;16.724;19.367;15.616;18.083;98.397;98.397;15.938;13.992;13.065;1.9456;0.9275;0.1221;0.0582;0.8197;26.315;0.7844;0
01/05/21 11:00;39.297;-7.728;50.071;80.669;9.3307;-90;-9.3307;623.19;121.7;501.5;22.09;2.26;0;508.22;49.719;72.608;0;0.7009;631.25;0;631.25;508.22;72.608;49.719;0.7009;0.8051;0.0799;0;0.0011;630.34;0.9052;0;0;0.3207;0.5844;619.6;9.4835;6.4947;0.9279;2.0348;0.0261;629.08;1.2607;1.0164;0.1452;0.0988;0.0002;619.73;500.71;71.535;47.264;0.0901;364.59;302.61;98.821;0.0112;3.3962;48.853;0.1293;52.238;0;1;0;0;1.0129;0.9986;1;1;0.9935;0.1661;0.9849;0.9872;1;0.9587;0.7753;0.998;0.998;1;0.998;0.998;0.9815;0.9506;0.1285;1.8956;1.9695;0.0119;0.0007;0.157;0.0126;0.0447;0.0089;0;0;0.088;0;1.5741;0;0;0;0;0;0;0;0;0;0;0;0;0.036;0.0088;1.689;1.689;0;47.632;47.632;25.542;0.0412;1690.7;998.98;1;0.0269;0.0269;0;0;0;0;0;0;1.6621;1.5741;0;16.973;19.654;15.819;18.318;98.41;98.41;15.15;13.498;12.58;1.6517;0.9179;0.109;0.0606;0.8304;29.756;0.7849;0
01/05/21 12:00;38.95;10.952;49.776;76.773;13.227;90;13.227;306.6;274.2;32.396;22.64;1.7;0;33.278;260.2;10.792;0;0.6913;304.96;0;304.96;33.278;10.792;260.2;0.6913;0.1091;0.8555;0;0.0023;301.36;3.5978;0;0;3.0204;0.5774;290.21;10.545;0.4185;0.1357;9.9652;0.0256;300.76;0.6027;0.0666;0.0216;0.5144;0.0002;290.36;32.793;10.635;246.7;0.0881;182.21;151.24;47.877;0.2143;1.8092;26.025;0.1435;27.62;0;1;0;0;0.9947;0.9882;1;1;0.9884;0.1648;0.9649;0.9874;1;0.9612;0.7747;0.998;0.998;1;0.998;0.998;0.9516;0.9481;0.1275;0.9158;0.9294;0.0056;0.0144;0.0317;0.0061;0.0218;0.0049;0;0;0.088;0;0.7237;0;0;0;0;0;0;0;0;0;0;0;0;0.0175;0.0022;0.8251;0.8251;0;34.522;34.522;11.882;0.0409;796.19;1036.3;1;0.0134;0.0134;0;0;0;0;0;0;0.8117;0.7237;0;17.164;19.875;15.054;17.432;98.375;98.375;7.319;6.5943;5.7838;0.7247;0.8104;0.099;0.1107;0.7902;157.39;0.7428;0
01/05/21 13:00;34.806;28.318;46.289;55.691;34.309;90;34.309;172.2;168.8;3.3977;22.63;1.2799;0;4.1134;153.43;0.9045;0;2.5467;161;0;161;4.1134;0.9045;153.43;2.5467;0.0255;0.9688;0;0.0158;150.26;10.733;0;0;8.4483;2.285;145.2;4.7642;0.0434;0.0095;4.6729;0.0384;149.96;0.3005;0.0082;0.0018;0.29;0.0005;146.04;4.0618;0.8931;140.02;0.2228;106.44;88.343;29.685;3.6916;1.177;16.93;0.8439;14.416;0;1;0;0;0.935;0.9333;1;1;0.9449;0.1028;0.9682;0.9894;1;0.9677;0.8529;0.998;0.998;1;0.998;0.998;0.9019;0.9126;0.0875;0.4835;0.4756;0.0029;0.0181;0.0062;0.0031;0.0111;0.0032;0;0;0.088;0;0.325;0;0;0;0;0;0;0;0;0;0;0;0;0.009;0.0007;0.4213;0.4213;0;28.579;28.579;5.949;0.041;405.63;1038.6;1;0.0083;0.0083;0;0;0;0;0;0;0.413;0.325;0;16.6;19.222;12.805;14.828;98.028;98.028;3.8639;3.367;2.5973;0.497;0.7697;0.1286;0.1992;0.6722;104.35;0.6231;0
01/05/21 14:00;27.629;43.042;40.354;37.484;52.516;90;52.516;273.5;223.8;49.706;23.23;0.91;0;81.68;165.65;29.308;0;9.1005;285.74;0;285.74;81.68;29.308;165.65;9.1005;0.2859;0.6116;0;0.0318;259.98;25.76;0;0;17.222;8.5387;253.68;5.7825;0.5781;0.2074;4.9742;0.0228;259.46;0.52;0.1634;0.0586;0.2969;0.0011;256.92;80.938;29.042;143.16;0.5379;154.7;128.4;45.738;17.29;2.3172;33.332;3.2405;18.359;0;1;0;0;1.0447;0.9098;1;1;0.896;0.0617;0.9777;0.9929;1;0.9664;0.9594;0.998;0.998;1;0.998;0.998;0.8878;0.8642;0.0591;0.8581;0.8441;0.0051;0.0154;0.0261;0.0056;0.0198;0.0063;0;0;0.088;0;0.6476;0;0;0;0;0;0;0;0;0;0;0;0;0.0159;0.0019;0.748;0.748;0;33.619;33.619;10.389;0.041;721.71;1036.4;1;0.0123;0.0123;0;0;0;0;0;0;0.7356;0.6476;0;16.606;19.229;14.378;16.649;98.35;98.35;6.8577;5.9778;5.1758;0.88;0.8019;0.1283;0.1169;0.7547;132.7;0.6941;0
01/05/21 15:00;18.348;55.126;40.23;22.011;43.351;90;43.351;168.51;150.8;17.706;23.25;0.44;0;42.942;124.78;15.295;0;3.9079;186.93;0;186.93;42.942;15.295;124.78;3.9079;0.2297;0.6885;0;0.0209;173.49;13.438;0;0;9.8158;3.6225;168.99;4.1553;0.3008;0.1071;3.7273;0.02;173.14;0.347;0.0859;0.0306;0.2299;0.0006;170.24;42.555;15.157;111.01;0.2648;91.611;76.037;26.524;6.7017;1.1787;16.956;1.2539;11.433;0;1;0;0;1.1093;0.9281;1;1;0.9213;0.073;0.976;0.993;1;0.9675;0.9297;0.998;0.998;1;0.998;0.998;0.904;0.8896;0.0678;0.5613;0.5485;0.0033;0.0179;0.0103;0.0036;0.0128;0.0032;0;0;0.088;0;0.3891;0;0;0;0;0;0;0;0;0;0;0;0;0.0103;0.0009;0.4861;0.4861;0;30.174;30.174;6.9234;0.041;468.31;1038;1;0.009;0.009;0;0;0;0;0;0;0.4771;0.3891;0;16.497;19.103;13.205;15.291;98.151;98.151;4.4862;3.8849;3.1098;0.6013;0.7751;0.134;0.1728;0.6932;91.493;0.6491;0
01/05/21 16:00;7.7056;65.207;71.023;8.4771;12.471;90;12.471;33.092;32.601;0.4903;20.98;0.4601;0;1.1892;32.129;0.215;0;0.0664;33.6;0;33.6;1.1892;0.215;32.129;0.0664;0.0354;0.9582;0;0.002;33.206;0.3932;0;0;0.3378;0.0554;31.721;1.4188;0.1431;0.0259;1.2473;0.0025;33.14;0.0664;0.0024;0.0004;0.0636;0;31.734;1.0437;0.1887;30.48;0.0085;19.392;16.096;5.0503;0.0214;0.1954;2.8105;0.013;2.9846;0;1;0;0;1.0154;0.9883;1;1;0.9895;0.165;0.9572;0.8794;1;0.9607;0.7746;0.998;0.998;1;0.998;0.998;0.9441;0.9487;0.1276;0.1009;0.1015;0.0006;0.0113;-0.001;0.0006;0.0022;0.0005;0;0;0.088;0;-0.0067;0;0;0;0;0;0;0;0;0;0;0;0;0.0018;0.0001;0.0853;0.0853;0;22.295;22.295;1.3152;0.0415;85.193;1001.4;1;0.004;0.004;0;0;0;0;0;0;0.0813;-0.0067;0;16.108;18.652;-1.2669;-1.467;95.282;95.282;0.8064;0.6818;-0.0536;0.1245;0.7355;0.1545;0.912;0;19.39;0;0
01/05/21 17:00;1.0793;70.456;87.382;1.1453;1.6333;90;1.6333;0;0;0;17.77;0.99;0;0;0;0;0;0;0;0;0;0;0;0;0;1;1;1;1;0;0;0;0;0;0;0;0;0;0;0;0;0;0;0;0;0;0;0;0;0;0;0;0;0;0;0;0;0;0;0;0;0;0;0;1;1;1;1;1;1;1;1;1;1;1;1;1;1;1;1;1;1;1;0;0;0;0;0;0;0;0;0;0.0004;0.088;0;-0.0884;0;0;0;0;0;0;0;0;0;0;0;0;0;0;0;0;0;0;0;-17.77;0;0;0;0;0.0004;0;0;0;0;0;0;0;-0.0004;-0.0884;0;0;0;0;0;0;0;0;0;-0.7063;0;0.7063;1;1;0;0;0;0
01/05/21 18:00;0;0;90;0;0;90;0;0;0;0;14.84;1.46;0;0;0;0;0;0;0;0;0;0;0;0;0;1;1;1;1;0;0;0;0;0;0;0;0;0;0;0;0;0;0;0;0;0;0;0;0;0;0;0;0;0;0;0;0;0;0;0;0;0;0;0;1;1;1;1;1;1;1;1;1;1;1;1;1;1;1;1;1;1;1;0;0;0;0;0;0;0;0;0;0.0004;0.088;0;-0.0884;0;0;0;0;0;0;0;0;0;0;0;0;0;0;0;0;0;0;0;-14.84;0;0;0;0;0.0004;0;0;0;0;0;0;0;-0.0004;-0.0884;0;0;0;0;0;0;0;0;0;-0.7063;0;0.7063;1;1;0;0;0;0
01/05/21 19:00;0;0;90;0;0;90;0;0;0;0;14.57;1.88;0;0;0;0;0;0;0;0;0;0;0;0;0;1;1;1;1;0;0;0;0;0;0;0;0;0;0;0;0;0;0;0;0;0;0;0;0;0;0;0;0;0;0;0;0;0;0;0;0;0;0;0;1;1;1;1;1;1;1;1;1;1;1;1;1;1;1;1;1;1;1;0;0;0;0;0;0;0;0;0;0.0004;0.088;0;-0.0884;0;0;0;0;0;0;0;0;0;0;0;0;0;0;0;0;0;0;0;-14.57;0;0;0;0;0.0004;0;0;0;0;0;0;0;-0.0004;-0.0884;0;0;0;0;0;0;0;0;0;-0.7063;0;0.7063;1;1;0;0;0;0
01/05/21 20:00;0;0;90;0;0;90;0;0;0;0;13.27;2.27;0;0;0;0;0;0;0;0;0;0;0;0;0;1;1;1;1;0;0;0;0;0;0;0;0;0;0;0;0;0;0;0;0;0;0;0;0;0;0;0;0;0;0;0;0;0;0;0;0;0;0;0;1;1;1;1;1;1;1;1;1;1;1;1;1;1;1;1;1;1;1;0;0;0;0;0;0;0;0;0;0.0004;0.088;0;-0.0884;0;0;0;0;0;0;0;0;0;0;0;0;0;0;0;0;0;0;0;-13.27;0;0;0;0;0.0004;0;0;0;0;0;0;0;-0.0004;-0.0884;0;0;0;0;0;0;0;0;0;-0.7063;0;0.7063;1;1;0;0;0;0
01/05/21 21:00;0;0;90;0;0;90;0;0;0;0;12.57;2.6101;0;0;0;0;0;0;0;0;0;0;0;0;0;1;1;1;1;0;0;0;0;0;0;0;0;0;0;0;0;0;0;0;0;0;0;0;0;0;0;0;0;0;0;0;0;0;0;0;0;0;0;0;1;1;1;1;1;1;1;1;1;1;1;1;1;1;1;1;1;1;1;0;0;0;0;0;0;0;0;0;0.0004;0.088;0;-0.0884;0;0;0;0;0;0;0;0;0;0;0;0;0;0;0;0;0;0;0;-12.57;0;0;0;0;0.0004;0;0;0;0;0;0;0;-0.0004;-0.0884;0;0;0;0;0;0;0;0;0;-0.7063;0;0.7063;1;1;0;0;0;0
01/05/21 22:00;0;0;90;0;0;90;0;0;0;0;11.9;2.84;0;0;0;0;0;0;0;0;0;0;0;0;0;1;1;1;1;0;0;0;0;0;0;0;0;0;0;0;0;0;0;0;0;0;0;0;0;0;0;0;0;0;0;0;0;0;0;0;0;0;0;0;1;1;1;1;1;1;1;1;1;1;1;1;1;1;1;1;1;1;1;0;0;0;0;0;0;0;0;0;0.0004;0.088;0;-0.0884;0;0;0;0;0;0;0;0;0;0;0;0;0;0;0;0;0;0;0;-11.9;0;0;0;0;0.0004;0;0;0;0;0;0;0;-0.0004;-0.0884;0;0;0;0;0;0;0;0;0;-0.7063;0;0.7063;1;1;0;0;0;0
01/05/21 23:00;0;0;90;0;0;90;0;0;0;0;11.48;2.98;0;0;0;0;0;0;0;0;0;0;0;0;0;1;1;1;1;0;0;0;0;0;0;0;0;0;0;0;0;0;0;0;0;0;0;0;0;0;0;0;0;0;0;0;0;0;0;0;0;0;0;0;1;1;1;1;1;1;1;1;1;1;1;1;1;1;1;1;1;1;1;0;0;0;0;0;0;0;0;0;0.0004;0.088;0;-0.0884;0;0;0;0;0;0;0;0;0;0;0;0;0;0;0;0;0;0;0;-11.48;0;0;0;0;0.0004;0;0;0;0;0;0;0;-0.0004;-0.0884;0;0;0;0;0;0;0;0;0;-0.7063;0;0.7063;1;1;0;0;0;0
02/05/21 00:00;0;0;90;0;0;90;0;0;0;0;10.28;3.08;0;0;0;0;0;0;0;0;0;0;0;0;0;1;1;1;1;0;0;0;0;0;0;0;0;0;0;0;0;0;0;0;0;0;0;0;0;0;0;0;0;0;0;0;0;0;0;0;0;0;0;0;1;1;1;1;1;1;1;1;1;1;1;1;1;1;1;1;1;1;1;0;0;0;0;0;0;0;0;0;0.0004;0.088;0;-0.0884;0;0;0;0;0;0;0;0;0;0;0;0;0;0;0;0;0;0;0;-10.28;0;0;0;0;0.0004;0;0;0;0;0;0;0;-0.0004;-0.0884;0;0;0;0;0;0;0;0;0;-0.7063;0;0.7063;1;1;0;0;0;0
02/05/21 01:00;0;0;90;0;0;90;0;0;0;0;10.75;3.2601;0;0;0;0;0;0;0;0;0;0;0;0;0;1;1;1;1;0;0;0;0;0;0;0;0;0;0;0;0;0;0;0;0;0;0;0;0;0;0;0;0;0;0;0;0;0;0;0;0;0;0;0;1;1;1;1;1;1;1;1;1;1;1;1;1;1;1;1;1;1;1;0;0;0;0;0;0;0;0;0;0.0004;0.088;0;-0.0884;0;0;0;0;0;0;0;0;0;0;0;0;0;0;0;0;0;0;0;-10.75;0;0;0;0;0.0004;0;0;0;0;0;0;0;-0.0004;-0.0884;0;0;0;0;0;0;0;0;0;-0.7063;0;0.7063;1;1;0;0;0;0
02/05/21 02:00;0;0;90;0;0;90;0;0;0;0;10.92;3.5199;0;0;0;0;0;0;0;0;0;0;0;0;0;1;1;1;1;0;0;0;0;0;0;0;0;0;0;0;0;0;0;0;0;0;0;0;0;0;0;0;0;0;0;0;0;0;0;0;0;0;0;0;1;1;1;1;1;1;1;1;1;1;1;1;1;1;1;1;1;1;1;0;0;0;0;0;0;0;0;0;0.0004;0.088;0;-0.0884;0;0;0;0;0;0;0;0;0;0;0;0;0;0;0;0;0;0;0;-10.92;0;0;0;0;0.0004;0;0;0;0;0;0;0;-0.0004;-0.0884;0;0;0;0;0;0;0;0;0;-0.7063;0;0.7063;1;1;0;0;0;0
02/05/21 03:00;0;0;90;0;0;90;0;0;0;0;9.9402;3.5999;0;0;0;0;0;0;0;0;0;0;0;0;0;1;1;1;1;0;0;0;0;0;0;0;0;0;0;0;0;0;0;0;0;0;0;0;0;0;0;0;0;0;0;0;0;0;0;0;0;0;0;0;1;1;1;1;1;1;1;1;1;1;1;1;1;1;1;1;1;1;1;0;0;0;0;0;0;0;0;0;0.0004;0.088;0;-0.0884;0;0;0;0;0;0;0;0;0;0;0;0;0;0;0;0;0;0;0;-9.9402;0;0;0;0;0.0004;0;0;0;0;0;0;0;-0.0004;-0.0884;0;0;0;0;0;0;0;0;0;-0.7063;0;0.7063;1;1;0;0;0;0
02/05/21 04:00;0;0;90;0;0;90;0;0;0;0;8.3999;3.5999;0;0;0;0;0;0;0;0;0;0;0;0;0;1;1;1;1;0;0;0;0;0;0;0;0;0;0;0;0;0;0;0;0;0;0;0;0;0;0;0;0;0;0;0;0;0;0;0;0;0;0;0;1;1;1;1;1;1;1;1;1;1;1;1;1;1;1;1;1;1;1;0;0;0;0;0;0;0;0;0;0.0004;0.088;0;-0.0884;0;0;0;0;0;0;0;0;0;0;0;0;0;0;0;0;0;0;0;-8.3999;0;0;0;0;0.0004;0;0;0;0;0;0;0;-0.0004;-0.0884;0;0;0;0;0;0;0;0;0;-0.7063;0;0.7063;1;1;0;0;0;0
02/05/21 05:00;0;0;90;0;0;90;0;0;0;0;9.1598;3.63;0;0;0;0;0;0;0;0;0;0;0;0;0;1;1;1;1;0;0;0;0;0;0;0;0;0;0;0;0;0;0;0;0;0;0;0;0;0;0;0;0;0;0;0;0;0;0;0;0;0;0;0;1;1;1;1;1;1;1;1;1;1;1;1;1;1;1;1;1;1;1;0;0;0;0;0;0;0;0;0;0.0004;0.088;0;-0.0884;0;0;0;0;0;0;0;0;0;0;0;0;0;0;0;0;0;0;0;-9.1598;0;0;0;0;0.0004;0;0;0;0;0;0;0;-0.0004;-0.0884;0;0;0;0;0;0;0;0;0;-0.7063;0;0.7063;1;1;0;0;0;0
02/05/21 06:00;1.9711;-69.404;85.215;2.1056;3.0066;-90;-3.0066;0;0;0;9.4702;3.9801;0;0;0;0;0;0;0;0;0;0;0;0;0;1;1;1;1;0;0;0;0;0;0;0;0;0;0;0;0;0;0;0;0;0;0;0;0;0;0;0;0;0;0;0;0;0;0;0;0;0;0;0;1;1;1;1;1;1;1;1;1;1;1;1;1;1;1;1;1;1;1;0;0;0;0;0;0;0;0;0;0.0004;0.088;0;-0.0884;0;0;0;0;0;0;0;0;0;0;0;0;0;0;0;0;0;0;0;-9.4702;0;0;0;0;0.0004;0;0;0;0;0;0;0;-0.0004;-0.0884;0;0;0;0;0;0;0;0;0;-0.7063;0;0.7063;1;1;0;0;0;0
02/05/21 07:00;9.4621;-63.312;66.503;10.566;15.84;-90;-15.84;128.6;22.197;106.4;10.65;4.34;0;258.05;11.292;25.919;0;0.4151;295.67;0;295.67;258.05;25.919;11.292;0.4151;0.8727;0.0396;0;0.0014;295.15;0.5235;0;0;0.1772;0.3463;273.32;21.24;18.913;1.8997;0.4119;0.0153;294.56;0.5903;0.5161;0.0518;0.0222;0.0001;273.33;238.62;23.968;10.68;0.0532;7.4665;6.1972;2.0428;0.0178;0.0695;0.9991;0.0084;1.0508;0;1;0;0;2.2992;0.9982;1;1;0.9843;0.1655;0.9279;0.9266;1;0.9629;0.7762;0.998;0.998;1;0.998;0.998;0.9244;0.9459;0.1282;0.8879;0.8253;0.005;0.0156;-0.0096;0.0057;0.0202;0.0002;0;0;0.088;0;0.6688;0;0;0;0;0;0;0;0;0;0;0;0;0.0163;0.0018;0.7701;0.7701;0;21.725;21.725;11.075;0.0405;706.95;1089.3;1;0.0133;0.0133;0;0;0;0;0;0;0.7568;0.6688;0;16.523;19.133;14.35;16.617;98.276;98.276;7.0962;6.1547;5.3453;0.9414;0.8094;0.1327;0.1141;0.7533;6.8928;0.7514;0
02/05/21 08:00;19.883;-52.946;34.916;24.378;60;-90;-60;247.5;108.4;139.1;15.2;4.3099;0;335.39;56.563;79.523;0;10.519;482;0;482;335.39;79.523;56.563;10.519;0.6958;0.1392;0;0.0218;465.03;16.962;0;0;7.1184;9.8437;460.69;3.4089;1.3091;0.3104;1.7447;0.0447;464.1;0.9301;0.6708;0.159;0.0989;0.0014;462.18;333.41;79.054;47.601;0.6292;51.102;42.415;15.845;9.459;0.9612;13.826;1.4845;5.3284;0;1;0;0;1.9474;0.9648;1;1;0.8742;0.0642;0.9927;0.9961;1;0.9646;0.9337;0.998;0.998;1;0.998;0.998;0.9558;0.8416;0.0598;1.4474;1.4212;0.0086;0.0074;0.0452;0.0095;0.0338;0.0026;0;0;0.088;0;1.1737;0;0;0;0;0;0;0;0;0;0;0;0;0.0272;0.0048;1.2821;1.2821;0;34;34;18.8;0.0408;1221.4;1049.7;1;0.0204;0.0204;0;0;0;0;0;0;1.2617;1.1737;0;16.874;19.54;15.447;17.888;98.407;98.407;11.568;10.247;9.3802;1.3211;0.8666;0.1142;0.0749;0.8109;49.255;0.7938;0
02/05/21 09:00;28.824;-40.462;41.803;40.298;49.702;-90;-49.702;317.11;197.9;119.2;19.95;4.5301;0;184.31;132.98;56.28;0;9.5213;383.09;0;383.09;184.31;56.28;132.98;9.5213;0.4811;0.372;0;0.0249;361.46;21.632;0;0;12.74;8.8927;354.83;5.9068;1.4604;0.4459;3.974;0.0265;360.73;0.7229;0.3686;0.1126;0.2405;0.0013;357.79;182.48;55.722;116.02;0.6009;160.41;133.14;45.694;11.456;2.0947;30.131;2.9616;20.769;0;1;0;0;1.2081;0.9435;1;1;0.9042;0.066;0.9836;0.9921;1;0.9669;0.9578;0.998;0.998;1;0.998;0.998;0.9262;0.8725;0.0631;1.1504;1.1411;0.0069;0.0114;0.0384;0.0076;0.0269;0.0057;0;0;0.088;0;0.9149;0;0;0;0;0;0;0;0;0;0;0;0;0.0217;0.0032;1.0193;1.0193;0;34.457;34.457;14.507;0.0409;978.52;1041.7;1;0.0164;0.0164;0;0;0;0;0;0;1.0029;0.9149;0;16.879;19.545;15.15;17.544;98.395;98.395;9.1941;8.1461;7.3121;1.048;0.8341;0.114;0.0907;0.7953;103.52;0.7511;0
02/05/21 10:00;35.506;-25.296;47.392;59.082;30.918;-90;-30.918;580.61;100.4;480.21;21.44;4.6199;0;559.75;35.9;71.98;0;7.0127;674.64;0;674.64;559.75;71.98;35.9;7.0127;0.8297;0.0636;0;0.0104;666.79;7.849;0;0;1.6741;6.1749;657.14;8.3184;6.2609;0.8051;1.1097;0.1427;665.46;1.3336;1.1195;0.144;0.0685;0.0017;659.1;552.37;71.031;33.048;0.6934;306.58;254.46;84.562;0.6051;2.7994;40.269;1.9577;42.463;0;1;0;0;1.162;0.9884;1;1;0.9534;0.1195;0.9875;0.9888;1;0.9675;0.8293;0.998;0.998;1;0.998;0.998;0.9741;0.9206;0.0989;2.0259;2.07;0.0125;-0.0001;0.1716;0.0132;0.0468;0.0073;0;0;0.088;0;1.6551;0;0;0;0;0;0;0;0;0;0;0;0;0.0377;0.0096;1.7714;1.7714;0;48.546;48.546;27.106;0.0412;1779;995.74;1;0.0284;0.0284;0;0;0;0;0;0;1.7431;1.6551;0;16.657;19.288;15.562;18.021;98.399;98.399;16.191;14.157;13.227;2.0342;0.93;0.1256;0.0574;0.8169;23.814;0.782;0
02/05/21 11:00;39.004;-7.6492;50.371;80.667;9.3331;-90;-9.3331;635.21;113.1;522.1;22.54;4.44;0;529.11;43.02;70.733;0;0.7147;643.58;0;643.58;529.11;70.733;43.02;0.7147;0.8221;0.068;0;0.0011;642.7;0.8737;0;0;0.2776;0.596;631.77;9.6414;6.928;0.9262;1.7606;0.0266;641.42;1.2854;1.0582;0.1415;0.0855;0.0002;631.91;521.12;69.665;40.897;0.0919;371.53;308.37;100.76;0.0097;3.457;49.728;0.1321;53.175;0;1;0;0;1.0132;0.9986;1;1;0.9935;0.1661;0.985;0.9869;1;0.9587;0.7753;0.998;0.998;1;0.998;0.998;0.9817;0.9506;0.1285;1.9327;2.0081;0.0121;0.0004;0.167;0.0128;0.0454;0.0091;0;0;0.088;0;1.6004;0;0;0;0;0;0;0;0;0;0;0;0;0.0366;0.0091;1.7157;1.7157;0;48.604;48.604;26.064;0.0413;1724.4;994.95;1;0.0273;0.0273;0;0;0;0;0;0;1.6884;1.6004;0;16.911;19.583;15.775;18.267;98.409;98.409;15.446;13.712;12.791;1.7339;0.9214;0.1123;0.0597;0.8281;25.747;0.7828;0
02/05/21 12:00;38.651;10.925;50.068;76.668;13.332;90;13.332;631.01;119.1;511.9;23.01;4.0799;0;526.08;45.86;74.628;0;1.4455;648.02;0;648.02;526.08;74.628;45.86;1.4455;0.8118;0.073;0;0.0022;646.27;1.7468;0;0;0.5395;1.2073;635.49;9.4815;6.7215;0.9535;1.753;0.0536;644.98;1.2925;1.0522;0.1493;0.0906;0.0005;635.8;518.31;73.525;43.477;0.1842;365.8;303.61;100.45;0.0392;3.3247;47.825;0.3102;51.11;0;1;0;0;1.027;0.9973;1;1;0.9882;0.1648;0.9853;0.9872;1;0.9612;0.7747;0.998;0.998;1;0.998;0.998;0.9807;0.948;0.1274;1.946;2.0158;0.0121;0.0003;0.1722;0.0128;0.0455;0.0087;0;0;0.088;0;1.6031;0;0;0;0;0;0;0;0;0;0;0;0;0.0366;0.0092;1.7184;1.7184;0;49.241;49.241;26.231;0.0413;1731.6;992.35;1;0.0273;0.0273;0;0;0;0;0;0;1.6911;1.6031;0;16.822;19.479;15.693;18.172;98.412;98.412;15.552;13.733;12.812;1.819;0.9214;0.117;0.0592;0.8238;27.75;0.7807;0
02/05/21 13:00;34.521;28.203;46.56;55.508;34.492;90;34.492;381.8;262.5;119.3;23.93;3.7499;0;144.75;201.93;49.877;0;5.7053;402.26;0;402.26;144.75;49.877;201.93;5.7053;0.3598;0.5162;0;0.0142;385.93;16.336;0;0;11.212;5.1233;376.84;8.313;1.5488;0.5337;6.146;0.0846;385.16;0.7719;0.2895;0.0998;0.3814;0.0012;378.62;142.91;49.243;184.19;0.4962;218.09;181.01;60.687;4.9488;2.2504;32.371;1.7743;29.673;0;1;0;0;1.0536;0.9594;1;1;0.9445;0.102;0.9784;0.9893;1;0.9677;0.8544;0.998;0.998;1;0.998;0.998;0.9368;0.9122;0.087;1.208;1.2086;0.0073;0.0105;0.062;0.0079;0.028;0.006;0;0;0.088;0;0.956;0;0;0;0;0;0;0;0;0;0;0;0;0.0226;0.0036;1.0607;1.0607;0;39.396;39.396;15.466;0.041;1037.6;1022.3;1;0.0167;0.0167;0;0;0;0;0;0;1.044;0.956;0;16.728;19.37;15.077;17.458;98.425;98.425;9.6543;8.4775;7.6407;1.1768;0.8368;0.1219;0.0867;0.7914;137.53;0.7465;0
02/05/21 14:00;27.37;42.873;40.604;37.267;52.733;90;52.733;183.29;176.1;7.1963;23.69;3.45;0;11.884;139.72;3.3864;0;6.1459;161.13;0;161.13;11.884;3.3864;139.72;6.1459;0.0738;0.9052;0;0.0381;140.75;20.38;0;0;14.613;5.7672;136.15;4.3233;0.0858;0.0245;4.1976;0.0154;140.47;0.2815;0.0238;0.0068;0.2502;0.0008;138.59;11.775;3.3552;120.66;0.3626;115.16;95.583;34.615;14.796;1.8132;26.082;2.4447;13.1;0;1;0;0;0.8791;0.8735;1;1;0.8954;0.0616;0.9692;0.9928;1;0.9664;0.9593;0.998;0.998;1;0.998;0.998;0.8449;0.8636;0.059;0.4839;0.4724;0.0028;0.0181;0.0073;0.0031;0.011;0.0049;0;0;0.088;0;0.3193;0;0;0;0;0;0;0;0;0;0;0;0;0.0089;0.0007;0.4155;0.4155;0;29.275;29.275;5.585;0.041;402.12;1033.4;1;0.0082;0.0082;0;0;0;0;0;0;0.4073;0.3193;0;16.359;18.943;12.572;14.558;98.028;98.028;3.8672;3.3209;2.5522;0.5463;0.7688;0.1413;0.1988;0.6599;112.18;0.5886;0
02/05/21 15:00;18.115;54.928;41.056;21.787;42.392;90;42.392;216.89;157.6;59.295;22.87;2.3099;0;143.81;117.56;54.224;0;4.8201;320.41;0;320.41;143.81;54.224;117.56;4.8201;0.4488;0.3819;0;0.015;307;13.409;0;0;8.9501;4.4589;301.36;5.0261;1.0767;0.406;3.5159;0.0275;306.39;0.614;0.2876;0.1084;0.2172;0.0007;302.47;142.44;53.71;104.88;0.3331;85.873;71.275;24.834;5.8466;1.0785;15.514;1.1077;10.746;0;1;0;0;1.4773;0.9582;1;1;0.9239;0.0749;0.9836;0.9925;1;0.9676;0.9238;0.998;0.998;1;0.998;0.998;0.9405;0.8921;0.0691;0.9622;0.9437;0.0057;0.0142;0.0345;0.0062;0.0221;0.0029;0;0;0.088;0;0.7365;0;0;0;0;0;0;0;0;0;0;0;0;0.0178;0.0023;0.838;0.838;0;35.212;35.212;12.343;0.041;809.66;1035;1;0.0136;0.0136;0;0;0;0;0;0;0.8245;0.7365;0;16.592;19.213;14.581;16.884;98.381;98.381;7.6899;6.6975;5.8858;0.9923;0.8117;0.129;0.1056;0.7654;85.473;0.7386;0
02/05/21 16:00;7.494;64.993;71.56;8.259;12.13;90;12.13;71.008;66.899;4.1097;22.56;2.5401;0;9.9672;64.601;3.8032;0;0.1347;78.506;0;78.506;9.9672;3.8032;64.601;0.1347;0.127;0.8246;0;0.0017;77.746;0.7608;0;0;0.6483;0.1125;73.308;4.2822;1.2696;0.4845;2.5232;0.005;77.59;0.1555;0.0199;0.0076;0.1279;0;73.332;8.6777;3.3112;61.302;0.0172;38.974;32.349;10.148;0.0388;0.3925;5.6462;0.0243;5.9999;0;1;0;0;1.1056;0.9903;1;1;0.99;0.1651;0.9448;0.8724;1;0.9605;0.7746;0.998;0.998;1;0.998;0.998;0.9338;0.9489;0.1276;0.2358;0.2328;0.0014;0.0159;0.0005;0.0015;0.0053;0.001;0;0;0.088;0;0.1084;0;0;0;0;0;0;0;0;0;0;0;0;0.0043;0.0002;0.2025;0.2025;0;25.577;25.577;3.0168;0.0412;197.83;1023.7;1;0.0061;0.0061;0;0;0;0;0;0;0.1964;0.1084;0;16.365;18.951;8.7611;10.145;96.985;96.985;1.8842;1.6186;0.8665;0.2655;0.7521;0.1409;0.3992;0.4599;38.947;0.4364;0
02/05/21 17:00;0.878;70.234;87.87;0.9329;1.3302;90;1.3302;0;0;0;18.71;2.84;0;0;0;0;0;0;0;0;0;0;0;0;0;1;1;1;1;0;0;0;0;0;0;0;0;0;0;0;0;0;0;0;0;0;0;0;0;0;0;0;0;0;0;0;0;0;0;0;0;0;0;0;1;1;1;1;1;1;1;1;1;1;1;1;1;1;1;1;1;1;1;0;0;0;0;0;0;0;0;0;0.0004;0.088;0;-0.0884;0;0;0;0;0;0;0;0;0;0;0;0;0;0;0;0;0;0;0;-18.71;0;0;0;0;0.0004;0;0;0;0;0;0;0;-0.0004;-0.0884;0;0;0;0;0;0;0;0;0;-0.7063;0;0.7063;1;1;0;0;0;0
02/05/21 18:00;0;0;90;0;0;90;0;0;0;0;17.36;3.14;0;0;0;0;0;0;0;0;0;0;0;0;0;1;1;1;1;0;0;0;0;0;0;0;0;0;0;0;0;0;0;0;0;0;0;0;0;0;0;0;0;0;0;0;0;0;0;0;0;0;0;0;1;1;1;1;1;1;1;1;1;1;1;1;1;1;1;1;1;1;1;0;0;0;0;0;0;0;0;0;0.0004;0.088;0;-0.0884;0;0;0;0;0;0;0;0;0;0;0;0;0;0;0;0;0;0;0;-17.36;0;0;0;0;0.0004;0;0;0;0;0;0;0;-0.0004;-0.0884;0;0;0;0;0;0;0;0;0;-0.7063;0;0.7063;1;1;0;0;0;0
02/05/21 19:00;0;0;90;0;0;90;0;0;0;0;16.15;3.5899;0;0;0;0;0;0;0;0;0;0;0;0;0;1;1;1;1;0;0;0;0;0;0;0;0;0;0;0;0;0;0;0;0;0;0;0;0;0;0;0;0;0;0;0;0;0;0;0;0;0;0;0;1;1;1;1;1;1;1;1;1;1;1;1;1;1;1;1;1;1;1;0;0;0;0;0;0;0;0;0;0.0004;0.088;0;-0.0884;0;0;0;0;0;0;0;0;0;0;0;0;0;0;0;0;0;0;0;-16.15;0;0;0;0;0.0004;0;0;0;0;0;0;0;-0.0004;-0.0884;0;0;0;0;0;0;0;0;0;-0.7063;0;0.7063;1;1;0;0;0;0
02/05/21 20:00;0;0;90;0;0;90;0;0;0;0;15.48;3.9099;0;0;0;0;0;0;0;0;0;0;0;0;0;1;1;1;1;0;0;0;0;0;0;0;0;0;0;0;0;0;0;0;0;0;0;0;0;0;0;0;0;0;0;0;0;0;0;0;0;0;0;0;1;1;1;1;1;1;1;1;1;1;1;1;1;1;1;1;1;1;1;0;0;0;0;0;0;0;0;0;0.0004;0.088;0;-0.0884;0;0;0;0;0;0;0;0;0;0;0;0;0;0;0;0;0;0;0;-15.48;0;0;0;0;0.0004;0;0;0;0;0;0;0;-0.0004;-0.0884;0;0;0;0;0;0;0;0;0;-0.7063;0;0.7063;1;1;0;0;0;0
02/05/21 21:00;0;0;90;0;0;90;0;0;0;0;15.49;3.9199;0;0;0;0;0;0;0;0;0;0;0;0;0;1;1;1;1;0;0;0;0;0;0;0;0;0;0;0;0;0;0;0;0;0;0;0;0;0;0;0;0;0;0;0;0;0;0;0;0;0;0;0;1;1;1;1;1;1;1;1;1;1;1;1;1;1;1;1;1;1;1;0;0;0;0;0;0;0;0;0;0.0004;0.088;0;-0.0884;0;0;0;0;0;0;0;0;0;0;0;0;0;0;0;0;0;0;0;-15.49;0;0;0;0;0.0004;0;0;0;0;0;0;0;-0.0004;-0.0884;0;0;0;0;0;0;0;0;0;-0.7063;0;0.7063;1;1;0;0;0;0
02/05/21 22:00;0;0;90;0;0;90;0;0;0;0;14.3;3.72;0;0;0;0;0;0;0;0;0;0;0;0;0;1;1;1;1;0;0;0;0;0;0;0;0;0;0;0;0;0;0;0;0;0;0;0;0;0;0;0;0;0;0;0;0;0;0;0;0;0;0;0;1;1;1;1;1;1;1;1;1;1;1;1;1;1;1;1;1;1;1;0;0;0;0;0;0;0;0;0;0.0004;0.088;0;-0.0884;0;0;0;0;0;0;0;0;0;0;0;0;0;0;0;0;0;0;0;-14.3;0;0;0;0;0.0004;0;0;0;0;0;0;0;-0.0004;-0.0884;0;0;0;0;0;0;0;0;0;-0.7063;0;0.7063;1;1;0;0;0;0
02/05/21 23:00;0;0;90;0;0;90;0;0;0;0;13.81;3.4201;0;0;0;0;0;0;0;0;0;0;0;0;0;1;1;1;1;0;0;0;0;0;0;0;0;0;0;0;0;0;0;0;0;0;0;0;0;0;0;0;0;0;0;0;0;0;0;0;0;0;0;0;1;1;1;1;1;1;1;1;1;1;1;1;1;1;1;1;1;1;1;0;0;0;0;0;0;0;0;0;0.0004;0.088;0;-0.0884;0;0;0;0;0;0;0;0;0;0;0;0;0;0;0;0;0;0;0;-13.81;0;0;0;0;0.0004;0;0;0;0;0;0;0;-0.0004;-0.0884;0;0;0;0;0;0;0;0;0;-0.7063;0;0.7063;1;1;0;0;0;0
03/05/21 00:00;0;0;90;0;0;90;0;0;0;0;12.88;3.16;0;0;0;0;0;0;0;0;0;0;0;0;0;1;1;1;1;0;0;0;0;0;0;0;0;0;0;0;0;0;0;0;0;0;0;0;0;0;0;0;0;0;0;0;0;0;0;0;0;0;0;0;1;1;1;1;1;1;1;1;1;1;1;1;1;1;1;1;1;1;1;0;0;0;0;0;0;0;0;0;0.0004;0.088;0;-0.0884;0;0;0;0;0;0;0;0;0;0;0;0;0;0;0;0;0;0;0;-12.88;0;0;0;0;0.0004;0;0;0;0;0;0;0;-0.0004;-0.0884;0;0;0;0;0;0;0;0;0;-0.7063;0;0.7063;1;1;0;0;0;0
03/05/21 01:00;0;0;90;0;0;90;0;0;0;0;12.02;3;0;0;0;0;0;0;0;0;0;0;0;0;0;1;1;1;1;0;0;0;0;0;0;0;0;0;0;0;0;0;0;0;0;0;0;0;0;0;0;0;0;0;0;0;0;0;0;0;0;0;0;0;1;1;1;1;1;1;1;1;1;1;1;1;1;1;1;1;1;1;1;0;0;0;0;0;0;0;0;0;0.0004;0.088;0;-0.0884;0;0;0;0;0;0;0;0;0;0;0;0;0;0;0;0;0;0;0;-12.02;0;0;0;0;0.0004;0;0;0;0;0;0;0;-0.0004;-0.0884;0;0;0;0;0;0;0;0;0;-0.7063;0;0.7063;1;1;0;0;0;0
03/05/21 02:00;0;0;90;0;0;90;0;0;0;0;12.03;2.9301;0;0;0;0;0;0;0;0;0;0;0;0;0;1;1;1;1;0;0;0;0;0;0;0;0;0;0;0;0;0;0;0;0;0;0;0;0;0;0;0;0;0;0;0;0;0;0;0;0;0;0;0;1;1;1;1;1;1;1;1;1;1;1;1;1;1;1;1;1;1;1;0;0;0;0;0;0;0;0;0;0.0004;0.088;0;-0.0884;0;0;0;0;0;0;0;0;0;0;0;0;0;0;0;0;0;0;0;-12.03;0;0;0;0;0.0004;0;0;0;0;0;0;0;-0.0004;-0.0884;0;0;0;0;0;0;0;0;0;-0.7063;0;0.7063;1;1;0;0;0;0
03/05/21 03:00;0;0;90;0;0;90;0;0;0;0;10.4;2.9301;0;0;0;0;0;0;0;0;0;0;0;0;0;1;1;1;1;0;0;0;0;0;0;0;0;0;0;0;0;0;0;0;0;0;0;0;0;0;0;0;0;0;0;0;0;0;0;0;0;0;0;0;1;1;1;1;1;1;1;1;1;1;1;1;1;1;1;1;1;1;1;0;0;0;0;0;0;0;0;0;0.0004;0.088;0;-0.0884;0;0;0;0;0;0;0;0;0;0;0;0;0;0;0;0;0;0;0;-10.4;0;0;0;0;0.0004;0;0;0;0;0;0;0;-0.0004;-0.0884;0;0;0;0;0;0;0;0;0;-0.7063;0;0.7063;1;1;0;0;0;0
03/05/21 04:00;0;0;90;0;0;90;0;0;0;0;9.3599;2.98;0;0;0;0;0;0;0;0;0;0;0;0;0;1;1;1;1;0;0;0;0;0;0;0;0;0;0;0;0;0;0;0;0;0;0;0;0;0;0;0;0;0;0;0;0;0;0;0;0;0;0;0;1;1;1;1;1;1;1;1;1;1;1;1;1;1;1;1;1;1;1;0;0;0;0;0;0;0;0;0;0.0004;0.088;0;-0.0884;0;0;0;0;0;0;0;0;0;0;0;0;0;0;0;0;0;0;0;-9.3599;0;0;0;0;0.0004;0;0;0;0;0;0;0;-0.0004;-0.0884;0;0;0;0;0;0;0;0;0;-0.7063;0;0.7063;1;1;0;0;0;0
03/05/21 05:00;0;0;90;0;0;90;0;0;0;0;9.5998;3.05;0;0;0;0;0;0;0;0;0;0;0;0;0;1;1;1;1;0;0;0;0;0;0;0;0;0;0;0;0;0;0;0;0;0;0;0;0;0;0;0;0;0;0;0;0;0;0;0;0;0;0;0;1;1;1;1;1;1;1;1;1;1;1;1;1;1;1;1;1;1;1;0;0;0;0;0;0;0;0;0;0.0004;0.088;0;-0.0884;0;0;0;0;0;0;0;0;0;0;0;0;0;0;0;0;0;0;0;-9.5998;0;0;0;0;0.0004;0;0;0;0;0;0;0;-0.0004;-0.0884;0;0;0;0;0;0;0;0;0;-0.7063;0;0.7063;1;1;0;0;0;0
03/05/21 06:00;2.0035;-69.009;85.136;2.1458;3.0643;-90;-3.0643;0.5079;0.5079;0;9.0301;3.5999;0;0;0.5075;0;0;0.0001;0.5076;0.5076;0;0;0;0;0;1;1;1;1;0;0;0;0;0;0;0;0;0;0;0;0;0;0;0;0;0;0;0;0;0;0;0;0;0;0;0;0;0;0;0;0;0;0;0;0;1;1;1;1;1;1;1;1;1;1;1;1;1;0;0;1;0;0;0;0;0;0;0;0;0;0;0;0.0004;0.088;0;-0.0884;0;0;0;0;0;0;0;0;0;0;0;0;0;0;0;0;0;0;0;-9.0301;0;0;0;0;0.0004;0;0;0;0;0;0;0;-0.0004;-0.0884;0;0;0;0;0;0;0;0;0;-0.7063;0;0.7063;1;1;0;0;0;0
03/05/21 07:00;9.2894;-63.069;66.953;10.396;15.558;-90;-15.558;124.3;21.998;102.3;12.09;3.8399;0;248.11;11.409;25.164;0;0.3871;285.07;0;285.07;248.11;25.164;11.409;0.3871;0.8703;0.0414;0;0.0014;284.57;0.4966;0;0;0.1737;0.323;262.52;21.487;19.116;1.9388;0.4184;0.0143;284;0.5691;0.4962;0.0503;0.0225;0.0001;262.52;228.5;23.175;10.795;0.0497;7.5092;6.2326;2.0498;0.0169;0.0701;1.0083;0.0082;1.0615;0;1;0;0;2.2934;0.9983;1;1;0.9848;0.1657;0.9243;0.9228;1;0.9627;0.7761;0.998;0.998;1;0.998;0.998;0.9209;0.9461;0.1283;0.8561;0.7928;0.0048;0.016;-0.0064;0.0054;0.0193;0.0002;0;0;0.088;0;0.6355;0;0;0;0;0;0;0;0;0;0;0;0;0.0156;0.0017;0.7362;0.7362;0;22.739;22.739;10.649;0.0406;679.13;1084;1;0.0127;0.0127;0;0;0;0;0;0;0.7235;0.6355;0;16.382;18.97;14.141;16.375;98.271;98.271;6.8417;5.8836;5.0785;0.9581;0.805;0.14;0.1177;0.7423;6.9571;0.7403;0
03/05/21 08:00;19.683;-52.715;35.226;24.209;59.793;-90;-59.793;119.81;114.1;5.7048;14.8;4.1;0;13.836;84.673;3.4884;0;5.0599;107.06;0;107.06;13.836;3.4884;84.673;5.0599;0.1292;0.8382;0;0.0473;91.718;15.339;0;0;10.603;4.7358;88.834;2.7009;0.0565;0.0142;2.6092;0.021;91.535;0.1834;0.0277;0.007;0.1481;0.0006;90.879;13.752;3.4671;71.313;0.3025;73.588;61.078;22.958;13.983;1.3984;20.116;2.0452;7.5315;0;1;0;0;0.8936;0.8567;1;1;0.8748;0.0641;0.9705;0.9959;1;0.9647;0.935;0.998;0.998;1;0.998;0.998;0.8298;0.8422;0.0598;0.3215;0.3161;0.0019;0.0173;-0.0076;0.0021;0.0076;0.0039;0;0;0.088;0;0.1894;0;0;0;0;0;0;0;0;0;0;0;0;0.0061;0.0004;0.2845;0.2845;0;18.426;18.426;3.6257;0.0408;267.96;1061.7;1;0.0071;0.0071;0;0;0;0;0;0;0.2774;0.1894;0;16.857;19.521;11.223;12.996;97.509;97.509;2.5694;2.2736;1.5137;0.2957;0.7599;0.1151;0.2958;0.5891;73.553;0.5165;0
03/05/21 09:00;28.592;-40.254;42.076;40.147;49.853;-90;-49.853;458.91;82.697;376.21;18.75;4.72;0;583.49;28.218;75.042;0;13.857;700.61;0;700.61;583.49;75.042;28.218;13.857;0.8328;0.0601;0;0.0198;684.95;15.659;0;0;2.7153;12.944;677.38;6.2045;4.7163;0.6066;0.8435;0.0382;683.58;1.3699;1.167;0.1501;0.051;0.0018;680.62;577.61;74.286;24.608;0.8729;176.4;146.41;46.872;2.4597;1.8638;26.811;3.2438;26.215;0;1;0;0;1.5267;0.9776;1;1;0.9038;0.0659;0.9909;0.9919;1;0.9669;0.9581;0.998;0.998;1;0.998;0.998;0.9668;0.8721;0.063;2.1039;2.1065;0.0127;-0.0004;0.1602;0.0135;0.048;0.0049;0;0;0.088;0;1.7015;0;0;0;0;0;0;0;0;0;0;0;0;0.0387;0.01;1.8189;1.8189;0;46.643;46.643;27.894;0.0412;1810.8;1004.5;1;0.0294;0.0294;0;0;0;0;0;0;1.7895;1.7015;0;16.469;19.071;15.406;17.84;98.381;98.381;16.815;14.537;13.598;2.2777;0.9386;0.1355;0.0558;0.8087;22.001;0.7862;0
03/05/21 10:00;35.241;-25.137;47.679;58.983;31.017;-90;-31.017;607.1;100.2;506.9;22.12;4.7099;0;591.47;32.207;76.442;0;7.3783;707.49;0;707.49;591.47;76.442;32.207;7.3783;0.836;0.056;0;0.0104;699.48;8.0094;0;0;1.5094;6.4999;689.36;8.7268;6.7149;0.8678;0.9951;0.149;698.09;1.399;1.1829;0.1529;0.0614;0.0018;691.42;583.57;75.421;29.641;0.7276;319.75;265.39;88.209;0.5491;2.9134;41.908;2.0587;44.272;0;1;0;0;1.1654;0.9887;1;1;0.9531;0.1191;0.9875;0.9886;1;0.9675;0.83;0.998;0.998;1;0.998;0.998;0.9744;0.9203;0.0986;2.1246;2.1708;0.0131;-0.0009;0.1957;0.0137;0.0487;0.0076;0;0;0.088;0;1.7255;0;0;0;0;0;0;0;0;0;0;0;0;0.0392;0.0106;1.8431;1.8431;0;50.6;50.6;28.48;0.0413;1867.2;987.08;1;0.0296;0.0296;0;0;0;0;0;0;1.8135;1.7255;0;16.526;19.137;15.472;17.916;98.396;98.396;16.98;14.73;13.79;2.2498;0.9396;0.1325;0.0553;0.8122;21.379;0.7777;0
03/05/21 11:00;38.715;-7.5747;50.666;80.661;9.3386;-90;-9.3386;715.01;118;597.01;23.75;4.4799;0;605.03;33.943;84.955;0;0.8055;724.73;0;724.73;605.03;84.955;33.943;0.8055;0.8348;0.0479;0;0.0011;723.84;0.891;0;0;0.2193;0.6717;711.71;10.68;8.1211;1.1403;1.389;0.03;722.39;1.4477;1.2101;0.1699;0.0674;0.0003;711.86;595.69;83.645;32.268;0.1035;418.05;346.98;113.49;0.0077;3.8825;55.848;0.1494;59.723;0;1;0;0;1.0136;0.9988;1;1;0.9935;0.1661;0.9852;0.9866;1;0.9587;0.7753;0.998;0.998;1;0.998;0.998;0.982;0.9506;0.1285;2.1764;2.2618;0.0136;-0.0014;0.2249;0.0142;0.0503;0.01;0;0;0.088;0;1.78;0;0;0;0;0;0;0;0;0;0;0;0;0.0405;0.0114;1.8984;1.8984;0;53.215;53.215;29.465;0.0414;1945.7;975.68;1;0.0304;0.0304;0;0;0;0;0;0;1.868;1.78;0;16.617;19.242;15.58;18.042;98.399;98.399;17.393;15.172;14.225;2.2218;0.9462;0.1277;0.0544;0.8179;20.315;0.7732;0
03/05/21 12:00;38.357;10.897;50.356;76.565;13.435;90;13.435;725.2;119.7;605.5;23.39;4.5201;0;622.54;32.325;89.374;0;1.6868;745.92;0;745.92;622.54;89.374;32.325;1.6868;0.8346;0.0456;0;0.0023;744.13;1.7941;0;0;0.3852;1.4089;732.03;10.606;8.1415;1.1688;1.2333;0.0625;742.64;1.4883;1.2451;0.1787;0.0639;0.0006;732.41;613.15;88.026;30.643;0.2149;419.9;348.52;113.32;0.0286;3.9446;56.742;0.3771;60.658;0;1;0;0;1.0286;0.9976;1;1;0.9881;0.1648;0.9857;0.9869;1;0.9613;0.7748;0.998;0.998;1;0.998;0.998;0.9814;0.948;0.1274;2.24;2.3256;0.014;-0.0017;0.2352;0.0145;0.0516;0.0101;0;0;0.088;0;1.8289;0;0;0;0;0;0;0;0;0;0;0;0;0.0415;0.012;1.9482;1.9482;0;53.707;53.707;30.317;0.0414;2000.9;973.7;1;0.0313;0.0313;0;0;0;0;0;0;1.9169;1.8289;0;16.569;19.186;15.554;18.011;98.393;98.393;17.902;15.57;14.617;2.3318;0.9534;0.1303;0.0533;0.8165;19.567;0.7725;0
03/05/21 13:00;34.242;28.088;46.828;55.328;34.672;90;34.672;390.81;256.5;134.31;25.52;4.74;0;163.31;192.2;55.406;0;5.899;416.82;0;416.82;163.31;55.406;192.2;5.899;0.3918;0.4753;0;0.0142;400.76;16.061;0;0;10.76;5.3018;391.65;8.3066;1.773;0.6015;5.8463;0.0859;399.96;0.8015;0.3266;0.1108;0.3629;0.0012;393.48;161.21;54.694;175.23;0.5102;221.22;183.62;61.573;4.7954;2.2674;32.615;1.8249;30.087;0;1;0;0;1.0666;0.9615;1;1;0.944;0.1013;0.9792;0.9891;1;0.9677;0.8559;0.998;0.998;1;0.998;0.998;0.9396;0.9117;0.0865;1.2517;1.2539;0.0075;0.0098;0.0742;0.0081;0.0289;0.006;0;0;0.088;0;0.9871;0;0;0;0;0;0;0;0;0;0;0;0;0.0232;0.0038;1.0922;1.0922;0;41.619;41.619;16.1;0.0411;1077;1014.1;1;0.017;0.017;0;0;0;0;0;0;1.0751;0.9871;0;16.622;19.247;15.023;17.396;98.439;98.439;10.004;8.7285;7.8889;1.2752;0.8396;0.1275;0.0839;0.7886;131.09;0.745;0
03/05/21 14:00;27.115;42.705;40.85;37.053;52.947;90;52.947;107.6;106;1.5979;23.98;3.4399;0;2.6519;84.712;0.459;0;3.635;91.458;0;91.458;2.6519;0.459;84.712;3.635;0.029;0.966;0;0.0397;79.135;12.324;0;0;8.9122;3.4114;76.398;2.5784;0.0195;0.0034;2.5463;0.0091;78.976;0.1583;0.0053;0.0009;0.1516;0.0004;77.859;2.627;0.4547;73.102;0.2141;68.766;57.076;20.831;9.099;1.0894;15.671;1.461;7.661;0;1;0;0;0.85;0.8653;1;1;0.8948;0.0615;0.9674;0.9926;1;0.9663;0.9592;0.998;0.998;1;0.998;0.998;0.8353;0.8629;0.0589;0.2746;0.2675;0.0016;0.0166;0.0021;0.0017;0.0061;0.0029;0;0;0.088;0;0.137;0;0;0;0;0;0;0;0;0;0;0;0;0.0049;0.0003;0.2312;0.2312;0;27.127;27.127;3.1467;0.0412;226.87;1019.3;1;0.0063;0.0063;0;0;0;0;0;0;0.225;0.137;0;16.039;18.573;9.5005;11.001;97.289;97.289;2.195;1.8481;1.0947;0.3469;0.7534;0.158;0.3432;0.4987;68.168;0.442;0
03/05/21 15:00;17.886;54.733;41.854;21.567;41.496;90;41.496;269.79;126.3;143.49;22.3;2.4799;0;348.01;72.043;106.52;0;5.7559;532.32;0;532.32;348.01;106.52;72.043;5.7559;0.6538;0.1461;0;0.0108;521.69;10.629;0;0;5.3157;5.3134;514.84;5.8087;2.7677;0.8471;2.1578;0.0362;520.65;1.0434;0.696;0.213;0.1335;0.0009;515.48;344.54;105.46;64.436;0.4054;52.892;43.9;15.326;3.3299;0.6447;9.274;0.6409;6.5888;0;1;0;0;1.9731;0.98;1;1;0.9262;0.0769;0.9888;0.992;1;0.9676;0.9181;0.998;0.998;1;0.998;0.998;0.9672;0.8944;0.0704;1.5986;1.5721;0.0095;0.0053;0.1027;0.0102;0.0361;0.0017;0;0;0.088;0;1.2625;0;0;0;0;0;0;0;0;0;0;0;0;0.0291;0.0058;1.3717;1.3717;0;43.466;43.466;21.166;0.0411;1353.4;1013.5;1;0.0212;0.0212;0;0;0;0;0;0;1.3505;1.2625;0;16.346;18.929;15.046;17.422;98.457;98.457;12.776;10.963;10.09;1.8132;0.8724;0.1419;0.0683;0.7898;51.974;0.7796;0
03/05/21 16:00;7.2867;64.781;72.085;8.0449;11.796;90;11.796;17.19;17.102;0.0881;21.17;2.43;0;0.2138;16.913;0.0215;0;0.0309;17.179;0;17.179;0.2138;0.0215;16.913;0.0309;0.0124;0.9863;0;0.0018;16.991;0.1877;0;0;0.162;0.0258;16.26;0.6973;0.0288;0.0029;0.6644;0.0011;16.957;0.034;0.0004;0;0.0335;0;16.266;0.1845;0.0185;16.053;0.0039;10.187;8.4553;2.6503;0.0092;0.1027;1.477;0.0059;1.5705;0;1;0;0;0.9993;0.9891;1;1;0.9904;0.1651;0.9589;0.865;1;0.9603;0.7746;0.998;0.998;1;0.998;0.998;0.9465;0.9492;0.1276;0.0516;0.0521;0.0003;0.0081;-0.0006;0.0003;0.0011;0.0003;0;0;0.088;0;-0.0491;0;0;0;0;0;0;0;0;0;0;0;0;0.0009;0;0.0417;0.0417;0;21.851;21.851;0.6808;0.0419;42.912;972.87;1;0.0029;0.0029;0;0;0;0;0;0;0.0389;-0.0491;0;15.416;17.851;-18.144;-21.011;93.093;93.093;0.4123;0.3336;-0.3927;0.0787;0.7263;0.1908;1.7617;0;10.187;0;0
03/05/21 17:00;0.8731;69.869;87.882;0.9299;1.3259;90;1.3259;0;0;0;13.73;2.4699;0;0;0;0;0;0;0;0;0;0;0;0;0;1;1;1;1;0;0;0;0;0;0;0;0;0;0;0;0;0;0;0;0;0;0;0;0;0;0;0;0;0;0;0;0;0;0;0;0;0;0;0;1;1;1;1;1;1;1;1;1;1;1;1;1;1;1;1;1;1;1;0;0;0;0;0;0;0;0;0;0.0004;0.088;0;-0.0884;0;0;0;0;0;0;0;0;0;0;0;0;0;0;0;0;0;0;0;-13.73;0;0;0;0;0.0004;0;0;0;0;0;0;0;-0.0004;-0.0884;0;0;0;0;0;0;0;0;0;-0.7063;0;0.7063;1;1;0;0;0;0
03/05/21 18:00;0;0;90;0;0;90;0;0;0;0;14.9;2.67;0;0;0;0;0;0;0;0;0;0;0;0;0;1;1;1;1;0;0;0;0;0;0;0;0;0;0;0;0;0;0;0;0;0;0;0;0;0;0;0;0;0;0;0;0;0;0;0;0;0;0;0;1;1;1;1;1;1;1;1;1;1;1;1;1;1;1;1;1;1;1;0;0;0;0;0;0;0;0;0;0.0004;0.088;0;-0.0884;0;0;0;0;0;0;0;0;0;0;0;0;0;0;0;0;0;0;0;-14.9;0;0;0;0;0.0004;0;0;0;0;0;0;0;-0.0004;-0.0884;0;0;0;0;0;0;0;0;0;-0.7063;0;0.7063;1;1;0;0;0;0
03/05/21 19:00;0;0;90;0;0;90;0;0;0;0;14.5;2.97;0;0;0;0;0;0;0;0;0;0;0;0;0;1;1;1;1;0;0;0;0;0;0;0;0;0;0;0;0;0;0;0;0;0;0;0;0;0;0;0;0;0;0;0;0;0;0;0;0;0;0;0;1;1;1;1;1;1;1;1;1;1;1;1;1;1;1;1;1;1;1;0;0;0;0;0;0;0;0;0;0.0004;0.088;0;-0.0884;0;0;0;0;0;0;0;0;0;0;0;0;0;0;0;0;0;0;0;-14.5;0;0;0;0;0.0004;0;0;0;0;0;0;0;-0.0004;-0.0884;0;0;0;0;0;0;0;0;0;-0.7063;0;0.7063;1;1;0;0;0;0
03/05/21 20:00;0;0;90;0;0;90;0;0;0;0;14.05;3.45;0;0;0;0;0;0;0;0;0;0;0;0;0;1;1;1;1;0;0;0;0;0;0;0;0;0;0;0;0;0;0;0;0;0;0;0;0;0;0;0;0;0;0;0;0;0;0;0;0;0;0;0;1;1;1;1;1;1;1;1;1;1;1;1;1;1;1;1;1;1;1;0;0;0;0;0;0;0;0;0;0.0004;0.088;0;-0.0884;0;0;0;0;0;0;0;0;0;0;0;0;0;0;0;0;0;0;0;-14.05;0;0;0;0;0.0004;0;0;0;0;0;0;0;-0.0004;-0.0884;0;0;0;0;0;0;0;0;0;-0.7063;0;0.7063;1;1;0;0;0;0
03/05/21 21:00;0;0;90;0;0;90;0;0;0;0;13.55;4.57;0;0;0;0;0;0;0;0;0;0;0;0;0;1;1;1;1;0;0;0;0;0;0;0;0;0;0;0;0;0;0;0;0;0;0;0;0;0;0;0;0;0;0;0;0;0;0;0;0;0;0;0;1;1;1;1;1;1;1;1;1;1;1;1;1;1;1;1;1;1;1;0;0;0;0;0;0;0;0;0;0.0004;0.088;0;-0.0884;0;0;0;0;0;0;0;0;0;0;0;0;0;0;0;0;0;0;0;-13.55;0;0;0;0;0.0004;0;0;0;0;0;0;0;-0.0004;-0.0884;0;0;0;0;0;0;0;0;0;-0.7063;0;0.7063;1;1;0;0;0;0
03/05/21 22:00;0;0;90;0;0;90;0;0;0;0;13.5;4.6199;0;0;0;0;0;0;0;0;0;0;0;0;0;1;1;1;1;0;0;0;0;0;0;0;0;0;0;0;0;0;0;0;0;0;0;0;0;0;0;0;0;0;0;0;0;0;0;0;0;0;0;0;1;1;1;1;1;1;1;1;1;1;1;1;1;1;1;1;1;1;1;0;0;0;0;0;0;0;0;0;0.0004;0.088;0;-0.0884;0;0;0;0;0;0;0;0;0;0;0;0;0;0;0;0;0;0;0;-13.5;0;0;0;0;0.0004;0;0;0;0;0;0;0;-0.0004;-0.0884;0;0;0;0;0;0;0;0;0;-0.7063;0;0.7063;1;1;0;0;0;0
03/05/21 23:00;0;0;90;0;0;90;0;0;0;0;13.32;3.1199;0;0;0;0;0;0;0;0;0;0;0;0;0;1;1;1;1;0;0;0;0;0;0;0;0;0;0;0;0;0;0;0;0;0;0;0;0;0;0;0;0;0;0;0;0;0;0;0;0;0;0;0;1;1;1;1;1;1;1;1;1;1;1;1;1;1;1;1;1;1;1;0;0;0;0;0;0;0;0;0;0.0004;0.088;0;-0.0884;0;0;0;0;0;0;0;0;0;0;0;0;0;0;0;0;0;0;0;-13.32;0;0;0;0;0.0004;0;0;0;0;0;0;0;-0.0004;-0.0884;0;0;0;0;0;0;0;0;0;-0.7063;0;0.7063;1;1;0;0;0;0
04/05/21 00:00;0;0;90;0;0;90;0;0;0;0;13.9;2.44;0;0;0;0;0;0;0;0;0;0;0;0;0;1;1;1;1;0;0;0;0;0;0;0;0;0;0;0;0;0;0;0;0;0;0;0;0;0;0;0;0;0;0;0;0;0;0;0;0;0;0;0;1;1;1;1;1;1;1;1;1;1;1;1;1;1;1;1;1;1;1;0;0;0;0;0;0;0;0;0;0.0004;0.088;0;-0.0884;0;0;0;0;0;0;0;0;0;0;0;0;0;0;0;0;0;0;0;-13.9;0;0;0;0;0.0004;0;0;0;0;0;0;0;-0.0004;-0.0884;0;0;0;0;0;0;0;0;0;-0.7063;0;0.7063;1;1;0;0;0;0
04/05/21 01:00;0;0;90;0;0;90;0;0;0;0;13.43;2.2499;0;0;0;0;0;0;0;0;0;0;0;0;0;1;1;1;1;0;0;0;0;0;0;0;0;0;0;0;0;0;0;0;0;0;0;0;0;0;0;0;0;0;0;0;0;0;0;0;0;0;0;0;1;1;1;1;1;1;1;1;1;1;1;1;1;1;1;1;1;1;1;0;0;0;0;0;0;0;0;0;0.0004;0.088;0;-0.0884;0;0;0;0;0;0;0;0;0;0;0;0;0;0;0;0;0;0;0;-13.43;0;0;0;0;0.0004;0;0;0;0;0;0;0;-0.0004;-0.0884;0;0;0;0;0;0;0;0;0;-0.7063;0;0.7063;1;1;0;0;0;0
04/05/21 02:00;0;0;90;0;0;90;0;0;0;0;13.4;2.3801;0;0;0;0;0;0;0;0;0;0;0;0;0;1;1;1;1;0;0;0;0;0;0;0;0;0;0;0;0;0;0;0;0;0;0;0;0;0;0;0;0;0;0;0;0;0;0;0;0;0;0;0;1;1;1;1;1;1;1;1;1;1;1;1;1;1;1;1;1;1;1;0;0;0;0;0;0;0;0;0;0.0004;0.088;0;-0.0884;0;0;0;0;0;0;0;0;0;0;0;0;0;0;0;0;0;0;0;-13.4;0;0;0;0;0.0004;0;0;0;0;0;0;0;-0.0004;-0.0884;0;0;0;0;0;0;0;0;0;-0.7063;0;0.7063;1;1;0;0;0;0
04/05/21 03:00;0;0;90;0;0;90;0;0;0;0;12.55;2.0799;0;0;0;0;0;0;0;0;0;0;0;0;0;1;1;1;1;0;0;0;0;0;0;0;0;0;0;0;0;0;0;0;0;0;0;0;0;0;0;0;0;0;0;0;0;0;0;0;0;0;0;0;1;1;1;1;1;1;1;1;1;1;1;1;1;1;1;1;1;1;1;0;0;0;0;0;0;0;0;0;0.0004;0.088;0;-0.0884;0;0;0;0;0;0;0;0;0;0;0;0;0;0;0;0;0;0;0;-12.55;0;0;0;0;0.0004;0;0;0;0;0;0;0;-0.0004;-0.0884;0;0;0;0;0;0;0;0;0;-0.7063;0;0.7063;1;1;0;0;0;0
04/05/21 04:00;0;0;90;0;0;90;0;0;0;0;11.9;2.1;0;0;0;0;0;0;0;0;0;0;0;0;0;1;1;1;1;0;0;0;0;0;0;0;0;0;0;0;0;0;0;0;0;0;0;0;0;0;0;0;0;0;0;0;0;0;0;0;0;0;0;0;1;1;1;1;1;1;1;1;1;1;1;1;1;1;1;1;1;1;1;0;0;0;0;0;0;0;0;0;0.0004;0.088;0;-0.0884;0;0;0;0;0;0;0;0;0;0;0;0;0;0;0;0;0;0;0;-11.9;0;0;0;0;0.0004;0;0;0;0;0;0;0;-0.0004;-0.0884;0;0;0;0;0;0;0;0;0;-0.7063;0;0.7063;1;1;0;0;0;0
04/05/21 05:00;0;0;90;0;0;90;0;0;0;0;11.71;1.9901;0;0;0;0;0;0;0;0;0;0;0;0;0;1;1;1;1;0;0;0;0;0;0;0;0;0;0;0;0;0;0;0;0;0;0;0;0;0;0;0;0;0;0;0;0;0;0;0;0;0;0;0;1;1;1;1;1;1;1;1;1;1;1;1;1;1;1;1;1;1;1;0;0;0;0;0;0;0;0;0;0.0004;0.088;0;-0.0884;0;0;0;0;0;0;0;0;0;0;0;0;0;0;0;0;0;0;0;-11.71;0;0;0;0;0.0004;0;0;0;0;0;0;0;-0.0004;-0.0884;0;0;0;0;0;0;0;0;0;-0.7063;0;0.7063;1;1;0;0;0;0
04/05/21 06:00;1.8454;-68.765;85.521;1.9797;2.8263;-90;-2.8263;0;0;0;9.99;1.9901;0;0;0;0;0;0;0;0;0;0;0;0;0;1;1;1;1;0;0;0;0;0;0;0;0;0;0;0;0;0;0;0;0;0;0;0;0;0;0;0;0;0;0;0;0;0;0;0;0;0;0;0;1;1;1;1;1;1;1;1;1;1;1;1;1;1;1;1;1;1;1;0;0;0;0;0;0;0;0;0;0.0004;0.088;0;-0.0884;0;0;0;0;0;0;0;0;0;0;0;0;0;0;0;0;0;0;0;-9.99;0;0;0;0;0.0004;0;0;0;0;0;0;0;-0.0004;-0.0884;0;0;0;0;0;0;0;0;0;-0.7063;0;0.7063;1;1;0;0;0;0
04/05/21 07:00;9.1177;-62.832;67.399;10.226;15.277;-90;-15.277;118.81;22.604;96.206;10.5;1.9101;0;233.33;12.166;24.783;0;0.3569;270.63;0;270.63;233.33;24.783;12.166;0.3569;0.8622;0.0463;0;0.0013;270.16;0.4773;0;0;0.1796;0.2977;248.25;21.36;18.892;2.0066;0.4486;0.0132;269.61;0.5403;0.4667;0.0496;0.024;0.0001;248.26;213.97;22.727;11.514;0.0458;7.9325;6.584;2.1549;0.0169;0.0747;1.074;0.0083;1.1318;0;1;0;0;2.2779;0.9982;1;1;0.9852;0.1658;0.9208;0.9189;1;0.9625;0.776;0.998;0.998;1;0.998;0.998;0.9173;0.9464;0.1284;0.8127;0.75;0.0045;0.0165;-0.0119;0.0052;0.0184;0.0002;0;0;0.088;0;0.6004;0;0;0;0;0;0;0;0;0;0;0;0;0.0148;0.0015;0.7007;0.7007;0;20.556;20.556;10.057;0.0405;642.3;1091;1;0.0123;0.0123;0;0;0;0;0;0;0.6884;0.6004;0;16.426;19.02;14.074;16.298;98.244;98.244;6.4952;5.6004;4.7987;0.8948;0.8016;0.1378;0.1234;0.7388;7.4111;0.7366;0
04/05/21 08:00;19.485;-52.489;36.003;24.039;57.066;-90;-57.066;148.7;131.2;17.494;12.12;1.78;0;42.428;97.313;12.427;0;5.7676;157.94;0;157.94;42.428;12.427;97.313;5.7676;0.2686;0.6527;0;0.0365;141.14;16.793;0;0;11.389;5.4039;137.63;3.2306;0.1925;0.0564;2.9634;0.0182;140.86;0.2823;0.0849;0.0249;0.1718;0.0007;139.71;42.151;12.346;82.789;0.3448;82.026;68.082;25.219;13.609;1.4544;20.921;2.0762;8.7668;0;1;0;0;1.0621;0.8937;1;1;0.883;0.0631;0.9771;0.9955;1;0.9654;0.9498;0.998;0.998;1;0.998;0.998;0.8714;0.8507;0.0598;0.4743;0.4649;0.0028;0.0181;-0.0122;0.0032;0.0113;0.0041;0;0;0.088;0;0.331;0;0;0;0;0;0;0;0;0;0;0;0;0.0091;0.0007;0.4278;0.4278;0;17.71;17.71;5.5896;0.0406;395.64;1081.3;1;0.0088;0.0088;0;0;0;0;0;0;0.419;0.331;0;17.183;19.897;13.295;15.395;97.943;97.943;3.7905;3.4189;2.6453;0.3715;0.7736;0.098;0.2041;0.6979;81.915;0.6349;0
04/05/21 09:00;28.362;-40.051;42.344;39.996;50.004;-90;-50.004;109.49;107.7;1.7896;12.5;1.4399;0;2.7844;88.214;0.4701;0;3.325;94.794;0;94.794;2.7844;0.4701;88.214;3.325;0.0294;0.9657;0;0.0351;83.161;11.632;0;0;8.5259;3.1065;80.322;2.6732;0.0229;0.0039;2.6373;0.0091;82.995;0.1663;0.0056;0.0009;0.1594;0.0004;81.623;2.7559;0.4653;76.892;0.2091;69.638;57.8;20.841;7.7609;1.0253;14.748;1.301;8.0126;0;1;0;0;0.8658;0.8773;1;1;0.9034;0.0657;0.9678;0.9917;1;0.9668;0.9583;0.998;0.998;1;0.998;0.998;0.8473;0.8716;0.0629;0.2847;0.2769;0.0017;0.0167;-0.0093;0.0019;0.0066;0.0029;0;0;0.088;0;0.1559;0;0;0;0;0;0;0;0;0;0;0;0;0.0054;0.0003;0.2508;0.2508;0;15.775;15.775;3.2744;0.0408;234.65;1068.8;1;0.0069;0.0069;0;0;0;0;0;0;0.2439;0.1559;0;16.784;19.435;10.432;12.08;97.244;97.244;2.2751;2.0044;1.2459;0.2706;0.7585;0.119;0.3334;0.5476;68.882;0.4905;0
04/05/21 10:00;34.979;-24.983;47.962;58.882;31.118;-90;-31.118;122.5;120.7;1.8019;12.55;1.25;0;2.1048;111.75;0.33;0;1.4983;115.69;0;115.69;2.1048;0.33;111.75;1.4983;0.0182;0.979;0;0.013;109.1;6.5852;0;0;5.2647;1.3206;105.37;3.5091;0.0242;0.0038;3.451;0.03;108.88;0.2182;0.0042;0.0007;0.213;0.0004;105.84;2.0763;0.3255;102.82;0.1473;75.32;62.516;20.872;1.9208;0.7967;11.46;0.4685;10.336;0;1;0;0;0.9444;0.9431;1;1;0.9529;0.1186;0.9678;0.9885;1;0.9675;0.8307;0.998;0.998;1;0.998;0.998;0.9109;0.9201;0.0983;0.3474;0.3429;0.0021;0.0176;-0.0102;0.0023;0.0083;0.0022;0;0;0.088;0;0.218;0;0;0;0;0;0;0;0;0;0;0;0;0.0067;0.0004;0.3136;0.3136;0;16.838;16.838;4.2875;0.0407;291.7;1074.9;1;0.0075;0.0075;0;0;0;0;0;0;0.306;0.218;0;17.194;19.91;11.956;13.845;97.599;97.599;2.7765;2.506;1.7425;0.2705;0.7635;0.0974;0.275;0.6276;74.234;0.5843;0
04/05/21 11:00;38.43;-7.5043;50.956;80.653;9.3472;-90;-9.3472;233.59;224.2;9.3977;12.98;1.1101;0;9.5242;220.2;2.5581;0;0.2636;232.55;0;232.55;9.5242;2.5581;220.2;0.2636;0.041;0.948;0;0.0011;230.9;1.6445;0;0;1.4247;0.2198;221.26;9.1856;0.1311;0.0352;9.0095;0.0098;230.44;0.4618;0.019;0.0051;0.4376;0.0001;221.3;9.374;2.5178;209.33;0.0339;138.76;115.17;36.079;0.0491;1.395;20.066;0.0432;21.412;0;1;0;0;0.9955;0.9929;1;1;0.9935;0.1661;0.9601;0.9862;1;0.9587;0.7753;0.998;0.998;1;0.998;0.998;0.9514;0.9506;0.1285;0.6983;0.7088;0.0043;0.0169;-0.0077;0.0049;0.0173;0.0039;0;0;0.088;0;0.5545;0;0;0;0;0;0;0;0;0;0;0;0;0.0139;0.0014;0.654;0.654;0;21.962;21.962;8.9814;0.0406;605.36;1080.4;1;0.0115;0.0115;0;0;0;0;0;0;0.6425;0.5545;0;17.841;20.66;15.127;17.516;98.238;98.238;5.5811;5.227;4.4317;0.3541;0.7954;0.0634;0.1425;0.794;131.79;0.7459;0
04/05/21 12:00;38.067;10.866;50.639;76.466;13.534;90;13.534;169.7;166.6;3.0992;13.05;0.92;0;3.1877;163.67;0.6413;0;0.4005;167.9;0;167.9;3.1877;0.6413;163.67;0.4005;0.019;0.9772;0;0.0024;165.59;2.3094;0;0;1.9748;0.3345;158.96;6.2995;0.0427;0.0086;6.2334;0.0148;165.26;0.3312;0.0064;0.0013;0.3234;0.0001;159.04;3.1386;0.6315;155.14;0.051;101.25;84.041;26.741;0.1464;0.9983;14.361;0.0819;15.212;0;1;0;0;0.9894;0.9862;1;1;0.9879;0.1648;0.9619;0.9866;1;0.9614;0.7748;0.998;0.998;1;0.998;0.998;0.9468;0.9479;0.1274;0.5042;0.5093;0.0031;0.018;-0.0101;0.0035;0.0124;0.0028;0;0;0.088;0;0.3716;0;0;0;0;0;0;0;0;0;0;0;0;0.01;0.0008;0.4688;0.4688;0;19.507;19.507;6.4572;0.0406;434.47;1079.1;1;0.0092;0.0092;0;0;0;0;0;0;0.4596;0.3716;0;17.713;20.512;14.041;16.259;98.035;98.035;4.0296;3.7469;2.97;0.2827;0.7769;0.0702;0.1928;0.737;99.103;0.6927;0
04/05/21 13:00;33.967;27.974;47.093;55.151;34.849;90;34.849;212.2;204.6;7.6037;13.21;1.47;0;9.2653;184.37;2.5265;0;3.2347;199.39;0;199.39;9.2653;2.5265;184.37;3.2347;0.0465;0.9409;0;0.0162;186.08;13.313;0;0;10.403;2.9096;179.93;5.7807;0.102;0.0278;5.6046;0.0463;185.71;0.3722;0.0185;0.0051;0.3479;0.0007;181;9.1448;2.4936;168.01;0.2782;130.75;108.52;36.527;4.6801;1.4513;20.876;1.0767;17.648;0;1;0;0;0.9396;0.9332;1;1;0.9436;0.1005;0.9689;0.989;1;0.9677;0.8574;0.998;0.998;1;0.998;0.998;0.9024;0.9113;0.086;0.5988;0.5892;0.0035;0.0177;-0.0095;0.004;0.0143;0.0041;0;0;0.088;0;0.4444;0;0;0;0;0;0;0;0;0;0;0;0;0.0115;0.001;0.5423;0.5423;0;20.518;20.518;7.3074;0.0406;502.53;1079.2;1;0.01;0.01;0;0;0;0;0;0;0.5324;0.4444;0;17.254;19.98;14.137;16.37;98.158;98.158;4.7854;4.3344;3.5513;0.4511;0.7831;0.0943;0.1636;0.7421;125.91;0.6882;0
04/05/21 14:00;26.865;42.539;41.094;36.843;53.157;90;53.157;93.707;92.502;1.2053;13.8;2.4601;0;2.0102;73.837;0.3064;0;3.1891;79.343;0;79.343;2.0102;0.3064;73.837;3.1891;0.0253;0.9708;0;0.0402;68.537;10.806;0;0;7.8128;2.9932;66.154;2.246;0.0151;0.0023;2.2206;0.008;68.4;0.1371;0.004;0.0006;0.132;0.0004;67.441;1.9911;0.3035;63.672;0.1875;59.987;49.789;18.179;8.0416;0.9566;13.76;1.2874;6.6751;0;1;0;0;0.8467;0.8638;1;1;0.8942;0.0614;0.9672;0.9925;1;0.9663;0.959;0.998;0.998;1;0.998;0.998;0.8338;0.8623;0.0588;0.2383;0.2321;0.0014;0.0159;-0.0072;0.0016;0.0055;0.0026;0;0;0.088;0;0.1132;0;0;0;0;0;0;0;0;0;0;0;0;0.0044;0.0002;0.2077;0.2077;0;16.504;16.504;2.7043;0.0409;196.3;1058;1;0.0065;0.0065;0;0;0;0;0;0;0.2012;0.1132;0;16.604;19.228;9.0493;10.479;96.872;96.872;1.9042;1.6598;0.9046;0.2445;0.7552;0.1284;0.3966;0.475;59.548;0.4204;0
04/05/21 15:00;17.661;54.539;42.625;21.351;40.654;90;40.654;59.209;58.497;0.7123;13.03;3.1801;0;1.7276;51.348;0.248;0;1.2146;54.538;0;54.538;1.7276;0.248;51.348;1.2146;0.0317;0.9638;0;0.0223;49.743;4.7955;0;0;3.6765;1.1189;48.078;1.5654;0.0145;0.0021;1.5404;0.0084;49.643;0.0995;0.0035;0.0005;0.0953;0.0002;48.51;1.7097;0.2455;46.036;0.0871;36.783;30.53;10.542;2.2115;0.4492;6.4609;0.4323;4.6986;0;1;0;0;0.9211;0.9121;1;1;0.9284;0.0788;0.9685;0.9916;1;0.9676;0.9124;0.998;0.998;1;0.998;0.998;0.8815;0.8965;0.0717;0.1638;0.1597;0.001;0.0139;-0.0059;0.0011;0.0037;0.0012;0;0;0.088;0;0.0477;0;0;0;0;0;0;0;0;0;0;0;0;0.003;0.0001;0.1416;0.1416;0;15;15;1.9702;0.041;134.72;1051.1;1;0.0059;0.0059;0;0;0;0;0;0;0.1357;0.0477;0;16.47;19.072;5.5486;6.4251;95.834;95.834;1.3089;1.1317;0.3812;0.1772;0.7504;0.1354;0.5733;0.2913;36.779;0.2675;0
04/05/21 16:00;7.084;64.571;72.597;7.835;11.471;90;11.471;9.4938;9.4938;0;13;3.5199;0;0;9.399;0;0;0.0161;9.4151;0;9.4151;0;0;9.399;0.0161;0;1;0;0.0017;9.3158;0.0993;0;0;0.0859;0.0135;8.9252;0.3719;0;0;0.3713;0.0006;9.2971;0.0186;0;0;0.0186;0;8.9283;0;0;8.9232;0.0021;5.6558;4.6943;1.4707;0.0046;0.057;0.8202;0.003;0.8726;0;1;0;0;0.9917;0.9894;1;1;0.9909;0.1651;0.96;1;1;0.96;0.7746;0.998;1;1;0.998;0.998;0.948;0.9494;0.1276;0.0283;0.0286;0.0002;0.0058;-0.0011;0.0002;0.0006;0.0001;0;0;0.088;0;-0.0681;0;0;0;0;0;0;0;0;0;0;0;0;0.0005;0;0.0224;0.0224;0;13.376;13.376;0.3757;0.0421;22.788;981.52;1;0.0025;0.0025;0;0;0;0;0;0;0.0199;-0.0681;0;15.07;17.451;-45.883;-53.131;88.977;88.977;0.226;0.1788;-0.5442;0.0472;0.723;0.2089;3.1996;0;5.6558;0;0
04/05/21 17:00;0.6804;69.652;88.35;0.7257;1.0345;90;1.0345;0;0;0;12.6;3.94;0;0;0;0;0;0;0;0;0;0;0;0;0;1;1;1;1;0;0;0;0;0;0;0;0;0;0;0;0;0;0;0;0;0;0;0;0;0;0;0;0;0;0;0;0;0;0;0;0;0;0;0;1;1;1;1;1;1;1;1;1;1;1;1;1;1;1;1;1;1;1;0;0;0;0;0;0;0;0;0;0.0004;0.088;0;-0.0884;0;0;0;0;0;0;0;0;0;0;0;0;0;0;0;0;0;0;0;-12.6;0;0;0;0;0.0004;0;0;0;0;0;0;0;-0.0004;-0.0884;0;0;0;0;0;0;0;0;0;-0.7063;0;0.7063;1;1;0;0;0;0
04/05/21 18:00;0;0;90;0;0;90;0;0;0;0;12.28;4.1401;0;0;0;0;0;0;0;0;0;0;0;0;0;1;1;1;1;0;0;0;0;0;0;0;0;0;0;0;0;0;0;0;0;0;0;0;0;0;0;0;0;0;0;0;0;0;0;0;0;0;0;0;1;1;1;1;1;1;1;1;1;1;1;1;1;1;1;1;1;1;1;0;0;0;0;0;0;0;0;0;0.0004;0.088;0;-0.0884;0;0;0;0;0;0;0;0;0;0;0;0;0;0;0;0;0;0;0;-12.28;0;0;0;0;0.0004;0;0;0;0;0;0;0;-0.0004;-0.0884;0;0;0;0;0;0;0;0;0;-0.7063;0;0.7063;1;1;0;0;0;0
04/05/21 19:00;0;0;90;0;0;90;0;0;0;0;12;4.1;0;0;0;0;0;0;0;0;0;0;0;0;0;1;1;1;1;0;0;0;0;0;0;0;0;0;0;0;0;0;0;0;0;0;0;0;0;0;0;0;0;0;0;0;0;0;0;0;0;0;0;0;1;1;1;1;1;1;1;1;1;1;1;1;1;1;1;1;1;1;1;0;0;0;0;0;0;0;0;0;0.0004;0.088;0;-0.0884;0;0;0;0;0;0;0;0;0;0;0;0;0;0;0;0;0;0;0;-12;0;0;0;0;0.0004;0;0;0;0;0;0;0;-0.0004;-0.0884;0;0;0;0;0;0;0;0;0;-0.7063;0;0.7063;1;1;0;0;0;0
04/05/21 20:00;0;0;90;0;0;90;0;0;0;0;12;3.9801;0;0;0;0;0;0;0;0;0;0;0;0;0;1;1;1;1;0;0;0;0;0;0;0;0;0;0;0;0;0;0;0;0;0;0;0;0;0;0;0;0;0;0;0;0;0;0;0;0;0;0;0;1;1;1;1;1;1;1;1;1;1;1;1;1;1;1;1;1;1;1;0;0;0;0;0;0;0;0;0;0.0004;0.088;0;-0.0884;0;0;0;0;0;0;0;0;0;0;0;0;0;0;0;0;0;0;0;-12;0;0;0;0;0.0004;0;0;0;0;0;0;0;-0.0004;-0.0884;0;0;0;0;0;0;0;0;0;-0.7063;0;0.7063;1;1;0;0;0;0
04/05/21 21:00;0;0;90;0;0;90;0;0;0;0;11.8;4.11;0;0;0;0;0;0;0;0;0;0;0;0;0;1;1;1;1;0;0;0;0;0;0;0;0;0;0;0;0;0;0;0;0;0;0;0;0;0;0;0;0;0;0;0;0;0;0;0;0;0;0;0;1;1;1;1;1;1;1;1;1;1;1;1;1;1;1;1;1;1;1;0;0;0;0;0;0;0;0;0;0.0004;0.088;0;-0.0884;0;0;0;0;0;0;0;0;0;0;0;0;0;0;0;0;0;0;0;-11.8;0;0;0;0;0.0004;0;0;0;0;0;0;0;-0.0004;-0.0884;0;0;0;0;0;0;0;0;0;-0.7063;0;0.7063;1;1;0;0;0;0
04/05/21 22:00;0;0;90;0;0;90;0;0;0;0;11.46;3.8299;0;0;0;0;0;0;0;0;0;0;0;0;0;1;1;1;1;0;0;0;0;0;0;0;0;0;0;0;0;0;0;0;0;0;0;0;0;0;0;0;0;0;0;0;0;0;0;0;0;0;0;0;1;1;1;1;1;1;1;1;1;1;1;1;1;1;1;1;1;1;1;0;0;0;0;0;0;0;0;0;0.0004;0.088;0;-0.0884;0;0;0;0;0;0;0;0;0;0;0;0;0;0;0;0;0;0;0;-11.46;0;0;0;0;0.0004;0;0;0;0;0;0;0;-0.0004;-0.0884;0;0;0;0;0;0;0;0;0;-0.7063;0;0.7063;1;1;0;0;0;0
04/05/21 23:00;0;0;90;0;0;90;0;0;0;0;11.46;3.4201;0;0;0;0;0;0;0;0;0;0;0;0;0;1;1;1;1;0;0;0;0;0;0;0;0;0;0;0;0;0;0;0;0;0;0;0;0;0;0;0;0;0;0;0;0;0;0;0;0;0;0;0;1;1;1;1;1;1;1;1;1;1;1;1;1;1;1;1;1;1;1;0;0;0;0;0;0;0;0;0;0.0004;0.088;0;-0.0884;0;0;0;0;0;0;0;0;0;0;0;0;0;0;0;0;0;0;0;-11.46;0;0;0;0;0.0004;0;0;0;0;0;0;0;-0.0004;-0.0884;0;0;0;0;0;0;0;0;0;-0.7063;0;0.7063;1;1;0;0;0;0
05/05/21 00:00;0;0;90;0;0;90;0;0;0;0;11.3;2.9599;0;0;0;0;0;0;0;0;0;0;0;0;0;1;1;1;1;0;0;0;0;0;0;0;0;0;0;0;0;0;0;0;0;0;0;0;0;0;0;0;0;0;0;0;0;0;0;0;0;0;0;0;1;1;1;1;1;1;1;1;1;1;1;1;1;1;1;1;1;1;1;0;0;0;0;0;0;0;0;0;0.0004;0.088;0;-0.0884;0;0;0;0;0;0;0;0;0;0;0;0;0;0;0;0;0;0;0;-11.3;0;0;0;0;0.0004;0;0;0;0;0;0;0;-0.0004;-0.0884;0;0;0;0;0;0;0;0;0;-0.7063;0;0.7063;1;1;0;0;0;0
05/05/21 01:00;0;0;90;0;0;90;0;0;0;0;11.18;2.49;0;0;0;0;0;0;0;0;0;0;0;0;0;1;1;1;1;0;0;0;0;0;0;0;0;0;0;0;0;0;0;0;0;0;0;0;0;0;0;0;0;0;0;0;0;0;0;0;0;0;0;0;1;1;1;1;1;1;1;1;1;1;1;1;1;1;1;1;1;1;1;0;0;0;0;0;0;0;0;0;0.0004;0.088;0;-0.0884;0;0;0;0;0;0;0;0;0;0;0;0;0;0;0;0;0;0;0;-11.18;0;0;0;0;0.0004;0;0;0;0;0;0;0;-0.0004;-0.0884;0;0;0;0;0;0;0;0;0;-0.7063;0;0.7063;1;1;0;0;0;0
05/05/21 02:00;0;0;90;0;0;90;0;0;0;0;11.2;2.28;0;0;0;0;0;0;0;0;0;0;0;0;0;1;1;1;1;0;0;0;0;0;0;0;0;0;0;0;0;0;0;0;0;0;0;0;0;0;0;0;0;0;0;0;0;0;0;0;0;0;0;0;1;1;1;1;1;1;1;1;1;1;1;1;1;1;1;1;1;1;1;0;0;0;0;0;0;0;0;0;0.0004;0.088;0;-0.0884;0;0;0;0;0;0;0;0;0;0;0;0;0;0;0;0;0;0;0;-11.2;0;0;0;0;0.0004;0;0;0;0;0;0;0;-0.0004;-0.0884;0;0;0;0;0;0;0;0;0;-0.7063;0;0.7063;1;1;0;0;0;0
05/05/21 03:00;0;0;90;0;0;90;0;0;0;0;11.5;2.29;0;0;0;0;0;0;0;0;0;0;0;0;0;1;1;1;1;0;0;0;0;0;0;0;0;0;0;0;0;0;0;0;0;0;0;0;0;0;0;0;0;0;0;0;0;0;0;0;0;0;0;0;1;1;1;1;1;1;1;1;1;1;1;1;1;1;1;1;1;1;1;0;0;0;0;0;0;0;0;0;0.0004;0.088;0;-0.0884;0;0;0;0;0;0;0;0;0;0;0;0;0;0;0;0;0;0;0;-11.5;0;0;0;0;0.0004;0;0;0;0;0;0;0;-0.0004;-0.0884;0;0;0;0;0;0;0;0;0;-0.7063;0;0.7063;1;1;0;0;0;0
05/05/21 04:00;0;0;90;0;0;90;0;0;0;0;11.61;2.4799;0;0;0;0;0;0;0;0;0;0;0;0;0;1;1;1;1;0;0;0;0;0;0;0;0;0;0;0;0;0;0;0;0;0;0;0;0;0;0;0;0;0;0;0;0;0;0;0;0;0;0;0;1;1;1;1;1;1;1;1;1;1;1;1;1;1;1;1;1;1;1;0;0;0;0;0;0;0;0;0;0.0004;0.088;0;-0.0884;0;0;0;0;0;0;0;0;0;0;0;0;0;0;0;0;0;0;0;-11.61;0;0;0;0;0.0004;0;0;0;0;0;0;0;-0.0004;-0.0884;0;0;0;0;0;0;0;0;0;-0.7063;0;0.7063;1;1;0;0;0;0
05/05/21 05:00;0;0;90;0;0;90;0;0;0;0;11.7;2.8501;0;0;0;0;0;0;0;0;0;0;0;0;0;1;1;1;1;0;0;0;0;0;0;0;0;0;0;0;0;0;0;0;0;0;0;0;0;0;0;0;0;0;0;0;0;0;0;0;0;0;0;0;1;1;1;1;1;1;1;1;1;1;1;1;1;1;1;1;1;1;1;0;0;0;0;0;0;0;0;0;0.0004;0.088;0;-0.0884;0;0;0;0;0;0;0;0;0;0;0;0;0;0;0;0;0;0;0;-11.7;0;0;0;0;0.0004;0;0;0;0;0;0;0;-0.0004;-0.0884;0;0;0;0;0;0;0;0;0;-0.7063;0;0.7063;1;1;0;0;0;0
05/05/21 06:00;1.6881;-68.526;85.903;1.8139;2.589;-90;-2.589;0;0;0;11.53;3.87;0;0;0;0;0;0;0;0;0;0;0;0;0;1;1;1;1;0;0;0;0;0;0;0;0;0;0;0;0;0;0;0;0;0;0;0;0;0;0;0;0;0;0;0;0;0;0;0;0;0;0;0;1;1;1;1;1;1;1;1;1;1;1;1;1;1;1;1;1;1;1;0;0;0;0;0;0;0;0;0;0.0004;0.088;0;-0.0884;0;0;0;0;0;0;0;0;0;0;0;0;0;0;0;0;0;0;0;-11.53;0;0;0;0;0.0004;0;0;0;0;0;0;0;-0.0004;-0.0884;0;0;0;0;0;0;0;0;0;-0.7063;0;0.7063;1;1;0;0;0;0
05/05/21 07:00;8.9469;-62.6;67.841;10.056;14.998;-90;-14.998;164.09;27.1;136.99;12.7;4.34;0;332.24;9.1574;43.131;0;0.4751;385;0;385;332.24;43.131;9.1574;0.4751;0.863;0.025;0;0.0012;384.48;0.5273;0;0;0.1311;0.3963;351.42;32.286;28.26;3.6687;0.3394;0.0176;383.71;0.769;0.6645;0.0863;0.0181;0.0002;351.43;303.32;39.376;8.6689;0.061;6.331;5.2547;1.7714;0.012;0.0561;0.8076;0.006;0.8518;0;1;0;0;2.3463;0.9986;1;1;0.9857;0.1659;0.9159;0.9148;1;0.9623;0.7759;0.998;0.998;1;0.998;0.998;0.9128;0.9467;0.1285;1.1562;1.0602;0.0064;0.0126;0.0074;0.0072;0.0257;0.0002;0;0;0.088;0;0.873;0;0;0;0;0;0;0;0;0;0;0;0;0.0207;0.0028;0.9772;0.9772;0;26.979;26.979;14.279;0.0406;909.13;1074.9;1;0.0162;0.0162;0;0;0;0;0;0;0.961;0.873;0;16.101;18.645;14.384;16.657;98.343;98.343;9.2401;7.8097;6.9771;1.4304;0.8327;0.1548;0.0901;0.7551;5.5727;0.7539;0
05/05/21 08:00;19.289;-52.269;36.762;23.869;55.061;-90;-55.061;209.9;126.4;83.499;14.4;4.41;0;202.51;80.677;57.73;0;7.6236;348.54;0;348.54;202.51;57.73;80.677;7.6236;0.581;0.2533;0;0.0219;332.43;16.108;0;0;8.9653;7.143;328.01;3.7565;1.0086;0.2875;2.4396;0.0207;331.77;0.6649;0.405;0.1155;0.1434;0.001;329.56;201.09;57.327;69.129;0.459;66.944;55.564;20.467;9.9441;1.1189;16.095;1.5503;7.2701;0;1;0;0;1.6605;0.9538;1;1;0.8889;0.0631;0.9887;0.995;1;0.9659;0.9568;0.998;0.998;1;0.998;0.998;0.9411;0.8569;0.0602;1.0467;1.0265;0.0062;0.0131;0.01;0.007;0.0248;0.0031;0;0;0.088;0;0.8363;0;0;0;0;0;0;0;0;0;0;0;0;0.0199;0.0027;0.9398;0.9398;0;27.742;27.742;13.342;0.0407;879;1069.2;1;0.0155;0.0155;0;0;0;0;0;0;0.9243;0.8363;0;17.105;19.808;15.221;17.625;98.346;98.346;8.3649;7.5111;6.6836;0.8539;0.8275;0.1021;0.0989;0.799;66.418;0.7723;0
05/05/21 09:00;28.135;-39.855;42.607;39.843;50.157;-90;-50.157;488.79;80.602;408.19;15.53;4.5301;0;637.13;23.48;81.132;0;14.929;756.67;0;756.67;637.13;81.132;23.48;14.929;0.842;0.0508;0;0.0197;740.44;16.229;0;0;2.2794;13.95;732.19;6.7705;5.3471;0.6809;0.7021;0.0404;738.96;1.4809;1.2743;0.1623;0.0424;0.002;735.51;630.5;80.289;20.456;0.9369;183.83;152.58;49.284;2.0913;1.8834;27.092;3.3288;26.884;0;1;0;0;1.548;0.9786;1;1;0.9029;0.0656;0.9908;0.9916;1;0.9668;0.9586;0.998;0.998;1;0.998;0.998;0.9676;0.8712;0.0628;2.2723;2.2724;0.0137;-0.0015;0.1644;0.0147;0.052;0.005;0;0;0.088;0;1.8503;0;0;0;0;0;0;0;0;0;0;0;0;0.0419;0.0115;1.9707;1.9707;0;45.651;45.651;30.121;0.0411;1954.1;1008.5;1;0.0324;0.0324;0;0;0;0;0;0;1.9383;1.8503;0;16.521;19.131;15.512;17.962;98.355;98.355;18.16;15.75;14.787;2.4104;0.9624;0.1327;0.053;0.8143;18.362;0.793;0
05/05/21 10:00;34.72;-24.835;48.239;58.779;31.221;-90;-31.221;290.4;247.9;42.503;18.58;4.72;0;49.701;217.16;16.116;0;3.5748;286.56;0;286.56;49.701;16.116;217.16;3.5748;0.1734;0.7703;0;0.0125;273.12;13.437;0;0;10.284;3.1524;265.03;7.5424;0.5805;0.1882;6.7026;0.0711;272.57;0.5462;0.0994;0.0322;0.4138;0.0008;266.14;49.021;15.895;199.76;0.3505;173.64;144.12;47.812;3.7756;1.814;26.094;1.1103;24.133;0;1;0;0;0.9868;0.9531;1;1;0.9526;0.1182;0.9723;0.9883;1;0.9675;0.8314;0.998;0.998;1;0.998;0.998;0.9249;0.9199;0.0981;0.8605;0.8566;0.0052;0.0153;0.0134;0.0058;0.0204;0.005;0;0;0.088;0;0.6722;0;0;0;0;0;0;0;0;0;0;0;0;0.0164;0.0019;0.7732;0.7732;0;29.391;29.391;10.811;0.0408;732.06;1056.1;1;0.0129;0.0129;0;0;0;0;0;0;0.7602;0.6722;0;17.116;19.82;14.882;17.232;98.328;98.328;6.8773;6.179;5.3724;0.6983;0.8066;0.1015;0.1173;0.7812;144.36;0.7313;0
05/05/21 11:00;38.148;-7.4381;51.242;80.641;9.3589;-90;-9.3589;694.3;114.6;579.7;19.07;5.4101;0;587.52;34.247;81.204;0;0.7856;703.76;0;703.76;587.52;81.204;34.247;0.7856;0.8348;0.0498;0;0.0011;702.88;0.8771;0;0;0.222;0.6551;690.6;10.874;8.2973;1.1468;1.4009;0.0293;701.47;1.4058;1.175;0.1624;0.068;0.0003;690.74;578.05;79.895;32.556;0.101;405.94;336.93;110.19;0.0079;3.7707;54.24;0.1458;58.002;0;1;0;0;1.0136;0.9988;1;1;0.9935;0.1661;0.9845;0.9858;1;0.9587;0.7753;0.998;0.998;1;0.998;0.998;0.9813;0.9506;0.1285;2.1134;2.1948;0.0132;-0.001;0.1736;0.0141;0.0499;0.0099;0;0;0.088;0;1.7656;0;0;0;0;0;0;0;0;0;0;0;0;0.0402;0.0108;1.8842;1.8842;0;47.528;47.528;28.458;0.0412;1885.4;999.36;1;0.0306;0.0306;0;0;0;0;0;0;1.8536;1.7656;0;16.984;19.667;15.915;18.429;98.377;98.377;16.89;15.058;14.111;1.8317;0.9477;0.1084;0.0561;0.8354;20.498;0.7899;0
05/05/21 12:00;37.783;10.834;50.919;76.371;13.629;90;13.629;398.19;279.5;118.69;20.88;6.08;0;122.13;235.79;41.508;0;0.9531;400.39;0;400.39;122.13;41.508;235.79;0.9531;0.305;0.5913;0;0.0024;396.71;3.6751;0;0;2.879;0.7961;384.67;11.245;1.6757;0.5695;8.9645;0.0353;395.92;0.7934;0.2443;0.083;0.4658;0.0003;384.88;120.21;40.856;223.49;0.1214;234.71;194.81;62.481;0.2165;2.2739;32.709;0.2041;34.766;0;1;0;0;1.0055;0.9908;1;1;0.9878;0.1647;0.9716;0.9863;1;0.9614;0.7748;0.998;0.998;1;0.998;0.998;0.9608;0.9478;0.1274;1.2024;1.2282;0.0074;0.0102;0.0508;0.0081;0.0288;0.0062;0;0;0.088;0;0.9846;0;0;0;0;0;0;0;0;0;0;0;0;0.0232;0.0037;1.0899;1.0899;0;36.629;36.629;15.748;0.0409;1053.9;1034.2;1;0.0173;0.0173;0;0;0;0;0;0;1.0726;0.9846;0;17.268;19.995;15.599;18.063;98.412;98.412;9.6093;8.7102;7.8686;0.8991;0.8416;0.0936;0.0876;0.8188;142.82;0.7717;0
05/05/21 13:00;33.698;27.86;47.353;54.979;35.021;90;35.021;450.6;211.4;239.21;20.94;6.0501;0;292.09;130.51;82.914;0;6.9348;512.45;0;512.45;292.09;82.914;130.51;6.9348;0.57;0.2682;0;0.0135;498.78;13.664;0;0;7.4214;6.2427;489.54;8.2486;3.2606;0.9256;3.965;0.0975;497.79;0.9976;0.5842;0.1658;0.2462;0.0014;491.6;288.25;81.823;118.87;0.5933;242.49;201.27;67.412;3.3707;2.368;34.062;2.0667;33.059;0;1;0;0;1.1372;0.9733;1;1;0.9431;0.0998;0.9834;0.9888;1;0.9677;0.8589;0.998;0.998;1;0.998;0.998;0.9553;0.9109;0.0855;1.5389;1.5525;0.0093;0.0056;0.088;0.0101;0.036;0.0064;0;0;0.088;0;1.2533;0;0;0;0;0;0;0;0;0;0;0;0;0.029;0.0057;1.3624;1.3624;0;41.029;41.029;20.089;0.041;1334;1021.3;1;0.0212;0.0212;0;0;0;0;0;0;1.3413;1.2533;0;16.866;19.53;15.514;17.965;98.447;98.447;12.299;10.889;10.016;1.4102;0.8724;0.1147;0.0709;0.8144;89.248;0.7758;0
05/05/21 14:00;26.62;42.374;41.334;36.637;53.363;90;53.363;464.49;95.303;369.19;21.8;5.52;0;618.68;29.382;98.033;0;15.922;762.02;0;762.02;618.68;98.033;29.382;15.922;0.8119;0.0595;0;0.0209;743.95;18.071;0;0;3.1264;14.945;736.05;6.4068;4.7326;0.7499;0.8841;0.0402;742.46;1.4879;1.2374;0.1961;0.0525;0.002;739.35;612.71;97.087;25.319;0.9345;157.37;130.62;42.328;3.2474;1.698;24.425;3.2943;22.875;0;1;0;0;1.6405;0.9763;1;1;0.8936;0.0613;0.9914;0.9923;1;0.9663;0.9588;0.998;0.998;1;0.998;0.998;0.9659;0.8617;0.0587;2.2883;2.2783;0.0137;-0.0015;0.2186;0.0143;0.0508;0.0044;0;0;0.088;0;1.8064;0;0;0;0;0;0;0;0;0;0;0;0;0.0409;0.0116;1.9254;1.9254;0;52.247;52.247;30.446;0.0414;1962.5;981.12;1;0.031;0.031;0;0;0;0;0;0;1.8944;1.8064;0;16.029;18.561;15.038;17.414;98.389;98.389;18.288;15.388;14.437;2.9003;0.9512;0.1586;0.052;0.7894;23.748;0.7709;0
05/05/21 15:00;17.441;54.347;43.37;21.139;39.862;90;39.862;51.103;50.601;0.501;20.9;4.42;0;1.2152;44.666;0.1528;0;1.0095;47.043;0;47.043;1.2152;0.1528;44.666;1.0095;0.0258;0.9709;0;0.0215;43.009;4.0341;0;0;3.1062;0.9279;41.561;1.3619;0.0107;0.0014;1.3422;0.0076;42.923;0.086;0.0024;0.0003;0.0831;0.0002;41.918;1.202;0.1512;40.134;0.0738;31.782;26.379;9.0789;1.798;0.3827;5.5049;0.3568;4.0895;0;1;0;0;0.9206;0.9142;1;1;0.9305;0.0808;0.9683;0.9911;1;0.9676;0.9065;0.998;0.998;1;0.998;0.998;0.8835;0.8985;0.0731;0.1413;0.1379;0.0008;0.013;-0.0012;0.0009;0.0031;0.001;0;0;0.088;0;0.0247;0;0;0;0;0;0;0;0;0;0;0;0;0.0025;0.0001;0.1176;0.1176;0;22.618;22.618;1.7175;0.0413;116.19;1012.2;1;0.0049;0.0049;0;0;0;0;0;0;0.1127;0.0247;0;15.859;18.365;3.3317;3.8581;95.832;95.832;1.129;0.9399;0.1975;0.1891;0.7425;0.1675;0.6576;0.1749;31.78;0.1608;0
05/05/21 16:00;6.8858;64.363;73.096;7.6293;11.154;90;11.154;9.2985;9.1996;0.0989;19.6;4.2299;0;0.2397;9.1071;0.0137;0;0.0149;9.3755;0;9.3755;0.2397;0.0137;9.1071;0.0149;0.0256;0.973;0;0.0016;9.2837;0.0919;0;0;0.0794;0.0125;8.8647;0.4004;0.036;0.0021;0.3618;0.0006;9.2651;0.0186;0.0005;0;0.0181;0;8.8674;0.2032;0.0116;8.6479;0.0019;5.4759;4.545;1.4234;0.004;0.0552;0.7942;0.0027;0.8454;0;1;0;0;1.0083;0.9902;1;1;0.9913;0.1651;0.9568;0.8494;1;0.9598;0.7746;0.998;0.998;1;0.998;0.998;0.9455;0.9496;0.1277;0.0282;0.0284;0.0002;0.0058;-0.0005;0.0002;0.0006;0.0001;0;0;0.088;0;-0.0688;0;0;0;0;0;0;0;0;0;0;0;0;0.0005;0;0.0216;0.0216;0;19.975;19.975;0.3751;0.0423;22.645;952;1;0.0024;0.0024;0;0;0;0;0;0;0.0192;-0.0688;0;14.587;16.891;-46.583;-53.942;88.844;88.844;0.225;0.1723;-0.5502;0.0527;0.7225;0.2343;3.211;0;5.4754;0;0
05/05/21 17:00;0.6836;69.292;88.342;0.7308;1.0418;90;1.0418;0;0;0;18.64;5.0101;0;0;0;0;0;0;0;0;0;0;0;0;0;1;1;1;1;0;0;0;0;0;0;0;0;0;0;0;0;0;0;0;0;0;0;0;0;0;0;0;0;0;0;0;0;0;0;0;0;0;0;0;1;1;1;1;1;1;1;1;1;1;1;1;1;1;1;1;1;1;1;0;0;0;0;0;0;0;0;0;0.0004;0.088;0;-0.0884;0;0;0;0;0;0;0;0;0;0;0;0;0;0;0;0;0;0;0;-18.64;0;0;0;0;0.0004;0;0;0;0;0;0;0;-0.0004;-0.0884;0;0;0;0;0;0;0;0;0;-0.7063;0;0.7063;1;1;0;0;0;0
05/05/21 18:00;0;0;90;0;0;90;0;0;0;0;16.61;5.2;0;0;0;0;0;0;0;0;0;0;0;0;0;1;1;1;1;0;0;0;0;0;0;0;0;0;0;0;0;0;0;0;0;0;0;0;0;0;0;0;0;0;0;0;0;0;0;0;0;0;0;0;1;1;1;1;1;1;1;1;1;1;1;1;1;1;1;1;1;1;1;0;0;0;0;0;0;0;0;0;0.0004;0.088;0;-0.0884;0;0;0;0;0;0;0;0;0;0;0;0;0;0;0;0;0;0;0;-16.61;0;0;0;0;0.0004;0;0;0;0;0;0;0;-0.0004;-0.0884;0;0;0;0;0;0;0;0;0;-0.7063;0;0.7063;1;1;0;0;0;0
05/05/21 19:00;0;0;90;0;0;90;0;0;0;0;15.11;5.05;0;0;0;0;0;0;0;0;0;0;0;0;0;1;1;1;1;0;0;0;0;0;0;0;0;0;0;0;0;0;0;0;0;0;0;0;0;0;0;0;0;0;0;0;0;0;0;0;0;0;0;0;1;1;1;1;1;1;1;1;1;1;1;1;1;1;1;1;1;1;1;0;0;0;0;0;0;0;0;0;0.0004;0.088;0;-0.0884;0;0;0;0;0;0;0;0;0;0;0;0;0;0;0;0;0;0;0;-15.11;0;0;0;0;0.0004;0;0;0;0;0;0;0;-0.0004;-0.0884;0;0;0;0;0;0;0;0;0;-0.7063;0;0.7063;1;1;0;0;0;0
05/05/21 20:00;0;0;90;0;0;90;0;0;0;0;14.38;4.5;0;0;0;0;0;0;0;0;0;0;0;0;0;1;1;1;1;0;0;0;0;0;0;0;0;0;0;0;0;0;0;0;0;0;0;0;0;0;0;0;0;0;0;0;0;0;0;0;0;0;0;0;1;1;1;1;1;1;1;1;1;1;1;1;1;1;1;1;1;1;1;0;0;0;0;0;0;0;0;0;0.0004;0.088;0;-0.0884;0;0;0;0;0;0;0;0;0;0;0;0;0;0;0;0;0;0;0;-14.38;0;0;0;0;0.0004;0;0;0;0;0;0;0;-0.0004;-0.0884;0;0;0;0;0;0;0;0;0;-0.7063;0;0.7063;1;1;0;0;0;0
05/05/21 21:00;0;0;90;0;0;90;0;0;0;0;13.04;3.86;0;0;0;0;0;0;0;0;0;0;0;0;0;1;1;1;1;0;0;0;0;0;0;0;0;0;0;0;0;0;0;0;0;0;0;0;0;0;0;0;0;0;0;0;0;0;0;0;0;0;0;0;1;1;1;1;1;1;1;1;1;1;1;1;1;1;1;1;1;1;1;0;0;0;0;0;0;0;0;0;0.0004;0.088;0;-0.0884;0;0;0;0;0;0;0;0;0;0;0;0;0;0;0;0;0;0;0;-13.04;0;0;0;0;0.0004;0;0;0;0;0;0;0;-0.0004;-0.0884;0;0;0;0;0;0;0;0;0;-0.7063;0;0.7063;1;1;0;0;0;0
05/05/21 22:00;0;0;90;0;0;90;0;0;0;0;13.1;3.38;0;0;0;0;0;0;0;0;0;0;0;0;0;1;1;1;1;0;0;0;0;0;0;0;0;0;0;0;0;0;0;0;0;0;0;0;0;0;0;0;0;0;0;0;0;0;0;0;0;0;0;0;1;1;1;1;1;1;1;1;1;1;1;1;1;1;1;1;1;1;1;0;0;0;0;0;0;0;0;0;0.0004;0.088;0;-0.0884;0;0;0;0;0;0;0;0;0;0;0;0;0;0;0;0;0;0;0;-13.1;0;0;0;0;0.0004;0;0;0;0;0;0;0;-0.0004;-0.0884;0;0;0;0;0;0;0;0;0;-0.7063;0;0.7063;1;1;0;0;0;0
05/05/21 23:00;0;0;90;0;0;90;0;0;0;0;11.05;3.1199;0;0;0;0;0;0;0;0;0;0;0;0;0;1;1;1;1;0;0;0;0;0;0;0;0;0;0;0;0;0;0;0;0;0;0;0;0;0;0;0;0;0;0;0;0;0;0;0;0;0;0;0;1;1;1;1;1;1;1;1;1;1;1;1;1;1;1;1;1;1;1;0;0;0;0;0;0;0;0;0;0.0004;0.088;0;-0.0884;0;0;0;0;0;0;0;0;0;0;0;0;0;0;0;0;0;0;0;-11.05;0;0;0;0;0.0004;0;0;0;0;0;0;0;-0.0004;-0.0884;0;0;0;0;0;0;0;0;0;-0.7063;0;0.7063;1;1;0;0;0;0
06/05/21 00:00;0;0;90;0;0;90;0;0;0;0;10.64;3.15;0;0;0;0;0;0;0;0;0;0;0;0;0;1;1;1;1;0;0;0;0;0;0;0;0;0;0;0;0;0;0;0;0;0;0;0;0;0;0;0;0;0;0;0;0;0;0;0;0;0;0;0;1;1;1;1;1;1;1;1;1;1;1;1;1;1;1;1;1;1;1;0;0;0;0;0;0;0;0;0;0.0004;0.088;0;-0.0884;0;0;0;0;0;0;0;0;0;0;0;0;0;0;0;0;0;0;0;-10.64;0;0;0;0;0.0004;0;0;0;0;0;0;0;-0.0004;-0.0884;0;0;0;0;0;0;0;0;0;-0.7063;0;0.7063;1;1;0;0;0;0
06/05/21 01:00;0;0;90;0;0;90;0;0;0;0;10.06;3.53;0;0;0;0;0;0;0;0;0;0;0;0;0;1;1;1;1;0;0;0;0;0;0;0;0;0;0;0;0;0;0;0;0;0;0;0;0;0;0;0;0;0;0;0;0;0;0;0;0;0;0;0;1;1;1;1;1;1;1;1;1;1;1;1;1;1;1;1;1;1;1;0;0;0;0;0;0;0;0;0;0.0004;0.088;0;-0.0884;0;0;0;0;0;0;0;0;0;0;0;0;0;0;0;0;0;0;0;-10.06;0;0;0;0;0.0004;0;0;0;0;0;0;0;-0.0004;-0.0884;0;0;0;0;0;0;0;0;0;-0.7063;0;0.7063;1;1;0;0;0;0
06/05/21 02:00;0;0;90;0;0;90;0;0;0;0;10.14;3.88;0;0;0;0;0;0;0;0;0;0;0;0;0;1;1;1;1;0;0;0;0;0;0;0;0;0;0;0;0;0;0;0;0;0;0;0;0;0;0;0;0;0;0;0;0;0;0;0;0;0;0;0;1;1;1;1;1;1;1;1;1;1;1;1;1;1;1;1;1;1;1;0;0;0;0;0;0;0;0;0;0.0004;0.088;0;-0.0884;0;0;0;0;0;0;0;0;0;0;0;0;0;0;0;0;0;0;0;-10.14;0;0;0;0;0.0004;0;0;0;0;0;0;0;-0.0004;-0.0884;0;0;0;0;0;0;0;0;0;-0.7063;0;0.7063;1;1;0;0;0;0
06/05/21 03:00;0;0;90;0;0;90;0;0;0;0;10.02;4.03;0;0;0;0;0;0;0;0;0;0;0;0;0;1;1;1;1;0;0;0;0;0;0;0;0;0;0;0;0;0;0;0;0;0;0;0;0;0;0;0;0;0;0;0;0;0;0;0;0;0;0;0;1;1;1;1;1;1;1;1;1;1;1;1;1;1;1;1;1;1;1;0;0;0;0;0;0;0;0;0;0.0004;0.088;0;-0.0884;0;0;0;0;0;0;0;0;0;0;0;0;0;0;0;0;0;0;0;-10.02;0;0;0;0;0.0004;0;0;0;0;0;0;0;-0.0004;-0.0884;0;0;0;0;0;0;0;0;0;-0.7063;0;0.7063;1;1;0;0;0;0
06/05/21 04:00;0;0;90;0;0;90;0;0;0;0;10.39;3.9999;0;0;0;0;0;0;0;0;0;0;0;0;0;1;1;1;1;0;0;0;0;0;0;0;0;0;0;0;0;0;0;0;0;0;0;0;0;0;0;0;0;0;0;0;0;0;0;0;0;0;0;0;1;1;1;1;1;1;1;1;1;1;1;1;1;1;1;1;1;1;1;0;0;0;0;0;0;0;0;0;0.0004;0.088;0;-0.0884;0;0;0;0;0;0;0;0;0;0;0;0;0;0;0;0;0;0;0;-10.39;0;0;0;0;0.0004;0;0;0;0;0;0;0;-0.0004;-0.0884;0;0;0;0;0;0;0;0;0;-0.7063;0;0.7063;1;1;0;0;0;0
06/05/21 05:00;0;0;90;0;0;90;0;0;0;0;10.88;3.63;0;0;0;0;0;0;0;0;0;0;0;0;0;1;1;1;1;0;0;0;0;0;0;0;0;0;0;0;0;0;0;0;0;0;0;0;0;0;0;0;0;0;0;0;0;0;0;0;0;0;0;0;1;1;1;1;1;1;1;1;1;1;1;1;1;1;1;1;1;1;1;0;0;0;0;0;0;0;0;0;0.0004;0.088;0;-0.0884;0;0;0;0;0;0;0;0;0;0;0;0;0;0;0;0;0;0;0;-10.88;0;0;0;0;0.0004;0;0;0;0;0;0;0;-0.0004;-0.0884;0;0;0;0;0;0;0;0;0;-0.7063;0;0.7063;1;1;0;0;0;0
06/05/21 06:00;1.7216;-68.147;85.822;1.8548;2.6474;-90;-2.6474;0;0;0;11.24;3.77;0;0;0;0;0;0;0;0;0;0;0;0;0;1;1;1;1;0;0;0;0;0;0;0;0;0;0;0;0;0;0;0;0;0;0;0;0;0;0;0;0;0;0;0;0;0;0;0;0;0;0;0;1;1;1;1;1;1;1;1;1;1;1;1;1;1;1;1;1;1;1;0;0;0;0;0;0;0;0;0;0.0004;0.088;0;-0.0884;0;0;0;0;0;0;0;0;0;0;0;0;0;0;0;0;0;0;0;-11.24;0;0;0;0;0.0004;0;0;0;0;0;0;0;-0.0004;-0.0884;0;0;0;0;0;0;0;0;0;-0.7063;0;0.7063;1;1;0;0;0;0
06/05/21 07:00;8.7772;-62.373;68.279;9.8857;14.721;-90;-14.721;139.01;22.903;116.11;12.77;4.1;0;281.59;9.7514;31.501;0;0.3878;323.23;0;323.23;281.59;31.501;9.7514;0.3878;0.8712;0.0314;0;0.0012;322.77;0.4587;0;0;0.1352;0.3234;293.78;28.344;25.153;2.8138;0.3633;0.0144;322.12;0.6455;0.5632;0.063;0.0192;0.0001;293.79;255.87;28.625;9.2336;0.0499;6.5608;5.4455;1.8114;0.0119;0.0597;0.8591;0.0061;0.9069;0;1;0;0;2.3252;0.9986;1;1;0.9861;0.166;0.912;0.9105;1;0.9621;0.7758;0.998;0.998;1;0.998;0.998;0.9089;0.9469;0.1286;0.9707;0.8867;0.0053;0.0149;-0.001;0.0061;0.0215;0.0002;0;0;0.088;0;0.7183;0;0;0;0;0;0;0;0;0;0;0;0;0.0173;0.0021;0.8202;0.8202;0;24.698;24.698;11.928;0.0406;759.63;1079.7;1;0.0139;0.0139;0;0;0;0;0;0;0.8063;0.7183;0;16.097;18.64;14.098;16.325;98.309;98.309;7.7575;6.555;5.7408;1.2025;0.8142;0.155;0.105;0.74;5.9283;0.7386;0
06/05/21 08:00;19.093;-52.055;37.502;23.699;53.409;-90;-53.409;145.49;128.3;17.191;15.27;4.17;0;41.692;98.381;12.189;0;4.9951;157.26;0;157.26;41.692;12.189;98.381;4.9951;0.2651;0.6574;0;0.0318;142.12;15.139;0;0;10.461;4.6779;138.57;3.2653;0.2257;0.066;2.9609;0.0127;141.83;0.2842;0.0834;0.0244;0.1758;0.0006;140.32;41.383;12.098;84.783;0.3038;79.675;66.13;24.082;10.894;1.2885;18.535;1.7475;8.9296;0;1;0;0;1.0809;0.9037;1;1;0.8937;0.0635;0.977;0.9946;1;0.9663;0.9598;0.998;0.998;1;0.998;0.998;0.8812;0.8618;0.0608;0.4722;0.4617;0.0028;0.0181;-0.0068;0.0031;0.0111;0.0036;0;0;0.088;0;0.3236;0;0;0;0;0;0;0;0;0;0;0;0;0.0089;0.0007;0.4202;0.4202;0;20.913;20.913;5.6428;0.0407;393.29;1068.4;1;0.0086;0.0086;0;0;0;0;0;0;0.4116;0.3236;0;16.95;19.628;13.054;15.116;97.956;97.956;3.7742;3.3581;2.5862;0.416;0.772;0.1102;0.2045;0.6852;79.566;0.6297;0
06/05/21 09:00;27.91;-39.664;42.864;39.688;50.312;-90;-50.312;442.4;83.103;359.3;17.93;5.4199;0;562.62;29.132;74.452;0;13.59;679.8;0;679.8;562.62;74.452;29.132;13.59;0.8276;0.0628;0;0.02;664.26;15.541;0;0;2.8407;12.7;656.58;6.3502;4.8063;0.636;0.8713;0.0365;662.93;1.3285;1.1252;0.1489;0.0526;0.0018;659.66;556.69;73.667;25.368;0.8514;168.27;139.66;45.238;2.6213;1.7617;25.341;3.0842;24.481;0;1;0;0;1.5366;0.9771;1;1;0.9025;0.0655;0.9904;0.9914;1;0.9668;0.9589;0.998;0.998;1;0.998;0.998;0.9658;0.8708;0.0626;2.0414;2.0403;0.0123;0.0001;0.1428;0.0132;0.0468;0.0047;0;0;0.088;0;1.6566;0;0;0;0;0;0;0;0;0;0;0;0;0.0377;0.0094;1.7733;1.7733;0;44.931;44.931;27.001;0.0411;1753.4;1011.4;1;0.0287;0.0287;0;0;0;0;0;0;1.7446;1.6566;0;16.548;19.162;15.459;17.901;98.382;98.382;16.315;14.172;13.24;2.1428;0.9327;0.1313;0.0572;0.8115;22.818;0.7895;0
06/05/21 10:00;34.465;-24.693;48.511;58.674;31.326;-90;-31.326;559.49;99.101;460.39;21.03;5.86;0;538.96;36.164;70.349;0;6.9328;652.41;0;652.41;538.96;70.349;36.164;6.9328;0.8261;0.0661;0;0.0106;644.57;7.8385;0;0;1.7219;6.1166;634.81;8.4658;6.3806;0.8328;1.1156;0.1368;643.28;1.2891;1.0779;0.1407;0.0689;0.0016;636.75;531.5;69.375;33.258;0.6778;294.54;244.47;81.287;0.6377;2.6903;38.699;1.9431;40.752;0;1;0;0;1.1661;0.988;1;1;0.9524;0.1177;0.9868;0.9881;1;0.9675;0.8321;0.998;0.998;1;0.998;0.998;0.973;0.9196;0.0978;1.9592;1.9994;0.012;0.0005;0.1561;0.0128;0.0454;0.0071;0;0;0.088;0;1.6043;0;0;0;0;0;0;0;0;0;0;0;0;0.0366;0.009;1.7198;1.7198;0;47.188;47.188;26.158;0.0412;1717.2;1001.5;1;0.0275;0.0275;0;0;0;0;0;0;1.6923;1.6043;0;16.722;19.364;15.599;18.064;98.402;98.402;15.658;13.745;12.822;1.9131;0.923;0.1222;0.0589;0.8189;24.058;0.7841;0
06/05/21 11:00;37.872;-7.3759;51.523;80.626;9.3738;-90;-9.3738;664.8;109.7;555.1;22.74;5.8901;0;562.62;35.525;74.933;0;0.7546;673.83;0;673.83;562.62;74.933;35.525;0.7546;0.835;0.0538;0;0.0011;672.97;0.8601;0;0;0.2309;0.6292;660.9;10.721;8.1538;1.086;1.4529;0.0281;671.62;1.3459;1.1252;0.1499;0.0706;0.0003;661.04;553.34;73.698;33.771;0.097;388.71;322.63;105.5;0.0082;3.612;51.957;0.1401;55.561;0;1;0;0;1.0136;0.9987;1;1;0.9935;0.1661;0.984;0.9855;1;0.9588;0.7753;0.998;0.998;1;0.998;0.998;0.9808;0.9506;0.1286;2.0235;2.1005;0.0126;-0.0004;0.1852;0.0133;0.0472;0.0094;0;0;0.088;0;1.6686;0;0;0;0;0;0;0;0;0;0;0;0;0.038;0.0099;1.7851;1.7851;0;50.035;50.035;27.294;0.0413;1805.1;988.89;1;0.0285;0.0285;0;0;0;0;0;0;1.7566;1.6686;0;16.805;19.46;15.709;18.19;98.404;98.404;16.172;14.266;13.335;1.9055;0.931;0.1178;0.0576;0.8246;21.264;0.7796;0
06/05/21 12:00;37.503;10.8;51.194;76.279;13.722;90;13.722;611.3;117.3;494;23.24;5.6501;0;508.51;45.696;73.027;0;1.4829;628.71;0;628.71;508.51;73.027;45.696;1.4829;0.8088;0.075;0;0.0024;626.91;1.803;0;0;0.5643;1.2387;615.69;9.9666;7.1504;1.0269;1.7343;0.0549;625.66;1.2538;1.017;0.1461;0.0903;0.0005;616.02;500.34;71.854;43.307;0.1889;354.02;293.84;96.806;0.0433;3.2447;46.674;0.3264;49.876;0;1;0;0;1.0285;0.9971;1;1;0.9877;0.1647;0.9841;0.9859;1;0.9615;0.7748;0.998;0.998;1;0.998;0.998;0.9793;0.9477;0.1274;1.888;1.9538;0.0118;0.0009;0.1629;0.0124;0.0441;0.0085;0;0;0.088;0;1.5546;0;0;0;0;0;0;0;0;0;0;0;0;0.0355;0.0086;1.669;1.669;0;48.643;48.643;25.403;0.0413;1677.6;994.87;1;0.0264;0.0264;0;0;0;0;0;0;1.6426;1.5546;0;16.84;19.5;15.685;18.163;98.418;98.418;15.089;13.338;12.424;1.7507;0.9143;0.116;0.0606;0.8234;27.686;0.78;0
06/05/21 13:00;33.433;27.746;47.611;54.81;35.19;90;35.19;502.1;159.2;342.9;24.1;5.28;0;419.57;77.552;90.364;0;7.7996;595.29;0;595.29;419.57;90.364;77.552;7.7996;0.7048;0.1434;0;0.0131;583.82;11.47;0;0;4.4435;7.0266;574.42;8.2315;4.7466;1.0223;2.3549;0.1077;582.65;1.1676;0.8391;0.1807;0.1462;0.0015;576.68;413.99;89.161;70.608;0.6637;260.62;216.32;72.354;2.0372;2.4484;35.219;2.2619;35.63;0;1;0;0;1.1856;0.9807;1;1;0.9427;0.0991;0.9859;0.9887;1;0.9677;0.8603;0.998;0.998;1;0.998;0.998;0.9649;0.9105;0.0851;1.7877;1.8112;0.0109;0.0024;0.1458;0.0116;0.041;0.0064;0;0;0.088;0;1.4403;0;0;0;0;0;0;0;0;0;0;0;0;0.033;0.0075;1.5525;1.5525;0;47.789;47.789;23.69;0.0412;1556.4;997.53;1;0.0242;0.0242;0;0;0;0;0;0;1.5283;1.4403;0;16.544;19.158;15.348;17.773;98.44;98.44;14.287;12.408;11.511;1.8791;0.8969;0.1315;0.0628;0.8057;53.105;0.7715;0
06/05/21 14:00;26.38;42.211;41.571;36.435;53.565;90;53.565;403.1;144.8;258.3;23.47;4.7601;0;434.91;65.397;105.64;0;13.914;619.86;0;619.86;434.91;105.64;65.397;13.914;0.7016;0.1279;0;0.0224;599.8;20.059;0;0;6.9968;13.062;592.39;6.2138;3.387;0.8227;1.9688;0.0352;598.6;1.1996;0.8698;0.2113;0.1168;0.0017;595.78;430.65;104.61;56.315;0.8154;152.22;126.34;41.22;7.3187;1.8959;27.272;3.393;21.849;0;1;0;0;1.5378;0.9676;1;1;0.893;0.0613;0.9896;0.9922;1;0.9662;0.9586;0.998;0.998;1;0.998;0.998;0.9557;0.8611;0.0586;1.8614;1.8519;0.0111;0.0019;0.1497;0.0118;0.0419;0.005;0;0;0.088;0;1.4759;0;0;0;0;0;0;0;0;0;0;0;0;0.0338;0.0078;1.5888;1.5888;0;47.9;47.9;24.43;0.0412;1592;997.98;1;0.0249;0.0249;0;0;0;0;0;0;1.5639;1.4759;0;16.26;18.828;15.104;17.49;98.431;98.431;14.877;12.698;11.795;2.1789;0.9025;0.1465;0.0607;0.7929;52.97;0.7676;0
06/05/21 15:00;17.226;54.157;44.09;20.931;39.115;90;39.115;150.4;137.8;12.595;22.84;3.1701;0;30.546;118.48;10.594;0;2.865;162.49;0;162.49;30.546;10.594;118.48;2.865;0.188;0.7468;0;0.0176;151.86;10.628;0;0;8.0027;2.6255;147.59;3.9693;0.2828;0.0981;3.5642;0.0243;151.56;0.3037;0.0611;0.0212;0.221;0.0005;148.49;30.203;10.475;106.69;0.2147;83.848;69.594;23.883;4.4698;0.9963;14.332;0.9002;10.858;0;1;0;0;1.0804;0.9346;1;1;0.9325;0.0836;0.9738;0.9907;1;0.9677;0.8984;0.998;0.998;1;0.998;0.998;0.9083;0.9005;0.0749;0.4879;0.4774;0.0029;0.0181;0.0067;0.0031;0.0112;0.0027;0;0;0.088;0;0.3267;0;0;0;0;0;0;0;0;0;0;0;0;0.009;0.0007;0.423;0.423;0;28.887;28.887;6.0475;0.041;407.48;1038.1;1;0.0083;0.0083;0;0;0;0;0;0;0.4147;0.3267;0;16.515;19.124;12.755;14.77;98.033;98.033;3.8997;3.3808;2.611;0.5189;0.7698;0.1331;0.1974;0.6695;83.765;0.6281;0
06/05/21 16:00;6.6923;64.158;73.582;7.428;10.845;90;10.845;25.59;25.397;0.1934;21.7;2.65;0;0.469;25.139;0.0762;0;0.0388;25.723;0;25.723;0.469;0.0762;25.139;0.0388;0.0182;0.9788;0;0.0015;25.482;0.2415;0;0;0.2091;0.0324;24.339;1.0917;0.0744;0.0121;1.0038;0.0014;25.431;0.051;0.0009;0.0002;0.0499;0;24.346;0.3937;0.064;23.876;0.005;15.103;12.535;3.9243;0.0099;0.1523;2.1909;0.007;2.3332;0;1;0;0;1.0052;0.9906;1;1;0.9917;0.1651;0.9571;0.8412;1;0.9597;0.7747;0.998;0.998;1;0.998;0.998;0.9462;0.9498;0.1277;0.0772;0.0779;0.0005;0.0099;-0.0007;0.0005;0.0017;0.0004;0;0;0.088;0;-0.0272;0;0;0;0;0;0;0;0;0;0;0;0;0.0014;0.0001;0.0642;0.0642;0;22.713;22.713;1.0133;0.0416;65.025;987.7;1;0.0035;0.0035;0;0;0;0;0;0;0.0608;-0.0272;0;15.839;18.341;-6.7141;-7.7748;94.628;94.628;0.6174;0.5133;-0.2176;0.1041;0.7309;0.1686;1.1839;0;15.102;0;0
06/05/21 17:00;0.4997;69.079;88.788;0.535;0.7626;90;0.7626;0;0;0;20.14;2.75;0;0;0;0;0;0;0;0;0;0;0;0;0;1;1;1;1;0;0;0;0;0;0;0;0;0;0;0;0;0;0;0;0;0;0;0;0;0;0;0;0;0;0;0;0;0;0;0;0;0;0;0;1;1;1;1;1;1;1;1;1;1;1;1;1;1;1;1;1;1;1;0;0;0;0;0;0;0;0;0;0.0004;0.088;0;-0.0884;0;0;0;0;0;0;0;0;0;0;0;0;0;0;0;0;0;0;0;-20.14;0;0;0;0;0.0004;0;0;0;0;0;0;0;-0.0004;-0.0884;0;0;0;0;0;0;0;0;0;-0.7063;0;0.7063;1;1;0;0;0;0
06/05/21 18:00;0;0;90;0;0;90;0;0;0;0;19.38;2.82;0;0;0;0;0;0;0;0;0;0;0;0;0;1;1;1;1;0;0;0;0;0;0;0;0;0;0;0;0;0;0;0;0;0;0;0;0;0;0;0;0;0;0;0;0;0;0;0;0;0;0;0;1;1;1;1;1;1;1;1;1;1;1;1;1;1;1;1;1;1;1;0;0;0;0;0;0;0;0;0;0.0004;0.088;0;-0.0884;0;0;0;0;0;0;0;0;0;0;0;0;0;0;0;0;0;0;0;-19.38;0;0;0;0;0.0004;0;0;0;0;0;0;0;-0.0004;-0.0884;0;0;0;0;0;0;0;0;0;-0.7063;0;0.7063;1;1;0;0;0;0
06/05/21 19:00;0;0;90;0;0;90;0;0;0;0;19.13;2.82;0;0;0;0;0;0;0;0;0;0;0;0;0;1;1;1;1;0;0;0;0;0;0;0;0;0;0;0;0;0;0;0;0;0;0;0;0;0;0;0;0;0;0;0;0;0;0;0;0;0;0;0;1;1;1;1;1;1;1;1;1;1;1;1;1;1;1;1;1;1;1;0;0;0;0;0;0;0;0;0;0.0004;0.088;0;-0.0884;0;0;0;0;0;0;0;0;0;0;0;0;0;0;0;0;0;0;0;-19.13;0;0;0;0;0.0004;0;0;0;0;0;0;0;-0.0004;-0.0884;0;0;0;0;0;0;0;0;0;-0.7063;0;0.7063;1;1;0;0;0;0
06/05/21 20:00;0;0;90;0;0;90;0;0;0;0;18.25;2.75;0;0;0;0;0;0;0;0;0;0;0;0;0;1;1;1;1;0;0;0;0;0;0;0;0;0;0;0;0;0;0;0;0;0;0;0;0;0;0;0;0;0;0;0;0;0;0;0;0;0;0;0;1;1;1;1;1;1;1;1;1;1;1;1;1;1;1;1;1;1;1;0;0;0;0;0;0;0;0;0;0.0004;0.088;0;-0.0884;0;0;0;0;0;0;0;0;0;0;0;0;0;0;0;0;0;0;0;-18.25;0;0;0;0;0.0004;0;0;0;0;0;0;0;-0.0004;-0.0884;0;0;0;0;0;0;0;0;0;-0.7063;0;0.7063;1;1;0;0;0;0
06/05/21 21:00;0;0;90;0;0;90;0;0;0;0;18.07;2.6399;0;0;0;0;0;0;0;0;0;0;0;0;0;1;1;1;1;0;0;0;0;0;0;0;0;0;0;0;0;0;0;0;0;0;0;0;0;0;0;0;0;0;0;0;0;0;0;0;0;0;0;0;1;1;1;1;1;1;1;1;1;1;1;1;1;1;1;1;1;1;1;0;0;0;0;0;0;0;0;0;0.0004;0.088;0;-0.0884;0;0;0;0;0;0;0;0;0;0;0;0;0;0;0;0;0;0;0;-18.07;0;0;0;0;0.0004;0;0;0;0;0;0;0;-0.0004;-0.0884;0;0;0;0;0;0;0;0;0;-0.7063;0;0.7063;1;1;0;0;0;0
06/05/21 22:00;0;0;90;0;0;90;0;0;0;0;15.34;2.5599;0;0;0;0;0;0;0;0;0;0;0;0;0;1;1;1;1;0;0;0;0;0;0;0;0;0;0;0;0;0;0;0;0;0;0;0;0;0;0;0;0;0;0;0;0;0;0;0;0;0;0;0;1;1;1;1;1;1;1;1;1;1;1;1;1;1;1;1;1;1;1;0;0;0;0;0;0;0;0;0;0.0004;0.088;0;-0.0884;0;0;0;0;0;0;0;0;0;0;0;0;0;0;0;0;0;0;0;-15.34;0;0;0;0;0.0004;0;0;0;0;0;0;0;-0.0004;-0.0884;0;0;0;0;0;0;0;0;0;-0.7063;0;0.7063;1;1;0;0;0;0
06/05/21 23:00;0;0;90;0;0;90;0;0;0;0;13.47;2.5599;0;0;0;0;0;0;0;0;0;0;0;0;0;1;1;1;1;0;0;0;0;0;0;0;0;0;0;0;0;0;0;0;0;0;0;0;0;0;0;0;0;0;0;0;0;0;0;0;0;0;0;0;1;1;1;1;1;1;1;1;1;1;1;1;1;1;1;1;1;1;1;0;0;0;0;0;0;0;0;0;0.0004;0.088;0;-0.0884;0;0;0;0;0;0;0;0;0;0;0;0;0;0;0;0;0;0;0;-13.47;0;0;0;0;0.0004;0;0;0;0;0;0;0;-0.0004;-0.0884;0;0;0;0;0;0;0;0;0;-0.7063;0;0.7063;1;1;0;0;0;0
07/05/21 00:00;0;0;90;0;0;90;0;0;0;0;14.08;2.6399;0;0;0;0;0;0;0;0;0;0;0;0;0;1;1;1;1;0;0;0;0;0;0;0;0;0;0;0;0;0;0;0;0;0;0;0;0;0;0;0;0;0;0;0;0;0;0;0;0;0;0;0;1;1;1;1;1;1;1;1;1;1;1;1;1;1;1;1;1;1;1;0;0;0;0;0;0;0;0;0;0.0004;0.088;0;-0.0884;0;0;0;0;0;0;0;0;0;0;0;0;0;0;0;0;0;0;0;-14.08;0;0;0;0;0.0004;0;0;0;0;0;0;0;-0.0004;-0.0884;0;0;0;0;0;0;0;0;0;-0.7063;0;0.7063;1;1;0;0;0;0
07/05/21 01:00;0;0;90;0;0;90;0;0;0;0;12.56;2.7199;0;0;0;0;0;0;0;0;0;0;0;0;0;1;1;1;1;0;0;0;0;0;0;0;0;0;0;0;0;0;0;0;0;0;0;0;0;0;0;0;0;0;0;0;0;0;0;0;0;0;0;0;1;1;1;1;1;1;1;1;1;1;1;1;1;1;1;1;1;1;1;0;0;0;0;0;0;0;0;0;0.0004;0.088;0;-0.0884;0;0;0;0;0;0;0;0;0;0;0;0;0;0;0;0;0;0;0;-12.56;0;0;0;0;0.0004;0;0;0;0;0;0;0;-0.0004;-0.0884;0;0;0;0;0;0;0;0;0;-0.7063;0;0.7063;1;1;0;0;0;0
07/05/21 02:00;0;0;90;0;0;90;0;0;0;0;13.56;2.74;0;0;0;0;0;0;0;0;0;0;0;0;0;1;1;1;1;0;0;0;0;0;0;0;0;0;0;0;0;0;0;0;0;0;0;0;0;0;0;0;0;0;0;0;0;0;0;0;0;0;0;0;1;1;1;1;1;1;1;1;1;1;1;1;1;1;1;1;1;1;1;0;0;0;0;0;0;0;0;0;0.0004;0.088;0;-0.0884;0;0;0;0;0;0;0;0;0;0;0;0;0;0;0;0;0;0;0;-13.56;0;0;0;0;0.0004;0;0;0;0;0;0;0;-0.0004;-0.0884;0;0;0;0;0;0;0;0;0;-0.7063;0;0.7063;1;1;0;0;0;0
07/05/21 03:00;0;0;90;0;0;90;0;0;0;0;13.1;2.7199;0;0;0;0;0;0;0;0;0;0;0;0;0;1;1;1;1;0;0;0;0;0;0;0;0;0;0;0;0;0;0;0;0;0;0;0;0;0;0;0;0;0;0;0;0;0;0;0;0;0;0;0;1;1;1;1;1;1;1;1;1;1;1;1;1;1;1;1;1;1;1;0;0;0;0;0;0;0;0;0;0.0004;0.088;0;-0.0884;0;0;0;0;0;0;0;0;0;0;0;0;0;0;0;0;0;0;0;-13.1;0;0;0;0;0.0004;0;0;0;0;0;0;0;-0.0004;-0.0884;0;0;0;0;0;0;0;0;0;-0.7063;0;0.7063;1;1;0;0;0;0
07/05/21 04:00;0;0;90;0;0;90;0;0;0;0;11.44;2.68;0;0;0;0;0;0;0;0;0;0;0;0;0;1;1;1;1;0;0;0;0;0;0;0;0;0;0;0;0;0;0;0;0;0;0;0;0;0;0;0;0;0;0;0;0;0;0;0;0;0;0;0;1;1;1;1;1;1;1;1;1;1;1;1;1;1;1;1;1;1;1;0;0;0;0;0;0;0;0;0;0.0004;0.088;0;-0.0884;0;0;0;0;0;0;0;0;0;0;0;0;0;0;0;0;0;0;0;-11.44;0;0;0;0;0.0004;0;0;0;0;0;0;0;-0.0004;-0.0884;0;0;0;0;0;0;0;0;0;-0.7063;0;0.7063;1;1;0;0;0;0
07/05/21 05:00;0;0;90;0;0;90;0;0;0;0;10.97;2.5599;0;0;0;0;0;0;0;0;0;0;0;0;0;1;1;1;1;0;0;0;0;0;0;0;0;0;0;0;0;0;0;0;0;0;0;0;0;0;0;0;0;0;0;0;0;0;0;0;0;0;0;0;1;1;1;1;1;1;1;1;1;1;1;1;1;1;1;1;1;1;1;0;0;0;0;0;0;0;0;0;0.0004;0.088;0;-0.0884;0;0;0;0;0;0;0;0;0;0;0;0;0;0;0;0;0;0;0;-10.97;0;0;0;0;0.0004;0;0;0;0;0;0;0;-0.0004;-0.0884;0;0;0;0;0;0;0;0;0;-0.7063;0;0.7063;1;1;0;0;0;0
07/05/21 06:00;1.5658;-67.918;86.2;1.6897;2.4112;-90;-2.4112;0.1953;0.1953;0;10.72;2.12;0;0;0.1953;0;0;0;0.1953;0.1953;0;0;0;0;0;1;1;1;1;0;0;0;0;0;0;0;0;0;0;0;0;0;0;0;0;0;0;0;0;0;0;0;0;0;0;0;0;0;0;0;0;0;0;0;0;1;1;1;1;1;1;1;1;1;1;1;1;1;0;0;1;0;0;0;0;0;0;0;0;0;0;0;0.0004;0.088;0;-0.0884;0;0;0;0;0;0;0;0;0;0;0;0;0;0;0;0;0;0;0;-10.72;0;0;0;0;0.0004;0;0;0;0;0;0;0;-0.0004;-0.0884;0;0;0;0;0;0;0;0;0;-0.7063;0;0.7063;1;1;0;0;0;0
07/05/21 07:00;8.6087;-62.151;68.714;9.716;14.445;-90;-14.445;54.697;48.3;6.3971;13.04;2.3001;0;15.515;46.021;3.7332;0;0.147;65.416;0;65.416;15.515;3.7332;46.021;0.147;0.2372;0.7058;0;0.0022;64.676;0.7408;0;0;0.6182;0.1226;61.012;3.5337;1.4546;0.35;1.7236;0.0055;64.546;0.1294;0.031;0.0075;0.0908;0;61.04;14.029;3.3757;43.589;0.0189;27.99;23.232;7.3178;0.0521;0.2816;4.05;0.0272;4.2795;0;1;0;0;1.196;0.9887;1;1;0.9866;0.1661;0.9453;0.9061;1;0.962;0.7757;0.998;0.998;1;0.998;0.998;0.9327;0.9471;0.1286;0.1964;0.1924;0.0012;0.0149;-0.0067;0.0013;0.0045;0.0008;0;0;0.088;0;0.0783;0;0;0;0;0;0;0;0;0;0;0;0;0.0037;0.0002;0.1726;0.1726;0;15.534;15.534;2.4943;0.0409;162.99;1058.8;1;0.0063;0.0063;0;0;0;0;0;0;0.1663;0.0783;0;16.734;19.378;7.5942;8.7939;96.376;96.376;1.57;1.3791;0.6259;0.1909;0.7533;0.1216;0.4798;0.3986;27.952;0.381;0
07/05/21 08:00;18.9;-51.846;38.225;23.528;51.977;-90;-51.977;182.71;131.9;50.806;14.04;2.44;0;123.22;94.109;37.416;0;5.964;260.71;0;260.71;123.22;37.416;94.109;5.964;0.4726;0.3839;0;0.0229;245.51;15.201;0;0;9.6204;5.581;241.24;3.7754;0.7189;0.2183;2.823;0.0151;245.01;0.491;0.2464;0.0748;0.169;0.0008;242.78;122.25;37.123;81.497;0.3671;75.302;62.5;22.674;9.4758;1.1701;16.832;1.5431;8.5262;0;1;0;0;1.4269;0.9417;1;1;0.8978;0.0642;0.9846;0.9942;1;0.9665;0.9604;0.998;0.998;1;0.998;0.998;0.9253;0.866;0.0616;0.7829;0.7667;0.0046;0.0163;-0.0032;0.0052;0.0186;0.0033;0;0;0.088;0;0.6051;0;0;0;0;0;0;0;0;0;0;0;0;0.015;0.0016;0.7053;0.7053;0;23.841;23.841;9.8016;0.0406;655.38;1076.1;1;0.0122;0.0122;0;0;0;0;0;0;0.6931;0.6051;0;17.161;19.872;14.723;17.049;98.27;98.27;6.257;5.6367;4.8359;0.6203;0.8008;0.0991;0.128;0.7729;74.977;0.7372;0
07/05/21 09:00;27.687;-39.479;43.116;39.533;50.467;-90;-50.467;283.19;197.9;85.291;17.23;1.8301;0;134;139.77;42.559;0;8.7495;325.07;0;325.07;134;42.559;139.77;8.7495;0.4122;0.4569;0;0.0269;303.21;21.868;0;0;13.69;8.1779;296.86;5.7389;1.1644;0.3698;4.1813;0.0233;302.6;0.6064;0.268;0.0851;0.2522;0.0011;299.71;132.56;42.104;121.65;0.5472;149.59;124.16;43.272;12.698;2.0413;29.363;2.8487;18.707;0;1;0;0;1.1479;0.9327;1;1;0.9021;0.0653;0.981;0.9913;1;0.9668;0.9591;0.998;0.998;1;0.998;0.998;0.9132;0.8703;0.0625;0.9762;0.9646;0.0058;0.0139;0.0149;0.0065;0.0231;0.0057;0;0;0.088;0;0.7714;0;0;0;0;0;0;0;0;0;0;0;0;0.0186;0.0024;0.8738;0.8738;0;29.329;29.329;12.099;0.0408;824.87;1059.3;1;0.0144;0.0144;0;0;0;0;0;0;0.8594;0.7714;0;17.051;19.745;15.053;17.431;98.351;98.351;7.8018;6.9832;6.1648;0.8185;0.8185;0.1049;0.1049;0.7902;109.65;0.7401;0
07/05/21 10:00;34.212;-24.556;48.779;58.566;31.434;-90;-31.434;442.11;191.5;250.6;19.7;2.4799;0;293.71;118.47;74.597;0;5.5151;492.29;0;492.29;293.71;74.597;118.47;5.5151;0.5966;0.2519;0;0.0112;481.75;10.54;0;0;5.6716;4.8684;472.61;8.1783;3.5229;0.8948;3.6527;0.1079;480.79;0.9635;0.5874;0.1492;0.2256;0.0013;474.21;289.6;73.553;108.92;0.5375;242.01;200.87;66.764;2.1097;2.3153;33.304;1.5981;33.51;0;1;0;0;1.1135;0.9786;1;1;0.9521;0.1173;0.983;0.988;1;0.9676;0.8328;0.998;0.998;1;0.998;0.998;0.96;0.9194;0.0975;1.4784;1.4985;0.009;0.0063;0.0745;0.0099;0.035;0.0063;0;0;0.088;0;1.2154;0;0;0;0;0;0;0;0;0;0;0;0;0.0282;0.0053;1.3241;1.3241;0;39.066;39.066;19.366;0.041;1287.3;1028.6;1;0.0207;0.0207;0;0;0;0;0;0;1.3034;1.2154;0;17.062;19.757;15.661;18.135;98.436;98.436;11.815;10.582;9.7132;1.2331;0.8688;0.1044;0.0735;0.8221;78.875;0.7825;0
07/05/21 11:00;37.599;-7.3178;51.799;80.608;9.3919;-90;-9.3919;623;106.7;516.3;22.06;3.2799;0;523.32;39.105;68.243;0;0.7098;631.37;0;631.37;523.32;68.243;39.105;0.7098;0.8289;0.0631;0;0.0011;630.53;0.8469;0;0;0.255;0.5919;618.84;10.425;7.7845;1.0151;1.5988;0.0264;629.27;1.2611;1.0466;0.1365;0.0777;0.0002;618.97;514.48;67.092;37.173;0.0913;364.32;302.39;98.832;0.009;3.3882;48.738;0.1318;52.118;0;1;0;0;1.0134;0.9987;1;1;0.9935;0.1661;0.9834;0.9851;1;0.9588;0.7753;0.998;0.998;1;0.998;0.998;0.9801;0.9506;0.1286;1.896;1.967;0.0118;0.0008;0.1564;0.0126;0.0446;0.0089;0;0;0.088;0;1.5724;0;0;0;0;0;0;0;0;0;0;0;0;0.0359;0.0087;1.6872;1.6872;0;47.57;47.57;25.51;0.0412;1688.6;999.21;1;0.0268;0.0268;0;0;0;0;0;0;1.6604;1.5724;0;16.952;19.63;15.798;18.294;98.41;98.41;15.153;13.484;12.567;1.6687;0.9177;0.1101;0.0606;0.8293;23.407;0.784;0
07/05/21 12:00;37.228;10.764;51.465;76.19;13.81;90;13.81;601.9;119.6;482.3;23.44;3.63;0;496.65;47.8;73.218;0;1.4789;619.15;0;619.15;496.65;73.218;47.8;1.4789;0.8022;0.0796;0;0.0024;617.32;1.8321;0;0;0.5967;1.2354;606;10.081;7.1591;1.0554;1.8112;0.0547;616.08;1.2346;0.9933;0.1464;0.0944;0.0005;606.33;488.5;72.016;45.298;0.1883;348.55;289.3;95.292;0.0463;3.196;45.974;0.3262;49.123;0;1;0;0;1.0287;0.997;1;1;0.9875;0.1647;0.9836;0.9856;1;0.9616;0.7748;0.998;0.998;1;0.998;0.998;0.9788;0.9476;0.1273;1.8593;1.9231;0.0116;0.0012;0.159;0.0123;0.0435;0.0084;0;0;0.088;0;1.5299;0;0;0;0;0;0;0;0;0;0;0;0;0.035;0.0084;1.6438;1.6438;0;48.441;48.441;25.001;0.0413;1651.2;995.53;1;0.0259;0.0259;0;0;0;0;0;0;1.6179;1.5299;0;16.842;19.503;15.675;18.151;98.423;98.423;14.86;13.138;12.227;1.722;0.9105;0.1159;0.0613;0.8228;28.969;0.7795;0
07/05/21 13:00;33.173;27.632;47.864;54.646;35.354;90;35.354;549.61;114.3;435.31;24.3;3.7401;0;533.73;42.205;83.141;0;8.6151;667.69;0;667.69;533.73;83.141;42.205;8.6151;0.7994;0.0761;0;0.0129;657.49;10.203;0;0;2.436;7.7671;647.71;8.4677;6.117;0.9529;1.2809;0.117;656.17;1.315;1.0675;0.1663;0.0795;0.0017;650.11;526.55;82.021;38.409;0.7293;278.95;231.53;78.159;1.1277;2.5055;36.041;2.4023;37.419;0;1;0;0;1.2149;0.9847;1;1;0.9423;0.0984;0.9871;0.9885;1;0.9677;0.8618;0.998;0.998;1;0.998;0.998;0.9701;0.91;0.0847;2.0051;2.034;0.0122;0.0002;0.1871;0.0128;0.0455;0.0065;0;0;0.088;0;1.6083;0;0;0;0;0;0;0;0;0;0;0;0;0.0367;0.0093;1.7236;1.7236;0;51.074;51.074;26.774;0.0413;1749.4;985.23;1;0.0273;0.0273;0;0;0;0;0;0;1.6963;1.6083;0;16.376;18.963;15.281;17.694;98.419;98.419;16.025;13.775;12.854;2.2497;0.9211;0.1404;0.0575;0.8021;28.938;0.771;0
07/05/21 14:00;26.145;42.049;41.805;36.237;53.763;90;53.763;423.61;120.8;302.81;24.2;3.71;0;512.25;46.855;104.72;0;14.722;678.55;0;678.55;512.25;104.72;46.855;14.722;0.7549;0.0907;0;0.0217;659.69;18.861;0;0;5.0399;13.821;652.03;6.3379;4.0593;0.8298;1.4113;0.0375;658.37;1.3194;1.0245;0.2094;0.0836;0.0018;655.31;507.17;103.68;40.32;0.8615;149.6;124.17;40.481;5.313;1.743;25.072;3.2758;21.502;0;1;0;0;1.6018;0.9722;1;1;0.8924;0.0612;0.9904;0.9921;1;0.9662;0.9583;0.998;0.998;1;0.998;0.998;0.9609;0.8605;0.0585;2.0377;2.0266;0.0122;0.0002;0.1871;0.0128;0.0454;0.0045;0;0;0.088;0;1.6034;0;0;0;0;0;0;0;0;0;0;0;0;0.0365;0.0093;1.7186;1.7186;0;51.155;51.155;26.954;0.0413;1744;985.45;1;0.0272;0.0272;0;0;0;0;0;0;1.6914;1.6034;0;16.067;18.605;14.99;17.358;98.419;98.419;16.285;13.735;12.815;2.5502;0.9204;0.1566;0.0565;0.7869;38.031;0.7657;0
07/05/21 15:00;17.016;53.97;44.787;20.728;38.408;90;38.408;258.4;120.1;138.3;23.9;2.7099;0;335.42;69.36;102.65;0;4.7529;512.19;0;512.19;335.42;102.65;69.36;4.7529;0.6549;0.1447;0;0.0093;503.29;8.8975;0;0;4.5546;4.3429;495.92;6.3676;3.2418;0.9921;2.0891;0.0446;502.28;1.0066;0.6708;0.2053;0.1296;0.0008;496.45;331.51;101.46;62.586;0.3646;49.631;41.194;13.946;2.4588;0.59;8.4866;0.5298;6.6178;0;1;0;0;1.9821;0.9826;1;1;0.9343;0.0863;0.9873;0.9903;1;0.9677;0.891;0.998;0.998;1;0.998;0.998;0.9682;0.9023;0.0767;1.5381;1.5131;0.0091;0.0061;0.1036;0.0098;0.0346;0.0016;0;0;0.088;0;1.2068;0;0;0;0;0;0;0;0;0;0;0;0;0.0279;0.0054;1.3151;1.3151;0;44.306;44.306;20.406;0.0411;1302.8;1009.4;1;0.0203;0.0203;0;0;0;0;0;0;1.2948;1.2068;0;16.288;18.861;14.947;17.308;98.46;98.46;12.293;10.51;9.645;1.7823;0.8652;0.145;0.0704;0.7846;48.746;0.775;0
07/05/21 16:00;6.5034;63.955;74.056;7.2311;10.544;90;10.544;30.2;29.801;0.3997;22.83;2.3999;0;0.9694;29.471;0.1902;0;0.0433;30.674;0;30.674;0.9694;0.1902;29.471;0.0433;0.0316;0.9622;0;0.0014;30.404;0.27;0;0;0.2338;0.0362;28.966;1.3779;0.1619;0.0318;1.1827;0.0016;30.344;0.0608;0.0019;0.0004;0.0585;0;28.973;0.8056;0.1581;27.996;0.0055;17.693;14.685;4.5957;0.0105;0.1784;2.5669;0.0076;2.7349;0;1;0;0;1.0157;0.9912;1;1;0.9921;0.1651;0.9546;0.8327;1;0.9595;0.7747;0.998;0.998;1;0.998;0.998;0.9443;0.95;0.1276;0.0921;0.0927;0.0006;0.0108;-0.0003;0.0006;0.002;0.0005;0;0;0.088;0;-0.0149;0;0;0;0;0;0;0;0;0;0;0;0;0.0016;0.0001;0.0769;0.0769;0;24.034;24.034;1.2042;0.0416;77.653;989.87;1;0.0038;0.0038;0;0;0;0;0;0;0.0731;-0.0149;0;15.896;18.408;-3.0795;-3.566;95.112;95.112;0.7362;0.6143;-0.119;0.1219;0.7333;0.1655;0.9961;0;17.69;0;0
07/05/21 17:00;0.5112;68.724;88.76;0.5485;0.7819;90;0.7819;0;0;0;19.3;2.3899;0;0;0;0;0;0;0;0;0;0;0;0;0;1;1;1;1;0;0;0;0;0;0;0;0;0;0;0;0;0;0;0;0;0;0;0;0;0;0;0;0;0;0;0;0;0;0;0;0;0;0;0;1;1;1;1;1;1;1;1;1;1;1;1;1;1;1;1;1;1;1;0;0;0;0;0;0;0;0;0;0.0004;0.088;0;-0.0884;0;0;0;0;0;0;0;0;0;0;0;0;0;0;0;0;0;0;0;-19.3;0;0;0;0;0.0004;0;0;0;0;0;0;0;-0.0004;-0.0884;0;0;0;0;0;0;0;0;0;-0.7063;0;0.7063;1;1;0;0;0;0
07/05/21 18:00;0;0;90;0;0;90;0;0;0;0;16.24;2.2301;0;0;0;0;0;0;0;0;0;0;0;0;0;1;1;1;1;0;0;0;0;0;0;0;0;0;0;0;0;0;0;0;0;0;0;0;0;0;0;0;0;0;0;0;0;0;0;0;0;0;0;0;1;1;1;1;1;1;1;1;1;1;1;1;1;1;1;1;1;1;1;0;0;0;0;0;0;0;0;0;0.0004;0.088;0;-0.0884;0;0;0;0;0;0;0;0;0;0;0;0;0;0;0;0;0;0;0;-16.24;0;0;0;0;0.0004;0;0;0;0;0;0;0;-0.0004;-0.0884;0;0;0;0;0;0;0;0;0;-0.7063;0;0.7063;1;1;0;0;0;0
07/05/21 19:00;0;0;90;0;0;90;0;0;0;0;14.8;2.02;0;0;0;0;0;0;0;0;0;0;0;0;0;1;1;1;1;0;0;0;0;0;0;0;0;0;0;0;0;0;0;0;0;0;0;0;0;0;0;0;0;0;0;0;0;0;0;0;0;0;0;0;1;1;1;1;1;1;1;1;1;1;1;1;1;1;1;1;1;1;1;0;0;0;0;0;0;0;0;0;0.0004;0.088;0;-0.0884;0;0;0;0;0;0;0;0;0;0;0;0;0;0;0;0;0;0;0;-14.8;0;0;0;0;0.0004;0;0;0;0;0;0;0;-0.0004;-0.0884;0;0;0;0;0;0;0;0;0;-0.7063;0;0.7063;1;1;0;0;0;0
07/05/21 20:00;0;0;90;0;0;90;0;0;0;0;13.98;1.7501;0;0;0;0;0;0;0;0;0;0;0;0;0;1;1;1;1;0;0;0;0;0;0;0;0;0;0;0;0;0;0;0;0;0;0;0;0;0;0;0;0;0;0;0;0;0;0;0;0;0;0;0;1;1;1;1;1;1;1;1;1;1;1;1;1;1;1;1;1;1;1;0;0;0;0;0;0;0;0;0;0.0004;0.088;0;-0.0884;0;0;0;0;0;0;0;0;0;0;0;0;0;0;0;0;0;0;0;-13.98;0;0;0;0;0.0004;0;0;0;0;0;0;0;-0.0004;-0.0884;0;0;0;0;0;0;0;0;0;-0.7063;0;0.7063;1;1;0;0;0;0
07/05/21 21:00;0;0;90;0;0;90;0;0;0;0;12.63;1.48;0;0;0;0;0;0;0;0;0;0;0;0;0;1;1;1;1;0;0;0;0;0;0;0;0;0;0;0;0;0;0;0;0;0;0;0;0;0;0;0;0;0;0;0;0;0;0;0;0;0;0;0;1;1;1;1;1;1;1;1;1;1;1;1;1;1;1;1;1;1;1;0;0;0;0;0;0;0;0;0;0.0004;0.088;0;-0.0884;0;0;0;0;0;0;0;0;0;0;0;0;0;0;0;0;0;0;0;-12.63;0;0;0;0;0.0004;0;0;0;0;0;0;0;-0.0004;-0.0884;0;0;0;0;0;0;0;0;0;-0.7063;0;0.7063;1;1;0;0;0;0
07/05/21 22:00;0;0;90;0;0;90;0;0;0;0;12.1;1.3401;0;0;0;0;0;0;0;0;0;0;0;0;0;1;1;1;1;0;0;0;0;0;0;0;0;0;0;0;0;0;0;0;0;0;0;0;0;0;0;0;0;0;0;0;0;0;0;0;0;0;0;0;1;1;1;1;1;1;1;1;1;1;1;1;1;1;1;1;1;1;1;0;0;0;0;0;0;0;0;0;0.0004;0.088;0;-0.0884;0;0;0;0;0;0;0;0;0;0;0;0;0;0;0;0;0;0;0;-12.1;0;0;0;0;0.0004;0;0;0;0;0;0;0;-0.0004;-0.0884;0;0;0;0;0;0;0;0;0;-0.7063;0;0.7063;1;1;0;0;0;0
07/05/21 23:00;0;0;90;0;0;90;0;0;0;0;11.84;1.9101;0;0;0;0;0;0;0;0;0;0;0;0;0;1;1;1;1;0;0;0;0;0;0;0;0;0;0;0;0;0;0;0;0;0;0;0;0;0;0;0;0;0;0;0;0;0;0;0;0;0;0;0;1;1;1;1;1;1;1;1;1;1;1;1;1;1;1;1;1;1;1;0;0;0;0;0;0;0;0;0;0.0004;0.088;0;-0.0884;0;0;0;0;0;0;0;0;0;0;0;0;0;0;0;0;0;0;0;-11.84;0;0;0;0;0.0004;0;0;0;0;0;0;0;-0.0004;-0.0884;0;0;0;0;0;0;0;0;0;-0.7063;0;0.7063;1;1;0;0;0;0
08/05/21 00:00;0;0;90;0;0;90;0;0;0;0;11.6;2.36;0;0;0;0;0;0;0;0;0;0;0;0;0;1;1;1;1;0;0;0;0;0;0;0;0;0;0;0;0;0;0;0;0;0;0;0;0;0;0;0;0;0;0;0;0;0;0;0;0;0;0;0;1;1;1;1;1;1;1;1;1;1;1;1;1;1;1;1;1;1;1;0;0;0;0;0;0;0;0;0;0.0004;0.088;0;-0.0884;0;0;0;0;0;0;0;0;0;0;0;0;0;0;0;0;0;0;0;-11.6;0;0;0;0;0.0004;0;0;0;0;0;0;0;-0.0004;-0.0884;0;0;0;0;0;0;0;0;0;-0.7063;0;0.7063;1;1;0;0;0;0
08/05/21 01:00;0;0;90;0;0;90;0;0;0;0;11.3;2.2399;0;0;0;0;0;0;0;0;0;0;0;0;0;1;1;1;1;0;0;0;0;0;0;0;0;0;0;0;0;0;0;0;0;0;0;0;0;0;0;0;0;0;0;0;0;0;0;0;0;0;0;0;1;1;1;1;1;1;1;1;1;1;1;1;1;1;1;1;1;1;1;0;0;0;0;0;0;0;0;0;0.0004;0.088;0;-0.0884;0;0;0;0;0;0;0;0;0;0;0;0;0;0;0;0;0;0;0;-11.3;0;0;0;0;0.0004;0;0;0;0;0;0;0;-0.0004;-0.0884;0;0;0;0;0;0;0;0;0;-0.7063;0;0.7063;1;1;0;0;0;0
08/05/21 02:00;0;0;90;0;0;90;0;0;0;0;11.9;2.0701;0;0;0;0;0;0;0;0;0;0;0;0;0;1;1;1;1;0;0;0;0;0;0;0;0;0;0;0;0;0;0;0;0;0;0;0;0;0;0;0;0;0;0;0;0;0;0;0;0;0;0;0;1;1;1;1;1;1;1;1;1;1;1;1;1;1;1;1;1;1;1;0;0;0;0;0;0;0;0;0;0.0004;0.088;0;-0.0884;0;0;0;0;0;0;0;0;0;0;0;0;0;0;0;0;0;0;0;-11.9;0;0;0;0;0.0004;0;0;0;0;0;0;0;-0.0004;-0.0884;0;0;0;0;0;0;0;0;0;-0.7063;0;0.7063;1;1;0;0;0;0
08/05/21 03:00;0;0;90;0;0;90;0;0;0;0;11.8;1.94;0;0;0;0;0;0;0;0;0;0;0;0;0;1;1;1;1;0;0;0;0;0;0;0;0;0;0;0;0;0;0;0;0;0;0;0;0;0;0;0;0;0;0;0;0;0;0;0;0;0;0;0;1;1;1;1;1;1;1;1;1;1;1;1;1;1;1;1;1;1;1;0;0;0;0;0;0;0;0;0;0.0004;0.088;0;-0.0884;0;0;0;0;0;0;0;0;0;0;0;0;0;0;0;0;0;0;0;-11.8;0;0;0;0;0.0004;0;0;0;0;0;0;0;-0.0004;-0.0884;0;0;0;0;0;0;0;0;0;-0.7063;0;0.7063;1;1;0;0;0;0
08/05/21 04:00;0;0;90;0;0;90;0;0;0;0;10.6;1.2799;0;0;0;0;0;0;0;0;0;0;0;0;0;1;1;1;1;0;0;0;0;0;0;0;0;0;0;0;0;0;0;0;0;0;0;0;0;0;0;0;0;0;0;0;0;0;0;0;0;0;0;0;1;1;1;1;1;1;1;1;1;1;1;1;1;1;1;1;1;1;1;0;0;0;0;0;0;0;0;0;0.0004;0.088;0;-0.0884;0;0;0;0;0;0;0;0;0;0;0;0;0;0;0;0;0;0;0;-10.6;0;0;0;0;0.0004;0;0;0;0;0;0;0;-0.0004;-0.0884;0;0;0;0;0;0;0;0;0;-0.7063;0;0.7063;1;1;0;0;0;0
08/05/21 05:00;0;0;90;0;0;90;0;0;0;0;10.2;1.06;0;0;0;0;0;0;0;0;0;0;0;0;0;1;1;1;1;0;0;0;0;0;0;0;0;0;0;0;0;0;0;0;0;0;0;0;0;0;0;0;0;0;0;0;0;0;0;0;0;0;0;0;1;1;1;1;1;1;1;1;1;1;1;1;1;1;1;1;1;1;1;0;0;0;0;0;0;0;0;0;0.0004;0.088;0;-0.0884;0;0;0;0;0;0;0;0;0;0;0;0;0;0;0;0;0;0;0;-10.2;0;0;0;0;0.0004;0;0;0;0;0;0;0;-0.0004;-0.0884;0;0;0;0;0;0;0;0;0;-0.7063;0;0.7063;1;1;0;0;0;0
08/05/21 06:00;1.6001;-67.549;86.117;1.7313;2.4707;-90;-2.4707;0;0;0;8.9603;0.8899;0;0;0;0;0;0;0;0;0;0;0;0;0;1;1;1;1;0;0;0;0;0;0;0;0;0;0;0;0;0;0;0;0;0;0;0;0;0;0;0;0;0;0;0;0;0;0;0;0;0;0;0;1;1;1;1;1;1;1;1;1;1;1;1;1;1;1;1;1;1;1;0;0;0;0;0;0;0;0;0;0.0004;0.088;0;-0.0884;0;0;0;0;0;0;0;0;0;0;0;0;0;0;0;0;0;0;0;-8.9603;0;0;0;0;0.0004;0;0;0;0;0;0;0;-0.0004;-0.0884;0;0;0;0;0;0;0;0;0;-0.7063;0;0.7063;1;1;0;0;0;0
08/05/21 07:00;8.4413;-61.935;69.144;9.5467;14.171;-90;-14.171;67.609;48.998;18.611;10.45;1.3599;0;45.137;43.689;11.24;0;0.1749;100.24;0;100.24;45.137;11.24;43.689;0.1749;0.4503;0.4376;0;0.0017;99.527;0.7141;0;0;0.5682;0.1458;92.131;7.1965;4.4398;1.1056;1.6446;0.0065;99.328;0.1991;0.0903;0.0225;0.0862;0.0001;92.156;40.607;10.112;41.389;0.0225;26.624;22.098;6.969;0.0462;0.267;3.8411;0.0246;4.062;0;1;0;0;1.4826;0.9929;1;1;0.987;0.1662;0.9275;0.9014;1;0.9618;0.7756;0.998;0.998;1;0.998;0.998;0.9191;0.9474;0.1287;0.301;0.2857;0.0017;0.0169;-0.0112;0.0019;0.0069;0.0007;0;0;0.088;0;0.1677;0;0;0;0;0;0;0;0;0;0;0;0;0.0056;0.0003;0.2628;0.2628;0;14.195;14.195;3.7453;0.0407;243.05;1081.3;1;0.0071;0.0071;0;0;0;0;0;0;0.2557;0.1677;0;16.632;19.259;10.612;12.288;97.29;97.29;2.4058;2.1004;1.3401;0.3054;0.7602;0.1269;0.316;0.5571;26.51;0.5415;0
08/05/21 08:00;18.708;-51.643;38.931;23.357;50.7;-90;-50.7;358.21;59.103;299.1;13.03;1.8201;0;725.41;14.688;99.723;0;11.162;850.98;0;850.98;725.41;99.723;14.688;11.162;0.8524;0.0304;0;0.0131;839.1;11.884;0;0;1.4483;10.435;831.8;5.6234;4.5315;0.623;0.4396;0.0294;837.42;1.6782;1.4508;0.1994;0.0265;0.0015;832.14;719.43;98.901;12.773;0.6962;13.216;10.97;3.6024;1.3585;0.2101;3.022;0.3462;1.8736;0;1;0;0;2.3757;0.986;1;1;0.9014;0.0651;0.9933;0.9937;1;0.9667;0.9594;0.998;0.998;1;0.998;0.998;0.9775;0.8697;0.0624;2.5555;2.5127;0.0151;-0.0022;0.196;0.0161;0.0572;0.0006;0;0;0.088;0;2.0453;0;0;0;0;0;0;0;0;0;0;0;0;0.0461;0.014;2.1698;2.1698;0;47.29;47.29;34.26;0.0412;2165.1;1002.2;1;0.0365;0.0365;0;0;0;0;0;0;2.1333;2.0453;0;16.175;18.73;15.247;17.655;98.317;98.317;20.424;17.341;16.346;3.0824;0.9952;0.1509;0.0487;0.8003;11.549;0.7982;0
08/05/21 09:00;27.466;-39.3;43.363;39.376;50.624;-90;-50.624;200.31;182.6;17.705;15.99;2.73;0;27.908;144.95;8.243;0;6.2246;187.33;0;187.33;27.908;8.243;144.95;6.2246;0.149;0.807;0;0.0332;167.25;20.08;0;0;14.262;5.8187;162.24;4.6732;0.2465;0.0728;4.3374;0.0165;166.91;0.3345;0.0558;0.0165;0.2614;0.0008;164.59;27.605;8.1537;126.09;0.3886;121.99;101.25;36.204;13.311;1.7974;25.855;2.3557;14.342;0;1;0;0;0.9352;0.8928;1;1;0.9016;0.0652;0.972;0.9911;1;0.9667;0.9593;0.998;0.998;1;0.998;0.998;0.8661;0.8699;0.0624;0.5625;0.5502;0.0033;0.0179;-0.0048;0.0037;0.0133;0.005;0;0;0.088;0;0.4028;0;0;0;0;0;0;0;0;0;0;0;0;0.0107;0.0009;0.5002;0.5002;0;22.597;22.597;6.6065;0.0407;468.77;1067;1;0.0094;0.0094;0;0;0;0;0;0;0.4908;0.4028;0;16.939;19.615;13.64;15.794;98.116;98.116;4.4958;3.9976;3.219;0.4983;0.7786;0.1108;0.1732;0.716;113.89;0.6489;0
08/05/21 10:00;33.963;-24.424;49.04;58.456;31.544;-90;-31.544;534.51;106.1;428.41;18.56;3.4101;0;502.69;42.045;71.224;0;6.7134;622.67;0;622.67;502.69;71.224;42.045;6.7134;0.8073;0.0783;0;0.0108;614.72;7.9533;0;0;2.024;5.9293;605.09;8.3974;6.1064;0.8652;1.2956;0.1302;613.49;1.2294;1.0054;0.1424;0.08;0.0016;606.91;495.57;70.216;38.645;0.6523;281.65;233.77;79.396;0.759;2.4738;35.584;1.8176;37.299;0;1;0;0;1.1649;0.9872;1;1;0.9519;0.1168;0.9863;0.9878;1;0.9676;0.8336;0.998;0.998;1;0.998;0.998;0.9718;0.9191;0.0972;1.8699;1.903;0.0115;0.0014;0.1232;0.0124;0.0439;0.0066;0;0;0.088;0;1.5459;0;0;0;0;0;0;0;0;0;0;0;0;0.0353;0.0082;1.6605;1.6605;0;43.419;43.419;24.859;0.0411;1635;1015.6;1;0.0266;0.0266;0;0;0;0;0;0;1.6339;1.5459;0;16.917;19.589;15.749;18.237;98.397;98.397;14.944;13.271;12.355;1.6735;0.916;0.112;0.0613;0.8267;28.014;0.7928;0
08/05/21 11:00;37.331;-7.2636;52.07;80.587;9.4132;-90;-9.4132;189.29;185;4.2931;18.98;3.47;0;4.3517;182.78;0.9904;0;0.2167;188.34;0;188.34;4.3517;0.9904;182.78;0.2167;0.0231;0.9716;0;0.0012;186.96;1.3772;0;0;1.1965;0.1807;179.03;7.5604;0.0665;0.0151;7.4707;0.0081;186.59;0.3739;0.0087;0.002;0.3632;0.0001;179.06;4.2766;0.9733;173.75;0.0279;112.49;93.367;29.219;0.0419;1.1331;16.299;0.0356;17.39;0;1;0;0;0.995;0.9927;1;1;0.9935;0.1661;0.9595;0.9847;1;0.9588;0.7753;0.998;0.998;1;0.998;0.998;0.9506;0.9506;0.1286;0.5656;0.5737;0.0035;0.0178;0.0027;0.0038;0.0136;0.0031;0;0;0.088;0;0.4197;0;0;0;0;0;0;0;0;0;0;0;0;0.011;0.001;0.5172;0.5172;0;26.287;26.287;7.3069;0.0408;489.9;1055.6;1;0.0095;0.0095;0;0;0;0;0;0;0.5077;0.4197;0;17.419;20.171;14.135;16.369;98.165;98.165;4.5202;4.1332;3.3541;0.387;0.7791;0.0856;0.1724;0.742;109.41;0.6969;0
08/05/21 12:00;36.958;10.727;51.731;76.105;13.895;90;13.895;604.3;115.2;489.1;20.5;3.37;0;503.85;44.619;72.024;0;1.503;621.99;0;621.99;503.85;72.024;44.619;1.503;0.8101;0.0742;0;0.0024;620.18;1.8183;0;0;0.5628;1.2555;608.68;10.255;7.4468;1.0645;1.6881;0.0556;618.94;1.2404;1.0077;0.144;0.0881;0.0005;609.01;495.39;70.816;42.28;0.1914;349.79;290.33;95.663;0.0442;3.2052;46.105;0.3322;49.266;0;1;0;0;1.0293;0.9971;1;1;0.9874;0.1646;0.9834;0.9852;1;0.9616;0.7748;0.998;0.998;1;0.998;0.998;0.9786;0.9476;0.1273;1.8678;1.9315;0.0116;0.0011;0.1397;0.0125;0.0442;0.0085;0;0;0.088;0;1.5553;0;0;0;0;0;0;0;0;0;0;0;0;0.0356;0.0085;1.6699;1.6699;0;45.55;45.55;25.05;0.0412;1658.5;1006.9;1;0.0266;0.0266;0;0;0;0;0;0;1.6433;1.5553;0;17.031;19.722;15.862;18.368;98.405;98.405;14.928;13.346;12.43;1.5818;0.9162;0.106;0.0614;0.8327;27.049;0.7889;0
08/05/21 13:00;32.919;27.519;48.113;54.485;35.515;90;35.515;394.4;239.3;155.11;20.88;3.31;0;190.56;170.82;62.6;0;6.2367;430.22;0;430.22;190.56;62.6;170.82;6.2367;0.4429;0.4116;0;0.0145;414.66;15.557;0;0;9.9296;5.627;405.63;8.2033;2.2117;0.7266;5.1818;0.0833;413.83;0.8293;0.3811;0.1252;0.3218;0.0012;407.53;187.96;61.748;155.39;0.5253;219.46;182.15;61.502;4.6284;2.2137;31.844;1.8991;29.429;0;1;0;0;1.0908;0.9638;1;1;0.9419;0.0978;0.9802;0.9884;1;0.9677;0.8632;0.998;0.998;1;0.998;0.998;0.9428;0.9097;0.0842;1.2919;1.2946;0.0078;0.0092;0.0574;0.0085;0.0303;0.006;0;0;0.088;0;1.0407;0;0;0;0;0;0;0;0;0;0;0;0;0.0244;0.0041;1.1468;1.1468;0;37.493;37.493;16.613;0.041;1111.4;1031.9;1;0.0181;0.0181;0;0;0;0;0;0;1.1287;1.0407;0;16.911;19.582;15.346;17.77;98.42;98.42;10.325;9.1656;8.3175;1.1596;0.8482;0.1123;0.0821;0.8055;117.27;0.7633;0
08/05/21 14:00;25.914;41.889;42.035;36.044;53.956;90;53.956;361.19;174.2;186.99;22.01;3.05;0;317.8;94.187;94.507;0;12.637;519.13;0;519.13;317.8;94.507;94.187;12.637;0.6122;0.2058;0;0.0243;497.08;22.048;0;0;10.184;11.864;489.89;6.1936;2.5611;0.7616;2.8385;0.0324;496.09;0.9942;0.6356;0.189;0.168;0.0015;493.23;314.6;93.556;80.997;0.7385;150.04;124.53;42.2;10.811;2.0006;28.777;3.3395;19.967;0;1;0;0;1.4373;0.9575;1;1;0.8919;0.0611;0.9875;0.9919;1;0.9661;0.958;0.998;0.998;1;0.998;0.998;0.9437;0.86;0.0584;1.5589;1.5462;0.0093;0.0057;0.0937;0.0101;0.0357;0.0053;0;0;0.088;0;1.2431;0;0;0;0;0;0;0;0;0;0;0;0;0.0287;0.0056;1.3521;1.3521;0;42.132;42.132;20.122;0.0411;1329.2;1017.2;1;0.0209;0.0209;0;0;0;0;0;0;1.3311;1.2431;0;16.522;19.132;15.191;17.591;98.452;98.452;12.459;10.806;9.9351;1.6534;0.8706;0.1327;0.0699;0.7974;76.607;0.7656;0
08/05/21 15:00;16.811;53.784;45.46;20.529;37.738;90;37.738;94.098;92.203;1.8953;21.2;2.2399;0;4.5967;82.155;1.0933;0;1.6731;89.519;0;89.519;4.5967;1.0933;82.155;1.6731;0.0513;0.9364;0;0.0187;82.744;6.7743;0;0;5.2498;1.5245;80.027;2.5522;0.0462;0.011;2.4778;0.0172;82.579;0.1655;0.0092;0.0022;0.1538;0.0003;80.595;4.5413;1.0801;74.274;0.1312;57.431;47.668;16.254;2.7411;0.6684;9.6146;0.568;7.5419;0;1;0;0;0.9513;0.9243;1;1;0.9361;0.0888;0.9691;0.9899;1;0.9677;0.8842;0.998;0.998;1;0.998;0.998;0.894;0.9041;0.0784;0.2688;0.263;0.0016;0.0165;-0.0005;0.0017;0.0061;0.0018;0;0;0.088;0;0.1362;0;0;0;0;0;0;0;0;0;0;0;0;0.0049;0.0003;0.2306;0.2306;0;24.487;24.487;3.287;0.0411;223.46;1032;1;0.0064;0.0064;0;0;0;0;0;0;0.2242;0.1362;0;16.342;18.924;9.6529;11.178;97.227;97.227;2.1484;1.8431;1.0886;0.3054;0.7544;0.1421;0.3511;0.5067;57.419;0.469;0
08/05/21 16:00;6.3192;63.754;74.517;7.0387;10.25;90;10.25;31.509;30.998;0.5114;19.87;2.5;0;1.2402;30.644;0.2606;0;0.0427;32.188;0;32.188;1.2402;0.2606;30.644;0.0427;0.0385;0.9534;0;0.0013;31.92;0.2676;0;0;0.2319;0.0357;30.355;1.5009;0.2179;0.0458;1.2357;0.0016;31.856;0.0638;0.0025;0.0005;0.0608;0;30.362;1.0198;0.2143;29.116;0.0055;18.383;15.258;4.7736;0.0098;0.1854;2.6676;0.0073;2.8433;0;1;0;0;1.0215;0.9917;1;1;0.9924;0.1651;0.9529;0.824;1;0.9593;0.7747;0.998;0.998;1;0.998;0.998;0.9431;0.9501;0.1276;0.0967;0.0971;0.0006;0.0111;-0.0014;0.0006;0.0022;0.0005;0;0;0.088;0;-0.0102;0;0;0;0;0;0;0;0;0;0;0;0;0.0017;0.0001;0.0817;0.0817;0;21.128;21.128;1.258;0.0414;81.384;1004.5;1;0.004;0.004;0;0;0;0;0;0;0.0778;-0.0102;0;16.112;18.657;-2.0117;-2.3295;95.16;95.16;0.7725;0.6533;-0.0816;0.1192;0.7349;0.1543;0.9513;0;18.38;0;0
08/05/21 17:00;0.3364;68.516;89.184;0.3615;0.5152;90;0.5152;0;0;0;16.17;2.59;0;0;0;0;0;0;0;0;0;0;0;0;0;1;1;1;1;0;0;0;0;0;0;0;0;0;0;0;0;0;0;0;0;0;0;0;0;0;0;0;0;0;0;0;0;0;0;0;0;0;0;0;1;1;1;1;1;1;1;1;1;1;1;1;1;1;1;1;1;1;1;0;0;0;0;0;0;0;0;0;0.0004;0.088;0;-0.0884;0;0;0;0;0;0;0;0;0;0;0;0;0;0;0;0;0;0;0;-16.17;0;0;0;0;0.0004;0;0;0;0;0;0;0;-0.0004;-0.0884;0;0;0;0;0;0;0;0;0;-0.7063;0;0.7063;1;1;0;0;0;0
08/05/21 18:00;0;0;90;0;0;90;0;0;0;0;16.13;2.59;0;0;0;0;0;0;0;0;0;0;0;0;0;1;1;1;1;0;0;0;0;0;0;0;0;0;0;0;0;0;0;0;0;0;0;0;0;0;0;0;0;0;0;0;0;0;0;0;0;0;0;0;1;1;1;1;1;1;1;1;1;1;1;1;1;1;1;1;1;1;1;0;0;0;0;0;0;0;0;0;0.0004;0.088;0;-0.0884;0;0;0;0;0;0;0;0;0;0;0;0;0;0;0;0;0;0;0;-16.13;0;0;0;0;0.0004;0;0;0;0;0;0;0;-0.0004;-0.0884;0;0;0;0;0;0;0;0;0;-0.7063;0;0.7063;1;1;0;0;0;0
08/05/21 19:00;0;0;90;0;0;90;0;0;0;0;16.96;2.5401;0;0;0;0;0;0;0;0;0;0;0;0;0;1;1;1;1;0;0;0;0;0;0;0;0;0;0;0;0;0;0;0;0;0;0;0;0;0;0;0;0;0;0;0;0;0;0;0;0;0;0;0;1;1;1;1;1;1;1;1;1;1;1;1;1;1;1;1;1;1;1;0;0;0;0;0;0;0;0;0;0.0004;0.088;0;-0.0884;0;0;0;0;0;0;0;0;0;0;0;0;0;0;0;0;0;0;0;-16.96;0;0;0;0;0.0004;0;0;0;0;0;0;0;-0.0004;-0.0884;0;0;0;0;0;0;0;0;0;-0.7063;0;0.7063;1;1;0;0;0;0
08/05/21 20:00;0;0;90;0;0;90;0;0;0;0;16.88;2.42;0;0;0;0;0;0;0;0;0;0;0;0;0;1;1;1;1;0;0;0;0;0;0;0;0;0;0;0;0;0;0;0;0;0;0;0;0;0;0;0;0;0;0;0;0;0;0;0;0;0;0;0;1;1;1;1;1;1;1;1;1;1;1;1;1;1;1;1;1;1;1;0;0;0;0;0;0;0;0;0;0.0004;0.088;0;-0.0884;0;0;0;0;0;0;0;0;0;0;0;0;0;0;0;0;0;0;0;-16.88;0;0;0;0;0.0004;0;0;0;0;0;0;0;-0.0004;-0.0884;0;0;0;0;0;0;0;0;0;-0.7063;0;0.7063;1;1;0;0;0;0
08/05/21 21:00;0;0;90;0;0;90;0;0;0;0;16.2;2.2301;0;0;0;0;0;0;0;0;0;0;0;0;0;1;1;1;1;0;0;0;0;0;0;0;0;0;0;0;0;0;0;0;0;0;0;0;0;0;0;0;0;0;0;0;0;0;0;0;0;0;0;0;1;1;1;1;1;1;1;1;1;1;1;1;1;1;1;1;1;1;1;0;0;0;0;0;0;0;0;0;0.0004;0.088;0;-0.0884;0;0;0;0;0;0;0;0;0;0;0;0;0;0;0;0;0;0;0;-16.2;0;0;0;0;0.0004;0;0;0;0;0;0;0;-0.0004;-0.0884;0;0;0;0;0;0;0;0;0;-0.7063;0;0.7063;1;1;0;0;0;0
08/05/21 22:00;0;0;90;0;0;90;0;0;0;0;15.7;2.05;0;0;0;0;0;0;0;0;0;0;0;0;0;1;1;1;1;0;0;0;0;0;0;0;0;0;0;0;0;0;0;0;0;0;0;0;0;0;0;0;0;0;0;0;0;0;0;0;0;0;0;0;1;1;1;1;1;1;1;1;1;1;1;1;1;1;1;1;1;1;1;0;0;0;0;0;0;0;0;0;0.0004;0.088;0;-0.0884;0;0;0;0;0;0;0;0;0;0;0;0;0;0;0;0;0;0;0;-15.7;0;0;0;0;0.0004;0;0;0;0;0;0;0;-0.0004;-0.0884;0;0;0;0;0;0;0;0;0;-0.7063;0;0.7063;1;1;0;0;0;0
08/05/21 23:00;0;0;90;0;0;90;0;0;0;0;15.19;1.89;0;0;0;0;0;0;0;0;0;0;0;0;0;1;1;1;1;0;0;0;0;0;0;0;0;0;0;0;0;0;0;0;0;0;0;0;0;0;0;0;0;0;0;0;0;0;0;0;0;0;0;0;1;1;1;1;1;1;1;1;1;1;1;1;1;1;1;1;1;1;1;0;0;0;0;0;0;0;0;0;0.0004;0.088;0;-0.0884;0;0;0;0;0;0;0;0;0;0;0;0;0;0;0;0;0;0;0;-15.19;0;0;0;0;0.0004;0;0;0;0;0;0;0;-0.0004;-0.0884;0;0;0;0;0;0;0;0;0;-0.7063;0;0.7063;1;1;0;0;0;0
09/05/21 00:00;0;0;90;0;0;90;0;0;0;0;14.4;1.7699;0;0;0;0;0;0;0;0;0;0;0;0;0;1;1;1;1;0;0;0;0;0;0;0;0;0;0;0;0;0;0;0;0;0;0;0;0;0;0;0;0;0;0;0;0;0;0;0;0;0;0;0;1;1;1;1;1;1;1;1;1;1;1;1;1;1;1;1;1;1;1;0;0;0;0;0;0;0;0;0;0.0004;0.088;0;-0.0884;0;0;0;0;0;0;0;0;0;0;0;0;0;0;0;0;0;0;0;-14.4;0;0;0;0;0.0004;0;0;0;0;0;0;0;-0.0004;-0.0884;0;0;0;0;0;0;0;0;0;-0.7063;0;0.7063;1;1;0;0;0;0
09/05/21 01:00;0;0;90;0;0;90;0;0;0;0;13.73;1.6899;0;0;0;0;0;0;0;0;0;0;0;0;0;1;1;1;1;0;0;0;0;0;0;0;0;0;0;0;0;0;0;0;0;0;0;0;0;0;0;0;0;0;0;0;0;0;0;0;0;0;0;0;1;1;1;1;1;1;1;1;1;1;1;1;1;1;1;1;1;1;1;0;0;0;0;0;0;0;0;0;0.0004;0.088;0;-0.0884;0;0;0;0;0;0;0;0;0;0;0;0;0;0;0;0;0;0;0;-13.73;0;0;0;0;0.0004;0;0;0;0;0;0;0;-0.0004;-0.0884;0;0;0;0;0;0;0;0;0;-0.7063;0;0.7063;1;1;0;0;0;0
09/05/21 02:00;0;0;90;0;0;90;0;0;0;0;12;1.5199;0;0;0;0;0;0;0;0;0;0;0;0;0;1;1;1;1;0;0;0;0;0;0;0;0;0;0;0;0;0;0;0;0;0;0;0;0;0;0;0;0;0;0;0;0;0;0;0;0;0;0;0;1;1;1;1;1;1;1;1;1;1;1;1;1;1;1;1;1;1;1;0;0;0;0;0;0;0;0;0;0.0004;0.088;0;-0.0884;0;0;0;0;0;0;0;0;0;0;0;0;0;0;0;0;0;0;0;-12;0;0;0;0;0.0004;0;0;0;0;0;0;0;-0.0004;-0.0884;0;0;0;0;0;0;0;0;0;-0.7063;0;0.7063;1;1;0;0;0;0
09/05/21 03:00;0;0;90;0;0;90;0;0;0;0;10.33;1.33;0;0;0;0;0;0;0;0;0;0;0;0;0;1;1;1;1;0;0;0;0;0;0;0;0;0;0;0;0;0;0;0;0;0;0;0;0;0;0;0;0;0;0;0;0;0;0;0;0;0;0;0;1;1;1;1;1;1;1;1;1;1;1;1;1;1;1;1;1;1;1;0;0;0;0;0;0;0;0;0;0.0004;0.088;0;-0.0884;0;0;0;0;0;0;0;0;0;0;0;0;0;0;0;0;0;0;0;-10.33;0;0;0;0;0.0004;0;0;0;0;0;0;0;-0.0004;-0.0884;0;0;0;0;0;0;0;0;0;-0.7063;0;0.7063;1;1;0;0;0;0
09/05/21 04:00;0;0;90;0;0;90;0;0;0;0;10.2;0.82;0;0;0;0;0;0;0;0;0;0;0;0;0;1;1;1;1;0;0;0;0;0;0;0;0;0;0;0;0;0;0;0;0;0;0;0;0;0;0;0;0;0;0;0;0;0;0;0;0;0;0;0;1;1;1;1;1;1;1;1;1;1;1;1;1;1;1;1;1;1;1;0;0;0;0;0;0;0;0;0;0.0004;0.088;0;-0.0884;0;0;0;0;0;0;0;0;0;0;0;0;0;0;0;0;0;0;0;-10.2;0;0;0;0;0.0004;0;0;0;0;0;0;0;-0.0004;-0.0884;0;0;0;0;0;0;0;0;0;-0.7063;0;0.7063;1;1;0;0;0;0
09/05/21 05:00;0;0;90;0;0;90;0;0;0;0;11.4;0.1401;0;0;0;0;0;0;0;0;0;0;0;0;0;1;1;1;1;0;0;0;0;0;0;0;0;0;0;0;0;0;0;0;0;0;0;0;0;0;0;0;0;0;0;0;0;0;0;0;0;0;0;0;1;1;1;1;1;1;1;1;1;1;1;1;1;1;1;1;1;1;1;0;0;0;0;0;0;0;0;0;0.0004;0.088;0;-0.0884;0;0;0;0;0;0;0;0;0;0;0;0;0;0;0;0;0;0;0;-11.4;0;0;0;0;0.0004;0;0;0;0;0;0;0;-0.0004;-0.0884;0;0;0;0;0;0;0;0;0;-0.7063;0;0.7063;1;1;0;0;0;0
09/05/21 06:00;1.4462;-67.331;86.491;1.5672;2.236;-90;-2.236;0;0;0;9.6497;0.98;0;0;0;0;0;0;0;0;0;0;0;0;0;1;1;1;1;0;0;0;0;0;0;0;0;0;0;0;0;0;0;0;0;0;0;0;0;0;0;0;0;0;0;0;0;0;0;0;0;0;0;0;1;1;1;1;1;1;1;1;1;1;1;1;1;1;1;1;1;1;1;0;0;0;0;0;0;0;0;0;0.0004;0.088;0;-0.0884;0;0;0;0;0;0;0;0;0;0;0;0;0;0;0;0;0;0;0;-9.6497;0;0;0;0;0.0004;0;0;0;0;0;0;0;-0.0004;-0.0884;0;0;0;0;0;0;0;0;0;-0.7063;0;0.7063;1;1;0;0;0;0
09/05/21 07:00;8.2753;-61.724;69.57;9.3778;13.9;-90;-13.9;109.2;18.299;90.899;9.31;2.0899;0;220.46;9.5316;20.921;0;0.2718;251.18;0;251.18;220.46;20.921;9.5316;0.2718;0.8777;0.039;0;0.0011;250.83;0.3466;0;0;0.12;0.2266;225.07;25.265;22.737;2.1577;0.3606;0.0101;250.33;0.5017;0.4409;0.0418;0.0188;0.0001;225.07;197.28;18.722;9.0322;0.035;6.266;5.2008;1.7101;0.0095;0.0582;0.8373;0.0051;0.8861;0;1;0;0;2.3002;0.9986;1;1;0.9874;0.1663;0.8991;0.8967;1;0.9616;0.7755;0.998;0.998;1;0.998;0.998;0.896;0.9476;0.1287;0.7543;0.6797;0.0041;0.0171;-0.0159;0.0047;0.0167;0.0002;0;0;0.088;0;0.5385;0;0;0;0;0;0;0;0;0;0;0;0;0.0135;0.0013;0.638;0.638;0;18.418;18.418;9.1076;0.0405;581.84;1096.5;1;0.0115;0.0115;0;0;0;0;0;0;0.6265;0.5385;0;16.113;18.658;13.601;15.749;98.203;98.203;6.0283;5.0988;4.3039;0.9295;0.7949;0.1542;0.1319;0.7139;5.7784;0.7122;0
09/05/21 08:00;18.518;-51.445;39.621;23.186;49.538;-90;-49.538;279.09;55.903;223.19;14.24;1.9101;0;541.29;21.916;71.114;0;8.3279;642.65;0;642.65;541.29;71.114;21.916;8.3279;0.8423;0.0471;0;0.013;632.78;9.8663;0;0;2.0895;7.7768;626.77;4.7504;3.5993;0.4729;0.6548;0.0234;631.52;1.2656;1.0826;0.1422;0.0397;0.0011;627.08;536.61;70.499;19.132;0.5266;18.27;15.164;5.5783;1.8681;0.2509;3.6089;0.315;1.9917;0;1;0;0;2.3027;0.9846;1;1;0.9047;0.0662;0.9925;0.9933;1;0.9669;0.9574;0.998;0.998;1;0.998;0.998;0.9753;0.873;0.0632;1.9299;1.8963;0.0114;0.0015;0.0992;0.0125;0.0443;0.0007;0;0;0.088;0;1.5676;0;0;0;0;0;0;0;0;0;0;0;0;0.0357;0.0082;1.6829;1.6829;0;39.911;39.911;25.671;0.041;1632;1031.2;1;0.0273;0.0273;0;0;0;0;0;0;1.6556;1.5676;0;16.612;19.236;15.474;17.918;98.376;98.376;15.424;13.45;12.528;1.9738;0.9218;0.128;0.0598;0.8123;17.033;0.8089;0
09/05/21 09:00;27.249;-39.127;43.604;39.219;50.781;-90;-50.781;434.2;79.903;354.29;17.26;1.9199;0;560.34;27.547;72.99;0;13.571;674.45;0;674.45;560.34;72.99;27.547;13.571;0.8308;0.061;0;0.0201;659.04;15.411;0;0;2.7226;12.688;651.17;6.5439;5.0287;0.655;0.8245;0.0357;657.72;1.3181;1.1207;0.146;0.0496;0.0018;654.29;554.19;72.189;23.951;0.8457;162.27;134.68;43.025;2.5603;1.7399;25.028;3.112;24.207;0;1;0;0;1.5533;0.9772;1;1;0.9012;0.0651;0.9901;0.991;1;0.9667;0.9595;0.998;0.998;1;0.998;0.998;0.9655;0.8694;0.0623;2.0254;2.0234;0.0122;0.0003;0.1351;0.0131;0.0466;0.0046;0;0;0.088;0;1.6482;0;0;0;0;0;0;0;0;0;0;0;0;0.0375;0.0092;1.7648;1.7648;0;44.019;44.019;26.759;0.0411;1739;1014.8;1;0.0286;0.0286;0;0;0;0;0;0;1.7362;1.6482;0;16.599;19.221;15.502;17.951;98.379;98.379;16.187;14.104;13.172;2.0825;0.9319;0.1287;0.0576;0.8138;21.679;0.7918;0
09/05/21 10:00;33.718;-24.298;49.297;58.343;31.657;-90;-31.657;542.3;99.3;443;18.99;2.2499;0;520.44;37.164;69.488;0;6.8586;633.95;0;633.95;520.44;69.488;37.164;6.8586;0.8209;0.0694;0;0.0108;626.09;7.86;0;0;1.7991;6.0609;616.3;8.5309;6.3999;0.8545;1.1446;0.1319;624.84;1.2522;1.0409;0.139;0.0707;0.0016;618.16;513;68.495;34.15;0.6643;284.89;236.45;80.346;0.6794;2.4941;35.877;1.8545;37.691;0;1;0;0;1.169;0.9876;1;1;0.9516;0.1163;0.9863;0.9877;1;0.9676;0.8344;0.998;0.998;1;0.998;0.998;0.9722;0.9189;0.0969;1.9037;1.9375;0.0117;0.001;0.1317;0.0126;0.0445;0.0066;0;0;0.088;0;1.57;0;0;0;0;0;0;0;0;0;0;0;0;0.0358;0.0085;1.685;1.685;0;44.327;44.327;25.337;0.0411;1664.5;1012.3;1;0.027;0.027;0;0;0;0;0;0;1.658;1.57;0;16.861;19.525;15.71;18.192;98.396;98.396;15.215;13.467;12.547;1.748;0.9193;0.1149;0.0604;0.8247;24.782;0.7912;0
09/05/21 11:00;37.067;-7.2133;52.337;80.562;9.4377;-90;-9.4377;602;109.7;492.3;19.88;2.6399;0;499.06;42.532;67.792;0;0.6926;610.07;0;610.07;499.06;67.792;42.532;0.6926;0.818;0.0709;0;0.0011;609.22;0.8572;0;0;0.2796;0.5775;597.35;10.65;7.8234;1.0627;1.7377;0.0258;608;1.2184;0.9981;0.1356;0.0845;0.0002;597.48;490.23;66.594;40.431;0.089;352.06;292.21;95.471;0.01;3.2765;47.132;0.1288;50.398;0;1;0;0;1.0134;0.9986;1;1;0.9934;0.1662;0.9825;0.9843;1;0.9588;0.7753;0.998;0.998;1;0.998;0.998;0.9791;0.9506;0.1286;1.832;1.8989;0.0114;0.0014;0.1299;0.0123;0.0436;0.0087;0;0;0.088;0;1.5339;0;0;0;0;0;0;0;0;0;0;0;0;0.0351;0.0082;1.6482;1.6482;0;44.443;44.443;24.563;0.0411;1630.5;1010.9;1;0.0263;0.0263;0;0;0;0;0;0;1.6219;1.5339;0;17.139;19.846;15.95;18.47;98.405;98.405;14.642;13.173;12.259;1.4691;0.9135;0.1003;0.0624;0.8373;25.461;0.7915;0
09/05/21 12:00;36.693;10.688;51.993;76.025;13.975;90;13.975;623.41;105.9;517.51;20.76;2.84;0;533.29;36.886;70.547;0;1.5685;642.3;0;642.3;533.29;70.547;36.886;1.5685;0.8303;0.0599;0;0.0024;640.52;1.7801;0;0;0.4698;1.3103;628.63;10.603;8.0827;1.0692;1.3934;0.058;639.23;1.281;1.0666;0.1411;0.0728;0.0005;628.98;524.15;69.336;34.95;0.1997;360.58;299.28;98.693;0.0374;3.2984;47.446;0.3476;50.707;0;1;0;0;1.0303;0.9972;1;1;0.9873;0.1646;0.9834;0.9848;1;0.9617;0.7749;0.998;0.998;1;0.998;0.998;0.9787;0.9475;0.1273;1.9288;1.9944;0.012;0.0005;0.1519;0.0128;0.0454;0.0087;0;0;0.088;0;1.602;0;0;0;0;0;0;0;0;0;0;0;0;0.0366;0.009;1.7175;1.7175;0;46.652;46.652;25.892;0.0412;1712.2;1003.1;1;0.0275;0.0275;0;0;0;0;0;0;1.69;1.602;0;16.963;19.642;15.822;18.322;98.4;98.4;15.415;13.726;12.803;1.689;0.9229;0.1096;0.0599;0.8306;22.368;0.787;0
09/05/21 13:00;32.67;27.406;48.359;54.329;35.671;90;35.671;228.81;216;12.807;21.31;2.82;0;15.764;192.27;4.7085;0;3.6491;216.39;0;216.39;15.764;4.7085;192.27;3.6491;0.0729;0.9054;0;0.0169;201.85;14.548;0;0;11.254;3.2946;195.32;6.1182;0.1852;0.0553;5.8297;0.0479;201.44;0.4037;0.0315;0.0094;0.362;0.0007;196.54;15.548;4.6437;174.83;0.3058;140.39;116.52;39.37;5.2879;1.5656;22.521;1.2199;18.798;0;1;0;0;0.9457;0.9328;1;1;0.9415;0.0971;0.9696;0.9882;1;0.9677;0.8646;0.998;0.998;1;0.998;0.998;0.9026;0.9093;0.0838;0.6498;0.6394;0.0038;0.0174;0.0099;0.0043;0.0151;0.0043;0;0;0.088;0;0.4733;0;0;0;0;0;0;0;0;0;0;0;0;0.0122;0.0012;0.5713;0.5713;0;29.296;29.296;7.9865;0.0409;545.88;1046.6;1;0.01;0.01;0;0;0;0;0;0;0.5613;0.4733;0;16.748;19.394;13.875;16.067;98.248;98.248;5.1935;4.5659;3.7826;0.6275;0.7833;0.1208;0.1508;0.7283;132.16;0.6757;0
09/05/21 14:00;25.689;41.73;42.262;35.855;54.145;90;54.145;259.5;209.6;49.895;21.74;2.7701;0;85.182;151.91;30.743;0;9.1375;276.97;0;276.97;85.182;30.743;151.91;9.1375;0.3075;0.5815;0;0.033;251.89;25.088;0;0;16.508;8.5795;245.83;5.5537;0.6978;0.2518;4.5806;0.0236;251.38;0.5038;0.1704;0.0615;0.2708;0.0011;249.07;84.314;30.429;130.55;0.5333;144.15;119.64;42.813;17.649;2.2464;32.314;3.2448;16.911;0;1;0;0;1.0673;0.9094;1;1;0.8913;0.0611;0.9779;0.9918;1;0.9661;0.9577;0.998;0.998;1;0.998;0.998;0.8876;0.8594;0.0584;0.8317;0.8183;0.0049;0.0157;0.0199;0.0054;0.0193;0.0061;0;0;0.088;0;0.6293;0;0;0;0;0;0;0;0;0;0;0;0;0.0155;0.0018;0.7295;0.7295;0;31.794;31.794;10.054;0.0409;699.12;1043.4;1;0.0122;0.0122;0;0;0;0;0;0;0.7173;0.6293;0;16.708;19.348;14.414;16.691;98.332;98.332;6.6474;5.8302;5.0296;0.8172;0.8006;0.1229;0.1204;0.7566;123.81;0.6959;0
09/05/21 15:00;16.61;53.6;46.11;20.335;37.103;90;37.103;180.6;146;34.601;21.07;1.95;0;83.916;119.36;31.99;0;3.1078;238.38;0;238.38;83.916;31.99;119.36;3.1078;0.352;0.5138;0;0.013;228.12;10.253;0;0;7.4288;2.8239;222.82;4.8495;0.8758;0.3339;3.6052;0.0346;227.67;0.4562;0.1678;0.064;0.2239;0.0006;223.61;82.873;31.592;108.11;0.2487;83.226;69.077;23.517;3.7575;0.957;13.766;0.7894;10.966;0;1;0;0;1.3199;0.957;1;1;0.9378;0.0913;0.9787;0.9895;1;0.9677;0.8779;0.998;0.998;1;0.998;0.998;0.9347;0.9057;0.08;0.7158;0.7025;0.0042;0.0169;0.0131;0.0047;0.0166;0.0026;0;0;0.088;0;0.5308;0;0;0;0;0;0;0;0;0;0;0;0;0.0134;0.0014;0.6297;0.6297;0;30.177;30.177;9.1076;0.0409;600.78;1048.1;1;0.0108;0.0108;0;0;0;0;0;0;0.6188;0.5308;0;16.757;19.404;14.126;16.358;98.279;98.279;5.7211;5.0323;4.2424;0.6887;0.7899;0.1204;0.1381;0.7415;82.992;0.7108;0
09/05/21 16:00;6.1398;63.555;74.966;6.8509;9.9652;90;9.9652;27.505;27.1;0.4047;18.98;1.9901;0;0.9815;26.82;0.1856;0;0.0353;28.022;0;28.022;0.9815;0.1856;26.82;0.0353;0.035;0.9584;0;0.0013;27.799;0.2231;0;0;0.1936;0.0295;26.44;1.3033;0.1812;0.0343;1.0865;0.0013;27.743;0.0556;0.002;0.0004;0.0533;0;26.446;0.7983;0.151;25.486;0.0045;16.078;13.344;4.1734;0.0077;0.1622;2.3335;0.0059;2.4881;0;1;0;0;1.0188;0.992;1;1;0.9928;0.1651;0.953;0.815;1;0.9591;0.7748;0.998;0.998;1;0.998;0.998;0.9435;0.9503;0.1276;0.0842;0.0846;0.0005;0.0104;-0.0015;0.0005;0.0019;0.0004;0;0;0.088;0;-0.0208;0;0;0;0;0;0;0;0;0;0;0;0;0.0015;0.0001;0.0709;0.0709;0;20.077;20.077;1.097;0.0415;70.668;1002.9;1;0.0037;0.0037;0;0;0;0;0;0;0.0672;-0.0208;0;16.044;18.578;-4.7113;-5.4556;94.805;94.805;0.6725;0.5664;-0.1663;0.1061;0.7327;0.1578;1.0895;0;16.075;0;0
09/05/21 17:00;0.3562;68.167;89.136;0.3837;0.5469;90;0.5469;0;0;0;15.32;1.9999;0;0;0;0;0;0;0;0;0;0;0;0;0;1;1;1;1;0;0;0;0;0;0;0;0;0;0;0;0;0;0;0;0;0;0;0;0;0;0;0;0;0;0;0;0;0;0;0;0;0;0;0;1;1;1;1;1;1;1;1;1;1;1;1;1;1;1;1;1;1;1;0;0;0;0;0;0;0;0;0;0.0004;0.088;0;-0.0884;0;0;0;0;0;0;0;0;0;0;0;0;0;0;0;0;0;0;0;-15.32;0;0;0;0;0.0004;0;0;0;0;0;0;0;-0.0004;-0.0884;0;0;0;0;0;0;0;0;0;-0.7063;0;0.7063;1;1;0;0;0;0
09/05/21 18:00;0;0;90;0;0;90;0;0;0;0;12.63;1.96;0;0;0;0;0;0;0;0;0;0;0;0;0;1;1;1;1;0;0;0;0;0;0;0;0;0;0;0;0;0;0;0;0;0;0;0;0;0;0;0;0;0;0;0;0;0;0;0;0;0;0;0;1;1;1;1;1;1;1;1;1;1;1;1;1;1;1;1;1;1;1;0;0;0;0;0;0;0;0;0;0.0004;0.088;0;-0.0884;0;0;0;0;0;0;0;0;0;0;0;0;0;0;0;0;0;0;0;-12.63;0;0;0;0;0.0004;0;0;0;0;0;0;0;-0.0004;-0.0884;0;0;0;0;0;0;0;0;0;-0.7063;0;0.7063;1;1;0;0;0;0
09/05/21 19:00;0;0;90;0;0;90;0;0;0;0;12.54;1.9299;0;0;0;0;0;0;0;0;0;0;0;0;0;1;1;1;1;0;0;0;0;0;0;0;0;0;0;0;0;0;0;0;0;0;0;0;0;0;0;0;0;0;0;0;0;0;0;0;0;0;0;0;1;1;1;1;1;1;1;1;1;1;1;1;1;1;1;1;1;1;1;0;0;0;0;0;0;0;0;0;0.0004;0.088;0;-0.0884;0;0;0;0;0;0;0;0;0;0;0;0;0;0;0;0;0;0;0;-12.54;0;0;0;0;0.0004;0;0;0;0;0;0;0;-0.0004;-0.0884;0;0;0;0;0;0;0;0;0;-0.7063;0;0.7063;1;1;0;0;0;0
09/05/21 20:00;0;0;90;0;0;90;0;0;0;0;12.76;1.86;0;0;0;0;0;0;0;0;0;0;0;0;0;1;1;1;1;0;0;0;0;0;0;0;0;0;0;0;0;0;0;0;0;0;0;0;0;0;0;0;0;0;0;0;0;0;0;0;0;0;0;0;1;1;1;1;1;1;1;1;1;1;1;1;1;1;1;1;1;1;1;0;0;0;0;0;0;0;0;0;0.0004;0.088;0;-0.0884;0;0;0;0;0;0;0;0;0;0;0;0;0;0;0;0;0;0;0;-12.76;0;0;0;0;0.0004;0;0;0;0;0;0;0;-0.0004;-0.0884;0;0;0;0;0;0;0;0;0;-0.7063;0;0.7063;1;1;0;0;0;0
09/05/21 21:00;0;0;90;0;0;90;0;0;0;0;13.59;1.8201;0;0;0;0;0;0;0;0;0;0;0;0;0;1;1;1;1;0;0;0;0;0;0;0;0;0;0;0;0;0;0;0;0;0;0;0;0;0;0;0;0;0;0;0;0;0;0;0;0;0;0;0;1;1;1;1;1;1;1;1;1;1;1;1;1;1;1;1;1;1;1;0;0;0;0;0;0;0;0;0;0.0004;0.088;0;-0.0884;0;0;0;0;0;0;0;0;0;0;0;0;0;0;0;0;0;0;0;-13.59;0;0;0;0;0.0004;0;0;0;0;0;0;0;-0.0004;-0.0884;0;0;0;0;0;0;0;0;0;-0.7063;0;0.7063;1;1;0;0;0;0
09/05/21 22:00;0;0;90;0;0;90;0;0;0;0;12.42;1.9299;0;0;0;0;0;0;0;0;0;0;0;0;0;1;1;1;1;0;0;0;0;0;0;0;0;0;0;0;0;0;0;0;0;0;0;0;0;0;0;0;0;0;0;0;0;0;0;0;0;0;0;0;1;1;1;1;1;1;1;1;1;1;1;1;1;1;1;1;1;1;1;0;0;0;0;0;0;0;0;0;0.0004;0.088;0;-0.0884;0;0;0;0;0;0;0;0;0;0;0;0;0;0;0;0;0;0;0;-12.42;0;0;0;0;0.0004;0;0;0;0;0;0;0;-0.0004;-0.0884;0;0;0;0;0;0;0;0;0;-0.7063;0;0.7063;1;1;0;0;0;0
09/05/21 23:00;0;0;90;0;0;90;0;0;0;0;11.34;2.11;0;0;0;0;0;0;0;0;0;0;0;0;0;1;1;1;1;0;0;0;0;0;0;0;0;0;0;0;0;0;0;0;0;0;0;0;0;0;0;0;0;0;0;0;0;0;0;0;0;0;0;0;1;1;1;1;1;1;1;1;1;1;1;1;1;1;1;1;1;1;1;0;0;0;0;0;0;0;0;0;0.0004;0.088;0;-0.0884;0;0;0;0;0;0;0;0;0;0;0;0;0;0;0;0;0;0;0;-11.34;0;0;0;0;0.0004;0;0;0;0;0;0;0;-0.0004;-0.0884;0;0;0;0;0;0;0;0;0;-0.7063;0;0.7063;1;1;0;0;0;0
10/05/21 00:00;0;0;90;0;0;90;0;0;0;0;11.7;2.2301;0;0;0;0;0;0;0;0;0;0;0;0;0;1;1;1;1;0;0;0;0;0;0;0;0;0;0;0;0;0;0;0;0;0;0;0;0;0;0;0;0;0;0;0;0;0;0;0;0;0;0;0;1;1;1;1;1;1;1;1;1;1;1;1;1;1;1;1;1;1;1;0;0;0;0;0;0;0;0;0;0.0004;0.088;0;-0.0884;0;0;0;0;0;0;0;0;0;0;0;0;0;0;0;0;0;0;0;-11.7;0;0;0;0;0.0004;0;0;0;0;0;0;0;-0.0004;-0.0884;0;0;0;0;0;0;0;0;0;-0.7063;0;0.7063;1;1;0;0;0;0
10/05/21 01:00;0;0;90;0;0;90;0;0;0;0;10.61;2.26;0;0;0;0;0;0;0;0;0;0;0;0;0;1;1;1;1;0;0;0;0;0;0;0;0;0;0;0;0;0;0;0;0;0;0;0;0;0;0;0;0;0;0;0;0;0;0;0;0;0;0;0;1;1;1;1;1;1;1;1;1;1;1;1;1;1;1;1;1;1;1;0;0;0;0;0;0;0;0;0;0.0004;0.088;0;-0.0884;0;0;0;0;0;0;0;0;0;0;0;0;0;0;0;0;0;0;0;-10.61;0;0;0;0;0.0004;0;0;0;0;0;0;0;-0.0004;-0.0884;0;0;0;0;0;0;0;0;0;-0.7063;0;0.7063;1;1;0;0;0;0
10/05/21 02:00;0;0;90;0;0;90;0;0;0;0;10.64;2.3099;0;0;0;0;0;0;0;0;0;0;0;0;0;1;1;1;1;0;0;0;0;0;0;0;0;0;0;0;0;0;0;0;0;0;0;0;0;0;0;0;0;0;0;0;0;0;0;0;0;0;0;0;1;1;1;1;1;1;1;1;1;1;1;1;1;1;1;1;1;1;1;0;0;0;0;0;0;0;0;0;0.0004;0.088;0;-0.0884;0;0;0;0;0;0;0;0;0;0;0;0;0;0;0;0;0;0;0;-10.64;0;0;0;0;0.0004;0;0;0;0;0;0;0;-0.0004;-0.0884;0;0;0;0;0;0;0;0;0;-0.7063;0;0.7063;1;1;0;0;0;0
10/05/21 03:00;0;0;90;0;0;90;0;0;0;0;9.4197;2.3899;0;0;0;0;0;0;0;0;0;0;0;0;0;1;1;1;1;0;0;0;0;0;0;0;0;0;0;0;0;0;0;0;0;0;0;0;0;0;0;0;0;0;0;0;0;0;0;0;0;0;0;0;1;1;1;1;1;1;1;1;1;1;1;1;1;1;1;1;1;1;1;0;0;0;0;0;0;0;0;0;0.0004;0.088;0;-0.0884;0;0;0;0;0;0;0;0;0;0;0;0;0;0;0;0;0;0;0;-9.4197;0;0;0;0;0.0004;0;0;0;0;0;0;0;-0.0004;-0.0884;0;0;0;0;0;0;0;0;0;-0.7063;0;0.7063;1;1;0;0;0;0
10/05/21 04:00;0;0;90;0;0;90;0;0;0;0;8.9902;2.52;0;0;0;0;0;0;0;0;0;0;0;0;0;1;1;1;1;0;0;0;0;0;0;0;0;0;0;0;0;0;0;0;0;0;0;0;0;0;0;0;0;0;0;0;0;0;0;0;0;0;0;0;1;1;1;1;1;1;1;1;1;1;1;1;1;1;1;1;1;1;1;0;0;0;0;0;0;0;0;0;0.0004;0.088;0;-0.0884;0;0;0;0;0;0;0;0;0;0;0;0;0;0;0;0;0;0;0;-8.9902;0;0;0;0;0.0004;0;0;0;0;0;0;0;-0.0004;-0.0884;0;0;0;0;0;0;0;0;0;-0.7063;0;0.7063;1;1;0;0;0;0
10/05/21 05:00;0;0;90;0;0;90;0;0;0;0;8.3201;2.6901;0;0;0;0;0;0;0;0;0;0;0;0;0;1;1;1;1;0;0;0;0;0;0;0;0;0;0;0;0;0;0;0;0;0;0;0;0;0;0;0;0;0;0;0;0;0;0;0;0;0;0;0;1;1;1;1;1;1;1;1;1;1;1;1;1;1;1;1;1;1;1;0;0;0;0;0;0;0;0;0;0.0004;0.088;0;-0.0884;0;0;0;0;0;0;0;0;0;0;0;0;0;0;0;0;0;0;0;-8.3201;0;0;0;0;0.0004;0;0;0;0;0;0;0;-0.0004;-0.0884;0;0;0;0;0;0;0;0;0;-0.7063;0;0.7063;1;1;0;0;0;0
10/05/21 06:00;1.2934;-67.119;86.862;1.4038;2.0024;-90;-2.0024;0;0;0;9.0999;3.3499;0;0;0;0;0;0;0;0;0;0;0;0;0;1;1;1;1;0;0;0;0;0;0;0;0;0;0;0;0;0;0;0;0;0;0;0;0;0;0;0;0;0;0;0;0;0;0;0;0;0;0;0;1;1;1;1;1;1;1;1;1;1;1;1;1;1;1;1;1;1;1;0;0;0;0;0;0;0;0;0;0.0004;0.088;0;-0.0884;0;0;0;0;0;0;0;0;0;0;0;0;0;0;0;0;0;0;0;-9.0999;0;0;0;0;0.0004;0;0;0;0;0;0;0;-0.0004;-0.0884;0;0;0;0;0;0;0;0;0;-0.7063;0;0.7063;1;1;0;0;0;0
10/05/21 07:00;8.1106;-61.518;69.991;9.2094;13.63;-90;-13.63;65.91;45.998;19.912;11.85;4.04;0;48.291;40.571;11.757;0;0.1578;100.78;0;100.78;48.291;11.757;40.571;0.1578;0.4792;0.4041;0;0.0016;100.15;0.6257;0;0;0.4941;0.1315;91.913;8.038;5.2189;1.2706;1.5426;0.0059;99.951;0.2003;0.0966;0.0235;0.0802;0.0001;91.934;42.976;10.463;38.454;0.0203;24.695;20.497;6.4608;0.0373;0.2475;3.5608;0.0207;3.7711;0;1;0;0;1.529;0.9938;1;1;0.9878;0.1664;0.9196;0.8917;1;0.9614;0.7754;0.998;0.998;1;0.998;0.998;0.912;0.9478;0.1287;0.3026;0.2844;0.0017;0.0169;-0.0098;0.0019;0.0068;0.0007;0;0;0.088;0;0.1652;0;0;0;0;0;0;0;0;0;0;0;0;0.0055;0.0003;0.2603;0.2603;0;15.591;15.591;3.741;0.0407;242.06;1075.3;1;0.007;0.007;0;0;0;0;0;0;0.2532;0.1652;0;16.385;18.973;10.402;12.045;97.293;97.293;2.4187;2.0802;1.3207;0.3384;0.7596;0.1399;0.3141;0.546;24.574;0.532;0
10/05/21 08:00;18.33;-51.253;40.294;23.015;48.467;-90;-48.467;146.51;125.4;21.107;13.7;4.7799;0;51.19;99.049;15.242;0;4.1962;169.68;0;169.68;51.19;15.242;99.049;4.1962;0.3017;0.6085;0;0.0247;156.62;13.063;0;0;9.1491;3.9137;152.86;3.4371;0.3605;0.1073;2.9564;0.0128;156.3;0.3132;0.1024;0.0305;0.1798;0.0006;154.22;50.727;15.105;86.764;0.2691;76.31;63.337;22.524;7.8189;1.0993;15.813;1.3583;9.0937;0;1;0;0;1.1581;0.923;1;1;0.9076;0.0673;0.978;0.9929;1;0.967;0.9546;0.998;0.998;1;0.998;0.998;0.9009;0.876;0.0641;0.5095;0.4978;0.003;0.0181;-0.0091;0.0034;0.0121;0.0031;0;0;0.088;0;0.3598;0;0;0;0;0;0;0;0;0;0;0;0;0.0097;0.0008;0.4569;0.4569;0;19.914;19.914;6.214;0.0407;424.53;1076.2;1;0.0091;0.0091;0;0;0;0;0;0;0.4478;0.3598;0;17.081;19.779;13.452;15.577;98.018;98.018;4.0723;3.6513;2.8757;0.4209;0.7757;0.1034;0.1905;0.7062;76.176;0.6601;0
10/05/21 09:00;27.033;-38.959;43.839;39.06;50.94;-90;-50.94;345.61;151.2;194.41;16.02;5.78;0;308.52;83.875;76.64;0;10.865;479.9;0;479.9;308.52;76.64;83.875;10.865;0.6429;0.1974;0;0.0226;461.41;18.487;0;0;8.3272;10.16;454.44;6.0489;2.8111;0.6983;2.5111;0.0284;460.49;0.9228;0.617;0.1533;0.1511;0.0014;457.38;305.09;75.788;72.885;0.6759;150.79;125.15;41.737;7.8728;1.8597;26.751;2.9389;20.738;0;1;0;0;1.3886;0.9615;1;1;0.9007;0.0649;0.9869;0.9909;1;0.9667;0.9597;0.998;0.998;1;0.998;0.998;0.9469;0.869;0.0622;1.4411;1.434;0.0086;0.0072;0.0485;0.0096;0.034;0.0051;0;0;0.088;0;1.1802;0;0;0;0;0;0;0;0;0;0;0;0;0.0274;0.0049;1.2887;1.2887;0;34.575;34.575;18.555;0.0408;1231.4;1046.5;1;0.0205;0.0205;0;0;0;0;0;0;1.2682;1.1802;0;17.035;19.726;15.601;18.065;98.411;98.411;11.517;10.299;9.4321;1.2185;0.8669;0.1058;0.0753;0.8189;66.115;0.7861;0
10/05/21 10:00;33.477;-24.177;49.548;58.229;31.771;-90;-31.771;429.51;190.6;238.91;18.3;6.2199;0;281.02;119.29;72.511;0;5.4704;478.29;0;478.29;281.02;72.511;119.29;5.4704;0.5875;0.2608;0;0.0114;467.64;10.645;0;0;5.8081;4.8368;458.53;8.1754;3.4969;0.9023;3.672;0.1042;466.71;0.9353;0.562;0.145;0.227;0.0013;460.08;276.96;71.463;109.58;0.5281;235.12;195.15;65.916;2.2038;2.1907;31.513;1.5481;31.5;0;1;0;0;1.1136;0.9777;1;1;0.9513;0.1158;0.9825;0.9875;1;0.9676;0.8352;0.998;0.998;1;0.998;0.998;0.9587;0.9186;0.0965;1.4363;1.4522;0.0087;0.007;0.0619;0.0096;0.0341;0.006;0;0;0.088;0;1.184;0;0;0;0;0;0;0;0;0;0;0;0;0.0275;0.005;1.2923;1.2923;0;37.061;37.061;18.761;0.0409;1247.2;1036.2;1;0.0204;0.0204;0;0;0;0;0;0;1.272;1.184;0;17.141;19.848;15.703;18.184;98.424;98.424;11.479;10.328;9.4624;1.1505;0.866;0.1002;0.0754;0.8243;79.613;0.7856;0
10/05/21 11:00;36.808;-7.1669;52.598;80.535;9.4655;-90;-9.4655;239.2;226.8;12.403;19.4;6.42;0;12.574;221.77;3.5545;0;0.2768;238.18;0;238.18;12.574;3.5545;221.77;0.2768;0.0528;0.9323;0;0.0012;236.48;1.696;0;0;1.4652;0.2308;226.68;9.3268;0.2024;0.0572;9.0569;0.0103;236.01;0.473;0.0251;0.0071;0.4406;0.0001;226.73;12.347;3.4901;210.81;0.0356;142.06;117.91;36.97;0.0519;1.4262;20.516;0.0459;21.89;0;1;0;0;0.9957;0.9929;1;1;0.9934;0.1662;0.9605;0.9839;1;0.9588;0.7753;0.998;0.998;1;0.998;0.998;0.9517;0.9506;0.1286;0.7152;0.7261;0.0044;0.0167;0.0095;0.0049;0.0173;0.0039;0;0;0.088;0;0.5549;0;0;0;0;0;0;0;0;0;0;0;0;0.0139;0.0015;0.6541;0.6541;0;28.652;28.652;9.2522;0.0408;620.4;1054.4;1;0.0112;0.0112;0;0;0;0;0;0;0.6429;0.5549;0;17.422;20.175;14.779;17.114;98.281;98.281;5.7163;5.2278;4.4347;0.4884;0.7932;0.0854;0.1388;0.7758;132.77;0.7288;0
10/05/21 12:00;36.433;10.647;52.251;75.948;14.052;90;14.052;685.39;113.1;572.29;19.63;6.48;0;589.94;31.241;83.899;0;1.7434;706.82;0;706.82;589.94;83.899;31.241;1.7434;0.8346;0.0467;0;0.0025;704.97;1.858;0;0;0.4016;1.4565;691.84;11.717;9.1697;1.3041;1.1785;0.0645;703.56;1.4099;1.1799;0.1678;0.0617;0.0006;692.23;579.59;82.427;29.599;0.2219;396.15;328.8;108.51;0.0324;3.6179;52.042;0.3873;55.628;0;1;0;0;1.0313;0.9974;1;1;0.9871;0.1646;0.9833;0.9844;1;0.9617;0.7749;0.998;0.998;1;0.998;0.998;0.9788;0.9474;0.1273;2.1226;2.1946;0.0132;-0.001;0.1785;0.014;0.0497;0.0095;0;0;0.088;0;1.7614;0;0;0;0;0;0;0;0;0;0;0;0;0.0401;0.0108;1.8798;1.8798;0;48.154;48.154;28.524;0.0412;1885.8;996.84;1;0.0305;0.0305;0;0;0;0;0;0;1.8494;1.7614;0;16.871;19.536;15.808;18.305;98.38;98.38;16.964;15.023;14.077;1.9403;0.9467;0.1144;0.0558;0.8298;18.949;0.7865;0
10/05/21 13:00;32.426;27.293;48.6;54.177;35.823;90;35.823;60.596;60.2;0.3962;20.51;6.24;0;0.4886;54.476;0.041;0;0.9744;55.98;0;55.98;0.4886;0.041;54.476;0.9744;0.0087;0.9905;0;0.0174;51.89;4.09;0;0;3.2097;0.8803;50.116;1.6698;0.0058;0.0005;1.651;0.0126;51.786;0.1038;0.001;0.0001;0.1025;0.0002;50.445;0.4818;0.0404;49.513;0.0813;37.701;31.292;10.609;1.5202;0.4246;6.108;0.3287;5.0124;0;1;0;0;0.9238;0.9269;1;1;0.9411;0.0965;0.9678;0.9881;1;0.9677;0.8659;0.998;0.998;1;0.998;0.998;0.8953;0.9089;0.0834;0.1681;0.1648;0.001;0.014;-0.0015;0.0011;0.0038;0.0011;0;0;0.088;0;0.0485;0;0;0;0;0;0;0;0;0;0;0;0;0.003;0.0001;0.1421;0.1421;0;22.576;22.576;2.0661;0.0412;139.3;1020.4;1;0.0056;0.0056;0;0;0;0;0;0;0.1365;0.0485;0;16.108;18.652;5.5011;6.3701;96.061;96.061;1.3435;1.136;0.388;0.2075;0.748;0.1544;0.5568;0.2888;37.489;0.267;0
10/05/21 14:00;25.469;41.573;42.486;35.671;54.329;90;54.329;34.01;33.798;0.2113;20.14;5.46;0;0.3623;26.744;0.0213;0;1.2051;28.333;0;28.333;0.3623;0.0213;26.744;1.2051;0.0128;0.9865;0;0.0425;24.28;4.0522;0;0;2.9206;1.1316;23.419;0.8132;0.003;0.0002;0.8068;0.0031;24.232;0.0486;0.0007;0;0.0476;0.0001;23.914;0.3586;0.021;22.969;0.0703;21.906;18.182;6.6637;3.1444;0.3612;5.1957;0.4951;2.4126;0;1;0;0;0.8331;0.857;1;1;0.8908;0.061;0.9664;0.9917;1;0.9661;0.9573;0.998;0.998;1;0.998;0.998;0.8266;0.8588;0.0583;0.0851;0.083;0.0005;0.0103;-0.0012;0.0005;0.0018;0.0009;0;0;0.088;0;-0.023;0;0;0;0;0;0;0;0;0;0;0;0;0.0015;0.0001;0.0686;0.0686;0;21.114;21.114;0.9742;0.0416;69.062;993.78;1;0.0036;0.0036;0;0;0;0;0;0;0.065;-0.023;0;15.367;17.794;-5.1387;-5.9505;94.78;94.78;0.68;0.5485;-0.1834;0.1315;0.7319;0.1934;1.0764;0;21.839;0;0
10/05/21 15:00;16.414;53.419;46.738;20.146;36.5;90;36.5;18.304;18.299;0.0044;15.74;4.25;0;0.0108;16.505;0.0005;0;0.3052;16.821;0;16.821;0.0108;0.0005;16.505;0.3052;0.0006;0.9993;0;0.0181;15.543;1.2779;0;0;1.0013;0.2766;15.009;0.503;0.0001;0;0.4993;0.0037;15.512;0.0311;0;0;0.031;0.0001;15.114;0.0106;0.0005;14.973;0.0249;11.42;9.4783;3.2141;0.4911;0.1306;1.878;0.1046;1.5174;0;1;0;0;0.919;0.924;1;1;0.9393;0.0938;0.9676;0.9892;1;0.9677;0.8722;0.998;0.998;1;0.998;0.998;0.8923;0.9072;0.0816;0.0505;0.0495;0.0003;0.0078;-0.0015;0.0003;0.0011;0.0003;0;0;0.088;0;-0.0506;0;0;0;0;0;0;0;0;0;0;0;0;0.0009;0;0.0403;0.0403;0;16.367;16.367;0.6265;0.0417;40.572;993.45;1;0.0029;0.0029;0;0;0;0;0;0;0.0374;-0.0506;0;15.2;17.602;-19.084;-22.098;92.783;92.783;0.4037;0.3221;-0.4044;0.0816;0.7265;0.2021;1.7997;0;11.42;0;0
10/05/21 16:00;5.9652;63.359;75.401;6.6677;9.6881;90;9.6881;5.0985;5.0985;0;15.46;3.7599;0;0;5.0622;0;0;0.0062;5.0684;5.0684;0;0;0;0;0;1;1;1;1;0;0;0;0;0;0;0;0;0;0;0;0;0;0;0;0;0;0;0;0;0;0;0;0;0;0;0;0;0;0;0;0;0;0;0;0;1;1;1;1;1;1;1;1;1;1;1;1;1;0;0;1;0;0;0;0;0;0;0;0;0;0;0;0.0004;0.088;0;-0.0884;0;0;0;0;0;0;0;0;0;0;0;0;0;0;0;0;0;0;0;-15.46;0;0;0;0;0.0004;0;0;0;0;0;0;0;-0.0004;-0.0884;0;0;0;0;0;0;0;0;0;-0.7063;0;0.7063;1;1;0;0;0;0
10/05/21 17:00;0.1906;67.964;89.538;0.2057;0.2931;90;0.2931;0;0;0;15.1;4.1301;0;0;0;0;0;0;0;0;0;0;0;0;0;1;1;1;1;0;0;0;0;0;0;0;0;0;0;0;0;0;0;0;0;0;0;0;0;0;0;0;0;0;0;0;0;0;0;0;0;0;0;0;1;1;1;1;1;1;1;1;1;1;1;1;1;1;1;1;1;1;1;0;0;0;0;0;0;0;0;0;0.0004;0.088;0;-0.0884;0;0;0;0;0;0;0;0;0;0;0;0;0;0;0;0;0;0;0;-15.1;0;0;0;0;0.0004;0;0;0;0;0;0;0;-0.0004;-0.0884;0;0;0;0;0;0;0;0;0;-0.7063;0;0.7063;1;1;0;0;0;0
10/05/21 18:00;0;0;90;0;0;90;0;0;0;0;14.6;4.34;0;0;0;0;0;0;0;0;0;0;0;0;0;1;1;1;1;0;0;0;0;0;0;0;0;0;0;0;0;0;0;0;0;0;0;0;0;0;0;0;0;0;0;0;0;0;0;0;0;0;0;0;1;1;1;1;1;1;1;1;1;1;1;1;1;1;1;1;1;1;1;0;0;0;0;0;0;0;0;0;0.0004;0.088;0;-0.0884;0;0;0;0;0;0;0;0;0;0;0;0;0;0;0;0;0;0;0;-14.6;0;0;0;0;0.0004;0;0;0;0;0;0;0;-0.0004;-0.0884;0;0;0;0;0;0;0;0;0;-0.7063;0;0.7063;1;1;0;0;0;0
10/05/21 19:00;0;0;90;0;0;90;0;0;0;0;14.17;4.74;0;0;0;0;0;0;0;0;0;0;0;0;0;1;1;1;1;0;0;0;0;0;0;0;0;0;0;0;0;0;0;0;0;0;0;0;0;0;0;0;0;0;0;0;0;0;0;0;0;0;0;0;1;1;1;1;1;1;1;1;1;1;1;1;1;1;1;1;1;1;1;0;0;0;0;0;0;0;0;0;0.0004;0.088;0;-0.0884;0;0;0;0;0;0;0;0;0;0;0;0;0;0;0;0;0;0;0;-14.17;0;0;0;0;0.0004;0;0;0;0;0;0;0;-0.0004;-0.0884;0;0;0;0;0;0;0;0;0;-0.7063;0;0.7063;1;1;0;0;0;0
10/05/21 20:00;0;0;90;0;0;90;0;0;0;0;13.96;4.0601;0;0;0;0;0;0;0;0;0;0;0;0;0;1;1;1;1;0;0;0;0;0;0;0;0;0;0;0;0;0;0;0;0;0;0;0;0;0;0;0;0;0;0;0;0;0;0;0;0;0;0;0;1;1;1;1;1;1;1;1;1;1;1;1;1;1;1;1;1;1;1;0;0;0;0;0;0;0;0;0;0.0004;0.088;0;-0.0884;0;0;0;0;0;0;0;0;0;0;0;0;0;0;0;0;0;0;0;-13.96;0;0;0;0;0.0004;0;0;0;0;0;0;0;-0.0004;-0.0884;0;0;0;0;0;0;0;0;0;-0.7063;0;0.7063;1;1;0;0;0;0
10/05/21 21:00;0;0;90;0;0;90;0;0;0;0;14.06;2.98;0;0;0;0;0;0;0;0;0;0;0;0;0;1;1;1;1;0;0;0;0;0;0;0;0;0;0;0;0;0;0;0;0;0;0;0;0;0;0;0;0;0;0;0;0;0;0;0;0;0;0;0;1;1;1;1;1;1;1;1;1;1;1;1;1;1;1;1;1;1;1;0;0;0;0;0;0;0;0;0;0.0004;0.088;0;-0.0884;0;0;0;0;0;0;0;0;0;0;0;0;0;0;0;0;0;0;0;-14.06;0;0;0;0;0.0004;0;0;0;0;0;0;0;-0.0004;-0.0884;0;0;0;0;0;0;0;0;0;-0.7063;0;0.7063;1;1;0;0;0;0
10/05/21 22:00;0;0;90;0;0;90;0;0;0;0;13.5;2.4601;0;0;0;0;0;0;0;0;0;0;0;0;0;1;1;1;1;0;0;0;0;0;0;0;0;0;0;0;0;0;0;0;0;0;0;0;0;0;0;0;0;0;0;0;0;0;0;0;0;0;0;0;1;1;1;1;1;1;1;1;1;1;1;1;1;1;1;1;1;1;1;0;0;0;0;0;0;0;0;0;0.0004;0.088;0;-0.0884;0;0;0;0;0;0;0;0;0;0;0;0;0;0;0;0;0;0;0;-13.5;0;0;0;0;0.0004;0;0;0;0;0;0;0;-0.0004;-0.0884;0;0;0;0;0;0;0;0;0;-0.7063;0;0.7063;1;1;0;0;0;0
10/05/21 23:00;0;0;90;0;0;90;0;0;0;0;13.5;2.36;0;0;0;0;0;0;0;0;0;0;0;0;0;1;1;1;1;0;0;0;0;0;0;0;0;0;0;0;0;0;0;0;0;0;0;0;0;0;0;0;0;0;0;0;0;0;0;0;0;0;0;0;1;1;1;1;1;1;1;1;1;1;1;1;1;1;1;1;1;1;1;0;0;0;0;0;0;0;0;0;0.0004;0.088;0;-0.0884;0;0;0;0;0;0;0;0;0;0;0;0;0;0;0;0;0;0;0;-13.5;0;0;0;0;0.0004;0;0;0;0;0;0;0;-0.0004;-0.0884;0;0;0;0;0;0;0;0;0;-0.7063;0;0.7063;1;1;0;0;0;0
11/05/21 00:00;0;0;90;0;0;90;0;0;0;0;13.2;2.5;0;0;0;0;0;0;0;0;0;0;0;0;0;1;1;1;1;0;0;0;0;0;0;0;0;0;0;0;0;0;0;0;0;0;0;0;0;0;0;0;0;0;0;0;0;0;0;0;0;0;0;0;1;1;1;1;1;1;1;1;1;1;1;1;1;1;1;1;1;1;1;0;0;0;0;0;0;0;0;0;0.0004;0.088;0;-0.0884;0;0;0;0;0;0;0;0;0;0;0;0;0;0;0;0;0;0;0;-13.2;0;0;0;0;0.0004;0;0;0;0;0;0;0;-0.0004;-0.0884;0;0;0;0;0;0;0;0;0;-0.7063;0;0.7063;1;1;0;0;0;0
11/05/21 01:00;0;0;90;0;0;90;0;0;0;0;12.6;2.75;0;0;0;0;0;0;0;0;0;0;0;0;0;1;1;1;1;0;0;0;0;0;0;0;0;0;0;0;0;0;0;0;0;0;0;0;0;0;0;0;0;0;0;0;0;0;0;0;0;0;0;0;1;1;1;1;1;1;1;1;1;1;1;1;1;1;1;1;1;1;1;0;0;0;0;0;0;0;0;0;0.0004;0.088;0;-0.0884;0;0;0;0;0;0;0;0;0;0;0;0;0;0;0;0;0;0;0;-12.6;0;0;0;0;0.0004;0;0;0;0;0;0;0;-0.0004;-0.0884;0;0;0;0;0;0;0;0;0;-0.7063;0;0.7063;1;1;0;0;0;0
11/05/21 02:00;0;0;90;0;0;90;0;0;0;0;12.4;3.1001;0;0;0;0;0;0;0;0;0;0;0;0;0;1;1;1;1;0;0;0;0;0;0;0;0;0;0;0;0;0;0;0;0;0;0;0;0;0;0;0;0;0;0;0;0;0;0;0;0;0;0;0;1;1;1;1;1;1;1;1;1;1;1;1;1;1;1;1;1;1;1;0;0;0;0;0;0;0;0;0;0.0004;0.088;0;-0.0884;0;0;0;0;0;0;0;0;0;0;0;0;0;0;0;0;0;0;0;-12.4;0;0;0;0;0.0004;0;0;0;0;0;0;0;-0.0004;-0.0884;0;0;0;0;0;0;0;0;0;-0.7063;0;0.7063;1;1;0;0;0;0
11/05/21 03:00;0;0;90;0;0;90;0;0;0;0;12.2;3.3;0;0;0;0;0;0;0;0;0;0;0;0;0;1;1;1;1;0;0;0;0;0;0;0;0;0;0;0;0;0;0;0;0;0;0;0;0;0;0;0;0;0;0;0;0;0;0;0;0;0;0;0;1;1;1;1;1;1;1;1;1;1;1;1;1;1;1;1;1;1;1;0;0;0;0;0;0;0;0;0;0.0004;0.088;0;-0.0884;0;0;0;0;0;0;0;0;0;0;0;0;0;0;0;0;0;0;0;-12.2;0;0;0;0;0.0004;0;0;0;0;0;0;0;-0.0004;-0.0884;0;0;0;0;0;0;0;0;0;-0.7063;0;0.7063;1;1;0;0;0;0
11/05/21 04:00;0;0;90;0;0;90;0;0;0;0;11.5;3.05;0;0;0;0;0;0;0;0;0;0;0;0;0;1;1;1;1;0;0;0;0;0;0;0;0;0;0;0;0;0;0;0;0;0;0;0;0;0;0;0;0;0;0;0;0;0;0;0;0;0;0;0;1;1;1;1;1;1;1;1;1;1;1;1;1;1;1;1;1;1;1;0;0;0;0;0;0;0;0;0;0.0004;0.088;0;-0.0884;0;0;0;0;0;0;0;0;0;0;0;0;0;0;0;0;0;0;0;-11.5;0;0;0;0;0.0004;0;0;0;0;0;0;0;-0.0004;-0.0884;0;0;0;0;0;0;0;0;0;-0.7063;0;0.7063;1;1;0;0;0;0
11/05/21 05:00;0;0;90;0;0;90;0;0;0;0;11.04;2.8601;0;0;0;0;0;0;0;0;0;0;0;0;0;1;1;1;1;0;0;0;0;0;0;0;0;0;0;0;0;0;0;0;0;0;0;0;0;0;0;0;0;0;0;0;0;0;0;0;0;0;0;0;1;1;1;1;1;1;1;1;1;1;1;1;1;1;1;1;1;1;1;0;0;0;0;0;0;0;0;0;0.0004;0.088;0;-0.0884;0;0;0;0;0;0;0;0;0;0;0;0;0;0;0;0;0;0;0;-11.04;0;0;0;0;0.0004;0;0;0;0;0;0;0;-0.0004;-0.0884;0;0;0;0;0;0;0;0;0;-0.7063;0;0.7063;1;1;0;0;0;0
11/05/21 06:00;1.3298;-66.766;86.774;1.4471;2.0643;-90;-2.0643;0;0;0;10.84;2.89;0;0;0;0;0;0;0;0;0;0;0;0;0;1;1;1;1;0;0;0;0;0;0;0;0;0;0;0;0;0;0;0;0;0;0;0;0;0;0;0;0;0;0;0;0;0;0;0;0;0;0;0;1;1;1;1;1;1;1;1;1;1;1;1;1;1;1;1;1;1;1;0;0;0;0;0;0;0;0;0;0.0004;0.088;0;-0.0884;0;0;0;0;0;0;0;0;0;0;0;0;0;0;0;0;0;0;0;-10.84;0;0;0;0;0.0004;0;0;0;0;0;0;0;-0.0004;-0.0884;0;0;0;0;0;0;0;0;0;-0.7063;0;0.7063;1;1;0;0;0;0
11/05/21 07:00;7.9473;-61.318;70.408;9.0416;13.363;-90;-13.363;35.299;34.098;1.2013;10.8;2.8799;0;2.9135;33.418;0.5368;0;0.0812;36.949;0;36.949;2.9135;0.5368;33.418;0.0812;0.0789;0.9066;0;0.0022;36.488;0.4614;0;0;0.3936;0.0677;34.746;1.6692;0.3287;0.0606;1.2768;0.003;36.415;0.073;0.0058;0.0011;0.066;0;34.762;2.5789;0.4751;31.681;0.0105;20.23;16.791;5.2763;0.0286;0.2037;2.9306;0.0162;3.1058;0;1;0;0;1.0468;0.9875;1;1;0.9882;0.1664;0.9542;0.8869;1;0.9613;0.7754;0.998;0.998;1;0.998;0.998;0.9404;0.948;0.1288;0.111;0.1109;0.0007;0.0118;-0.0052;0.0007;0.0026;0.0005;0;0;0.088;0;0.005;0;0;0;0;0;0;0;0;0;0;0;0;0.0021;0.0001;0.0976;0.0976;0;12.226;12.226;1.4265;0.0411;93.042;1049.1;1;0.0047;0.0047;0;0;0;0;0;0;0.093;0.005;0;16.758;19.405;0.8502;0.9845;95.229;95.229;0.8868;0.7801;0.0396;0.1067;0.7405;0.1203;0.8351;0.0446;20.223;0.0421;0
11/05/21 08:00;18.144;-51.067;40.953;22.844;47.472;-90;-47.472;122.31;113.3;9.0033;10.8;2.4601;0;21.836;92.894;5.9354;0;3.3688;124.03;0;124.03;21.836;5.9354;92.894;3.3688;0.176;0.7761;0;0.0272;112.57;11.464;0;0;8.3258;3.1379;109.36;2.9886;0.1622;0.0441;2.7711;0.0112;112.35;0.2251;0.0437;0.0119;0.1691;0.0005;110.55;21.63;5.8794;81.628;0.2192;70.814;58.776;20.881;6.8242;0.9934;14.29;1.189;8.4595;0;1;0;0;1.0141;0.9076;1;1;0.9104;0.0685;0.9734;0.9926;1;0.9672;0.9512;0.998;0.998;1;0.998;0.998;0.8817;0.8787;0.0651;0.3725;0.3631;0.0022;0.0177;-0.0128;0.0025;0.0088;0.0028;0;0;0.088;0;0.2385;0;0;0;0;0;0;0;0;0;0;0;0;0.0071;0.0005;0.3343;0.3343;0;15.242;15.242;4.4418;0.0406;308.65;1083.1;1;0.0078;0.0078;0;0;0;0;0;0;0.3265;0.2385;0;17.098;19.799;12.196;14.123;97.658;97.658;2.9768;2.6717;1.9059;0.3051;0.7659;0.1025;0.2573;0.6402;70.758;0.5894;0
11/05/21 09:00;26.821;-38.797;44.069;38.901;51.099;-90;-51.099;238.01;193.6;44.411;11.5;1.5999;0;70.721;146;22.67;0;7.5263;246.92;0;246.92;70.721;22.67;146;7.5263;0.2864;0.6218;0;0.0305;225.32;21.599;0;0;14.561;7.0384;219.61;5.2552;0.6539;0.2096;4.3722;0.0195;224.87;0.4506;0.1414;0.0453;0.2629;0.001;222.29;69.926;22.415;126.8;0.4674;135.6;112.55;39.775;13.851;1.9669;28.293;2.6824;16.409;0;1;0;0;1.0374;0.9125;1;1;0.9003;0.0648;0.9766;0.9907;1;0.9667;0.9599;0.998;0.998;1;0.998;0.998;0.8894;0.8685;0.0621;0.7415;0.7292;0.0044;0.0167;-0.0119;0.005;0.0179;0.0056;0;0;0.088;0;0.5758;0;0;0;0;0;0;0;0;0;0;0;0;0.0144;0.0015;0.6757;0.6757;0;20.403;20.403;8.9035;0.0405;621.97;1086.4;1;0.0119;0.0119;0;0;0;0;0;0;0.6638;0.5758;0;17.36;20.102;14.793;17.13;98.24;98.24;5.926;5.4002;4.6019;0.5258;0.7984;0.0887;0.1347;0.7766;115.27;0.7152;0
11/05/21 10:00;33.239;-24.062;49.793;58.112;31.888;-90;-31.888;257.19;229.5;27.694;11.62;0.99;0;32.616;204.17;10.202;0;3.2992;250.29;0;250.29;32.616;10.202;204.17;3.2992;0.1303;0.8289;0;0.0132;237.37;12.917;0;0;9.9986;2.9187;230.02;6.8827;0.4105;0.1284;6.2815;0.0623;236.9;0.4747;0.0652;0.0204;0.3883;0.0008;231.05;32.14;10.053;187.5;0.3174;155.16;128.79;42.948;3.8183;1.6354;23.524;1.0359;21.341;0;1;0;0;0.9732;0.9484;1;1;0.951;0.1153;0.9709;0.9874;1;0.9676;0.836;0.998;0.998;1;0.998;0.998;0.919;0.9184;0.0962;0.7516;0.7455;0.0045;0.0165;-0.0108;0.0051;0.0183;0.0046;0;0;0.088;0;0.5909;0;0;0;0;0;0;0;0;0;0;0;0;0.0147;0.0015;0.691;0.691;0;20.946;20.946;9.3262;0.0405;636.43;1085.8;1;0.0121;0.0121;0;0;0;0;0;0;0.6789;0.5909;0;17.514;20.28;14.977;17.342;98.248;98.248;6.007;5.5225;4.7225;0.4844;0.8;0.0806;0.1332;0.7862;136.38;0.7345;0
11/05/21 11:00;36.553;-7.1243;52.854;80.504;9.4965;-90;-9.4965;239.2;226.5;12.702;12.74;0.42;0;12.879;221.36;3.6591;0;0.2786;238.18;0;238.18;12.879;3.6591;221.36;0.2786;0.0541;0.9306;0;0.0012;236.48;1.7028;0;0;1.4705;0.2323;226.68;9.3194;0.2128;0.0605;9.0358;0.0104;236;0.473;0.0258;0.0073;0.4398;0.0001;226.73;12.64;3.5914;210.42;0.0358;142.06;117.91;36.974;0.0525;1.426;20.512;0.0463;21.886;0;1;0;0;0.9957;0.9929;1;1;0.9934;0.1662;0.9605;0.9834;1;0.9588;0.7753;0.998;0.998;1;0.998;0.998;0.9517;0.9506;0.1286;0.7153;0.7261;0.0044;0.0167;-0.0079;0.005;0.0177;0.004;0;0;0.088;0;0.5708;0;0;0;0;0;0;0;0;0;0;0;0;0.0143;0.0015;0.6706;0.6706;0;21.94;21.94;9.1999;0.0406;620.15;1081.3;1;0.0118;0.0118;0;0;0;0;0;0;0.6588;0.5708;0;17.86;20.681;15.203;17.604;98.245;98.245;5.7163;5.3592;4.5618;0.3571;0.7973;0.0625;0.1395;0.798;132.53;0.7497;0
11/05/21 12:00;36.179;10.605;52.504;75.875;14.125;90;14.125;263.6;243.7;19.899;12.8;0.2399;0;20.519;233.97;6.3287;0;0.6774;261.5;0;261.5;20.519;6.3287;233.97;0.6774;0.0785;0.8973;0;0.0026;257.9;3.5999;0;0;3.034;0.566;248.11;9.2671;0.3271;0.1009;8.8141;0.025;257.38;0.5158;0.041;0.0127;0.4619;0.0002;248.26;20.151;6.2152;221.66;0.0862;156.97;130.29;41.185;0.2442;1.5663;22.531;0.1456;23.853;0;1;0;0;0.992;0.9862;1;1;0.987;0.1646;0.964;0.984;1;0.9618;0.7749;0.998;0.998;1;0.998;0.998;0.9488;0.9474;0.1273;0.7853;0.7952;0.0048;0.016;-0.006;0.0055;0.0194;0.0044;0;0;0.088;0;0.6333;0;0;0;0;0;0;0;0;0;0;0;0;0.0156;0.0017;0.7339;0.7339;0;22.871;22.871;10.071;0.0406;679.26;1080.5;1;0.0127;0.0127;0;0;0;0;0;0;0.7213;0.6333;0;17.804;20.617;15.362;17.789;98.275;98.275;6.2759;5.8656;5.0611;0.4104;0.8045;0.0654;0.1282;0.8064;141.95;0.7576;0
11/05/21 13:00;32.187;27.181;48.838;54.029;35.971;90;35.971;319;251;68.002;14.08;0.35;0;84.024;205.41;29.578;0;5.1704;324.18;0;324.18;84.024;29.578;205.41;5.1704;0.2592;0.6496;0;0.0159;307.33;16.855;0;0;12.181;4.6745;299.06;7.6549;1.0108;0.3558;6.2226;0.0657;306.71;0.6147;0.168;0.0592;0.3865;0.001;300.72;82.845;29.163;186.62;0.4292;186.86;155.09;52.445;5.814;2.0013;28.788;1.661;24.975;0;1;0;0;1.0163;0.948;1;1;0.9407;0.0959;0.975;0.9879;1;0.9677;0.8673;0.998;0.998;1;0.998;0.998;0.9225;0.9085;0.083;0.9735;0.9664;0.0058;0.0139;0.0042;0.0066;0.0234;0.0056;0;0;0.088;0;0.7829;0;0;0;0;0;0;0;0;0;0;0;0;0.0188;0.0024;0.8857;0.8857;0;26.236;26.236;12.156;0.0406;825.52;1072.9;1;0.0148;0.0148;0;0;0;0;0;0;0.8709;0.7829;0;17.331;20.068;15.32;17.74;98.333;98.333;7.7804;7.0782;6.2569;0.7022;0.8213;0.0903;0.1056;0.8042;141.53;0.7541;0
11/05/21 14:00;25.254;41.417;42.706;35.491;54.509;90;54.509;103.2;101.6;1.5993;14.48;0.5501;0;2.7547;80.07;0.4901;0;3.6792;86.994;0;86.994;2.7547;0.4901;80.07;3.6792;0.0317;0.9627;0;0.0423;74.753;12.241;0;0;8.7862;3.4549;72.15;2.454;0.0233;0.0041;2.4169;0.0096;74.604;0.1495;0.0055;0.001;0.1426;0.0004;73.646;2.7259;0.485;68.725;0.2142;66.066;54.835;20.153;9.524;1.0884;15.656;1.4959;7.2206;0;1;0;0;0.843;0.8593;1;1;0.8903;0.061;0.9671;0.9915;1;0.966;0.9569;0.998;0.998;1;0.998;0.998;0.8294;0.8583;0.0582;0.2612;0.2548;0.0015;0.0164;-0.0071;0.0017;0.0061;0.003;0;0;0.088;0;0.1334;0;0;0;0;0;0;0;0;0;0;0;0;0.0049;0.0003;0.2281;0.2281;0;17.429;17.429;2.9489;0.0409;215.65;1057.6;1;0.0066;0.0066;0;0;0;0;0;0;0.2214;0.1334;0;16.631;19.258;9.7298;11.267;97.09;97.09;2.0879;1.8227;1.0664;0.2651;0.7563;0.127;0.3623;0.5108;65.513;0.4501;0
11/05/21 15:00;16.224;53.24;47.344;19.961;35.927;90;35.927;272.7;91.697;181.01;14.3;0.99;0;438.99;42.814;107.64;0;4.4096;593.85;0;593.85;438.99;107.64;42.814;4.4096;0.7392;0.0795;0;0.0074;587.33;6.52;0;0;2.5341;3.986;578.71;7.4523;4.8979;1.201;1.2972;0.0563;586.16;1.1747;0.878;0.2153;0.0806;0.0008;579;433.21;106.22;38.903;0.3665;30.593;25.392;8.3806;1.2076;0.3577;5.1448;0.2914;4.2949;0;1;0;0;2.1777;0.989;1;1;0.9408;0.0961;0.9873;0.9888;1;0.9677;0.8669;0.998;0.998;1;0.998;0.998;0.9745;0.9086;0.0831;1.7833;1.7547;0.0106;0.003;0.0799;0.0116;0.0412;0.001;0;0;0.088;0;1.4538;0;0;0;0;0;0;0;0;0;0;0;0;0.0332;0.0071;1.567;1.567;0;37.971;37.971;23.671;0.0409;1510.1;1037.7;1;0.0252;0.0252;0;0;0;0;0;0;1.5418;1.4538;0;16.739;19.384;15.53;17.983;98.39;98.39;14.252;12.524;11.619;1.7288;0.9049;0.1213;0.0635;0.8152;29.488;0.81;0
11/05/21 16:00;5.7955;63.166;75.824;6.4892;9.4189;90;9.4189;31.509;30.998;0.5114;14.3;1.4;0;1.2402;30.672;0.2844;0;0.0361;32.233;0;32.233;1.2402;0.2844;30.672;0.0361;0.0385;0.9527;0;0.0011;32.001;0.2318;0;0;0.2016;0.0302;30.374;1.5632;0.2509;0.0575;1.2534;0.0013;31.937;0.064;0.0025;0.0006;0.0609;0;30.38;0.9868;0.2263;29.156;0.0046;18.364;15.242;4.764;0.007;0.1854;2.6664;0.0058;2.8447;0;1;0;0;1.023;0.9928;1;1;0.9934;0.165;0.9511;0.7973;1;0.9588;0.7749;0.998;0.998;1;0.998;0.998;0.9423;0.9506;0.1276;0.0968;0.0971;0.0006;0.0111;-0.0034;0.0006;0.0022;0.0005;0;0;0.088;0;-0.0085;0;0;0;0;0;0;0;0;0;0;0;0;0.0018;0.0001;0.0837;0.0837;0;15.553;15.553;1.2528;0.0412;81.337;1028.7;1;0.0041;0.0041;0;0;0;0;0;0;0.0795;-0.0085;0;16.467;19.068;-1.6685;-1.9321;95.043;95.043;0.7736;0.6687;-0.0678;0.1049;0.7364;0.1356;0.952;0;18.361;0;0
11/05/21 17:00;0.2191;67.62;89.469;0.2369;0.3377;90;0.3377;0;0;0;13.18;1.62;0;0;0;0;0;0;0;0;0;0;0;0;0;1;1;1;1;0;0;0;0;0;0;0;0;0;0;0;0;0;0;0;0;0;0;0;0;0;0;0;0;0;0;0;0;0;0;0;0;0;0;0;1;1;1;1;1;1;1;1;1;1;1;1;1;1;1;1;1;1;1;0;0;0;0;0;0;0;0;0;0.0004;0.088;0;-0.0884;0;0;0;0;0;0;0;0;0;0;0;0;0;0;0;0;0;0;0;-13.18;0;0;0;0;0.0004;0;0;0;0;0;0;0;-0.0004;-0.0884;0;0;0;0;0;0;0;0;0;-0.7063;0;0.7063;1;1;0;0;0;0
11/05/21 18:00;0;0;90;0;0;90;0;0;0;0;12.8;1.5801;0;0;0;0;0;0;0;0;0;0;0;0;0;1;1;1;1;0;0;0;0;0;0;0;0;0;0;0;0;0;0;0;0;0;0;0;0;0;0;0;0;0;0;0;0;0;0;0;0;0;0;0;1;1;1;1;1;1;1;1;1;1;1;1;1;1;1;1;1;1;1;0;0;0;0;0;0;0;0;0;0.0004;0.088;0;-0.0884;0;0;0;0;0;0;0;0;0;0;0;0;0;0;0;0;0;0;0;-12.8;0;0;0;0;0.0004;0;0;0;0;0;0;0;-0.0004;-0.0884;0;0;0;0;0;0;0;0;0;-0.7063;0;0.7063;1;1;0;0;0;0
11/05/21 19:00;0;0;90;0;0;90;0;0;0;0;12.31;1.41;0;0;0;0;0;0;0;0;0;0;0;0;0;1;1;1;1;0;0;0;0;0;0;0;0;0;0;0;0;0;0;0;0;0;0;0;0;0;0;0;0;0;0;0;0;0;0;0;0;0;0;0;1;1;1;1;1;1;1;1;1;1;1;1;1;1;1;1;1;1;1;0;0;0;0;0;0;0;0;0;0.0004;0.088;0;-0.0884;0;0;0;0;0;0;0;0;0;0;0;0;0;0;0;0;0;0;0;-12.31;0;0;0;0;0.0004;0;0;0;0;0;0;0;-0.0004;-0.0884;0;0;0;0;0;0;0;0;0;-0.7063;0;0.7063;1;1;0;0;0;0
11/05/21 20:00;0;0;90;0;0;90;0;0;0;0;11.8;1.23;0;0;0;0;0;0;0;0;0;0;0;0;0;1;1;1;1;0;0;0;0;0;0;0;0;0;0;0;0;0;0;0;0;0;0;0;0;0;0;0;0;0;0;0;0;0;0;0;0;0;0;0;1;1;1;1;1;1;1;1;1;1;1;1;1;1;1;1;1;1;1;0;0;0;0;0;0;0;0;0;0.0004;0.088;0;-0.0884;0;0;0;0;0;0;0;0;0;0;0;0;0;0;0;0;0;0;0;-11.8;0;0;0;0;0.0004;0;0;0;0;0;0;0;-0.0004;-0.0884;0;0;0;0;0;0;0;0;0;-0.7063;0;0.7063;1;1;0;0;0;0
11/05/21 21:00;0;0;90;0;0;90;0;0;0;0;11.42;1.1999;0;0;0;0;0;0;0;0;0;0;0;0;0;1;1;1;1;0;0;0;0;0;0;0;0;0;0;0;0;0;0;0;0;0;0;0;0;0;0;0;0;0;0;0;0;0;0;0;0;0;0;0;1;1;1;1;1;1;1;1;1;1;1;1;1;1;1;1;1;1;1;0;0;0;0;0;0;0;0;0;0.0004;0.088;0;-0.0884;0;0;0;0;0;0;0;0;0;0;0;0;0;0;0;0;0;0;0;-11.42;0;0;0;0;0.0004;0;0;0;0;0;0;0;-0.0004;-0.0884;0;0;0;0;0;0;0;0;0;-0.7063;0;0.7063;1;1;0;0;0;0
11/05/21 22:00;0;0;90;0;0;90;0;0;0;0;10.3;1.3401;0;0;0;0;0;0;0;0;0;0;0;0;0;1;1;1;1;0;0;0;0;0;0;0;0;0;0;0;0;0;0;0;0;0;0;0;0;0;0;0;0;0;0;0;0;0;0;0;0;0;0;0;1;1;1;1;1;1;1;1;1;1;1;1;1;1;1;1;1;1;1;0;0;0;0;0;0;0;0;0;0.0004;0.088;0;-0.0884;0;0;0;0;0;0;0;0;0;0;0;0;0;0;0;0;0;0;0;-10.3;0;0;0;0;0.0004;0;0;0;0;0;0;0;-0.0004;-0.0884;0;0;0;0;0;0;0;0;0;-0.7063;0;0.7063;1;1;0;0;0;0
11/05/21 23:00;0;0;90;0;0;90;0;0;0;0;10.5;1.5999;0;0;0;0;0;0;0;0;0;0;0;0;0;1;1;1;1;0;0;0;0;0;0;0;0;0;0;0;0;0;0;0;0;0;0;0;0;0;0;0;0;0;0;0;0;0;0;0;0;0;0;0;1;1;1;1;1;1;1;1;1;1;1;1;1;1;1;1;1;1;1;0;0;0;0;0;0;0;0;0;0.0004;0.088;0;-0.0884;0;0;0;0;0;0;0;0;0;0;0;0;0;0;0;0;0;0;0;-10.5;0;0;0;0;0.0004;0;0;0;0;0;0;0;-0.0004;-0.0884;0;0;0;0;0;0;0;0;0;-0.7063;0;0.7063;1;1;0;0;0;0
12/05/21 00:00;0;0;90;0;0;90;0;0;0;0;9.7999;1.7;0;0;0;0;0;0;0;0;0;0;0;0;0;1;1;1;1;0;0;0;0;0;0;0;0;0;0;0;0;0;0;0;0;0;0;0;0;0;0;0;0;0;0;0;0;0;0;0;0;0;0;0;1;1;1;1;1;1;1;1;1;1;1;1;1;1;1;1;1;1;1;0;0;0;0;0;0;0;0;0;0.0004;0.088;0;-0.0884;0;0;0;0;0;0;0;0;0;0;0;0;0;0;0;0;0;0;0;-9.7999;0;0;0;0;0.0004;0;0;0;0;0;0;0;-0.0004;-0.0884;0;0;0;0;0;0;0;0;0;-0.7063;0;0.7063;1;1;0;0;0;0
12/05/21 01:00;0;0;90;0;0;90;0;0;0;0;9.1598;1.7501;0;0;0;0;0;0;0;0;0;0;0;0;0;1;1;1;1;0;0;0;0;0;0;0;0;0;0;0;0;0;0;0;0;0;0;0;0;0;0;0;0;0;0;0;0;0;0;0;0;0;0;0;1;1;1;1;1;1;1;1;1;1;1;1;1;1;1;1;1;1;1;0;0;0;0;0;0;0;0;0;0.0004;0.088;0;-0.0884;0;0;0;0;0;0;0;0;0;0;0;0;0;0;0;0;0;0;0;-9.1598;0;0;0;0;0.0004;0;0;0;0;0;0;0;-0.0004;-0.0884;0;0;0;0;0;0;0;0;0;-0.7063;0;0.7063;1;1;0;0;0;0
12/05/21 02:00;0;0;90;0;0;90;0;0;0;0;9.2601;1.87;0;0;0;0;0;0;0;0;0;0;0;0;0;1;1;1;1;0;0;0;0;0;0;0;0;0;0;0;0;0;0;0;0;0;0;0;0;0;0;0;0;0;0;0;0;0;0;0;0;0;0;0;1;1;1;1;1;1;1;1;1;1;1;1;1;1;1;1;1;1;1;0;0;0;0;0;0;0;0;0;0.0004;0.088;0;-0.0884;0;0;0;0;0;0;0;0;0;0;0;0;0;0;0;0;0;0;0;-9.2601;0;0;0;0;0.0004;0;0;0;0;0;0;0;-0.0004;-0.0884;0;0;0;0;0;0;0;0;0;-0.7063;0;0.7063;1;1;0;0;0;0
12/05/21 03:00;0;0;90;0;0;90;0;0;0;0;9.4097;1.96;0;0;0;0;0;0;0;0;0;0;0;0;0;1;1;1;1;0;0;0;0;0;0;0;0;0;0;0;0;0;0;0;0;0;0;0;0;0;0;0;0;0;0;0;0;0;0;0;0;0;0;0;1;1;1;1;1;1;1;1;1;1;1;1;1;1;1;1;1;1;1;0;0;0;0;0;0;0;0;0;0.0004;0.088;0;-0.0884;0;0;0;0;0;0;0;0;0;0;0;0;0;0;0;0;0;0;0;-9.4097;0;0;0;0;0.0004;0;0;0;0;0;0;0;-0.0004;-0.0884;0;0;0;0;0;0;0;0;0;-0.7063;0;0.7063;1;1;0;0;0;0
12/05/21 04:00;0;0;90;0;0;90;0;0;0;0;8.1799;2.03;0;0;0;0;0;0;0;0;0;0;0;0;0;1;1;1;1;0;0;0;0;0;0;0;0;0;0;0;0;0;0;0;0;0;0;0;0;0;0;0;0;0;0;0;0;0;0;0;0;0;0;0;1;1;1;1;1;1;1;1;1;1;1;1;1;1;1;1;1;1;1;0;0;0;0;0;0;0;0;0;0.0004;0.088;0;-0.0884;0;0;0;0;0;0;0;0;0;0;0;0;0;0;0;0;0;0;0;-8.1799;0;0;0;0;0.0004;0;0;0;0;0;0;0;-0.0004;-0.0884;0;0;0;0;0;0;0;0;0;-0.7063;0;0.7063;1;1;0;0;0;0
12/05/21 05:00;0;0;90;0;0;90;0;0;0;0;7.0298;2.1;0;0;0;0;0;0;0;0;0;0;0;0;0;1;1;1;1;0;0;0;0;0;0;0;0;0;0;0;0;0;0;0;0;0;0;0;0;0;0;0;0;0;0;0;0;0;0;0;0;0;0;0;1;1;1;1;1;1;1;1;1;1;1;1;1;1;1;1;1;1;1;0;0;0;0;0;0;0;0;0;0.0004;0.088;0;-0.0884;0;0;0;0;0;0;0;0;0;0;0;0;0;0;0;0;0;0;0;-7.0298;0;0;0;0;0.0004;0;0;0;0;0;0;0;-0.0004;-0.0884;0;0;0;0;0;0;0;0;0;-0.7063;0;0.7063;1;1;0;0;0;0
12/05/21 06:00;1.1792;-66.564;87.139;1.2852;1.833;-90;-1.833;0;0;0;7.0099;1.9199;0;0;0;0;0;0;0;0;0;0;0;0;0;1;1;1;1;0;0;0;0;0;0;0;0;0;0;0;0;0;0;0;0;0;0;0;0;0;0;0;0;0;0;0;0;0;0;0;0;0;0;0;1;1;1;1;1;1;1;1;1;1;1;1;1;1;1;1;1;1;1;0;0;0;0;0;0;0;0;0;0.0004;0.088;0;-0.0884;0;0;0;0;0;0;0;0;0;0;0;0;0;0;0;0;0;0;0;-7.0099;0;0;0;0;0.0004;0;0;0;0;0;0;0;-0.0004;-0.0884;0;0;0;0;0;0;0;0;0;-0.7063;0;0.7063;1;1;0;0;0;0
12/05/21 07:00;7.7856;-61.123;70.82;8.8745;13.097;-90;-13.097;55.107;44.103;11.005;7.45;2.18;0;26.689;40.886;6.4943;0;0.1218;74.191;0;74.191;26.689;6.4943;40.886;0.1218;0.3597;0.5527;0;0.0016;73.624;0.5672;0;0;0.4656;0.1016;67.994;5.4831;3.1438;0.765;1.5697;0.0045;73.477;0.1472;0.0534;0.013;0.0808;0;68.013;23.492;5.7163;38.77;0.0157;24.789;20.575;6.4716;0.0325;0.2491;3.5827;0.0188;3.7993;0;1;0;0;1.3463;0.9924;1;1;0.9886;0.1664;0.9254;0.882;1;0.9611;0.7753;0.998;0.998;1;0.998;0.998;0.9165;0.9482;0.1288;0.2228;0.2124;0.0013;0.0154;-0.0115;0.0015;0.0051;0.0007;0;0;0.088;0;0.1008;0;0;0;0;0;0;0;0;0;0;0;0;0.0041;0.0002;0.1955;0.1955;0;10.214;10.214;2.7637;0.0406;180;1086.2;1;0.0067;0.0067;0;0;0;0;0;0;0.1888;0.1008;0;16.717;19.357;8.6194;9.9811;96.574;96.574;1.7806;1.5625;0.8057;0.2181;0.7568;0.1225;0.425;0.4525;24.722;0.4367;0
12/05/21 08:00;17.96;-50.887;41.596;22.674;46.539;-90;-46.539;150.81;124.5;26.309;9.76;1.8;0;63.808;98.367;19.255;0;4.0012;185.43;0;185.43;63.808;19.255;98.367;4.0012;0.3441;0.5521;0;0.0216;173.14;12.287;0;0;8.5656;3.7218;169.2;3.5965;0.4979;0.1502;2.9337;0.0147;172.8;0.3463;0.1276;0.0385;0.1796;0.0006;170.4;63.182;19.067;86.688;0.2642;74.433;61.779;21.824;6.7471;1.0246;14.738;1.2023;9.0155;0;1;0;0;1.2296;0.9337;1;1;0.9129;0.0698;0.9792;0.9922;1;0.9673;0.9475;0.998;0.998;1;0.998;0.998;0.9125;0.8813;0.066;0.5569;0.5443;0.0033;0.0179;-0.0164;0.0038;0.0134;0.0029;0;0;0.088;0;0.4099;0;0;0;0;0;0;0;0;0;0;0;0;0.0108;0.0009;0.5077;0.5077;0;16.613;16.613;6.8527;0.0405;464.31;1093.4;1;0.0098;0.0098;0;0;0;0;0;0;0.4979;0.4099;0;17.368;20.112;14.024;16.239;98.077;98.077;4.4504;4.0575;3.2761;0.3929;0.7813;0.0883;0.1756;0.7362;74.265;0.6948;0
12/05/21 09:00;26.611;-38.641;44.293;38.741;51.259;-90;-51.259;289.8;183.6;106.2;12.06;1.8399;0;169.69;122.8;51.986;0;9.2175;353.7;0;353.7;169.69;51.986;122.8;9.2175;0.4798;0.3733;0;0.0261;332.78;20.924;0;0;12.303;8.621;326.33;5.781;1.5911;0.4875;3.6786;0.0238;332.11;0.6656;0.3394;0.104;0.221;0.0012;329.17;167.76;51.395;106.6;0.5715;144.89;120.26;41.676;11.779;1.9588;28.176;2.8443;18.356;0;1;0;0;1.2205;0.9408;1;1;0.8998;0.0647;0.9826;0.9906;1;0.9666;0.96;0.998;0.998;1;0.998;0.998;0.9226;0.8681;0.062;1.0622;1.0508;0.0063;0.0127;0.0011;0.0072;0.0256;0.0055;0;0;0.088;0;0.8648;0;0;0;0;0;0;0;0;0;0;0;0;0.0206;0.0028;0.969;0.969;0;25.307;25.307;13.247;0.0406;898.03;1079;1;0.0161;0.0161;0;0;0;0;0;0;0.9528;0.8648;0;17.378;20.124;15.511;17.961;98.337;98.337;8.4888;7.7439;6.9118;0.7449;0.8321;0.0878;0.098;0.8142;97.116;0.7684;0
12/05/21 10:00;33.005;-23.951;50.033;57.994;32.006;-90;-32.006;543.49;93.101;450.39;13.67;1.46;0;531.13;32.861;67.85;0;7.0223;638.86;0;638.86;531.13;67.85;32.861;7.0223;0.8314;0.0624;0;0.011;631.03;7.8347;0;0;1.6187;6.216;620.99;8.7731;6.7669;0.8645;1.0104;0.1313;629.76;1.2621;1.0623;0.1357;0.0625;0.0016;622.89;523.3;66.85;30.17;0.6734;284.14;235.83;80.189;0.6241;2.4805;35.681;1.9004;37.538;0;1;0;0;1.1755;0.9877;1;1;0.9507;0.1148;0.9861;0.9872;1;0.9676;0.8368;0.998;0.998;1;0.998;0.998;0.972;0.9181;0.0959;1.9185;1.9513;0.0117;0.0009;0.0963;0.0129;0.0457;0.0067;0;0;0.088;0;1.6152;0;0;0;0;0;0;0;0;0;0;0;0;0.0368;0.0086;1.7315;1.7315;0;39.088;39.088;25.418;0.0409;1676.2;1033;1;0.0283;0.0283;0;0;0;0;0;0;1.7032;1.6152;0;17.193;19.91;16.039;18.572;98.365;98.365;15.333;13.838;12.909;1.4942;0.9295;0.0975;0.0606;0.8419;21.968;0.8081;0
12/05/21 11:00;36.304;-7.0854;53.105;80.469;9.5308;-90;-9.5308;599.4;104.3;495.1;15.25;1.0301;0;502.03;38.843;66.102;0;0.7033;607.67;0;607.67;502.03;66.102;38.843;0.7033;0.8261;0.0651;0;0.0012;606.83;0.846;0;0;0.2596;0.5864;594.37;11.244;8.5126;1.1209;1.5847;0.0262;605.62;1.2137;1.0041;0.1322;0.0772;0.0002;594.5;492.51;64.849;36.922;0.0904;350.44;290.87;95.062;0.0095;3.2595;46.887;0.1315;50.137;0;1;0;0;1.0138;0.9986;1;1;0.9933;0.1662;0.9814;0.983;1;0.9588;0.7753;0.998;0.998;1;0.998;0.998;0.9781;0.9505;0.1286;1.8248;1.8894;0.0114;0.0015;0.0967;0.0125;0.0442;0.0088;0;0;0.088;0;1.5556;0;0;0;0;0;0;0;0;0;0;0;0;0.0356;0.0081;1.6706;1.6706;0;39.592;39.592;24.342;0.041;1622.1;1029.9;1;0.0271;0.0271;0;0;0;0;0;0;1.6436;1.5556;0;17.44;20.195;16.239;18.804;98.379;98.379;14.584;13.352;12.432;1.2324;0.9197;0.0845;0.0631;0.8524;23.258;0.8059;0
12/05/21 12:00;35.929;10.561;52.752;75.806;14.194;90;14.194;593.89;109.8;484.09;17.17;0.77;0;499.34;41.452;69.834;0;1.5411;612.17;0;612.17;499.34;69.834;41.452;1.5411;0.8157;0.0702;0;0.0025;610.34;1.8295;0;0;0.5419;1.2876;598.19;10.921;8.1632;1.1416;1.5596;0.057;609.12;1.2207;0.9987;0.1397;0.0818;0.0005;598.54;490.18;68.552;39.269;0.1961;343.42;285.04;93.956;0.0444;3.1446;45.234;0.3432;48.334;0;1;0;0;1.0308;0.997;1;1;0.9869;0.1645;0.9821;0.9836;1;0.9618;0.7749;0.998;0.998;1;0.998;0.998;0.9772;0.9473;0.1272;1.8383;1.8981;0.0114;0.0014;0.1114;0.0124;0.044;0.0085;0;0;0.088;0;1.5504;0;0;0;0;0;0;0;0;0;0;0;0;0.0355;0.0082;1.6653;1.6653;0;41.712;41.712;24.541;0.041;1629.9;1021.7;1;0.0268;0.0268;0;0;0;0;0;0;1.6384;1.5504;0;17.257;19.983;16.067;18.605;98.389;98.389;14.692;13.309;12.391;1.3831;0.9177;0.0941;0.0625;0.8434;25.155;0.7992;0
12/05/21 13:00;31.954;27.07;49.071;53.886;36.114;90;36.114;525.7;114;411.69;18.44;0.6301;0;509.62;43.134;82.048;0;8.5862;643.39;0;643.39;509.62;82.048;43.134;8.5862;0.7921;0.0804;0;0.0133;633.05;10.341;0;0;2.5737;7.7677;623.17;8.6115;6.1999;0.9982;1.3062;0.1073;631.78;1.2661;1.0192;0.1641;0.0811;0.0016;625.57;502.4;80.886;39.173;0.7095;264.97;219.92;74.277;1.2395;2.3886;34.358;2.4054;35.508;0;1;0;0;1.2239;0.9839;1;1;0.9403;0.0953;0.9864;0.9878;1;0.9677;0.8686;0.998;0.998;1;0.998;0.998;0.9686;0.9082;0.0826;1.9321;1.9566;0.0118;0.0009;0.131;0.0127;0.045;0.0064;0;0;0.088;0;1.5886;0;0;0;0;0;0;0;0;0;0;0;0;0.0362;0.0087;1.704;1.704;0;44.052;44.052;25.612;0.0411;1681;1013.6;1;0.0274;0.0274;0;0;0;0;0;0;1.6766;1.5886;0;16.801;19.455;15.663;18.137;98.391;98.391;15.441;13.618;12.696;1.8231;0.9224;0.1181;0.0597;0.8222;29.753;0.7906;0
12/05/21 14:00;25.045;41.263;42.923;35.317;54.683;90;54.683;246.6;203.6;43.002;18.82;0.4099;0;74.385;148.46;26.74;0;8.8437;258.42;0;258.42;74.385;26.74;148.46;8.8437;0.2878;0.6087;0;0.0342;233.75;24.671;0;0;16.366;8.3048;227.91;5.3741;0.638;0.2293;4.4835;0.0234;233.29;0.4675;0.1488;0.0535;0.2642;0.0011;231.09;73.598;26.457;127.34;0.5144;138.66;115.09;41.46;17.858;2.2003;31.651;3.1805;15.992;0;1;0;0;1.0479;0.9045;1;1;0.8898;0.0609;0.977;0.9914;1;0.966;0.9566;0.998;0.998;1;0.998;0.998;0.8819;0.8578;0.0582;0.776;0.7628;0.0046;0.0163;0.0085;0.0051;0.0182;0.0061;0;0;0.088;0;0.5879;0;0;0;0;0;0;0;0;0;0;0;0;0.0147;0.0016;0.6877;0.6877;0;28.118;28.118;9.2978;0.0408;650.78;1056.7;1;0.0117;0.0117;0;0;0;0;0;0;0.6759;0.5879;0;16.88;19.547;14.432;16.712;98.293;98.293;6.2022;5.4958;4.6987;0.7064;0.7971;0.1139;0.1285;0.7576;121.7;0.694;0
12/05/21 15:00;16.038;53.063;47.929;19.781;35.382;90;35.382;233.11;123;110.11;19.4;0.36;0;267.04;78.388;88.858;0;3.6595;437.94;0;437.94;267.04;88.858;78.388;3.6595;0.6098;0.1873;0;0.0084;430.11;7.8296;0;0;4.5299;3.2997;422.73;6.5207;3.0706;1.0218;2.3788;0.0495;429.25;0.8602;0.5341;0.1777;0.1477;0.0007;423.19;263.43;87.658;71.331;0.3095;54.477;45.216;15.355;2.097;0.6054;8.7079;0.458;7.2163;0;1;0;0;1.8787;0.9821;1;1;0.9422;0.0983;0.9848;0.9885;1;0.9677;0.862;0.998;0.998;1;0.998;0.998;0.9653;0.91;0.0846;1.3151;1.293;0.0078;0.0093;0.0537;0.0086;0.0303;0.0016;0;0;0.088;0;1.0469;0;0;0;0;0;0;0;0;0;0;0;0;0.0244;0.0041;1.1532;1.1532;0;36.698;36.698;17.298;0.0409;1111.9;1037.1;1;0.0183;0.0183;0;0;0;0;0;0;1.1349;1.0469;0;16.705;19.343;15.165;17.56;98.413;98.413;10.511;9.2165;8.367;1.2941;0.8495;0.1231;0.0808;0.7961;53.758;0.7844;0
12/05/21 16:00;5.6306;62.975;76.234;6.3155;9.1578;90;9.1578;53.408;51.1;2.3073;17.74;1.33;0;5.5959;49.882;2.1783;0;0.0579;57.714;0;57.714;5.5959;2.1783;49.882;0.0579;0.097;0.8653;0;0.001;57.353;0.3613;0;0;0.313;0.0483;53.546;3.6927;1.1832;0.4606;2.0468;0.0021;57.238;0.1147;0.0112;0.0044;0.0991;0;53.554;4.4015;1.7134;47.423;0.0074;29.858;24.782;7.7453;0.0102;0.3013;4.3346;0.0087;4.6257;0;1;0;0;1.0806;0.9937;1;1;0.9937;0.1649;0.9355;0.7881;1;0.9586;0.7749;0.998;0.998;1;0.998;0.998;0.9278;0.9507;0.1276;0.1733;0.1704;0.001;0.0142;-0.0032;0.0011;0.0039;0.0008;0;0;0.088;0;0.0554;0;0;0;0;0;0;0;0;0;0;0;0;0.0032;0.0002;0.1492;0.1492;0;19.941;19.941;2.2007;0.0411;144.24;1034.3;1;0.0058;0.0058;0;0;0;0;0;0;0.1434;0.0554;0;16.398;18.989;6.0848;7.0461;96.091;96.091;1.3851;1.1923;0.4424;0.1928;0.7499;0.1392;0.5414;0.3194;29.842;0.3024;0
12/05/21 17:00;0.0629;67.422;89.937;0;0;90;0;0;0;0;14.12;1.9001;0;0;0;0;0;0;0;0;0;0;0;0;0;1;1;1;1;0;0;0;0;0;0;0;0;0;0;0;0;0;0;0;0;0;0;0;0;0;0;0;0;0;0;0;0;0;0;0;0;0;0;0;1;1;1;1;1;1;1;1;1;1;1;1;1;1;1;1;1;1;1;0;0;0;0;0;0;0;0;0;0.0004;0.088;0;-0.0884;0;0;0;0;0;0;0;0;0;0;0;0;0;0;0;0;0;0;0;-14.12;0;0;0;0;0.0004;0;0;0;0;0;0;0;-0.0004;-0.0884;0;0;0;0;0;0;0;0;0;-0.7063;0;0.7063;1;1;0;0;0;0
12/05/21 18:00;0;0;90;0;0;90;0;0;0;0;11.92;2.13;0;0;0;0;0;0;0;0;0;0;0;0;0;1;1;1;1;0;0;0;0;0;0;0;0;0;0;0;0;0;0;0;0;0;0;0;0;0;0;0;0;0;0;0;0;0;0;0;0;0;0;0;1;1;1;1;1;1;1;1;1;1;1;1;1;1;1;1;1;1;1;0;0;0;0;0;0;0;0;0;0.0004;0.088;0;-0.0884;0;0;0;0;0;0;0;0;0;0;0;0;0;0;0;0;0;0;0;-11.92;0;0;0;0;0.0004;0;0;0;0;0;0;0;-0.0004;-0.0884;0;0;0;0;0;0;0;0;0;-0.7063;0;0.7063;1;1;0;0;0;0
12/05/21 19:00;0;0;90;0;0;90;0;0;0;0;9.7102;2.1599;0;0;0;0;0;0;0;0;0;0;0;0;0;1;1;1;1;0;0;0;0;0;0;0;0;0;0;0;0;0;0;0;0;0;0;0;0;0;0;0;0;0;0;0;0;0;0;0;0;0;0;0;1;1;1;1;1;1;1;1;1;1;1;1;1;1;1;1;1;1;1;0;0;0;0;0;0;0;0;0;0.0004;0.088;0;-0.0884;0;0;0;0;0;0;0;0;0;0;0;0;0;0;0;0;0;0;0;-9.7102;0;0;0;0;0.0004;0;0;0;0;0;0;0;-0.0004;-0.0884;0;0;0;0;0;0;0;0;0;-0.7063;0;0.7063;1;1;0;0;0;0
12/05/21 20:00;0;0;90;0;0;90;0;0;0;0;8.7901;2.1;0;0;0;0;0;0;0;0;0;0;0;0;0;1;1;1;1;0;0;0;0;0;0;0;0;0;0;0;0;0;0;0;0;0;0;0;0;0;0;0;0;0;0;0;0;0;0;0;0;0;0;0;1;1;1;1;1;1;1;1;1;1;1;1;1;1;1;1;1;1;1;0;0;0;0;0;0;0;0;0;0.0004;0.088;0;-0.0884;0;0;0;0;0;0;0;0;0;0;0;0;0;0;0;0;0;0;0;-8.7901;0;0;0;0;0.0004;0;0;0;0;0;0;0;-0.0004;-0.0884;0;0;0;0;0;0;0;0;0;-0.7063;0;0.7063;1;1;0;0;0;0
12/05/21 21:00;0;0;90;0;0;90;0;0;0;0;8.2198;1.9199;0;0;0;0;0;0;0;0;0;0;0;0;0;1;1;1;1;0;0;0;0;0;0;0;0;0;0;0;0;0;0;0;0;0;0;0;0;0;0;0;0;0;0;0;0;0;0;0;0;0;0;0;1;1;1;1;1;1;1;1;1;1;1;1;1;1;1;1;1;1;1;0;0;0;0;0;0;0;0;0;0.0004;0.088;0;-0.0884;0;0;0;0;0;0;0;0;0;0;0;0;0;0;0;0;0;0;0;-8.2198;0;0;0;0;0.0004;0;0;0;0;0;0;0;-0.0004;-0.0884;0;0;0;0;0;0;0;0;0;-0.7063;0;0.7063;1;1;0;0;0;0
12/05/21 22:00;0;0;90;0;0;90;0;0;0;0;8.1699;1.7;0;0;0;0;0;0;0;0;0;0;0;0;0;1;1;1;1;0;0;0;0;0;0;0;0;0;0;0;0;0;0;0;0;0;0;0;0;0;0;0;0;0;0;0;0;0;0;0;0;0;0;0;1;1;1;1;1;1;1;1;1;1;1;1;1;1;1;1;1;1;1;0;0;0;0;0;0;0;0;0;0.0004;0.088;0;-0.0884;0;0;0;0;0;0;0;0;0;0;0;0;0;0;0;0;0;0;0;-8.1699;0;0;0;0;0.0004;0;0;0;0;0;0;0;-0.0004;-0.0884;0;0;0;0;0;0;0;0;0;-0.7063;0;0.7063;1;1;0;0;0;0
12/05/21 23:00;0;0;90;0;0;90;0;0;0;0;8.2098;1.4399;0;0;0;0;0;0;0;0;0;0;0;0;0;1;1;1;1;0;0;0;0;0;0;0;0;0;0;0;0;0;0;0;0;0;0;0;0;0;0;0;0;0;0;0;0;0;0;0;0;0;0;0;1;1;1;1;1;1;1;1;1;1;1;1;1;1;1;1;1;1;1;0;0;0;0;0;0;0;0;0;0.0004;0.088;0;-0.0884;0;0;0;0;0;0;0;0;0;0;0;0;0;0;0;0;0;0;0;-8.2098;0;0;0;0;0.0004;0;0;0;0;0;0;0;-0.0004;-0.0884;0;0;0;0;0;0;0;0;0;-0.7063;0;0.7063;1;1;0;0;0;0
13/05/21 00:00;0;0;90;0;0;90;0;0;0;0;8.61;1.1199;0;0;0;0;0;0;0;0;0;0;0;0;0;1;1;1;1;0;0;0;0;0;0;0;0;0;0;0;0;0;0;0;0;0;0;0;0;0;0;0;0;0;0;0;0;0;0;0;0;0;0;0;1;1;1;1;1;1;1;1;1;1;1;1;1;1;1;1;1;1;1;0;0;0;0;0;0;0;0;0;0.0004;0.088;0;-0.0884;0;0;0;0;0;0;0;0;0;0;0;0;0;0;0;0;0;0;0;-8.61;0;0;0;0;0.0004;0;0;0;0;0;0;0;-0.0004;-0.0884;0;0;0;0;0;0;0;0;0;-0.7063;0;0.7063;1;1;0;0;0;0
13/05/21 01:00;0;0;90;0;0;90;0;0;0;0;7.9997;0.7299;0;0;0;0;0;0;0;0;0;0;0;0;0;1;1;1;1;0;0;0;0;0;0;0;0;0;0;0;0;0;0;0;0;0;0;0;0;0;0;0;0;0;0;0;0;0;0;0;0;0;0;0;1;1;1;1;1;1;1;1;1;1;1;1;1;1;1;1;1;1;1;0;0;0;0;0;0;0;0;0;0.0004;0.088;0;-0.0884;0;0;0;0;0;0;0;0;0;0;0;0;0;0;0;0;0;0;0;-7.9997;0;0;0;0;0.0004;0;0;0;0;0;0;0;-0.0004;-0.0884;0;0;0;0;0;0;0;0;0;-0.7063;0;0.7063;1;1;0;0;0;0
13/05/21 02:00;0;0;90;0;0;90;0;0;0;0;6.8603;0.27;0;0;0;0;0;0;0;0;0;0;0;0;0;1;1;1;1;0;0;0;0;0;0;0;0;0;0;0;0;0;0;0;0;0;0;0;0;0;0;0;0;0;0;0;0;0;0;0;0;0;0;0;1;1;1;1;1;1;1;1;1;1;1;1;1;1;1;1;1;1;1;0;0;0;0;0;0;0;0;0;0.0004;0.088;0;-0.0884;0;0;0;0;0;0;0;0;0;0;0;0;0;0;0;0;0;0;0;-6.8603;0;0;0;0;0.0004;0;0;0;0;0;0;0;-0.0004;-0.0884;0;0;0;0;0;0;0;0;0;-0.7063;0;0.7063;1;1;0;0;0;0
13/05/21 03:00;0;0;90;0;0;90;0;0;0;0;6.1198;0.37;0;0;0;0;0;0;0;0;0;0;0;0;0;1;1;1;1;0;0;0;0;0;0;0;0;0;0;0;0;0;0;0;0;0;0;0;0;0;0;0;0;0;0;0;0;0;0;0;0;0;0;0;1;1;1;1;1;1;1;1;1;1;1;1;1;1;1;1;1;1;1;0;0;0;0;0;0;0;0;0;0.0004;0.088;0;-0.0884;0;0;0;0;0;0;0;0;0;0;0;0;0;0;0;0;0;0;0;-6.1198;0;0;0;0;0.0004;0;0;0;0;0;0;0;-0.0004;-0.0884;0;0;0;0;0;0;0;0;0;-0.7063;0;0.7063;1;1;0;0;0;0
13/05/21 04:00;0;0;90;0;0;90;0;0;0;0;5.35;0.7999;0;0;0;0;0;0;0;0;0;0;0;0;0;1;1;1;1;0;0;0;0;0;0;0;0;0;0;0;0;0;0;0;0;0;0;0;0;0;0;0;0;0;0;0;0;0;0;0;0;0;0;0;1;1;1;1;1;1;1;1;1;1;1;1;1;1;1;1;1;1;1;0;0;0;0;0;0;0;0;0;0.0004;0.088;0;-0.0884;0;0;0;0;0;0;0;0;0;0;0;0;0;0;0;0;0;0;0;-5.35;0;0;0;0;0.0004;0;0;0;0;0;0;0;-0.0004;-0.0884;0;0;0;0;0;0;0;0;0;-0.7063;0;0.7063;1;1;0;0;0;0
13/05/21 05:00;0;0;90;0;0;90;0;0;0;0;5.56;1.1199;0;0;0;0;0;0;0;0;0;0;0;0;0;1;1;1;1;0;0;0;0;0;0;0;0;0;0;0;0;0;0;0;0;0;0;0;0;0;0;0;0;0;0;0;0;0;0;0;0;0;0;0;1;1;1;1;1;1;1;1;1;1;1;1;1;1;1;1;1;1;1;0;0;0;0;0;0;0;0;0;0.0004;0.088;0;-0.0884;0;0;0;0;0;0;0;0;0;0;0;0;0;0;0;0;0;0;0;-5.56;0;0;0;0;0.0004;0;0;0;0;0;0;0;-0.0004;-0.0884;0;0;0;0;0;0;0;0;0;-0.7063;0;0.7063;1;1;0;0;0;0
13/05/21 06:00;1.2172;-66.222;87.047;1.33;1.8971;-90;-1.8971;0;0;0;5.8499;1.2899;0;0;0;0;0;0;0;0;0;0;0;0;0;1;1;1;1;0;0;0;0;0;0;0;0;0;0;0;0;0;0;0;0;0;0;0;0;0;0;0;0;0;0;0;0;0;0;0;0;0;0;0;1;1;1;1;1;1;1;1;1;1;1;1;1;1;1;1;1;1;1;0;0;0;0;0;0;0;0;0;0.0004;0.088;0;-0.0884;0;0;0;0;0;0;0;0;0;0;0;0;0;0;0;0;0;0;0;-5.8499;0;0;0;0;0.0004;0;0;0;0;0;0;0;-0.0004;-0.0884;0;0;0;0;0;0;0;0;0;-0.7063;0;0.7063;1;1;0;0;0;0
13/05/21 07:00;7.6254;-60.934;71.227;8.7083;12.835;-90;-12.835;73.997;37.597;36.4;6.4003;1.5801;0;88.281;29.512;18.703;0;0.1571;136.65;0;136.65;88.281;18.703;29.512;0.1571;0.646;0.2171;0;0.0011;136.2;0.4558;0;0;0.3248;0.131;121.63;14.298;10.854;2.2996;1.1384;0.0059;135.93;0.2724;0.1766;0.0374;0.0584;0.0001;121.64;77.251;16.366;27.99;0.0202;18.046;14.978;4.735;0.0218;0.1796;2.5841;0.0129;2.742;0;1;0;0;1.8467;0.9967;1;1;0.989;0.1665;0.8948;0.8768;1;0.9609;0.7753;0.998;0.998;1;0.998;0.998;0.89;0.9484;0.1288;0.4104;0.3718;0.0022;0.0178;-0.0184;0.0026;0.0092;0.0005;0;0;0.088;0;0.2538;0;0;0;0;0;0;0;0;0;0;0;0;0.0074;0.0005;0.35;0.35;0;11.319;11.319;4.9186;0.0404;316.95;1104.3;1;0.0082;0.0082;0;0;0;0;0;0;0.3418;0.2538;0;16.247;18.814;11.781;13.642;97.656;97.656;3.2797;2.7971;2.0282;0.4826;0.7689;0.1471;0.2344;0.6184;17.83;0.6098;0
13/05/21 08:00;17.778;-50.712;42.225;22.503;45.66;-90;-45.66;268.41;52.497;215.91;9.3299;1.9101;0;523.64;21.015;67.321;0;6.869;618.84;0;618.84;523.64;67.321;21.015;6.869;0.8462;0.0451;0;0.0111;610.68;8.1601;0;0;1.7799;6.3803;603.98;5.4822;4.2778;0.55;0.6268;0.0276;609.46;1.2214;1.0473;0.1346;0.0385;0.001;604.22;518.31;66.636;18.57;0.4602;16.93;14.052;5.0979;1.3511;0.2124;3.0553;0.242;1.9166;0;1;0;0;2.3056;0.9868;1;1;0.9153;0.0712;0.991;0.9918;1;0.9673;0.9434;0.998;0.998;1;0.998;0.998;0.976;0.8836;0.067;1.8584;1.8263;0.011;0.0022;0.0572;0.0123;0.0436;0.0006;0;0;0.088;0;1.5414;0;0;0;0;0;0;0;0;0;0;0;0;0.0351;0.0076;1.6567;1.6567;0;33.949;33.949;24.619;0.0408;1571.1;1054.4;1;0.0273;0.0273;0;0;0;0;0;0;1.6294;1.5414;0;16.982;19.665;15.801;18.297;98.354;98.354;14.852;13.24;12.319;1.6119;0.9212;0.1085;0.062;0.8294;15.736;0.8264;0
13/05/21 09:00;26.405;-38.491;44.511;38.581;51.419;-90;-51.419;439.61;72.799;366.81;12.84;3.2799;0;588.2;22.649;71.999;0;14.064;696.91;0;696.91;588.2;71.999;22.649;14.064;0.844;0.0527;0;0.0202;681.47;15.435;0;0;2.2794;13.156;673.12;6.9892;5.5901;0.6843;0.6787;0.0361;680.11;1.3629;1.1764;0.144;0.0407;0.0018;676.18;581.43;71.17;19.65;0.8705;158.77;131.78;42.35;2.1993;1.6662;23.967;3.0638;23.434;0;1;0;0;1.5853;0.9779;1;1;0.8994;0.0646;0.9897;0.9905;1;0.9666;0.9602;0.998;0.998;1;0.998;0.998;0.9659;0.8676;0.0619;2.0928;2.0871;0.0126;-0.0003;0.1125;0.0137;0.0487;0.0045;0;0;0.088;0;1.7279;0;0;0;0;0;0;0;0;0;0;0;0;0.0392;0.0098;1.8463;1.8463;0;40.416;40.416;27.576;0.041;1793.6;1029.4;1;0.0304;0.0304;0;0;0;0;0;0;1.8159;1.7279;0;16.806;19.461;15.728;18.213;98.351;98.351;16.726;14.756;13.809;1.9701;0.9466;0.1178;0.0566;0.8256;17.941;0.8049;0
13/05/21 10:00;32.774;-23.846;50.267;57.874;32.126;-90;-32.126;557.11;91.697;465.41;14.9;4.33;0;549.56;30.24;69.608;0;7.251;656.66;0;656.66;549.56;69.608;30.24;7.251;0.8369;0.0571;0;0.011;648.74;7.9207;0;0;1.4985;6.4222;638.34;9.1022;7.1349;0.9037;0.9293;0.1343;647.44;1.2975;1.0991;0.1392;0.0575;0.0017;640.3;541.33;68.565;27.755;0.6929;290.55;241.16;82.026;0.582;2.5311;36.409;1.9613;38.358;0;1;0;0;1.1787;0.9879;1;1;0.9504;0.1143;0.9859;0.987;1;0.9676;0.8377;0.998;0.998;1;0.998;0.998;0.9721;0.9178;0.0956;1.972;2.0053;0.0121;0.0004;0.1129;0.0132;0.0467;0.0068;0;0;0.088;0;1.6497;0;0;0;0;0;0;0;0;0;0;0;0;0.0376;0.0091;1.7666;1.7666;0;41.069;41.069;26.169;0.041;1722.5;1025.6;1;0.0288;0.0288;0;0;0;0;0;0;1.7377;1.6497;0;17.066;19.762;15.937;18.455;98.367;98.367;15.76;14.118;13.185;1.6414;0.9338;0.1042;0.0593;0.8366;20.234;0.8033;0
13/05/21 11:00;36.059;-7.0501;53.35;80.432;9.5683;-90;-9.5683;359.69;265.4;94.291;16.43;5.0901;0;95.621;231.98;32.239;0;0.4253;360.27;0;360.27;95.621;32.239;231.98;0.4253;0.2654;0.6451;0;0.0012;358.35;1.9151;0;0;1.5605;0.3547;345.94;11.699;1.6639;0.561;9.4586;0.0159;357.64;0.7167;0.1912;0.0645;0.4608;0.0001;346.01;93.766;31.613;220.5;0.0547;212.54;176.4;56.073;0.0567;2.0829;29.961;0.0739;31.987;0;1;0;0;1.0016;0.9947;1;1;0.9933;0.1662;0.9673;0.9826;1;0.9589;0.7753;0.998;0.998;1;0.998;0.998;0.9602;0.9505;0.1286;1.0819;1.1053;0.0067;0.012;0.0217;0.0075;0.0264;0.0058;0;0;0.088;0;0.8967;0;0;0;0;0;0;0;0;0;0;0;0;0.0213;0.003;1.001;1.001;0;30.529;30.529;14.099;0.0408;946.58;1057.5;1;0.0163;0.0163;0;0;0;0;0;0;0.9847;0.8967;0;17.626;20.41;15.789;18.283;98.371;98.371;8.6465;8;7.1664;0.6465;0.8336;0.0748;0.0964;0.8288;138.92;0.7802;0
13/05/21 12:00;35.686;10.516;52.995;75.741;14.259;90;14.259;402.2;256.9;145.3;17.78;5.36;0;149.92;205.83;49.368;0;1.0532;406.17;0;406.17;149.92;49.368;205.83;1.0532;0.3691;0.5094;0;0.0026;402.58;3.5916;0;0;2.7117;0.8799;390.66;11.114;2.5132;0.8276;7.7347;0.0389;401.77;0.8052;0.2998;0.0987;0.4062;0.0003;390.89;147.11;48.442;194.98;0.134;236.31;196.14;63.209;0.2223;2.2702;32.656;0.2309;34.703;0;1;0;0;1.0099;0.9912;1;1;0.9868;0.1645;0.9723;0.9832;1;0.9618;0.7749;0.998;0.998;1;0.998;0.998;0.9618;0.9473;0.1272;1.2197;1.2462;0.0075;0.0099;0.0386;0.0083;0.0295;0.0062;0;0;0.088;0;1.0125;0;0;0;0;0;0;0;0;0;0;0;0;0.0238;0.0038;1.1185;1.1185;0;33.733;33.733;15.953;0.0408;1068.7;1046.5;1;0.0179;0.0179;0;0;0;0;0;0;1.1005;1.0125;0;17.468;20.228;15.814;18.312;98.398;98.398;9.7481;8.9388;8.0922;0.8093;0.8465;0.083;0.0868;0.8301;124.93;0.783;0
13/05/21 13:00;31.726;26.959;49.301;53.748;36.252;90;36.252;469.71;159.9;309.81;17.96;5.3399;0;384.18;80.8;87.35;0;7.7286;560.06;0;560.06;384.18;87.35;80.8;7.7286;0.686;0.1581;0;0.0138;548.21;11.846;0;0;4.85;6.9963;538.77;8.3404;4.7252;1.0744;2.4458;0.0951;547.11;1.0964;0.7684;0.1747;0.1519;0.0015;540.99;378.68;86.101;73.352;0.6358;242.58;201.34;68.032;2.3503;2.2637;32.562;2.2184;32.476;0;1;0;0;1.1923;0.9788;1;1;0.94;0.0948;0.9848;0.9877;1;0.9677;0.8699;0.998;0.998;1;0.998;0.998;0.962;0.9078;0.0823;1.6819;1.6981;0.0102;0.0037;0.0899;0.0112;0.0396;0.0061;0;0;0.088;0;1.3871;0;0;0;0;0;0;0;0;0;0;0;0;0.0319;0.0067;1.4988;1.4988;0;40.042;40.042;22.082;0.041;1459.2;1027.1;1;0.0237;0.0237;0;0;0;0;0;0;1.4751;1.3871;0;16.976;19.658;15.711;18.193;98.417;98.417;13.441;11.978;11.085;1.463;0.8929;0.1088;0.0664;0.8247;55.795;0.7903;0
13/05/21 14:00;24.84;41.111;43.136;35.147;54.853;90;54.853;482.19;79.597;402.6;17.53;5.0999;0;699.34;17.772;99.082;0;17.391;833.59;0;833.59;699.34;99.082;17.772;17.391;0.839;0.0422;0;0.0209;815.29;18.3;0;0;1.968;16.332;806.13;7.5305;6.085;0.8621;0.537;0.0463;813.66;1.6306;1.3987;0.1982;0.0316;0.0021;809.53;691.86;98.022;15.235;1.0107;146.64;121.71;38.641;2.1654;1.5782;22.702;3.4028;22.115;0;1;0;0;1.7287;0.978;1;1;0.8893;0.0609;0.9907;0.9913;1;0.966;0.9562;0.998;0.998;1;0.998;0.998;0.9671;0.8573;0.0581;2.5033;2.4861;0.015;-0.0021;0.2254;0.0157;0.0558;0.0041;0;0;0.088;0;1.9908;0;0;0;0;0;0;0;0;0;0;0;0;0.0449;0.0137;2.1136;2.1136;0;50.831;50.831;33.301;0.0413;2141.6;986.91;1;0.0348;0.0348;0;0;0;0;0;0;2.0788;1.9908;0;16.085;18.626;15.15;17.543;98.354;98.354;20.006;16.892;15.91;3.1142;0.9814;0.1557;0.0491;0.7953;14.595;0.7794;0
13/05/21 15:00;15.858;52.888;48.493;19.606;34.864;90;34.864;186.4;140.2;46.196;17.77;3.9001;0;112.04;111.49;42.985;0;2.8438;269.35;0;269.35;112.04;42.985;111.49;2.8438;0.4159;0.4245;0;0.0106;260.5;8.8535;0;0;6.2953;2.5581;254.72;5.2632;1.3252;0.5084;3.3889;0.0406;259.98;0.521;0.2241;0.086;0.2104;0.0006;255.34;110.49;42.391;101.59;0.2445;76.462;63.464;21.411;2.8346;0.8518;12.252;0.6268;10.27;0;1;0;0;1.445;0.9671;1;1;0.9435;0.1005;0.9798;0.9881;1;0.9677;0.8575;0.998;0.998;1;0.998;0.998;0.9457;0.9112;0.086;0.8089;0.7949;0.0048;0.016;0.009;0.0054;0.019;0.0024;0;0;0.088;0;0.6212;0;0;0;0;0;0;0;0;0;0;0;0;0.0153;0.0017;0.7215;0.7215;0;28.152;28.152;10.383;0.0408;680.09;1060.8;1;0.0123;0.0123;0;0;0;0;0;0;0.7092;0.6212;0;16.991;19.675;14.63;16.941;98.301;98.301;6.4645;5.7659;4.9646;0.6986;0.8012;0.1081;0.1239;0.768;76.149;0.7427;0
13/05/21 16:00;5.4707;62.786;76.631;6.1467;8.9048;90;8.9048;56.709;53.302;3.4067;16.7;2.9599;0;8.2623;51.565;3.4541;0;0.0581;63.34;0;63.34;8.2623;3.4541;51.565;0.0581;0.1304;0.815;0;0.0009;62.983;0.3574;0;0;0.3088;0.0485;58.144;4.7123;1.8236;0.7624;2.1241;0.0022;62.857;0.126;0.0165;0.0069;0.1025;0;58.153;6.4222;2.6849;49.03;0.0074;30.855;25.61;8.0032;0.0095;0.3114;4.4792;0.0083;4.7811;0;1;0;0;1.1169;0.9944;1;1;0.994;0.1649;0.925;0.7788;1;0.9585;0.775;0.998;0.998;1;0.998;0.998;0.918;0.9508;0.1275;0.1902;0.1846;0.0011;0.0147;-0.004;0.0012;0.0043;0.0008;0;0;0.088;0;0.0688;0;0;0;0;0;0;0;0;0;0;0;0;0.0035;0.0002;0.1629;0.1629;0;19.086;19.086;2.3857;0.041;156.37;1041.5;1;0.006;0.006;0;0;0;0;0;0;0.1568;0.0688;0;16.31;18.887;6.8953;7.9846;96.313;96.313;1.5202;1.3015;0.5502;0.2186;0.7513;0.1438;0.4942;0.362;30.832;0.3438;0
13/05/21 17:00;0;0;90;0;0;90;0;0;0;0;13.41;3.13;0;0;0;0;0;0;0;0;0;0;0;0;0;1;1;1;1;0;0;0;0;0;0;0;0;0;0;0;0;0;0;0;0;0;0;0;0;0;0;0;0;0;0;0;0;0;0;0;0;0;0;0;1;1;1;1;1;1;1;1;1;1;1;1;1;1;1;1;1;1;1;0;0;0;0;0;0;0;0;0;0.0004;0.088;0;-0.0884;0;0;0;0;0;0;0;0;0;0;0;0;0;0;0;0;0;0;0;-13.41;0;0;0;0;0.0004;0;0;0;0;0;0;0;-0.0004;-0.0884;0;0;0;0;0;0;0;0;0;-0.7063;0;0.7063;1;1;0;0;0;0
13/05/21 18:00;0;0;90;0;0;90;0;0;0;0;12.36;3.3401;0;0;0;0;0;0;0;0;0;0;0;0;0;1;1;1;1;0;0;0;0;0;0;0;0;0;0;0;0;0;0;0;0;0;0;0;0;0;0;0;0;0;0;0;0;0;0;0;0;0;0;0;1;1;1;1;1;1;1;1;1;1;1;1;1;1;1;1;1;1;1;0;0;0;0;0;0;0;0;0;0.0004;0.088;0;-0.0884;0;0;0;0;0;0;0;0;0;0;0;0;0;0;0;0;0;0;0;-12.36;0;0;0;0;0.0004;0;0;0;0;0;0;0;-0.0004;-0.0884;0;0;0;0;0;0;0;0;0;-0.7063;0;0.7063;1;1;0;0;0;0
13/05/21 19:00;0;0;90;0;0;90;0;0;0;0;10.98;3.5899;0;0;0;0;0;0;0;0;0;0;0;0;0;1;1;1;1;0;0;0;0;0;0;0;0;0;0;0;0;0;0;0;0;0;0;0;0;0;0;0;0;0;0;0;0;0;0;0;0;0;0;0;1;1;1;1;1;1;1;1;1;1;1;1;1;1;1;1;1;1;1;0;0;0;0;0;0;0;0;0;0.0004;0.088;0;-0.0884;0;0;0;0;0;0;0;0;0;0;0;0;0;0;0;0;0;0;0;-10.98;0;0;0;0;0.0004;0;0;0;0;0;0;0;-0.0004;-0.0884;0;0;0;0;0;0;0;0;0;-0.7063;0;0.7063;1;1;0;0;0;0
13/05/21 20:00;0;0;90;0;0;90;0;0;0;0;10.35;4.02;0;0;0;0;0;0;0;0;0;0;0;0;0;1;1;1;1;0;0;0;0;0;0;0;0;0;0;0;0;0;0;0;0;0;0;0;0;0;0;0;0;0;0;0;0;0;0;0;0;0;0;0;1;1;1;1;1;1;1;1;1;1;1;1;1;1;1;1;1;1;1;0;0;0;0;0;0;0;0;0;0.0004;0.088;0;-0.0884;0;0;0;0;0;0;0;0;0;0;0;0;0;0;0;0;0;0;0;-10.35;0;0;0;0;0.0004;0;0;0;0;0;0;0;-0.0004;-0.0884;0;0;0;0;0;0;0;0;0;-0.7063;0;0.7063;1;1;0;0;0;0
13/05/21 21:00;0;0;90;0;0;90;0;0;0;0;12.86;4.75;0;0;0;0;0;0;0;0;0;0;0;0;0;1;1;1;1;0;0;0;0;0;0;0;0;0;0;0;0;0;0;0;0;0;0;0;0;0;0;0;0;0;0;0;0;0;0;0;0;0;0;0;1;1;1;1;1;1;1;1;1;1;1;1;1;1;1;1;1;1;1;0;0;0;0;0;0;0;0;0;0.0004;0.088;0;-0.0884;0;0;0;0;0;0;0;0;0;0;0;0;0;0;0;0;0;0;0;-12.86;0;0;0;0;0.0004;0;0;0;0;0;0;0;-0.0004;-0.0884;0;0;0;0;0;0;0;0;0;-0.7063;0;0.7063;1;1;0;0;0;0
13/05/21 22:00;0;0;90;0;0;90;0;0;0;0;12.27;5.06;0;0;0;0;0;0;0;0;0;0;0;0;0;1;1;1;1;0;0;0;0;0;0;0;0;0;0;0;0;0;0;0;0;0;0;0;0;0;0;0;0;0;0;0;0;0;0;0;0;0;0;0;1;1;1;1;1;1;1;1;1;1;1;1;1;1;1;1;1;1;1;0;0;0;0;0;0;0;0;0;0.0004;0.088;0;-0.0884;0;0;0;0;0;0;0;0;0;0;0;0;0;0;0;0;0;0;0;-12.27;0;0;0;0;0.0004;0;0;0;0;0;0;0;-0.0004;-0.0884;0;0;0;0;0;0;0;0;0;-0.7063;0;0.7063;1;1;0;0;0;0
13/05/21 23:00;0;0;90;0;0;90;0;0;0;0;11.81;4.9399;0;0;0;0;0;0;0;0;0;0;0;0;0;1;1;1;1;0;0;0;0;0;0;0;0;0;0;0;0;0;0;0;0;0;0;0;0;0;0;0;0;0;0;0;0;0;0;0;0;0;0;0;1;1;1;1;1;1;1;1;1;1;1;1;1;1;1;1;1;1;1;0;0;0;0;0;0;0;0;0;0.0004;0.088;0;-0.0884;0;0;0;0;0;0;0;0;0;0;0;0;0;0;0;0;0;0;0;-11.81;0;0;0;0;0.0004;0;0;0;0;0;0;0;-0.0004;-0.0884;0;0;0;0;0;0;0;0;0;-0.7063;0;0.7063;1;1;0;0;0;0
14/05/21 00:00;0;0;90;0;0;90;0;0;0;0;11.73;5.53;0;0;0;0;0;0;0;0;0;0;0;0;0;1;1;1;1;0;0;0;0;0;0;0;0;0;0;0;0;0;0;0;0;0;0;0;0;0;0;0;0;0;0;0;0;0;0;0;0;0;0;0;1;1;1;1;1;1;1;1;1;1;1;1;1;1;1;1;1;1;1;0;0;0;0;0;0;0;0;0;0.0004;0.088;0;-0.0884;0;0;0;0;0;0;0;0;0;0;0;0;0;0;0;0;0;0;0;-11.73;0;0;0;0;0.0004;0;0;0;0;0;0;0;-0.0004;-0.0884;0;0;0;0;0;0;0;0;0;-0.7063;0;0.7063;1;1;0;0;0;0
14/05/21 01:00;0;0;90;0;0;90;0;0;0;0;11.4;6.2001;0;0;0;0;0;0;0;0;0;0;0;0;0;1;1;1;1;0;0;0;0;0;0;0;0;0;0;0;0;0;0;0;0;0;0;0;0;0;0;0;0;0;0;0;0;0;0;0;0;0;0;0;1;1;1;1;1;1;1;1;1;1;1;1;1;1;1;1;1;1;1;0;0;0;0;0;0;0;0;0;0.0004;0.088;0;-0.0884;0;0;0;0;0;0;0;0;0;0;0;0;0;0;0;0;0;0;0;-11.4;0;0;0;0;0.0004;0;0;0;0;0;0;0;-0.0004;-0.0884;0;0;0;0;0;0;0;0;0;-0.7063;0;0.7063;1;1;0;0;0;0
14/05/21 02:00;0;0;90;0;0;90;0;0;0;0;9.9302;6.0501;0;0;0;0;0;0;0;0;0;0;0;0;0;1;1;1;1;0;0;0;0;0;0;0;0;0;0;0;0;0;0;0;0;0;0;0;0;0;0;0;0;0;0;0;0;0;0;0;0;0;0;0;1;1;1;1;1;1;1;1;1;1;1;1;1;1;1;1;1;1;1;0;0;0;0;0;0;0;0;0;0.0004;0.088;0;-0.0884;0;0;0;0;0;0;0;0;0;0;0;0;0;0;0;0;0;0;0;-9.9302;0;0;0;0;0.0004;0;0;0;0;0;0;0;-0.0004;-0.0884;0;0;0;0;0;0;0;0;0;-0.7063;0;0.7063;1;1;0;0;0;0
14/05/21 03:00;0;0;90;0;0;90;0;0;0;0;8.6698;5.4801;0;0;0;0;0;0;0;0;0;0;0;0;0;1;1;1;1;0;0;0;0;0;0;0;0;0;0;0;0;0;0;0;0;0;0;0;0;0;0;0;0;0;0;0;0;0;0;0;0;0;0;0;1;1;1;1;1;1;1;1;1;1;1;1;1;1;1;1;1;1;1;0;0;0;0;0;0;0;0;0;0.0004;0.088;0;-0.0884;0;0;0;0;0;0;0;0;0;0;0;0;0;0;0;0;0;0;0;-8.6698;0;0;0;0;0.0004;0;0;0;0;0;0;0;-0.0004;-0.0884;0;0;0;0;0;0;0;0;0;-0.7063;0;0.7063;1;1;0;0;0;0
14/05/21 04:00;0;0;90;0;0;90;0;0;0;0;7.3197;4.83;0;0;0;0;0;0;0;0;0;0;0;0;0;1;1;1;1;0;0;0;0;0;0;0;0;0;0;0;0;0;0;0;0;0;0;0;0;0;0;0;0;0;0;0;0;0;0;0;0;0;0;0;1;1;1;1;1;1;1;1;1;1;1;1;1;1;1;1;1;1;1;0;0;0;0;0;0;0;0;0;0.0004;0.088;0;-0.0884;0;0;0;0;0;0;0;0;0;0;0;0;0;0;0;0;0;0;0;-7.3197;0;0;0;0;0.0004;0;0;0;0;0;0;0;-0.0004;-0.0884;0;0;0;0;0;0;0;0;0;-0.7063;0;0.7063;1;1;0;0;0;0
14/05/21 05:00;0;0;90;0;0;90;0;0;0;0;6.49;4.5;0;0;0;0;0;0;0;0;0;0;0;0;0;1;1;1;1;0;0;0;0;0;0;0;0;0;0;0;0;0;0;0;0;0;0;0;0;0;0;0;0;0;0;0;0;0;0;0;0;0;0;0;1;1;1;1;1;1;1;1;1;1;1;1;1;1;1;1;1;1;1;0;0;0;0;0;0;0;0;0;0.0004;0.088;0;-0.0884;0;0;0;0;0;0;0;0;0;0;0;0;0;0;0;0;0;0;0;-6.49;0;0;0;0;0.0004;0;0;0;0;0;0;0;-0.0004;-0.0884;0;0;0;0;0;0;0;0;0;-0.7063;0;0.7063;1;1;0;0;0;0
14/05/21 06:00;1.0691;-66.032;87.406;1.17;1.6685;-90;-1.6685;0;0;0;6.1098;4.3801;0;0;0;0;0;0;0;0;0;0;0;0;0;1;1;1;1;0;0;0;0;0;0;0;0;0;0;0;0;0;0;0;0;0;0;0;0;0;0;0;0;0;0;0;0;0;0;0;0;0;0;0;1;1;1;1;1;1;1;1;1;1;1;1;1;1;1;1;1;1;1;0;0;0;0;0;0;0;0;0;0.0004;0.088;0;-0.0884;0;0;0;0;0;0;0;0;0;0;0;0;0;0;0;0;0;0;0;-6.1098;0;0;0;0;0.0004;0;0;0;0;0;0;0;-0.0004;-0.0884;0;0;0;0;0;0;0;0;0;-0.7063;0;0.7063;1;1;0;0;0;0
14/05/21 07:00;7.467;-60.751;71.629;8.543;12.574;-90;-12.574;99.802;16.397;83.405;6.2999;4.6299;0;202.28;8.4222;19.093;0;0.2035;230;0;230;202.28;19.093;8.4222;0.2035;0.8795;0.0375;0;0.0009;229.74;0.2591;0;0;0.0896;0.1696;200.54;28.739;25.955;2.4498;0.3264;0.0076;229.28;0.4595;0.4046;0.0382;0.0167;0.0001;200.55;175.92;16.605;7.9896;0.0262;5.5315;4.5912;1.5095;0.0058;0.0512;0.737;0.0035;0.7824;0;1;0;0;2.3046;0.9989;1;1;0.9894;0.1665;0.8747;0.8714;1;0.9607;0.7753;0.998;0.998;1;0.998;0.998;0.8719;0.9486;0.1288;0.6907;0.6056;0.0036;0.0176;-0.0229;0.0043;0.0151;0.0001;0;0;0.088;0;0.4758;0;0;0;0;0;0;0;0;0;0;0;0;0.0121;0.0011;0.5745;0.5745;0;14.395;14.395;8.0952;0.0404;517.97;1109.2;1;0.0107;0.0107;0;0;0;0;0;0;0.5638;0.4758;0;15.846;18.349;13.124;15.197;98.141;98.141;5.52;4.5915;3.8029;0.9285;0.7886;0.1682;0.1429;0.6889;5.0843;0.6873;0
14/05/21 08:00;17.598;-50.543;42.839;22.334;44.828;-90;-44.828;276.49;47.302;229.19;7.7298;5.4001;0;555.85;17.501;65.055;0;6.8336;645.24;0;645.24;555.85;65.055;17.501;6.8336;0.8615;0.0377;0;0.0106;637.46;7.7811;0;0;1.4431;6.338;630.34;5.8472;4.7402;0.5548;0.5222;0.03;636.19;1.2749;1.1117;0.1301;0.0321;0.001;630.59;550;64.37;15.504;0.4646;14.259;11.835;3.9468;1.0564;0.1961;2.8215;0.2524;1.9612;0;1;0;0;2.3337;0.9879;1;1;0.9175;0.0725;0.9908;0.9915;1;0.9674;0.9392;0.998;0.998;1;0.998;0.998;0.9769;0.8859;0.068;1.9377;1.9052;0.0115;0.0014;0.0559;0.0129;0.0456;0.0005;0;0;0.088;0;1.6157;0;0;0;0;0;0;0;0;0;0;0;0;0.0367;0.0083;1.7325;1.7325;0;33.408;33.408;25.678;0.0407;1638.9;1057.1;1;0.0288;0.0288;0;0;0;0;0;0;1.7037;1.6157;0;17.033;19.723;15.885;18.394;98.339;98.339;15.486;13.846;12.913;1.6399;0.9333;0.1059;0.0603;0.8338;13.005;0.8311;0
14/05/21 09:00;26.201;-38.347;44.723;38.42;51.58;-90;-51.58;466.29;76.903;389.39;9.3399;6.08;0;626.61;21.214;81.645;0;15.005;744.48;0;744.48;626.61;81.645;21.214;15.005;0.8417;0.0487;0;0.0202;728.29;16.182;0;0;2.1447;14.037;719.34;7.4932;6.0329;0.7861;0.6359;0.0384;726.84;1.4566;1.2532;0.1633;0.0381;0.0019;722.59;619.33;80.696;18.396;0.9273;166.36;138.08;44.196;2.083;1.7429;25.071;3.2454;24.731;0;1;0;0;1.5966;0.9783;1;1;0.8989;0.0645;0.9897;0.9904;1;0.9666;0.9603;0.998;0.998;1;0.998;0.998;0.9662;0.8671;0.0618;2.2357;2.2292;0.0134;-0.0012;0.107;0.0148;0.0524;0.0047;0;0;0.088;0;1.8636;0;0;0;0;0;0;0;0;0;0;0;0;0.0422;0.0111;1.9849;1.9849;0;38.765;38.765;29.425;0.0409;1914.9;1036.6;1;0.0333;0.0333;0;0;0;0;0;0;1.9516;1.8636;0;16.913;19.585;15.88;18.389;98.325;98.325;17.867;15.863;14.894;2.0042;0.969;0.1122;0.0542;0.8336;16.832;0.8131;0
14/05/21 10:00;32.548;-23.746;50.495;57.751;32.249;-90;-32.249;343.01;232.6;110.41;10.39;6.5;0;130.55;181.7;42.221;0;4.4975;358.97;0;358.97;130.55;42.221;181.7;4.4975;0.3637;0.5187;0;0.0125;345.93;13.044;0;0;9.0584;3.9858;337.29;7.9492;1.7272;0.5586;5.581;0.0824;345.23;0.6919;0.2611;0.0844;0.3453;0.001;338.63;128.56;41.578;166.72;0.4283;196.92;163.44;54.909;3.533;1.9639;28.25;1.3474;26.681;0;1;0;0;1.0465;0.9637;1;1;0.9501;0.1138;0.977;0.9867;1;0.9676;0.8386;0.998;0.998;1;0.998;0.998;0.9396;0.9175;0.0952;1.078;1.0795;0.0065;0.0123;-0.0036;0.0074;0.0264;0.0056;0;0;0.088;0;0.8959;0;0;0;0;0;0;0;0;0;0;0;0;0.0213;0.0029;1.0006;1.0006;0;24.064;24.064;13.674;0.0405;922.26;1085;1;0.0167;0.0167;0;0;0;0;0;0;0.9839;0.8959;0;17.683;20.476;15.833;18.334;98.332;98.332;8.6153;7.997;7.1603;0.6183;0.8366;0.0718;0.0971;0.8311;121.69;0.7849;0
14/05/21 11:00;35.819;-7.0185;53.59;80.391;9.6091;-90;-9.6091;314.1;261.7;52.396;10.84;6.79;0;53.141;242.46;17.777;0;0.3746;313.75;0;313.75;53.141;17.777;242.46;0.3746;0.1694;0.774;0;0.0012;311.8;1.9549;0;0;1.6425;0.3123;300.02;11.159;0.9487;0.3174;9.8793;0.014;311.18;0.6236;0.1063;0.0356;0.4816;0.0001;300.08;52.086;17.424;230.46;0.0482;186.03;154.4;48.961;0.0603;1.8315;26.345;0.0638;28.117;0;1;0;0;0.9989;0.9938;1;1;0.9932;0.1662;0.9641;0.9821;1;0.9589;0.7753;0.998;0.998;1;0.998;0.998;0.9562;0.9505;0.1286;0.9422;0.9593;0.0058;0.014;-0.0068;0.0066;0.0235;0.0052;0;0;0.088;0;0.7868;0;0;0;0;0;0;0;0;0;0;0;0;0.0189;0.0024;0.8898;0.8898;0;23.002;23.002;12.162;0.0405;819.49;1085.8;1;0.015;0.015;0;0;0;0;0;0;0.8748;0.7868;0;17.99;20.833;15.908;18.421;98.315;98.315;7.5301;7.1113;6.2881;0.4188;0.8231;0.0556;0.1093;0.8351;145.2;0.7857;0
14/05/21 12:00;35.447;10.47;53.234;75.681;14.319;90;14.319;222.3;213.2;9.1021;11.92;6.73;0;9.3939;207.43;2.5834;0;0.587;219.99;0;219.99;9.3939;2.5834;207.43;0.587;0.0427;0.9456;0;0.0027;216.75;3.2427;0;0;2.7523;0.4905;208.3;8.0134;0.1615;0.0444;7.7859;0.0217;216.31;0.4335;0.0188;0.0052;0.4093;0.0002;208.43;9.2136;2.5338;196.48;0.0747;132.62;110.07;34.726;0.2274;1.3292;19.12;0.1269;20.222;0;1;0;0;0.9896;0.9853;1;1;0.9867;0.1645;0.963;0.9828;1;0.9619;0.7749;0.998;0.998;1;0.998;0.998;0.9469;0.9472;0.1272;0.6606;0.6681;0.004;0.0172;-0.0111;0.0046;0.0163;0.0038;0;0;0.088;0;0.5197;0;0;0;0;0;0;0;0;0;0;0;0;0.0132;0.0013;0.6188;0.6188;0;20.368;20.368;8.4483;0.0406;570.38;1084.9;1;0.0111;0.0111;0;0;0;0;0;0;0.6077;0.5197;0;17.843;20.662;14.987;17.354;98.212;98.212;5.2798;4.9453;4.1536;0.3344;0.7917;0.0633;0.15;0.7867;125.93;0.7386;0
14/05/21 13:00;31.504;26.848;49.526;53.614;36.386;90;36.386;418;203;215;14.06;6.57;0;267.07;126.82;77.612;0;6.9269;478.43;0;478.43;267.07;77.612;126.82;6.9269;0.5582;0.2796;0;0.0145;464.5;13.93;0;0;7.6562;6.2742;455.36;8.206;3.3199;0.9648;3.8374;0.084;463.57;0.929;0.5341;0.1552;0.2383;0.0013;457.42;263.22;76.492;115.09;0.5674;223.73;185.69;62.793;3.7345;2.1865;31.453;2.0582;29.905;0;1;0;0;1.1446;0.9709;1;1;0.9396;0.0942;0.9823;0.9875;1;0.9677;0.8711;0.998;0.998;1;0.998;0.998;0.9518;0.9075;0.0819;1.4367;1.444;0.0087;0.0071;0.0388;0.0097;0.0345;0.006;0;0;0.088;0;1.1976;0;0;0;0;0;0;0;0;0;0;0;0;0.0278;0.0049;1.3064;1.3064;0;32.622;32.622;18.562;0.0408;1239.2;1054.3;1;0.0209;0.0209;0;0;0;0;0;0;1.2856;1.1976;0;17.323;20.059;15.879;18.388;98.402;98.402;11.482;10.441;9.571;1.0412;0.8701;0.0907;0.0758;0.8335;87.667;0.7944;0
14/05/21 14:00;24.642;40.961;43.345;34.982;55.018;90;55.018;420.89;96.699;324.19;13.6;6.2001;0;565.46;31.823;98.106;0;15.265;710.66;0;710.66;565.46;98.106;31.823;15.265;0.7957;0.0663;0;0.0215;692.78;17.875;0;0;3.5393;14.336;684.54;6.8579;4.9892;0.8656;0.9621;0.041;691.4;1.3856;1.1309;0.1962;0.0566;0.0019;687.7;559.34;97.044;27.265;0.8863;134.36;111.52;35.851;3.9146;1.5426;22.19;3.1605;19.818;0;1;0;0;1.6885;0.9748;1;1;0.8888;0.0609;0.9901;0.9912;1;0.9659;0.9557;0.998;0.998;1;0.998;0.998;0.9632;0.8568;0.0581;2.1341;2.1181;0.0128;-0.0005;0.1236;0.0139;0.0492;0.0042;0;0;0.088;0;1.7466;0;0;0;0;0;0;0;0;0;0;0;0;0.0396;0.0101;1.8653;1.8653;0;41.671;41.671;28.072;0.041;1820.2;1024.8;1;0.0307;0.0307;0;0;0;0;0;0;1.8346;1.7466;0;16.651;19.281;15.591;18.054;98.353;98.353;17.056;14.908;13.959;2.1482;0.9488;0.126;0.0556;0.8184;26.181;0.7997;0
14/05/21 15:00;15.682;52.716;49.037;19.436;34.371;90;34.371;112.3;108.2;4.1038;13.43;4.9201;0;9.9528;97.633;2.9803;0;1.6667;112.23;0;112.23;9.9528;2.9803;97.633;1.6667;0.0887;0.8848;0;0.0149;105.35;6.8869;0;0;5.3911;1.4958;101.98;3.1549;0.1209;0.0362;2.9728;0.025;105.14;0.2107;0.0199;0.006;0.1845;0.0003;102.51;9.8121;2.9382;89.085;0.1455;66.459;55.161;18.528;2.3636;0.7391;10.632;0.5297;9.0077;0;1;0;0;0.9994;0.9386;1;1;0.9448;0.1025;0.97;0.9878;1;0.9677;0.8534;0.998;0.998;1;0.998;0.998;0.9086;0.9124;0.0873;0.337;0.3312;0.002;0.0174;-0.0089;0.0022;0.008;0.0021;0;0;0.088;0;0.2062;0;0;0;0;0;0;0;0;0;0;0;0;0.0064;0.0004;0.3016;0.3016;0;17.584;17.584;4.1534;0.0407;281.7;1070.6;1;0.0074;0.0074;0;0;0;0;0;0;0.2942;0.2062;0;17.046;19.739;11.656;13.498;97.56;97.56;2.6936;2.4103;1.6482;0.2833;0.7621;0.1052;0.2829;0.6119;66.433;0.5714;0
14/05/21 16:00;5.4972;62.448;76.566;6.1952;8.9774;90;8.9774;14.592;14.501;0.091;13.01;3.45;0;0.2207;14.402;0.025;0;0.0152;14.663;0;14.663;0.2207;0.025;14.402;0.0152;0.0151;0.9832;0;0.001;14.563;0.1001;0;0;0.0874;0.0127;13.887;0.647;0.0484;0.0055;0.5926;0.0006;14.534;0.0291;0.0004;0;0.0286;0;13.889;0.1719;0.0195;13.694;0.0019;8.6132;7.1489;2.2333;0.0027;0.087;1.2512;0.0024;1.3354;0;1;0;0;1.0049;0.9932;1;1;0.9939;0.1649;0.9555;0.7804;1;0.9585;0.775;0.998;0.998;1;0.998;0.998;0.9471;0.9508;0.1275;0.044;0.0445;0.0003;0.0074;-0.0018;0.0003;0.001;0.0002;0;0;0.088;0;-0.0545;0;0;0;0;0;0;0;0;0;0;0;0;0.0008;0;0.0364;0.0364;0;13.589;13.589;0.5792;0.0417;36.306;1001.7;1;0.0028;0.0028;0;0;0;0;0;0;0.0335;-0.0545;0;15.734;18.22;-23.564;-27.286;92.201;92.201;0.3519;0.2907;-0.4353;0.0613;0.726;0.1741;2.0629;0;8.6127;0;0
14/05/21 17:00;0;0;90;0;0;90;0;0;0;0;11.69;3.46;0;0;0;0;0;0;0;0;0;0;0;0;0;1;1;1;1;0;0;0;0;0;0;0;0;0;0;0;0;0;0;0;0;0;0;0;0;0;0;0;0;0;0;0;0;0;0;0;0;0;0;0;1;1;1;1;1;1;1;1;1;1;1;1;1;1;1;1;1;1;1;0;0;0;0;0;0;0;0;0;0.0004;0.088;0;-0.0884;0;0;0;0;0;0;0;0;0;0;0;0;0;0;0;0;0;0;0;-11.69;0;0;0;0;0.0004;0;0;0;0;0;0;0;-0.0004;-0.0884;0;0;0;0;0;0;0;0;0;-0.7063;0;0.7063;1;1;0;0;0;0
14/05/21 18:00;0;0;90;0;0;90;0;0;0;0;10.05;3.71;0;0;0;0;0;0;0;0;0;0;0;0;0;1;1;1;1;0;0;0;0;0;0;0;0;0;0;0;0;0;0;0;0;0;0;0;0;0;0;0;0;0;0;0;0;0;0;0;0;0;0;0;1;1;1;1;1;1;1;1;1;1;1;1;1;1;1;1;1;1;1;0;0;0;0;0;0;0;0;0;0.0004;0.088;0;-0.0884;0;0;0;0;0;0;0;0;0;0;0;0;0;0;0;0;0;0;0;-10.05;0;0;0;0;0.0004;0;0;0;0;0;0;0;-0.0004;-0.0884;0;0;0;0;0;0;0;0;0;-0.7063;0;0.7063;1;1;0;0;0;0
14/05/21 19:00;0;0;90;0;0;90;0;0;0;0;9.9302;3.72;0;0;0;0;0;0;0;0;0;0;0;0;0;1;1;1;1;0;0;0;0;0;0;0;0;0;0;0;0;0;0;0;0;0;0;0;0;0;0;0;0;0;0;0;0;0;0;0;0;0;0;0;1;1;1;1;1;1;1;1;1;1;1;1;1;1;1;1;1;1;1;0;0;0;0;0;0;0;0;0;0.0004;0.088;0;-0.0884;0;0;0;0;0;0;0;0;0;0;0;0;0;0;0;0;0;0;0;-9.9302;0;0;0;0;0.0004;0;0;0;0;0;0;0;-0.0004;-0.0884;0;0;0;0;0;0;0;0;0;-0.7063;0;0.7063;1;1;0;0;0;0
14/05/21 20:00;0;0;90;0;0;90;0;0;0;0;10.02;3.5701;0;0;0;0;0;0;0;0;0;0;0;0;0;1;1;1;1;0;0;0;0;0;0;0;0;0;0;0;0;0;0;0;0;0;0;0;0;0;0;0;0;0;0;0;0;0;0;0;0;0;0;0;1;1;1;1;1;1;1;1;1;1;1;1;1;1;1;1;1;1;1;0;0;0;0;0;0;0;0;0;0.0004;0.088;0;-0.0884;0;0;0;0;0;0;0;0;0;0;0;0;0;0;0;0;0;0;0;-10.02;0;0;0;0;0.0004;0;0;0;0;0;0;0;-0.0004;-0.0884;0;0;0;0;0;0;0;0;0;-0.7063;0;0.7063;1;1;0;0;0;0
14/05/21 21:00;0;0;90;0;0;90;0;0;0;0;9.1697;3.53;0;0;0;0;0;0;0;0;0;0;0;0;0;1;1;1;1;0;0;0;0;0;0;0;0;0;0;0;0;0;0;0;0;0;0;0;0;0;0;0;0;0;0;0;0;0;0;0;0;0;0;0;1;1;1;1;1;1;1;1;1;1;1;1;1;1;1;1;1;1;1;0;0;0;0;0;0;0;0;0;0.0004;0.088;0;-0.0884;0;0;0;0;0;0;0;0;0;0;0;0;0;0;0;0;0;0;0;-9.1697;0;0;0;0;0.0004;0;0;0;0;0;0;0;-0.0004;-0.0884;0;0;0;0;0;0;0;0;0;-0.7063;0;0.7063;1;1;0;0;0;0
14/05/21 22:00;0;0;90;0;0;90;0;0;0;0;8.9497;3.5199;0;0;0;0;0;0;0;0;0;0;0;0;0;1;1;1;1;0;0;0;0;0;0;0;0;0;0;0;0;0;0;0;0;0;0;0;0;0;0;0;0;0;0;0;0;0;0;0;0;0;0;0;1;1;1;1;1;1;1;1;1;1;1;1;1;1;1;1;1;1;1;0;0;0;0;0;0;0;0;0;0.0004;0.088;0;-0.0884;0;0;0;0;0;0;0;0;0;0;0;0;0;0;0;0;0;0;0;-8.9497;0;0;0;0;0.0004;0;0;0;0;0;0;0;-0.0004;-0.0884;0;0;0;0;0;0;0;0;0;-0.7063;0;0.7063;1;1;0;0;0;0
14/05/21 23:00;0;0;90;0;0;90;0;0;0;0;9.6397;3.7401;0;0;0;0;0;0;0;0;0;0;0;0;0;1;1;1;1;0;0;0;0;0;0;0;0;0;0;0;0;0;0;0;0;0;0;0;0;0;0;0;0;0;0;0;0;0;0;0;0;0;0;0;1;1;1;1;1;1;1;1;1;1;1;1;1;1;1;1;1;1;1;0;0;0;0;0;0;0;0;0;0.0004;0.088;0;-0.0884;0;0;0;0;0;0;0;0;0;0;0;0;0;0;0;0;0;0;0;-9.6397;0;0;0;0;0.0004;0;0;0;0;0;0;0;-0.0004;-0.0884;0;0;0;0;0;0;0;0;0;-0.7063;0;0.7063;1;1;0;0;0;0
15/05/21 00:00;0;0;90;0;0;90;0;0;0;0;9.7999;4.2299;0;0;0;0;0;0;0;0;0;0;0;0;0;1;1;1;1;0;0;0;0;0;0;0;0;0;0;0;0;0;0;0;0;0;0;0;0;0;0;0;0;0;0;0;0;0;0;0;0;0;0;0;1;1;1;1;1;1;1;1;1;1;1;1;1;1;1;1;1;1;1;0;0;0;0;0;0;0;0;0;0.0004;0.088;0;-0.0884;0;0;0;0;0;0;0;0;0;0;0;0;0;0;0;0;0;0;0;-9.7999;0;0;0;0;0.0004;0;0;0;0;0;0;0;-0.0004;-0.0884;0;0;0;0;0;0;0;0;0;-0.7063;0;0.7063;1;1;0;0;0;0
15/05/21 01:00;0;0;90;0;0;90;0;0;0;0;10.03;4.7799;0;0;0;0;0;0;0;0;0;0;0;0;0;1;1;1;1;0;0;0;0;0;0;0;0;0;0;0;0;0;0;0;0;0;0;0;0;0;0;0;0;0;0;0;0;0;0;0;0;0;0;0;1;1;1;1;1;1;1;1;1;1;1;1;1;1;1;1;1;1;1;0;0;0;0;0;0;0;0;0;0.0004;0.088;0;-0.0884;0;0;0;0;0;0;0;0;0;0;0;0;0;0;0;0;0;0;0;-10.03;0;0;0;0;0.0004;0;0;0;0;0;0;0;-0.0004;-0.0884;0;0;0;0;0;0;0;0;0;-0.7063;0;0.7063;1;1;0;0;0;0
15/05/21 02:00;0;0;90;0;0;90;0;0;0;0;10;5.2401;0;0;0;0;0;0;0;0;0;0;0;0;0;1;1;1;1;0;0;0;0;0;0;0;0;0;0;0;0;0;0;0;0;0;0;0;0;0;0;0;0;0;0;0;0;0;0;0;0;0;0;0;1;1;1;1;1;1;1;1;1;1;1;1;1;1;1;1;1;1;1;0;0;0;0;0;0;0;0;0;0.0004;0.088;0;-0.0884;0;0;0;0;0;0;0;0;0;0;0;0;0;0;0;0;0;0;0;-10;0;0;0;0;0.0004;0;0;0;0;0;0;0;-0.0004;-0.0884;0;0;0;0;0;0;0;0;0;-0.7063;0;0.7063;1;1;0;0;0;0
15/05/21 03:00;0;0;90;0;0;90;0;0;0;0;10;5.28;0;0;0;0;0;0;0;0;0;0;0;0;0;1;1;1;1;0;0;0;0;0;0;0;0;0;0;0;0;0;0;0;0;0;0;0;0;0;0;0;0;0;0;0;0;0;0;0;0;0;0;0;1;1;1;1;1;1;1;1;1;1;1;1;1;1;1;1;1;1;1;0;0;0;0;0;0;0;0;0;0.0004;0.088;0;-0.0884;0;0;0;0;0;0;0;0;0;0;0;0;0;0;0;0;0;0;0;-10;0;0;0;0;0.0004;0;0;0;0;0;0;0;-0.0004;-0.0884;0;0;0;0;0;0;0;0;0;-0.7063;0;0.7063;1;1;0;0;0;0
15/05/21 04:00;0;0;90;0;0;90;0;0;0;0;10.23;5.5099;0;0;0;0;0;0;0;0;0;0;0;0;0;1;1;1;1;0;0;0;0;0;0;0;0;0;0;0;0;0;0;0;0;0;0;0;0;0;0;0;0;0;0;0;0;0;0;0;0;0;0;0;1;1;1;1;1;1;1;1;1;1;1;1;1;1;1;1;1;1;1;0;0;0;0;0;0;0;0;0;0.0004;0.088;0;-0.0884;0;0;0;0;0;0;0;0;0;0;0;0;0;0;0;0;0;0;0;-10.23;0;0;0;0;0.0004;0;0;0;0;0;0;0;-0.0004;-0.0884;0;0;0;0;0;0;0;0;0;-0.7063;0;0.7063;1;1;0;0;0;0
15/05/21 05:00;0;0;90;0;0;90;0;0;0;0;9.7002;6.7601;0;0;0;0;0;0;0;0;0;0;0;0;0;1;1;1;1;0;0;0;0;0;0;0;0;0;0;0;0;0;0;0;0;0;0;0;0;0;0;0;0;0;0;0;0;0;0;0;0;0;0;0;1;1;1;1;1;1;1;1;1;1;1;1;1;1;1;1;1;1;1;0;0;0;0;0;0;0;0;0;0.0004;0.088;0;-0.0884;0;0;0;0;0;0;0;0;0;0;0;0;0;0;0;0;0;0;0;-9.7002;0;0;0;0;0.0004;0;0;0;0;0;0;0;-0.0004;-0.0884;0;0;0;0;0;0;0;0;0;-0.7063;0;0.7063;1;1;0;0;0;0
15/05/21 06:00;0.9226;-65.847;87.762;1.0111;1.4417;-90;-1.4417;0;0;0;9.3299;7.76;0;0;0;0;0;0;0;0;0;0;0;0;0;1;1;1;1;0;0;0;0;0;0;0;0;0;0;0;0;0;0;0;0;0;0;0;0;0;0;0;0;0;0;0;0;0;0;0;0;0;0;0;1;1;1;1;1;1;1;1;1;1;1;1;1;1;1;1;1;1;1;0;0;0;0;0;0;0;0;0;0.0004;0.088;0;-0.0884;0;0;0;0;0;0;0;0;0;0;0;0;0;0;0;0;0;0;0;-9.3299;0;0;0;0;0.0004;0;0;0;0;0;0;0;-0.0004;-0.0884;0;0;0;0;0;0;0;0;0;-0.7063;0;0.7063;1;1;0;0;0;0
15/05/21 07:00;7.3102;-60.573;72.025;8.3787;12.317;-90;-12.317;63.702;39.399;24.303;9.2302;8.09;0;58.941;33.379;13.659;0;0.1246;106.1;0;106.1;58.941;13.659;33.379;0.1246;0.5555;0.3158;0;0.0012;105.66;0.4466;0;0;0.3428;0.1039;94.422;11.023;7.8906;1.8285;1.2995;0.0047;105.45;0.2113;0.1179;0.0273;0.0661;0;94.436;50.933;11.803;31.671;0.0161;20.281;16.834;5.2378;0.0212;0.2071;2.9795;0.0133;3.1654;0;1;0;0;1.6656;0.9958;1;1;0.9897;0.1665;0.8955;0.8659;1;0.9606;0.7752;0.998;0.998;1;0.998;0.998;0.8899;0.9488;0.1288;0.3186;0.2907;0.0018;0.017;-0.0126;0.002;0.0071;0.0006;0;0;0.088;0;0.1737;0;0;0;0;0;0;0;0;0;0;0;0;0.0057;0.0003;0.269;0.269;0;13.064;13.064;3.8338;0.0406;247.41;1087.1;1;0.0072;0.0072;0;0;0;0;0;0;0.2617;0.1737;0;16.081;18.621;10.387;12.028;97.314;97.314;2.5465;2.1496;1.3885;0.3969;0.761;0.1559;0.2989;0.5453;20.135;0.534;0
15/05/21 08:00;17.421;-50.38;43.438;22.164;44.037;-90;-44.037;153.5;121.4;32.105;9.9701;9.43;0;77.864;95.962;23.628;0;3.6678;201.12;0;201.12;77.864;23.628;95.962;3.6678;0.3871;0.4954;0;0.0182;190.01;11.107;0;0;7.7101;3.3967;185.85;3.7835;0.6913;0.2098;2.8648;0.0176;189.63;0.38;0.1557;0.0473;0.1765;0.0005;186.85;77.017;23.371;85.21;0.253;71.002;58.932;20.656;5.44;0.9231;13.279;1.002;8.7622;0;1;0;0;1.3102;0.9448;1;1;0.9197;0.0739;0.98;0.9911;1;0.9675;0.935;0.998;0.998;1;0.998;0.998;0.9241;0.888;0.069;0.604;0.5908;0.0036;0.0177;-0.0159;0.0041;0.0145;0.0026;0;0;0.088;0;0.4531;0;0;0;0;0;0;0;0;0;0;0;0;0.0117;0.001;0.5514;0.5514;0;17.497;17.497;7.5266;0.0405;504.39;1093.1;1;0.0102;0.0102;0;0;0;0;0;0;0.5411;0.4531;0;17.391;20.138;14.293;16.551;98.146;98.146;4.8269;4.4065;3.6215;0.4204;0.785;0.0871;0.1626;0.7503;70.797;0.7149;0
15/05/21 09:00;26.001;-38.208;44.93;38.259;51.741;-90;-51.741;356.29;122.6;233.69;10.15;9.7199;0;377.4;59.66;78.99;0;11.532;527.58;0;527.58;377.4;78.99;59.66;11.532;0.7153;0.1349;0;0.0219;510.73;16.848;0;0;6.0587;10.79;503.44;6.2672;3.679;0.77;1.7888;0.0294;509.71;1.0215;0.7548;0.158;0.1072;0.0015;506.29;372.97;78.062;51.706;0.7115;142.76;118.49;39.129;5.9144;1.6858;24.249;2.8409;20.021;0;1;0;0;1.4808;0.9681;1;1;0.8984;0.0644;0.9877;0.9902;1;0.9666;0.9603;0.998;0.998;1;0.998;0.998;0.9542;0.8667;0.0617;1.5843;1.576;0.0095;0.0053;0.0311;0.0107;0.038;0.0047;0;0;0.088;0;1.329;0;0;0;0;0;0;0;0;0;0;0;0;0.0306;0.0058;1.4403;1.4403;0;30.629;30.629;20.478;0.0407;1353.1;1064.5;1;0.0233;0.0233;0;0;0;0;0;0;1.417;1.329;0;17.318;20.054;15.98;18.505;98.386;98.386;12.662;11.511;10.622;1.1511;0.8891;0.0909;0.0702;0.8389;47.416;0.811;0
15/05/21 10:00;32.326;-23.651;50.718;57.627;32.373;-90;-32.373;165.91;162;3.9057;10.38;9.83;0;4.6244;148.6;1.0485;0;2.1917;156.46;0;156.46;4.6244;1.0485;148.6;2.1917;0.0296;0.9637;0;0.014;147.06;9.3964;0;0;7.4529;1.9435;142.09;4.6778;0.0624;0.0141;4.5615;0.0398;146.77;0.2941;0.0092;0.0021;0.2823;0.0005;142.8;4.5528;1.0322;136.3;0.208;102.07;84.717;28.226;2.9273;1.1045;15.887;0.7073;14.064;0;1;0;0;0.9431;0.9399;1;1;0.9498;0.1133;0.9681;0.9865;1;0.9676;0.8395;0.998;0.998;1;0.998;0.998;0.9082;0.9172;0.0949;0.4699;0.4636;0.0028;0.0181;-0.0148;0.0032;0.0114;0.0031;0;0;0.088;0;0.3331;0;0;0;0;0;0;0;0;0;0;0;0;0.0091;0.0007;0.43;0.43;0;16.142;16.142;5.7614;0.0405;394.88;1088.9;1;0.0089;0.0089;0;0;0;0;0;0;0.4211;0.3331;0;17.433;20.188;13.505;15.638;97.931;97.931;3.7551;3.4364;2.662;0.3186;0.7744;0.0849;0.2062;0.7089;99.605;0.6588;0
15/05/21 11:00;35.584;-6.9903;53.825;80.347;9.6531;-90;-9.6531;615.4;101.5;513.9;12.13;9.8099;0;521.28;34.172;68.05;0;0.7406;624.24;0;624.24;521.28;68.05;34.172;0.7406;0.8351;0.0559;0;0.0012;623.39;0.8508;0;0;0.2333;0.6175;609.93;12.21;9.5447;1.246;1.3914;0.0276;622.14;1.2468;1.0426;0.1361;0.0679;0.0002;610.07;510.69;66.668;32.48;0.0952;359.65;298.51;99.09;0.0088;3.2456;46.687;0.1363;49.924;0;1;0;0;1.0144;0.9986;1;1;0.9932;0.1662;0.9804;0.9817;1;0.9589;0.7753;0.998;0.998;1;0.998;0.998;0.9771;0.9505;0.1286;1.8746;1.9359;0.0117;0.0011;0.0816;0.0129;0.0457;0.0089;0;0;0.088;0;1.6124;0;0;0;0;0;0;0;0;0;0;0;0;0.0368;0.0085;1.7287;1.7287;0;37.055;37.055;24.925;0.0409;1661.8;1040.3;1;0.0284;0.0284;0;0;0;0;0;0;1.7004;1.6124;0;17.568;20.343;16.385;18.973;98.358;98.358;14.982;13.816;12.886;1.1656;0.9302;0.0778;0.0621;0.8601;20.467;0.8145;0
15/05/21 12:00;35.215;10.422;53.467;75.625;14.375;90;14.375;669.39;110.4;558.99;12.94;9.66;0;577.06;29.833;82.684;0;1.7815;691.36;0;691.36;577.06;82.684;29.833;1.7815;0.8347;0.0457;0;0.0026;689.47;1.887;0;0;0.3985;1.4885;675.28;12.808;10.167;1.4568;1.1186;0.0658;688.09;1.3789;1.1541;0.1654;0.0589;0.0006;675.68;565.74;81.062;28.257;0.2266;386.51;320.8;105.89;0.0336;3.5285;50.755;0.3988;54.25;0;1;0;0;1.0328;0.9973;1;1;0.9866;0.1645;0.9814;0.9823;1;0.9619;0.7749;0.998;0.998;1;0.998;0.998;0.9767;0.9472;0.1272;2.0761;2.1421;0.0129;-0.0007;0.1169;0.0141;0.05;0.0095;0;0;0.088;0;1.7697;0;0;0;0;0;0;0;0;0;0;0;0;0.0402;0.0103;1.8889;1.8889;0;40.609;40.609;27.668;0.041;1838.1;1027.6;1;0.0312;0.0312;0;0;0;0;0;0;1.8577;1.7697;0;17.332;20.07;16.238;18.803;98.347;98.347;16.593;15.096;14.143;1.4965;0.9529;0.0902;0.0574;0.8524;18.115;0.808;0
15/05/21 13:00;31.287;26.738;49.747;53.486;36.514;90;36.514;330.7;243.5;87.2;12.58;9.3901;0;108.5;192.01;38.072;0;5.5177;344.09;0;344.09;108.5;38.072;192.01;5.5177;0.3153;0.574;0;0.016;327.44;16.656;0;0;11.656;5.0007;319.07;7.7146;1.3627;0.4782;5.8079;0.0659;326.78;0.6549;0.217;0.0761;0.3607;0.001;320.81;106.92;37.518;174.18;0.4501;190.53;158.14;53.733;5.7217;2.0105;28.92;1.7428;25.209;0;1;0;0;1.0405;0.9516;1;1;0.9393;0.0937;0.9764;0.9874;1;0.9677;0.8723;0.998;0.998;1;0.998;0.998;0.9273;0.9072;0.0816;1.0333;1.0272;0.0062;0.013;0.002;0.007;0.025;0.0057;0;0;0.088;0;0.8418;0;0;0;0;0;0;0;0;0;0;0;0;0.0201;0.0027;0.9456;0.9456;0;25.536;25.536;12.956;0.0406;877.67;1077.4;1;0.0157;0.0157;0;0;0;0;0;0;0.9298;0.8418;0;17.433;20.186;15.52;17.972;98.335;98.335;8.2583;7.5571;6.728;0.7012;0.8291;0.0849;0.1004;0.8147;132.87;0.7665;0
15/05/21 14:00;24.448;40.812;43.55;34.823;55.177;90;55.177;437.69;82.697;355;12.58;8.87;0;621.67;23.26;92.963;0;15.959;753.85;0;753.85;621.67;92.963;23.26;15.959;0.8247;0.052;0;0.0212;736.26;17.586;0;0;2.5979;14.988;727.65;7.138;5.5597;0.8314;0.7036;0.0433;734.79;1.4725;1.2433;0.1859;0.0413;0.0019;730.85;614.86;91.946;19.917;0.9259;134.04;111.25;35.287;2.8918;1.5042;21.637;3.1996;20.249;0;1;0;0;1.7223;0.9767;1;1;0.8883;0.0609;0.9903;0.991;1;0.9659;0.9553;0.998;0.998;1;0.998;0.998;0.9653;0.8563;0.058;2.2638;2.2469;0.0135;-0.0013;0.1369;0.0147;0.0521;0.004;0;0;0.088;0;1.853;0;0;0;0;0;0;0;0;0;0;0;0;0.0419;0.0112;1.9738;1.9738;0;42.435;42.435;29.855;0.041;1930.5;1022.4;1;0.0328;0.0328;0;0;0;0;0;0;1.941;1.853;0;16.609;19.233;15.593;18.056;98.34;98.34;18.092;15.774;14.809;2.3181;0.9651;0.1281;0.0533;0.8185;19.17;0.8013;0
15/05/21 15:00;15.512;52.546;49.561;19.271;33.902;90;33.902;238.79;109.3;129.49;12.24;7.6499;0;314.06;63.769;96.053;0;3.4506;477.33;0;477.33;314.06;96.053;63.769;3.4506;0.6579;0.1408;0;0.0072;470.79;6.536;0;0;3.4459;3.0901;462.75;7.1057;3.9105;1.196;1.945;0.0541;469.85;0.9416;0.6281;0.1921;0.1206;0.0007;463.08;309.52;94.665;58.257;0.3057;44.064;36.573;12.377;1.4732;0.478;6.8756;0.3334;5.8804;0;1;0;0;1.9989;0.9863;1;1;0.946;0.1045;0.9849;0.9875;1;0.9677;0.8496;0.998;0.998;1;0.998;0.998;0.9694;0.9136;0.0886;1.4334;1.4092;0.0085;0.0076;0.0302;0.0095;0.0338;0.0013;0;0;0.088;0;1.1776;0;0;0;0;0;0;0;0;0;0;0;0;0.0272;0.0047;1.2863;1.2863;0;31.078;31.078;18.837;0.0407;1211;1062.2;1;0.0207;0.0207;0;0;0;0;0;0;1.2656;1.1776;0;17.095;19.795;15.65;18.122;98.391;98.391;11.456;10.28;9.4113;1.1759;0.8687;0.1026;0.0758;0.8215;43.236;0.8128;0
15/05/21 16:00;5.3469;62.265;76.938;6.0361;8.7394;90;8.7394;53.701;50.601;3.0992;11.34;5.8001;0;7.5163;49.056;3.0545;0;0.053;59.679;0;59.679;7.5163;3.0545;49.056;0.053;0.1259;0.8229;0;0.0009;59.35;0.3291;0;0;0.2848;0.0443;54.791;4.4402;1.7153;0.6971;2.0259;0.002;59.232;0.1187;0.015;0.0061;0.0975;0;54.799;5.786;2.3514;46.647;0.0068;29.342;24.354;7.6092;0.0084;0.2962;4.2602;0.0075;4.548;0;1;0;0;1.1113;0.9945;1;1;0.9942;0.1648;0.925;0.7713;1;0.9584;0.775;0.998;0.998;1;0.998;0.998;0.9181;0.9509;0.1275;0.1792;0.174;0.001;0.0144;-0.0073;0.0012;0.0041;0.0008;0;0;0.088;0;0.0622;0;0;0;0;0;0;0;0;0;0;0;0;0.0033;0.0002;0.1564;0.1564;0;13.579;13.579;2.2391;0.0409;147.15;1062.6;1;0.0062;0.0062;0;0;0;0;0;0;0.1502;0.0622;0;16.62;19.246;6.6095;7.6537;96.049;96.049;1.4323;1.2496;0.4969;0.1827;0.7527;0.1275;0.5255;0.347;29.32;0.3294;0
15/05/21 17:00;0;0;90;0;0;90;0;0;0;0;9.79;5.23;0;0;0;0;0;0;0;0;0;0;0;0;0;1;1;1;1;0;0;0;0;0;0;0;0;0;0;0;0;0;0;0;0;0;0;0;0;0;0;0;0;0;0;0;0;0;0;0;0;0;0;0;1;1;1;1;1;1;1;1;1;1;1;1;1;1;1;1;1;1;1;0;0;0;0;0;0;0;0;0;0.0004;0.088;0;-0.0884;0;0;0;0;0;0;0;0;0;0;0;0;0;0;0;0;0;0;0;-9.79;0;0;0;0;0.0004;0;0;0;0;0;0;0;-0.0004;-0.0884;0;0;0;0;0;0;0;0;0;-0.7063;0;0.7063;1;1;0;0;0;0
15/05/21 18:00;0;0;90;0;0;90;0;0;0;0;9.2003;4.82;0;0;0;0;0;0;0;0;0;0;0;0;0;1;1;1;1;0;0;0;0;0;0;0;0;0;0;0;0;0;0;0;0;0;0;0;0;0;0;0;0;0;0;0;0;0;0;0;0;0;0;0;1;1;1;1;1;1;1;1;1;1;1;1;1;1;1;1;1;1;1;0;0;0;0;0;0;0;0;0;0.0004;0.088;0;-0.0884;0;0;0;0;0;0;0;0;0;0;0;0;0;0;0;0;0;0;0;-9.2003;0;0;0;0;0.0004;0;0;0;0;0;0;0;-0.0004;-0.0884;0;0;0;0;0;0;0;0;0;-0.7063;0;0.7063;1;1;0;0;0;0
15/05/21 19:00;0;0;90;0;0;90;0;0;0;0;8.6698;4.09;0;0;0;0;0;0;0;0;0;0;0;0;0;1;1;1;1;0;0;0;0;0;0;0;0;0;0;0;0;0;0;0;0;0;0;0;0;0;0;0;0;0;0;0;0;0;0;0;0;0;0;0;1;1;1;1;1;1;1;1;1;1;1;1;1;1;1;1;1;1;1;0;0;0;0;0;0;0;0;0;0.0004;0.088;0;-0.0884;0;0;0;0;0;0;0;0;0;0;0;0;0;0;0;0;0;0;0;-8.6698;0;0;0;0;0.0004;0;0;0;0;0;0;0;-0.0004;-0.0884;0;0;0;0;0;0;0;0;0;-0.7063;0;0.7063;1;1;0;0;0;0
15/05/21 20:00;0;0;90;0;0;90;0;0;0;0;7.3702;3.54;0;0;0;0;0;0;0;0;0;0;0;0;0;1;1;1;1;0;0;0;0;0;0;0;0;0;0;0;0;0;0;0;0;0;0;0;0;0;0;0;0;0;0;0;0;0;0;0;0;0;0;0;1;1;1;1;1;1;1;1;1;1;1;1;1;1;1;1;1;1;1;0;0;0;0;0;0;0;0;0;0.0004;0.088;0;-0.0884;0;0;0;0;0;0;0;0;0;0;0;0;0;0;0;0;0;0;0;-7.3702;0;0;0;0;0.0004;0;0;0;0;0;0;0;-0.0004;-0.0884;0;0;0;0;0;0;0;0;0;-0.7063;0;0.7063;1;1;0;0;0;0
15/05/21 21:00;0;0;90;0;0;90;0;0;0;0;5.82;3.3599;0;0;0;0;0;0;0;0;0;0;0;0;0;1;1;1;1;0;0;0;0;0;0;0;0;0;0;0;0;0;0;0;0;0;0;0;0;0;0;0;0;0;0;0;0;0;0;0;0;0;0;0;1;1;1;1;1;1;1;1;1;1;1;1;1;1;1;1;1;1;1;0;0;0;0;0;0;0;0;0;0.0004;0.088;0;-0.0884;0;0;0;0;0;0;0;0;0;0;0;0;0;0;0;0;0;0;0;-5.82;0;0;0;0;0.0004;0;0;0;0;0;0;0;-0.0004;-0.0884;0;0;0;0;0;0;0;0;0;-0.7063;0;0.7063;1;1;0;0;0;0
15/05/21 22:00;0;0;90;0;0;90;0;0;0;0;4.6998;3.1999;0;0;0;0;0;0;0;0;0;0;0;0;0;1;1;1;1;0;0;0;0;0;0;0;0;0;0;0;0;0;0;0;0;0;0;0;0;0;0;0;0;0;0;0;0;0;0;0;0;0;0;0;1;1;1;1;1;1;1;1;1;1;1;1;1;1;1;1;1;1;1;0;0;0;0;0;0;0;0;0;0.0004;0.088;0;-0.0884;0;0;0;0;0;0;0;0;0;0;0;0;0;0;0;0;0;0;0;-4.6998;0;0;0;0;0.0004;0;0;0;0;0;0;0;-0.0004;-0.0884;0;0;0;0;0;0;0;0;0;-0.7063;0;0.7063;1;1;0;0;0;0
15/05/21 23:00;0;0;90;0;0;90;0;0;0;0;3.1203;3.0299;0;0;0;0;0;0;0;0;0;0;0;0;0;1;1;1;1;0;0;0;0;0;0;0;0;0;0;0;0;0;0;0;0;0;0;0;0;0;0;0;0;0;0;0;0;0;0;0;0;0;0;0;1;1;1;1;1;1;1;1;1;1;1;1;1;1;1;1;1;1;1;0;0;0;0;0;0;0;0;0;0.0004;0.088;0;-0.0884;0;0;0;0;0;0;0;0;0;0;0;0;0;0;0;0;0;0;0;-3.1203;0;0;0;0;0.0004;0;0;0;0;0;0;0;-0.0004;-0.0884;0;0;0;0;0;0;0;0;0;-0.7063;0;0.7063;1;1;0;0;0;0
16/05/21 00:00;0;0;90;0;0;90;0;0;0;0;2.4901;2.8799;0;0;0;0;0;0;0;0;0;0;0;0;0;1;1;1;1;0;0;0;0;0;0;0;0;0;0;0;0;0;0;0;0;0;0;0;0;0;0;0;0;0;0;0;0;0;0;0;0;0;0;0;1;1;1;1;1;1;1;1;1;1;1;1;1;1;1;1;1;1;1;0;0;0;0;0;0;0;0;0;0.0004;0.088;0;-0.0884;0;0;0;0;0;0;0;0;0;0;0;0;0;0;0;0;0;0;0;-2.4901;0;0;0;0;0.0004;0;0;0;0;0;0;0;-0.0004;-0.0884;0;0;0;0;0;0;0;0;0;-0.7063;0;0.7063;1;1;0;0;0;0
16/05/21 01:00;0;0;90;0;0;90;0;0;0;0;2.0201;2.66;0;0;0;0;0;0;0;0;0;0;0;0;0;1;1;1;1;0;0;0;0;0;0;0;0;0;0;0;0;0;0;0;0;0;0;0;0;0;0;0;0;0;0;0;0;0;0;0;0;0;0;0;1;1;1;1;1;1;1;1;1;1;1;1;1;1;1;1;1;1;1;0;0;0;0;0;0;0;0;0;0.0004;0.088;0;-0.0884;0;0;0;0;0;0;0;0;0;0;0;0;0;0;0;0;0;0;0;-2.0201;0;0;0;0;0.0004;0;0;0;0;0;0;0;-0.0004;-0.0884;0;0;0;0;0;0;0;0;0;-0.7063;0;0.7063;1;1;0;0;0;0
16/05/21 02:00;0;0;90;0;0;90;0;0;0;0;0.6401;2.49;0;0;0;0;0;0;0;0;0;0;0;0;0;1;1;1;1;0;0;0;0;0;0;0;0;0;0;0;0;0;0;0;0;0;0;0;0;0;0;0;0;0;0;0;0;0;0;0;0;0;0;0;1;1;1;1;1;1;1;1;1;1;1;1;1;1;1;1;1;1;1;0;0;0;0;0;0;0;0;0;0.0004;0.088;0;-0.0884;0;0;0;0;0;0;0;0;0;0;0;0;0;0;0;0;0;0;0;-0.6401;0;0;0;0;0.0004;0;0;0;0;0;0;0;-0.0004;-0.0884;0;0;0;0;0;0;0;0;0;-0.7063;0;0.7063;1;1;0;0;0;0
16/05/21 03:00;0;0;90;0;0;90;0;0;0;0;0.5497;2.3801;0;0;0;0;0;0;0;0;0;0;0;0;0;1;1;1;1;0;0;0;0;0;0;0;0;0;0;0;0;0;0;0;0;0;0;0;0;0;0;0;0;0;0;0;0;0;0;0;0;0;0;0;1;1;1;1;1;1;1;1;1;1;1;1;1;1;1;1;1;1;1;0;0;0;0;0;0;0;0;0;0.0004;0.088;0;-0.0884;0;0;0;0;0;0;0;0;0;0;0;0;0;0;0;0;0;0;0;-0.5497;0;0;0;0;0.0004;0;0;0;0;0;0;0;-0.0004;-0.0884;0;0;0;0;0;0;0;0;0;-0.7063;0;0.7063;1;1;0;0;0;0
16/05/21 04:00;0;0;90;0;0;90;0;0;0;0;0.7298;2.27;0;0;0;0;0;0;0;0;0;0;0;0;0;1;1;1;1;0;0;0;0;0;0;0;0;0;0;0;0;0;0;0;0;0;0;0;0;0;0;0;0;0;0;0;0;0;0;0;0;0;0;0;1;1;1;1;1;1;1;1;1;1;1;1;1;1;1;1;1;1;1;0;0;0;0;0;0;0;0;0;0.0004;0.088;0;-0.0884;0;0;0;0;0;0;0;0;0;0;0;0;0;0;0;0;0;0;0;-0.7298;0;0;0;0;0.0004;0;0;0;0;0;0;0;-0.0004;-0.0884;0;0;0;0;0;0;0;0;0;-0.7063;0;0.7063;1;1;0;0;0;0
16/05/21 05:00;0;0;90;0;0;90;0;0;0;0;0.1501;2.0799;0;0;0;0;0;0;0;0;0;0;0;0;0;1;1;1;1;0;0;0;0;0;0;0;0;0;0;0;0;0;0;0;0;0;0;0;0;0;0;0;0;0;0;0;0;0;0;0;0;0;0;0;1;1;1;1;1;1;1;1;1;1;1;1;1;1;1;1;1;1;1;0;0;0;0;0;0;0;0;0;0.0004;0.088;0;-0.0884;0;0;0;0;0;0;0;0;0;0;0;0;0;0;0;0;0;0;0;-0.1501;0;0;0;0;0.0004;0;0;0;0;0;0;0;-0.0004;-0.0884;0;0;0;0;0;0;0;0;0;-0.7063;0;0.7063;1;1;0;0;0;0
16/05/21 06:00;0.9638;-65.522;87.662;1.059;1.51;-90;-1.51;0;0;0;0.0199;1.7;0;0;0;0;0;0;0;0;0;0;0;0;0;1;1;1;1;0;0;0;0;0;0;0;0;0;0;0;0;0;0;0;0;0;0;0;0;0;0;0;0;0;0;0;0;0;0;0;0;0;0;0;1;1;1;1;1;1;1;1;1;1;1;1;1;1;1;1;1;1;1;0;0;0;0;0;0;0;0;0;0.0004;0.088;0;-0.0884;0;0;0;0;0;0;0;0;0;0;0;0;0;0;0;0;0;0;0;-0.0199;0;0;0;0;0.0004;0;0;0;0;0;0;0;-0.0004;-0.0884;0;0;0;0;0;0;0;0;0;-0.7063;0;0.7063;1;1;0;0;0;0
16/05/21 07:00;7.1554;-60.4;72.417;8.2156;12.062;-90;-12.062;89.097;18.998;70.099;0.91;1.79;0;170.01;10.872;19.414;0;0.1672;200.46;0;200.46;170.01;19.414;10.872;0.1672;0.8481;0.0551;0;0.0008;200.22;0.2471;0;0;0.1078;0.1394;172.94;26.881;23.739;2.7108;0.4252;0.0062;199.82;0.4004;0.34;0.0388;0.0215;0.0001;172.94;145.93;16.664;10.317;0.0215;6.9357;5.7566;1.864;0.0064;0.066;0.9501;0.004;1.0097;0;1;0;0;2.2499;0.9988;1;1;0.9901;0.1665;0.8655;0.8601;1;0.9604;0.7752;0.998;0.998;1;0.998;0.998;0.8627;0.949;0.1288;0.602;0.5229;0.0031;0.018;-0.032;0.0037;0.0132;0.0002;0;0;0.088;0;0.4069;0;0;0;0;0;0;0;0;0;0;0;0;0.0107;0.0008;0.505;0.505;0;7.8609;7.8609;6.951;0.0402;446.37;1131.4;1;0.0101;0.0101;0;0;0;0;0;0;0.4949;0.4069;0;15.981;18.505;12.876;14.91;97.998;97.998;4.8111;4.036;3.2519;0.7751;0.7841;0.1611;0.163;0.6759;6.553;0.6735;0
16/05/21 08:00;17.246;-50.222;44.024;21.996;43.284;-90;-43.284;279.79;46.098;233.7;4.6799;2.98;0;566.78;16.323;65.98;0;6.4696;655.55;0;655.55;566.78;65.98;16.323;6.4696;0.8646;0.0348;0;0.0099;648.29;7.261;0;0;1.2789;5.9821;640.64;6.3552;5.2255;0.6083;0.4877;0.0338;646.99;1.2966;1.1336;0.132;0.0301;0.001;640.86;560.42;65.239;14.527;0.4527;13.24;10.989;3.6206;0.8735;0.178;2.5606;0.2174;1.8651;0;1;0;0;2.343;0.9889;1;1;0.9217;0.0753;0.9902;0.9908;1;0.9675;0.9306;0.998;0.998;1;0.998;0.998;0.9773;0.8899;0.07;1.9686;1.9356;0.0117;0.0011;0.0386;0.0132;0.0468;0.0005;0;0;0.088;0;1.6598;0;0;0;0;0;0;0;0;0;0;0;0;0.0377;0.0085;1.7777;1.7777;0;30.718;30.718;26.038;0.0406;1664.4;1068;1;0.0299;0.0299;0;0;0;0;0;0;1.7478;1.6598;0;17.202;19.92;16.062;18.599;98.32;98.32;15.733;14.207;13.265;1.5262;0.9419;0.097;0.0599;0.8431;11.962;0.8407;0
16/05/21 09:00;25.804;-38.075;45.13;38.097;51.903;-90;-51.903;423.71;71.502;352.2;7.3802;4.74;0;570.84;22.788;70.204;0;13.794;677.62;0;677.62;570.84;70.204;22.788;13.794;0.8424;0.054;0;0.0204;662.39;15.232;0;0;2.3247;12.907;654.02;7.0426;5.6315;0.6926;0.6835;0.0351;661.07;1.3248;1.1417;0.1404;0.0409;0.0018;656.92;564.06;69.371;19.739;0.8498;150.64;125.03;40.7;2.2862;1.5601;22.442;2.898;21.716;0;1;0;0;1.5993;0.9775;1;1;0.898;0.0643;0.9893;0.9901;1;0.9665;0.9604;0.998;0.998;1;0.998;0.998;0.9652;0.8662;0.0616;2.0349;2.0259;0.0122;0.0002;0.0638;0.0136;0.0484;0.0043;0;0;0.088;0;1.7164;0;0;0;0;0;0;0;0;0;0;0;0;0.039;0.0093;1.8351;1.8351;0;34.034;34.034;26.654;0.0408;1740.7;1054.2;1;0.0307;0.0307;0;0;0;0;0;0;1.8044;1.7164;0;17.179;19.893;16.068;18.606;98.327;98.327;16.263;14.666;13.717;1.5971;0.9487;0.0982;0.0583;0.8435;18.142;0.8231;0
16/05/21 10:00;32.109;-23.562;50.934;57.502;32.498;-90;-32.498;546.5;89.901;456.6;9.0999;5.0901;0;541.37;29.568;68.557;0;7.274;646.77;0;646.77;541.37;68.557;29.568;7.274;0.837;0.057;0;0.0112;638.83;7.9462;0;0;1.4921;6.4541;628.13;9.4179;7.4382;0.9419;0.9072;0.1306;637.55;1.2777;1.0827;0.1371;0.0562;0.0016;630.18;532.85;67.478;27.113;0.6877;284;235.72;78.564;0.592;2.5805;37.119;2.0472;39.108;0;1;0;0;1.1835;0.9877;1;1;0.9495;0.1127;0.9852;0.9862;1;0.9676;0.8404;0.998;0.998;1;0.998;0.998;0.9712;0.917;0.0945;1.9423;1.9763;0.0119;0.0007;0.067;0.0133;0.0471;0.0071;0;0;0.088;0;1.6648;0;0;0;0;0;0;0;0;0;0;0;0;0.0379;0.0088;1.7825;1.7825;0;34.716;34.716;25.616;0.0408;1697;1050.4;1;0.0296;0.0296;0;0;0;0;0;0;1.7528;1.6648;0;17.483;20.244;16.329;18.909;98.338;98.338;15.523;14.245;13.305;1.2771;0.94;0.0823;0.0606;0.8572;19.838;0.8219;0
16/05/21 11:00;35.354;-6.9657;54.054;80.3;9.7003;-90;-9.7003;381.71;253.4;128.31;10.36;5.3;0;130.17;209.82;42.679;0;0.4639;383.13;0;383.13;130.17;42.679;209.82;0.4639;0.3397;0.5489;0;0.0012;381.3;1.8307;0;0;1.444;0.3868;368.74;11.799;2.4437;0.8012;8.537;0.0173;380.54;0.7626;0.2603;0.0854;0.4168;0.0002;368.82;127.46;41.793;199.42;0.0597;225.14;186.87;60.111;0.0541;2.1597;31.066;0.0814;33.171;0;1;0;0;1.0037;0.9952;1;1;0.9931;0.1662;0.969;0.9812;1;0.9589;0.7753;0.998;0.998;1;0.998;0.998;0.9624;0.9504;0.1286;1.1505;1.1763;0.0071;0.0109;0.0013;0.0081;0.0287;0.0061;0;0;0.088;0;0.9816;0;0;0;0;0;0;0;0;0;0;0;0;0.0231;0.0034;1.0876;1.0876;0;25.317;25.317;14.957;0.0406;1006;1081;1;0.018;0.018;0;0;0;0;0;0;1.0696;0.9816;0;18.007;20.852;16.253;18.82;98.348;98.348;9.1951;8.6917;7.8449;0.5034;0.8468;0.0547;0.0921;0.8532;125.68;0.8043;0
16/05/21 12:00;34.988;10.373;53.696;75.573;14.427;90;14.427;221.31;211.9;9.4098;10.43;5.37;0;9.7162;205.99;2.6883;0;0.5932;218.99;0;218.99;9.7162;2.6883;205.99;0.5932;0.0444;0.9434;0;0.0027;215.73;3.2638;0;0;2.7681;0.4957;207.33;7.9624;0.1754;0.0485;7.7165;0.0219;215.3;0.4315;0.0194;0.0054;0.4065;0.0002;207.46;9.5214;2.6344;195.1;0.0754;132.03;109.58;34.581;0.232;1.323;19.032;0.1287;20.123;0;1;0;0;0.9895;0.9851;1;1;0.9866;0.1644;0.963;0.9819;1;0.962;0.775;0.998;0.998;1;0.998;0.998;0.9468;0.9471;0.1272;0.6576;0.665;0.004;0.0172;-0.0146;0.0046;0.0163;0.0038;0;0;0.088;0;0.5201;0;0;0;0;0;0;0;0;0;0;0;0;0.0132;0.0013;0.6193;0.6193;0;18.829;18.829;8.3985;0.0405;567.64;1090.9;1;0.0111;0.0111;0;0;0;0;0;0;0.6081;0.5201;0;17.938;20.772;15.067;17.447;98.202;98.202;5.2558;4.9491;4.1568;0.3067;0.7923;0.0584;0.1507;0.7909;125.1;0.7426;0
16/05/21 13:00;31.076;26.629;49.963;53.362;36.638;90;36.638;249.59;225.6;23.993;11.02;5.4001;0;29.9;196.24;9.7842;0;4.1918;240.11;0;240.11;29.9;9.7842;196.24;4.1918;0.1245;0.8347;0;0.0175;224.34;15.777;0;0;11.976;3.8011;217.4;6.4867;0.3793;0.1241;5.9339;0.0493;223.89;0.4487;0.0598;0.0196;0.3685;0.0008;218.81;29.461;9.6406;177.96;0.3406;151.49;125.74;42.59;5.9157;1.6961;24.397;1.4043;20.178;0;1;0;0;0.962;0.9343;1;1;0.939;0.0932;0.971;0.9873;1;0.9677;0.8735;0.998;0.998;1;0.998;0.998;0.9054;0.9069;0.0812;0.7211;0.7105;0.0043;0.0168;-0.0131;0.0049;0.0174;0.0048;0;0;0.088;0;0.5601;0;0;0;0;0;0;0;0;0;0;0;0;0.014;0.0014;0.6598;0.6598;0;19.83;19.83;8.8104;0.0405;606.23;1088.4;1;0.0117;0.0117;0;0;0;0;0;0;0.6481;0.5601;0;17.432;20.186;14.798;17.136;98.228;98.228;5.7628;5.2732;4.4765;0.4895;0.7967;0.0849;0.1383;0.7768;135.93;0.7219;0
16/05/21 14:00;24.26;40.665;43.752;34.668;55.332;90;55.332;534.51;88.198;446.31;12.39;5.3499;0;784.62;12.919;126.1;0;19.59;943.23;0;943.23;784.62;126.1;12.919;19.59;0.8318;0.0345;0;0.0208;923.38;19.847;0;0;1.4488;18.398;912.84;8.6966;7.1094;1.1426;0.391;0.0537;921.53;1.8468;1.5692;0.2522;0.0229;0.0024;916.6;775.94;124.7;11.057;1.1357;155.03;128.68;40.062;1.6248;1.6769;24.122;3.7603;24.174;0;1;0;0;1.7647;0.979;1;1;0.8879;0.0608;0.9906;0.9909;1;0.9658;0.9549;0.998;0.998;1;0.998;0.998;0.9678;0.8558;0.058;2.8325;2.8115;0.0169;-0.0015;0.2465;0.0178;0.0633;0.0044;0;0;0.088;0;2.266;0;0;0;0;0;0;0;0;0;0;0;0;0.051;0.0173;2.3958;2.3958;0;50.074;50.074;37.684;0.0413;2421.6;989.37;1;0.0419;0.0419;0;0;0;0;0;0;2.354;2.266;0;16.113;18.659;15.24;17.647;98.252;98.252;22.637;19.148;18.11;3.4898;1.0379;0.1542;0.0458;0.8;10.666;0.785;0
16/05/21 15:00;15.347;52.379;50.066;19.112;33.456;90;33.456;108.59;104.8;3.7913;12.31;4.09;0;9.195;95.089;2.726;0;1.5293;108.54;0;108.54;9.195;2.726;95.089;1.5293;0.0847;0.8902;0;0.0141;102.14;6.3989;0;0;5.0322;1.3667;98.853;3.0826;0.1175;0.0348;2.9053;0.025;101.94;0.2043;0.0184;0.0055;0.1801;0.0003;99.334;9.0591;2.6857;86.971;0.1373;64.278;53.35;17.859;2.098;0.7066;10.164;0.4805;8.7729;0;1;0;0;0.9995;0.941;1;1;0.9471;0.1064;0.9698;0.9872;1;0.9677;0.846;0.998;0.998;1;0.998;0.998;0.9108;0.9146;0.0898;0.3259;0.3206;0.0019;0.0173;-0.0101;0.0022;0.0077;0.002;0;0;0.088;0;0.1977;0;0;0;0;0;0;0;0;0;0;0;0;0.0062;0.0004;0.293;0.293;0;16.333;16.333;4.023;0.0407;272.61;1074.6;1;0.0073;0.0073;0;0;0;0;0;0;0.2857;0.1977;0;17.122;19.827;11.552;13.377;97.506;97.506;2.6049;2.3413;1.5796;0.2636;0.7617;0.1012;0.2924;0.6064;64.254;0.5667;0
16/05/21 16:00;5.3822;61.932;76.851;6.0945;8.8267;90;8.8267;37.897;37.198;0.6996;11.68;3.0299;0;1.6967;36.771;0.5038;0;0.0381;39.009;0;39.009;1.6967;0.5038;36.771;0.0381;0.0435;0.9436;0;0.001;38.761;0.2489;0;0;0.217;0.0319;36.668;2.0153;0.3835;0.1139;1.5165;0.0014;38.683;0.0775;0.0034;0.001;0.0731;0;36.673;1.3098;0.3889;34.964;0.0049;21.986;18.249;5.7004;0.0065;0.222;3.1937;0.0058;3.4092;0;1;0;0;1.0294;0.9936;1;1;0.9941;0.1649;0.9479;0.7735;1;0.9584;0.775;0.998;0.998;1;0.998;0.998;0.94;0.9509;0.1275;0.1171;0.1172;0.0007;0.0121;-0.0051;0.0008;0.0027;0.0006;0;0;0.088;0;0.0103;0;0;0;0;0;0;0;0;0;0;0;0;0.0022;0.0001;0.1031;0.1031;0;13.185;13.185;1.5055;0.0411;98.456;1047.2;1;0.0048;0.0048;0;0;0;0;0;0;0.0983;0.0103;0;16.766;19.415;1.6762;1.941;95.349;95.349;0.9362;0.824;0.0824;0.1122;0.7416;0.1199;0.7921;0.088;21.982;0.0829;0
16/05/21 17:00;0;0;90;0;0;90;0;0;0;0;9.1099;2.9401;0;0;0;0;0;0;0;0;0;0;0;0;0;1;1;1;1;0;0;0;0;0;0;0;0;0;0;0;0;0;0;0;0;0;0;0;0;0;0;0;0;0;0;0;0;0;0;0;0;0;0;0;1;1;1;1;1;1;1;1;1;1;1;1;1;1;1;1;1;1;1;0;0;0;0;0;0;0;0;0;0.0004;0.088;0;-0.0884;0;0;0;0;0;0;0;0;0;0;0;0;0;0;0;0;0;0;0;-9.1099;0;0;0;0;0.0004;0;0;0;0;0;0;0;-0.0004;-0.0884;0;0;0;0;0;0;0;0;0;-0.7063;0;0.7063;1;1;0;0;0;0
16/05/21 18:00;0;0;90;0;0;90;0;0;0;0;7.6899;2.9401;0;0;0;0;0;0;0;0;0;0;0;0;0;1;1;1;1;0;0;0;0;0;0;0;0;0;0;0;0;0;0;0;0;0;0;0;0;0;0;0;0;0;0;0;0;0;0;0;0;0;0;0;1;1;1;1;1;1;1;1;1;1;1;1;1;1;1;1;1;1;1;0;0;0;0;0;0;0;0;0;0.0004;0.088;0;-0.0884;0;0;0;0;0;0;0;0;0;0;0;0;0;0;0;0;0;0;0;-7.6899;0;0;0;0;0.0004;0;0;0;0;0;0;0;-0.0004;-0.0884;0;0;0;0;0;0;0;0;0;-0.7063;0;0.7063;1;1;0;0;0;0
16/05/21 19:00;0;0;90;0;0;90;0;0;0;0;8.62;3.0299;0;0;0;0;0;0;0;0;0;0;0;0;0;1;1;1;1;0;0;0;0;0;0;0;0;0;0;0;0;0;0;0;0;0;0;0;0;0;0;0;0;0;0;0;0;0;0;0;0;0;0;0;1;1;1;1;1;1;1;1;1;1;1;1;1;1;1;1;1;1;1;0;0;0;0;0;0;0;0;0;0.0004;0.088;0;-0.0884;0;0;0;0;0;0;0;0;0;0;0;0;0;0;0;0;0;0;0;-8.62;0;0;0;0;0.0004;0;0;0;0;0;0;0;-0.0004;-0.0884;0;0;0;0;0;0;0;0;0;-0.7063;0;0.7063;1;1;0;0;0;0
16/05/21 20:00;0;0;90;0;0;90;0;0;0;0;9.07;3.1199;0;0;0;0;0;0;0;0;0;0;0;0;0;1;1;1;1;0;0;0;0;0;0;0;0;0;0;0;0;0;0;0;0;0;0;0;0;0;0;0;0;0;0;0;0;0;0;0;0;0;0;0;1;1;1;1;1;1;1;1;1;1;1;1;1;1;1;1;1;1;1;0;0;0;0;0;0;0;0;0;0.0004;0.088;0;-0.0884;0;0;0;0;0;0;0;0;0;0;0;0;0;0;0;0;0;0;0;-9.07;0;0;0;0;0.0004;0;0;0;0;0;0;0;-0.0004;-0.0884;0;0;0;0;0;0;0;0;0;-0.7063;0;0.7063;1;1;0;0;0;0
16/05/21 21:00;0;0;90;0;0;90;0;0;0;0;8.9902;3.22;0;0;0;0;0;0;0;0;0;0;0;0;0;1;1;1;1;0;0;0;0;0;0;0;0;0;0;0;0;0;0;0;0;0;0;0;0;0;0;0;0;0;0;0;0;0;0;0;0;0;0;0;1;1;1;1;1;1;1;1;1;1;1;1;1;1;1;1;1;1;1;0;0;0;0;0;0;0;0;0;0.0004;0.088;0;-0.0884;0;0;0;0;0;0;0;0;0;0;0;0;0;0;0;0;0;0;0;-8.9902;0;0;0;0;0.0004;0;0;0;0;0;0;0;-0.0004;-0.0884;0;0;0;0;0;0;0;0;0;-0.7063;0;0.7063;1;1;0;0;0;0
16/05/21 22:00;0;0;90;0;0;90;0;0;0;0;9.4702;4.01;0;0;0;0;0;0;0;0;0;0;0;0;0;1;1;1;1;0;0;0;0;0;0;0;0;0;0;0;0;0;0;0;0;0;0;0;0;0;0;0;0;0;0;0;0;0;0;0;0;0;0;0;1;1;1;1;1;1;1;1;1;1;1;1;1;1;1;1;1;1;1;0;0;0;0;0;0;0;0;0;0.0004;0.088;0;-0.0884;0;0;0;0;0;0;0;0;0;0;0;0;0;0;0;0;0;0;0;-9.4702;0;0;0;0;0.0004;0;0;0;0;0;0;0;-0.0004;-0.0884;0;0;0;0;0;0;0;0;0;-0.7063;0;0.7063;1;1;0;0;0;0
16/05/21 23:00;0;0;90;0;0;90;0;0;0;0;9.55;4.35;0;0;0;0;0;0;0;0;0;0;0;0;0;1;1;1;1;0;0;0;0;0;0;0;0;0;0;0;0;0;0;0;0;0;0;0;0;0;0;0;0;0;0;0;0;0;0;0;0;0;0;0;1;1;1;1;1;1;1;1;1;1;1;1;1;1;1;1;1;1;1;0;0;0;0;0;0;0;0;0;0.0004;0.088;0;-0.0884;0;0;0;0;0;0;0;0;0;0;0;0;0;0;0;0;0;0;0;-9.55;0;0;0;0;0.0004;0;0;0;0;0;0;0;-0.0004;-0.0884;0;0;0;0;0;0;0;0;0;-0.7063;0;0.7063;1;1;0;0;0;0
17/05/21 00:00;0;0;90;0;0;90;0;0;0;0;9.6703;3.94;0;0;0;0;0;0;0;0;0;0;0;0;0;1;1;1;1;0;0;0;0;0;0;0;0;0;0;0;0;0;0;0;0;0;0;0;0;0;0;0;0;0;0;0;0;0;0;0;0;0;0;0;1;1;1;1;1;1;1;1;1;1;1;1;1;1;1;1;1;1;1;0;0;0;0;0;0;0;0;0;0.0004;0.088;0;-0.0884;0;0;0;0;0;0;0;0;0;0;0;0;0;0;0;0;0;0;0;-9.6703;0;0;0;0;0.0004;0;0;0;0;0;0;0;-0.0004;-0.0884;0;0;0;0;0;0;0;0;0;-0.7063;0;0.7063;1;1;0;0;0;0
17/05/21 01:00;0;0;90;0;0;90;0;0;0;0;9.6497;3.8901;0;0;0;0;0;0;0;0;0;0;0;0;0;1;1;1;1;0;0;0;0;0;0;0;0;0;0;0;0;0;0;0;0;0;0;0;0;0;0;0;0;0;0;0;0;0;0;0;0;0;0;0;1;1;1;1;1;1;1;1;1;1;1;1;1;1;1;1;1;1;1;0;0;0;0;0;0;0;0;0;0.0004;0.088;0;-0.0884;0;0;0;0;0;0;0;0;0;0;0;0;0;0;0;0;0;0;0;-9.6497;0;0;0;0;0.0004;0;0;0;0;0;0;0;-0.0004;-0.0884;0;0;0;0;0;0;0;0;0;-0.7063;0;0.7063;1;1;0;0;0;0
17/05/21 02:00;0;0;90;0;0;90;0;0;0;0;9.7301;3.7401;0;0;0;0;0;0;0;0;0;0;0;0;0;1;1;1;1;0;0;0;0;0;0;0;0;0;0;0;0;0;0;0;0;0;0;0;0;0;0;0;0;0;0;0;0;0;0;0;0;0;0;0;1;1;1;1;1;1;1;1;1;1;1;1;1;1;1;1;1;1;1;0;0;0;0;0;0;0;0;0;0.0004;0.088;0;-0.0884;0;0;0;0;0;0;0;0;0;0;0;0;0;0;0;0;0;0;0;-9.7301;0;0;0;0;0.0004;0;0;0;0;0;0;0;-0.0004;-0.0884;0;0;0;0;0;0;0;0;0;-0.7063;0;0.7063;1;1;0;0;0;0
17/05/21 03:00;0;0;90;0;0;90;0;0;0;0;8.6399;3.2699;0;0;0;0;0;0;0;0;0;0;0;0;0;1;1;1;1;0;0;0;0;0;0;0;0;0;0;0;0;0;0;0;0;0;0;0;0;0;0;0;0;0;0;0;0;0;0;0;0;0;0;0;1;1;1;1;1;1;1;1;1;1;1;1;1;1;1;1;1;1;1;0;0;0;0;0;0;0;0;0;0.0004;0.088;0;-0.0884;0;0;0;0;0;0;0;0;0;0;0;0;0;0;0;0;0;0;0;-8.6399;0;0;0;0;0.0004;0;0;0;0;0;0;0;-0.0004;-0.0884;0;0;0;0;0;0;0;0;0;-0.7063;0;0.7063;1;1;0;0;0;0
17/05/21 04:00;0;0;90;0;0;90;0;0;0;0;8.3501;2.9599;0;0;0;0;0;0;0;0;0;0;0;0;0;1;1;1;1;0;0;0;0;0;0;0;0;0;0;0;0;0;0;0;0;0;0;0;0;0;0;0;0;0;0;0;0;0;0;0;0;0;0;0;1;1;1;1;1;1;1;1;1;1;1;1;1;1;1;1;1;1;1;0;0;0;0;0;0;0;0;0;0.0004;0.088;0;-0.0884;0;0;0;0;0;0;0;0;0;0;0;0;0;0;0;0;0;0;0;-8.3501;0;0;0;0;0.0004;0;0;0;0;0;0;0;-0.0004;-0.0884;0;0;0;0;0;0;0;0;0;-0.7063;0;0.7063;1;1;0;0;0;0
17/05/21 05:00;0;0;90;0;0;90;0;0;0;0;8.9902;2.74;0;0;0;0;0;0;0;0;0;0;0;0;0;1;1;1;1;0;0;0;0;0;0;0;0;0;0;0;0;0;0;0;0;0;0;0;0;0;0;0;0;0;0;0;0;0;0;0;0;0;0;0;1;1;1;1;1;1;1;1;1;1;1;1;1;1;1;1;1;1;1;0;0;0;0;0;0;0;0;0;0.0004;0.088;0;-0.0884;0;0;0;0;0;0;0;0;0;0;0;0;0;0;0;0;0;0;0;-8.9902;0;0;0;0;0.0004;0;0;0;0;0;0;0;-0.0004;-0.0884;0;0;0;0;0;0;0;0;0;-0.7063;0;0.7063;1;1;0;0;0;0
17/05/21 06:00;0.8202;-65.349;88.01;0.9025;1.2867;-90;-1.2867;0;0;0;8.8899;3.45;0;0;0;0;0;0;0;0;0;0;0;0;0;1;1;1;1;0;0;0;0;0;0;0;0;0;0;0;0;0;0;0;0;0;0;0;0;0;0;0;0;0;0;0;0;0;0;0;0;0;0;0;1;1;1;1;1;1;1;1;1;1;1;1;1;1;1;1;1;1;1;0;0;0;0;0;0;0;0;0;0.0004;0.088;0;-0.0884;0;0;0;0;0;0;0;0;0;0;0;0;0;0;0;0;0;0;0;-8.8899;0;0;0;0;0.0004;0;0;0;0;0;0;0;-0.0004;-0.0884;0;0;0;0;0;0;0;0;0;-0.7063;0;0.7063;1;1;0;0;0;0
17/05/21 07:00;7.0024;-60.234;72.802;8.0537;11.81;-90;-11.81;49.403;40.597;8.8064;9.1398;3.0901;0;21.358;37.994;5.3272;0;0.0889;64.768;0;64.768;21.358;5.3272;37.994;0.0889;0.3298;0.588;0;0.0014;64.33;0.4376;0;0;0.3635;0.0741;58.821;5.3807;3.1095;0.7756;1.4924;0.0033;64.201;0.1287;0.0427;0.0107;0.0753;0;58.834;18.206;4.5409;36.062;0.0115;22.938;19.039;5.933;0.0207;0.2335;3.3583;0.0135;3.5711;0;1;0;0;1.311;0.9932;1;1;0.9904;0.1665;0.9162;0.8541;1;0.9603;0.7752;0.998;0.998;1;0.998;0.998;0.9082;0.9492;0.1288;0.1945;0.1843;0.0011;0.0147;-0.0091;0.0012;0.0044;0.0006;0;0;0.088;0;0.0732;0;0;0;0;0;0;0;0;0;0;0;0;0.0036;0.0002;0.1676;0.1676;0;11.537;11.537;2.3975;0.0408;155.95;1074.5;1;0.0064;0.0064;0;0;0;0;0;0;0.1612;0.0732;0;16.412;19.005;7.1684;8.3008;96.192;96.192;1.5544;1.3392;0.5849;0.2152;0.7543;0.1385;0.4853;0.3763;22.884;0.3622;0
17/05/21 08:00;17.074;-50.07;44.596;21.828;42.564;-90;-42.564;109.39;102.6;6.7941;9.77;3.08;0;16.478;87.539;4.3129;0;2.4499;110.78;0;110.78;16.478;4.3129;87.539;2.4499;0.1487;0.8123;0;0.0221;101.83;8.9542;0;0;6.6924;2.2618;98.792;2.8302;0.1574;0.0412;2.6177;0.0138;101.62;0.2037;0.033;0.0086;0.1617;0.0004;99.626;16.287;4.2631;78.068;0.1739;63.785;52.941;18.427;4.4141;0.807;11.608;0.8339;8.0009;0;1;0;0;1.0127;0.9192;1;1;0.9236;0.0768;0.9721;0.9904;1;0.9676;0.9263;0.998;0.998;1;0.998;0.998;0.8918;0.8918;0.071;0.3327;0.3245;0.002;0.0174;-0.0132;0.0022;0.0079;0.0023;0;0;0.088;0;0.2038;0;0;0;0;0;0;0;0;0;0;0;0;0.0064;0.0004;0.2993;0.2993;0;13.782;13.782;4.0118;0.0406;275.71;1085.4;1;0.0075;0.0075;0;0;0;0;0;0;0.2918;0.2038;0;17.136;19.844;11.669;13.512;97.5;97.5;2.6587;2.3916;1.6286;0.2671;0.7631;0.1005;0.287;0.6125;63.743;0.568;0
17/05/21 09:00;25.61;-37.947;45.325;37.936;52.064;-90;-52.064;271;179.6;91.401;11;3.1899;0;148.67;122.04;46.271;0;8.8738;325.86;0;325.86;148.67;46.271;122.04;8.8738;0.4562;0.4018;0;0.0272;305.05;20.81;0;0;12.506;8.3043;298.81;5.6293;1.4836;0.4617;3.6615;0.0225;304.44;0.6101;0.2973;0.0925;0.2191;0.0011;301.59;146.89;45.717;105.66;0.5458;137.18;113.86;39.84;12.36;1.9083;27.45;2.7796;16.998;0;1;0;0;1.2024;0.9361;1;1;0.8975;0.0642;0.9815;0.99;1;0.9665;0.9604;0.998;0.998;1;0.998;0.998;0.917;0.8657;0.0615;0.9786;0.9662;0.0058;0.0139;-0.0064;0.0067;0.0237;0.0054;0;0;0.088;0;0.7927;0;0;0;0;0;0;0;0;0;0;0;0;0.0191;0.0024;0.8958;0.8958;0;23.114;23.114;12.114;0.0405;825.28;1085.5;1;0.0151;0.0151;0;0;0;0;0;0;0.8807;0.7927;0;17.439;20.194;15.432;17.87;98.316;98.316;7.8206;7.1593;6.3354;0.6614;0.8238;0.0846;0.1053;0.8101;97.318;0.762;0
17/05/21 10:00;31.895;-23.477;51.145;57.375;32.625;-90;-32.625;269.6;229;40.597;11.91;3.61;0;48.203;198.79;15.648;0;3.6157;266.26;0;266.26;48.203;15.648;198.79;3.6157;0.181;0.7602;0;0.0136;252.96;13.304;0;0;10.094;3.2101;245.4;7.0539;0.6748;0.2191;6.0957;0.0642;252.45;0.5059;0.0964;0.0313;0.3774;0.0008;246.54;47.431;15.398;182.23;0.3406;161.08;133.7;44.586;4.0227;1.7015;24.475;1.1425;22.154;0;1;0;0;0.9876;0.95;1;1;0.9492;0.1122;0.9721;0.986;1;0.9676;0.8413;0.998;0.998;1;0.998;0.998;0.9216;0.9167;0.0942;0.7996;0.7941;0.0048;0.016;-0.0089;0.0055;0.0194;0.0048;0;0;0.088;0;0.6345;0;0;0;0;0;0;0;0;0;0;0;0;0.0156;0.0017;0.7352;0.7352;0;21.862;21.862;9.9526;0.0406;678.11;1084.2;1;0.0127;0.0127;0;0;0;0;0;0;0.7225;0.6345;0;17.516;20.283;15.116;17.504;98.27;98.27;6.3903;5.8756;5.0707;0.5146;0.8049;0.0805;0.126;0.7935;133.5;0.7424;0
17/05/21 11:00;35.13;-6.9444;54.277;80.249;9.7506;-90;-9.7506;349.49;259.2;90.294;12.87;3.94;0;91.617;227.08;30.911;0;0.4291;350.04;0;350.04;91.617;30.911;227.08;0.4291;0.2617;0.65;0;0.0012;348.11;1.9341;0;0;1.5763;0.3578;335.8;11.606;1.7628;0.5948;9.232;0.016;347.41;0.6962;0.1832;0.0618;0.451;0.0001;335.88;89.671;30.254;215.82;0.0552;206.52;171.42;54.79;0.0598;2.0046;28.835;0.0748;30.779;0;1;0;0;1.0016;0.9945;1;1;0.9931;0.1662;0.9666;0.9807;1;0.959;0.7753;0.998;0.998;1;0.998;0.998;0.9593;0.9504;0.1286;1.0512;1.0724;0.0065;0.0124;0.0058;0.0073;0.026;0.0056;0;0;0.088;0;0.8807;0;0;0;0;0;0;0;0;0;0;0;0;0.0209;0.0029;0.985;0.985;0;26.512;26.512;13.643;0.0406;917.02;1074.1;1;0.0163;0.0163;0;0;0;0;0;0;0.9687;0.8807;0;17.851;20.671;15.961;18.482;98.345;98.345;8.401;7.8721;7.0386;0.5289;0.8335;0.063;0.0992;0.8378;136.04;0.7892;0
17/05/21 12:00;34.766;10.323;53.92;75.525;14.475;90;14.475;649.7;107.2;542.5;14.81;4.12;0;560.28;30.322;78.896;0;1.7529;671.25;0;671.25;560.28;78.896;30.322;1.7529;0.8347;0.0478;0;0.0026;669.38;1.8744;0;0;0.4097;1.4647;655.02;13.024;10.365;1.4596;1.1348;0.0647;668.04;1.3388;1.1206;0.1578;0.0598;0.0006;655.41;548.8;77.279;28.717;0.2229;375.05;311.29;102.75;0.035;3.4244;49.259;0.3932;52.648;0;1;0;0;1.0332;0.9972;1;1;0.9865;0.1644;0.9805;0.9815;1;0.962;0.775;0.998;0.998;1;0.998;0.998;0.9758;0.9471;0.1272;2.0158;2.0779;0.0125;-0.0002;0.1213;0.0136;0.0483;0.0092;0;0;0.088;0;1.7067;0;0;0;0;0;0;0;0;0;0;0;0;0.0389;0.0097;1.8246;1.8246;0;41.674;41.674;26.864;0.041;1783.4;1023.1;1;0.0299;0.0299;0;0;0;0;0;0;1.7947;1.7067;0;17.243;19.967;16.129;18.677;98.361;98.361;16.11;14.582;13.64;1.5279;0.9423;0.0948;0.0585;0.8467;18.418;0.8026;0
17/05/21 13:00;30.871;26.52;50.175;53.243;36.757;90;36.757;306.69;241.4;65.294;15.8;4.1301;0;81.497;196.68;28.718;0;5.183;312.08;0;312.08;81.497;28.718;196.68;5.183;0.2611;0.6468;0;0.0166;295.31;16.766;0;0;12.063;4.7024;287.3;7.4259;1.0502;0.3701;5.9455;0.0601;294.72;0.5906;0.163;0.0574;0.3692;0.001;288.98;80.284;28.291;178.3;0.4195;179.45;148.94;50.352;5.9954;1.9496;28.045;1.6841;23.999;0;1;0;0;1.0176;0.9463;1;1;0.9387;0.0927;0.9748;0.9871;1;0.9677;0.8746;0.998;0.998;1;0.998;0.998;0.9206;0.9066;0.0809;0.9372;0.9295;0.0056;0.0144;0.0082;0.0063;0.0224;0.0054;0;0;0.088;0;0.7448;0;0;0;0;0;0;0;0;0;0;0;0;0.018;0.0022;0.8469;0.8469;0;27.494;27.494;11.694;0.0407;794.16;1066.4;1;0.0141;0.0141;0;0;0;0;0;0;0.8328;0.7448;0;17.216;19.935;15.14;17.532;98.336;98.336;7.4899;6.7687;5.9527;0.7212;0.8159;0.0963;0.1089;0.7948;136.37;0.7447;0
17/05/21 14:00;24.078;40.521;43.95;34.519;55.481;90;55.481;221.89;191.9;29.991;14.9;3.9899;0;52.925;142.05;18.646;0;8.1729;221.79;0;221.79;52.925;18.646;142.05;8.1729;0.2386;0.6773;0;0.0368;198.12;23.667;0;0;15.992;7.6758;192.75;4.9802;0.4857;0.1711;4.3008;0.0226;197.73;0.3962;0.1058;0.0373;0.2521;0.001;195.8;52.333;18.438;121.5;0.4735;128.65;106.78;38.819;17.982;2.1104;30.357;3.049;14.486;0;1;0;0;0.9995;0.8933;1;1;0.8874;0.0608;0.9748;0.9908;1;0.9658;0.9544;0.998;0.998;1;0.998;0.998;0.869;0.8554;0.0579;0.666;0.6537;0.0039;0.0173;-0.0053;0.0045;0.0158;0.0059;0;0;0.088;0;0.4989;0;0;0;0;0;0;0;0;0;0;0;0;0.0127;0.0012;0.5976;0.5976;0;22.738;22.738;7.8382;0.0407;557.19;1072.5;1;0.0106;0.0106;0;0;0;0;0;0;0.5869;0.4989;0;17.092;19.792;14.271;16.525;98.22;98.22;5.323;4.7759;3.9876;0.5471;0.7883;0.1028;0.1481;0.7491;117.46;0.6795;0
17/05/21 15:00;15.188;52.214;50.551;18.957;33.031;90;33.031;82.709;81.2;1.5091;14.29;2.7899;0;3.6601;74.316;0.8497;0;1.1363;79.962;0;79.962;3.6601;0.8497;74.316;1.1363;0.0458;0.9436;0;0.0142;75.094;4.8679;0;0;3.8545;1.0134;72.59;2.3538;0.0487;0.0113;2.2745;0.0193;74.944;0.1502;0.0073;0.0017;0.1409;0.0002;72.954;3.6041;0.8367;68.046;0.1034;50.067;41.556;13.885;1.5692;0.5479;7.8809;0.3633;6.8596;0;1;0;0;0.9668;0.9391;1;1;0.9481;0.1082;0.9686;0.9867;1;0.9677;0.8428;0.998;0.998;1;0.998;0.998;0.9078;0.9156;0.091;0.2401;0.2363;0.0014;0.016;-0.0067;0.0016;0.0056;0.0015;0;0;0.088;0;0.1177;0;0;0;0;0;0;0;0;0;0;0;0;0.0045;0.0002;0.2122;0.2122;0;17.256;17.256;2.9662;0.0409;200.47;1058.5;1;0.0065;0.0065;0;0;0;0;0;0;0.2057;0.1177;0;16.833;19.493;9.3339;10.808;96.921;96.921;1.9191;1.6958;0.9403;0.2233;0.7555;0.1164;0.3937;0.49;50.058;0.4563;0
17/05/21 16:00;5.2418;61.755;77.199;5.9455;8.604;90;8.604;18.304;18.1;0.204;13.22;2.5401;0;0.4947;17.968;0.0734;0;0.0175;18.554;0;18.554;0.4947;0.0734;17.968;0.0175;0.0267;0.9694;0;0.0009;18.437;0.1163;0;0;0.1017;0.0146;17.523;0.8776;0.1161;0.0172;0.7435;0.0006;18.4;0.0369;0.001;0.0001;0.0357;0;17.525;0.3776;0.056;17.087;0.0022;10.737;8.9121;2.7832;0.0029;0.1085;1.5601;0.0026;1.6657;0;1;0;0;1.0136;0.9937;1;1;0.9943;0.1648;0.9523;0.7647;1;0.9583;0.7751;0.998;0.998;1;0.998;0.998;0.9444;0.951;0.1275;0.0557;0.0561;0.0003;0.0084;-0.0022;0.0003;0.0012;0.0003;0;0;0.088;0;-0.0444;0;0;0;0;0;0;0;0;0;0;0;0;0.001;0;0.0467;0.0467;0;13.948;13.948;0.728;0.0415;46.218;1010.9;1;0.0031;0.0031;0;0;0;0;0;0;0.0436;-0.0444;0;15.975;18.499;-15.179;-17.577;93.326;93.326;0.4453;0.3734;-0.3548;0.0719;0.7282;0.1614;1.6354;0;10.736;0;0
17/05/21 17:00;0;0;90;0;0;90;0;0;0;0;12.49;2.4501;0;0;0;0;0;0;0;0;0;0;0;0;0;1;1;1;1;0;0;0;0;0;0;0;0;0;0;0;0;0;0;0;0;0;0;0;0;0;0;0;0;0;0;0;0;0;0;0;0;0;0;0;1;1;1;1;1;1;1;1;1;1;1;1;1;1;1;1;1;1;1;0;0;0;0;0;0;0;0;0;0.0004;0.088;0;-0.0884;0;0;0;0;0;0;0;0;0;0;0;0;0;0;0;0;0;0;0;-12.49;0;0;0;0;0.0004;0;0;0;0;0;0;0;-0.0004;-0.0884;0;0;0;0;0;0;0;0;0;-0.7063;0;0.7063;1;1;0;0;0;0
17/05/21 18:00;0;0;90;0;0;90;0;0;0;0;11.26;2.2499;0;0;0;0;0;0;0;0;0;0;0;0;0;1;1;1;1;0;0;0;0;0;0;0;0;0;0;0;0;0;0;0;0;0;0;0;0;0;0;0;0;0;0;0;0;0;0;0;0;0;0;0;1;1;1;1;1;1;1;1;1;1;1;1;1;1;1;1;1;1;1;0;0;0;0;0;0;0;0;0;0.0004;0.088;0;-0.0884;0;0;0;0;0;0;0;0;0;0;0;0;0;0;0;0;0;0;0;-11.26;0;0;0;0;0.0004;0;0;0;0;0;0;0;-0.0004;-0.0884;0;0;0;0;0;0;0;0;0;-0.7063;0;0.7063;1;1;0;0;0;0
17/05/21 19:00;0;0;90;0;0;90;0;0;0;0;9.5899;2.05;0;0;0;0;0;0;0;0;0;0;0;0;0;1;1;1;1;0;0;0;0;0;0;0;0;0;0;0;0;0;0;0;0;0;0;0;0;0;0;0;0;0;0;0;0;0;0;0;0;0;0;0;1;1;1;1;1;1;1;1;1;1;1;1;1;1;1;1;1;1;1;0;0;0;0;0;0;0;0;0;0.0004;0.088;0;-0.0884;0;0;0;0;0;0;0;0;0;0;0;0;0;0;0;0;0;0;0;-9.5899;0;0;0;0;0.0004;0;0;0;0;0;0;0;-0.0004;-0.0884;0;0;0;0;0;0;0;0;0;-0.7063;0;0.7063;1;1;0;0;0;0
17/05/21 20:00;0;0;90;0;0;90;0;0;0;0;6.1098;1.87;0;0;0;0;0;0;0;0;0;0;0;0;0;1;1;1;1;0;0;0;0;0;0;0;0;0;0;0;0;0;0;0;0;0;0;0;0;0;0;0;0;0;0;0;0;0;0;0;0;0;0;0;1;1;1;1;1;1;1;1;1;1;1;1;1;1;1;1;1;1;1;0;0;0;0;0;0;0;0;0;0.0004;0.088;0;-0.0884;0;0;0;0;0;0;0;0;0;0;0;0;0;0;0;0;0;0;0;-6.1098;0;0;0;0;0.0004;0;0;0;0;0;0;0;-0.0004;-0.0884;0;0;0;0;0;0;0;0;0;-0.7063;0;0.7063;1;1;0;0;0;0
17/05/21 21:00;0;0;90;0;0;90;0;0;0;0;4.42;1.65;0;0;0;0;0;0;0;0;0;0;0;0;0;1;1;1;1;0;0;0;0;0;0;0;0;0;0;0;0;0;0;0;0;0;0;0;0;0;0;0;0;0;0;0;0;0;0;0;0;0;0;0;1;1;1;1;1;1;1;1;1;1;1;1;1;1;1;1;1;1;1;0;0;0;0;0;0;0;0;0;0.0004;0.088;0;-0.0884;0;0;0;0;0;0;0;0;0;0;0;0;0;0;0;0;0;0;0;-4.42;0;0;0;0;0.0004;0;0;0;0;0;0;0;-0.0004;-0.0884;0;0;0;0;0;0;0;0;0;-0.7063;0;0.7063;1;1;0;0;0;0
17/05/21 22:00;0;0;90;0;0;90;0;0;0;0;3.3703;1.3401;0;0;0;0;0;0;0;0;0;0;0;0;0;1;1;1;1;0;0;0;0;0;0;0;0;0;0;0;0;0;0;0;0;0;0;0;0;0;0;0;0;0;0;0;0;0;0;0;0;0;0;0;1;1;1;1;1;1;1;1;1;1;1;1;1;1;1;1;1;1;1;0;0;0;0;0;0;0;0;0;0.0004;0.088;0;-0.0884;0;0;0;0;0;0;0;0;0;0;0;0;0;0;0;0;0;0;0;-3.3703;0;0;0;0;0.0004;0;0;0;0;0;0;0;-0.0004;-0.0884;0;0;0;0;0;0;0;0;0;-0.7063;0;0.7063;1;1;0;0;0;0
17/05/21 23:00;0;0;90;0;0;90;0;0;0;0;2.9501;1;0;0;0;0;0;0;0;0;0;0;0;0;0;1;1;1;1;0;0;0;0;0;0;0;0;0;0;0;0;0;0;0;0;0;0;0;0;0;0;0;0;0;0;0;0;0;0;0;0;0;0;0;1;1;1;1;1;1;1;1;1;1;1;1;1;1;1;1;1;1;1;0;0;0;0;0;0;0;0;0;0.0004;0.088;0;-0.0884;0;0;0;0;0;0;0;0;0;0;0;0;0;0;0;0;0;0;0;-2.9501;0;0;0;0;0.0004;0;0;0;0;0;0;0;-0.0004;-0.0884;0;0;0;0;0;0;0;0;0;-0.7063;0;0.7063;1;1;0;0;0;0
18/05/21 00:00;0;0;90;0;0;90;0;0;0;0;2.54;0.8099;0;0;0;0;0;0;0;0;0;0;0;0;0;1;1;1;1;0;0;0;0;0;0;0;0;0;0;0;0;0;0;0;0;0;0;0;0;0;0;0;0;0;0;0;0;0;0;0;0;0;0;0;1;1;1;1;1;1;1;1;1;1;1;1;1;1;1;1;1;1;1;0;0;0;0;0;0;0;0;0;0.0004;0.088;0;-0.0884;0;0;0;0;0;0;0;0;0;0;0;0;0;0;0;0;0;0;0;-2.54;0;0;0;0;0.0004;0;0;0;0;0;0;0;-0.0004;-0.0884;0;0;0;0;0;0;0;0;0;-0.7063;0;0.7063;1;1;0;0;0;0
18/05/21 01:00;0;0;90;0;0;90;0;0;0;0;1.83;0.9599;0;0;0;0;0;0;0;0;0;0;0;0;0;1;1;1;1;0;0;0;0;0;0;0;0;0;0;0;0;0;0;0;0;0;0;0;0;0;0;0;0;0;0;0;0;0;0;0;0;0;0;0;1;1;1;1;1;1;1;1;1;1;1;1;1;1;1;1;1;1;1;0;0;0;0;0;0;0;0;0;0.0004;0.088;0;-0.0884;0;0;0;0;0;0;0;0;0;0;0;0;0;0;0;0;0;0;0;-1.83;0;0;0;0;0.0004;0;0;0;0;0;0;0;-0.0004;-0.0884;0;0;0;0;0;0;0;0;0;-0.7063;0;0.7063;1;1;0;0;0;0
18/05/21 02:00;0;0;90;0;0;90;0;0;0;0;1.4797;1.2701;0;0;0;0;0;0;0;0;0;0;0;0;0;1;1;1;1;0;0;0;0;0;0;0;0;0;0;0;0;0;0;0;0;0;0;0;0;0;0;0;0;0;0;0;0;0;0;0;0;0;0;0;1;1;1;1;1;1;1;1;1;1;1;1;1;1;1;1;1;1;1;0;0;0;0;0;0;0;0;0;0.0004;0.088;0;-0.0884;0;0;0;0;0;0;0;0;0;0;0;0;0;0;0;0;0;0;0;-1.4797;0;0;0;0;0.0004;0;0;0;0;0;0;0;-0.0004;-0.0884;0;0;0;0;0;0;0;0;0;-0.7063;0;0.7063;1;1;0;0;0;0
18/05/21 03:00;0;0;90;0;0;90;0;0;0;0;0.8501;1.7501;0;0;0;0;0;0;0;0;0;0;0;0;0;1;1;1;1;0;0;0;0;0;0;0;0;0;0;0;0;0;0;0;0;0;0;0;0;0;0;0;0;0;0;0;0;0;0;0;0;0;0;0;1;1;1;1;1;1;1;1;1;1;1;1;1;1;1;1;1;1;1;0;0;0;0;0;0;0;0;0;0.0004;0.088;0;-0.0884;0;0;0;0;0;0;0;0;0;0;0;0;0;0;0;0;0;0;0;-0.8501;0;0;0;0;0.0004;0;0;0;0;0;0;0;-0.0004;-0.0884;0;0;0;0;0;0;0;0;0;-0.7063;0;0.7063;1;1;0;0;0;0
18/05/21 04:00;0;0;90;0;0;90;0;0;0;0;0.3203;2.12;0;0;0;0;0;0;0;0;0;0;0;0;0;1;1;1;1;0;0;0;0;0;0;0;0;0;0;0;0;0;0;0;0;0;0;0;0;0;0;0;0;0;0;0;0;0;0;0;0;0;0;0;1;1;1;1;1;1;1;1;1;1;1;1;1;1;1;1;1;1;1;0;0;0;0;0;0;0;0;0;0.0004;0.088;0;-0.0884;0;0;0;0;0;0;0;0;0;0;0;0;0;0;0;0;0;0;0;-0.3203;0;0;0;0;0.0004;0;0;0;0;0;0;0;-0.0004;-0.0884;0;0;0;0;0;0;0;0;0;-0.7063;0;0.7063;1;1;0;0;0;0
18/05/21 05:00;0;0;90;0;0;90;0;0;0;0;-0.0898;2.2399;0;0;0;0;0;0;0;0;0;0;0;0;0;1;1;1;1;0;0;0;0;0;0;0;0;0;0;0;0;0;0;0;0;0;0;0;0;0;0;0;0;0;0;0;0;0;0;0;0;0;0;0;1;1;1;1;1;1;1;1;1;1;1;1;1;1;1;1;1;1;1;0;0;0;0;0;0;0;0;0;0.0004;0.088;0;-0.0884;0;0;0;0;0;0;0;0;0;0;0;0;0;0;0;0;0;0;0;0.0898;0;0;0;0;0.0004;0;0;0;0;0;0;0;-0.0004;-0.0884;0;0;0;0;0;0;0;0;0;-0.7063;0;0.7063;1;1;0;0;0;0
18/05/21 06:00;0.6784;-65.18;88.354;0.7475;1.0656;-90;-1.0656;0;0;0;-0.4601;2.89;0;0;0;0;0;0;0;0;0;0;0;0;0;1;1;1;1;0;0;0;0;0;0;0;0;0;0;0;0;0;0;0;0;0;0;0;0;0;0;0;0;0;0;0;0;0;0;0;0;0;0;0;1;1;1;1;1;1;1;1;1;1;1;1;1;1;1;1;1;1;1;0;0;0;0;0;0;0;0;0;0.0004;0.088;0;-0.0884;0;0;0;0;0;0;0;0;0;0;0;0;0;0;0;0;0;0;0;0.4601;0;0;0;0;0.0004;0;0;0;0;0;0;0;-0.0004;-0.0884;0;0;0;0;0;0;0;0;0;-0.7063;0;0.7063;1;1;0;0;0;0
18/05/21 07:00;6.8515;-60.073;73.182;7.8932;11.561;-90;-11.561;63.292;38.302;24.99;0.0199;2.89;0;60.608;31.962;14.581;0;0.1092;107.26;0;107.26;60.608;14.581;31.962;0.1092;0.5651;0.299;0;0.001;106.87;0.386;0;0;0.2951;0.091;93.987;12.674;9.1964;2.2125;1.2609;0.0041;106.66;0.2137;0.1212;0.0292;0.0633;0;93.998;51.29;12.34;30.343;0.0141;19.39;16.094;5.0662;0.0161;0.1939;2.7898;0.0106;2.9677;0;1;0;0;1.6947;0.9964;1;1;0.9908;0.1665;0.8812;0.848;1;0.9601;0.7752;0.998;0.998;1;0.998;0.998;0.8762;0.9493;0.1288;0.3221;0.289;0.0017;0.0169;-0.0221;0.002;0.0073;0.0006;0;0;0.088;0;0.1807;0;0;0;0;0;0;0;0;0;0;0;0;0.0058;0.0003;0.2764;0.2764;0;3.8061;3.8061;3.7862;0.0403;245.33;1126.7;1;0.0077;0.0077;0;0;0;0;0;0;0.2687;0.1807;0;16.348;18.931;10.69;12.379;97.224;97.224;2.5743;2.2092;1.4445;0.3651;0.7646;0.1418;0.297;0.5612;19.238;0.5504;0
18/05/21 08:00;16.904;-49.924;45.154;21.661;41.875;-90;-41.875;188.61;104.9;83.705;1.13;2.1501;0;203.01;71.767;54.879;0;4.0944;333.75;0;333.75;203.01;54.879;71.767;4.0944;0.6083;0.2273;0;0.0123;324.62;9.1312;0;0;5.3571;3.7741;319.25;4.721;2.0055;0.5421;2.1484;0.025;323.97;0.6492;0.406;0.1098;0.1328;0.0006;319.92;200.6;54.227;64.129;0.2947;52.466;43.547;15.029;3.422;0.6586;9.4731;0.6741;6.7097;0;1;0;0;1.7696;0.9726;1;1;0.9254;0.0782;0.9854;0.9901;1;0.9676;0.9219;0.998;0.998;1;0.998;0.998;0.9566;0.8936;0.072;1.0023;0.9835;0.0059;0.0136;-0.0381;0.007;0.0249;0.0019;0;0;0.088;0;0.8414;0;0;0;0;0;0;0;0;0;0;0;0;0.02;0.0025;0.9458;0.9458;0;13.969;13.969;12.839;0.0402;841.06;1124.5;1;0.0164;0.0164;0;0;0;0;0;0;0.9294;0.8414;0;17.976;20.816;15.992;18.519;98.269;98.269;8.01;7.5585;6.7243;0.4515;0.8342;0.0564;0.1041;0.8395;51.945;0.822;0
18/05/21 09:00;25.419;-37.826;45.513;37.774;52.226;-90;-52.226;413.7;71.003;342.7;4.1301;1.1199;0;559.46;23;69.345;0;13.625;665.43;0;665.43;559.46;69.345;23;13.625;0.8408;0.055;0;0.0205;650.31;15.119;0;0;2.3674;12.752;641.94;7.0687;5.6443;0.6996;0.6903;0.0345;649.01;1.3006;1.1189;0.1387;0.0413;0.0017;644.96;552.7;68.507;19.901;0.8368;145.55;120.81;38.17;2.3578;1.5921;22.901;3.0197;22.136;0;1;0;0;1.6085;0.9773;1;1;0.8971;0.0641;0.9891;0.9899;1;0.9665;0.9604;0.998;0.998;1;0.998;0.998;0.9647;0.8653;0.0614;1.9983;1.9908;0.012;0.0005;0.0361;0.0136;0.0482;0.0045;0;0;0.088;0;1.7093;0;0;0;0;0;0;0;0;0;0;0;0;0.0388;0.009;1.8282;1.8282;0;30.211;30.211;26.08;0.0406;1709.9;1069.1;1;0.0309;0.0309;0;0;0;0;0;0;1.7973;1.7093;0;17.428;20.181;16.295;18.869;98.312;98.312;15.97;14.611;13.661;1.3597;0.9499;0.0851;0.0595;0.8554;18.371;0.8339;0
18/05/21 10:00;31.686;-23.397;51.35;57.247;32.753;-90;-32.753;535.31;88.298;447.01;9.76;0.7299;0;531.52;29.448;66.951;0;7.2344;635.15;0;635.15;531.52;66.951;29.448;7.2344;0.8368;0.0578;0;0.0114;627.22;7.9314;0;0;1.5046;6.4268;616.4;9.5651;7.5807;0.9549;0.9025;0.1271;625.96;1.2544;1.063;0.1339;0.0559;0.0016;618.44;522.87;65.862;26.985;0.6789;277.56;230.37;76.802;0.6057;2.5223;36.283;2.0401;38.2;0;1;0;0;1.1865;0.9875;1;1;0.9489;0.1116;0.9847;0.9857;1;0.9676;0.8423;0.998;0.998;1;0.998;0.998;0.9705;0.9164;0.0938;1.9074;1.9392;0.0117;0.001;0.0671;0.013;0.0462;0.007;0;0;0.088;0;1.6306;0;0;0;0;0;0;0;0;0;0;0;0;0.0372;0.0085;1.7476;1.7476;0;34.903;34.903;25.143;0.0408;1665.2;1049.4;1;0.0289;0.0289;0;0;0;0;0;0;1.7186;1.6306;0;17.454;20.211;16.286;18.859;98.345;98.345;15.244;13.966;13.032;1.2771;0.9345;0.0838;0.0613;0.8549;19.795;0.8199;0
18/05/21 11:00;34.91;-6.9265;54.495;80.196;9.8041;-90;-9.8041;589.69;98.303;491.39;12.91;0.9699;0;498.67;34.8;64.184;0;0.732;598.39;0;598.39;498.67;64.184;34.8;0.732;0.8334;0.0594;0;0.0012;597.53;0.8541;0;0;0.2438;0.6103;583.8;12.536;9.8298;1.2652;1.4136;0.0273;596.34;1.1951;0.9973;0.1284;0.0691;0.0002;583.94;487.84;62.791;33.073;0.0942;344.55;285.97;94.914;0.0095;3.1104;44.742;0.1357;47.843;0;1;0;0;1.0147;0.9986;1;1;0.993;0.1662;0.979;0.9802;1;0.959;0.7753;0.998;0.998;1;0.998;0.998;0.9756;0.9504;0.1286;1.797;1.8531;0.0112;0.0019;0.0764;0.0123;0.0438;0.0085;0;0;0.088;0;1.5409;0;0;0;0;0;0;0;0;0;0;0;0;0.0353;0.0078;1.6559;1.6559;0;36.764;36.764;23.855;0.0409;1590.8;1040.9;1;0.027;0.027;0;0;0;0;0;0;1.6289;1.5409;0;17.555;20.328;16.336;18.916;98.37;98.37;14.361;13.234;12.315;1.1272;0.9191;0.0785;0.064;0.8575;20.85;0.8121;0
18/05/21 12:00;34.55;10.271;54.138;75.482;14.518;90;14.518;583.4;101.7;481.7;13.31;1.16;0;497.59;36.384;66.863;0;1.5834;602.42;0;602.42;497.59;66.863;36.384;1.5834;0.826;0.063;0;0.0026;600.6;1.8172;0;0;0.4941;1.3231;587.28;12.114;9.4282;1.2669;1.3606;0.0585;599.4;1.2012;0.9952;0.1337;0.0718;0.0005;587.64;487.16;65.462;34.457;0.2013;336.94;279.66;92.234;0.0423;3.0818;44.33;0.3553;47.369;0;1;0;0;1.0326;0.997;1;1;0.9864;0.1644;0.9798;0.981;1;0.962;0.775;0.998;0.998;1;0.998;0.998;0.9749;0.9471;0.1272;1.8091;1.8634;0.0112;0.0018;0.0804;0.0124;0.0439;0.0084;0;0;0.088;0;1.5468;0;0;0;0;0;0;0;0;0;0;0;0;0.0354;0.0079;1.6619;1.6619;0;37.317;37.317;24.007;0.0409;1599.8;1038.8;1;0.0271;0.0271;0;0;0;0;0;0;1.6348;1.5468;0;17.5;20.265;16.288;18.862;98.371;98.371;14.458;13.282;12.362;1.1762;0.9197;0.0814;0.0636;0.855;22.104;0.8104;0
18/05/21 13:00;30.672;26.413;50.383;53.13;36.87;90;36.87;512.71;105;407.7;14.61;1.32;0;509.63;37.906;78.604;0;8.7163;634.86;0;634.86;509.63;78.604;37.906;8.7163;0.8027;0.0734;0;0.0137;624.61;10.248;0;0;2.3361;7.912;614.41;8.9553;6.6797;1.0303;1.1455;0.0998;623.36;1.2492;1.0193;0.1572;0.0711;0.0016;616.88;501.93;77.417;34.353;0.7029;255.54;212.1;70.88;1.1697;2.3509;33.816;2.4719;34.998;0;1;0;0;1.2383;0.9839;1;1;0.9384;0.0923;0.9856;0.9869;1;0.9677;0.8757;0.998;0.998;1;0.998;0.998;0.9678;0.9063;0.0806;1.9065;1.9293;0.0116;0.0011;0.0999;0.0127;0.0451;0.0064;0;0;0.088;0;1.5919;0;0;0;0;0;0;0;0;0;0;0;0;0.0363;0.0085;1.7077;1.7077;0;39.774;39.774;25.164;0.041;1657.5;1030.3;1;0.0278;0.0278;0;0;0;0;0;0;1.6799;1.5919;0;17.063;19.759;15.906;18.419;98.372;98.372;15.237;13.648;12.722;1.589;0.9254;0.1043;0.0607;0.835;26.306;0.803;0
18/05/21 14:00;23.901;40.378;44.144;34.375;55.625;90;55.625;394.6;106.1;288.5;15.57;1.4399;0;510.98;38.714;100.27;0;14.603;664.56;0;664.56;510.98;100.27;38.714;14.603;0.7689;0.0802;0;0.022;646.47;18.09;0;0;4.3748;13.715;638.28;6.8918;4.7468;0.9314;1.1727;0.0408;645.18;1.2929;1.022;0.2005;0.0687;0.0018;641.29;505.21;99.134;33.098;0.8455;126.38;104.9;34.418;4.9491;1.4882;21.408;3.0088;17.947;0;1;0;0;1.6841;0.9728;1;1;0.887;0.0608;0.9893;0.9907;1;0.9658;0.954;0.998;0.998;1;0.998;0.998;0.9605;0.8549;0.0579;1.9957;1.9766;0.0119;0.0007;0.1161;0.0129;0.0459;0.004;0;0;0.088;0;1.623;0;0;0;0;0;0;0;0;0;0;0;0;0.0369;0.0089;1.7393;1.7393;0;41.752;41.752;26.181;0.041;1699.3;1023.5;1;0.0283;0.0283;0;0;0;0;0;0;1.711;1.623;0;16.603;19.226;15.493;17.941;98.374;98.374;15.949;13.901;12.971;2.0488;0.9293;0.1285;0.0583;0.8133;32.064;0.7941;0
18/05/21 15:00;15.034;52.052;51.018;18.808;32.628;90;32.628;214.7;119.3;95.402;15.45;1.2099;0;231.38;79.604;79.743;0;2.8801;393.6;0;393.6;231.38;79.743;79.604;2.8801;0.5878;0.2096;0;0.0073;386.99;6.6131;0;0;4.0494;2.5637;379.42;6.7973;3.2025;1.1037;2.4405;0.0506;386.22;0.774;0.4628;0.1595;0.1511;0.0006;379.8;227.71;78.48;72.963;0.2652;54.089;44.893;15.06;1.6117;0.5826;8.3799;0.377;7.3508;0;1;0;0;1.8332;0.9832;1;1;0.9491;0.1099;0.9824;0.9861;1;0.9676;0.8397;0.998;0.998;1;0.998;0.998;0.964;0.9166;0.0921;1.182;1.1616;0.007;0.0112;0.0244;0.0078;0.0278;0.0016;0;0;0.088;0;0.951;0;0;0;0;0;0;0;0;0;0;0;0;0.0224;0.0033;1.0561;1.0561;0;30.91;30.91;15.46;0.0407;997.18;1059.1;1;0.0172;0.0172;0;0;0;0;0;0;1.039;0.951;0;17.022;19.711;15.327;17.748;98.375;98.375;9.4465;8.4406;7.6002;1.0058;0.8405;0.1065;0.089;0.8045;53.46;0.7919;0
18/05/21 16:00;5.1064;61.581;77.534;5.8016;8.3896;90;8.3896;41.902;40.703;1.1982;14.77;1.33;0;2.906;40.077;0.9958;0;0.0381;44.017;0;44.017;2.906;0.9958;40.077;0.0381;0.066;0.9114;0;0.0009;43.768;0.2494;0;0;0.2175;0.0318;41.065;2.6156;0.7078;0.2426;1.6638;0.0014;43.68;0.0875;0.0058;0.002;0.0797;0;41.07;2.1924;0.7513;38.116;0.0049;23.944;19.874;6.2059;0.0058;0.2418;3.4789;0.0054;3.715;0;1;0;0;1.0505;0.9943;1;1;0.9946;0.1648;0.9401;0.7559;1;0.9582;0.7751;0.998;0.998;1;0.998;0.998;0.9329;0.9511;0.1275;0.1322;0.131;0.0008;0.0127;-0.0041;0.0009;0.003;0.0006;0;0;0.088;0;0.0215;0;0;0;0;0;0;0;0;0;0;0;0;0.0024;0.0001;0.1146;0.1146;0;16.458;16.458;1.6883;0.0411;110.39;1037.9;1;0.005;0.005;0;0;0;0;0;0;0.1095;0.0215;0;16.512;19.12;3.1038;3.5941;95.604;95.604;1.0564;0.9157;0.1721;0.1407;0.7435;0.1332;0.7038;0.1629;23.936;0.1538;0
18/05/21 17:00;0;0;90;0;0;90;0;0;0;0;10.41;1.2899;0;0;0;0;0;0;0;0;0;0;0;0;0;1;1;1;1;0;0;0;0;0;0;0;0;0;0;0;0;0;0;0;0;0;0;0;0;0;0;0;0;0;0;0;0;0;0;0;0;0;0;0;1;1;1;1;1;1;1;1;1;1;1;1;1;1;1;1;1;1;1;0;0;0;0;0;0;0;0;0;0.0004;0.088;0;-0.0884;0;0;0;0;0;0;0;0;0;0;0;0;0;0;0;0;0;0;0;-10.41;0;0;0;0;0.0004;0;0;0;0;0;0;0;-0.0004;-0.0884;0;0;0;0;0;0;0;0;0;-0.7063;0;0.7063;1;1;0;0;0;0
18/05/21 18:00;0;0;90;0;0;90;0;0;0;0;6.6702;1.1199;0;0;0;0;0;0;0;0;0;0;0;0;0;1;1;1;1;0;0;0;0;0;0;0;0;0;0;0;0;0;0;0;0;0;0;0;0;0;0;0;0;0;0;0;0;0;0;0;0;0;0;0;1;1;1;1;1;1;1;1;1;1;1;1;1;1;1;1;1;1;1;0;0;0;0;0;0;0;0;0;0.0004;0.088;0;-0.0884;0;0;0;0;0;0;0;0;0;0;0;0;0;0;0;0;0;0;0;-6.6702;0;0;0;0;0.0004;0;0;0;0;0;0;0;-0.0004;-0.0884;0;0;0;0;0;0;0;0;0;-0.7063;0;0.7063;1;1;0;0;0;0
18/05/21 19:00;0;0;90;0;0;90;0;0;0;0;4.5602;0.9599;0;0;0;0;0;0;0;0;0;0;0;0;0;1;1;1;1;0;0;0;0;0;0;0;0;0;0;0;0;0;0;0;0;0;0;0;0;0;0;0;0;0;0;0;0;0;0;0;0;0;0;0;1;1;1;1;1;1;1;1;1;1;1;1;1;1;1;1;1;1;1;0;0;0;0;0;0;0;0;0;0.0004;0.088;0;-0.0884;0;0;0;0;0;0;0;0;0;0;0;0;0;0;0;0;0;0;0;-4.5602;0;0;0;0;0.0004;0;0;0;0;0;0;0;-0.0004;-0.0884;0;0;0;0;0;0;0;0;0;-0.7063;0;0.7063;1;1;0;0;0;0
18/05/21 20:00;0;0;90;0;0;90;0;0;0;0;3.5298;0.93;0;0;0;0;0;0;0;0;0;0;0;0;0;1;1;1;1;0;0;0;0;0;0;0;0;0;0;0;0;0;0;0;0;0;0;0;0;0;0;0;0;0;0;0;0;0;0;0;0;0;0;0;1;1;1;1;1;1;1;1;1;1;1;1;1;1;1;1;1;1;1;0;0;0;0;0;0;0;0;0;0.0004;0.088;0;-0.0884;0;0;0;0;0;0;0;0;0;0;0;0;0;0;0;0;0;0;0;-3.5298;0;0;0;0;0.0004;0;0;0;0;0;0;0;-0.0004;-0.0884;0;0;0;0;0;0;0;0;0;-0.7063;0;0.7063;1;1;0;0;0;0
18/05/21 21:00;0;0;90;0;0;90;0;0;0;0;3.02;1.01;0;0;0;0;0;0;0;0;0;0;0;0;0;1;1;1;1;0;0;0;0;0;0;0;0;0;0;0;0;0;0;0;0;0;0;0;0;0;0;0;0;0;0;0;0;0;0;0;0;0;0;0;1;1;1;1;1;1;1;1;1;1;1;1;1;1;1;1;1;1;1;0;0;0;0;0;0;0;0;0;0.0004;0.088;0;-0.0884;0;0;0;0;0;0;0;0;0;0;0;0;0;0;0;0;0;0;0;-3.02;0;0;0;0;0.0004;0;0;0;0;0;0;0;-0.0004;-0.0884;0;0;0;0;0;0;0;0;0;-0.7063;0;0.7063;1;1;0;0;0;0
18/05/21 22:00;0;0;90;0;0;90;0;0;0;0;2.4901;1.08;0;0;0;0;0;0;0;0;0;0;0;0;0;1;1;1;1;0;0;0;0;0;0;0;0;0;0;0;0;0;0;0;0;0;0;0;0;0;0;0;0;0;0;0;0;0;0;0;0;0;0;0;1;1;1;1;1;1;1;1;1;1;1;1;1;1;1;1;1;1;1;0;0;0;0;0;0;0;0;0;0.0004;0.088;0;-0.0884;0;0;0;0;0;0;0;0;0;0;0;0;0;0;0;0;0;0;0;-2.4901;0;0;0;0;0.0004;0;0;0;0;0;0;0;-0.0004;-0.0884;0;0;0;0;0;0;0;0;0;-0.7063;0;0.7063;1;1;0;0;0;0
18/05/21 23:00;0;0;90;0;0;90;0;0;0;0;2.2601;1.2701;0;0;0;0;0;0;0;0;0;0;0;0;0;1;1;1;1;0;0;0;0;0;0;0;0;0;0;0;0;0;0;0;0;0;0;0;0;0;0;0;0;0;0;0;0;0;0;0;0;0;0;0;1;1;1;1;1;1;1;1;1;1;1;1;1;1;1;1;1;1;1;0;0;0;0;0;0;0;0;0;0.0004;0.088;0;-0.0884;0;0;0;0;0;0;0;0;0;0;0;0;0;0;0;0;0;0;0;-2.2601;0;0;0;0;0.0004;0;0;0;0;0;0;0;-0.0004;-0.0884;0;0;0;0;0;0;0;0;0;-0.7063;0;0.7063;1;1;0;0;0;0
19/05/21 00:00;0;0;90;0;0;90;0;0;0;0;1.38;1.57;0;0;0;0;0;0;0;0;0;0;0;0;0;1;1;1;1;0;0;0;0;0;0;0;0;0;0;0;0;0;0;0;0;0;0;0;0;0;0;0;0;0;0;0;0;0;0;0;0;0;0;0;1;1;1;1;1;1;1;1;1;1;1;1;1;1;1;1;1;1;1;0;0;0;0;0;0;0;0;0;0.0004;0.088;0;-0.0884;0;0;0;0;0;0;0;0;0;0;0;0;0;0;0;0;0;0;0;-1.38;0;0;0;0;0.0004;0;0;0;0;0;0;0;-0.0004;-0.0884;0;0;0;0;0;0;0;0;0;-0.7063;0;0.7063;1;1;0;0;0;0
19/05/21 01:00;0;0;90;0;0;90;0;0;0;0;0.68;1.87;0;0;0;0;0;0;0;0;0;0;0;0;0;1;1;1;1;0;0;0;0;0;0;0;0;0;0;0;0;0;0;0;0;0;0;0;0;0;0;0;0;0;0;0;0;0;0;0;0;0;0;0;1;1;1;1;1;1;1;1;1;1;1;1;1;1;1;1;1;1;1;0;0;0;0;0;0;0;0;0;0.0004;0.088;0;-0.0884;0;0;0;0;0;0;0;0;0;0;0;0;0;0;0;0;0;0;0;-0.68;0;0;0;0;0.0004;0;0;0;0;0;0;0;-0.0004;-0.0884;0;0;0;0;0;0;0;0;0;-0.7063;0;0.7063;1;1;0;0;0;0
19/05/21 02:00;0;0;90;0;0;90;0;0;0;0;0.4998;2.13;0;0;0;0;0;0;0;0;0;0;0;0;0;1;1;1;1;0;0;0;0;0;0;0;0;0;0;0;0;0;0;0;0;0;0;0;0;0;0;0;0;0;0;0;0;0;0;0;0;0;0;0;1;1;1;1;1;1;1;1;1;1;1;1;1;1;1;1;1;1;1;0;0;0;0;0;0;0;0;0;0.0004;0.088;0;-0.0884;0;0;0;0;0;0;0;0;0;0;0;0;0;0;0;0;0;0;0;-0.4998;0;0;0;0;0.0004;0;0;0;0;0;0;0;-0.0004;-0.0884;0;0;0;0;0;0;0;0;0;-0.7063;0;0.7063;1;1;0;0;0;0
19/05/21 03:00;0;0;90;0;0;90;0;0;0;0;-0.1802;2.29;0;0;0;0;0;0;0;0;0;0;0;0;0;1;1;1;1;0;0;0;0;0;0;0;0;0;0;0;0;0;0;0;0;0;0;0;0;0;0;0;0;0;0;0;0;0;0;0;0;0;0;0;1;1;1;1;1;1;1;1;1;1;1;1;1;1;1;1;1;1;1;0;0;0;0;0;0;0;0;0;0.0004;0.088;0;-0.0884;0;0;0;0;0;0;0;0;0;0;0;0;0;0;0;0;0;0;0;0.1802;0;0;0;0;0.0004;0;0;0;0;0;0;0;-0.0004;-0.0884;0;0;0;0;0;0;0;0;0;-0.7063;0;0.7063;1;1;0;0;0;0
19/05/21 04:00;0;0;90;0;0;90;0;0;0;0;0.44;2.3701;0;0;0;0;0;0;0;0;0;0;0;0;0;1;1;1;1;0;0;0;0;0;0;0;0;0;0;0;0;0;0;0;0;0;0;0;0;0;0;0;0;0;0;0;0;0;0;0;0;0;0;0;1;1;1;1;1;1;1;1;1;1;1;1;1;1;1;1;1;1;1;0;0;0;0;0;0;0;0;0;0.0004;0.088;0;-0.0884;0;0;0;0;0;0;0;0;0;0;0;0;0;0;0;0;0;0;0;-0.44;0;0;0;0;0.0004;0;0;0;0;0;0;0;-0.0004;-0.0884;0;0;0;0;0;0;0;0;0;-0.7063;0;0.7063;1;1;0;0;0;0
19/05/21 05:00;0;0;90;0;0;90;0;0;0;0;0.3097;2.4501;0;0;0;0;0;0;0;0;0;0;0;0;0;1;1;1;1;0;0;0;0;0;0;0;0;0;0;0;0;0;0;0;0;0;0;0;0;0;0;0;0;0;0;0;0;0;0;0;0;0;0;0;1;1;1;1;1;1;1;1;1;1;1;1;1;1;1;1;1;1;1;0;0;0;0;0;0;0;0;0;0.0004;0.088;0;-0.0884;0;0;0;0;0;0;0;0;0;0;0;0;0;0;0;0;0;0;0;-0.3097;0;0;0;0;0.0004;0;0;0;0;0;0;0;-0.0004;-0.0884;0;0;0;0;0;0;0;0;0;-0.7063;0;0.7063;1;1;0;0;0;0
19/05/21 06:00;0.7237;-64.873;88.245;0.7993;1.1396;-90;-1.1396;0;0;0;-0.1098;2.3001;0;0;0;0;0;0;0;0;0;0;0;0;0;1;1;1;1;0;0;0;0;0;0;0;0;0;0;0;0;0;0;0;0;0;0;0;0;0;0;0;0;0;0;0;0;0;0;0;0;0;0;0;1;1;1;1;1;1;1;1;1;1;1;1;1;1;1;1;1;1;1;0;0;0;0;0;0;0;0;0;0.0004;0.088;0;-0.0884;0;0;0;0;0;0;0;0;0;0;0;0;0;0;0;0;0;0;0;0.1098;0;0;0;0;0.0004;0;0;0;0;0;0;0;-0.0004;-0.0884;0;0;0;0;0;0;0;0;0;-0.7063;0;0.7063;1;1;0;0;0;0
19/05/21 07:00;6.7027;-59.917;73.556;7.7342;11.316;-90;-11.316;67.199;33.499;33.7;0.21;2.4601;0;81.732;25.993;17.585;0;0.111;125.42;0;125.42;81.732;17.585;25.993;0.111;0.6517;0.2081;0;0.0009;125.1;0.324;0;0;0.2315;0.0925;108.11;16.733;12.919;2.7796;1.0298;0.0041;124.85;0.2502;0.1635;0.0352;0.0515;0;108.12;68.649;14.77;24.681;0.0143;15.835;13.143;4.1479;0.0121;0.1576;2.2676;0.0081;2.4131;0;1;0;0;1.8664;0.9974;1;1;0.9911;0.1665;0.866;0.8416;1;0.9599;0.7752;0.998;0.998;1;0.998;0.998;0.862;0.9495;0.1288;0.3766;0.3304;0.002;0.0174;-0.0244;0.0023;0.0083;0.0005;0;0;0.088;0;0.221;0;0;0;0;0;0;0;0;0;0;0;0;0.0067;0.0004;0.3171;0.3171;0;4.562;4.562;4.352;0.0403;280.94;1128.8;1;0.0081;0.0081;0;0;0;0;0;0;0.309;0.221;0;16.04;18.574;11.179;12.945;97.446;97.446;3.0101;2.5344;1.7664;0.4757;0.768;0.158;0.2552;0.5868;15.635;0.579;0
19/05/21 08:00;16.737;-49.783;45.698;21.496;41.214;-90;-41.214;239.01;57.699;181.31;1.7602;1.33;0;439.72;26.694;66.041;0;5.0331;537.49;0;537.49;439.72;66.041;26.694;5.0331;0.8181;0.059;0;0.0094;530.91;6.5787;0;0;1.9467;4.632;523.86;5.99;4.4836;0.6734;0.8;0.033;529.85;1.0618;0.8794;0.1321;0.0495;0.0008;524.09;434.36;65.236;23.898;0.3673;20.233;16.794;5.9415;1.206;0.2371;3.4108;0.2332;2.4419;0;1;0;0;2.2489;0.9878;1;1;0.9271;0.0797;0.9887;0.9898;1;0.9676;0.9176;0.998;0.998;1;0.998;0.998;0.9746;0.8952;0.073;1.6141;1.5857;0.0095;0.0052;-0.0115;0.0111;0.0393;0.0007;0;0;0.088;0;1.381;0;0;0;0;0;0;0;0;0;0;0;0;0.0316;0.0059;1.4939;1.4939;0;22.93;22.93;21.169;0.0404;1360.7;1097.9;1;0.0249;0.0249;0;0;0;0;0;0;1.469;1.381;0;17.632;20.417;16.299;18.874;98.334;98.334;12.9;11.939;11.037;0.9604;0.9021;0.0744;0.0699;0.8556;19.212;0.8516;0
19/05/21 09:00;25.233;-37.709;45.696;37.613;52.387;-90;-52.387;425.89;70.098;355.8;6.2102;0.9;0;582.96;21.128;71.858;0;14.107;690.05;0;690.05;582.96;71.858;21.128;14.107;0.8448;0.0511;0;0.0204;674.66;15.388;0;0;2.1846;13.204;665.97;7.346;5.9434;0.7326;0.6343;0.0357;673.31;1.3493;1.1659;0.1437;0.0379;0.0018;669.07;575.85;70.982;18.272;0.8652;147.89;122.75;38.596;2.1898;1.6164;23.251;3.105;22.678;0;1;0;0;1.6202;0.9777;1;1;0.8966;0.064;0.9891;0.9898;1;0.9664;0.9604;0.998;0.998;1;0.998;0.998;0.9651;0.8648;0.0613;2.0722;2.0642;0.0124;-0.0001;0.0599;0.0139;0.0495;0.0045;0;0;0.088;0;1.7551;0;0;0;0;0;0;0;0;0;0;0;0;0.0398;0.0096;1.8747;1.8747;0;33.334;33.334;27.124;0.0407;1773.4;1057.1;1;0.0315;0.0315;0;0;0;0;0;0;1.8431;1.7551;0;17.234;19.956;16.135;18.684;98.318;98.318;16.561;14.982;14.027;1.5789;0.9553;0.0953;0.0577;0.847;16.905;0.8261;0
19/05/21 10:00;31.481;-23.322;51.548;57.117;32.883;-90;-32.883;524.89;87.899;437;10.17;1.5999;0;520.37;30.137;65.657;0;7.1484;623.31;0;623.31;520.37;65.657;30.137;7.1484;0.8348;0.0598;0;0.0115;615.41;7.9037;0;0;1.5494;6.3543;604.62;9.5605;7.5594;0.9538;0.9231;0.1242;614.18;1.2308;1.0407;0.1313;0.0572;0.0016;606.59;511.77;64.572;27.607;0.6683;271.96;225.73;76.063;0.6283;2.4212;34.827;1.976;36.62;0;1;0;0;1.1875;0.9873;1;1;0.9486;0.1111;0.9844;0.9854;1;0.9676;0.8433;0.998;0.998;1;0.998;0.998;0.97;0.9161;0.0935;1.8718;1.9004;0.0114;0.0014;0.0653;0.0128;0.0452;0.0067;0;0;0.088;0;1.5967;0;0;0;0;0;0;0;0;0;0;0;0;0.0364;0.0082;1.7129;1.7129;0;34.833;34.833;24.663;0.0408;1632.1;1049.5;1;0.0283;0.0283;0;0;0;0;0;0;1.6847;1.5967;0;17.433;20.187;16.25;18.817;98.35;98.35;14.959;13.69;12.761;1.2697;0.9291;0.0849;0.0621;0.853;20.277;0.8188;0
19/05/21 11:00;34.696;-6.9118;54.707;80.139;9.8606;-90;-9.8606;584.81;97.896;486.91;13.16;2.21;0;494.21;34.864;63.714;0;0.7343;593.52;0;593.52;494.21;63.714;34.864;0.7343;0.8327;0.06;0;0.0012;592.67;0.8588;0;0;0.2466;0.6122;578.78;12.704;9.9757;1.2861;1.4149;0.0274;591.48;1.1853;0.9884;0.1274;0.0692;0.0002;578.91;483.25;62.301;33.133;0.0945;341.66;283.58;94.117;0.0098;3.0844;44.368;0.1365;47.443;0;1;0;0;1.0149;0.9986;1;1;0.9929;0.1663;0.9785;0.9798;1;0.959;0.7753;0.998;0.998;1;0.998;0.998;0.9752;0.9504;0.1286;1.7824;1.8372;0.0111;0.0021;0.076;0.0122;0.0434;0.0084;0;0;0.088;0;1.5265;0;0;0;0;0;0;0;0;0;0;0;0;0.0349;0.0077;1.6413;1.6413;0;36.811;36.811;23.651;0.0409;1577.2;1040.6;1;0.0267;0.0267;0;0;0;0;0;0;1.6145;1.5265;0;17.542;20.313;16.316;18.893;98.373;98.373;14.245;13.117;12.2;1.1276;0.9168;0.0792;0.0644;0.8565;20.892;0.8111;0
19/05/21 12:00;34.34;10.218;54.351;75.444;14.556;90;14.556;425.4;226;199.41;14.37;2.3001;0;206.02;163.45;61.872;0;1.1607;432.5;0;432.5;206.02;61.872;163.45;1.1607;0.4763;0.3806;0;0.0027;429.3;3.1995;0;0;2.2296;0.9699;417.09;11.348;3.9966;1.2003;6.108;0.0428;428.44;0.8586;0.412;0.1237;0.3224;0.0004;417.35;201.61;60.548;154.79;0.1476;248.69;206.41;66.97;0.1902;2.3568;33.902;0.2579;36.069;0;1;0;0;1.0167;0.9926;1;1;0.9864;0.1644;0.9735;0.9806;1;0.962;0.775;0.998;0.998;1;0.998;0.998;0.9644;0.947;0.1271;1.2988;1.3285;0.008;0.0087;0.0299;0.009;0.0318;0.0065;0;0;0.088;0;1.0973;0;0;0;0;0;0;0;0;0;0;0;0;0.0256;0.0042;1.2047;1.2047;0;31.362;31.362;16.992;0.0407;1139;1057.7;1;0.0194;0.0194;0;0;0;0;0;0;1.1853;1.0973;0;17.67;20.461;16.095;18.637;98.39;98.39;10.38;9.6279;8.7696;0.7521;0.8583;0.0725;0.0827;0.8449;99.31;0.798;0
19/05/21 13:00;30.478;26.305;50.586;53.021;36.979;90;36.979;553.4;91.098;462.3;15.98;2.13;0;578.7;25.954;77.914;0;9.4615;692.03;0;692.03;578.7;77.914;25.954;9.4615;0.8362;0.0512;0;0.0137;681.83;10.199;0;0;1.6069;8.5925;670.82;9.6448;7.715;1.0387;0.7841;0.1069;680.46;1.3637;1.1574;0.1558;0.0487;0.0017;673.48;569.83;76.719;23.515;0.7603;273.16;226.72;75.717;0.8099;2.4876;35.784;2.6652;37.462;0;1;0;0;1.2505;0.9853;1;1;0.9381;0.0918;0.9858;0.9866;1;0.9677;0.8767;0.998;0.998;1;0.998;0.998;0.9694;0.906;0.0804;2.0782;2.1039;0.0127;-0.0004;0.1367;0.0137;0.0485;0.0066;0;0;0.088;0;1.7191;0;0;0;0;0;0;0;0;0;0;0;0;0.0391;0.0099;1.8371;1.8371;0;43.533;43.533;27.553;0.0411;1806.9;1016.7;1;0.03;0.03;0;0;0;0;0;0;1.8071;1.7191;0;16.84;19.501;15.758;18.248;98.366;98.366;16.609;14.682;13.739;1.9266;0.9432;0.116;0.0568;0.8272;18.028;0.7964;0
19/05/21 14:00;23.73;40.237;44.334;34.237;55.763;90;55.763;244.59;194.9;49.691;15.6;1.9199;0;88.321;138.18;32.066;0;9.0935;267.66;0;267.66;88.321;32.066;138.18;9.0935;0.33;0.5502;0;0.034;243.45;24.212;0;0;15.671;8.5405;237.62;5.3451;0.8303;0.3014;4.1878;0.0256;242.96;0.4869;0.1766;0.0641;0.245;0.0011;240.81;87.314;31.7;118.08;0.5262;132.96;110.35;39.825;17.809;2.1497;30.922;3.1914;15.263;0;1;0;0;1.0943;0.9095;1;1;0.8866;0.0608;0.978;0.9906;1;0.9657;0.9535;0.998;0.998;1;0.998;0.998;0.8878;0.8545;0.0579;0.8038;0.7905;0.0048;0.016;0.0008;0.0054;0.0191;0.006;0;0;0.088;0;0.621;0;0;0;0;0;0;0;0;0;0;0;0;0.0154;0.0017;0.7214;0.7214;0;25.267;25.267;9.6673;0.0407;674.54;1069.5;1;0.0124;0.0124;0;0;0;0;0;0;0.709;0.621;0;17.097;19.798;14.719;17.044;98.288;98.288;6.4239;5.7655;4.9634;0.6585;0.802;0.1025;0.1249;0.7726;114.62;0.7111;0
19/05/21 15:00;14.885;51.892;51.465;18.665;32.246;90;32.246;159.11;131.3;27.806;15.72;1.33;0;67.438;111.34;25.841;0;2.0859;206.71;0;206.71;67.438;25.841;111.34;2.0859;0.3262;0.5487;0;0.0101;199.3;7.4127;0;0;5.5594;1.8533;194.1;4.8019;0.9721;0.3725;3.4194;0.0378;198.9;0.3986;0.1349;0.0517;0.2116;0.0005;194.61;66.331;25.416;102.15;0.1942;74.755;62.047;20.609;2.1641;0.8144;11.715;0.5162;10.365;0;1;0;0;1.2992;0.9641;1;1;0.9501;0.1115;0.9759;0.9856;1;0.9676;0.8369;0.998;0.998;1;0.998;0.998;0.939;0.9175;0.0931;0.6207;0.6108;0.0037;0.0176;-0.003;0.0041;0.0147;0.0023;0;0;0.088;0;0.4605;0;0;0;0;0;0;0;0;0;0;0;0;0.0118;0.0011;0.5585;0.5585;0;23.618;23.618;7.8984;0.0407;522.12;1069.7;1;0.0101;0.0101;0;0;0;0;0;0;0.5485;0.4605;0;17.14;19.848;14.131;16.363;98.198;98.198;4.961;4.4637;3.68;0.4973;0.7838;0.1002;0.158;0.7418;74.567;0.7116;0
19/05/21 16:00;5.1556;61.258;77.412;5.8753;8.4993;90;8.4993;62.901;53.502;9.3997;14.97;1.14;0;22.797;49.036;10.175;0;0.0587;82.066;0;82.066;22.797;10.175;49.036;0.0587;0.2778;0.5982;0;0.0007;81.745;0.321;0;0;0.2719;0.049;71.623;9.959;5.479;2.4454;2.0324;0.0022;81.581;0.1635;0.0456;0.0203;0.0975;0;71.629;17.272;7.7089;46.634;0.0075;29.36;24.369;7.6192;0.0075;0.296;4.2571;0.0069;4.5456;0;1;0;0;1.3047;0.9961;1;1;0.9945;0.1648;0.8779;0.7592;1;0.9582;0.7751;0.998;0.998;1;0.998;0.998;0.8727;0.951;0.1275;0.2464;0.2247;0.0014;0.0157;-0.0059;0.0015;0.0053;0.0008;0;0;0.088;0;0.107;0;0;0;0;0;0;0;0;0;0;0;0;0.0043;0.0002;0.2014;0.2014;0;17.899;17.899;2.9287;0.0409;190.82;1055.3;1;0.0064;0.0064;0;0;0;0;0;0;0.195;0.107;0;15.566;18.025;8.2674;9.5734;96.81;96.81;1.9696;1.6094;0.8548;0.3602;0.7546;0.1829;0.3831;0.434;29.294;0.4178;0
19/05/21 17:00;0;0;0;0;0;0;0;0;0;0;12.5;0.7299;0;0;0;0;0;0;0;0;0;0;0;0;0;1;1;1;1;0;0;0;0;0;0;0;0;0;0;0;0;0;0;0;0;0;0;0;0;0;0;0;0;0;0;0;0;0;0;0;0;0;0;0;1;1;1;1;1;1;1;1;1;1;1;1;1;1;1;1;1;1;1;0;0;0;0;0;0;0;0;0;0;0;0;0;0;0;0;0;0;0;0;0;0;0;0;0;0;0;0;0;0;0;0;-12.5;0;0;0;0;0;0;0;0;0;0;0;0;0;0;0;0;0;0;0;0;0;0;0;0;0;0;1;1;0;0;0;0
19/05/21 18:00;0;0;0;0;0;0;0;0;0;0;10.97;0.28;0;0;0;0;0;0;0;0;0;0;0;0;0;1;1;1;1;0;0;0;0;0;0;0;0;0;0;0;0;0;0;0;0;0;0;0;0;0;0;0;0;0;0;0;0;0;0;0;0;0;0;0;1;1;1;1;1;1;1;1;1;1;1;1;1;1;1;1;1;1;1;0;0;0;0;0;0;0;0;0;0;0;0;0;0;0;0;0;0;0;0;0;0;0;0;0;0;0;0;0;0;0;0;-10.97;0;0;0;0;0;0;0;0;0;0;0;0;0;0;0;0;0;0;0;0;0;0;0;0;0;0;1;1;0;0;0;0
19/05/21 19:00;0;0;0;0;0;0;0;0;0;0;10.01;0.76;0;0;0;0;0;0;0;0;0;0;0;0;0;1;1;1;1;0;0;0;0;0;0;0;0;0;0;0;0;0;0;0;0;0;0;0;0;0;0;0;0;0;0;0;0;0;0;0;0;0;0;0;1;1;1;1;1;1;1;1;1;1;1;1;1;1;1;1;1;1;1;0;0;0;0;0;0;0;0;0;0;0;0;0;0;0;0;0;0;0;0;0;0;0;0;0;0;0;0;0;0;0;0;-10.01;0;0;0;0;0;0;0;0;0;0;0;0;0;0;0;0;0;0;0;0;0;0;0;0;0;0;1;1;0;0;0;0
19/05/21 20:00;0;0;0;0;0;0;0;0;0;0;9.3997;1.4;0;0;0;0;0;0;0;0;0;0;0;0;0;1;1;1;1;0;0;0;0;0;0;0;0;0;0;0;0;0;0;0;0;0;0;0;0;0;0;0;0;0;0;0;0;0;0;0;0;0;0;0;1;1;1;1;1;1;1;1;1;1;1;1;1;1;1;1;1;1;1;0;0;0;0;0;0;0;0;0;0;0;0;0;0;0;0;0;0;0;0;0;0;0;0;0;0;0;0;0;0;0;0;-9.3997;0;0;0;0;0;0;0;0;0;0;0;0;0;0;0;0;0;0;0;0;0;0;0;0;0;0;1;1;0;0;0;0
19/05/21 21:00;0;0;0;0;0;0;0;0;0;0;9.09;1.95;0;0;0;0;0;0;0;0;0;0;0;0;0;1;1;1;1;0;0;0;0;0;0;0;0;0;0;0;0;0;0;0;0;0;0;0;0;0;0;0;0;0;0;0;0;0;0;0;0;0;0;0;1;1;1;1;1;1;1;1;1;1;1;1;1;1;1;1;1;1;1;0;0;0;0;0;0;0;0;0;0;0;0;0;0;0;0;0;0;0;0;0;0;0;0;0;0;0;0;0;0;0;0;-9.09;0;0;0;0;0;0;0;0;0;0;0;0;0;0;0;0;0;0;0;0;0;0;0;0;0;0;1;1;0;0;0;0
19/05/21 22:00;0;0;0;0;0;0;0;0;0;0;9.0102;2.3199;0;0;0;0;0;0;0;0;0;0;0;0;0;1;1;1;1;0;0;0;0;0;0;0;0;0;0;0;0;0;0;0;0;0;0;0;0;0;0;0;0;0;0;0;0;0;0;0;0;0;0;0;1;1;1;1;1;1;1;1;1;1;1;1;1;1;1;1;1;1;1;0;0;0;0;0;0;0;0;0;0;0;0;0;0;0;0;0;0;0;0;0;0;0;0;0;0;0;0;0;0;0;0;-9.0102;0;0;0;0;0;0;0;0;0;0;0;0;0;0;0;0;0;0;0;0;0;0;0;0;0;0;1;1;0;0;0;0
19/05/21 23:00;0;0;0;0;0;0;0;0;0;0;8.59;2.5301;0;0;0;0;0;0;0;0;0;0;0;0;0;1;1;1;1;0;0;0;0;0;0;0;0;0;0;0;0;0;0;0;0;0;0;0;0;0;0;0;0;0;0;0;0;0;0;0;0;0;0;0;1;1;1;1;1;1;1;1;1;1;1;1;1;1;1;1;1;1;1;0;0;0;0;0;0;0;0;0;0;0;0;0;0;0;0;0;0;0;0;0;0;0;0;0;0;0;0;0;0;0;0;-8.59;0;0;0;0;0;0;0;0;0;0;0;0;0;0;0;0;0;0;0;0;0;0;0;0;0;0;1;1;0;0;0;0
20/05/21 00:00;0;0;0;0;0;0;0;0;0;0;8.2703;2.5499;0;0;0;0;0;0;0;0;0;0;0;0;0;1;1;1;1;0;0;0;0;0;0;0;0;0;0;0;0;0;0;0;0;0;0;0;0;0;0;0;0;0;0;0;0;0;0;0;0;0;0;0;1;1;1;1;1;1;1;1;1;1;1;1;1;1;1;1;1;1;1;0;0;0;0;0;0;0;0;0;0;0;0;0;0;0;0;0;0;0;0;0;0;0;0;0;0;0;0;0;0;0;0;-8.2703;0;0;0;0;0;0;0;0;0;0;0;0;0;0;0;0;0;0;0;0;0;0;0;0;0;0;1;1;0;0;0;0
20/05/21 01:00;0;0;0;0;0;0;0;0;0;0;7.9898;2.3899;0;0;0;0;0;0;0;0;0;0;0;0;0;1;1;1;1;0;0;0;0;0;0;0;0;0;0;0;0;0;0;0;0;0;0;0;0;0;0;0;0;0;0;0;0;0;0;0;0;0;0;0;1;1;1;1;1;1;1;1;1;1;1;1;1;1;1;1;1;1;1;0;0;0;0;0;0;0;0;0;0;0;0;0;0;0;0;0;0;0;0;0;0;0;0;0;0;0;0;0;0;0;0;-7.9898;0;0;0;0;0;0;0;0;0;0;0;0;0;0;0;0;0;0;0;0;0;0;0;0;0;0;1;1;0;0;0;0
20/05/21 02:00;0;0;0;0;0;0;0;0;0;0;7.8601;2.2499;0;0;0;0;0;0;0;0;0;0;0;0;0;1;1;1;1;0;0;0;0;0;0;0;0;0;0;0;0;0;0;0;0;0;0;0;0;0;0;0;0;0;0;0;0;0;0;0;0;0;0;0;1;1;1;1;1;1;1;1;1;1;1;1;1;1;1;1;1;1;1;0;0;0;0;0;0;0;0;0;0;0;0;0;0;0;0;0;0;0;0;0;0;0;0;0;0;0;0;0;0;0;0;-7.8601;0;0;0;0;0;0;0;0;0;0;0;0;0;0;0;0;0;0;0;0;0;0;0;0;0;0;1;1;0;0;0;0
20/05/21 03:00;0;0;0;0;0;0;0;0;0;0;7.5397;2.2301;0;0;0;0;0;0;0;0;0;0;0;0;0;1;1;1;1;0;0;0;0;0;0;0;0;0;0;0;0;0;0;0;0;0;0;0;0;0;0;0;0;0;0;0;0;0;0;0;0;0;0;0;1;1;1;1;1;1;1;1;1;1;1;1;1;1;1;1;1;1;1;0;0;0;0;0;0;0;0;0;0;0;0;0;0;0;0;0;0;0;0;0;0;0;0;0;0;0;0;0;0;0;0;-7.5397;0;0;0;0;0;0;0;0;0;0;0;0;0;0;0;0;0;0;0;0;0;0;0;0;0;0;1;1;0;0;0;0
20/05/21 04:00;0;0;0;0;0;0;0;0;0;0;7.5298;2.26;0;0;0;0;0;0;0;0;0;0;0;0;0;1;1;1;1;0;0;0;0;0;0;0;0;0;0;0;0;0;0;0;0;0;0;0;0;0;0;0;0;0;0;0;0;0;0;0;0;0;0;0;1;1;1;1;1;1;1;1;1;1;1;1;1;1;1;1;1;1;1;0;0;0;0;0;0;0;0;0;0;0;0;0;0;0;0;0;0;0;0;0;0;0;0;0;0;0;0;0;0;0;0;-7.5298;0;0;0;0;0;0;0;0;0;0;0;0;0;0;0;0;0;0;0;0;0;0;0;0;0;0;1;1;0;0;0;0
20/05/21 05:00;0;0;0;0;0;0;0;0;0;0;7.3702;2.3199;0;0;0;0;0;0;0;0;0;0;0;0;0;1;1;1;1;0;0;0;0;0;0;0;0;0;0;0;0;0;0;0;0;0;0;0;0;0;0;0;0;0;0;0;0;0;0;0;0;0;0;0;1;1;1;1;1;1;1;1;1;1;1;1;1;1;1;1;1;1;1;0;0;0;0;0;0;0;0;0;0;0;0;0;0;0;0;0;0;0;0;0;0;0;0;0;0;0;0;0;0;0;0;-7.3702;0;0;0;0;0;0;0;0;0;0;0;0;0;0;0;0;0;0;0;0;0;0;0;0;0;0;1;1;0;0;0;0
20/05/21 06:00;0.5854;-64.717;88.58;0.6474;0.9229;-90;-0.9229;47.196;47.196;0;7.2;2.29;0;0;47.193;0;0;0.0005;47.193;0;47.193;0;0;47.193;0.0005;0;1;0;0;47.182;0.0111;0;0;0.0106;0.0004;44.957;2.1305;0;0;2.1305;0;47.088;0.0944;0;0;0.0944;0;44.957;0;0;44.957;0.0001;27.936;23.187;7.2132;-0.0001;0.2835;4.078;-0.0005;4.3616;0;1;0;0;0.9999;0.9998;1;1;0.9998;0.1614;0.9548;1;1;0.9548;0.7785;0.998;1;1;0.998;0.998;0.9526;0.9526;0.1254;0.1417;0.144;0.0009;0.0133;-0.0084;0.001;0.0034;0.0008;0;0;0.088;0;0.0364;0;0;0;0;0;0;0;0;0;0;0;0;0.0028;0.0001;0.1302;0.1302;0;9.0345;9.0345;1.8345;0.0408;121.25;1074;1;0.0058;0.0058;0;0;0;0;0;0;0.1244;0.0364;0;17.504;20.269;4.8956;5.669;95.55;95.55;1.1326;1.0407;0.2911;0.0919;0.7496;0.0812;0.6618;0.257;27.936;0.2414;0
20/05/21 07:00;6.556;-59.768;73.924;7.5768;11.073;-90;-11.073;78.607;20.302;58.305;7.8003;2.5599;0;141.41;12.41;18.856;0;0.1244;172.8;0;172.8;141.41;18.856;12.41;0.1244;0.8183;0.0725;0;0.0007;172.59;0.2103;0;0;0.1066;0.1037;145.37;26.875;23.273;3.1034;0.4937;0.0046;172.24;0.3452;0.2828;0.0377;0.0246;0;145.37;117.85;15.715;11.786;0.016;7.7836;6.4603;2.073;0.0053;0.0752;1.0821;0.0037;1.152;0;1;0;0;2.1982;0.9988;1;1;0.9914;0.1665;0.844;0.8351;1;0.9598;0.7752;0.998;0.998;1;0.998;0.998;0.8413;0.9497;0.1288;0.5189;0.4401;0.0026;0.0181;-0.0179;0.0031;0.0109;0.0002;0;0;0.088;0;0.317;0;0;0;0;0;0;0;0;0;0;0;0;0.0087;0.0006;0.4138;0.4138;0;13.681;13.681;5.8807;0.0405;375.89;1101;1;0.0088;0.0088;0;0;0;0;0;0;0.405;0.317;0;15.193;17.593;11.637;13.476;97.863;97.863;4.1471;3.3074;2.5334;0.8397;0.774;0.2025;0.1866;0.6109;7.4598;0.608;0
20/05/21 08:00;16.573;-49.649;46.228;21.331;40.58;-90;-40.58;241.19;53.202;187.99;3.5498;1.9801;0;455.93;23.672;63.773;0;4.9305;548.31;0;548.31;455.93;63.773;23.672;4.9305;0.8315;0.0522;0;0.009;542.09;6.2179;0;0;1.6874;4.5305;534.8;6.205;4.7901;0.67;0.7104;0.0346;541;1.0842;0.9119;0.1275;0.044;0.0008;535.03;450.23;62.975;21.23;0.3647;17.995;14.936;4.9918;1.0142;0.2261;3.2521;0.2343;2.464;0;1;0;0;2.2733;0.9887;1;1;0.9287;0.0811;0.9885;0.9895;1;0.9676;0.9134;0.998;0.998;1;0.998;0.998;0.9754;0.8968;0.074;1.6466;1.6183;0.0097;0.0047;0.0011;0.0112;0.0398;0.0006;0;0;0.088;0;1.3998;0;0;0;0;0;0;0;0;0;0;0;0;0.032;0.0061;1.5129;1.5129;0;25.2;25.2;21.651;0.0405;1389.7;1088.7;1;0.0251;0.0251;0;0;0;0;0;0;1.4878;1.3998;0;17.504;20.269;16.195;18.754;98.342;98.342;13.159;12.091;11.188;1.068;0.9038;0.0812;0.0687;0.8502;16.945;0.8464;0
20/05/21 09:00;25.049;-37.598;45.872;37.452;52.548;-90;-52.548;451.09;74.402;376.69;7.19;1.3501;0;619.45;19.91;81.631;0;15.027;736.02;0;736.02;619.45;81.631;19.91;15.027;0.8416;0.0475;0;0.0204;719.89;16.134;0;0;2.0677;14.066;710.59;7.8558;6.3792;0.8406;0.598;0.038;718.45;1.4398;1.2389;0.1633;0.0357;0.0019;713.75;611.84;80.627;17.209;0.9203;154.63;128.35;41.016;2.0861;1.6341;23.505;3.1612;23.053;0;1;0;0;1.6316;0.9781;1;1;0.8961;0.0639;0.9891;0.9897;1;0.9664;0.9604;0.998;0.998;1;0.998;0.998;0.9654;0.8643;0.0612;2.2103;2.1993;0.0132;-0.0011;0.0857;0.0147;0.0522;0.0045;0;0;0.088;0;1.8559;0;0;0;0;0;0;0;0;0;0;0;0;0.042;0.0108;1.9772;1.9772;0;36.196;36.196;29.006;0.0408;1889.3;1046.5;1;0.0333;0.0333;0;0;0;0;0;0;1.9439;1.8559;0;17.041;19.733;15.996;18.523;98.316;98.316;17.665;15.802;14.832;1.8626;0.9695;0.1054;0.0549;0.8397;15.957;0.8201;0
20/05/21 10:00;31.281;-23.251;51.741;56.986;33.014;-90;-33.014;506.2;91.497;414.7;11.29;2.3099;0;494.55;33.734;65.353;0;6.9472;600.59;0;600.59;494.55;65.353;33.734;6.9472;0.8234;0.0677;0;0.0116;592.66;7.9246;0;0;1.7452;6.1794;582.04;9.4346;7.3158;0.9668;1.0327;0.1193;591.48;1.1853;0.9891;0.1307;0.064;0.0015;583.97;486.25;64.256;30.892;0.647;262.49;217.87;73.416;0.7126;2.3437;33.713;1.9258;35.344;0;1;0;0;1.1865;0.9868;1;1;0.9483;0.1105;0.984;0.9852;1;0.9677;0.8443;0.998;0.998;1;0.998;0.998;0.9691;0.9158;0.0931;1.8036;1.8299;0.011;0.0022;0.0643;0.0123;0.0435;0.0065;0;0;0.088;0;1.5325;0;0;0;0;0;0;0;0;0;0;0;0;0.035;0.0077;1.6475;1.6475;0;35.039;35.039;23.749;0.0408;1571.7;1048.2;1;0.027;0.027;0;0;0;0;0;0;1.6205;1.5325;0;17.402;20.151;16.187;18.745;98.363;98.363;14.414;13.167;12.248;1.2471;0.9188;0.0865;0.0637;0.8497;22.719;0.8155;0
20/05/21 11:00;34.488;-6.9003;54.913;80.08;9.9201;-90;-9.9201;456.99;190.8;266.19;13.96;2.74;0;270.24;122.61;68.287;0;0.5808;461.71;0;461.71;270.24;68.287;122.61;0.5808;0.5853;0.2668;0;0.0013;460.35;1.3601;0;0;0.8759;0.4842;447.44;11.986;5.5828;1.4107;4.9711;0.0217;459.43;0.9207;0.5405;0.1366;0.2435;0.0002;447.55;264.11;66.739;116.52;0.0747;268.05;222.48;72.872;0.0346;2.4845;35.739;0.1062;38.189;0;1;0;0;1.0103;0.9971;1;1;0.9929;0.1663;0.9739;0.9793;1;0.9591;0.7753;0.998;0.998;1;0.998;0.998;0.9691;0.9503;0.1286;1.3865;1.4233;0.0086;0.0074;0.0361;0.0096;0.034;0.0069;0;0;0.088;0;1.1799;0;0;0;0;0;0;0;0;0;0;0;0;0.0274;0.0048;1.2885;1.2885;0;32.195;32.195;18.235;0.0408;1220.8;1055.4;1;0.0206;0.0206;0;0;0;0;0;0;1.2679;1.1799;0;17.703;20.5;16.211;18.772;98.4;98.4;11.081;10.298;9.4297;0.7833;0.8681;0.0707;0.0783;0.851;73.482;0.8044;0
20/05/21 12:00;34.136;10.165;54.559;75.41;14.59;90;14.59;646.01;106.6;539.41;13.57;2.75;0;557.39;29.277;79.401;0;1.7708;667.84;0;667.84;557.39;79.401;29.277;1.7708;0.8346;0.0465;0;0.0027;665.96;1.8807;0;0;0.4009;1.4797;650.82;13.801;11.066;1.5764;1.0934;0.0654;664.62;1.3319;1.1148;0.1588;0.0578;0.0006;651.22;545.21;77.666;27.725;0.2251;372.77;309.4;102.14;0.0347;3.4027;48.946;0.3983;52.314;0;1;0;0;1.0338;0.9972;1;1;0.9863;0.1644;0.9792;0.9801;1;0.9621;0.775;0.998;0.998;1;0.998;0.998;0.9745;0.947;0.1271;2.0055;2.0646;0.0124;-0.0001;0.11;0.0136;0.0482;0.0092;0;0;0.088;0;1.7048;0;0;0;0;0;0;0;0;0;0;0;0;0.0388;0.0096;1.8228;1.8228;0;40.23;40.23;26.661;0.041;1772;1028.7;1;0.03;0.03;0;0;0;0;0;0;1.7928;1.7048;0;17.315;20.05;16.194;18.752;98.355;98.355;16.028;14.568;13.625;1.46;0.9429;0.0911;0.0588;0.8501;17.791;0.8059;0
20/05/21 13:00;30.291;26.199;50.784;52.918;37.082;90;37.082;494.11;112.9;381.21;15.73;2.4699;0;477.84;43.964;80.207;0;8.4933;610.51;0;610.51;477.84;80.207;43.964;8.4933;0.7827;0.0859;0;0.0139;600.06;10.45;0;0;2.7337;7.7168;589.87;8.99;6.4797;1.0876;1.3279;0.0948;598.86;1.2001;0.9557;0.1604;0.0825;0.0016;592.29;470.41;78.959;39.82;0.6802;246.79;204.84;68.485;1.3831;2.2849;32.868;2.4198;33.769;0;1;0;0;1.2356;0.9829;1;1;0.9378;0.0914;0.985;0.9864;1;0.9677;0.8777;0.998;0.998;1;0.998;0.998;0.9662;0.9057;0.0801;1.8334;1.8532;0.0112;0.0019;0.0969;0.0122;0.0433;0.0062;0;0;0.088;0;1.5244;0;0;0;0;0;0;0;0;0;0;0;0;0.0348;0.0078;1.6389;1.6389;0;39.895;39.895;24.164;0.041;1592.4;1029.2;1;0.0265;0.0265;0;0;0;0;0;0;1.6124;1.5244;0;17.029;19.719;15.84;18.342;98.386;98.386;14.652;13.098;12.183;1.5543;0.9147;0.1061;0.0624;0.8315;30.562;0.7993;0
20/05/21 14:00;23.564;40.098;44.52;34.104;55.896;90;55.896;289.5;185.2;104.31;15.96;2.1;0;186.03;116.24;64.627;0;10.81;377.71;0;377.71;186.03;64.627;116.24;10.81;0.4925;0.3364;0;0.0286;354.33;23.382;0;0;13.229;10.153;347.68;5.9387;1.769;0.6146;3.5244;0.0308;353.62;0.7087;0.3721;0.1293;0.206;0.0013;350.88;183.89;63.883;99.282;0.6252;134.26;111.43;39.65;15.109;2.0206;29.066;3.2005;15.978;0;1;0;0;1.3047;0.9381;1;1;0.8862;0.0608;0.9832;0.9905;1;0.9657;0.9531;0.998;0.998;1;0.998;0.998;0.9205;0.8541;0.0578;1.1343;1.1181;0.0067;0.0118;0.0203;0.0076;0.0268;0.0056;0;0;0.088;0;0.9101;0;0;0;0;0;0;0;0;0;0;0;0;0.0216;0.0031;1.0146;1.0146;0;30.125;30.125;14.165;0.0407;957.56;1059.6;1;0.0165;0.0165;0;0;0;0;0;0;0.9981;0.9101;0;17.04;19.732;15.285;17.699;98.369;98.369;9.065;8.1088;7.2732;0.9563;0.8355;0.1055;0.0922;0.8023;96.56;0.7586;0
20/05/21 15:00;14.741;51.735;51.894;18.526;31.882;90;31.882;251.61;82.198;169.41;16.7;1.2899;0;410.86;38.054;99.532;0;3.2265;551.67;0;551.67;410.86;99.532;38.054;3.2265;0.7448;0.0748;0;0.0058;546.95;4.728;0;0;1.8663;2.8618;536.96;8.8926;6.1676;1.4941;1.1706;0.0603;545.85;1.0939;0.8217;0.1991;0.0724;0.0007;537.13;403.87;97.839;34.945;0.3037;26.448;21.952;7.4417;0.7119;0.2749;3.9538;0.1698;3.5167;0;1;0;0;2.1926;0.9914;1;1;0.951;0.113;0.9837;0.985;1;0.9676;0.8343;0.998;0.998;1;0.998;0.998;0.9733;0.9183;0.0941;1.6567;1.6261;0.0098;0.0046;0.0784;0.0107;0.0381;0.0007;0;0;0.088;0;1.3361;0;0;0;0;0;0;0;0;0;0;0;0;0.0307;0.0062;1.4469;1.4469;0;38.683;38.683;21.983;0.0409;1399.7;1033.7;1;0.0228;0.0228;0;0;0;0;0;0;1.4241;1.3361;0;16.638;19.266;15.363;17.79;98.421;98.421;13.24;11.564;10.678;1.6764;0.8859;0.1266;0.0669;0.8065;25.417;0.8022;0
20/05/21 16:00;5.0302;61.09;77.722;5.7418;8.3005;90;8.3005;21.508;21.3;0.2081;15.38;1.0201;0;0.5047;21.15;0.0919;0;0.0192;21.766;0;21.766;0.5047;0.0919;21.15;0.0192;0.0232;0.9726;0;0.0009;21.637;0.1288;0;0;0.1128;0.016;20.566;1.0283;0.1255;0.0229;0.8792;0.0007;21.594;0.0433;0.001;0.0002;0.0421;0;20.568;0.3782;0.0689;20.116;0.0024;12.631;10.484;3.273;0.0029;0.1276;1.8357;0.0028;1.9604;0;1;0;0;1.012;0.9941;1;1;0.9947;0.1647;0.9524;0.7508;1;0.9581;0.7751;0.998;0.998;1;0.998;0.998;0.9449;0.9511;0.1274;0.0654;0.0658;0.0004;0.0091;-0.0021;0.0004;0.0015;0.0003;0;0;0.088;0;-0.0363;0;0;0;0;0;0;0;0;0;0;0;0;0.0012;0;0.055;0.055;0;16.234;16.234;0.8537;0.0415;54.575;1008.2;1;0.0033;0.0033;0;0;0;0;0;0;0.0517;-0.0363;0;16.037;18.57;-10.577;-12.248;93.975;93.975;0.5224;0.4398;-0.29;0.0826;0.7298;0.1582;1.397;0;12.63;0;0
20/05/21 17:00;0;0;90;0;0;90;0;0;0;0;9.9402;0.85;0;0;0;0;0;0;0;0;0;0;0;0;0;1;1;1;1;0;0;0;0;0;0;0;0;0;0;0;0;0;0;0;0;0;0;0;0;0;0;0;0;0;0;0;0;0;0;0;0;0;0;0;1;1;1;1;1;1;1;1;1;1;1;1;1;1;1;1;1;1;1;0;0;0;0;0;0;0;0;0;0.0004;0.088;0;-0.0884;0;0;0;0;0;0;0;0;0;0;0;0;0;0;0;0;0;0;0;-9.9402;0;0;0;0;0.0004;0;0;0;0;0;0;0;-0.0004;-0.0884;0;0;0;0;0;0;0;0;0;-0.7063;0;0.7063;1;1;0;0;0;0
20/05/21 18:00;0;0;90;0;0;90;0;0;0;0;7.7697;0.93;0;0;0;0;0;0;0;0;0;0;0;0;0;1;1;1;1;0;0;0;0;0;0;0;0;0;0;0;0;0;0;0;0;0;0;0;0;0;0;0;0;0;0;0;0;0;0;0;0;0;0;0;1;1;1;1;1;1;1;1;1;1;1;1;1;1;1;1;1;1;1;0;0;0;0;0;0;0;0;0;0.0004;0.088;0;-0.0884;0;0;0;0;0;0;0;0;0;0;0;0;0;0;0;0;0;0;0;-7.7697;0;0;0;0;0.0004;0;0;0;0;0;0;0;-0.0004;-0.0884;0;0;0;0;0;0;0;0;0;-0.7063;0;0.7063;1;1;0;0;0;0
20/05/21 19:00;0;0;90;0;0;90;0;0;0;0;7.4799;1.2099;0;0;0;0;0;0;0;0;0;0;0;0;0;1;1;1;1;0;0;0;0;0;0;0;0;0;0;0;0;0;0;0;0;0;0;0;0;0;0;0;0;0;0;0;0;0;0;0;0;0;0;0;1;1;1;1;1;1;1;1;1;1;1;1;1;1;1;1;1;1;1;0;0;0;0;0;0;0;0;0;0.0004;0.088;0;-0.0884;0;0;0;0;0;0;0;0;0;0;0;0;0;0;0;0;0;0;0;-7.4799;0;0;0;0;0.0004;0;0;0;0;0;0;0;-0.0004;-0.0884;0;0;0;0;0;0;0;0;0;-0.7063;0;0.7063;1;1;0;0;0;0
20/05/21 20:00;0;0;90;0;0;90;0;0;0;0;6.27;1.5999;0;0;0;0;0;0;0;0;0;0;0;0;0;1;1;1;1;0;0;0;0;0;0;0;0;0;0;0;0;0;0;0;0;0;0;0;0;0;0;0;0;0;0;0;0;0;0;0;0;0;0;0;1;1;1;1;1;1;1;1;1;1;1;1;1;1;1;1;1;1;1;0;0;0;0;0;0;0;0;0;0.0004;0.088;0;-0.0884;0;0;0;0;0;0;0;0;0;0;0;0;0;0;0;0;0;0;0;-6.27;0;0;0;0;0.0004;0;0;0;0;0;0;0;-0.0004;-0.0884;0;0;0;0;0;0;0;0;0;-0.7063;0;0.7063;1;1;0;0;0;0
20/05/21 21:00;0;0;90;0;0;90;0;0;0;0;5.7003;1.9001;0;0;0;0;0;0;0;0;0;0;0;0;0;1;1;1;1;0;0;0;0;0;0;0;0;0;0;0;0;0;0;0;0;0;0;0;0;0;0;0;0;0;0;0;0;0;0;0;0;0;0;0;1;1;1;1;1;1;1;1;1;1;1;1;1;1;1;1;1;1;1;0;0;0;0;0;0;0;0;0;0.0004;0.088;0;-0.0884;0;0;0;0;0;0;0;0;0;0;0;0;0;0;0;0;0;0;0;-5.7003;0;0;0;0;0.0004;0;0;0;0;0;0;0;-0.0004;-0.0884;0;0;0;0;0;0;0;0;0;-0.7063;0;0.7063;1;1;0;0;0;0
20/05/21 22:00;0;0;90;0;0;90;0;0;0;0;4.2099;2.11;0;0;0;0;0;0;0;0;0;0;0;0;0;1;1;1;1;0;0;0;0;0;0;0;0;0;0;0;0;0;0;0;0;0;0;0;0;0;0;0;0;0;0;0;0;0;0;0;0;0;0;0;1;1;1;1;1;1;1;1;1;1;1;1;1;1;1;1;1;1;1;0;0;0;0;0;0;0;0;0;0.0004;0.088;0;-0.0884;0;0;0;0;0;0;0;0;0;0;0;0;0;0;0;0;0;0;0;-4.2099;0;0;0;0;0.0004;0;0;0;0;0;0;0;-0.0004;-0.0884;0;0;0;0;0;0;0;0;0;-0.7063;0;0.7063;1;1;0;0;0;0
20/05/21 23:00;0;0;90;0;0;90;0;0;0;0;3.8203;2.2399;0;0;0;0;0;0;0;0;0;0;0;0;0;1;1;1;1;0;0;0;0;0;0;0;0;0;0;0;0;0;0;0;0;0;0;0;0;0;0;0;0;0;0;0;0;0;0;0;0;0;0;0;1;1;1;1;1;1;1;1;1;1;1;1;1;1;1;1;1;1;1;0;0;0;0;0;0;0;0;0;0.0004;0.088;0;-0.0884;0;0;0;0;0;0;0;0;0;0;0;0;0;0;0;0;0;0;0;-3.8203;0;0;0;0;0.0004;0;0;0;0;0;0;0;-0.0004;-0.0884;0;0;0;0;0;0;0;0;0;-0.7063;0;0.7063;1;1;0;0;0;0
21/05/21 00:00;0;0;90;0;0;90;0;0;0;0;2.7899;2.2201;0;0;0;0;0;0;0;0;0;0;0;0;0;1;1;1;1;0;0;0;0;0;0;0;0;0;0;0;0;0;0;0;0;0;0;0;0;0;0;0;0;0;0;0;0;0;0;0;0;0;0;0;1;1;1;1;1;1;1;1;1;1;1;1;1;1;1;1;1;1;1;0;0;0;0;0;0;0;0;0;0.0004;0.088;0;-0.0884;0;0;0;0;0;0;0;0;0;0;0;0;0;0;0;0;0;0;0;-2.7899;0;0;0;0;0.0004;0;0;0;0;0;0;0;-0.0004;-0.0884;0;0;0;0;0;0;0;0;0;-0.7063;0;0.7063;1;1;0;0;0;0
21/05/21 01:00;0;0;90;0;0;90;0;0;0;0;2.6098;2.2;0;0;0;0;0;0;0;0;0;0;0;0;0;1;1;1;1;0;0;0;0;0;0;0;0;0;0;0;0;0;0;0;0;0;0;0;0;0;0;0;0;0;0;0;0;0;0;0;0;0;0;0;1;1;1;1;1;1;1;1;1;1;1;1;1;1;1;1;1;1;1;0;0;0;0;0;0;0;0;0;0.0004;0.088;0;-0.0884;0;0;0;0;0;0;0;0;0;0;0;0;0;0;0;0;0;0;0;-2.6098;0;0;0;0;0.0004;0;0;0;0;0;0;0;-0.0004;-0.0884;0;0;0;0;0;0;0;0;0;-0.7063;0;0.7063;1;1;0;0;0;0
21/05/21 02:00;0;0;90;0;0;90;0;0;0;0;1.8998;2.2301;0;0;0;0;0;0;0;0;0;0;0;0;0;1;1;1;1;0;0;0;0;0;0;0;0;0;0;0;0;0;0;0;0;0;0;0;0;0;0;0;0;0;0;0;0;0;0;0;0;0;0;0;1;1;1;1;1;1;1;1;1;1;1;1;1;1;1;1;1;1;1;0;0;0;0;0;0;0;0;0;0.0004;0.088;0;-0.0884;0;0;0;0;0;0;0;0;0;0;0;0;0;0;0;0;0;0;0;-1.8998;0;0;0;0;0.0004;0;0;0;0;0;0;0;-0.0004;-0.0884;0;0;0;0;0;0;0;0;0;-0.7063;0;0.7063;1;1;0;0;0;0
21/05/21 03:00;0;0;90;0;0;90;0;0;0;0;1.7203;2.27;0;0;0;0;0;0;0;0;0;0;0;0;0;1;1;1;1;0;0;0;0;0;0;0;0;0;0;0;0;0;0;0;0;0;0;0;0;0;0;0;0;0;0;0;0;0;0;0;0;0;0;0;1;1;1;1;1;1;1;1;1;1;1;1;1;1;1;1;1;1;1;0;0;0;0;0;0;0;0;0;0.0004;0.088;0;-0.0884;0;0;0;0;0;0;0;0;0;0;0;0;0;0;0;0;0;0;0;-1.7203;0;0;0;0;0.0004;0;0;0;0;0;0;0;-0.0004;-0.0884;0;0;0;0;0;0;0;0;0;-0.7063;0;0.7063;1;1;0;0;0;0
21/05/21 04:00;0;0;90;0;0;90;0;0;0;0;1.0702;2.3099;0;0;0;0;0;0;0;0;0;0;0;0;0;1;1;1;1;0;0;0;0;0;0;0;0;0;0;0;0;0;0;0;0;0;0;0;0;0;0;0;0;0;0;0;0;0;0;0;0;0;0;0;1;1;1;1;1;1;1;1;1;1;1;1;1;1;1;1;1;1;1;0;0;0;0;0;0;0;0;0;0.0004;0.088;0;-0.0884;0;0;0;0;0;0;0;0;0;0;0;0;0;0;0;0;0;0;0;-1.0702;0;0;0;0;0.0004;0;0;0;0;0;0;0;-0.0004;-0.0884;0;0;0;0;0;0;0;0;0;-0.7063;0;0.7063;1;1;0;0;0;0
21/05/21 05:00;0;0;90;0;0;90;0;0;0;0;1.0901;2.42;0;0;0;0;0;0;0;0;0;0;0;0;0;1;1;1;1;0;0;0;0;0;0;0;0;0;0;0;0;0;0;0;0;0;0;0;0;0;0;0;0;0;0;0;0;0;0;0;0;0;0;0;1;1;1;1;1;1;1;1;1;1;1;1;1;1;1;1;1;1;1;0;0;0;0;0;0;0;0;0;0.0004;0.088;0;-0.0884;0;0;0;0;0;0;0;0;0;0;0;0;0;0;0;0;0;0;0;-1.0901;0;0;0;0;0.0004;0;0;0;0;0;0;0;-0.0004;-0.0884;0;0;0;0;0;0;0;0;0;-0.7063;0;0.7063;1;1;0;0;0;0
21/05/21 06:00;0.6336;-64.421;88.463;0.7024;1.0014;-90;-1.0014;0;0;0;0.6899;2.44;0;0;0;0;0;0;0;0;0;0;0;0;0;1;1;1;1;0;0;0;0;0;0;0;0;0;0;0;0;0;0;0;0;0;0;0;0;0;0;0;0;0;0;0;0;0;0;0;0;0;0;0;1;1;1;1;1;1;1;1;1;1;1;1;1;1;1;1;1;1;1;0;0;0;0;0;0;0;0;0;0.0004;0.088;0;-0.0884;0;0;0;0;0;0;0;0;0;0;0;0;0;0;0;0;0;0;0;-0.6899;0;0;0;0;0.0004;0;0;0;0;0;0;0;-0.0004;-0.0884;0;0;0;0;0;0;0;0;0;-0.7063;0;0.7063;1;1;0;0;0;0
21/05/21 07:00;6.4116;-59.624;74.286;7.4212;10.834;-90;-10.834;84.604;16.397;68.208;2.0301;3.1801;0;165.42;8.8042;18.222;0;0.1282;192.58;0;192.58;165.42;18.222;8.8042;0.1282;0.859;0.0464;0;0.0007;192.4;0.1797;0;0;0.0729;0.1069;160.2;31.808;28.331;3.1208;0.3516;0.0048;192.01;0.3848;0.3308;0.0364;0.0175;0;160.21;136.76;15.065;8.3623;0.0165;5.6598;4.6976;1.5279;0.0035;0.0533;0.7673;0.0024;0.8171;0;1;0;0;2.2762;0.9991;1;1;0.9917;0.1664;0.8343;0.8284;1;0.9596;0.7752;0.998;0.998;1;0.998;0.998;0.8319;0.9498;0.1288;0.5783;0.4841;0.0029;0.0181;-0.0286;0.0034;0.0122;0.0002;0;0;0.088;0;0.3678;0;0;0;0;0;0;0;0;0;0;0;0;0.0098;0.0007;0.4654;0.4654;0;8.4769;8.4769;6.4468;0.0402;413.23;1126.2;1;0.0096;0.0096;0;0;0;0;0;0;0.4558;0.3678;0;15.33;17.752;12.114;14.028;97.929;97.929;4.6218;3.7194;2.9391;0.9024;0.7803;0.1953;0.1688;0.6359;5.2888;0.634;0
21/05/21 08:00;16.412;-49.52;46.745;21.168;39.97;-90;-39.97;248.79;46.297;202.5;5.6398;2.42;0;491.11;18.905;60.372;0;4.9404;575.32;0;575.32;491.11;60.372;18.905;4.9404;0.8536;0.0414;0;0.0086;569.47;5.85;0;0;1.3179;4.5321;561.77;6.5655;5.3079;0.6525;0.568;0.037;568.34;1.1389;0.9822;0.1207;0.0352;0.0008;561.92;484.82;59.598;16.983;0.3704;14.577;12.099;4.3091;0.7692;0.1625;2.3374;0.1521;1.7306;0;1;0;0;2.3125;0.9898;1;1;0.9303;0.0826;0.9884;0.9892;1;0.9676;0.9092;0.998;0.998;1;0.998;0.998;0.9764;0.8984;0.075;1.7277;1.6974;0.0102;0.0037;0.0204;0.0116;0.0413;0.0005;0;0;0.088;0;1.4558;0;0;0;0;0;0;0;0;0;0;0;0;0.0332;0.0067;1.5697;1.5697;0;28.439;28.439;22.799;0.0406;1459;1075.9;1;0.026;0.026;0;0;0;0;0;0;1.5438;1.4558;0;17.308;20.042;16.052;18.587;98.346;98.346;13.808;12.545;11.634;1.2625;0.9108;0.0914;0.066;0.8426;13.463;0.84;0
21/05/21 09:00;24.87;-37.493;46.042;37.292;52.708;-90;-52.708;411.91;68.402;343.5;10.69;2.73;0;566.95;21.269;69.178;0;13.799;671.2;0;671.2;566.95;69.178;21.269;13.799;0.8447;0.0522;0;0.0206;656.06;15.137;0;0;2.2186;12.918;647.46;7.288;5.8948;0.7193;0.639;0.0349;654.75;1.3121;1.1339;0.1384;0.0381;0.0018;650.39;559.92;68.32;18.373;0.844;141.49;117.44;37.523;2.2518;1.5179;21.834;2.9293;21.1;0;1;0;0;1.6295;0.9774;1;1;0.8957;0.0638;0.9889;0.9896;1;0.9664;0.9603;0.998;0.998;1;0.998;0.998;0.9646;0.8639;0.0612;2.0156;2.0049;0.0121;0.0004;0.0851;0.0134;0.0474;0.0042;0;0;0.088;0;1.6776;0;0;0;0;0;0;0;0;0;0;0;0;0.0381;0.0091;1.7953;1.7953;0;37.145;37.145;26.455;0.0409;1723.2;1041.8;1;0.0297;0.0297;0;0;0;0;0;0;1.7656;1.6776;0;16.968;19.648;15.855;18.36;98.346;98.346;16.109;14.348;13.407;1.7608;0.9407;0.1093;0.0584;0.8323;17.074;0.8125;0
21/05/21 10:00;31.086;-23.186;51.927;56.854;33.146;-90;-33.146;520.69;86.702;433.99;12.68;2.33;0;518.34;29.423;65.297;0;7.2017;620.26;0;620.26;518.34;65.297;29.423;7.2017;0.8357;0.059;0;0.0116;612.32;7.9416;0;0;1.5318;6.4098;601.28;9.8114;7.8056;0.9833;0.9003;0.1223;611.09;1.2246;1.0367;0.1306;0.0558;0.0016;603.27;509.49;64.183;26.935;0.6681;269.04;223.3;75.265;0.6304;2.3943;34.442;1.9937;36.206;0;1;0;0;1.1912;0.9872;1;1;0.9479;0.11;0.9839;0.9849;1;0.9677;0.8453;0.998;0.998;1;0.998;0.998;0.9694;0.9154;0.0928;1.8626;1.8896;0.0114;0.0015;0.0811;0.0126;0.0446;0.0065;0;0;0.088;0;1.5723;0;0;0;0;0;0;0;0;0;0;0;0;0.0359;0.0081;1.6879;1.6879;0;37.256;37.256;24.576;0.0409;1623.2;1039.9;1;0.0276;0.0276;0;0;0;0;0;0;1.6603;1.5723;0;17.263;19.99;16.081;18.621;98.365;98.365;14.886;13.49;12.566;1.3965;0.9238;0.0938;0.0621;0.8441;19.836;0.8104;0
21/05/21 11:00;34.285;-6.892;55.113;80.017;9.9825;-90;-9.9825;574.9;97.198;477.71;15.78;1.7;0;485.05;35.092;62.789;0;0.7398;583.67;0;583.67;485.05;62.789;35.092;0.7398;0.831;0.0614;0;0.0013;582.8;0.8701;0;0;0.2533;0.6168;568.61;13.026;10.251;1.3269;1.4214;0.0276;581.63;1.1656;0.9701;0.1256;0.0697;0.0002;568.75;473.83;61.336;33.348;0.0952;335.8;278.71;92.499;0.0103;3.0319;43.612;0.1384;46.634;0;1;0;0;1.0152;0.9985;1;1;0.9928;0.1663;0.9776;0.9788;1;0.9591;0.7753;0.998;0.998;1;0.998;0.998;0.9742;0.9503;0.1287;1.7528;1.8049;0.0109;0.0024;0.0891;0.0119;0.0423;0.0082;0;0;0.088;0;1.4849;0;0;0;0;0;0;0;0;0;0;0;0;0.034;0.0075;1.5986;1.5986;0;39.061;39.061;23.28;0.0409;1549.9;1031.4;1;0.0257;0.0257;0;0;0;0;0;0;1.5729;1.4849;0;17.375;20.119;16.139;18.688;98.391;98.391;14.008;12.776;11.867;1.232;0.9089;0.0879;0.0649;0.8472;21.035;0.8023;0
21/05/21 12:00;33.938;10.11;54.762;75.38;14.62;90;14.62;565.41;103.1;462.31;17.5;1.2899;0;477.78;38.419;66.19;0;1.5561;583.95;0;583.95;477.78;66.19;38.419;1.5561;0.8182;0.0685;0;0.0027;582.12;1.8283;0;0;0.5279;1.3004;568.41;12.539;9.7037;1.3443;1.434;0.0574;580.95;1.1642;0.9556;0.1324;0.0758;0.0005;568.76;467.12;64.714;36.381;0.1978;326.52;271.01;89.361;0.0457;2.9881;42.982;0.35;45.925;0;1;0;0;1.0328;0.9969;1;1;0.9863;0.1644;0.9784;0.9796;1;0.9621;0.775;0.998;0.998;1;0.998;0.998;0.9734;0.947;0.1271;1.7536;1.8037;0.0109;0.0025;0.1002;0.0118;0.042;0.0081;0;0;0.088;0;1.4737;0;0;0;0;0;0;0;0;0;0;0;0;0.0338;0.0075;1.587;1.587;0;40.806;40.806;23.306;0.041;1549;1024.5;1;0.0254;0.0254;0;0;0;0;0;0;1.5617;1.4737;0;17.241;19.964;16.009;18.538;98.401;98.401;14.015;12.684;11.778;1.3311;0.9061;0.095;0.0647;0.8404;23.348;0.7965;0
21/05/21 13:00;30.109;26.094;50.978;52.82;37.18;90;37.18;500.81;105.2;395.61;18.78;0.98;0;496.53;38.595;78.117;0;8.6523;621.89;0;621.89;496.53;78.117;38.595;8.6523;0.7984;0.076;0;0.0139;611.62;10.274;0;0;2.4097;7.8646;601.21;9.1865;6.8482;1.0774;1.1655;0.0954;610.4;1.2232;0.9931;0.1562;0.0724;0.0016;603.67;488.69;76.883;34.948;0.6908;248.92;206.6;69.055;1.2255;2.2949;33.011;2.4581;34.081;0;1;0;0;1.2418;0.9835;1;1;0.9376;0.091;0.9849;0.9862;1;0.9677;0.8787;0.998;0.998;1;0.998;0.998;0.9667;0.9055;0.0798;1.8675;1.8878;0.0114;0.0015;0.1227;0.0123;0.0435;0.0061;0;0;0.088;0;1.5328;0;0;0;0;0;0;0;0;0;0;0;0;0.035;0.0081;1.6471;1.6471;0;43.481;43.481;24.701;0.0411;1622.2;1015.4;1;0.0264;0.0264;0;0;0;0;0;0;1.6208;1.5328;0;16.802;19.456;15.635;18.105;98.4;98.4;14.925;13.164;12.25;1.7616;0.914;0.118;0.0612;0.8207;26.852;0.7894;0
21/05/21 14:00;23.404;39.961;44.702;33.977;56.023;90;56.023;377.8;112.3;265.5;19.89;0.7101;0;475.08;43.638;100.76;0;14.167;633.65;0;633.65;475.08;100.76;43.638;14.167;0.7498;0.0912;0;0.0224;615.36;18.288;0;0;4.9825;13.305;607.23;6.9014;4.5681;0.9689;1.3237;0.0407;614.13;1.2307;0.9502;0.2015;0.0773;0.0017;610.11;469.56;99.591;37.255;0.8189;121.84;101.13;33.922;5.7203;1.4484;20.834;2.8862;16.562;0;1;0;0;1.6772;0.9711;1;1;0.8858;0.0608;0.9888;0.9904;1;0.9657;0.9526;0.998;0.998;1;0.998;0.998;0.9583;0.8537;0.0578;1.9028;1.8815;0.0113;0.0016;0.1316;0.0122;0.0431;0.0038;0;0;0.088;0;1.521;0;0;0;0;0;0;0;0;0;0;0;0;0.0347;0.0081;1.6351;1.6351;0;44.866;44.866;24.976;0.0411;1618;1010.6;1;0.026;0.026;0;0;0;0;0;0;1.609;1.521;0;16.369;18.955;15.227;17.633;98.407;98.407;15.208;13.067;12.156;2.1402;0.9114;0.1407;0.0599;0.7993;36.301;0.7801;0
21/05/21 15:00;14.603;51.581;52.305;18.394;31.538;90;31.538;220.9;107.5;113.39;19.33;0.52;0;275.01;65.968;87.973;0;2.7735;431.73;0;431.73;275.01;87.973;65.968;2.7735;0.637;0.1592;0;0.0064;426.09;5.636;0;0;3.1801;2.4559;417.48;7.7582;4.2976;1.3747;2.0326;0.0533;425.24;0.8522;0.55;0.1759;0.1256;0.0006;417.77;270.17;86.422;60.63;0.2637;44.687;37.09;12.416;1.1882;0.4736;6.8132;0.2863;6.0986;0;1;0;0;1.9544;0.9869;1;1;0.9518;0.1145;0.9818;0.9843;1;0.9676;0.8319;0.998;0.998;1;0.998;0.998;0.967;0.9191;0.0951;1.2965;1.2726;0.0077;0.0095;0.0515;0.0084;0.0299;0.0013;0;0;0.088;0;1.0302;0;0;0;0;0;0;0;0;0;0;0;0;0.0241;0.0039;1.1363;1.1363;0;36.41;36.41;17.08;0.0409;1094.5;1038.1;1;0.0181;0.0181;0;0;0;0;0;0;1.1182;1.0302;0;16.696;19.333;15.137;17.529;98.41;98.41;10.362;9.0811;8.2335;1.2804;0.8476;0.1236;0.0818;0.7946;43.953;0.7853;0
21/05/21 16:00;4.9099;60.926;78.02;5.6136;8.11;90;8.11;38.307;37.297;1.0101;17.76;0.8899;0;2.4497;36.782;0.8008;0;0.0326;40.065;0;40.065;2.4497;0.8008;36.782;0.0326;0.0611;0.9189;0;0.0008;39.849;0.216;0;0;0.1888;0.0272;37.4;2.3698;0.6295;0.2058;1.5333;0.0012;39.77;0.0797;0.0049;0.0016;0.0732;0;37.404;1.8153;0.5935;34.987;0.0041;21.962;18.229;5.6907;0.0046;0.2219;3.1918;0.0045;3.4091;0;1;0;0;1.0459;0.9946;1;1;0.9949;0.1647;0.9404;0.7425;1;0.958;0.7752;0.998;0.998;1;0.998;0.998;0.9335;0.9512;0.1274;0.1203;0.1194;0.0007;0.0122;-0.0025;0.0008;0.0027;0.0006;0;0;0.088;0;0.01;0;0;0;0;0;0;0;0;0;0;0;0;0.0022;0.0001;0.1026;0.1026;0;19.303;19.303;1.5432;0.0413;100.47;1021.6;1;0.0046;0.0046;0;0;0;0;0;0;0.098;0.01;0;16.251;18.818;1.5903;1.8416;95.524;95.524;0.9616;0.8203;0.0803;0.1413;0.74;0.1469;0.7696;0.0835;21.956;0.0788;0
21/05/21 17:00;0;0;90;0;0;90;0;0;0;0;12.38;1.22;0;0;0;0;0;0;0;0;0;0;0;0;0;1;1;1;1;0;0;0;0;0;0;0;0;0;0;0;0;0;0;0;0;0;0;0;0;0;0;0;0;0;0;0;0;0;0;0;0;0;0;0;1;1;1;1;1;1;1;1;1;1;1;1;1;1;1;1;1;1;1;0;0;0;0;0;0;0;0;0;0.0004;0.088;0;-0.0884;0;0;0;0;0;0;0;0;0;0;0;0;0;0;0;0;0;0;0;-12.38;0;0;0;0;0.0004;0;0;0;0;0;0;0;-0.0004;-0.0884;0;0;0;0;0;0;0;0;0;-0.7063;0;0.7063;1;1;0;0;0;0
21/05/21 18:00;0;0;90;0;0;90;0;0;0;0;9.2103;1.55;0;0;0;0;0;0;0;0;0;0;0;0;0;1;1;1;1;0;0;0;0;0;0;0;0;0;0;0;0;0;0;0;0;0;0;0;0;0;0;0;0;0;0;0;0;0;0;0;0;0;0;0;1;1;1;1;1;1;1;1;1;1;1;1;1;1;1;1;1;1;1;0;0;0;0;0;0;0;0;0;0.0004;0.088;0;-0.0884;0;0;0;0;0;0;0;0;0;0;0;0;0;0;0;0;0;0;0;-9.2103;0;0;0;0;0.0004;0;0;0;0;0;0;0;-0.0004;-0.0884;0;0;0;0;0;0;0;0;0;-0.7063;0;0.7063;1;1;0;0;0;0
21/05/21 19:00;0;0;90;0;0;90;0;0;0;0;7.3702;1.9801;0;0;0;0;0;0;0;0;0;0;0;0;0;1;1;1;1;0;0;0;0;0;0;0;0;0;0;0;0;0;0;0;0;0;0;0;0;0;0;0;0;0;0;0;0;0;0;0;0;0;0;0;1;1;1;1;1;1;1;1;1;1;1;1;1;1;1;1;1;1;1;0;0;0;0;0;0;0;0;0;0.0004;0.088;0;-0.0884;0;0;0;0;0;0;0;0;0;0;0;0;0;0;0;0;0;0;0;-7.3702;0;0;0;0;0.0004;0;0;0;0;0;0;0;-0.0004;-0.0884;0;0;0;0;0;0;0;0;0;-0.7063;0;0.7063;1;1;0;0;0;0
21/05/21 20:00;0;0;90;0;0;90;0;0;0;0;5.5002;2.4699;0;0;0;0;0;0;0;0;0;0;0;0;0;1;1;1;1;0;0;0;0;0;0;0;0;0;0;0;0;0;0;0;0;0;0;0;0;0;0;0;0;0;0;0;0;0;0;0;0;0;0;0;1;1;1;1;1;1;1;1;1;1;1;1;1;1;1;1;1;1;1;0;0;0;0;0;0;0;0;0;0.0004;0.088;0;-0.0884;0;0;0;0;0;0;0;0;0;0;0;0;0;0;0;0;0;0;0;-5.5002;0;0;0;0;0.0004;0;0;0;0;0;0;0;-0.0004;-0.0884;0;0;0;0;0;0;0;0;0;-0.7063;0;0.7063;1;1;0;0;0;0
21/05/21 21:00;0;0;90;0;0;90;0;0;0;0;5.5102;2.92;0;0;0;0;0;0;0;0;0;0;0;0;0;1;1;1;1;0;0;0;0;0;0;0;0;0;0;0;0;0;0;0;0;0;0;0;0;0;0;0;0;0;0;0;0;0;0;0;0;0;0;0;1;1;1;1;1;1;1;1;1;1;1;1;1;1;1;1;1;1;1;0;0;0;0;0;0;0;0;0;0.0004;0.088;0;-0.0884;0;0;0;0;0;0;0;0;0;0;0;0;0;0;0;0;0;0;0;-5.5102;0;0;0;0;0.0004;0;0;0;0;0;0;0;-0.0004;-0.0884;0;0;0;0;0;0;0;0;0;-0.7063;0;0.7063;1;1;0;0;0;0
21/05/21 22:00;0;0;90;0;0;90;0;0;0;0;4.7802;3.24;0;0;0;0;0;0;0;0;0;0;0;0;0;1;1;1;1;0;0;0;0;0;0;0;0;0;0;0;0;0;0;0;0;0;0;0;0;0;0;0;0;0;0;0;0;0;0;0;0;0;0;0;1;1;1;1;1;1;1;1;1;1;1;1;1;1;1;1;1;1;1;0;0;0;0;0;0;0;0;0;0.0004;0.088;0;-0.0884;0;0;0;0;0;0;0;0;0;0;0;0;0;0;0;0;0;0;0;-4.7802;0;0;0;0;0.0004;0;0;0;0;0;0;0;-0.0004;-0.0884;0;0;0;0;0;0;0;0;0;-0.7063;0;0.7063;1;1;0;0;0;0
21/05/21 23:00;0;0;90;0;0;90;0;0;0;0;3.71;3.4299;0;0;0;0;0;0;0;0;0;0;0;0;0;1;1;1;1;0;0;0;0;0;0;0;0;0;0;0;0;0;0;0;0;0;0;0;0;0;0;0;0;0;0;0;0;0;0;0;0;0;0;0;1;1;1;1;1;1;1;1;1;1;1;1;1;1;1;1;1;1;1;0;0;0;0;0;0;0;0;0;0.0004;0.088;0;-0.0884;0;0;0;0;0;0;0;0;0;0;0;0;0;0;0;0;0;0;0;-3.71;0;0;0;0;0.0004;0;0;0;0;0;0;0;-0.0004;-0.0884;0;0;0;0;0;0;0;0;0;-0.7063;0;0.7063;1;1;0;0;0;0
22/05/21 00:00;0;0;90;0;0;90;0;0;0;0;3.6601;3.61;0;0;0;0;0;0;0;0;0;0;0;0;0;1;1;1;1;0;0;0;0;0;0;0;0;0;0;0;0;0;0;0;0;0;0;0;0;0;0;0;0;0;0;0;0;0;0;0;0;0;0;0;1;1;1;1;1;1;1;1;1;1;1;1;1;1;1;1;1;1;1;0;0;0;0;0;0;0;0;0;0.0004;0.088;0;-0.0884;0;0;0;0;0;0;0;0;0;0;0;0;0;0;0;0;0;0;0;-3.6601;0;0;0;0;0.0004;0;0;0;0;0;0;0;-0.0004;-0.0884;0;0;0;0;0;0;0;0;0;-0.7063;0;0.7063;1;1;0;0;0;0
22/05/21 01:00;0;0;90;0;0;90;0;0;0;0;3.3497;3.8901;0;0;0;0;0;0;0;0;0;0;0;0;0;1;1;1;1;0;0;0;0;0;0;0;0;0;0;0;0;0;0;0;0;0;0;0;0;0;0;0;0;0;0;0;0;0;0;0;0;0;0;0;1;1;1;1;1;1;1;1;1;1;1;1;1;1;1;1;1;1;1;0;0;0;0;0;0;0;0;0;0.0004;0.088;0;-0.0884;0;0;0;0;0;0;0;0;0;0;0;0;0;0;0;0;0;0;0;-3.3497;0;0;0;0;0.0004;0;0;0;0;0;0;0;-0.0004;-0.0884;0;0;0;0;0;0;0;0;0;-0.7063;0;0.7063;1;1;0;0;0;0
22/05/21 02:00;0;0;90;0;0;90;0;0;0;0;2.1298;4.2;0;0;0;0;0;0;0;0;0;0;0;0;0;1;1;1;1;0;0;0;0;0;0;0;0;0;0;0;0;0;0;0;0;0;0;0;0;0;0;0;0;0;0;0;0;0;0;0;0;0;0;0;1;1;1;1;1;1;1;1;1;1;1;1;1;1;1;1;1;1;1;0;0;0;0;0;0;0;0;0;0.0004;0.088;0;-0.0884;0;0;0;0;0;0;0;0;0;0;0;0;0;0;0;0;0;0;0;-2.1298;0;0;0;0;0.0004;0;0;0;0;0;0;0;-0.0004;-0.0884;0;0;0;0;0;0;0;0;0;-0.7063;0;0.7063;1;1;0;0;0;0
22/05/21 03:00;0;0;90;0;0;90;0;0;0;0;2.5699;4.3701;0;0;0;0;0;0;0;0;0;0;0;0;0;1;1;1;1;0;0;0;0;0;0;0;0;0;0;0;0;0;0;0;0;0;0;0;0;0;0;0;0;0;0;0;0;0;0;0;0;0;0;0;1;1;1;1;1;1;1;1;1;1;1;1;1;1;1;1;1;1;1;0;0;0;0;0;0;0;0;0;0.0004;0.088;0;-0.0884;0;0;0;0;0;0;0;0;0;0;0;0;0;0;0;0;0;0;0;-2.5699;0;0;0;0;0.0004;0;0;0;0;0;0;0;-0.0004;-0.0884;0;0;0;0;0;0;0;0;0;-0.7063;0;0.7063;1;1;0;0;0;0
22/05/21 04:00;0;0;90;0;0;90;0;0;0;0;3.4999;4.2399;0;0;0;0;0;0;0;0;0;0;0;0;0;1;1;1;1;0;0;0;0;0;0;0;0;0;0;0;0;0;0;0;0;0;0;0;0;0;0;0;0;0;0;0;0;0;0;0;0;0;0;0;1;1;1;1;1;1;1;1;1;1;1;1;1;1;1;1;1;1;1;0;0;0;0;0;0;0;0;0;0.0004;0.088;0;-0.0884;0;0;0;0;0;0;0;0;0;0;0;0;0;0;0;0;0;0;0;-3.4999;0;0;0;0;0.0004;0;0;0;0;0;0;0;-0.0004;-0.0884;0;0;0;0;0;0;0;0;0;-0.7063;0;0.7063;1;1;0;0;0;0
22/05/21 05:00;0;0;90;0;0;90;0;0;0;0;2.7501;4.11;0;0;0;0;0;0;0;0;0;0;0;0;0;1;1;1;1;0;0;0;0;0;0;0;0;0;0;0;0;0;0;0;0;0;0;0;0;0;0;0;0;0;0;0;0;0;0;0;0;0;0;0;1;1;1;1;1;1;1;1;1;1;1;1;1;1;1;1;1;1;1;0;0;0;0;0;0;0;0;0;0.0004;0.088;0;-0.0884;0;0;0;0;0;0;0;0;0;0;0;0;0;0;0;0;0;0;0;-2.7501;0;0;0;0;0.0004;0;0;0;0;0;0;0;-0.0004;-0.0884;0;0;0;0;0;0;0;0;0;-0.7063;0;0.7063;1;1;0;0;0;0
22/05/21 06:00;0.4991;-64.277;88.789;0.554;0.7897;-90;-0.7897;0;0;0;1.85;3.86;0;0;0;0;0;0;0;0;0;0;0;0;0;1;1;1;1;0;0;0;0;0;0;0;0;0;0;0;0;0;0;0;0;0;0;0;0;0;0;0;0;0;0;0;0;0;0;0;0;0;0;0;1;1;1;1;1;1;1;1;1;1;1;1;1;1;1;1;1;1;1;0;0;0;0;0;0;0;0;0;0.0004;0.088;0;-0.0884;0;0;0;0;0;0;0;0;0;0;0;0;0;0;0;0;0;0;0;-1.85;0;0;0;0;0.0004;0;0;0;0;0;0;0;-0.0004;-0.0884;0;0;0;0;0;0;0;0;0;-0.7063;0;0.7063;1;1;0;0;0;0
22/05/21 07:00;6.2695;-59.486;74.642;7.2674;10.599;-90;-10.599;79.408;17.801;61.607;2.55;4.02;0;149.42;10.177;18.278;0;0.1152;177.99;0;177.99;149.42;18.278;10.177;0.1152;0.8395;0.0578;0;0.0006;177.81;0.1772;0;0;0.0812;0.096;147.17;30.28;26.613;3.2555;0.408;0.0043;177.45;0.3556;0.2988;0.0366;0.0202;0;147.17;122.5;14.986;9.6671;0.0148;6.4482;5.352;1.7273;0.0037;0.0616;0.8865;0.0027;0.9444;0;1;0;0;2.2414;0.999;1;1;0.992;0.1664;0.8294;0.8215;1;0.9595;0.7752;0.998;0.998;1;0.998;0.998;0.8269;0.9499;0.1287;0.5345;0.4451;0.0027;0.0181;-0.0264;0.0032;0.0112;0.0002;0;0;0.088;0;0.3294;0;0;0;0;0;0;0;0;0;0;0;0;0.009;0.0006;0.4266;0.4266;0;8.4768;8.4768;5.9268;0.0403;379.77;1123.3;1;0.0092;0.0092;0;0;0;0;0;0;0.4174;0.3294;0;15.204;17.606;11.74;13.595;97.843;97.843;4.2717;3.4094;2.6325;0.8623;0.7768;0.2019;0.1819;0.6163;6.1094;0.614;0
22/05/21 08:00;16.254;-49.396;47.249;21.007;39.383;-90;-39.383;239.71;49.397;190.31;6.8298;4.17;0;461.56;21.443;61.135;0;4.6268;548.76;0;548.76;461.56;61.135;21.443;4.6268;0.8411;0.0475;0;0.0084;543.07;5.6957;0;0;1.4612;4.2345;535.5;6.4859;5.1243;0.6787;0.6449;0.0381;541.98;1.0861;0.9231;0.1223;0.04;0.0008;535.66;455.51;60.334;19.297;0.3535;16.251;13.488;4.7687;0.8292;0.1816;2.6121;0.1659;1.9645;0;1;0;0;2.2893;0.9896;1;1;0.9319;0.0848;0.988;0.9889;1;0.9677;0.9028;0.998;0.998;1;0.998;0.998;0.9758;0.8999;0.0764;1.6479;1.6189;0.0097;0.0047;0.0202;0.0111;0.0393;0.0005;0;0;0.088;0;1.383;0;0;0;0;0;0;0;0;0;0;0;0;0.0317;0.0061;1.4955;1.4955;0;28.569;28.569;21.739;0.0406;1391.4;1074.8;1;0.0245;0.0245;0;0;0;0;0;0;1.471;1.383;0;17.287;20.018;15.987;18.512;98.361;98.361;13.17;11.952;11.053;1.2186;0.8991;0.0925;0.0683;0.8392;15.195;0.8362;0
22/05/21 09:00;24.694;-37.393;46.206;37.133;52.867;-90;-52.867;390.11;73.298;316.81;10.91;3.79;0;524.81;25.324;69.102;0;13.142;632.38;0;632.38;524.81;69.102;25.324;13.142;0.8299;0.0608;0;0.0208;617.42;14.958;0;0;2.6533;12.304;609.16;7.0263;5.5068;0.7251;0.7611;0.0332;616.19;1.2348;1.0496;0.1382;0.0453;0.0017;612;518.25;68.239;21.865;0.8028;135.21;112.22;35.926;2.7088;1.4822;21.321;2.8351;20.094;0;1;0;0;1.621;0.9763;1;1;0.8952;0.0637;0.9886;0.9895;1;0.9664;0.9602;0.998;0.998;1;0.998;0.998;0.9633;0.8634;0.0611;1.899;1.8882;0.0114;0.0015;0.0712;0.0126;0.0448;0.0041;0;0;0.088;0;1.5825;0;0;0;0;0;0;0;0;0;0;0;0;0.0361;0.0081;1.6984;1.6984;0;35.777;35.777;24.867;0.0408;1623;1046.5;1;0.0279;0.0279;0;0;0;0;0;0;1.6705;1.5825;0;17.038;19.729;15.875;18.383;98.356;98.356;15.177;13.574;12.647;1.6032;0.9264;0.1056;0.061;0.8333;20.364;0.8128;0
22/05/21 10:00;30.895;-23.125;52.107;56.722;33.278;-90;-33.278;504.79;88.597;416.2;13.91;3.05;0;497.83;31.857;64.466;0;7.0362;601.19;0;601.19;497.83;64.466;31.857;7.0362;0.8281;0.0647;0;0.0117;593.26;7.9354;0;0;1.669;6.2664;582.36;9.7094;7.6292;0.9879;0.9742;0.1181;592.07;1.1865;0.9957;0.1289;0.0604;0.0015;584.31;489.21;63.349;29.154;0.6502;260.88;216.53;72.987;0.6918;2.3267;33.468;1.9523;35.103;0;1;0;0;1.191;0.9868;1;1;0.9476;0.1094;0.9836;0.9846;1;0.9677;0.8463;0.998;0.998;1;0.998;0.998;0.9687;0.9151;0.0924;1.8054;1.8304;0.011;0.0022;0.0817;0.0121;0.0431;0.0063;0;0;0.088;0;1.5172;0;0;0;0;0;0;0;0;0;0;0;0;0.0347;0.0077;1.6316;1.6316;0;37.725;37.725;23.815;0.0409;1572.6;1037.6;1;0.0265;0.0265;0;0;0;0;0;0;1.6052;1.5172;0;17.217;19.937;16.009;18.538;98.378;98.378;14.429;13.04;12.125;1.3885;0.9148;0.0962;0.0634;0.8404;21.498;0.8067;0
22/05/21 11:00;34.087;-6.8867;55.307;79.952;10.048;-90;-10.048;560;99.899;460.1;15.95;1.9101;0;467.27;38.056;62.508;0;0.7301;568.56;0;568.56;467.27;62.508;38.056;0.7301;0.8218;0.0682;0;0.0013;567.67;0.8864;0;0;0.2777;0.6087;553.52;13.013;10.096;1.3505;1.5398;0.0272;566.54;1.1353;0.9345;0.125;0.0756;0.0002;553.66;456.24;61.032;36.163;0.0939;327.1;271.49;90.065;0.0114;2.9558;42.518;0.1369;45.462;0;1;0;0;1.0153;0.9984;1;1;0.9927;0.1663;0.977;0.9784;1;0.9592;0.7752;0.998;0.998;1;0.998;0.998;0.9736;0.9503;0.1287;1.7074;1.7572;0.0106;0.003;0.084;0.0116;0.0412;0.008;0;0;0.088;0;1.4455;0;0;0;0;0;0;0;0;0;0;0;0;0.0332;0.0071;1.5585;1.5585;0;38.606;38.606;22.657;0.0409;1508.9;1032.8;1;0.025;0.025;0;0;0;0;0;0;1.5335;1.4455;0;17.389;20.136;16.128;18.676;98.398;98.398;13.645;12.455;11.553;1.1899;0.9029;0.0872;0.0662;0.8466;22.815;0.8017;0
22/05/21 12:00;33.746;10.054;54.959;75.355;14.645;90;14.645;551.09;108.3;442.79;17.71;1.2899;0;457.66;42.808;66.961;0;1.5219;568.95;0;568.95;457.66;66.961;42.808;1.5219;0.8044;0.0779;0;0.0027;567.09;1.8617;0;0;0.59;1.2718;553.41;12.548;9.5041;1.3906;1.597;0.0562;565.95;1.1342;0.9153;0.1339;0.0844;0.0005;553.75;447.24;65.437;40.536;0.1935;318.34;264.22;87.082;0.0512;2.9164;41.952;0.3423;44.817;0;1;0;0;1.0324;0.9967;1;1;0.9862;0.1643;0.9778;0.9792;1;0.9621;0.775;0.998;0.998;1;0.998;0.998;0.9727;0.9469;0.1271;1.7086;1.7563;0.0106;0.003;0.0951;0.0115;0.0409;0.0079;0;0;0.088;0;1.4346;0;0;0;0;0;0;0;0;0;0;0;0;0.0329;0.0071;1.5472;1.5472;0;40.396;40.396;22.686;0.041;1508.4;1025.7;1;0.0246;0.0246;0;0;0;0;0;0;1.5226;1.4346;0;17.251;19.977;15.995;18.522;98.408;98.408;13.655;12.365;11.465;1.2893;0.9001;0.0944;0.0659;0.8397;26.018;0.7957;0
22/05/21 13:00;29.933;25.989;51.167;52.728;37.272;90;37.272;484.5;114.8;369.7;18.02;1.2601;0;464.58;45.763;80.213;0;8.4106;598.97;0;598.97;464.58;80.213;45.763;8.4106;0.7756;0.0904;0;0.014;588.45;10.516;0;0;2.8683;7.648;578.16;9.115;6.5165;1.1251;1.3817;0.0917;587.27;1.1769;0.9292;0.1604;0.0858;0.0015;580.56;457.13;78.928;41.427;0.6695;241.86;200.75;67.131;1.465;2.2455;32.301;2.4012;33.081;0;1;0;0;1.2363;0.9824;1;1;0.9373;0.0907;0.9845;0.9859;1;0.9677;0.8796;0.998;0.998;1;0.998;0.998;0.9653;0.9053;0.0796;1.7987;1.8167;0.0109;0.0023;0.107;0.0119;0.0421;0.006;0;0;0.088;0;1.4815;0;0;0;0;0;0;0;0;0;0;0;0;0.0339;0.0076;1.5949;1.5949;0;41.743;41.743;23.723;0.041;1561.2;1021.6;1;0.0255;0.0255;0;0;0;0;0;0;1.5695;1.4815;0;16.892;19.561;15.69;18.169;98.403;98.403;14.375;12.747;11.84;1.6283;0.9069;0.1133;0.0631;0.8236;31.862;0.7917;0
22/05/21 14:00;23.25;39.826;44.88;33.855;56.145;90;56.145;366.1;120.6;245.5;18.19;1.3401;0;440.68;50.069;101.04;0;13.783;605.57;0;605.57;440.68;101.04;50.069;13.783;0.7277;0.1054;0;0.0228;586.89;18.679;0;0;5.7348;12.945;578.89;6.8245;4.2831;0.982;1.5194;0.04;585.72;1.1738;0.8814;0.2021;0.0887;0.0017;581.94;435.51;99.856;42.726;0.7963;121.23;100.62;33.177;6.6131;1.5382;22.126;3.0446;17.052;0;1;0;0;1.6541;0.9692;1;1;0.8855;0.0608;0.9883;0.9903;1;0.9657;0.9522;0.998;0.998;1;0.998;0.998;0.9559;0.8533;0.0578;1.8185;1.7994;0.0108;0.0025;0.1073;0.0118;0.0417;0.0041;0;0;0.088;0;1.467;0;0;0;0;0;0;0;0;0;0;0;0;0.0336;0.0074;1.5802;1.5802;0;41.947;41.947;23.757;0.041;1547.3;1021.2;1;0.0252;0.0252;0;0;0;0;0;0;1.555;1.467;0;16.553;19.168;15.368;17.795;98.406;98.406;14.534;12.629;11.724;1.9049;0.9046;0.1311;0.0622;0.8067;41.707;0.7852;0
22/05/21 15:00;14.47;51.43;52.698;18.266;31.213;90;31.213;202.3;118.3;84.002;18.07;1.2099;0;203.73;82.05;72.385;0;2.4891;360.65;0;360.65;203.73;72.385;82.05;2.4891;0.5649;0.2344;0;0.0069;354.56;6.0915;0;0;3.8909;2.2006;346.78;7.0701;3.3121;1.1768;2.5321;0.049;353.85;0.7091;0.4075;0.1448;0.1563;0.0006;347.13;200.01;71.064;75.471;0.2389;55.099;45.732;15.241;1.4256;0.5859;8.4276;0.3467;7.5879;0;1;0;0;1.7828;0.9831;1;1;0.9526;0.1159;0.98;0.9837;1;0.9675;0.8297;0.998;0.998;1;0.998;0.998;0.9615;0.9198;0.096;1.083;1.0633;0.0064;0.0125;0.0274;0.0071;0.0252;0.0016;0;0;0.088;0;0.8562;0;0;0;0;0;0;0;0;0;0;0;0;0.0203;0.0028;0.9598;0.9598;0;32.224;32.224;14.154;0.0408;912.74;1051.6;1;0.0156;0.0156;0;0;0;0;0;0;0.9442;0.8562;0;16.883;19.55;15.06;17.439;98.374;98.374;8.6557;7.6709;6.8429;0.9848;0.828;0.1138;0.0957;0.7906;54.541;0.777;0
22/05/21 16:00;4.9731;60.612;77.864;5.703;8.2429;90;8.2429;31.607;30.998;0.609;16.98;1.47;0;1.4771;30.675;0.3964;0;0.0278;32.576;0;32.576;1.4771;0.3964;30.675;0.0278;0.0453;0.9425;0;0.0009;32.392;0.1849;0;0;0.1617;0.0232;30.576;1.7505;0.3731;0.1001;1.2763;0.001;32.327;0.0648;0.003;0.0008;0.061;0;30.58;1.1011;0.2955;29.176;0.0035;18.319;15.205;4.747;0.0041;0.1851;2.6623;0.0039;2.8432;0;1;0;0;1.0307;0.9943;1;1;0.9947;0.1647;0.9459;0.7469;1;0.9581;0.7752;0.998;0.998;1;0.998;0.998;0.9386;0.9511;0.1274;0.0978;0.0977;0.0006;0.0111;-0.0024;0.0006;0.0022;0.0005;0;0;0.088;0;-0.0088;0;0;0;0;0;0;0;0;0;0;0;0;0.0018;0.0001;0.0833;0.0833;0;18.244;18.244;1.264;0.0413;81.895;1017.3;1;0.0041;0.0041;0;0;0;0;0;0;0.0792;-0.0088;0;16.223;18.786;-1.706;-1.9755;95.114;95.114;0.7818;0.6658;-0.07;0.116;0.7358;0.1484;0.9412;0;18.315;0;0
22/05/21 17:00;0;0;90;0;0;90;0;0;0;0;11.48;1.6601;0;0;0;0;0;0;0;0;0;0;0;0;0;1;1;1;1;0;0;0;0;0;0;0;0;0;0;0;0;0;0;0;0;0;0;0;0;0;0;0;0;0;0;0;0;0;0;0;0;0;0;0;1;1;1;1;1;1;1;1;1;1;1;1;1;1;1;1;1;1;1;0;0;0;0;0;0;0;0;0;0.0004;0.088;0;-0.0884;0;0;0;0;0;0;0;0;0;0;0;0;0;0;0;0;0;0;0;-11.48;0;0;0;0;0.0004;0;0;0;0;0;0;0;-0.0004;-0.0884;0;0;0;0;0;0;0;0;0;-0.7063;0;0.7063;1;1;0;0;0;0
22/05/21 18:00;0;0;90;0;0;90;0;0;0;0;8.8699;1.8301;0;0;0;0;0;0;0;0;0;0;0;0;0;1;1;1;1;0;0;0;0;0;0;0;0;0;0;0;0;0;0;0;0;0;0;0;0;0;0;0;0;0;0;0;0;0;0;0;0;0;0;0;1;1;1;1;1;1;1;1;1;1;1;1;1;1;1;1;1;1;1;0;0;0;0;0;0;0;0;0;0.0004;0.088;0;-0.0884;0;0;0;0;0;0;0;0;0;0;0;0;0;0;0;0;0;0;0;-8.8699;0;0;0;0;0.0004;0;0;0;0;0;0;0;-0.0004;-0.0884;0;0;0;0;0;0;0;0;0;-0.7063;0;0.7063;1;1;0;0;0;0
22/05/21 19:00;0;0;90;0;0;90;0;0;0;0;7.3901;2.02;0;0;0;0;0;0;0;0;0;0;0;0;0;1;1;1;1;0;0;0;0;0;0;0;0;0;0;0;0;0;0;0;0;0;0;0;0;0;0;0;0;0;0;0;0;0;0;0;0;0;0;0;1;1;1;1;1;1;1;1;1;1;1;1;1;1;1;1;1;1;1;0;0;0;0;0;0;0;0;0;0.0004;0.088;0;-0.0884;0;0;0;0;0;0;0;0;0;0;0;0;0;0;0;0;0;0;0;-7.3901;0;0;0;0;0.0004;0;0;0;0;0;0;0;-0.0004;-0.0884;0;0;0;0;0;0;0;0;0;-0.7063;0;0.7063;1;1;0;0;0;0
22/05/21 20:00;0;0;90;0;0;90;0;0;0;0;6.5698;2.2201;0;0;0;0;0;0;0;0;0;0;0;0;0;1;1;1;1;0;0;0;0;0;0;0;0;0;0;0;0;0;0;0;0;0;0;0;0;0;0;0;0;0;0;0;0;0;0;0;0;0;0;0;1;1;1;1;1;1;1;1;1;1;1;1;1;1;1;1;1;1;1;0;0;0;0;0;0;0;0;0;0.0004;0.088;0;-0.0884;0;0;0;0;0;0;0;0;0;0;0;0;0;0;0;0;0;0;0;-6.5698;0;0;0;0;0.0004;0;0;0;0;0;0;0;-0.0004;-0.0884;0;0;0;0;0;0;0;0;0;-0.7063;0;0.7063;1;1;0;0;0;0
22/05/21 21:00;0;0;90;0;0;90;0;0;0;0;5.1598;2.44;0;0;0;0;0;0;0;0;0;0;0;0;0;1;1;1;1;0;0;0;0;0;0;0;0;0;0;0;0;0;0;0;0;0;0;0;0;0;0;0;0;0;0;0;0;0;0;0;0;0;0;0;1;1;1;1;1;1;1;1;1;1;1;1;1;1;1;1;1;1;1;0;0;0;0;0;0;0;0;0;0.0004;0.088;0;-0.0884;0;0;0;0;0;0;0;0;0;0;0;0;0;0;0;0;0;0;0;-5.1598;0;0;0;0;0.0004;0;0;0;0;0;0;0;-0.0004;-0.0884;0;0;0;0;0;0;0;0;0;-0.7063;0;0.7063;1;1;0;0;0;0
22/05/21 22:00;0;0;90;0;0;90;0;0;0;0;4.1002;2.6299;0;0;0;0;0;0;0;0;0;0;0;0;0;1;1;1;1;0;0;0;0;0;0;0;0;0;0;0;0;0;0;0;0;0;0;0;0;0;0;0;0;0;0;0;0;0;0;0;0;0;0;0;1;1;1;1;1;1;1;1;1;1;1;1;1;1;1;1;1;1;1;0;0;0;0;0;0;0;0;0;0.0004;0.088;0;-0.0884;0;0;0;0;0;0;0;0;0;0;0;0;0;0;0;0;0;0;0;-4.1002;0;0;0;0;0.0004;0;0;0;0;0;0;0;-0.0004;-0.0884;0;0;0;0;0;0;0;0;0;-0.7063;0;0.7063;1;1;0;0;0;0
22/05/21 23:00;0;0;90;0;0;90;0;0;0;0;3.6003;2.7801;0;0;0;0;0;0;0;0;0;0;0;0;0;1;1;1;1;0;0;0;0;0;0;0;0;0;0;0;0;0;0;0;0;0;0;0;0;0;0;0;0;0;0;0;0;0;0;0;0;0;0;0;1;1;1;1;1;1;1;1;1;1;1;1;1;1;1;1;1;1;1;0;0;0;0;0;0;0;0;0;0.0004;0.088;0;-0.0884;0;0;0;0;0;0;0;0;0;0;0;0;0;0;0;0;0;0;0;-3.6003;0;0;0;0;0.0004;0;0;0;0;0;0;0;-0.0004;-0.0884;0;0;0;0;0;0;0;0;0;-0.7063;0;0.7063;1;1;0;0;0;0
23/05/21 00:00;0;0;90;0;0;90;0;0;0;0;3.2799;2.89;0;0;0;0;0;0;0;0;0;0;0;0;0;1;1;1;1;0;0;0;0;0;0;0;0;0;0;0;0;0;0;0;0;0;0;0;0;0;0;0;0;0;0;0;0;0;0;0;0;0;0;0;1;1;1;1;1;1;1;1;1;1;1;1;1;1;1;1;1;1;1;0;0;0;0;0;0;0;0;0;0.0004;0.088;0;-0.0884;0;0;0;0;0;0;0;0;0;0;0;0;0;0;0;0;0;0;0;-3.2799;0;0;0;0;0.0004;0;0;0;0;0;0;0;-0.0004;-0.0884;0;0;0;0;0;0;0;0;0;-0.7063;0;0.7063;1;1;0;0;0;0
23/05/21 01:00;0;0;90;0;0;90;0;0;0;0;2.55;2.9599;0;0;0;0;0;0;0;0;0;0;0;0;0;1;1;1;1;0;0;0;0;0;0;0;0;0;0;0;0;0;0;0;0;0;0;0;0;0;0;0;0;0;0;0;0;0;0;0;0;0;0;0;1;1;1;1;1;1;1;1;1;1;1;1;1;1;1;1;1;1;1;0;0;0;0;0;0;0;0;0;0.0004;0.088;0;-0.0884;0;0;0;0;0;0;0;0;0;0;0;0;0;0;0;0;0;0;0;-2.55;0;0;0;0;0.0004;0;0;0;0;0;0;0;-0.0004;-0.0884;0;0;0;0;0;0;0;0;0;-0.7063;0;0.7063;1;1;0;0;0;0
23/05/21 02:00;0;0;90;0;0;90;0;0;0;0;2.78;3.0201;0;0;0;0;0;0;0;0;0;0;0;0;0;1;1;1;1;0;0;0;0;0;0;0;0;0;0;0;0;0;0;0;0;0;0;0;0;0;0;0;0;0;0;0;0;0;0;0;0;0;0;0;1;1;1;1;1;1;1;1;1;1;1;1;1;1;1;1;1;1;1;0;0;0;0;0;0;0;0;0;0.0004;0.088;0;-0.0884;0;0;0;0;0;0;0;0;0;0;0;0;0;0;0;0;0;0;0;-2.78;0;0;0;0;0.0004;0;0;0;0;0;0;0;-0.0004;-0.0884;0;0;0;0;0;0;0;0;0;-0.7063;0;0.7063;1;1;0;0;0;0
23/05/21 03:00;0;0;90;0;0;90;0;0;0;0;1.5402;3.07;0;0;0;0;0;0;0;0;0;0;0;0;0;1;1;1;1;0;0;0;0;0;0;0;0;0;0;0;0;0;0;0;0;0;0;0;0;0;0;0;0;0;0;0;0;0;0;0;0;0;0;0;1;1;1;1;1;1;1;1;1;1;1;1;1;1;1;1;1;1;1;0;0;0;0;0;0;0;0;0;0.0004;0.088;0;-0.0884;0;0;0;0;0;0;0;0;0;0;0;0;0;0;0;0;0;0;0;-1.5402;0;0;0;0;0.0004;0;0;0;0;0;0;0;-0.0004;-0.0884;0;0;0;0;0;0;0;0;0;-0.7063;0;0.7063;1;1;0;0;0;0
23/05/21 04:00;0;0;90;0;0;90;0;0;0;0;1.14;3.0901;0;0;0;0;0;0;0;0;0;0;0;0;0;1;1;1;1;0;0;0;0;0;0;0;0;0;0;0;0;0;0;0;0;0;0;0;0;0;0;0;0;0;0;0;0;0;0;0;0;0;0;0;1;1;1;1;1;1;1;1;1;1;1;1;1;1;1;1;1;1;1;0;0;0;0;0;0;0;0;0;0.0004;0.088;0;-0.0884;0;0;0;0;0;0;0;0;0;0;0;0;0;0;0;0;0;0;0;-1.14;0;0;0;0;0.0004;0;0;0;0;0;0;0;-0.0004;-0.0884;0;0;0;0;0;0;0;0;0;-0.7063;0;0.7063;1;1;0;0;0;0
23/05/21 05:00;0;0;90;0;0;90;0;0;0;0;1.2603;3.1001;0;0;0;0;0;0;0;0;0;0;0;0;0;1;1;1;1;0;0;0;0;0;0;0;0;0;0;0;0;0;0;0;0;0;0;0;0;0;0;0;0;0;0;0;0;0;0;0;0;0;0;0;1;1;1;1;1;1;1;1;1;1;1;1;1;1;1;1;1;1;1;0;0;0;0;0;0;0;0;0;0.0004;0.088;0;-0.0884;0;0;0;0;0;0;0;0;0;0;0;0;0;0;0;0;0;0;0;-1.2603;0;0;0;0;0.0004;0;0;0;0;0;0;0;-0.0004;-0.0884;0;0;0;0;0;0;0;0;0;-0.7063;0;0.7063;1;1;0;0;0;0
23/05/21 06:00;0.3667;-64.137;89.111;0.4076;0.5809;-90;-0.5809;0;0;0;0.5297;3.05;0;0;0;0;0;0;0;0;0;0;0;0;0;1;1;1;1;0;0;0;0;0;0;0;0;0;0;0;0;0;0;0;0;0;0;0;0;0;0;0;0;0;0;0;0;0;0;0;0;0;0;0;1;1;1;1;1;1;1;1;1;1;1;1;1;1;1;1;1;1;1;0;0;0;0;0;0;0;0;0;0.0004;0.088;0;-0.0884;0;0;0;0;0;0;0;0;0;0;0;0;0;0;0;0;0;0;0;-0.5297;0;0;0;0;0.0004;0;0;0;0;0;0;0;-0.0004;-0.0884;0;0;0;0;0;0;0;0;0;-0.7063;0;0.7063;1;1;0;0;0;0
23/05/21 07:00;6.1298;-59.353;74.991;7.1155;10.367;-90;-10.367;52.802;36.1;16.702;1.12;3.6501;0;40.507;31.601;10.281;0;0.0733;82.462;0;82.462;40.507;10.281;31.601;0.0733;0.4912;0.3841;0;0.0009;82.158;0.3041;0;0;0.243;0.0611;71.318;10.676;7.4981;1.9031;1.2719;0.0027;81.994;0.1643;0.081;0.0206;0.0627;0;71.326;32.928;8.3575;30.023;0.0094;19.063;15.822;4.966;0.0105;0.1913;2.7515;0.0078;2.9322;0;1;0;0;1.5617;0.9963;1;1;0.9923;0.1664;0.8698;0.8145;1;0.9594;0.7752;0.998;0.998;1;0.998;0.998;0.8649;0.9501;0.1287;0.2476;0.2206;0.0013;0.0156;-0.0168;0.0015;0.0055;0.0005;0;0;0.088;0;0.1132;0;0;0;0;0;0;0;0;0;0;0;0;0.0044;0.0002;0.2083;0.2083;0;4.002;4.002;2.8819;0.0404;186.79;1115.2;1;0.0071;0.0071;0;0;0;0;0;0;0.2012;0.1132;0;16.024;18.556;8.7093;10.085;96.598;96.598;1.9791;1.6647;0.9048;0.3144;0.7599;0.1588;0.384;0.4572;18.96;0.446;0
23/05/21 08:00;16.098;-49.279;47.74;20.847;38.818;-90;-38.818;250.39;42.799;207.6;4.5502;2.8501;0;503.48;16.673;58.342;0;4.7007;583.19;0;583.19;503.48;58.342;16.673;4.7007;0.8633;0.0366;0;0.0081;577.79;5.4033;0;0;1.1111;4.2922;569.69;6.9421;5.7337;0.6644;0.5019;0.0421;576.64;1.1556;1.007;0.1167;0.0311;0.0008;569.82;496.74;57.561;15.029;0.3657;12.893;10.701;3.8134;0.6139;0.1393;2.0031;0.1242;1.5285;0;1;0;0;2.3291;0.9907;1;1;0.9334;0.0869;0.988;0.9886;1;0.9677;0.8968;0.998;0.998;1;0.998;0.998;0.9768;0.9014;0.0778;1.7513;1.7204;0.0104;0.0034;0.0159;0.0118;0.042;0.0004;0;0;0.088;0;1.4813;0;0;0;0;0;0;0;0;0;0;0;0;0.0338;0.0068;1.5959;1.5959;0;27.655;27.655;23.105;0.0406;1478.6;1079.3;1;0.0265;0.0265;0;0;0;0;0;0;1.5693;1.4813;0;17.359;20.101;16.113;18.659;98.337;98.337;13.997;12.754;11.839;1.2425;0.9154;0.0888;0.0654;0.8458;11.758;0.8437;0
23/05/21 09:00;24.523;-37.299;46.363;36.974;53.026;-90;-53.026;394.6;69.599;325;9.1199;1.62;0;540.36;22.968;68.028;0;13.368;644.72;0;644.72;540.36;68.028;22.968;13.368;0.8381;0.0564;0;0.0207;629.79;14.933;0;0;2.4168;12.517;621.36;7.1642;5.7197;0.7201;0.6906;0.0339;628.53;1.2596;1.0807;0.1361;0.0411;0.0017;624.22;533.56;67.172;19.819;0.8155;134.8;111.88;35.637;2.4829;1.4752;21.22;2.8599;20.213;0;1;0;0;1.6339;0.9768;1;1;0.8948;0.0637;0.9886;0.9894;1;0.9663;0.9601;0.998;0.998;1;0.998;0.998;0.9638;0.8629;0.061;1.9361;1.9248;0.0116;0.0012;0.0636;0.0129;0.0459;0.0041;0;0;0.088;0;1.6234;0;0;0;0;0;0;0;0;0;0;0;0;0.037;0.0084;1.7402;1.7402;0;34.455;34.455;25.336;0.0408;1654.2;1052;1;0.0288;0.0288;0;0;0;0;0;0;1.7114;1.6234;0;17.123;19.828;15.973;18.497;98.343;98.343;15.473;13.908;12.974;1.5654;0.9337;0.1012;0.0603;0.8385;18.5;0.8183;0
23/05/21 10:00;30.71;-23.069;52.281;56.588;33.412;-90;-33.412;511.9;85.797;426.11;12.41;1.09;0;510.47;29.403;64.386;0;7.1909;611.45;0;611.45;510.47;64.386;29.403;7.1909;0.8349;0.0598;0;0.0118;603.49;7.9585;0;0;1.5502;6.4083;592.3;9.9795;7.9579;1.0037;0.8987;0.1192;602.28;1.207;1.0209;0.1288;0.0557;0.0016;594.3;501.49;63.253;26.898;0.6618;263.85;219;73.833;0.6475;2.3489;33.788;1.9944;35.489;0;1;0;0;1.1945;0.987;1;1;0.9473;0.1088;0.9834;0.9844;1;0.9677;0.8473;0.998;0.998;1;0.998;0.998;0.9687;0.9148;0.092;1.8362;1.8612;0.0112;0.0018;0.0757;0.0124;0.044;0.0064;0;0;0.088;0;1.5511;0;0;0;0;0;0;0;0;0;0;0;0;0.0354;0.0079;1.6663;1.6663;0;36.607;36.607;24.198;0.0409;1598.8;1042.3;1;0.0272;0.0272;0;0;0;0;0;0;1.6391;1.5511;0;17.288;20.019;16.092;18.635;98.366;98.366;14.675;13.317;12.396;1.3575;0.9209;0.0925;0.0628;0.8447;19.861;0.8112;0
23/05/21 11:00;33.895;-6.8844;55.495;79.884;10.116;-90;-10.116;569;96.101;472.9;15.88;0.9501;0;480.37;34.647;62.148;0;0.7519;577.92;0;577.92;480.37;62.148;34.647;0.7519;0.8312;0.0613;0;0.0013;577.04;0.8826;0;0;0.2557;0.6268;562.48;13.405;10.605;1.372;1.4003;0.028;575.88;1.1541;0.9607;0.1243;0.0688;0.0003;562.62;468.81;60.652;32.922;0.0968;332.26;275.78;91.531;0.0107;2.9996;43.148;0.1415;46.137;0;1;0;0;1.0157;0.9985;1;1;0.9926;0.1663;0.9767;0.9779;1;0.9592;0.7752;0.998;0.998;1;0.998;0.998;0.9733;0.9502;0.1287;1.7355;1.7855;0.0107;0.0027;0.0872;0.0118;0.0418;0.0081;0;0;0.088;0;1.4687;0;0;0;0;0;0;0;0;0;0;0;0;0.0337;0.0073;1.5821;1.5821;0;38.907;38.907;23.027;0.0409;1533.2;1031.9;1;0.0254;0.0254;0;0;0;0;0;0;1.5567;1.4687;0;17.366;20.11;16.122;18.668;98.394;98.394;13.87;12.644;11.738;1.2258;0.9064;0.0884;0.0653;0.8463;20.775;0.8015;0
23/05/21 12:00;33.56;9.9978;55.15;75.335;14.665;90;14.665;555.29;104;451.29;18.11;0.98;0;466.48;39.605;65.889;0;1.5377;573.52;0;573.52;466.48;65.889;39.605;1.5377;0.8134;0.0717;0;0.0027;571.68;1.8321;0;0;0.5471;1.285;557.71;12.833;9.9004;1.3984;1.477;0.0567;570.54;1.1434;0.933;0.1318;0.0781;0.0005;558.05;455.65;64.359;37.503;0.1955;320.67;266.16;87.748;0.0476;2.9356;42.227;0.3461;45.115;0;1;0;0;1.0328;0.9968;1;1;0.9862;0.1643;0.9775;0.9787;1;0.9621;0.775;0.998;0.998;1;0.998;0.998;0.9724;0.9469;0.1271;1.7223;1.7698;0.0107;0.0029;0.0995;0.0116;0.0411;0.0079;0;0;0.088;0;1.4431;0;0;0;0;0;0;0;0;0;0;0;0;0.0331;0.0072;1.5558;1.5558;0;40.983;40.983;22.873;0.041;1520.1;1023.5;1;0.0248;0.0248;0;0;0;0;0;0;1.5311;1.4431;0;17.209;19.928;15.962;18.484;98.409;98.409;13.764;12.434;11.533;1.3301;0.9012;0.0966;0.0655;0.8379;24.073;0.7941;0
23/05/21 13:00;29.764;25.885;51.351;52.641;37.359;90;37.359;495.59;103.9;391.7;19.22;1.07;0;492.79;38.006;77.431;0;8.6419;616.87;0;616.87;492.79;77.431;38.006;8.6419;0.7989;0.0756;0;0.014;606.62;10.252;0;0;2.3908;7.8612;596.03;9.3738;7.029;1.1044;1.1472;0.0932;605.4;1.2132;0.9856;0.1549;0.0712;0.0016;598.49;484.78;76.172;34.397;0.6859;245.76;203.98;68.18;1.2268;2.2667;32.606;2.4563;33.646;0;1;0;0;1.2447;0.9834;1;1;0.9371;0.0903;0.9845;0.9857;1;0.9677;0.8804;0.998;0.998;1;0.998;0.998;0.9662;0.905;0.0794;1.8525;1.8713;0.0113;0.0017;0.1232;0.0121;0.0431;0.006;0;0;0.088;0;1.5171;0;0;0;0;0;0;0;0;0;0;0;0;0.0347;0.008;1.6312;1.6312;0;43.714;43.714;24.494;0.0411;1608.2;1014.3;1;0.026;0.026;0;0;0;0;0;0;1.6051;1.5171;0;16.774;19.424;15.602;18.066;98.404;98.404;14.805;13.036;12.125;1.7685;0.9114;0.1195;0.0616;0.819;26.48;0.7878;0
23/05/21 14:00;23.102;39.693;45.054;33.739;56.261;90;56.261;376.61;107.7;268.91;19.21;1.0201;0;484.15;40.663;99.774;0;14.232;638.82;0;638.82;484.15;99.774;40.663;14.232;0.7579;0.0859;0;0.0223;620.79;18.038;0;0;4.6714;13.367;612.53;7.0106;4.7547;0.9798;1.2345;0.0416;619.54;1.2416;0.9683;0.1995;0.072;0.0017;615.55;478.43;98.595;34.685;0.822;118.65;98.48;32.032;5.4108;1.4651;21.074;3.0185;17.129;0;1;0;0;1.6963;0.9718;1;1;0.8851;0.0608;0.9887;0.9902;1;0.9656;0.9518;0.998;0.998;1;0.998;0.998;0.9588;0.853;0.0578;1.9184;1.8984;0.0114;0.0014;0.1295;0.0123;0.0436;0.0039;0;0;0.088;0;1.5385;0;0;0;0;0;0;0;0;0;0;0;0;0.0351;0.0082;1.6529;1.6529;0;44.394;44.394;25.184;0.0411;1632.4;1012.5;1;0.0264;0.0264;0;0;0;0;0;0;1.6265;1.5385;0;16.414;19.007;15.277;17.691;98.402;98.402;15.332;13.21;12.296;2.1218;0.9144;0.1384;0.0596;0.802;33.915;0.7826;0
23/05/21 15:00;14.343;51.281;53.073;18.145;30.905;90;30.905;212.91;109.2;103.71;19.07;0.5599;0;251.52;69.561;83.24;0;2.5695;406.89;0;406.89;251.52;83.24;69.561;2.5695;0.6182;0.1773;0;0.0063;401.38;5.5155;0;0;3.2472;2.2683;392.72;7.8591;4.2506;1.4067;2.15;0.0518;400.58;0.8028;0.503;0.1665;0.1326;0.0006;393;246.77;81.667;64.031;0.2488;46.815;38.856;12.962;1.1681;0.4942;7.1087;0.2866;6.4349;0;1;0;0;1.9111;0.9864;1;1;0.9533;0.1172;0.9804;0.9831;1;0.9675;0.8277;0.998;0.998;1;0.998;0.998;0.9652;0.9205;0.0968;1.2219;1.1987;0.0072;0.0106;0.0431;0.008;0.0282;0.0013;0;0;0.088;0;0.9687;0;0;0;0;0;0;0;0;0;0;0;0;0.0227;0.0035;1.0739;1.0739;0;35.125;35.125;16.055;0.0409;1030.4;1042.2;1;0.0172;0.0172;0;0;0;0;0;0;1.0567;0.9687;0;16.742;19.387;15.102;17.488;98.399;98.399;9.7655;8.5823;7.7417;1.1831;0.8407;0.1212;0.0861;0.7928;46.139;0.7825;0
23/05/21 16:00;4.8629;60.454;78.136;5.5854;8.0682;90;8.0682;35.905;35.003;0.9019;17.63;0.42;0;2.1873;34.551;0.6781;0;0.0302;37.447;0;37.447;2.1873;0.6781;34.551;0.0302;0.0584;0.9235;0;0.0008;37.246;0.2011;0;0;0.1759;0.0252;34.983;2.1881;0.5693;0.1765;1.4412;0.0011;37.171;0.0745;0.0044;0.0014;0.0688;0;34.987;1.6136;0.5002;32.865;0.0038;20.628;17.121;5.3447;0.0042;0.2084;2.998;0.0041;3.2022;0;1;0;0;1.043;0.9946;1;1;0.9949;0.1647;0.9411;0.7392;1;0.958;0.7752;0.998;0.998;1;0.998;0.998;0.9342;0.9512;0.1274;0.1125;0.1117;0.0007;0.0118;-0.0024;0.0007;0.0025;0.0005;0;0;0.088;0;0.0033;0;0;0;0;0;0;0;0;0;0;0;0;0.002;0.0001;0.0957;0.0957;0;19.075;19.075;1.4445;0.0413;93.882;1019.6;1;0.0044;0.0044;0;0;0;0;0;0;0.0913;0.0033;0;16.216;18.778;0.5628;0.6517;95.4;95.4;0.8987;0.765;0.0266;0.1337;0.7385;0.1488;0.8217;0.0295;20.623;0.0279;0
23/05/21 17:00;0;0;90;0;0;90;0;0;0;0;10.43;0.99;0;0;0;0;0;0;0;0;0;0;0;0;0;1;1;1;1;0;0;0;0;0;0;0;0;0;0;0;0;0;0;0;0;0;0;0;0;0;0;0;0;0;0;0;0;0;0;0;0;0;0;0;1;1;1;1;1;1;1;1;1;1;1;1;1;1;1;1;1;1;1;0;0;0;0;0;0;0;0;0;0.0004;0.088;0;-0.0884;0;0;0;0;0;0;0;0;0;0;0;0;0;0;0;0;0;0;0;-10.43;0;0;0;0;0.0004;0;0;0;0;0;0;0;-0.0004;-0.0884;0;0;0;0;0;0;0;0;0;-0.7063;0;0.7063;1;1;0;0;0;0
23/05/21 18:00;0;0;90;0;0;90;0;0;0;0;9.4403;1.8301;0;0;0;0;0;0;0;0;0;0;0;0;0;1;1;1;1;0;0;0;0;0;0;0;0;0;0;0;0;0;0;0;0;0;0;0;0;0;0;0;0;0;0;0;0;0;0;0;0;0;0;0;1;1;1;1;1;1;1;1;1;1;1;1;1;1;1;1;1;1;1;0;0;0;0;0;0;0;0;0;0.0004;0.088;0;-0.0884;0;0;0;0;0;0;0;0;0;0;0;0;0;0;0;0;0;0;0;-9.4403;0;0;0;0;0.0004;0;0;0;0;0;0;0;-0.0004;-0.0884;0;0;0;0;0;0;0;0;0;-0.7063;0;0.7063;1;1;0;0;0;0
23/05/21 19:00;0;0;90;0;0;90;0;0;0;0;7.4001;2.7701;0;0;0;0;0;0;0;0;0;0;0;0;0;1;1;1;1;0;0;0;0;0;0;0;0;0;0;0;0;0;0;0;0;0;0;0;0;0;0;0;0;0;0;0;0;0;0;0;0;0;0;0;1;1;1;1;1;1;1;1;1;1;1;1;1;1;1;1;1;1;1;0;0;0;0;0;0;0;0;0;0.0004;0.088;0;-0.0884;0;0;0;0;0;0;0;0;0;0;0;0;0;0;0;0;0;0;0;-7.4001;0;0;0;0;0.0004;0;0;0;0;0;0;0;-0.0004;-0.0884;0;0;0;0;0;0;0;0;0;-0.7063;0;0.7063;1;1;0;0;0;0
23/05/21 20:00;0;0;90;0;0;90;0;0;0;0;6.1902;3.55;0;0;0;0;0;0;0;0;0;0;0;0;0;1;1;1;1;0;0;0;0;0;0;0;0;0;0;0;0;0;0;0;0;0;0;0;0;0;0;0;0;0;0;0;0;0;0;0;0;0;0;0;1;1;1;1;1;1;1;1;1;1;1;1;1;1;1;1;1;1;1;0;0;0;0;0;0;0;0;0;0.0004;0.088;0;-0.0884;0;0;0;0;0;0;0;0;0;0;0;0;0;0;0;0;0;0;0;-6.1902;0;0;0;0;0.0004;0;0;0;0;0;0;0;-0.0004;-0.0884;0;0;0;0;0;0;0;0;0;-0.7063;0;0.7063;1;1;0;0;0;0
23/05/21 21:00;0;0;90;0;0;90;0;0;0;0;5.33;4.12;0;0;0;0;0;0;0;0;0;0;0;0;0;1;1;1;1;0;0;0;0;0;0;0;0;0;0;0;0;0;0;0;0;0;0;0;0;0;0;0;0;0;0;0;0;0;0;0;0;0;0;0;1;1;1;1;1;1;1;1;1;1;1;1;1;1;1;1;1;1;1;0;0;0;0;0;0;0;0;0;0.0004;0.088;0;-0.0884;0;0;0;0;0;0;0;0;0;0;0;0;0;0;0;0;0;0;0;-5.33;0;0;0;0;0.0004;0;0;0;0;0;0;0;-0.0004;-0.0884;0;0;0;0;0;0;0;0;0;-0.7063;0;0.7063;1;1;0;0;0;0
23/05/21 22:00;0;0;90;0;0;90;0;0;0;0;6.6097;4.6199;0;0;0;0;0;0;0;0;0;0;0;0;0;1;1;1;1;0;0;0;0;0;0;0;0;0;0;0;0;0;0;0;0;0;0;0;0;0;0;0;0;0;0;0;0;0;0;0;0;0;0;0;1;1;1;1;1;1;1;1;1;1;1;1;1;1;1;1;1;1;1;0;0;0;0;0;0;0;0;0;0.0004;0.088;0;-0.0884;0;0;0;0;0;0;0;0;0;0;0;0;0;0;0;0;0;0;0;-6.6097;0;0;0;0;0.0004;0;0;0;0;0;0;0;-0.0004;-0.0884;0;0;0;0;0;0;0;0;0;-0.7063;0;0.7063;1;1;0;0;0;0
23/05/21 23:00;0;0;90;0;0;90;0;0;0;0;8.4398;4.7899;0;0;0;0;0;0;0;0;0;0;0;0;0;1;1;1;1;0;0;0;0;0;0;0;0;0;0;0;0;0;0;0;0;0;0;0;0;0;0;0;0;0;0;0;0;0;0;0;0;0;0;0;1;1;1;1;1;1;1;1;1;1;1;1;1;1;1;1;1;1;1;0;0;0;0;0;0;0;0;0;0.0004;0.088;0;-0.0884;0;0;0;0;0;0;0;0;0;0;0;0;0;0;0;0;0;0;0;-8.4398;0;0;0;0;0.0004;0;0;0;0;0;0;0;-0.0004;-0.0884;0;0;0;0;0;0;0;0;0;-0.7063;0;0.7063;1;1;0;0;0;0
24/05/21 00:00;0;0;90;0;0;90;0;0;0;0;7.9499;4.98;0;0;0;0;0;0;0;0;0;0;0;0;0;1;1;1;1;0;0;0;0;0;0;0;0;0;0;0;0;0;0;0;0;0;0;0;0;0;0;0;0;0;0;0;0;0;0;0;0;0;0;0;1;1;1;1;1;1;1;1;1;1;1;1;1;1;1;1;1;1;1;0;0;0;0;0;0;0;0;0;0.0004;0.088;0;-0.0884;0;0;0;0;0;0;0;0;0;0;0;0;0;0;0;0;0;0;0;-7.9499;0;0;0;0;0.0004;0;0;0;0;0;0;0;-0.0004;-0.0884;0;0;0;0;0;0;0;0;0;-0.7063;0;0.7063;1;1;0;0;0;0
24/05/21 01:00;0;0;90;0;0;90;0;0;0;0;5.9097;4.99;0;0;0;0;0;0;0;0;0;0;0;0;0;1;1;1;1;0;0;0;0;0;0;0;0;0;0;0;0;0;0;0;0;0;0;0;0;0;0;0;0;0;0;0;0;0;0;0;0;0;0;0;1;1;1;1;1;1;1;1;1;1;1;1;1;1;1;1;1;1;1;0;0;0;0;0;0;0;0;0;0.0004;0.088;0;-0.0884;0;0;0;0;0;0;0;0;0;0;0;0;0;0;0;0;0;0;0;-5.9097;0;0;0;0;0.0004;0;0;0;0;0;0;0;-0.0004;-0.0884;0;0;0;0;0;0;0;0;0;-0.7063;0;0.7063;1;1;0;0;0;0
24/05/21 02:00;0;0;90;0;0;90;0;0;0;0;5.3599;4.91;0;0;0;0;0;0;0;0;0;0;0;0;0;1;1;1;1;0;0;0;0;0;0;0;0;0;0;0;0;0;0;0;0;0;0;0;0;0;0;0;0;0;0;0;0;0;0;0;0;0;0;0;1;1;1;1;1;1;1;1;1;1;1;1;1;1;1;1;1;1;1;0;0;0;0;0;0;0;0;0;0.0004;0.088;0;-0.0884;0;0;0;0;0;0;0;0;0;0;0;0;0;0;0;0;0;0;0;-5.3599;0;0;0;0;0.0004;0;0;0;0;0;0;0;-0.0004;-0.0884;0;0;0;0;0;0;0;0;0;-0.7063;0;0.7063;1;1;0;0;0;0
24/05/21 03:00;0;0;90;0;0;90;0;0;0;0;4.7703;4.75;0;0;0;0;0;0;0;0;0;0;0;0;0;1;1;1;1;0;0;0;0;0;0;0;0;0;0;0;0;0;0;0;0;0;0;0;0;0;0;0;0;0;0;0;0;0;0;0;0;0;0;0;1;1;1;1;1;1;1;1;1;1;1;1;1;1;1;1;1;1;1;0;0;0;0;0;0;0;0;0;0.0004;0.088;0;-0.0884;0;0;0;0;0;0;0;0;0;0;0;0;0;0;0;0;0;0;0;-4.7703;0;0;0;0;0.0004;0;0;0;0;0;0;0;-0.0004;-0.0884;0;0;0;0;0;0;0;0;0;-0.7063;0;0.7063;1;1;0;0;0;0
24/05/21 04:00;0;0;90;0;0;90;0;0;0;0;7.9599;4.6001;0;0;0;0;0;0;0;0;0;0;0;0;0;1;1;1;1;0;0;0;0;0;0;0;0;0;0;0;0;0;0;0;0;0;0;0;0;0;0;0;0;0;0;0;0;0;0;0;0;0;0;0;1;1;1;1;1;1;1;1;1;1;1;1;1;1;1;1;1;1;1;0;0;0;0;0;0;0;0;0;0.0004;0.088;0;-0.0884;0;0;0;0;0;0;0;0;0;0;0;0;0;0;0;0;0;0;0;-7.9599;0;0;0;0;0.0004;0;0;0;0;0;0;0;-0.0004;-0.0884;0;0;0;0;0;0;0;0;0;-0.7063;0;0.7063;1;1;0;0;0;0
24/05/21 05:00;0;0;90;0;0;90;0;0;0;0;9.53;4.51;0;0;0;0;0;0;0;0;0;0;0;0;0;1;1;1;1;0;0;0;0;0;0;0;0;0;0;0;0;0;0;0;0;0;0;0;0;0;0;0;0;0;0;0;0;0;0;0;0;0;0;0;1;1;1;1;1;1;1;1;1;1;1;1;1;1;1;1;1;1;1;0;0;0;0;0;0;0;0;0;0.0004;0.088;0;-0.0884;0;0;0;0;0;0;0;0;0;0;0;0;0;0;0;0;0;0;0;-9.53;0;0;0;0;0.0004;0;0;0;0;0;0;0;-0.0004;-0.0884;0;0;0;0;0;0;0;0;0;-0.7063;0;0.7063;1;1;0;0;0;0
24/05/21 06:00;0.4203;-63.86;88.981;0.4682;0.6673;-90;-0.6673;0;0;0;9.3499;4.5301;0;0;0;0;0;0;0;0;0;0;0;0;0;1;1;1;1;0;0;0;0;0;0;0;0;0;0;0;0;0;0;0;0;0;0;0;0;0;0;0;0;0;0;0;0;0;0;0;0;0;0;0;1;1;1;1;1;1;1;1;1;1;1;1;1;1;1;1;1;1;1;0;0;0;0;0;0;0;0;0;0.0004;0.088;0;-0.0884;0;0;0;0;0;0;0;0;0;0;0;0;0;0;0;0;0;0;0;-9.3499;0;0;0;0;0.0004;0;0;0;0;0;0;0;-0.0004;-0.0884;0;0;0;0;0;0;0;0;0;-0.7063;0;0.7063;1;1;0;0;0;0
24/05/21 07:00;5.9927;-59.226;75.333;6.9658;10.14;-90;-10.14;70.207;24.3;45.908;10.37;5.0299;0;111.34;16.148;19.463;0;0.0932;147.04;0;147.04;111.34;19.463;16.148;0.0932;0.7572;0.1104;0;0.0006;146.85;0.1974;0;0;0.1196;0.0777;120.79;25.766;21.374;3.7362;0.6524;0.0035;146.55;0.2937;0.2227;0.0389;0.0321;0;120.79;89.743;15.688;15.343;0.012;9.9469;8.256;2.4408;0.005;0.1096;1.5759;0.0041;1.6805;0;1;0;0;2.0944;0.9987;1;1;0.9926;0.1663;0.8242;0.8076;1;0.9592;0.7752;0.998;0.998;1;0.998;0.998;0.8214;0.9502;0.1287;0.4416;0.3671;0.0022;0.0177;-0.0129;0.0025;0.0089;0.0003;0;0;0.088;0;0.2447;0;0;0;0;0;0;0;0;0;0;0;0;0.0072;0.0005;0.3407;0.3407;0;15.272;15.272;4.9014;0.0406;313.28;1087.4;1;0.0079;0.0079;0;0;0;0;0;0;0.3327;0.2447;0;14.697;17.019;10.558;12.226;97.67;97.67;3.529;2.7226;1.9559;0.8064;0.7667;0.2285;0.2173;0.5542;9.6827;0.5498;0
24/05/21 08:00;15.946;-49.167;48.217;20.689;38.274;-90;-38.274;245.1;43.098;202;13.39;5.1899;0;489.91;17.225;57.719;0;4.4781;569.34;0;569.34;489.91;57.719;17.225;4.4781;0.8605;0.0381;0;0.0079;564.13;5.2027;0;0;1.1231;4.0796;556.05;6.9513;5.7157;0.6734;0.519;0.0433;563;1.1283;0.9798;0.1154;0.0322;0.0008;556.18;483.22;56.93;15.55;0.3544;13.198;10.955;3.8883;0.6042;0.142;2.0424;0.1236;1.5802;0;1;0;0;2.3229;0.9909;1;1;0.9348;0.089;0.9877;0.9883;1;0.9677;0.8912;0.998;0.998;1;0.998;0.998;0.9767;0.9028;0.0791;1.7097;1.6794;0.0101;0.0039;0.0655;0.0112;0.0397;0.0004;0;0;0.088;0;1.3978;0;0;0;0;0;0;0;0;0;0;0;0;0.032;0.0066;1.51;1.51;0;36.103;36.103;22.712;0.0408;1445.4;1044.7;1;0.0243;0.0243;0;0;0;0;0;0;1.4858;1.3978;0;16.825;19.483;15.574;18.035;98.394;98.394;13.664;12.068;11.171;1.5959;0.8971;0.1168;0.0657;0.8175;12.092;0.8154;0
24/05/21 09:00;24.355;-37.21;46.515;36.816;53.184;-90;-53.184;357.8;91.298;266.5;15.89;4.8501;0;444.72;37.572;73.944;0;12.188;568.42;0;568.42;444.72;73.944;37.572;12.188;0.7824;0.0875;0;0.0214;553.04;15.383;0;0;3.9706;11.413;545.23;6.6969;4.7466;0.7892;1.1301;0.0309;551.93;1.1061;0.8894;0.1479;0.0672;0.0016;547.9;439.08;73.007;32.404;0.7426;128.32;106.5;35.043;4.1017;1.4446;20.779;2.6623;18.122;0;1;0;0;1.5887;0.9729;1;1;0.8943;0.0636;0.9879;0.9893;1;0.9663;0.96;0.998;0.998;1;0.998;0.998;0.9592;0.8625;0.0609;1.707;1.694;0.0102;0.0038;0.0787;0.0112;0.0398;0.0039;0;0;0.088;0;1.3958;0;0;0;0;0;0;0;0;0;0;0;0;0.032;0.0066;1.5078;1.5078;0;38.201;38.201;22.311;0.0409;1456.5;1035.2;1;0.024;0.024;0;0;0;0;0;0;1.4838;1.3958;0;16.828;19.486;15.577;18.038;98.406;98.406;13.642;12.051;11.155;1.5915;0.8954;0.1167;0.0656;0.8177;30.314;0.7959;0
24/05/21 10:00;30.529;-23.017;52.448;56.455;33.545;-90;-33.545;511.1;85.098;426.01;17.61;4.33;0;511.14;28.876;64.311;0;7.2357;611.56;0;611.56;511.14;64.311;28.876;7.2357;0.8358;0.059;0;0.0118;603.57;7.9843;0;0;1.532;6.4523;592.24;10.122;8.1024;1.0194;0.8821;0.1185;602.37;1.2071;1.0223;0.1286;0.0547;0.0016;594.25;502.01;63.163;26.407;0.6633;263.02;218.31;73.611;0.6447;2.3408;33.672;2.0081;35.368;0;1;0;0;1.1965;0.9869;1;1;0.9469;0.1083;0.9832;0.9841;1;0.9677;0.8484;0.998;0.998;1;0.998;0.998;0.9684;0.9145;0.0917;1.8365;1.8608;0.0112;0.0018;0.1106;0.0122;0.0431;0.0063;0;0;0.088;0;1.5188;0;0;0;0;0;0;0;0;0;0;0;0;0.0347;0.0079;1.633;1.633;0;41.913;41.913;24.302;0.041;1599;1021.3;1;0.0262;0.0262;0;0;0;0;0;0;1.6068;1.5188;0;16.939;19.614;15.754;18.243;98.396;98.396;14.677;13.051;12.138;1.6268;0.9126;0.1108;0.0622;0.827;19.525;0.7942;0
24/05/21 11:00;33.709;-6.8851;55.677;79.813;10.187;-90;-10.187;567.6;95.402;472.19;18.78;3.8101;0;479.76;34.167;61.94;0;0.7605;576.63;0;576.63;479.76;61.94;34.167;0.7605;0.832;0.0606;0;0.0013;575.74;0.8892;0;0;0.2551;0.634;560.97;13.619;10.815;1.3963;1.3793;0.0284;574.58;1.1515;0.9595;0.1239;0.0678;0.0003;561.11;467.98;60.42;32.465;0.0979;331.39;275.05;91.297;0.0108;2.9913;43.029;0.1437;46.009;0;1;0;0;1.0159;0.9985;1;1;0.9925;0.1663;0.9763;0.9774;1;0.9592;0.7752;0.998;0.998;1;0.998;0.998;0.9728;0.9502;0.1287;1.7316;1.7807;0.0107;0.0027;0.1053;0.0116;0.0413;0.008;0;0;0.088;0;1.4478;0;0;0;0;0;0;0;0;0;0;0;0;0.0332;0.0073;1.5605;1.5605;0;41.802;41.802;23.021;0.041;1529.4;1020.4;1;0.0248;0.0248;0;0;0;0;0;0;1.5358;1.4478;0;17.168;19.88;15.927;18.443;98.411;98.411;13.839;12.472;11.57;1.3672;0.9014;0.0988;0.0651;0.8361;20.49;0.7918;0
24/05/21 12:00;33.38;9.9404;55.336;75.319;14.681;90;14.681;544.8;107.6;437.2;19.44;3.48;0;451.95;42.677;66.385;0;1.5119;562.53;0;562.53;451.95;66.385;42.677;1.5119;0.8034;0.0786;0;0.0027;560.67;1.8541;0;0;0.5906;1.2635;546.67;12.884;9.7978;1.4391;1.5911;0.0558;559.55;1.1213;0.9039;0.1328;0.0842;0.0005;547.01;441.25;64.813;40.411;0.1922;314.68;261.19;86.08;0.0515;2.883;41.472;0.3404;44.303;0;1;0;0;1.0325;0.9967;1;1;0.9862;0.1643;0.977;0.9783;1;0.9621;0.775;0.998;0.998;1;0.998;0.998;0.9718;0.9469;0.1271;1.6893;1.735;0.0104;0.0033;0.1032;0.0113;0.0402;0.0077;0;0;0.088;0;1.4076;0;0;0;0;0;0;0;0;0;0;0;0;0.0323;0.0069;1.5196;1.5196;0;41.878;41.878;22.438;0.041;1490.3;1019.7;1;0.024;0.024;0;0;0;0;0;0;1.4956;1.4076;0;17.136;19.843;15.873;18.381;98.421;98.421;13.501;12.144;11.249;1.3562;0.895;0.1005;0.0663;0.8332;25.941;0.7897;0
24/05/21 13:00;29.6;25.783;51.53;52.56;37.44;90;37.44;276.81;229.7;47.107;19.62;3.31;0;59.329;191.28;20.721;0;4.847;276.18;0;276.18;59.329;20.721;191.28;4.847;0.2148;0.7101;0;0.0176;259.69;16.484;0;0;12.073;4.4107;252.19;6.9854;0.8604;0.3005;5.7728;0.0517;259.17;0.5194;0.1187;0.0414;0.3584;0.0009;253.79;58.35;20.379;173.08;0.3837;164.08;136.18;46.192;6.2107;1.8201;26.181;1.6051;21.79;0;1;0;0;0.9977;0.9403;1;1;0.9369;0.09;0.973;0.9855;1;0.9677;0.8812;0.998;0.998;1;0.998;0.998;0.9131;0.9048;0.0792;0.8294;0.8196;0.0049;0.0157;0.0144;0.0055;0.0195;0.005;0;0;0.088;0;0.6367;0;0;0;0;0;0;0;0;0;0;0;0;0.0157;0.0018;0.7371;0.7371;0;29.916;29.916;10.296;0.0408;700.3;1052.5;1;0.0124;0.0124;0;0;0;0;0;0;0.7247;0.6367;0;16.93;19.605;14.625;16.935;98.32;98.32;6.6283;5.8908;5.0886;0.7375;0.8022;0.1113;0.121;0.7677;133.36;0.7168;0
24/05/21 14:00;22.959;39.563;45.223;33.629;56.371;90;56.371;403.7;83.003;320.7;19.96;2.7199;0;579.07;24.668;92.542;0;15.311;711.59;0;711.59;579.07;92.542;24.668;15.311;0.8138;0.0562;0;0.0215;694.37;17.222;0;0;2.842;14.38;685.53;7.4564;5.7441;0.918;0.7492;0.0452;692.98;1.3887;1.1581;0.1851;0.0437;0.0019;688.55;572.17;91.439;21.034;0.8839;116.99;97.099;30.817;3.3069;1.3625;19.599;3.0258;17.655;0;1;0;0;1.7627;0.9758;1;1;0.8848;0.0608;0.9892;0.9901;1;0.9656;0.9514;0.998;0.998;1;0.998;0.998;0.9634;0.8527;0.0577;2.1369;2.1152;0.0127;-0.0005;0.1728;0.0135;0.0479;0.0036;0;0;0.088;0;1.6992;0;0;0;0;0;0;0;0;0;0;0;0;0.0386;0.0101;1.8165;1.8165;0;48.226;48.226;28.266;0.0412;1819.9;998.14;1;0.0293;0.0293;0;0;0;0;0;0;1.7872;1.6992;0;16.193;18.751;15.148;17.541;98.389;98.389;17.078;14.517;13.58;2.561;0.9372;0.15;0.0549;0.7952;20.6;0.7791;0
24/05/21 15:00;14.221;51.136;53.43;18.029;30.615;90;30.615;55.302;54.499;0.8031;18.86;2.03;0;1.9477;50.576;0.3245;0;0.6553;53.504;0;53.504;1.9477;0.3245;50.576;0.6553;0.0364;0.9575;0;0.0122;50.6;2.9035;0;0;2.3259;0.5776;48.88;1.619;0.0342;0.0057;1.5656;0.0135;50.499;0.1012;0.0039;0.0006;0.0965;0.0002;49.084;1.9096;0.3182;46.588;0.064;33.483;27.791;9.193;0.8217;0.3576;5.1441;0.2034;4.68;0;1;0;0;0.9675;0.9457;1;1;0.954;0.1184;0.9679;0.9824;1;0.9675;0.8258;0.998;0.998;1;0.998;0.998;0.9136;0.9211;0.0976;0.1607;0.1587;0.001;0.0138;-0.0024;0.001;0.0036;0.0009;0;0;0.088;0;0.0441;0;0;0;0;0;0;0;0;0;0;0;0;0.0029;0.0001;0.1376;0.1376;0;20.873;20.873;2.0128;0.0412;134.08;1026.5;1;0.0055;0.0055;0;0;0;0;0;0;0.1321;0.0441;0;16.319;18.897;5.2282;6.0541;95.971;95.971;1.2841;1.1;0.3524;0.1841;0.7476;0.1433;0.5822;0.2744;33.478;0.256;0
24/05/21 16:00;4.7578;60.3;78.395;5.4733;7.902;90;7.902;37.292;36.3;0.9919;18.61;2.43;0;2.4056;35.803;0.7907;0;0.0301;39.029;0;39.029;2.4056;0.7907;35.803;0.0301;0.0616;0.9181;0;0.0008;38.828;0.2012;0;0;0.1761;0.0251;36.396;2.3544;0.6444;0.2118;1.497;0.0011;38.75;0.0777;0.0048;0.0016;0.0713;0;36.4;1.7564;0.5773;34.058;0.0038;21.369;17.736;5.5359;0.004;0.2159;3.106;0.004;3.318;0;1;0;0;1.0466;0.9948;1;1;0.9951;0.1646;0.9392;0.7316;1;0.9579;0.7753;0.998;0.998;1;0.998;0.998;0.9325;0.9513;0.1274;0.1172;0.1162;0.0007;0.0121;-0.0021;0.0007;0.0026;0.0006;0;0;0.088;0;0.0069;0;0;0;0;0;0;0;0;0;0;0;0;0.0021;0.0001;0.0994;0.0994;0;20.113;20.113;1.5034;0.0413;97.739;1016.9;1;0.0045;0.0045;0;0;0;0;0;0;0.0949;0.0069;0;16.155;18.707;1.1237;1.3012;95.495;95.495;0.9367;0.7943;0.0553;0.1424;0.7391;0.152;0.789;0.059;21.362;0.0557;0
24/05/21 17:00;0;0;90;0;0;90;0;0;0;0;14.38;2.8501;0;0;0;0;0;0;0;0;0;0;0;0;0;1;1;1;1;0;0;0;0;0;0;0;0;0;0;0;0;0;0;0;0;0;0;0;0;0;0;0;0;0;0;0;0;0;0;0;0;0;0;0;1;1;1;1;1;1;1;1;1;1;1;1;1;1;1;1;1;1;1;0;0;0;0;0;0;0;0;0;0.0004;0.088;0;-0.0884;0;0;0;0;0;0;0;0;0;0;0;0;0;0;0;0;0;0;0;-14.38;0;0;0;0;0.0004;0;0;0;0;0;0;0;-0.0004;-0.0884;0;0;0;0;0;0;0;0;0;-0.7063;0;0.7063;1;1;0;0;0;0
24/05/21 18:00;0;0;90;0;0;90;0;0;0;0;12.1;3.0399;0;0;0;0;0;0;0;0;0;0;0;0;0;1;1;1;1;0;0;0;0;0;0;0;0;0;0;0;0;0;0;0;0;0;0;0;0;0;0;0;0;0;0;0;0;0;0;0;0;0;0;0;1;1;1;1;1;1;1;1;1;1;1;1;1;1;1;1;1;1;1;0;0;0;0;0;0;0;0;0;0.0004;0.088;0;-0.0884;0;0;0;0;0;0;0;0;0;0;0;0;0;0;0;0;0;0;0;-12.1;0;0;0;0;0.0004;0;0;0;0;0;0;0;-0.0004;-0.0884;0;0;0;0;0;0;0;0;0;-0.7063;0;0.7063;1;1;0;0;0;0
24/05/21 19:00;0;0;90;0;0;90;0;0;0;0;12;3.1199;0;0;0;0;0;0;0;0;0;0;0;0;0;1;1;1;1;0;0;0;0;0;0;0;0;0;0;0;0;0;0;0;0;0;0;0;0;0;0;0;0;0;0;0;0;0;0;0;0;0;0;0;1;1;1;1;1;1;1;1;1;1;1;1;1;1;1;1;1;1;1;0;0;0;0;0;0;0;0;0;0.0004;0.088;0;-0.0884;0;0;0;0;0;0;0;0;0;0;0;0;0;0;0;0;0;0;0;-12;0;0;0;0;0.0004;0;0;0;0;0;0;0;-0.0004;-0.0884;0;0;0;0;0;0;0;0;0;-0.7063;0;0.7063;1;1;0;0;0;0
24/05/21 20:00;0;0;90;0;0;90;0;0;0;0;12.2;3.22;0;0;0;0;0;0;0;0;0;0;0;0;0;1;1;1;1;0;0;0;0;0;0;0;0;0;0;0;0;0;0;0;0;0;0;0;0;0;0;0;0;0;0;0;0;0;0;0;0;0;0;0;1;1;1;1;1;1;1;1;1;1;1;1;1;1;1;1;1;1;1;0;0;0;0;0;0;0;0;0;0.0004;0.088;0;-0.0884;0;0;0;0;0;0;0;0;0;0;0;0;0;0;0;0;0;0;0;-12.2;0;0;0;0;0.0004;0;0;0;0;0;0;0;-0.0004;-0.0884;0;0;0;0;0;0;0;0;0;-0.7063;0;0.7063;1;1;0;0;0;0
24/05/21 21:00;0;0;90;0;0;90;0;0;0;0;12.2;3.31;0;0;0;0;0;0;0;0;0;0;0;0;0;1;1;1;1;0;0;0;0;0;0;0;0;0;0;0;0;0;0;0;0;0;0;0;0;0;0;0;0;0;0;0;0;0;0;0;0;0;0;0;1;1;1;1;1;1;1;1;1;1;1;1;1;1;1;1;1;1;1;0;0;0;0;0;0;0;0;0;0.0004;0.088;0;-0.0884;0;0;0;0;0;0;0;0;0;0;0;0;0;0;0;0;0;0;0;-12.2;0;0;0;0;0.0004;0;0;0;0;0;0;0;-0.0004;-0.0884;0;0;0;0;0;0;0;0;0;-0.7063;0;0.7063;1;1;0;0;0;0
24/05/21 22:00;0;0;90;0;0;90;0;0;0;0;13.1;3.4101;0;0;0;0;0;0;0;0;0;0;0;0;0;1;1;1;1;0;0;0;0;0;0;0;0;0;0;0;0;0;0;0;0;0;0;0;0;0;0;0;0;0;0;0;0;0;0;0;0;0;0;0;1;1;1;1;1;1;1;1;1;1;1;1;1;1;1;1;1;1;1;0;0;0;0;0;0;0;0;0;0.0004;0.088;0;-0.0884;0;0;0;0;0;0;0;0;0;0;0;0;0;0;0;0;0;0;0;-13.1;0;0;0;0;0.0004;0;0;0;0;0;0;0;-0.0004;-0.0884;0;0;0;0;0;0;0;0;0;-0.7063;0;0.7063;1;1;0;0;0;0
24/05/21 23:00;0;0;90;0;0;90;0;0;0;0;10.27;3.78;0;0;0;0;0;0;0;0;0;0;0;0;0;1;1;1;1;0;0;0;0;0;0;0;0;0;0;0;0;0;0;0;0;0;0;0;0;0;0;0;0;0;0;0;0;0;0;0;0;0;0;0;1;1;1;1;1;1;1;1;1;1;1;1;1;1;1;1;1;1;1;0;0;0;0;0;0;0;0;0;0.0004;0.088;0;-0.0884;0;0;0;0;0;0;0;0;0;0;0;0;0;0;0;0;0;0;0;-10.27;0;0;0;0;0.0004;0;0;0;0;0;0;0;-0.0004;-0.0884;0;0;0;0;0;0;0;0;0;-0.7063;0;0.7063;1;1;0;0;0;0
25/05/21 00:00;0;0;90;0;0;90;0;0;0;0;9.4303;4.5201;0;0;0;0;0;0;0;0;0;0;0;0;0;1;1;1;1;0;0;0;0;0;0;0;0;0;0;0;0;0;0;0;0;0;0;0;0;0;0;0;0;0;0;0;0;0;0;0;0;0;0;0;1;1;1;1;1;1;1;1;1;1;1;1;1;1;1;1;1;1;1;0;0;0;0;0;0;0;0;0;0.0004;0.088;0;-0.0884;0;0;0;0;0;0;0;0;0;0;0;0;0;0;0;0;0;0;0;-9.4303;0;0;0;0;0.0004;0;0;0;0;0;0;0;-0.0004;-0.0884;0;0;0;0;0;0;0;0;0;-0.7063;0;0.7063;1;1;0;0;0;0
25/05/21 01:00;0;0;90;0;0;90;0;0;0;0;9.2801;5.1799;0;0;0;0;0;0;0;0;0;0;0;0;0;1;1;1;1;0;0;0;0;0;0;0;0;0;0;0;0;0;0;0;0;0;0;0;0;0;0;0;0;0;0;0;0;0;0;0;0;0;0;0;1;1;1;1;1;1;1;1;1;1;1;1;1;1;1;1;1;1;1;0;0;0;0;0;0;0;0;0;0.0004;0.088;0;-0.0884;0;0;0;0;0;0;0;0;0;0;0;0;0;0;0;0;0;0;0;-9.2801;0;0;0;0;0.0004;0;0;0;0;0;0;0;-0.0004;-0.0884;0;0;0;0;0;0;0;0;0;-0.7063;0;0.7063;1;1;0;0;0;0
25/05/21 02:00;0;0;90;0;0;90;0;0;0;0;8.9198;5.68;0;0;0;0;0;0;0;0;0;0;0;0;0;1;1;1;1;0;0;0;0;0;0;0;0;0;0;0;0;0;0;0;0;0;0;0;0;0;0;0;0;0;0;0;0;0;0;0;0;0;0;0;1;1;1;1;1;1;1;1;1;1;1;1;1;1;1;1;1;1;1;0;0;0;0;0;0;0;0;0;0.0004;0.088;0;-0.0884;0;0;0;0;0;0;0;0;0;0;0;0;0;0;0;0;0;0;0;-8.9198;0;0;0;0;0.0004;0;0;0;0;0;0;0;-0.0004;-0.0884;0;0;0;0;0;0;0;0;0;-0.7063;0;0.7063;1;1;0;0;0;0
25/05/21 03:00;0;0;90;0;0;90;0;0;0;0;8.4697;5.44;0;0;0;0;0;0;0;0;0;0;0;0;0;1;1;1;1;0;0;0;0;0;0;0;0;0;0;0;0;0;0;0;0;0;0;0;0;0;0;0;0;0;0;0;0;0;0;0;0;0;0;0;1;1;1;1;1;1;1;1;1;1;1;1;1;1;1;1;1;1;1;0;0;0;0;0;0;0;0;0;0.0004;0.088;0;-0.0884;0;0;0;0;0;0;0;0;0;0;0;0;0;0;0;0;0;0;0;-8.4697;0;0;0;0;0.0004;0;0;0;0;0;0;0;-0.0004;-0.0884;0;0;0;0;0;0;0;0;0;-0.7063;0;0.7063;1;1;0;0;0;0
25/05/21 04:00;0;0;90;0;0;90;0;0;0;0;8.2802;4.8;0;0;0;0;0;0;0;0;0;0;0;0;0;1;1;1;1;0;0;0;0;0;0;0;0;0;0;0;0;0;0;0;0;0;0;0;0;0;0;0;0;0;0;0;0;0;0;0;0;0;0;0;1;1;1;1;1;1;1;1;1;1;1;1;1;1;1;1;1;1;1;0;0;0;0;0;0;0;0;0;0.0004;0.088;0;-0.0884;0;0;0;0;0;0;0;0;0;0;0;0;0;0;0;0;0;0;0;-8.2802;0;0;0;0;0.0004;0;0;0;0;0;0;0;-0.0004;-0.0884;0;0;0;0;0;0;0;0;0;-0.7063;0;0.7063;1;1;0;0;0;0
25/05/21 05:00;0;0;90;0;0;90;0;0;0;0;7.5603;4.67;0;0;0;0;0;0;0;0;0;0;0;0;0;1;1;1;1;0;0;0;0;0;0;0;0;0;0;0;0;0;0;0;0;0;0;0;0;0;0;0;0;0;0;0;0;0;0;0;0;0;0;0;1;1;1;1;1;1;1;1;1;1;1;1;1;1;1;1;1;1;1;0;0;0;0;0;0;0;0;0;0.0004;0.088;0;-0.0884;0;0;0;0;0;0;0;0;0;0;0;0;0;0;0;0;0;0;0;-7.5603;0;0;0;0;0.0004;0;0;0;0;0;0;0;-0.0004;-0.0884;0;0;0;0;0;0;0;0;0;-0.7063;0;0.7063;1;1;0;0;0;0
25/05/21 06:00;0.2923;-63.733;89.291;0.3259;0.4646;-90;-0.4646;0;0;0;7.6301;4.89;0;0;0;0;0;0;0;0;0;0;0;0;0;1;1;1;1;0;0;0;0;0;0;0;0;0;0;0;0;0;0;0;0;0;0;0;0;0;0;0;0;0;0;0;0;0;0;0;0;0;0;0;1;1;1;1;1;1;1;1;1;1;1;1;1;1;1;1;1;1;1;0;0;0;0;0;0;0;0;0;0.0004;0.088;0;-0.0884;0;0;0;0;0;0;0;0;0;0;0;0;0;0;0;0;0;0;0;-7.6301;0;0;0;0;0.0004;0;0;0;0;0;0;0;-0.0004;-0.0884;0;0;0;0;0;0;0;0;0;-0.7063;0;0.7063;1;1;0;0;0;0
25/05/21 07:00;5.8581;-59.105;75.668;6.8183;9.9158;-90;-9.9158;69.094;22.703;46.391;7.8103;5.85;0;112.51;14.839;18.803;0;0.0877;146.24;0;146.24;112.51;18.803;14.839;0.0877;0.7694;0.1021;0;0.0006;146.06;0.1791;0;0;0.1059;0.0731;119.04;26.731;22.385;3.7411;0.6017;0.0033;145.77;0.2921;0.225;0.0376;0.0295;0;119.04;89.9;15.024;14.102;0.0113;9.1584;7.6015;2.418;0.0042;0.0897;1.291;0.0032;1.3766;0;1;0;0;2.1165;0.9988;1;1;0.9929;0.1663;0.8166;0.8006;1;0.9591;0.7753;0.998;0.998;1;0.998;0.998;0.814;0.9503;0.1286;0.4392;0.3613;0.0022;0.0177;-0.0162;0.0025;0.0089;0.0003;0;0;0.088;0;0.2423;0;0;0;0;0;0;0;0;0;0;0;0;0.0071;0.0005;0.3383;0.3383;0;12.63;12.63;4.8202;0.0405;308.09;1098;1;0.008;0.008;0;0;0;0;0;0;0.3303;0.2423;0;14.675;16.993;10.51;12.17;97.63;97.63;3.5097;2.7037;1.9363;0.8061;0.7674;0.2297;0.2186;0.5517;8.8931;0.5481;0
25/05/21 08:00;15.798;-49.06;48.68;20.533;37.75;-90;-37.75;241.19;43.098;198.1;14.44;6.71;0;480.44;17.492;57.142;0;4.2912;559.36;0;559.36;480.44;57.142;17.492;4.2912;0.8589;0.0389;0;0.0077;554.35;5.017;0;0;1.1164;3.9006;546.25;6.9894;5.7352;0.6821;0.5276;0.0445;553.24;1.1087;0.9609;0.1143;0.0328;0.0008;546.37;473.74;56.346;15.815;0.3454;13.313;11.049;3.9101;0.5852;0.1424;2.0485;0.121;1.6057;0;1;0;0;2.3191;0.991;1;1;0.9362;0.091;0.9874;0.988;1;0.9677;0.8859;0.998;0.998;1;0.998;0.998;0.9766;0.9041;0.0805;1.6798;1.6499;0.0099;0.0043;0.0683;0.011;0.0389;0.0004;0;0;0.088;0;1.3678;0;0;0;0;0;0;0;0;0;0;0;0;0.0313;0.0063;1.4794;1.4794;0;36.766;36.766;22.326;0.0409;1420.1;1041.8;1;0.0236;0.0236;0;0;0;0;0;0;1.4558;1.3678;0;16.778;19.429;15.512;17.963;98.404;98.404;13.425;11.824;10.932;1.6011;0.892;0.1193;0.0664;0.8143;12.226;0.8121;0
25/05/21 09:00;24.191;-37.126;46.66;36.66;53.34;-90;-53.34;403.8;66.599;337.2;16.77;7.5699;0;564.76;20.303;68.96;0;13.83;667.86;0;667.86;564.76;68.96;20.303;13.83;0.8456;0.0511;0;0.0207;652.75;15.106;0;0;2.1548;12.951;643.98;7.4637;6.0757;0.7419;0.6109;0.0352;651.44;1.3055;1.1295;0.1379;0.0363;0.0018;646.79;557.56;68.08;17.501;0.8416;134.77;111.86;36.109;2.2412;1.4281;20.542;2.812;19.729;0;1;0;0;1.6539;0.9774;1;1;0.8939;0.0635;0.9885;0.9892;1;0.9663;0.9599;0.998;0.998;1;0.998;0.998;0.9643;0.862;0.0609;2.0056;1.9914;0.012;0.0005;0.1273;0.013;0.046;0.0038;0;0;0.088;0;1.6265;0;0;0;0;0;0;0;0;0;0;0;0;0.037;0.009;1.7428;1.7428;0;43.217;43.217;26.447;0.0411;1712;1018;1;0.0282;0.0282;0;0;0;0;0;0;1.7145;1.6265;0;16.554;19.169;15.45;17.89;98.38;98.38;16.029;13.928;12.999;2.1002;0.929;0.131;0.058;0.811;16.408;0.7928;0
25/05/21 10:00;30.353;-22.97;52.609;56.32;33.68;-90;-33.68;505.4;84.899;420.5;18.32;8.31;0;505.32;29.15;63.784;0;7.2106;605.46;0;605.46;505.32;63.784;29.15;7.2106;0.8346;0.0601;0;0.0119;597.47;7.9904;0;0;1.5563;6.434;586.1;10.176;8.1414;1.0277;0.89;0.1167;596.28;1.1949;1.0106;0.1276;0.0552;0.0016;588.1;496.17;62.629;26.649;0.6584;259.81;215.64;72.719;0.6598;2.3131;33.273;2.0032;34.927;0;1;0;0;1.198;0.9868;1;1;0.9466;0.1077;0.9829;0.9839;1;0.9677;0.8495;0.998;0.998;1;0.998;0.998;0.968;0.9142;0.0913;1.8182;1.8415;0.0111;0.002;0.1126;0.012;0.0426;0.0062;0;0;0.088;0;1.4991;0;0;0;0;0;0;0;0;0;0;0;0;0.0343;0.0078;1.6129;1.6129;0;42.381;42.381;24.06;0.0411;1582.4;1019.3;1;0.0258;0.0258;0;0;0;0;0;0;1.5871;1.4991;0;16.899;19.569;15.707;18.188;98.402;98.402;14.531;12.89;11.981;1.6408;0.9093;0.1129;0.0626;0.8245;19.73;0.7919;0
25/05/21 11:00;33.528;-6.8886;55.853;79.74;10.26;-90;-10.26;559.9;95.801;464.1;19.47;8.82;0;471.64;35.042;61.46;0;0.761;568.9;0;568.9;471.64;61.46;35.042;0.761;0.829;0.0629;0;0.0013;568;0.8993;0;0;0.2648;0.6344;553.16;13.705;10.85;1.4139;1.4129;0.0284;566.87;1.136;0.9433;0.1229;0.0696;0.0003;553.31;459.85;59.923;33.295;0.0979;326.86;271.3;90.039;0.0114;2.9512;42.452;0.1442;45.392;0;1;0;0;1.0161;0.9984;1;1;0.9924;0.1663;0.9758;0.9769;1;0.9593;0.7752;0.998;0.998;1;0.998;0.998;0.9723;0.9501;0.1287;1.7084;1.756;0.0106;0.003;0.1063;0.0115;0.0406;0.0079;0;0;0.088;0;1.4241;0;0;0;0;0;0;0;0;0;0;0;0;0.0327;0.0071;1.5364;1.5364;0;42.18;42.18;22.71;0.0411;1508.3;1018.6;1;0.0243;0.0243;0;0;0;0;0;0;1.5121;1.4241;0;17.132;19.838;15.879;18.388;98.419;98.419;13.654;12.279;11.381;1.375;0.8975;0.1007;0.0657;0.8336;21.019;0.7895;0
25/05/21 12:00;33.206;9.8822;55.517;75.307;14.693;90;14.693;550.9;102.3;448.59;20.4;9.0601;0;463.76;38.7;65.085;0;1.5312;569.08;0;569.08;463.76;65.085;38.7;1.5312;0.8149;0.0707;0;0.0027;567.26;1.8159;0;0;0.5363;1.2796;552.92;13.203;10.264;1.4404;1.4425;0.0565;566.13;1.1345;0.9275;0.1302;0.0763;0.0005;553.27;452.57;63.515;36.645;0.1946;318.09;264.02;87.049;0.0469;2.9116;41.882;0.3449;44.747;0;1;0;0;1.033;0.9968;1;1;0.9861;0.1643;0.9767;0.9778;1;0.9621;0.775;0.998;0.998;1;0.998;0.998;0.9716;0.9469;0.1271;1.7089;1.7547;0.0106;0.003;0.1121;0.0114;0.0404;0.0078;0;0;0.088;0;1.4177;0;0;0;0;0;0;0;0;0;0;0;0;0.0326;0.0071;1.5298;1.5298;0;43.118;43.118;22.718;0.0411;1507.2;1014.9;1;0.0241;0.0241;0;0;0;0;0;0;1.5057;1.4177;0;17.053;19.747;15.803;18.3;98.424;98.424;13.658;12.226;11.33;1.4319;0.8959;0.1048;0.0656;0.8296;23.525;0.7862;0
25/05/21 13:00;29.443;25.681;51.704;52.485;37.515;90;37.515;481.7;109.2;372.51;20.97;9.0701;0;469.63;42.164;78.382;0;8.4678;598.64;0;598.64;469.63;78.382;42.164;8.4678;0.7845;0.0846;0;0.0141;588.27;10.378;0;0;2.6696;7.7081;577.65;9.4404;6.9232;1.1555;1.2723;0.0895;587.09;1.1765;0.9393;0.1568;0.079;0.0015;580.06;461.77;77.07;38.143;0.6687;239.24;198.57;66.395;1.3804;2.2172;31.894;2.4149;32.731;0;1;0;0;1.2428;0.9827;1;1;0.9367;0.0897;0.9839;0.9852;1;0.9677;0.8819;0.998;0.998;1;0.998;0.998;0.9649;0.9046;0.079;1.7977;1.8143;0.0109;0.0023;0.1262;0.0117;0.0416;0.0059;0;0;0.088;0;1.4618;0;0;0;0;0;0;0;0;0;0;0;0;0.0335;0.0075;1.5747;1.5747;0;44.731;44.731;23.761;0.0411;1559.4;1009.8;1;0.0249;0.0249;0;0;0;0;0;0;1.5498;1.4618;0;16.686;19.322;15.49;17.937;98.421;98.421;14.367;12.585;11.683;1.7827;0.9021;0.1241;0.0628;0.8131;29.415;0.7819;0
25/05/21 14:00;22.823;39.435;45.388;33.525;56.475;90;56.475;139.11;135.3;3.8052;20.22;8.74;0;6.8898;104.24;1.8056;0;5.2936;118.23;0;118.23;6.8898;1.8056;104.24;5.2936;0.0583;0.9265;0;0.0448;101.22;17.013;0;0;12.041;4.9717;97.743;3.2699;0.069;0.0181;3.167;0.0158;101.01;0.2024;0.0138;0.0036;0.1844;0.0006;99.922;6.807;1.7839;88.847;0.3055;88.384;73.359;27.074;14.05;1.5337;22.062;2.1786;9.546;0;1;0;0;0.8499;0.8561;1;1;0.8845;0.0608;0.9676;0.99;1;0.9656;0.951;0.998;0.998;1;0.998;0.998;0.8267;0.8523;0.0577;0.355;0.3475;0.0021;0.0176;-0.001;0.0023;0.0082;0.0042;0;0;0.088;0;0.212;0;0;0;0;0;0;0;0;0;0;0;0;0.0066;0.0004;0.3071;0.3071;0;24.225;24.225;4.0053;0.041;294.94;1041.3;1;0.0071;0.0071;0;0;0;0;0;0;0.3;0.212;0;16.479;19.082;11.375;13.172;97.68;97.68;2.8375;2.4545;1.6943;0.383;0.7602;0.135;0.2679;0.5971;87.149;0.5239;0
25/05/21 15:00;14.105;50.994;53.77;17.919;30.342;90;30.342;48.993;48.4;0.5932;19.8;7.8001;0;1.4388;45.002;0.2147;0;0.5704;47.226;0;47.226;1.4388;0.2147;45.002;0.5704;0.0305;0.965;0;0.0121;44.684;2.5425;0;0;2.0403;0.5022;43.157;1.4371;0.0262;0.0039;1.3951;0.012;44.594;0.0894;0.0029;0.0004;0.0859;0.0001;43.334;1.4097;0.2103;41.481;0.0561;29.735;24.68;8.1549;0.7089;0.3168;4.5574;0.1769;4.1653;0;1;0;0;0.9639;0.9462;1;1;0.9547;0.1196;0.9678;0.9818;1;0.9675;0.824;0.998;0.998;1;0.998;0.998;0.9138;0.9218;0.0984;0.1418;0.1401;0.0008;0.0131;-0.0018;0.0009;0.0032;0.0008;0;0;0.088;0;0.0273;0;0;0;0;0;0;0;0;0;0;0;0;0.0026;0.0001;0.1204;0.1204;0;21.581;21.581;1.781;0.0413;118.2;1018.2;1;0.005;0.005;0;0;0;0;0;0;0.1153;0.0273;0;16.166;18.72;3.671;4.2509;95.828;95.828;1.1334;0.9618;0.2184;0.1716;0.7434;0.1514;0.6559;0.1927;29.732;0.1797;0
25/05/21 16:00;4.658;60.149;78.641;5.3667;7.7441;90;7.7441;1.7972;1.7972;0;19.25;7.59;0;0;1.789;0;0;0.0014;1.7904;1.7904;0;0;0;0;0;1;1;1;1;0;0;0;0;0;0;0;0;0;0;0;0;0;0;0;0;0;0;0;0;0;0;0;0;0;0;0;0;0;0;0;0;0;0;0;0;1;1;1;1;1;1;1;1;1;1;1;1;1;0;0;1;0;0;0;0;0;0;0;0;0;0;0;0.0004;0.088;0;-0.0884;0;0;0;0;0;0;0;0;0;0;0;0;0;0;0;0;0;0;0;-19.25;0;0;0;0;0.0004;0;0;0;0;0;0;0;-0.0004;-0.0884;0;0;0;0;0;0;0;0;0;-0.7063;0;0.7063;1;1;0;0;0;0
25/05/21 17:00;0;0;90;0;0;90;0;0;0;0;18.71;7.8801;0;0;0;0;0;0;0;0;0;0;0;0;0;1;1;1;1;0;0;0;0;0;0;0;0;0;0;0;0;0;0;0;0;0;0;0;0;0;0;0;0;0;0;0;0;0;0;0;0;0;0;0;1;1;1;1;1;1;1;1;1;1;1;1;1;1;1;1;1;1;1;0;0;0;0;0;0;0;0;0;0.0004;0.088;0;-0.0884;0;0;0;0;0;0;0;0;0;0;0;0;0;0;0;0;0;0;0;-18.71;0;0;0;0;0.0004;0;0;0;0;0;0;0;-0.0004;-0.0884;0;0;0;0;0;0;0;0;0;-0.7063;0;0.7063;1;1;0;0;0;0
25/05/21 18:00;0;0;90;0;0;90;0;0;0;0;17.07;7.93;0;0;0;0;0;0;0;0;0;0;0;0;0;1;1;1;1;0;0;0;0;0;0;0;0;0;0;0;0;0;0;0;0;0;0;0;0;0;0;0;0;0;0;0;0;0;0;0;0;0;0;0;1;1;1;1;1;1;1;1;1;1;1;1;1;1;1;1;1;1;1;0;0;0;0;0;0;0;0;0;0.0004;0.088;0;-0.0884;0;0;0;0;0;0;0;0;0;0;0;0;0;0;0;0;0;0;0;-17.07;0;0;0;0;0.0004;0;0;0;0;0;0;0;-0.0004;-0.0884;0;0;0;0;0;0;0;0;0;-0.7063;0;0.7063;1;1;0;0;0;0
25/05/21 19:00;0;0;90;0;0;90;0;0;0;0;15.4;7.8099;0;0;0;0;0;0;0;0;0;0;0;0;0;1;1;1;1;0;0;0;0;0;0;0;0;0;0;0;0;0;0;0;0;0;0;0;0;0;0;0;0;0;0;0;0;0;0;0;0;0;0;0;1;1;1;1;1;1;1;1;1;1;1;1;1;1;1;1;1;1;1;0;0;0;0;0;0;0;0;0;0.0004;0.088;0;-0.0884;0;0;0;0;0;0;0;0;0;0;0;0;0;0;0;0;0;0;0;-15.4;0;0;0;0;0.0004;0;0;0;0;0;0;0;-0.0004;-0.0884;0;0;0;0;0;0;0;0;0;-0.7063;0;0.7063;1;1;0;0;0;0
25/05/21 20:00;0;0;90;0;0;90;0;0;0;0;14.7;7.0999;0;0;0;0;0;0;0;0;0;0;0;0;0;1;1;1;1;0;0;0;0;0;0;0;0;0;0;0;0;0;0;0;0;0;0;0;0;0;0;0;0;0;0;0;0;0;0;0;0;0;0;0;1;1;1;1;1;1;1;1;1;1;1;1;1;1;1;1;1;1;1;0;0;0;0;0;0;0;0;0;0.0004;0.088;0;-0.0884;0;0;0;0;0;0;0;0;0;0;0;0;0;0;0;0;0;0;0;-14.7;0;0;0;0;0.0004;0;0;0;0;0;0;0;-0.0004;-0.0884;0;0;0;0;0;0;0;0;0;-0.7063;0;0.7063;1;1;0;0;0;0
25/05/21 21:00;0;0;90;0;0;90;0;0;0;0;13.7;5.9601;0;0;0;0;0;0;0;0;0;0;0;0;0;1;1;1;1;0;0;0;0;0;0;0;0;0;0;0;0;0;0;0;0;0;0;0;0;0;0;0;0;0;0;0;0;0;0;0;0;0;0;0;1;1;1;1;1;1;1;1;1;1;1;1;1;1;1;1;1;1;1;0;0;0;0;0;0;0;0;0;0.0004;0.088;0;-0.0884;0;0;0;0;0;0;0;0;0;0;0;0;0;0;0;0;0;0;0;-13.7;0;0;0;0;0.0004;0;0;0;0;0;0;0;-0.0004;-0.0884;0;0;0;0;0;0;0;0;0;-0.7063;0;0.7063;1;1;0;0;0;0
25/05/21 22:00;0;0;90;0;0;90;0;0;0;0;13.58;7.2301;0;0;0;0;0;0;0;0;0;0;0;0;0;1;1;1;1;0;0;0;0;0;0;0;0;0;0;0;0;0;0;0;0;0;0;0;0;0;0;0;0;0;0;0;0;0;0;0;0;0;0;0;1;1;1;1;1;1;1;1;1;1;1;1;1;1;1;1;1;1;1;0;0;0;0;0;0;0;0;0;0.0004;0.088;0;-0.0884;0;0;0;0;0;0;0;0;0;0;0;0;0;0;0;0;0;0;0;-13.58;0;0;0;0;0.0004;0;0;0;0;0;0;0;-0.0004;-0.0884;0;0;0;0;0;0;0;0;0;-0.7063;0;0.7063;1;1;0;0;0;0
25/05/21 23:00;0;0;90;0;0;90;0;0;0;0;12.1;5.0901;0;0;0;0;0;0;0;0;0;0;0;0;0;1;1;1;1;0;0;0;0;0;0;0;0;0;0;0;0;0;0;0;0;0;0;0;0;0;0;0;0;0;0;0;0;0;0;0;0;0;0;0;1;1;1;1;1;1;1;1;1;1;1;1;1;1;1;1;1;1;1;0;0;0;0;0;0;0;0;0;0.0004;0.088;0;-0.0884;0;0;0;0;0;0;0;0;0;0;0;0;0;0;0;0;0;0;0;-12.1;0;0;0;0;0.0004;0;0;0;0;0;0;0;-0.0004;-0.0884;0;0;0;0;0;0;0;0;0;-0.7063;0;0.7063;1;1;0;0;0;0
26/05/21 00:00;0;0;90;0;0;90;0;0;0;0;11.71;1.8399;0;0;0;0;0;0;0;0;0;0;0;0;0;1;1;1;1;0;0;0;0;0;0;0;0;0;0;0;0;0;0;0;0;0;0;0;0;0;0;0;0;0;0;0;0;0;0;0;0;0;0;0;1;1;1;1;1;1;1;1;1;1;1;1;1;1;1;1;1;1;1;0;0;0;0;0;0;0;0;0;0.0004;0.088;0;-0.0884;0;0;0;0;0;0;0;0;0;0;0;0;0;0;0;0;0;0;0;-11.71;0;0;0;0;0.0004;0;0;0;0;0;0;0;-0.0004;-0.0884;0;0;0;0;0;0;0;0;0;-0.7063;0;0.7063;1;1;0;0;0;0
26/05/21 01:00;0;0;90;0;0;90;0;0;0;0;10.32;1.8499;0;0;0;0;0;0;0;0;0;0;0;0;0;1;1;1;1;0;0;0;0;0;0;0;0;0;0;0;0;0;0;0;0;0;0;0;0;0;0;0;0;0;0;0;0;0;0;0;0;0;0;0;1;1;1;1;1;1;1;1;1;1;1;1;1;1;1;1;1;1;1;0;0;0;0;0;0;0;0;0;0.0004;0.088;0;-0.0884;0;0;0;0;0;0;0;0;0;0;0;0;0;0;0;0;0;0;0;-10.32;0;0;0;0;0.0004;0;0;0;0;0;0;0;-0.0004;-0.0884;0;0;0;0;0;0;0;0;0;-0.7063;0;0.7063;1;1;0;0;0;0
26/05/21 02:00;0;0;90;0;0;90;0;0;0;0;10.5;2.3001;0;0;0;0;0;0;0;0;0;0;0;0;0;1;1;1;1;0;0;0;0;0;0;0;0;0;0;0;0;0;0;0;0;0;0;0;0;0;0;0;0;0;0;0;0;0;0;0;0;0;0;0;1;1;1;1;1;1;1;1;1;1;1;1;1;1;1;1;1;1;1;0;0;0;0;0;0;0;0;0;0.0004;0.088;0;-0.0884;0;0;0;0;0;0;0;0;0;0;0;0;0;0;0;0;0;0;0;-10.5;0;0;0;0;0.0004;0;0;0;0;0;0;0;-0.0004;-0.0884;0;0;0;0;0;0;0;0;0;-0.7063;0;0.7063;1;1;0;0;0;0
26/05/21 03:00;0;0;90;0;0;90;0;0;0;0;9.9003;2.5499;0;0;0;0;0;0;0;0;0;0;0;0;0;1;1;1;1;0;0;0;0;0;0;0;0;0;0;0;0;0;0;0;0;0;0;0;0;0;0;0;0;0;0;0;0;0;0;0;0;0;0;0;1;1;1;1;1;1;1;1;1;1;1;1;1;1;1;1;1;1;1;0;0;0;0;0;0;0;0;0;0.0004;0.088;0;-0.0884;0;0;0;0;0;0;0;0;0;0;0;0;0;0;0;0;0;0;0;-9.9003;0;0;0;0;0.0004;0;0;0;0;0;0;0;-0.0004;-0.0884;0;0;0;0;0;0;0;0;0;-0.7063;0;0.7063;1;1;0;0;0;0
26/05/21 04:00;0;0;90;0;0;90;0;0;0;0;8.6;2.6;0;0;0;0;0;0;0;0;0;0;0;0;0;1;1;1;1;0;0;0;0;0;0;0;0;0;0;0;0;0;0;0;0;0;0;0;0;0;0;0;0;0;0;0;0;0;0;0;0;0;0;0;1;1;1;1;1;1;1;1;1;1;1;1;1;1;1;1;1;1;1;0;0;0;0;0;0;0;0;0;0.0004;0.088;0;-0.0884;0;0;0;0;0;0;0;0;0;0;0;0;0;0;0;0;0;0;0;-8.6;0;0;0;0;0.0004;0;0;0;0;0;0;0;-0.0004;-0.0884;0;0;0;0;0;0;0;0;0;-0.7063;0;0.7063;1;1;0;0;0;0
26/05/21 05:00;0;0;90;0;0;90;0;0;0;0;7.0199;2.5401;0;0;0;0;0;0;0;0;0;0;0;0;0;1;1;1;1;0;0;0;0;0;0;0;0;0;0;0;0;0;0;0;0;0;0;0;0;0;0;0;0;0;0;0;0;0;0;0;0;0;0;0;1;1;1;1;1;1;1;1;1;1;1;1;1;1;1;1;1;1;1;0;0;0;0;0;0;0;0;0;0.0004;0.088;0;-0.0884;0;0;0;0;0;0;0;0;0;0;0;0;0;0;0;0;0;0;0;-7.0199;0;0;0;0;0.0004;0;0;0;0;0;0;0;-0.0004;-0.0884;0;0;0;0;0;0;0;0;0;-0.7063;0;0.7063;1;1;0;0;0;0
26/05/21 06:00;0.1667;-63.611;89.596;0.186;0.2652;-90;-0.2652;0;0;0;8.1799;2.8501;0;0;0;0;0;0;0;0;0;0;0;0;0;1;1;1;1;0;0;0;0;0;0;0;0;0;0;0;0;0;0;0;0;0;0;0;0;0;0;0;0;0;0;0;0;0;0;0;0;0;0;0;1;1;1;1;1;1;1;1;1;1;1;1;1;1;1;1;1;1;1;0;0;0;0;0;0;0;0;0;0.0004;0.088;0;-0.0884;0;0;0;0;0;0;0;0;0;0;0;0;0;0;0;0;0;0;0;-8.1799;0;0;0;0;0.0004;0;0;0;0;0;0;0;-0.0004;-0.0884;0;0;0;0;0;0;0;0;0;-0.7063;0;0.7063;1;1;0;0;0;0
26/05/21 07:00;5.7262;-58.99;75.996;6.6731;9.6963;-90;-9.6963;26.801;25.903;0.8986;9.0002;3.8;0;2.1793;25.544;0.4252;0;0.0325;28.181;0;28.181;2.1793;0.4252;25.544;0.0325;0.0773;0.9076;0;0.0012;27.978;0.2028;0;0;0.1757;0.0271;26.345;1.5774;0.4491;0.0876;1.0394;0.0012;27.922;0.056;0.0044;0.0009;0.0507;0;26.35;1.7258;0.3367;24.278;0.0042;15.306;12.704;3.9723;0.0066;0.1544;2.2215;0.0052;2.3694;0;1;0;0;1.0515;0.9928;1;1;0.9931;0.1662;0.9435;0.7935;1;0.9589;0.7753;0.998;0.998;1;0.998;0.998;0.9348;0.9504;0.1286;0.0846;0.084;0.0005;0.0103;-0.0046;0.0005;0.0019;0.0004;0;0;0.088;0;-0.0187;0;0;0;0;0;0;0;0;0;0;0;0;0.0016;0.0001;0.0733;0.0733;0;10.084;10.084;1.0838;0.0411;70.059;1046.4;1;0.004;0.004;0;0;0;0;0;0;0.0693;-0.0187;0;16.501;19.108;-4.2007;-4.8643;94.588;94.588;0.6763;0.5859;-0.1491;0.0905;0.735;0.1338;1.0867;0;15.301;0;0
26/05/21 08:00;15.652;-48.96;49.131;20.379;37.245;-90;-37.245;142.5;107.6;34.903;9.5001;4.5;0;84.649;87.234;25.373;0;2.4704;199.73;0;199.73;84.649;25.373;87.234;2.4704;0.4238;0.4491;0;0.0124;192.03;7.6928;0;0;5.4523;2.2406;187.65;4.0039;1.0327;0.3096;2.6342;0.0273;191.65;0.3841;0.1693;0.0507;0.1636;0.0005;188.23;83.447;25.013;78.984;0.202;60.945;50.584;17.239;2.7823;0.7017;10.093;0.5827;8.0128;0;1;0;0;1.4015;0.9615;1;1;0.9375;0.093;0.9791;0.9878;1;0.9677;0.8809;0.998;0.998;1;0.998;0.998;0.9395;0.9054;0.0818;0.5998;0.5882;0.0035;0.0177;-0.0166;0.0041;0.0145;0.002;0;0;0.088;0;0.4521;0;0;0;0;0;0;0;0;0;0;0;0;0.0117;0.001;0.5503;0.5503;0;17.096;17.096;7.5961;0.0405;502.44;1095.2;1;0.0102;0.0102;0;0;0;0;0;0;0.5401;0.4521;0;17.478;20.239;14.358;16.627;98.141;98.141;4.7935;4.398;3.6129;0.3955;0.7851;0.0825;0.1638;0.7537;60.723;0.7262;0
26/05/21 09:00;24.032;-37.048;46.798;36.505;53.495;-90;-53.495;159.6;149.8;9.7957;10.37;5.4299;0;16.466;117.3;4.5523;0;5.4956;143.81;0;143.81;16.466;4.5523;117.3;5.4956;0.1145;0.8538;0;0.0382;126.17;17.648;0;0;12.501;5.1468;122.14;3.7729;0.1785;0.0493;3.531;0.014;125.91;0.2523;0.0329;0.0091;0.2096;0.0007;124.3;16.255;4.4938;101.06;0.3341;98.833;82.031;29.758;13.062;1.5765;22.678;2.1631;11.192;0;1;0;0;0.9011;0.8773;1;1;0.8934;0.0635;0.97;0.9891;1;0.9662;0.9597;0.998;0.998;1;0.998;0.998;0.8493;0.8615;0.0608;0.4319;0.4222;0.0025;0.018;-0.0147;0.0029;0.0103;0.0045;0;0;0.088;0;0.2933;0;0;0;0;0;0;0;0;0;0;0;0;0.0083;0.0006;0.3897;0.3897;0;15.326;15.326;4.956;0.0406;358.67;1086.6;1;0.0084;0.0084;0;0;0;0;0;0;0.3813;0.2933;0;17.192;19.908;12.937;14.981;97.832;97.832;3.4515;3.1149;2.344;0.3367;0.7708;0.0975;0.2233;0.6791;94.953;0.6074;0
26/05/21 10:00;30.182;-22.927;52.764;56.186;33.814;-90;-33.814;207.5;193.7;13.799;10.7;5.84;0;16.608;173.66;4.809;0;2.9834;198.06;0;198.06;16.608;4.809;173.66;2.9834;0.0839;0.8919;0;0.0151;186.06;11.994;0;0;9.3299;2.6638;179.99;5.6976;0.2718;0.0787;5.2993;0.0477;185.69;0.3721;0.0332;0.0096;0.3287;0.0006;180.97;16.303;4.7207;158.7;0.2713;126.67;105.13;35.258;3.9746;1.3779;19.821;0.9722;17.224;0;1;0;0;0.9545;0.9394;1;1;0.9463;0.1071;0.9693;0.9836;1;0.9677;0.8505;0.998;0.998;1;0.998;0.998;0.9088;0.9139;0.0909;0.5948;0.5868;0.0035;0.0177;-0.0147;0.0041;0.0144;0.0039;0;0;0.088;0;0.4472;0;0;0;0;0;0;0;0;0;0;0;0;0.0116;0.001;0.5453;0.5453;0;17.994;17.994;7.2945;0.0405;500.46;1089.6;1;0.0101;0.0101;0;0;0;0;0;0;0.5352;0.4472;0;17.465;20.224;14.322;16.585;98.144;98.144;4.7534;4.3579;3.5737;0.3955;0.7842;0.0832;0.165;0.7518;117.66;0.6994;0
26/05/21 11:00;33.354;-6.8949;56.022;79.664;10.336;-90;-10.336;176.69;172.4;4.292;10.68;6.1;0;4.3628;170;1.0282;0;0.2437;175.63;0;175.63;4.3628;1.0282;170;0.2437;0.0248;0.9693;0;0.0014;174.13;1.5039;0;0;1.3007;0.2032;166.8;6.9815;0.1024;0.0241;6.8459;0.0091;173.78;0.3483;0.0087;0.0021;0.3374;0.0001;166.84;4.2518;1.002;161.51;0.0314;105.08;87.215;27.338;0.056;1.0566;15.199;0.043;16.2;0;1;0;0;0.994;0.9914;1;1;0.9923;0.1664;0.9598;0.9765;1;0.9593;0.7752;0.998;0.998;1;0.998;0.998;0.9497;0.9501;0.1287;0.5274;0.5345;0.0032;0.018;-0.0145;0.0037;0.0131;0.003;0;0;0.088;0;0.399;0;0;0;0;0;0;0;0;0;0;0;0;0.0106;0.0009;0.4966;0.4966;0;17.441;17.441;6.7609;0.0405;455.95;1089.2;1;0.0096;0.0096;0;0;0;0;0;0;0.487;0.399;0;17.938;20.772;14.413;16.69;98.066;98.066;4.2151;3.9691;3.1891;0.246;0.7801;0.0584;0.1851;0.7566;101.99;0.7105;0
26/05/21 12:00;33.038;9.8234;55.691;75.301;14.699;90;14.699;199.9;192.8;7.0975;11.88;6.2999;0;7.3377;187.79;1.9502;0;0.5561;197.63;0;197.63;7.3377;1.9502;187.79;0.5561;0.0371;0.953;0;0.0028;194.56;3.0689;0;0;2.6042;0.4647;186.95;7.229;0.1657;0.044;6.9988;0.0205;194.18;0.3891;0.0147;0.0039;0.3704;0.0002;187.07;7.1573;1.9023;177.82;0.0707;119.33;99.044;31.255;0.2261;1.1969;17.217;0.1218;18.187;0;1;0;0;0.9887;0.9845;1;1;0.9861;0.1643;0.9628;0.9774;1;0.9621;0.775;0.998;0.998;1;0.998;0.998;0.9459;0.9469;0.1271;0.5935;0.5997;0.0036;0.0177;-0.0119;0.0041;0.0147;0.0034;0;0;0.088;0;0.4571;0;0;0;0;0;0;0;0;0;0;0;0;0.0118;0.0011;0.5553;0.5553;0;19.463;19.463;7.5832;0.0406;511.85;1084.9;1;0.0102;0.0102;0;0;0;0;0;0;0.5451;0.4571;0;17.824;20.64;14.673;16.991;98.166;98.166;4.7432;4.438;3.6533;0.3052;0.7847;0.0643;0.1654;0.7702;114.16;0.7231;0
26/05/21 13:00;29.292;25.581;51.874;52.415;37.585;90;37.585;456.09;128.7;327.39;12.82;6.5201;0;413.14;57.336;81.68;0;8.0464;560.2;0;560.2;413.14;81.68;57.336;8.0464;0.7375;0.1167;0;0.0144;549.24;10.967;0;0;3.6407;7.3267;538.91;9.2274;6.1896;1.2237;1.7298;0.0843;548.14;1.0985;0.8263;0.1634;0.1074;0.0014;541.18;406.12;80.293;51.858;0.634;229.12;190.17;64.225;1.8882;2.1186;30.475;2.2655;30.705;0;1;0;0;1.2283;0.9804;1;1;0.9365;0.0894;0.9832;0.985;1;0.9677;0.8826;0.998;0.998;1;0.998;0.998;0.962;0.9045;0.0788;1.6823;1.6942;0.0102;0.0038;0.0583;0.0114;0.0403;0.0058;0;0;0.088;0;1.4128;0;0;0;0;0;0;0;0;0;0;0;0;0.0324;0.0066;1.5254;1.5254;0;34.811;34.811;21.991;0.0408;1455.3;1048.2;1;0.0246;0.0246;0;0;0;0;0;0;1.5008;1.4128;0;17.273;20.002;15.998;18.525;98.387;98.387;13.445;12.191;11.291;1.2539;0.9;0.0933;0.0669;0.8398;40.022;0.8069;0
26/05/21 14:00;22.692;39.309;45.549;33.427;56.573;90;56.573;130.61;127.5;3.1106;12.75;6.5201;0;5.6467;98.267;1.4026;0;4.9861;110.3;0;110.3;5.6467;1.4026;98.267;4.9861;0.0512;0.9361;0;0.0452;94.24;16.063;0;0;11.38;4.6828;90.978;3.0729;0.0571;0.0142;2.9866;0.015;94.051;0.1885;0.0113;0.0028;0.1738;0.0006;93.013;5.5783;1.3856;83.727;0.2877;83.237;69.087;25.667;13.327;1.4396;20.708;2.0344;8.8206;0;1;0;0;0.8445;0.8544;1;1;0.8842;0.0608;0.9673;0.9899;1;0.9656;0.9506;0.998;0.998;1;0.998;0.998;0.8248;0.852;0.0577;0.3312;0.3238;0.0019;0.0174;-0.0101;0.0022;0.0078;0.004;0;0;0.088;0;0.1986;0;0;0;0;0;0;0;0;0;0;0;0;0.0063;0.0004;0.2938;0.2938;0;16.456;16.456;3.7061;0.0407;274.41;1070.8;1;0.0073;0.0073;0;0;0;0;0;0;0.2866;0.1986;0;16.899;19.569;11.42;13.224;97.523;97.523;2.6473;2.3484;1.5869;0.2989;0.7615;0.1129;0.2876;0.5995;82.246;0.5256;0
26/05/21 15:00;13.994;50.854;54.092;17.815;30.086;90;30.086;106.09;101.4;4.69;13;5.36;0;11.374;93.193;3.5847;0;1.215;109.37;0;109.37;11.374;3.5847;93.193;1.215;0.104;0.8632;0;0.0111;104.13;5.2368;0;0;4.1685;1.0683;100.72;3.201;0.2144;0.0676;2.893;0.026;103.92;0.2083;0.0227;0.0072;0.178;0.0003;101.08;11.137;3.51;85.954;0.1204;61.491;51.038;16.834;1.4255;0.6545;9.4147;0.3591;8.6437;0;1;0;0;1.0309;0.9521;1;1;0.9553;0.1207;0.9692;0.9811;1;0.9674;0.8224;0.998;0.998;1;0.998;0.998;0.9209;0.9223;0.0991;0.3284;0.3243;0.002;0.0174;-0.0093;0.0022;0.0078;0.0018;0;0;0.088;0;0.2005;0;0;0;0;0;0;0;0;0;0;0;0;0.0063;0.0004;0.2958;0.2958;0;17.101;17.101;4.1009;0.0407;275.88;1072.2;1;0.0073;0.0073;0;0;0;0;0;0;0.2885;0.2005;0;17.157;19.867;11.628;13.465;97.528;97.528;2.6248;2.3639;1.6022;0.2609;0.7617;0.0994;0.2902;0.6104;61.461;0.5734;0
26/05/21 16:00;4.7403;59.849;78.438;5.4778;7.9086;90;7.9086;19.105;18.898;0.2068;12.1;4.0601;0;0.5015;18.773;0.0862;0;0.0154;19.376;0;19.376;0.5015;0.0862;18.773;0.0154;0.0259;0.9697;0;0.0008;19.271;0.1054;0;0;0.0925;0.0129;18.288;0.9436;0.135;0.0232;0.7849;0.0006;19.232;0.0385;0.001;0.0002;0.0374;0;18.291;0.3655;0.0628;17.858;0.002;11.203;9.2981;2.9018;0.0021;0.1132;1.6286;0.0021;1.7397;0;1;0;0;1.0142;0.9946;1;1;0.9951;0.1646;0.9509;0.7303;1;0.9579;0.7753;0.998;0.998;1;0.998;0.998;0.9439;0.9513;0.1274;0.0582;0.0585;0.0004;0.0086;-0.0026;0.0004;0.0013;0.0003;0;0;0.088;0;-0.0421;0;0;0;0;0;0;0;0;0;0;0;0;0.001;0;0.0491;0.0491;0;12.859;12.859;0.7585;0.0415;48.294;1017.7;1;0.0032;0.0032;0;0;0;0;0;0;0.0459;-0.0421;0;16.091;18.633;-13.768;-15.943;93.485;93.485;0.465;0.3928;-0.3361;0.0722;0.7289;0.1553;1.5674;0;11.201;0;0
26/05/21 17:00;0;0;90;0;0;90;0;0;0;0;11.1;3.9801;0;0;0;0;0;0;0;0;0;0;0;0;0;1;1;1;1;0;0;0;0;0;0;0;0;0;0;0;0;0;0;0;0;0;0;0;0;0;0;0;0;0;0;0;0;0;0;0;0;0;0;0;1;1;1;1;1;1;1;1;1;1;1;1;1;1;1;1;1;1;1;0;0;0;0;0;0;0;0;0;0.0004;0.088;0;-0.0884;0;0;0;0;0;0;0;0;0;0;0;0;0;0;0;0;0;0;0;-11.1;0;0;0;0;0.0004;0;0;0;0;0;0;0;-0.0004;-0.0884;0;0;0;0;0;0;0;0;0;-0.7063;0;0.7063;1;1;0;0;0;0
26/05/21 18:00;0;0;90;0;0;90;0;0;0;0;10.53;3.8;0;0;0;0;0;0;0;0;0;0;0;0;0;1;1;1;1;0;0;0;0;0;0;0;0;0;0;0;0;0;0;0;0;0;0;0;0;0;0;0;0;0;0;0;0;0;0;0;0;0;0;0;1;1;1;1;1;1;1;1;1;1;1;1;1;1;1;1;1;1;1;0;0;0;0;0;0;0;0;0;0.0004;0.088;0;-0.0884;0;0;0;0;0;0;0;0;0;0;0;0;0;0;0;0;0;0;0;-10.53;0;0;0;0;0.0004;0;0;0;0;0;0;0;-0.0004;-0.0884;0;0;0;0;0;0;0;0;0;-0.7063;0;0.7063;1;1;0;0;0;0
26/05/21 19:00;0;0;90;0;0;90;0;0;0;0;9.9501;3.5001;0;0;0;0;0;0;0;0;0;0;0;0;0;1;1;1;1;0;0;0;0;0;0;0;0;0;0;0;0;0;0;0;0;0;0;0;0;0;0;0;0;0;0;0;0;0;0;0;0;0;0;0;1;1;1;1;1;1;1;1;1;1;1;1;1;1;1;1;1;1;1;0;0;0;0;0;0;0;0;0;0.0004;0.088;0;-0.0884;0;0;0;0;0;0;0;0;0;0;0;0;0;0;0;0;0;0;0;-9.9501;0;0;0;0;0.0004;0;0;0;0;0;0;0;-0.0004;-0.0884;0;0;0;0;0;0;0;0;0;-0.7063;0;0.7063;1;1;0;0;0;0
26/05/21 20:00;0;0;90;0;0;90;0;0;0;0;8.2603;3.37;0;0;0;0;0;0;0;0;0;0;0;0;0;1;1;1;1;0;0;0;0;0;0;0;0;0;0;0;0;0;0;0;0;0;0;0;0;0;0;0;0;0;0;0;0;0;0;0;0;0;0;0;1;1;1;1;1;1;1;1;1;1;1;1;1;1;1;1;1;1;1;0;0;0;0;0;0;0;0;0;0.0004;0.088;0;-0.0884;0;0;0;0;0;0;0;0;0;0;0;0;0;0;0;0;0;0;0;-8.2603;0;0;0;0;0.0004;0;0;0;0;0;0;0;-0.0004;-0.0884;0;0;0;0;0;0;0;0;0;-0.7063;0;0.7063;1;1;0;0;0;0
26/05/21 21:00;0;0;90;0;0;90;0;0;0;0;6.5299;3.07;0;0;0;0;0;0;0;0;0;0;0;0;0;1;1;1;1;0;0;0;0;0;0;0;0;0;0;0;0;0;0;0;0;0;0;0;0;0;0;0;0;0;0;0;0;0;0;0;0;0;0;0;1;1;1;1;1;1;1;1;1;1;1;1;1;1;1;1;1;1;1;0;0;0;0;0;0;0;0;0;0.0004;0.088;0;-0.0884;0;0;0;0;0;0;0;0;0;0;0;0;0;0;0;0;0;0;0;-6.5299;0;0;0;0;0.0004;0;0;0;0;0;0;0;-0.0004;-0.0884;0;0;0;0;0;0;0;0;0;-0.7063;0;0.7063;1;1;0;0;0;0
26/05/21 22:00;0;0;90;0;0;90;0;0;0;0;6.1497;2.99;0;0;0;0;0;0;0;0;0;0;0;0;0;1;1;1;1;0;0;0;0;0;0;0;0;0;0;0;0;0;0;0;0;0;0;0;0;0;0;0;0;0;0;0;0;0;0;0;0;0;0;0;1;1;1;1;1;1;1;1;1;1;1;1;1;1;1;1;1;1;1;0;0;0;0;0;0;0;0;0;0.0004;0.088;0;-0.0884;0;0;0;0;0;0;0;0;0;0;0;0;0;0;0;0;0;0;0;-6.1497;0;0;0;0;0.0004;0;0;0;0;0;0;0;-0.0004;-0.0884;0;0;0;0;0;0;0;0;0;-0.7063;0;0.7063;1;1;0;0;0;0
26/05/21 23:00;0;0;90;0;0;90;0;0;0;0;5.6498;3.1899;0;0;0;0;0;0;0;0;0;0;0;0;0;1;1;1;1;0;0;0;0;0;0;0;0;0;0;0;0;0;0;0;0;0;0;0;0;0;0;0;0;0;0;0;0;0;0;0;0;0;0;0;1;1;1;1;1;1;1;1;1;1;1;1;1;1;1;1;1;1;1;0;0;0;0;0;0;0;0;0;0.0004;0.088;0;-0.0884;0;0;0;0;0;0;0;0;0;0;0;0;0;0;0;0;0;0;0;-5.6498;0;0;0;0;0.0004;0;0;0;0;0;0;0;-0.0004;-0.0884;0;0;0;0;0;0;0;0;0;-0.7063;0;0.7063;1;1;0;0;0;0
27/05/21 00:00;0;0;90;0;0;90;0;0;0;0;5.6398;3.23;0;0;0;0;0;0;0;0;0;0;0;0;0;1;1;1;1;0;0;0;0;0;0;0;0;0;0;0;0;0;0;0;0;0;0;0;0;0;0;0;0;0;0;0;0;0;0;0;0;0;0;0;1;1;1;1;1;1;1;1;1;1;1;1;1;1;1;1;1;1;1;0;0;0;0;0;0;0;0;0;0.0004;0.088;0;-0.0884;0;0;0;0;0;0;0;0;0;0;0;0;0;0;0;0;0;0;0;-5.6398;0;0;0;0;0.0004;0;0;0;0;0;0;0;-0.0004;-0.0884;0;0;0;0;0;0;0;0;0;-0.7063;0;0.7063;1;1;0;0;0;0
27/05/21 01:00;0;0;90;0;0;90;0;0;0;0;4.1999;3.13;0;0;0;0;0;0;0;0;0;0;0;0;0;1;1;1;1;0;0;0;0;0;0;0;0;0;0;0;0;0;0;0;0;0;0;0;0;0;0;0;0;0;0;0;0;0;0;0;0;0;0;0;1;1;1;1;1;1;1;1;1;1;1;1;1;1;1;1;1;1;1;0;0;0;0;0;0;0;0;0;0.0004;0.088;0;-0.0884;0;0;0;0;0;0;0;0;0;0;0;0;0;0;0;0;0;0;0;-4.1999;0;0;0;0;0.0004;0;0;0;0;0;0;0;-0.0004;-0.0884;0;0;0;0;0;0;0;0;0;-0.7063;0;0.7063;1;1;0;0;0;0
27/05/21 02:00;0;0;90;0;0;90;0;0;0;0;3.47;2.9499;0;0;0;0;0;0;0;0;0;0;0;0;0;1;1;1;1;0;0;0;0;0;0;0;0;0;0;0;0;0;0;0;0;0;0;0;0;0;0;0;0;0;0;0;0;0;0;0;0;0;0;0;1;1;1;1;1;1;1;1;1;1;1;1;1;1;1;1;1;1;1;0;0;0;0;0;0;0;0;0;0.0004;0.088;0;-0.0884;0;0;0;0;0;0;0;0;0;0;0;0;0;0;0;0;0;0;0;-3.47;0;0;0;0;0.0004;0;0;0;0;0;0;0;-0.0004;-0.0884;0;0;0;0;0;0;0;0;0;-0.7063;0;0.7063;1;1;0;0;0;0
27/05/21 03:00;0;0;90;0;0;90;0;0;0;0;2.5998;2.66;0;0;0;0;0;0;0;0;0;0;0;0;0;1;1;1;1;0;0;0;0;0;0;0;0;0;0;0;0;0;0;0;0;0;0;0;0;0;0;0;0;0;0;0;0;0;0;0;0;0;0;0;1;1;1;1;1;1;1;1;1;1;1;1;1;1;1;1;1;1;1;0;0;0;0;0;0;0;0;0;0.0004;0.088;0;-0.0884;0;0;0;0;0;0;0;0;0;0;0;0;0;0;0;0;0;0;0;-2.5998;0;0;0;0;0.0004;0;0;0;0;0;0;0;-0.0004;-0.0884;0;0;0;0;0;0;0;0;0;-0.7063;0;0.7063;1;1;0;0;0;0
27/05/21 04:00;0;0;90;0;0;90;0;0;0;0;2.7002;2.4601;0;0;0;0;0;0;0;0;0;0;0;0;0;1;1;1;1;0;0;0;0;0;0;0;0;0;0;0;0;0;0;0;0;0;0;0;0;0;0;0;0;0;0;0;0;0;0;0;0;0;0;0;1;1;1;1;1;1;1;1;1;1;1;1;1;1;1;1;1;1;1;0;0;0;0;0;0;0;0;0;0.0004;0.088;0;-0.0884;0;0;0;0;0;0;0;0;0;0;0;0;0;0;0;0;0;0;0;-2.7002;0;0;0;0;0.0004;0;0;0;0;0;0;0;-0.0004;-0.0884;0;0;0;0;0;0;0;0;0;-0.7063;0;0.7063;1;1;0;0;0;0
27/05/21 05:00;0;0;90;0;0;90;0;0;0;0;2.9003;2.36;0;0;0;0;0;0;0;0;0;0;0;0;0;1;1;1;1;0;0;0;0;0;0;0;0;0;0;0;0;0;0;0;0;0;0;0;0;0;0;0;0;0;0;0;0;0;0;0;0;0;0;0;1;1;1;1;1;1;1;1;1;1;1;1;1;1;1;1;1;1;1;0;0;0;0;0;0;0;0;0;0.0004;0.088;0;-0.0884;0;0;0;0;0;0;0;0;0;0;0;0;0;0;0;0;0;0;0;-2.9003;0;0;0;0;0.0004;0;0;0;0;0;0;0;-0.0004;-0.0884;0;0;0;0;0;0;0;0;0;-0.7063;0;0.7063;1;1;0;0;0;0
27/05/21 06:00;0.2264;-63.351;89.451;0.2533;0.361;-90;-0.361;0;0;0;1.9098;2.35;0;0;0;0;0;0;0;0;0;0;0;0;0;1;1;1;1;0;0;0;0;0;0;0;0;0;0;0;0;0;0;0;0;0;0;0;0;0;0;0;0;0;0;0;0;0;0;0;0;0;0;0;1;1;1;1;1;1;1;1;1;1;1;1;1;1;1;1;1;1;1;0;0;0;0;0;0;0;0;0;0.0004;0.088;0;-0.0884;0;0;0;0;0;0;0;0;0;0;0;0;0;0;0;0;0;0;0;-1.9098;0;0;0;0;0.0004;0;0;0;0;0;0;0;-0.0004;-0.0884;0;0;0;0;0;0;0;0;0;-0.7063;0;0.7063;1;1;0;0;0;0
27/05/21 07:00;5.5971;-58.881;76.317;6.5304;9.481;-90;-9.481;62.491;27.399;35.092;3.0798;2.91;0;85.108;19.851;17.975;0;0.0726;123.01;0;123.01;85.108;17.975;19.851;0.0726;0.6919;0.162;0;0.0006;122.81;0.192;0;0;0.1315;0.0605;99.764;22.805;18.157;3.8349;0.8105;0.0027;122.57;0.2456;0.1702;0.036;0.0394;0;99.768;66.78;14.104;18.87;0.0093;12.093;10.037;3.1694;0.0047;0.12;1.7259;0.0038;1.8411;0;1;0;0;1.9684;0.9984;1;1;0.9934;0.1662;0.8139;0.7862;1;0.9588;0.7753;0.998;0.998;1;0.998;0.998;0.811;0.9506;0.1286;0.3694;0.3041;0.0018;0.0171;-0.0197;0.0021;0.0076;0.0003;0;0;0.088;0;0.1927;0;0;0;0;0;0;0;0;0;0;0;0;0.0061;0.0004;0.2884;0.2884;0;7.1076;7.1076;4.0278;0.0404;258.65;1114.9;1;0.0077;0.0077;0;0;0;0;0;0;0.2807;0.1927;0;14.871;17.22;9.9379;11.508;97.344;97.344;2.9522;2.3046;1.5401;0.6476;0.7645;0.2194;0.259;0.5217;11.885;0.5163;0
27/05/21 08:00;15.51;-48.865;49.568;20.227;36.758;-90;-36.758;234.71;42.799;191.91;5.8997;3.0299;0;465.44;17.747;56.005;0;3.9667;543.15;0;543.15;465.44;56.005;17.747;3.9667;0.8569;0.04;0;0.0073;538.48;4.6768;0;0;1.0867;3.5901;530.32;7.0778;5.7972;0.6976;0.5366;0.0465;537.4;1.077;0.9309;0.112;0.0333;0.0008;530.47;458.71;55.195;16.091;0.3294;13.358;11.087;3.5751;0.5419;0.1626;2.339;0.1446;1.9596;0;1;0;0;2.3142;0.9914;1;1;0.9388;0.095;0.9868;0.9875;1;0.9677;0.8763;0.998;0.998;1;0.998;0.998;0.9764;0.9067;0.083;1.6311;1.6026;0.0096;0.0049;0.0135;0.011;0.0391;0.0005;0;0;0.088;0;1.3741;0;0;0;0;0;0;0;0;0;0;0;0;0.0315;0.006;1.4865;1.4865;0;27.409;27.409;21.509;0.0406;1377;1079.5;1;0.0244;0.0244;0;0;0;0;0;0;1.4621;1.3741;0;17.361;20.104;16.048;18.584;98.358;98.358;13.036;11.88;10.982;1.1556;0.8984;0.0886;0.0689;0.8424;12.305;0.8397;0
27/05/21 09:00;23.877;-36.975;46.931;36.352;53.649;-90;-53.649;367.8;75.899;291.9;8.3002;4.8699;0;492.46;27.672;69.424;0;12.732;602.29;0;602.29;492.46;69.424;27.672;12.732;0.8176;0.0671;0;0.0211;587.4;14.886;0;0;2.9615;11.925;579.23;6.9996;5.3758;0.7579;0.8334;0.0326;586.23;1.1748;0.9849;0.1388;0.0494;0.0016;582.04;486.1;68.528;23.828;0.7731;124.95;103.71;32.746;3.1155;1.439;20.699;2.8131;19.023;0;1;0;0;1.6376;0.9753;1;1;0.893;0.0634;0.9881;0.9891;1;0.9662;0.9595;0.998;0.998;1;0.998;0.998;0.9617;0.8611;0.0607;1.8087;1.7967;0.0108;0.0025;0.0432;0.0122;0.0432;0.004;0;0;0.088;0;1.5235;0;0;0;0;0;0;0;0;0;0;0;0;0.0348;0.0074;1.6386;1.6386;0;31.873;31.873;23.572;0.0407;1543.7;1061.5;1;0.027;0.027;0;0;0;0;0;0;1.6115;1.5235;0;17.258;19.985;16.047;18.582;98.35;98.35;14.455;13.096;12.176;1.3594;0.9194;0.094;0.0636;0.8424;22.437;0.8212;0
27/05/21 10:00;30.016;-22.888;52.912;56.051;33.949;-90;-33.949;488.7;86.702;402;10.18;5.3301;0;484.6;31.395;63.145;0;7.0809;586.22;0;586.22;484.6;63.145;31.395;7.0809;0.8267;0.0656;0;0.0121;578.2;8.0236;0;0;1.6973;6.3263;566.87;10.172;8.0537;1.0494;0.9576;0.1118;577.04;1.1564;0.9692;0.1263;0.0594;0.0015;568.84;475.58;61.97;28.681;0.6413;250.93;208.27;70.249;0.7301;2.2392;32.21;1.9732;33.72;0;1;0;0;1.1996;0.9863;1;1;0.9459;0.1066;0.9824;0.9833;1;0.9677;0.8516;0.998;0.998;1;0.998;0.998;0.967;0.9135;0.0906;1.7604;1.7812;0.0107;0.0027;0.0516;0.012;0.0426;0.0062;0;0;0.088;0;1.4993;0;0;0;0;0;0;0;0;0;0;0;0;0.0343;0.0073;1.6137;1.6137;0;33.278;33.278;23.098;0.0407;1529.6;1055;1;0.0264;0.0264;0;0;0;0;0;0;1.5873;1.4993;0;17.463;20.221;16.224;18.787;98.361;98.361;14.069;12.897;11.982;1.1723;0.9146;0.0833;0.065;0.8517;21.293;0.818;0
27/05/21 11:00;33.185;-6.9039;56.185;79.585;10.415;-90;-10.415;556.7;94.398;462.3;11.14;5.5701;0;470.04;34.17;60.948;0;0.7796;565.94;0;565.94;470.04;60.948;34.17;0.7796;0.8306;0.0618;0;0.0014;565.03;0.9146;0;0;0.2648;0.6499;549.8;14.099;11.238;1.4572;1.3743;0.0291;563.9;1.1301;0.9401;0.1219;0.0678;0.0003;549.95;457.86;59.369;32.463;0.1003;324.88;269.65;89.505;0.0118;2.9325;42.183;0.1488;45.104;0;1;0;0;1.0166;0.9984;1;1;0.9923;0.1664;0.975;0.976;1;0.9594;0.7752;0.998;0.998;1;0.998;0.998;0.9715;0.95;0.1287;1.6995;1.7453;0.0105;0.0031;0.0523;0.0118;0.0417;0.0081;0;0;0.088;0;1.4636;0;0;0;0;0;0;0;0;0;0;0;0;0.0336;0.007;1.5772;1.5772;0;33.55;33.55;22.41;0.0408;1497.9;1053;1;0.0257;0.0257;0;0;0;0;0;0;1.5516;1.4636;0;17.679;20.472;16.405;18.997;98.371;98.371;13.583;12.605;11.697;0.9772;0.9087;0.0719;0.0669;0.8612;20.504;0.8156;0
27/05/21 12:00;32.877;9.7638;55.86;75.299;14.702;90;14.702;186.4;181.2;5.2002;11.76;5.8299;0;5.3762;176.95;1.3492;0;0.5187;184.19;0;184.19;5.3762;1.3492;176.95;0.5187;0.0292;0.9635;0;0.0028;181.31;2.888;0;0;2.4545;0.4335;174.17;6.7685;0.1238;0.0311;6.5945;0.0191;180.94;0.3626;0.0108;0.0027;0.349;0.0002;174.29;5.2416;1.3154;167.55;0.0659;111.31;92.39;29.141;0.2132;1.1175;16.075;0.1136;16.98;0;1;0;0;0.9882;0.9843;1;1;0.9861;0.1643;0.9626;0.9769;1;0.9621;0.775;0.998;0.998;1;0.998;0.998;0.9456;0.9469;0.1271;0.5531;0.5588;0.0034;0.0179;-0.0124;0.0038;0.0137;0.0032;0;0;0.088;0;0.4196;0;0;0;0;0;0;0;0;0;0;0;0;0.011;0.0009;0.5174;0.5174;0;18.826;18.826;7.0655;0.0406;476.8;1085.1;1;0.0098;0.0098;0;0;0;0;0;0;0.5076;0.4196;0;17.818;20.633;14.45;16.733;98.109;98.109;4.4206;4.1348;3.3533;0.2859;0.7815;0.0647;0.1768;0.7586;107.57;0.712;0
27/05/21 13:00;29.147;25.482;52.038;52.351;37.65;90;37.65;118.11;116.2;1.9031;13.2;6.02;0;2.4036;103.8;0.4312;0;2.0905;108.72;0;108.72;2.4036;0.4312;103.8;2.0905;0.0221;0.9739;0;0.0192;100.21;8.5125;0;0;6.6085;1.904;96.815;3.196;0.0366;0.0066;3.1311;0.0217;100.01;0.2004;0.0048;0.0009;0.1944;0.0004;97.528;2.3622;0.4237;93.864;0.1644;73.574;61.067;20.954;3.4353;0.8427;12.122;0.7132;9.5297;0;1;0;0;0.9206;0.9217;1;1;0.9363;0.0892;0.968;0.9847;1;0.9677;0.8833;0.998;0.998;1;0.998;0.998;0.8905;0.9043;0.0786;0.3265;0.3193;0.0019;0.0173;-0.0091;0.0022;0.0077;0.0023;0;0;0.088;0;0.1952;0;0;0;0;0;0;0;0;0;0;0;0;0.0062;0.0004;0.2904;0.2904;0;17.144;17.144;3.9436;0.0407;271.35;1070.4;1;0.0072;0.0072;0;0;0;0;0;0;0.2832;0.1952;0;16.946;19.623;11.389;13.189;97.508;97.508;2.6094;2.3212;1.5601;0.2882;0.7611;0.1104;0.2917;0.5979;72.493;0.5518;0
27/05/21 14:00;22.567;39.186;45.705;33.335;56.665;90;56.665;73.899;72.998;0.901;12.98;6;0;1.6396;56.457;0.2345;0;2.8296;61.16;0;61.16;1.6396;0.2345;56.457;2.8296;0.0268;0.9694;0;0.0463;51.949;9.211;0;0;6.5535;2.6575;50.101;1.7442;0.0167;0.0024;1.7165;0.0086;51.846;0.1039;0.0033;0.0005;0.0998;0.0003;51.275;1.6196;0.2316;48.087;0.1632;47.562;39.476;14.64;7.7008;0.8299;11.937;1.1741;5.0664;0;1;0;0;0.8276;0.8494;1;1;0.8839;0.0608;0.9664;0.9898;1;0.9655;0.9502;0.998;0.998;1;0.998;0.998;0.8192;0.8517;0.0577;0.1837;0.1796;0.0011;0.0145;-0.0066;0.0012;0.0042;0.0023;0;0;0.088;0;0.0652;0;0;0;0;0;0;0;0;0;0;0;0;0.0034;0.0002;0.1593;0.1593;0;15.032;15.032;2.0522;0.041;151.29;1052.9;1;0.0061;0.0061;0;0;0;0;0;0;0.1532;0.0652;0;16.523;19.133;6.7629;7.8312;96.172;96.172;1.4678;1.2731;0.5211;0.1947;0.752;0.1327;0.5123;0.355;47.301;0.3097;0
27/05/21 15:00;13.889;50.718;54.397;17.716;29.846;90;29.846;31.392;31.197;0.1946;12.9;4.7899;0;0.472;29.111;0.0461;0;0.3539;29.983;0;29.983;0.472;0.0461;29.111;0.3539;0.0157;0.9827;0;0.0118;28.386;1.5965;0;0;1.2856;0.3108;27.407;0.9227;0.0092;0.0009;0.9049;0.0077;28.33;0.0568;0.0009;0.0001;0.0557;0.0001;27.517;0.4619;0.0451;26.865;0.0353;19.168;15.909;5.2462;0.4331;0.2034;2.9254;0.1097;2.6957;0;1;0;0;0.9551;0.9468;1;1;0.9558;0.1217;0.9674;0.9805;1;0.9674;0.8209;0.998;0.998;1;0.998;0.998;0.9141;0.9228;0.0997;0.09;0.089;0.0005;0.0106;-0.0036;0.0006;0.002;0.0005;0;0;0.088;0;-0.0153;0;0;0;0;0;0;0;0;0;0;0;0;0.0016;0.0001;0.0767;0.0767;0;14.03;14.03;1.1307;0.0413;74.357;1030.9;1;0.004;0.004;0;0;0;0;0;0;0.0727;-0.0153;0;16.218;18.78;-3.2416;-3.7537;94.814;94.814;0.7196;0.6126;-0.1224;0.107;0.7351;0.1487;1.0215;0;19.167;0;0
27/05/21 16:00;4.6506;59.706;78.659;5.3821;7.7669;90;7.7669;3.5944;3.5944;0;12.4;3.63;0;0;3.5779;0;0;0.0028;3.5807;3.5807;0;0;0;0;0;1;1;1;1;0;0;0;0;0;0;0;0;0;0;0;0;0;0;0;0;0;0;0;0;0;0;0;0;0;0;0;0;0;0;0;0;0;0;0;0;1;1;1;1;1;1;1;1;1;1;1;1;1;0;0;1;0;0;0;0;0;0;0;0;0;0;0;0.0004;0.088;0;-0.0884;0;0;0;0;0;0;0;0;0;0;0;0;0;0;0;0;0;0;0;-12.4;0;0;0;0;0.0004;0;0;0;0;0;0;0;-0.0004;-0.0884;0;0;0;0;0;0;0;0;0;-0.7063;0;0.7063;1;1;0;0;0;0
27/05/21 17:00;0;0;90;0;0;90;0;0;0;0;11.3;3.7499;0;0;0;0;0;0;0;0;0;0;0;0;0;1;1;1;1;0;0;0;0;0;0;0;0;0;0;0;0;0;0;0;0;0;0;0;0;0;0;0;0;0;0;0;0;0;0;0;0;0;0;0;1;1;1;1;1;1;1;1;1;1;1;1;1;1;1;1;1;1;1;0;0;0;0;0;0;0;0;0;0.0004;0.088;0;-0.0884;0;0;0;0;0;0;0;0;0;0;0;0;0;0;0;0;0;0;0;-11.3;0;0;0;0;0.0004;0;0;0;0;0;0;0;-0.0004;-0.0884;0;0;0;0;0;0;0;0;0;-0.7063;0;0.7063;1;1;0;0;0;0
27/05/21 18:00;0;0;90;0;0;90;0;0;0;0;10.46;3.8101;0;0;0;0;0;0;0;0;0;0;0;0;0;1;1;1;1;0;0;0;0;0;0;0;0;0;0;0;0;0;0;0;0;0;0;0;0;0;0;0;0;0;0;0;0;0;0;0;0;0;0;0;1;1;1;1;1;1;1;1;1;1;1;1;1;1;1;1;1;1;1;0;0;0;0;0;0;0;0;0;0.0004;0.088;0;-0.0884;0;0;0;0;0;0;0;0;0;0;0;0;0;0;0;0;0;0;0;-10.46;0;0;0;0;0.0004;0;0;0;0;0;0;0;-0.0004;-0.0884;0;0;0;0;0;0;0;0;0;-0.7063;0;0.7063;1;1;0;0;0;0
27/05/21 19:00;0;0;90;0;0;90;0;0;0;0;10.7;3.4901;0;0;0;0;0;0;0;0;0;0;0;0;0;1;1;1;1;0;0;0;0;0;0;0;0;0;0;0;0;0;0;0;0;0;0;0;0;0;0;0;0;0;0;0;0;0;0;0;0;0;0;0;1;1;1;1;1;1;1;1;1;1;1;1;1;1;1;1;1;1;1;0;0;0;0;0;0;0;0;0;0.0004;0.088;0;-0.0884;0;0;0;0;0;0;0;0;0;0;0;0;0;0;0;0;0;0;0;-10.7;0;0;0;0;0.0004;0;0;0;0;0;0;0;-0.0004;-0.0884;0;0;0;0;0;0;0;0;0;-0.7063;0;0.7063;1;1;0;0;0;0
27/05/21 20:00;0;0;90;0;0;90;0;0;0;0;10.29;3.24;0;0;0;0;0;0;0;0;0;0;0;0;0;1;1;1;1;0;0;0;0;0;0;0;0;0;0;0;0;0;0;0;0;0;0;0;0;0;0;0;0;0;0;0;0;0;0;0;0;0;0;0;1;1;1;1;1;1;1;1;1;1;1;1;1;1;1;1;1;1;1;0;0;0;0;0;0;0;0;0;0.0004;0.088;0;-0.0884;0;0;0;0;0;0;0;0;0;0;0;0;0;0;0;0;0;0;0;-10.29;0;0;0;0;0.0004;0;0;0;0;0;0;0;-0.0004;-0.0884;0;0;0;0;0;0;0;0;0;-0.7063;0;0.7063;1;1;0;0;0;0
27/05/21 21:00;0;0;90;0;0;90;0;0;0;0;9.8099;3.61;0;0;0;0;0;0;0;0;0;0;0;0;0;1;1;1;1;0;0;0;0;0;0;0;0;0;0;0;0;0;0;0;0;0;0;0;0;0;0;0;0;0;0;0;0;0;0;0;0;0;0;0;1;1;1;1;1;1;1;1;1;1;1;1;1;1;1;1;1;1;1;0;0;0;0;0;0;0;0;0;0.0004;0.088;0;-0.0884;0;0;0;0;0;0;0;0;0;0;0;0;0;0;0;0;0;0;0;-9.8099;0;0;0;0;0.0004;0;0;0;0;0;0;0;-0.0004;-0.0884;0;0;0;0;0;0;0;0;0;-0.7063;0;0.7063;1;1;0;0;0;0
27/05/21 22:00;0;0;90;0;0;90;0;0;0;0;10.01;4.1401;0;0;0;0;0;0;0;0;0;0;0;0;0;1;1;1;1;0;0;0;0;0;0;0;0;0;0;0;0;0;0;0;0;0;0;0;0;0;0;0;0;0;0;0;0;0;0;0;0;0;0;0;1;1;1;1;1;1;1;1;1;1;1;1;1;1;1;1;1;1;1;0;0;0;0;0;0;0;0;0;0.0004;0.088;0;-0.0884;0;0;0;0;0;0;0;0;0;0;0;0;0;0;0;0;0;0;0;-10.01;0;0;0;0;0.0004;0;0;0;0;0;0;0;-0.0004;-0.0884;0;0;0;0;0;0;0;0;0;-0.7063;0;0.7063;1;1;0;0;0;0
27/05/21 23:00;0;0;90;0;0;90;0;0;0;0;9.1498;4.09;0;0;0;0;0;0;0;0;0;0;0;0;0;1;1;1;1;0;0;0;0;0;0;0;0;0;0;0;0;0;0;0;0;0;0;0;0;0;0;0;0;0;0;0;0;0;0;0;0;0;0;0;1;1;1;1;1;1;1;1;1;1;1;1;1;1;1;1;1;1;1;0;0;0;0;0;0;0;0;0;0.0004;0.088;0;-0.0884;0;0;0;0;0;0;0;0;0;0;0;0;0;0;0;0;0;0;0;-9.1498;0;0;0;0;0.0004;0;0;0;0;0;0;0;-0.0004;-0.0884;0;0;0;0;0;0;0;0;0;-0.7063;0;0.7063;1;1;0;0;0;0
28/05/21 00:00;0;0;90;0;0;90;0;0;0;0;8.2902;3.62;0;0;0;0;0;0;0;0;0;0;0;0;0;1;1;1;1;0;0;0;0;0;0;0;0;0;0;0;0;0;0;0;0;0;0;0;0;0;0;0;0;0;0;0;0;0;0;0;0;0;0;0;1;1;1;1;1;1;1;1;1;1;1;1;1;1;1;1;1;1;1;0;0;0;0;0;0;0;0;0;0.0004;0.088;0;-0.0884;0;0;0;0;0;0;0;0;0;0;0;0;0;0;0;0;0;0;0;-8.2902;0;0;0;0;0.0004;0;0;0;0;0;0;0;-0.0004;-0.0884;0;0;0;0;0;0;0;0;0;-0.7063;0;0.7063;1;1;0;0;0;0
28/05/21 01:00;0;0;90;0;0;90;0;0;0;0;7.4998;3.5701;0;0;0;0;0;0;0;0;0;0;0;0;0;1;1;1;1;0;0;0;0;0;0;0;0;0;0;0;0;0;0;0;0;0;0;0;0;0;0;0;0;0;0;0;0;0;0;0;0;0;0;0;1;1;1;1;1;1;1;1;1;1;1;1;1;1;1;1;1;1;1;0;0;0;0;0;0;0;0;0;0.0004;0.088;0;-0.0884;0;0;0;0;0;0;0;0;0;0;0;0;0;0;0;0;0;0;0;-7.4998;0;0;0;0;0.0004;0;0;0;0;0;0;0;-0.0004;-0.0884;0;0;0;0;0;0;0;0;0;-0.7063;0;0.7063;1;1;0;0;0;0
28/05/21 02:00;0;0;90;0;0;90;0;0;0;0;6.4601;4.1;0;0;0;0;0;0;0;0;0;0;0;0;0;1;1;1;1;0;0;0;0;0;0;0;0;0;0;0;0;0;0;0;0;0;0;0;0;0;0;0;0;0;0;0;0;0;0;0;0;0;0;0;1;1;1;1;1;1;1;1;1;1;1;1;1;1;1;1;1;1;1;0;0;0;0;0;0;0;0;0;0.0004;0.088;0;-0.0884;0;0;0;0;0;0;0;0;0;0;0;0;0;0;0;0;0;0;0;-6.4601;0;0;0;0;0.0004;0;0;0;0;0;0;0;-0.0004;-0.0884;0;0;0;0;0;0;0;0;0;-0.7063;0;0.7063;1;1;0;0;0;0
28/05/21 03:00;0;0;90;0;0;90;0;0;0;0;5.6199;4.27;0;0;0;0;0;0;0;0;0;0;0;0;0;1;1;1;1;0;0;0;0;0;0;0;0;0;0;0;0;0;0;0;0;0;0;0;0;0;0;0;0;0;0;0;0;0;0;0;0;0;0;0;1;1;1;1;1;1;1;1;1;1;1;1;1;1;1;1;1;1;1;0;0;0;0;0;0;0;0;0;0.0004;0.088;0;-0.0884;0;0;0;0;0;0;0;0;0;0;0;0;0;0;0;0;0;0;0;-5.6199;0;0;0;0;0.0004;0;0;0;0;0;0;0;-0.0004;-0.0884;0;0;0;0;0;0;0;0;0;-0.7063;0;0.7063;1;1;0;0;0;0
28/05/21 04:00;0;0;90;0;0;90;0;0;0;0;7.4998;4.0601;0;0;0;0;0;0;0;0;0;0;0;0;0;1;1;1;1;0;0;0;0;0;0;0;0;0;0;0;0;0;0;0;0;0;0;0;0;0;0;0;0;0;0;0;0;0;0;0;0;0;0;0;1;1;1;1;1;1;1;1;1;1;1;1;1;1;1;1;1;1;1;0;0;0;0;0;0;0;0;0;0.0004;0.088;0;-0.0884;0;0;0;0;0;0;0;0;0;0;0;0;0;0;0;0;0;0;0;-7.4998;0;0;0;0;0.0004;0;0;0;0;0;0;0;-0.0004;-0.0884;0;0;0;0;0;0;0;0;0;-0.7063;0;0.7063;1;1;0;0;0;0
28/05/21 05:00;0;0;90;0;0;90;0;0;0;0;8.3999;3.85;0;0;0;0;0;0;0;0;0;0;0;0;0;1;1;1;1;0;0;0;0;0;0;0;0;0;0;0;0;0;0;0;0;0;0;0;0;0;0;0;0;0;0;0;0;0;0;0;0;0;0;0;1;1;1;1;1;1;1;1;1;1;1;1;1;1;1;1;1;1;1;0;0;0;0;0;0;0;0;0;0.0004;0.088;0;-0.0884;0;0;0;0;0;0;0;0;0;0;0;0;0;0;0;0;0;0;0;-8.3999;0;0;0;0;0.0004;0;0;0;0;0;0;0;-0.0004;-0.0884;0;0;0;0;0;0;0;0;0;-0.7063;0;0.7063;1;1;0;0;0;0
28/05/21 06:00;0.1056;-63.242;89.744;0.1182;0.1685;-90;-0.1685;0;0;0;8.3999;3.9199;0;0;0;0;0;0;0;0;0;0;0;0;0;1;1;1;1;0;0;0;0;0;0;0;0;0;0;0;0;0;0;0;0;0;0;0;0;0;0;0;0;0;0;0;0;0;0;0;0;0;0;0;1;1;1;1;1;1;1;1;1;1;1;1;1;1;1;1;1;1;1;0;0;0;0;0;0;0;0;0;0.0004;0.088;0;-0.0884;0;0;0;0;0;0;0;0;0;0;0;0;0;0;0;0;0;0;0;-8.3999;0;0;0;0;0.0004;0;0;0;0;0;0;0;-0.0004;-0.0884;0;0;0;0;0;0;0;0;0;-0.7063;0;0.7063;1;1;0;0;0;0
28/05/21 07:00;5.4708;-58.777;76.631;6.3903;9.2702;-90;-9.2702;22.797;22.397;0.4;8.3002;4.4501;0;0.9701;22.18;0.1714;0;0.0253;23.347;0;23.347;0.9701;0.1714;22.18;0.0253;0.0415;0.9511;0;0.0011;23.185;0.1626;0;0;0.1415;0.0211;21.977;1.1615;0.2141;0.0378;0.9086;0.0009;23.138;0.0464;0.0019;0.0003;0.0441;0;21.981;0.754;0.1332;21.086;0.0033;13.275;11.018;3.4434;0.0048;0.134;1.9277;0.004;2.057;0;1;0;0;1.0241;0.993;1;1;0.9936;0.1661;0.9498;0.7788;1;0.9587;0.7753;0.998;0.998;1;0.998;0.998;0.9413;0.9507;0.1285;0.0701;0.0703;0.0004;0.0094;-0.004;0.0005;0.0016;0.0004;0;0;0.088;0;-0.0309;0;0;0;0;0;0;0;0;0;0;0;0;0.0013;0;0.0607;0.0607;0;9.2062;9.2062;0.906;0.0412;58.266;1042.2;1;0.0036;0.0036;0;0;0;0;0;0;0.0571;-0.0309;0;16.499;19.105;-8.3903;-9.7158;94.068;94.068;0.5603;0.4853;-0.2468;0.075;0.7321;0.1339;1.3065;0;13.273;0;0
28/05/21 08:00;15.372;-48.775;49.992;20.078;36.289;-90;-36.289;113.91;100.6;13.309;8.8001;4.5301;0;32.278;87.411;9.2125;0;1.8779;130.78;0;130.78;32.278;9.2125;87.411;1.8779;0.2468;0.6827;0;0.0144;123.84;6.9424;0;0;5.2464;1.696;120.39;3.1963;0.41;0.117;2.646;0.0233;123.59;0.2477;0.0646;0.0184;0.1643;0.0004;120.94;31.804;9.077;79.354;0.1583;60.461;50.183;17.013;2.5499;0.6882;9.8999;0.5455;8.0382;0;1;0;0;1.1481;0.9469;1;1;0.94;0.0969;0.9741;0.9873;1;0.9677;0.8719;0.998;0.998;1;0.998;0.998;0.9206;0.9078;0.0843;0.3927;0.3851;0.0023;0.0179;-0.0158;0.0027;0.0095;0.002;0;0;0.088;0;0.2623;0;0;0;0;0;0;0;0;0;0;0;0;0.0076;0.0005;0.3585;0.3585;0;13.679;13.679;4.879;0.0405;327.88;1093.4;1;0.0082;0.0082;0;0;0;0;0;0;0.3503;0.2623;0;17.39;20.137;12.724;14.735;97.717;97.717;3.1387;2.8652;2.0965;0.2735;0.7687;0.0871;0.2449;0.6679;60.378;0.6321;0
28/05/21 09:00;23.726;-36.907;47.057;36.2;53.8;-90;-53.8;177.49;159.9;17.592;10;4.8401;0;29.786;122.99;8.9024;0;6.1765;167.85;0;167.85;29.786;8.9024;122.99;6.1765;0.1775;0.7695;0;0.0368;148.85;19.001;0;0;13.216;5.7852;144.41;4.1463;0.3273;0.0978;3.7053;0.0159;148.55;0.2977;0.0596;0.0178;0.2195;0.0008;146.78;29.399;8.7868;105.85;0.3746;106.86;88.691;32.083;13.972;1.7006;24.462;2.3696;12.191;0;1;0;0;0.9457;0.8868;1;1;0.8925;0.0634;0.9721;0.989;1;0.9662;0.9593;0.998;0.998;1;0.998;0.998;0.8603;0.8606;0.0607;0.5041;0.4936;0.003;0.0181;-0.0162;0.0034;0.0121;0.0048;0;0;0.088;0;0.3607;0;0;0;0;0;0;0;0;0;0;0;0;0.0098;0.0008;0.4579;0.4579;0;15.853;15.853;5.853;0.0405;419.89;1090.5;1;0.0092;0.0092;0;0;0;0;0;0;0.4487;0.3607;0;17.306;20.04;13.632;15.785;97.989;97.989;4.0284;3.6596;2.8827;0.3689;0.7769;0.0916;0.1929;0.7156;99.881;0.6452;0
28/05/21 10:00;29.856;-22.854;53.053;55.917;34.083;-90;-34.083;367.31;184.2;183.11;11.43;5.46;0;221.09;121.8;61.523;0;5.363;409.77;0;409.77;221.09;61.523;121.8;5.363;0.5395;0.3103;0;0.0131;398.35;11.42;0;0;6.6259;4.7945;388.99;8.563;3.7287;1.0376;3.7131;0.0836;397.56;0.7967;0.4422;0.123;0.2303;0.0011;390.55;216.92;60.362;111.23;0.4838;200.8;166.67;56.489;2.8655;1.9225;27.654;1.5614;26.711;0;1;0;0;1.1156;0.9721;1;1;0.9456;0.106;0.9785;0.9831;1;0.9677;0.8527;0.998;0.998;1;0.998;0.998;0.9493;0.9132;0.0902;1.2305;1.2346;0.0074;0.0101;0.0097;0.0085;0.03;0.0054;0;0;0.088;0;1.0291;0;0;0;0;0;0;0;0;0;0;0;0;0.0241;0.0037;1.1357;1.1357;0;27.229;27.229;15.799;0.0406;1057.3;1074.2;1;0.0186;0.0186;0;0;0;0;0;0;1.1171;1.0291;0;17.581;20.359;15.931;18.448;98.363;98.363;9.8346;9.0764;8.2245;0.7581;0.8519;0.0771;0.0866;0.8363;82.694;0.7961;0
28/05/21 11:00;33.022;-6.9155;56.342;79.505;10.495;-90;-10.495;584.1;96.4;487.7;12.31;5.6699;0;496;31.254;65.987;0;0.8306;594.07;0;594.07;496;65.987;31.254;0.8306;0.8349;0.054;0;0.0014;593.14;0.9377;0;0;0.2453;0.6924;576.98;14.971;12.078;1.6068;1.2553;0.031;591.95;1.1863;0.992;0.132;0.062;0.0003;577.14;482.93;64.248;29.691;0.1069;340.76;282.83;93.929;0.0111;3.0726;44.197;0.1592;47.259;0;1;0;0;1.0171;0.9984;1;1;0.9922;0.1664;0.9747;0.9756;1;0.9594;0.7752;0.998;0.998;1;0.998;0.998;0.9712;0.95;0.1287;1.784;1.8315;0.011;0.0022;0.0697;0.0122;0.0434;0.0084;0;0;0.088;0;1.5271;0;0;0;0;0;0;0;0;0;0;0;0;0.035;0.0077;1.6419;1.6419;0;35.869;35.869;23.559;0.0408;1572.2;1044.3;1;0.0268;0.0268;0;0;0;0;0;0;1.6151;1.5271;0;17.532;20.302;16.306;18.882;98.368;98.368;14.258;13.122;12.204;1.136;0.9174;0.0797;0.0643;0.856;18.758;0.8108;0
28/05/21 12:00;32.722;9.7037;56.024;75.301;14.699;90;14.699;528.61;109.4;419.21;13.3;5.8199;0;433.39;44.847;65.964;0;1.4705;545.67;0;545.67;433.39;65.964;44.847;1.4705;0.7942;0.0849;0;0.0027;543.82;1.8508;0;0;0.6219;1.2289;529.29;13.443;10.169;1.5478;1.6714;0.0543;542.74;1.0876;0.8668;0.1319;0.0885;0.0005;529.62;422.36;64.284;42.465;0.1869;305.39;253.47;83.511;0.0543;2.7999;40.276;0.3311;43.022;0;1;0;0;1.0323;0.9966;1;1;0.9861;0.1643;0.9752;0.9765;1;0.9621;0.775;0.998;0.998;1;0.998;0.998;0.97;0.9469;0.1271;1.6387;1.6801;0.0101;0.0039;0.0584;0.0113;0.0399;0.0077;0;0;0.088;0;1.3978;0;0;0;0;0;0;0;0;0;0;0;0;0.0321;0.0065;1.5101;1.5101;0;34.902;34.902;21.602;0.0408;1442.2;1047;1;0.0243;0.0243;0;0;0;0;0;0;1.4858;1.3978;0;17.555;20.329;16.25;18.817;98.391;98.391;13.096;12.069;11.171;1.0276;0.8975;0.0785;0.0685;0.853;27.262;0.8083;0
28/05/21 13:00;29.008;25.384;52.197;52.292;37.708;90;37.708;492.41;95.702;396.71;13.9;5.86;0;501.44;32.976;74.425;0;8.7418;617.58;0;617.58;501.44;74.425;32.976;8.7418;0.8119;0.0676;0;0.0142;607.51;10.069;0;0;2.1045;7.9641;596.31;9.9881;7.7527;1.1507;0.9946;0.0901;606.3;1.215;1.0029;0.1489;0.0617;0.0016;598.73;492.68;73.126;29.815;0.686;242.35;201.15;67.878;1.0992;2.1863;31.45;2.418;32.537;0;1;0;0;1.2542;0.9837;1;1;0.9362;0.089;0.9835;0.9845;1;0.9677;0.8839;0.998;0.998;1;0.998;0.998;0.9656;0.9041;0.0785;1.8546;1.8696;0.0113;0.0017;0.0871;0.0124;0.0439;0.006;0;0;0.088;0;1.5488;0;0;0;0;0;0;0;0;0;0;0;0;0.0354;0.008;1.6639;1.6639;0;38.295;38.295;24.395;0.0409;1606.4;1035.8;1;0.0271;0.0271;0;0;0;0;0;0;1.6368;1.5488;0;17.091;19.791;15.909;18.422;98.374;98.374;14.822;13.298;12.378;1.5243;0.9195;0.1028;0.062;0.8351;23.041;0.8044;0
28/05/21 14:00;22.448;39.065;45.856;33.248;56.752;90;56.752;254.69;183.6;71.092;13.81;5.6599;0;129.67;122.23;46.889;0;9.7794;308.56;0;308.56;129.67;46.889;122.23;9.7794;0.4202;0.4278;0;0.0317;285.16;23.404;0;0;14.22;9.1845;279.03;5.5638;1.3341;0.4824;3.7174;0.0298;284.59;0.5703;0.2593;0.0938;0.216;0.0012;282.21;128.07;46.312;104.08;0.564;126.87;105.3;37.837;16.763;2.0469;29.444;3.1804;14.728;0;1;0;0;1.2115;0.9242;1;1;0.8837;0.0608;0.9804;0.9897;1;0.9655;0.9498;0.998;0.998;1;0.998;0.998;0.9043;0.8515;0.0577;0.9266;0.912;0.0055;0.0146;0.0005;0.0062;0.0221;0.0058;0;0;0.088;0;0.7353;0;0;0;0;0;0;0;0;0;0;0;0;0.0178;0.0022;0.8374;0.8374;0;25.147;25.147;11.337;0.0406;778.8;1075.2;1;0.0141;0.0141;0;0;0;0;0;0;0.8233;0.7353;0;17.216;19.935;15.117;17.506;98.321;98.321;7.4055;6.6924;5.8768;0.7131;0.8157;0.0963;0.1101;0.7936;102.51;0.7407;0
28/05/21 15:00;13.789;50.585;54.686;17.623;29.623;90;29.623;204.39;105.9;98.492;13.23;4.1401;0;238.87;68.218;79.818;0;2.2707;389.18;0;389.18;238.87;79.818;68.218;2.2707;0.6138;0.1811;0;0.0058;384.21;4.9691;0;0;2.9769;1.9921;374.85;8.591;4.8103;1.6074;2.1232;0.0502;383.44;0.7684;0.4777;0.1596;0.1305;0.0006;375.1;233.58;78.051;62.988;0.2278;45.491;37.758;12.53;0.9891;0.475;6.8326;0.2521;6.3185;0;1;0;0;1.9041;0.9872;1;1;0.9564;0.1227;0.9776;0.9798;1;0.9674;0.8196;0.998;0.998;1;0.998;0.998;0.9632;0.9233;0.1003;1.1687;1.1442;0.0069;0.0114;0.0141;0.0078;0.0276;0.0013;0;0;0.088;0;0.9444;0;0;0;0;0;0;0;0;0;0;0;0;0.0222;0.0032;1.0496;1.0496;0;28.474;28.474;15.244;0.0407;981.55;1069.3;1;0.0172;0.0172;0;0;0;0;0;0;1.0324;0.9444;0;17.109;19.812;15.394;17.826;98.36;98.36;9.3402;8.3885;7.5476;0.9517;0.8409;0.1019;0.09;0.8081;44.847;0.7976;0
28/05/21 16:00;4.5661;59.566;78.868;5.292;7.6337;90;7.6337;34.205;33.3;0.9055;11.72;3.85;0;2.196;32.868;0.6908;0;0.0258;35.781;0;35.781;2.196;0.6908;32.868;0.0258;0.0614;0.9193;0;0.0007;35.607;0.1743;0;0;0.1528;0.0215;33.34;2.1957;0.62;0.195;1.3797;0.001;35.536;0.0712;0.0044;0.0014;0.0654;0;33.343;1.5716;0.4944;31.271;0.0033;19.607;16.274;5.0783;0.0032;0.1982;2.8506;0.0033;3.0456;0;1;0;0;1.0461;0.9951;1;1;0.9954;0.1646;0.9382;0.7171;1;0.9577;0.7753;0.998;0.998;1;0.998;0.998;0.9318;0.9514;0.1273;0.1075;0.1064;0.0006;0.0116;-0.0047;0.0007;0.0025;0.0005;0;0;0.088;0;0.0006;0;0;0;0;0;0;0;0;0;0;0;0;0.002;0.0001;0.0931;0.0931;0;13.09;13.09;1.3705;0.0411;89.26;1043.5;1;0.0045;0.0045;0;0;0;0;0;0;0.0886;0.0006;0;16.513;19.122;0.1146;0.1328;95.174;95.174;0.8587;0.7444;0.0052;0.1144;0.7392;0.1332;0.8608;0.006;19.602;0.0057;0
28/05/21 17:00;0;0;90;0;0;90;0;0;0;0;9.3;4.36;0;0;0;0;0;0;0;0;0;0;0;0;0;1;1;1;1;0;0;0;0;0;0;0;0;0;0;0;0;0;0;0;0;0;0;0;0;0;0;0;0;0;0;0;0;0;0;0;0;0;0;0;1;1;1;1;1;1;1;1;1;1;1;1;1;1;1;1;1;1;1;0;0;0;0;0;0;0;0;0;0.0004;0.088;0;-0.0884;0;0;0;0;0;0;0;0;0;0;0;0;0;0;0;0;0;0;0;-9.3;0;0;0;0;0.0004;0;0;0;0;0;0;0;-0.0004;-0.0884;0;0;0;0;0;0;0;0;0;-0.7063;0;0.7063;1;1;0;0;0;0
28/05/21 18:00;0;0;90;0;0;90;0;0;0;0;8.9397;4.3099;0;0;0;0;0;0;0;0;0;0;0;0;0;1;1;1;1;0;0;0;0;0;0;0;0;0;0;0;0;0;0;0;0;0;0;0;0;0;0;0;0;0;0;0;0;0;0;0;0;0;0;0;1;1;1;1;1;1;1;1;1;1;1;1;1;1;1;1;1;1;1;0;0;0;0;0;0;0;0;0;0.0004;0.088;0;-0.0884;0;0;0;0;0;0;0;0;0;0;0;0;0;0;0;0;0;0;0;-8.9397;0;0;0;0;0.0004;0;0;0;0;0;0;0;-0.0004;-0.0884;0;0;0;0;0;0;0;0;0;-0.7063;0;0.7063;1;1;0;0;0;0
28/05/21 19:00;0;0;90;0;0;90;0;0;0;0;6.3697;3.88;0;0;0;0;0;0;0;0;0;0;0;0;0;1;1;1;1;0;0;0;0;0;0;0;0;0;0;0;0;0;0;0;0;0;0;0;0;0;0;0;0;0;0;0;0;0;0;0;0;0;0;0;1;1;1;1;1;1;1;1;1;1;1;1;1;1;1;1;1;1;1;0;0;0;0;0;0;0;0;0;0.0004;0.088;0;-0.0884;0;0;0;0;0;0;0;0;0;0;0;0;0;0;0;0;0;0;0;-6.3697;0;0;0;0;0.0004;0;0;0;0;0;0;0;-0.0004;-0.0884;0;0;0;0;0;0;0;0;0;-0.7063;0;0.7063;1;1;0;0;0;0
28/05/21 20:00;0;0;90;0;0;90;0;0;0;0;6.27;3.5099;0;0;0;0;0;0;0;0;0;0;0;0;0;1;1;1;1;0;0;0;0;0;0;0;0;0;0;0;0;0;0;0;0;0;0;0;0;0;0;0;0;0;0;0;0;0;0;0;0;0;0;0;1;1;1;1;1;1;1;1;1;1;1;1;1;1;1;1;1;1;1;0;0;0;0;0;0;0;0;0;0.0004;0.088;0;-0.0884;0;0;0;0;0;0;0;0;0;0;0;0;0;0;0;0;0;0;0;-6.27;0;0;0;0;0.0004;0;0;0;0;0;0;0;-0.0004;-0.0884;0;0;0;0;0;0;0;0;0;-0.7063;0;0.7063;1;1;0;0;0;0
28/05/21 21:00;0;0;90;0;0;90;0;0;0;0;4.3501;3.1899;0;0;0;0;0;0;0;0;0;0;0;0;0;1;1;1;1;0;0;0;0;0;0;0;0;0;0;0;0;0;0;0;0;0;0;0;0;0;0;0;0;0;0;0;0;0;0;0;0;0;0;0;1;1;1;1;1;1;1;1;1;1;1;1;1;1;1;1;1;1;1;0;0;0;0;0;0;0;0;0;0.0004;0.088;0;-0.0884;0;0;0;0;0;0;0;0;0;0;0;0;0;0;0;0;0;0;0;-4.3501;0;0;0;0;0.0004;0;0;0;0;0;0;0;-0.0004;-0.0884;0;0;0;0;0;0;0;0;0;-0.7063;0;0.7063;1;1;0;0;0;0
28/05/21 22:00;0;0;90;0;0;90;0;0;0;0;3.4201;2.9301;0;0;0;0;0;0;0;0;0;0;0;0;0;1;1;1;1;0;0;0;0;0;0;0;0;0;0;0;0;0;0;0;0;0;0;0;0;0;0;0;0;0;0;0;0;0;0;0;0;0;0;0;1;1;1;1;1;1;1;1;1;1;1;1;1;1;1;1;1;1;1;0;0;0;0;0;0;0;0;0;0.0004;0.088;0;-0.0884;0;0;0;0;0;0;0;0;0;0;0;0;0;0;0;0;0;0;0;-3.4201;0;0;0;0;0.0004;0;0;0;0;0;0;0;-0.0004;-0.0884;0;0;0;0;0;0;0;0;0;-0.7063;0;0.7063;1;1;0;0;0;0
28/05/21 23:00;0;0;90;0;0;90;0;0;0;0;1.1001;2.68;0;0;0;0;0;0;0;0;0;0;0;0;0;1;1;1;1;0;0;0;0;0;0;0;0;0;0;0;0;0;0;0;0;0;0;0;0;0;0;0;0;0;0;0;0;0;0;0;0;0;0;0;1;1;1;1;1;1;1;1;1;1;1;1;1;1;1;1;1;1;1;0;0;0;0;0;0;0;0;0;0.0004;0.088;0;-0.0884;0;0;0;0;0;0;0;0;0;0;0;0;0;0;0;0;0;0;0;-1.1001;0;0;0;0;0.0004;0;0;0;0;0;0;0;-0.0004;-0.0884;0;0;0;0;0;0;0;0;0;-0.7063;0;0.7063;1;1;0;0;0;0
29/05/21 00:00;0;0;90;0;0;90;0;0;0;0;1.4498;2.49;0;0;0;0;0;0;0;0;0;0;0;0;0;1;1;1;1;0;0;0;0;0;0;0;0;0;0;0;0;0;0;0;0;0;0;0;0;0;0;0;0;0;0;0;0;0;0;0;0;0;0;0;1;1;1;1;1;1;1;1;1;1;1;1;1;1;1;1;1;1;1;0;0;0;0;0;0;0;0;0;0.0004;0.088;0;-0.0884;0;0;0;0;0;0;0;0;0;0;0;0;0;0;0;0;0;0;0;-1.4498;0;0;0;0;0.0004;0;0;0;0;0;0;0;-0.0004;-0.0884;0;0;0;0;0;0;0;0;0;-0.7063;0;0.7063;1;1;0;0;0;0
29/05/21 01:00;0;0;90;0;0;90;0;0;0;0;0.8003;2.44;0;0;0;0;0;0;0;0;0;0;0;0;0;1;1;1;1;0;0;0;0;0;0;0;0;0;0;0;0;0;0;0;0;0;0;0;0;0;0;0;0;0;0;0;0;0;0;0;0;0;0;0;1;1;1;1;1;1;1;1;1;1;1;1;1;1;1;1;1;1;1;0;0;0;0;0;0;0;0;0;0.0004;0.088;0;-0.0884;0;0;0;0;0;0;0;0;0;0;0;0;0;0;0;0;0;0;0;-0.8003;0;0;0;0;0.0004;0;0;0;0;0;0;0;-0.0004;-0.0884;0;0;0;0;0;0;0;0;0;-0.7063;0;0.7063;1;1;0;0;0;0
29/05/21 02:00;0;0;90;0;0;90;0;0;0;0;-0.7599;2.4699;0;0;0;0;0;0;0;0;0;0;0;0;0;1;1;1;1;0;0;0;0;0;0;0;0;0;0;0;0;0;0;0;0;0;0;0;0;0;0;0;0;0;0;0;0;0;0;0;0;0;0;0;1;1;1;1;1;1;1;1;1;1;1;1;1;1;1;1;1;1;1;0;0;0;0;0;0;0;0;0;0.0004;0.088;0;-0.0884;0;0;0;0;0;0;0;0;0;0;0;0;0;0;0;0;0;0;0;0.7599;0;0;0;0;0.0004;0;0;0;0;0;0;0;-0.0004;-0.0884;0;0;0;0;0;0;0;0;0;-0.7063;0;0.7063;1;1;0;0;0;0
29/05/21 03:00;0;0;90;0;0;90;0;0;0;0;-1.3801;2.4501;0;0;0;0;0;0;0;0;0;0;0;0;0;1;1;1;1;0;0;0;0;0;0;0;0;0;0;0;0;0;0;0;0;0;0;0;0;0;0;0;0;0;0;0;0;0;0;0;0;0;0;0;1;1;1;1;1;1;1;1;1;1;1;1;1;1;1;1;1;1;1;0;0;0;0;0;0;0;0;0;0.0004;0.088;0;-0.0884;0;0;0;0;0;0;0;0;0;0;0;0;0;0;0;0;0;0;0;1.3801;0;0;0;0;0.0004;0;0;0;0;0;0;0;-0.0004;-0.0884;0;0;0;0;0;0;0;0;0;-0.7063;0;0.7063;1;1;0;0;0;0
29/05/21 04:00;0;0;90;0;0;90;0;0;0;0;-1.9698;2.35;0;0;0;0;0;0;0;0;0;0;0;0;0;1;1;1;1;0;0;0;0;0;0;0;0;0;0;0;0;0;0;0;0;0;0;0;0;0;0;0;0;0;0;0;0;0;0;0;0;0;0;0;1;1;1;1;1;1;1;1;1;1;1;1;1;1;1;1;1;1;1;0;0;0;0;0;0;0;0;0;0.0004;0.088;0;-0.0884;0;0;0;0;0;0;0;0;0;0;0;0;0;0;0;0;0;0;0;1.9698;0;0;0;0;0.0004;0;0;0;0;0;0;0;-0.0004;-0.0884;0;0;0;0;0;0;0;0;0;-0.7063;0;0.7063;1;1;0;0;0;0
29/05/21 05:00;0;0;90;0;0;90;0;0;0;0;-2.0801;2.2;0;0;0;0;0;0;0;0;0;0;0;0;0;1;1;1;1;0;0;0;0;0;0;0;0;0;0;0;0;0;0;0;0;0;0;0;0;0;0;0;0;0;0;0;0;0;0;0;0;0;0;0;1;1;1;1;1;1;1;1;1;1;1;1;1;1;1;1;1;1;1;0;0;0;0;0;0;0;0;0;0.0004;0.088;0;-0.0884;0;0;0;0;0;0;0;0;0;0;0;0;0;0;0;0;0;0;0;2.0801;0;0;0;0;0.0004;0;0;0;0;0;0;0;-0.0004;-0.0884;0;0;0;0;0;0;0;0;0;-0.7063;0;0.7063;1;1;0;0;0;0
29/05/21 06:00;0;0;90;0;0;90;0;0;0;0;-2.0702;2.03;0;0;0;0;0;0;0;0;0;0;0;0;0;1;1;1;1;0;0;0;0;0;0;0;0;0;0;0;0;0;0;0;0;0;0;0;0;0;0;0;0;0;0;0;0;0;0;0;0;0;0;0;1;1;1;1;1;1;1;1;1;1;1;1;1;1;1;1;1;1;1;0;0;0;0;0;0;0;0;0;0.0004;0.088;0;-0.0884;0;0;0;0;0;0;0;0;0;0;0;0;0;0;0;0;0;0;0;2.0702;0;0;0;0;0.0004;0;0;0;0;0;0;0;-0.0004;-0.0884;0;0;0;0;0;0;0;0;0;-0.7063;0;0.7063;1;1;0;0;0;0
29/05/21 07:00;5.3474;-58.679;76.937;6.2529;9.0639;-90;-9.0639;86.499;14.302;72.197;-1.0099;1.96;0;175.1;5.9292;20.216;0;0.0918;201.34;0;201.34;175.1;20.216;5.9292;0.0918;0.8697;0.0299;0;0.0005;201.22;0.113;0;0;0.0364;0.0766;156.01;44.813;39.953;4.6127;0.2437;0.0034;200.82;0.4024;0.3502;0.0404;0.0118;0;156.01;134.8;15.562;5.6373;0.0118;3.941;3.271;1.0831;0.0012;0.0358;0.5152;0.001;0.5498;0;1;0;0;2.3276;0.9994;1;1;0.9939;0.166;0.7768;0.7714;1;0.9586;0.7754;0.998;0.998;1;0.998;0.998;0.7749;0.9508;0.1285;0.6046;0.471;0.0028;0.0181;-0.0332;0.0034;0.012;0.0001;0;0;0.088;0;0.3597;0;0;0;0;0;0;0;0;0;0;0;0;0.0097;0.0007;0.4574;0.4574;0;5.2524;5.2524;6.2623;0.0401;401.61;1139;1;0.0097;0.0097;0;0;0;0;0;0;0.4477;0.3597;0;14.412;16.689;11.335;13.125;97.883;97.883;4.8321;3.6557;2.8751;1.1763;0.7807;0.2434;0.1616;0.595;3.5464;0.5939;0
29/05/21 08:00;15.237;-48.691;50.402;19.932;35.837;-90;-35.837;276;45.499;230.51;1.4199;1.4399;0;559.04;14.012;72.812;0;4.4414;650.31;0;650.31;559.04;72.812;14.012;4.4414;0.8597;0.0284;0;0.0068;645.48;4.8277;0;0;0.8247;4.003;635.41;8.7778;7.3393;0.9559;0.4247;0.0579;644.19;1.291;1.1181;0.1456;0.0264;0.0009;635.53;550.58;71.711;12.736;0.3796;10.92;9.0638;2.8234;0.3926;0.1361;1.9577;0.1203;1.7012;0;1;0;0;2.3561;0.9926;1;1;0.9411;0.0987;0.9864;0.9868;1;0.9677;0.8677;0.998;0.998;1;0.998;0.998;0.9771;0.909;0.0855;1.9529;1.9183;0.0115;0.0012;0.0145;0.0132;0.0469;0.0004;0;0;0.088;0;1.666;0;0;0;0;0;0;0;0;0;0;0;0;0.0378;0.0084;1.7843;1.7843;0;27.171;27.171;25.751;0.0405;1648.7;1082.2;1;0.0303;0.0303;0;0;0;0;0;0;1.754;1.666;0;17.405;20.155;16.252;18.819;98.304;98.304;15.607;14.26;13.315;1.3474;0.9451;0.0863;0.0606;0.8531;9.6438;0.8512;0
29/05/21 09:00;23.579;-36.844;47.177;36.05;53.95;-90;-53.95;398.1;65.602;332.49;4.8102;0.7001;0;565;19.522;69.707;0;13.925;668.15;0;668.15;565;69.707;19.522;13.925;0.8456;0.0501;0;0.0208;653;15.15;0;0;2.1063;13.043;644.05;7.644;6.2486;0.7709;0.5884;0.036;651.7;1.306;1.13;0.1394;0.0348;0.0018;646.91;557.62;68.797;16.793;0.8438;128.98;107.05;34.025;2.2428;1.4077;20.25;2.8615;19.415;0;1;0;0;1.6784;0.9773;1;1;0.8921;0.0633;0.9883;0.9889;1;0.9661;0.9591;0.998;0.998;1;0.998;0.998;0.9639;0.8602;0.0606;2.0065;1.9911;0.012;0.0005;0.0415;0.0136;0.0481;0.0039;0;0;0.088;0;1.7051;0;0;0;0;0;0;0;0;0;0;0;0;0.0387;0.009;1.8238;1.8238;0;30.993;30.993;26.183;0.0407;1710.6;1066.2;1;0.0307;0.0307;0;0;0;0;0;0;1.7931;1.7051;0;17.316;20.051;16.188;18.746;98.316;98.316;16.036;14.576;13.627;1.4599;0.9488;0.091;0.0592;0.8498;15.88;0.8309;0
29/05/21 10:00;29.701;-22.824;53.188;55.783;34.217;-90;-34.217;510.5;84.3;426.2;8.0197;1.1801;0;515.41;27.173;65.972;0;7.5107;616.06;0;616.06;515.41;65.972;27.173;7.5107;0.8366;0.0563;0;0.0122;607.86;8.2061;0;0;1.4873;6.7188;595.75;10.889;8.8165;1.1285;0.828;0.1155;606.64;1.2157;1.0308;0.1319;0.0514;0.0016;597.79;505.56;64.712;24.806;0.6748;260.68;216.36;73.759;0.6495;2.2683;32.629;2.0419;34.248;0;1;0;0;1.2068;0.9867;1;1;0.9453;0.1054;0.9821;0.9829;1;0.9677;0.8538;0.998;0.998;1;0.998;0.998;0.967;0.9129;0.0898;1.85;1.8693;0.0113;0.0017;0.0474;0.0127;0.0449;0.0063;0;0;0.088;0;1.5846;0;0;0;0;0;0;0;0;0;0;0;0;0.0362;0.008;1.7008;1.7008;0;32.27;32.27;24.251;0.0407;1605.1;1059.7;1;0.0282;0.0282;0;0;0;0;0;0;1.6726;1.5846;0;17.514;20.28;16.317;18.895;98.341;98.341;14.786;13.593;12.664;1.1924;0.9288;0.0806;0.0628;0.8565;18.467;0.8239;0
29/05/21 11:00;32.865;-6.9297;56.493;79.422;10.578;-90;-10.578;568.01;93.5;474.51;10.43;2.02;0;482.71;31.721;62.57;0;0.8205;577.82;0;577.82;482.71;62.57;31.721;0.8205;0.8354;0.0563;0;0.0014;576.89;0.9363;0;0;0.2523;0.684;560.92;14.815;11.962;1.5505;1.2724;0.0306;575.73;1.1538;0.9654;0.1251;0.0629;0.0003;561.08;469.78;60.895;30.133;0.1056;331.33;275;91.319;0.0116;2.9882;42.985;0.1579;45.961;0;1;0;0;1.0173;0.9984;1;1;0.992;0.1664;0.9743;0.9752;1;0.9595;0.7752;0.998;0.998;1;0.998;0.998;0.9707;0.95;0.1287;1.7352;1.7805;0.0107;0.0027;0.0516;0.012;0.0426;0.0083;0;0;0.088;0;1.4966;0;0;0;0;0;0;0;0;0;0;0;0;0.0343;0.0073;1.611;1.611;0;33.287;33.287;22.857;0.0407;1528.1;1054.3;1;0.0264;0.0264;0;0;0;0;0;0;1.5846;1.4966;0;17.686;20.48;16.431;19.026;98.363;98.363;13.868;12.875;11.961;0.9926;0.9141;0.0716;0.0659;0.8625;19.042;0.817;0
29/05/21 12:00;32.573;9.6431;56.181;75.308;14.692;90;14.692;561.6;94.098;467.5;11.65;2.57;0;483.3;32.093;63.55;0;1.5609;580.51;0;580.51;483.3;63.55;32.093;1.5609;0.8326;0.058;0;0.0027;578.76;1.7491;0;0;0.4447;1.3044;563.28;14.322;11.549;1.5186;1.1962;0.0576;577.6;1.1575;0.9666;0.1271;0.0633;0.0005;563.63;470.79;61.905;30.388;0.1984;324.11;269.01;88.755;0.0389;2.9622;42.61;0.3517;45.534;0;1;0;0;1.0337;0.997;1;1;0.9861;0.1643;0.9752;0.9761;1;0.9621;0.775;0.998;0.998;1;0.998;0.998;0.9703;0.9469;0.1271;1.7433;1.7874;0.0108;0.0026;0.0603;0.012;0.0425;0.0082;0;0;0.088;0;1.4952;0;0;0;0;0;0;0;0;0;0;0;0;0.0343;0.0073;1.6095;1.6095;0;34.628;34.628;22.978;0.0408;1534.3;1049;1;0.0262;0.0262;0;0;0;0;0;0;1.5832;1.4952;0;17.588;20.366;16.339;18.92;98.369;98.369;13.932;12.863;11.95;1.0694;0.9131;0.0768;0.0655;0.8577;19.509;0.813;0
29/05/21 13:00;28.875;25.287;52.351;52.239;37.761;90;37.761;490.71;95.003;395.71;12.18;2.7701;0;500.53;32.621;74.081;0;8.7351;615.97;0;615.97;500.53;74.081;32.621;8.7351;0.8126;0.0671;0;0.0142;605.92;10.046;0;0;2.0864;7.9598;594.61;10.094;7.8576;1.163;0.9838;0.0895;604.71;1.2118;1.0011;0.1482;0.0611;0.0016;597.03;491.67;72.77;29.49;0.6843;241.31;200.29;67.586;1.0926;2.1769;31.314;2.416;32.398;0;1;0;0;1.2553;0.9837;1;1;0.936;0.0888;0.9833;0.9843;1;0.9677;0.8844;0.998;0.998;1;0.998;0.998;0.9653;0.904;0.0783;1.8497;1.8642;0.0112;0.0018;0.0749;0.0124;0.0441;0.006;0;0;0.088;0;1.5551;0;0;0;0;0;0;0;0;0;0;0;0;0.0355;0.0079;1.6704;1.6704;0;36.469;36.469;24.289;0.0408;1601.6;1043;1;0.0273;0.0273;0;0;0;0;0;0;1.6431;1.5551;0;17.203;19.92;16.015;18.545;98.365;98.365;14.783;13.35;12.428;1.4334;0.9216;0.097;0.0623;0.8407;22.803;0.8099;0
29/05/21 14:00;22.335;38.947;46.003;33.168;56.832;90;56.832;366.1;102.8;263.3;12.58;2.7701;0;481.26;38.071;97.94;0;14.093;631.37;0;631.37;481.26;97.94;38.071;14.093;0.7623;0.0826;0;0.0223;613.69;17.674;0;0;4.4381;13.236;605.25;7.2106;4.9931;1.0161;1.1582;0.0432;612.47;1.2274;0.9625;0.1959;0.0673;0.0017;608.11;475.31;96.728;32.408;0.8126;111.19;92.289;30.351;5.2502;1.363;19.606;2.8584;15.719;0;1;0;0;1.7246;0.972;1;1;0.8834;0.0608;0.9882;0.9896;1;0.9655;0.9495;0.998;0.998;1;0.998;0.998;0.9586;0.8512;0.0577;1.896;1.8729;0.0113;0.0017;0.0808;0.0125;0.0442;0.0037;0;0;0.088;0;1.5598;0;0;0;0;0;0;0;0;0;0;0;0;0.0356;0.008;1.6752;1.6752;0;37.32;37.32;24.74;0.0409;1610.2;1040.4;1;0.0274;0.0274;0;0;0;0;0;0;1.6478;1.5598;0;16.831;19.49;15.672;18.148;98.367;98.367;15.153;13.388;12.466;1.7647;0.9219;0.1165;0.0608;0.8227;31.956;0.804;0
29/05/21 15:00;13.695;50.456;54.957;17.537;29.415;90;29.415;198.9;108.2;90.701;12.23;2.21;0;219.97;72.051;75.633;0;2.1795;369.84;0;369.84;219.97;75.633;72.051;2.1795;0.5948;0.2007;0;0.0059;364.82;5.0193;0;0;3.1091;1.9102;355.66;8.4319;4.5674;1.5704;2.2452;0.0488;364.09;0.7296;0.4399;0.1513;0.1379;0.0005;355.92;214.97;73.911;66.559;0.2199;47.897;39.755;13.171;1.0194;0.5001;7.1941;0.2615;6.6748;0;1;0;0;1.8594;0.9864;1;1;0.9568;0.1236;0.9768;0.9792;1;0.9674;0.8183;0.998;0.998;1;0.998;0.998;0.9617;0.9238;0.1009;1.1106;1.0872;0.0065;0.0122;0.0065;0.0074;0.0264;0.0014;0;0;0.088;0;0.898;0;0;0;0;0;0;0;0;0;0;0;0;0.0212;0.003;1.0026;1.0026;0;26.676;26.676;14.446;0.0406;931.74;1076;1;0.0166;0.0166;0;0;0;0;0;0;0.986;0.898;0;17.196;19.913;15.402;17.835;98.345;98.345;8.8761;8.0124;7.1765;0.8637;0.8359;0.0973;0.0942;0.8085;47.3;0.7969;0
29/05/21 16:00;4.4869;59.429;79.063;5.2075;7.5089;90;7.5089;30.2;29.601;0.5992;11.71;2.81;0;1.4533;29.304;0.4137;0;0.022;31.194;0;31.194;1.4533;0.4137;29.304;0.022;0.0466;0.9401;0;0.0007;31.043;0.151;0;0;0.1326;0.0184;29.209;1.7718;0.4194;0.1194;1.2322;0.0008;30.98;0.0621;0.0029;0.0008;0.0583;0;29.211;1.0311;0.2935;27.881;0.0028;17.476;14.505;4.5255;0.0026;0.1767;2.5412;0.0028;2.7152;0;1;0;0;1.0329;0.9952;1;1;0.9955;0.1645;0.9428;0.7109;1;0.9577;0.7754;0.998;0.998;1;0.998;0.998;0.9364;0.9514;0.1273;0.0937;0.0933;0.0006;0.0109;-0.0041;0.0006;0.0021;0.0005;0;0;0.088;0;-0.0111;0;0;0;0;0;0;0;0;0;0;0;0;0.0017;0.0001;0.0811;0.0811;0;12.913;12.913;1.2027;0.0412;78.053;1038.5;1;0.0041;0.0041;0;0;0;0;0;0;0.0769;-0.0111;0;16.484;19.088;-2.2533;-2.6093;94.898;94.898;0.7486;0.6478;-0.0886;0.1009;0.7363;0.1347;0.9836;0;17.472;0;0
29/05/21 17:00;0;0;90;0;0;90;0;0;0;0;5.2901;3.0901;0;0;0;0;0;0;0;0;0;0;0;0;0;1;1;1;1;0;0;0;0;0;0;0;0;0;0;0;0;0;0;0;0;0;0;0;0;0;0;0;0;0;0;0;0;0;0;0;0;0;0;0;1;1;1;1;1;1;1;1;1;1;1;1;1;1;1;1;1;1;1;0;0;0;0;0;0;0;0;0;0.0004;0.088;0;-0.0884;0;0;0;0;0;0;0;0;0;0;0;0;0;0;0;0;0;0;0;-5.2901;0;0;0;0;0.0004;0;0;0;0;0;0;0;-0.0004;-0.0884;0;0;0;0;0;0;0;0;0;-0.7063;0;0.7063;1;1;0;0;0;0
29/05/21 18:00;0;0;90;0;0;90;0;0;0;0;3.6402;3.15;0;0;0;0;0;0;0;0;0;0;0;0;0;1;1;1;1;0;0;0;0;0;0;0;0;0;0;0;0;0;0;0;0;0;0;0;0;0;0;0;0;0;0;0;0;0;0;0;0;0;0;0;1;1;1;1;1;1;1;1;1;1;1;1;1;1;1;1;1;1;1;0;0;0;0;0;0;0;0;0;0.0004;0.088;0;-0.0884;0;0;0;0;0;0;0;0;0;0;0;0;0;0;0;0;0;0;0;-3.6402;0;0;0;0;0.0004;0;0;0;0;0;0;0;-0.0004;-0.0884;0;0;0;0;0;0;0;0;0;-0.7063;0;0.7063;1;1;0;0;0;0
29/05/21 19:00;0;0;90;0;0;90;0;0;0;0;2.3;3.08;0;0;0;0;0;0;0;0;0;0;0;0;0;1;1;1;1;0;0;0;0;0;0;0;0;0;0;0;0;0;0;0;0;0;0;0;0;0;0;0;0;0;0;0;0;0;0;0;0;0;0;0;1;1;1;1;1;1;1;1;1;1;1;1;1;1;1;1;1;1;1;0;0;0;0;0;0;0;0;0;0.0004;0.088;0;-0.0884;0;0;0;0;0;0;0;0;0;0;0;0;0;0;0;0;0;0;0;-2.3;0;0;0;0;0.0004;0;0;0;0;0;0;0;-0.0004;-0.0884;0;0;0;0;0;0;0;0;0;-0.7063;0;0.7063;1;1;0;0;0;0
29/05/21 20:00;0;0;90;0;0;90;0;0;0;0;1.5801;2.9;0;0;0;0;0;0;0;0;0;0;0;0;0;1;1;1;1;0;0;0;0;0;0;0;0;0;0;0;0;0;0;0;0;0;0;0;0;0;0;0;0;0;0;0;0;0;0;0;0;0;0;0;1;1;1;1;1;1;1;1;1;1;1;1;1;1;1;1;1;1;1;0;0;0;0;0;0;0;0;0;0.0004;0.088;0;-0.0884;0;0;0;0;0;0;0;0;0;0;0;0;0;0;0;0;0;0;0;-1.5801;0;0;0;0;0.0004;0;0;0;0;0;0;0;-0.0004;-0.0884;0;0;0;0;0;0;0;0;0;-0.7063;0;0.7063;1;1;0;0;0;0
29/05/21 21:00;0;0;90;0;0;90;0;0;0;0;0.8402;2.7099;0;0;0;0;0;0;0;0;0;0;0;0;0;1;1;1;1;0;0;0;0;0;0;0;0;0;0;0;0;0;0;0;0;0;0;0;0;0;0;0;0;0;0;0;0;0;0;0;0;0;0;0;1;1;1;1;1;1;1;1;1;1;1;1;1;1;1;1;1;1;1;0;0;0;0;0;0;0;0;0;0.0004;0.088;0;-0.0884;0;0;0;0;0;0;0;0;0;0;0;0;0;0;0;0;0;0;0;-0.8402;0;0;0;0;0.0004;0;0;0;0;0;0;0;-0.0004;-0.0884;0;0;0;0;0;0;0;0;0;-0.7063;0;0.7063;1;1;0;0;0;0
29/05/21 22:00;0;0;90;0;0;90;0;0;0;0;-0.0001;2.6901;0;0;0;0;0;0;0;0;0;0;0;0;0;1;1;1;1;0;0;0;0;0;0;0;0;0;0;0;0;0;0;0;0;0;0;0;0;0;0;0;0;0;0;0;0;0;0;0;0;0;0;0;1;1;1;1;1;1;1;1;1;1;1;1;1;1;1;1;1;1;1;0;0;0;0;0;0;0;0;0;0.0004;0.088;0;-0.0884;0;0;0;0;0;0;0;0;0;0;0;0;0;0;0;0;0;0;0;0.0001;0;0;0;0;0.0004;0;0;0;0;0;0;0;-0.0004;-0.0884;0;0;0;0;0;0;0;0;0;-0.7063;0;0.7063;1;1;0;0;0;0
29/05/21 23:00;0;0;90;0;0;90;0;0;0;0;-0.02;2.7899;0;0;0;0;0;0;0;0;0;0;0;0;0;1;1;1;1;0;0;0;0;0;0;0;0;0;0;0;0;0;0;0;0;0;0;0;0;0;0;0;0;0;0;0;0;0;0;0;0;0;0;0;1;1;1;1;1;1;1;1;1;1;1;1;1;1;1;1;1;1;1;0;0;0;0;0;0;0;0;0;0.0004;0.088;0;-0.0884;0;0;0;0;0;0;0;0;0;0;0;0;0;0;0;0;0;0;0;0.02;0;0;0;0;0.0004;0;0;0;0;0;0;0;-0.0004;-0.0884;0;0;0;0;0;0;0;0;0;-0.7063;0;0.7063;1;1;0;0;0;0
30/05/21 00:00;0;0;90;0;0;90;0;0;0;0;-0.7001;2.8501;0;0;0;0;0;0;0;0;0;0;0;0;0;1;1;1;1;0;0;0;0;0;0;0;0;0;0;0;0;0;0;0;0;0;0;0;0;0;0;0;0;0;0;0;0;0;0;0;0;0;0;0;1;1;1;1;1;1;1;1;1;1;1;1;1;1;1;1;1;1;1;0;0;0;0;0;0;0;0;0;0.0004;0.088;0;-0.0884;0;0;0;0;0;0;0;0;0;0;0;0;0;0;0;0;0;0;0;0.7001;0;0;0;0;0.0004;0;0;0;0;0;0;0;-0.0004;-0.0884;0;0;0;0;0;0;0;0;0;-0.7063;0;0.7063;1;1;0;0;0;0
30/05/21 01:00;0;0;90;0;0;90;0;0;0;0;-1.1701;2.84;0;0;0;0;0;0;0;0;0;0;0;0;0;1;1;1;1;0;0;0;0;0;0;0;0;0;0;0;0;0;0;0;0;0;0;0;0;0;0;0;0;0;0;0;0;0;0;0;0;0;0;0;1;1;1;1;1;1;1;1;1;1;1;1;1;1;1;1;1;1;1;0;0;0;0;0;0;0;0;0;0.0004;0.088;0;-0.0884;0;0;0;0;0;0;0;0;0;0;0;0;0;0;0;0;0;0;0;1.1701;0;0;0;0;0.0004;0;0;0;0;0;0;0;-0.0004;-0.0884;0;0;0;0;0;0;0;0;0;-0.7063;0;0.7063;1;1;0;0;0;0
30/05/21 02:00;0;0;90;0;0;90;0;0;0;0;-1.7199;2.7999;0;0;0;0;0;0;0;0;0;0;0;0;0;1;1;1;1;0;0;0;0;0;0;0;0;0;0;0;0;0;0;0;0;0;0;0;0;0;0;0;0;0;0;0;0;0;0;0;0;0;0;0;1;1;1;1;1;1;1;1;1;1;1;1;1;1;1;1;1;1;1;0;0;0;0;0;0;0;0;0;0.0004;0.088;0;-0.0884;0;0;0;0;0;0;0;0;0;0;0;0;0;0;0;0;0;0;0;1.7199;0;0;0;0;0.0004;0;0;0;0;0;0;0;-0.0004;-0.0884;0;0;0;0;0;0;0;0;0;-0.7063;0;0.7063;1;1;0;0;0;0
30/05/21 03:00;0;0;90;0;0;90;0;0;0;0;-1.3801;2.7199;0;0;0;0;0;0;0;0;0;0;0;0;0;1;1;1;1;0;0;0;0;0;0;0;0;0;0;0;0;0;0;0;0;0;0;0;0;0;0;0;0;0;0;0;0;0;0;0;0;0;0;0;1;1;1;1;1;1;1;1;1;1;1;1;1;1;1;1;1;1;1;0;0;0;0;0;0;0;0;0;0.0004;0.088;0;-0.0884;0;0;0;0;0;0;0;0;0;0;0;0;0;0;0;0;0;0;0;1.3801;0;0;0;0;0.0004;0;0;0;0;0;0;0;-0.0004;-0.0884;0;0;0;0;0;0;0;0;0;-0.7063;0;0.7063;1;1;0;0;0;0
30/05/21 04:00;0;0;90;0;0;90;0;0;0;0;-2.2297;2.6101;0;0;0;0;0;0;0;0;0;0;0;0;0;1;1;1;1;0;0;0;0;0;0;0;0;0;0;0;0;0;0;0;0;0;0;0;0;0;0;0;0;0;0;0;0;0;0;0;0;0;0;0;1;1;1;1;1;1;1;1;1;1;1;1;1;1;1;1;1;1;1;0;0;0;0;0;0;0;0;0;0.0004;0.088;0;-0.0884;0;0;0;0;0;0;0;0;0;0;0;0;0;0;0;0;0;0;0;2.2297;0;0;0;0;0.0004;0;0;0;0;0;0;0;-0.0004;-0.0884;0;0;0;0;0;0;0;0;0;-0.7063;0;0.7063;1;1;0;0;0;0
30/05/21 05:00;0;0;90;0;0;90;0;0;0;0;-2.0303;2.52;0;0;0;0;0;0;0;0;0;0;0;0;0;1;1;1;1;0;0;0;0;0;0;0;0;0;0;0;0;0;0;0;0;0;0;0;0;0;0;0;0;0;0;0;0;0;0;0;0;0;0;0;1;1;1;1;1;1;1;1;1;1;1;1;1;1;1;1;1;1;1;0;0;0;0;0;0;0;0;0;0.0004;0.088;0;-0.0884;0;0;0;0;0;0;0;0;0;0;0;0;0;0;0;0;0;0;0;2.0303;0;0;0;0;0.0004;0;0;0;0;0;0;0;-0.0004;-0.0884;0;0;0;0;0;0;0;0;0;-0.7063;0;0.7063;1;1;0;0;0;0
30/05/21 06:00;0;0;90;0;0;90;0;0;0;0;-2.6;2.41;0;0;0;0;0;0;0;0;0;0;0;0;0;1;1;1;1;0;0;0;0;0;0;0;0;0;0;0;0;0;0;0;0;0;0;0;0;0;0;0;0;0;0;0;0;0;0;0;0;0;0;0;1;1;1;1;1;1;1;1;1;1;1;1;1;1;1;1;1;1;1;0;0;0;0;0;0;0;0;0;0.0004;0.088;0;-0.0884;0;0;0;0;0;0;0;0;0;0;0;0;0;0;0;0;0;0;0;2.6;0;0;0;0;0.0004;0;0;0;0;0;0;0;-0.0004;-0.0884;0;0;0;0;0;0;0;0;0;-0.7063;0;0.7063;1;1;0;0;0;0
30/05/21 07:00;5.4014;-58.433;76.803;6.3324;9.1831;-90;-9.1831;82.397;13.603;68.793;-1.4001;2.9301;0;166.84;6.0826;18.145;0;0.0898;191.16;0;191.16;166.84;18.145;6.0826;0.0898;0.8728;0.0323;0;0.0005;191.05;0.1131;0;0;0.0382;0.0749;148.81;41.852;37.519;4.0804;0.2495;0.0033;190.67;0.3821;0.3337;0.0363;0.0121;0;148.81;128.99;14.028;5.7828;0.0115;4.0129;3.3307;1.0986;0.0013;0.0367;0.5286;0.0011;0.5641;0;1;0;0;2.32;0.9994;1;1;0.9937;0.1661;0.7805;0.7747;1;0.9586;0.7754;0.998;0.998;1;0.998;0.998;0.7785;0.9507;0.1285;0.5741;0.4493;0.0027;0.0181;-0.0328;0.0032;0.0115;0.0001;0;0;0.088;0;0.3392;0;0;0;0;0;0;0;0;0;0;0;0;0.0092;0.0007;0.4367;0.4367;0;4.5725;4.5725;5.9726;0.0401;382.99;1140.3;1;0.0095;0.0095;0;0;0;0;0;0;0.4272;0.3392;0;14.492;16.781;11.257;13.036;97.83;97.83;4.5879;3.4902;2.7111;1.0977;0.779;0.2393;0.1698;0.5909;3.6391;0.5897;0
30/05/21 08:00;15.106;-48.613;50.8;19.788;35.402;-90;-35.402;299;49.297;249.7;0.8003;2.7001;0;605.59;12.479;86.211;0;4.6989;708.98;0;708.98;605.59;86.211;12.479;4.6989;0.8542;0.0242;0;0.0066;704.03;4.9473;0;0;0.7206;4.2267;692.79;9.8368;8.2232;1.1706;0.3787;0.0642;702.62;1.4081;1.2112;0.1724;0.0235;0.0009;692.86;596.16;84.868;11.357;0.4071;9.957;8.2643;2.9767;0.3355;0.0965;1.3878;0.073;1.1488;0;1;0;0;2.3712;0.993;1;1;0.9423;0.1005;0.986;0.9864;1;0.9677;0.8639;0.998;0.998;1;0.998;0.998;0.9772;0.91;0.0866;2.1291;2.0897;0.0126;-0.0003;0.0284;0.0143;0.0509;0.0003;0;0;0.088;0;1.8118;0;0;0;0;0;0;0;0;0;0;0;0;0.041;0.0098;1.9328;1.9328;0;28.911;28.911;28.111;0.0406;1796.5;1075.9;1;0.033;0.033;0;0;0;0;0;0;1.8998;1.8118;0;17.294;20.026;16.211;18.772;98.291;98.291;17.016;15.447;14.48;1.5684;0.9672;0.0922;0.0568;0.851;8.5595;0.8497;0
30/05/21 09:00;23.438;-36.787;47.29;35.902;54.098;-90;-54.098;387.8;64.298;323.5;4.4499;2.33;0;551.68;19.784;67.113;0;13.633;652.21;0;652.21;551.68;67.113;19.784;13.633;0.8459;0.0512;0;0.0209;637.29;14.914;0;0;2.1431;12.771;628.5;7.5165;6.1378;0.7467;0.5965;0.0354;636.02;1.2746;1.1034;0.1342;0.0353;0.0017;631.31;544.43;66.232;17.01;0.8253;125.09;103.82;32.922;2.2947;1.3781;19.823;2.8091;18.907;0;1;0;0;1.6818;0.9771;1;1;0.8917;0.0633;0.9882;0.9889;1;0.9661;0.9588;0.998;0.998;1;0.998;0.998;0.9637;0.8597;0.0605;1.9586;1.9432;0.0117;0.001;0.0337;0.0133;0.0471;0.0039;0;0;0.088;0;1.6681;0;0;0;0;0;0;0;0;0;0;0;0;0.0379;0.0086;1.7861;1.7861;0;29.981;29.981;25.531;0.0406;1669.3;1070;1;0.0301;0.0301;0;0;0;0;0;0;1.7561;1.6681;0;17.373;20.117;16.224;18.787;98.317;98.317;15.653;14.275;13.331;1.3782;0.9435;0.088;0.0603;0.8517;16.119;0.8327;0
30/05/21 10:00;29.551;-22.798;53.317;55.649;34.351;-90;-34.351;498.5;82.398;416.11;7.9898;1.3401;0;504;27.459;63.367;0;7.3898;602.22;0;602.22;504;63.367;27.459;7.3898;0.8369;0.0579;0;0.0123;594.09;8.1271;0;0;1.5122;6.6148;582.12;10.786;8.7392;1.0987;0.8363;0.1122;592.9;1.1882;1.008;0.1267;0.0519;0.0015;584.13;494.26;62.141;25.058;0.6612;254.31;211.08;71.962;0.6652;2.2146;31.857;2.0114;33.406;0;1;0;0;1.2081;0.9865;1;1;0.9449;0.1049;0.9818;0.9826;1;0.9677;0.8549;0.998;0.998;1;0.998;0.998;0.9666;0.9126;0.0895;1.8085;1.8265;0.011;0.0022;0.0426;0.0124;0.044;0.0062;0;0;0.088;0;1.5496;0;0;0;0;0;0;0;0;0;0;0;0;0.0354;0.0076;1.6652;1.6652;0;31.675;31.675;23.686;0.0407;1568.3;1061.8;1;0.0276;0.0276;0;0;0;0;0;0;1.6376;1.5496;0;17.54;20.311;16.323;18.902;98.345;98.345;14.453;13.308;12.384;1.1453;0.9236;0.0792;0.0639;0.8569;18.681;0.8242;0
30/05/21 11:00;32.714;-6.9465;56.637;79.337;10.663;-90;-10.663;554.51;92.402;462.11;10.54;0.58;0;470.23;32.661;60.502;0;0.8139;564.2;0;564.2;470.23;60.502;32.661;0.8139;0.8334;0.0593;0;0.0014;563.26;0.9417;0;0;0.2633;0.6784;547.42;14.713;11.85;1.5247;1.3082;0.0304;562.13;1.1265;0.9405;0.121;0.0648;0.0003;547.58;457.44;58.856;31.024;0.1048;323.42;268.44;89.124;0.0123;2.9179;41.972;0.1571;44.878;0;1;0;0;1.0175;0.9983;1;1;0.9919;0.1664;0.9738;0.9747;1;0.9595;0.7752;0.998;0.998;1;0.998;0.998;0.9703;0.9499;0.1287;1.6943;1.7377;0.0105;0.0032;0.0477;0.0117;0.0416;0.0081;0;0;0.088;0;1.4607;0;0;0;0;0;0;0;0;0;0;0;0;0.0335;0.0069;1.5744;1.5744;0;32.84;32.84;22.301;0.0407;1491.3;1055.8;1;0.0257;0.0257;0;0;0;0;0;0;1.5487;1.4607;0;17.702;20.499;16.424;19.018;98.368;98.368;13.541;12.583;11.674;0.958;0.9087;0.0708;0.0671;0.8621;19.611;0.8167;0
30/05/21 12:00;32.431;9.582;56.332;75.319;14.681;90;14.681;547.59;96.4;451.19;12.91;0.69;0;466.42;34.787;63.096;0;1.5196;565.82;0;565.82;466.42;63.096;34.787;1.5196;0.8243;0.0642;0;0.0027;564.07;1.7513;0;0;0.4814;1.2699;548.71;14.231;11.344;1.5345;1.2969;0.0561;562.94;1.1281;0.9328;0.1262;0.0686;0.0005;549.05;454.14;61.435;32.94;0.1931;316.11;262.38;86.537;0.0421;2.8913;41.59;0.3423;44.439;0;1;0;0;1.0333;0.9969;1;1;0.9862;0.1643;0.9747;0.9756;1;0.9621;0.775;0.998;0.998;1;0.998;0.998;0.9698;0.9469;0.1271;1.6992;1.7414;0.0105;0.0032;0.063;0.0117;0.0413;0.0079;0;0;0.088;0;1.4503;0;0;0;0;0;0;0;0;0;0;0;0;0.0333;0.007;1.5636;1.5636;0;35.309;35.309;22.399;0.0408;1494.9;1045.9;1;0.0253;0.0253;0;0;0;0;0;0;1.5383;1.4503;0;17.53;20.299;16.259;18.828;98.381;98.381;13.58;12.496;11.59;1.0838;0.9056;0.0798;0.0667;0.8535;21.146;0.809;0
30/05/21 13:00;28.749;25.192;52.5;52.193;37.807;90;37.807;481.51;99.001;382.51;14;1.07;0;484.14;35.578;74.994;0;8.5918;603.3;0;603.3;484.14;74.994;35.578;8.5918;0.8025;0.0732;0;0.0142;593.19;10.111;0;0;2.2799;7.8308;581.94;10.07;7.7144;1.195;1.0729;0.0875;592.01;1.1864;0.9683;0.15;0.0666;0.0015;584.32;475.46;73.649;32.158;0.6721;237.23;196.9;66.449;1.1965;2.1474;30.89;2.3822;31.841;0;1;0;0;1.2529;0.9832;1;1;0.9359;0.0886;0.983;0.984;1;0.9677;0.8849;0.998;0.998;1;0.998;0.998;0.9646;0.9039;0.0782;1.8117;1.825;0.011;0.0022;0.0819;0.0121;0.0429;0.0059;0;0;0.088;0;1.5124;0;0;0;0;0;0;0;0;0;0;0;0;0.0346;0.0076;1.6268;1.6268;0;37.799;37.799;23.799;0.0409;1568.1;1037.4;1;0.0264;0.0264;0;0;0;0;0;0;1.6004;1.5124;0;17.105;19.808;15.903;18.415;98.379;98.379;14.479;13.001;12.087;1.4781;0.9141;0.1021;0.0631;0.8348;24.88;0.804;0
30/05/21 14:00;22.228;38.831;46.146;33.094;56.906;90;56.906;362.31;104.2;258.11;14.2;1.32;0;472.7;39.191;97.989;0;13.981;623.86;0;623.86;472.7;97.989;39.191;13.981;0.7577;0.0852;0;0.0224;606.16;17.707;0;0;4.5773;13.13;597.74;7.2041;4.9436;1.0248;1.1926;0.0432;604.94;1.2123;0.9454;0.196;0.0692;0.0017;600.48;466.81;96.768;33.352;0.806;110.38;91.614;30.928;5.4295;1.3152;18.919;2.735;14.805;0;1;0;0;1.7219;0.9716;1;1;0.8832;0.0609;0.9881;0.9895;1;0.9655;0.9492;0.998;0.998;1;0.998;0.998;0.9581;0.851;0.0576;1.8735;1.8484;0.0111;0.002;0.0886;0.0122;0.0434;0.0036;0;0;0.088;0;1.5302;0;0;0;0;0;0;0;0;0;0;0;0;0.0349;0.0078;1.6449;1.6449;0;38.661;38.661;24.461;0.0409;1589.4;1034.9;1;0.0267;0.0267;0;0;0;0;0;0;1.6182;1.5302;0;16.726;19.368;15.56;18.018;98.378;98.378;14.973;13.146;12.229;1.8269;0.9165;0.122;0.0612;0.8168;32.924;0.7986;0
30/05/21 15:00;13.606;50.329;55.212;17.456;29.222;90;29.222;195.7;108.9;86.799;14.39;1.4301;0;210.51;73.656;73.335;0;2.117;359.62;0;359.62;210.51;73.335;73.656;2.117;0.5854;0.2107;0;0.0059;354.62;4.999;0;0;3.1453;1.8537;345.5;8.4125;4.4993;1.5674;2.2978;0.048;353.91;0.7092;0.421;0.1467;0.141;0.0005;345.76;205.59;71.621;68.072;0.2147;48.864;40.557;13.421;1.0186;0.5098;7.3335;0.2629;6.8247;0;1;0;0;1.8376;0.9861;1;1;0.9573;0.1244;0.9762;0.9786;1;0.9673;0.8172;0.998;0.998;1;0.998;0.998;0.9607;0.9242;0.1014;1.0799;1.0569;0.0064;0.0126;0.0129;0.0072;0.0254;0.0014;0;0;0.088;0;0.8636;0;0;0;0;0;0;0;0;0;0;0;0;0.0205;0.0028;0.9676;0.9676;0;28.447;28.447;14.057;0.0407;906.17;1067.8;1;0.0159;0.0159;0;0;0;0;0;0;0.9516;0.8636;0;17.068;19.764;15.234;17.641;98.352;98.352;8.6309;7.7328;6.9021;0.898;0.8307;0.104;0.0963;0.7997;48.29;0.7877;0
30/05/21 16:00;4.4128;59.297;79.245;5.1286;7.3926;90;7.3926;27.895;27.399;0.4961;13.45;1.88;0;1.2031;27.153;0.3224;0;0.0197;28.698;0;28.698;1.2031;0.3224;27.153;0.0197;0.0419;0.9468;0;0.0007;28.562;0.1362;0;0;0.1198;0.0165;26.911;1.5936;0.3543;0.095;1.1436;0.0007;28.505;0.0571;0.0024;0.0006;0.0541;0;26.914;0.8464;0.2268;25.836;0.0025;16.189;13.437;4.1918;0.0023;0.1637;2.3543;0.0025;2.5157;0;1;0;0;1.0288;0.9953;1;1;0.9956;0.1645;0.9441;0.7049;1;0.9576;0.7754;0.998;0.998;1;0.998;0.998;0.9377;0.9515;0.1273;0.0862;0.086;0.0005;0.0104;-0.0033;0.0005;0.0019;0.0004;0;0;0.088;0;-0.0181;0;0;0;0;0;0;0;0;0;0;0;0;0.0016;0.0001;0.0738;0.0738;0;14.561;14.561;1.111;0.0413;71.828;1027.6;1;0.0039;0.0039;0;0;0;0;0;0;0.0699;-0.0181;0;16.316;18.894;-3.9942;-4.6252;94.739;94.739;0.6888;0.5899;-0.1444;0.0988;0.7343;0.1435;1.0662;0;16.186;0;0
30/05/21 17:00;0;0;90;0;0;90;0;0;0;0;7.42;2.1;0;0;0;0;0;0;0;0;0;0;0;0;0;1;1;1;1;0;0;0;0;0;0;0;0;0;0;0;0;0;0;0;0;0;0;0;0;0;0;0;0;0;0;0;0;0;0;0;0;0;0;0;1;1;1;1;1;1;1;1;1;1;1;1;1;1;1;1;1;1;1;0;0;0;0;0;0;0;0;0;0.0004;0.088;0;-0.0884;0;0;0;0;0;0;0;0;0;0;0;0;0;0;0;0;0;0;0;-7.42;0;0;0;0;0.0004;0;0;0;0;0;0;0;-0.0004;-0.0884;0;0;0;0;0;0;0;0;0;-0.7063;0;0.7063;1;1;0;0;0;0
30/05/21 18:00;0;0;90;0;0;90;0;0;0;0;4.86;2.27;0;0;0;0;0;0;0;0;0;0;0;0;0;1;1;1;1;0;0;0;0;0;0;0;0;0;0;0;0;0;0;0;0;0;0;0;0;0;0;0;0;0;0;0;0;0;0;0;0;0;0;0;1;1;1;1;1;1;1;1;1;1;1;1;1;1;1;1;1;1;1;0;0;0;0;0;0;0;0;0;0.0004;0.088;0;-0.0884;0;0;0;0;0;0;0;0;0;0;0;0;0;0;0;0;0;0;0;-4.86;0;0;0;0;0.0004;0;0;0;0;0;0;0;-0.0004;-0.0884;0;0;0;0;0;0;0;0;0;-0.7063;0;0.7063;1;1;0;0;0;0
30/05/21 19:00;0;0;90;0;0;90;0;0;0;0;2.8697;2.41;0;0;0;0;0;0;0;0;0;0;0;0;0;1;1;1;1;0;0;0;0;0;0;0;0;0;0;0;0;0;0;0;0;0;0;0;0;0;0;0;0;0;0;0;0;0;0;0;0;0;0;0;1;1;1;1;1;1;1;1;1;1;1;1;1;1;1;1;1;1;1;0;0;0;0;0;0;0;0;0;0.0004;0.088;0;-0.0884;0;0;0;0;0;0;0;0;0;0;0;0;0;0;0;0;0;0;0;-2.8697;0;0;0;0;0.0004;0;0;0;0;0;0;0;-0.0004;-0.0884;0;0;0;0;0;0;0;0;0;-0.7063;0;0.7063;1;1;0;0;0;0
30/05/21 20:00;0;0;90;0;0;90;0;0;0;0;1.9902;2.5301;0;0;0;0;0;0;0;0;0;0;0;0;0;1;1;1;1;0;0;0;0;0;0;0;0;0;0;0;0;0;0;0;0;0;0;0;0;0;0;0;0;0;0;0;0;0;0;0;0;0;0;0;1;1;1;1;1;1;1;1;1;1;1;1;1;1;1;1;1;1;1;0;0;0;0;0;0;0;0;0;0.0004;0.088;0;-0.0884;0;0;0;0;0;0;0;0;0;0;0;0;0;0;0;0;0;0;0;-1.9902;0;0;0;0;0.0004;0;0;0;0;0;0;0;-0.0004;-0.0884;0;0;0;0;0;0;0;0;0;-0.7063;0;0.7063;1;1;0;0;0;0
30/05/21 21:00;0;0;90;0;0;90;0;0;0;0;1.3401;2.5599;0;0;0;0;0;0;0;0;0;0;0;0;0;1;1;1;1;0;0;0;0;0;0;0;0;0;0;0;0;0;0;0;0;0;0;0;0;0;0;0;0;0;0;0;0;0;0;0;0;0;0;0;1;1;1;1;1;1;1;1;1;1;1;1;1;1;1;1;1;1;1;0;0;0;0;0;0;0;0;0;0.0004;0.088;0;-0.0884;0;0;0;0;0;0;0;0;0;0;0;0;0;0;0;0;0;0;0;-1.3401;0;0;0;0;0.0004;0;0;0;0;0;0;0;-0.0004;-0.0884;0;0;0;0;0;0;0;0;0;-0.7063;0;0.7063;1;1;0;0;0;0
30/05/21 22:00;0;0;90;0;0;90;0;0;0;0;0.7199;2.5599;0;0;0;0;0;0;0;0;0;0;0;0;0;1;1;1;1;0;0;0;0;0;0;0;0;0;0;0;0;0;0;0;0;0;0;0;0;0;0;0;0;0;0;0;0;0;0;0;0;0;0;0;1;1;1;1;1;1;1;1;1;1;1;1;1;1;1;1;1;1;1;0;0;0;0;0;0;0;0;0;0.0004;0.088;0;-0.0884;0;0;0;0;0;0;0;0;0;0;0;0;0;0;0;0;0;0;0;-0.7199;0;0;0;0;0.0004;0;0;0;0;0;0;0;-0.0004;-0.0884;0;0;0;0;0;0;0;0;0;-0.7063;0;0.7063;1;1;0;0;0;0
30/05/21 23:00;0;0;90;0;0;90;0;0;0;0;-0.1603;2.5599;0;0;0;0;0;0;0;0;0;0;0;0;0;1;1;1;1;0;0;0;0;0;0;0;0;0;0;0;0;0;0;0;0;0;0;0;0;0;0;0;0;0;0;0;0;0;0;0;0;0;0;0;1;1;1;1;1;1;1;1;1;1;1;1;1;1;1;1;1;1;1;0;0;0;0;0;0;0;0;0;0.0004;0.088;0;-0.0884;0;0;0;0;0;0;0;0;0;0;0;0;0;0;0;0;0;0;0;0.1603;0;0;0;0;0.0004;0;0;0;0;0;0;0;-0.0004;-0.0884;0;0;0;0;0;0;0;0;0;-0.7063;0;0.7063;1;1;0;0;0;0
31/05/21 00:00;0;0;90;0;0;90;0;0;0;0;0.1302;2.58;0;0;0;0;0;0;0;0;0;0;0;0;0;1;1;1;1;0;0;0;0;0;0;0;0;0;0;0;0;0;0;0;0;0;0;0;0;0;0;0;0;0;0;0;0;0;0;0;0;0;0;0;1;1;1;1;1;1;1;1;1;1;1;1;1;1;1;1;1;1;1;0;0;0;0;0;0;0;0;0;0.0004;0.088;0;-0.0884;0;0;0;0;0;0;0;0;0;0;0;0;0;0;0;0;0;0;0;-0.1302;0;0;0;0;0.0004;0;0;0;0;0;0;0;-0.0004;-0.0884;0;0;0;0;0;0;0;0;0;-0.7063;0;0.7063;1;1;0;0;0;0
31/05/21 01:00;0;0;90;0;0;90;0;0;0;0;-0.6602;2.58;0;0;0;0;0;0;0;0;0;0;0;0;0;1;1;1;1;0;0;0;0;0;0;0;0;0;0;0;0;0;0;0;0;0;0;0;0;0;0;0;0;0;0;0;0;0;0;0;0;0;0;0;1;1;1;1;1;1;1;1;1;1;1;1;1;1;1;1;1;1;1;0;0;0;0;0;0;0;0;0;0.0004;0.088;0;-0.0884;0;0;0;0;0;0;0;0;0;0;0;0;0;0;0;0;0;0;0;0.6602;0;0;0;0;0.0004;0;0;0;0;0;0;0;-0.0004;-0.0884;0;0;0;0;0;0;0;0;0;-0.7063;0;0.7063;1;1;0;0;0;0
31/05/21 02:00;0;0;90;0;0;90;0;0;0;0;-1.5397;2.59;0;0;0;0;0;0;0;0;0;0;0;0;0;1;1;1;1;0;0;0;0;0;0;0;0;0;0;0;0;0;0;0;0;0;0;0;0;0;0;0;0;0;0;0;0;0;0;0;0;0;0;0;1;1;1;1;1;1;1;1;1;1;1;1;1;1;1;1;1;1;1;0;0;0;0;0;0;0;0;0;0.0004;0.088;0;-0.0884;0;0;0;0;0;0;0;0;0;0;0;0;0;0;0;0;0;0;0;1.5397;0;0;0;0;0.0004;0;0;0;0;0;0;0;-0.0004;-0.0884;0;0;0;0;0;0;0;0;0;-0.7063;0;0.7063;1;1;0;0;0;0
31/05/21 03:00;0;0;90;0;0;90;0;0;0;0;-1.6301;2.6901;0;0;0;0;0;0;0;0;0;0;0;0;0;1;1;1;1;0;0;0;0;0;0;0;0;0;0;0;0;0;0;0;0;0;0;0;0;0;0;0;0;0;0;0;0;0;0;0;0;0;0;0;1;1;1;1;1;1;1;1;1;1;1;1;1;1;1;1;1;1;1;0;0;0;0;0;0;0;0;0;0.0004;0.088;0;-0.0884;0;0;0;0;0;0;0;0;0;0;0;0;0;0;0;0;0;0;0;1.6301;0;0;0;0;0.0004;0;0;0;0;0;0;0;-0.0004;-0.0884;0;0;0;0;0;0;0;0;0;-0.7063;0;0.7063;1;1;0;0;0;0
31/05/21 04:00;0;0;90;0;0;90;0;0;0;0;-1.5603;2.9;0;0;0;0;0;0;0;0;0;0;0;0;0;1;1;1;1;0;0;0;0;0;0;0;0;0;0;0;0;0;0;0;0;0;0;0;0;0;0;0;0;0;0;0;0;0;0;0;0;0;0;0;1;1;1;1;1;1;1;1;1;1;1;1;1;1;1;1;1;1;1;0;0;0;0;0;0;0;0;0;0.0004;0.088;0;-0.0884;0;0;0;0;0;0;0;0;0;0;0;0;0;0;0;0;0;0;0;1.5603;0;0;0;0;0.0004;0;0;0;0;0;0;0;-0.0004;-0.0884;0;0;0;0;0;0;0;0;0;-0.7063;0;0.7063;1;1;0;0;0;0
31/05/21 05:00;0;0;90;0;0;90;0;0;0;0;-1.9299;3.15;0;0;0;0;0;0;0;0;0;0;0;0;0;1;1;1;1;0;0;0;0;0;0;0;0;0;0;0;0;0;0;0;0;0;0;0;0;0;0;0;0;0;0;0;0;0;0;0;0;0;0;0;1;1;1;1;1;1;1;1;1;1;1;1;1;1;1;1;1;1;1;0;0;0;0;0;0;0;0;0;0.0004;0.088;0;-0.0884;0;0;0;0;0;0;0;0;0;0;0;0;0;0;0;0;0;0;0;1.9299;0;0;0;0;0.0004;0;0;0;0;0;0;0;-0.0004;-0.0884;0;0;0;0;0;0;0;0;0;-0.7063;0;0.7063;1;1;0;0;0;0
31/05/21 06:00;0;0;90;0;0;90;0;0;0;0;-2.2198;3.23;0;0;0;0;0;0;0;0;0;0;0;0;0;1;1;1;1;0;0;0;0;0;0;0;0;0;0;0;0;0;0;0;0;0;0;0;0;0;0;0;0;0;0;0;0;0;0;0;0;0;0;0;1;1;1;1;1;1;1;1;1;1;1;1;1;1;1;1;1;1;1;0;0;0;0;0;0;0;0;0;0.0004;0.088;0;-0.0884;0;0;0;0;0;0;0;0;0;0;0;0;0;0;0;0;0;0;0;2.2198;0;0;0;0;0.0004;0;0;0;0;0;0;0;-0.0004;-0.0884;0;0;0;0;0;0;0;0;0;-0.7063;0;0.7063;1;1;0;0;0;0
31/05/21 07:00;5.2839;-58.347;77.094;6.2007;8.9855;-90;-8.9855;80.99;13.397;67.594;-1.8302;3.9099;0;163.93;5.9578;17.952;0;0.0845;187.93;0;187.93;163.93;17.952;5.9578;0.0845;0.8723;0.0322;0;0.0004;187.82;0.1066;0;0;0.0361;0.0705;144.98;42.469;38.053;4.1672;0.2451;0.0031;187.45;0.3756;0.3279;0.0359;0.0118;0;144.98;125.55;13.749;5.6648;0.0109;3.9304;3.2622;1.076;0.0012;0.036;0.5176;0.001;0.5524;0;1;0;0;2.3204;0.9994;1;1;0.9939;0.166;0.7734;0.7674;1;0.9585;0.7754;0.998;0.998;1;0.998;0.998;0.7715;0.9508;0.1285;0.5643;0.4377;0.0026;0.018;-0.0329;0.0031;0.0112;0.0001;0;0;0.088;0;0.3285;0;0;0;0;0;0;0;0;0;0;0;0;0.009;0.0006;0.4259;0.4259;0;3.9869;3.9869;5.8171;0.0401;373.01;1141.9;1;0.0094;0.0094;0;0;0;0;0;0;0.4165;0.3285;0;14.377;16.649;11.09;12.842;97.798;97.798;4.5103;3.404;2.6257;1.1063;0.7782;0.2453;0.1725;0.5822;3.5629;0.581;0
31/05/21 08:00;14.978;-48.54;51.184;19.647;34.983;-90;-34.983;247.89;40.903;206.99;1.7303;3.4299;0;502.01;14.776;59.808;0;3.807;580.4;0;580.4;502.01;59.808;14.776;3.807;0.8649;0.032;0;0.0066;576.15;4.2552;0;0;0.8374;3.4178;566.6;8.396;7.0525;0.8402;0.449;0.0543;574.99;1.1523;1.004;0.1196;0.0279;0.0008;566.71;493.96;58.848;13.461;0.3341;11.236;9.3261;2.9097;0.3809;0.1382;1.9886;0.1159;1.7459;0;1;0;0;2.3413;0.9927;1;1;0.9433;0.1022;0.9854;0.9859;1;0.9677;0.8602;0.998;0.998;1;0.998;0.998;0.9762;0.9111;0.0878;1.7429;1.7111;0.0103;0.0036;-0.0021;0.0119;0.0422;0.0004;0;0;0.088;0;1.4892;0;0;0;0;0;0;0;0;0;0;0;0;0.034;0.0068;1.6041;1.6041;0;24.653;24.653;22.923;0.0405;1469.6;1091.5;1;0.0269;0.0269;0;0;0;0;0;0;1.5772;1.4892;0;17.532;20.302;16.276;18.847;98.322;98.322;13.93;12.82;11.901;1.1098;0.9184;0.0797;0.0659;0.8544;10.101;0.8522;0
31/05/21 09:00;23.3;-36.734;47.397;35.756;54.244;-90;-54.244;380.91;64.298;316.61;5.4198;2.2399;0;541.82;20.244;66.301;0;13.458;641.82;0;641.82;541.82;66.301;20.244;13.458;0.8442;0.0525;0;0.021;627.01;14.808;0;0;2.2014;12.607;618.31;7.4496;6.062;0.7418;0.6107;0.0352;625.76;1.254;1.0836;0.1326;0.0361;0.0017;621.09;534.67;65.426;17.396;0.814;122.36;101.56;32.13;2.3702;1.3609;19.576;2.7809;18.567;0;1;0;0;1.685;0.9769;1;1;0.8913;0.0632;0.9881;0.9888;1;0.9661;0.9586;0.998;0.998;1;0.998;0.998;0.9634;0.8593;0.0605;1.9274;1.9119;0.0115;0.0013;0.037;0.013;0.0462;0.0038;0;0;0.088;0;1.6361;0;0;0;0;0;0;0;0;0;0;0;0;0.0372;0.0083;1.7535;1.7535;0;30.55;30.55;25.13;0.0406;1642.5;1067.6;1;0.0294;0.0294;0;0;0;0;0;0;1.7241;1.6361;0;17.332;20.07;16.171;18.726;98.324;98.324;15.404;14.014;13.076;1.3895;0.9381;0.0902;0.0609;0.8489;16.519;0.8299;0
31/05/21 10:00;29.407;-22.776;53.439;55.516;34.484;-90;-34.484;497.9;82.098;415.8;8.8001;1.8399;0;504.43;27.148;63.492;0;7.4363;602.51;0;602.51;504.43;63.492;27.148;7.4363;0.8372;0.0574;0;0.0123;594.35;8.1648;0;0;1.5042;6.6606;582.24;10.914;8.8607;1.1153;0.8264;0.1115;593.16;1.1887;1.0089;0.127;0.0513;0.0016;584.35;494.56;62.25;24.766;0.6627;253.6;210.49;70.281;0.6664;2.305;33.156;2.1029;34.795;0;1;0;0;1.2101;0.9864;1;1;0.9446;0.1043;0.9816;0.9824;1;0.9677;0.856;0.998;0.998;1;0.998;0.998;0.9664;0.9123;0.0891;1.8093;1.8299;0.011;0.0022;0.048;0.0124;0.0439;0.0064;0;0;0.088;0;1.5475;0;0;0;0;0;0;0;0;0;0;0;0;0.0354;0.0077;1.663;1.663;0;32.507;32.507;23.707;0.0407;1571.2;1058.4;1;0.0275;0.0275;0;0;0;0;0;0;1.6355;1.5475;0;17.509;20.275;16.293;18.867;98.349;98.349;14.46;13.291;12.368;1.1696;0.9227;0.0809;0.0638;0.8553;18.488;0.8215;0
31/05/21 11:00;32.57;-6.9656;56.774;79.25;10.75;-90;-10.75;555.19;91.904;463.29;12.16;1.8;0;471.56;32.08;60.603;0;0.8281;565.08;0;565.08;471.56;60.603;32.08;0.8281;0.8345;0.0582;0;0.0015;564.12;0.9524;0;0;0.2621;0.6903;548.05;14.943;12.077;1.552;1.2831;0.0309;563;1.1282;0.9431;0.1212;0.0636;0.0003;548.21;458.54;58.93;30.471;0.1066;323.75;268.71;89.225;0.0125;2.9202;42.006;0.1605;44.914;0;1;0;0;1.0178;0.9983;1;1;0.9918;0.1664;0.9735;0.9743;1;0.9596;0.7752;0.998;0.998;1;0.998;0.998;0.9699;0.9498;0.1288;1.6969;1.7397;0.0105;0.0032;0.058;0.0117;0.0414;0.0081;0;0;0.088;0;1.4531;0;0;0;0;0;0;0;0;0;0;0;0;0.0333;0.007;1.5665;1.5665;0;34.517;34.517;22.357;0.0408;1493.3;1049.1;1;0.0254;0.0254;0;0;0;0;0;0;1.5411;1.4531;0;17.586;20.365;16.313;18.89;98.377;98.377;13.562;12.52;11.613;1.0419;0.9065;0.0768;0.0668;0.8563;19.266;0.8112;0
31/05/21 12:00;32.295;9.5206;56.477;75.335;14.665;90;14.665;543.1;96.799;446.3;14.7;1.9299;0;461.33;35.344;62.92;0;1.5039;561.1;0;561.1;461.33;62.92;35.344;1.5039;0.8222;0.0657;0;0.0027;559.35;1.7449;0;0;0.4882;1.2567;543.89;14.342;11.412;1.5564;1.3181;0.0555;558.23;1.1187;0.9227;0.1258;0.0697;0.0005;544.23;449;61.238;33.468;0.1912;313.56;260.25;85.829;0.0426;2.8684;41.261;0.3386;44.087;0;1;0;0;1.0331;0.9969;1;1;0.9862;0.1643;0.9743;0.9752;1;0.9621;0.775;0.998;0.998;1;0.998;0.998;0.9693;0.9469;0.1271;1.685;1.7262;0.0104;0.0034;0.0723;0.0115;0.0407;0.0078;0;0;0.088;0;1.4276;0;0;0;0;0;0;0;0;0;0;0;0;0.0328;0.0069;1.5404;1.5404;0;36.933;36.933;22.233;0.0409;1482.1;1039.3;1;0.0247;0.0247;0;0;0;0;0;0;1.5156;1.4276;0;17.415;20.166;16.14;18.69;98.394;98.394;13.466;12.311;11.41;1.1558;0.901;0.0858;0.0669;0.8473;21.483;0.8031;0
31/05/21 13:00;28.629;25.098;52.643;52.152;37.848;90;37.848;475.9;101.1;374.8;16.02;2.0099;0;474.65;37.196;75.396;0;8.5095;595.75;0;595.75;474.65;75.396;37.196;8.5095;0.7967;0.0767;0;0.0143;585.6;10.145;0;0;2.3876;7.7571;574.33;10.1;7.6736;1.2189;1.1216;0.0862;584.43;1.1712;0.9493;0.1508;0.0696;0.0015;576.69;466.02;74.026;33.617;0.6647;234.67;194.78;65.739;1.2554;2.1287;30.62;2.3627;31.493;0;1;0;0;1.2518;0.983;1;1;0.9358;0.0884;0.9827;0.9838;1;0.9677;0.8853;0.998;0.998;1;0.998;0.998;0.9641;0.9038;0.0781;1.789;1.8015;0.0108;0.0025;0.092;0.0119;0.0421;0.0058;0;0;0.088;0;1.4814;0;0;0;0;0;0;0;0;0;0;0;0;0.0339;0.0074;1.595;1.595;0;39.544;39.544;23.523;0.041;1548.2;1030.3;1;0.0256;0.0256;0;0;0;0;0;0;1.5694;1.4814;0;16.984;19.667;15.774;18.266;98.393;98.393;14.298;12.747;11.839;1.5505;0.9081;0.1084;0.0635;0.828;26.02;0.7974;0
31/05/21 14:00;22.127;38.718;46.284;33.026;56.974;90;56.974;350.2;113.7;236.49;16.24;1.6601;0;433.91;46.32;98.603;0;13.543;592.38;0;592.38;433.91;98.603;46.32;13.543;0.7325;0.1011;0;0.0229;574.24;18.138;0;0;5.4193;12.719;566.03;7.0639;4.5728;1.0391;1.4099;0.0421;573.09;1.1485;0.8678;0.1972;0.0818;0.0016;568.79;428.47;97.367;39.409;0.7806;110.69;91.87;31.198;6.4435;1.3719;19.735;2.7612;14.663;0;1;0;0;1.6916;0.9694;1;1;0.883;0.0609;0.9877;0.9894;1;0.9655;0.9489;0.998;0.998;1;0.998;0.998;0.9555;0.8508;0.0576;1.7789;1.7547;0.0106;0.003;0.089;0.0116;0.041;0.0037;0;0;0.088;0;1.4429;0;0;0;0;0;0;0;0;0;0;0;0;0.033;0.0071;1.5557;1.5557;0;39.423;39.423;23.182;0.041;1509;1031;1;0.0249;0.0249;0;0;0;0;0;0;1.5309;1.4429;0;16.66;19.292;15.451;17.892;98.4;98.4;14.217;12.434;11.531;1.7836;0.9022;0.1255;0.0635;0.8111;38.943;0.7913;0
31/05/21 15:00;13.523;50.206;55.45;17.381;29.045;90;29.045;193.51;109;84.511;15.36;1.14;0;204.96;74.355;71.92;0;2.0686;353.31;0;353.31;204.96;71.92;74.355;2.0686;0.5801;0.2163;0;0.0059;348.35;4.9543;0;0;3.1445;1.8098;339.21;8.4507;4.5016;1.5796;2.3221;0.0475;347.66;0.6967;0.4099;0.1438;0.1424;0.0005;339.48;200.05;70.197;68.746;0.2108;49.25;40.878;13.2;1.0068;0.5339;7.6793;0.2744;7.2063;0;1;0;0;1.8258;0.986;1;1;0.9577;0.1251;0.9757;0.978;1;0.9673;0.8162;0.998;0.998;1;0.998;0.998;0.9601;0.9246;0.1019;1.061;1.0387;0.0063;0.0129;0.0154;0.007;0.0249;0.0015;0;0;0.088;0;0.8443;0;0;0;0;0;0;0;0;0;0;0;0;0.0201;0.0027;0.9479;0.9479;0;29.171;29.171;13.811;0.0407;890.68;1064.2;1;0.0156;0.0156;0;0;0;0;0;0;0.9323;0.8443;0;17.019;19.708;15.159;17.554;98.354;98.354;8.4794;7.5754;6.7475;0.9039;0.828;0.1066;0.0976;0.7958;48.691;0.783;0
31/05/21 16:00;4.5193;59.016;78.983;5.2676;7.5976;90;7.5976;21;20.701;0.2988;13.27;1.15;0;0.7246;20.551;0.1433;0;0.0157;21.435;0;21.435;0.7246;0.1433;20.551;0.0157;0.0338;0.9595;0;0.0007;21.327;0.1079;0;0;0.0948;0.0131;20.172;1.1119;0.2072;0.041;0.8631;0.0006;21.284;0.0427;0.0014;0.0003;0.0409;0;20.174;0.5159;0.102;19.552;0.002;12.257;10.173;3.1742;0.0019;0.1239;1.7823;0.002;1.9043;0;1;0;0;1.0207;0.995;1;1;0.9954;0.1645;0.9478;0.7134;1;0.9577;0.7754;0.998;0.998;1;0.998;0.998;0.9411;0.9514;0.1273;0.0644;0.0645;0.0004;0.009;-0.0026;0.0004;0.0014;0.0003;0;0;0.088;0;-0.037;0;0;0;0;0;0;0;0;0;0;0;0;0.0012;0;0.0543;0.0543;0;14.106;14.106;0.8362;0.0415;53.437;1016.7;1;0.0033;0.0033;0;0;0;0;0;0;0.051;-0.037;0;16.079;18.619;-10.951;-12.681;93.87;93.87;0.5144;0.4342;-0.2957;0.0802;0.7299;0.156;1.4189;0;12.255;0;0
31/05/21 17:00;0;0;90;0;0;90;0;0;0;0;8.9603;1.46;0;0;0;0;0;0;0;0;0;0;0;0;0;1;1;1;1;0;0;0;0;0;0;0;0;0;0;0;0;0;0;0;0;0;0;0;0;0;0;0;0;0;0;0;0;0;0;0;0;0;0;0;1;1;1;1;1;1;1;1;1;1;1;1;1;1;1;1;1;1;1;0;0;0;0;0;0;0;0;0;0.0004;0.088;0;-0.0884;0;0;0;0;0;0;0;0;0;0;0;0;0;0;0;0;0;0;0;-8.9603;0;0;0;0;0.0004;0;0;0;0;0;0;0;-0.0004;-0.0884;0;0;0;0;0;0;0;0;0;-0.7063;0;0.7063;1;1;0;0;0;0
31/05/21 18:00;0;0;90;0;0;90;0;0;0;0;6.5499;2.11;0;0;0;0;0;0;0;0;0;0;0;0;0;1;1;1;1;0;0;0;0;0;0;0;0;0;0;0;0;0;0;0;0;0;0;0;0;0;0;0;0;0;0;0;0;0;0;0;0;0;0;0;1;1;1;1;1;1;1;1;1;1;1;1;1;1;1;1;1;1;1;0;0;0;0;0;0;0;0;0;0.0004;0.088;0;-0.0884;0;0;0;0;0;0;0;0;0;0;0;0;0;0;0;0;0;0;0;-6.5499;0;0;0;0;0.0004;0;0;0;0;0;0;0;-0.0004;-0.0884;0;0;0;0;0;0;0;0;0;-0.7063;0;0.7063;1;1;0;0;0;0
31/05/21 19:00;0;0;90;0;0;90;0;0;0;0;4.2099;2.67;0;0;0;0;0;0;0;0;0;0;0;0;0;1;1;1;1;0;0;0;0;0;0;0;0;0;0;0;0;0;0;0;0;0;0;0;0;0;0;0;0;0;0;0;0;0;0;0;0;0;0;0;1;1;1;1;1;1;1;1;1;1;1;1;1;1;1;1;1;1;1;0;0;0;0;0;0;0;0;0;0.0004;0.088;0;-0.0884;0;0;0;0;0;0;0;0;0;0;0;0;0;0;0;0;0;0;0;-4.2099;0;0;0;0;0.0004;0;0;0;0;0;0;0;-0.0004;-0.0884;0;0;0;0;0;0;0;0;0;-0.7063;0;0.7063;1;1;0;0;0;0
31/05/21 20:00;0;0;90;0;0;90;0;0;0;0;3.9699;2.99;0;0;0;0;0;0;0;0;0;0;0;0;0;1;1;1;1;0;0;0;0;0;0;0;0;0;0;0;0;0;0;0;0;0;0;0;0;0;0;0;0;0;0;0;0;0;0;0;0;0;0;0;1;1;1;1;1;1;1;1;1;1;1;1;1;1;1;1;1;1;1;0;0;0;0;0;0;0;0;0;0.0004;0.088;0;-0.0884;0;0;0;0;0;0;0;0;0;0;0;0;0;0;0;0;0;0;0;-3.9699;0;0;0;0;0.0004;0;0;0;0;0;0;0;-0.0004;-0.0884;0;0;0;0;0;0;0;0;0;-0.7063;0;0.7063;1;1;0;0;0;0
31/05/21 21:00;0;0;90;0;0;90;0;0;0;0;3.2998;3.1999;0;0;0;0;0;0;0;0;0;0;0;0;0;1;1;1;1;0;0;0;0;0;0;0;0;0;0;0;0;0;0;0;0;0;0;0;0;0;0;0;0;0;0;0;0;0;0;0;0;0;0;0;1;1;1;1;1;1;1;1;1;1;1;1;1;1;1;1;1;1;1;0;0;0;0;0;0;0;0;0;0.0004;0.088;0;-0.0884;0;0;0;0;0;0;0;0;0;0;0;0;0;0;0;0;0;0;0;-3.2998;0;0;0;0;0.0004;0;0;0;0;0;0;0;-0.0004;-0.0884;0;0;0;0;0;0;0;0;0;-0.7063;0;0.7063;1;1;0;0;0;0
31/05/21 22:00;0;0;90;0;0;90;0;0;0;0;2.1797;3.2699;0;0;0;0;0;0;0;0;0;0;0;0;0;1;1;1;1;0;0;0;0;0;0;0;0;0;0;0;0;0;0;0;0;0;0;0;0;0;0;0;0;0;0;0;0;0;0;0;0;0;0;0;1;1;1;1;1;1;1;1;1;1;1;1;1;1;1;1;1;1;1;0;0;0;0;0;0;0;0;0;0.0004;0.088;0;-0.0884;0;0;0;0;0;0;0;0;0;0;0;0;0;0;0;0;0;0;0;-2.1797;0;0;0;0;0.0004;0;0;0;0;0;0;0;-0.0004;-0.0884;0;0;0;0;0;0;0;0;0;-0.7063;0;0.7063;1;1;0;0;0;0
31/05/21 23:00;0;0;90;0;0;90;0;0;0;0;2.1099;3.23;0;0;0;0;0;0;0;0;0;0;0;0;0;1;1;1;1;0;0;0;0;0;0;0;0;0;0;0;0;0;0;0;0;0;0;0;0;0;0;0;0;0;0;0;0;0;0;0;0;0;0;0;1;1;1;1;1;1;1;1;1;1;1;1;1;1;1;1;1;1;1;0;0;0;0;0;0;0;0;0;0.0004;0.088;0;-0.0884;0;0;0;0;0;0;0;0;0;0;0;0;0;0;0;0;0;0;0;-2.1099;0;0;0;0;0.0004;0;0;0;0;0;0;0;-0.0004;-0.0884;0;0;0;0;0;0;0;0;0;-0.7063;0;0.7063;1;1;0;0;0;0
01/06/21 00:00;0;0;90;0;0;90;0;0;0;0;0.91;3.22;0;0;0;0;0;0;0;0;0;0;0;0;0;1;1;1;1;0;0;0;0;0;0;0;0;0;0;0;0;0;0;0;0;0;0;0;0;0;0;0;0;0;0;0;0;0;0;0;0;0;0;0;1;1;1;1;1;1;1;1;1;1;1;1;1;1;1;1;1;1;1;0;0;0;0;0;0;0;0;0;0.0004;0.088;0;-0.0884;0;0;0;0;0;0;0;0;0;0;0;0;0;0;0;0;0;0;0;-0.91;0;0;0;0;0.0004;0;0;0;0;0;0;0;-0.0004;-0.0884;0;0;0;0;0;0;0;0;0;-0.7063;0;0.7063;1;1;0;0;0;0
01/06/21 01:00;0;0;90;0;0;90;0;0;0;0;0.9;3.1899;0;0;0;0;0;0;0;0;0;0;0;0;0;1;1;1;1;0;0;0;0;0;0;0;0;0;0;0;0;0;0;0;0;0;0;0;0;0;0;0;0;0;0;0;0;0;0;0;0;0;0;0;1;1;1;1;1;1;1;1;1;1;1;1;1;1;1;1;1;1;1;0;0;0;0;0;0;0;0;0;0.0004;0.088;0;-0.0884;0;0;0;0;0;0;0;0;0;0;0;0;0;0;0;0;0;0;0;-0.9;0;0;0;0;0.0004;0;0;0;0;0;0;0;-0.0004;-0.0884;0;0;0;0;0;0;0;0;0;-0.7063;0;0.7063;1;1;0;0;0;0
01/06/21 02:00;0;0;90;0;0;90;0;0;0;0;0.5397;3.2799;0;0;0;0;0;0;0;0;0;0;0;0;0;1;1;1;1;0;0;0;0;0;0;0;0;0;0;0;0;0;0;0;0;0;0;0;0;0;0;0;0;0;0;0;0;0;0;0;0;0;0;0;1;1;1;1;1;1;1;1;1;1;1;1;1;1;1;1;1;1;1;0;0;0;0;0;0;0;0;0;0.0004;0.088;0;-0.0884;0;0;0;0;0;0;0;0;0;0;0;0;0;0;0;0;0;0;0;-0.5397;0;0;0;0;0.0004;0;0;0;0;0;0;0;-0.0004;-0.0884;0;0;0;0;0;0;0;0;0;-0.7063;0;0.7063;1;1;0;0;0;0
01/06/21 03:00;0;0;90;0;0;90;0;0;0;0;0.1701;3.2601;0;0;0;0;0;0;0;0;0;0;0;0;0;1;1;1;1;0;0;0;0;0;0;0;0;0;0;0;0;0;0;0;0;0;0;0;0;0;0;0;0;0;0;0;0;0;0;0;0;0;0;0;1;1;1;1;1;1;1;1;1;1;1;1;1;1;1;1;1;1;1;0;0;0;0;0;0;0;0;0;0.0004;0.088;0;-0.0884;0;0;0;0;0;0;0;0;0;0;0;0;0;0;0;0;0;0;0;-0.1701;0;0;0;0;0.0004;0;0;0;0;0;0;0;-0.0004;-0.0884;0;0;0;0;0;0;0;0;0;-0.7063;0;0.7063;1;1;0;0;0;0
01/06/21 04:00;0;0;90;0;0;90;0;0;0;0;-0.2899;3.22;0;0;0;0;0;0;0;0;0;0;0;0;0;1;1;1;1;0;0;0;0;0;0;0;0;0;0;0;0;0;0;0;0;0;0;0;0;0;0;0;0;0;0;0;0;0;0;0;0;0;0;0;1;1;1;1;1;1;1;1;1;1;1;1;1;1;1;1;1;1;1;0;0;0;0;0;0;0;0;0;0.0004;0.088;0;-0.0884;0;0;0;0;0;0;0;0;0;0;0;0;0;0;0;0;0;0;0;0.2899;0;0;0;0;0.0004;0;0;0;0;0;0;0;-0.0004;-0.0884;0;0;0;0;0;0;0;0;0;-0.7063;0;0.7063;1;1;0;0;0;0
01/06/21 05:00;0;0;90;0;0;90;0;0;0;0;-0.26;3.1999;0;0;0;0;0;0;0;0;0;0;0;0;0;1;1;1;1;0;0;0;0;0;0;0;0;0;0;0;0;0;0;0;0;0;0;0;0;0;0;0;0;0;0;0;0;0;0;0;0;0;0;0;1;1;1;1;1;1;1;1;1;1;1;1;1;1;1;1;1;1;1;0;0;0;0;0;0;0;0;0;0.0004;0.088;0;-0.0884;0;0;0;0;0;0;0;0;0;0;0;0;0;0;0;0;0;0;0;0.26;0;0;0;0;0.0004;0;0;0;0;0;0;0;-0.0004;-0.0884;0;0;0;0;0;0;0;0;0;-0.7063;0;0.7063;1;1;0;0;0;0
01/06/21 06:00;0;0;90;0;0;90;0;0;0;0;-0.1098;3.3599;0;0;0;0;0;0;0;0;0;0;0;0;0;1;1;1;1;0;0;0;0;0;0;0;0;0;0;0;0;0;0;0;0;0;0;0;0;0;0;0;0;0;0;0;0;0;0;0;0;0;0;0;1;1;1;1;1;1;1;1;1;1;1;1;1;1;1;1;1;1;1;0;0;0;0;0;0;0;0;0;0.0004;0.088;0;-0.0884;0;0;0;0;0;0;0;0;0;0;0;0;0;0;0;0;0;0;0;0.1098;0;0;0;0;0.0004;0;0;0;0;0;0;0;-0.0004;-0.0884;0;0;0;0;0;0;0;0;0;-0.7063;0;0.7063;1;1;0;0;0;0
01/06/21 07:00;5.1696;-58.266;77.377;6.072;8.793;-90;-8.793;47.196;30.898;16.297;0.1701;4.0799;0;39.526;26.533;10.206;0;0.0388;76.304;0;76.304;39.526;10.206;26.533;0.0388;0.518;0.3482;0;0.0005;76.116;0.1875;0;0;0.1551;0.0324;63.024;13.017;9.473;2.4461;1.096;0.0014;76.04;0.0761;0.0395;0.0102;0.0264;0;63.027;30.013;7.75;25.256;0.005;15.961;13.742;3.3958;0.0046;0.131;1.885;0.0034;2.0114;0;1;0;0;1.6168;0.9975;1;1;0.9942;0.166;0.8288;0.7601;1;0.9584;0.7754;0.999;0.999;1;0.999;0.999;0.826;0.9519;0.1286;0.2291;0.1938;0.0012;0.015;-0.0157;0.0014;0.0048;0.0004;0;0;0.088;0;0.0879;0;0;0;0;0;0;0;0;0;0;0;0;0.0039;0.0002;0.1828;0.1828;0;2.7176;2.7176;2.5475;0.0404;163.82;1116;1;0.0069;0.0069;0;0;0;0;0;0;0.1759;0.0879;0;15.199;17.601;7.3083;8.4629;96.216;96.216;1.8313;1.4611;0.7026;0.3702;0.7586;0.2021;0.4142;0.3836;15.861;0.3767;0
01/06/21 08:00;14.855;-48.473;51.554;19.509;34.579;-90;-34.579;123.5;100.9;22.601;2.9003;3.77;0;54.814;85.878;16.244;0;1.5272;158.46;0;158.46;54.814;16.244;85.878;1.5272;0.3459;0.5516;0;0.0096;152.32;6.1477;0;0;4.7792;1.3685;148.49;3.6726;0.7975;0.2364;2.616;0.0227;152.16;0.1523;0.0548;0.0162;0.0811;0.0002;148.88;53.962;15.992;78.402;0.1358;58.671;50.516;13.406;2.1227;0.5585;8.0341;0.3865;6.47;0;1;0;0;1.2831;0.9612;1;1;0.9443;0.1039;0.9759;0.9854;1;0.9677;0.8568;0.999;0.999;1;0.999;0.999;0.9371;0.9129;0.0889;0.4759;0.4653;0.0028;0.0181;-0.0269;0.0033;0.0117;0.0016;0;0;0.088;0;0.3472;0;0;0;0;0;0;0;0;0;0;0;0;0.0094;0.0007;0.4446;0.4446;0;8.8818;8.8818;5.9815;0.0403;396.49;1121.3;1;0.0094;0.0094;0;0;0;0;0;0;0.4352;0.3472;0;17.798;20.61;13.9;16.096;97.892;97.892;3.8031;3.5532;2.775;0.25;0.7782;0.0657;0.2046;0.7297;58.527;0.703;0
01/06/21 09:00;23.168;-36.687;47.497;35.613;54.387;-90;-54.387;167.8;153.1;14.701;4.2903;2.9499;0;25.246;117.72;7.3979;0;4.9062;155.27;0;155.27;25.246;7.3979;117.72;4.9062;0.1626;0.7898;0;0.0316;137.82;17.446;0;0;12.85;4.5962;133.75;3.9364;0.2842;0.0833;3.556;0.0129;137.68;0.1378;0.0252;0.0074;0.1049;0.0003;135.64;24.936;7.3072;101.21;0.2968;101.82;87.668;25.114;13.892;1.5128;21.761;1.8884;9.3813;0;1;0;0;0.9253;0.8876;1;1;0.8908;0.0632;0.9714;0.9887;1;0.9661;0.9583;0.999;0.999;1;0.999;0.999;0.8614;0.8597;0.0605;0.4663;0.4544;0.0027;0.0181;-0.025;0.0032;0.0114;0.0044;0;0;0.088;0;0.3326;0;0;0;0;0;0;0;0;0;0;0;0;0.0092;0.0007;0.4297;0.4297;0;9.6868;9.6868;5.3965;0.0403;385.95;1113.5;1;0.0091;0.0091;0;0;0;0;0;0;0.4206;0.3326;0;17.557;20.331;13.589;15.735;97.874;97.874;3.7264;3.4345;2.6582;0.292;0.7763;0.0784;0.2083;0.7133;96.207;0.6456;0
01/06/21 10:00;29.268;-22.759;53.554;55.384;34.616;-90;-34.616;325.09;202.8;122.3;7.4998;2.59;0;148.6;150.03;46.416;0;4.0283;349.08;0;349.08;148.6;46.416;150.03;4.0283;0.4257;0.4413;0;0.0115;337.1;11.973;0;0;8.363;3.6103;328.67;8.1009;2.6453;0.8263;4.5696;0.0597;336.77;0.3371;0.1486;0.0464;0.1417;0.0004;329.89;145.81;45.543;136.96;0.3579;182.76;157.35;41.574;3.7221;1.564;22.498;1.2293;20.34;0;1;0;0;1.0738;0.9657;1;1;0.9443;0.1038;0.9759;0.9822;1;0.9677;0.8571;0.999;0.999;1;0.999;0.999;0.9415;0.9129;0.0888;1.0483;1.041;0.0063;0.0129;-0.0155;0.0073;0.0258;0.0045;0;0;0.088;0;0.8719;0;0;0;0;0;0;0;0;0;0;0;0;0.0207;0.0027;0.9764;0.9764;0;20.79;20.79;13.29;0.0404;889.61;1097.6;1;0.0165;0.0165;0;0;0;0;0;0;0.9599;0.8719;0;17.744;20.547;15.845;18.348;98.311;98.311;8.3778;7.8035;6.9684;0.5744;0.8351;0.0686;0.0997;0.8318;102.28;0.7935;0
01/06/21 11:00;32.431;-6.9872;56.905;79.162;10.838;-90;-10.838;278.99;236.4;42.596;9.8498;2.3199;0;43.37;220.28;14.396;0;0.3484;278.39;0;278.39;43.37;14.396;220.28;0.3484;0.1558;0.7925;0;0.0013;276.27;2.1151;0;0;1.8247;0.2904;265.68;10.323;1.129;0.3747;8.806;0.013;276;0.2763;0.0434;0.0144;0.2185;0.0001;265.74;42.198;14.007;209.43;0.0449;165.36;142.37;35.583;0.0869;1.334;19.189;0.0639;20.436;0;1;0;0;0.9978;0.9924;1;1;0.9917;0.1664;0.9626;0.9739;1;0.9596;0.7752;0.999;0.999;1;0.999;0.999;0.9543;0.9507;0.1289;0.836;0.8408;0.0051;0.0155;-0.0131;0.0058;0.0207;0.0038;0;0;0.088;0;0.683;0;0;0;0;0;0;0;0;0;0;0;0;0.0167;0.0019;0.7845;0.7845;0;20.607;20.607;10.757;0.0405;718.52;1091.9;1;0.0135;0.0135;0;0;0;0;0;0;0.771;0.683;0;17.877;20.702;15.564;18.023;98.278;98.278;6.6814;6.2701;5.4588;0.4112;0.8113;0.0615;0.1214;0.817;132.32;0.7769;0
01/06/21 12:00;32.166;9.4588;56.616;75.355;14.645;90;14.645;233.3;216.5;16.801;11.01;2.2399;0;17.365;207.92;5.3177;0;0.5306;231.14;0;231.14;17.365;5.3177;207.92;0.5306;0.0751;0.9019;0;0.0023;227.83;3.3087;0;0;2.8654;0.4434;219.24;8.3553;0.437;0.1338;7.7649;0.0196;227.6;0.2278;0.0174;0.0053;0.2051;0.0001;219.36;16.91;5.1785;197.09;0.0675;139.01;119.69;29.839;0.247;1.1376;16.364;0.1154;17.254;0;1;0;0;0.9907;0.9857;1;1;0.9862;0.1643;0.9633;0.9748;1;0.9621;0.775;0.999;0.999;1;0.999;0.999;0.9486;0.9479;0.1272;0.6941;0.6952;0.0042;0.017;-0.0127;0.0048;0.017;0.0032;0;0;0.088;0;0.547;0;0;0;0;0;0;0;0;0;0;0;0;0.0137;0.0014;0.6465;0.6465;0;19.895;19.895;8.8849;0.0405;593.86;1088.7;1;0.0115;0.0115;0;0;0;0;0;0;0.635;0.547;0;17.744;20.547;15.013;17.385;98.221;98.221;5.5473;5.167;4.3717;0.3803;0.7952;0.0686;0.1434;0.7881;126.37;0.7484;0
01/06/21 13:00;28.515;25.005;52.781;52.116;37.884;90;37.884;209.9;195.9;13.999;11.83;2.13;0;17.737;171.39;5.4808;0;3.0964;197.7;0;197.7;17.737;5.4808;171.39;3.0964;0.0897;0.8826;0;0.0157;183.86;13.84;0;0;11.017;2.823;178.09;5.5849;0.2911;0.09;5.1726;0.0312;183.68;0.1839;0.0177;0.0055;0.1604;0.0003;179.14;17.429;5.3854;155.04;0.2418;128.73;110.83;29.779;5.7939;1.2756;18.349;1.0514;13.83;0;1;0;0;0.9419;0.93;1;1;0.9357;0.0883;0.9696;0.9836;1;0.9677;0.8856;0.999;0.999;1;0.999;0.999;0.9008;0.9046;0.0781;0.5937;0.5782;0.0035;0.0178;-0.0123;0.004;0.0141;0.0036;0;0;0.088;0;0.4372;0;0;0;0;0;0;0;0;0;0;0;0;0.0114;0.001;0.5352;0.5352;0;19.055;19.055;7.2245;0.0406;493.29;1085;1;0.01;0.01;0;0;0;0;0;0;0.5252;0.4372;0;17.173;19.886;14.029;16.246;98.137;98.137;4.7449;4.2773;3.4943;0.4675;0.783;0.0985;0.165;0.7364;119.93;0.6886;0
01/06/21 14:00;22.032;38.608;46.417;32.965;57.035;90;57.035;134.2;130.6;3.6052;12.5;1.2701;0;6.6256;100.1;1.7369;0;4.2826;112.74;0;112.74;6.6256;1.7369;100.1;4.2826;0.0588;0.9258;0;0.038;96.993;15.751;0;0;11.73;4.0219;93.743;3.153;0.0704;0.0185;3.0507;0.0134;96.896;0.097;0.0066;0.0017;0.0884;0.0003;95.499;6.5486;1.7168;85.231;0.2471;85.334;73.472;21.437;13.972;1.3939;20.05;1.756;7.4725;0;1;0;0;0.8401;0.8603;1;1;0.8828;0.0609;0.9675;0.9894;1;0.9654;0.9486;0.999;0.999;1;0.999;0.999;0.8315;0.8515;0.0577;0.3386;0.3299;0.002;0.0174;-0.0104;0.0022;0.008;0.0039;0;0;0.088;0;0.2046;0;0;0;0;0;0;0;0;0;0;0;0;0.0064;0.0004;0.3;0.3;0;16.317;16.317;3.8171;0.0407;279.7;1072.5;1;0.0074;0.0074;0;0;0;0;0;0;0.2926;0.2046;0;16.878;19.545;11.513;13.332;97.547;97.547;2.7059;2.3974;1.6353;0.3085;0.7621;0.114;0.2817;0.6043;84.215;0.5333;0
01/06/21 15:00;13.446;50.087;55.672;17.312;28.883;90;28.883;51.298;50.601;0.6964;12.38;0.74;0;1.689;47.347;0.2768;0;0.4467;49.76;0;49.76;1.689;0.2768;47.347;0.4467;0.0339;0.9605;0;0.009;47.385;2.375;0;0;1.9845;0.3905;45.801;1.5363;0.0381;0.0062;1.4816;0.0104;47.337;0.0474;0.0017;0.0003;0.0454;0.0001;45.935;1.6492;0.2702;43.836;0.0458;30.975;26.67;6.9056;0.6285;0.2741;3.9426;0.1341;3.5881;0;1;0;0;0.97;0.9523;1;1;0.9581;0.1258;0.9675;0.9774;1;0.9673;0.8152;0.999;0.999;1;0.999;0.999;0.9204;0.9258;0.1025;0.1494;0.1467;0.0009;0.0134;-0.0058;0.001;0.0034;0.0007;0;0;0.088;0;0.0366;0;0;0;0;0;0;0;0;0;0;0;0;0.0028;0.0001;0.1302;0.1302;0;14.257;14.257;1.8768;0.041;123.71;1052.2;1;0.0056;0.0056;0;0;0;0;0;0;0.1246;0.0366;0;16.594;19.216;4.6628;5.3994;95.705;95.705;1.1942;1.0403;0.2923;0.1539;0.748;0.1289;0.6263;0.2448;30.971;0.2311;0
01/06/21 16:00;4.4554;58.892;79.14;5.1999;7.4977;90;7.4977;7.6966;7.6966;0;11.6;1.2799;0;0;7.6637;0;0;0.0046;7.6683;0;7.6683;0;0;7.6637;0.0046;0;1;0;0.0006;7.6299;0.0384;0;0;0.0346;0.0038;7.2995;0.3228;0;0;0.3226;0.0002;7.6223;0.0076;0;0;0.0076;0;7.3001;0;0;7.2989;0.0006;4.5692;3.9341;0.9673;0.0007;0.0378;0.5435;0.0006;0.5806;0;1;0;0;0.9963;0.995;1;1;0.9955;0.1645;0.9577;1;1;0.9577;0.7754;0.999;1;1;0.999;0.999;0.9519;0.9524;0.1274;0.023;0.0231;0.0001;0.0052;-0.001;0.0001;0.0005;0.0001;0;0;0.088;0;-0.0726;0;0;0;0;0;0;0;0;0;0;0;0;0.0004;0;0.0177;0.0177;0;11.909;11.909;0.3084;0.0423;18.114;977.97;1;0.0024;0.0024;0;0;0;0;0;0;0.0154;-0.0726;0;14.655;16.97;-60.092;-69.585;86.705;86.705;0.184;0.1416;-0.5805;0.0425;0.7221;0.2307;3.9237;0;4.5692;0;0
01/06/21 17:00;0;0;90;0;0;90;0;0;0;0;10.11;2.2;0;0;0;0;0;0;0;0;0;0;0;0;0;1;1;1;1;0;0;0;0;0;0;0;0;0;0;0;0;0;0;0;0;0;0;0;0;0;0;0;0;0;0;0;0;0;0;0;0;0;0;0;1;1;1;1;1;1;1;1;1;1;1;1;1;1;1;1;1;1;1;0;0;0;0;0;0;0;0;0;0.0004;0.088;0;-0.0884;0;0;0;0;0;0;0;0;0;0;0;0;0;0;0;0;0;0;0;-10.11;0;0;0;0;0.0004;0;0;0;0;0;0;0;-0.0004;-0.0884;0;0;0;0;0;0;0;0;0;-0.7063;0;0.7063;1;1;0;0;0;0
01/06/21 18:00;0;0;90;0;0;90;0;0;0;0;9.2003;2.65;0;0;0;0;0;0;0;0;0;0;0;0;0;1;1;1;1;0;0;0;0;0;0;0;0;0;0;0;0;0;0;0;0;0;0;0;0;0;0;0;0;0;0;0;0;0;0;0;0;0;0;0;1;1;1;1;1;1;1;1;1;1;1;1;1;1;1;1;1;1;1;0;0;0;0;0;0;0;0;0;0.0004;0.088;0;-0.0884;0;0;0;0;0;0;0;0;0;0;0;0;0;0;0;0;0;0;0;-9.2003;0;0;0;0;0.0004;0;0;0;0;0;0;0;-0.0004;-0.0884;0;0;0;0;0;0;0;0;0;-0.7063;0;0.7063;1;1;0;0;0;0
01/06/21 19:00;0;0;90;0;0;90;0;0;0;0;8.4498;2.65;0;0;0;0;0;0;0;0;0;0;0;0;0;1;1;1;1;0;0;0;0;0;0;0;0;0;0;0;0;0;0;0;0;0;0;0;0;0;0;0;0;0;0;0;0;0;0;0;0;0;0;0;1;1;1;1;1;1;1;1;1;1;1;1;1;1;1;1;1;1;1;0;0;0;0;0;0;0;0;0;0.0004;0.088;0;-0.0884;0;0;0;0;0;0;0;0;0;0;0;0;0;0;0;0;0;0;0;-8.4498;0;0;0;0;0.0004;0;0;0;0;0;0;0;-0.0004;-0.0884;0;0;0;0;0;0;0;0;0;-0.7063;0;0.7063;1;1;0;0;0;0
01/06/21 20:00;0;0;90;0;0;90;0;0;0;0;8.9703;2.4699;0;0;0;0;0;0;0;0;0;0;0;0;0;1;1;1;1;0;0;0;0;0;0;0;0;0;0;0;0;0;0;0;0;0;0;0;0;0;0;0;0;0;0;0;0;0;0;0;0;0;0;0;1;1;1;1;1;1;1;1;1;1;1;1;1;1;1;1;1;1;1;0;0;0;0;0;0;0;0;0;0.0004;0.088;0;-0.0884;0;0;0;0;0;0;0;0;0;0;0;0;0;0;0;0;0;0;0;-8.9703;0;0;0;0;0.0004;0;0;0;0;0;0;0;-0.0004;-0.0884;0;0;0;0;0;0;0;0;0;-0.7063;0;0.7063;1;1;0;0;0;0
01/06/21 21:00;0;0;90;0;0;90;0;0;0;0;8.6399;2.35;0;0;0;0;0;0;0;0;0;0;0;0;0;1;1;1;1;0;0;0;0;0;0;0;0;0;0;0;0;0;0;0;0;0;0;0;0;0;0;0;0;0;0;0;0;0;0;0;0;0;0;0;1;1;1;1;1;1;1;1;1;1;1;1;1;1;1;1;1;1;1;0;0;0;0;0;0;0;0;0;0.0004;0.088;0;-0.0884;0;0;0;0;0;0;0;0;0;0;0;0;0;0;0;0;0;0;0;-8.6399;0;0;0;0;0.0004;0;0;0;0;0;0;0;-0.0004;-0.0884;0;0;0;0;0;0;0;0;0;-0.7063;0;0.7063;1;1;0;0;0;0
01/06/21 22:00;0;0;90;0;0;90;0;0;0;0;8.6997;2.5;0;0;0;0;0;0;0;0;0;0;0;0;0;1;1;1;1;0;0;0;0;0;0;0;0;0;0;0;0;0;0;0;0;0;0;0;0;0;0;0;0;0;0;0;0;0;0;0;0;0;0;0;1;1;1;1;1;1;1;1;1;1;1;1;1;1;1;1;1;1;1;0;0;0;0;0;0;0;0;0;0.0004;0.088;0;-0.0884;0;0;0;0;0;0;0;0;0;0;0;0;0;0;0;0;0;0;0;-8.6997;0;0;0;0;0.0004;0;0;0;0;0;0;0;-0.0004;-0.0884;0;0;0;0;0;0;0;0;0;-0.7063;0;0.7063;1;1;0;0;0;0
01/06/21 23:00;0;0;90;0;0;90;0;0;0;0;9.09;2.66;0;0;0;0;0;0;0;0;0;0;0;0;0;1;1;1;1;0;0;0;0;0;0;0;0;0;0;0;0;0;0;0;0;0;0;0;0;0;0;0;0;0;0;0;0;0;0;0;0;0;0;0;1;1;1;1;1;1;1;1;1;1;1;1;1;1;1;1;1;1;1;0;0;0;0;0;0;0;0;0;0.0004;0.088;0;-0.0884;0;0;0;0;0;0;0;0;0;0;0;0;0;0;0;0;0;0;0;-9.09;0;0;0;0;0.0004;0;0;0;0;0;0;0;-0.0004;-0.0884;0;0;0;0;0;0;0;0;0;-0.7063;0;0.7063;1;1;0;0;0;0
02/06/21 00:00;0;0;90;0;0;90;0;0;0;0;8.83;2.7001;0;0;0;0;0;0;0;0;0;0;0;0;0;1;1;1;1;0;0;0;0;0;0;0;0;0;0;0;0;0;0;0;0;0;0;0;0;0;0;0;0;0;0;0;0;0;0;0;0;0;0;0;1;1;1;1;1;1;1;1;1;1;1;1;1;1;1;1;1;1;1;0;0;0;0;0;0;0;0;0;0.0004;0.088;0;-0.0884;0;0;0;0;0;0;0;0;0;0;0;0;0;0;0;0;0;0;0;-8.83;0;0;0;0;0.0004;0;0;0;0;0;0;0;-0.0004;-0.0884;0;0;0;0;0;0;0;0;0;-0.7063;0;0.7063;1;1;0;0;0;0
02/06/21 01:00;0;0;90;0;0;90;0;0;0;0;8.5103;2.73;0;0;0;0;0;0;0;0;0;0;0;0;0;1;1;1;1;0;0;0;0;0;0;0;0;0;0;0;0;0;0;0;0;0;0;0;0;0;0;0;0;0;0;0;0;0;0;0;0;0;0;0;1;1;1;1;1;1;1;1;1;1;1;1;1;1;1;1;1;1;1;0;0;0;0;0;0;0;0;0;0.0004;0.088;0;-0.0884;0;0;0;0;0;0;0;0;0;0;0;0;0;0;0;0;0;0;0;-8.5103;0;0;0;0;0.0004;0;0;0;0;0;0;0;-0.0004;-0.0884;0;0;0;0;0;0;0;0;0;-0.7063;0;0.7063;1;1;0;0;0;0
02/06/21 02:00;0;0;90;0;0;90;0;0;0;0;8.0502;2.66;0;0;0;0;0;0;0;0;0;0;0;0;0;1;1;1;1;0;0;0;0;0;0;0;0;0;0;0;0;0;0;0;0;0;0;0;0;0;0;0;0;0;0;0;0;0;0;0;0;0;0;0;1;1;1;1;1;1;1;1;1;1;1;1;1;1;1;1;1;1;1;0;0;0;0;0;0;0;0;0;0.0004;0.088;0;-0.0884;0;0;0;0;0;0;0;0;0;0;0;0;0;0;0;0;0;0;0;-8.0502;0;0;0;0;0.0004;0;0;0;0;0;0;0;-0.0004;-0.0884;0;0;0;0;0;0;0;0;0;-0.7063;0;0.7063;1;1;0;0;0;0
02/06/21 03:00;0;0;90;0;0;90;0;0;0;0;7.1801;2.68;0;0;0;0;0;0;0;0;0;0;0;0;0;1;1;1;1;0;0;0;0;0;0;0;0;0;0;0;0;0;0;0;0;0;0;0;0;0;0;0;0;0;0;0;0;0;0;0;0;0;0;0;1;1;1;1;1;1;1;1;1;1;1;1;1;1;1;1;1;1;1;0;0;0;0;0;0;0;0;0;0.0004;0.088;0;-0.0884;0;0;0;0;0;0;0;0;0;0;0;0;0;0;0;0;0;0;0;-7.1801;0;0;0;0;0.0004;0;0;0;0;0;0;0;-0.0004;-0.0884;0;0;0;0;0;0;0;0;0;-0.7063;0;0.7063;1;1;0;0;0;0
02/06/21 04:00;0;0;90;0;0;90;0;0;0;0;6.26;2.5599;0;0;0;0;0;0;0;0;0;0;0;0;0;1;1;1;1;0;0;0;0;0;0;0;0;0;0;0;0;0;0;0;0;0;0;0;0;0;0;0;0;0;0;0;0;0;0;0;0;0;0;0;1;1;1;1;1;1;1;1;1;1;1;1;1;1;1;1;1;1;1;0;0;0;0;0;0;0;0;0;0.0004;0.088;0;-0.0884;0;0;0;0;0;0;0;0;0;0;0;0;0;0;0;0;0;0;0;-6.26;0;0;0;0;0.0004;0;0;0;0;0;0;0;-0.0004;-0.0884;0;0;0;0;0;0;0;0;0;-0.7063;0;0.7063;1;1;0;0;0;0
02/06/21 05:00;0;0;90;0;0;90;0;0;0;0;6.7899;2.34;0;0;0;0;0;0;0;0;0;0;0;0;0;1;1;1;1;0;0;0;0;0;0;0;0;0;0;0;0;0;0;0;0;0;0;0;0;0;0;0;0;0;0;0;0;0;0;0;0;0;0;0;1;1;1;1;1;1;1;1;1;1;1;1;1;1;1;1;1;1;1;0;0;0;0;0;0;0;0;0;0.0004;0.088;0;-0.0884;0;0;0;0;0;0;0;0;0;0;0;0;0;0;0;0;0;0;0;-6.7899;0;0;0;0;0.0004;0;0;0;0;0;0;0;-0.0004;-0.0884;0;0;0;0;0;0;0;0;0;-0.7063;0;0.7063;1;1;0;0;0;0
02/06/21 06:00;0;0;90;0;0;90;0;0;0;0;6.72;2.3099;0;0;0;0;0;0;0;0;0;0;0;0;0;1;1;1;1;0;0;0;0;0;0;0;0;0;0;0;0;0;0;0;0;0;0;0;0;0;0;0;0;0;0;0;0;0;0;0;0;0;0;0;1;1;1;1;1;1;1;1;1;1;1;1;1;1;1;1;1;1;1;0;0;0;0;0;0;0;0;0;0.0004;0.088;0;-0.0884;0;0;0;0;0;0;0;0;0;0;0;0;0;0;0;0;0;0;0;-6.72;0;0;0;0;0.0004;0;0;0;0;0;0;0;-0.0004;-0.0884;0;0;0;0;0;0;0;0;0;-0.7063;0;0.7063;1;1;0;0;0;0
02/06/21 07:00;5.2322;-58.038;77.222;6.1605;8.9253;-90;-8.9253;48.407;31.297;17.11;6.9401;2.42;0;41.495;26.712;10.727;0;0.041;78.975;0;78.975;41.495;10.727;26.712;0.041;0.5254;0.3387;0;0.0005;78.781;0.1943;0;0;0.1601;0.0342;65.294;13.408;9.7778;2.5276;1.1012;0.0015;78.702;0.0788;0.0415;0.0107;0.0266;0;65.297;31.676;8.1885;25.424;0.0053;16.077;13.843;3.386;0.005;0.1343;1.9314;0.0036;2.0607;0;1;0;0;1.6315;0.9975;1;1;0.994;0.166;0.8296;0.7641;1;0.9585;0.7754;0.999;0.999;1;0.999;0.999;0.8268;0.9518;0.1286;0.2372;0.2007;0.0012;0.0151;-0.0113;0.0014;0.0049;0.0004;0;0;0.088;0;0.0903;0;0;0;0;0;0;0;0;0;0;0;0;0.0039;0.0002;0.185;0.185;0;9.5938;9.5938;2.6538;0.0406;170.12;1087.4;1;0.0066;0.0066;0;0;0;0;0;0;0.1783;0.0903;0;14.859;17.206;7.2569;8.4033;96.412;96.412;1.8954;1.4784;0.722;0.417;0.7563;0.22;0.399;0.3809;15.972;0.3741;0
02/06/21 08:00;14.735;-48.411;51.912;19.374;34.192;-90;-34.192;82.104;78.899;3.2053;8.9703;2.83;0;7.7737;71.396;1.8163;0;0.9934;81.979;0;81.979;7.7737;1.8163;71.396;0.9934;0.0948;0.883;0;0.0121;77.187;4.792;0;0;3.9035;0.8885;74.773;2.3375;0.117;0.0273;2.1778;0.0153;77.11;0.0772;0.0078;0.0018;0.0675;0.0001;75.085;7.6489;1.7871;65.247;0.0894;48.532;41.786;11.06;1.6976;0.4601;6.6188;0.312;5.3813;0;1;0;0;0.9985;0.9415;1;1;0.9453;0.1055;0.9697;0.9849;1;0.9677;0.8536;0.999;0.999;1;0.999;0.999;0.9121;0.9139;0.09;0.2462;0.2401;0.0014;0.0161;-0.0114;0.0016;0.0058;0.0013;0;0;0.088;0;0.1255;0;0;0;0;0;0;0;0;0;0;0;0;0.0047;0.0003;0.2203;0.2203;0;12.011;12.011;3.0407;0.0407;203.58;1082.1;1;0.0068;0.0068;0;0;0;0;0;0;0.2135;0.1255;0;17.047;19.74;9.7087;11.242;96.899;96.899;1.9675;1.7606;1.0027;0.2069;0.7579;0.1052;0.3852;0.5096;48.513;0.4806;0
02/06/21 09:00;23.04;-36.644;47.591;35.473;54.527;-90;-54.527;255.49;155.1;100.4;11.71;2.82;0;173;98.871;51.641;0;7.5059;331.02;0;331.02;173;51.641;98.871;7.5059;0.5226;0.3214;0;0.0227;313.16;17.865;0;0;10.833;7.0318;307.29;5.5492;1.9572;0.5842;2.9879;0.0199;312.84;0.3132;0.173;0.0516;0.088;0.0005;309.5;170.87;51.005;84.962;0.4537;119.12;102.56;28.296;11.775;1.5492;22.285;2.206;12.059;0;1;0;0;1.2956;0.946;1;1;0.8904;0.0632;0.9823;0.9887;1;0.966;0.958;0.999;0.999;1;0.999;0.999;0.9283;0.8593;0.0604;0.9941;0.9792;0.0059;0.0137;-0.0029;0.0067;0.0239;0.0044;0;0;0.088;0;0.8025;0;0;0;0;0;0;0;0;0;0;0;0;0.0192;0.0024;0.9057;0.9057;0;24.177;24.177;12.467;0.0406;836.85;1082.3;1;0.0152;0.0152;0;0;0;0;0;0;0.8905;0.8025;0;17.357;20.099;15.38;17.809;98.322;98.322;7.9445;7.2385;6.4138;0.706;0.8247;0.0889;0.1038;0.8073;80.926;0.7686;0
02/06/21 10:00;29.135;-22.745;53.663;55.253;34.747;-90;-34.747;505.11;83.303;421.8;15.85;2.36;0;513.34;26.362;66.157;0;6.3049;612.17;0;612.17;513.34;66.157;26.362;6.3049;0.8386;0.0534;0;0.0103;605.03;7.1324;0;0;1.4782;5.6541;593.1;11.332;9.2457;1.1915;0.8026;0.0922;604.43;0.605;0.5133;0.0662;0.0249;0.0007;594.87;503.58;64.899;24.056;0.5579;256.38;220.75;58.104;0.664;1.9121;27.505;1.7717;28.753;0;1;0;0;1.212;0.9883;1;1;0.9439;0.1032;0.9813;0.982;1;0.9677;0.8582;0.999;0.999;1;0.999;0.999;0.9688;0.9125;0.0885;1.8383;1.8497;0.0111;0.002;0.0984;0.0122;0.0432;0.0052;0;0;0.088;0;1.5208;0;0;0;0;0;0;0;0;0;0;0;0;0.0347;0.0078;1.6351;1.6351;0;40.151;40.151;24.301;0.041;1589.8;1028.5;1;0.0264;0.0264;0;0;0;0;0;0;1.6088;1.5208;0;16.944;19.621;15.759;18.249;98.387;98.387;14.692;13.068;12.154;1.6241;0.914;0.1105;0.0622;0.8272;17.989;0.8003;0
02/06/21 11:00;32.299;-7.011;57.029;79.072;10.928;-90;-10.928;565.19;93.3;471.89;17.99;1.6601;0;480.61;30.954;63.209;0;0.7175;575.49;0;575.49;480.61;63.209;30.954;0.7175;0.8351;0.055;0;0.0012;574.63;0.8581;0;0;0.26;0.5981;558.43;15.627;12.695;1.6696;1.2356;0.0268;574.06;0.5746;0.4806;0.0632;0.0307;0.0001;558.58;467.43;61.477;29.428;0.0925;329.43;283.64;72.889;0.0128;2.5172;36.209;0.1439;38.714;0;1;0;0;1.0182;0.9985;1;1;0.9916;0.1665;0.9728;0.9736;1;0.9597;0.7752;0.999;0.999;1;0.999;0.999;0.9704;0.9507;0.1289;1.7282;1.7587;0.0106;0.003;0.0983;0.0115;0.0409;0.0068;0;0;0.088;0;1.435;0;0;0;0;0;0;0;0;0;0;0;0;0.0329;0.0071;1.5476;1.5476;0;40.89;40.89;22.9;0.041;1511;1024.2;1;0.0246;0.0246;0;0;0;0;0;0;1.523;1.435;0;17.059;19.754;15.818;18.316;98.41;98.41;13.812;12.368;11.468;1.4436;0.9;0.1045;0.0652;0.8303;18.599;0.793;0
02/06/21 12:00;32.043;9.3967;56.749;75.38;14.62;90;14.62;453.69;163.8;289.89;17.13;0.93;0;299.59;94.824;69.669;0;1.0283;465.12;0;465.12;299.59;69.669;94.824;1.0283;0.6441;0.2061;0;0.0022;462.95;2.1623;0;0;1.3031;0.8593;449.47;13.02;7.6581;1.7808;3.5428;0.038;462.49;0.463;0.2996;0.0697;0.0935;0.0002;449.7;291.64;67.819;89.884;0.1309;263.43;226.81;58.525;0.1122;2.0039;28.826;0.2285;30.717;0;1;0;0;1.0252;0.9954;1;1;0.9863;0.1644;0.9718;0.9744;1;0.9621;0.775;0.999;0.999;1;0.999;0.999;0.9664;0.9479;0.1272;1.3967;1.4152;0.0085;0.0075;0.0525;0.0094;0.0334;0.0055;0;0;0.088;0;1.1586;0;0;0;0;0;0;0;0;0;0;0;0;0.0269;0.0048;1.2667;1.2667;0;35.498;35.498;18.368;0.0409;1215.3;1042.3;1;0.0201;0.0201;0;0;0;0;0;0;1.2466;1.1586;0;17.276;20.005;15.802;18.298;98.415;98.415;11.163;10.123;9.2594;1.0396;0.8638;0.0931;0.0774;0.8295;57.627;0.7927;0
02/06/21 13:00;28.408;24.914;52.913;52.087;37.913;90;37.913;531.5;87.699;443.8;17.6;0.4701;0;562.52;23.327;78.105;0;7.8522;671.8;0;671.8;562.52;78.105;23.327;7.8522;0.8373;0.0464;0;0.0117;663.14;8.6612;0;0;1.5013;7.1599;651.04;11.442;9.3595;1.2996;0.704;0.0789;662.48;0.6631;0.5625;0.0781;0.0218;0.0007;653.18;552.6;76.727;21.1;0.6127;258.9;222.91;59.265;0.7925;1.9003;27.336;2.1416;28.443;0;1;0;0;1.264;0.9871;1;1;0.9356;0.0882;0.9827;0.9833;1;0.9677;0.8859;0.999;0.999;1;0.999;0.999;0.9691;0.9045;0.078;2.0174;2.0249;0.0122;0.0002;0.1377;0.0131;0.0465;0.0051;0;0;0.088;0;1.6468;0;0;0;0;0;0;0;0;0;0;0;0;0.0375;0.0093;1.7634;1.7634;0;44.361;44.361;26.761;0.0411;1740.1;1013.4;1;0.0285;0.0285;0;0;0;0;0;0;1.7348;1.6468;0;16.651;19.282;15.551;18.007;98.381;98.381;16.123;14.093;13.162;2.0303;0.9314;0.1259;0.0578;0.8163;16.327;0.7922;0
02/06/21 14:00;21.943;38.5;46.545;32.909;57.091;90;57.091;102.5;100.7;1.8011;18.12;0.92;0;3.315;77.421;0.6728;0;3.2767;84.686;0;84.686;3.315;0.6728;77.421;3.2767;0.0391;0.9529;0;0.0387;72.524;12.162;0;0;9.085;3.0772;70.038;2.413;0.0355;0.0072;2.36;0.0103;72.451;0.0725;0.0033;0.0007;0.0683;0.0002;71.382;3.2762;0.665;65.908;0.189;65.706;56.573;16.585;10.844;1.0737;15.445;1.344;5.6745;0;1;0;0;0.8262;0.8564;1;1;0.8827;0.0609;0.9667;0.9893;1;0.9654;0.9484;0.999;0.999;1;0.999;0.999;0.827;0.8513;0.0577;0.2543;0.2476;0.0015;0.0162;-0.0036;0.0016;0.0058;0.0029;0;0;0.088;0;0.1238;0;0;0;0;0;0;0;0;0;0;0;0;0.0047;0.0003;0.2182;0.2182;0;20.992;20.992;2.8723;0.041;209.55;1041.3;1;0.0064;0.0064;0;0;0;0;0;0;0.2118;0.1238;0;16.345;18.928;9.2742;10.739;97.067;97.067;2.0325;1.7439;0.9895;0.2885;0.7544;0.142;0.3712;0.4868;65.176;0.4283;0
02/06/21 15:00;13.374;49.971;55.877;17.249;28.736;90;28.736;90.601;87.999;2.603;17.89;2.11;0;6.3129;81.88;1.8091;0;0.7811;90.783;0;90.783;6.3129;1.8091;81.88;0.7811;0.0695;0.9105;0;0.0086;86.696;4.0864;0;0;3.4041;0.6823;83.839;2.7703;0.1458;0.0418;2.5645;0.0183;86.61;0.0867;0.0063;0.0018;0.0785;0.0001;84.068;6.1608;1.7655;75.833;0.0803;53.524;46.084;11.927;1.0678;0.4728;6.801;0.2289;6.206;0;1;0;0;1.002;0.955;1;1;0.9584;0.1264;0.968;0.9769;1;0.9673;0.8144;0.999;0.999;1;0.999;0.999;0.9235;0.9261;0.1029;0.2726;0.2675;0.0016;0.0166;-0.0036;0.0018;0.0063;0.0013;0;0;0.088;0;0.1437;0;0;0;0;0;0;0;0;0;0;0;0;0.0051;0.0003;0.2383;0.2383;0;21.323;21.323;3.4325;0.0409;227.51;1047.2;1;0.0066;0.0066;0;0;0;0;0;0;0.2317;0.1437;0;16.649;19.279;10.038;11.624;97.228;97.228;2.1788;1.9042;1.1481;0.2746;0.7561;0.126;0.347;0.5269;53.508;0.4989;0
02/06/21 16:00;4.3967;58.772;79.285;5.1379;7.4063;90;7.4063;8.7906;8.7008;0.0898;16.34;2.8699;0;0.2177;8.6569;0.0186;0;0.0051;8.8983;0;8.8983;0.2177;0.0186;8.6569;0.0051;0.0245;0.9734;0;0.0006;8.8557;0.0426;0;0;0.0383;0.0043;8.4118;0.4351;0.0645;0.0055;0.3649;0.0002;8.8469;0.0089;0.0002;0;0.0086;0;8.4125;0.153;0.0131;8.245;0.0007;5.1609;4.4435;1.0926;0.0007;0.0427;0.6139;0.0006;0.6558;0;1;0;0;1.0123;0.9952;1;1;0.9956;0.1645;0.9508;0.7036;1;0.9576;0.7754;0.999;0.999;1;0.999;0.999;0.9453;0.9524;0.1274;0.0267;0.0266;0.0002;0.0056;-0.0008;0.0002;0.0005;0.0001;0;0;0.088;0;-0.07;0;0;0;0;0;0;0;0;0;0;0;0;0.0004;0;0.0204;0.0204;0;16.695;16.695;0.3554;0.0423;21.137;963.82;1;0.0024;0.0024;0;0;0;0;0;0;0.018;-0.07;0;14.524;16.818;-49.92;-57.806;88.238;88.238;0.2136;0.1628;-0.5596;0.0507;0.7224;0.2376;3.3829;0;5.1604;0;0
02/06/21 17:00;0;0;90;0;0;90;0;0;0;0;14.11;3.2799;0;0;0;0;0;0;0;0;0;0;0;0;0;1;1;1;1;0;0;0;0;0;0;0;0;0;0;0;0;0;0;0;0;0;0;0;0;0;0;0;0;0;0;0;0;0;0;0;0;0;0;0;1;1;1;1;1;1;1;1;1;1;1;1;1;1;1;1;1;1;1;0;0;0;0;0;0;0;0;0;0.0004;0.088;0;-0.0884;0;0;0;0;0;0;0;0;0;0;0;0;0;0;0;0;0;0;0;-14.11;0;0;0;0;0.0004;0;0;0;0;0;0;0;-0.0004;-0.0884;0;0;0;0;0;0;0;0;0;-0.7063;0;0.7063;1;1;0;0;0;0
02/06/21 18:00;0;0;90;0;0;90;0;0;0;0;13.2;3.2601;0;0;0;0;0;0;0;0;0;0;0;0;0;1;1;1;1;0;0;0;0;0;0;0;0;0;0;0;0;0;0;0;0;0;0;0;0;0;0;0;0;0;0;0;0;0;0;0;0;0;0;0;1;1;1;1;1;1;1;1;1;1;1;1;1;1;1;1;1;1;1;0;0;0;0;0;0;0;0;0;0.0004;0.088;0;-0.0884;0;0;0;0;0;0;0;0;0;0;0;0;0;0;0;0;0;0;0;-13.2;0;0;0;0;0.0004;0;0;0;0;0;0;0;-0.0004;-0.0884;0;0;0;0;0;0;0;0;0;-0.7063;0;0.7063;1;1;0;0;0;0
02/06/21 19:00;0;0;90;0;0;90;0;0;0;0;12.4;2.98;0;0;0;0;0;0;0;0;0;0;0;0;0;1;1;1;1;0;0;0;0;0;0;0;0;0;0;0;0;0;0;0;0;0;0;0;0;0;0;0;0;0;0;0;0;0;0;0;0;0;0;0;1;1;1;1;1;1;1;1;1;1;1;1;1;1;1;1;1;1;1;0;0;0;0;0;0;0;0;0;0.0004;0.088;0;-0.0884;0;0;0;0;0;0;0;0;0;0;0;0;0;0;0;0;0;0;0;-12.4;0;0;0;0;0.0004;0;0;0;0;0;0;0;-0.0004;-0.0884;0;0;0;0;0;0;0;0;0;-0.7063;0;0.7063;1;1;0;0;0;0
02/06/21 20:00;0;0;90;0;0;90;0;0;0;0;12.2;3.2799;0;0;0;0;0;0;0;0;0;0;0;0;0;1;1;1;1;0;0;0;0;0;0;0;0;0;0;0;0;0;0;0;0;0;0;0;0;0;0;0;0;0;0;0;0;0;0;0;0;0;0;0;1;1;1;1;1;1;1;1;1;1;1;1;1;1;1;1;1;1;1;0;0;0;0;0;0;0;0;0;0.0004;0.088;0;-0.0884;0;0;0;0;0;0;0;0;0;0;0;0;0;0;0;0;0;0;0;-12.2;0;0;0;0;0.0004;0;0;0;0;0;0;0;-0.0004;-0.0884;0;0;0;0;0;0;0;0;0;-0.7063;0;0.7063;1;1;0;0;0;0
02/06/21 21:00;0;0;90;0;0;90;0;0;0;0;12.7;3.4901;0;0;0;0;0;0;0;0;0;0;0;0;0;1;1;1;1;0;0;0;0;0;0;0;0;0;0;0;0;0;0;0;0;0;0;0;0;0;0;0;0;0;0;0;0;0;0;0;0;0;0;0;1;1;1;1;1;1;1;1;1;1;1;1;1;1;1;1;1;1;1;0;0;0;0;0;0;0;0;0;0.0004;0.088;0;-0.0884;0;0;0;0;0;0;0;0;0;0;0;0;0;0;0;0;0;0;0;-12.7;0;0;0;0;0.0004;0;0;0;0;0;0;0;-0.0004;-0.0884;0;0;0;0;0;0;0;0;0;-0.7063;0;0.7063;1;1;0;0;0;0
02/06/21 22:00;0;0;90;0;0;90;0;0;0;0;12.68;3.6699;0;0;0;0;0;0;0;0;0;0;0;0;0;1;1;1;1;0;0;0;0;0;0;0;0;0;0;0;0;0;0;0;0;0;0;0;0;0;0;0;0;0;0;0;0;0;0;0;0;0;0;0;1;1;1;1;1;1;1;1;1;1;1;1;1;1;1;1;1;1;1;0;0;0;0;0;0;0;0;0;0.0004;0.088;0;-0.0884;0;0;0;0;0;0;0;0;0;0;0;0;0;0;0;0;0;0;0;-12.68;0;0;0;0;0.0004;0;0;0;0;0;0;0;-0.0004;-0.0884;0;0;0;0;0;0;0;0;0;-0.7063;0;0.7063;1;1;0;0;0;0
02/06/21 23:00;0;0;90;0;0;90;0;0;0;0;11.94;3.64;0;0;0;0;0;0;0;0;0;0;0;0;0;1;1;1;1;0;0;0;0;0;0;0;0;0;0;0;0;0;0;0;0;0;0;0;0;0;0;0;0;0;0;0;0;0;0;0;0;0;0;0;1;1;1;1;1;1;1;1;1;1;1;1;1;1;1;1;1;1;1;0;0;0;0;0;0;0;0;0;0.0004;0.088;0;-0.0884;0;0;0;0;0;0;0;0;0;0;0;0;0;0;0;0;0;0;0;-11.94;0;0;0;0;0.0004;0;0;0;0;0;0;0;-0.0004;-0.0884;0;0;0;0;0;0;0;0;0;-0.7063;0;0.7063;1;1;0;0;0;0
03/06/21 00:00;0;0;90;0;0;90;0;0;0;0;10.49;3.3401;0;0;0;0;0;0;0;0;0;0;0;0;0;1;1;1;1;0;0;0;0;0;0;0;0;0;0;0;0;0;0;0;0;0;0;0;0;0;0;0;0;0;0;0;0;0;0;0;0;0;0;0;1;1;1;1;1;1;1;1;1;1;1;1;1;1;1;1;1;1;1;0;0;0;0;0;0;0;0;0;0.0004;0.088;0;-0.0884;0;0;0;0;0;0;0;0;0;0;0;0;0;0;0;0;0;0;0;-10.49;0;0;0;0;0.0004;0;0;0;0;0;0;0;-0.0004;-0.0884;0;0;0;0;0;0;0;0;0;-0.7063;0;0.7063;1;1;0;0;0;0
03/06/21 01:00;0;0;90;0;0;90;0;0;0;0;10.99;2.66;0;0;0;0;0;0;0;0;0;0;0;0;0;1;1;1;1;0;0;0;0;0;0;0;0;0;0;0;0;0;0;0;0;0;0;0;0;0;0;0;0;0;0;0;0;0;0;0;0;0;0;0;1;1;1;1;1;1;1;1;1;1;1;1;1;1;1;1;1;1;1;0;0;0;0;0;0;0;0;0;0.0004;0.088;0;-0.0884;0;0;0;0;0;0;0;0;0;0;0;0;0;0;0;0;0;0;0;-10.99;0;0;0;0;0.0004;0;0;0;0;0;0;0;-0.0004;-0.0884;0;0;0;0;0;0;0;0;0;-0.7063;0;0.7063;1;1;0;0;0;0
03/06/21 02:00;0;0;90;0;0;90;0;0;0;0;11.37;2.1599;0;0;0;0;0;0;0;0;0;0;0;0;0;1;1;1;1;0;0;0;0;0;0;0;0;0;0;0;0;0;0;0;0;0;0;0;0;0;0;0;0;0;0;0;0;0;0;0;0;0;0;0;1;1;1;1;1;1;1;1;1;1;1;1;1;1;1;1;1;1;1;0;0;0;0;0;0;0;0;0;0.0004;0.088;0;-0.0884;0;0;0;0;0;0;0;0;0;0;0;0;0;0;0;0;0;0;0;-11.37;0;0;0;0;0.0004;0;0;0;0;0;0;0;-0.0004;-0.0884;0;0;0;0;0;0;0;0;0;-0.7063;0;0.7063;1;1;0;0;0;0
03/06/21 03:00;0;0;90;0;0;90;0;0;0;0;12.11;2.0601;0;0;0;0;0;0;0;0;0;0;0;0;0;1;1;1;1;0;0;0;0;0;0;0;0;0;0;0;0;0;0;0;0;0;0;0;0;0;0;0;0;0;0;0;0;0;0;0;0;0;0;0;1;1;1;1;1;1;1;1;1;1;1;1;1;1;1;1;1;1;1;0;0;0;0;0;0;0;0;0;0.0004;0.088;0;-0.0884;0;0;0;0;0;0;0;0;0;0;0;0;0;0;0;0;0;0;0;-12.11;0;0;0;0;0.0004;0;0;0;0;0;0;0;-0.0004;-0.0884;0;0;0;0;0;0;0;0;0;-0.7063;0;0.7063;1;1;0;0;0;0
03/06/21 04:00;0;0;90;0;0;90;0;0;0;0;11.7;2.1;0;0;0;0;0;0;0;0;0;0;0;0;0;1;1;1;1;0;0;0;0;0;0;0;0;0;0;0;0;0;0;0;0;0;0;0;0;0;0;0;0;0;0;0;0;0;0;0;0;0;0;0;1;1;1;1;1;1;1;1;1;1;1;1;1;1;1;1;1;1;1;0;0;0;0;0;0;0;0;0;0.0004;0.088;0;-0.0884;0;0;0;0;0;0;0;0;0;0;0;0;0;0;0;0;0;0;0;-11.7;0;0;0;0;0.0004;0;0;0;0;0;0;0;-0.0004;-0.0884;0;0;0;0;0;0;0;0;0;-0.7063;0;0.7063;1;1;0;0;0;0
03/06/21 05:00;0;0;90;0;0;90;0;0;0;0;11.54;2.0601;0;0;0;0;0;0;0;0;0;0;0;0;0;1;1;1;1;0;0;0;0;0;0;0;0;0;0;0;0;0;0;0;0;0;0;0;0;0;0;0;0;0;0;0;0;0;0;0;0;0;0;0;1;1;1;1;1;1;1;1;1;1;1;1;1;1;1;1;1;1;1;0;0;0;0;0;0;0;0;0;0.0004;0.088;0;-0.0884;0;0;0;0;0;0;0;0;0;0;0;0;0;0;0;0;0;0;0;-11.54;0;0;0;0;0.0004;0;0;0;0;0;0;0;-0.0004;-0.0884;0;0;0;0;0;0;0;0;0;-0.7063;0;0.7063;1;1;0;0;0;0
03/06/21 06:00;0;0;90;0;0;90;0;0;0;0;11.8;1.89;0;0;0;0;0;0;0;0;0;0;0;0;0;1;1;1;1;0;0;0;0;0;0;0;0;0;0;0;0;0;0;0;0;0;0;0;0;0;0;0;0;0;0;0;0;0;0;0;0;0;0;0;1;1;1;1;1;1;1;1;1;1;1;1;1;1;1;1;1;1;1;0;0;0;0;0;0;0;0;0;0.0004;0.088;0;-0.0884;0;0;0;0;0;0;0;0;0;0;0;0;0;0;0;0;0;0;0;-11.8;0;0;0;0;0.0004;0;0;0;0;0;0;0;-0.0004;-0.0884;0;0;0;0;0;0;0;0;0;-0.7063;0;0.7063;1;1;0;0;0;0
03/06/21 07:00;5.1243;-57.969;77.489;6.0382;8.7425;-90;-8.7425;5.5088;5.4015;0.1073;11.8;1.71;0;0.2602;5.3652;0.0119;0;0.0045;5.6418;5.6418;0;0.2602;0;0;0;1;1;1;1;0;0;0;0;0;0;0;0;0;0;0;0;0;0;0;0;0;0;0;0;0;0;0;0;0;0;0;0;0;0;0;0;0;0;0;0;1;1;1;1;1;1;1;1;1;1;1;0;1;0;0;1;0;0;0;0;0;0;0;0;0;0;0;0.0004;0.088;0;-0.0884;0;0;0;0;0;0;0;0;0;0;0;0;0;0;0;0;0;0;0;-11.8;0;0;0;0;0.0004;0;0;0;0;0;0;0;-0.0004;-0.0884;0;0;0;0;0;0;0;0;0;-0.7063;0;0.7063;1;1;0;0;0;0
03/06/21 08:00;14.62;-48.355;52.255;19.242;33.819;-90;-33.819;21.801;21.699;0.1021;11.8;1.8301;0;0.2475;19.857;0.016;0;0.2582;20.379;0;20.379;0.2475;0.016;19.857;0.2582;0.0121;0.9871;0;0.0127;19.081;1.2976;0;0;1.0671;0.2306;18.447;0.6148;0.0039;0.0002;0.6065;0.0041;19.062;0.0191;0.0002;0;0.0188;0;18.531;0.2434;0.0158;18.164;0.0235;13.455;11.585;3.0609;0.4547;0.1269;1.8251;0.0844;1.4973;0;1;0;0;0.9348;0.9363;1;1;0.9463;0.1071;0.9677;0.9844;1;0.9677;0.8506;0.999;0.999;1;0.999;0.999;0.9052;0.9148;0.091;0.0612;0.0597;0.0004;0.0087;-0.0027;0.0004;0.0013;0.0003;0;0;0.088;0;-0.041;0;0;0;0;0;0;0;0;0;0;0;0;0.0011;0;0.0502;0.0502;0;12.565;12.565;0.7648;0.0415;49.249;1019.6;1;0.0032;0.0032;0;0;0;0;0;0;0.047;-0.041;0;15.631;18.1;-12.77;-14.787;93.556;93.556;0.4891;0.4013;-0.3279;0.0878;0.7292;0.1795;1.4909;0;13.454;0;0
03/06/21 09:00;22.917;-36.607;47.679;35.335;54.665;-90;-54.665;55.302;54.699;0.6036;12.15;1.47;0;1.0436;43.117;0.1104;0;1.6323;45.903;0;45.903;1.0436;0.1104;43.117;1.6323;0.0227;0.9749;0;0.0356;39.632;6.2708;0;0;4.7415;1.5292;38.272;1.321;0.0119;0.0013;1.3035;0.0044;39.593;0.0396;0.001;0.0001;0.0384;0.0001;38.936;1.0307;0.1091;37.033;0.0986;35.538;30.598;8.8599;5.1804;0.5434;7.8165;0.6641;3.1794;0;1;0;0;0.83;0.8634;1;1;0.89;0.0631;0.9666;0.9886;1;0.966;0.9577;0.999;0.999;1;0.999;0.999;0.8337;0.8589;0.0604;0.1378;0.1337;0.0008;0.0129;-0.0056;0.0009;0.0031;0.0015;0;0;0.088;0;0.0244;0;0;0;0;0;0;0;0;0;0;0;0;0.0025;0.0001;0.1175;0.1175;0;13.721;13.721;1.5712;0.0411;112.27;1047.1;1;0.0052;0.0052;0;0;0;0;0;0;0.1124;0.0244;0;16.245;18.811;3.3658;3.8975;95.582;95.582;1.1017;0.9394;0.1946;0.1622;0.7448;0.1473;0.6761;0.1767;35.344;0.1567;0
03/06/21 10:00;29.008;-22.735;53.765;55.124;34.876;-90;-34.876;82.592;81.599;0.9929;12.5;1.2601;0;1.2103;74.157;0.1534;0;1.0384;76.559;0;76.559;1.2103;0.1534;74.157;1.0384;0.0158;0.9822;0;0.0136;71.444;5.1144;0;0;4.1826;0.9318;69.076;2.2965;0.022;0.0028;2.2567;0.015;71.373;0.0714;0.0012;0.0002;0.07;0.0001;69.418;1.187;0.1505;67.647;0.0915;51.214;44.096;11.765;1.8875;0.4857;6.9868;0.3412;5.585;0;1;0;0;0.9269;0.9332;1;1;0.9436;0.1027;0.9678;0.9818;1;0.9677;0.8593;0.999;0.999;1;0.999;0.999;0.9023;0.9122;0.0881;0.2299;0.2238;0.0013;0.0157;-0.0079;0.0015;0.0053;0.0013;0;0;0.088;0;0.1075;0;0;0;0;0;0;0;0;0;0;0;0;0.0043;0.0002;0.202;0.202;0;15.32;15.32;2.8195;0.0408;189.71;1064.7;1;0.0065;0.0065;0;0;0;0;0;0;0.1955;0.1075;0;16.736;19.38;8.9042;10.311;96.77;96.77;1.8374;1.6143;0.8588;0.2231;0.7554;0.1214;0.4111;0.4674;50.655;0.4375;0
03/06/21 11:00;32.173;-7.0371;57.147;78.98;11.02;-90;-11.02;161.81;158.3;3.5018;13.14;1.2099;0;3.5676;156.07;0.7991;0;0.2089;160.64;0;160.64;3.5676;0.7991;156.07;0.2089;0.0222;0.9728;0;0.0013;159.14;1.5035;0;0;1.3294;0.1741;152.63;6.3448;0.0955;0.0214;6.2201;0.0078;158.98;0.1591;0.0036;0.0008;0.1547;0;152.67;3.4685;0.7769;148.36;0.0269;96.291;82.907;20.485;0.0655;0.7931;11.409;0.0383;12.137;0;1;0;0;0.9928;0.9906;1;1;0.9915;0.1665;0.9601;0.9732;1;0.9598;0.7752;0.999;0.999;1;0.999;0.999;0.9502;0.9506;0.1289;0.4824;0.4839;0.0029;0.0181;-0.0099;0.0033;0.0117;0.0022;0;0;0.088;0;0.3483;0;0;0;0;0;0;0;0;0;0;0;0;0.0095;0.0007;0.4453;0.4453;0;19.341;19.341;6.2017;0.0406;412.91;1078.5;1;0.009;0.009;0;0;0;0;0;0;0.4363;0.3483;0;17.585;20.363;13.756;15.929;97.989;97.989;3.8554;3.5589;2.784;0.2965;0.7749;0.0769;0.201;0.7221;93.797;0.6856;0
03/06/21 12:00;31.926;9.3345;56.876;75.409;14.591;90;14.591;93.493;92.402;1.0902;13.6;1.15;0;1.1266;90.771;0.1483;0;0.2111;92.257;0;92.257;1.1266;0.1483;90.771;0.2111;0.0122;0.9862;0;0.0023;90.837;1.4196;0;0;1.2432;0.1764;87.312;3.4341;0.0292;0.0038;3.3933;0.0078;90.747;0.0908;0.0011;0.0001;0.0895;0;87.358;1.0962;0.1443;86.045;0.0269;55.869;48.104;12.025;0.1064;0.4556;6.553;0.0451;6.9021;0;1;0;0;0.9868;0.9846;1;1;0.9863;0.1644;0.9622;0.974;1;0.9621;0.775;0.999;0.999;1;0.999;0.999;0.9464;0.9479;0.1273;0.277;0.2769;0.0017;0.0167;-0.0079;0.0019;0.0066;0.0013;0;0;0.088;0;0.1562;0;0;0;0;0;0;0;0;0;0;0;0;0.0053;0.0003;0.2511;0.2511;0;17.16;17.16;3.5604;0.0408;235.45;1066.3;1;0.0069;0.0069;0;0;0;0;0;0;0.2442;0.1562;0;17.263;19.991;10.739;12.435;97.256;97.256;2.2142;2.0065;1.2482;0.2077;0.7584;0.0938;0.3425;0.5637;55.159;0.5352;0
03/06/21 13:00;28.308;24.825;53.04;52.064;37.936;90;37.936;124.4;122.3;2.0934;13.9;1.2799;0;2.6543;109.02;0.5158;0;1.84;114.03;0;114.03;2.6543;0.5158;109.02;1.84;0.0233;0.9722;0;0.0161;105.33;8.7009;0;0;7.023;1.6779;101.86;3.3618;0.0448;0.0087;3.2899;0.0184;105.22;0.1053;0.0027;0.0005;0.102;0.0002;102.48;2.6069;0.5066;98.603;0.1435;77.518;66.743;18.08;3.703;0.7725;11.111;0.6248;8.1809;0;1;0;0;0.9166;0.9237;1;1;0.9356;0.0881;0.9681;0.9831;1;0.9677;0.8862;0.999;0.999;1;0.999;0.999;0.8933;0.9045;0.078;0.3424;0.3321;0.002;0.0174;-0.0084;0.0022;0.008;0.0021;0;0;0.088;0;0.2065;0;0;0;0;0;0;0;0;0;0;0;0;0.0064;0.0004;0.3019;0.3019;0;18.05;18.05;4.1502;0.0407;282.48;1068.6;1;0.0073;0.0073;0;0;0;0;0;0;0.2945;0.2065;0;16.793;19.446;11.489;13.304;97.568;97.568;2.7367;2.4124;1.6505;0.3242;0.762;0.1185;0.2784;0.6031;76.318;0.5621;0
03/06/21 14:00;21.86;38.396;46.668;32.86;57.14;90;57.14;112.79;110.6;2.1907;13.98;1.5801;0;4.0375;84.929;0.9036;0;3.6115;93.481;0;93.481;4.0375;0.9036;84.929;3.6115;0.0432;0.9471;0;0.0386;80.111;13.37;0;0;9.9784;3.3916;77.377;2.654;0.0435;0.0097;2.5894;0.0114;80.031;0.0801;0.004;0.0009;0.075;0.0002;78.855;3.99;0.893;72.286;0.2083;72.189;62.155;18.232;11.932;1.1801;16.975;1.4779;6.2239;0;1;0;0;0.8288;0.857;1;1;0.8825;0.0609;0.9668;0.9892;1;0.9654;0.9481;0.999;0.999;1;0.999;0.999;0.8277;0.8511;0.0577;0.2807;0.2733;0.0016;0.0167;-0.0078;0.0018;0.0065;0.0033;0;0;0.088;0;0.1508;0;0;0;0;0;0;0;0;0;0;0;0;0.0053;0.0003;0.2456;0.2456;0;17.139;17.139;3.1593;0.0408;231.39;1061.5;1;0.0068;0.0068;0;0;0;0;0;0;0.2388;0.1508;0;16.668;19.301;10.235;11.852;97.231;97.231;2.2436;1.963;1.2054;0.2805;0.7577;0.125;0.3377;0.5373;71.535;0.473;0
03/06/21 15:00;13.307;49.859;56.066;17.192;28.603;90;28.603;51.103;50.402;0.7006;13.7;1.56;0;1.6991;47.218;0.2803;0;0.4366;49.634;0;49.634;1.6991;0.2803;47.218;0.4366;0.0342;0.9601;0;0.0088;47.304;2.3298;0;0;1.9486;0.3811;45.72;1.5371;0.0401;0.0066;1.4801;0.0103;47.257;0.0473;0.0017;0.0003;0.0453;0.0001;45.85;1.6573;0.2734;43.744;0.0451;30.833;26.547;6.8664;0.606;0.272;3.9131;0.1304;3.5792;0;1;0;0;0.9713;0.9531;1;1;0.9587;0.127;0.9675;0.9764;1;0.9673;0.8136;0.999;0.999;1;0.999;0.999;0.9211;0.9264;0.1032;0.1491;0.1463;0.0009;0.0134;-0.0051;0.001;0.0034;0.0007;0;0;0.088;0;0.0357;0;0;0;0;0;0;0;0;0;0;0;0;0.0027;0.0001;0.1292;0.1292;0;15.576;15.576;1.8757;0.041;123.47;1046.4;1;0.0055;0.0055;0;0;0;0;0;0;0.1237;0.0357;0;16.514;19.123;4.5623;5.283;95.735;95.735;1.1912;1.0326;0.2853;0.1586;0.7473;0.1331;0.6274;0.2395;30.829;0.2261;0
03/06/21 16:00;4.3431;58.655;79.417;5.0816;7.3233;90;7.3233;3.3013;3.2993;0.002;13.15;1.7;0;0.0049;3.2858;0.0002;0;0.0019;3.2928;3.2928;0;0.0049;0;0;0;1;1;1;1;0;0;0;0;0;0;0;0;0;0;0;0;0;0;0;0;0;0;0;0;0;0;0;0;0;0;0;0;0;0;0;0;0;0;0;0;1;1;1;1;1;1;1;1;1;1;1;0;1;0;0;1;0;0;0;0;0;0;0;0;0;0;0;0.0004;0.088;0;-0.0884;0;0;0;0;0;0;0;0;0;0;0;0;0;0;0;0;0;0;0;-13.15;0;0;0;0;0.0004;0;0;0;0;0;0;0;-0.0004;-0.0884;0;0;0;0;0;0;0;0;0;-0.7063;0;0.7063;1;1;0;0;0;0
03/06/21 17:00;0;0;90;0;0;90;0;0;0;0;12.69;1.9199;0;0;0;0;0;0;0;0;0;0;0;0;0;1;1;1;1;0;0;0;0;0;0;0;0;0;0;0;0;0;0;0;0;0;0;0;0;0;0;0;0;0;0;0;0;0;0;0;0;0;0;0;1;1;1;1;1;1;1;1;1;1;1;1;1;1;1;1;1;1;1;0;0;0;0;0;0;0;0;0;0.0004;0.088;0;-0.0884;0;0;0;0;0;0;0;0;0;0;0;0;0;0;0;0;0;0;0;-12.69;0;0;0;0;0.0004;0;0;0;0;0;0;0;-0.0004;-0.0884;0;0;0;0;0;0;0;0;0;-0.7063;0;0.7063;1;1;0;0;0;0
03/06/21 18:00;0;0;90;0;0;90;0;0;0;0;12.3;2.0899;0;0;0;0;0;0;0;0;0;0;0;0;0;1;1;1;1;0;0;0;0;0;0;0;0;0;0;0;0;0;0;0;0;0;0;0;0;0;0;0;0;0;0;0;0;0;0;0;0;0;0;0;1;1;1;1;1;1;1;1;1;1;1;1;1;1;1;1;1;1;1;0;0;0;0;0;0;0;0;0;0.0004;0.088;0;-0.0884;0;0;0;0;0;0;0;0;0;0;0;0;0;0;0;0;0;0;0;-12.3;0;0;0;0;0.0004;0;0;0;0;0;0;0;-0.0004;-0.0884;0;0;0;0;0;0;0;0;0;-0.7063;0;0.7063;1;1;0;0;0;0
03/06/21 19:00;0;0;90;0;0;90;0;0;0;0;11.9;2.1699;0;0;0;0;0;0;0;0;0;0;0;0;0;1;1;1;1;0;0;0;0;0;0;0;0;0;0;0;0;0;0;0;0;0;0;0;0;0;0;0;0;0;0;0;0;0;0;0;0;0;0;0;1;1;1;1;1;1;1;1;1;1;1;1;1;1;1;1;1;1;1;0;0;0;0;0;0;0;0;0;0.0004;0.088;0;-0.0884;0;0;0;0;0;0;0;0;0;0;0;0;0;0;0;0;0;0;0;-11.9;0;0;0;0;0.0004;0;0;0;0;0;0;0;-0.0004;-0.0884;0;0;0;0;0;0;0;0;0;-0.7063;0;0.7063;1;1;0;0;0;0
03/06/21 20:00;0;0;90;0;0;90;0;0;0;0;11.6;2.33;0;0;0;0;0;0;0;0;0;0;0;0;0;1;1;1;1;0;0;0;0;0;0;0;0;0;0;0;0;0;0;0;0;0;0;0;0;0;0;0;0;0;0;0;0;0;0;0;0;0;0;0;1;1;1;1;1;1;1;1;1;1;1;1;1;1;1;1;1;1;1;0;0;0;0;0;0;0;0;0;0.0004;0.088;0;-0.0884;0;0;0;0;0;0;0;0;0;0;0;0;0;0;0;0;0;0;0;-11.6;0;0;0;0;0.0004;0;0;0;0;0;0;0;-0.0004;-0.0884;0;0;0;0;0;0;0;0;0;-0.7063;0;0.7063;1;1;0;0;0;0
03/06/21 21:00;0;0;90;0;0;90;0;0;0;0;11.3;2.74;0;0;0;0;0;0;0;0;0;0;0;0;0;1;1;1;1;0;0;0;0;0;0;0;0;0;0;0;0;0;0;0;0;0;0;0;0;0;0;0;0;0;0;0;0;0;0;0;0;0;0;0;1;1;1;1;1;1;1;1;1;1;1;1;1;1;1;1;1;1;1;0;0;0;0;0;0;0;0;0;0.0004;0.088;0;-0.0884;0;0;0;0;0;0;0;0;0;0;0;0;0;0;0;0;0;0;0;-11.3;0;0;0;0;0.0004;0;0;0;0;0;0;0;-0.0004;-0.0884;0;0;0;0;0;0;0;0;0;-0.7063;0;0.7063;1;1;0;0;0;0
03/06/21 22:00;0;0;90;0;0;90;0;0;0;0;11.78;3.1701;0;0;0;0;0;0;0;0;0;0;0;0;0;1;1;1;1;0;0;0;0;0;0;0;0;0;0;0;0;0;0;0;0;0;0;0;0;0;0;0;0;0;0;0;0;0;0;0;0;0;0;0;1;1;1;1;1;1;1;1;1;1;1;1;1;1;1;1;1;1;1;0;0;0;0;0;0;0;0;0;0.0004;0.088;0;-0.0884;0;0;0;0;0;0;0;0;0;0;0;0;0;0;0;0;0;0;0;-11.78;0;0;0;0;0.0004;0;0;0;0;0;0;0;-0.0004;-0.0884;0;0;0;0;0;0;0;0;0;-0.7063;0;0.7063;1;1;0;0;0;0
03/06/21 23:00;0;0;90;0;0;90;0;0;0;0;11.5;3.2601;0;0;0;0;0;0;0;0;0;0;0;0;0;1;1;1;1;0;0;0;0;0;0;0;0;0;0;0;0;0;0;0;0;0;0;0;0;0;0;0;0;0;0;0;0;0;0;0;0;0;0;0;1;1;1;1;1;1;1;1;1;1;1;1;1;1;1;1;1;1;1;0;0;0;0;0;0;0;0;0;0.0004;0.088;0;-0.0884;0;0;0;0;0;0;0;0;0;0;0;0;0;0;0;0;0;0;0;-11.5;0;0;0;0;0.0004;0;0;0;0;0;0;0;-0.0004;-0.0884;0;0;0;0;0;0;0;0;0;-0.7063;0;0.7063;1;1;0;0;0;0
04/06/21 00:00;0;0;90;0;0;90;0;0;0;0;11.4;3.32;0;0;0;0;0;0;0;0;0;0;0;0;0;1;1;1;1;0;0;0;0;0;0;0;0;0;0;0;0;0;0;0;0;0;0;0;0;0;0;0;0;0;0;0;0;0;0;0;0;0;0;0;1;1;1;1;1;1;1;1;1;1;1;1;1;1;1;1;1;1;1;0;0;0;0;0;0;0;0;0;0.0004;0.088;0;-0.0884;0;0;0;0;0;0;0;0;0;0;0;0;0;0;0;0;0;0;0;-11.4;0;0;0;0;0.0004;0;0;0;0;0;0;0;-0.0004;-0.0884;0;0;0;0;0;0;0;0;0;-0.7063;0;0.7063;1;1;0;0;0;0
04/06/21 01:00;0;0;90;0;0;90;0;0;0;0;11.1;3.2799;0;0;0;0;0;0;0;0;0;0;0;0;0;1;1;1;1;0;0;0;0;0;0;0;0;0;0;0;0;0;0;0;0;0;0;0;0;0;0;0;0;0;0;0;0;0;0;0;0;0;0;0;1;1;1;1;1;1;1;1;1;1;1;1;1;1;1;1;1;1;1;0;0;0;0;0;0;0;0;0;0.0004;0.088;0;-0.0884;0;0;0;0;0;0;0;0;0;0;0;0;0;0;0;0;0;0;0;-11.1;0;0;0;0;0.0004;0;0;0;0;0;0;0;-0.0004;-0.0884;0;0;0;0;0;0;0;0;0;-0.7063;0;0.7063;1;1;0;0;0;0
04/06/21 02:00;0;0;90;0;0;90;0;0;0;0;10.7;3.64;0;0;0;0;0;0;0;0;0;0;0;0;0;1;1;1;1;0;0;0;0;0;0;0;0;0;0;0;0;0;0;0;0;0;0;0;0;0;0;0;0;0;0;0;0;0;0;0;0;0;0;0;1;1;1;1;1;1;1;1;1;1;1;1;1;1;1;1;1;1;1;0;0;0;0;0;0;0;0;0;0.0004;0.088;0;-0.0884;0;0;0;0;0;0;0;0;0;0;0;0;0;0;0;0;0;0;0;-10.7;0;0;0;0;0.0004;0;0;0;0;0;0;0;-0.0004;-0.0884;0;0;0;0;0;0;0;0;0;-0.7063;0;0.7063;1;1;0;0;0;0
04/06/21 03:00;0;0;90;0;0;90;0;0;0;0;10.36;4.02;0;0;0;0;0;0;0;0;0;0;0;0;0;1;1;1;1;0;0;0;0;0;0;0;0;0;0;0;0;0;0;0;0;0;0;0;0;0;0;0;0;0;0;0;0;0;0;0;0;0;0;0;1;1;1;1;1;1;1;1;1;1;1;1;1;1;1;1;1;1;1;0;0;0;0;0;0;0;0;0;0.0004;0.088;0;-0.0884;0;0;0;0;0;0;0;0;0;0;0;0;0;0;0;0;0;0;0;-10.36;0;0;0;0;0.0004;0;0;0;0;0;0;0;-0.0004;-0.0884;0;0;0;0;0;0;0;0;0;-0.7063;0;0.7063;1;1;0;0;0;0
04/06/21 04:00;0;0;90;0;0;90;0;0;0;0;10;4.27;0;0;0;0;0;0;0;0;0;0;0;0;0;1;1;1;1;0;0;0;0;0;0;0;0;0;0;0;0;0;0;0;0;0;0;0;0;0;0;0;0;0;0;0;0;0;0;0;0;0;0;0;1;1;1;1;1;1;1;1;1;1;1;1;1;1;1;1;1;1;1;0;0;0;0;0;0;0;0;0;0.0004;0.088;0;-0.0884;0;0;0;0;0;0;0;0;0;0;0;0;0;0;0;0;0;0;0;-10;0;0;0;0;0.0004;0;0;0;0;0;0;0;-0.0004;-0.0884;0;0;0;0;0;0;0;0;0;-0.7063;0;0.7063;1;1;0;0;0;0
04/06/21 05:00;0;0;90;0;0;90;0;0;0;0;9.7002;4.3701;0;0;0;0;0;0;0;0;0;0;0;0;0;1;1;1;1;0;0;0;0;0;0;0;0;0;0;0;0;0;0;0;0;0;0;0;0;0;0;0;0;0;0;0;0;0;0;0;0;0;0;0;1;1;1;1;1;1;1;1;1;1;1;1;1;1;1;1;1;1;1;0;0;0;0;0;0;0;0;0;0.0004;0.088;0;-0.0884;0;0;0;0;0;0;0;0;0;0;0;0;0;0;0;0;0;0;0;-9.7002;0;0;0;0;0.0004;0;0;0;0;0;0;0;-0.0004;-0.0884;0;0;0;0;0;0;0;0;0;-0.7063;0;0.7063;1;1;0;0;0;0
04/06/21 06:00;0;0;90;0;0;90;0;0;0;0;9.7002;3.9701;0;0;0;0;0;0;0;0;0;0;0;0;0;1;1;1;1;0;0;0;0;0;0;0;0;0;0;0;0;0;0;0;0;0;0;0;0;0;0;0;0;0;0;0;0;0;0;0;0;0;0;0;1;1;1;1;1;1;1;1;1;1;1;1;1;1;1;1;1;1;1;0;0;0;0;0;0;0;0;0;0.0004;0.088;0;-0.0884;0;0;0;0;0;0;0;0;0;0;0;0;0;0;0;0;0;0;0;-9.7002;0;0;0;0;0.0004;0;0;0;0;0;0;0;-0.0004;-0.0884;0;0;0;0;0;0;0;0;0;-0.7063;0;0.7063;1;1;0;0;0;0
04/06/21 07:00;5.0199;-57.906;77.748;5.9195;8.5652;-90;-8.5652;10.51;10.397;0.1128;9.5998;4.1;0;0.2737;10.329;0.0245;0;0.0082;10.635;0;10.635;0.2737;0.0245;10.329;0.0082;0.0257;0.972;0;0.0008;10.57;0.0647;0;0;0.0578;0.0068;10.057;0.5029;0.0683;0.0061;0.4281;0.0003;10.56;0.0106;0.0003;0;0.0103;0;10.058;0.2051;0.0184;9.8325;0.0011;6.1718;5.3139;1.308;0.0016;0.051;0.7335;0.0012;0.7829;0;1;0;0;1.0119;0.9939;1;1;0.9944;0.1659;0.9524;0.7501;1;0.9583;0.7755;0.999;0.999;1;0.999;0.999;0.9456;0.952;0.1285;0.0319;0.0318;0.0002;0.0062;-0.0017;0.0002;0.0007;0.0001;0;0;0.088;0;-0.065;0;0;0;0;0;0;0;0;0;0;0;0;0.0005;0;0.0256;0.0256;0;10.021;10.021;0.421;0.0419;25.511;1002.2;1;0.0026;0.0026;0;0;0;0;0;0;0.023;-0.065;0;15.251;17.66;-38.775;-44.9;89.931;89.931;0.2552;0.2043;-0.5195;0.0509;0.7239;0.1994;2.836;0;6.1712;0;0
04/06/21 08:00;14.508;-48.304;52.586;19.114;33.462;-90;-33.462;39.597;39.1;0.4965;9.7999;4.3701;0;1.2041;35.806;0.1416;0;0.4594;37.611;0;37.611;1.2041;0.1416;35.806;0.4594;0.032;0.9642;0;0.0122;35.31;2.3017;0;0;1.8922;0.4095;34.15;1.1245;0.0194;0.0023;1.0952;0.0076;35.274;0.0353;0.0012;0.0001;0.0339;0;34.298;1.1835;0.1392;32.785;0.0423;24.199;20.835;5.4969;0.7905;0.2269;3.2645;0.148;2.701;0;1;0;0;0.9499;0.9388;1;1;0.9472;0.1086;0.9681;0.9839;1;0.9677;0.8477;0.999;0.999;1;0.999;0.999;0.908;0.9156;0.092;0.1129;0.1102;0.0007;0.0118;-0.0056;0.0007;0.0026;0.0006;0;0;0.088;0;0.0046;0;0;0;0;0;0;0;0;0;0;0;0;0.0021;0.0001;0.0973;0.0973;0;11.201;11.201;1.4011;0.041;92.392;1052.9;1;0.0047;0.0047;0;0;0;0;0;0;0.0926;0.0046;0;16.408;19;0.7772;0.9;95.195;95.195;0.9027;0.7775;0.0368;0.1252;0.7407;0.1387;0.8205;0.0408;24.196;0.0383;0
04/06/21 09:00;22.799;-36.574;47.761;35.2;54.8;-90;-54.8;106.5;104.3;2.1999;10.67;5.3;0;3.8164;81.861;0.7742;0;3.1578;89.61;0;89.61;3.8164;0.7742;81.861;3.1578;0.0426;0.9488;0;0.0352;77.617;11.993;0;0;9.0345;2.9585;75.002;2.5367;0.0436;0.0088;2.4759;0.0085;77.539;0.0776;0.0038;0.0008;0.0728;0.0002;76.272;3.7691;0.7646;70.278;0.1906;67.964;58.517;16.99;9.9212;1.0371;14.919;1.2694;6.0349;0;1;0;0;0.8414;0.8662;1;1;0.8896;0.0631;0.9673;0.9886;1;0.966;0.9574;0.999;0.999;1;0.999;0.999;0.837;0.8585;0.0603;0.2691;0.2612;0.0016;0.0165;-0.0107;0.0018;0.0063;0.0029;0;0;0.088;0;0.1427;0;0;0;0;0;0;0;0;0;0;0;0;0.0051;0.0003;0.2375;0.2375;0;13.725;13.725;3.0544;0.0407;221.01;1074.7;1;0.0069;0.0069;0;0;0;0;0;0;0.2307;0.1427;0;16.815;19.471;10.098;11.694;97.104;97.104;2.1506;1.8983;1.1401;0.2523;0.7583;0.1173;0.3526;0.5301;67.202;0.4714;0
04/06/21 10:00;28.886;-22.729;53.861;54.995;35.005;-90;-35.005;64.503;63.998;0.505;11.06;6.5301;0;0.6165;58.164;0.0616;0;0.8168;59.659;0;59.659;0.6165;0.0616;58.164;0.8168;0.0103;0.9886;0;0.0137;55.626;4.0329;0;0;3.2996;0.7334;53.777;1.7934;0.0113;0.0011;1.7692;0.0116;55.57;0.0556;0.0006;0.0001;0.0549;0.0001;54.047;0.6045;0.0604;53.04;0.0717;40.048;34.481;9.1873;1.4992;0.3821;5.497;0.2702;4.3799;0;1;0;0;0.9249;0.9324;1;1;0.9433;0.1021;0.9677;0.9816;1;0.9677;0.8604;0.999;0.999;1;0.999;0.999;0.9014;0.9119;0.0878;0.1792;0.1744;0.001;0.0144;-0.0075;0.0012;0.0041;0.001;0;0;0.088;0;0.0625;0;0;0;0;0;0;0;0;0;0;0;0;0.0033;0.0002;0.1566;0.1566;0;13.258;13.258;2.1975;0.0409;147.32;1063.3;1;0.0062;0.0062;0;0;0;0;0;0;0.1505;0.0625;0;16.656;19.287;6.6409;7.69;96.05;96.05;1.4318;1.2519;0.4991;0.1799;0.7527;0.1257;0.5257;0.3486;39.77;0.3261;0
04/06/21 11:00;32.054;-7.0653;57.258;78.887;11.113;-90;-11.113;80.404;79.597;0.8074;11.12;7.12;0;0.8228;78.76;0.093;0;0.1055;79.782;0;79.782;0.8228;0.093;78.76;0.1055;0.0103;0.9885;0;0.0013;79.013;0.7684;0;0;0.6804;0.088;75.771;3.1629;0.0223;0.0025;3.1341;0.0039;78.934;0.079;0.0008;0.0001;0.0781;0;75.791;0.7997;0.0904;74.868;0.0136;47.87;41.216;10.239;0.0341;0.3908;5.6212;0.0192;5.9779;0;1;0;0;0.9923;0.9904;1;1;0.9914;0.1665;0.9599;0.9728;1;0.9598;0.7752;0.999;0.999;1;0.999;0.999;0.9497;0.9506;0.1289;0.2396;0.2401;0.0014;0.0161;-0.0095;0.0016;0.0058;0.0011;0;0;0.088;0;0.124;0;0;0;0;0;0;0;0;0;0;0;0;0.0046;0.0003;0.2187;0.2187;0;14.207;14.207;3.0867;0.0407;203.79;1073.2;1;0.0067;0.0067;0;0;0;0;0;0;0.212;0.124;0;17.39;20.138;9.8581;11.415;96.923;96.923;1.9148;1.7479;0.9909;0.1668;0.7571;0.0871;0.3954;0.5175;47.347;0.4916;0
04/06/21 12:00;31.816;9.2721;56.997;75.442;14.558;90;14.558;299.6;240.8;58.802;12.23;7.3101;0;60.752;217.02;20.913;0;0.6733;299.36;0;299.36;60.752;20.913;217.02;0.6733;0.2029;0.7272;0;0.0022;295.83;3.5236;0;0;2.9609;0.5627;285.25;10.292;1.5986;0.5503;8.1178;0.0249;295.54;0.2958;0.0608;0.0209;0.2141;0.0001;285.39;59.093;20.341;205.73;0.0857;177.4;152.74;38.395;0.2524;1.4271;20.528;0.1468;21.703;0;1;0;0;0.9992;0.9882;1;1;0.9864;0.1644;0.9652;0.9737;1;0.962;0.775;0.999;0.999;1;0.999;0.999;0.9529;0.948;0.1273;0.899;0.9028;0.0054;0.0147;-0.0038;0.0062;0.022;0.004;0;0;0.088;0;0.7324;0;0;0;0;0;0;0;0;0;0;0;0;0.0177;0.0021;0.8344;0.8344;0;23.805;23.805;11.575;0.0406;771.68;1081.3;1;0.0141;0.0141;0;0;0;0;0;0;0.8204;0.7324;0;17.683;20.476;15.519;17.971;98.311;98.311;7.1846;6.6689;5.853;0.5156;0.816;0.0718;0.1136;0.8147;131.86;0.7749;0
04/06/21 13:00;28.213;24.737;53.162;52.046;37.954;90;37.954;348.59;202.2;146.4;13.3;7.19;0;185.66;138.62;59.846;0;5.1608;389.29;0;389.29;185.66;59.846;138.62;5.1608;0.4769;0.3693;0;0.0133;375.64;13.643;0;0;8.9363;4.7066;366.84;8.4267;3.1702;1.0219;4.183;0.0516;375.27;0.3756;0.1857;0.0598;0.1297;0.0005;368.41;182.31;58.764;125.37;0.4022;189.91;163.51;43.716;4.7167;1.6469;23.69;1.5662;20.62;0;1;0;0;1.1167;0.965;1;1;0.9355;0.088;0.9775;0.9829;1;0.9677;0.8863;0.999;0.999;1;0.999;0.999;0.9423;0.9044;0.0779;1.169;1.1595;0.007;0.0112;0.0132;0.0079;0.028;0.0046;0;0;0.088;0;0.9564;0;0;0;0;0;0;0;0;0;0;0;0;0.0226;0.0033;1.0618;1.0618;0;28.217;28.217;14.917;0.0407;993.22;1069.1;1;0.0174;0.0174;0;0;0;0;0;0;1.0444;0.9564;0;17.303;20.036;15.585;18.047;98.362;98.362;9.3429;8.4859;7.6436;0.857;0.8423;0.0917;0.0902;0.8181;97.055;0.7825;0
04/06/21 14:00;21.783;38.294;46.786;32.817;57.183;90;57.183;160.91;152;8.9097;13.57;6.65;0;16.44;115.07;5.0748;0;5.1591;141.74;0;141.74;16.44;5.0748;115.07;5.1591;0.116;0.8482;0;0.0364;123.36;18.379;0;0;13.534;4.8449;119.48;3.7584;0.1783;0.055;3.5088;0.0163;123.24;0.1234;0.0164;0.0051;0.1015;0.0003;121.54;16.245;5.0147;97.922;0.2975;99.8;85.928;25.034;16.209;1.624;23.361;2.0655;8.7762;0;1;0;0;0.8809;0.8703;1;1;0.8824;0.0609;0.9695;0.9891;1;0.9654;0.948;0.999;0.999;1;0.999;0.999;0.8429;0.851;0.0577;0.4256;0.4153;0.0025;0.018;-0.0099;0.0028;0.01;0.0046;0;0;0.088;0;0.2824;0;0;0;0;0;0;0;0;0;0;0;0;0.0081;0.0006;0.3786;0.3786;0;18.432;18.432;4.8619;0.0407;352.9;1072.9;1;0.0082;0.0082;0;0;0;0;0;0;0.3704;0.2824;0;16.945;19.622;12.64;14.637;97.836;97.836;3.4018;3.0259;2.2571;0.3759;0.7688;0.1105;0.226;0.6635;96.967;0.5906;0
04/06/21 15:00;13.246;49.751;56.239;17.141;28.485;90;28.485;195.6;102.9;92.701;13.6;4.9;0;224.83;67.196;76.089;0;1.6576;369.77;0;369.77;224.83;76.089;67.196;1.6576;0.608;0.1862;0;0.0045;365.57;4.2012;0;0;2.7549;1.4463;355.81;9.3943;5.4145;1.8325;2.1078;0.0395;365.2;0.3656;0.2248;0.0761;0.0644;0.0002;355.99;219.19;74.18;62.269;0.1716;44.447;38.269;9.9635;0.8503;0.3864;5.5581;0.1837;5.0942;0;1;0;0;1.8904;0.9886;1;1;0.959;0.1275;0.9743;0.9759;1;0.9673;0.813;0.999;0.999;1;0.999;0.999;0.9622;0.9267;0.1035;1.1104;1.0839;0.0065;0.0123;0.0118;0.0074;0.0261;0.0011;0;0;0.088;0;0.8903;0;0;0;0;0;0;0;0;0;0;0;0;0.0211;0.0029;0.9947;0.9947;0;28.069;28.069;14.469;0.0407;929.57;1070.1;1;0.0164;0.0164;0;0;0;0;0;0;0.9783;0.8903;0;17.065;19.761;15.274;17.688;98.352;98.352;8.8745;7.9499;7.1156;0.9245;0.8343;0.1042;0.094;0.8018;43.839;0.7929;0
04/06/21 16:00;4.2946;58.543;79.536;5.031;7.2487;90;7.2487;29.595;28.903;0.692;12.09;3.63;0;1.6783;28.587;0.4882;0;0.0166;30.77;0;30.77;1.6783;0.4882;28.587;0.0166;0.0545;0.9296;0;0.0005;30.634;0.1359;0;0;0.1221;0.0138;28.735;1.8681;0.5111;0.1487;1.2077;0.0006;30.603;0.0306;0.0017;0.0005;0.0285;0;28.737;1.1655;0.339;27.229;0.0021;17.04;14.672;3.6074;0.0022;0.1409;2.0267;0.002;2.1655;0;1;0;0;1.0397;0.9956;1;1;0.9957;0.1644;0.939;0.6951;1;0.9575;0.7755;0.999;0.999;1;0.999;0.999;0.9339;0.9525;0.1274;0.0924;0.0908;0.0005;0.0107;-0.0039;0.0006;0.0021;0.0004;0;0;0.088;0;-0.0134;0;0;0;0;0;0;0;0;0;0;0;0;0.0017;0.0001;0.0787;0.0787;0;13.274;13.274;1.1839;0.0412;75.951;1036.2;1;0.0041;0.0041;0;0;0;0;0;0;0.0746;-0.0134;0;16.225;18.789;-2.7538;-3.1888;94.842;94.842;0.7385;0.629;-0.1068;0.1095;0.7357;0.1483;0.9963;0;17.036;0;0
04/06/21 17:00;0;0;90;0;0;90;0;0;0;0;10.4;3.7;0;0;0;0;0;0;0;0;0;0;0;0;0;1;1;1;1;0;0;0;0;0;0;0;0;0;0;0;0;0;0;0;0;0;0;0;0;0;0;0;0;0;0;0;0;0;0;0;0;0;0;0;1;1;1;1;1;1;1;1;1;1;1;1;1;1;1;1;1;1;1;0;0;0;0;0;0;0;0;0;0.0004;0.088;0;-0.0884;0;0;0;0;0;0;0;0;0;0;0;0;0;0;0;0;0;0;0;-10.4;0;0;0;0;0.0004;0;0;0;0;0;0;0;-0.0004;-0.0884;0;0;0;0;0;0;0;0;0;-0.7063;0;0.7063;1;1;0;0;0;0
04/06/21 18:00;0;0;90;0;0;90;0;0;0;0;10.31;3.62;0;0;0;0;0;0;0;0;0;0;0;0;0;1;1;1;1;0;0;0;0;0;0;0;0;0;0;0;0;0;0;0;0;0;0;0;0;0;0;0;0;0;0;0;0;0;0;0;0;0;0;0;1;1;1;1;1;1;1;1;1;1;1;1;1;1;1;1;1;1;1;0;0;0;0;0;0;0;0;0;0.0004;0.088;0;-0.0884;0;0;0;0;0;0;0;0;0;0;0;0;0;0;0;0;0;0;0;-10.31;0;0;0;0;0.0004;0;0;0;0;0;0;0;-0.0004;-0.0884;0;0;0;0;0;0;0;0;0;-0.7063;0;0.7063;1;1;0;0;0;0
04/06/21 19:00;0;0;90;0;0;90;0;0;0;0;9.4197;3.54;0;0;0;0;0;0;0;0;0;0;0;0;0;1;1;1;1;0;0;0;0;0;0;0;0;0;0;0;0;0;0;0;0;0;0;0;0;0;0;0;0;0;0;0;0;0;0;0;0;0;0;0;1;1;1;1;1;1;1;1;1;1;1;1;1;1;1;1;1;1;1;0;0;0;0;0;0;0;0;0;0.0004;0.088;0;-0.0884;0;0;0;0;0;0;0;0;0;0;0;0;0;0;0;0;0;0;0;-9.4197;0;0;0;0;0.0004;0;0;0;0;0;0;0;-0.0004;-0.0884;0;0;0;0;0;0;0;0;0;-0.7063;0;0.7063;1;1;0;0;0;0
04/06/21 20:00;0;0;90;0;0;90;0;0;0;0;8.4099;3.4399;0;0;0;0;0;0;0;0;0;0;0;0;0;1;1;1;1;0;0;0;0;0;0;0;0;0;0;0;0;0;0;0;0;0;0;0;0;0;0;0;0;0;0;0;0;0;0;0;0;0;0;0;1;1;1;1;1;1;1;1;1;1;1;1;1;1;1;1;1;1;1;0;0;0;0;0;0;0;0;0;0.0004;0.088;0;-0.0884;0;0;0;0;0;0;0;0;0;0;0;0;0;0;0;0;0;0;0;-8.4099;0;0;0;0;0.0004;0;0;0;0;0;0;0;-0.0004;-0.0884;0;0;0;0;0;0;0;0;0;-0.7063;0;0.7063;1;1;0;0;0;0
04/06/21 21:00;0;0;90;0;0;90;0;0;0;0;7.4998;3.2501;0;0;0;0;0;0;0;0;0;0;0;0;0;1;1;1;1;0;0;0;0;0;0;0;0;0;0;0;0;0;0;0;0;0;0;0;0;0;0;0;0;0;0;0;0;0;0;0;0;0;0;0;1;1;1;1;1;1;1;1;1;1;1;1;1;1;1;1;1;1;1;0;0;0;0;0;0;0;0;0;0.0004;0.088;0;-0.0884;0;0;0;0;0;0;0;0;0;0;0;0;0;0;0;0;0;0;0;-7.4998;0;0;0;0;0.0004;0;0;0;0;0;0;0;-0.0004;-0.0884;0;0;0;0;0;0;0;0;0;-0.7063;0;0.7063;1;1;0;0;0;0
04/06/21 22:00;0;0;90;0;0;90;0;0;0;0;6.5;2.8601;0;0;0;0;0;0;0;0;0;0;0;0;0;1;1;1;1;0;0;0;0;0;0;0;0;0;0;0;0;0;0;0;0;0;0;0;0;0;0;0;0;0;0;0;0;0;0;0;0;0;0;0;1;1;1;1;1;1;1;1;1;1;1;1;1;1;1;1;1;1;1;0;0;0;0;0;0;0;0;0;0.0004;0.088;0;-0.0884;0;0;0;0;0;0;0;0;0;0;0;0;0;0;0;0;0;0;0;-6.5;0;0;0;0;0.0004;0;0;0;0;0;0;0;-0.0004;-0.0884;0;0;0;0;0;0;0;0;0;-0.7063;0;0.7063;1;1;0;0;0;0
04/06/21 23:00;0;0;90;0;0;90;0;0;0;0;5.0601;2.59;0;0;0;0;0;0;0;0;0;0;0;0;0;1;1;1;1;0;0;0;0;0;0;0;0;0;0;0;0;0;0;0;0;0;0;0;0;0;0;0;0;0;0;0;0;0;0;0;0;0;0;0;1;1;1;1;1;1;1;1;1;1;1;1;1;1;1;1;1;1;1;0;0;0;0;0;0;0;0;0;0.0004;0.088;0;-0.0884;0;0;0;0;0;0;0;0;0;0;0;0;0;0;0;0;0;0;0;-5.0601;0;0;0;0;0.0004;0;0;0;0;0;0;0;-0.0004;-0.0884;0;0;0;0;0;0;0;0;0;-0.7063;0;0.7063;1;1;0;0;0;0
05/06/21 00:00;0;0;90;0;0;90;0;0;0;0;3.3397;2.3801;0;0;0;0;0;0;0;0;0;0;0;0;0;1;1;1;1;0;0;0;0;0;0;0;0;0;0;0;0;0;0;0;0;0;0;0;0;0;0;0;0;0;0;0;0;0;0;0;0;0;0;0;1;1;1;1;1;1;1;1;1;1;1;1;1;1;1;1;1;1;1;0;0;0;0;0;0;0;0;0;0.0004;0.088;0;-0.0884;0;0;0;0;0;0;0;0;0;0;0;0;0;0;0;0;0;0;0;-3.3397;0;0;0;0;0.0004;0;0;0;0;0;0;0;-0.0004;-0.0884;0;0;0;0;0;0;0;0;0;-0.7063;0;0.7063;1;1;0;0;0;0
05/06/21 01:00;0;0;90;0;0;90;0;0;0;0;2.3898;2.0701;0;0;0;0;0;0;0;0;0;0;0;0;0;1;1;1;1;0;0;0;0;0;0;0;0;0;0;0;0;0;0;0;0;0;0;0;0;0;0;0;0;0;0;0;0;0;0;0;0;0;0;0;1;1;1;1;1;1;1;1;1;1;1;1;1;1;1;1;1;1;1;0;0;0;0;0;0;0;0;0;0.0004;0.088;0;-0.0884;0;0;0;0;0;0;0;0;0;0;0;0;0;0;0;0;0;0;0;-2.3898;0;0;0;0;0.0004;0;0;0;0;0;0;0;-0.0004;-0.0884;0;0;0;0;0;0;0;0;0;-0.7063;0;0.7063;1;1;0;0;0;0
05/06/21 02:00;0;0;90;0;0;90;0;0;0;0;1.2603;1.62;0;0;0;0;0;0;0;0;0;0;0;0;0;1;1;1;1;0;0;0;0;0;0;0;0;0;0;0;0;0;0;0;0;0;0;0;0;0;0;0;0;0;0;0;0;0;0;0;0;0;0;0;1;1;1;1;1;1;1;1;1;1;1;1;1;1;1;1;1;1;1;0;0;0;0;0;0;0;0;0;0.0004;0.088;0;-0.0884;0;0;0;0;0;0;0;0;0;0;0;0;0;0;0;0;0;0;0;-1.2603;0;0;0;0;0.0004;0;0;0;0;0;0;0;-0.0004;-0.0884;0;0;0;0;0;0;0;0;0;-0.7063;0;0.7063;1;1;0;0;0;0
05/06/21 03:00;0;0;90;0;0;90;0;0;0;0;0.7199;1.56;0;0;0;0;0;0;0;0;0;0;0;0;0;1;1;1;1;0;0;0;0;0;0;0;0;0;0;0;0;0;0;0;0;0;0;0;0;0;0;0;0;0;0;0;0;0;0;0;0;0;0;0;1;1;1;1;1;1;1;1;1;1;1;1;1;1;1;1;1;1;1;0;0;0;0;0;0;0;0;0;0.0004;0.088;0;-0.0884;0;0;0;0;0;0;0;0;0;0;0;0;0;0;0;0;0;0;0;-0.7199;0;0;0;0;0.0004;0;0;0;0;0;0;0;-0.0004;-0.0884;0;0;0;0;0;0;0;0;0;-0.7063;0;0.7063;1;1;0;0;0;0
05/06/21 04:00;0;0;90;0;0;90;0;0;0;0;0.7903;1.55;0;0;0;0;0;0;0;0;0;0;0;0;0;1;1;1;1;0;0;0;0;0;0;0;0;0;0;0;0;0;0;0;0;0;0;0;0;0;0;0;0;0;0;0;0;0;0;0;0;0;0;0;1;1;1;1;1;1;1;1;1;1;1;1;1;1;1;1;1;1;1;0;0;0;0;0;0;0;0;0;0.0004;0.088;0;-0.0884;0;0;0;0;0;0;0;0;0;0;0;0;0;0;0;0;0;0;0;-0.7903;0;0;0;0;0.0004;0;0;0;0;0;0;0;-0.0004;-0.0884;0;0;0;0;0;0;0;0;0;-0.7063;0;0.7063;1;1;0;0;0;0
05/06/21 05:00;0;0;90;0;0;90;0;0;0;0;0.3702;1.7;0;0;0;0;0;0;0;0;0;0;0;0;0;1;1;1;1;0;0;0;0;0;0;0;0;0;0;0;0;0;0;0;0;0;0;0;0;0;0;0;0;0;0;0;0;0;0;0;0;0;0;0;1;1;1;1;1;1;1;1;1;1;1;1;1;1;1;1;1;1;1;0;0;0;0;0;0;0;0;0;0.0004;0.088;0;-0.0884;0;0;0;0;0;0;0;0;0;0;0;0;0;0;0;0;0;0;0;-0.3702;0;0;0;0;0.0004;0;0;0;0;0;0;0;-0.0004;-0.0884;0;0;0;0;0;0;0;0;0;-0.7063;0;0.7063;1;1;0;0;0;0
05/06/21 06:00;0;0;90;0;0;90;0;0;0;0;-0.5;1.7699;0;0;0;0;0;0;0;0;0;0;0;0;0;1;1;1;1;0;0;0;0;0;0;0;0;0;0;0;0;0;0;0;0;0;0;0;0;0;0;0;0;0;0;0;0;0;0;0;0;0;0;0;1;1;1;1;1;1;1;1;1;1;1;1;1;1;1;1;1;1;1;0;0;0;0;0;0;0;0;0;0.0004;0.088;0;-0.0884;0;0;0;0;0;0;0;0;0;0;0;0;0;0;0;0;0;0;0;0.5;0;0;0;0;0.0004;0;0;0;0;0;0;0;-0.0004;-0.0884;0;0;0;0;0;0;0;0;0;-0.7063;0;0.7063;1;1;0;0;0;0
05/06/21 07:00;4.9189;-57.849;77.997;5.8043;8.3935;-90;-8.3935;54.697;24.998;29.699;-0.6502;2.04;0;72.028;18.372;15.83;0;0.041;106.27;0;106.27;72.028;15.83;18.372;0.041;0.6778;0.1733;0;0.0004;106.14;0.1337;0;0;0.0995;0.0342;82.723;23.309;18.482;4.0618;0.7635;0.0015;106.03;0.1061;0.072;0.0158;0.0183;0;82.725;53.475;11.752;17.491;0.0053;11.15;9.6005;2.385;0.0027;0.0907;1.3044;0.002;1.3925;0;1;0;0;1.9429;0.9987;1;1;0.9946;0.1658;0.7802;0.7432;1;0.9582;0.7755;0.999;0.999;1;0.999;0.999;0.7784;0.952;0.1285;0.3191;0.2519;0.0015;0.0163;-0.0204;0.0018;0.0063;0.0003;0;0;0.088;0;0.1453;0;0;0;0;0;0;0;0;0;0;0;0;0.0051;0.0003;0.2407;0.2407;0;2.6835;2.6835;3.3337;0.0403;213.62;1127;1;0.0074;0.0074;0;0;0;0;0;0;0.2333;0.1453;0;14.37;16.64;8.6738;10.044;96.914;96.914;2.5505;1.924;1.1613;0.6265;0.7627;0.2457;0.299;0.4553;10.973;0.4512;0
05/06/21 08:00;14.401;-48.259;52.902;18.99;33.119;-90;-33.119;193;56.202;136.8;3.2001;2.1501;0;331.78;30.226;56.52;0;2.1949;420.72;0;420.72;331.78;56.52;30.226;2.1949;0.7886;0.0771;0;0.0052;417.19;3.5249;0;0;1.5716;1.9533;409.36;7.4166;5.514;0.9393;0.9258;0.0374;416.78;0.4172;0.3318;0.0565;0.0287;0.0002;409.48;325.93;55.524;27.7;0.204;21.157;18.216;4.8866;0.6445;0.1902;2.7353;0.1217;2.2809;0;1;0;0;2.1799;0.9916;1;1;0.948;0.1101;0.9822;0.9834;1;0.9677;0.8451;0.999;0.999;1;0.999;0.999;0.973;0.9164;0.0929;1.2634;1.2391;0.0075;0.01;-0.023;0.0087;0.0309;0.0005;0;0;0.088;0;1.0681;0;0;0;0;0;0;0;0;0;0;0;0;0.0249;0.0037;1.1758;1.1758;0;19.717;19.717;16.517;0.0403;1060.6;1108.7;1;0.0197;0.0197;0;0;0;0;0;0;1.1561;1.0681;0;17.729;20.53;16.104;18.649;98.321;98.321;10.097;9.397;8.5359;0.7002;0.861;0.0693;0.0853;0.8454;20.373;0.8413;0
05/06/21 09:00;22.686;-36.546;47.836;35.068;54.932;-90;-54.932;337.5;80.103;257.4;6.5997;2.21;0;447.99;31.336;70.142;0;10.051;559.52;0;559.52;447.99;70.142;31.336;10.051;0.8007;0.074;0;0.018;546.63;12.888;0;0;3.4703;9.4172;539.18;6.911;5.1322;0.8035;0.9481;0.0272;546.09;0.5466;0.448;0.0701;0.0279;0.0006;541.29;442.41;69.269;26.889;0.6061;110.87;95.457;24.395;3.8322;1.1048;15.892;2.1164;13.165;0;1;0;0;1.6578;0.977;1;1;0.8893;0.0631;0.9873;0.9885;1;0.9659;0.9571;0.999;0.999;1;0.999;0.999;0.9636;0.8581;0.0603;1.6802;1.6638;0.01;0.0041;0.0203;0.0114;0.0404;0.0031;0;0;0.088;0;1.4221;0;0;0;0;0;0;0;0;0;0;0;0;0.0326;0.0064;1.5354;1.5354;0;28.486;28.486;21.887;0.0406;1428.9;1074.6;1;0.0253;0.0253;0;0;0;0;0;0;1.5101;1.4221;0;17.408;20.158;16.124;18.671;98.354;98.354;13.429;12.271;11.366;1.1575;0.9053;0.0862;0.0674;0.8464;25.761;0.8288;0
05/06/21 10:00;28.77;-22.727;53.95;54.869;35.131;-90;-35.131;474.2;81.4;392.8;8.1899;2.03;0;480.3;28.467;61.236;0;6.0468;576.04;0;576.04;480.3;61.236;28.467;6.0468;0.8338;0.0599;0;0.0105;568.99;7.0564;0;0;1.624;5.4324;557.41;11.012;8.9236;1.1377;0.8655;0.085;568.42;0.569;0.4803;0.0612;0.0268;0.0006;559.11;470.89;60.037;25.95;0.5288;240.18;206.79;54.449;0.7443;1.798;25.863;1.7053;26.917;0;1;0;0;1.2148;0.9878;1;1;0.9429;0.1016;0.9806;0.9814;1;0.9677;0.8615;0.999;0.999;1;0.999;0.999;0.9676;0.9116;0.0875;1.7299;1.7385;0.0105;0.0032;0.0356;0.0118;0.0419;0.005;0;0;0.088;0;1.4755;0;0;0;0;0;0;0;0;0;0;0;0;0.0338;0.007;1.5897;1.5897;0;30.858;30.858;22.668;0.0407;1492.9;1064.8;1;0.0262;0.0262;0;0;0;0;0;0;1.5635;1.4755;0;17.506;20.272;16.249;18.816;98.355;98.355;13.825;12.705;11.793;1.1202;0.9123;0.081;0.066;0.853;19.484;0.8252;0
05/06/21 11:00;31.941;-7.0956;57.362;78.793;11.207;-90;-11.207;530.09;92.402;437.69;9.08;2.03;0;446.2;34.442;58.749;0;0.7076;540.1;0;540.1;446.2;58.749;34.442;0.7076;0.8261;0.0651;0;0.0013;539.2;0.8916;0;0;0.3018;0.5898;523.4;15.264;12.256;1.6137;1.3684;0.0265;538.67;0.5392;0.4462;0.0587;0.0341;0.0001;523.54;433.5;57.076;32.738;0.0912;308.85;265.92;68.313;0.0156;2.3616;33.971;0.1433;36.317;0;1;0;0;1.0189;0.9983;1;1;0.9912;0.1665;0.9717;0.9725;1;0.9599;0.7752;0.999;0.999;1;0.999;0.999;0.9691;0.9505;0.1289;1.6219;1.6485;0.0099;0.0043;0.031;0.0112;0.0398;0.0066;0;0;0.088;0;1.3947;0;0;0;0;0;0;0;0;0;0;0;0;0.0321;0.0063;1.5073;1.5073;0;30.362;30.362;21.282;0.0407;1414.5;1065.6;1;0.0246;0.0246;0;0;0;0;0;0;1.4827;1.3947;0;17.704;20.5;16.381;18.969;98.37;98.37;12.962;12.046;11.146;0.9162;0.8997;0.0707;0.0694;0.8599;20.71;0.8212;0
05/06/21 12:00;31.713;9.2096;57.111;75.479;14.521;90;14.521;498.89;116.4;382.49;10.35;2.18;0;395.11;51.715;65.956;0;1.1155;513.9;0;513.9;395.11;65.956;51.715;1.1155;0.7689;0.1028;0;0.0022;512.26;1.6347;0;0;0.7025;0.9321;497.48;14.273;10.537;1.7589;1.9358;0.0412;511.75;0.5123;0.3951;0.066;0.051;0.0002;497.73;384.18;64.131;49.025;0.142;288.58;248.47;64.456;0.0598;2.169;31.2;0.2482;33.309;0;1;0;0;1.0301;0.9968;1;1;0.9864;0.1644;0.9721;0.9733;1;0.962;0.775;0.999;0.999;1;0.999;0.999;0.968;0.948;0.1273;1.5432;1.5649;0.0094;0.0054;0.0307;0.0106;0.0377;0.0061;0;0;0.088;0;1.3178;0;0;0;0;0;0;0;0;0;0;0;0;0.0304;0.0057;1.4288;1.4288;0;30.586;30.586;20.236;0.0407;1342.8;1064;1;0.023;0.023;0;0;0;0;0;0;1.4058;1.3178;0;17.638;20.424;16.267;18.837;98.389;98.389;12.334;11.419;10.532;0.9143;0.8873;0.0741;0.0719;0.8539;31.418;0.8168;0
05/06/21 13:00;28.125;24.651;53.278;52.034;37.966;90;37.966;391.71;167.8;223.91;10.73;2.4699;0;284.01;96.322;76.21;0;5.8025;462.34;0;462.34;284.01;76.21;96.322;5.8025;0.6143;0.2209;0;0.0126;450.84;11.505;0;0;6.2126;5.2921;441.2;9.1907;4.909;1.3173;2.9066;0.0579;450.39;0.4508;0.284;0.0762;0.0901;0.0005;442.88;278.81;74.817;87.112;0.452;203.64;175.33;46.772;3.2815;1.6573;23.84;1.6846;22.216;0;1;0;0;1.1803;0.9751;1;1;0.9355;0.088;0.9796;0.9827;1;0.9677;0.8864;0.999;0.999;1;0.999;0.999;0.9543;0.9044;0.0779;1.3884;1.3842;0.0083;0.0079;0.0178;0.0095;0.0335;0.0046;0;0;0.088;0;1.1623;0;0;0;0;0;0;0;0;0;0;0;0;0.027;0.0046;1.2709;1.2709;0;28.658;28.658;17.928;0.0406;1187.1;1070.6;1;0.0206;0.0206;0;0;0;0;0;0;1.2503;1.1623;0;17.437;20.192;15.947;18.467;98.379;98.379;11.096;10.157;9.289;0.9392;0.8679;0.0846;0.0782;0.8371;67.447;0.806;0
05/06/21 14:00;21.712;38.195;46.899;32.78;57.22;90;57.22;218.71;178.2;40.51;10.9;2.5401;0;74.823;126;27.17;0;7.0207;235.02;0;235.02;74.823;27.17;126;7.0207;0.3184;0.566;0;0.0299;213.59;21.427;0;0;14.834;6.5931;208.4;4.9778;0.8162;0.2964;3.8429;0.0223;213.37;0.2136;0.0748;0.0272;0.1112;0.0004;210.9;73.932;26.846;107.21;0.4049;119.6;102.98;29.552;17.79;1.8692;26.887;2.5029;10.966;0;1;0;0;1.0746;0.9088;1;1;0.8823;0.0609;0.9767;0.9891;1;0.9654;0.9478;0.999;0.999;1;0.999;0.999;0.8867;0.8509;0.0577;0.7058;0.6919;0.0042;0.017;-0.0139;0.0048;0.017;0.0053;0;0;0.088;0;0.5431;0;0;0;0;0;0;0;0;0;0;0;0;0.0137;0.0013;0.6425;0.6425;0;19.345;19.345;8.4448;0.0405;590.05;1089;1;0.0114;0.0114;0;0;0;0;0;0;0.6311;0.5431;0;17.344;20.084;14.659;16.975;98.218;98.218;5.6404;5.1352;4.3404;0.5052;0.7948;0.0896;0.1409;0.7695;106.23;0.7088;0
05/06/21 15:00;13.191;49.646;56.396;17.096;28.382;90;28.382;114.8;106.1;8.7064;10.67;1.95;0;21.115;96.854;7.4007;0;0.966;126.34;0;126.34;21.115;7.4007;96.854;0.966;0.1671;0.7743;0;0.0076;121.55;4.7902;0;0;3.9477;0.8424;117.66;3.7627;0.5179;0.1815;3.0401;0.0232;121.42;0.1215;0.0211;0.0074;0.0929;0.0001;117.92;20.576;7.2118;89.773;0.1003;63.203;54.417;14.068;1.2097;0.5559;7.997;0.2623;7.3432;0;1;0;0;1.1004;0.9621;1;1;0.9592;0.1279;0.969;0.9754;1;0.9672;0.8124;0.999;0.999;1;0.999;0.999;0.9313;0.9269;0.1038;0.3794;0.372;0.0022;0.0178;-0.0129;0.0026;0.0091;0.0016;0;0;0.088;0;0.248;0;0;0;0;0;0;0;0;0;0;0;0;0.0073;0.0005;0.3439;0.3439;0;15.447;15.447;4.7765;0.0406;316.92;1085.2;1;0.008;0.008;0;0;0;0;0;0;0.336;0.248;0;17.269;19.998;12.451;14.418;97.688;97.688;3.0321;2.7487;1.9818;0.2834;0.7668;0.0935;0.2529;0.6536;63.145;0.624;0
05/06/21 16:00;4.2513;58.435;79.643;4.9861;7.1826;90;7.1826;15.706;15.499;0.2068;9.4097;2.2499;0;0.5017;15.406;0.0791;0;0.0086;15.995;0;15.995;0.5017;0.0791;15.406;0.0086;0.0314;0.9637;0;0.0005;15.923;0.072;0;0;0.0648;0.0072;15.076;0.8307;0.1546;0.0244;0.6514;0.0003;15.907;0.0159;0.0005;0.0001;0.0153;0;15.077;0.3465;0.0546;14.674;0.0011;9.1809;7.9048;1.9433;0.0011;0.0759;1.0921;0.001;1.1669;0;1;0;0;1.0184;0.9955;1;1;0.9958;0.1644;0.9478;0.6915;1;0.9575;0.7755;0.999;0.999;1;0.999;0.999;0.9426;0.9525;0.1274;0.048;0.0477;0.0003;0.0077;-0.0026;0.0003;0.0011;0.0002;0;0;0.088;0;-0.0511;0;0;0;0;0;0;0;0;0;0;0;0;0.0008;0;0.0399;0.0399;0;10.036;10.036;0.626;0.0415;39.049;1021.3;1;0.003;0.003;0;0;0;0;0;0;0.0369;-0.0511;0;15.818;18.316;-20.264;-23.465;92.538;92.538;0.3839;0.3187;-0.4083;0.0651;0.7271;0.1697;1.894;0;9.1797;0;0
05/06/21 17:00;0;0;90;0;0;90;0;0;0;0;7.2898;2.29;0;0;0;0;0;0;0;0;0;0;0;0;0;1;1;1;1;0;0;0;0;0;0;0;0;0;0;0;0;0;0;0;0;0;0;0;0;0;0;0;0;0;0;0;0;0;0;0;0;0;0;0;1;1;1;1;1;1;1;1;1;1;1;1;1;1;1;1;1;1;1;0;0;0;0;0;0;0;0;0;0.0004;0.088;0;-0.0884;0;0;0;0;0;0;0;0;0;0;0;0;0;0;0;0;0;0;0;-7.2898;0;0;0;0;0.0004;0;0;0;0;0;0;0;-0.0004;-0.0884;0;0;0;0;0;0;0;0;0;-0.7063;0;0.7063;1;1;0;0;0;0
05/06/21 18:00;0;0;90;0;0;90;0;0;0;0;4.7603;2.18;0;0;0;0;0;0;0;0;0;0;0;0;0;1;1;1;1;0;0;0;0;0;0;0;0;0;0;0;0;0;0;0;0;0;0;0;0;0;0;0;0;0;0;0;0;0;0;0;0;0;0;0;1;1;1;1;1;1;1;1;1;1;1;1;1;1;1;1;1;1;1;0;0;0;0;0;0;0;0;0;0.0004;0.088;0;-0.0884;0;0;0;0;0;0;0;0;0;0;0;0;0;0;0;0;0;0;0;-4.7603;0;0;0;0;0.0004;0;0;0;0;0;0;0;-0.0004;-0.0884;0;0;0;0;0;0;0;0;0;-0.7063;0;0.7063;1;1;0;0;0;0
05/06/21 19:00;0;0;90;0;0;90;0;0;0;0;4.4399;2.0799;0;0;0;0;0;0;0;0;0;0;0;0;0;1;1;1;1;0;0;0;0;0;0;0;0;0;0;0;0;0;0;0;0;0;0;0;0;0;0;0;0;0;0;0;0;0;0;0;0;0;0;0;1;1;1;1;1;1;1;1;1;1;1;1;1;1;1;1;1;1;1;0;0;0;0;0;0;0;0;0;0.0004;0.088;0;-0.0884;0;0;0;0;0;0;0;0;0;0;0;0;0;0;0;0;0;0;0;-4.4399;0;0;0;0;0.0004;0;0;0;0;0;0;0;-0.0004;-0.0884;0;0;0;0;0;0;0;0;0;-0.7063;0;0.7063;1;1;0;0;0;0
05/06/21 20:00;0;0;90;0;0;90;0;0;0;0;3.6003;2.0899;0;0;0;0;0;0;0;0;0;0;0;0;0;1;1;1;1;0;0;0;0;0;0;0;0;0;0;0;0;0;0;0;0;0;0;0;0;0;0;0;0;0;0;0;0;0;0;0;0;0;0;0;1;1;1;1;1;1;1;1;1;1;1;1;1;1;1;1;1;1;1;0;0;0;0;0;0;0;0;0;0.0004;0.088;0;-0.0884;0;0;0;0;0;0;0;0;0;0;0;0;0;0;0;0;0;0;0;-3.6003;0;0;0;0;0.0004;0;0;0;0;0;0;0;-0.0004;-0.0884;0;0;0;0;0;0;0;0;0;-0.7063;0;0.7063;1;1;0;0;0;0
05/06/21 21:00;0;0;90;0;0;90;0;0;0;0;3.0997;1.9299;0;0;0;0;0;0;0;0;0;0;0;0;0;1;1;1;1;0;0;0;0;0;0;0;0;0;0;0;0;0;0;0;0;0;0;0;0;0;0;0;0;0;0;0;0;0;0;0;0;0;0;0;1;1;1;1;1;1;1;1;1;1;1;1;1;1;1;1;1;1;1;0;0;0;0;0;0;0;0;0;0.0004;0.088;0;-0.0884;0;0;0;0;0;0;0;0;0;0;0;0;0;0;0;0;0;0;0;-3.0997;0;0;0;0;0.0004;0;0;0;0;0;0;0;-0.0004;-0.0884;0;0;0;0;0;0;0;0;0;-0.7063;0;0.7063;1;1;0;0;0;0
05/06/21 22:00;0;0;90;0;0;90;0;0;0;0;2.2501;1.6899;0;0;0;0;0;0;0;0;0;0;0;0;0;1;1;1;1;0;0;0;0;0;0;0;0;0;0;0;0;0;0;0;0;0;0;0;0;0;0;0;0;0;0;0;0;0;0;0;0;0;0;0;1;1;1;1;1;1;1;1;1;1;1;1;1;1;1;1;1;1;1;0;0;0;0;0;0;0;0;0;0.0004;0.088;0;-0.0884;0;0;0;0;0;0;0;0;0;0;0;0;0;0;0;0;0;0;0;-2.2501;0;0;0;0;0.0004;0;0;0;0;0;0;0;-0.0004;-0.0884;0;0;0;0;0;0;0;0;0;-0.7063;0;0.7063;1;1;0;0;0;0
05/06/21 23:00;0;0;90;0;0;90;0;0;0;0;1.1998;1.56;0;0;0;0;0;0;0;0;0;0;0;0;0;1;1;1;1;0;0;0;0;0;0;0;0;0;0;0;0;0;0;0;0;0;0;0;0;0;0;0;0;0;0;0;0;0;0;0;0;0;0;0;1;1;1;1;1;1;1;1;1;1;1;1;1;1;1;1;1;1;1;0;0;0;0;0;0;0;0;0;0.0004;0.088;0;-0.0884;0;0;0;0;0;0;0;0;0;0;0;0;0;0;0;0;0;0;0;-1.1998;0;0;0;0;0.0004;0;0;0;0;0;0;0;-0.0004;-0.0884;0;0;0;0;0;0;0;0;0;-0.7063;0;0.7063;1;1;0;0;0;0
06/06/21 00:00;0;0;90;0;0;90;0;0;0;0;1.5501;1.5999;0;0;0;0;0;0;0;0;0;0;0;0;0;1;1;1;1;0;0;0;0;0;0;0;0;0;0;0;0;0;0;0;0;0;0;0;0;0;0;0;0;0;0;0;0;0;0;0;0;0;0;0;1;1;1;1;1;1;1;1;1;1;1;1;1;1;1;1;1;1;1;0;0;0;0;0;0;0;0;0;0.0004;0.088;0;-0.0884;0;0;0;0;0;0;0;0;0;0;0;0;0;0;0;0;0;0;0;-1.5501;0;0;0;0;0.0004;0;0;0;0;0;0;0;-0.0004;-0.0884;0;0;0;0;0;0;0;0;0;-0.7063;0;0.7063;1;1;0;0;0;0
06/06/21 01:00;0;0;90;0;0;90;0;0;0;0;2.4602;1.63;0;0;0;0;0;0;0;0;0;0;0;0;0;1;1;1;1;0;0;0;0;0;0;0;0;0;0;0;0;0;0;0;0;0;0;0;0;0;0;0;0;0;0;0;0;0;0;0;0;0;0;0;1;1;1;1;1;1;1;1;1;1;1;1;1;1;1;1;1;1;1;0;0;0;0;0;0;0;0;0;0.0004;0.088;0;-0.0884;0;0;0;0;0;0;0;0;0;0;0;0;0;0;0;0;0;0;0;-2.4602;0;0;0;0;0.0004;0;0;0;0;0;0;0;-0.0004;-0.0884;0;0;0;0;0;0;0;0;0;-0.7063;0;0.7063;1;1;0;0;0;0
06/06/21 02:00;0;0;90;0;0;90;0;0;0;0;3.72;1.46;0;0;0;0;0;0;0;0;0;0;0;0;0;1;1;1;1;0;0;0;0;0;0;0;0;0;0;0;0;0;0;0;0;0;0;0;0;0;0;0;0;0;0;0;0;0;0;0;0;0;0;0;1;1;1;1;1;1;1;1;1;1;1;1;1;1;1;1;1;1;1;0;0;0;0;0;0;0;0;0;0.0004;0.088;0;-0.0884;0;0;0;0;0;0;0;0;0;0;0;0;0;0;0;0;0;0;0;-3.72;0;0;0;0;0.0004;0;0;0;0;0;0;0;-0.0004;-0.0884;0;0;0;0;0;0;0;0;0;-0.7063;0;0.7063;1;1;0;0;0;0
06/06/21 03:00;0;0;90;0;0;90;0;0;0;0;4.3003;1.09;0;0;0;0;0;0;0;0;0;0;0;0;0;1;1;1;1;0;0;0;0;0;0;0;0;0;0;0;0;0;0;0;0;0;0;0;0;0;0;0;0;0;0;0;0;0;0;0;0;0;0;0;1;1;1;1;1;1;1;1;1;1;1;1;1;1;1;1;1;1;1;0;0;0;0;0;0;0;0;0;0.0004;0.088;0;-0.0884;0;0;0;0;0;0;0;0;0;0;0;0;0;0;0;0;0;0;0;-4.3003;0;0;0;0;0.0004;0;0;0;0;0;0;0;-0.0004;-0.0884;0;0;0;0;0;0;0;0;0;-0.7063;0;0.7063;1;1;0;0;0;0
06/06/21 04:00;0;0;90;0;0;90;0;0;0;0;4.8301;0.58;0;0;0;0;0;0;0;0;0;0;0;0;0;1;1;1;1;0;0;0;0;0;0;0;0;0;0;0;0;0;0;0;0;0;0;0;0;0;0;0;0;0;0;0;0;0;0;0;0;0;0;0;1;1;1;1;1;1;1;1;1;1;1;1;1;1;1;1;1;1;1;0;0;0;0;0;0;0;0;0;0.0004;0.088;0;-0.0884;0;0;0;0;0;0;0;0;0;0;0;0;0;0;0;0;0;0;0;-4.8301;0;0;0;0;0.0004;0;0;0;0;0;0;0;-0.0004;-0.0884;0;0;0;0;0;0;0;0;0;-0.7063;0;0.7063;1;1;0;0;0;0
06/06/21 05:00;0;0;90;0;0;90;0;0;0;0;4.3501;0.37;0;0;0;0;0;0;0;0;0;0;0;0;0;1;1;1;1;0;0;0;0;0;0;0;0;0;0;0;0;0;0;0;0;0;0;0;0;0;0;0;0;0;0;0;0;0;0;0;0;0;0;0;1;1;1;1;1;1;1;1;1;1;1;1;1;1;1;1;1;1;1;0;0;0;0;0;0;0;0;0;0.0004;0.088;0;-0.0884;0;0;0;0;0;0;0;0;0;0;0;0;0;0;0;0;0;0;0;-4.3501;0;0;0;0;0.0004;0;0;0;0;0;0;0;-0.0004;-0.0884;0;0;0;0;0;0;0;0;0;-0.7063;0;0.7063;1;1;0;0;0;0
06/06/21 06:00;0;0;90;0;0;90;0;0;0;0;4.4698;0.6399;0;0;0;0;0;0;0;0;0;0;0;0;0;1;1;1;1;0;0;0;0;0;0;0;0;0;0;0;0;0;0;0;0;0;0;0;0;0;0;0;0;0;0;0;0;0;0;0;0;0;0;0;1;1;1;1;1;1;1;1;1;1;1;1;1;1;1;1;1;1;1;0;0;0;0;0;0;0;0;0;0.0004;0.088;0;-0.0884;0;0;0;0;0;0;0;0;0;0;0;0;0;0;0;0;0;0;0;-4.4698;0;0;0;0;0.0004;0;0;0;0;0;0;0;-0.0004;-0.0884;0;0;0;0;0;0;0;0;0;-0.7063;0;0.7063;1;1;0;0;0;0
06/06/21 07:00;4.9944;-57.644;77.811;5.9064;8.5457;-90;-8.5457;19.203;18.898;0.3045;5.0701;1.0399;0;0.7384;18.744;0.1209;0;0.0149;19.618;0;19.618;0.7384;0.1209;18.744;0.0149;0.0376;0.9562;0;0.0008;19.501;0.117;0;0;0.1045;0.0124;18.488;0.9937;0.1856;0.0304;0.7772;0.0006;19.481;0.0195;0.0007;0.0001;0.0186;0;18.49;0.5521;0.0904;17.843;0.0019;11.2;9.6433;2.3736;0.0029;0.0925;1.3311;0.0022;1.4207;0;1;0;0;1.0216;0.994;1;1;0.9944;0.1659;0.949;0.7484;1;0.9583;0.7755;0.999;0.999;1;0.999;0.999;0.9424;0.952;0.1285;0.0589;0.0585;0.0004;0.0086;-0.0041;0.0004;0.0013;0.0002;0;0;0.088;0;-0.0408;0;0;0;0;0;0;0;0;0;0;0;0;0.0011;0;0.0506;0.0506;0;5.8323;5.8323;0.7622;0.0412;48.183;1049.4;1;0.0034;0.0034;0;0;0;0;0;0;0.0472;-0.0408;0;16.351;18.934;-13.189;-15.272;93.374;93.374;0.4708;0.4041;-0.326;0.0667;0.7301;0.1417;1.5506;0;11.198;0;0
06/06/21 08:00;14.298;-48.218;53.205;18.869;32.791;-90;-32.791;132.41;96.6;35.806;6.0599;1.1001;0;86.84;79.184;25.613;0;1.4769;193.11;0;193.11;86.84;25.613;79.184;1.4769;0.4497;0.4177;0;0.0076;187.75;5.3653;0;0;4.053;1.3123;183.18;4.3836;1.4896;0.4394;2.4288;0.0259;187.56;0.1877;0.0868;0.0256;0.0751;0.0002;183.49;85.263;25.148;72.627;0.1386;53.468;46.036;12.136;1.6306;0.4945;7.1135;0.3106;5.9774;0;1;0;0;1.4585;0.9722;1;1;0.9488;0.1115;0.9766;0.9828;1;0.9676;0.8426;0.999;0.999;1;0.999;0.999;0.9485;0.9172;0.0938;0.5799;0.5676;0.0034;0.0178;-0.0234;0.004;0.0141;0.0014;0;0;0.088;0;0.4396;0;0;0;0;0;0;0;0;0;0;0;0;0.0114;0.001;0.5379;0.5379;0;13.454;13.454;7.3938;0.0404;484.76;1109.6;1;0.0102;0.0102;0;0;0;0;0;0;0.5276;0.4396;0;17.669;20.46;14.442;16.723;98.096;98.096;4.6347;4.2987;3.5136;0.336;0.7851;0.0725;0.1694;0.7581;53.241;0.7378;0
06/06/21 09:00;22.577;-36.523;47.904;34.94;55.06;-90;-55.06;150.71;141.1;9.6082;8.4797;0.42;0;16.777;108.86;4.6491;0;4.5077;134.8;0;134.8;16.777;4.6491;108.86;4.5077;0.1245;0.8411;0;0.0334;118.48;16.32;0;0;12.097;4.2235;114.8;3.5538;0.1929;0.0534;3.2952;0.0123;118.36;0.1185;0.0168;0.0046;0.0968;0.0003;116.58;16.567;4.591;93.373;0.2717;93.101;80.16;23.072;13.416;1.4224;20.461;1.7777;8.468;0;1;0;0;0.8944;0.8789;1;1;0.8889;0.0631;0.97;0.9885;1;0.9659;0.9568;0.999;0.999;1;0.999;0.999;0.8517;0.8577;0.0603;0.4048;0.3943;0.0024;0.0179;-0.0169;0.0027;0.0097;0.0041;0;0;0.088;0;0.2698;0;0;0;0;0;0;0;0;0;0;0;0;0.0078;0.0005;0.366;0.366;0;13.132;13.132;4.6524;0.0405;334.74;1093.5;1;0.0083;0.0083;0;0;0;0;0;0;0.3578;0.2698;0;17.226;19.948;12.696;14.702;97.742;97.742;3.2351;2.9254;2.156;0.3097;0.7694;0.0957;0.2378;0.6665;89.621;0.5984;0
06/06/21 10:00;28.66;-22.729;54.032;54.744;35.256;-90;-35.256;185.5;175.8;9.703;9.6298;1.4399;0;11.883;157.24;3.2842;0;2.3817;174.79;0;174.79;11.883;3.2842;157.24;2.3817;0.068;0.9132;0;0.0136;163.63;11.162;0;0;9.0207;2.1409;158.37;5.0964;0.2228;0.0616;4.7791;0.0331;163.46;0.1636;0.0119;0.0033;0.1482;0.0002;159.15;11.648;3.2193;143.29;0.2075;113.89;98.057;26.07;4.154;1.0833;15.583;0.7873;12.513;0;1;0;0;0.9422;0.9361;1;1;0.9426;0.1011;0.9688;0.9812;1;0.9677;0.8626;0.999;0.999;1;0.999;0.999;0.906;0.9113;0.0871;0.5249;0.5122;0.0031;0.018;-0.0165;0.0036;0.0126;0.0031;0;0;0.088;0;0.3799;0;0;0;0;0;0;0;0;0;0;0;0;0.0101;0.0008;0.4774;0.4774;0;16.044;16.044;6.4145;0.0405;436.63;1093.3;1;0.0094;0.0094;0;0;0;0;0;0;0.4679;0.3799;0;17.325;20.062;13.789;15.967;98.022;98.022;4.1949;3.8151;3.0363;0.3798;0.7787;0.0905;0.1856;0.7238;107.73;0.6785;0
06/06/21 11:00;31.834;-7.1279;57.46;78.698;11.302;-90;-11.302;172;167.6;4.3995;10.34;2.03;0;4.4865;164.93;1.075;0;0.2335;170.73;0;170.73;4.4865;1.075;164.93;0.2335;0.0263;0.9674;0;0.0014;169.07;1.6604;0;0;1.4658;0.1946;162.19;6.7053;0.1247;0.0299;6.5421;0.0087;168.9;0.1691;0.0045;0.0011;0.1635;0;162.24;4.3574;1.044;156.76;0.0301;102.37;88.144;21.791;0.0762;0.8428;12.124;0.0436;12.891;0;1;0;0;0.9926;0.9903;1;1;0.9911;0.1665;0.9603;0.9722;1;0.9599;0.7752;0.999;0.999;1;0.999;0.999;0.95;0.9505;0.1289;0.5127;0.5142;0.0031;0.018;-0.0149;0.0036;0.0126;0.0024;0;0;0.088;0;0.3811;0;0;0;0;0;0;0;0;0;0;0;0;0.0102;0.0008;0.4785;0.4785;0;16.913;16.913;6.573;0.0405;438.72;1090.6;1;0.0094;0.0094;0;0;0;0;0;0;0.4691;0.3811;0;17.779;20.587;14.159;16.395;98.03;98.03;4.0975;3.824;3.0454;0.2735;0.7786;0.0667;0.19;0.7432;99.202;0.7057;0
06/06/21 12:00;31.617;9.1472;57.219;75.521;14.479;90;14.479;113.2;111.6;1.6033;10.96;2.43;0;1.6559;109.57;0.2658;0;0.2517;111.75;0;111.75;1.6559;0.2658;109.57;0.2517;0.0148;0.9828;0;0.0023;110.06;1.6917;0;0;1.4814;0.2103;105.78;4.166;0.0447;0.0072;4.1048;0.0093;109.95;0.1101;0.0017;0.0003;0.1081;0;105.83;1.6095;0.2584;103.88;0.032;67.631;58.23;14.58;0.125;0.5497;7.9067;0.0533;8.3314;0;1;0;0;0.9871;0.9849;1;1;0.9865;0.1644;0.9621;0.973;1;0.962;0.775;0.999;0.999;1;0.999;0.999;0.9466;0.948;0.1273;0.3356;0.3354;0.002;0.0175;-0.0119;0.0023;0.0081;0.0015;0;0;0.088;0;0.2133;0;0;0;0;0;0;0;0;0;0;0;0;0.0066;0.0004;0.3088;0.3088;0;15.258;15.258;4.298;0.0406;285.48;1081.8;1;0.0075;0.0075;0;0;0;0;0;0;0.3013;0.2133;0;17.532;20.302;12.108;14.021;97.557;97.557;2.6819;2.4683;1.7047;0.2136;0.7636;0.0797;0.2847;0.6356;66.559;0.6036;0
06/06/21 13:00;28.044;24.567;53.388;52.029;37.972;90;37.972;203.9;191;12.905;11.88;2.52;0;16.37;167.25;5.0146;0;3.0214;191.65;0;191.65;16.37;5.0146;167.25;3.0214;0.0854;0.8884;0;0.0158;178.11;13.545;0;0;10.79;2.7557;172.48;5.4508;0.2863;0.0877;5.0467;0.0301;177.93;0.1781;0.0164;0.005;0.1565;0.0003;173.51;16.068;4.9219;151.25;0.2353;125.2;107.8;28.975;5.699;1.244;17.895;1.0281;13.44;0;1;0;0;0.9399;0.9293;1;1;0.9355;0.0879;0.9694;0.9825;1;0.9677;0.8865;0.999;0.999;1;0.999;0.999;0.9;0.9044;0.0779;0.5755;0.5603;0.0034;0.0179;-0.0123;0.0039;0.0137;0.0035;0;0;0.088;0;0.4206;0;0;0;0;0;0;0;0;0;0;0;0;0.011;0.0009;0.5183;0.5183;0;18.878;18.878;6.9977;0.0406;477.92;1084.6;1;0.0098;0.0098;0;0;0;0;0;0;0.5086;0.4206;0;17.157;19.867;13.92;16.119;98.112;98.112;4.5997;4.1426;3.3611;0.4571;0.7815;0.0994;0.1699;0.7307;117.12;0.683;0
06/06/21 14:00;21.647;38.099;47.008;32.75;57.25;90;57.25;165.11;154.8;10.309;12.43;2.41;0;19.057;116.76;6.0298;0;5.3052;147.15;0;147.15;19.057;6.0298;116.76;5.3052;0.1295;0.8295;0;0.0361;128.41;18.738;0;0;13.756;4.982;124.43;3.8535;0.2091;0.0662;3.5613;0.0169;128.28;0.1284;0.0191;0.006;0.103;0.0003;126.54;18.829;5.9577;99.335;0.3059;101.74;87.602;25.489;16.516;1.6572;23.838;2.1169;8.9799;0;1;0;0;0.8912;0.8727;1;1;0.8822;0.0609;0.97;0.989;1;0.9654;0.9476;0.999;0.999;1;0.999;0.999;0.8456;0.8508;0.0577;0.4419;0.4314;0.0026;0.018;-0.0117;0.003;0.0105;0.0047;0;0;0.088;0;0.2989;0;0;0;0;0;0;0;0;0;0;0;0;0.0084;0.0006;0.3953;0.3953;0;17.487;17.487;5.0573;0.0406;366.6;1078.3;1;0.0084;0.0084;0;0;0;0;0;0;0.3869;0.2989;0;17.042;19.734;12.885;14.92;97.869;97.869;3.5315;3.1593;2.3886;0.3723;0.7706;0.1054;0.2182;0.6764;98.466;0.6032;0
06/06/21 15:00;13.141;49.545;56.537;17.057;28.292;90;28.292;252;51.599;200.4;13.2;1.7699;0;486.02;16.271;83.173;0;2.1072;587.57;0;587.57;486.02;83.173;16.271;2.1072;0.8272;0.0313;0;0.0036;585.07;2.4968;0;0;0.6599;1.8369;569.74;14.754;12.118;2.0738;0.511;0.0508;584.49;0.5851;0.486;0.0832;0.0156;0.0003;569.78;473.42;81.016;15.085;0.2193;11.752;10.118;2.7475;0.2015;0.0933;1.342;0.0437;1.2338;0;1;0;0;2.3317;0.9958;1;1;0.9594;0.1283;0.9748;0.975;1;0.9672;0.8119;0.999;0.999;1;0.999;0.999;0.9696;0.9271;0.1041;1.7645;1.7189;0.0103;0.0035;0.0693;0.0115;0.0406;0.0003;0;0;0.088;0;1.4311;0;0;0;0;0;0;0;0;0;0;0;0;0.0327;0.0068;1.544;1.544;0;36.477;36.477;23.276;0.0409;1479.5;1043.6;1;0.0249;0.0249;0;0;0;0;0;0;1.5191;1.4311;0;16.67;19.303;15.451;17.892;98.388;98.388;14.102;12.34;11.437;1.7621;0.9022;0.125;0.064;0.8111;10.602;0.8097;0
06/06/21 16:00;4.2131;58.331;79.736;4.9468;7.1248;90;7.1248;3.3013;3.2993;0.002;12.28;1.7401;0;0.0049;3.2865;0.0002;0;0.0018;3.2934;3.2934;0;0.0049;0;0;0;1;1;1;1;0;0;0;0;0;0;0;0;0;0;0;0;0;0;0;0;0;0;0;0;0;0;0;0;0;0;0;0;0;0;0;0;0;0;0;0;1;1;1;1;1;1;1;1;1;1;1;0;1;0;0;1;0;0;0;0;0;0;0;0;0;0;0;0.0004;0.088;0;-0.0884;0;0;0;0;0;0;0;0;0;0;0;0;0;0;0;0;0;0;0;-12.28;0;0;0;0;0.0004;0;0;0;0;0;0;0;-0.0004;-0.0884;0;0;0;0;0;0;0;0;0;-0.7063;0;0.7063;1;1;0;0;0;0
06/06/21 17:00;0;0;90;0;0;90;0;0;0;0;11.39;1.4301;0;0;0;0;0;0;0;0;0;0;0;0;0;1;1;1;1;0;0;0;0;0;0;0;0;0;0;0;0;0;0;0;0;0;0;0;0;0;0;0;0;0;0;0;0;0;0;0;0;0;0;0;1;1;1;1;1;1;1;1;1;1;1;1;1;1;1;1;1;1;1;0;0;0;0;0;0;0;0;0;0.0004;0.088;0;-0.0884;0;0;0;0;0;0;0;0;0;0;0;0;0;0;0;0;0;0;0;-11.39;0;0;0;0;0.0004;0;0;0;0;0;0;0;-0.0004;-0.0884;0;0;0;0;0;0;0;0;0;-0.7063;0;0.7063;1;1;0;0;0;0
06/06/21 18:00;0;0;90;0;0;90;0;0;0;0;9.79;1.0201;0;0;0;0;0;0;0;0;0;0;0;0;0;1;1;1;1;0;0;0;0;0;0;0;0;0;0;0;0;0;0;0;0;0;0;0;0;0;0;0;0;0;0;0;0;0;0;0;0;0;0;0;1;1;1;1;1;1;1;1;1;1;1;1;1;1;1;1;1;1;1;0;0;0;0;0;0;0;0;0;0.0004;0.088;0;-0.0884;0;0;0;0;0;0;0;0;0;0;0;0;0;0;0;0;0;0;0;-9.79;0;0;0;0;0.0004;0;0;0;0;0;0;0;-0.0004;-0.0884;0;0;0;0;0;0;0;0;0;-0.7063;0;0.7063;1;1;0;0;0;0
06/06/21 19:00;0;0;90;0;0;90;0;0;0;0;8.4199;0.59;0;0;0;0;0;0;0;0;0;0;0;0;0;1;1;1;1;0;0;0;0;0;0;0;0;0;0;0;0;0;0;0;0;0;0;0;0;0;0;0;0;0;0;0;0;0;0;0;0;0;0;0;1;1;1;1;1;1;1;1;1;1;1;1;1;1;1;1;1;1;1;0;0;0;0;0;0;0;0;0;0.0004;0.088;0;-0.0884;0;0;0;0;0;0;0;0;0;0;0;0;0;0;0;0;0;0;0;-8.4199;0;0;0;0;0.0004;0;0;0;0;0;0;0;-0.0004;-0.0884;0;0;0;0;0;0;0;0;0;-0.7063;0;0.7063;1;1;0;0;0;0
06/06/21 20:00;0;0;90;0;0;90;0;0;0;0;7.66;0.4601;0;0;0;0;0;0;0;0;0;0;0;0;0;1;1;1;1;0;0;0;0;0;0;0;0;0;0;0;0;0;0;0;0;0;0;0;0;0;0;0;0;0;0;0;0;0;0;0;0;0;0;0;1;1;1;1;1;1;1;1;1;1;1;1;1;1;1;1;1;1;1;0;0;0;0;0;0;0;0;0;0.0004;0.088;0;-0.0884;0;0;0;0;0;0;0;0;0;0;0;0;0;0;0;0;0;0;0;-7.66;0;0;0;0;0.0004;0;0;0;0;0;0;0;-0.0004;-0.0884;0;0;0;0;0;0;0;0;0;-0.7063;0;0.7063;1;1;0;0;0;0
06/06/21 21:00;0;0;90;0;0;90;0;0;0;0;6.52;0.7999;0;0;0;0;0;0;0;0;0;0;0;0;0;1;1;1;1;0;0;0;0;0;0;0;0;0;0;0;0;0;0;0;0;0;0;0;0;0;0;0;0;0;0;0;0;0;0;0;0;0;0;0;1;1;1;1;1;1;1;1;1;1;1;1;1;1;1;1;1;1;1;0;0;0;0;0;0;0;0;0;0.0004;0.088;0;-0.0884;0;0;0;0;0;0;0;0;0;0;0;0;0;0;0;0;0;0;0;-6.52;0;0;0;0;0.0004;0;0;0;0;0;0;0;-0.0004;-0.0884;0;0;0;0;0;0;0;0;0;-0.7063;0;0.7063;1;1;0;0;0;0
06/06/21 22:00;0;0;90;0;0;90;0;0;0;0;4.8999;1.25;0;0;0;0;0;0;0;0;0;0;0;0;0;1;1;1;1;0;0;0;0;0;0;0;0;0;0;0;0;0;0;0;0;0;0;0;0;0;0;0;0;0;0;0;0;0;0;0;0;0;0;0;1;1;1;1;1;1;1;1;1;1;1;1;1;1;1;1;1;1;1;0;0;0;0;0;0;0;0;0;0.0004;0.088;0;-0.0884;0;0;0;0;0;0;0;0;0;0;0;0;0;0;0;0;0;0;0;-4.8999;0;0;0;0;0.0004;0;0;0;0;0;0;0;-0.0004;-0.0884;0;0;0;0;0;0;0;0;0;-0.7063;0;0.7063;1;1;0;0;0;0
06/06/21 23:00;0;0;90;0;0;90;0;0;0;0;4.18;1.7401;0;0;0;0;0;0;0;0;0;0;0;0;0;1;1;1;1;0;0;0;0;0;0;0;0;0;0;0;0;0;0;0;0;0;0;0;0;0;0;0;0;0;0;0;0;0;0;0;0;0;0;0;1;1;1;1;1;1;1;1;1;1;1;1;1;1;1;1;1;1;1;0;0;0;0;0;0;0;0;0;0.0004;0.088;0;-0.0884;0;0;0;0;0;0;0;0;0;0;0;0;0;0;0;0;0;0;0;-4.18;0;0;0;0;0.0004;0;0;0;0;0;0;0;-0.0004;-0.0884;0;0;0;0;0;0;0;0;0;-0.7063;0;0.7063;1;1;0;0;0;0
07/06/21 00:00;0;0;90;0;0;90;0;0;0;0;3.4201;2.11;0;0;0;0;0;0;0;0;0;0;0;0;0;1;1;1;1;0;0;0;0;0;0;0;0;0;0;0;0;0;0;0;0;0;0;0;0;0;0;0;0;0;0;0;0;0;0;0;0;0;0;0;1;1;1;1;1;1;1;1;1;1;1;1;1;1;1;1;1;1;1;0;0;0;0;0;0;0;0;0;0.0004;0.088;0;-0.0884;0;0;0;0;0;0;0;0;0;0;0;0;0;0;0;0;0;0;0;-3.4201;0;0;0;0;0.0004;0;0;0;0;0;0;0;-0.0004;-0.0884;0;0;0;0;0;0;0;0;0;-0.7063;0;0.7063;1;1;0;0;0;0
07/06/21 01:00;0;0;90;0;0;90;0;0;0;0;2.55;2.34;0;0;0;0;0;0;0;0;0;0;0;0;0;1;1;1;1;0;0;0;0;0;0;0;0;0;0;0;0;0;0;0;0;0;0;0;0;0;0;0;0;0;0;0;0;0;0;0;0;0;0;0;1;1;1;1;1;1;1;1;1;1;1;1;1;1;1;1;1;1;1;0;0;0;0;0;0;0;0;0;0.0004;0.088;0;-0.0884;0;0;0;0;0;0;0;0;0;0;0;0;0;0;0;0;0;0;0;-2.55;0;0;0;0;0.0004;0;0;0;0;0;0;0;-0.0004;-0.0884;0;0;0;0;0;0;0;0;0;-0.7063;0;0.7063;1;1;0;0;0;0
07/06/21 02:00;0;0;90;0;0;90;0;0;0;0;2.3997;2.4799;0;0;0;0;0;0;0;0;0;0;0;0;0;1;1;1;1;0;0;0;0;0;0;0;0;0;0;0;0;0;0;0;0;0;0;0;0;0;0;0;0;0;0;0;0;0;0;0;0;0;0;0;1;1;1;1;1;1;1;1;1;1;1;1;1;1;1;1;1;1;1;0;0;0;0;0;0;0;0;0;0.0004;0.088;0;-0.0884;0;0;0;0;0;0;0;0;0;0;0;0;0;0;0;0;0;0;0;-2.3997;0;0;0;0;0.0004;0;0;0;0;0;0;0;-0.0004;-0.0884;0;0;0;0;0;0;0;0;0;-0.7063;0;0.7063;1;1;0;0;0;0
07/06/21 03:00;0;0;90;0;0;90;0;0;0;0;1.7901;2.52;0;0;0;0;0;0;0;0;0;0;0;0;0;1;1;1;1;0;0;0;0;0;0;0;0;0;0;0;0;0;0;0;0;0;0;0;0;0;0;0;0;0;0;0;0;0;0;0;0;0;0;0;1;1;1;1;1;1;1;1;1;1;1;1;1;1;1;1;1;1;1;0;0;0;0;0;0;0;0;0;0.0004;0.088;0;-0.0884;0;0;0;0;0;0;0;0;0;0;0;0;0;0;0;0;0;0;0;-1.7901;0;0;0;0;0.0004;0;0;0;0;0;0;0;-0.0004;-0.0884;0;0;0;0;0;0;0;0;0;-0.7063;0;0.7063;1;1;0;0;0;0
07/06/21 04:00;0;0;90;0;0;90;0;0;0;0;1.3002;2.4799;0;0;0;0;0;0;0;0;0;0;0;0;0;1;1;1;1;0;0;0;0;0;0;0;0;0;0;0;0;0;0;0;0;0;0;0;0;0;0;0;0;0;0;0;0;0;0;0;0;0;0;0;1;1;1;1;1;1;1;1;1;1;1;1;1;1;1;1;1;1;1;0;0;0;0;0;0;0;0;0;0.0004;0.088;0;-0.0884;0;0;0;0;0;0;0;0;0;0;0;0;0;0;0;0;0;0;0;-1.3002;0;0;0;0;0.0004;0;0;0;0;0;0;0;-0.0004;-0.0884;0;0;0;0;0;0;0;0;0;-0.7063;0;0.7063;1;1;0;0;0;0
07/06/21 05:00;0;0;90;0;0;90;0;0;0;0;1.2198;2.27;0;0;0;0;0;0;0;0;0;0;0;0;0;1;1;1;1;0;0;0;0;0;0;0;0;0;0;0;0;0;0;0;0;0;0;0;0;0;0;0;0;0;0;0;0;0;0;0;0;0;0;0;1;1;1;1;1;1;1;1;1;1;1;1;1;1;1;1;1;1;1;0;0;0;0;0;0;0;0;0;0.0004;0.088;0;-0.0884;0;0;0;0;0;0;0;0;0;0;0;0;0;0;0;0;0;0;0;-1.2198;0;0;0;0;0.0004;0;0;0;0;0;0;0;-0.0004;-0.0884;0;0;0;0;0;0;0;0;0;-0.7063;0;0.7063;1;1;0;0;0;0
07/06/21 06:00;0;0;90;0;0;90;0;0;0;0;1.1998;2.75;0;0;0;0;0;0;0;0;0;0;0;0;0;1;1;1;1;0;0;0;0;0;0;0;0;0;0;0;0;0;0;0;0;0;0;0;0;0;0;0;0;0;0;0;0;0;0;0;0;0;0;0;1;1;1;1;1;1;1;1;1;1;1;1;1;1;1;1;1;1;1;0;0;0;0;0;0;0;0;0;0.0004;0.088;0;-0.0884;0;0;0;0;0;0;0;0;0;0;0;0;0;0;0;0;0;0;0;-1.1998;0;0;0;0;0.0004;0;0;0;0;0;0;0;-0.0004;-0.0884;0;0;0;0;0;0;0;0;0;-0.7063;0;0.7063;1;1;0;0;0;0
07/06/21 07:00;4.9005;-57.598;78.043;5.7985;8.385;-90;-8.385;32.603;28.703;3.8999;1.59;3.3599;0;9.4583;27.567;2.3969;0;0.0244;39.447;0;39.447;9.4583;2.3969;27.567;0.0244;0.2398;0.6995;0;0.0006;39.277;0.1693;0;0;0.149;0.0204;35.034;4.2039;2.4391;0.6181;1.1457;0.0009;39.238;0.0393;0.0095;0.0024;0.0274;0;35.037;7.0097;1.7764;26.245;0.0031;16.488;14.196;3.4965;0.004;0.1361;1.9573;0.003;2.0894;0;1;0;0;1.2099;0.9957;1;1;0.9946;0.1658;0.8929;0.7419;1;0.9582;0.7755;0.999;0.999;1;0.999;0.999;0.8881;0.952;0.1285;0.1185;0.1097;0.0007;0.0117;-0.0088;0.0007;0.0026;0.0004;0;0;0.088;0;0.0071;0;0;0;0;0;0;0;0;0;0;0;0;0.0021;0.0001;0.1001;0.1001;0;3.0169;3.0169;1.4269;0.0407;91.816;1090.2;1;0.005;0.005;0;0;0;0;0;0;0.0951;0.0071;0;16.097;18.64;1.1379;1.3177;94.985;94.985;0.9467;0.8;0.0566;0.1467;0.7434;0.155;0.7853;0.0597;16.464;0.0576;0
07/06/21 08:00;14.199;-48.184;53.495;18.752;32.477;-90;-32.477;128.69;96.2;32.493;2.3399;3.13;0;78.806;79.818;23.311;0;1.4089;183.34;0;183.34;78.806;23.311;79.818;1.4089;0.4298;0.443;0;0.0077;178.07;5.2738;0;0;4.0238;1.25;173.61;4.2832;1.394;0.4123;2.4515;0.0254;177.89;0.1781;0.0788;0.0233;0.0758;0.0002;173.91;77.333;22.875;73.267;0.1334;53.75;46.279;12.182;1.5901;0.4951;7.1223;0.3054;6.0273;0;1;0;0;1.4246;0.9712;1;1;0.9496;0.1128;0.9759;0.9823;1;0.9676;0.8403;0.999;0.999;1;0.999;0.999;0.9469;0.9179;0.0947;0.5506;0.5388;0.0032;0.018;-0.0301;0.0038;0.0136;0.0014;0;0;0.088;0;0.4189;0;0;0;0;0;0;0;0;0;0;0;0;0.011;0.0009;0.517;0.517;0;9.3263;9.3263;6.9864;0.0402;459.64;1124.9;1;0.0102;0.0102;0;0;0;0;0;0;0.5069;0.4189;0;17.89;20.716;14.493;16.782;98.033;98.033;4.4002;4.1322;3.3476;0.268;0.7846;0.0609;0.1783;0.7608;53.544;0.7393;0
07/06/21 09:00;22.474;-36.505;47.967;34.815;55.185;-90;-55.185;298.8;112;186.8;4.7802;3.31;0;327.19;55.548;72.3;0;8.9745;464.01;0;464.01;327.19;72.3;55.548;8.9745;0.7051;0.1391;0;0.0193;449.41;14.602;0;0;6.193;8.4088;442.65;6.3138;3.7733;0.8338;1.6821;0.0246;448.96;0.4494;0.3272;0.0723;0.0494;0.0006;444.78;323.09;71.394;47.624;0.5405;109.96;94.678;24.865;6.9021;1.2538;18.036;2.1353;12.388;0;1;0;0;1.5529;0.9685;1;1;0.8885;0.063;0.9859;0.9885;1;0.9659;0.9564;0.999;0.999;1;0.999;0.999;0.954;0.8573;0.0602;1.3934;1.3777;0.0083;0.008;-0.0112;0.0096;0.0341;0.0036;0;0;0.088;0;1.184;0;0;0;0;0;0;0;0;0;0;0;0;0.0274;0.0045;1.2933;1.2933;0;22.678;22.678;17.897;0.0404;1179.9;1096.2;1;0.0214;0.0214;0;0;0;0;0;0;1.272;1.184;0;17.681;20.475;16.186;18.743;98.348;98.348;11.136;10.336;9.4623;0.8;0.874;0.0718;0.0785;0.8497;45.793;0.8257;0
07/06/21 10:00;28.555;-22.734;54.107;54.621;35.379;-90;-35.379;414.31;118.5;295.81;8.0802;3.87;0;362.81;57.355;67.834;0;5.3555;493.35;0;493.35;362.81;67.834;57.355;5.3555;0.7354;0.1271;0;0.0109;485.23;8.1252;0;0;3.3084;4.8168;474.79;9.9563;6.8581;1.2823;1.7426;0.0734;484.74;0.4852;0.3628;0.0678;0.054;0.0005;476.29;355.59;66.484;52.25;0.4648;213.76;184.05;48.971;1.5346;1.6237;23.356;1.5061;23.446;0;1;0;0;1.1908;0.9835;1;1;0.9423;0.1006;0.9795;0.9811;1;0.9677;0.8637;0.999;0.999;1;0.999;0.999;0.9624;0.911;0.0868;1.4815;1.4838;0.0089;0.0065;0.0122;0.0102;0.0361;0.0046;0;0;0.088;0;1.2606;0;0;0;0;0;0;0;0;0;0;0;0;0.0291;0.0052;1.3709;1.3709;0;27.345;27.345;19.265;0.0406;1272.7;1077.2;1;0.0222;0.0222;0;0;0;0;0;0;1.3486;1.2606;0;17.627;20.412;16.21;18.77;98.378;98.378;11.84;10.956;10.075;0.8844;0.881;0.0747;0.0744;0.8509;39.333;0.8218;0
07/06/21 11:00;31.734;-7.1621;57.551;78.602;11.398;-90;-11.398;549.39;90.5;458.89;14;4.2201;0;468.12;30.643;60.749;0;0.7585;560.28;0;560.28;468.12;60.749;30.643;0.7585;0.8355;0.056;0;0.0014;559.37;0.9084;0;0;0.2762;0.6322;542.71;16.094;13.146;1.706;1.2135;0.0284;558.81;0.5594;0.4681;0.0607;0.0304;0.0001;542.87;454.51;58.983;29.123;0.0978;319.88;275.42;70.788;0.0148;2.4437;35.152;0.1549;37.581;0;1;0;0;1.0198;0.9984;1;1;0.991;0.1665;0.9712;0.9719;1;0.96;0.7752;0.999;0.999;1;0.999;0.999;0.9687;0.9504;0.1289;1.6825;1.7092;0.0103;0.0036;0.067;0.0114;0.0404;0.0067;0;0;0.088;0;1.4178;0;0;0;0;0;0;0;0;0;0;0;0;0.0326;0.0067;1.5304;1.5304;0;36.171;36.171;22.171;0.0409;1467.9;1042.6;1;0.0246;0.0246;0;0;0;0;0;0;1.5058;1.4178;0;17.328;20.066;16.053;18.589;98.392;98.392;13.447;12.231;11.331;1.2153;0.9;0.0904;0.0669;0.8427;18.436;0.8049;0
07/06/21 12:00;31.527;9.0848;57.32;75.566;14.434;90;14.434;517.1;101;416.1;14.77;4.5;0;429.66;39.747;62.595;0;1.1426;533.14;0;533.14;429.66;62.595;39.747;1.1426;0.8059;0.0767;0;0.0021;531.65;1.4892;0;0;0.5345;0.9547;516.14;14.987;11.744;1.7109;1.4902;0.0422;531.12;0.5317;0.4297;0.0626;0.0392;0.0002;516.39;417.49;60.821;37.683;0.1455;298.88;257.34;66.845;0.0451;2.2396;32.216;0.254;34.41;0;1;0;0;1.031;0.9972;1;1;0.9866;0.1644;0.9718;0.9726;1;0.962;0.775;0.999;0.999;1;0.999;0.999;0.9681;0.9481;0.1273;1.601;1.6232;0.0098;0.0047;0.062;0.0108;0.0384;0.0061;0;0;0.088;0;1.3432;0;0;0;0;0;0;0;0;0;0;0;0;0.0309;0.0061;1.4544;1.4544;0;35.854;35.854;21.084;0.0408;1394.2;1043.2;1;0.0232;0.0232;0;0;0;0;0;0;1.4312;1.3432;0;17.305;20.039;15.983;18.508;98.408;98.408;12.795;11.624;10.735;1.1719;0.8883;0.0916;0.0694;0.839;24.14;0.8027;0
07/06/21 13:00;27.969;24.485;53.492;52.028;37.972;90;37.972;265.9;218.1;47.808;15.26;4.7899;0;60.645;180.02;21.27;0;3.9402;265.88;0;265.88;60.645;21.27;180.02;3.9402;0.2281;0.6919;0;0.0148;250.67;15.207;0;0;11.614;3.5937;243.5;6.92;1.0724;0.3761;5.4322;0.0393;250.42;0.2507;0.0606;0.0213;0.1684;0.0003;244.79;59.512;20.873;162.81;0.3069;157.03;135.2;36.281;6.1345;1.4983;21.552;1.2916;16.916;0;1;0;0;0.9999;0.9428;1;1;0.9355;0.0879;0.9724;0.9823;1;0.9677;0.8865;0.999;0.999;1;0.999;0.999;0.9158;0.9044;0.0779;0.7984;0.7827;0.0047;0.0161;0.0005;0.0053;0.0189;0.0042;0;0;0.088;0;0.6158;0;0;0;0;0;0;0;0;0;0;0;0;0.0152;0.0017;0.7161;0.7161;0;25.164;25.164;9.9037;0.0407;668.72;1070.9;1;0.0123;0.0123;0;0;0;0;0;0;0.7038;0.6158;0;17.086;19.786;14.693;17.015;98.283;98.283;6.381;5.7233;4.9217;0.6577;0.8016;0.1031;0.1256;0.7713;126.06;0.7272;0
07/06/21 14:00;21.588;38.006;47.111;32.725;57.275;90;57.275;324.1;127.8;196.3;15.43;4.6199;0;363.11;58.83;95.123;0;10.422;527.48;0;527.48;363.11;95.123;58.83;10.422;0.6884;0.1313;0;0.0198;510.76;16.723;0;0;6.9356;9.7871;503.37;6.8832;4.0059;1.0494;1.7946;0.0333;510.25;0.5108;0.3631;0.0951;0.0519;0.0006;505.75;358.74;93.978;50.048;0.601;109.34;94.144;24.957;8.3363;1.3274;19.094;2.3868;12.086;0;1;0;0;1.6275;0.9683;1;1;0.8821;0.0609;0.9865;0.989;1;0.9654;0.9475;0.999;0.999;1;0.999;0.999;0.9543;0.8507;0.0577;1.584;1.5635;0.0094;0.0054;0.0606;0.0104;0.0369;0.0036;0;0;0.088;0;1.2915;0;0;0;0;0;0;0;0;0;0;0;0;0.0297;0.0057;1.4016;1.4016;0;35.997;35.997;20.567;0.0409;1344;1042.8;1;0.0221;0.0221;0;0;0;0;0;0;1.3795;1.2915;0;16.856;19.519;15.532;17.985;98.421;98.421;12.66;11.202;10.322;1.4578;0.8802;0.1152;0.0695;0.8153;49.628;0.7938;0
07/06/21 15:00;13.097;49.448;56.662;17.025;28.217;90;28.217;94.997;91.497;3.4994;15.02;3.2501;0;8.487;85.058;2.5846;0;0.7902;96.92;0;96.92;8.487;2.5846;85.058;0.7902;0.0876;0.8858;0;0.0082;92.797;4.1235;0;0;3.4349;0.6886;89.732;2.972;0.2147;0.0654;2.6727;0.0191;92.704;0.0928;0.0085;0.0026;0.0816;0.0001;89.959;8.2638;2.5166;78.869;0.0824;55.417;47.714;12.324;1.041;0.4869;7.004;0.227;6.4498;0;1;0;0;1.0202;0.9575;1;1;0.9596;0.1286;0.9679;0.9747;1;0.9672;0.8115;0.999;0.999;1;0.999;0.999;0.9258;0.9272;0.1043;0.2911;0.2857;0.0017;0.0169;-0.0066;0.0019;0.0068;0.0013;0;0;0.088;0;0.163;0;0;0;0;0;0;0;0;0;0;0;0;0.0055;0.0003;0.2579;0.2579;0;18.683;18.683;3.6628;0.0408;243.02;1061.1;1;0.0069;0.0069;0;0;0;0;0;0;0.251;0.163;0;16.877;19.544;10.667;12.352;97.33;97.33;2.3261;2.0608;1.3025;0.2653;0.7583;0.1141;0.326;0.5599;55.395;0.5312;0
07/06/21 16:00;4.18;58.232;79.818;4.9132;7.0754;90;7.0754;21.605;21.3;0.3058;13.1;3.39;0;0.7416;21.151;0.1634;0;0.0115;22.068;0;22.068;0.7416;0.1634;21.151;0.0115;0.0336;0.959;0;0.0005;21.971;0.0965;0;0;0.0869;0.0096;20.769;1.1806;0.2331;0.0514;0.8957;0.0004;21.949;0.022;0.0007;0.0002;0.0211;0;20.77;0.5077;0.1119;20.148;0.0015;12.603;10.851;2.6674;0.0014;0.1042;1.4993;0.0014;1.6021;0;1;0;0;1.0214;0.9956;1;1;0.9959;0.1644;0.9462;0.6854;1;0.9574;0.7755;0.999;0.999;1;0.999;0.999;0.9411;0.9526;0.1273;0.0663;0.0657;0.0004;0.0091;-0.0026;0.0004;0.0015;0.0003;0;0;0.088;0;-0.0359;0;0;0;0;0;0;0;0;0;0;0;0;0.0012;0;0.0555;0.0555;0;13.96;13.96;0.8604;0.0414;54.486;1018.7;1;0.0034;0.0034;0;0;0;0;0;0;0.0521;-0.0359;0;15.955;18.476;-10.31;-11.938;93.932;93.932;0.5296;0.4436;-0.2866;0.086;0.7302;0.1625;1.3787;0;12.601;0;0
07/06/21 17:00;0;0;90;0;0;90;0;0;0;0;10.35;3.7301;0;0;0;0;0;0;0;0;0;0;0;0;0;1;1;1;1;0;0;0;0;0;0;0;0;0;0;0;0;0;0;0;0;0;0;0;0;0;0;0;0;0;0;0;0;0;0;0;0;0;0;0;1;1;1;1;1;1;1;1;1;1;1;1;1;1;1;1;1;1;1;0;0;0;0;0;0;0;0;0;0.0004;0.088;0;-0.0884;0;0;0;0;0;0;0;0;0;0;0;0;0;0;0;0;0;0;0;-10.35;0;0;0;0;0.0004;0;0;0;0;0;0;0;-0.0004;-0.0884;0;0;0;0;0;0;0;0;0;-0.7063;0;0.7063;1;1;0;0;0;0
07/06/21 18:00;0;0;90;0;0;90;0;0;0;0;10.13;3.9701;0;0;0;0;0;0;0;0;0;0;0;0;0;1;1;1;1;0;0;0;0;0;0;0;0;0;0;0;0;0;0;0;0;0;0;0;0;0;0;0;0;0;0;0;0;0;0;0;0;0;0;0;1;1;1;1;1;1;1;1;1;1;1;1;1;1;1;1;1;1;1;0;0;0;0;0;0;0;0;0;0.0004;0.088;0;-0.0884;0;0;0;0;0;0;0;0;0;0;0;0;0;0;0;0;0;0;0;-10.13;0;0;0;0;0.0004;0;0;0;0;0;0;0;-0.0004;-0.0884;0;0;0;0;0;0;0;0;0;-0.7063;0;0.7063;1;1;0;0;0;0
07/06/21 19:00;0;0;90;0;0;90;0;0;0;0;10.82;4.2201;0;0;0;0;0;0;0;0;0;0;0;0;0;1;1;1;1;0;0;0;0;0;0;0;0;0;0;0;0;0;0;0;0;0;0;0;0;0;0;0;0;0;0;0;0;0;0;0;0;0;0;0;1;1;1;1;1;1;1;1;1;1;1;1;1;1;1;1;1;1;1;0;0;0;0;0;0;0;0;0;0.0004;0.088;0;-0.0884;0;0;0;0;0;0;0;0;0;0;0;0;0;0;0;0;0;0;0;-10.82;0;0;0;0;0.0004;0;0;0;0;0;0;0;-0.0004;-0.0884;0;0;0;0;0;0;0;0;0;-0.7063;0;0.7063;1;1;0;0;0;0
07/06/21 20:00;0;0;90;0;0;90;0;0;0;0;9.9701;4.6999;0;0;0;0;0;0;0;0;0;0;0;0;0;1;1;1;1;0;0;0;0;0;0;0;0;0;0;0;0;0;0;0;0;0;0;0;0;0;0;0;0;0;0;0;0;0;0;0;0;0;0;0;1;1;1;1;1;1;1;1;1;1;1;1;1;1;1;1;1;1;1;0;0;0;0;0;0;0;0;0;0.0004;0.088;0;-0.0884;0;0;0;0;0;0;0;0;0;0;0;0;0;0;0;0;0;0;0;-9.9701;0;0;0;0;0.0004;0;0;0;0;0;0;0;-0.0004;-0.0884;0;0;0;0;0;0;0;0;0;-0.7063;0;0.7063;1;1;0;0;0;0
07/06/21 21:00;0;0;90;0;0;90;0;0;0;0;9.5998;4.98;0;0;0;0;0;0;0;0;0;0;0;0;0;1;1;1;1;0;0;0;0;0;0;0;0;0;0;0;0;0;0;0;0;0;0;0;0;0;0;0;0;0;0;0;0;0;0;0;0;0;0;0;1;1;1;1;1;1;1;1;1;1;1;1;1;1;1;1;1;1;1;0;0;0;0;0;0;0;0;0;0.0004;0.088;0;-0.0884;0;0;0;0;0;0;0;0;0;0;0;0;0;0;0;0;0;0;0;-9.5998;0;0;0;0;0.0004;0;0;0;0;0;0;0;-0.0004;-0.0884;0;0;0;0;0;0;0;0;0;-0.7063;0;0.7063;1;1;0;0;0;0
07/06/21 22:00;0;0;90;0;0;90;0;0;0;0;9.5001;4.8401;0;0;0;0;0;0;0;0;0;0;0;0;0;1;1;1;1;0;0;0;0;0;0;0;0;0;0;0;0;0;0;0;0;0;0;0;0;0;0;0;0;0;0;0;0;0;0;0;0;0;0;0;1;1;1;1;1;1;1;1;1;1;1;1;1;1;1;1;1;1;1;0;0;0;0;0;0;0;0;0;0.0004;0.088;0;-0.0884;0;0;0;0;0;0;0;0;0;0;0;0;0;0;0;0;0;0;0;-9.5001;0;0;0;0;0.0004;0;0;0;0;0;0;0;-0.0004;-0.0884;0;0;0;0;0;0;0;0;0;-0.7063;0;0.7063;1;1;0;0;0;0
07/06/21 23:00;0;0;90;0;0;90;0;0;0;0;9.3399;4.57;0;0;0;0;0;0;0;0;0;0;0;0;0;1;1;1;1;0;0;0;0;0;0;0;0;0;0;0;0;0;0;0;0;0;0;0;0;0;0;0;0;0;0;0;0;0;0;0;0;0;0;0;1;1;1;1;1;1;1;1;1;1;1;1;1;1;1;1;1;1;1;0;0;0;0;0;0;0;0;0;0.0004;0.088;0;-0.0884;0;0;0;0;0;0;0;0;0;0;0;0;0;0;0;0;0;0;0;-9.3399;0;0;0;0;0.0004;0;0;0;0;0;0;0;-0.0004;-0.0884;0;0;0;0;0;0;0;0;0;-0.7063;0;0.7063;1;1;0;0;0;0
08/06/21 00:00;0;0;90;0;0;90;0;0;0;0;9.3499;4.51;0;0;0;0;0;0;0;0;0;0;0;0;0;1;1;1;1;0;0;0;0;0;0;0;0;0;0;0;0;0;0;0;0;0;0;0;0;0;0;0;0;0;0;0;0;0;0;0;0;0;0;0;1;1;1;1;1;1;1;1;1;1;1;1;1;1;1;1;1;1;1;0;0;0;0;0;0;0;0;0;0.0004;0.088;0;-0.0884;0;0;0;0;0;0;0;0;0;0;0;0;0;0;0;0;0;0;0;-9.3499;0;0;0;0;0.0004;0;0;0;0;0;0;0;-0.0004;-0.0884;0;0;0;0;0;0;0;0;0;-0.7063;0;0.7063;1;1;0;0;0;0
08/06/21 01:00;0;0;90;0;0;90;0;0;0;0;8.7702;4.6101;0;0;0;0;0;0;0;0;0;0;0;0;0;1;1;1;1;0;0;0;0;0;0;0;0;0;0;0;0;0;0;0;0;0;0;0;0;0;0;0;0;0;0;0;0;0;0;0;0;0;0;0;1;1;1;1;1;1;1;1;1;1;1;1;1;1;1;1;1;1;1;0;0;0;0;0;0;0;0;0;0.0004;0.088;0;-0.0884;0;0;0;0;0;0;0;0;0;0;0;0;0;0;0;0;0;0;0;-8.7702;0;0;0;0;0.0004;0;0;0;0;0;0;0;-0.0004;-0.0884;0;0;0;0;0;0;0;0;0;-0.7063;0;0.7063;1;1;0;0;0;0
08/06/21 02:00;0;0;90;0;0;90;0;0;0;0;8.8998;5.0001;0;0;0;0;0;0;0;0;0;0;0;0;0;1;1;1;1;0;0;0;0;0;0;0;0;0;0;0;0;0;0;0;0;0;0;0;0;0;0;0;0;0;0;0;0;0;0;0;0;0;0;0;1;1;1;1;1;1;1;1;1;1;1;1;1;1;1;1;1;1;1;0;0;0;0;0;0;0;0;0;0.0004;0.088;0;-0.0884;0;0;0;0;0;0;0;0;0;0;0;0;0;0;0;0;0;0;0;-8.8998;0;0;0;0;0.0004;0;0;0;0;0;0;0;-0.0004;-0.0884;0;0;0;0;0;0;0;0;0;-0.7063;0;0.7063;1;1;0;0;0;0
08/06/21 03:00;0;0;90;0;0;90;0;0;0;0;9.2003;5.3301;0;0;0;0;0;0;0;0;0;0;0;0;0;1;1;1;1;0;0;0;0;0;0;0;0;0;0;0;0;0;0;0;0;0;0;0;0;0;0;0;0;0;0;0;0;0;0;0;0;0;0;0;1;1;1;1;1;1;1;1;1;1;1;1;1;1;1;1;1;1;1;0;0;0;0;0;0;0;0;0;0.0004;0.088;0;-0.0884;0;0;0;0;0;0;0;0;0;0;0;0;0;0;0;0;0;0;0;-9.2003;0;0;0;0;0.0004;0;0;0;0;0;0;0;-0.0004;-0.0884;0;0;0;0;0;0;0;0;0;-0.7063;0;0.7063;1;1;0;0;0;0
08/06/21 04:00;0;0;90;0;0;90;0;0;0;0;9.0999;5.53;0;0;0;0;0;0;0;0;0;0;0;0;0;1;1;1;1;0;0;0;0;0;0;0;0;0;0;0;0;0;0;0;0;0;0;0;0;0;0;0;0;0;0;0;0;0;0;0;0;0;0;0;1;1;1;1;1;1;1;1;1;1;1;1;1;1;1;1;1;1;1;0;0;0;0;0;0;0;0;0;0.0004;0.088;0;-0.0884;0;0;0;0;0;0;0;0;0;0;0;0;0;0;0;0;0;0;0;-9.0999;0;0;0;0;0.0004;0;0;0;0;0;0;0;-0.0004;-0.0884;0;0;0;0;0;0;0;0;0;-0.7063;0;0.7063;1;1;0;0;0;0
08/06/21 05:00;0;0;90;0;0;90;0;0;0;0;8.9298;5.38;0;0;0;0;0;0;0;0;0;0;0;0;0;1;1;1;1;0;0;0;0;0;0;0;0;0;0;0;0;0;0;0;0;0;0;0;0;0;0;0;0;0;0;0;0;0;0;0;0;0;0;0;1;1;1;1;1;1;1;1;1;1;1;1;1;1;1;1;1;1;1;0;0;0;0;0;0;0;0;0;0.0004;0.088;0;-0.0884;0;0;0;0;0;0;0;0;0;0;0;0;0;0;0;0;0;0;0;-8.9298;0;0;0;0;0.0004;0;0;0;0;0;0;0;-0.0004;-0.0884;0;0;0;0;0;0;0;0;0;-0.7063;0;0.7063;1;1;0;0;0;0
08/06/21 06:00;0;0;90;0;0;90;0;0;0;0;8.6997;5.6;0;0;0;0;0;0;0;0;0;0;0;0;0;1;1;1;1;0;0;0;0;0;0;0;0;0;0;0;0;0;0;0;0;0;0;0;0;0;0;0;0;0;0;0;0;0;0;0;0;0;0;0;1;1;1;1;1;1;1;1;1;1;1;1;1;1;1;1;1;1;1;0;0;0;0;0;0;0;0;0;0.0004;0.088;0;-0.0884;0;0;0;0;0;0;0;0;0;0;0;0;0;0;0;0;0;0;0;-8.6997;0;0;0;0;0.0004;0;0;0;0;0;0;0;-0.0004;-0.0884;0;0;0;0;0;0;0;0;0;-0.7063;0;0.7063;1;1;0;0;0;0
08/06/21 07:00;4.8104;-57.558;78.265;5.6946;8.2304;-90;-8.2304;39.108;29.202;9.9061;8.7403;6;0;24.025;26.463;6.3115;0;0.0282;56.828;0;56.828;24.025;6.3115;26.463;0.0282;0.4228;0.4662;0;0.0005;56.665;0.1622;0;0;0.1387;0.0235;47.487;9.1217;6.3501;1.6682;1.1024;0.001;56.609;0.0567;0.024;0.0063;0.0263;0;47.49;17.651;4.6369;25.195;0.0036;15.861;13.657;3.3412;0.0035;0.1323;1.9034;0.0028;2.0322;0;1;0;0;1.4531;0.9971;1;1;0.9948;0.1658;0.8389;0.7354;1;0.9581;0.7756;0.999;0.999;1;0.999;0.999;0.8356;0.9521;0.1284;0.1707;0.147;0.0009;0.0134;-0.0077;0.001;0.0035;0.0004;0;0;0.088;0;0.0389;0;0;0;0;0;0;0;0;0;0;0;0;0.0028;0.0001;0.1327;0.1327;0;10.679;10.679;1.9391;0.0408;124.11;1069.4;1;0.0058;0.0058;0;0;0;0;0;0;0.1269;0.0389;0;14.816;17.156;4.3421;5.028;95.61;95.61;1.3639;1.0607;0.3109;0.3031;0.7499;0.2223;0.5498;0.2279;15.8;0.2224;0
08/06/21 08:00;14.104;-48.154;53.771;18.639;32.178;-90;-32.178;95.895;87.5;8.3956;9.3997;6.16;0;20.362;78.68;5.5155;0;1.0311;105.59;0;105.59;20.362;5.5155;78.68;1.0311;0.1928;0.7549;0;0.0098;100.77;4.8222;0;0;3.9088;0.9135;97.755;2.9104;0.371;0.1005;2.4198;0.019;100.67;0.1008;0.0204;0.0055;0.0748;0.0001;98.049;19.97;5.4095;72.277;0.0985;52.717;45.389;11.916;1.5181;0.485;6.9764;0.294;5.9433;0;1;0;0;1.1011;0.9543;1;1;0.9503;0.1141;0.9711;0.9818;1;0.9676;0.8381;0.999;0.999;1;0.999;0.999;0.9258;0.9186;0.0955;0.3171;0.31;0.0019;0.0172;-0.0131;0.0021;0.0075;0.0014;0;0;0.088;0;0.1912;0;0;0;0;0;0;0;0;0;0;0;0;0.0061;0.0004;0.2866;0.2866;0;13.368;13.368;3.9687;0.0406;263.64;1086.9;1;0.0074;0.0074;0;0;0;0;0;0;0.2792;0.1912;0;17.216;19.936;11.487;13.302;97.431;97.431;2.5341;2.2902;1.5281;0.2439;0.7621;0.0963;0.3007;0.603;52.665;0.5746;0
08/06/21 09:00;22.377;-36.491;48.023;34.694;55.306;-90;-55.306;102.5;100.5;2.0006;10.46;6.72;0;3.5148;78.537;0.7;0;3.091;85.843;0;85.843;3.5148;0.7;78.537;3.091;0.0409;0.9509;0;0.036;74.163;11.68;0;0;8.7838;2.8962;71.652;2.4364;0.0406;0.0081;2.3791;0.0085;74.089;0.0742;0.0035;0.0007;0.0698;0.0002;72.901;3.4706;0.6912;67.304;0.1861;65.5;56.395;16.406;9.8319;1.015;14.601;1.2492;5.7837;0;1;0;0;0.8375;0.8639;1;1;0.8882;0.063;0.9671;0.9884;1;0.9659;0.9561;0.999;0.999;1;0.999;0.999;0.8347;0.857;0.0602;0.2578;0.2504;0.0015;0.0163;-0.0106;0.0017;0.006;0.0028;0;0;0.088;0;0.1327;0;0;0;0;0;0;0;0;0;0;0;0;0.0049;0.0003;0.2275;0.2275;0;13.379;13.379;2.9186;0.0407;211.73;1074.4;1;0.0068;0.0068;0;0;0;0;0;0;0.2207;0.1327;0;16.811;19.466;9.8048;11.354;97.009;97.009;2.0602;1.818;1.0604;0.2422;0.7577;0.1176;0.3678;0.5147;64.83;0.4566;0
08/06/21 10:00;28.457;-22.743;54.176;54.5;35.5;-90;-35.5;468.91;80.502;388.41;13.06;6.98;0;477.09;28.118;60.805;0;6.1013;572.11;0;572.11;477.09;60.805;28.118;6.1013;0.8339;0.0598;0;0.0107;564.99;7.1212;0;0;1.6306;5.4906;553.25;11.182;9.087;1.1581;0.854;0.0825;564.43;0.565;0.4771;0.0608;0.0265;0.0006;554.93;467.52;59.587;25.607;0.5275;236.51;203.64;54.19;0.762;1.7353;24.962;1.683;25.935;0;1;0;0;1.2201;0.9876;1;1;0.942;0.1001;0.9802;0.9809;1;0.9677;0.8647;0.999;0.999;1;0.999;0.999;0.967;0.9107;0.0865;1.7181;1.724;0.0104;0.0034;0.0644;0.0115;0.0409;0.0048;0;0;0.088;0;1.4359;0;0;0;0;0;0;0;0;0;0;0;0;0.0329;0.0069;1.5489;1.5489;0;35.65;35.65;22.59;0.0408;1481.5;1045.5;1;0.025;0.025;0;0;0;0;0;0;1.5239;1.4359;0;17.174;19.887;15.921;18.436;98.385;98.385;13.731;12.379;11.476;1.3519;0.9032;0.0985;0.0658;0.8358;19.301;0.8093;0
08/06/21 11:00;31.64;-7.1983;57.635;78.505;11.495;-90;-11.495;435.09;161.7;273.39;13.93;7.13;0;278.99;97.143;64.877;0;0.6109;441.62;0;441.62;278.99;64.877;97.143;0.6109;0.6317;0.2214;0;0.0014;440.22;1.3973;0;0;0.8882;0.5092;426.16;13.616;7.9126;1.84;3.8405;0.0228;439.78;0.4402;0.279;0.0649;0.0963;0.0001;426.29;270.8;62.972;92.318;0.0788;254.34;218.99;55.883;0.0479;1.9714;28.358;0.1233;30.281;0;1;0;0;1.015;0.9968;1;1;0.9909;0.1665;0.969;0.9716;1;0.9601;0.7752;0.999;0.999;1;0.999;0.999;0.965;0.9503;0.1289;1.3262;1.3437;0.0081;0.0085;0.0298;0.0091;0.0322;0.0055;0;0;0.088;0;1.1126;0;0;0;0;0;0;0;0;0;0;0;0;0.0259;0.0043;1.2202;1.2202;0;31.289;31.289;17.359;0.0407;1152.6;1058.7;1;0.0196;0.0196;0;0;0;0;0;0;1.2006;1.1126;0;17.528;20.297;15.982;18.507;98.39;98.39;10.599;9.7522;8.8919;0.8466;0.8603;0.0799;0.0812;0.839;58.459;0.8005;0
08/06/21 12:00;31.444;9.0225;57.415;75.615;14.385;90;14.385;248.3;223.2;25.105;13.4;7.05;0;25.917;211.72;8.3656;0;0.5449;246.55;0;246.55;25.917;8.3656;211.72;0.5449;0.1051;0.861;0;0.0022;243.27;3.2864;0;0;2.8311;0.4553;234.11;8.9131;0.7163;0.2312;7.9454;0.0201;243.02;0.2433;0.0259;0.0084;0.2089;0.0001;234.23;25.175;8.126;200.74;0.0694;147.71;127.18;31.756;0.2359;1.2038;17.317;0.1176;18.284;0;1;0;0;0.9929;0.9867;1;1;0.9866;0.1645;0.9633;0.9723;1;0.9619;0.7749;0.999;0.999;1;0.999;0.999;0.9495;0.9481;0.1273;0.7404;0.742;0.0045;0.0165;-0.0055;0.0051;0.018;0.0034;0;0;0.088;0;0.584;0;0;0;0;0;0;0;0;0;0;0;0;0.0145;0.0015;0.684;0.684;0;22.907;22.907;9.5066;0.0406;634.08;1078.7;1;0.0119;0.0119;0;0;0;0;0;0;0.672;0.584;0;17.598;20.378;15.027;17.401;98.256;98.256;5.9173;5.4662;4.6676;0.451;0.7986;0.0762;0.135;0.7888;128.57;0.7494;0
08/06/21 13:00;27.901;24.404;53.591;52.034;37.966;90;37.966;15.393;15.393;0;13.09;6.98;0;0;13.764;0;0;0.228;13.993;0;13.993;0;0;13.764;0.228;0;1;0;0.0163;12.897;1.0958;0;0;0.8878;0.208;12.466;0.4176;0;0;0.4154;0.0023;12.884;0.0129;0;0;0.0129;0;12.545;0;0;12.448;0.0178;9.6382;8.2985;2.2323;0.4688;0.0976;1.4041;0.0791;1.0329;0;1;0;0;0.909;0.9217;1;1;0.9355;0.088;0.9676;1;1;0.9677;0.8865;0.999;1;1;0.999;0.999;0.8909;0.9044;0.0779;0.042;0.0407;0.0002;0.0071;-0.0017;0.0002;0.0009;0.0002;0;0;0.088;0;-0.0577;0;0;0;0;0;0;0;0;0;0;0;0;0.0007;0;0.033;0.033;0;13.611;13.611;0.521;0.0418;33.105;996.86;1;0.0027;0.0027;0;0;0;0;0;0;0.0303;-0.0577;0;14.962;17.325;-26.178;-30.313;91.687;91.687;0.3358;0.2637;-0.4615;0.0721;0.7252;0.2146;2.1596;0;9.6382;0;0
08/06/21 14:00;21.535;37.917;47.209;32.707;57.293;90;57.293;9.8064;9.7982;0.0082;9.1697;6.3701;0;0.0151;7.5462;0.0003;0;0.3155;7.8771;0;7.8771;0.0151;0.0003;7.5462;0.3155;0.0019;0.998;0;0.0401;6.6908;1.1864;0;0;0.89;0.2963;6.4527;0.2314;0.0002;0;0.2302;0.001;6.6841;0.0067;0;0;0.0067;0;6.585;0.0149;0.0003;6.4193;0.0182;6.3691;5.4838;1.6049;1.0702;0.1055;1.5175;0.1323;0.5528;0;1;0;0;0.8033;0.8494;1;1;0.8821;0.0609;0.9654;0.9889;1;0.9654;0.9474;0.999;0.999;1;0.999;0.999;0.8192;0.8507;0.0577;0.0237;0.023;0.0001;0.0052;-0.0012;0.0001;0.0005;0.0002;0;0;0.088;0;-0.0727;0;0;0;0;0;0;0;0;0;0;0;0;0.0004;0;0.0176;0.0176;0;9.4428;9.4428;0.2731;0.0423;17.925;984.28;1;0.0024;0.0024;0;0;0;0;0;0;0.0153;-0.0727;0;14.208;16.453;-58.561;-67.813;86.619;86.619;0.1891;0.141;-0.5812;0.048;0.7222;0.2542;3.8199;0;6.3671;0;0
08/06/21 15:00;13.058;49.355;56.771;16.998;28.156;90;28.156;5.0009;5.0009;0;8.6997;5.4901;0;0;4.705;0;0;0.0414;4.7464;4.7464;0;0;0;0;0;1;1;1;1;0;0;0;0;0;0;0;0;0;0;0;0;0;0;0;0;0;0;0;0;0;0;0;0;0;0;0;0;0;0;0;0;0;0;0;0;1;1;1;1;1;1;1;1;1;1;1;1;1;0;0;1;0;0;0;0;0;0;0;0;0;0;0;0.0004;0.088;0;-0.0884;0;0;0;0;0;0;0;0;0;0;0;0;0;0;0;0;0;0;0;-8.6997;0;0;0;0;0.0004;0;0;0;0;0;0;0;-0.0004;-0.0884;0;0;0;0;0;0;0;0;0;-0.7063;0;0.7063;1;1;0;0;0;0
08/06/21 16:00;4.3254;57.985;79.46;5.0975;7.3467;90;7.3467;21.195;20.9;0.2946;8.5801;4.0601;0;0.7145;20.753;0.1494;0;0.0122;21.629;0;21.629;0.7145;0.1494;20.753;0.0122;0.033;0.9601;0;0.0006;21.529;0.1008;0;0;0.0906;0.0102;20.37;1.1368;0.2157;0.0451;0.8755;0.0004;21.507;0.0215;0.0007;0.0001;0.0207;0;20.372;0.498;0.1041;19.767;0.0016;12.372;10.652;2.6191;0.0017;0.1023;1.4715;0.0015;1.5721;0;1;0;0;1.0205;0.9953;1;1;0.9956;0.1645;0.9471;0.6977;1;0.9576;0.7754;0.999;0.999;1;0.999;0.999;0.9418;0.9525;0.1274;0.065;0.0645;0.0004;0.009;-0.0037;0.0004;0.0015;0.0003;0;0;0.088;0;-0.0361;0;0;0;0;0;0;0;0;0;0;0;0;0.0012;0;0.0554;0.0554;0;9.421;9.421;0.8409;0.0413;53.337;1037.8;1;0.0034;0.0034;0;0;0;0;0;0;0.0519;-0.0361;0;16.235;18.8;-10.583;-12.255;93.788;93.788;0.5191;0.4424;-0.2884;0.0767;0.7308;0.1478;1.4078;0;12.37;0;0
08/06/21 17:00;0;0;90;0;0;90;0;0;0;0;8.2902;2.7099;0;0;0;0;0;0;0;0;0;0;0;0;0;1;1;1;1;0;0;0;0;0;0;0;0;0;0;0;0;0;0;0;0;0;0;0;0;0;0;0;0;0;0;0;0;0;0;0;0;0;0;0;1;1;1;1;1;1;1;1;1;1;1;1;1;1;1;1;1;1;1;0;0;0;0;0;0;0;0;0;0.0004;0.088;0;-0.0884;0;0;0;0;0;0;0;0;0;0;0;0;0;0;0;0;0;0;0;-8.2902;0;0;0;0;0.0004;0;0;0;0;0;0;0;-0.0004;-0.0884;0;0;0;0;0;0;0;0;0;-0.7063;0;0.7063;1;1;0;0;0;0
08/06/21 18:00;0;0;90;0;0;90;0;0;0;0;7.9299;2.02;0;0;0;0;0;0;0;0;0;0;0;0;0;1;1;1;1;0;0;0;0;0;0;0;0;0;0;0;0;0;0;0;0;0;0;0;0;0;0;0;0;0;0;0;0;0;0;0;0;0;0;0;1;1;1;1;1;1;1;1;1;1;1;1;1;1;1;1;1;1;1;0;0;0;0;0;0;0;0;0;0.0004;0.088;0;-0.0884;0;0;0;0;0;0;0;0;0;0;0;0;0;0;0;0;0;0;0;-7.9299;0;0;0;0;0.0004;0;0;0;0;0;0;0;-0.0004;-0.0884;0;0;0;0;0;0;0;0;0;-0.7063;0;0.7063;1;1;0;0;0;0
08/06/21 19:00;0;0;90;0;0;90;0;0;0;0;7.2997;1.62;0;0;0;0;0;0;0;0;0;0;0;0;0;1;1;1;1;0;0;0;0;0;0;0;0;0;0;0;0;0;0;0;0;0;0;0;0;0;0;0;0;0;0;0;0;0;0;0;0;0;0;0;1;1;1;1;1;1;1;1;1;1;1;1;1;1;1;1;1;1;1;0;0;0;0;0;0;0;0;0;0.0004;0.088;0;-0.0884;0;0;0;0;0;0;0;0;0;0;0;0;0;0;0;0;0;0;0;-7.2997;0;0;0;0;0.0004;0;0;0;0;0;0;0;-0.0004;-0.0884;0;0;0;0;0;0;0;0;0;-0.7063;0;0.7063;1;1;0;0;0;0
08/06/21 20:00;0;0;90;0;0;90;0;0;0;0;6.7599;1.38;0;0;0;0;0;0;0;0;0;0;0;0;0;1;1;1;1;0;0;0;0;0;0;0;0;0;0;0;0;0;0;0;0;0;0;0;0;0;0;0;0;0;0;0;0;0;0;0;0;0;0;0;1;1;1;1;1;1;1;1;1;1;1;1;1;1;1;1;1;1;1;0;0;0;0;0;0;0;0;0;0.0004;0.088;0;-0.0884;0;0;0;0;0;0;0;0;0;0;0;0;0;0;0;0;0;0;0;-6.7599;0;0;0;0;0.0004;0;0;0;0;0;0;0;-0.0004;-0.0884;0;0;0;0;0;0;0;0;0;-0.7063;0;0.7063;1;1;0;0;0;0
08/06/21 21:00;0;0;90;0;0;90;0;0;0;0;6.8198;1.3;0;0;0;0;0;0;0;0;0;0;0;0;0;1;1;1;1;0;0;0;0;0;0;0;0;0;0;0;0;0;0;0;0;0;0;0;0;0;0;0;0;0;0;0;0;0;0;0;0;0;0;0;1;1;1;1;1;1;1;1;1;1;1;1;1;1;1;1;1;1;1;0;0;0;0;0;0;0;0;0;0.0004;0.088;0;-0.0884;0;0;0;0;0;0;0;0;0;0;0;0;0;0;0;0;0;0;0;-6.8198;0;0;0;0;0.0004;0;0;0;0;0;0;0;-0.0004;-0.0884;0;0;0;0;0;0;0;0;0;-0.7063;0;0.7063;1;1;0;0;0;0
08/06/21 22:00;0;0;90;0;0;90;0;0;0;0;6.3398;1.4201;0;0;0;0;0;0;0;0;0;0;0;0;0;1;1;1;1;0;0;0;0;0;0;0;0;0;0;0;0;0;0;0;0;0;0;0;0;0;0;0;0;0;0;0;0;0;0;0;0;0;0;0;1;1;1;1;1;1;1;1;1;1;1;1;1;1;1;1;1;1;1;0;0;0;0;0;0;0;0;0;0.0004;0.088;0;-0.0884;0;0;0;0;0;0;0;0;0;0;0;0;0;0;0;0;0;0;0;-6.3398;0;0;0;0;0.0004;0;0;0;0;0;0;0;-0.0004;-0.0884;0;0;0;0;0;0;0;0;0;-0.7063;0;0.7063;1;1;0;0;0;0
08/06/21 23:00;0;0;90;0;0;90;0;0;0;0;5.9502;1.7401;0;0;0;0;0;0;0;0;0;0;0;0;0;1;1;1;1;0;0;0;0;0;0;0;0;0;0;0;0;0;0;0;0;0;0;0;0;0;0;0;0;0;0;0;0;0;0;0;0;0;0;0;1;1;1;1;1;1;1;1;1;1;1;1;1;1;1;1;1;1;1;0;0;0;0;0;0;0;0;0;0.0004;0.088;0;-0.0884;0;0;0;0;0;0;0;0;0;0;0;0;0;0;0;0;0;0;0;-5.9502;0;0;0;0;0.0004;0;0;0;0;0;0;0;-0.0004;-0.0884;0;0;0;0;0;0;0;0;0;-0.7063;0;0.7063;1;1;0;0;0;0
09/06/21 00:00;0;0;90;0;0;90;0;0;0;0;5.5999;1.65;0;0;0;0;0;0;0;0;0;0;0;0;0;1;1;1;1;0;0;0;0;0;0;0;0;0;0;0;0;0;0;0;0;0;0;0;0;0;0;0;0;0;0;0;0;0;0;0;0;0;0;0;1;1;1;1;1;1;1;1;1;1;1;1;1;1;1;1;1;1;1;0;0;0;0;0;0;0;0;0;0.0004;0.088;0;-0.0884;0;0;0;0;0;0;0;0;0;0;0;0;0;0;0;0;0;0;0;-5.5999;0;0;0;0;0.0004;0;0;0;0;0;0;0;-0.0004;-0.0884;0;0;0;0;0;0;0;0;0;-0.7063;0;0.7063;1;1;0;0;0;0
09/06/21 01:00;0;0;90;0;0;90;0;0;0;0;4.8999;1.6601;0;0;0;0;0;0;0;0;0;0;0;0;0;1;1;1;1;0;0;0;0;0;0;0;0;0;0;0;0;0;0;0;0;0;0;0;0;0;0;0;0;0;0;0;0;0;0;0;0;0;0;0;1;1;1;1;1;1;1;1;1;1;1;1;1;1;1;1;1;1;1;0;0;0;0;0;0;0;0;0;0.0004;0.088;0;-0.0884;0;0;0;0;0;0;0;0;0;0;0;0;0;0;0;0;0;0;0;-4.8999;0;0;0;0;0.0004;0;0;0;0;0;0;0;-0.0004;-0.0884;0;0;0;0;0;0;0;0;0;-0.7063;0;0.7063;1;1;0;0;0;0
09/06/21 02:00;0;0;90;0;0;90;0;0;0;0;5.4603;1.88;0;0;0;0;0;0;0;0;0;0;0;0;0;1;1;1;1;0;0;0;0;0;0;0;0;0;0;0;0;0;0;0;0;0;0;0;0;0;0;0;0;0;0;0;0;0;0;0;0;0;0;0;1;1;1;1;1;1;1;1;1;1;1;1;1;1;1;1;1;1;1;0;0;0;0;0;0;0;0;0;0.0004;0.088;0;-0.0884;0;0;0;0;0;0;0;0;0;0;0;0;0;0;0;0;0;0;0;-5.4603;0;0;0;0;0.0004;0;0;0;0;0;0;0;-0.0004;-0.0884;0;0;0;0;0;0;0;0;0;-0.7063;0;0.7063;1;1;0;0;0;0
09/06/21 03:00;0;0;90;0;0;90;0;0;0;0;5.8;1.87;0;0;0;0;0;0;0;0;0;0;0;0;0;1;1;1;1;0;0;0;0;0;0;0;0;0;0;0;0;0;0;0;0;0;0;0;0;0;0;0;0;0;0;0;0;0;0;0;0;0;0;0;1;1;1;1;1;1;1;1;1;1;1;1;1;1;1;1;1;1;1;0;0;0;0;0;0;0;0;0;0.0004;0.088;0;-0.0884;0;0;0;0;0;0;0;0;0;0;0;0;0;0;0;0;0;0;0;-5.8;0;0;0;0;0.0004;0;0;0;0;0;0;0;-0.0004;-0.0884;0;0;0;0;0;0;0;0;0;-0.7063;0;0.7063;1;1;0;0;0;0
09/06/21 04:00;0;0;90;0;0;90;0;0;0;0;6.0001;1.95;0;0;0;0;0;0;0;0;0;0;0;0;0;1;1;1;1;0;0;0;0;0;0;0;0;0;0;0;0;0;0;0;0;0;0;0;0;0;0;0;0;0;0;0;0;0;0;0;0;0;0;0;1;1;1;1;1;1;1;1;1;1;1;1;1;1;1;1;1;1;1;0;0;0;0;0;0;0;0;0;0.0004;0.088;0;-0.0884;0;0;0;0;0;0;0;0;0;0;0;0;0;0;0;0;0;0;0;-6.0001;0;0;0;0;0.0004;0;0;0;0;0;0;0;-0.0004;-0.0884;0;0;0;0;0;0;0;0;0;-0.7063;0;0.7063;1;1;0;0;0;0
09/06/21 05:00;0;0;90;0;0;90;0;0;0;0;5.7003;2.0701;0;0;0;0;0;0;0;0;0;0;0;0;0;1;1;1;1;0;0;0;0;0;0;0;0;0;0;0;0;0;0;0;0;0;0;0;0;0;0;0;0;0;0;0;0;0;0;0;0;0;0;0;1;1;1;1;1;1;1;1;1;1;1;1;1;1;1;1;1;1;1;0;0;0;0;0;0;0;0;0;0.0004;0.088;0;-0.0884;0;0;0;0;0;0;0;0;0;0;0;0;0;0;0;0;0;0;0;-5.7003;0;0;0;0;0.0004;0;0;0;0;0;0;0;-0.0004;-0.0884;0;0;0;0;0;0;0;0;0;-0.7063;0;0.7063;1;1;0;0;0;0
09/06/21 06:00;0;0;90;0;0;90;0;0;0;0;5.3998;1.95;0;0;0;0;0;0;0;0;0;0;0;0;0;1;1;1;1;0;0;0;0;0;0;0;0;0;0;0;0;0;0;0;0;0;0;0;0;0;0;0;0;0;0;0;0;0;0;0;0;0;0;0;1;1;1;1;1;1;1;1;1;1;1;1;1;1;1;1;1;1;1;0;0;0;0;0;0;0;0;0;0.0004;0.088;0;-0.0884;0;0;0;0;0;0;0;0;0;0;0;0;0;0;0;0;0;0;0;-5.3998;0;0;0;0;0.0004;0;0;0;0;0;0;0;-0.0004;-0.0884;0;0;0;0;0;0;0;0;0;-0.7063;0;0.7063;1;1;0;0;0;0
09/06/21 07:00;4.7241;-57.523;78.478;5.5947;8.082;-90;-8.082;13.791;13.603;0.188;5.1;1.5001;0;0.4559;13.513;0.0568;0;0.0096;14.035;0;14.035;0.4559;0.0568;13.513;0.0096;0.0325;0.9635;0;0.0007;13.958;0.0767;0;0;0.0687;0.008;13.241;0.7032;0.1234;0.0154;0.5641;0.0004;13.944;0.014;0.0005;0.0001;0.0134;0;13.242;0.332;0.0414;12.866;0.0012;8.0665;6.9452;1.7087;0.0017;0.0667;0.959;0.0013;1.024;0;1;0;0;1.0177;0.9945;1;1;0.9949;0.1657;0.9496;0.7291;1;0.958;0.7756;0.999;0.999;1;0.999;0.999;0.9434;0.9522;0.1284;0.0421;0.0419;0.0003;0.0072;-0.0029;0.0003;0.0009;0.0002;0;0;0.088;0;-0.0557;0;0;0;0;0;0;0;0;0;0;0;0;0.0007;0;0.0352;0.0352;0;5.6492;5.6492;0.5492;0.0415;34.034;1034.9;1;0.0029;0.0029;0;0;0;0;0;0;0.0323;-0.0557;0;15.92;18.435;-25.161;-29.136;91.798;91.798;0.3368;0.2815;-0.4449;0.0553;0.7264;0.1643;2.1565;0;8.0654;0;0
09/06/21 08:00;14.015;-48.13;54.033;18.53;31.893;-90;-31.893;43.504;42.898;0.6053;5.5002;0.8601;0;1.4679;39.586;0.1962;0;0.4597;41.709;0;41.709;1.4679;0.1962;39.586;0.4597;0.0352;0.9601;0;0.011;39.364;2.3458;0;0;1.9391;0.4067;38.065;1.2589;0.0275;0.0037;1.2191;0.0087;39.324;0.0394;0.0015;0.0002;0.0376;0.0001;38.21;1.4389;0.1923;36.39;0.0443;26.445;22.769;5.968;0.7407;0.2426;3.4892;0.1446;2.9911;0;1;0;0;0.9588;0.9438;1;1;0.951;0.1153;0.968;0.9812;1;0.9676;0.836;0.999;0.999;1;0.999;0.999;0.9126;0.9193;0.0963;0.1253;0.1224;0.0007;0.0124;-0.0081;0.0008;0.0029;0.0007;0;0;0.088;0;0.0173;0;0;0;0;0;0;0;0;0;0;0;0;0.0023;0.0001;0.1105;0.1105;0;7.0542;7.0542;1.554;0.0408;102.76;1075.8;1;0.0052;0.0052;0;0;0;0;0;0;0.1053;0.0173;0;16.813;19.469;2.6337;3.0498;95.271;95.271;1.001;0.8835;0.1384;0.1176;0.7451;0.1174;0.7443;0.1383;26.442;0.1301;0
09/06/21 09:00;22.284;-36.482;48.073;34.576;55.424;-90;-55.424;106.31;104;2.3039;5.5999;0.7801;0;4.0597;81.139;0.8402;0;3.2184;89.257;0;89.257;4.0597;0.8402;81.139;3.2184;0.0455;0.9451;0;0.0361;77.139;12.118;0;0;9.1028;3.0157;74.537;2.5247;0.0471;0.0097;2.4589;0.009;77.062;0.0771;0.0041;0.0008;0.072;0.0002;75.835;4.0085;0.8296;69.505;0.1936;67.834;58.405;17.007;10.234;1.0535;15.154;1.2982;5.9738;0;1;0;0;0.8396;0.8642;1;1;0.8878;0.063;0.9672;0.9884;1;0.9658;0.9558;0.999;0.999;1;0.999;0.999;0.8351;0.8566;0.0602;0.268;0.2604;0.0016;0.0165;-0.0155;0.0018;0.0064;0.003;0;0;0.088;0;0.1461;0;0;0;0;0;0;0;0;0;0;0;0;0.0052;0.0003;0.2412;0.2412;0;8.6224;8.6224;3.0225;0.0405;220.01;1096.2;1;0.0071;0.0071;0;0;0;0;0;0;0.2341;0.1461;0;17.141;19.849;10.381;12.021;97.047;97.047;2.1422;1.9276;1.1673;0.2146;0.7602;0.1002;0.3549;0.5449;67.064;0.4835;0
09/06/21 10:00;28.365;-22.755;54.238;54.382;35.618;-90;-35.618;161.1;156;5.1003;6.0101;1.7599;0;6.274;140.26;1.5545;0;2.1097;150.2;0;150.2;6.274;1.5545;140.26;2.1097;0.0418;0.9479;0;0.014;140.13;10.076;0;0;8.1765;1.8996;135.55;4.4367;0.1203;0.0298;4.2583;0.0282;139.99;0.1401;0.0063;0.0016;0.1321;0.0002;136.25;6.1474;1.5232;127.7;0.1818;99.521;85.688;22.815;3.8376;0.958;13.78;0.7043;10.9;0;1;0;0;0.9323;0.9329;1;1;0.9417;0.0996;0.9683;0.9808;1;0.9677;0.8658;0.999;0.999;1;0.999;0.999;0.9024;0.9104;0.0861;0.4511;0.4394;0.0026;0.018;-0.0213;0.0031;0.0109;0.0028;0;0;0.088;0;0.317;0;0;0;0;0;0;0;0;0;0;0;0;0.0088;0.0006;0.4139;0.4139;0;11.487;11.487;5.4768;0.0404;373.98;1106.7;1;0.0089;0.0089;0;0;0;0;0;0;0.405;0.317;0;17.48;20.242;13.388;15.503;97.849;97.849;3.6048;3.3078;2.5334;0.297;0.7744;0.0824;0.2148;0.7028;96.369;0.6576;0
09/06/21 11:00;31.553;-7.2362;57.712;78.408;11.592;-90;-11.592;196.79;188.4;8.3882;7.2798;2.7001;0;8.5629;184.23;2.3263;0;0.281;195.4;0;195.4;8.5629;2.3263;184.23;0.281;0.0438;0.9443;0;0.0014;193.45;1.9425;0;0;1.7083;0.2342;185.67;7.5933;0.2451;0.0666;7.2711;0.0105;193.26;0.1935;0.0086;0.0023;0.1825;0;185.72;8.3092;2.2574;175.06;0.0362;117.09;100.82;24.958;0.0935;0.9623;13.842;0.0534;14.711;0;1;0;0;0.9929;0.9901;1;1;0.9907;0.1665;0.9607;0.9714;1;0.9601;0.7752;0.999;0.999;1;0.999;0.999;0.9502;0.9503;0.1289;0.5868;0.5886;0.0035;0.0177;-0.0215;0.0041;0.0146;0.0028;0;0;0.088;0;0.4561;0;0;0;0;0;0;0;0;0;0;0;0;0.0118;0.001;0.5545;0.5545;0;14.782;14.782;7.5019;0.0404;502.22;1104;1;0.0104;0.0104;0;0;0;0;0;0;0.5441;0.4561;0;18.001;20.844;14.807;17.147;98.131;98.131;4.6895;4.4312;3.6451;0.2583;0.7861;0.0551;0.1676;0.7773;110.89;0.7381;0
09/06/21 12:00;31.367;8.9605;57.504;75.668;14.332;90;14.332;388.7;208.1;180.6;8.8899;3.62;0;186.4;151.23;56.231;0;0.8468;394.71;0;394.71;186.4;56.231;151.23;0.8468;0.4723;0.3853;0;0.0021;391.99;2.7172;0;0;2.0096;0.7075;379.11;12.489;5.206;1.5705;5.6808;0.0313;391.6;0.392;0.1864;0.0562;0.1492;0.0001;379.29;181.01;54.605;143.39;0.1078;227.34;195.74;50.036;0.1664;1.7647;25.384;0.1856;26.983;0;1;0;0;1.0155;0.9931;1;1;0.9867;0.1645;0.9681;0.972;1;0.9619;0.7749;0.999;0.999;1;0.999;0.999;0.9605;0.9482;0.1273;1.1853;1.1959;0.0072;0.0107;-0.0032;0.0083;0.0293;0.005;0;0;0.088;0;1.0051;0;0;0;0;0;0;0;0;0;0;0;0;0.0236;0.0035;1.1115;1.1115;0;24.251;24.251;15.361;0.0405;1023;1086.5;1;0.0184;0.0184;0;0;0;0;0;0;1.0931;1.0051;0;17.864;20.686;16.154;18.706;98.344;98.344;9.473;8.8831;8.0327;0.5898;0.8504;0.0623;0.0898;0.848;91.814;0.809;0
09/06/21 13:00;27.839;24.326;53.683;52.045;37.955;90;37.955;432.11;124;308.11;8.9703;4.4699;0;390.75;55.682;78.291;0;6.3974;531.12;0;531.12;390.75;78.291;55.682;6.3974;0.7357;0.1169;0;0.012;521.7;9.4241;0;0;3.5898;5.8344;510.97;10.211;7.0532;1.4132;1.6803;0.0639;521.18;0.5217;0.3908;0.0783;0.0521;0.0006;512.76;383.31;76.8;50.359;0.4985;216.38;186.3;49.604;1.8959;1.6637;23.932;1.7922;23.7;0;1;0;0;1.2291;0.9823;1;1;0.9355;0.088;0.9804;0.9819;1;0.9677;0.8863;0.999;0.999;1;0.999;0.999;0.962;0.9044;0.0779;1.595;1.5948;0.0096;0.005;0.0265;0.0109;0.0386;0.0047;0;0;0.088;0;1.3508;0;0;0;0;0;0;0;0;0;0;0;0;0.0311;0.0059;1.4626;1.4626;0;29.738;29.738;20.768;0.0406;1369.1;1068.3;1;0.0238;0.0238;0;0;0;0;0;0;1.4388;1.3508;0;17.469;20.229;16.134;18.683;98.376;98.376;12.747;11.689;10.796;1.0578;0.8931;0.083;0.0701;0.8469;38.986;0.8193;0
09/06/21 14:00;21.489;37.83;47.301;32.696;57.304;90;57.304;189.99;168.4;21.593;9.2003;4.8401;0;39.974;123.92;13.866;0;6.1155;183.87;0;183.87;39.974;13.866;123.92;6.1155;0.2174;0.7072;0;0.0333;163.51;20.363;0;0;14.62;5.7429;158.94;4.4;0.4454;0.1545;3.7805;0.0196;163.34;0.1635;0.04;0.0139;0.1093;0.0004;161.28;39.488;13.698;105.41;0.3526;111.56;96.054;27.804;17.588;1.7925;25.785;2.333;9.9896;0;1;0;0;0.9678;0.8893;1;1;0.882;0.0609;0.9731;0.9888;1;0.9654;0.9474;0.999;0.999;1;0.999;0.999;0.8644;0.8506;0.0577;0.5522;0.5401;0.0033;0.018;-0.0181;0.0038;0.0133;0.0051;0;0;0.088;0;0.4055;0;0;0;0;0;0;0;0;0;0;0;0;0.0107;0.0009;0.5032;0.5032;0;15.636;15.636;6.4355;0.0405;459.64;1094.8;1;0.0097;0.0097;0;0;0;0;0;0;0.4935;0.4055;0;17.361;20.103;13.989;16.199;98.067;98.067;4.4129;4.0215;3.2405;0.3913;0.781;0.0887;0.177;0.7343;104.57;0.6646;0
09/06/21 15:00;13.025;49.265;56.865;16.977;28.108;90;28.108;25.59;25.397;0.1934;8.3002;4.19;0;0.469;23.884;0.0399;0;0.2113;24.604;0;24.604;0.469;0.0399;23.884;0.2113;0.0191;0.9793;0;0.0086;23.461;1.1425;0;0;0.9585;0.184;22.669;0.7693;0.0122;0.001;0.751;0.0052;23.438;0.0235;0.0005;0;0.0229;0;22.732;0.4564;0.0388;22.151;0.0221;15.544;13.384;3.4548;0.2884;0.1365;1.9632;0.0631;1.8112;0;1;0;0;0.9615;0.9536;1;1;0.9599;0.1291;0.9672;0.9741;1;0.9672;0.8109;0.999;0.999;1;0.999;0.999;0.9213;0.9275;0.1045;0.0739;0.0726;0.0004;0.0096;-0.0042;0.0005;0.0017;0.0004;0;0;0.088;0;-0.0288;0;0;0;0;0;0;0;0;0;0;0;0;0.0013;0.0001;0.0629;0.0629;0;9.2343;9.2343;0.9341;0.0412;60.264;1043.5;1;0.0037;0.0037;0;0;0;0;0;0;0.0592;-0.0288;0;16.214;18.776;-7.4202;-8.5924;94.169;94.169;0.5905;0.5026;-0.23;0.0879;0.7326;0.1489;1.2407;0;15.543;0;0
09/06/21 16:00;4.3023;57.895;79.517;5.0752;7.3138;90;7.3138;1.4065;1.3967;0.0098;7.6002;3.21;0;0.0238;1.3909;0.0003;0;0.0008;1.4158;1.4158;0;0.0238;0;0;0;1;1;1;1;0;0;0;0;0;0;0;0;0;0;0;0;0;0;0;0;0;0;0;0;0;0;0;0;0;0;0;0;0;0;0;0;0;0;0;0;1;1;1;1;1;1;1;1;1;1;1;0;1;0;0;1;0;0;0;0;0;0;0;0;0;0;0;0.0004;0.088;0;-0.0884;0;0;0;0;0;0;0;0;0;0;0;0;0;0;0;0;0;0;0;-7.6002;0;0;0;0;0.0004;0;0;0;0;0;0;0;-0.0004;-0.0884;0;0;0;0;0;0;0;0;0;-0.7063;0;0.7063;1;1;0;0;0;0
09/06/21 17:00;0;0;90;0;0;90;0;0;0;0;7.4001;3.32;0;0;0;0;0;0;0;0;0;0;0;0;0;1;1;1;1;0;0;0;0;0;0;0;0;0;0;0;0;0;0;0;0;0;0;0;0;0;0;0;0;0;0;0;0;0;0;0;0;0;0;0;1;1;1;1;1;1;1;1;1;1;1;1;1;1;1;1;1;1;1;0;0;0;0;0;0;0;0;0;0.0004;0.088;0;-0.0884;0;0;0;0;0;0;0;0;0;0;0;0;0;0;0;0;0;0;0;-7.4001;0;0;0;0;0.0004;0;0;0;0;0;0;0;-0.0004;-0.0884;0;0;0;0;0;0;0;0;0;-0.7063;0;0.7063;1;1;0;0;0;0
09/06/21 18:00;0;0;90;0;0;90;0;0;0;0;7.5902;3.0399;0;0;0;0;0;0;0;0;0;0;0;0;0;1;1;1;1;0;0;0;0;0;0;0;0;0;0;0;0;0;0;0;0;0;0;0;0;0;0;0;0;0;0;0;0;0;0;0;0;0;0;0;1;1;1;1;1;1;1;1;1;1;1;1;1;1;1;1;1;1;1;0;0;0;0;0;0;0;0;0;0.0004;0.088;0;-0.0884;0;0;0;0;0;0;0;0;0;0;0;0;0;0;0;0;0;0;0;-7.5902;0;0;0;0;0.0004;0;0;0;0;0;0;0;-0.0004;-0.0884;0;0;0;0;0;0;0;0;0;-0.7063;0;0.7063;1;1;0;0;0;0
09/06/21 19:00;0;0;90;0;0;90;0;0;0;0;7.45;2.8699;0;0;0;0;0;0;0;0;0;0;0;0;0;1;1;1;1;0;0;0;0;0;0;0;0;0;0;0;0;0;0;0;0;0;0;0;0;0;0;0;0;0;0;0;0;0;0;0;0;0;0;0;1;1;1;1;1;1;1;1;1;1;1;1;1;1;1;1;1;1;1;0;0;0;0;0;0;0;0;0;0.0004;0.088;0;-0.0884;0;0;0;0;0;0;0;0;0;0;0;0;0;0;0;0;0;0;0;-7.45;0;0;0;0;0.0004;0;0;0;0;0;0;0;-0.0004;-0.0884;0;0;0;0;0;0;0;0;0;-0.7063;0;0.7063;1;1;0;0;0;0
09/06/21 20:00;0;0;90;0;0;90;0;0;0;0;6.7998;2.7801;0;0;0;0;0;0;0;0;0;0;0;0;0;1;1;1;1;0;0;0;0;0;0;0;0;0;0;0;0;0;0;0;0;0;0;0;0;0;0;0;0;0;0;0;0;0;0;0;0;0;0;0;1;1;1;1;1;1;1;1;1;1;1;1;1;1;1;1;1;1;1;0;0;0;0;0;0;0;0;0;0.0004;0.088;0;-0.0884;0;0;0;0;0;0;0;0;0;0;0;0;0;0;0;0;0;0;0;-6.7998;0;0;0;0;0.0004;0;0;0;0;0;0;0;-0.0004;-0.0884;0;0;0;0;0;0;0;0;0;-0.7063;0;0.7063;1;1;0;0;0;0
09/06/21 21:00;0;0;90;0;0;90;0;0;0;0;6.5997;2.7099;0;0;0;0;0;0;0;0;0;0;0;0;0;1;1;1;1;0;0;0;0;0;0;0;0;0;0;0;0;0;0;0;0;0;0;0;0;0;0;0;0;0;0;0;0;0;0;0;0;0;0;0;1;1;1;1;1;1;1;1;1;1;1;1;1;1;1;1;1;1;1;0;0;0;0;0;0;0;0;0;0.0004;0.088;0;-0.0884;0;0;0;0;0;0;0;0;0;0;0;0;0;0;0;0;0;0;0;-6.5997;0;0;0;0;0.0004;0;0;0;0;0;0;0;-0.0004;-0.0884;0;0;0;0;0;0;0;0;0;-0.7063;0;0.7063;1;1;0;0;0;0
09/06/21 22:00;0;0;90;0;0;90;0;0;0;0;6.4003;2.84;0;0;0;0;0;0;0;0;0;0;0;0;0;1;1;1;1;0;0;0;0;0;0;0;0;0;0;0;0;0;0;0;0;0;0;0;0;0;0;0;0;0;0;0;0;0;0;0;0;0;0;0;1;1;1;1;1;1;1;1;1;1;1;1;1;1;1;1;1;1;1;0;0;0;0;0;0;0;0;0;0.0004;0.088;0;-0.0884;0;0;0;0;0;0;0;0;0;0;0;0;0;0;0;0;0;0;0;-6.4003;0;0;0;0;0.0004;0;0;0;0;0;0;0;-0.0004;-0.0884;0;0;0;0;0;0;0;0;0;-0.7063;0;0.7063;1;1;0;0;0;0
09/06/21 23:00;0;0;90;0;0;90;0;0;0;0;6.0001;3.24;0;0;0;0;0;0;0;0;0;0;0;0;0;1;1;1;1;0;0;0;0;0;0;0;0;0;0;0;0;0;0;0;0;0;0;0;0;0;0;0;0;0;0;0;0;0;0;0;0;0;0;0;1;1;1;1;1;1;1;1;1;1;1;1;1;1;1;1;1;1;1;0;0;0;0;0;0;0;0;0;0.0004;0.088;0;-0.0884;0;0;0;0;0;0;0;0;0;0;0;0;0;0;0;0;0;0;0;-6.0001;0;0;0;0;0.0004;0;0;0;0;0;0;0;-0.0004;-0.0884;0;0;0;0;0;0;0;0;0;-0.7063;0;0.7063;1;1;0;0;0;0
10/06/21 00:00;0;0;90;0;0;90;0;0;0;0;5.8;3.2601;0;0;0;0;0;0;0;0;0;0;0;0;0;1;1;1;1;0;0;0;0;0;0;0;0;0;0;0;0;0;0;0;0;0;0;0;0;0;0;0;0;0;0;0;0;0;0;0;0;0;0;0;1;1;1;1;1;1;1;1;1;1;1;1;1;1;1;1;1;1;1;0;0;0;0;0;0;0;0;0;0.0004;0.088;0;-0.0884;0;0;0;0;0;0;0;0;0;0;0;0;0;0;0;0;0;0;0;-5.8;0;0;0;0;0.0004;0;0;0;0;0;0;0;-0.0004;-0.0884;0;0;0;0;0;0;0;0;0;-0.7063;0;0.7063;1;1;0;0;0;0
10/06/21 01:00;0;0;90;0;0;90;0;0;0;0;5.7302;3.63;0;0;0;0;0;0;0;0;0;0;0;0;0;1;1;1;1;0;0;0;0;0;0;0;0;0;0;0;0;0;0;0;0;0;0;0;0;0;0;0;0;0;0;0;0;0;0;0;0;0;0;0;1;1;1;1;1;1;1;1;1;1;1;1;1;1;1;1;1;1;1;0;0;0;0;0;0;0;0;0;0.0004;0.088;0;-0.0884;0;0;0;0;0;0;0;0;0;0;0;0;0;0;0;0;0;0;0;-5.7302;0;0;0;0;0.0004;0;0;0;0;0;0;0;-0.0004;-0.0884;0;0;0;0;0;0;0;0;0;-0.7063;0;0.7063;1;1;0;0;0;0
10/06/21 02:00;0;0;90;0;0;90;0;0;0;0;5.5002;4.2101;0;0;0;0;0;0;0;0;0;0;0;0;0;1;1;1;1;0;0;0;0;0;0;0;0;0;0;0;0;0;0;0;0;0;0;0;0;0;0;0;0;0;0;0;0;0;0;0;0;0;0;0;1;1;1;1;1;1;1;1;1;1;1;1;1;1;1;1;1;1;1;0;0;0;0;0;0;0;0;0;0.0004;0.088;0;-0.0884;0;0;0;0;0;0;0;0;0;0;0;0;0;0;0;0;0;0;0;-5.5002;0;0;0;0;0.0004;0;0;0;0;0;0;0;-0.0004;-0.0884;0;0;0;0;0;0;0;0;0;-0.7063;0;0.7063;1;1;0;0;0;0
10/06/21 03:00;0;0;90;0;0;90;0;0;0;0;5.1997;4.2101;0;0;0;0;0;0;0;0;0;0;0;0;0;1;1;1;1;0;0;0;0;0;0;0;0;0;0;0;0;0;0;0;0;0;0;0;0;0;0;0;0;0;0;0;0;0;0;0;0;0;0;0;1;1;1;1;1;1;1;1;1;1;1;1;1;1;1;1;1;1;1;0;0;0;0;0;0;0;0;0;0.0004;0.088;0;-0.0884;0;0;0;0;0;0;0;0;0;0;0;0;0;0;0;0;0;0;0;-5.1997;0;0;0;0;0.0004;0;0;0;0;0;0;0;-0.0004;-0.0884;0;0;0;0;0;0;0;0;0;-0.7063;0;0.7063;1;1;0;0;0;0
10/06/21 04:00;0;0;90;0;0;90;0;0;0;0;6.0998;4.1301;0;0;0;0;0;0;0;0;0;0;0;0;0;1;1;1;1;0;0;0;0;0;0;0;0;0;0;0;0;0;0;0;0;0;0;0;0;0;0;0;0;0;0;0;0;0;0;0;0;0;0;0;1;1;1;1;1;1;1;1;1;1;1;1;1;1;1;1;1;1;1;0;0;0;0;0;0;0;0;0;0.0004;0.088;0;-0.0884;0;0;0;0;0;0;0;0;0;0;0;0;0;0;0;0;0;0;0;-6.0998;0;0;0;0;0.0004;0;0;0;0;0;0;0;-0.0004;-0.0884;0;0;0;0;0;0;0;0;0;-0.7063;0;0.7063;1;1;0;0;0;0
10/06/21 05:00;0;0;90;0;0;90;0;0;0;0;5.7003;4.3099;0;0;0;0;0;0;0;0;0;0;0;0;0;1;1;1;1;0;0;0;0;0;0;0;0;0;0;0;0;0;0;0;0;0;0;0;0;0;0;0;0;0;0;0;0;0;0;0;0;0;0;0;1;1;1;1;1;1;1;1;1;1;1;1;1;1;1;1;1;1;1;0;0;0;0;0;0;0;0;0;0.0004;0.088;0;-0.0884;0;0;0;0;0;0;0;0;0;0;0;0;0;0;0;0;0;0;0;-5.7003;0;0;0;0;0.0004;0;0;0;0;0;0;0;-0.0004;-0.0884;0;0;0;0;0;0;0;0;0;-0.7063;0;0.7063;1;1;0;0;0;0
10/06/21 06:00;0;0;90;0;0;90;0;0;0;0;5.3001;3.96;0;0;0;0;0;0;0;0;0;0;0;0;0;1;1;1;1;0;0;0;0;0;0;0;0;0;0;0;0;0;0;0;0;0;0;0;0;0;0;0;0;0;0;0;0;0;0;0;0;0;0;0;1;1;1;1;1;1;1;1;1;1;1;1;1;1;1;1;1;1;1;0;0;0;0;0;0;0;0;0;0.0004;0.088;0;-0.0884;0;0;0;0;0;0;0;0;0;0;0;0;0;0;0;0;0;0;0;-5.3001;0;0;0;0;0.0004;0;0;0;0;0;0;0;-0.0004;-0.0884;0;0;0;0;0;0;0;0;0;-0.7063;0;0.7063;1;1;0;0;0;0
10/06/21 07:00;4.8139;-57.341;78.257;5.7124;8.2568;-90;-8.2568;83.608;13.803;69.805;5.3799;4.1401;0;169.3;5.1109;21.016;0;0.0607;195.48;0;195.48;169.3;21.016;5.1109;0.0607;0.866;0.0265;0;0.0003;195.41;0.0775;0;0;0.0269;0.0506;144.74;50.47;44.705;5.5496;0.2128;0.0023;195.21;0.1954;0.1693;0.021;0.0051;0;144.74;124.42;15.446;4.866;0.0078;3.4361;2.9585;0.7767;0.0007;0.0252;0.3628;0.0005;0.3873;0;1;0;0;2.3381;0.9996;1;1;0.9947;0.1658;0.7415;0.7357;1;0.9581;0.7755;0.999;0.999;1;0.999;0.999;0.7404;0.9521;0.1284;0.587;0.4367;0.0026;0.018;-0.0216;0.0031;0.0109;0.0001;0;0;0.088;0;0.3173;0;0;0;0;0;0;0;0;0;0;0;0;0.0087;0.0006;0.4143;0.4143;0;11.223;11.223;5.8434;0.0404;372.83;1111.2;1;0.009;0.009;0;0;0;0;0;0;0.4053;0.3173;0;13.444;15.568;10.298;11.925;97.839;97.839;4.6916;3.311;2.5362;1.3806;0.7748;0.2943;0.1652;0.5406;3.0517;0.5398;0
10/06/21 08:00;13.929;-48.111;54.281;18.426;31.621;-90;-31.621;137;91.497;45.499;6.5;4.0699;0;110.35;72.622;31.656;0;1.4238;216.05;0;216.05;110.35;31.656;72.622;1.4238;0.5108;0.3427;0;0.0066;211.28;4.7674;0;0;3.5095;1.258;206.07;5.0028;2.1261;0.6099;2.2393;0.0275;211.07;0.2113;0.1103;0.0317;0.0691;0.0002;206.33;108.11;31.014;66.804;0.1382;48.701;41.932;10.903;1.3195;0.4495;6.4658;0.2651;5.5959;0;1;0;0;1.577;0.9779;1;1;0.9517;0.1165;0.9763;0.9807;1;0.9676;0.8341;0.999;0.999;1;0.999;0.999;0.9538;0.9199;0.097;0.6488;0.6351;0.0038;0.0174;-0.023;0.0045;0.0158;0.0013;0;0;0.088;0;0.5023;0;0;0;0;0;0;0;0;0;0;0;0;0.0127;0.0012;0.6014;0.6014;0;14.819;14.819;8.3194;0.0404;542.8;1107.9;1;0.0111;0.0111;0;0;0;0;0;0;0.5903;0.5023;0;17.658;20.448;14.75;17.08;98.162;98.162;5.1852;4.8063;4.0146;0.3789;0.7916;0.0731;0.1527;0.7743;48.414;0.7573;0
10/06/21 09:00;22.197;-36.478;48.116;34.463;55.537;-90;-55.537;272.51;130.6;141.91;7.5098;4.26;0;250.78;73.261;65.43;0;8.2813;397.76;0;397.76;250.78;65.43;73.261;8.2813;0.6305;0.205;0;0.0208;381.75;16.003;0;0;8.2434;7.7596;375.45;5.9185;2.914;0.7603;2.221;0.0232;381.37;0.3818;0.2508;0.0654;0.065;0.0005;377.58;247.62;64.605;62.732;0.498;109.82;94.556;25.676;9.3087;1.3545;19.484;2.1273;11.529;0;1;0;0;1.4596;0.9598;1;1;0.8875;0.063;0.9845;0.9884;1;0.9658;0.9554;0.999;0.999;1;0.999;0.999;0.9439;0.8563;0.0601;1.1945;1.1783;0.0071;0.0109;-0.0095;0.0082;0.029;0.0039;0;0;0.088;0;0.9956;0;0;0;0;0;0;0;0;0;0;0;0;0.0234;0.0034;1.102;1.102;0;22.704;22.704;15.194;0.0405;1007.7;1093.5;1;0.0184;0.0184;0;0;0;0;0;0;1.0836;0.9956;0;17.575;20.351;15.878;18.387;98.333;98.333;9.5461;8.8068;7.9567;0.7393;0.8501;0.0774;0.089;0.8335;60.628;0.804;0
10/06/21 10:00;28.278;-22.77;54.294;54.266;35.734;-90;-35.734;473.91;78.799;395.11;9.1298;4.18;0;486.74;26.451;61.103;0;6.2452;580.54;0;580.54;486.74;61.103;26.451;6.2452;0.8384;0.0563;0;0.0108;573.37;7.1759;0;0;1.5498;5.6262;561.34;11.456;9.3921;1.179;0.8028;0.0824;572.79;0.5734;0.4867;0.0611;0.0249;0.0006;563.06;476.87;59.862;24.073;0.5361;238.12;205.02;54.564;0.7333;1.7445;25.094;1.7225;26.105;0;1;0;0;1.225;0.9876;1;1;0.9414;0.0991;0.98;0.9807;1;0.9677;0.8668;0.999;0.999;1;0.999;0.999;0.9669;0.9101;0.0858;1.7434;1.7488;0.0105;0.0031;0.0427;0.0118;0.042;0.0049;0;0;0.088;0;1.4787;0;0;0;0;0;0;0;0;0;0;0;0;0.0338;0.007;1.5929;1.5929;0;31.979;31.979;22.849;0.0407;1502.1;1060.4;1;0.0261;0.0261;0;0;0;0;0;0;1.5667;1.4787;0;17.405;20.155;16.158;18.711;98.359;98.359;13.933;12.73;11.818;1.2029;0.9122;0.0863;0.0655;0.8482;18.19;0.8216;0
10/06/21 11:00;31.472;-7.2759;57.782;78.311;11.689;-90;-11.689;523.29;90.699;432.59;10.92;4.02;0;441.76;33.627;57.921;0;0.7597;534.06;0;534.06;441.76;57.921;33.627;0.7597;0.8272;0.0644;0;0.0014;533.11;0.9494;0;0;0.3162;0.6332;516.81;15.773;12.748;1.6715;1.325;0.0284;532.58;0.5331;0.4418;0.0579;0.0333;0.0001;516.96;428.57;56.192;31.953;0.098;304.54;262.21;68.364;0.0178;2.2637;32.562;0.1539;34.808;0;1;0;0;1.0206;0.9982;1;1;0.9906;0.1665;0.9704;0.9711;1;0.9602;0.7752;0.999;0.999;1;0.999;0.999;0.9677;0.9502;0.129;1.6038;1.6257;0.0098;0.0046;0.0397;0.011;0.039;0.0063;0;0;0.088;0;1.3658;0;0;0;0;0;0;0;0;0;0;0;0;0.0314;0.0061;1.4777;1.4777;0;31.963;31.963;21.043;0.0407;1395.5;1058.9;1;0.0239;0.0239;0;0;0;0;0;0;1.4538;1.3658;0;17.552;20.325;16.223;18.786;98.384;98.384;12.818;11.81;10.915;1.0079;0.8941;0.0786;0.0698;0.8516;20.247;0.8144;0
10/06/21 12:00;31.298;8.8987;57.586;75.725;14.275;90;14.275;520.69;96.3;424.39;11.88;4.0601;0;437.92;36.353;61.269;0;1.1255;536.66;0;536.66;437.92;61.269;36.353;1.1255;0.816;0.0698;0;0.0021;535.24;1.4202;0;0;0.4799;0.9403;519.22;15.486;12.349;1.7278;1.367;0.0416;534.71;0.5352;0.4379;0.0613;0.0359;0.0002;519.47;425.13;59.48;34.471;0.1433;301.02;259.18;67.342;0.0397;2.254;32.424;0.2493;34.638;0;1;0;0;1.0307;0.9974;1;1;0.9868;0.1645;0.971;0.9718;1;0.9619;0.7749;0.999;0.999;1;0.999;0.999;0.9675;0.9482;0.1273;1.6116;1.6329;0.0098;0.0045;0.0461;0.011;0.039;0.0062;0;0;0.088;0;1.3668;0;0;0;0;0;0;0;0;0;0;0;0;0.0314;0.0062;1.4786;1.4786;0;33.04;33.04;21.16;0.0408;1402;1054.6;1;0.0238;0.0238;0;0;0;0;0;0;1.4548;1.3668;0;17.478;20.239;16.156;18.708;98.389;98.389;12.88;11.817;10.923;1.0631;0.8937;0.0825;0.0694;0.8481;22.067;0.8114;0
10/06/21 13:00;27.783;24.25;53.77;52.062;37.938;90;37.938;412.59;141.6;270.99;11.83;4.27;0;343.6;71.073;78.778;0;6.1032;499.55;0;499.55;343.6;78.778;71.073;6.1032;0.6878;0.1545;0;0.0122;489.41;10.145;0;0;4.5788;5.5657;479.02;9.9018;6.2605;1.4354;2.1448;0.0611;488.92;0.4894;0.3436;0.0788;0.0665;0.0005;480.75;337;77.264;64.283;0.4759;209.57;180.44;48.078;2.4157;1.6469;23.69;1.7327;22.921;0;1;0;0;1.2108;0.9797;1;1;0.9356;0.0881;0.9797;0.9818;1;0.9677;0.8862;0.999;0.999;1;0.999;0.999;0.9589;0.9045;0.078;1.5002;1.4979;0.009;0.0063;0.0334;0.0101;0.036;0.0046;0;0;0.088;0;1.2544;0;0;0;0;0;0;0;0;0;0;0;0;0.029;0.0053;1.3642;1.3642;0;31.331;31.331;19.501;0.0407;1286;1060.8;1;0.0219;0.0219;0;0;0;0;0;0;1.3424;1.2544;0;17.324;20.061;15.929;18.445;98.398;98.398;11.989;10.903;10.025;1.0863;0.878;0.0906;0.0732;0.8362;49.755;0.8075;0
10/06/21 14:00;21.448;37.747;47.389;32.69;57.31;90;57.31;392.8;69.699;323.1;13.12;3.9199;0;598.24;17.878;86.064;0;12.646;714.83;0;714.83;598.24;86.064;17.878;12.646;0.8369;0.0427;0;0.0177;700.84;13.985;0;0;2.1096;11.875;691.89;8.2464;6.697;0.9635;0.5454;0.0405;700.14;0.7008;0.5982;0.0861;0.0158;0.0008;694.23;590.94;85.015;15.207;0.7291;103.9;89.461;22.293;2.5413;1.0041;14.444;2.3398;12.907;0;1;0;0;1.8198;0.9804;1;1;0.882;0.0609;0.9882;0.9888;1;0.9654;0.9474;0.999;0.999;1;0.999;0.999;0.9679;0.8506;0.0577;2.1466;2.1214;0.0128;-0.0005;0.1224;0.0139;0.0493;0.0027;0;0;0.088;0;1.7522;0;0;0;0;0;0;0;0;0;0;0;0;0.0397;0.0101;1.871;1.871;0;41.488;41.488;28.368;0.041;1823.8;1025.9;1;0.0309;0.0309;0;0;0;0;0;0;1.8402;1.7522;0;16.604;19.227;15.549;18.006;98.351;98.351;17.156;14.953;14.003;2.2026;0.9499;0.1284;0.0554;0.8162;15.087;0.8041;0
10/06/21 15:00;12.998;49.18;56.943;16.962;28.074;90;28.074;183.39;106.7;76.694;12.9;2.75;0;186;74.576;66.598;0;1.5104;328.69;0;328.69;186;66.598;74.576;1.5104;0.5659;0.2315;0;0.0046;324.39;4.3026;0;0;2.9872;1.3153;315.07;8.9877;4.8639;1.7415;2.3455;0.0369;324.06;0.3244;0.186;0.0666;0.0716;0.0002;315.28;180.95;64.79;69.171;0.1581;49.033;42.217;10.703;0.8969;0.4424;6.3631;0.2047;5.9085;0;1;0;0;1.7923;0.9869;1;1;0.9599;0.1292;0.9723;0.9738;1;0.9672;0.8107;0.999;0.999;1;0.999;0.999;0.9586;0.9275;0.1046;0.987;0.963;0.0058;0.0139;0.0024;0.0066;0.0234;0.0012;0;0;0.088;0;0.7856;0;0;0;0;0;0;0;0;0;0;0;0;0.0188;0.0024;0.8885;0.8885;0;25.697;25.697;12.797;0.0406;824.5;1077.6;1;0.0149;0.0149;0;0;0;0;0;0;0.8736;0.7856;0;17.148;19.857;15.163;17.558;98.326;98.326;7.8885;7.1011;6.2789;0.7875;0.8221;0.0998;0.1042;0.796;48.522;0.7846;0
10/06/21 16:00;4.2841;57.809;79.562;5.0585;7.2892;90;7.2892;35.006;33.499;1.5069;12.89;2.97;0;3.6545;32.856;1.2369;0;0.0198;37.767;0;37.767;3.6545;1.2369;32.856;0.0198;0.0968;0.8705;0;0.0005;37.609;0.1582;0;0;0.1416;0.0165;34.689;2.882;1.1162;0.3778;1.3872;0.0007;37.571;0.0376;0.0037;0.0012;0.0327;0;34.692;2.5347;0.8579;31.294;0.0025;19.591;16.868;4.1482;0.0026;0.1619;2.3295;0.0023;2.4889;0;1;0;0;1.0789;0.9958;1;1;0.9957;0.1644;0.9233;0.6943;1;0.9576;0.7755;0.999;0.999;1;0.999;0.999;0.9185;0.9525;0.1274;0.1134;0.1094;0.0007;0.0117;-0.0043;0.0007;0.0025;0.0004;0;0;0.088;0;0.003;0;0;0;0;0;0;0;0;0;0;0;0;0.002;0.0001;0.0955;0.0955;0;14.316;14.316;1.4267;0.0411;91.875;1040;1;0.0045;0.0045;0;0;0;0;0;0;0.091;0.003;0;16.048;18.584;0.5053;0.5851;95.251;95.251;0.9064;0.7636;0.024;0.1428;0.7396;0.1576;0.8159;0.0265;19.581;0.0254;0
10/06/21 17:00;0;0;90;0;0;90;0;0;0;0;11.15;3.0299;0;0;0;0;0;0;0;0;0;0;0;0;0;1;1;1;1;0;0;0;0;0;0;0;0;0;0;0;0;0;0;0;0;0;0;0;0;0;0;0;0;0;0;0;0;0;0;0;0;0;0;0;1;1;1;1;1;1;1;1;1;1;1;1;1;1;1;1;1;1;1;0;0;0;0;0;0;0;0;0;0.0004;0.088;0;-0.0884;0;0;0;0;0;0;0;0;0;0;0;0;0;0;0;0;0;0;0;-11.15;0;0;0;0;0.0004;0;0;0;0;0;0;0;-0.0004;-0.0884;0;0;0;0;0;0;0;0;0;-0.7063;0;0.7063;1;1;0;0;0;0
10/06/21 18:00;0;0;90;0;0;90;0;0;0;0;9.5799;2.8699;0;0;0;0;0;0;0;0;0;0;0;0;0;1;1;1;1;0;0;0;0;0;0;0;0;0;0;0;0;0;0;0;0;0;0;0;0;0;0;0;0;0;0;0;0;0;0;0;0;0;0;0;1;1;1;1;1;1;1;1;1;1;1;1;1;1;1;1;1;1;1;0;0;0;0;0;0;0;0;0;0.0004;0.088;0;-0.0884;0;0;0;0;0;0;0;0;0;0;0;0;0;0;0;0;0;0;0;-9.5799;0;0;0;0;0.0004;0;0;0;0;0;0;0;-0.0004;-0.0884;0;0;0;0;0;0;0;0;0;-0.7063;0;0.7063;1;1;0;0;0;0
10/06/21 19:00;0;0;90;0;0;90;0;0;0;0;8.5202;2.7701;0;0;0;0;0;0;0;0;0;0;0;0;0;1;1;1;1;0;0;0;0;0;0;0;0;0;0;0;0;0;0;0;0;0;0;0;0;0;0;0;0;0;0;0;0;0;0;0;0;0;0;0;1;1;1;1;1;1;1;1;1;1;1;1;1;1;1;1;1;1;1;0;0;0;0;0;0;0;0;0;0.0004;0.088;0;-0.0884;0;0;0;0;0;0;0;0;0;0;0;0;0;0;0;0;0;0;0;-8.5202;0;0;0;0;0.0004;0;0;0;0;0;0;0;-0.0004;-0.0884;0;0;0;0;0;0;0;0;0;-0.7063;0;0.7063;1;1;0;0;0;0
10/06/21 20:00;0;0;90;0;0;90;0;0;0;0;7.4001;2.7199;0;0;0;0;0;0;0;0;0;0;0;0;0;1;1;1;1;0;0;0;0;0;0;0;0;0;0;0;0;0;0;0;0;0;0;0;0;0;0;0;0;0;0;0;0;0;0;0;0;0;0;0;1;1;1;1;1;1;1;1;1;1;1;1;1;1;1;1;1;1;1;0;0;0;0;0;0;0;0;0;0.0004;0.088;0;-0.0884;0;0;0;0;0;0;0;0;0;0;0;0;0;0;0;0;0;0;0;-7.4001;0;0;0;0;0.0004;0;0;0;0;0;0;0;-0.0004;-0.0884;0;0;0;0;0;0;0;0;0;-0.7063;0;0.7063;1;1;0;0;0;0
10/06/21 21:00;0;0;90;0;0;90;0;0;0;0;5.57;2.66;0;0;0;0;0;0;0;0;0;0;0;0;0;1;1;1;1;0;0;0;0;0;0;0;0;0;0;0;0;0;0;0;0;0;0;0;0;0;0;0;0;0;0;0;0;0;0;0;0;0;0;0;1;1;1;1;1;1;1;1;1;1;1;1;1;1;1;1;1;1;1;0;0;0;0;0;0;0;0;0;0.0004;0.088;0;-0.0884;0;0;0;0;0;0;0;0;0;0;0;0;0;0;0;0;0;0;0;-5.57;0;0;0;0;0.0004;0;0;0;0;0;0;0;-0.0004;-0.0884;0;0;0;0;0;0;0;0;0;-0.7063;0;0.7063;1;1;0;0;0;0
10/06/21 22:00;0;0;90;0;0;90;0;0;0;0;3.7698;2.6101;0;0;0;0;0;0;0;0;0;0;0;0;0;1;1;1;1;0;0;0;0;0;0;0;0;0;0;0;0;0;0;0;0;0;0;0;0;0;0;0;0;0;0;0;0;0;0;0;0;0;0;0;1;1;1;1;1;1;1;1;1;1;1;1;1;1;1;1;1;1;1;0;0;0;0;0;0;0;0;0;0.0004;0.088;0;-0.0884;0;0;0;0;0;0;0;0;0;0;0;0;0;0;0;0;0;0;0;-3.7698;0;0;0;0;0.0004;0;0;0;0;0;0;0;-0.0004;-0.0884;0;0;0;0;0;0;0;0;0;-0.7063;0;0.7063;1;1;0;0;0;0
10/06/21 23:00;0;0;90;0;0;90;0;0;0;0;3.4002;2.7701;0;0;0;0;0;0;0;0;0;0;0;0;0;1;1;1;1;0;0;0;0;0;0;0;0;0;0;0;0;0;0;0;0;0;0;0;0;0;0;0;0;0;0;0;0;0;0;0;0;0;0;0;1;1;1;1;1;1;1;1;1;1;1;1;1;1;1;1;1;1;1;0;0;0;0;0;0;0;0;0;0.0004;0.088;0;-0.0884;0;0;0;0;0;0;0;0;0;0;0;0;0;0;0;0;0;0;0;-3.4002;0;0;0;0;0.0004;0;0;0;0;0;0;0;-0.0004;-0.0884;0;0;0;0;0;0;0;0;0;-0.7063;0;0.7063;1;1;0;0;0;0
11/06/21 00:00;0;0;90;0;0;90;0;0;0;0;3.72;3.29;0;0;0;0;0;0;0;0;0;0;0;0;0;1;1;1;1;0;0;0;0;0;0;0;0;0;0;0;0;0;0;0;0;0;0;0;0;0;0;0;0;0;0;0;0;0;0;0;0;0;0;0;1;1;1;1;1;1;1;1;1;1;1;1;1;1;1;1;1;1;1;0;0;0;0;0;0;0;0;0;0.0004;0.088;0;-0.0884;0;0;0;0;0;0;0;0;0;0;0;0;0;0;0;0;0;0;0;-3.72;0;0;0;0;0.0004;0;0;0;0;0;0;0;-0.0004;-0.0884;0;0;0;0;0;0;0;0;0;-0.7063;0;0.7063;1;1;0;0;0;0
11/06/21 01:00;0;0;90;0;0;90;0;0;0;0;4.3202;3.6699;0;0;0;0;0;0;0;0;0;0;0;0;0;1;1;1;1;0;0;0;0;0;0;0;0;0;0;0;0;0;0;0;0;0;0;0;0;0;0;0;0;0;0;0;0;0;0;0;0;0;0;0;1;1;1;1;1;1;1;1;1;1;1;1;1;1;1;1;1;1;1;0;0;0;0;0;0;0;0;0;0.0004;0.088;0;-0.0884;0;0;0;0;0;0;0;0;0;0;0;0;0;0;0;0;0;0;0;-4.3202;0;0;0;0;0.0004;0;0;0;0;0;0;0;-0.0004;-0.0884;0;0;0;0;0;0;0;0;0;-0.7063;0;0.7063;1;1;0;0;0;0
11/06/21 02:00;0;0;90;0;0;90;0;0;0;0;3.5099;3.77;0;0;0;0;0;0;0;0;0;0;0;0;0;1;1;1;1;0;0;0;0;0;0;0;0;0;0;0;0;0;0;0;0;0;0;0;0;0;0;0;0;0;0;0;0;0;0;0;0;0;0;0;1;1;1;1;1;1;1;1;1;1;1;1;1;1;1;1;1;1;1;0;0;0;0;0;0;0;0;0;0.0004;0.088;0;-0.0884;0;0;0;0;0;0;0;0;0;0;0;0;0;0;0;0;0;0;0;-3.5099;0;0;0;0;0.0004;0;0;0;0;0;0;0;-0.0004;-0.0884;0;0;0;0;0;0;0;0;0;-0.7063;0;0.7063;1;1;0;0;0;0
11/06/21 03:00;0;0;90;0;0;90;0;0;0;0;2.8797;3.87;0;0;0;0;0;0;0;0;0;0;0;0;0;1;1;1;1;0;0;0;0;0;0;0;0;0;0;0;0;0;0;0;0;0;0;0;0;0;0;0;0;0;0;0;0;0;0;0;0;0;0;0;1;1;1;1;1;1;1;1;1;1;1;1;1;1;1;1;1;1;1;0;0;0;0;0;0;0;0;0;0.0004;0.088;0;-0.0884;0;0;0;0;0;0;0;0;0;0;0;0;0;0;0;0;0;0;0;-2.8797;0;0;0;0;0.0004;0;0;0;0;0;0;0;-0.0004;-0.0884;0;0;0;0;0;0;0;0;0;-0.7063;0;0.7063;1;1;0;0;0;0
11/06/21 04:00;0;0;90;0;0;90;0;0;0;0;2.8199;3.79;0;0;0;0;0;0;0;0;0;0;0;0;0;1;1;1;1;0;0;0;0;0;0;0;0;0;0;0;0;0;0;0;0;0;0;0;0;0;0;0;0;0;0;0;0;0;0;0;0;0;0;0;1;1;1;1;1;1;1;1;1;1;1;1;1;1;1;1;1;1;1;0;0;0;0;0;0;0;0;0;0.0004;0.088;0;-0.0884;0;0;0;0;0;0;0;0;0;0;0;0;0;0;0;0;0;0;0;-2.8199;0;0;0;0;0.0004;0;0;0;0;0;0;0;-0.0004;-0.0884;0;0;0;0;0;0;0;0;0;-0.7063;0;0.7063;1;1;0;0;0;0
11/06/21 05:00;0;0;90;0;0;90;0;0;0;0;2.5001;3.47;0;0;0;0;0;0;0;0;0;0;0;0;0;1;1;1;1;0;0;0;0;0;0;0;0;0;0;0;0;0;0;0;0;0;0;0;0;0;0;0;0;0;0;0;0;0;0;0;0;0;0;0;1;1;1;1;1;1;1;1;1;1;1;1;1;1;1;1;1;1;1;0;0;0;0;0;0;0;0;0;0.0004;0.088;0;-0.0884;0;0;0;0;0;0;0;0;0;0;0;0;0;0;0;0;0;0;0;-2.5001;0;0;0;0;0.0004;0;0;0;0;0;0;0;-0.0004;-0.0884;0;0;0;0;0;0;0;0;0;-0.7063;0;0.7063;1;1;0;0;0;0
11/06/21 06:00;0;0;90;0;0;90;0;0;0;0;2.76;3.2699;0;0;0;0;0;0;0;0;0;0;0;0;0;1;1;1;1;0;0;0;0;0;0;0;0;0;0;0;0;0;0;0;0;0;0;0;0;0;0;0;0;0;0;0;0;0;0;0;0;0;0;0;1;1;1;1;1;1;1;1;1;1;1;1;1;1;1;1;1;1;1;0;0;0;0;0;0;0;0;0;0.0004;0.088;0;-0.0884;0;0;0;0;0;0;0;0;0;0;0;0;0;0;0;0;0;0;0;-2.76;0;0;0;0;0.0004;0;0;0;0;0;0;0;-0.0004;-0.0884;0;0;0;0;0;0;0;0;0;-0.7063;0;0.7063;1;1;0;0;0;0
11/06/21 07:00;4.7353;-57.318;78.451;5.6207;8.1206;-90;-8.1206;38.21;28.703;9.5063;3.6801;3.1999;0;23.055;26.077;6.0515;0;0.0268;55.211;0;55.211;23.055;6.0515;26.077;0.0268;0.4176;0.4728;0;0.0005;55.055;0.156;0;0;0.1337;0.0224;46.057;8.9423;6.2205;1.6327;1.0881;0.001;54.999;0.0551;0.0231;0.0061;0.0259;0;46.06;16.812;4.4127;24.829;0.0034;15.625;13.453;3.3172;0.0033;0.1287;1.8508;0.0026;1.9762;0;1;0;0;1.4449;0.9972;1;1;0.9949;0.1657;0.8374;0.7299;1;0.958;0.7756;0.999;0.999;1;0.999;0.999;0.8342;0.9522;0.1284;0.1658;0.1426;0.0009;0.0132;-0.0101;0.001;0.0034;0.0004;0;0;0.088;0;0.0371;0;0;0;0;0;0;0;0;0;0;0;0;0.0028;0.0001;0.131;0.131;0;5.5533;5.5533;1.8732;0.0407;120.14;1090.6;1;0.006;0.006;0;0;0;0;0;0;0.1251;0.0371;0;15.055;17.433;4.2571;4.9296;95.439;95.439;1.3251;1.0472;0.2961;0.2779;0.7511;0.2097;0.5668;0.2235;15.566;0.218;0
11/06/21 08:00;13.848;-48.097;54.515;18.326;31.364;-90;-31.364;204.1;38.502;165.6;5.3699;3.16;0;401.62;17.049;48.768;0;2.0876;469.52;0;469.52;401.62;48.768;17.049;2.0876;0.8554;0.0408;0;0.0044;466.87;2.6555;0;0;0.8133;1.8422;456.93;9.4741;7.9422;0.9644;0.5264;0.0411;466.4;0.4669;0.4016;0.0488;0.0162;0.0002;456.99;393.27;47.755;15.693;0.2041;12.255;10.552;2.8628;0.3016;0.1034;1.4872;0.0596;1.289;0;1;0;0;2.3005;0.9943;1;1;0.9523;0.1176;0.9797;0.9802;1;0.9675;0.8323;0.999;0.999;1;0.999;0.999;0.9732;0.9205;0.0978;1.41;1.3795;0.0083;0.008;-0.0055;0.0096;0.034;0.0003;0;0;0.088;0;1.1837;0;0;0;0;0;0;0;0;0;0;0;0;0.0274;0.0045;1.293;1.293;0;23.86;23.86;18.49;0.0405;1183.4;1092.6;1;0.0213;0.0213;0;0;0;0;0;0;1.2717;1.1837;0;17.469;20.229;15.992;18.519;98.353;98.353;11.269;10.333;9.4599;0.9351;0.8735;0.083;0.0775;0.8395;11.345;0.8375;0
11/06/21 09:00;22.115;-36.478;48.153;34.353;55.647;-90;-55.647;348.91;64.397;284.51;8.3999;3.05;0;504.19;21.633;65.107;0;10.642;601.57;0;601.57;504.19;65.107;21.633;10.642;0.8381;0.0537;0;0.0177;589.16;12.412;0;0;2.4411;9.9712;581.26;7.3135;5.8694;0.7579;0.6561;0.0301;588.57;0.5892;0.5042;0.0651;0.0192;0.0007;583.32;497.82;64.283;18.516;0.6396;105.59;90.914;23.174;2.7699;0.9989;14.369;2.059;12.598;0;1;0;0;1.7242;0.9794;1;1;0.8872;0.063;0.9876;0.9883;1;0.9658;0.9551;0.999;0.999;1;0.999;0.999;0.9662;0.8559;0.0601;1.8065;1.7872;0.0108;0.0027;0.0441;0.0121;0.0429;0.0028;0;0;0.088;0;1.5151;0;0;0;0;0;0;0;0;0;0;0;0;0.0346;0.0073;1.6299;1.6299;0;32.058;32.058;23.658;0.0407;1536.1;1061.1;1;0.0269;0.0269;0;0;0;0;0;0;1.6031;1.5151;0;17.188;19.903;15.976;18.5;98.352;98.352;14.438;13.026;12.108;1.4114;0.918;0.0978;0.0636;0.8387;17.924;0.8239;0
11/06/21 10:00;28.198;-22.79;54.343;54.153;35.847;-90;-35.847;468.91;78.899;390.01;10.46;3.1001;0;481.14;26.923;60.646;0;6.2172;574.93;0;574.93;481.14;60.646;26.923;6.2172;0.8369;0.0576;0;0.0108;567.74;7.189;0;0;1.5852;5.6037;555.76;11.409;9.3345;1.1766;0.8168;0.081;567.17;0.5677;0.4811;0.0606;0.0253;0.0006;557.48;471.33;59.409;24.495;0.5318;235.4;202.68;53.945;0.7544;1.7263;24.832;1.7162;25.804;0;1;0;0;1.2261;0.9875;1;1;0.9411;0.0987;0.9799;0.9806;1;0.9677;0.8678;0.999;0.999;1;0.999;0.999;0.9667;0.9098;0.0855;1.7265;1.7314;0.0104;0.0033;0.0492;0.0117;0.0414;0.0048;0;0;0.088;0;1.4568;0;0;0;0;0;0;0;0;0;0;0;0;0.0334;0.0069;1.5704;1.5704;0;33.104;33.104;22.644;0.0407;1487.4;1055.8;1;0.0256;0.0256;0;0;0;0;0;0;1.5448;1.4568;0;17.327;20.065;16.074;18.613;98.369;98.369;13.798;12.551;11.643;1.2478;0.908;0.0904;0.0658;0.8438;18.531;0.8173;0
11/06/21 11:00;31.398;-7.3172;57.845;78.213;11.787;-90;-11.787;495.69;103.7;391.99;11.54;3.1999;0;400.44;44.326;60.167;0;0.7316;505.66;0;505.66;400.44;60.167;44.326;0.7316;0.7919;0.0891;0;0.0014;504.63;1.0325;0;0;0.4227;0.6098;488.96;15.163;11.643;1.7493;1.7436;0.0274;504.12;0.5046;0.4004;0.0602;0.0439;0.0001;489.11;388.39;58.358;42.116;0.0943;288.6;248.49;64.694;0.0241;2.1516;30.951;0.1485;33.078;0;1;0;0;1.0201;0.998;1;1;0.9905;0.1665;0.9699;0.9709;1;0.9602;0.7752;0.999;0.999;1;0.999;0.999;0.967;0.9501;0.129;1.5185;1.5384;0.0093;0.0058;0.0349;0.0104;0.037;0.006;0;0;0.088;0;1.2894;0;0;0;0;0;0;0;0;0;0;0;0;0.0298;0.0055;1.3998;1.3998;0;31.446;31.446;19.906;0.0407;1320.3;1060.3;1;0.0224;0.0224;0;0;0;0;0;0;1.3774;1.2894;0;17.561;20.336;16.176;18.732;98.4;98.4;12.136;11.187;10.305;0.9484;0.8823;0.0781;0.0727;0.8492;26.697;0.8119;0
11/06/21 12:00;31.235;8.8372;57.661;75.785;14.215;90;14.215;507.2;103.1;404.1;12.48;3.16;0;416.86;41.798;62.566;0;1.0871;522.31;0;522.31;416.86;62.566;41.798;1.0871;0.7981;0.0821;0;0.0021;520.86;1.4561;0;0;0.5478;0.9083;505.08;15.254;11.86;1.7801;1.5735;0.0402;520.34;0.5209;0.4169;0.0626;0.0413;0.0002;505.32;404.59;60.724;39.635;0.1385;293.41;252.62;65.593;0.0449;2.2003;31.651;0.2404;33.806;0;1;0;0;1.0298;0.9972;1;1;0.9869;0.1645;0.9707;0.9715;1;0.9618;0.7749;0.999;0.999;1;0.999;0.999;0.967;0.9483;0.1274;1.5685;1.5887;0.0096;0.0051;0.045;0.0107;0.038;0.0061;0;0;0.088;0;1.3268;0;0;0;0;0;0;0;0;0;0;0;0;0.0306;0.0059;1.4378;1.4378;0;33.067;33.067;20.587;0.0408;1364;1054.1;1;0.023;0.023;0;0;0;0;0;0;1.4148;1.3268;0;17.462;20.221;16.114;18.66;98.399;98.399;12.536;11.491;10.603;1.0447;0.8873;0.0833;0.0708;0.8459;25.366;0.8092;0
11/06/21 13:00;27.734;24.175;53.851;52.085;37.915;90;37.915;490.9;83.602;407.3;12.7;2.99;0;516.28;25.373;70.013;0;7.2533;618.92;0;618.92;516.28;70.013;25.373;7.2533;0.8342;0.0527;0;0.0117;610.67;8.247;0;0;1.6331;6.6139;598.44;11.615;9.4897;1.2869;0.7657;0.0729;610.06;0.6107;0.5163;0.07;0.0237;0.0006;600.43;506.27;68.656;22.95;0.566;239.74;206.42;54.888;0.8619;1.7676;25.426;1.9832;26.332;0;1;0;0;1.2608;0.9867;1;1;0.9356;0.0882;0.981;0.9816;1;0.9677;0.8859;0.999;0.999;1;0.999;0.999;0.9669;0.9045;0.078;1.8586;1.862;0.0112;0.0018;0.0793;0.0124;0.0439;0.0048;0;0;0.088;0;1.5501;0;0;0;0;0;0;0;0;0;0;0;0;0.0354;0.0079;1.6652;1.6652;0;37.159;37.159;24.459;0.0409;1600.3;1040.6;1;0.0272;0.0272;0;0;0;0;0;0;1.6381;1.5501;0;17.068;19.764;15.887;18.397;98.368;98.368;14.854;13.309;12.388;1.5455;0.9204;0.104;0.062;0.834;17.759;0.8091;0
11/06/21 14:00;21.413;37.668;47.47;32.69;57.31;90;57.31;332.69;115.9;216.8;13.58;2.5599;0;401.4;49.24;96.191;0;10.71;557.55;0;557.55;401.4;96.191;49.24;10.71;0.7199;0.1075;0;0.0192;541.68;15.868;0;0;5.8102;10.058;534;7.1308;4.5128;1.0814;1.5023;0.0343;541.14;0.5417;0.4014;0.0962;0.0434;0.0007;536.34;396.49;95.014;41.884;0.6176;106.14;91.388;23.918;6.9931;1.2372;17.796;2.3372;12.04;0;1;0;0;1.6759;0.9715;1;1;0.882;0.0609;0.9868;0.9887;1;0.9654;0.9474;0.999;0.999;1;0.999;0.999;0.9578;0.8506;0.0577;1.6743;1.6529;0.01;0.0043;0.0603;0.011;0.0392;0.0034;0;0;0.088;0;1.375;0;0;0;0;0;0;0;0;0;0;0;0;0.0316;0.0064;1.4868;1.4868;0;35.382;35.382;21.802;0.0408;1421;1046.3;1;0.0238;0.0238;0;0;0;0;0;0;1.463;1.375;0;16.917;19.59;15.645;18.116;98.397;98.397;13.381;11.883;10.989;1.4982;0.8938;0.112;0.0668;0.8212;41.555;0.8021;0
11/06/21 15:00;12.975;49.099;57.006;16.953;28.054;90;28.054;184;106;77.998;13.7;1.64;0;189.17;73.608;67.414;0;1.5133;331.7;0;331.7;189.17;67.414;73.608;1.5133;0.5703;0.2265;0;0.0046;327.44;4.2628;0;0;2.9451;1.3177;318;9.1114;4.9831;1.7759;2.3153;0.037;327.11;0.3274;0.1892;0.0674;0.0707;0.0002;318.2;183.99;65.571;68.277;0.1584;48.405;41.677;10.559;0.8831;0.4369;6.2854;0.202;5.8392;0;1;0;0;1.8028;0.9871;1;1;0.96;0.1293;0.9721;0.9736;1;0.9672;0.8106;0.999;0.999;1;0.999;0.999;0.9587;0.9276;0.1047;0.9961;0.9716;0.0058;0.0138;0.0056;0.0066;0.0235;0.0012;0;0;0.088;0;0.7908;0;0;0;0;0;0;0;0;0;0;0;0;0.0189;0.0024;0.8937;0.8937;0;26.625;26.625;12.925;0.0406;832.18;1073.9;1;0.0149;0.0149;0;0;0;0;0;0;0.8788;0.7908;0;17.091;19.792;15.124;17.513;98.333;98.333;7.9609;7.1424;6.32;0.8184;0.8224;0.1028;0.1033;0.7939;47.887;0.7828;0
11/06/21 16:00;4.2709;57.728;79.594;5.0474;7.2729;90;7.2729;25.708;25.197;0.5101;12.69;1.95;0;1.2372;24.966;0.316;0;0.0145;26.534;0;26.534;1.2372;0.316;24.966;0.0145;0.0466;0.9415;0;0.0005;26.415;0.1193;0;0;0.1072;0.0121;24.857;1.531;0.3793;0.0969;1.0544;0.0005;26.388;0.0264;0.0012;0.0003;0.0249;0;24.859;0.8567;0.2188;23.78;0.0018;14.882;12.813;3.1505;0.0019;0.1231;1.7701;0.0018;1.8912;0;1;0;0;1.0321;0.9955;1;1;0.9957;0.1644;0.942;0.6931;1;0.9575;0.7755;0.999;0.999;1;0.999;0.999;0.9368;0.9525;0.1274;0.0797;0.0786;0.0005;0.01;-0.0033;0.0005;0.0018;0.0003;0;0;0.088;0;-0.0244;0;0;0;0;0;0;0;0;0;0;0;0;0.0014;0.0001;0.0673;0.0673;0;13.717;13.717;1.0267;0.0413;65.503;1027.8;1;0.0037;0.0037;0;0;0;0;0;0;0.0636;-0.0244;0;16.096;18.639;-5.8305;-6.7516;94.484;94.484;0.6368;0.5381;-0.1949;0.0987;0.733;0.1551;1.151;0;14.879;0;0
11/06/21 17:00;0;0;90;0;0;90;0;0;0;0;10.3;2.3001;0;0;0;0;0;0;0;0;0;0;0;0;0;1;1;1;1;0;0;0;0;0;0;0;0;0;0;0;0;0;0;0;0;0;0;0;0;0;0;0;0;0;0;0;0;0;0;0;0;0;0;0;1;1;1;1;1;1;1;1;1;1;1;1;1;1;1;1;1;1;1;0;0;0;0;0;0;0;0;0;0.0004;0.088;0;-0.0884;0;0;0;0;0;0;0;0;0;0;0;0;0;0;0;0;0;0;0;-10.3;0;0;0;0;0.0004;0;0;0;0;0;0;0;-0.0004;-0.0884;0;0;0;0;0;0;0;0;0;-0.7063;0;0.7063;1;1;0;0;0;0
11/06/21 18:00;0;0;90;0;0;90;0;0;0;0;8.9902;2.5499;0;0;0;0;0;0;0;0;0;0;0;0;0;1;1;1;1;0;0;0;0;0;0;0;0;0;0;0;0;0;0;0;0;0;0;0;0;0;0;0;0;0;0;0;0;0;0;0;0;0;0;0;1;1;1;1;1;1;1;1;1;1;1;1;1;1;1;1;1;1;1;0;0;0;0;0;0;0;0;0;0.0004;0.088;0;-0.0884;0;0;0;0;0;0;0;0;0;0;0;0;0;0;0;0;0;0;0;-8.9902;0;0;0;0;0.0004;0;0;0;0;0;0;0;-0.0004;-0.0884;0;0;0;0;0;0;0;0;0;-0.7063;0;0.7063;1;1;0;0;0;0
11/06/21 19:00;0;0;90;0;0;90;0;0;0;0;9.0401;2.73;0;0;0;0;0;0;0;0;0;0;0;0;0;1;1;1;1;0;0;0;0;0;0;0;0;0;0;0;0;0;0;0;0;0;0;0;0;0;0;0;0;0;0;0;0;0;0;0;0;0;0;0;1;1;1;1;1;1;1;1;1;1;1;1;1;1;1;1;1;1;1;0;0;0;0;0;0;0;0;0;0.0004;0.088;0;-0.0884;0;0;0;0;0;0;0;0;0;0;0;0;0;0;0;0;0;0;0;-9.0401;0;0;0;0;0.0004;0;0;0;0;0;0;0;-0.0004;-0.0884;0;0;0;0;0;0;0;0;0;-0.7063;0;0.7063;1;1;0;0;0;0
11/06/21 20:00;0;0;90;0;0;90;0;0;0;0;9.3;2.9599;0;0;0;0;0;0;0;0;0;0;0;0;0;1;1;1;1;0;0;0;0;0;0;0;0;0;0;0;0;0;0;0;0;0;0;0;0;0;0;0;0;0;0;0;0;0;0;0;0;0;0;0;1;1;1;1;1;1;1;1;1;1;1;1;1;1;1;1;1;1;1;0;0;0;0;0;0;0;0;0;0.0004;0.088;0;-0.0884;0;0;0;0;0;0;0;0;0;0;0;0;0;0;0;0;0;0;0;-9.3;0;0;0;0;0.0004;0;0;0;0;0;0;0;-0.0004;-0.0884;0;0;0;0;0;0;0;0;0;-0.7063;0;0.7063;1;1;0;0;0;0
11/06/21 21:00;0;0;90;0;0;90;0;0;0;0;9.2202;3.37;0;0;0;0;0;0;0;0;0;0;0;0;0;1;1;1;1;0;0;0;0;0;0;0;0;0;0;0;0;0;0;0;0;0;0;0;0;0;0;0;0;0;0;0;0;0;0;0;0;0;0;0;1;1;1;1;1;1;1;1;1;1;1;1;1;1;1;1;1;1;1;0;0;0;0;0;0;0;0;0;0.0004;0.088;0;-0.0884;0;0;0;0;0;0;0;0;0;0;0;0;0;0;0;0;0;0;0;-9.2202;0;0;0;0;0.0004;0;0;0;0;0;0;0;-0.0004;-0.0884;0;0;0;0;0;0;0;0;0;-0.7063;0;0.7063;1;1;0;0;0;0
11/06/21 22:00;0;0;90;0;0;90;0;0;0;0;8.1998;3.45;0;0;0;0;0;0;0;0;0;0;0;0;0;1;1;1;1;0;0;0;0;0;0;0;0;0;0;0;0;0;0;0;0;0;0;0;0;0;0;0;0;0;0;0;0;0;0;0;0;0;0;0;1;1;1;1;1;1;1;1;1;1;1;1;1;1;1;1;1;1;1;0;0;0;0;0;0;0;0;0;0.0004;0.088;0;-0.0884;0;0;0;0;0;0;0;0;0;0;0;0;0;0;0;0;0;0;0;-8.1998;0;0;0;0;0.0004;0;0;0;0;0;0;0;-0.0004;-0.0884;0;0;0;0;0;0;0;0;0;-0.7063;0;0.7063;1;1;0;0;0;0
11/06/21 23:00;0;0;90;0;0;90;0;0;0;0;8.1001;3.4101;0;0;0;0;0;0;0;0;0;0;0;0;0;1;1;1;1;0;0;0;0;0;0;0;0;0;0;0;0;0;0;0;0;0;0;0;0;0;0;0;0;0;0;0;0;0;0;0;0;0;0;0;1;1;1;1;1;1;1;1;1;1;1;1;1;1;1;1;1;1;1;0;0;0;0;0;0;0;0;0;0.0004;0.088;0;-0.0884;0;0;0;0;0;0;0;0;0;0;0;0;0;0;0;0;0;0;0;-8.1001;0;0;0;0;0.0004;0;0;0;0;0;0;0;-0.0004;-0.0884;0;0;0;0;0;0;0;0;0;-0.7063;0;0.7063;1;1;0;0;0;0
12/06/21 00:00;0;0;90;0;0;90;0;0;0;0;7.4599;3.4299;0;0;0;0;0;0;0;0;0;0;0;0;0;1;1;1;1;0;0;0;0;0;0;0;0;0;0;0;0;0;0;0;0;0;0;0;0;0;0;0;0;0;0;0;0;0;0;0;0;0;0;0;1;1;1;1;1;1;1;1;1;1;1;1;1;1;1;1;1;1;1;0;0;0;0;0;0;0;0;0;0.0004;0.088;0;-0.0884;0;0;0;0;0;0;0;0;0;0;0;0;0;0;0;0;0;0;0;-7.4599;0;0;0;0;0.0004;0;0;0;0;0;0;0;-0.0004;-0.0884;0;0;0;0;0;0;0;0;0;-0.7063;0;0.7063;1;1;0;0;0;0
12/06/21 01:00;0;0;90;0;0;90;0;0;0;0;6.5299;3.4101;0;0;0;0;0;0;0;0;0;0;0;0;0;1;1;1;1;0;0;0;0;0;0;0;0;0;0;0;0;0;0;0;0;0;0;0;0;0;0;0;0;0;0;0;0;0;0;0;0;0;0;0;1;1;1;1;1;1;1;1;1;1;1;1;1;1;1;1;1;1;1;0;0;0;0;0;0;0;0;0;0.0004;0.088;0;-0.0884;0;0;0;0;0;0;0;0;0;0;0;0;0;0;0;0;0;0;0;-6.5299;0;0;0;0;0.0004;0;0;0;0;0;0;0;-0.0004;-0.0884;0;0;0;0;0;0;0;0;0;-0.7063;0;0.7063;1;1;0;0;0;0
12/06/21 02:00;0;0;90;0;0;90;0;0;0;0;6.2002;3.48;0;0;0;0;0;0;0;0;0;0;0;0;0;1;1;1;1;0;0;0;0;0;0;0;0;0;0;0;0;0;0;0;0;0;0;0;0;0;0;0;0;0;0;0;0;0;0;0;0;0;0;0;1;1;1;1;1;1;1;1;1;1;1;1;1;1;1;1;1;1;1;0;0;0;0;0;0;0;0;0;0.0004;0.088;0;-0.0884;0;0;0;0;0;0;0;0;0;0;0;0;0;0;0;0;0;0;0;-6.2002;0;0;0;0;0.0004;0;0;0;0;0;0;0;-0.0004;-0.0884;0;0;0;0;0;0;0;0;0;-0.7063;0;0.7063;1;1;0;0;0;0
12/06/21 03:00;0;0;90;0;0;90;0;0;0;0;6.2999;3.23;0;0;0;0;0;0;0;0;0;0;0;0;0;1;1;1;1;0;0;0;0;0;0;0;0;0;0;0;0;0;0;0;0;0;0;0;0;0;0;0;0;0;0;0;0;0;0;0;0;0;0;0;1;1;1;1;1;1;1;1;1;1;1;1;1;1;1;1;1;1;1;0;0;0;0;0;0;0;0;0;0.0004;0.088;0;-0.0884;0;0;0;0;0;0;0;0;0;0;0;0;0;0;0;0;0;0;0;-6.2999;0;0;0;0;0.0004;0;0;0;0;0;0;0;-0.0004;-0.0884;0;0;0;0;0;0;0;0;0;-0.7063;0;0.7063;1;1;0;0;0;0
12/06/21 04:00;0;0;90;0;0;90;0;0;0;0;6.5997;2.8699;0;0;0;0;0;0;0;0;0;0;0;0;0;1;1;1;1;0;0;0;0;0;0;0;0;0;0;0;0;0;0;0;0;0;0;0;0;0;0;0;0;0;0;0;0;0;0;0;0;0;0;0;1;1;1;1;1;1;1;1;1;1;1;1;1;1;1;1;1;1;1;0;0;0;0;0;0;0;0;0;0.0004;0.088;0;-0.0884;0;0;0;0;0;0;0;0;0;0;0;0;0;0;0;0;0;0;0;-6.5997;0;0;0;0;0.0004;0;0;0;0;0;0;0;-0.0004;-0.0884;0;0;0;0;0;0;0;0;0;-0.7063;0;0.7063;1;1;0;0;0;0
12/06/21 05:00;0;0;90;0;0;90;0;0;0;0;6.5;2.73;0;0;0;0;0;0;0;0;0;0;0;0;0;1;1;1;1;0;0;0;0;0;0;0;0;0;0;0;0;0;0;0;0;0;0;0;0;0;0;0;0;0;0;0;0;0;0;0;0;0;0;0;1;1;1;1;1;1;1;1;1;1;1;1;1;1;1;1;1;1;1;0;0;0;0;0;0;0;0;0;0.0004;0.088;0;-0.0884;0;0;0;0;0;0;0;0;0;0;0;0;0;0;0;0;0;0;0;-6.5;0;0;0;0;0.0004;0;0;0;0;0;0;0;-0.0004;-0.0884;0;0;0;0;0;0;0;0;0;-0.7063;0;0.7063;1;1;0;0;0;0
12/06/21 06:00;0;0;90;0;0;90;0;0;0;0;6.3598;2.91;0;0;0;0;0;0;0;0;0;0;0;0;0;1;1;1;1;0;0;0;0;0;0;0;0;0;0;0;0;0;0;0;0;0;0;0;0;0;0;0;0;0;0;0;0;0;0;0;0;0;0;0;1;1;1;1;1;1;1;1;1;1;1;1;1;1;1;1;1;1;1;0;0;0;0;0;0;0;0;0;0.0004;0.088;0;-0.0884;0;0;0;0;0;0;0;0;0;0;0;0;0;0;0;0;0;0;0;-6.3598;0;0;0;0;0.0004;0;0;0;0;0;0;0;-0.0004;-0.0884;0;0;0;0;0;0;0;0;0;-0.7063;0;0.7063;1;1;0;0;0;0
12/06/21 07:00;4.6606;-57.3;78.635;5.5334;7.9911;-90;-7.9911;21;20.402;0.5981;6.3797;3.4;0;1.4505;20.19;0.275;0;0.0143;21.929;0;21.929;1.4505;0.275;20.19;0.0143;0.0661;0.9213;0;0.0007;21.817;0.1127;0;0;0.1008;0.0119;20.475;1.3197;0.3994;0.0757;0.844;0.0005;21.795;0.0218;0.0015;0.0003;0.0201;0;20.477;1.0496;0.199;19.225;0.0018;12.052;10.377;2.5531;0.0024;0.0996;1.4327;0.0019;1.5299;0;1;0;0;1.0443;0.9949;1;1;0.995;0.1657;0.9394;0.7243;1;0.9579;0.7756;0.999;0.999;1;0.999;0.999;0.9337;0.9522;0.1284;0.0659;0.0647;0.0004;0.009;-0.0042;0.0004;0.0015;0.0003;0;0;0.088;0;-0.0354;0;0;0;0;0;0;0;0;0;0;0;0;0.0012;0;0.0561;0.0561;0;7.2234;7.2234;0.8437;0.0412;53.503;1047.8;1;0.0035;0.0035;0;0;0;0;0;0;0.0526;-0.0354;0;16.217;18.779;-10.25;-11.87;93.762;93.762;0.5263;0.4481;-0.2832;0.0783;0.7312;0.1487;1.3894;0;12.049;0;0
12/06/21 08:00;13.772;-48.088;54.735;18.23;31.121;-90;-31.121;49.501;48.699;0.8018;6.7001;2.9401;0;1.9447;45.08;0.3004;0;0.4987;47.823;0;47.823;1.9447;0.3004;45.08;0.4987;0.0407;0.9531;0;0.0104;45.26;2.5636;0;0;2.124;0.4395;43.766;1.449;0.0394;0.0061;1.3934;0.01;45.214;0.0453;0.0019;0.0003;0.043;0.0001;43.92;1.9033;0.294;41.519;0.0491;29.95;25.787;6.7375;0.775;0.272;3.912;0.1546;3.4089;0;1;0;0;0.9661;0.9464;1;1;0.9529;0.1186;0.968;0.9797;1;0.9675;0.8307;0.999;0.999;1;0.999;0.999;0.9152;0.921;0.0984;0.1436;0.1405;0.0008;0.0131;-0.0085;0.0009;0.0034;0.0008;0;0;0.088;0;0.0335;0;0;0;0;0;0;0;0;0;0;0;0;0.0027;0.0001;0.1272;0.1272;0;8.4857;8.4857;1.7856;0.0408;118.27;1075.4;1;0.0057;0.0057;0;0;0;0;0;0;0.1215;0.0335;0;16.871;19.536;4.4392;5.1404;95.504;95.504;1.1478;1.0165;0.2675;0.1313;0.749;0.1144;0.6526;0.233;29.946;0.2196;0
12/06/21 09:00;22.038;-36.483;48.184;34.248;55.752;-90;-55.752;87.495;86.003;1.4922;7.5703;3.2501;0;2.6516;67;0.4589;0;2.6779;72.788;0;72.788;2.6516;0.4589;67;2.6779;0.0364;0.9573;0;0.0368;62.698;10.09;0;0;7.5811;2.5092;60.559;2.0765;0.0309;0.0054;2.0327;0.0076;62.635;0.0627;0.0027;0.0005;0.0594;0.0002;61.648;2.618;0.4531;57.327;0.1609;56.053;48.261;14.06;8.6286;0.8813;12.677;1.0896;4.9293;0;1;0;0;0.8319;0.8614;1;1;0.8868;0.063;0.9668;0.9883;1;0.9658;0.9548;0.999;0.999;1;0.999;0.999;0.832;0.8556;0.0601;0.2186;0.2124;0.0013;0.0154;-0.0116;0.0015;0.0051;0.0025;0;0;0.088;0;0.0992;0;0;0;0;0;0;0;0;0;0;0;0;0.0041;0.0002;0.1939;0.1939;0;10.035;10.035;2.4644;0.0407;179.18;1082;1;0.0066;0.0066;0;0;0;0;0;0;0.1872;0.0992;0;16.896;19.565;8.6475;10.014;96.573;96.573;1.7469;1.5494;0.793;0.1975;0.7564;0.1131;0.433;0.4539;55.578;0.4016;0
12/06/21 10:00;28.124;-22.812;54.385;54.044;35.956;-90;-35.956;102.91;101.3;1.6056;8.5701;4.36;0;1.9835;91.416;0.3218;0;1.3725;95.094;0;95.094;1.9835;0.3218;91.416;1.3725;0.0209;0.9758;0;0.0144;88.448;6.6461;0;0;5.4084;1.2377;85.524;2.8352;0.0387;0.0063;2.7726;0.0177;88.359;0.0884;0.002;0.0003;0.086;0.0001;85.98;1.9429;0.3153;83.149;0.117;63.897;55.015;14.771;2.5837;0.6149;8.845;0.4554;6.8763;0;1;0;0;0.9241;0.9301;1;1;0.9408;0.0982;0.9679;0.9805;1;0.9677;0.8688;0.999;0.999;1;0.999;0.999;0.8994;0.9096;0.0852;0.2856;0.2776;0.0017;0.0168;-0.0131;0.0019;0.0068;0.0017;0;0;0.088;0;0.161;0;0;0;0;0;0;0;0;0;0;0;0;0.0054;0.0003;0.2561;0.2561;0;12.043;12.043;3.473;0.0406;235.58;1087.2;1;0.0071;0.0071;0;0;0;0;0;0;0.249;0.161;0;17.085;19.784;10.739;12.435;97.214;97.214;2.2823;2.0469;1.2866;0.2354;0.7603;0.1031;0.3331;0.5637;62.977;0.527;0
12/06/21 11:00;31.331;-7.3602;57.902;78.116;11.884;-90;-11.884;114;112.3;1.7059;9.0999;4.64;0;1.7432;110.82;0.2843;0;0.171;113.02;0;113.02;1.7432;0.2843;110.82;0.171;0.0154;0.9821;0;0.0015;111.8;1.2141;0;0;1.0715;0.1426;107.27;4.4175;0.051;0.0083;4.3518;0.0064;111.69;0.1118;0.0017;0.0003;0.1097;0;107.31;1.6905;0.2757;105.29;0.0221;67.915;58.475;14.594;0.0617;0.551;7.9253;0.0323;8.4146;0;1;0;0;0.9914;0.9893;1;1;0.9903;0.1665;0.9604;0.9707;1;0.9603;0.7752;0.999;0.999;1;0.999;0.999;0.9492;0.9501;0.129;0.3394;0.3399;0.002;0.0175;-0.0142;0.0023;0.0083;0.0016;0;0;0.088;0;0.2196;0;0;0;0;0;0;0;0;0;0;0;0;0.0067;0.0004;0.3152;0.3152;0;13.451;13.451;4.3514;0.0406;289.22;1090;1;0.0077;0.0077;0;0;0;0;0;0;0.3076;0.2196;0;17.695;20.49;12.323;14.27;97.559;97.559;2.7124;2.5194;1.7546;0.193;0.7648;0.0711;0.282;0.6469;66.763;0.6146;0
12/06/21 12:00;31.179;8.7762;57.73;75.848;14.152;90;14.152;165.69;161.8;3.8904;9.8697;4.5201;0;4.0121;158.44;0.9468;0;0.352;163.75;0;163.75;4.0121;0.9468;158.44;0.352;0.0245;0.9697;0;0.0021;161.4;2.3552;0;0;2.0611;0.2941;155.11;6.1271;0.1151;0.0272;5.9718;0.013;161.24;0.1614;0.004;0.0009;0.1564;0.0001;155.19;3.893;0.9187;150.25;0.0448;98.909;85.161;21.146;0.1665;0.8144;11.714;0.075;12.362;0;1;0;0;0.9883;0.9856;1;1;0.987;0.1645;0.962;0.9713;1;0.9618;0.7749;0.999;0.999;1;0.999;0.999;0.9472;0.9483;0.1274;0.4918;0.4921;0.003;0.0181;-0.0156;0.0034;0.0121;0.0023;0;0;0.088;0;0.3612;0;0;0;0;0;0;0;0;0;0;0;0;0.0097;0.0008;0.4584;0.4584;0;16.154;16.154;6.2843;0.0405;419.73;1092.2;1;0.0092;0.0092;0;0;0;0;0;0;0.4492;0.3612;0;17.759;20.564;13.992;16.203;97.987;97.987;3.9301;3.6637;2.8866;0.2664;0.7771;0.0678;0.1977;0.7345;96.135;0.6972;0
12/06/21 13:00;27.692;24.103;53.926;52.113;37.887;90;37.887;62.804;62.302;0.5014;10.1;4.3001;0;0.6354;55.691;0.0643;0;0.9266;57.317;0;57.317;0.6354;0.0643;55.691;0.9266;0.0111;0.9878;0;0.0162;52.892;4.4253;0;0;3.5804;0.8448;51.136;1.7031;0.0118;0.0012;1.6808;0.0093;52.839;0.0529;0.0006;0.0001;0.0521;0.0001;51.454;0.623;0.0631;50.378;0.0724;39.236;33.782;9.1128;1.8832;0.3941;5.6686;0.3181;4.1794;0;1;0;0;0.9126;0.9228;1;1;0.9357;0.0883;0.9678;0.9814;1;0.9677;0.8857;0.999;0.999;1;0.999;0.999;0.8922;0.9046;0.0781;0.1721;0.1669;0.001;0.0141;-0.0079;0.0011;0.004;0.0011;0;0;0.088;0;0.056;0;0;0;0;0;0;0;0;0;0;0;0;0.0032;0.0002;0.1501;0.1501;0;12.189;12.189;2.0889;0.0409;140.88;1065.8;1;0.0062;0.0062;0;0;0;0;0;0;0.144;0.056;0;16.617;19.243;6.1954;7.1741;95.893;95.893;1.3756;1.2;0.4474;0.1757;0.7526;0.1277;0.5471;0.3252;38.971;0.3028;0
12/06/21 14:00;21.384;37.591;47.547;32.697;57.303;90;57.303;164.7;153.9;10.797;10.49;3.7401;0;19.987;115.87;6.3695;0;5.301;147.53;0;147.53;19.987;6.3695;115.87;5.301;0.1355;0.8213;0;0.0359;128.88;18.648;0;0;13.67;4.978;124.9;3.8494;0.2256;0.0719;3.535;0.017;128.75;0.1289;0.02;0.0064;0.1022;0.0003;127.01;19.741;6.2913;98.561;0.3057;101.2;87.132;25.35;16.444;1.6496;23.729;2.1103;8.9343;0;1;0;0;0.8957;0.8736;1;1;0.882;0.0609;0.9701;0.9887;1;0.9654;0.9474;0.999;0.999;1;0.999;0.999;0.8466;0.8506;0.0577;0.443;0.4326;0.0026;0.018;-0.0147;0.003;0.0106;0.0047;0;0;0.088;0;0.3027;0;0;0;0;0;0;0;0;0;0;0;0;0.0085;0.0006;0.3993;0.3993;0;15.558;15.558;5.0679;0.0406;367.49;1086.4;1;0.0085;0.0085;0;0;0;0;0;0;0.3907;0.3027;0;17.168;19.88;13.017;15.073;97.859;97.859;3.5406;3.1908;2.4192;0.3498;0.7716;0.0988;0.2179;0.6833;97.776;0.6098;0
12/06/21 15:00;12.958;49.023;57.054;16.95;28.047;90;28.047;74.896;73.397;1.4982;10.8;2.5599;0;3.6336;68.739;0.898;0;0.6157;73.886;0;73.886;3.6336;0.898;68.739;0.6157;0.0492;0.9387;0;0.0083;70.601;3.2853;0;0;2.7492;0.5361;68.233;2.2974;0.0963;0.0238;2.1623;0.0151;70.53;0.0706;0.0036;0.0009;0.066;0.0001;68.414;3.5338;0.8733;63.762;0.0645;44.726;38.509;9.9391;0.8238;0.3924;5.6445;0.1806;5.2131;0;1;0;0;0.9865;0.9555;1;1;0.96;0.1293;0.9674;0.9735;1;0.9672;0.8106;0.999;0.999;1;0.999;0.999;0.9235;0.9276;0.1047;0.2219;0.218;0.0013;0.0156;-0.0091;0.0015;0.0052;0.0011;0;0;0.088;0;0.1034;0;0;0;0;0;0;0;0;0;0;0;0;0.0042;0.0002;0.198;0.198;0;13.581;13.581;2.7813;0.0408;184.73;1071.7;1;0.0066;0.0066;0;0;0;0;0;0;0.1914;0.1034;0;16.997;19.682;8.878;10.281;96.683;96.683;1.7733;1.5822;0.8264;0.1911;0.7558;0.1078;0.4262;0.466;44.717;0.4408;0
12/06/21 16:00;4.2626;57.652;79.615;5.042;7.2648;90;7.2648;0;0;0;10.47;2.75;0;0;0;0;0;0;0;0;0;0;0;0;0;1;1;1;1;0;0;0;0;0;0;0;0;0;0;0;0;0;0;0;0;0;0;0;0;0;0;0;0;0;0;0;0;0;0;0;0;0;0;0;1;1;1;1;1;1;1;1;1;1;1;1;1;1;1;1;1;1;1;0;0;0;0;0;0;0;0;0;0.0004;0.088;0;-0.0884;0;0;0;0;0;0;0;0;0;0;0;0;0;0;0;0;0;0;0;-10.47;0;0;0;0;0.0004;0;0;0;0;0;0;0;-0.0004;-0.0884;0;0;0;0;0;0;0;0;0;-0.7063;0;0.7063;1;1;0;0;0;0
12/06/21 17:00;0;0;90;0;0;90;0;0;0;0;9.9302;2.8501;0;0;0;0;0;0;0;0;0;0;0;0;0;1;1;1;1;0;0;0;0;0;0;0;0;0;0;0;0;0;0;0;0;0;0;0;0;0;0;0;0;0;0;0;0;0;0;0;0;0;0;0;1;1;1;1;1;1;1;1;1;1;1;1;1;1;1;1;1;1;1;0;0;0;0;0;0;0;0;0;0.0004;0.088;0;-0.0884;0;0;0;0;0;0;0;0;0;0;0;0;0;0;0;0;0;0;0;-9.9302;0;0;0;0;0.0004;0;0;0;0;0;0;0;-0.0004;-0.0884;0;0;0;0;0;0;0;0;0;-0.7063;0;0.7063;1;1;0;0;0;0
12/06/21 18:00;0;0;90;0;0;90;0;0;0;0;8.5202;2.9;0;0;0;0;0;0;0;0;0;0;0;0;0;1;1;1;1;0;0;0;0;0;0;0;0;0;0;0;0;0;0;0;0;0;0;0;0;0;0;0;0;0;0;0;0;0;0;0;0;0;0;0;1;1;1;1;1;1;1;1;1;1;1;1;1;1;1;1;1;1;1;0;0;0;0;0;0;0;0;0;0.0004;0.088;0;-0.0884;0;0;0;0;0;0;0;0;0;0;0;0;0;0;0;0;0;0;0;-8.5202;0;0;0;0;0.0004;0;0;0;0;0;0;0;-0.0004;-0.0884;0;0;0;0;0;0;0;0;0;-0.7063;0;0.7063;1;1;0;0;0;0
12/06/21 19:00;0;0;90;0;0;90;0;0;0;0;6.5997;2.8501;0;0;0;0;0;0;0;0;0;0;0;0;0;1;1;1;1;0;0;0;0;0;0;0;0;0;0;0;0;0;0;0;0;0;0;0;0;0;0;0;0;0;0;0;0;0;0;0;0;0;0;0;1;1;1;1;1;1;1;1;1;1;1;1;1;1;1;1;1;1;1;0;0;0;0;0;0;0;0;0;0.0004;0.088;0;-0.0884;0;0;0;0;0;0;0;0;0;0;0;0;0;0;0;0;0;0;0;-6.5997;0;0;0;0;0.0004;0;0;0;0;0;0;0;-0.0004;-0.0884;0;0;0;0;0;0;0;0;0;-0.7063;0;0.7063;1;1;0;0;0;0
12/06/21 20:00;0;0;90;0;0;90;0;0;0;0;6.3398;2.7999;0;0;0;0;0;0;0;0;0;0;0;0;0;1;1;1;1;0;0;0;0;0;0;0;0;0;0;0;0;0;0;0;0;0;0;0;0;0;0;0;0;0;0;0;0;0;0;0;0;0;0;0;1;1;1;1;1;1;1;1;1;1;1;1;1;1;1;1;1;1;1;0;0;0;0;0;0;0;0;0;0.0004;0.088;0;-0.0884;0;0;0;0;0;0;0;0;0;0;0;0;0;0;0;0;0;0;0;-6.3398;0;0;0;0;0.0004;0;0;0;0;0;0;0;-0.0004;-0.0884;0;0;0;0;0;0;0;0;0;-0.7063;0;0.7063;1;1;0;0;0;0
12/06/21 21:00;0;0;90;0;0;90;0;0;0;0;4.41;2.75;0;0;0;0;0;0;0;0;0;0;0;0;0;1;1;1;1;0;0;0;0;0;0;0;0;0;0;0;0;0;0;0;0;0;0;0;0;0;0;0;0;0;0;0;0;0;0;0;0;0;0;0;1;1;1;1;1;1;1;1;1;1;1;1;1;1;1;1;1;1;1;0;0;0;0;0;0;0;0;0;0.0004;0.088;0;-0.0884;0;0;0;0;0;0;0;0;0;0;0;0;0;0;0;0;0;0;0;-4.41;0;0;0;0;0.0004;0;0;0;0;0;0;0;-0.0004;-0.0884;0;0;0;0;0;0;0;0;0;-0.7063;0;0.7063;1;1;0;0;0;0
12/06/21 22:00;0;0;90;0;0;90;0;0;0;0;3.2899;2.68;0;0;0;0;0;0;0;0;0;0;0;0;0;1;1;1;1;0;0;0;0;0;0;0;0;0;0;0;0;0;0;0;0;0;0;0;0;0;0;0;0;0;0;0;0;0;0;0;0;0;0;0;1;1;1;1;1;1;1;1;1;1;1;1;1;1;1;1;1;1;1;0;0;0;0;0;0;0;0;0;0.0004;0.088;0;-0.0884;0;0;0;0;0;0;0;0;0;0;0;0;0;0;0;0;0;0;0;-3.2899;0;0;0;0;0.0004;0;0;0;0;0;0;0;-0.0004;-0.0884;0;0;0;0;0;0;0;0;0;-0.7063;0;0.7063;1;1;0;0;0;0
12/06/21 23:00;0;0;90;0;0;90;0;0;0;0;3.4501;2.5401;0;0;0;0;0;0;0;0;0;0;0;0;0;1;1;1;1;0;0;0;0;0;0;0;0;0;0;0;0;0;0;0;0;0;0;0;0;0;0;0;0;0;0;0;0;0;0;0;0;0;0;0;1;1;1;1;1;1;1;1;1;1;1;1;1;1;1;1;1;1;1;0;0;0;0;0;0;0;0;0;0.0004;0.088;0;-0.0884;0;0;0;0;0;0;0;0;0;0;0;0;0;0;0;0;0;0;0;-3.4501;0;0;0;0;0.0004;0;0;0;0;0;0;0;-0.0004;-0.0884;0;0;0;0;0;0;0;0;0;-0.7063;0;0.7063;1;1;0;0;0;0
13/06/21 00:00;0;0;90;0;0;90;0;0;0;0;4.6599;2.4799;0;0;0;0;0;0;0;0;0;0;0;0;0;1;1;1;1;0;0;0;0;0;0;0;0;0;0;0;0;0;0;0;0;0;0;0;0;0;0;0;0;0;0;0;0;0;0;0;0;0;0;0;1;1;1;1;1;1;1;1;1;1;1;1;1;1;1;1;1;1;1;0;0;0;0;0;0;0;0;0;0.0004;0.088;0;-0.0884;0;0;0;0;0;0;0;0;0;0;0;0;0;0;0;0;0;0;0;-4.6599;0;0;0;0;0.0004;0;0;0;0;0;0;0;-0.0004;-0.0884;0;0;0;0;0;0;0;0;0;-0.7063;0;0.7063;1;1;0;0;0;0
13/06/21 01:00;0;0;90;0;0;90;0;0;0;0;6.4103;2.44;0;0;0;0;0;0;0;0;0;0;0;0;0;1;1;1;1;0;0;0;0;0;0;0;0;0;0;0;0;0;0;0;0;0;0;0;0;0;0;0;0;0;0;0;0;0;0;0;0;0;0;0;1;1;1;1;1;1;1;1;1;1;1;1;1;1;1;1;1;1;1;0;0;0;0;0;0;0;0;0;0.0004;0.088;0;-0.0884;0;0;0;0;0;0;0;0;0;0;0;0;0;0;0;0;0;0;0;-6.4103;0;0;0;0;0.0004;0;0;0;0;0;0;0;-0.0004;-0.0884;0;0;0;0;0;0;0;0;0;-0.7063;0;0.7063;1;1;0;0;0;0
13/06/21 02:00;0;0;90;0;0;90;0;0;0;0;7.1003;2.3701;0;0;0;0;0;0;0;0;0;0;0;0;0;1;1;1;1;0;0;0;0;0;0;0;0;0;0;0;0;0;0;0;0;0;0;0;0;0;0;0;0;0;0;0;0;0;0;0;0;0;0;0;1;1;1;1;1;1;1;1;1;1;1;1;1;1;1;1;1;1;1;0;0;0;0;0;0;0;0;0;0.0004;0.088;0;-0.0884;0;0;0;0;0;0;0;0;0;0;0;0;0;0;0;0;0;0;0;-7.1003;0;0;0;0;0.0004;0;0;0;0;0;0;0;-0.0004;-0.0884;0;0;0;0;0;0;0;0;0;-0.7063;0;0.7063;1;1;0;0;0;0
13/06/21 03:00;0;0;90;0;0;90;0;0;0;0;7.2997;2.2201;0;0;0;0;0;0;0;0;0;0;0;0;0;1;1;1;1;0;0;0;0;0;0;0;0;0;0;0;0;0;0;0;0;0;0;0;0;0;0;0;0;0;0;0;0;0;0;0;0;0;0;0;1;1;1;1;1;1;1;1;1;1;1;1;1;1;1;1;1;1;1;0;0;0;0;0;0;0;0;0;0.0004;0.088;0;-0.0884;0;0;0;0;0;0;0;0;0;0;0;0;0;0;0;0;0;0;0;-7.2997;0;0;0;0;0.0004;0;0;0;0;0;0;0;-0.0004;-0.0884;0;0;0;0;0;0;0;0;0;-0.7063;0;0.7063;1;1;0;0;0;0
13/06/21 04:00;0;0;90;0;0;90;0;0;0;0;7.2997;2.04;0;0;0;0;0;0;0;0;0;0;0;0;0;1;1;1;1;0;0;0;0;0;0;0;0;0;0;0;0;0;0;0;0;0;0;0;0;0;0;0;0;0;0;0;0;0;0;0;0;0;0;0;1;1;1;1;1;1;1;1;1;1;1;1;1;1;1;1;1;1;1;0;0;0;0;0;0;0;0;0;0.0004;0.088;0;-0.0884;0;0;0;0;0;0;0;0;0;0;0;0;0;0;0;0;0;0;0;-7.2997;0;0;0;0;0.0004;0;0;0;0;0;0;0;-0.0004;-0.0884;0;0;0;0;0;0;0;0;0;-0.7063;0;0.7063;1;1;0;0;0;0
13/06/21 05:00;0;0;90;0;0;90;0;0;0;0;7.2;1.86;0;0;0;0;0;0;0;0;0;0;0;0;0;1;1;1;1;0;0;0;0;0;0;0;0;0;0;0;0;0;0;0;0;0;0;0;0;0;0;0;0;0;0;0;0;0;0;0;0;0;0;0;1;1;1;1;1;1;1;1;1;1;1;1;1;1;1;1;1;1;1;0;0;0;0;0;0;0;0;0;0.0004;0.088;0;-0.0884;0;0;0;0;0;0;0;0;0;0;0;0;0;0;0;0;0;0;0;-7.2;0;0;0;0;0.0004;0;0;0;0;0;0;0;-0.0004;-0.0884;0;0;0;0;0;0;0;0;0;-0.7063;0;0.7063;1;1;0;0;0;0
13/06/21 06:00;0;0;90;0;0;90;0;0;0;0;7.2499;1.5299;0;0;0;0;0;0;0;0;0;0;0;0;0;1;1;1;1;0;0;0;0;0;0;0;0;0;0;0;0;0;0;0;0;0;0;0;0;0;0;0;0;0;0;0;0;0;0;0;0;0;0;0;1;1;1;1;1;1;1;1;1;1;1;1;1;1;1;1;1;1;1;0;0;0;0;0;0;0;0;0;0.0004;0.088;0;-0.0884;0;0;0;0;0;0;0;0;0;0;0;0;0;0;0;0;0;0;0;-7.2499;0;0;0;0;0.0004;0;0;0;0;0;0;0;-0.0004;-0.0884;0;0;0;0;0;0;0;0;0;-0.7063;0;0.7063;1;1;0;0;0;0
13/06/21 07:00;4.5901;-57.288;78.809;5.4506;7.8683;-90;-7.8683;14.905;14.701;0.204;7.4998;1.3599;0;0.4948;14.603;0.0686;0;0.0098;15.177;0;15.177;0.4948;0.0686;14.603;0.0098;0.0326;0.9629;0;0.0006;15.098;0.0793;0;0;0.0711;0.0082;14.312;0.7701;0.1389;0.0193;0.6116;0.0004;15.082;0.0151;0.0005;0.0001;0.0145;0;14.314;0.3554;0.0493;13.906;0.0013;8.714;7.5028;1.8456;0.0016;0.072;1.0361;0.0013;1.1065;0;1;0;0;1.0182;0.9948;1;1;0.9951;0.1656;0.9489;0.719;1;0.9579;0.7756;0.999;0.999;1;0.999;0.999;0.943;0.9523;0.1283;0.0456;0.0453;0.0003;0.0075;-0.0027;0.0003;0.001;0.0002;0;0;0.088;0;-0.053;0;0;0;0;0;0;0;0;0;0;0;0;0.0008;0;0.038;0.038;0;8.0937;8.0937;0.5939;0.0415;36.959;1027.6;1;0.0029;0.0029;0;0;0;0;0;0;0.035;-0.053;0;15.874;18.382;-22.139;-25.636;92.25;92.25;0.3642;0.3035;-0.4233;0.0607;0.7268;0.1667;1.9954;0;8.7129;0;0
13/06/21 08:00;13.701;-48.084;54.941;18.139;30.891;-90;-30.891;54.209;53.202;1.0061;7.6002;1.1299;0;2.44;49.27;0.4139;0;0.5383;52.663;0;52.663;2.44;0.4139;49.27;0.5383;0.0463;0.9458;0;0.0102;49.894;2.7682;0;0;2.2943;0.4739;48.249;1.595;0.0506;0.0086;1.5248;0.011;49.844;0.0499;0.0024;0.0004;0.047;0.0001;48.415;2.387;0.4049;45.404;0.0533;32.682;28.139;7.3453;0.8257;0.2959;4.2565;0.1658;3.7267;0;1;0;0;0.9715;0.9474;1;1;0.9534;0.1196;0.968;0.9792;1;0.9675;0.8292;0.999;0.999;1;0.999;0.999;0.9162;0.9215;0.0991;0.1581;0.1548;0.0009;0.0137;-0.0088;0.001;0.0037;0.0008;0;0;0.088;0;0.0462;0;0;0;0;0;0;0;0;0;0;0;0;0.003;0.0001;0.1403;0.1403;0;9.5682;9.5682;1.968;0.0408;130.51;1074.7;1;0.0061;0.0061;0;0;0;0;0;0;0.1342;0.0462;0;16.896;19.565;5.5603;6.4387;95.651;95.651;1.2639;1.121;0.3689;0.1429;0.7521;0.1131;0.595;0.2919;32.676;0.2752;0
13/06/21 09:00;21.967;-36.492;48.209;34.147;55.853;-90;-55.853;120.8;117.1;3.701;7.9;1.72;0;6.5934;90.733;1.5587;0;3.7096;102.59;0;102.59;6.5934;1.5587;90.733;3.7096;0.0643;0.9205;0;0.0362;88.825;13.769;0;0;10.293;3.4759;85.877;2.8594;0.077;0.0182;2.7536;0.0106;88.736;0.0888;0.0066;0.0016;0.0804;0.0002;87.384;6.5099;1.539;77.605;0.2228;76.58;65.936;19.113;11.76;1.2084;17.382;1.5074;6.8303;0;1;0;0;0.8493;0.8658;1;1;0.8866;0.063;0.9678;0.9883;1;0.9657;0.9545;0.999;0.999;1;0.999;0.999;0.8371;0.8553;0.0601;0.3081;0.2998;0.0018;0.0171;-0.0148;0.0021;0.0073;0.0034;0;0;0.088;0;0.1814;0;0;0;0;0;0;0;0;0;0;0;0;0.0059;0.0003;0.2767;0.2767;0;11.385;11.385;3.4852;0.0406;253.85;1089.9;1;0.0073;0.0073;0;0;0;0;0;0;0.2694;0.1814;0;17.108;19.81;11.215;12.986;97.359;97.359;2.4623;2.2112;1.4495;0.2511;0.7617;0.102;0.3093;0.5887;75.349;0.5224;0
13/06/21 10:00;28.056;-22.838;54.42;53.937;36.063;-90;-36.063;186.11;175.3;10.807;9.1398;2.8699;0;13.369;155.75;3.763;0;2.4965;175.38;0;175.38;13.369;3.763;155.75;2.4965;0.0762;0.9023;0;0.0142;163.87;11.51;0;0;9.2574;2.2524;158.62;5.0894;0.2616;0.0736;4.7224;0.0317;163.71;0.1639;0.0134;0.0038;0.1465;0.0002;159.45;13.094;3.6856;141.63;0.2121;114.21;98.334;26.229;4.447;1.0991;15.81;0.8324;12.462;0;1;0;0;0.9424;0.9344;1;1;0.9406;0.0978;0.9689;0.9804;1;0.9677;0.8698;0.999;0.999;1;0.999;0.999;0.9044;0.9093;0.085;0.5267;0.5136;0.0031;0.018;-0.0174;0.0036;0.0127;0.0031;0;0;0.088;0;0.382;0;0;0;0;0;0;0;0;0;0;0;0;0.0102;0.0008;0.4795;0.4795;0;15.562;15.562;6.4219;0.0405;437.76;1095.3;1;0.0095;0.0095;0;0;0;0;0;0;0.47;0.382;0;17.343;20.083;13.817;16;98.022;98.022;4.2091;3.832;3.0529;0.3771;0.7791;0.0896;0.1851;0.7253;107.39;0.6795;0
13/06/21 11:00;31.27;-7.4047;57.952;78.019;11.981;-90;-11.981;304.8;232.1;72.699;10;2.97;0;74.318;205.29;25.095;0;0.4648;305.17;0;305.17;74.318;25.095;205.29;0.4648;0.2435;0.6742;0;0.0015;302.77;2.3997;0;0;2.0123;0.3874;291.47;10.992;2.188;0.7388;8.0479;0.0174;302.47;0.3028;0.0743;0.0251;0.2033;0.0001;291.57;72.055;24.331;195.03;0.0599;180.17;155.13;39.045;0.1178;1.4372;20.673;0.0916;21.993;0;1;0;0;1.0012;0.9921;1;1;0.9902;0.1665;0.9637;0.9705;1;0.9604;0.7752;0.999;0.999;1;0.999;0.999;0.9551;0.95;0.129;0.9164;0.9217;0.0055;0.0145;-0.0104;0.0064;0.0226;0.0041;0;0;0.088;0;0.756;0;0;0;0;0;0;0;0;0;0;0;0;0.0182;0.0022;0.8586;0.8586;0;21.806;21.806;11.806;0.0405;787.75;1089.9;1;0.0146;0.0146;0;0;0;0;0;0;0.844;0.756;0;17.848;20.668;15.716;18.199;98.303;98.303;7.324;6.862;6.0422;0.4621;0.8197;0.0631;0.1119;0.825;123.71;0.7852;0
13/06/21 12:00;31.129;8.7156;57.792;75.915;14.085;90;14.085;261.51;227.8;33.707;10.6;2.81;0;34.752;213.33;11.564;0;0.5503;260.2;0;260.2;34.752;11.564;213.33;0.5503;0.1336;0.822;0;0.0021;256.98;3.2128;0;0;2.7531;0.4598;247.32;9.4091;1.0041;0.3341;8.0505;0.0204;256.73;0.257;0.0348;0.0116;0.2106;0.0001;247.44;33.713;11.219;202.32;0.0701;155.33;133.74;33.443;0.2204;1.261;18.139;0.1177;19.179;0;1;0;0;0.995;0.9877;1;1;0.9871;0.1646;0.9633;0.9711;1;0.9617;0.7749;0.999;0.999;1;0.999;0.999;0.9505;0.9484;0.1274;0.7814;0.7835;0.0047;0.0161;-0.0122;0.0054;0.0192;0.0036;0;0;0.088;0;0.6288;0;0;0;0;0;0;0;0;0;0;0;0;0.0155;0.0017;0.7295;0.7295;0;20.62;20.62;10.019;0.0405;669.47;1089.6;1;0.0127;0.0127;0;0;0;0;0;0;0.7168;0.6288;0;17.785;20.594;15.329;17.751;98.259;98.259;6.2447;5.8299;5.0251;0.4148;0.8048;0.0664;0.1289;0.8047;129.41;0.7648;0
13/06/21 13:00;27.656;24.033;53.995;52.147;37.853;90;37.853;197.71;186;11.708;10.87;2.5401;0;14.828;163.26;4.4872;0;2.9121;185.49;0;185.49;14.828;4.4872;163.26;2.9121;0.0799;0.8959;0;0.0157;172.35;13.137;0;0;10.482;2.6547;166.86;5.3178;0.2769;0.0838;4.9277;0.0295;172.18;0.1724;0.0148;0.0045;0.1528;0.0003;167.85;14.536;4.3989;147.7;0.2277;121.54;104.65;28.116;5.5042;1.2066;17.356;0.9908;13.059;0;1;0;0;0.9382;0.9292;1;1;0.9358;0.0884;0.9691;0.9813;1;0.9677;0.8853;0.999;0.999;1;0.999;0.999;0.8996;0.9047;0.0782;0.557;0.5421;0.0033;0.0179;-0.0143;0.0037;0.0133;0.0034;0;0;0.088;0;0.4055;0;0;0;0;0;0;0;0;0;0;0;0;0.0107;0.0009;0.5032;0.5032;0;17.635;17.635;6.7646;0.0405;462.29;1088.5;1;0.0097;0.0097;0;0;0;0;0;0;0.4935;0.4055;0;17.21;19.928;13.87;16.061;98.079;98.079;4.4518;4.0217;3.2411;0.4301;0.7806;0.0966;0.1753;0.7281;114.21;0.6804;0
13/06/21 14:00;21.362;37.518;47.618;32.709;57.291;90;57.291;153.99;146.3;7.6881;11.05;2.18;0;14.227;110.89;4.3154;0;4.9544;134.38;0;134.38;14.227;4.3154;110.89;4.9544;0.1059;0.862;0;0.0369;116.65;17.73;0;0;13.078;4.6526;112.93;3.6087;0.1612;0.0489;3.3828;0.0158;116.54;0.1167;0.0142;0.0043;0.0978;0.0003;114.93;14.052;4.2622;94.327;0.2857;95.97;82.63;24.075;15.724;1.5705;22.591;1.9986;8.4373;0;1;0;0;0.8727;0.8681;1;1;0.8821;0.0609;0.969;0.9887;1;0.9654;0.9475;0.999;0.999;1;0.999;0.999;0.8403;0.8507;0.0577;0.4035;0.3938;0.0024;0.0179;-0.0133;0.0027;0.0096;0.0044;0;0;0.088;0;0.2657;0;0;0;0;0;0;0;0;0;0;0;0;0.0077;0.0005;0.3618;0.3618;0;15.637;15.637;4.5869;0.0406;334.29;1082.4;1;0.0081;0.0081;0;0;0;0;0;0;0.3537;0.2657;0;17.08;19.779;12.543;14.525;97.758;97.758;3.2252;2.8917;2.1236;0.3335;0.7681;0.1034;0.2382;0.6584;93.558;0.5848;0
13/06/21 15:00;12.947;48.95;57.086;16.953;28.054;90;28.054;51.2;50.502;0.6985;10.7;1.4399;0;1.694;47.423;0.2884;0;0.4211;49.826;0;49.826;1.694;0.2884;47.423;0.4211;0.034;0.9602;0;0.0085;47.562;2.2641;0;0;1.8974;0.3667;45.96;1.5547;0.045;0.0077;1.4917;0.0103;47.515;0.0476;0.0017;0.0003;0.0455;0.0001;46.085;1.6473;0.2804;43.988;0.0441;30.856;26.567;6.8566;0.5688;0.2707;3.8946;0.1247;3.5965;0;1;0;0;0.9732;0.9546;1;1;0.96;0.1293;0.9673;0.9734;1;0.9672;0.8106;0.999;0.999;1;0.999;0.999;0.9224;0.9276;0.1047;0.1496;0.147;0.0009;0.0134;-0.0067;0.001;0.0035;0.0007;0;0;0.088;0;0.0377;0;0;0;0;0;0;0;0;0;0;0;0;0.0028;0.0001;0.1314;0.1314;0;12.581;12.581;1.8806;0.0409;123.96;1059.6;1;0.0057;0.0057;0;0;0;0;0;0;0.1257;0.0377;0;16.723;19.365;4.7945;5.5519;95.665;95.665;1.1958;1.0498;0.301;0.1461;0.7488;0.1221;0.6262;0.2517;30.852;0.2378;0
13/06/21 16:00;4.2593;57.58;79.623;5.042;7.2649;90;7.2649;2.7934;2.7934;0;10.26;1.3401;0;0;2.7822;0;0;0.0016;2.7838;2.7838;0;0;0;0;0;1;1;1;1;0;0;0;0;0;0;0;0;0;0;0;0;0;0;0;0;0;0;0;0;0;0;0;0;0;0;0;0;0;0;0;0;0;0;0;0;1;1;1;1;1;1;1;1;1;1;1;1;1;0;0;1;0;0;0;0;0;0;0;0;0;0;0;0.0004;0.088;0;-0.0884;0;0;0;0;0;0;0;0;0;0;0;0;0;0;0;0;0;0;0;-10.26;0;0;0;0;0.0004;0;0;0;0;0;0;0;-0.0004;-0.0884;0;0;0;0;0;0;0;0;0;-0.7063;0;0.7063;1;1;0;0;0;0
13/06/21 17:00;0;0;90;0;0;90;0;0;0;0;9.9003;1.1999;0;0;0;0;0;0;0;0;0;0;0;0;0;1;1;1;1;0;0;0;0;0;0;0;0;0;0;0;0;0;0;0;0;0;0;0;0;0;0;0;0;0;0;0;0;0;0;0;0;0;0;0;1;1;1;1;1;1;1;1;1;1;1;1;1;1;1;1;1;1;1;0;0;0;0;0;0;0;0;0;0.0004;0.088;0;-0.0884;0;0;0;0;0;0;0;0;0;0;0;0;0;0;0;0;0;0;0;-9.9003;0;0;0;0;0.0004;0;0;0;0;0;0;0;-0.0004;-0.0884;0;0;0;0;0;0;0;0;0;-0.7063;0;0.7063;1;1;0;0;0;0
13/06/21 18:00;0;0;90;0;0;90;0;0;0;0;9.5998;1.0201;0;0;0;0;0;0;0;0;0;0;0;0;0;1;1;1;1;0;0;0;0;0;0;0;0;0;0;0;0;0;0;0;0;0;0;0;0;0;0;0;0;0;0;0;0;0;0;0;0;0;0;0;1;1;1;1;1;1;1;1;1;1;1;1;1;1;1;1;1;1;1;0;0;0;0;0;0;0;0;0;0.0004;0.088;0;-0.0884;0;0;0;0;0;0;0;0;0;0;0;0;0;0;0;0;0;0;0;-9.5998;0;0;0;0;0.0004;0;0;0;0;0;0;0;-0.0004;-0.0884;0;0;0;0;0;0;0;0;0;-0.7063;0;0.7063;1;1;0;0;0;0
13/06/21 19:00;0;0;90;0;0;90;0;0;0;0;9.0999;0.8099;0;0;0;0;0;0;0;0;0;0;0;0;0;1;1;1;1;0;0;0;0;0;0;0;0;0;0;0;0;0;0;0;0;0;0;0;0;0;0;0;0;0;0;0;0;0;0;0;0;0;0;0;1;1;1;1;1;1;1;1;1;1;1;1;1;1;1;1;1;1;1;0;0;0;0;0;0;0;0;0;0.0004;0.088;0;-0.0884;0;0;0;0;0;0;0;0;0;0;0;0;0;0;0;0;0;0;0;-9.0999;0;0;0;0;0.0004;0;0;0;0;0;0;0;-0.0004;-0.0884;0;0;0;0;0;0;0;0;0;-0.7063;0;0.7063;1;1;0;0;0;0
13/06/21 20:00;0;0;90;0;0;90;0;0;0;0;8.8998;0.6;0;0;0;0;0;0;0;0;0;0;0;0;0;1;1;1;1;0;0;0;0;0;0;0;0;0;0;0;0;0;0;0;0;0;0;0;0;0;0;0;0;0;0;0;0;0;0;0;0;0;0;0;1;1;1;1;1;1;1;1;1;1;1;1;1;1;1;1;1;1;1;0;0;0;0;0;0;0;0;0;0.0004;0.088;0;-0.0884;0;0;0;0;0;0;0;0;0;0;0;0;0;0;0;0;0;0;0;-8.8998;0;0;0;0;0.0004;0;0;0;0;0;0;0;-0.0004;-0.0884;0;0;0;0;0;0;0;0;0;-0.7063;0;0.7063;1;1;0;0;0;0
13/06/21 21:00;0;0;90;0;0;90;0;0;0;0;8.8998;0.37;0;0;0;0;0;0;0;0;0;0;0;0;0;1;1;1;1;0;0;0;0;0;0;0;0;0;0;0;0;0;0;0;0;0;0;0;0;0;0;0;0;0;0;0;0;0;0;0;0;0;0;0;1;1;1;1;1;1;1;1;1;1;1;1;1;1;1;1;1;1;1;0;0;0;0;0;0;0;0;0;0.0004;0.088;0;-0.0884;0;0;0;0;0;0;0;0;0;0;0;0;0;0;0;0;0;0;0;-8.8998;0;0;0;0;0.0004;0;0;0;0;0;0;0;-0.0004;-0.0884;0;0;0;0;0;0;0;0;0;-0.7063;0;0.7063;1;1;0;0;0;0
13/06/21 22:00;0;0;90;0;0;90;0;0;0;0;8.5003;0.2399;0;0;0;0;0;0;0;0;0;0;0;0;0;1;1;1;1;0;0;0;0;0;0;0;0;0;0;0;0;0;0;0;0;0;0;0;0;0;0;0;0;0;0;0;0;0;0;0;0;0;0;0;1;1;1;1;1;1;1;1;1;1;1;1;1;1;1;1;1;1;1;0;0;0;0;0;0;0;0;0;0.0004;0.088;0;-0.0884;0;0;0;0;0;0;0;0;0;0;0;0;0;0;0;0;0;0;0;-8.5003;0;0;0;0;0.0004;0;0;0;0;0;0;0;-0.0004;-0.0884;0;0;0;0;0;0;0;0;0;-0.7063;0;0.7063;1;1;0;0;0;0
13/06/21 23:00;0;0;90;0;0;90;0;0;0;0;8.3999;0.4799;0;0;0;0;0;0;0;0;0;0;0;0;0;1;1;1;1;0;0;0;0;0;0;0;0;0;0;0;0;0;0;0;0;0;0;0;0;0;0;0;0;0;0;0;0;0;0;0;0;0;0;0;1;1;1;1;1;1;1;1;1;1;1;1;1;1;1;1;1;1;1;0;0;0;0;0;0;0;0;0;0.0004;0.088;0;-0.0884;0;0;0;0;0;0;0;0;0;0;0;0;0;0;0;0;0;0;0;-8.3999;0;0;0;0;0.0004;0;0;0;0;0;0;0;-0.0004;-0.0884;0;0;0;0;0;0;0;0;0;-0.7063;0;0.7063;1;1;0;0;0;0
14/06/21 00:00;0;0;90;0;0;90;0;0;0;0;8.4903;0.7101;0;0;0;0;0;0;0;0;0;0;0;0;0;1;1;1;1;0;0;0;0;0;0;0;0;0;0;0;0;0;0;0;0;0;0;0;0;0;0;0;0;0;0;0;0;0;0;0;0;0;0;0;1;1;1;1;1;1;1;1;1;1;1;1;1;1;1;1;1;1;1;0;0;0;0;0;0;0;0;0;0.0004;0.088;0;-0.0884;0;0;0;0;0;0;0;0;0;0;0;0;0;0;0;0;0;0;0;-8.4903;0;0;0;0;0.0004;0;0;0;0;0;0;0;-0.0004;-0.0884;0;0;0;0;0;0;0;0;0;-0.7063;0;0.7063;1;1;0;0;0;0
14/06/21 01:00;0;0;90;0;0;90;0;0;0;0;8.0802;0.8099;0;0;0;0;0;0;0;0;0;0;0;0;0;1;1;1;1;0;0;0;0;0;0;0;0;0;0;0;0;0;0;0;0;0;0;0;0;0;0;0;0;0;0;0;0;0;0;0;0;0;0;0;1;1;1;1;1;1;1;1;1;1;1;1;1;1;1;1;1;1;1;0;0;0;0;0;0;0;0;0;0.0004;0.088;0;-0.0884;0;0;0;0;0;0;0;0;0;0;0;0;0;0;0;0;0;0;0;-8.0802;0;0;0;0;0.0004;0;0;0;0;0;0;0;-0.0004;-0.0884;0;0;0;0;0;0;0;0;0;-0.7063;0;0.7063;1;1;0;0;0;0
14/06/21 02:00;0;0;90;0;0;90;0;0;0;0;7.2499;0.9401;0;0;0;0;0;0;0;0;0;0;0;0;0;1;1;1;1;0;0;0;0;0;0;0;0;0;0;0;0;0;0;0;0;0;0;0;0;0;0;0;0;0;0;0;0;0;0;0;0;0;0;0;1;1;1;1;1;1;1;1;1;1;1;1;1;1;1;1;1;1;1;0;0;0;0;0;0;0;0;0;0.0004;0.088;0;-0.0884;0;0;0;0;0;0;0;0;0;0;0;0;0;0;0;0;0;0;0;-7.2499;0;0;0;0;0.0004;0;0;0;0;0;0;0;-0.0004;-0.0884;0;0;0;0;0;0;0;0;0;-0.7063;0;0.7063;1;1;0;0;0;0
14/06/21 03:00;0;0;90;0;0;90;0;0;0;0;6.9002;1.06;0;0;0;0;0;0;0;0;0;0;0;0;0;1;1;1;1;0;0;0;0;0;0;0;0;0;0;0;0;0;0;0;0;0;0;0;0;0;0;0;0;0;0;0;0;0;0;0;0;0;0;0;1;1;1;1;1;1;1;1;1;1;1;1;1;1;1;1;1;1;1;0;0;0;0;0;0;0;0;0;0.0004;0.088;0;-0.0884;0;0;0;0;0;0;0;0;0;0;0;0;0;0;0;0;0;0;0;-6.9002;0;0;0;0;0.0004;0;0;0;0;0;0;0;-0.0004;-0.0884;0;0;0;0;0;0;0;0;0;-0.7063;0;0.7063;1;1;0;0;0;0
14/06/21 04:00;0;0;90;0;0;90;0;0;0;0;7.6002;1.16;0;0;0;0;0;0;0;0;0;0;0;0;0;1;1;1;1;0;0;0;0;0;0;0;0;0;0;0;0;0;0;0;0;0;0;0;0;0;0;0;0;0;0;0;0;0;0;0;0;0;0;0;1;1;1;1;1;1;1;1;1;1;1;1;1;1;1;1;1;1;1;0;0;0;0;0;0;0;0;0;0.0004;0.088;0;-0.0884;0;0;0;0;0;0;0;0;0;0;0;0;0;0;0;0;0;0;0;-7.6002;0;0;0;0;0.0004;0;0;0;0;0;0;0;-0.0004;-0.0884;0;0;0;0;0;0;0;0;0;-0.7063;0;0.7063;1;1;0;0;0;0
14/06/21 05:00;0;0;90;0;0;90;0;0;0;0;7.5298;1.24;0;0;0;0;0;0;0;0;0;0;0;0;0;1;1;1;1;0;0;0;0;0;0;0;0;0;0;0;0;0;0;0;0;0;0;0;0;0;0;0;0;0;0;0;0;0;0;0;0;0;0;0;1;1;1;1;1;1;1;1;1;1;1;1;1;1;1;1;1;1;1;0;0;0;0;0;0;0;0;0;0.0004;0.088;0;-0.0884;0;0;0;0;0;0;0;0;0;0;0;0;0;0;0;0;0;0;0;-7.5298;0;0;0;0;0.0004;0;0;0;0;0;0;0;-0.0004;-0.0884;0;0;0;0;0;0;0;0;0;-0.7063;0;0.7063;1;1;0;0;0;0
14/06/21 06:00;0;0;90;0;0;90;0;0;0;0;7.2997;1.2601;0;0;0;0;0;0;0;0;0;0;0;0;0;1;1;1;1;0;0;0;0;0;0;0;0;0;0;0;0;0;0;0;0;0;0;0;0;0;0;0;0;0;0;0;0;0;0;0;0;0;0;0;1;1;1;1;1;1;1;1;1;1;1;1;1;1;1;1;1;1;1;0;0;0;0;0;0;0;0;0;0.0004;0.088;0;-0.0884;0;0;0;0;0;0;0;0;0;0;0;0;0;0;0;0;0;0;0;-7.2997;0;0;0;0;0.0004;0;0;0;0;0;0;0;-0.0004;-0.0884;0;0;0;0;0;0;0;0;0;-0.7063;0;0.7063;1;1;0;0;0;0
14/06/21 07:00;4.5237;-57.281;78.972;5.3722;7.7523;-90;-7.7523;21.195;20.601;0.5939;7.4599;1.38;0;1.4403;20.39;0.2842;0;0.0136;22.128;0;22.128;1.4403;0.2842;20.39;0.0136;0.0651;0.9221;0;0.0006;22.02;0.1082;0;0;0.0968;0.0113;20.649;1.3489;0.4118;0.0813;0.8553;0.0005;21.998;0.022;0.0014;0.0003;0.0203;0;20.651;1.027;0.2026;19.418;0.0017;12.166;10.475;2.5767;0.0021;0.1006;1.4465;0.0018;1.5449;0;1;0;0;1.044;0.9951;1;1;0.9953;0.1656;0.9387;0.7138;1;0.9578;0.7757;0.999;0.999;1;0.999;0.999;0.9332;0.9523;0.1283;0.0665;0.0652;0.0004;0.0091;-0.004;0.0004;0.0015;0.0003;0;0;0.088;0;-0.0351;0;0;0;0;0;0;0;0;0;0;0;0;0.0012;0;0.0563;0.0563;0;8.3114;8.3114;0.8515;0.0412;53.995;1043.4;1;0.0035;0.0035;0;0;0;0;0;0;0.0529;-0.0351;0;16.15;18.702;-10.077;-11.668;93.81;93.81;0.5311;0.4502;-0.2809;0.0808;0.7312;0.1522;1.3767;0;12.163;0;0
14/06/21 08:00;13.634;-48.086;55.133;18.053;30.675;-90;-30.675;89.801;82.697;7.1038;8.5501;1.01;0;17.229;75.16;4.5654;0;0.8796;97.834;0;97.834;17.229;4.5654;75.16;0.8796;0.1761;0.7772;0;0.009;93.599;4.2347;0;0;3.4611;0.7736;90.697;2.8089;0.3653;0.0968;2.3286;0.0182;93.506;0.0936;0.0172;0.0046;0.0717;0.0001;90.945;16.846;4.4641;69.299;0.0877;49.815;42.891;11.19;1.2294;0.4495;6.466;0.2484;5.6861;0;1;0;0;1.0895;0.9567;1;1;0.9539;0.1205;0.97;0.9788;1;0.9675;0.8277;0.999;0.999;1;0.999;0.999;0.927;0.922;0.0997;0.2938;0.2875;0.0017;0.0169;-0.0134;0.002;0.007;0.0013;0;0;0.088;0;0.1708;0;0;0;0;0;0;0;0;0;0;0;0;0.0056;0.0003;0.266;0.266;0;12.232;12.232;3.6814;0.0406;244.33;1088.8;1;0.0072;0.0072;0;0;0;0;0;0;0.2588;0.1708;0;17.25;19.975;11.076;12.826;97.286;97.286;2.348;2.1262;1.3652;0.2218;0.761;0.0945;0.3241;0.5814;49.771;0.554;0
14/06/21 09:00;21.901;-36.505;48.227;34.051;55.949;-90;-55.949;233.01;151.1;81.91;9.8903;0.6201;0;146.29;98.305;44.758;0;7.1779;296.53;0;296.53;146.29;44.758;98.305;7.1779;0.4933;0.3557;0;0.0242;278.62;17.906;0;0;11.18;6.7258;273.11;5.2374;1.7093;0.523;2.9844;0.0207;278.34;0.2786;0.1463;0.0448;0.0871;0.0005;275.26;144.43;44.191;84.053;0.4309;110.31;94.977;26.704;12.82;1.5266;21.96;2.1585;10.667;0;1;0;0;1.2726;0.9396;1;1;0.8863;0.063;0.9812;0.9883;1;0.9657;0.9541;0.999;0.999;1;0.999;0.999;0.921;0.855;0.06;0.8905;0.8754;0.0053;0.0151;-0.0126;0.0061;0.0215;0.0044;0;0;0.088;0;0.7143;0;0;0;0;0;0;0;0;0;0;0;0;0.0173;0.002;0.8163;0.8163;0;20.949;20.949;11.059;0.0405;747.87;1091.5;1;0.014;0.014;0;0;0;0;0;0;0.8023;0.7143;0;17.463;20.222;15.282;17.696;98.289;98.289;7.1167;6.5238;5.7089;0.5928;0.8149;0.0833;0.1145;0.8022;81.724;0.7601;0
14/06/21 10:00;27.994;-22.866;54.449;53.833;36.167;-90;-36.167;321.4;188;133.41;11.3;0.59;0;165.25;133.41;49.991;0;4.3353;352.99;0;352.99;165.25;49.991;133.41;4.3353;0.4681;0.3902;0;0.0123;341.11;11.879;0;0;7.9653;3.9132;332.45;8.324;3.2441;0.9814;4.044;0.0545;340.77;0.3411;0.1652;0.05;0.1254;0.0004;333.76;161.84;48.959;121.28;0.3671;177.51;152.84;40.736;3.8474;1.5112;21.738;1.3126;19.401;0;1;0;0;1.0983;0.9663;1;1;0.9403;0.0974;0.9756;0.9803;1;0.9677;0.8707;0.999;0.999;1;0.999;0.999;0.9418;0.909;0.0847;1.06;1.0511;0.0063;0.0127;-0.0008;0.0072;0.0256;0.0043;0;0;0.088;0;0.868;0;0;0;0;0;0;0;0;0;0;0;0;0.0206;0.0028;0.9723;0.9723;0;24.788;24.788;13.487;0.0406;898.62;1081.9;1;0.0162;0.0162;0;0;0;0;0;0;0.956;0.868;0;17.473;20.233;15.6;18.064;98.333;98.333;8.4717;7.7703;6.9374;0.7015;0.8328;0.0828;0.0983;0.8189;92.063;0.7828;0
14/06/21 11:00;31.216;-7.4506;57.994;77.922;12.078;-90;-12.078;354.81;217.3;137.51;12.29;0.43;0;140.62;171.83;44.533;0;0.5498;357.53;0;357.53;140.62;44.533;171.83;0.5498;0.3933;0.4821;0;0.0015;355.37;2.1655;0;0;1.7072;0.4582;342.79;12.224;4.1609;1.3177;6.7247;0.0206;355.01;0.3554;0.1406;0.0445;0.1701;0.0001;342.9;136.32;43.171;163.23;0.0709;208.66;179.66;45.723;0.1016;1.6295;23.439;0.11;24.967;0;1;0;0;1.0077;0.9939;1;1;0.9901;0.1665;0.9656;0.9704;1;0.9604;0.7752;0.999;0.999;1;0.999;0.999;0.9588;0.9499;0.129;1.0737;1.0822;0.0065;0.0123;0.0046;0.0074;0.0263;0.0046;0;0;0.088;0;0.8919;0;0;0;0;0;0;0;0;0;0;0;0;0.0212;0.0029;0.9964;0.9964;0;26.211;26.211;13.921;0.0406;925.82;1076.2;1;0.0165;0.0165;0;0;0;0;0;0;0.9799;0.8919;0;17.679;20.471;15.824;18.324;98.344;98.344;8.5808;7.9631;7.1279;0.6177;0.8352;0.072;0.0973;0.8307;103.58;0.7918;0
14/06/21 12:00;31.087;8.6555;57.847;75.985;14.015;90;14.015;322.59;234.2;88.392;12.91;0.2301;0;91.104;200.88;31.213;0;0.6722;323.87;0;323.87;91.104;31.213;200.88;0.6722;0.2813;0.6223;0;0.0021;320.74;3.1324;0;0;2.5708;0.5616;309.25;11.173;2.6495;0.9077;7.5907;0.0249;320.42;0.3207;0.0911;0.0312;0.1983;0.0001;309.39;88.364;30.274;190.52;0.0856;190.32;163.86;41.378;0.2039;1.5146;21.787;0.1445;23.098;0;1;0;0;1.004;0.9903;1;1;0.9872;0.1646;0.9651;0.9709;1;0.9617;0.7749;0.999;0.999;1;0.999;0.999;0.9548;0.9484;0.1274;0.9726;0.9778;0.0059;0.0137;0.0016;0.0067;0.0237;0.0043;0;0;0.088;0;0.7972;0;0;0;0;0;0;0;0;0;0;0;0;0.0191;0.0024;0.9003;0.9003;0;25.469;25.469;12.559;0.0406;835.76;1077.2;1;0.015;0.015;0;0;0;0;0;0;0.8852;0.7972;0;17.634;20.419;15.615;18.082;98.329;98.329;7.7729;7.1951;6.3715;0.5779;0.8235;0.0743;0.1059;0.8197;121.83;0.7804;0
14/06/21 13:00;27.627;23.965;54.058;52.186;37.814;90;37.814;110.19;108.5;1.6948;13.42;0.1599;0;2.1453;96.839;0.3791;0;1.6199;100.98;0;100.98;2.1453;0.3791;96.839;1.6199;0.0212;0.975;0;0.016;93.3;7.6838;0;0;6.2074;1.4764;90.219;2.9871;0.0403;0.0071;2.9231;0.0165;93.206;0.0933;0.0021;0.0004;0.0906;0.0001;90.77;2.1028;0.3716;87.618;0.1268;68.683;59.136;16;3.2533;0.6839;9.8375;0.5504;7.2681;0;1;0;0;0.9164;0.9239;1;1;0.9359;0.0886;0.968;0.9812;1;0.9677;0.8849;0.999;0.999;1;0.999;0.999;0.8934;0.9048;0.0783;0.3033;0.2941;0.0018;0.017;-0.0085;0.002;0.007;0.0019;0;0;0.088;0;0.1719;0;0;0;0;0;0;0;0;0;0;0;0;0.0057;0.0003;0.2669;0.2669;0;17.098;17.098;3.6775;0.0408;249.93;1067.9;1;0.007;0.007;0;0;0;0;0;0;0.2599;0.1719;0;16.766;19.414;10.797;12.502;97.371;97.371;2.4236;2.133;1.3736;0.2906;0.7594;0.1199;0.3133;0.5668;67.725;0.5282;0
14/06/21 14:00;21.345;37.449;47.684;32.728;57.272;90;57.272;102.91;101.1;1.8051;14.12;0.34;0;3.3388;77.591;0.7005;0;3.3089;84.939;0;84.939;3.3388;0.7005;77.591;3.3089;0.0393;0.9524;0;0.039;72.685;12.254;0;0;9.1468;3.1074;70.189;2.4234;0.038;0.008;2.3669;0.0106;72.612;0.0727;0.0033;0.0007;0.0684;0.0002;71.548;3.2975;0.6918;66.009;0.1908;65.979;56.808;16.668;10.99;1.0838;15.591;1.3589;5.6842;0;1;0;0;0.8254;0.8557;1;1;0.8821;0.0609;0.9666;0.9886;1;0.9654;0.9475;0.999;0.999;1;0.999;0.999;0.8263;0.8507;0.0577;0.2551;0.2484;0.0015;0.0162;-0.0073;0.0017;0.0059;0.003;0;0;0.088;0;0.1277;0;0;0;0;0;0;0;0;0;0;0;0;0.0048;0.0003;0.2223;0.2223;0;16.989;16.989;2.8685;0.0409;210.09;1058.3;1;0.0066;0.0066;0;0;0;0;0;0;0.2157;0.1277;0;16.605;19.228;9.5393;11.046;97.03;97.03;2.0385;1.7769;1.0208;0.2617;0.7561;0.1284;0.3709;0.5008;65.452;0.4403;0
14/06/21 15:00;12.941;48.882;57.103;16.962;28.074;90;28.074;74.192;72.699;1.4933;12.94;0.51;0;3.6218;68.078;0.888;0;0.6111;73.198;0;73.198;3.6218;0.888;68.078;0.6111;0.0495;0.9384;0;0.0083;69.939;3.2591;0;0;2.727;0.5321;67.593;2.2762;0.0965;0.0237;2.1411;0.0149;69.869;0.0699;0.0036;0.0009;0.0654;0.0001;67.772;3.5216;0.8635;63.144;0.0639;44.304;38.145;9.8462;0.8186;0.3888;5.5927;0.1793;5.1628;0;1;0;0;0.9866;0.9555;1;1;0.9599;0.1292;0.9674;0.9733;1;0.9672;0.8107;0.999;0.999;1;0.999;0.999;0.9234;0.9275;0.1046;0.2198;0.2159;0.0013;0.0155;-0.0074;0.0014;0.0051;0.0011;0;0;0.088;0;0.1;0;0;0;0;0;0;0;0;0;0;0;0;0.0041;0.0002;0.1945;0.1945;0;15.701;15.701;2.7605;0.0408;183.06;1062.2;1;0.0064;0.0064;0;0;0;0;0;0;0.188;0.1;0;16.853;19.515;8.6676;10.037;96.686;96.686;1.7568;1.5541;0.7993;0.2026;0.7548;0.1153;0.4297;0.455;44.294;0.4304;0
14/06/21 16:00;4.2609;57.513;79.619;5.0476;7.2731;90;7.2731;22.504;22.197;0.3065;12.68;0.8099;0;0.7433;22.039;0.1677;0;0.0127;22.963;0;22.963;0.7433;0.1677;22.039;0.0127;0.0324;0.9603;0;0.0006;22.858;0.1052;0;0;0.0947;0.0106;21.624;1.2113;0.2285;0.0516;0.9307;0.0005;22.835;0.0229;0.0007;0.0002;0.0219;0;21.625;0.5141;0.116;20.992;0.0016;13.136;11.31;2.7808;0.0017;0.1086;1.5626;0.0015;1.6695;0;1;0;0;1.0204;0.9954;1;1;0.9957;0.1644;0.947;0.6923;1;0.9575;0.7755;0.999;0.999;1;0.999;0.999;0.9417;0.9525;0.1274;0.069;0.0684;0.0004;0.0093;-0.0029;0.0004;0.0015;0.0003;0;0;0.088;0;-0.0334;0;0;0;0;0;0;0;0;0;0;0;0;0.0012;0;0.0581;0.0581;0;13.575;13.575;0.8949;0.0414;56.795;1022.2;1;0.0034;0.0034;0;0;0;0;0;0;0.0546;-0.0334;0;16.038;18.572;-9.2246;-10.682;94.061;94.061;0.5511;0.464;-0.2669;0.0871;0.7309;0.1581;1.3261;0;13.135;0;0
14/06/21 17:00;0;0;90;0;0;90;0;0;0;0;9.78;1.08;0;0;0;0;0;0;0;0;0;0;0;0;0;1;1;1;1;0;0;0;0;0;0;0;0;0;0;0;0;0;0;0;0;0;0;0;0;0;0;0;0;0;0;0;0;0;0;0;0;0;0;0;1;1;1;1;1;1;1;1;1;1;1;1;1;1;1;1;1;1;1;0;0;0;0;0;0;0;0;0;0.0004;0.088;0;-0.0884;0;0;0;0;0;0;0;0;0;0;0;0;0;0;0;0;0;0;0;-9.78;0;0;0;0;0.0004;0;0;0;0;0;0;0;-0.0004;-0.0884;0;0;0;0;0;0;0;0;0;-0.7063;0;0.7063;1;1;0;0;0;0
14/06/21 18:00;0;0;90;0;0;90;0;0;0;0;6.9401;1.24;0;0;0;0;0;0;0;0;0;0;0;0;0;1;1;1;1;0;0;0;0;0;0;0;0;0;0;0;0;0;0;0;0;0;0;0;0;0;0;0;0;0;0;0;0;0;0;0;0;0;0;0;1;1;1;1;1;1;1;1;1;1;1;1;1;1;1;1;1;1;1;0;0;0;0;0;0;0;0;0;0.0004;0.088;0;-0.0884;0;0;0;0;0;0;0;0;0;0;0;0;0;0;0;0;0;0;0;-6.9401;0;0;0;0;0.0004;0;0;0;0;0;0;0;-0.0004;-0.0884;0;0;0;0;0;0;0;0;0;-0.7063;0;0.7063;1;1;0;0;0;0
14/06/21 19:00;0;0;90;0;0;90;0;0;0;0;5.6298;1.3501;0;0;0;0;0;0;0;0;0;0;0;0;0;1;1;1;1;0;0;0;0;0;0;0;0;0;0;0;0;0;0;0;0;0;0;0;0;0;0;0;0;0;0;0;0;0;0;0;0;0;0;0;1;1;1;1;1;1;1;1;1;1;1;1;1;1;1;1;1;1;1;0;0;0;0;0;0;0;0;0;0.0004;0.088;0;-0.0884;0;0;0;0;0;0;0;0;0;0;0;0;0;0;0;0;0;0;0;-5.6298;0;0;0;0;0.0004;0;0;0;0;0;0;0;-0.0004;-0.0884;0;0;0;0;0;0;0;0;0;-0.7063;0;0.7063;1;1;0;0;0;0
14/06/21 20:00;0;0;90;0;0;90;0;0;0;0;4.5502;1.3699;0;0;0;0;0;0;0;0;0;0;0;0;0;1;1;1;1;0;0;0;0;0;0;0;0;0;0;0;0;0;0;0;0;0;0;0;0;0;0;0;0;0;0;0;0;0;0;0;0;0;0;0;1;1;1;1;1;1;1;1;1;1;1;1;1;1;1;1;1;1;1;0;0;0;0;0;0;0;0;0;0.0004;0.088;0;-0.0884;0;0;0;0;0;0;0;0;0;0;0;0;0;0;0;0;0;0;0;-4.5502;0;0;0;0;0.0004;0;0;0;0;0;0;0;-0.0004;-0.0884;0;0;0;0;0;0;0;0;0;-0.7063;0;0.7063;1;1;0;0;0;0
14/06/21 21:00;0;0;90;0;0;90;0;0;0;0;4.2199;1.2799;0;0;0;0;0;0;0;0;0;0;0;0;0;1;1;1;1;0;0;0;0;0;0;0;0;0;0;0;0;0;0;0;0;0;0;0;0;0;0;0;0;0;0;0;0;0;0;0;0;0;0;0;1;1;1;1;1;1;1;1;1;1;1;1;1;1;1;1;1;1;1;0;0;0;0;0;0;0;0;0;0.0004;0.088;0;-0.0884;0;0;0;0;0;0;0;0;0;0;0;0;0;0;0;0;0;0;0;-4.2199;0;0;0;0;0.0004;0;0;0;0;0;0;0;-0.0004;-0.0884;0;0;0;0;0;0;0;0;0;-0.7063;0;0.7063;1;1;0;0;0;0
14/06/21 22:00;0;0;90;0;0;90;0;0;0;0;4.1501;1.22;0;0;0;0;0;0;0;0;0;0;0;0;0;1;1;1;1;0;0;0;0;0;0;0;0;0;0;0;0;0;0;0;0;0;0;0;0;0;0;0;0;0;0;0;0;0;0;0;0;0;0;0;1;1;1;1;1;1;1;1;1;1;1;1;1;1;1;1;1;1;1;0;0;0;0;0;0;0;0;0;0.0004;0.088;0;-0.0884;0;0;0;0;0;0;0;0;0;0;0;0;0;0;0;0;0;0;0;-4.1501;0;0;0;0;0.0004;0;0;0;0;0;0;0;-0.0004;-0.0884;0;0;0;0;0;0;0;0;0;-0.7063;0;0.7063;1;1;0;0;0;0
14/06/21 23:00;0;0;90;0;0;90;0;0;0;0;3.72;1.33;0;0;0;0;0;0;0;0;0;0;0;0;0;1;1;1;1;0;0;0;0;0;0;0;0;0;0;0;0;0;0;0;0;0;0;0;0;0;0;0;0;0;0;0;0;0;0;0;0;0;0;0;1;1;1;1;1;1;1;1;1;1;1;1;1;1;1;1;1;1;1;0;0;0;0;0;0;0;0;0;0.0004;0.088;0;-0.0884;0;0;0;0;0;0;0;0;0;0;0;0;0;0;0;0;0;0;0;-3.72;0;0;0;0;0.0004;0;0;0;0;0;0;0;-0.0004;-0.0884;0;0;0;0;0;0;0;0;0;-0.7063;0;0.7063;1;1;0;0;0;0
15/06/21 00:00;0;0;90;0;0;90;0;0;0;0;2.5001;1.62;0;0;0;0;0;0;0;0;0;0;0;0;0;1;1;1;1;0;0;0;0;0;0;0;0;0;0;0;0;0;0;0;0;0;0;0;0;0;0;0;0;0;0;0;0;0;0;0;0;0;0;0;1;1;1;1;1;1;1;1;1;1;1;1;1;1;1;1;1;1;1;0;0;0;0;0;0;0;0;0;0.0004;0.088;0;-0.0884;0;0;0;0;0;0;0;0;0;0;0;0;0;0;0;0;0;0;0;-2.5001;0;0;0;0;0.0004;0;0;0;0;0;0;0;-0.0004;-0.0884;0;0;0;0;0;0;0;0;0;-0.7063;0;0.7063;1;1;0;0;0;0
15/06/21 01:00;0;0;90;0;0;90;0;0;0;0;2.6902;1.9199;0;0;0;0;0;0;0;0;0;0;0;0;0;1;1;1;1;0;0;0;0;0;0;0;0;0;0;0;0;0;0;0;0;0;0;0;0;0;0;0;0;0;0;0;0;0;0;0;0;0;0;0;1;1;1;1;1;1;1;1;1;1;1;1;1;1;1;1;1;1;1;0;0;0;0;0;0;0;0;0;0.0004;0.088;0;-0.0884;0;0;0;0;0;0;0;0;0;0;0;0;0;0;0;0;0;0;0;-2.6902;0;0;0;0;0.0004;0;0;0;0;0;0;0;-0.0004;-0.0884;0;0;0;0;0;0;0;0;0;-0.7063;0;0.7063;1;1;0;0;0;0
15/06/21 02:00;0;0;90;0;0;90;0;0;0;0;4.0198;2.12;0;0;0;0;0;0;0;0;0;0;0;0;0;1;1;1;1;0;0;0;0;0;0;0;0;0;0;0;0;0;0;0;0;0;0;0;0;0;0;0;0;0;0;0;0;0;0;0;0;0;0;0;1;1;1;1;1;1;1;1;1;1;1;1;1;1;1;1;1;1;1;0;0;0;0;0;0;0;0;0;0.0004;0.088;0;-0.0884;0;0;0;0;0;0;0;0;0;0;0;0;0;0;0;0;0;0;0;-4.0198;0;0;0;0;0.0004;0;0;0;0;0;0;0;-0.0004;-0.0884;0;0;0;0;0;0;0;0;0;-0.7063;0;0.7063;1;1;0;0;0;0
15/06/21 03:00;0;0;90;0;0;90;0;0;0;0;3.2899;2.3099;0;0;0;0;0;0;0;0;0;0;0;0;0;1;1;1;1;0;0;0;0;0;0;0;0;0;0;0;0;0;0;0;0;0;0;0;0;0;0;0;0;0;0;0;0;0;0;0;0;0;0;0;1;1;1;1;1;1;1;1;1;1;1;1;1;1;1;1;1;1;1;0;0;0;0;0;0;0;0;0;0.0004;0.088;0;-0.0884;0;0;0;0;0;0;0;0;0;0;0;0;0;0;0;0;0;0;0;-3.2899;0;0;0;0;0.0004;0;0;0;0;0;0;0;-0.0004;-0.0884;0;0;0;0;0;0;0;0;0;-0.7063;0;0.7063;1;1;0;0;0;0
15/06/21 04:00;0;0;90;0;0;90;0;0;0;0;2.8697;2.5301;0;0;0;0;0;0;0;0;0;0;0;0;0;1;1;1;1;0;0;0;0;0;0;0;0;0;0;0;0;0;0;0;0;0;0;0;0;0;0;0;0;0;0;0;0;0;0;0;0;0;0;0;1;1;1;1;1;1;1;1;1;1;1;1;1;1;1;1;1;1;1;0;0;0;0;0;0;0;0;0;0.0004;0.088;0;-0.0884;0;0;0;0;0;0;0;0;0;0;0;0;0;0;0;0;0;0;0;-2.8697;0;0;0;0;0.0004;0;0;0;0;0;0;0;-0.0004;-0.0884;0;0;0;0;0;0;0;0;0;-0.7063;0;0.7063;1;1;0;0;0;0
15/06/21 05:00;0;0;90;0;0;90;0;0;0;0;2.77;2.75;0;0;0;0;0;0;0;0;0;0;0;0;0;1;1;1;1;0;0;0;0;0;0;0;0;0;0;0;0;0;0;0;0;0;0;0;0;0;0;0;0;0;0;0;0;0;0;0;0;0;0;0;1;1;1;1;1;1;1;1;1;1;1;1;1;1;1;1;1;1;1;0;0;0;0;0;0;0;0;0;0.0004;0.088;0;-0.0884;0;0;0;0;0;0;0;0;0;0;0;0;0;0;0;0;0;0;0;-2.77;0;0;0;0;0.0004;0;0;0;0;0;0;0;-0.0004;-0.0884;0;0;0;0;0;0;0;0;0;-0.7063;0;0.7063;1;1;0;0;0;0
15/06/21 06:00;0;0;90;0;0;90;0;0;0;0;2.2302;2.83;0;0;0;0;0;0;0;0;0;0;0;0;0;1;1;1;1;0;0;0;0;0;0;0;0;0;0;0;0;0;0;0;0;0;0;0;0;0;0;0;0;0;0;0;0;0;0;0;0;0;0;0;1;1;1;1;1;1;1;1;1;1;1;1;1;1;1;1;1;1;1;0;0;0;0;0;0;0;0;0;0.0004;0.088;0;-0.0884;0;0;0;0;0;0;0;0;0;0;0;0;0;0;0;0;0;0;0;-2.2302;0;0;0;0;0.0004;0;0;0;0;0;0;0;-0.0004;-0.0884;0;0;0;0;0;0;0;0;0;-0.7063;0;0.7063;1;1;0;0;0;0
15/06/21 07:00;4.6333;-57.127;78.702;5.5117;7.9589;-90;-7.9589;25.297;23.801;1.4966;2.8199;3.53;0;3.6297;23.355;0.8079;0;0.0171;27.809;0;27.809;3.6297;0.8079;23.355;0.0171;0.1305;0.8404;0;0.0006;27.679;0.1301;0;0;0.1158;0.0142;25.443;2.2086;1.0071;0.2242;0.9768;0.0006;27.651;0.0277;0.0036;0.0008;0.0232;0;25.445;2.619;0.5829;22.239;0.0022;13.946;12.007;2.9547;0.0027;0.1152;1.6572;0.0022;1.7697;0;1;0;0;1.0993;0.9953;1;1;0.995;0.1656;0.9201;0.7223;1;0.9579;0.7756;0.999;0.999;1;0.999;0.999;0.9149;0.9522;0.1283;0.0835;0.0801;0.0005;0.0101;-0.0062;0.0005;0.0019;0.0003;0;0;0.088;0;-0.0206;0;0;0;0;0;0;0;0;0;0;0;0;0.0015;0.0001;0.0714;0.0714;0;3.8617;3.8617;1.0418;0.0409;66.615;1072.5;1;0.004;0.004;0;0;0;0;0;0;0.0674;-0.0206;0;16.298;18.872;-4.6998;-5.4423;94.334;94.334;0.6674;0.571;-0.1647;0.0964;0.7357;0.1445;1.1022;0;13.937;0;0
15/06/21 08:00;13.572;-48.092;55.311;17.972;30.473;-90;-30.473;85.093;79.597;5.4957;4.1201;3.14;0;13.329;72.789;3.4154;0;0.8228;90.355;0;90.355;13.329;3.4154;72.789;0.8228;0.1475;0.8147;0;0.0091;86.316;4.0398;0;0;3.3169;0.7229;83.592;2.6371;0.2884;0.0739;2.2575;0.0173;86.229;0.0863;0.0133;0.0034;0.0695;0.0001;83.829;13.027;3.3381;67.145;0.0824;48.166;41.471;10.81;1.1636;0.4336;6.2378;0.2365;5.5078;0;1;0;0;1.0618;0.9553;1;1;0.9544;0.1214;0.9694;0.9783;1;0.9675;0.8264;0.999;0.999;1;0.999;0.999;0.9251;0.9225;0.1002;0.2713;0.2656;0.0016;0.0166;-0.0169;0.0019;0.0066;0.0012;0;0;0.088;0;0.1538;0;0;0;0;0;0;0;0;0;0;0;0;0.0053;0.0003;0.2491;0.2491;0;7.5024;7.5024;3.3822;0.0405;225.27;1105.9;1;0.0073;0.0073;0;0;0;0;0;0;0.2418;0.1538;0;17.49;20.254;10.801;12.508;97.08;97.08;2.1685;1.991;1.2296;0.1775;0.7614;0.0819;0.3511;0.567;48.132;0.5391;0
15/06/21 09:00;21.841;-36.522;48.24;33.959;56.041;-90;-56.041;205.19;156.8;48.392;4.9398;2.35;0;86.63;110.19;27.582;0;6.34;230.74;0;230.74;86.63;27.582;110.19;6.34;0.3754;0.505;0;0.0275;212.24;18.502;0;0;12.561;5.9407;207.33;4.7;1.0129;0.3225;3.3462;0.0184;212.03;0.2122;0.0866;0.0276;0.0976;0.0004;209.47;85.531;27.232;94.182;0.3805;108.63;93.533;26.653;14.452;1.5991;23.003;2.1432;10.15;0;1;0;0;1.1245;0.9198;1;1;0.886;0.063;0.9778;0.9883;1;0.9657;0.9538;0.999;0.999;1;0.999;0.999;0.8985;0.8547;0.06;0.6929;0.6794;0.0041;0.0171;-0.0282;0.0048;0.017;0.0046;0;0;0.088;0;0.5452;0;0;0;0;0;0;0;0;0;0;0;0;0.0137;0.0013;0.6449;0.6449;0;13.299;13.299;8.359;0.0403;579.18;1113.5;1;0.0117;0.0117;0;0;0;0;0;0;0.6332;0.5452;0;17.73;20.531;14.988;17.356;98.179;98.179;5.5377;5.1542;4.357;0.3836;0.7972;0.0693;0.1439;0.7868;91.695;0.7321;0
15/06/21 10:00;27.939;-22.898;54.472;53.733;36.267;-90;-36.267;256.2;204.3;51.895;6.3498;2.1;0;64.364;169.07;21.202;0;3.4742;258.11;0;258.11;64.364;21.202;169.07;3.4742;0.2494;0.6685;0;0.0135;244.84;13.275;0;0;10.138;3.1374;237.74;6.8506;1.2667;0.4173;5.1234;0.0432;244.59;0.2448;0.0644;0.0212;0.1589;0.0003;238.86;63.033;20.764;153.65;0.2933;150.64;129.71;34.607;4.9216;1.3877;19.961;1.116;16.427;0;1;0;0;1.0075;0.9486;1;1;0.94;0.0969;0.972;0.9803;1;0.9677;0.8717;0.999;0.999;1;0.999;0.999;0.9211;0.9088;0.0844;0.7751;0.7615;0.0046;0.0163;-0.0244;0.0054;0.019;0.004;0;0;0.088;0;0.619;0;0;0;0;0;0;0;0;0;0;0;0;0.0153;0.0016;0.7198;0.7198;0;15.946;15.946;9.5966;0.0404;650.1;1107.2;1;0.0128;0.0128;0;0;0;0;0;0;0.707;0.619;0;17.69;20.485;15.214;17.617;98.227;98.227;6.1947;5.7526;4.9473;0.4422;0.8053;0.0714;0.13;0.7986;116.76;0.7549;0
15/06/21 11:00;31.169;-7.4979;58.03;77.826;12.174;-90;-12.174;189.6;182.2;7.4062;7.8003;1.9001;0;7.5766;178.2;2.0149;0;0.2985;188.09;0;188.09;7.5766;2.0149;178.2;0.2985;0.0403;0.949;0;0.0016;186.05;2.043;0;0;1.7943;0.2488;178.6;7.2585;0.2251;0.0599;6.9624;0.0112;185.86;0.186;0.0076;0.002;0.1764;0;178.66;7.3439;1.953;169.27;0.0385;112.89;97.196;24.094;0.1084;0.9268;13.332;0.0584;14.15;0;1;0;0;0.992;0.9891;1;1;0.9899;0.1665;0.9609;0.9703;1;0.9605;0.7752;0.999;0.999;1;0.999;0.999;0.9496;0.9499;0.129;0.5648;0.5662;0.0034;0.0178;-0.0202;0.004;0.014;0.0027;0;0;0.088;0;0.4342;0;0;0;0;0;0;0;0;0;0;0;0;0.0113;0.001;0.5323;0.5323;0;15.021;15.021;7.2203;0.0404;483.11;1101.7;1;0.0101;0.0101;0;0;0;0;0;0;0.5222;0.4342;0;17.951;20.787;14.643;16.956;98.102;98.102;4.5142;4.2539;3.4698;0.2603;0.7841;0.0577;0.1737;0.7686;107.45;0.7299;0
15/06/21 12:00;31.051;8.5961;57.896;76.058;13.942;90;13.942;284.6;233.8;50.797;8.4298;1.62;0;52.339;213.22;17.922;0;0.5869;284.07;0;284.07;52.339;17.922;213.22;0.5869;0.1842;0.7527;0;0.0021;280.87;3.1951;0;0;2.7048;0.4903;270.45;10.145;1.5309;0.5242;8.0677;0.0217;280.59;0.2809;0.0523;0.0179;0.2105;0.0001;270.57;50.755;17.38;202.24;0.0748;168.64;145.2;36.426;0.2124;1.3597;19.559;0.1252;20.707;0;1;0;0;0.9981;0.9888;1;1;0.9873;0.1646;0.9638;0.9707;1;0.9616;0.7748;0.999;0.999;1;0.999;0.999;0.9521;0.9485;0.1274;0.8531;0.8562;0.0052;0.0153;-0.0171;0.006;0.0212;0.0039;0;0;0.088;0;0.701;0;0;0;0;0;0;0;0;0;0;0;0;0.017;0.0019;0.8028;0.8028;0;19.368;19.368;10.938;0.0404;731.54;1097.4;1;0.0138;0.0138;0;0;0;0;0;0;0.789;0.701;0;17.928;20.76;15.653;18.126;98.276;98.276;6.8176;6.416;5.602;0.4017;0.8139;0.0589;0.1194;0.8217;129.28;0.7814;0
15/06/21 13:00;27.604;23.9;54.114;52.23;37.77;90;37.77;443.81;108.9;334.91;11.94;1.4;0;423.68;44.258;75.223;0;6.5092;549.67;0;549.67;423.68;75.223;44.258;6.5092;0.7708;0.0924;0;0.0118;540.91;8.7635;0;0;2.8318;5.9317;529.52;10.841;8.0148;1.423;1.3361;0.0666;540.37;0.5409;0.4237;0.0752;0.0414;0.0006;531.33;415.24;73.725;40.049;0.5103;220.61;189.95;50.547;1.4823;1.6687;24.004;1.8061;24.19;0;1;0;0;1.2385;0.9841;1;1;0.936;0.0887;0.9799;0.9811;1;0.9677;0.8845;0.999;0.999;1;0.999;0.999;0.9634;0.9049;0.0784;1.6507;1.6509;0.0099;0.0043;0.0494;0.0111;0.0394;0.0046;0;0;0.088;0;1.382;0;0;0;0;0;0;0;0;0;0;0;0;0.0317;0.0063;1.4941;1.4941;0;33.527;33.527;21.587;0.0408;1418.3;1053.4;1;0.0241;0.0241;0;0;0;0;0;0;1.47;1.382;0;17.243;19.967;15.949;18.469;98.387;98.387;13.192;11.941;11.045;1.2514;0.8959;0.0949;0.0679;0.8372;30.94;0.8107;0
15/06/21 14:00;21.334;37.383;47.744;32.753;57.247;90;57.247;329.51;117;212.51;13.93;1.25;0;392.8;50.369;95.432;0;10.587;549.18;0;549.18;392.8;95.432;50.369;10.587;0.7152;0.111;0;0.0193;533.31;15.876;0;0;5.934;9.942;525.64;7.1369;4.4787;1.0881;1.5363;0.0337;532.78;0.5333;0.3928;0.0954;0.0444;0.0006;527.96;387.93;94.248;42.854;0.6105;106.3;91.521;24.028;7.1258;1.2421;17.867;2.326;11.983;0;1;0;0;1.6667;0.9711;1;1;0.8822;0.0609;0.9866;0.9886;1;0.9654;0.9477;0.999;0.999;1;0.999;0.999;0.9571;0.8508;0.0577;1.6492;1.6278;0.0098;0.0046;0.0595;0.0109;0.0386;0.0034;0;0;0.088;0;1.3525;0;0;0;0;0;0;0;0;0;0;0;0;0.0311;0.0062;1.4638;1.4638;0;35.392;35.392;21.462;0.0408;1399.4;1046.1;1;0.0234;0.0234;0;0;0;0;0;0;1.4405;1.3525;0;16.909;19.58;15.622;18.09;98.402;98.402;13.18;11.699;10.809;1.4814;0.8902;0.1124;0.0675;0.8201;42.477;0.8006;0
15/06/21 15:00;12.94;48.818;57.105;16.977;28.108;90;28.108;176.3;109.5;66.802;14.22;1;0;162.01;79.819;59.847;0;1.4555;303.14;0;303.14;162.01;59.847;79.819;1.4555;0.5345;0.2681;0;0.0048;298.67;4.471;0;0;3.2034;1.2676;289.91;8.4579;4.3177;1.5949;2.5098;0.0355;298.37;0.2987;0.162;0.0598;0.0766;0.0002;290.13;157.53;58.192;74.03;0.1522;52.394;45.111;11.475;0.964;0.4705;6.7686;0.2182;6.2752;0;1;0;0;1.7194;0.9853;1;1;0.9599;0.1291;0.9717;0.9733;1;0.9672;0.8109;0.999;0.999;1;0.999;0.999;0.9564;0.9275;0.1045;0.9103;0.8881;0.0053;0.0149;0.0032;0.0061;0.0215;0.0013;0;0;0.088;0;0.7148;0;0;0;0;0;0;0;0;0;0;0;0;0.0173;0.0021;0.8165;0.8165;0;26.005;26.005;11.785;0.0406;760.37;1073.8;1;0.0137;0.0137;0;0;0;0;0;0;0.8028;0.7148;0;17.087;19.786;14.957;17.32;98.316;98.316;7.2753;6.5255;5.7123;0.7498;0.8132;0.1031;0.1118;0.7852;51.946;0.7723;0
15/06/21 16:00;4.2673;57.451;79.603;5.0586;7.2894;90;7.2894;19.203;18.898;0.3045;12.47;0.93;0;0.7384;18.764;0.1417;0;0.0109;19.654;0;19.654;0.7384;0.1417;18.764;0.0109;0.0376;0.9552;0;0.0006;19.564;0.09;0;0;0.0809;0.0091;18.482;1.0627;0.2266;0.0435;0.7922;0.0004;19.545;0.0196;0.0007;0.0001;0.0187;0;18.484;0.5111;0.0981;17.872;0.0014;11.184;9.6298;2.3677;0.0015;0.0925;1.3303;0.0013;1.4214;0;1;0;0;1.0235;0.9954;1;1;0.9957;0.1644;0.9456;0.6928;1;0.9576;0.7755;0.999;0.999;1;0.999;0.999;0.9404;0.9525;0.1274;0.059;0.0585;0.0004;0.0086;-0.0025;0.0004;0.0013;0.0002;0;0;0.088;0;-0.0421;0;0;0;0;0;0;0;0;0;0;0;0;0.001;0;0.0491;0.0491;0;13.237;13.237;0.7667;0.0415;48.285;1016.6;1;0.0032;0.0032;0;0;0;0;0;0;0.0459;-0.0421;0;15.842;18.345;-13.592;-15.739;93.488;93.488;0.4717;0.3923;-0.3366;0.0794;0.7288;0.1684;1.5451;0;11.183;0;0
15/06/21 17:00;0;0;90;0;0;90;0;0;0;0;8.1899;0.85;0;0;0;0;0;0;0;0;0;0;0;0;0;1;1;1;1;0;0;0;0;0;0;0;0;0;0;0;0;0;0;0;0;0;0;0;0;0;0;0;0;0;0;0;0;0;0;0;0;0;0;0;1;1;1;1;1;1;1;1;1;1;1;1;1;1;1;1;1;1;1;0;0;0;0;0;0;0;0;0;0.0004;0.088;0;-0.0884;0;0;0;0;0;0;0;0;0;0;0;0;0;0;0;0;0;0;0;-8.1899;0;0;0;0;0.0004;0;0;0;0;0;0;0;-0.0004;-0.0884;0;0;0;0;0;0;0;0;0;-0.7063;0;0.7063;1;1;0;0;0;0
15/06/21 18:00;0;0;90;0;0;90;0;0;0;0;6.5499;1.0301;0;0;0;0;0;0;0;0;0;0;0;0;0;1;1;1;1;0;0;0;0;0;0;0;0;0;0;0;0;0;0;0;0;0;0;0;0;0;0;0;0;0;0;0;0;0;0;0;0;0;0;0;1;1;1;1;1;1;1;1;1;1;1;1;1;1;1;1;1;1;1;0;0;0;0;0;0;0;0;0;0.0004;0.088;0;-0.0884;0;0;0;0;0;0;0;0;0;0;0;0;0;0;0;0;0;0;0;-6.5499;0;0;0;0;0.0004;0;0;0;0;0;0;0;-0.0004;-0.0884;0;0;0;0;0;0;0;0;0;-0.7063;0;0.7063;1;1;0;0;0;0
15/06/21 19:00;0;0;90;0;0;90;0;0;0;0;5.1;1.41;0;0;0;0;0;0;0;0;0;0;0;0;0;1;1;1;1;0;0;0;0;0;0;0;0;0;0;0;0;0;0;0;0;0;0;0;0;0;0;0;0;0;0;0;0;0;0;0;0;0;0;0;1;1;1;1;1;1;1;1;1;1;1;1;1;1;1;1;1;1;1;0;0;0;0;0;0;0;0;0;0.0004;0.088;0;-0.0884;0;0;0;0;0;0;0;0;0;0;0;0;0;0;0;0;0;0;0;-5.1;0;0;0;0;0.0004;0;0;0;0;0;0;0;-0.0004;-0.0884;0;0;0;0;0;0;0;0;0;-0.7063;0;0.7063;1;1;0;0;0;0
15/06/21 20:00;0;0;90;0;0;90;0;0;0;0;6.26;1.9001;0;0;0;0;0;0;0;0;0;0;0;0;0;1;1;1;1;0;0;0;0;0;0;0;0;0;0;0;0;0;0;0;0;0;0;0;0;0;0;0;0;0;0;0;0;0;0;0;0;0;0;0;1;1;1;1;1;1;1;1;1;1;1;1;1;1;1;1;1;1;1;0;0;0;0;0;0;0;0;0;0.0004;0.088;0;-0.0884;0;0;0;0;0;0;0;0;0;0;0;0;0;0;0;0;0;0;0;-6.26;0;0;0;0;0.0004;0;0;0;0;0;0;0;-0.0004;-0.0884;0;0;0;0;0;0;0;0;0;-0.7063;0;0.7063;1;1;0;0;0;0
15/06/21 21:00;0;0;90;0;0;90;0;0;0;0;4.5602;2.5;0;0;0;0;0;0;0;0;0;0;0;0;0;1;1;1;1;0;0;0;0;0;0;0;0;0;0;0;0;0;0;0;0;0;0;0;0;0;0;0;0;0;0;0;0;0;0;0;0;0;0;0;1;1;1;1;1;1;1;1;1;1;1;1;1;1;1;1;1;1;1;0;0;0;0;0;0;0;0;0;0.0004;0.088;0;-0.0884;0;0;0;0;0;0;0;0;0;0;0;0;0;0;0;0;0;0;0;-4.5602;0;0;0;0;0.0004;0;0;0;0;0;0;0;-0.0004;-0.0884;0;0;0;0;0;0;0;0;0;-0.7063;0;0.7063;1;1;0;0;0;0
15/06/21 22:00;0;0;90;0;0;90;0;0;0;0;3.6302;3.06;0;0;0;0;0;0;0;0;0;0;0;0;0;1;1;1;1;0;0;0;0;0;0;0;0;0;0;0;0;0;0;0;0;0;0;0;0;0;0;0;0;0;0;0;0;0;0;0;0;0;0;0;1;1;1;1;1;1;1;1;1;1;1;1;1;1;1;1;1;1;1;0;0;0;0;0;0;0;0;0;0.0004;0.088;0;-0.0884;0;0;0;0;0;0;0;0;0;0;0;0;0;0;0;0;0;0;0;-3.6302;0;0;0;0;0.0004;0;0;0;0;0;0;0;-0.0004;-0.0884;0;0;0;0;0;0;0;0;0;-0.7063;0;0.7063;1;1;0;0;0;0
15/06/21 23:00;0;0;90;0;0;90;0;0;0;0;2.7002;3.39;0;0;0;0;0;0;0;0;0;0;0;0;0;1;1;1;1;0;0;0;0;0;0;0;0;0;0;0;0;0;0;0;0;0;0;0;0;0;0;0;0;0;0;0;0;0;0;0;0;0;0;0;1;1;1;1;1;1;1;1;1;1;1;1;1;1;1;1;1;1;1;0;0;0;0;0;0;0;0;0;0.0004;0.088;0;-0.0884;0;0;0;0;0;0;0;0;0;0;0;0;0;0;0;0;0;0;0;-2.7002;0;0;0;0;0.0004;0;0;0;0;0;0;0;-0.0004;-0.0884;0;0;0;0;0;0;0;0;0;-0.7063;0;0.7063;1;1;0;0;0;0
16/06/21 00:00;0;0;90;0;0;90;0;0;0;0;2.7999;3.5701;0;0;0;0;0;0;0;0;0;0;0;0;0;1;1;1;1;0;0;0;0;0;0;0;0;0;0;0;0;0;0;0;0;0;0;0;0;0;0;0;0;0;0;0;0;0;0;0;0;0;0;0;1;1;1;1;1;1;1;1;1;1;1;1;1;1;1;1;1;1;1;0;0;0;0;0;0;0;0;0;0.0004;0.088;0;-0.0884;0;0;0;0;0;0;0;0;0;0;0;0;0;0;0;0;0;0;0;-2.7999;0;0;0;0;0.0004;0;0;0;0;0;0;0;-0.0004;-0.0884;0;0;0;0;0;0;0;0;0;-0.7063;0;0.7063;1;1;0;0;0;0
16/06/21 01:00;0;0;90;0;0;90;0;0;0;0;3.5598;3.6699;0;0;0;0;0;0;0;0;0;0;0;0;0;1;1;1;1;0;0;0;0;0;0;0;0;0;0;0;0;0;0;0;0;0;0;0;0;0;0;0;0;0;0;0;0;0;0;0;0;0;0;0;1;1;1;1;1;1;1;1;1;1;1;1;1;1;1;1;1;1;1;0;0;0;0;0;0;0;0;0;0.0004;0.088;0;-0.0884;0;0;0;0;0;0;0;0;0;0;0;0;0;0;0;0;0;0;0;-3.5598;0;0;0;0;0.0004;0;0;0;0;0;0;0;-0.0004;-0.0884;0;0;0;0;0;0;0;0;0;-0.7063;0;0.7063;1;1;0;0;0;0
16/06/21 02:00;0;0;90;0;0;90;0;0;0;0;5.3001;3.6501;0;0;0;0;0;0;0;0;0;0;0;0;0;1;1;1;1;0;0;0;0;0;0;0;0;0;0;0;0;0;0;0;0;0;0;0;0;0;0;0;0;0;0;0;0;0;0;0;0;0;0;0;1;1;1;1;1;1;1;1;1;1;1;1;1;1;1;1;1;1;1;0;0;0;0;0;0;0;0;0;0.0004;0.088;0;-0.0884;0;0;0;0;0;0;0;0;0;0;0;0;0;0;0;0;0;0;0;-5.3001;0;0;0;0;0.0004;0;0;0;0;0;0;0;-0.0004;-0.0884;0;0;0;0;0;0;0;0;0;-0.7063;0;0.7063;1;1;0;0;0;0
16/06/21 03:00;0;0;90;0;0;90;0;0;0;0;4.2398;3.71;0;0;0;0;0;0;0;0;0;0;0;0;0;1;1;1;1;0;0;0;0;0;0;0;0;0;0;0;0;0;0;0;0;0;0;0;0;0;0;0;0;0;0;0;0;0;0;0;0;0;0;0;1;1;1;1;1;1;1;1;1;1;1;1;1;1;1;1;1;1;1;0;0;0;0;0;0;0;0;0;0.0004;0.088;0;-0.0884;0;0;0;0;0;0;0;0;0;0;0;0;0;0;0;0;0;0;0;-4.2398;0;0;0;0;0.0004;0;0;0;0;0;0;0;-0.0004;-0.0884;0;0;0;0;0;0;0;0;0;-0.7063;0;0.7063;1;1;0;0;0;0
16/06/21 04:00;0;0;90;0;0;90;0;0;0;0;4.2099;4.03;0;0;0;0;0;0;0;0;0;0;0;0;0;1;1;1;1;0;0;0;0;0;0;0;0;0;0;0;0;0;0;0;0;0;0;0;0;0;0;0;0;0;0;0;0;0;0;0;0;0;0;0;1;1;1;1;1;1;1;1;1;1;1;1;1;1;1;1;1;1;1;0;0;0;0;0;0;0;0;0;0.0004;0.088;0;-0.0884;0;0;0;0;0;0;0;0;0;0;0;0;0;0;0;0;0;0;0;-4.2099;0;0;0;0;0.0004;0;0;0;0;0;0;0;-0.0004;-0.0884;0;0;0;0;0;0;0;0;0;-0.7063;0;0.7063;1;1;0;0;0;0
16/06/21 05:00;0;0;90;0;0;90;0;0;0;0;5.1997;4.2201;0;0;0;0;0;0;0;0;0;0;0;0;0;1;1;1;1;0;0;0;0;0;0;0;0;0;0;0;0;0;0;0;0;0;0;0;0;0;0;0;0;0;0;0;0;0;0;0;0;0;0;0;1;1;1;1;1;1;1;1;1;1;1;1;1;1;1;1;1;1;1;0;0;0;0;0;0;0;0;0;0.0004;0.088;0;-0.0884;0;0;0;0;0;0;0;0;0;0;0;0;0;0;0;0;0;0;0;-5.1997;0;0;0;0;0.0004;0;0;0;0;0;0;0;-0.0004;-0.0884;0;0;0;0;0;0;0;0;0;-0.7063;0;0.7063;1;1;0;0;0;0
16/06/21 06:00;0;0;90;0;0;90;0;0;0;0;5.4198;4.51;0;0;0;0;0;0;0;0;0;0;0;0;0;1;1;1;1;0;0;0;0;0;0;0;0;0;0;0;0;0;0;0;0;0;0;0;0;0;0;0;0;0;0;0;0;0;0;0;0;0;0;0;1;1;1;1;1;1;1;1;1;1;1;1;1;1;1;1;1;1;1;0;0;0;0;0;0;0;0;0;0.0004;0.088;0;-0.0884;0;0;0;0;0;0;0;0;0;0;0;0;0;0;0;0;0;0;0;-5.4198;0;0;0;0;0.0004;0;0;0;0;0;0;0;-0.0004;-0.0884;0;0;0;0;0;0;0;0;0;-0.7063;0;0.7063;1;1;0;0;0;0
16/06/21 07:00;4.5754;-57.131;78.845;5.4426;7.8565;-90;-7.8565;3.8092;3.6984;0.1109;6.5598;5.1601;0;0.2689;3.6772;0.0094;0;0.0025;3.958;3.958;0;0.2689;0;0;0;1;1;1;1;0;0;0;0;0;0;0;0;0;0;0;0;0;0;0;0;0;0;0;0;0;0;0;0;0;0;0;0;0;0;0;0;0;0;0;0;1;1;1;1;1;1;1;1;1;1;1;0;1;0;0;1;0;0;0;0;0;0;0;0;0;0;0;0.0004;0.088;0;-0.0884;0;0;0;0;0;0;0;0;0;0;0;0;0;0;0;0;0;0;0;-6.5598;0;0;0;0;0.0004;0;0;0;0;0;0;0;-0.0004;-0.0884;0;0;0;0;0;0;0;0;0;-0.7063;0;0.7063;1;1;0;0;0;0
16/06/21 08:00;13.515;-48.104;55.474;17.895;30.284;-90;-30.284;176.59;54.699;121.89;7.2499;4.9301;0;295.63;30.881;52.281;0;1.6869;380.48;0;380.48;295.63;52.281;30.881;1.6869;0.777;0.0856;0;0.0044;377.6;2.8742;0;0;1.3934;1.4808;368.56;8.6645;6.5172;1.1526;0.9587;0.036;377.22;0.3776;0.2956;0.0523;0.0295;0.0002;368.66;288.81;51.076;28.499;0.1699;21.096;18.164;4.8098;0.4835;0.1833;2.6373;0.0987;2.3371;0;1;0;0;2.1545;0.9924;1;1;0.9549;0.1222;0.977;0.9779;1;0.9675;0.8252;0.999;0.999;1;0.999;0.999;0.9687;0.9229;0.1007;1.1426;1.1159;0.0067;0.0118;-0.0112;0.0078;0.0275;0.0005;0;0;0.088;0;0.9419;0;0;0;0;0;0;0;0;0;0;0;0;0.0222;0.0031;1.0475;1.0475;0;22.16;22.16;14.91;0.0405;955.48;1096.3;1;0.0176;0.0176;0;0;0;0;0;0;1.0299;0.9419;0;17.465;20.224;15.705;18.186;98.323;98.323;9.1314;8.3717;7.5281;0.7597;0.8437;0.0832;0.0924;0.8244;20.394;0.8202;0
16/06/21 09:00;21.787;-36.544;48.246;33.872;56.128;-90;-56.128;349.49;60.898;288.6;10.86;4.7601;0;517.8;19.561;64.193;0;10.829;612.39;0;612.39;517.8;64.193;19.561;10.829;0.8455;0.0496;0;0.0177;600;12.382;0;0;2.2349;10.147;591.97;7.4326;6.056;0.7508;0.5942;0.0317;599.4;0.6;0.5178;0.0642;0.0173;0.0007;594.08;511.23;63.378;16.714;0.6497;101.87;87.714;22.041;2.5821;0.9785;14.075;2.1067;12.471;0;1;0;0;1.7522;0.9798;1;1;0.8857;0.063;0.9876;0.9883;1;0.9657;0.9535;0.999;0.999;1;0.999;0.999;0.9667;0.8545;0.06;1.839;1.819;0.011;0.0023;0.0638;0.0122;0.0432;0.0027;0;0;0.088;0;1.5265;0;0;0;0;0;0;0;0;0;0;0;0;0.0348;0.0076;1.6414;1.6414;0;35.012;35.012;24.152;0.0408;1564;1049.5;1;0.0269;0.0269;0;0;0;0;0;0;1.6145;1.5265;0;17.003;19.689;15.813;18.311;98.363;98.363;14.697;13.118;12.2;1.579;0.9181;0.1074;0.0625;0.8301;16.294;0.8161;0
16/06/21 10:00;27.89;-22.933;54.487;53.637;36.363;-90;-36.363;185.6;174.7;10.898;12.84;4.66;0;13.533;154.92;3.8189;0;2.5298;174.8;0;174.8;13.533;3.8189;154.92;2.5298;0.0774;0.9007;0;0.0145;163.18;11.613;0;0;9.3274;2.2855;157.95;5.0664;0.2668;0.0753;4.6932;0.0311;163.02;0.1632;0.0135;0.0038;0.1456;0.0002;158.8;13.253;3.7398;140.75;0.2129;113.92;98.086;26.196;4.5505;1.1017;15.847;0.8465;12.398;0;1;0;0;0.9418;0.9336;1;1;0.9398;0.0966;0.9689;0.9803;1;0.9677;0.8726;0.999;0.999;1;0.999;0.999;0.9036;0.9086;0.0842;0.5249;0.5117;0.0031;0.018;-0.0106;0.0035;0.0124;0.0031;0;0;0.088;0;0.374;0;0;0;0;0;0;0;0;0;0;0;0;0.01;0.0008;0.4713;0.4713;0;19.255;19.255;6.4154;0.0406;436.39;1080;1;0.0092;0.0092;0;0;0;0;0;0;0.462;0.374;0;17.104;19.806;13.574;15.719;98.038;98.038;4.1951;3.7665;2.9893;0.4286;0.7772;0.1022;0.1853;0.7126;107.07;0.6673;0
16/06/21 11:00;31.128;-7.5466;58.059;77.731;12.269;-90;-12.269;327.01;227.2;99.812;12.87;4.5399;0;102.15;191.84;33.919;0;0.5228;328.42;0;328.42;102.15;33.919;191.84;0.5228;0.311;0.5857;0;0.0016;326.03;2.3928;0;0;1.9571;0.4357;314.15;11.559;3.0456;1.0113;7.4826;0.0195;325.7;0.326;0.1021;0.0339;0.1899;0.0001;314.25;98.997;32.873;182.21;0.0674;192.83;166.03;42.011;0.1201;1.5233;21.913;0.1048;23.316;0;1;0;0;1.0043;0.9927;1;1;0.9898;0.1665;0.9645;0.9702;1;0.9606;0.7752;0.999;0.999;1;0.999;0.999;0.9565;0.9498;0.129;0.9863;0.9927;0.006;0.0135;0.0022;0.0068;0.0241;0.0043;0;0;0.088;0;0.8106;0;0;0;0;0;0;0;0;0;0;0;0;0.0194;0.0025;0.9139;0.9139;0;25.629;25.629;12.759;0.0406;848.56;1077;1;0.0152;0.0152;0;0;0;0;0;0;0.8986;0.8106;0;17.652;20.44;15.658;18.131;98.331;98.331;7.8822;7.3037;6.4785;0.5785;0.8252;0.0734;0.1047;0.8219;115.7;0.7828;0
16/06/21 12:00;31.022;8.5373;57.938;76.134;13.866;90;13.866;306.11;235.2;70.908;13.32;4.6999;0;73.036;207.68;25.184;0;0.6245;306.52;0;306.52;73.036;25.184;207.68;0.6245;0.2383;0.6796;0;0.002;303.39;3.1321;0;0;2.6104;0.5216;292.31;10.779;2.1468;0.7403;7.869;0.0231;303.09;0.3034;0.073;0.0252;0.2051;0.0001;292.44;70.816;24.419;196.99;0.0796;180.95;155.79;39.221;0.2029;1.4483;20.834;0.1333;22.079;0;1;0;0;1.0014;0.9898;1;1;0.9874;0.1647;0.9644;0.9706;1;0.9616;0.7748;0.999;0.999;1;0.999;0.999;0.9536;0.9486;0.1274;0.9205;0.9247;0.0056;0.0144;0.0006;0.0063;0.0224;0.0041;0;0;0.088;0;0.7487;0;0;0;0;0;0;0;0;0;0;0;0;0.0181;0.0022;0.851;0.851;0;25.193;25.193;11.873;0.0406;790.43;1076.6;1;0.0143;0.0143;0;0;0;0;0;0;0.8367;0.7487;0;17.611;20.393;15.494;17.942;98.321;98.321;7.3566;6.8009;5.9835;0.5556;0.8175;0.0755;0.1111;0.8134;125.89;0.774;0
16/06/21 13:00;27.587;23.837;54.165;52.279;37.721;90;37.721;345.1;194.7;150.4;13.99;4.3801;0;190.13;131.57;60.399;0;5.0487;387.15;0;387.15;190.13;60.399;131.57;5.0487;0.4911;0.3529;0;0.013;374.15;13.001;0;0;8.4015;4.5998;364.99;8.7901;3.6168;1.1489;3.9724;0.052;373.78;0.3742;0.1901;0.0604;0.1232;0.0004;366.51;186.33;59.189;119.08;0.3964;187.32;161.28;43.091;4.3834;1.6089;23.144;1.5225;20.37;0;1;0;0;1.1219;0.9664;1;1;0.9361;0.0889;0.9765;0.981;1;0.9677;0.884;0.999;0.999;1;0.999;0.999;0.9427;0.905;0.0785;1.1626;1.1527;0.0069;0.0113;0.0157;0.0078;0.0278;0.0045;0;0;0.088;0;0.9478;0;0;0;0;0;0;0;0;0;0;0;0;0.0224;0.0033;1.053;1.053;0;28.839;28.839;14.849;0.0407;987.54;1066.3;1;0.0172;0.0172;0;0;0;0;0;0;1.0358;0.9478;0;17.254;19.98;15.53;17.984;98.364;98.364;9.2917;8.4159;7.575;0.8758;0.8409;0.0943;0.0905;0.8152;91.945;0.7803;0
16/06/21 14:00;21.329;37.321;47.798;32.783;57.217;90;57.217;334.8;111.8;223;14.2;2.99;0;411.86;46.25;95.65;0;10.746;564.5;0;564.5;411.86;95.65;46.25;10.746;0.7296;0.101;0;0.019;548.97;15.537;0;0;5.4446;10.092;541.17;7.2474;4.7091;1.0936;1.4106;0.0341;548.42;0.549;0.4119;0.0956;0.0408;0.0007;543.48;406.74;94.461;39.354;0.6197;105.56;90.884;23.742;6.531;1.2057;17.344;2.3095;12.018;0;1;0;0;1.6861;0.9725;1;1;0.8823;0.0609;0.9868;0.9886;1;0.9654;0.9478;0.999;0.999;1;0.999;0.999;0.9587;0.8509;0.0577;1.6952;1.6735;0.0101;0.004;0.0665;0.0111;0.0395;0.0033;0;0;0.088;0;1.3885;0;0;0;0;0;0;0;0;0;0;0;0;0.0318;0.0065;1.5005;1.5005;0;36.311;36.311;22.111;0.0409;1438.9;1042.8;1;0.024;0.024;0;0;0;0;0;0;1.4765;1.3885;0;16.862;19.526;15.603;18.068;98.398;98.398;13.548;11.992;11.097;1.556;0.8954;0.1149;0.0661;0.8191;38.991;0.8006;0
16/06/21 15:00;12.945;48.759;57.092;16.997;28.154;90;28.154;208.2;86.203;122;13.14;2.26;0;295.88;47.73;86.027;0;1.7244;431.36;0;431.36;295.88;86.027;47.73;1.7244;0.6859;0.1146;0;0.004;427.94;3.4229;0;0;1.9207;1.5022;415.8;11.705;7.8731;2.2891;1.5004;0.0419;427.51;0.4279;0.2959;0.086;0.0458;0.0002;415.94;287.71;83.652;44.264;0.1801;31.844;27.417;6.7863;0.58;0.2978;4.2838;0.1393;4.0016;0;1;0;0;2.0719;0.9921;1;1;0.9598;0.1289;0.9726;0.9734;1;0.9672;0.8112;0.999;0.999;1;0.999;0.999;0.9639;0.9274;0.1044;1.2954;1.2618;0.0076;0.0097;0.0226;0.0086;0.0303;0.0008;0;0;0.088;0;1.0472;0;0;0;0;0;0;0;0;0;0;0;0;0.0244;0.0039;1.1539;1.1539;0;30.061;30.061;16.922;0.0407;1083.8;1064.7;1;0.0187;0.0187;0;0;0;0;0;0;1.1352;1.0472;0;16.97;19.65;15.4;17.833;98.377;98.377;10.353;9.222;8.369;1.1306;0.853;0.1092;0.0824;0.8084;31.072;0.8024;0
16/06/21 16:00;4.2785;57.394;79.576;5.0751;7.3137;90;7.3137;9.7087;9.5987;0.11;11.84;2.6201;0;0.2668;9.549;0.0259;0;0.0055;9.8473;0;9.8473;0.2668;0.0259;9.549;0.0055;0.0271;0.9703;0;0.0006;9.8013;0.046;0;0;0.0414;0.0046;9.2987;0.4928;0.0816;0.0079;0.403;0.0002;9.7915;0.0098;0.0003;0;0.0095;0;9.2994;0.1849;0.018;9.095;0.0007;5.6918;4.9007;1.2049;0.0008;0.0471;0.677;0.0007;0.7234;0;1;0;0;1.0143;0.9953;1;1;0.9957;0.1644;0.9497;0.6938;1;0.9576;0.7754;0.999;0.999;1;0.999;0.999;0.9443;0.9525;0.1274;0.0296;0.0294;0.0002;0.0059;-0.0013;0.0002;0.0006;0.0001;0;0;0.088;0;-0.0673;0;0;0;0;0;0;0;0;0;0;0;0;0.0005;0;0.0232;0.0232;0;12.231;12.231;0.3907;0.042;23.486;988.58;1;0.0025;0.0025;0;0;0;0;0;0;0.0207;-0.0673;0;14.957;17.319;-43.341;-50.188;89.25;89.25;0.2363;0.1856;-0.5377;0.0508;0.7232;0.2149;3.0603;0;5.6913;0;0
16/06/21 17:00;0;0;90;0;0;90;0;0;0;0;10.78;2.74;0;0;0;0;0;0;0;0;0;0;0;0;0;1;1;1;1;0;0;0;0;0;0;0;0;0;0;0;0;0;0;0;0;0;0;0;0;0;0;0;0;0;0;0;0;0;0;0;0;0;0;0;1;1;1;1;1;1;1;1;1;1;1;1;1;1;1;1;1;1;1;0;0;0;0;0;0;0;0;0;0.0004;0.088;0;-0.0884;0;0;0;0;0;0;0;0;0;0;0;0;0;0;0;0;0;0;0;-10.78;0;0;0;0;0.0004;0;0;0;0;0;0;0;-0.0004;-0.0884;0;0;0;0;0;0;0;0;0;-0.7063;0;0.7063;1;1;0;0;0;0
16/06/21 18:00;0;0;90;0;0;90;0;0;0;0;10.89;2.6101;0;0;0;0;0;0;0;0;0;0;0;0;0;1;1;1;1;0;0;0;0;0;0;0;0;0;0;0;0;0;0;0;0;0;0;0;0;0;0;0;0;0;0;0;0;0;0;0;0;0;0;0;1;1;1;1;1;1;1;1;1;1;1;1;1;1;1;1;1;1;1;0;0;0;0;0;0;0;0;0;0.0004;0.088;0;-0.0884;0;0;0;0;0;0;0;0;0;0;0;0;0;0;0;0;0;0;0;-10.89;0;0;0;0;0.0004;0;0;0;0;0;0;0;-0.0004;-0.0884;0;0;0;0;0;0;0;0;0;-0.7063;0;0.7063;1;1;0;0;0;0
16/06/21 19:00;0;0;90;0;0;90;0;0;0;0;9.3698;2.3099;0;0;0;0;0;0;0;0;0;0;0;0;0;1;1;1;1;0;0;0;0;0;0;0;0;0;0;0;0;0;0;0;0;0;0;0;0;0;0;0;0;0;0;0;0;0;0;0;0;0;0;0;1;1;1;1;1;1;1;1;1;1;1;1;1;1;1;1;1;1;1;0;0;0;0;0;0;0;0;0;0.0004;0.088;0;-0.0884;0;0;0;0;0;0;0;0;0;0;0;0;0;0;0;0;0;0;0;-9.3698;0;0;0;0;0.0004;0;0;0;0;0;0;0;-0.0004;-0.0884;0;0;0;0;0;0;0;0;0;-0.7063;0;0.7063;1;1;0;0;0;0
16/06/21 20:00;0;0;90;0;0;90;0;0;0;0;8.2802;2.3199;0;0;0;0;0;0;0;0;0;0;0;0;0;1;1;1;1;0;0;0;0;0;0;0;0;0;0;0;0;0;0;0;0;0;0;0;0;0;0;0;0;0;0;0;0;0;0;0;0;0;0;0;1;1;1;1;1;1;1;1;1;1;1;1;1;1;1;1;1;1;1;0;0;0;0;0;0;0;0;0;0.0004;0.088;0;-0.0884;0;0;0;0;0;0;0;0;0;0;0;0;0;0;0;0;0;0;0;-8.2802;0;0;0;0;0.0004;0;0;0;0;0;0;0;-0.0004;-0.0884;0;0;0;0;0;0;0;0;0;-0.7063;0;0.7063;1;1;0;0;0;0
16/06/21 21:00;0;0;90;0;0;90;0;0;0;0;7.89;3.7301;0;0;0;0;0;0;0;0;0;0;0;0;0;1;1;1;1;0;0;0;0;0;0;0;0;0;0;0;0;0;0;0;0;0;0;0;0;0;0;0;0;0;0;0;0;0;0;0;0;0;0;0;1;1;1;1;1;1;1;1;1;1;1;1;1;1;1;1;1;1;1;0;0;0;0;0;0;0;0;0;0.0004;0.088;0;-0.0884;0;0;0;0;0;0;0;0;0;0;0;0;0;0;0;0;0;0;0;-7.89;0;0;0;0;0.0004;0;0;0;0;0;0;0;-0.0004;-0.0884;0;0;0;0;0;0;0;0;0;-0.7063;0;0.7063;1;1;0;0;0;0
16/06/21 22:00;0;0;90;0;0;90;0;0;0;0;7.6999;4.6001;0;0;0;0;0;0;0;0;0;0;0;0;0;1;1;1;1;0;0;0;0;0;0;0;0;0;0;0;0;0;0;0;0;0;0;0;0;0;0;0;0;0;0;0;0;0;0;0;0;0;0;0;1;1;1;1;1;1;1;1;1;1;1;1;1;1;1;1;1;1;1;0;0;0;0;0;0;0;0;0;0.0004;0.088;0;-0.0884;0;0;0;0;0;0;0;0;0;0;0;0;0;0;0;0;0;0;0;-7.6999;0;0;0;0;0.0004;0;0;0;0;0;0;0;-0.0004;-0.0884;0;0;0;0;0;0;0;0;0;-0.7063;0;0.7063;1;1;0;0;0;0
16/06/21 23:00;0;0;90;0;0;90;0;0;0;0;7.6999;3.71;0;0;0;0;0;0;0;0;0;0;0;0;0;1;1;1;1;0;0;0;0;0;0;0;0;0;0;0;0;0;0;0;0;0;0;0;0;0;0;0;0;0;0;0;0;0;0;0;0;0;0;0;1;1;1;1;1;1;1;1;1;1;1;1;1;1;1;1;1;1;1;0;0;0;0;0;0;0;0;0;0.0004;0.088;0;-0.0884;0;0;0;0;0;0;0;0;0;0;0;0;0;0;0;0;0;0;0;-7.6999;0;0;0;0;0.0004;0;0;0;0;0;0;0;-0.0004;-0.0884;0;0;0;0;0;0;0;0;0;-0.7063;0;0.7063;1;1;0;0;0;0
17/06/21 00:00;0;0;90;0;0;90;0;0;0;0;5.8;3.5801;0;0;0;0;0;0;0;0;0;0;0;0;0;1;1;1;1;0;0;0;0;0;0;0;0;0;0;0;0;0;0;0;0;0;0;0;0;0;0;0;0;0;0;0;0;0;0;0;0;0;0;0;1;1;1;1;1;1;1;1;1;1;1;1;1;1;1;1;1;1;1;0;0;0;0;0;0;0;0;0;0.0004;0.088;0;-0.0884;0;0;0;0;0;0;0;0;0;0;0;0;0;0;0;0;0;0;0;-5.8;0;0;0;0;0.0004;0;0;0;0;0;0;0;-0.0004;-0.0884;0;0;0;0;0;0;0;0;0;-0.7063;0;0.7063;1;1;0;0;0;0
17/06/21 01:00;0;0;90;0;0;90;0;0;0;0;5.1997;3.4399;0;0;0;0;0;0;0;0;0;0;0;0;0;1;1;1;1;0;0;0;0;0;0;0;0;0;0;0;0;0;0;0;0;0;0;0;0;0;0;0;0;0;0;0;0;0;0;0;0;0;0;0;1;1;1;1;1;1;1;1;1;1;1;1;1;1;1;1;1;1;1;0;0;0;0;0;0;0;0;0;0.0004;0.088;0;-0.0884;0;0;0;0;0;0;0;0;0;0;0;0;0;0;0;0;0;0;0;-5.1997;0;0;0;0;0.0004;0;0;0;0;0;0;0;-0.0004;-0.0884;0;0;0;0;0;0;0;0;0;-0.7063;0;0.7063;1;1;0;0;0;0
17/06/21 02:00;0;0;90;0;0;90;0;0;0;0;3.8801;3.1999;0;0;0;0;0;0;0;0;0;0;0;0;0;1;1;1;1;0;0;0;0;0;0;0;0;0;0;0;0;0;0;0;0;0;0;0;0;0;0;0;0;0;0;0;0;0;0;0;0;0;0;0;1;1;1;1;1;1;1;1;1;1;1;1;1;1;1;1;1;1;1;0;0;0;0;0;0;0;0;0;0.0004;0.088;0;-0.0884;0;0;0;0;0;0;0;0;0;0;0;0;0;0;0;0;0;0;0;-3.8801;0;0;0;0;0.0004;0;0;0;0;0;0;0;-0.0004;-0.0884;0;0;0;0;0;0;0;0;0;-0.7063;0;0.7063;1;1;0;0;0;0
17/06/21 03:00;0;0;90;0;0;90;0;0;0;0;4.4997;2.8501;0;0;0;0;0;0;0;0;0;0;0;0;0;1;1;1;1;0;0;0;0;0;0;0;0;0;0;0;0;0;0;0;0;0;0;0;0;0;0;0;0;0;0;0;0;0;0;0;0;0;0;0;1;1;1;1;1;1;1;1;1;1;1;1;1;1;1;1;1;1;1;0;0;0;0;0;0;0;0;0;0.0004;0.088;0;-0.0884;0;0;0;0;0;0;0;0;0;0;0;0;0;0;0;0;0;0;0;-4.4997;0;0;0;0;0.0004;0;0;0;0;0;0;0;-0.0004;-0.0884;0;0;0;0;0;0;0;0;0;-0.7063;0;0.7063;1;1;0;0;0;0
17/06/21 04:00;0;0;90;0;0;90;0;0;0;0;3.9101;2.7801;0;0;0;0;0;0;0;0;0;0;0;0;0;1;1;1;1;0;0;0;0;0;0;0;0;0;0;0;0;0;0;0;0;0;0;0;0;0;0;0;0;0;0;0;0;0;0;0;0;0;0;0;1;1;1;1;1;1;1;1;1;1;1;1;1;1;1;1;1;1;1;0;0;0;0;0;0;0;0;0;0.0004;0.088;0;-0.0884;0;0;0;0;0;0;0;0;0;0;0;0;0;0;0;0;0;0;0;-3.9101;0;0;0;0;0.0004;0;0;0;0;0;0;0;-0.0004;-0.0884;0;0;0;0;0;0;0;0;0;-0.7063;0;0.7063;1;1;0;0;0;0
17/06/21 05:00;0;0;90;0;0;90;0;0;0;0;5.0003;2.58;0;0;0;0;0;0;0;0;0;0;0;0;0;1;1;1;1;0;0;0;0;0;0;0;0;0;0;0;0;0;0;0;0;0;0;0;0;0;0;0;0;0;0;0;0;0;0;0;0;0;0;0;1;1;1;1;1;1;1;1;1;1;1;1;1;1;1;1;1;1;1;0;0;0;0;0;0;0;0;0;0.0004;0.088;0;-0.0884;0;0;0;0;0;0;0;0;0;0;0;0;0;0;0;0;0;0;0;-5.0003;0;0;0;0;0.0004;0;0;0;0;0;0;0;-0.0004;-0.0884;0;0;0;0;0;0;0;0;0;-0.7063;0;0.7063;1;1;0;0;0;0
17/06/21 06:00;0;0;90;0;0;90;0;0;0;0;5.3998;2.6;0;0;0;0;0;0;0;0;0;0;0;0;0;1;1;1;1;0;0;0;0;0;0;0;0;0;0;0;0;0;0;0;0;0;0;0;0;0;0;0;0;0;0;0;0;0;0;0;0;0;0;0;1;1;1;1;1;1;1;1;1;1;1;1;1;1;1;1;1;1;1;0;0;0;0;0;0;0;0;0;0.0004;0.088;0;-0.0884;0;0;0;0;0;0;0;0;0;0;0;0;0;0;0;0;0;0;0;-5.3998;0;0;0;0;0.0004;0;0;0;0;0;0;0;-0.0004;-0.0884;0;0;0;0;0;0;0;0;0;-0.7063;0;0.7063;1;1;0;0;0;0
17/06/21 07:00;4.5217;-57.14;78.977;5.3784;7.7614;-90;-7.7614;23.598;22.397;1.2009;4.41;2.8699;0;2.9125;22.038;0.6253;0;0.0151;25.591;0;25.591;2.9125;0.6253;22.038;0.0151;0.1138;0.8618;0;0.0006;25.473;0.1175;0;0;0.1049;0.0126;23.511;1.937;0.8332;0.1789;0.9243;0.0006;25.448;0.0255;0.0029;0.0006;0.0219;0;23.513;2.0764;0.4458;20.987;0.0019;13.153;11.325;2.7861;0.0023;0.1087;1.5634;0.0019;1.6698;0;1;0;0;1.0844;0.9954;1;1;0.9952;0.1656;0.9239;0.7136;1;0.9578;0.7757;0.999;0.999;1;0.999;0.999;0.9187;0.9523;0.1283;0.0768;0.0741;0.0004;0.0097;-0.0053;0.0005;0.0017;0.0003;0;0;0.088;0;-0.0265;0;0;0;0;0;0;0;0;0;0;0;0;0.0014;0.0001;0.0653;0.0653;0;5.3751;5.3751;0.9651;0.041;61.511;1062.3;1;0.0038;0.0038;0;0;0;0;0;0;0.0615;-0.0265;0;16.197;18.756;-6.5642;-7.6011;94.152;94.152;0.6142;0.5222;-0.2116;0.092;0.7338;0.1497;1.1948;0;13.146;0;0
17/06/21 08:00;13.463;-48.12;55.623;17.824;30.109;-90;-30.109;78.9;75.001;3.8995;6.6197;3.0299;0;9.4574;69.056;2.3023;0;0.7452;81.561;0;81.561;9.4574;2.3023;69.056;0.7452;0.116;0.8558;0;0.0091;77.82;3.7408;0;0;3.0872;0.6536;75.316;2.4258;0.2121;0.0516;2.1459;0.0161;77.742;0.0778;0.0095;0.0023;0.066;0.0001;75.534;9.2358;2.2484;63.757;0.0754;45.572;39.238;10.212;1.059;0.4086;5.8776;0.2175;5.2272;0;1;0;0;1.0337;0.9541;1;1;0.9553;0.1229;0.9688;0.9776;1;0.9674;0.8241;0.999;0.999;1;0.999;0.999;0.9234;0.9233;0.1012;0.2449;0.2399;0.0014;0.0161;-0.0134;0.0017;0.0059;0.0012;0;0;0.088;0;0.1272;0;0;0;0;0;0;0;0;0;0;0;0;0.0047;0.0003;0.2221;0.2221;0;9.6761;9.6761;3.0565;0.0406;203.35;1092.4;1;0.007;0.007;0;0;0;0;0;0;0.2152;0.1272;0;17.278;20.008;9.8932;11.456;96.871;96.871;1.9575;1.7754;1.0166;0.182;0.7588;0.093;0.3877;0.5193;45.549;0.4927;0
17/06/21 09:00;21.738;-36.57;48.246;33.791;56.209;-90;-56.209;88.101;86.602;1.4992;7.1402;3.16;0;2.6957;67.177;0.4763;0;2.7372;73.086;0;73.086;2.6957;0.4763;67.177;2.7372;0.0369;0.9566;0;0.0375;62.83;10.256;0;0;7.6916;2.5648;60.681;2.0864;0.0315;0.0056;2.0413;0.0081;62.767;0.0628;0.0027;0.0005;0.0595;0.0002;61.798;2.6614;0.4703;57.385;0.1642;56.471;48.621;14.194;8.9047;0.8997;12.942;1.1174;4.9371;0;1;0;0;0.8296;0.8597;1;1;0.8855;0.063;0.9668;0.9883;1;0.9657;0.9532;0.999;0.999;1;0.999;0.999;0.8303;0.8542;0.06;0.2195;0.2134;0.0013;0.0155;-0.012;0.0015;0.0052;0.0025;0;0;0.088;0;0.1004;0;0;0;0;0;0;0;0;0;0;0;0;0.0042;0.0002;0.1951;0.1951;0;9.6085;9.6085;2.4684;0.0407;180;1083.9;1;0.0067;0.0067;0;0;0;0;0;0;0.1884;0.1004;0;16.934;19.609;8.7169;10.094;96.58;96.58;1.7541;1.5593;0.8026;0.1948;0.7566;0.1111;0.4314;0.4576;56.008;0.404;0
17/06/21 10:00;27.847;-22.971;54.497;53.545;36.455;-90;-36.455;154.6;150;4.5953;7.5603;3.5001;0;5.7133;134.32;1.3864;0;2.1176;143.54;0;143.54;5.7133;1.3864;134.32;2.1176;0.0398;0.9505;0;0.0148;133.5;10.033;0;0;8.1194;1.9139;129.14;4.2341;0.1128;0.0274;4.0682;0.0258;133.37;0.1335;0.0057;0.0014;0.1262;0.0002;129.85;5.5948;1.3577;122.01;0.1777;95.699;82.397;22.024;3.98;0.9345;13.443;0.7143;10.397;0;1;0;0;0.9285;0.9301;1;1;0.9396;0.0962;0.9683;0.9802;1;0.9677;0.8734;0.999;0.999;1;0.999;0.999;0.8997;0.9083;0.0839;0.431;0.4194;0.0025;0.018;-0.0185;0.0029;0.0104;0.0027;0;0;0.088;0;0.2959;0;0;0;0;0;0;0;0;0;0;0;0;0.0083;0.0006;0.3925;0.3925;0;12.786;12.786;5.2258;0.0405;356.95;1099.5;1;0.0086;0.0086;0;0;0;0;0;0;0.3839;0.2959;0;17.346;20.086;13.076;15.142;97.807;97.807;3.4449;3.1367;2.3646;0.3082;0.7721;0.0895;0.2241;0.6864;92.902;0.6414;0
17/06/21 11:00;31.095;-7.5965;58.081;77.637;12.363;-90;-12.363;170.3;165.7;4.6026;7.9698;3.9099;0;4.7119;162.68;1.1424;0;0.2764;168.81;0;168.81;4.7119;1.1424;162.68;0.2764;0.0279;0.9653;0;0.0016;166.9;1.9115;0;0;1.6811;0.2304;160.21;6.5199;0.1409;0.0342;6.3346;0.0103;166.73;0.1669;0.0047;0.0011;0.161;0;160.26;4.5663;1.1071;154.5;0.0357;101.46;87.355;21.64;0.1047;0.8343;12.002;0.0545;12.731;0;1;0;0;0.9912;0.9887;1;1;0.9897;0.1665;0.9609;0.9701;1;0.9606;0.7752;0.999;0.999;1;0.999;0.999;0.9491;0.9497;0.129;0.5069;0.508;0.0031;0.018;-0.0192;0.0035;0.0126;0.0024;0;0;0.088;0;0.3792;0;0;0;0;0;0;0;0;0;0;0;0;0.0101;0.0008;0.4767;0.4767;0;14.449;14.449;6.4797;0.0404;433.22;1100.4;1;0.0095;0.0095;0;0;0;0;0;0;0.4672;0.3792;0;17.914;20.744;14.25;16.501;98.006;98.006;4.0514;3.8098;3.0306;0.2415;0.7793;0.0596;0.1923;0.748;98.142;0.7102;0
17/06/21 12:00;31;8.4792;57.973;76.212;13.788;90;13.788;121.09;119.1;1.9916;8.3501;4.2101;0;2.0507;117.04;0.3584;0;0.2443;119.7;0;119.7;2.0507;0.3584;117.04;0.2443;0.0171;0.9799;0;0.002;118.04;1.6613;0;0;1.4572;0.204;113.4;4.5214;0.0605;0.0106;4.4413;0.009;117.92;0.118;0.0021;0.0004;0.1156;0;113.45;1.9882;0.3474;111.03;0.0311;72.281;62.234;15.591;0.112;0.5855;8.4226;0.0502;8.8962;0;1;0;0;0.9885;0.9861;1;1;0.9875;0.1647;0.9617;0.9705;1;0.9615;0.7748;0.999;0.999;1;0.999;0.999;0.9474;0.9486;0.1275;0.3595;0.3594;0.0022;0.0177;-0.0157;0.0025;0.0088;0.0017;0;0;0.088;0;0.2388;0;0;0;0;0;0;0;0;0;0;0;0;0.0071;0.0005;0.3347;0.3347;0;12.945;12.945;4.5952;0.0405;305.92;1094.2;1;0.0079;0.0079;0;0;0;0;0;0;0.3268;0.2388;0;17.74;20.543;12.656;14.655;97.627;97.627;2.8727;2.6752;1.9085;0.1975;0.7668;0.0687;0.2669;0.6643;70.93;0.6311;0
17/06/21 13:00;27.577;23.777;54.209;52.334;37.666;90;37.666;138.21;135.5;2.7071;9.0999;4.1599;0;3.4199;120.84;0.7564;0;2.0163;127.04;0;127.04;3.4199;0.7564;120.84;2.0163;0.0269;0.9671;0;0.0159;117.5;9.5356;0;0;7.699;1.8366;113.63;3.7496;0.0654;0.0145;3.6488;0.0209;117.38;0.1175;0.0034;0.0008;0.1131;0.0002;114.31;3.3511;0.7412;109.38;0.1586;86.001;74.047;20.064;4.0054;0.85;12.227;0.6797;9.0713;0;1;0;0;0.9192;0.9249;1;1;0.9363;0.0891;0.9681;0.9809;1;0.9677;0.8834;0.999;0.999;1;0.999;0.999;0.8945;0.9052;0.0787;0.3815;0.3701;0.0022;0.0178;-0.0151;0.0026;0.0091;0.0024;0;0;0.088;0;0.2474;0;0;0;0;0;0;0;0;0;0;0;0;0.0073;0.0005;0.3434;0.3434;0;13.708;13.708;4.6077;0.0405;314.75;1091;1;0.008;0.008;0;0;0;0;0;0;0.3354;0.2474;0;17.147;19.856;12.353;14.305;97.67;97.67;3.0489;2.7443;1.9771;0.3045;0.7672;0.0999;0.2517;0.6485;84.409;0.6049;0
17/06/21 14:00;21.33;37.263;47.847;32.82;57.18;90;57.18;137.7;133.2;4.5009;8.9198;3.5701;0;8.3043;101.74;2.298;0;4.4147;116.75;0;116.75;8.3043;2.298;101.74;4.4147;0.0711;0.9092;0;0.0378;100.64;16.111;0;0;11.965;4.1458;97.303;3.2378;0.0952;0.0263;3.1023;0.014;100.54;0.1006;0.0083;0.0023;0.0898;0.0003;99.106;8.2008;2.2694;86.578;0.2546;87.127;75.017;21.892;14.329;1.427;20.527;1.8029;7.6247;0;1;0;0;0.8479;0.862;1;1;0.8824;0.0609;0.9678;0.9885;1;0.9654;0.948;0.999;0.999;1;0.999;0.999;0.8334;0.851;0.0577;0.3506;0.3418;0.0021;0.0175;-0.015;0.0024;0.0084;0.004;0;0;0.088;0;0.2196;0;0;0;0;0;0;0;0;0;0;0;0;0.0067;0.0004;0.3152;0.3152;0;12.869;12.869;3.9488;0.0406;289.65;1088.4;1;0.0077;0.0077;0;0;0;0;0;0;0.3076;0.2196;0;17.129;19.835;11.93;13.815;97.564;97.564;2.8021;2.5195;1.7548;0.2826;0.7647;0.1008;0.2729;0.6263;85.731;0.5534;0
17/06/21 15:00;12.955;48.704;57.064;17.024;28.214;90;28.214;61.807;60.799;1.0088;9.06;2.3001;0;2.4465;56.992;0.5014;0;0.5141;60.454;0;60.454;2.4465;0.5014;56.992;0.5141;0.0405;0.9512;0;0.0085;57.705;2.7491;0;0;2.3012;0.4479;55.766;1.8815;0.0649;0.0133;1.7908;0.0125;57.648;0.0577;0.0024;0.0005;0.0547;0.0001;55.918;2.3792;0.4876;52.846;0.0536;37.122;31.962;8.2544;0.6973;0.3262;4.6927;0.152;4.3216;0;1;0;0;0.9781;0.9545;1;1;0.9596;0.1286;0.9674;0.9735;1;0.9672;0.8115;0.999;0.999;1;0.999;0.999;0.9224;0.9272;0.1043;0.1815;0.1783;0.0011;0.0145;-0.0089;0.0012;0.0043;0.0009;0;0;0.088;0;0.0674;0;0;0;0;0;0;0;0;0;0;0;0;0.0034;0.0002;0.1617;0.1617;0;11.334;11.334;2.274;0.0408;150.7;1073.1;1;0.0063;0.0063;0;0;0;0;0;0;0.1554;0.0674;0;16.97;19.65;7.0717;8.1889;96.089;96.089;1.4509;1.2925;0.5386;0.1585;0.7538;0.1092;0.5196;0.3712;37.116;0.3508;0
17/06/21 16:00;4.2944;57.342;79.536;5.0969;7.3459;90;7.3459;8.4976;8.4015;0.096;9.0002;2.18;0;0.2329;8.3589;0.0197;0;0.0049;8.6165;0;8.6165;0.2329;0.0197;8.3589;0.0049;0.027;0.9707;0;0.0006;8.5759;0.0406;0;0;0.0365;0.0041;8.1376;0.4298;0.0709;0.006;0.3526;0.0002;8.5673;0.0086;0.0002;0;0.0083;0;8.1382;0.1618;0.0137;7.9615;0.0006;4.9828;4.2902;1.0548;0.0007;0.0412;0.5927;0.0006;0.6332;0;1;0;0;1.014;0.9953;1;1;0.9956;0.1645;0.9498;0.6951;1;0.9576;0.7754;0.999;0.999;1;0.999;0.999;0.9444;0.9525;0.1274;0.0259;0.0258;0.0002;0.0055;-0.0014;0.0002;0.0005;0.0001;0;0;0.088;0;-0.0702;0;0;0;0;0;0;0;0;0;0;0;0;0.0004;0;0.0202;0.0202;0;9.3424;9.3424;0.3422;0.0421;20.326;994.88;1;0.0024;0.0024;0;0;0;0;0;0;0.0178;-0.0702;0;14.888;17.24;-51.692;-59.858;87.962;87.962;0.2068;0.1616;-0.5611;0.0452;0.7228;0.2185;3.495;0;4.9823;0;0
17/06/21 17:00;0;0;90;0;0;90;0;0;0;0;8.6698;2.2499;0;0;0;0;0;0;0;0;0;0;0;0;0;1;1;1;1;0;0;0;0;0;0;0;0;0;0;0;0;0;0;0;0;0;0;0;0;0;0;0;0;0;0;0;0;0;0;0;0;0;0;0;1;1;1;1;1;1;1;1;1;1;1;1;1;1;1;1;1;1;1;0;0;0;0;0;0;0;0;0;0.0004;0.088;0;-0.0884;0;0;0;0;0;0;0;0;0;0;0;0;0;0;0;0;0;0;0;-8.6698;0;0;0;0;0.0004;0;0;0;0;0;0;0;-0.0004;-0.0884;0;0;0;0;0;0;0;0;0;-0.7063;0;0.7063;1;1;0;0;0;0
17/06/21 18:00;0;0;90;0;0;90;0;0;0;0;8.5003;2.43;0;0;0;0;0;0;0;0;0;0;0;0;0;1;1;1;1;0;0;0;0;0;0;0;0;0;0;0;0;0;0;0;0;0;0;0;0;0;0;0;0;0;0;0;0;0;0;0;0;0;0;0;1;1;1;1;1;1;1;1;1;1;1;1;1;1;1;1;1;1;1;0;0;0;0;0;0;0;0;0;0.0004;0.088;0;-0.0884;0;0;0;0;0;0;0;0;0;0;0;0;0;0;0;0;0;0;0;-8.5003;0;0;0;0;0.0004;0;0;0;0;0;0;0;-0.0004;-0.0884;0;0;0;0;0;0;0;0;0;-0.7063;0;0.7063;1;1;0;0;0;0
17/06/21 19:00;0;0;90;0;0;90;0;0;0;0;8.6;2.7899;0;0;0;0;0;0;0;0;0;0;0;0;0;1;1;1;1;0;0;0;0;0;0;0;0;0;0;0;0;0;0;0;0;0;0;0;0;0;0;0;0;0;0;0;0;0;0;0;0;0;0;0;1;1;1;1;1;1;1;1;1;1;1;1;1;1;1;1;1;1;1;0;0;0;0;0;0;0;0;0;0.0004;0.088;0;-0.0884;0;0;0;0;0;0;0;0;0;0;0;0;0;0;0;0;0;0;0;-8.6;0;0;0;0;0.0004;0;0;0;0;0;0;0;-0.0004;-0.0884;0;0;0;0;0;0;0;0;0;-0.7063;0;0.7063;1;1;0;0;0;0
17/06/21 20:00;0;0;90;0;0;90;0;0;0;0;8.4498;2.97;0;0;0;0;0;0;0;0;0;0;0;0;0;1;1;1;1;0;0;0;0;0;0;0;0;0;0;0;0;0;0;0;0;0;0;0;0;0;0;0;0;0;0;0;0;0;0;0;0;0;0;0;1;1;1;1;1;1;1;1;1;1;1;1;1;1;1;1;1;1;1;0;0;0;0;0;0;0;0;0;0.0004;0.088;0;-0.0884;0;0;0;0;0;0;0;0;0;0;0;0;0;0;0;0;0;0;0;-8.4498;0;0;0;0;0.0004;0;0;0;0;0;0;0;-0.0004;-0.0884;0;0;0;0;0;0;0;0;0;-0.7063;0;0.7063;1;1;0;0;0;0
17/06/21 21:00;0;0;90;0;0;90;0;0;0;0;8.3999;2.9;0;0;0;0;0;0;0;0;0;0;0;0;0;1;1;1;1;0;0;0;0;0;0;0;0;0;0;0;0;0;0;0;0;0;0;0;0;0;0;0;0;0;0;0;0;0;0;0;0;0;0;0;1;1;1;1;1;1;1;1;1;1;1;1;1;1;1;1;1;1;1;0;0;0;0;0;0;0;0;0;0.0004;0.088;0;-0.0884;0;0;0;0;0;0;0;0;0;0;0;0;0;0;0;0;0;0;0;-8.3999;0;0;0;0;0.0004;0;0;0;0;0;0;0;-0.0004;-0.0884;0;0;0;0;0;0;0;0;0;-0.7063;0;0.7063;1;1;0;0;0;0
17/06/21 22:00;0;0;90;0;0;90;0;0;0;0;8.3999;2.75;0;0;0;0;0;0;0;0;0;0;0;0;0;1;1;1;1;0;0;0;0;0;0;0;0;0;0;0;0;0;0;0;0;0;0;0;0;0;0;0;0;0;0;0;0;0;0;0;0;0;0;0;1;1;1;1;1;1;1;1;1;1;1;1;1;1;1;1;1;1;1;0;0;0;0;0;0;0;0;0;0.0004;0.088;0;-0.0884;0;0;0;0;0;0;0;0;0;0;0;0;0;0;0;0;0;0;0;-8.3999;0;0;0;0;0.0004;0;0;0;0;0;0;0;-0.0004;-0.0884;0;0;0;0;0;0;0;0;0;-0.7063;0;0.7063;1;1;0;0;0;0
17/06/21 23:00;0;0;90;0;0;90;0;0;0;0;8.3999;2.52;0;0;0;0;0;0;0;0;0;0;0;0;0;1;1;1;1;0;0;0;0;0;0;0;0;0;0;0;0;0;0;0;0;0;0;0;0;0;0;0;0;0;0;0;0;0;0;0;0;0;0;0;1;1;1;1;1;1;1;1;1;1;1;1;1;1;1;1;1;1;1;0;0;0;0;0;0;0;0;0;0.0004;0.088;0;-0.0884;0;0;0;0;0;0;0;0;0;0;0;0;0;0;0;0;0;0;0;-8.3999;0;0;0;0;0.0004;0;0;0;0;0;0;0;-0.0004;-0.0884;0;0;0;0;0;0;0;0;0;-0.7063;0;0.7063;1;1;0;0;0;0
18/06/21 00:00;0;0;90;0;0;90;0;0;0;0;8.3999;2.2301;0;0;0;0;0;0;0;0;0;0;0;0;0;1;1;1;1;0;0;0;0;0;0;0;0;0;0;0;0;0;0;0;0;0;0;0;0;0;0;0;0;0;0;0;0;0;0;0;0;0;0;0;1;1;1;1;1;1;1;1;1;1;1;1;1;1;1;1;1;1;1;0;0;0;0;0;0;0;0;0;0.0004;0.088;0;-0.0884;0;0;0;0;0;0;0;0;0;0;0;0;0;0;0;0;0;0;0;-8.3999;0;0;0;0;0.0004;0;0;0;0;0;0;0;-0.0004;-0.0884;0;0;0;0;0;0;0;0;0;-0.7063;0;0.7063;1;1;0;0;0;0
18/06/21 01:00;0;0;90;0;0;90;0;0;0;0;8.6;1.94;0;0;0;0;0;0;0;0;0;0;0;0;0;1;1;1;1;0;0;0;0;0;0;0;0;0;0;0;0;0;0;0;0;0;0;0;0;0;0;0;0;0;0;0;0;0;0;0;0;0;0;0;1;1;1;1;1;1;1;1;1;1;1;1;1;1;1;1;1;1;1;0;0;0;0;0;0;0;0;0;0.0004;0.088;0;-0.0884;0;0;0;0;0;0;0;0;0;0;0;0;0;0;0;0;0;0;0;-8.6;0;0;0;0;0.0004;0;0;0;0;0;0;0;-0.0004;-0.0884;0;0;0;0;0;0;0;0;0;-0.7063;0;0.7063;1;1;0;0;0;0
18/06/21 02:00;0;0;90;0;0;90;0;0;0;0;8.6;1.65;0;0;0;0;0;0;0;0;0;0;0;0;0;1;1;1;1;0;0;0;0;0;0;0;0;0;0;0;0;0;0;0;0;0;0;0;0;0;0;0;0;0;0;0;0;0;0;0;0;0;0;0;1;1;1;1;1;1;1;1;1;1;1;1;1;1;1;1;1;1;1;0;0;0;0;0;0;0;0;0;0.0004;0.088;0;-0.0884;0;0;0;0;0;0;0;0;0;0;0;0;0;0;0;0;0;0;0;-8.6;0;0;0;0;0.0004;0;0;0;0;0;0;0;-0.0004;-0.0884;0;0;0;0;0;0;0;0;0;-0.7063;0;0.7063;1;1;0;0;0;0
18/06/21 03:00;0;0;90;0;0;90;0;0;0;0;8.9802;1.46;0;0;0;0;0;0;0;0;0;0;0;0;0;1;1;1;1;0;0;0;0;0;0;0;0;0;0;0;0;0;0;0;0;0;0;0;0;0;0;0;0;0;0;0;0;0;0;0;0;0;0;0;1;1;1;1;1;1;1;1;1;1;1;1;1;1;1;1;1;1;1;0;0;0;0;0;0;0;0;0;0.0004;0.088;0;-0.0884;0;0;0;0;0;0;0;0;0;0;0;0;0;0;0;0;0;0;0;-8.9802;0;0;0;0;0.0004;0;0;0;0;0;0;0;-0.0004;-0.0884;0;0;0;0;0;0;0;0;0;-0.7063;0;0.7063;1;1;0;0;0;0
18/06/21 04:00;0;0;90;0;0;90;0;0;0;0;9.1498;1.33;0;0;0;0;0;0;0;0;0;0;0;0;0;1;1;1;1;0;0;0;0;0;0;0;0;0;0;0;0;0;0;0;0;0;0;0;0;0;0;0;0;0;0;0;0;0;0;0;0;0;0;0;1;1;1;1;1;1;1;1;1;1;1;1;1;1;1;1;1;1;1;0;0;0;0;0;0;0;0;0;0.0004;0.088;0;-0.0884;0;0;0;0;0;0;0;0;0;0;0;0;0;0;0;0;0;0;0;-9.1498;0;0;0;0;0.0004;0;0;0;0;0;0;0;-0.0004;-0.0884;0;0;0;0;0;0;0;0;0;-0.7063;0;0.7063;1;1;0;0;0;0
18/06/21 05:00;0;0;90;0;0;90;0;0;0;0;9.3;1.2899;0;0;0;0;0;0;0;0;0;0;0;0;0;1;1;1;1;0;0;0;0;0;0;0;0;0;0;0;0;0;0;0;0;0;0;0;0;0;0;0;0;0;0;0;0;0;0;0;0;0;0;0;1;1;1;1;1;1;1;1;1;1;1;1;1;1;1;1;1;1;1;0;0;0;0;0;0;0;0;0;0.0004;0.088;0;-0.0884;0;0;0;0;0;0;0;0;0;0;0;0;0;0;0;0;0;0;0;-9.3;0;0;0;0;0.0004;0;0;0;0;0;0;0;-0.0004;-0.0884;0;0;0;0;0;0;0;0;0;-0.7063;0;0.7063;1;1;0;0;0;0
18/06/21 06:00;0;0;90;0;0;90;0;0;0;0;9.2003;1.32;0;0;0;0;0;0;0;0;0;0;0;0;0;1;1;1;1;0;0;0;0;0;0;0;0;0;0;0;0;0;0;0;0;0;0;0;0;0;0;0;0;0;0;0;0;0;0;0;0;0;0;0;1;1;1;1;1;1;1;1;1;1;1;1;1;1;1;1;1;1;1;0;0;0;0;0;0;0;0;0;0.0004;0.088;0;-0.0884;0;0;0;0;0;0;0;0;0;0;0;0;0;0;0;0;0;0;0;-9.2003;0;0;0;0;0.0004;0;0;0;0;0;0;0;-0.0004;-0.0884;0;0;0;0;0;0;0;0;0;-0.7063;0;0.7063;1;1;0;0;0;0
18/06/21 07:00;4.4725;-57.155;79.098;5.319;7.6736;-90;-7.6736;15.901;15.599;0.3024;9.0999;2.18;0;0.7335;15.483;0.1109;0;0.01;16.338;0;16.338;0.7335;0.1109;15.483;0.01;0.0449;0.9483;0;0.0006;16.257;0.0806;0;0;0.0723;0.0083;15.345;0.8955;0.2127;0.0322;0.6502;0.0004;16.241;0.0163;0.0007;0.0001;0.0154;0;15.347;0.52;0.0786;14.745;0.0013;9.2361;7.9523;1.9559;0.0015;0.0764;1.0983;0.0013;1.1731;0;1;0;0;1.0275;0.9951;1;1;0.9953;0.1655;0.9449;0.7097;1;0.9578;0.7757;0.999;0.999;1;0.999;0.999;0.9393;0.9523;0.1283;0.0491;0.0485;0.0003;0.0078;-0.0027;0.0003;0.0011;0.0002;0;0;0.088;0;-0.0503;0;0;0;0;0;0;0;0;0;0;0;0;0.0009;0;0.0407;0.0407;0;9.7367;9.7367;0.6368;0.0415;39.749;1023.5;1;0.003;0.003;0;0;0;0;0;0;0.0377;-0.0503;0;15.797;18.292;-19.538;-22.625;92.619;92.619;0.3921;0.3251;-0.4022;0.067;0.7273;0.1708;1.8548;0;9.2344;0;0
18/06/21 08:00;13.416;-48.141;55.758;17.758;29.948;-90;-29.948;109.61;89.602;20.007;9.3;2.8699;0;48.522;78.17;14.163;0;1.0244;141.88;0;141.88;48.522;14.163;78.17;1.0244;0.342;0.5582;0;0.0072;137.52;4.3628;0;0;3.465;0.8978;133.5;3.8815;1.1052;0.3226;2.4314;0.0224;137.38;0.1375;0.0485;0.0142;0.0747;0.0001;133.74;47.368;13.826;72.199;0.1041;51.63;44.453;11.573;1.1767;0.4612;6.6336;0.2429;5.918;0;1;0;0;1.2944;0.9693;1;1;0.9557;0.1236;0.9717;0.9772;1;0.9674;0.8231;0.999;0.999;1;0.999;0.999;0.9409;0.9236;0.1016;0.4261;0.4168;0.0025;0.018;-0.0155;0.0029;0.0102;0.0013;0;0;0.088;0;0.292;0;0;0;0;0;0;0;0;0;0;0;0;0.0082;0.0006;0.3885;0.3885;0;14.71;14.71;5.4095;0.0405;355.43;1093.1;1;0.0085;0.0085;0;0;0;0;0;0;0.38;0.292;0;17.372;20.117;13.058;15.12;97.812;97.812;3.4051;3.1052;2.334;0.2999;0.7712;0.0881;0.2265;0.6854;51.503;0.6623;0
18/06/21 09:00;21.695;-36.601;48.24;33.714;56.286;-90;-56.286;193.1;155.3;37.796;9.8903;3.6601;0;68.096;111.42;21.622;0;6.0144;207.15;0;207.15;68.096;21.622;111.42;6.0144;0.3287;0.5669;0;0.029;188.73;18.418;0;0;12.783;5.6356;184.09;4.4534;0.7962;0.2528;3.3866;0.0178;188.55;0.1887;0.0681;0.0216;0.0986;0.0004;186.23;67.231;21.347;95.153;0.3607;105.96;91.233;26.019;14.841;1.6068;23.113;2.1355;9.8787;0;1;0;0;1.0728;0.9111;1;1;0.8853;0.063;0.9764;0.9883;1;0.9656;0.953;0.999;0.999;1;0.999;0.999;0.8887;0.854;0.06;0.6221;0.6096;0.0037;0.0176;-0.0167;0.0042;0.015;0.0046;0;0;0.088;0;0.4696;0;0;0;0;0;0;0;0;0;0;0;0;0.0121;0.0011;0.568;0.568;0;17.345;17.345;7.455;0.0405;519.67;1093;1;0.0104;0.0104;0;0;0;0;0;0;0.5576;0.4696;0;17.394;20.142;14.38;16.652;98.165;98.165;4.9717;4.5395;3.7529;0.4322;0.7866;0.0869;0.1582;0.7549;92.975;0.6967;0
18/06/21 10:00;27.81;-23.012;54.499;53.456;36.544;-90;-36.544;412.49;106.5;306;10.88;4.5301;0;380.87;48.427;65.709;0;5.6766;500.69;0;500.69;380.87;65.709;48.427;5.6766;0.7607;0.1081;0;0.0113;492.62;8.0711;0;0;2.9385;5.1326;481.77;10.351;7.5191;1.2972;1.4664;0.0683;492.12;0.4926;0.3809;0.0657;0.0455;0.0005;483.33;372.97;64.346;43.977;0.4751;209.07;180.01;48.379;1.4481;1.5534;22.345;1.5614;22.45;0;1;0;0;1.2138;0.9839;1;1;0.9393;0.0958;0.979;0.9802;1;0.9677;0.8742;0.999;0.999;1;0.999;0.999;0.9622;0.9081;0.0837;1.5036;1.5029;0.009;0.0063;0.0289;0.0102;0.0362;0.0043;0;0;0.088;0;1.2633;0;0;0;0;0;0;0;0;0;0;0;0;0.0292;0.0053;1.3734;1.3734;0;30.479;30.479;19.598;0.0407;1290.2;1064.5;1;0.0221;0.0221;0;0;0;0;0;0;1.3513;1.2633;0;17.4;20.149;16.006;18.534;98.394;98.394;12.016;10.976;10.096;1.0406;0.8796;0.0866;0.0732;0.8402;33.519;0.813;0
18/06/21 11:00;31.068;-7.6476;58.097;77.544;12.456;-90;-12.456;516.49;89.402;427.09;11.67;5.44;0;437.39;33.087;57.27;0;0.851;528.6;0;528.6;437.39;57.27;33.087;0.851;0.8275;0.0642;0;0.0016;527.54;1.0556;0;0;0.3463;0.7093;510.88;16.132;13.099;1.7151;1.2863;0.0318;527.01;0.5275;0.4374;0.0573;0.0327;0.0001;511.06;423.85;55.497;31.421;0.1097;300.02;258.32;67.374;0.0221;2.2288;32.06;0.1768;34.267;0;1;0;0;1.0234;0.998;1;1;0.9895;0.1665;0.9694;0.97;1;0.9607;0.7753;0.999;0.999;1;0.999;0.999;0.9665;0.9497;0.129;1.5874;1.6068;0.0097;0.0049;0.0422;0.0109;0.0385;0.0062;0;0;0.088;0;1.3461;0;0;0;0;0;0;0;0;0;0;0;0;0.031;0.006;1.4576;1.4576;0;32.482;32.482;20.812;0.0407;1379.4;1056.7;1;0.0234;0.0234;0;0;0;0;0;0;1.4341;1.3461;0;17.492;20.255;16.155;18.707;98.391;98.391;12.686;11.649;10.758;1.0374;0.8907;0.0818;0.0702;0.848;19.967;0.8112;0
18/06/21 12:00;30.984;8.422;58.002;76.293;13.707;90;13.707;324.1;232.9;91.201;11.78;5.9701;0;93.874;198.84;32.097;0;0.6461;325.46;0;325.46;93.874;32.097;198.84;0.6461;0.2884;0.6129;0;0.002;322.47;2.9909;0;0;2.4512;0.5397;310.84;11.311;2.78;0.9506;7.5564;0.0239;322.15;0.3225;0.0939;0.0321;0.1964;0.0001;310.97;91;31.115;188.64;0.0824;191.17;164.59;41.567;0.1863;1.5198;21.862;0.1376;23.195;0;1;0;0;1.0042;0.9908;1;1;0.9877;0.1647;0.9649;0.9704;1;0.9615;0.7748;0.999;0.999;1;0.999;0.999;0.9551;0.9487;0.1275;0.9774;0.9827;0.0059;0.0137;-0.0021;0.0068;0.024;0.0043;0;0;0.088;0;0.8053;0;0;0;0;0;0;0;0;0;0;0;0;0.0193;0.0025;0.9085;0.9085;0;24.392;24.392;12.612;0.0406;839.93;1081.6;1;0.0152;0.0152;0;0;0;0;0;0;0.8933;0.8053;0;17.707;20.505;15.695;18.175;98.324;98.324;7.811;7.2606;6.4356;0.5505;0.825;0.0705;0.1056;0.8239;120.47;0.7845;0
18/06/21 13:00;27.574;23.719;54.247;52.393;37.607;90;37.607;165.91;160.8;5.11;11.75;6.0501;0;6.4502;142.89;1.6935;0;2.4131;153.45;0;153.45;6.4502;1.6935;142.89;2.4131;0.042;0.9469;0;0.0157;142.17;11.279;0;0;9.0813;2.1974;137.53;4.4966;0.1238;0.0325;4.3151;0.0252;142.03;0.1422;0.0065;0.0017;0.1338;0.0002;138.35;6.32;1.6593;129.36;0.1902;102.87;88.571;23.781;4.7105;1.0257;14.754;0.8256;11.069;0;1;0;0;0.9249;0.9265;1;1;0.9364;0.0894;0.9683;0.9808;1;0.9677;0.8829;0.999;0.999;1;0.999;0.999;0.8963;0.9053;0.0788;0.4608;0.4478;0.0027;0.0181;-0.0124;0.0031;0.0109;0.0029;0;0;0.088;0;0.3165;0;0;0;0;0;0;0;0;0;0;0;0;0.0088;0.0007;0.4131;0.4131;0;17.333;17.333;5.5837;0.0406;381.51;1082.9;1;0.0087;0.0087;0;0;0;0;0;0;0.4045;0.3165;0;17.079;19.777;13.083;15.15;97.904;97.904;3.6827;3.3017;2.5292;0.381;0.7725;0.1035;0.2098;0.6868;99.759;0.6407;0
18/06/21 14:00;21.337;37.208;47.89;32.862;57.138;90;57.138;339.8;106.9;232.91;10.78;5.47;0;429.23;42.561;95.308;0;10.88;577.98;0;577.98;429.23;95.308;42.561;10.88;0.7426;0.0925;0;0.0188;562.77;15.217;0;0;5.0004;10.217;554.85;7.3576;4.9308;1.0948;1.2976;0.0343;562.2;0.5628;0.4292;0.0953;0.0376;0.0007;557.02;423.87;94.118;36.226;0.6275;105.25;90.623;24.122;5.9812;1.1385;16.377;2.1785;11.535;0;1;0;0;1.7009;0.9737;1;1;0.8825;0.0609;0.9869;0.9885;1;0.9654;0.9482;0.999;0.999;1;0.999;0.999;0.96;0.8511;0.0577;1.7357;1.7122;0.0103;0.0035;0.0504;0.0115;0.0409;0.0032;0;0;0.088;0;1.4394;0;0;0;0;0;0;0;0;0;0;0;0;0.0329;0.0068;1.5527;1.5527;0;33.392;33.392;22.612;0.0408;1471.7;1055;1;0.0253;0.0253;0;0;0;0;0;0;1.5274;1.4394;0;17.041;19.734;15.798;18.294;98.373;98.373;13.872;12.409;11.504;1.4625;0.9052;0.1054;0.0653;0.8293;35.849;0.8121;0
18/06/21 15:00;12.97;48.653;57.022;17.055;28.287;90;28.287;47.391;46.803;0.5876;10.5;4.3999;0;1.4251;43.922;0.2246;0;0.3962;45.968;0;45.968;1.4251;0.2246;43.922;0.3962;0.031;0.9641;0;0.0086;43.841;2.1261;0;0;1.7807;0.3453;42.365;1.4326;0.0376;0.0059;1.3795;0.0096;43.798;0.0438;0.0014;0.0002;0.0421;0.0001;42.483;1.3861;0.2185;40.719;0.0412;28.621;24.642;6.3658;0.5423;0.2517;3.6208;0.1179;3.3303;0;1;0;0;0.97;0.9537;1;1;0.9595;0.1283;0.9673;0.9736;1;0.9672;0.8119;0.999;0.999;1;0.999;0.999;0.9216;0.9271;0.1041;0.138;0.1356;0.0008;0.0129;-0.0064;0.0009;0.0032;0.0007;0;0;0.088;0;0.0274;0;0;0;0;0;0;0;0;0;0;0;0;0.0026;0.0001;0.1208;0.1208;0;12.235;12.235;1.7348;0.0409;114.18;1057.7;1;0.0054;0.0054;0;0;0;0;0;0;0.1154;0.0274;0;16.665;19.298;3.779;4.376;95.55;95.55;1.1032;0.9651;0.2188;0.1381;0.7462;0.1252;0.6764;0.1984;28.617;0.1873;0
18/06/21 16:00;4.1429;57.447;79.909;4.9116;7.0731;90;7.0731;15.491;15.299;0.1915;10.8;4.5399;0;0.4644;15.211;0.0743;0;0.0083;15.758;0;15.758;0.4644;0.0743;15.211;0.0083;0.0295;0.9658;0;0.0005;15.688;0.0693;0;0;0.0624;0.0069;14.857;0.8155;0.1475;0.0236;0.6441;0.0003;15.673;0.0157;0.0005;0.0001;0.0151;0;14.858;0.3165;0.0507;14.489;0.0011;9.0629;7.8031;1.9182;0.001;0.075;1.0782;0.001;1.1521;0;1;0;0;1.0172;0.9956;1;1;0.9959;0.1644;0.948;0.6821;1;0.9574;0.7755;0.999;0.999;1;0.999;0.999;0.9429;0.9526;0.1273;0.0473;0.047;0.0003;0.0076;-0.0023;0.0003;0.001;0.0002;0;0;0.088;0;-0.0519;0;0;0;0;0;0;0;0;0;0;0;0;0.0008;0;0.039;0.039;0;11.417;11.417;0.6178;0.0416;38.479;1014.5;1;0.0029;0.0029;0;0;0;0;0;0;0.0361;-0.0519;0;15.716;18.198;-20.893;-24.193;92.48;92.48;0.3782;0.312;-0.4148;0.0662;0.7268;0.175;1.9217;0;9.0618;0;0
18/06/21 17:00;0;0;90;0;0;90;0;0;0;0;9.9202;4.9399;0;0;0;0;0;0;0;0;0;0;0;0;0;1;1;1;1;0;0;0;0;0;0;0;0;0;0;0;0;0;0;0;0;0;0;0;0;0;0;0;0;0;0;0;0;0;0;0;0;0;0;0;1;1;1;1;1;1;1;1;1;1;1;1;1;1;1;1;1;1;1;0;0;0;0;0;0;0;0;0;0.0004;0.088;0;-0.0884;0;0;0;0;0;0;0;0;0;0;0;0;0;0;0;0;0;0;0;-9.9202;0;0;0;0;0.0004;0;0;0;0;0;0;0;-0.0004;-0.0884;0;0;0;0;0;0;0;0;0;-0.7063;0;0.7063;1;1;0;0;0;0
18/06/21 18:00;0;0;90;0;0;90;0;0;0;0;9.7999;4.6199;0;0;0;0;0;0;0;0;0;0;0;0;0;1;1;1;1;0;0;0;0;0;0;0;0;0;0;0;0;0;0;0;0;0;0;0;0;0;0;0;0;0;0;0;0;0;0;0;0;0;0;0;1;1;1;1;1;1;1;1;1;1;1;1;1;1;1;1;1;1;1;0;0;0;0;0;0;0;0;0;0.0004;0.088;0;-0.0884;0;0;0;0;0;0;0;0;0;0;0;0;0;0;0;0;0;0;0;-9.7999;0;0;0;0;0.0004;0;0;0;0;0;0;0;-0.0004;-0.0884;0;0;0;0;0;0;0;0;0;-0.7063;0;0.7063;1;1;0;0;0;0
18/06/21 19:00;0;0;90;0;0;90;0;0;0;0;9.0301;4.1;0;0;0;0;0;0;0;0;0;0;0;0;0;1;1;1;1;0;0;0;0;0;0;0;0;0;0;0;0;0;0;0;0;0;0;0;0;0;0;0;0;0;0;0;0;0;0;0;0;0;0;0;1;1;1;1;1;1;1;1;1;1;1;1;1;1;1;1;1;1;1;0;0;0;0;0;0;0;0;0;0.0004;0.088;0;-0.0884;0;0;0;0;0;0;0;0;0;0;0;0;0;0;0;0;0;0;0;-9.0301;0;0;0;0;0.0004;0;0;0;0;0;0;0;-0.0004;-0.0884;0;0;0;0;0;0;0;0;0;-0.7063;0;0.7063;1;1;0;0;0;0
18/06/21 20:00;0;0;90;0;0;90;0;0;0;0;8.6;4.02;0;0;0;0;0;0;0;0;0;0;0;0;0;1;1;1;1;0;0;0;0;0;0;0;0;0;0;0;0;0;0;0;0;0;0;0;0;0;0;0;0;0;0;0;0;0;0;0;0;0;0;0;1;1;1;1;1;1;1;1;1;1;1;1;1;1;1;1;1;1;1;0;0;0;0;0;0;0;0;0;0.0004;0.088;0;-0.0884;0;0;0;0;0;0;0;0;0;0;0;0;0;0;0;0;0;0;0;-8.6;0;0;0;0;0.0004;0;0;0;0;0;0;0;-0.0004;-0.0884;0;0;0;0;0;0;0;0;0;-0.7063;0;0.7063;1;1;0;0;0;0
18/06/21 21:00;0;0;90;0;0;90;0;0;0;0;8.6;4.51;0;0;0;0;0;0;0;0;0;0;0;0;0;1;1;1;1;0;0;0;0;0;0;0;0;0;0;0;0;0;0;0;0;0;0;0;0;0;0;0;0;0;0;0;0;0;0;0;0;0;0;0;1;1;1;1;1;1;1;1;1;1;1;1;1;1;1;1;1;1;1;0;0;0;0;0;0;0;0;0;0.0004;0.088;0;-0.0884;0;0;0;0;0;0;0;0;0;0;0;0;0;0;0;0;0;0;0;-8.6;0;0;0;0;0.0004;0;0;0;0;0;0;0;-0.0004;-0.0884;0;0;0;0;0;0;0;0;0;-0.7063;0;0.7063;1;1;0;0;0;0
18/06/21 22:00;0;0;90;0;0;90;0;0;0;0;7.4998;4.7701;0;0;0;0;0;0;0;0;0;0;0;0;0;1;1;1;1;0;0;0;0;0;0;0;0;0;0;0;0;0;0;0;0;0;0;0;0;0;0;0;0;0;0;0;0;0;0;0;0;0;0;0;1;1;1;1;1;1;1;1;1;1;1;1;1;1;1;1;1;1;1;0;0;0;0;0;0;0;0;0;0.0004;0.088;0;-0.0884;0;0;0;0;0;0;0;0;0;0;0;0;0;0;0;0;0;0;0;-7.4998;0;0;0;0;0.0004;0;0;0;0;0;0;0;-0.0004;-0.0884;0;0;0;0;0;0;0;0;0;-0.7063;0;0.7063;1;1;0;0;0;0
18/06/21 23:00;0;0;90;0;0;90;0;0;0;0;6.4801;4.81;0;0;0;0;0;0;0;0;0;0;0;0;0;1;1;1;1;0;0;0;0;0;0;0;0;0;0;0;0;0;0;0;0;0;0;0;0;0;0;0;0;0;0;0;0;0;0;0;0;0;0;0;1;1;1;1;1;1;1;1;1;1;1;1;1;1;1;1;1;1;1;0;0;0;0;0;0;0;0;0;0.0004;0.088;0;-0.0884;0;0;0;0;0;0;0;0;0;0;0;0;0;0;0;0;0;0;0;-6.4801;0;0;0;0;0.0004;0;0;0;0;0;0;0;-0.0004;-0.0884;0;0;0;0;0;0;0;0;0;-0.7063;0;0.7063;1;1;0;0;0;0
19/06/21 00:00;0;0;90;0;0;90;0;0;0;0;5.5401;4.7099;0;0;0;0;0;0;0;0;0;0;0;0;0;1;1;1;1;0;0;0;0;0;0;0;0;0;0;0;0;0;0;0;0;0;0;0;0;0;0;0;0;0;0;0;0;0;0;0;0;0;0;0;1;1;1;1;1;1;1;1;1;1;1;1;1;1;1;1;1;1;1;0;0;0;0;0;0;0;0;0;0.0004;0.088;0;-0.0884;0;0;0;0;0;0;0;0;0;0;0;0;0;0;0;0;0;0;0;-5.5401;0;0;0;0;0.0004;0;0;0;0;0;0;0;-0.0004;-0.0884;0;0;0;0;0;0;0;0;0;-0.7063;0;0.7063;1;1;0;0;0;0
19/06/21 01:00;0;0;90;0;0;90;0;0;0;0;4.3302;4.7701;0;0;0;0;0;0;0;0;0;0;0;0;0;1;1;1;1;0;0;0;0;0;0;0;0;0;0;0;0;0;0;0;0;0;0;0;0;0;0;0;0;0;0;0;0;0;0;0;0;0;0;0;1;1;1;1;1;1;1;1;1;1;1;1;1;1;1;1;1;1;1;0;0;0;0;0;0;0;0;0;0.0004;0.088;0;-0.0884;0;0;0;0;0;0;0;0;0;0;0;0;0;0;0;0;0;0;0;-4.3302;0;0;0;0;0.0004;0;0;0;0;0;0;0;-0.0004;-0.0884;0;0;0;0;0;0;0;0;0;-0.7063;0;0.7063;1;1;0;0;0;0
19/06/21 02:00;0;0;90;0;0;90;0;0;0;0;4.3202;4.7899;0;0;0;0;0;0;0;0;0;0;0;0;0;1;1;1;1;0;0;0;0;0;0;0;0;0;0;0;0;0;0;0;0;0;0;0;0;0;0;0;0;0;0;0;0;0;0;0;0;0;0;0;1;1;1;1;1;1;1;1;1;1;1;1;1;1;1;1;1;1;1;0;0;0;0;0;0;0;0;0;0.0004;0.088;0;-0.0884;0;0;0;0;0;0;0;0;0;0;0;0;0;0;0;0;0;0;0;-4.3202;0;0;0;0;0.0004;0;0;0;0;0;0;0;-0.0004;-0.0884;0;0;0;0;0;0;0;0;0;-0.7063;0;0.7063;1;1;0;0;0;0
19/06/21 03:00;0;0;90;0;0;90;0;0;0;0;2.8697;4.6001;0;0;0;0;0;0;0;0;0;0;0;0;0;1;1;1;1;0;0;0;0;0;0;0;0;0;0;0;0;0;0;0;0;0;0;0;0;0;0;0;0;0;0;0;0;0;0;0;0;0;0;0;1;1;1;1;1;1;1;1;1;1;1;1;1;1;1;1;1;1;1;0;0;0;0;0;0;0;0;0;0.0004;0.088;0;-0.0884;0;0;0;0;0;0;0;0;0;0;0;0;0;0;0;0;0;0;0;-2.8697;0;0;0;0;0.0004;0;0;0;0;0;0;0;-0.0004;-0.0884;0;0;0;0;0;0;0;0;0;-0.7063;0;0.7063;1;1;0;0;0;0
19/06/21 04:00;0;0;90;0;0;90;0;0;0;0;2.78;4.4601;0;0;0;0;0;0;0;0;0;0;0;0;0;1;1;1;1;0;0;0;0;0;0;0;0;0;0;0;0;0;0;0;0;0;0;0;0;0;0;0;0;0;0;0;0;0;0;0;0;0;0;0;1;1;1;1;1;1;1;1;1;1;1;1;1;1;1;1;1;1;1;0;0;0;0;0;0;0;0;0;0.0004;0.088;0;-0.0884;0;0;0;0;0;0;0;0;0;0;0;0;0;0;0;0;0;0;0;-2.78;0;0;0;0;0.0004;0;0;0;0;0;0;0;-0.0004;-0.0884;0;0;0;0;0;0;0;0;0;-0.7063;0;0.7063;1;1;0;0;0;0
19/06/21 05:00;0;0;90;0;0;90;0;0;0;0;2.54;4.35;0;0;0;0;0;0;0;0;0;0;0;0;0;1;1;1;1;0;0;0;0;0;0;0;0;0;0;0;0;0;0;0;0;0;0;0;0;0;0;0;0;0;0;0;0;0;0;0;0;0;0;0;1;1;1;1;1;1;1;1;1;1;1;1;1;1;1;1;1;1;1;0;0;0;0;0;0;0;0;0;0.0004;0.088;0;-0.0884;0;0;0;0;0;0;0;0;0;0;0;0;0;0;0;0;0;0;0;-2.54;0;0;0;0;0.0004;0;0;0;0;0;0;0;-0.0004;-0.0884;0;0;0;0;0;0;0;0;0;-0.7063;0;0.7063;1;1;0;0;0;0
19/06/21 06:00;0;0;90;0;0;90;0;0;0;0;2.1398;4.3001;0;0;0;0;0;0;0;0;0;0;0;0;0;1;1;1;1;0;0;0;0;0;0;0;0;0;0;0;0;0;0;0;0;0;0;0;0;0;0;0;0;0;0;0;0;0;0;0;0;0;0;0;1;1;1;1;1;1;1;1;1;1;1;1;1;1;1;1;1;1;1;0;0;0;0;0;0;0;0;0;0.0004;0.088;0;-0.0884;0;0;0;0;0;0;0;0;0;0;0;0;0;0;0;0;0;0;0;-2.1398;0;0;0;0;0.0004;0;0;0;0;0;0;0;-0.0004;-0.0884;0;0;0;0;0;0;0;0;0;-0.7063;0;0.7063;1;1;0;0;0;0
19/06/21 07:00;4.4276;-57.175;79.209;5.2646;7.5932;-90;-7.5932;41.296;24;17.296;2.9402;4.6199;0;41.947;19.848;9.8574;0;0.0253;71.679;0;71.679;41.947;9.8574;19.848;0.0253;0.5852;0.2773;0;0.0004;71.566;0.1123;0;0;0.0911;0.0212;55.45;16.045;12.315;2.8941;0.8345;0.0009;71.495;0.0716;0.0419;0.0099;0.0198;0;55.451;29.59;6.9535;18.903;0.0033;11.941;10.281;2.5414;0.0019;0.0979;1.4078;0.0016;1.5038;0;1;0;0;1.7357;0.9984;1;1;0.9954;0.1655;0.7756;0.7061;1;0.9577;0.7757;0.999;0.999;1;0.999;0.999;0.7736;0.9524;0.1282;0.2153;0.17;0.001;0.0142;-0.0123;0.0012;0.0041;0.0003;0;0;0.088;0;0.0634;0;0;0;0;0;0;0;0;0;0;0;0;0.0033;0.0002;0.158;0.158;0;5.1896;5.1896;2.2494;0.0406;143.59;1100;1;0.0066;0.0066;0;0;0;0;0;0;0.1514;0.0634;0;13.979;16.187;5.6085;6.4945;95.835;95.835;1.7203;1.2623;0.5065;0.4579;0.7559;0.2662;0.4394;0.2944;11.836;0.2901;0
19/06/21 08:00;13.373;-48.167;55.878;17.697;29.8;-90;-29.8;174.99;53.402;121.59;6.5698;4.8501;0;294.89;30.054;51.464;0;1.6198;378.03;0;378.03;294.89;51.464;30.054;1.6198;0.7801;0.0838;0;0.0043;375.29;2.7403;0;0;1.3217;1.4185;365.94;8.9704;6.8105;1.1886;0.9356;0.0357;374.91;0.3753;0.2949;0.0515;0.0287;0.0002;366.03;287.78;50.224;27.768;0.1653;20.481;17.634;4.663;0.445;0.1768;2.5438;0.0922;2.2756;0;1;0;0;2.1603;0.9928;1;1;0.956;0.1242;0.9761;0.9769;1;0.9674;0.8222;0.999;0.999;1;0.999;0.999;0.968;0.9239;0.102;1.1352;1.1078;0.0067;0.0119;-0.0142;0.0077;0.0274;0.0005;0;0;0.088;0;0.9371;0;0;0;0;0;0;0;0;0;0;0;0;0.0221;0.003;1.0427;1.0427;0;21.365;21.365;14.795;0.0404;948.53;1099.3;1;0.0175;0.0175;0;0;0;0;0;0;1.0251;0.9371;0;17.497;20.261;15.726;18.211;98.318;98.318;9.0726;8.3331;7.4897;0.7395;0.8434;0.0815;0.093;0.8255;19.782;0.8214;0
19/06/21 09:00;21.658;-36.635;48.228;33.642;56.358;-90;-56.358;347.89;60.3;287.59;10.29;5.0901;0;519.11;19.255;64.112;0;10.861;613.34;0;613.34;519.11;64.112;19.255;10.861;0.8464;0.0491;0;0.0177;600.95;12.39;0;0;2.2131;10.177;592.92;7.4329;6.066;0.7492;0.5854;0.0323;600.35;0.6009;0.5191;0.0641;0.017;0.0007;595.03;512.53;63.298;16.44;0.6511;99.895;86.009;21.46;2.5788;0.9725;13.989;2.1118;12.382;0;1;0;0;1.763;0.9798;1;1;0.8851;0.063;0.9876;0.9883;1;0.9656;0.9527;0.999;0.999;1;0.999;0.999;0.9667;0.8538;0.06;1.8419;1.8216;0.011;0.0023;0.0604;0.0122;0.0434;0.0027;0;0;0.088;0;1.5322;0;0;0;0;0;0;0;0;0;0;0;0;0.0349;0.0076;1.6472;1.6472;0;34.469;34.469;24.18;0.0408;1566.3;1051.7;1;0.027;0.027;0;0;0;0;0;0;1.6202;1.5322;0;17.036;19.728;15.847;18.35;98.359;98.359;14.72;13.164;12.245;1.5558;0.9193;0.1057;0.0625;0.8319;16.08;0.8179;0
19/06/21 10:00;27.78;-23.056;54.496;53.372;36.628;-90;-36.628;452.79;79.697;373.1;12.62;5.68;0;464.9;28.366;60.089;0;6.259;559.62;0;559.62;464.9;60.089;28.366;6.259;0.8308;0.0619;0;0.0112;552.23;7.3887;0;0;1.7274;5.6613;540.38;11.293;9.1741;1.1858;0.8587;0.0746;551.67;0.5522;0.4649;0.0601;0.0266;0.0006;542.14;455.26;58.843;25.753;0.5224;225.56;194.21;51.141;0.8557;1.6985;24.432;1.7559;25.274;0;1;0;0;1.2359;0.9868;1;1;0.9391;0.0955;0.9795;0.9802;1;0.9677;0.875;0.999;0.999;1;0.999;0.999;0.9656;0.9079;0.0835;1.6805;1.6844;0.0101;0.0039;0.0572;0.0113;0.04;0.0047;0;0;0.088;0;1.4058;0;0;0;0;0;0;0;0;0;0;0;0;0.0322;0.0066;1.5183;1.5183;0;34.668;34.668;22.048;0.0408;1447.3;1049.1;1;0.0245;0.0245;0;0;0;0;0;0;1.4938;1.4058;0;17.211;19.931;15.936;18.454;98.387;98.387;13.431;12.135;11.236;1.2962;0.899;0.0965;0.0669;0.8366;19.646;0.8101;0
19/06/21 11:00;31.047;-7.6998;58.105;77.452;12.548;-90;-12.548;512.2;90.599;421.6;14.03;6.02;0;431.91;34.205;57.351;0;0.8563;524.33;0;524.33;431.91;57.351;34.205;0.8563;0.8238;0.0669;0;0.0016;523.25;1.0761;0;0;0.3624;0.7138;506.7;16.026;12.947;1.7192;1.3276;0.032;522.73;0.5232;0.4319;0.0574;0.0338;0.0001;506.88;418.53;55.575;32.481;0.1104;297.48;256.13;66.796;0.0234;2.2105;31.797;0.1784;33.984;0;1;0;0;1.0237;0.9979;1;1;0.9894;0.1665;0.9693;0.97;1;0.9607;0.7753;0.999;0.999;1;0.999;0.999;0.9664;0.9496;0.129;1.5746;1.5937;0.0096;0.005;0.0544;0.0107;0.0378;0.0061;0;0;0.088;0;1.3228;0;0;0;0;0;0;0;0;0;0;0;0;0.0305;0.0059;1.4336;1.4336;0;34.71;34.71;20.681;0.0408;1368.6;1047.5;1;0.0228;0.0228;0;0;0;0;0;0;1.4108;1.3228;0;17.345;20.085;16.004;18.532;98.408;98.408;12.584;11.457;10.572;1.1264;0.8857;0.0895;0.0704;0.8401;20.647;0.8036;0
19/06/21 12:00;30.976;8.3656;58.023;76.376;13.624;90;13.624;516.3;94.497;421.8;15.1;5.87;0;434.01;35.452;60.235;0;1.0169;530.72;0;530.72;434.01;60.235;35.452;1.0169;0.8178;0.0687;0;0.0019;529.44;1.282;0;0;0.4326;0.8494;512.84;16.061;12.886;1.7884;1.3493;0.0377;528.91;0.5294;0.434;0.0602;0.035;0.0002;513.07;420.69;58.386;33.635;0.1297;299.02;257.46;66.875;0.0327;2.2399;32.221;0.2218;34.428;0;1;0;0;1.0279;0.9976;1;1;0.9878;0.1647;0.9696;0.9703;1;0.9614;0.7748;0.999;0.999;1;0.999;0.999;0.9663;0.9488;0.1275;1.5937;1.6132;0.0097;0.0048;0.0627;0.0108;0.0381;0.0061;0;0;0.088;0;1.3333;0;0;0;0;0;0;0;0;0;0;0;0;0.0307;0.0061;1.4442;1.4442;0;36.054;36.054;20.954;0.0409;1385.7;1042.2;1;0.0229;0.0229;0;0;0;0;0;0;1.4213;1.3333;0;17.262;19.989;15.936;18.454;98.412;98.412;12.737;11.542;10.655;1.1952;0.8866;0.0938;0.0696;0.8366;21.472;0.8002;0
19/06/21 13:00;27.577;23.664;54.278;52.458;37.542;90;37.542;455.39;98.901;356.49;15.46;5.62;0;449.6;37.053;72.604;0;6.6017;565.86;0;565.86;449.6;72.604;37.053;6.6017;0.7945;0.0771;0;0.0117;557.5;8.3587;0;0;2.3486;6.0101;545.69;11.248;8.6603;1.3985;1.1191;0.0696;556.94;0.5575;0.4496;0.0726;0.0347;0.0006;547.52;440.49;71.133;33.551;0.5214;225.65;194.29;51.686;1.2158;1.6884;24.287;1.8203;24.76;0;1;0;0;1.2426;0.9852;1;1;0.9366;0.0896;0.9798;0.9807;1;0.9677;0.8822;0.999;0.999;1;0.999;0.999;0.9644;0.9055;0.079;1.6993;1.7003;0.0102;0.0037;0.0764;0.0113;0.04;0.0046;0;0;0.088;0;1.403;0;0;0;0;0;0;0;0;0;0;0;0;0.0322;0.0067;1.5152;1.5152;0;37.782;37.782;22.322;0.0409;1461.5;1036.7;1;0.0242;0.0242;0;0;0;0;0;0;1.491;1.403;0;16.987;19.67;15.729;18.213;98.402;98.402;13.581;12.11;11.213;1.471;0.8968;0.1083;0.066;0.8256;25.855;0.7999;0
19/06/21 14:00;21.35;37.157;47.927;32.909;57.091;90;57.091;350.51;96.999;253.51;15.23;4.98;0;466.6;35.452;93.971;0;11.205;607.23;0;607.23;466.6;93.971;35.452;11.205;0.7684;0.0768;0;0.0185;592.55;14.683;0;0;4.1601;10.523;584.39;7.5676;5.3702;1.0815;1.0807;0.0352;591.96;0.5925;0.4666;0.094;0.0313;0.0007;586.54;460.77;92.796;30.18;0.6463;104.41;89.895;23.764;4.9679;1.0774;15.498;2.1516;11.607;0;1;0;0;1.7324;0.9758;1;1;0.8827;0.0609;0.9872;0.9885;1;0.9654;0.9484;0.999;0.999;1;0.999;0.999;0.9624;0.8513;0.0577;1.8235;1.7993;0.0108;0.0025;0.0895;0.0119;0.0421;0.0029;0;0;0.088;0;1.4845;0;0;0;0;0;0;0;0;0;0;0;0;0.0339;0.0074;1.5982;1.5982;0;39.156;39.156;23.926;0.0409;1547.6;1032.7;1;0.0257;0.0257;0;0;0;0;0;0;1.5725;1.4845;0;16.696;19.334;15.508;17.958;98.39;98.39;14.574;12.773;11.864;1.8007;0.909;0.1236;0.0624;0.8141;29.845;0.7988;0
19/06/21 15:00;12.99;48.607;56.964;17.093;28.374;90;28.374;182.9;106.3;76.604;15;3.53;0;185.79;74.175;66.41;0;1.5381;327.91;0;327.91;185.79;66.41;74.175;1.5381;0.5666;0.2309;0;0.0047;323.55;4.3632;0;0;3.022;1.3413;314.25;8.9763;4.8701;1.7408;2.3284;0.0369;323.22;0.3235;0.1858;0.0664;0.0712;0.0002;314.45;180.73;64.603;68.754;0.1597;48.866;42.074;10.931;0.9257;0.4257;6.1238;0.2007;5.6238;0;1;0;0;1.7928;0.9867;1;1;0.9593;0.1279;0.9722;0.9738;1;0.9672;0.8124;0.999;0.999;1;0.999;0.999;0.9583;0.9269;0.1038;0.9847;0.96;0.0058;0.014;0.0095;0.0065;0.0231;0.0012;0;0;0.088;0;0.7763;0;0;0;0;0;0;0;0;0;0;0;0;0.0186;0.0024;0.879;0.879;0;27.786;27.786;12.786;0.0407;822.53;1068.6;1;0.0146;0.0146;0;0;0;0;0;0;0.8643;0.7763;0;17.004;19.69;15.019;17.392;98.338;98.338;7.8699;7.0246;6.2046;0.8453;0.82;0.1074;0.1042;0.7884;48.357;0.7775;0
19/06/21 16:00;4.1683;57.404;79.847;4.944;7.1207;90;7.1207;27.192;26.701;0.4912;13.9;3.62;0;1.1912;26.462;0.3308;0;0.0147;27.999;0;27.999;1.1912;0.3308;26.462;0.0147;0.0425;0.9456;0;0.0005;27.877;0.1221;0;0;0.1098;0.0123;26.249;1.6004;0.3757;0.1043;1.1199;0.0005;27.849;0.0279;0.0012;0.0003;0.0264;0;26.25;0.8144;0.2261;25.206;0.0019;15.769;13.577;3.3379;0.0019;0.1304;1.8758;0.0017;2.0044;0;1;0;0;1.0297;0.9956;1;1;0.9959;0.1644;0.9425;0.6843;1;0.9575;0.7755;0.999;0.999;1;0.999;0.999;0.9375;0.9525;0.1274;0.0841;0.083;0.0005;0.0103;-0.0031;0.0005;0.0019;0.0003;0;0;0.088;0;-0.0208;0;0;0;0;0;0;0;0;0;0;0;0;0.0015;0.0001;0.071;0.071;0;14.985;14.985;1.0844;0.0413;69.299;1024.7;1;0.0038;0.0038;0;0;0;0;0;0;0.0672;-0.0208;0;16.089;18.631;-4.7088;-5.4526;94.656;94.656;0.672;0.5675;-0.1661;0.1044;0.7336;0.1554;1.0918;0;15.766;0;0
19/06/21 17:00;0;0;90;0;0;90;0;0;0;0;11.53;3.8101;0;0;0;0;0;0;0;0;0;0;0;0;0;1;1;1;1;0;0;0;0;0;0;0;0;0;0;0;0;0;0;0;0;0;0;0;0;0;0;0;0;0;0;0;0;0;0;0;0;0;0;0;1;1;1;1;1;1;1;1;1;1;1;1;1;1;1;1;1;1;1;0;0;0;0;0;0;0;0;0;0.0004;0.088;0;-0.0884;0;0;0;0;0;0;0;0;0;0;0;0;0;0;0;0;0;0;0;-11.53;0;0;0;0;0.0004;0;0;0;0;0;0;0;-0.0004;-0.0884;0;0;0;0;0;0;0;0;0;-0.7063;0;0.7063;1;1;0;0;0;0
19/06/21 18:00;0;0;90;0;0;90;0;0;0;0;9.4303;3.7599;0;0;0;0;0;0;0;0;0;0;0;0;0;1;1;1;1;0;0;0;0;0;0;0;0;0;0;0;0;0;0;0;0;0;0;0;0;0;0;0;0;0;0;0;0;0;0;0;0;0;0;0;1;1;1;1;1;1;1;1;1;1;1;1;1;1;1;1;1;1;1;0;0;0;0;0;0;0;0;0;0.0004;0.088;0;-0.0884;0;0;0;0;0;0;0;0;0;0;0;0;0;0;0;0;0;0;0;-9.4303;0;0;0;0;0.0004;0;0;0;0;0;0;0;-0.0004;-0.0884;0;0;0;0;0;0;0;0;0;-0.7063;0;0.7063;1;1;0;0;0;0
19/06/21 19:00;0;0;90;0;0;90;0;0;0;0;7.5902;3.5899;0;0;0;0;0;0;0;0;0;0;0;0;0;1;1;1;1;0;0;0;0;0;0;0;0;0;0;0;0;0;0;0;0;0;0;0;0;0;0;0;0;0;0;0;0;0;0;0;0;0;0;0;1;1;1;1;1;1;1;1;1;1;1;1;1;1;1;1;1;1;1;0;0;0;0;0;0;0;0;0;0.0004;0.088;0;-0.0884;0;0;0;0;0;0;0;0;0;0;0;0;0;0;0;0;0;0;0;-7.5902;0;0;0;0;0.0004;0;0;0;0;0;0;0;-0.0004;-0.0884;0;0;0;0;0;0;0;0;0;-0.7063;0;0.7063;1;1;0;0;0;0
19/06/21 20:00;0;0;90;0;0;90;0;0;0;0;5.9602;3.39;0;0;0;0;0;0;0;0;0;0;0;0;0;1;1;1;1;0;0;0;0;0;0;0;0;0;0;0;0;0;0;0;0;0;0;0;0;0;0;0;0;0;0;0;0;0;0;0;0;0;0;0;1;1;1;1;1;1;1;1;1;1;1;1;1;1;1;1;1;1;1;0;0;0;0;0;0;0;0;0;0.0004;0.088;0;-0.0884;0;0;0;0;0;0;0;0;0;0;0;0;0;0;0;0;0;0;0;-5.9602;0;0;0;0;0.0004;0;0;0;0;0;0;0;-0.0004;-0.0884;0;0;0;0;0;0;0;0;0;-0.7063;0;0.7063;1;1;0;0;0;0
19/06/21 21:00;0;0;90;0;0;90;0;0;0;0;5.5501;3.1899;0;0;0;0;0;0;0;0;0;0;0;0;0;1;1;1;1;0;0;0;0;0;0;0;0;0;0;0;0;0;0;0;0;0;0;0;0;0;0;0;0;0;0;0;0;0;0;0;0;0;0;0;1;1;1;1;1;1;1;1;1;1;1;1;1;1;1;1;1;1;1;0;0;0;0;0;0;0;0;0;0.0004;0.088;0;-0.0884;0;0;0;0;0;0;0;0;0;0;0;0;0;0;0;0;0;0;0;-5.5501;0;0;0;0;0.0004;0;0;0;0;0;0;0;-0.0004;-0.0884;0;0;0;0;0;0;0;0;0;-0.7063;0;0.7063;1;1;0;0;0;0
19/06/21 22:00;0;0;90;0;0;90;0;0;0;0;5.12;3.0299;0;0;0;0;0;0;0;0;0;0;0;0;0;1;1;1;1;0;0;0;0;0;0;0;0;0;0;0;0;0;0;0;0;0;0;0;0;0;0;0;0;0;0;0;0;0;0;0;0;0;0;0;1;1;1;1;1;1;1;1;1;1;1;1;1;1;1;1;1;1;1;0;0;0;0;0;0;0;0;0;0.0004;0.088;0;-0.0884;0;0;0;0;0;0;0;0;0;0;0;0;0;0;0;0;0;0;0;-5.12;0;0;0;0;0.0004;0;0;0;0;0;0;0;-0.0004;-0.0884;0;0;0;0;0;0;0;0;0;-0.7063;0;0.7063;1;1;0;0;0;0
19/06/21 23:00;0;0;90;0;0;90;0;0;0;0;3.8203;2.8799;0;0;0;0;0;0;0;0;0;0;0;0;0;1;1;1;1;0;0;0;0;0;0;0;0;0;0;0;0;0;0;0;0;0;0;0;0;0;0;0;0;0;0;0;0;0;0;0;0;0;0;0;1;1;1;1;1;1;1;1;1;1;1;1;1;1;1;1;1;1;1;0;0;0;0;0;0;0;0;0;0.0004;0.088;0;-0.0884;0;0;0;0;0;0;0;0;0;0;0;0;0;0;0;0;0;0;0;-3.8203;0;0;0;0;0.0004;0;0;0;0;0;0;0;-0.0004;-0.0884;0;0;0;0;0;0;0;0;0;-0.7063;0;0.7063;1;1;0;0;0;0
20/06/21 00:00;0;0;90;0;0;90;0;0;0;0;3.4102;2.75;0;0;0;0;0;0;0;0;0;0;0;0;0;1;1;1;1;0;0;0;0;0;0;0;0;0;0;0;0;0;0;0;0;0;0;0;0;0;0;0;0;0;0;0;0;0;0;0;0;0;0;0;1;1;1;1;1;1;1;1;1;1;1;1;1;1;1;1;1;1;1;0;0;0;0;0;0;0;0;0;0.0004;0.088;0;-0.0884;0;0;0;0;0;0;0;0;0;0;0;0;0;0;0;0;0;0;0;-3.4102;0;0;0;0;0.0004;0;0;0;0;0;0;0;-0.0004;-0.0884;0;0;0;0;0;0;0;0;0;-0.7063;0;0.7063;1;1;0;0;0;0
20/06/21 01:00;0;0;90;0;0;90;0;0;0;0;2.06;2.6901;0;0;0;0;0;0;0;0;0;0;0;0;0;1;1;1;1;0;0;0;0;0;0;0;0;0;0;0;0;0;0;0;0;0;0;0;0;0;0;0;0;0;0;0;0;0;0;0;0;0;0;0;1;1;1;1;1;1;1;1;1;1;1;1;1;1;1;1;1;1;1;0;0;0;0;0;0;0;0;0;0.0004;0.088;0;-0.0884;0;0;0;0;0;0;0;0;0;0;0;0;0;0;0;0;0;0;0;-2.06;0;0;0;0;0.0004;0;0;0;0;0;0;0;-0.0004;-0.0884;0;0;0;0;0;0;0;0;0;-0.7063;0;0.7063;1;1;0;0;0;0
20/06/21 02:00;0;0;90;0;0;90;0;0;0;0;2.07;2.6399;0;0;0;0;0;0;0;0;0;0;0;0;0;1;1;1;1;0;0;0;0;0;0;0;0;0;0;0;0;0;0;0;0;0;0;0;0;0;0;0;0;0;0;0;0;0;0;0;0;0;0;0;1;1;1;1;1;1;1;1;1;1;1;1;1;1;1;1;1;1;1;0;0;0;0;0;0;0;0;0;0.0004;0.088;0;-0.0884;0;0;0;0;0;0;0;0;0;0;0;0;0;0;0;0;0;0;0;-2.07;0;0;0;0;0.0004;0;0;0;0;0;0;0;-0.0004;-0.0884;0;0;0;0;0;0;0;0;0;-0.7063;0;0.7063;1;1;0;0;0;0
20/06/21 03:00;0;0;90;0;0;90;0;0;0;0;0.8302;2.59;0;0;0;0;0;0;0;0;0;0;0;0;0;1;1;1;1;0;0;0;0;0;0;0;0;0;0;0;0;0;0;0;0;0;0;0;0;0;0;0;0;0;0;0;0;0;0;0;0;0;0;0;1;1;1;1;1;1;1;1;1;1;1;1;1;1;1;1;1;1;1;0;0;0;0;0;0;0;0;0;0.0004;0.088;0;-0.0884;0;0;0;0;0;0;0;0;0;0;0;0;0;0;0;0;0;0;0;-0.8302;0;0;0;0;0.0004;0;0;0;0;0;0;0;-0.0004;-0.0884;0;0;0;0;0;0;0;0;0;-0.7063;0;0.7063;1;1;0;0;0;0
20/06/21 04:00;0;0;90;0;0;90;0;0;0;0;1.2802;2.6101;0;0;0;0;0;0;0;0;0;0;0;0;0;1;1;1;1;0;0;0;0;0;0;0;0;0;0;0;0;0;0;0;0;0;0;0;0;0;0;0;0;0;0;0;0;0;0;0;0;0;0;0;1;1;1;1;1;1;1;1;1;1;1;1;1;1;1;1;1;1;1;0;0;0;0;0;0;0;0;0;0.0004;0.088;0;-0.0884;0;0;0;0;0;0;0;0;0;0;0;0;0;0;0;0;0;0;0;-1.2802;0;0;0;0;0.0004;0;0;0;0;0;0;0;-0.0004;-0.0884;0;0;0;0;0;0;0;0;0;-0.7063;0;0.7063;1;1;0;0;0;0
20/06/21 05:00;0;0;90;0;0;90;0;0;0;0;0.68;2.5401;0;0;0;0;0;0;0;0;0;0;0;0;0;1;1;1;1;0;0;0;0;0;0;0;0;0;0;0;0;0;0;0;0;0;0;0;0;0;0;0;0;0;0;0;0;0;0;0;0;0;0;0;1;1;1;1;1;1;1;1;1;1;1;1;1;1;1;1;1;1;1;0;0;0;0;0;0;0;0;0;0.0004;0.088;0;-0.0884;0;0;0;0;0;0;0;0;0;0;0;0;0;0;0;0;0;0;0;-0.68;0;0;0;0;0.0004;0;0;0;0;0;0;0;-0.0004;-0.0884;0;0;0;0;0;0;0;0;0;-0.7063;0;0.7063;1;1;0;0;0;0
20/06/21 06:00;0;0;90;0;0;90;0;0;0;0;-0.0001;2.33;0;0;0;0;0;0;0;0;0;0;0;0;0;1;1;1;1;0;0;0;0;0;0;0;0;0;0;0;0;0;0;0;0;0;0;0;0;0;0;0;0;0;0;0;0;0;0;0;0;0;0;0;1;1;1;1;1;1;1;1;1;1;1;1;1;1;1;1;1;1;1;0;0;0;0;0;0;0;0;0;0.0004;0.088;0;-0.0884;0;0;0;0;0;0;0;0;0;0;0;0;0;0;0;0;0;0;0;0.0001;0;0;0;0;0.0004;0;0;0;0;0;0;0;-0.0004;-0.0884;0;0;0;0;0;0;0;0;0;-0.7063;0;0.7063;1;1;0;0;0;0
20/06/21 07:00;4.3873;-57.2;79.308;5.2152;7.5203;-90;-7.5203;46.199;19.497;26.703;-0.5;2.19;0;64.762;14.29;12.478;0;0.0278;91.557;0;91.557;64.762;12.478;14.29;0.0278;0.7073;0.1564;0;0.0003;91.469;0.0878;0;0;0.0646;0.0232;67.845;23.533;19.226;3.7043;0.6014;0.001;91.378;0.0915;0.0648;0.0125;0.0142;0;67.846;45.471;8.761;13.61;0.0036;8.6762;7.4702;1.8567;0.0013;0.0705;1.0134;0.0011;1.0826;0;1;0;0;1.9818;0.999;1;1;0.9955;0.1655;0.7425;0.7028;1;0.9577;0.7757;0.999;0.999;1;0.999;0.999;0.741;0.9524;0.1282;0.2749;0.2065;0.0012;0.0153;-0.0171;0.0014;0.0051;0.0002;0;0;0.088;0;0.1008;0;0;0;0;0;0;0;0;0;0;0;0;0.0041;0.0002;0.1959;0.1959;0;2.239;2.239;2.739;0.0404;174.72;1121.2;1;0.0071;0.0071;0;0;0;0;0;0;0.1888;0.1008;0;13.573;15.717;6.9866;8.0903;96.395;96.395;2.1974;1.5656;0.8059;0.6317;0.7597;0.2875;0.3457;0.3668;8.5202;0.3637;0
20/06/21 08:00;13.336;-48.198;55.983;17.641;29.666;-90;-29.666;164.31;62.901;101.4;3.1901;2.2499;0;245.93;39.244;50.699;0;1.5075;337.39;0;337.39;245.93;50.699;39.244;1.5075;0.7289;0.1208;0;0.0045;334.35;3.0329;0;0;1.7135;1.3193;325.83;8.1912;5.7497;1.1853;1.2226;0.0336;334.02;0.3344;0.2459;0.0507;0.0375;0.0002;325.95;239.94;49.463;36.271;0.1544;26.406;22.735;5.9738;0.5719;0.2303;3.3134;0.119;2.9718;0;1;0;0;2.0534;0.991;1;1;0.9563;0.1248;0.9755;0.9766;1;0.9674;0.8214;0.999;0.999;1;0.999;0.999;0.9657;0.9242;0.1024;1.0132;0.9887;0.006;0.0136;-0.0302;0.007;0.0248;0.0007;0;0;0.088;0;0.8402;0;0;0;0;0;0;0;0;0;0;0;0;0.02;0.0025;0.9444;0.9444;0;16.317;16.317;13.127;0.0403;846.25;1116;1;0.0162;0.0162;0;0;0;0;0;0;0.9282;0.8402;0;17.757;20.563;15.797;18.293;98.28;98.28;8.0973;7.5478;6.7147;0.5495;0.8331;0.0679;0.1029;0.8293;25.807;0.8232;0
20/06/21 09:00;21.626;-36.673;48.211;33.576;56.424;-90;-56.424;350.7;59.402;291.3;6.1298;2.0899;0;526.72;18.565;64.18;0;10.972;620.44;0;620.44;526.72;64.18;18.565;10.972;0.849;0.0476;0;0.0177;608.02;12.419;0;0;2.1373;10.281;599.92;7.4962;6.1495;0.7493;0.5645;0.0328;607.41;0.608;0.5267;0.0642;0.0164;0.0007;601.94;520.05;63.367;15.846;0.6577;99.865;85.984;22.056;2.4968;0.9277;13.345;2.0259;11.776;0;1;0;0;1.7691;0.98;1;1;0.8849;0.063;0.9877;0.9883;1;0.9656;0.9524;0.999;0.999;1;0.999;0.999;0.9669;0.8536;0.0599;1.8632;1.8411;0.0111;0.002;0.0354;0.0125;0.0445;0.0026;0;0;0.088;0;1.5732;0;0;0;0;0;0;0;0;0;0;0;0;0.0358;0.0077;1.6893;1.6893;0;30.514;30.514;24.384;0.0406;1582.2;1067.7;1;0.0281;0.0281;0;0;0;0;0;0;1.6612;1.5732;0;17.272;20.001;16.085;18.626;98.334;98.334;14.891;13.501;12.573;1.3894;0.9282;0.0933;0.0623;0.8444;15.515;0.831;0
20/06/21 10:00;27.756;-23.103;54.485;53.292;36.708;-90;-36.708;462.7;77.402;385.29;8.9603;1.79;0;480.6;26.117;60.385;0;6.4229;573.53;0;573.53;480.6;60.385;26.117;6.4229;0.838;0.0567;0;0.0112;566.12;7.4075;0;0;1.5959;5.8117;554.02;11.53;9.473;1.1902;0.7905;0.0758;565.55;0.5661;0.4806;0.0604;0.0245;0.0006;555.82;470.65;59.134;23.706;0.5348;229.84;197.89;52.104;0.7939;1.726;24.828;1.7994;25.761;0;1;0;0;1.2395;0.9871;1;1;0.9389;0.0952;0.9796;0.9803;1;0.9677;0.8758;0.999;0.999;1;0.999;0.999;0.966;0.9077;0.0833;1.7223;1.7264;0.0104;0.0034;0.0393;0.0117;0.0415;0.0048;0;0;0.088;0;1.4611;0;0;0;0;0;0;0;0;0;0;0;0;0.0335;0.0069;1.575;1.575;0;31.504;31.504;22.543;0.0407;1482.8;1062.2;1;0.0258;0.0258;0;0;0;0;0;0;1.5491;1.4611;0;17.42;20.172;16.161;18.715;98.361;98.361;13.765;12.587;11.678;1.1774;0.9097;0.0855;0.0661;0.8484;18.101;0.8217;0
20/06/21 11:00;31.034;-7.753;58.106;77.362;12.638;-90;-12.638;519.5;88.398;431.11;11.77;1.2799;0;441.81;32.122;57.269;0;0.881;532.08;0;532.08;441.81;57.269;32.122;0.881;0.8303;0.062;0;0.0017;531;1.0788;0;0;0.3444;0.7343;514.23;16.241;13.246;1.717;1.2448;0.0329;530.47;0.531;0.4418;0.0573;0.0318;0.0001;514.41;428.12;55.494;30.501;0.1136;301.61;259.69;67.745;0.0226;2.2397;32.217;0.184;34.434;0;1;0;0;1.0242;0.998;1;1;0.9893;0.1665;0.9694;0.97;1;0.9608;0.7753;0.999;0.999;1;0.999;0.999;0.9665;0.9495;0.129;1.5978;1.6173;0.0097;0.0047;0.0438;0.0109;0.0387;0.0062;0;0;0.088;0;1.3543;0;0;0;0;0;0;0;0;0;0;0;0;0.0312;0.0061;1.4659;1.4659;0;32.722;32.722;20.952;0.0407;1388.4;1055.8;1;0.0236;0.0236;0;0;0;0;0;0;1.4423;1.3543;0;17.477;20.238;16.146;18.697;98.39;98.39;12.77;11.715;10.823;1.0546;0.8919;0.0826;0.0698;0.8476;19.395;0.8108;0
20/06/21 12:00;30.974;8.3102;58.038;76.462;13.538;90;13.538;520.4;92.801;427.6;13.57;0.8899;0;439.82;34.032;59.956;0;1.0122;534.82;0;534.82;439.82;59.956;34.032;1.0122;0.8224;0.0655;0;0.0019;533.57;1.2563;0;0;0.4109;0.8455;516.83;16.199;13.081;1.7831;1.2973;0.0375;533.03;0.5336;0.4398;0.06;0.0336;0.0002;517.06;426.3;58.112;32.291;0.1291;301.44;259.54;66.468;0.0307;2.3194;33.364;0.225;35.652;0;1;0;0;1.0277;0.9977;1;1;0.9879;0.1648;0.9696;0.9702;1;0.9614;0.7748;0.999;0.999;1;0.999;0.999;0.9664;0.9488;0.1275;1.6061;1.6277;0.0098;0.0046;0.0553;0.0109;0.0387;0.0064;0;0;0.088;0;1.3533;0;0;0;0;0;0;0;0;0;0;0;0;0.0311;0.0062;1.4647;1.4647;0;34.661;34.661;21.091;0.0408;1397.7;1048;1;0.0234;0.0234;0;0;0;0;0;0;1.4413;1.3533;0;17.373;20.118;16.052;18.587;98.4;98.4;12.836;11.706;10.815;1.1297;0.8906;0.088;0.0694;0.8426;20.607;0.805;0
20/06/21 13:00;27.586;23.611;54.303;52.527;37.473;90;37.473;459.3;96.2;363.1;13.9;0.6;0;457.51;35.135;71.85;0;6.6347;571.13;0;571.13;457.51;71.85;35.135;6.6347;0.8011;0.0731;0;0.0116;562.87;8.259;0;0;2.2207;6.0383;550.95;11.357;8.8373;1.3879;1.0614;0.0706;562.31;0.5629;0.4575;0.0719;0.0329;0.0006;552.82;448.21;70.39;31.82;0.5252;227.43;195.81;51.589;1.1457;1.7292;24.874;1.8728;25.458;0;1;0;0;1.2435;0.9855;1;1;0.9368;0.0899;0.9798;0.9807;1;0.9677;0.8815;0.999;0.999;1;0.999;0.999;0.9647;0.9057;0.0792;1.7151;1.7175;0.0103;0.0035;0.0688;0.0114;0.0406;0.0047;0;0;0.088;0;1.4258;0;0;0;0;0;0;0;0;0;0;0;0;0.0327;0.0068;1.5386;1.5386;0;36.411;36.411;22.511;0.0409;1476.1;1042.4;1;0.0248;0.0248;0;0;0;0;0;0;1.5138;1.4258;0;17.089;19.789;15.837;18.339;98.391;98.391;13.707;12.296;11.395;1.4107;0.9012;0.1029;0.0657;0.8313;24.503;0.8051;0
20/06/21 14:00;21.368;37.11;47.958;32.963;57.037;90;57.037;341.99;105.2;236.79;14.75;0.35;0;435.2;41.317;94.992;0;10.914;582.43;0;582.43;435.2;94.992;41.317;10.914;0.7472;0.0897;0;0.0187;567.34;15.091;0;0;4.8418;10.25;559.36;7.4051;5.0168;1.095;1.2592;0.0341;566.77;0.5673;0.4352;0.095;0.0365;0.0007;561.53;429.75;93.802;35.18;0.6296;105.7;91.006;24.243;5.7701;1.1268;16.209;2.1678;11.565;0;1;0;0;1.703;0.9741;1;1;0.8828;0.0609;0.9869;0.9885;1;0.9654;0.9486;0.999;0.999;1;0.999;0.999;0.9604;0.8515;0.0577;1.749;1.7254;0.0104;0.0034;0.0765;0.0114;0.0406;0.0031;0;0;0.088;0;1.4277;0;0;0;0;0;0;0;0;0;0;0;0;0.0327;0.0069;1.5404;1.5404;0;37.626;37.626;22.876;0.0409;1483.9;1038.1;1;0.0247;0.0247;0;0;0;0;0;0;1.5157;1.4277;0;16.778;19.429;15.55;18.007;98.395;98.395;13.978;12.311;11.41;1.667;0.9009;0.1193;0.0644;0.8163;34.761;0.7996;0
20/06/21 15:00;13.016;48.566;56.892;17.136;28.473;90;28.473;186.91;104.1;82.804;14.38;0.7001;0;200.82;70.622;70.176;0;1.5825;343.2;0;343.2;200.82;70.176;70.622;1.5825;0.5851;0.2104;0;0.0046;338.93;4.274;0;0;2.8933;1.3807;329.29;9.2974;5.2201;1.8241;2.2155;0.0377;338.59;0.3389;0.2008;0.0702;0.0677;0.0002;329.49;195.4;68.281;65.446;0.1639;46.618;40.138;10.439;0.8922;0.406;5.8402;0.1928;5.354;0;1;0;0;1.8362;0.9875;1;1;0.959;0.1275;0.9725;0.974;1;0.9673;0.8129;0.999;0.999;1;0.999;0.999;0.9595;0.9267;0.1036;1.0306;1.0047;0.006;0.0134;0.0099;0.0068;0.0242;0.0011;0;0;0.088;0;0.8179;0;0;0;0;0;0;0;0;0;0;0;0;0.0195;0.0026;0.9211;0.9211;0;27.774;27.774;13.394;0.0407;861.09;1069.7;1;0.0153;0.0153;0;0;0;0;0;0;0.9059;0.8179;0;17.026;19.715;15.117;17.505;98.343;98.343;8.2369;7.3617;6.5364;0.8752;0.8253;0.1063;0.1002;0.7935;46.071;0.7836;0
20/06/21 16:00;4.1983;57.367;79.773;4.9816;7.176;90;7.176;25.493;24.998;0.4948;13.64;1.32;0;1.2;24.773;0.3098;0;0.014;26.296;0;26.296;1.2;0.3098;24.773;0.014;0.0456;0.9426;0;0.0005;26.181;0.1158;0;0;0.1041;0.0117;24.634;1.5203;0.3753;0.0969;1.0476;0.0005;26.155;0.0262;0.0012;0.0003;0.0247;0;24.636;0.8235;0.2126;23.596;0.0018;14.764;12.712;3.1253;0.0018;0.1221;1.7562;0.0017;1.8765;0;1;0;0;1.0315;0.9956;1;1;0.9958;0.1644;0.9419;0.6869;1;0.9575;0.7755;0.999;0.999;1;0.999;0.999;0.9368;0.9525;0.1274;0.079;0.0779;0.0005;0.0099;-0.003;0.0005;0.0017;0.0003;0;0;0.088;0;-0.0252;0;0;0;0;0;0;0;0;0;0;0;0;0.0014;0.0001;0.0664;0.0664;0;14.659;14.659;1.0184;0.0413;64.918;1023.3;1;0.0037;0.0037;0;0;0;0;0;0;0.0628;-0.0252;0;16.026;18.557;-6.0882;-7.05;94.477;94.477;0.6311;0.5309;-0.2017;0.1002;0.7326;0.1588;1.1608;0;14.761;0;0
20/06/21 17:00;0;0;90;0;0;90;0;0;0;0;6.9899;1.65;0;0;0;0;0;0;0;0;0;0;0;0;0;1;1;1;1;0;0;0;0;0;0;0;0;0;0;0;0;0;0;0;0;0;0;0;0;0;0;0;0;0;0;0;0;0;0;0;0;0;0;0;1;1;1;1;1;1;1;1;1;1;1;1;1;1;1;1;1;1;1;0;0;0;0;0;0;0;0;0;0.0004;0.088;0;-0.0884;0;0;0;0;0;0;0;0;0;0;0;0;0;0;0;0;0;0;0;-6.9899;0;0;0;0;0.0004;0;0;0;0;0;0;0;-0.0004;-0.0884;0;0;0;0;0;0;0;0;0;-0.7063;0;0.7063;1;1;0;0;0;0
20/06/21 18:00;0;0;90;0;0;90;0;0;0;0;5.1898;1.72;0;0;0;0;0;0;0;0;0;0;0;0;0;1;1;1;1;0;0;0;0;0;0;0;0;0;0;0;0;0;0;0;0;0;0;0;0;0;0;0;0;0;0;0;0;0;0;0;0;0;0;0;1;1;1;1;1;1;1;1;1;1;1;1;1;1;1;1;1;1;1;0;0;0;0;0;0;0;0;0;0.0004;0.088;0;-0.0884;0;0;0;0;0;0;0;0;0;0;0;0;0;0;0;0;0;0;0;-5.1898;0;0;0;0;0.0004;0;0;0;0;0;0;0;-0.0004;-0.0884;0;0;0;0;0;0;0;0;0;-0.7063;0;0.7063;1;1;0;0;0;0
20/06/21 19:00;0;0;90;0;0;90;0;0;0;0;4.7703;1.73;0;0;0;0;0;0;0;0;0;0;0;0;0;1;1;1;1;0;0;0;0;0;0;0;0;0;0;0;0;0;0;0;0;0;0;0;0;0;0;0;0;0;0;0;0;0;0;0;0;0;0;0;1;1;1;1;1;1;1;1;1;1;1;1;1;1;1;1;1;1;1;0;0;0;0;0;0;0;0;0;0.0004;0.088;0;-0.0884;0;0;0;0;0;0;0;0;0;0;0;0;0;0;0;0;0;0;0;-4.7703;0;0;0;0;0.0004;0;0;0;0;0;0;0;-0.0004;-0.0884;0;0;0;0;0;0;0;0;0;-0.7063;0;0.7063;1;1;0;0;0;0
20/06/21 20:00;0;0;90;0;0;90;0;0;0;0;3;1.78;0;0;0;0;0;0;0;0;0;0;0;0;0;1;1;1;1;0;0;0;0;0;0;0;0;0;0;0;0;0;0;0;0;0;0;0;0;0;0;0;0;0;0;0;0;0;0;0;0;0;0;0;1;1;1;1;1;1;1;1;1;1;1;1;1;1;1;1;1;1;1;0;0;0;0;0;0;0;0;0;0.0004;0.088;0;-0.0884;0;0;0;0;0;0;0;0;0;0;0;0;0;0;0;0;0;0;0;-3;0;0;0;0;0.0004;0;0;0;0;0;0;0;-0.0004;-0.0884;0;0;0;0;0;0;0;0;0;-0.7063;0;0.7063;1;1;0;0;0;0
20/06/21 21:00;0;0;90;0;0;90;0;0;0;0;2.78;1.86;0;0;0;0;0;0;0;0;0;0;0;0;0;1;1;1;1;0;0;0;0;0;0;0;0;0;0;0;0;0;0;0;0;0;0;0;0;0;0;0;0;0;0;0;0;0;0;0;0;0;0;0;1;1;1;1;1;1;1;1;1;1;1;1;1;1;1;1;1;1;1;0;0;0;0;0;0;0;0;0;0.0004;0.088;0;-0.0884;0;0;0;0;0;0;0;0;0;0;0;0;0;0;0;0;0;0;0;-2.78;0;0;0;0;0.0004;0;0;0;0;0;0;0;-0.0004;-0.0884;0;0;0;0;0;0;0;0;0;-0.7063;0;0.7063;1;1;0;0;0;0
20/06/21 22:00;0;0;90;0;0;90;0;0;0;0;2.9003;2.0099;0;0;0;0;0;0;0;0;0;0;0;0;0;1;1;1;1;0;0;0;0;0;0;0;0;0;0;0;0;0;0;0;0;0;0;0;0;0;0;0;0;0;0;0;0;0;0;0;0;0;0;0;1;1;1;1;1;1;1;1;1;1;1;1;1;1;1;1;1;1;1;0;0;0;0;0;0;0;0;0;0.0004;0.088;0;-0.0884;0;0;0;0;0;0;0;0;0;0;0;0;0;0;0;0;0;0;0;-2.9003;0;0;0;0;0.0004;0;0;0;0;0;0;0;-0.0004;-0.0884;0;0;0;0;0;0;0;0;0;-0.7063;0;0.7063;1;1;0;0;0;0
20/06/21 23:00;0;0;90;0;0;90;0;0;0;0;2.06;2.35;0;0;0;0;0;0;0;0;0;0;0;0;0;1;1;1;1;0;0;0;0;0;0;0;0;0;0;0;0;0;0;0;0;0;0;0;0;0;0;0;0;0;0;0;0;0;0;0;0;0;0;0;1;1;1;1;1;1;1;1;1;1;1;1;1;1;1;1;1;1;1;0;0;0;0;0;0;0;0;0;0.0004;0.088;0;-0.0884;0;0;0;0;0;0;0;0;0;0;0;0;0;0;0;0;0;0;0;-2.06;0;0;0;0;0.0004;0;0;0;0;0;0;0;-0.0004;-0.0884;0;0;0;0;0;0;0;0;0;-0.7063;0;0.7063;1;1;0;0;0;0
21/06/21 00:00;0;0;90;0;0;90;0;0;0;0;1.0203;2.68;0;0;0;0;0;0;0;0;0;0;0;0;0;1;1;1;1;0;0;0;0;0;0;0;0;0;0;0;0;0;0;0;0;0;0;0;0;0;0;0;0;0;0;0;0;0;0;0;0;0;0;0;1;1;1;1;1;1;1;1;1;1;1;1;1;1;1;1;1;1;1;0;0;0;0;0;0;0;0;0;0.0004;0.088;0;-0.0884;0;0;0;0;0;0;0;0;0;0;0;0;0;0;0;0;0;0;0;-1.0203;0;0;0;0;0.0004;0;0;0;0;0;0;0;-0.0004;-0.0884;0;0;0;0;0;0;0;0;0;-0.7063;0;0.7063;1;1;0;0;0;0
21/06/21 01:00;0;0;90;0;0;90;0;0;0;0;0.2499;2.92;0;0;0;0;0;0;0;0;0;0;0;0;0;1;1;1;1;0;0;0;0;0;0;0;0;0;0;0;0;0;0;0;0;0;0;0;0;0;0;0;0;0;0;0;0;0;0;0;0;0;0;0;1;1;1;1;1;1;1;1;1;1;1;1;1;1;1;1;1;1;1;0;0;0;0;0;0;0;0;0;0.0004;0.088;0;-0.0884;0;0;0;0;0;0;0;0;0;0;0;0;0;0;0;0;0;0;0;-0.2499;0;0;0;0;0.0004;0;0;0;0;0;0;0;-0.0004;-0.0884;0;0;0;0;0;0;0;0;0;-0.7063;0;0.7063;1;1;0;0;0;0
21/06/21 02:00;0;0;90;0;0;90;0;0;0;0;1.1899;3.05;0;0;0;0;0;0;0;0;0;0;0;0;0;1;1;1;1;0;0;0;0;0;0;0;0;0;0;0;0;0;0;0;0;0;0;0;0;0;0;0;0;0;0;0;0;0;0;0;0;0;0;0;1;1;1;1;1;1;1;1;1;1;1;1;1;1;1;1;1;1;1;0;0;0;0;0;0;0;0;0;0.0004;0.088;0;-0.0884;0;0;0;0;0;0;0;0;0;0;0;0;0;0;0;0;0;0;0;-1.1899;0;0;0;0;0.0004;0;0;0;0;0;0;0;-0.0004;-0.0884;0;0;0;0;0;0;0;0;0;-0.7063;0;0.7063;1;1;0;0;0;0
21/06/21 03:00;0;0;90;0;0;90;0;0;0;0;0.65;3.1099;0;0;0;0;0;0;0;0;0;0;0;0;0;1;1;1;1;0;0;0;0;0;0;0;0;0;0;0;0;0;0;0;0;0;0;0;0;0;0;0;0;0;0;0;0;0;0;0;0;0;0;0;1;1;1;1;1;1;1;1;1;1;1;1;1;1;1;1;1;1;1;0;0;0;0;0;0;0;0;0;0.0004;0.088;0;-0.0884;0;0;0;0;0;0;0;0;0;0;0;0;0;0;0;0;0;0;0;-0.65;0;0;0;0;0.0004;0;0;0;0;0;0;0;-0.0004;-0.0884;0;0;0;0;0;0;0;0;0;-0.7063;0;0.7063;1;1;0;0;0;0
21/06/21 04:00;0;0;90;0;0;90;0;0;0;0;-0.0001;3.1199;0;0;0;0;0;0;0;0;0;0;0;0;0;1;1;1;1;0;0;0;0;0;0;0;0;0;0;0;0;0;0;0;0;0;0;0;0;0;0;0;0;0;0;0;0;0;0;0;0;0;0;0;1;1;1;1;1;1;1;1;1;1;1;1;1;1;1;1;1;1;1;0;0;0;0;0;0;0;0;0;0.0004;0.088;0;-0.0884;0;0;0;0;0;0;0;0;0;0;0;0;0;0;0;0;0;0;0;0.0001;0;0;0;0;0.0004;0;0;0;0;0;0;0;-0.0004;-0.0884;0;0;0;0;0;0;0;0;0;-0.7063;0;0.7063;1;1;0;0;0;0
21/06/21 05:00;0;0;90;0;0;90;0;0;0;0;-0.4801;3.1099;0;0;0;0;0;0;0;0;0;0;0;0;0;1;1;1;1;0;0;0;0;0;0;0;0;0;0;0;0;0;0;0;0;0;0;0;0;0;0;0;0;0;0;0;0;0;0;0;0;0;0;0;1;1;1;1;1;1;1;1;1;1;1;1;1;1;1;1;1;1;1;0;0;0;0;0;0;0;0;0;0.0004;0.088;0;-0.0884;0;0;0;0;0;0;0;0;0;0;0;0;0;0;0;0;0;0;0;0.4801;0;0;0;0;0.0004;0;0;0;0;0;0;0;-0.0004;-0.0884;0;0;0;0;0;0;0;0;0;-0.7063;0;0.7063;1;1;0;0;0;0
21/06/21 06:00;0;0;90;0;0;90;0;0;0;0;-0.1297;3.1001;0;0;0;0;0;0;0;0;0;0;0;0;0;1;1;1;1;0;0;0;0;0;0;0;0;0;0;0;0;0;0;0;0;0;0;0;0;0;0;0;0;0;0;0;0;0;0;0;0;0;0;0;1;1;1;1;1;1;1;1;1;1;1;1;1;1;1;1;1;1;1;0;0;0;0;0;0;0;0;0;0.0004;0.088;0;-0.0884;0;0;0;0;0;0;0;0;0;0;0;0;0;0;0;0;0;0;0;0.1297;0;0;0;0;0.0004;0;0;0;0;0;0;0;-0.0004;-0.0884;0;0;0;0;0;0;0;0;0;-0.7063;0;0.7063;1;1;0;0;0;0
21/06/21 07:00;4.3515;-57.231;79.396;5.1709;7.4549;-90;-7.4549;51.903;16.803;35.1;0.4101;4.0601;0;85.128;10.88;14.254;0;0.0307;110.29;0;110.29;85.128;14.254;10.88;0.0307;0.7718;0.0989;0;0.0003;110.22;0.0741;0;0;0.0485;0.0256;79.852;30.256;25.523;4.2734;0.4583;0.0011;110.11;0.1102;0.0851;0.0143;0.0108;0;79.853;59.52;9.9659;10.362;0.0039;6.6869;5.7574;1.4411;0.0009;0.0536;0.7715;0.0008;0.8242;0;1;0;0;2.125;0.9993;1;1;0.9955;0.1654;0.7252;0.6999;1;0.9576;0.7758;0.999;0.999;1;0.999;0.999;0.724;0.9524;0.1282;0.3312;0.2421;0.0015;0.0161;-0.0188;0.0017;0.006;0.0002;0;0;0.088;0;0.135;0;0;0;0;0;0;0;0;0;0;0;0;0.0049;0.0003;0.2303;0.2303;0;3.6319;3.6319;3.2218;0.0403;205.36;1121.5;1;0.0073;0.0073;0;0;0;0;0;0;0.223;0.135;0;13.247;15.34;7.7656;8.9924;96.829;96.829;2.647;1.8407;1.079;0.8063;0.7617;0.3046;0.2877;0.4076;6.4861;0.4055;0
21/06/21 08:00;13.304;-48.233;56.074;17.591;29.545;-90;-29.545;185.7;42.599;143.1;3.47;3.72;0;347.05;21.104;48.572;0;1.6902;418.42;0;418.42;347.05;48.572;21.104;1.6902;0.8294;0.0545;0;0.004;416.02;2.3939;0;0;0.9155;1.4784;405.56;10.043;8.1996;1.1476;0.6579;0.038;415.61;0.416;0.3471;0.0486;0.0202;0.0002;405.64;338.5;47.376;19.511;0.1737;14.666;12.627;3.0152;0.3035;0.1467;2.11;0.0782;1.9532;0;1;0;0;2.2532;0.9943;1;1;0.9566;0.1253;0.9758;0.9763;1;0.9674;0.8206;0.999;0.999;1;0.999;0.999;0.9693;0.9245;0.1027;1.2565;1.2262;0.0074;0.0102;-0.0222;0.0086;0.0306;0.0004;0;0;0.088;0;1.0554;0;0;0;0;0;0;0;0;0;0;0;0;0.0246;0.0037;1.163;1.163;0;19.837;19.837;16.367;0.0404;1049.6;1108;1;0.0195;0.0195;0;0;0;0;0;0;1.1434;1.0554;0;17.632;20.417;16.002;18.53;98.321;98.321;10.042;9.2945;8.4351;0.7475;0.8594;0.0744;0.0856;0.84;13.866;0.8368;0
21/06/21 09:00;21.6;-36.715;48.187;33.515;56.485;-90;-56.485;342.3;61.697;280.61;6.8497;3.5801;0;508.2;20.287;64.395;0;10.731;603.61;0;603.61;508.2;64.395;20.287;10.731;0.8419;0.0514;0;0.0178;591.22;12.394;0;0;2.3392;10.055;583.3;7.3264;5.9262;0.7509;0.6171;0.0323;590.63;0.5912;0.5082;0.0644;0.0179;0.0007;585.3;501.76;63.58;17.312;0.6431;98.195;84.546;21.709;2.7385;0.9293;13.367;2.0035;11.558;0;1;0;0;1.7634;0.9795;1;1;0.8847;0.063;0.9876;0.9883;1;0.9656;0.9522;0.999;0.999;1;0.999;0.999;0.9663;0.8534;0.0599;1.8126;1.791;0.0108;0.0026;0.0348;0.0122;0.0433;0.0026;0;0;0.088;0;1.5274;0;0;0;0;0;0;0;0;0;0;0;0;0.0348;0.0074;1.6426;1.6426;0;30.561;30.561;23.712;0.0407;1539.2;1067.2;1;0.0272;0.0272;0;0;0;0;0;0;1.6154;1.5274;0;17.263;19.99;16.052;18.588;98.343;98.343;14.487;13.128;12.207;1.3591;0.9209;0.0938;0.0636;0.8426;16.966;0.8289;0
21/06/21 10:00;27.739;-23.152;54.469;53.217;36.783;-90;-36.783;465.61;77.103;388.5;9.5699;3.6501;0;485.08;25.613;60.754;0;6.489;577.94;0;577.94;485.08;60.754;25.613;6.489;0.8393;0.0555;0;0.0112;570.49;7.4435;0;0;1.5701;5.8734;558.33;11.59;9.5435;1.1953;0.7751;0.0759;569.92;0.5705;0.4851;0.0608;0.024;0.0006;560.15;475.05;59.498;23.244;0.539;230.97;198.86;52.359;0.7842;1.7337;24.939;1.8177;25.888;0;1;0;0;1.2413;0.9871;1;1;0.9387;0.0949;0.9797;0.9803;1;0.9677;0.8765;0.999;0.999;1;0.999;0.999;0.9661;0.9075;0.0831;1.7355;1.7397;0.0105;0.0032;0.0445;0.0118;0.0417;0.0048;0;0;0.088;0;1.4687;0;0;0;0;0;0;0;0;0;0;0;0;0.0336;0.007;1.5826;1.5826;0;32.303;32.303;22.733;0.0407;1494.4;1059.1;1;0.0259;0.0259;0;0;0;0;0;0;1.5567;1.4687;0;17.371;20.116;16.121;18.668;98.363;98.363;13.87;12.648;11.738;1.2223;0.9104;0.0881;0.0656;0.8462;17.762;0.8198;0
21/06/21 11:00;31.027;-7.8072;58.101;77.274;12.726;-90;-12.726;514.8;89.502;425.29;12.58;3.06;0;436;33.255;57.24;0;0.8852;527.38;0;527.38;436;57.24;33.255;0.8852;0.8267;0.0647;0;0.0017;526.28;1.0986;0;0;0.3608;0.7378;509.66;16.098;13.064;1.715;1.2866;0.0331;525.76;0.5263;0.436;0.0572;0.0329;0.0001;509.85;422.5;55.467;31.575;0.1141;298.83;257.3;67.114;0.024;2.2197;31.929;0.1854;34.125;0;1;0;0;1.0245;0.9979;1;1;0.9892;0.1665;0.9694;0.97;1;0.9608;0.7753;0.999;0.999;1;0.999;0.999;0.9664;0.9495;0.1289;1.5837;1.6029;0.0096;0.0049;0.0471;0.0108;0.0383;0.0061;0;0;0.088;0;1.3381;0;0;0;0;0;0;0;0;0;0;0;0;0.0308;0.006;1.4493;1.4493;0;33.357;33.357;20.777;0.0408;1376.2;1053.1;1;0.0232;0.0232;0;0;0;0;0;0;1.4261;1.3381;0;17.433;20.187;16.095;18.637;98.397;98.397;12.657;11.583;10.694;1.0745;0.8889;0.0849;0.0702;0.8449;20.085;0.8082;0
21/06/21 12:00;30.979;8.2558;58.046;76.549;13.451;90;13.451;515.69;94.697;421;14.04;2.3999;0;432.87;35.642;60.211;0;0.9902;529.71;0;529.71;432.87;60.211;35.642;0.9902;0.8172;0.0692;0;0.0019;528.46;1.2527;0;0;0.4256;0.827;511.86;16.076;12.886;1.7924;1.3608;0.0367;527.93;0.5285;0.4329;0.0602;0.0352;0.0002;512.08;419.55;58.359;33.82;0.1263;298.82;257.28;65.879;0.0314;2.3001;33.086;0.2195;35.355;0;1;0;0;1.0272;0.9976;1;1;0.9881;0.1648;0.9695;0.9702;1;0.9613;0.7748;0.999;0.999;1;0.999;0.999;0.9663;0.9489;0.1275;1.5907;1.6121;0.0097;0.0048;0.0563;0.0108;0.0383;0.0063;0;0;0.088;0;1.3379;0;0;0;0;0;0;0;0;0;0;0;0;0.0308;0.0061;1.449;1.449;0;34.934;34.934;20.894;0.0408;1384.4;1046.7;1;0.0231;0.0231;0;0;0;0;0;0;1.4259;1.3379;0;17.353;20.094;16.022;18.553;98.405;98.405;12.713;11.58;10.693;1.1326;0.888;0.0891;0.0698;0.8411;21.575;0.8035;0
21/06/21 13:00;27.602;23.561;54.322;52.601;37.399;90;37.399;456.41;98.402;358;14.8;1.89;0;450.65;36.711;72.362;0;6.5679;566.29;0;566.29;450.65;72.362;36.711;6.5679;0.7958;0.0764;0;0.0116;558;8.2888;0;0;2.3132;5.9757;546.14;11.303;8.7229;1.4007;1.1091;0.0705;557.44;0.558;0.4506;0.0724;0.0344;0.0006;547.99;441.47;70.889;33.254;0.5212;226.49;195;51.381;1.189;1.7248;24.811;1.8555;25.347;0;1;0;0;1.2408;0.9854;1;1;0.937;0.0902;0.9797;0.9806;1;0.9677;0.8808;0.999;0.999;1;0.999;0.999;0.9644;0.9058;0.0793;1.7006;1.7028;0.0103;0.0037;0.0726;0.0113;0.0401;0.0047;0;0;0.088;0;1.4088;0;0;0;0;0;0;0;0;0;0;0;0;0.0323;0.0067;1.5212;1.5212;0;37.128;37.128;22.328;0.0409;1463.6;1039.3;1;0.0244;0.0244;0;0;0;0;0;0;1.4968;1.4088;0;17.04;19.732;15.781;18.274;98.398;98.398;13.591;12.157;11.259;1.4339;0.8981;0.1055;0.0661;0.8284;25.586;0.8021;0
21/06/21 14:00;21.393;37.067;47.984;33.022;56.978;90;56.978;339.61;107.9;231.71;14.9;1.3599;0;425.19;43.32;95.095;0;10.818;574.42;0;574.42;425.19;95.095;43.32;10.818;0.7402;0.0942;0;0.0188;559.19;15.228;0;0;5.0688;10.159;551.27;7.3589;4.9077;1.0976;1.32;0.0336;558.63;0.5592;0.4252;0.0951;0.0383;0.0007;553.45;419.85;93.902;36.893;0.6241;106.48;91.68;24.503;6.0275;1.1439;16.454;2.1726;11.57;0;1;0;0;1.6914;0.9735;1;1;0.883;0.0609;0.9868;0.9884;1;0.9655;0.9489;0.999;0.999;1;0.999;0.999;0.9597;0.8516;0.0577;1.725;1.7016;0.0102;0.0037;0.0744;0.0113;0.04;0.0031;0;0;0.088;0;1.4075;0;0;0;0;0;0;0;0;0;0;0;0;0.0323;0.0067;1.5198;1.5198;0;37.443;37.443;22.543;0.0409;1463.3;1038.6;1;0.0243;0.0243;0;0;0;0;0;0;1.4955;1.4075;0;16.785;19.436;15.544;18;98.399;98.399;13.786;12.147;11.249;1.6394;0.8978;0.1189;0.0651;0.816;36.422;0.7988;0
21/06/21 15:00;13.046;48.53;56.806;17.184;28.585;90;28.585;186.5;104.8;81.695;14.6;0.85;0;198.13;71.486;69.548;0;1.5912;340.76;0;340.76;198.13;69.548;71.486;1.5912;0.5814;0.2145;0;0.0047;336.42;4.3362;0;0;2.9471;1.3891;326.92;9.1665;5.0983;1.7896;2.241;0.0377;336.09;0.3364;0.1981;0.0695;0.0685;0.0002;327.13;192.84;67.688;66.229;0.1643;47.209;40.647;10.314;0.9155;0.4287;6.1661;0.2062;5.6792;0;1;0;0;1.8272;0.9873;1;1;0.9588;0.1271;0.9727;0.9742;1;0.9673;0.8135;0.999;0.999;1;0.999;0.999;0.9594;0.9265;0.1033;1.0233;0.9983;0.006;0.0134;0.0103;0.0068;0.024;0.0012;0;0;0.088;0;0.8114;0;0;0;0;0;0;0;0;0;0;0;0;0.0194;0.0025;0.9146;0.9146;0;27.9;27.9;13.299;0.0407;855.57;1069;1;0.0152;0.0152;0;0;0;0;0;0;0.8994;0.8114;0;17.026;19.716;15.106;17.492;98.343;98.343;8.1782;7.3095;6.485;0.8688;0.8244;0.1062;0.1008;0.793;46.669;0.7824;0
21/06/21 16:00;4.2329;57.336;79.688;5.0244;7.2389;90;7.2389;25.2;24.798;0.4013;13.05;0.75;0;0.9732;24.598;0.2472;0;0.0141;25.832;0;25.832;0.9732;0.2472;24.598;0.0141;0.0377;0.9528;0;0.0005;25.716;0.1166;0;0;0.1048;0.0117;24.272;1.4179;0.3015;0.0766;1.0393;0.0005;25.69;0.0257;0.001;0.0002;0.0245;0;24.274;0.6708;0.1704;23.429;0.0018;14.661;12.623;3.1035;0.0019;0.1212;1.7439;0.0017;1.8633;0;1;0;0;1.0251;0.9955;1;1;0.9957;0.1644;0.9448;0.6899;1;0.9575;0.7755;0.999;0.999;1;0.999;0.999;0.9396;0.9525;0.1274;0.0776;0.0768;0.0005;0.0099;-0.0031;0.0005;0.0017;0.0003;0;0;0.088;0;-0.0261;0;0;0;0;0;0;0;0;0;0;0;0;0.0014;0.0001;0.0656;0.0656;0;14.053;14.053;1.0032;0.0413;63.953;1025.3;1;0.0037;0.0037;0;0;0;0;0;0;0.0619;-0.0261;0;16.102;18.646;-6.4057;-7.4177;94.424;94.424;0.62;0.524;-0.2085;0.0959;0.7325;0.1547;1.1815;0;14.659;0;0
21/06/21 17:00;0;0;90;0;0;90;0;0;0;0;8.7403;0.85;0;0;0;0;0;0;0;0;0;0;0;0;0;1;1;1;1;0;0;0;0;0;0;0;0;0;0;0;0;0;0;0;0;0;0;0;0;0;0;0;0;0;0;0;0;0;0;0;0;0;0;0;1;1;1;1;1;1;1;1;1;1;1;1;1;1;1;1;1;1;1;0;0;0;0;0;0;0;0;0;0.0004;0.088;0;-0.0884;0;0;0;0;0;0;0;0;0;0;0;0;0;0;0;0;0;0;0;-8.7403;0;0;0;0;0.0004;0;0;0;0;0;0;0;-0.0004;-0.0884;0;0;0;0;0;0;0;0;0;-0.7063;0;0.7063;1;1;0;0;0;0
21/06/21 18:00;0;0;90;0;0;90;0;0;0;0;6.28;1.1901;0;0;0;0;0;0;0;0;0;0;0;0;0;1;1;1;1;0;0;0;0;0;0;0;0;0;0;0;0;0;0;0;0;0;0;0;0;0;0;0;0;0;0;0;0;0;0;0;0;0;0;0;1;1;1;1;1;1;1;1;1;1;1;1;1;1;1;1;1;1;1;0;0;0;0;0;0;0;0;0;0.0004;0.088;0;-0.0884;0;0;0;0;0;0;0;0;0;0;0;0;0;0;0;0;0;0;0;-6.28;0;0;0;0;0.0004;0;0;0;0;0;0;0;-0.0004;-0.0884;0;0;0;0;0;0;0;0;0;-0.7063;0;0.7063;1;1;0;0;0;0
21/06/21 19:00;0;0;90;0;0;90;0;0;0;0;4.64;1.72;0;0;0;0;0;0;0;0;0;0;0;0;0;1;1;1;1;0;0;0;0;0;0;0;0;0;0;0;0;0;0;0;0;0;0;0;0;0;0;0;0;0;0;0;0;0;0;0;0;0;0;0;1;1;1;1;1;1;1;1;1;1;1;1;1;1;1;1;1;1;1;0;0;0;0;0;0;0;0;0;0.0004;0.088;0;-0.0884;0;0;0;0;0;0;0;0;0;0;0;0;0;0;0;0;0;0;0;-4.64;0;0;0;0;0.0004;0;0;0;0;0;0;0;-0.0004;-0.0884;0;0;0;0;0;0;0;0;0;-0.7063;0;0.7063;1;1;0;0;0;0
21/06/21 20:00;0;0;90;0;0;90;0;0;0;0;3.72;2.3199;0;0;0;0;0;0;0;0;0;0;0;0;0;1;1;1;1;0;0;0;0;0;0;0;0;0;0;0;0;0;0;0;0;0;0;0;0;0;0;0;0;0;0;0;0;0;0;0;0;0;0;0;1;1;1;1;1;1;1;1;1;1;1;1;1;1;1;1;1;1;1;0;0;0;0;0;0;0;0;0;0.0004;0.088;0;-0.0884;0;0;0;0;0;0;0;0;0;0;0;0;0;0;0;0;0;0;0;-3.72;0;0;0;0;0.0004;0;0;0;0;0;0;0;-0.0004;-0.0884;0;0;0;0;0;0;0;0;0;-0.7063;0;0.7063;1;1;0;0;0;0
21/06/21 21:00;0;0;90;0;0;90;0;0;0;0;3.7;2.8699;0;0;0;0;0;0;0;0;0;0;0;0;0;1;1;1;1;0;0;0;0;0;0;0;0;0;0;0;0;0;0;0;0;0;0;0;0;0;0;0;0;0;0;0;0;0;0;0;0;0;0;0;1;1;1;1;1;1;1;1;1;1;1;1;1;1;1;1;1;1;1;0;0;0;0;0;0;0;0;0;0.0004;0.088;0;-0.0884;0;0;0;0;0;0;0;0;0;0;0;0;0;0;0;0;0;0;0;-3.7;0;0;0;0;0.0004;0;0;0;0;0;0;0;-0.0004;-0.0884;0;0;0;0;0;0;0;0;0;-0.7063;0;0.7063;1;1;0;0;0;0
21/06/21 22:00;0;0;90;0;0;90;0;0;0;0;4.7397;3.15;0;0;0;0;0;0;0;0;0;0;0;0;0;1;1;1;1;0;0;0;0;0;0;0;0;0;0;0;0;0;0;0;0;0;0;0;0;0;0;0;0;0;0;0;0;0;0;0;0;0;0;0;1;1;1;1;1;1;1;1;1;1;1;1;1;1;1;1;1;1;1;0;0;0;0;0;0;0;0;0;0.0004;0.088;0;-0.0884;0;0;0;0;0;0;0;0;0;0;0;0;0;0;0;0;0;0;0;-4.7397;0;0;0;0;0.0004;0;0;0;0;0;0;0;-0.0004;-0.0884;0;0;0;0;0;0;0;0;0;-0.7063;0;0.7063;1;1;0;0;0;0
21/06/21 23:00;0;0;90;0;0;90;0;0;0;0;4.8102;3.14;0;0;0;0;0;0;0;0;0;0;0;0;0;1;1;1;1;0;0;0;0;0;0;0;0;0;0;0;0;0;0;0;0;0;0;0;0;0;0;0;0;0;0;0;0;0;0;0;0;0;0;0;1;1;1;1;1;1;1;1;1;1;1;1;1;1;1;1;1;1;1;0;0;0;0;0;0;0;0;0;0.0004;0.088;0;-0.0884;0;0;0;0;0;0;0;0;0;0;0;0;0;0;0;0;0;0;0;-4.8102;0;0;0;0;0.0004;0;0;0;0;0;0;0;-0.0004;-0.0884;0;0;0;0;0;0;0;0;0;-0.7063;0;0.7063;1;1;0;0;0;0
22/06/21 00:00;0;0;90;0;0;90;0;0;0;0;2.8903;3.1701;0;0;0;0;0;0;0;0;0;0;0;0;0;1;1;1;1;0;0;0;0;0;0;0;0;0;0;0;0;0;0;0;0;0;0;0;0;0;0;0;0;0;0;0;0;0;0;0;0;0;0;0;1;1;1;1;1;1;1;1;1;1;1;1;1;1;1;1;1;1;1;0;0;0;0;0;0;0;0;0;0.0004;0.088;0;-0.0884;0;0;0;0;0;0;0;0;0;0;0;0;0;0;0;0;0;0;0;-2.8903;0;0;0;0;0.0004;0;0;0;0;0;0;0;-0.0004;-0.0884;0;0;0;0;0;0;0;0;0;-0.7063;0;0.7063;1;1;0;0;0;0
22/06/21 01:00;0;0;90;0;0;90;0;0;0;0;1.5701;3.48;0;0;0;0;0;0;0;0;0;0;0;0;0;1;1;1;1;0;0;0;0;0;0;0;0;0;0;0;0;0;0;0;0;0;0;0;0;0;0;0;0;0;0;0;0;0;0;0;0;0;0;0;1;1;1;1;1;1;1;1;1;1;1;1;1;1;1;1;1;1;1;0;0;0;0;0;0;0;0;0;0.0004;0.088;0;-0.0884;0;0;0;0;0;0;0;0;0;0;0;0;0;0;0;0;0;0;0;-1.5701;0;0;0;0;0.0004;0;0;0;0;0;0;0;-0.0004;-0.0884;0;0;0;0;0;0;0;0;0;-0.7063;0;0.7063;1;1;0;0;0;0
22/06/21 02:00;0;0;90;0;0;90;0;0;0;0;2.3798;4.3999;0;0;0;0;0;0;0;0;0;0;0;0;0;1;1;1;1;0;0;0;0;0;0;0;0;0;0;0;0;0;0;0;0;0;0;0;0;0;0;0;0;0;0;0;0;0;0;0;0;0;0;0;1;1;1;1;1;1;1;1;1;1;1;1;1;1;1;1;1;1;1;0;0;0;0;0;0;0;0;0;0.0004;0.088;0;-0.0884;0;0;0;0;0;0;0;0;0;0;0;0;0;0;0;0;0;0;0;-2.3798;0;0;0;0;0.0004;0;0;0;0;0;0;0;-0.0004;-0.0884;0;0;0;0;0;0;0;0;0;-0.7063;0;0.7063;1;1;0;0;0;0
22/06/21 03:00;0;0;90;0;0;90;0;0;0;0;2.9202;4.5399;0;0;0;0;0;0;0;0;0;0;0;0;0;1;1;1;1;0;0;0;0;0;0;0;0;0;0;0;0;0;0;0;0;0;0;0;0;0;0;0;0;0;0;0;0;0;0;0;0;0;0;0;1;1;1;1;1;1;1;1;1;1;1;1;1;1;1;1;1;1;1;0;0;0;0;0;0;0;0;0;0.0004;0.088;0;-0.0884;0;0;0;0;0;0;0;0;0;0;0;0;0;0;0;0;0;0;0;-2.9202;0;0;0;0;0.0004;0;0;0;0;0;0;0;-0.0004;-0.0884;0;0;0;0;0;0;0;0;0;-0.7063;0;0.7063;1;1;0;0;0;0
22/06/21 04:00;0;0;90;0;0;90;0;0;0;0;4.41;4.36;0;0;0;0;0;0;0;0;0;0;0;0;0;1;1;1;1;0;0;0;0;0;0;0;0;0;0;0;0;0;0;0;0;0;0;0;0;0;0;0;0;0;0;0;0;0;0;0;0;0;0;0;1;1;1;1;1;1;1;1;1;1;1;1;1;1;1;1;1;1;1;0;0;0;0;0;0;0;0;0;0.0004;0.088;0;-0.0884;0;0;0;0;0;0;0;0;0;0;0;0;0;0;0;0;0;0;0;-4.41;0;0;0;0;0.0004;0;0;0;0;0;0;0;-0.0004;-0.0884;0;0;0;0;0;0;0;0;0;-0.7063;0;0.7063;1;1;0;0;0;0
22/06/21 05:00;0;0;90;0;0;90;0;0;0;0;2.0999;4.2101;0;0;0;0;0;0;0;0;0;0;0;0;0;1;1;1;1;0;0;0;0;0;0;0;0;0;0;0;0;0;0;0;0;0;0;0;0;0;0;0;0;0;0;0;0;0;0;0;0;0;0;0;1;1;1;1;1;1;1;1;1;1;1;1;1;1;1;1;1;1;1;0;0;0;0;0;0;0;0;0;0.0004;0.088;0;-0.0884;0;0;0;0;0;0;0;0;0;0;0;0;0;0;0;0;0;0;0;-2.0999;0;0;0;0;0.0004;0;0;0;0;0;0;0;-0.0004;-0.0884;0;0;0;0;0;0;0;0;0;-0.7063;0;0.7063;1;1;0;0;0;0
22/06/21 06:00;0;0;90;0;0;90;0;0;0;0;1.9802;3.62;0;0;0;0;0;0;0;0;0;0;0;0;0;1;1;1;1;0;0;0;0;0;0;0;0;0;0;0;0;0;0;0;0;0;0;0;0;0;0;0;0;0;0;0;0;0;0;0;0;0;0;0;1;1;1;1;1;1;1;1;1;1;1;1;1;1;1;1;1;1;1;0;0;0;0;0;0;0;0;0;0.0004;0.088;0;-0.0884;0;0;0;0;0;0;0;0;0;0;0;0;0;0;0;0;0;0;0;-1.9802;0;0;0;0;0.0004;0;0;0;0;0;0;0;-0.0004;-0.0884;0;0;0;0;0;0;0;0;0;-0.7063;0;0.7063;1;1;0;0;0;0
22/06/21 07:00;4.3202;-57.266;79.473;5.1318;7.3973;-90;-7.3973;33.893;26.801;7.0918;3.0997;4.33;0;17.2;24.789;4.6269;0;0.0197;46.636;0;46.636;17.2;4.6269;24.789;0.0197;0.3688;0.532;0;0.0004;46.51;0.1255;0;0;0.109;0.0165;38.817;7.6463;5.2013;1.3992;1.0451;0.0007;46.464;0.0465;0.0172;0.0046;0.0247;0;38.819;11.981;3.2231;23.611;0.0025;14.821;12.761;3.1431;0.0021;0.1222;1.7578;0.0018;1.8779;0;1;0;0;1.376;0.9973;1;1;0.9956;0.1654;0.8354;0.6973;1;0.9576;0.7758;0.999;0.999;1;0.999;0.999;0.8324;0.9524;0.1282;0.14;0.1206;0.0007;0.0123;-0.009;0.0008;0.0029;0.0003;0;0;0.088;0;0.0168;0;0;0;0;0;0;0;0;0;0;0;0;0.0023;0.0001;0.1101;0.1101;0;4.6808;4.6808;1.5811;0.0407;101.28;1087.2;1;0.0053;0.0053;0;0;0;0;0;0;0.1048;0.0168;0;14.978;17.344;2.2861;2.6472;95.182;95.182;1.1193;0.88;0.1343;0.2392;0.7457;0.2138;0.6662;0.12;14.777;0.1167;0
22/06/21 08:00;13.278;-48.273;56.15;17.546;29.438;-90;-29.438;156.3;69.001;87.296;5.34;5.1799;0;211.72;45.996;48.096;0;1.4126;307.22;0;307.22;211.72;48.096;45.996;1.4126;0.6891;0.1543;0;0.0046;304;3.2187;0;0;1.9838;1.2349;296.04;7.6597;5.0465;1.1464;1.4348;0.032;303.7;0.304;0.2117;0.0481;0.044;0.0002;296.17;206.46;46.901;42.533;0.1455;30.724;26.454;6.9248;0.6526;0.2689;3.8675;0.1368;3.4838;0;1;0;0;1.9656;0.9895;1;1;0.9569;0.1258;0.9748;0.9761;1;0.9674;0.82;0.999;0.999;1;0.999;0.999;0.9636;0.9247;0.103;0.9226;0.9002;0.0054;0.0147;-0.0245;0.0063;0.0225;0.0008;0;0;0.088;0;0.752;0;0;0;0;0;0;0;0;0;0;0;0;0.0181;0.0021;0.8548;0.8548;0;17.284;17.284;11.944;0.0403;770.52;1109.4;1;0.0148;0.0148;0;0;0;0;0;0;0.84;0.752;0;17.65;20.439;15.528;17.982;98.274;98.274;7.3733;6.8315;6.0103;0.5418;0.8212;0.0735;0.1114;0.8151;30.199;0.8075;0
22/06/21 09:00;21.58;-36.761;48.157;33.46;56.54;-90;-56.54;344.81;60.499;284.31;9.32;5.31;0;515.65;19.499;64.134;0;10.829;610.11;0;610.11;515.65;64.134;19.499;10.829;0.8452;0.0497;0;0.0177;597.71;12.398;0;0;2.2516;10.146;589.74;7.3768;6.0041;0.7468;0.5932;0.0327;597.11;0.5977;0.5156;0.0641;0.0172;0.0007;591.75;509.13;63.323;16.637;0.6488;98.1;84.464;21.628;2.6414;0.9261;13.322;2.0126;11.606;0;1;0;0;1.7694;0.9797;1;1;0.8845;0.063;0.9876;0.9883;1;0.9656;0.952;0.999;0.999;1;0.999;0.999;0.9666;0.8532;0.0599;1.8322;1.8104;0.0109;0.0024;0.0529;0.0122;0.0433;0.0026;0;0;0.088;0;1.5287;0;0;0;0;0;0;0;0;0;0;0;0;0.0349;0.0075;1.6438;1.6438;0;33.348;33.348;24.028;0.0407;1556.4;1056.1;1;0.027;0.027;0;0;0;0;0;0;1.6167;1.5287;0;17.091;19.791;15.895;18.406;98.355;98.355;14.643;13.137;12.217;1.5057;0.9194;0.1028;0.0628;0.8344;16.317;0.821;0
22/06/21 10:00;27.728;-23.204;54.446;53.146;36.854;-90;-36.854;464.49;77.103;387.39;13.09;4.8599;0;484.14;25.708;60.664;0;6.4976;577.01;0;577.01;484.14;60.664;25.708;6.4976;0.8391;0.0558;0;0.0113;569.55;7.4637;0;0;1.5806;5.8831;557.43;11.544;9.5005;1.1904;0.7778;0.0754;568.98;0.5695;0.4841;0.0607;0.0241;0.0006;559.25;474.15;59.413;23.325;0.5385;230.24;198.23;52.194;0.7923;1.7289;24.869;1.8206;25.806;0;1;0;0;1.2422;0.9871;1;1;0.9385;0.0946;0.9797;0.9804;1;0.9677;0.8772;0.999;0.999;1;0.999;0.999;0.9661;0.9073;0.0829;1.7328;1.7368;0.0105;0.0032;0.0661;0.0116;0.0411;0.0047;0;0;0.088;0;1.4462;0;0;0;0;0;0;0;0;0;0;0;0;0.0331;0.007;1.5594;1.5594;0;35.854;35.854;22.764;0.0408;1492.6;1044.8;1;0.0252;0.0252;0;0;0;0;0;0;1.5342;1.4462;0;17.144;19.853;15.9;18.412;98.384;98.384;13.848;12.463;11.558;1.3852;0.9048;0.1;0.0653;0.8346;17.838;0.8085;0
22/06/21 11:00;31.028;-7.8624;58.088;77.188;12.812;-90;-12.812;516.59;89.003;427.59;14.12;4.0699;0;438.51;32.763;57.253;0;0.9003;529.42;0;529.42;438.51;57.253;32.763;0.9003;0.8283;0.0636;0;0.0017;528.31;1.11;0;0;0.3595;0.7504;511.65;16.132;13.12;1.7129;1.2656;0.0336;527.78;0.5283;0.4385;0.0573;0.0324;0.0001;511.84;424.95;55.483;31.105;0.1161;299.8;258.13;67.338;0.0242;2.2264;32.025;0.189;34.227;0;1;0;0;1.0248;0.9979;1;1;0.989;0.1665;0.9694;0.9701;1;0.9609;0.7753;0.999;0.999;1;0.999;0.999;0.9664;0.9494;0.1289;1.5899;1.6091;0.0097;0.0048;0.0566;0.0108;0.0382;0.0061;0;0;0.088;0;1.3351;0;0;0;0;0;0;0;0;0;0;0;0;0.0307;0.006;1.4461;1.4461;0;35.007;35.007;20.887;0.0408;1381.9;1046.4;1;0.0231;0.0231;0;0;0;0;0;0;1.4231;1.3351;0;17.328;20.065;15.997;18.524;98.406;98.406;12.706;11.557;10.67;1.1487;0.8875;0.0904;0.0698;0.8397;19.793;0.8034;0
22/06/21 12:00;30.991;8.2024;58.047;76.638;13.362;90;13.362;522.49;92.103;430.39;14.88;3.45;0;442.36;33.432;59.832;0;0.9901;536.62;0;536.62;442.36;59.832;33.432;0.9901;0.8244;0.0641;0;0.0018;535.4;1.2217;0;0;0.3948;0.8269;518.59;16.267;13.17;1.7813;1.2786;0.0367;534.86;0.5354;0.4424;0.0598;0.033;0.0002;518.81;428.75;57.99;31.726;0.1263;302.78;260.7;66.762;0.0288;2.3298;33.513;0.219;35.814;0;1;0;0;1.027;0.9977;1;1;0.9882;0.1648;0.9696;0.9702;1;0.9613;0.7747;0.999;0.999;1;0.999;0.999;0.9664;0.949;0.1276;1.6115;1.6333;0.0098;0.0045;0.0636;0.0109;0.0386;0.0064;0;0;0.088;0;1.3509;0;0;0;0;0;0;0;0;0;0;0;0;0.0311;0.0062;1.4621;1.4621;0;36.068;36.068;21.188;0.0409;1402.8;1042.3;1;0.0233;0.0233;0;0;0;0;0;0;1.4389;1.3509;0;17.285;20.015;15.969;18.492;98.407;98.407;12.879;11.685;10.796;1.1934;0.8894;0.0927;0.0691;0.8383;20.232;0.8008;0
22/06/21 13:00;27.624;23.514;54.334;52.679;37.321;90;37.321;409.31;140.5;268.81;15.51;3.1801;0;338.01;70.833;77.448;0;5.8665;492.16;0;492.16;338.01;77.448;70.833;5.8665;0.6868;0.1558;0;0.0119;482.38;9.7844;0;0;4.4488;5.3356;471.64;10.257;6.5517;1.5012;2.1405;0.0636;481.9;0.4824;0.338;0.0774;0.0664;0.0005;473.34;331.13;75.87;64.178;0.4667;209.27;180.18;47.593;2.276;1.6626;23.916;1.6978;23.302;0;1;0;0;1.2024;0.9801;1;1;0.9372;0.0905;0.9787;0.9806;1;0.9677;0.88;0.999;0.999;1;0.999;0.999;0.9583;0.906;0.0795;1.478;1.4761;0.0089;0.0066;0.0509;0.0099;0.035;0.0046;0;0;0.088;0;1.2179;0;0;0;0;0;0;0;0;0;0;0;0;0.0282;0.0052;1.3269;1.3269;0;34.767;34.767;19.257;0.0408;1268;1046.5;1;0.021;0.021;0;0;0;0;0;0;1.3059;1.2179;0;17.103;19.805;15.697;18.177;98.414;98.414;11.812;10.605;9.7332;1.2072;0.8715;0.1022;0.0738;0.824;49.337;0.7951;0
22/06/21 14:00;21.423;37.028;48.003;33.086;56.914;90;56.914;237.4;175.5;61.906;15.24;2.4601;0;113.4;118.27;41.201;0;7.5465;280.42;0;280.42;113.4;41.201;118.27;7.5465;0.4044;0.4487;0;0.0269;259.51;20.903;0;0;13.816;7.0872;253.84;5.4123;1.3102;0.476;3.6027;0.0233;259.25;0.2595;0.1134;0.0412;0.1045;0.0005;256.3;111.98;40.684;100.74;0.4355;120.33;103.6;29.592;16.384;1.7912;25.766;2.4587;11.172;0;1;0;0;1.1812;0.9255;1;1;0.8832;0.0609;0.9791;0.9884;1;0.9655;0.9491;0.999;0.999;1;0.999;0.999;0.9052;0.8518;0.0577;0.8421;0.8263;0.005;0.0156;0.0017;0.0056;0.02;0.005;0;0;0.088;0;0.6547;0;0;0;0;0;0;0;0;0;0;0;0;0.0161;0.0018;0.7555;0.7555;0;25.564;25.564;10.325;0.0407;705.68;1070.6;1;0.0128;0.0128;0;0;0;0;0;0;0.7427;0.6547;0;17.091;19.791;14.81;17.15;98.299;98.299;6.73;6.038;5.2321;0.6919;0.806;0.1028;0.1198;0.7774;99.363;0.7274;0
22/06/21 15:00;13.082;48.498;56.705;17.238;28.71;90;28.71;73.704;72.3;1.404;14.08;2.2301;0;3.4052;67.538;0.8224;0;0.6343;72.399;0;72.399;3.4052;0.8224;67.538;0.6343;0.047;0.9416;0;0.0088;69.042;3.3578;0;0;2.8038;0.554;66.735;2.238;0.0866;0.0209;2.1156;0.0149;68.973;0.069;0.0034;0.0008;0.0647;0.0001;66.923;3.3152;0.8007;62.553;0.0653;44.136;38.001;9.8333;0.878;0.3898;5.6072;0.1884;5.119;0;1;0;0;0.9823;0.9536;1;1;0.9585;0.1265;0.9676;0.9745;1;0.9673;0.8142;0.999;0.999;1;0.999;0.999;0.9218;0.9262;0.1029;0.2174;0.2134;0.0013;0.0155;-0.0064;0.0014;0.005;0.0011;0;0;0.088;0;0.0969;0;0;0;0;0;0;0;0;0;0;0;0;0.0041;0.0002;0.1912;0.1912;0;16.808;16.808;2.7285;0.0409;180.93;1057;1;0.0064;0.0064;0;0;0;0;0;0;0.1849;0.0969;0;16.757;19.404;8.4883;9.8293;96.67;96.67;1.7376;1.5284;0.7742;0.2092;0.7542;0.1204;0.434;0.4456;44.128;0.4212;0
22/06/21 16:00;4.272;57.309;79.592;5.0722;7.3094;90;7.3094;6.3097;6.1996;0.1101;12.14;2.6101;0;0.267;6.1675;0.0168;0;0.0036;6.4549;6.4549;0;0.267;0;0;0;1;1;1;1;0;0;0;0;0;0;0;0;0;0;0;0;0;0;0;0;0;0;0;0;0;0;0;0;0;0;0;0;0;0;0;0;0;0;0;0;1;1;1;1;1;1;1;1;1;1;1;0;1;0;0;1;0;0;0;0;0;0;0;0;0;0;0;0.0004;0.088;0;-0.0884;0;0;0;0;0;0;0;0;0;0;0;0;0;0;0;0;0;0;0;-12.14;0;0;0;0;0.0004;0;0;0;0;0;0;0;-0.0004;-0.0884;0;0;0;0;0;0;0;0;0;-0.7063;0;0.7063;1;1;0;0;0;0
22/06/21 17:00;0;0;90;0;0;90;0;0;0;0;9.8903;2.7801;0;0;0;0;0;0;0;0;0;0;0;0;0;1;1;1;1;0;0;0;0;0;0;0;0;0;0;0;0;0;0;0;0;0;0;0;0;0;0;0;0;0;0;0;0;0;0;0;0;0;0;0;1;1;1;1;1;1;1;1;1;1;1;1;1;1;1;1;1;1;1;0;0;0;0;0;0;0;0;0;0.0004;0.088;0;-0.0884;0;0;0;0;0;0;0;0;0;0;0;0;0;0;0;0;0;0;0;-9.8903;0;0;0;0;0.0004;0;0;0;0;0;0;0;-0.0004;-0.0884;0;0;0;0;0;0;0;0;0;-0.7063;0;0.7063;1;1;0;0;0;0
22/06/21 18:00;0;0;90;0;0;90;0;0;0;0;8.37;2.9301;0;0;0;0;0;0;0;0;0;0;0;0;0;1;1;1;1;0;0;0;0;0;0;0;0;0;0;0;0;0;0;0;0;0;0;0;0;0;0;0;0;0;0;0;0;0;0;0;0;0;0;0;1;1;1;1;1;1;1;1;1;1;1;1;1;1;1;1;1;1;1;0;0;0;0;0;0;0;0;0;0.0004;0.088;0;-0.0884;0;0;0;0;0;0;0;0;0;0;0;0;0;0;0;0;0;0;0;-8.37;0;0;0;0;0.0004;0;0;0;0;0;0;0;-0.0004;-0.0884;0;0;0;0;0;0;0;0;0;-0.7063;0;0.7063;1;1;0;0;0;0
22/06/21 19:00;0;0;90;0;0;90;0;0;0;0;8.2902;3.0299;0;0;0;0;0;0;0;0;0;0;0;0;0;1;1;1;1;0;0;0;0;0;0;0;0;0;0;0;0;0;0;0;0;0;0;0;0;0;0;0;0;0;0;0;0;0;0;0;0;0;0;0;1;1;1;1;1;1;1;1;1;1;1;1;1;1;1;1;1;1;1;0;0;0;0;0;0;0;0;0;0.0004;0.088;0;-0.0884;0;0;0;0;0;0;0;0;0;0;0;0;0;0;0;0;0;0;0;-8.2902;0;0;0;0;0.0004;0;0;0;0;0;0;0;-0.0004;-0.0884;0;0;0;0;0;0;0;0;0;-0.7063;0;0.7063;1;1;0;0;0;0
22/06/21 20:00;0;0;90;0;0;90;0;0;0;0;7.8003;3.24;0;0;0;0;0;0;0;0;0;0;0;0;0;1;1;1;1;0;0;0;0;0;0;0;0;0;0;0;0;0;0;0;0;0;0;0;0;0;0;0;0;0;0;0;0;0;0;0;0;0;0;0;1;1;1;1;1;1;1;1;1;1;1;1;1;1;1;1;1;1;1;0;0;0;0;0;0;0;0;0;0.0004;0.088;0;-0.0884;0;0;0;0;0;0;0;0;0;0;0;0;0;0;0;0;0;0;0;-7.8003;0;0;0;0;0.0004;0;0;0;0;0;0;0;-0.0004;-0.0884;0;0;0;0;0;0;0;0;0;-0.7063;0;0.7063;1;1;0;0;0;0
22/06/21 21:00;0;0;90;0;0;90;0;0;0;0;8.59;3.63;0;0;0;0;0;0;0;0;0;0;0;0;0;1;1;1;1;0;0;0;0;0;0;0;0;0;0;0;0;0;0;0;0;0;0;0;0;0;0;0;0;0;0;0;0;0;0;0;0;0;0;0;1;1;1;1;1;1;1;1;1;1;1;1;1;1;1;1;1;1;1;0;0;0;0;0;0;0;0;0;0.0004;0.088;0;-0.0884;0;0;0;0;0;0;0;0;0;0;0;0;0;0;0;0;0;0;0;-8.59;0;0;0;0;0.0004;0;0;0;0;0;0;0;-0.0004;-0.0884;0;0;0;0;0;0;0;0;0;-0.7063;0;0.7063;1;1;0;0;0;0
22/06/21 22:00;0;0;90;0;0;90;0;0;0;0;9.6397;3.9701;0;0;0;0;0;0;0;0;0;0;0;0;0;1;1;1;1;0;0;0;0;0;0;0;0;0;0;0;0;0;0;0;0;0;0;0;0;0;0;0;0;0;0;0;0;0;0;0;0;0;0;0;1;1;1;1;1;1;1;1;1;1;1;1;1;1;1;1;1;1;1;0;0;0;0;0;0;0;0;0;0.0004;0.088;0;-0.0884;0;0;0;0;0;0;0;0;0;0;0;0;0;0;0;0;0;0;0;-9.6397;0;0;0;0;0.0004;0;0;0;0;0;0;0;-0.0004;-0.0884;0;0;0;0;0;0;0;0;0;-0.7063;0;0.7063;1;1;0;0;0;0
22/06/21 23:00;0;0;90;0;0;90;0;0;0;0;9.7002;4.3001;0;0;0;0;0;0;0;0;0;0;0;0;0;1;1;1;1;0;0;0;0;0;0;0;0;0;0;0;0;0;0;0;0;0;0;0;0;0;0;0;0;0;0;0;0;0;0;0;0;0;0;0;1;1;1;1;1;1;1;1;1;1;1;1;1;1;1;1;1;1;1;0;0;0;0;0;0;0;0;0;0.0004;0.088;0;-0.0884;0;0;0;0;0;0;0;0;0;0;0;0;0;0;0;0;0;0;0;-9.7002;0;0;0;0;0.0004;0;0;0;0;0;0;0;-0.0004;-0.0884;0;0;0;0;0;0;0;0;0;-0.7063;0;0.7063;1;1;0;0;0;0
23/06/21 00:00;0;0;90;0;0;90;0;0;0;0;10.2;4.26;0;0;0;0;0;0;0;0;0;0;0;0;0;1;1;1;1;0;0;0;0;0;0;0;0;0;0;0;0;0;0;0;0;0;0;0;0;0;0;0;0;0;0;0;0;0;0;0;0;0;0;0;1;1;1;1;1;1;1;1;1;1;1;1;1;1;1;1;1;1;1;0;0;0;0;0;0;0;0;0;0.0004;0.088;0;-0.0884;0;0;0;0;0;0;0;0;0;0;0;0;0;0;0;0;0;0;0;-10.2;0;0;0;0;0.0004;0;0;0;0;0;0;0;-0.0004;-0.0884;0;0;0;0;0;0;0;0;0;-0.7063;0;0.7063;1;1;0;0;0;0
23/06/21 01:00;0;0;90;0;0;90;0;0;0;0;10.28;4.35;0;0;0;0;0;0;0;0;0;0;0;0;0;1;1;1;1;0;0;0;0;0;0;0;0;0;0;0;0;0;0;0;0;0;0;0;0;0;0;0;0;0;0;0;0;0;0;0;0;0;0;0;1;1;1;1;1;1;1;1;1;1;1;1;1;1;1;1;1;1;1;0;0;0;0;0;0;0;0;0;0.0004;0.088;0;-0.0884;0;0;0;0;0;0;0;0;0;0;0;0;0;0;0;0;0;0;0;-10.28;0;0;0;0;0.0004;0;0;0;0;0;0;0;-0.0004;-0.0884;0;0;0;0;0;0;0;0;0;-0.7063;0;0.7063;1;1;0;0;0;0
23/06/21 02:00;0;0;90;0;0;90;0;0;0;0;8.5801;4.4799;0;0;0;0;0;0;0;0;0;0;0;0;0;1;1;1;1;0;0;0;0;0;0;0;0;0;0;0;0;0;0;0;0;0;0;0;0;0;0;0;0;0;0;0;0;0;0;0;0;0;0;0;1;1;1;1;1;1;1;1;1;1;1;1;1;1;1;1;1;1;1;0;0;0;0;0;0;0;0;0;0.0004;0.088;0;-0.0884;0;0;0;0;0;0;0;0;0;0;0;0;0;0;0;0;0;0;0;-8.5801;0;0;0;0;0.0004;0;0;0;0;0;0;0;-0.0004;-0.0884;0;0;0;0;0;0;0;0;0;-0.7063;0;0.7063;1;1;0;0;0;0
23/06/21 03:00;0;0;90;0;0;90;0;0;0;0;7.4998;4.5301;0;0;0;0;0;0;0;0;0;0;0;0;0;1;1;1;1;0;0;0;0;0;0;0;0;0;0;0;0;0;0;0;0;0;0;0;0;0;0;0;0;0;0;0;0;0;0;0;0;0;0;0;1;1;1;1;1;1;1;1;1;1;1;1;1;1;1;1;1;1;1;0;0;0;0;0;0;0;0;0;0.0004;0.088;0;-0.0884;0;0;0;0;0;0;0;0;0;0;0;0;0;0;0;0;0;0;0;-7.4998;0;0;0;0;0.0004;0;0;0;0;0;0;0;-0.0004;-0.0884;0;0;0;0;0;0;0;0;0;-0.7063;0;0.7063;1;1;0;0;0;0
23/06/21 04:00;0;0;90;0;0;90;0;0;0;0;9.2003;5.29;0;0;0;0;0;0;0;0;0;0;0;0;0;1;1;1;1;0;0;0;0;0;0;0;0;0;0;0;0;0;0;0;0;0;0;0;0;0;0;0;0;0;0;0;0;0;0;0;0;0;0;0;1;1;1;1;1;1;1;1;1;1;1;1;1;1;1;1;1;1;1;0;0;0;0;0;0;0;0;0;0.0004;0.088;0;-0.0884;0;0;0;0;0;0;0;0;0;0;0;0;0;0;0;0;0;0;0;-9.2003;0;0;0;0;0.0004;0;0;0;0;0;0;0;-0.0004;-0.0884;0;0;0;0;0;0;0;0;0;-0.7063;0;0.7063;1;1;0;0;0;0
23/06/21 05:00;0;0;90;0;0;90;0;0;0;0;9.7999;5.4801;0;0;0;0;0;0;0;0;0;0;0;0;0;1;1;1;1;0;0;0;0;0;0;0;0;0;0;0;0;0;0;0;0;0;0;0;0;0;0;0;0;0;0;0;0;0;0;0;0;0;0;0;1;1;1;1;1;1;1;1;1;1;1;1;1;1;1;1;1;1;1;0;0;0;0;0;0;0;0;0;0.0004;0.088;0;-0.0884;0;0;0;0;0;0;0;0;0;0;0;0;0;0;0;0;0;0;0;-9.7999;0;0;0;0;0.0004;0;0;0;0;0;0;0;-0.0004;-0.0884;0;0;0;0;0;0;0;0;0;-0.7063;0;0.7063;1;1;0;0;0;0
23/06/21 06:00;0;0;90;0;0;90;0;0;0;0;11.11;5.7499;0;0;0;0;0;0;0;0;0;0;0;0;0;1;1;1;1;0;0;0;0;0;0;0;0;0;0;0;0;0;0;0;0;0;0;0;0;0;0;0;0;0;0;0;0;0;0;0;0;0;0;0;1;1;1;1;1;1;1;1;1;1;1;1;1;1;1;1;1;1;1;0;0;0;0;0;0;0;0;0;0.0004;0.088;0;-0.0884;0;0;0;0;0;0;0;0;0;0;0;0;0;0;0;0;0;0;0;-11.11;0;0;0;0;0.0004;0;0;0;0;0;0;0;-0.0004;-0.0884;0;0;0;0;0;0;0;0;0;-0.7063;0;0.7063;1;1;0;0;0;0
23/06/21 07:00;4.4656;-57.155;79.115;5.3108;7.6615;-90;-7.6615;5.7041;5.7008;0.0033;11.58;6.8599;0;0.0081;5.6751;0.0004;0;0.0036;5.6872;5.6872;0;0.0081;0;0;0;1;1;1;1;0;0;0;0;0;0;0;0;0;0;0;0;0;0;0;0;0;0;0;0;0;0;0;0;0;0;0;0;0;0;0;0;0;0;0;0;1;1;1;1;1;1;1;1;1;1;1;0;1;0;0;1;0;0;0;0;0;0;0;0;0;0;0;0.0004;0.088;0;-0.0884;0;0;0;0;0;0;0;0;0;0;0;0;0;0;0;0;0;0;0;-11.58;0;0;0;0;0.0004;0;0;0;0;0;0;0;-0.0004;-0.0884;0;0;0;0;0;0;0;0;0;-0.7063;0;0.7063;1;1;0;0;0;0
23/06/21 08:00;13.256;-48.317;56.212;17.507;29.345;-90;-29.345;40.105;39.599;0.5056;11.8;6.96;0;1.2261;36.997;0.1601;0;0.3602;38.743;0;38.743;1.2261;0.1601;36.997;0.3602;0.0316;0.9642;0;0.0093;36.841;1.9024;0;0;1.5876;0.3148;35.608;1.1962;0.0294;0.0038;1.1547;0.0082;36.804;0.0368;0.0012;0.0002;0.0354;0;35.717;1.1955;0.1561;34.219;0.0372;24.278;20.904;5.4225;0.5189;0.2159;3.1055;0.1091;2.8025;0;1;0;0;0.9661;0.9509;1;1;0.9571;0.1262;0.9675;0.976;1;0.9674;0.8194;0.999;0.999;1;0.999;0.999;0.9191;0.9249;0.1033;0.1163;0.1141;0.0007;0.012;-0.0049;0.0007;0.0026;0.0006;0;0;0.088;0;0.0075;0;0;0;0;0;0;0;0;0;0;0;0;0.0021;0.0001;0.1002;0.1002;0;13.263;13.263;1.4627;0.0411;95.834;1045.7;1;0.0047;0.0047;0;0;0;0;0;0;0.0955;0.0075;0;16.409;19.001;1.2298;1.4241;95.305;95.305;0.9298;0.8009;0.06;0.1289;0.7409;0.1386;0.7968;0.0646;24.276;0.0609;0
23/06/21 09:00;21.566;-36.811;48.122;33.411;56.589;-90;-56.589;82.495;81.2;1.2943;12.48;6.79;0;2.3505;62.788;0.3927;0;2.5949;68.126;0;68.126;2.3505;0.3927;62.788;2.5949;0.0345;0.9597;0;0.0381;58.435;9.691;0;0;7.2596;2.4314;56.427;1.9503;0.0273;0.0046;1.9106;0.0079;58.377;0.0584;0.0024;0.0004;0.0555;0.0002;57.491;2.3208;0.3877;53.563;0.1555;52.957;45.596;13.33;8.5238;0.8537;12.28;1.0641;4.6103;0;1;0;0;0.8258;0.8577;1;1;0.8844;0.063;0.9666;0.9884;1;0.9656;0.9518;0.999;0.999;1;0.999;0.999;0.8283;0.8531;0.0599;0.2046;0.199;0.0012;0.0151;-0.0075;0.0013;0.0047;0.0023;0;0;0.088;0;0.0835;0;0;0;0;0;0;0;0;0;0;0;0;0.0038;0.0002;0.1778;0.1778;0;14.788;14.788;2.3075;0.0409;167.95;1058.7;1;0.0063;0.0063;0;0;0;0;0;0;0.1715;0.0835;0;16.557;19.173;7.7774;9.0061;96.462;96.462;1.635;1.4211;0.6675;0.2139;0.7536;0.1308;0.4609;0.4083;52.572;0.3597;0
23/06/21 10:00;27.724;-23.258;54.416;53.08;36.92;-90;-36.92;148.5;144.6;3.902;12.9;6.9299;0;4.8807;129.28;1.1472;0;2.0845;137.39;0;137.39;4.8807;1.1472;129.28;2.0845;0.0355;0.9561;0;0.0152;127.53;9.8585;0;0;7.9706;1.8879;123.35;4.0527;0.0955;0.0224;3.9108;0.024;127.4;0.1275;0.0049;0.0011;0.1213;0.0002;124.06;4.7804;1.1236;117.27;0.1724;92.096;79.295;21.223;4.0008;0.9085;13.069;0.7087;9.9767;0;1;0;0;0.9252;0.9282;1;1;0.9383;0.0943;0.9682;0.9804;1;0.9677;0.8778;0.999;0.999;1;0.999;0.999;0.8978;0.9072;0.0827;0.4126;0.4012;0.0024;0.0179;-0.0103;0.0027;0.0097;0.0025;0;0;0.088;0;0.2717;0;0;0;0;0;0;0;0;0;0;0;0;0.0078;0.0005;0.3678;0.3678;0;17.915;17.915;5.0157;0.0407;341.66;1076.5;1;0.0081;0.0081;0;0;0;0;0;0;0.3597;0.2717;0;16.982;19.664;12.544;14.525;97.793;97.793;3.2973;2.9393;2.1712;0.358;0.7682;0.1086;0.233;0.6585;89.75;0.6147;0
23/06/21 11:00;31.035;-7.9184;58.069;77.104;12.896;-90;-12.896;157.39;153.9;3.4908;13.4;7.3201;0;3.5812;151.18;0.8084;0;0.2779;155.85;0;155.85;3.5812;0.8084;151.18;0.2779;0.023;0.9718;0;0.0018;153.94;1.909;0;0;1.6774;0.2316;147.81;5.9726;0.1069;0.0241;5.8312;0.0104;153.78;0.1539;0.0036;0.0008;0.1495;0;147.87;3.4707;0.7835;143.52;0.0358;93.833;80.79;20.022;0.1135;0.7722;11.108;0.0562;11.766;0;1;0;0;0.9902;0.9878;1;1;0.9889;0.1665;0.9612;0.9701;1;0.961;0.7753;0.999;0.999;1;0.999;0.999;0.9484;0.9493;0.1289;0.468;0.4688;0.0028;0.0181;-0.0095;0.0032;0.0114;0.0022;0;0;0.088;0;0.334;0;0;0;0;0;0;0;0;0;0;0;0;0.0091;0.0007;0.4308;0.4308;0;19.408;19.408;6.0079;0.0406;399.97;1077;1;0.0088;0.0088;0;0;0;0;0;0;0.422;0.334;0;17.534;20.304;13.595;15.742;97.96;97.96;3.7403;3.4427;2.6692;0.2976;0.7735;0.0796;0.2068;0.7136;91.355;0.6775;0
23/06/21 12:00;31.01;8.1502;58.041;76.729;13.271;90;13.271;82.299;81.4;0.8994;13.2;6.8499;0;0.9241;80.207;0.1104;0;0.1538;81.395;0;81.395;0.9241;0.1104;80.207;0.1538;0.0114;0.9873;0;0.0019;80.33;1.0648;0;0;0.9363;0.1285;77.141;3.1089;0.0275;0.0033;3.0724;0.0057;80.25;0.0803;0.0009;0.0001;0.0793;0;77.172;0.8957;0.107;76.119;0.0196;49.107;42.281;10.542;0.0668;0.4005;5.761;0.0312;6.0946;0;1;0;0;0.989;0.9869;1;1;0.9883;0.1648;0.9613;0.9702;1;0.9612;0.7747;0.999;0.999;1;0.999;0.999;0.9477;0.949;0.1276;0.2444;0.2446;0.0015;0.0162;-0.0077;0.0016;0.0058;0.0011;0;0;0.088;0;0.1265;0;0;0;0;0;0;0;0;0;0;0;0;0.0047;0.0003;0.2212;0.2212;0;16.348;16.348;3.1476;0.0408;207.7;1064.8;1;0.0067;0.0067;0;0;0;0;0;0;0.2145;0.1265;0;17.236;19.959;9.8587;11.416;96.988;96.988;1.9535;1.7675;1.011;0.186;0.7565;0.0952;0.3873;0.5175;48.525;0.4915;0
23/06/21 13:00;27.653;23.47;54.34;52.761;37.239;90;37.239;67.394;66.699;0.6954;13.2;6.16;0;0.8734;59.832;0.0949;0;0.9618;61.762;0;61.762;0.8734;0.0949;59.832;0.9618;0.0141;0.9843;0;0.0156;57.143;4.6194;0;0;3.7449;0.8745;55.248;1.8377;0.0169;0.0018;1.8084;0.0105;57.086;0.0571;0.0009;0.0001;0.0561;0.0001;55.574;0.8556;0.093;54.223;0.0767;42.02;36.179;9.7417;1.907;0.416;5.9847;0.3266;4.4937;0;1;0;0;0.9164;0.9252;1;1;0.9374;0.0908;0.9678;0.9806;1;0.9677;0.8792;0.999;0.999;1;0.999;0.999;0.8945;0.9062;0.0798;0.1855;0.18;0.0011;0.0145;-0.0063;0.0012;0.0042;0.0011;0;0;0.088;0;0.0664;0;0;0;0;0;0;0;0;0;0;0;0;0.0034;0.0002;0.1605;0.1605;0;15.461;15.461;2.2611;0.0409;152.18;1054.9;1;0.0061;0.0061;0;0;0;0;0;0;0.1544;0.0664;0;16.489;19.094;6.8213;7.8989;96.183;96.183;1.4823;1.283;0.5308;0.1993;0.7523;0.1344;0.5075;0.3581;41.646;0.3339;0
23/06/21 14:00;21.459;36.993;48.017;33.155;56.845;90;56.845;68.996;68.203;0.7936;12.43;5.76;0;1.4511;52.665;0.2046;0;2.1883;56.509;0;56.509;1.4511;0.2046;52.665;2.1883;0.0257;0.9707;0;0.0387;48.313;8.1965;0;0;6.1414;2.0551;46.634;1.6298;0.0168;0.0024;1.6039;0.0067;48.264;0.0483;0.0015;0.0002;0.0465;0.0001;47.538;1.4329;0.202;44.873;0.1263;44.439;38.262;11.192;7.2643;0.7232;10.404;0.9034;3.8625;0;1;0;0;0.819;0.855;1;1;0.8834;0.0608;0.9662;0.9884;1;0.9655;0.9494;0.999;0.999;1;0.999;0.999;0.8253;0.852;0.0577;0.1697;0.1651;0.001;0.0141;-0.0065;0.0011;0.0039;0.002;0;0;0.088;0;0.0523;0;0;0;0;0;0;0;0;0;0;0;0;0.0031;0.0001;0.1463;0.1463;0;14.34;14.34;1.9107;0.041;138.97;1052.8;1;0.006;0.006;0;0;0;0;0;0;0.1403;0.0523;0;16.424;19.018;5.871;6.7985;95.897;95.897;1.3562;1.1692;0.418;0.187;0.7513;0.1379;0.5539;0.3082;44.213;0.2709;0
23/06/21 15:00;13.123;48.471;56.59;17.297;28.848;90;28.848;14.202;14.202;0;12;5.78;0;0;13.32;0;0;0.1234;13.444;0;13.444;0;0;13.32;0.1234;0;1;0;0.0092;12.779;0.6651;0;0;0.5572;0.1078;12.346;0.4198;0;0;0.4169;0.0029;12.766;0.0128;0;0;0.0128;0;12.384;0;0;12.334;0.0127;8.7113;7.5004;1.9417;0.1761;0.0771;1.1085;0.0376;1.0095;0;1;0;0;0.9466;0.9505;1;1;0.9582;0.1259;0.9671;1;1;0.9673;0.815;0.999;1;1;0.999;0.999;0.9184;0.9259;0.1025;0.0404;0.0396;0.0002;0.007;-0.0018;0.0002;0.0008;0.0002;0;0;0.088;0;-0.0585;0;0;0;0;0;0;0;0;0;0;0;0;0.0007;0;0.0322;0.0322;0;12.516;12.516;0.5156;0.0418;32.169;1001.1;1;0.0027;0.0027;0;0;0;0;0;0;0.0295;-0.0585;0;15.196;17.597;-27.618;-31.981;91.512;91.512;0.3227;0.2574;-0.4678;0.0653;0.7251;0.2023;2.2474;0;8.7113;0;0
23/06/21 16:00;4.3155;57.288;79.485;5.125;7.3872;90;7.3872;0;0;0;11.24;6.02;0;0;0;0;0;0;0;0;0;0;0;0;0;1;1;1;1;0;0;0;0;0;0;0;0;0;0;0;0;0;0;0;0;0;0;0;0;0;0;0;0;0;0;0;0;0;0;0;0;0;0;0;1;1;1;1;1;1;1;1;1;1;1;1;1;1;1;1;1;1;1;0;0;0;0;0;0;0;0;0;0.0004;0.088;0;-0.0884;0;0;0;0;0;0;0;0;0;0;0;0;0;0;0;0;0;0;0;-11.24;0;0;0;0;0.0004;0;0;0;0;0;0;0;-0.0004;-0.0884;0;0;0;0;0;0;0;0;0;-0.7063;0;0.7063;1;1;0;0;0;0
23/06/21 17:00;0;0;90;0;0;90;0;0;0;0;11.31;6.3099;0;0;0;0;0;0;0;0;0;0;0;0;0;1;1;1;1;0;0;0;0;0;0;0;0;0;0;0;0;0;0;0;0;0;0;0;0;0;0;0;0;0;0;0;0;0;0;0;0;0;0;0;1;1;1;1;1;1;1;1;1;1;1;1;1;1;1;1;1;1;1;0;0;0;0;0;0;0;0;0;0.0004;0.088;0;-0.0884;0;0;0;0;0;0;0;0;0;0;0;0;0;0;0;0;0;0;0;-11.31;0;0;0;0;0.0004;0;0;0;0;0;0;0;-0.0004;-0.0884;0;0;0;0;0;0;0;0;0;-0.7063;0;0.7063;1;1;0;0;0;0
23/06/21 18:00;0;0;90;0;0;90;0;0;0;0;11.1;6.5399;0;0;0;0;0;0;0;0;0;0;0;0;0;1;1;1;1;0;0;0;0;0;0;0;0;0;0;0;0;0;0;0;0;0;0;0;0;0;0;0;0;0;0;0;0;0;0;0;0;0;0;0;1;1;1;1;1;1;1;1;1;1;1;1;1;1;1;1;1;1;1;0;0;0;0;0;0;0;0;0;0.0004;0.088;0;-0.0884;0;0;0;0;0;0;0;0;0;0;0;0;0;0;0;0;0;0;0;-11.1;0;0;0;0;0.0004;0;0;0;0;0;0;0;-0.0004;-0.0884;0;0;0;0;0;0;0;0;0;-0.7063;0;0.7063;1;1;0;0;0;0
23/06/21 19:00;0;0;90;0;0;90;0;0;0;0;11.3;6.5301;0;0;0;0;0;0;0;0;0;0;0;0;0;1;1;1;1;0;0;0;0;0;0;0;0;0;0;0;0;0;0;0;0;0;0;0;0;0;0;0;0;0;0;0;0;0;0;0;0;0;0;0;1;1;1;1;1;1;1;1;1;1;1;1;1;1;1;1;1;1;1;0;0;0;0;0;0;0;0;0;0.0004;0.088;0;-0.0884;0;0;0;0;0;0;0;0;0;0;0;0;0;0;0;0;0;0;0;-11.3;0;0;0;0;0.0004;0;0;0;0;0;0;0;-0.0004;-0.0884;0;0;0;0;0;0;0;0;0;-0.7063;0;0.7063;1;1;0;0;0;0
23/06/21 20:00;0;0;90;0;0;90;0;0;0;0;11.84;6.2801;0;0;0;0;0;0;0;0;0;0;0;0;0;1;1;1;1;0;0;0;0;0;0;0;0;0;0;0;0;0;0;0;0;0;0;0;0;0;0;0;0;0;0;0;0;0;0;0;0;0;0;0;1;1;1;1;1;1;1;1;1;1;1;1;1;1;1;1;1;1;1;0;0;0;0;0;0;0;0;0;0.0004;0.088;0;-0.0884;0;0;0;0;0;0;0;0;0;0;0;0;0;0;0;0;0;0;0;-11.84;0;0;0;0;0.0004;0;0;0;0;0;0;0;-0.0004;-0.0884;0;0;0;0;0;0;0;0;0;-0.7063;0;0.7063;1;1;0;0;0;0
23/06/21 21:00;0;0;90;0;0;90;0;0;0;0;11.8;6.41;0;0;0;0;0;0;0;0;0;0;0;0;0;1;1;1;1;0;0;0;0;0;0;0;0;0;0;0;0;0;0;0;0;0;0;0;0;0;0;0;0;0;0;0;0;0;0;0;0;0;0;0;1;1;1;1;1;1;1;1;1;1;1;1;1;1;1;1;1;1;1;0;0;0;0;0;0;0;0;0;0.0004;0.088;0;-0.0884;0;0;0;0;0;0;0;0;0;0;0;0;0;0;0;0;0;0;0;-11.8;0;0;0;0;0.0004;0;0;0;0;0;0;0;-0.0004;-0.0884;0;0;0;0;0;0;0;0;0;-0.7063;0;0.7063;1;1;0;0;0;0
23/06/21 22:00;0;0;90;0;0;90;0;0;0;0;12.1;7.51;0;0;0;0;0;0;0;0;0;0;0;0;0;1;1;1;1;0;0;0;0;0;0;0;0;0;0;0;0;0;0;0;0;0;0;0;0;0;0;0;0;0;0;0;0;0;0;0;0;0;0;0;1;1;1;1;1;1;1;1;1;1;1;1;1;1;1;1;1;1;1;0;0;0;0;0;0;0;0;0;0.0004;0.088;0;-0.0884;0;0;0;0;0;0;0;0;0;0;0;0;0;0;0;0;0;0;0;-12.1;0;0;0;0;0.0004;0;0;0;0;0;0;0;-0.0004;-0.0884;0;0;0;0;0;0;0;0;0;-0.7063;0;0.7063;1;1;0;0;0;0
23/06/21 23:00;0;0;90;0;0;90;0;0;0;0;11.9;8.5399;0;0;0;0;0;0;0;0;0;0;0;0;0;1;1;1;1;0;0;0;0;0;0;0;0;0;0;0;0;0;0;0;0;0;0;0;0;0;0;0;0;0;0;0;0;0;0;0;0;0;0;0;1;1;1;1;1;1;1;1;1;1;1;1;1;1;1;1;1;1;1;0;0;0;0;0;0;0;0;0;0.0004;0.088;0;-0.0884;0;0;0;0;0;0;0;0;0;0;0;0;0;0;0;0;0;0;0;-11.9;0;0;0;0;0.0004;0;0;0;0;0;0;0;-0.0004;-0.0884;0;0;0;0;0;0;0;0;0;-0.7063;0;0.7063;1;1;0;0;0;0
24/06/21 00:00;0;0;90;0;0;90;0;0;0;0;11.7;8.3501;0;0;0;0;0;0;0;0;0;0;0;0;0;1;1;1;1;0;0;0;0;0;0;0;0;0;0;0;0;0;0;0;0;0;0;0;0;0;0;0;0;0;0;0;0;0;0;0;0;0;0;0;1;1;1;1;1;1;1;1;1;1;1;1;1;1;1;1;1;1;1;0;0;0;0;0;0;0;0;0;0.0004;0.088;0;-0.0884;0;0;0;0;0;0;0;0;0;0;0;0;0;0;0;0;0;0;0;-11.7;0;0;0;0;0.0004;0;0;0;0;0;0;0;-0.0004;-0.0884;0;0;0;0;0;0;0;0;0;-0.7063;0;0.7063;1;1;0;0;0;0
24/06/21 01:00;0;0;90;0;0;90;0;0;0;0;11.9;8.0499;0;0;0;0;0;0;0;0;0;0;0;0;0;1;1;1;1;0;0;0;0;0;0;0;0;0;0;0;0;0;0;0;0;0;0;0;0;0;0;0;0;0;0;0;0;0;0;0;0;0;0;0;1;1;1;1;1;1;1;1;1;1;1;1;1;1;1;1;1;1;1;0;0;0;0;0;0;0;0;0;0.0004;0.088;0;-0.0884;0;0;0;0;0;0;0;0;0;0;0;0;0;0;0;0;0;0;0;-11.9;0;0;0;0;0.0004;0;0;0;0;0;0;0;-0.0004;-0.0884;0;0;0;0;0;0;0;0;0;-0.7063;0;0.7063;1;1;0;0;0;0
24/06/21 02:00;0;0;90;0;0;90;0;0;0;0;12.4;7.9799;0;0;0;0;0;0;0;0;0;0;0;0;0;1;1;1;1;0;0;0;0;0;0;0;0;0;0;0;0;0;0;0;0;0;0;0;0;0;0;0;0;0;0;0;0;0;0;0;0;0;0;0;1;1;1;1;1;1;1;1;1;1;1;1;1;1;1;1;1;1;1;0;0;0;0;0;0;0;0;0;0.0004;0.088;0;-0.0884;0;0;0;0;0;0;0;0;0;0;0;0;0;0;0;0;0;0;0;-12.4;0;0;0;0;0.0004;0;0;0;0;0;0;0;-0.0004;-0.0884;0;0;0;0;0;0;0;0;0;-0.7063;0;0.7063;1;1;0;0;0;0
24/06/21 03:00;0;0;90;0;0;90;0;0;0;0;12.3;9.11;0;0;0;0;0;0;0;0;0;0;0;0;0;1;1;1;1;0;0;0;0;0;0;0;0;0;0;0;0;0;0;0;0;0;0;0;0;0;0;0;0;0;0;0;0;0;0;0;0;0;0;0;1;1;1;1;1;1;1;1;1;1;1;1;1;1;1;1;1;1;1;0;0;0;0;0;0;0;0;0;0.0004;0.088;0;-0.0884;0;0;0;0;0;0;0;0;0;0;0;0;0;0;0;0;0;0;0;-12.3;0;0;0;0;0.0004;0;0;0;0;0;0;0;-0.0004;-0.0884;0;0;0;0;0;0;0;0;0;-0.7063;0;0.7063;1;1;0;0;0;0
24/06/21 04:00;0;0;90;0;0;90;0;0;0;0;12.2;9.29;0;0;0;0;0;0;0;0;0;0;0;0;0;1;1;1;1;0;0;0;0;0;0;0;0;0;0;0;0;0;0;0;0;0;0;0;0;0;0;0;0;0;0;0;0;0;0;0;0;0;0;0;1;1;1;1;1;1;1;1;1;1;1;1;1;1;1;1;1;1;1;0;0;0;0;0;0;0;0;0;0.0004;0.088;0;-0.0884;0;0;0;0;0;0;0;0;0;0;0;0;0;0;0;0;0;0;0;-12.2;0;0;0;0;0.0004;0;0;0;0;0;0;0;-0.0004;-0.0884;0;0;0;0;0;0;0;0;0;-0.7063;0;0.7063;1;1;0;0;0;0
24/06/21 05:00;0;0;90;0;0;90;0;0;0;0;12.1;8.4301;0;0;0;0;0;0;0;0;0;0;0;0;0;1;1;1;1;0;0;0;0;0;0;0;0;0;0;0;0;0;0;0;0;0;0;0;0;0;0;0;0;0;0;0;0;0;0;0;0;0;0;0;1;1;1;1;1;1;1;1;1;1;1;1;1;1;1;1;1;1;1;0;0;0;0;0;0;0;0;0;0.0004;0.088;0;-0.0884;0;0;0;0;0;0;0;0;0;0;0;0;0;0;0;0;0;0;0;-12.1;0;0;0;0;0.0004;0;0;0;0;0;0;0;-0.0004;-0.0884;0;0;0;0;0;0;0;0;0;-0.7063;0;0.7063;1;1;0;0;0;0
24/06/21 06:00;0;0;90;0;0;90;0;0;0;0;12.8;6.9399;0;0;0;0;0;0;0;0;0;0;0;0;0;1;1;1;1;0;0;0;0;0;0;0;0;0;0;0;0;0;0;0;0;0;0;0;0;0;0;0;0;0;0;0;0;0;0;0;0;0;0;0;1;1;1;1;1;1;1;1;1;1;1;1;1;1;1;1;1;1;1;0;0;0;0;0;0;0;0;0;0.0004;0.088;0;-0.0884;0;0;0;0;0;0;0;0;0;0;0;0;0;0;0;0;0;0;0;-12.8;0;0;0;0;0.0004;0;0;0;0;0;0;0;-0.0004;-0.0884;0;0;0;0;0;0;0;0;0;-0.7063;0;0.7063;1;1;0;0;0;0
24/06/21 07:00;4.4437;-57.2;79.169;5.2822;7.6192;-90;-7.6192;11.994;11.9;0.0939;12.42;6.3099;0;0.2277;11.837;0.0264;0;0.0074;12.099;0;12.099;0.2277;0.0264;11.837;0.0074;0.0188;0.979;0;0.0006;12.038;0.0608;0;0;0.0546;0.0062;11.454;0.572;0.0666;0.0077;0.4975;0.0003;12.026;0.012;0.0002;0;0.0118;0;11.455;0.1609;0.0187;11.273;0.001;7.0594;6.0782;1.4948;0.0011;0.0584;0.8396;0.001;0.8968;0;1;0;0;1.0087;0.995;1;1;0.9954;0.1655;0.9524;0.7074;1;0.9577;0.7757;0.999;0.999;1;0.999;0.999;0.9467;0.9524;0.1283;0.0363;0.0363;0.0002;0.0066;-0.0015;0.0002;0.0008;0.0001;0;0;0.088;0;-0.0615;0;0;0;0;0;0;0;0;0;0;0;0;0.0006;0;0.0292;0.0292;0;12.899;12.899;0.4792;0.0418;29.319;995.69;1;0.0026;0.0026;0;0;0;0;0;0;0.0265;-0.0615;0;15.306;17.724;-32.224;-37.315;90.923;90.923;0.2904;0.2333;-0.4912;0.0571;0.7245;0.1965;2.495;0;7.0589;0;0
24/06/21 08:00;13.24;-48.367;56.258;17.474;29.265;-90;-29.265;16.409;16.297;0.112;11.93;6.87;0;0.2716;15.251;0.0146;0;0.1466;15.684;0;15.684;0.2716;0.0146;15.251;0.1466;0.0173;0.9818;0;0.0093;14.905;0.7797;0;0;0.6516;0.1281;14.403;0.4865;0.0066;0.0004;0.4762;0.0034;14.89;0.0149;0.0003;0;0.0146;0;14.448;0.2648;0.0142;14.109;0.0152;10.002;8.6121;2.2332;0.2119;0.0889;1.2784;0.0447;1.1554;0;1;0;0;0.9558;0.9503;1;1;0.9573;0.1265;0.9673;0.9758;1;0.9673;0.819;0.999;0.999;1;0.999;0.999;0.9183;0.9251;0.1035;0.0471;0.0462;0.0003;0.0076;-0.0021;0.0003;0.001;0.0002;0;0;0.088;0;-0.0528;0;0;0;0;0;0;0;0;0;0;0;0;0.0008;0;0.0381;0.0381;0;12.53;12.53;0.5998;0.0416;37.78;1008.3;1;0.0029;0.0029;0;0;0;0;0;0;0.0352;-0.0528;0;15.407;17.841;-21.357;-24.731;92.399;92.399;0.3764;0.3044;-0.422;0.072;0.7264;0.1912;1.9298;0;10.002;0;0
24/06/21 09:00;21.558;-36.865;48.081;33.367;56.633;-90;-56.633;27.309;27.2;0.1096;11.8;7.0899;0;0.1992;21.075;0.0112;0;0.8603;22.146;0;22.146;0.1992;0.0112;21.075;0.8603;0.009;0.9905;0;0.0388;18.9;3.2455;0;0;2.4394;0.8061;18.235;0.6464;0.0023;0.0001;0.6414;0.0026;18.881;0.0189;0.0002;0;0.0186;0.0001;18.593;0.1967;0.011;17.976;0.0515;17.684;15.226;4.4436;2.8689;0.2871;4.1291;0.3579;1.5473;0;1;0;0;0.8109;0.8534;1;1;0.8842;0.063;0.9658;0.9884;1;0.9655;0.9516;0.999;0.999;1;0.999;0.999;0.8234;0.8529;0.0599;0.0665;0.0647;0.0004;0.009;-0.0029;0.0004;0.0014;0.0007;0;0;0.088;0;-0.0369;0;0;0;0;0;0;0;0;0;0;0;0;0.0012;0;0.0544;0.0544;0;12.556;12.556;0.7562;0.0415;53.366;1019.7;1;0.0033;0.0033;0;0;0;0;0;0;0.0511;-0.0369;0;15.587;18.05;-10.578;-12.249;93.855;93.855;0.5315;0.4349;-0.2951;0.0966;0.73;0.1818;1.3735;0;17.654;0;0
24/06/21 10:00;27.726;-23.315;54.38;53.018;36.982;-90;-36.982;51.903;51.499;0.4041;12.86;7.06;0;0.5059;46.289;0.0423;0;0.7309;47.568;0;47.568;0.5059;0.0423;46.289;0.7309;0.0106;0.9885;0;0.0154;44.044;3.5235;0;0;2.8613;0.6622;42.581;1.4191;0.0099;0.0008;1.4001;0.0084;44;0.044;0.0005;0;0.0434;0.0001;42.829;0.4955;0.0415;41.984;0.0603;32.365;27.866;7.4869;1.4407;0.3197;4.5986;0.2481;3.4776;0;1;0;0;0.9165;0.9259;1;1;0.9382;0.0941;0.9677;0.9805;1;0.9677;0.8784;0.999;0.999;1;0.999;0.999;0.8952;0.907;0.0825;0.1428;0.1387;0.0008;0.0131;-0.0053;0.0009;0.0032;0.0009;0;0;0.088;0;0.029;0;0;0;0;0;0;0;0;0;0;0;0;0.0026;0.0001;0.1224;0.1224;0;14.607;14.607;1.747;0.041;116.82;1047.6;1;0.0053;0.0053;0;0;0;0;0;0;0.117;0.029;0;16.32;18.899;3.8737;4.4857;95.643;95.643;1.1416;0.9781;0.2321;0.1636;0.7459;0.1433;0.6534;0.2033;32.152;0.1896;0
24/06/21 11:00;31.048;-7.9751;58.043;77.022;12.978;-90;-12.978;14.807;14.801;0.0066;13.24;6.74;0;0.0068;14.611;0.0001;0;0.0265;14.645;0;14.645;0.0068;0.0001;14.611;0.0265;0.0005;0.9995;0;0.0018;14.459;0.1859;0;0;0.1639;0.0221;13.881;0.5639;0.0002;0;0.5628;0.001;14.444;0.0145;0;0;0.0144;0;13.886;0.0066;0.0001;13.87;0.0034;8.8355;7.6074;1.8832;0.0112;0.0729;1.0484;0.0054;1.1101;0;1;0;0;0.989;0.9873;1;1;0.9888;0.1665;0.961;0.9702;1;0.961;0.7753;0.999;0.999;1;0.999;0.999;0.9478;0.9493;0.1289;0.044;0.044;0.0003;0.0074;-0.0018;0.0003;0.0009;0.0002;0;0;0.088;0;-0.0548;0;0;0;0;0;0;0;0;0;0;0;0;0.0008;0;0.036;0.036;0;13.819;13.819;0.579;0.0417;35.952;1000.7;1;0.0028;0.0028;0;0;0;0;0;0;0.0332;-0.0548;0;15.584;18.046;-23.758;-27.511;92.15;92.15;0.3515;0.2875;-0.4383;0.0639;0.7259;0.1819;2.0652;0;8.8316;0;0
24/06/21 12:00;31.035;8.0992;58.028;76.821;13.179;90;13.179;218.4;204.4;13.996;13.72;5.8999;0;14.374;197.57;4.3099;0;0.4026;216.66;0;216.66;14.374;4.3099;197.57;0.4026;0.0663;0.9138;0;0.0019;214.04;2.6157;0;0;2.2794;0.3362;205.67;8.1508;0.427;0.128;7.5809;0.0149;213.83;0.214;0.0144;0.0043;0.1953;0.0001;205.76;13.933;4.1776;187.51;0.0514;130.02;111.95;27.842;0.1605;1.0637;15.301;0.0826;16.205;0;1;0;0;0.992;0.9879;1;1;0.9885;0.1649;0.9619;0.9703;1;0.9611;0.7747;0.999;0.999;1;0.999;0.999;0.9493;0.9491;0.1276;0.6506;0.652;0.0039;0.0173;-0.0068;0.0045;0.0158;0.003;0;0;0.088;0;0.5016;0;0;0;0;0;0;0;0;0;0;0;0;0.0127;0.0012;0.6003;0.6003;0;22.075;22.075;8.3547;0.0406;557.02;1077.7;1;0.0107;0.0107;0;0;0;0;0;0;0.5896;0.5016;0;17.577;20.354;14.686;17.006;98.212;98.212;5.1997;4.7977;4.0086;0.402;0.7891;0.0773;0.1517;0.7709;119.49;0.7322;0
24/06/21 13:00;27.688;23.429;54.34;52.848;37.152;90;37.152;213.2;196;17.201;14.21;4.7799;0;21.581;171.18;6.8846;0;3.0291;202.67;0;202.67;21.581;6.8846;171.18;3.0291;0.1065;0.8595;0;0.0149;189.25;13.428;0;0;10.675;2.7529;183.3;5.7604;0.4186;0.1335;5.1748;0.0335;189.06;0.1892;0.0216;0.0069;0.1605;0.0003;184.31;21.141;6.7442;155.17;0.2423;130.07;111.99;29.971;5.4126;1.268;18.24;1.0178;14.096;0;1;0;0;0.9506;0.9337;1;1;0.9376;0.0912;0.9695;0.9806;1;0.9677;0.8784;0.999;0.999;1;0.999;0.999;0.9044;0.9065;0.08;0.6086;0.5936;0.0036;0.0177;-0.0071;0.0041;0.0144;0.0036;0;0;0.088;0;0.4468;0;0;0;0;0;0;0;0;0;0;0;0;0.0116;0.001;0.5448;0.5448;0;21.66;21.66;7.4502;0.0406;506.62;1075.4;1;0.01;0.01;0;0;0;0;0;0;0.5348;0.4468;0;17.052;19.746;13.985;16.195;98.169;98.169;4.8642;4.354;3.571;0.5101;0.783;0.1049;0.161;0.7341;119.07;0.6878;0
24/06/21 14:00;21.5;36.962;48.025;33.23;56.77;90;56.77;201.3;172.4;28.906;14.4;3.8299;0;52.747;125.48;18.764;0;6.3692;203.36;0;203.36;52.747;18.764;125.48;6.3692;0.2594;0.6483;0;0.0313;182.77;20.586;0;0;14.604;5.9817;177.92;4.6669;0.6101;0.217;3.8203;0.0194;182.59;0.1828;0.0527;0.0188;0.1109;0.0004;180.28;52.085;18.528;106.94;0.3677;115.1;99.1;28.543;17.228;1.799;25.878;2.3525;10.449;0;1;0;0;1.0102;0.8988;1;1;0.8836;0.0608;0.9744;0.9884;1;0.9655;0.9498;0.999;0.999;1;0.999;0.999;0.8749;0.8523;0.0577;0.6107;0.5975;0.0036;0.0177;-0.0072;0.0041;0.0145;0.0051;0;0;0.088;0;0.4491;0;0;0;0;0;0;0;0;0;0;0;0;0.0117;0.001;0.5471;0.5471;0;21.634;21.634;7.2335;0.0407;509.31;1074.3;1;0.01;0.01;0;0;0;0;0;0;0.5371;0.4491;0;17.067;19.764;14.011;16.224;98.174;98.174;4.8806;4.3727;3.5895;0.5079;0.7831;0.1041;0.1605;0.7355;105.25;0.6715;0
24/06/21 15:00;13.168;48.449;56.461;17.361;28.999;90;28.999;195.5;100.3;95.204;15;2.99;0;230.9;64.299;76.879;0;1.7157;373.79;0;373.79;230.9;76.879;64.299;1.7157;0.6177;0.1766;0;0.0046;369.58;4.213;0;0;2.7123;1.5007;359.55;9.6562;5.7062;1.8999;2.0106;0.0395;369.21;0.3696;0.2309;0.0769;0.0616;0.0002;359.75;224.96;74.903;59.514;0.1752;42.714;36.777;9.3112;0.8658;0.3916;5.6335;0.1958;5.1594;0;1;0;0;1.912;0.9887;1;1;0.9578;0.1253;0.9738;0.9753;1;0.9673;0.8159;0.999;0.999;1;0.999;0.999;0.9619;0.9256;0.1021;1.1225;1.0954;0.0066;0.0121;0.018;0.0074;0.0263;0.0011;0;0;0.088;0;0.8953;0;0;0;0;0;0;0;0;0;0;0;0;0.0212;0.003;0.9997;0.9997;0;29.639;29.639;14.64;0.0407;939.95;1063.6;1;0.0164;0.0164;0;0;0;0;0;0;0.9833;0.8953;0;16.966;19.647;15.195;17.595;98.362;98.362;8.971;7.9897;7.1556;0.9813;0.8342;0.1094;0.093;0.7976;42.092;0.7887;0
24/06/21 16:00;4.3634;57.271;79.367;5.1827;7.4724;90;7.4724;29.009;28.297;0.7117;13.68;3.1001;0;1.726;27.978;0.4855;0;0.0172;30.206;0;30.206;1.726;0.4855;27.978;0.0172;0.0571;0.9268;0;0.0006;30.066;0.14;0;0;0.1256;0.0144;28.197;1.8397;0.5158;0.1451;1.1782;0.0006;30.036;0.0301;0.0017;0.0005;0.0279;0;28.199;1.2085;0.3399;26.646;0.0022;16.684;14.365;3.5327;0.0025;0.1379;1.9841;0.0021;2.1195;0;1;0;0;1.0413;0.9954;1;1;0.9955;0.1645;0.9387;0.7009;1;0.9577;0.7754;0.999;0.999;1;0.999;0.999;0.9335;0.9524;0.1274;0.0907;0.0891;0.0005;0.0106;-0.0033;0.0006;0.002;0.0004;0;0;0.088;0;-0.0153;0;0;0;0;0;0;0;0;0;0;0;0;0.0016;0.0001;0.0766;0.0766;0;14.844;14.844;1.1636;0.0413;74.516;1028.5;1;0.004;0.004;0;0;0;0;0;0;0.0727;-0.0153;0;16.095;18.638;-3.2175;-3.7258;94.83;94.83;0.725;0.6125;-0.1224;0.1124;0.735;0.1551;1.0138;0;16.68;0;0
24/06/21 17:00;0;0;90;0;0;90;0;0;0;0;9.77;3.1801;0;0;0;0;0;0;0;0;0;0;0;0;0;1;1;1;1;0;0;0;0;0;0;0;0;0;0;0;0;0;0;0;0;0;0;0;0;0;0;0;0;0;0;0;0;0;0;0;0;0;0;0;1;1;1;1;1;1;1;1;1;1;1;1;1;1;1;1;1;1;1;0;0;0;0;0;0;0;0;0;0.0004;0.088;0;-0.0884;0;0;0;0;0;0;0;0;0;0;0;0;0;0;0;0;0;0;0;-9.77;0;0;0;0;0.0004;0;0;0;0;0;0;0;-0.0004;-0.0884;0;0;0;0;0;0;0;0;0;-0.7063;0;0.7063;1;1;0;0;0;0
24/06/21 18:00;0;0;90;0;0;90;0;0;0;0;8.5003;3.1999;0;0;0;0;0;0;0;0;0;0;0;0;0;1;1;1;1;0;0;0;0;0;0;0;0;0;0;0;0;0;0;0;0;0;0;0;0;0;0;0;0;0;0;0;0;0;0;0;0;0;0;0;1;1;1;1;1;1;1;1;1;1;1;1;1;1;1;1;1;1;1;0;0;0;0;0;0;0;0;0;0.0004;0.088;0;-0.0884;0;0;0;0;0;0;0;0;0;0;0;0;0;0;0;0;0;0;0;-8.5003;0;0;0;0;0.0004;0;0;0;0;0;0;0;-0.0004;-0.0884;0;0;0;0;0;0;0;0;0;-0.7063;0;0.7063;1;1;0;0;0;0
24/06/21 19:00;0;0;90;0;0;90;0;0;0;0;7.9997;3.31;0;0;0;0;0;0;0;0;0;0;0;0;0;1;1;1;1;0;0;0;0;0;0;0;0;0;0;0;0;0;0;0;0;0;0;0;0;0;0;0;0;0;0;0;0;0;0;0;0;0;0;0;1;1;1;1;1;1;1;1;1;1;1;1;1;1;1;1;1;1;1;0;0;0;0;0;0;0;0;0;0.0004;0.088;0;-0.0884;0;0;0;0;0;0;0;0;0;0;0;0;0;0;0;0;0;0;0;-7.9997;0;0;0;0;0.0004;0;0;0;0;0;0;0;-0.0004;-0.0884;0;0;0;0;0;0;0;0;0;-0.7063;0;0.7063;1;1;0;0;0;0
24/06/21 20:00;0;0;90;0;0;90;0;0;0;0;8.0602;3.53;0;0;0;0;0;0;0;0;0;0;0;0;0;1;1;1;1;0;0;0;0;0;0;0;0;0;0;0;0;0;0;0;0;0;0;0;0;0;0;0;0;0;0;0;0;0;0;0;0;0;0;0;1;1;1;1;1;1;1;1;1;1;1;1;1;1;1;1;1;1;1;0;0;0;0;0;0;0;0;0;0.0004;0.088;0;-0.0884;0;0;0;0;0;0;0;0;0;0;0;0;0;0;0;0;0;0;0;-8.0602;0;0;0;0;0.0004;0;0;0;0;0;0;0;-0.0004;-0.0884;0;0;0;0;0;0;0;0;0;-0.7063;0;0.7063;1;1;0;0;0;0
24/06/21 21:00;0;0;90;0;0;90;0;0;0;0;10.22;3.8101;0;0;0;0;0;0;0;0;0;0;0;0;0;1;1;1;1;0;0;0;0;0;0;0;0;0;0;0;0;0;0;0;0;0;0;0;0;0;0;0;0;0;0;0;0;0;0;0;0;0;0;0;1;1;1;1;1;1;1;1;1;1;1;1;1;1;1;1;1;1;1;0;0;0;0;0;0;0;0;0;0.0004;0.088;0;-0.0884;0;0;0;0;0;0;0;0;0;0;0;0;0;0;0;0;0;0;0;-10.22;0;0;0;0;0.0004;0;0;0;0;0;0;0;-0.0004;-0.0884;0;0;0;0;0;0;0;0;0;-0.7063;0;0.7063;1;1;0;0;0;0
24/06/21 22:00;0;0;90;0;0;90;0;0;0;0;10.1;4.1401;0;0;0;0;0;0;0;0;0;0;0;0;0;1;1;1;1;0;0;0;0;0;0;0;0;0;0;0;0;0;0;0;0;0;0;0;0;0;0;0;0;0;0;0;0;0;0;0;0;0;0;0;1;1;1;1;1;1;1;1;1;1;1;1;1;1;1;1;1;1;1;0;0;0;0;0;0;0;0;0;0.0004;0.088;0;-0.0884;0;0;0;0;0;0;0;0;0;0;0;0;0;0;0;0;0;0;0;-10.1;0;0;0;0;0.0004;0;0;0;0;0;0;0;-0.0004;-0.0884;0;0;0;0;0;0;0;0;0;-0.7063;0;0.7063;1;1;0;0;0;0
24/06/21 23:00;0;0;90;0;0;90;0;0;0;0;10.52;4.3001;0;0;0;0;0;0;0;0;0;0;0;0;0;1;1;1;1;0;0;0;0;0;0;0;0;0;0;0;0;0;0;0;0;0;0;0;0;0;0;0;0;0;0;0;0;0;0;0;0;0;0;0;1;1;1;1;1;1;1;1;1;1;1;1;1;1;1;1;1;1;1;0;0;0;0;0;0;0;0;0;0.0004;0.088;0;-0.0884;0;0;0;0;0;0;0;0;0;0;0;0;0;0;0;0;0;0;0;-10.52;0;0;0;0;0.0004;0;0;0;0;0;0;0;-0.0004;-0.0884;0;0;0;0;0;0;0;0;0;-0.7063;0;0.7063;1;1;0;0;0;0
25/06/21 00:00;0;0;90;0;0;90;0;0;0;0;10.1;4.19;0;0;0;0;0;0;0;0;0;0;0;0;0;1;1;1;1;0;0;0;0;0;0;0;0;0;0;0;0;0;0;0;0;0;0;0;0;0;0;0;0;0;0;0;0;0;0;0;0;0;0;0;1;1;1;1;1;1;1;1;1;1;1;1;1;1;1;1;1;1;1;0;0;0;0;0;0;0;0;0;0.0004;0.088;0;-0.0884;0;0;0;0;0;0;0;0;0;0;0;0;0;0;0;0;0;0;0;-10.1;0;0;0;0;0.0004;0;0;0;0;0;0;0;-0.0004;-0.0884;0;0;0;0;0;0;0;0;0;-0.7063;0;0.7063;1;1;0;0;0;0
25/06/21 01:00;0;0;90;0;0;90;0;0;0;0;10.48;3.9701;0;0;0;0;0;0;0;0;0;0;0;0;0;1;1;1;1;0;0;0;0;0;0;0;0;0;0;0;0;0;0;0;0;0;0;0;0;0;0;0;0;0;0;0;0;0;0;0;0;0;0;0;1;1;1;1;1;1;1;1;1;1;1;1;1;1;1;1;1;1;1;0;0;0;0;0;0;0;0;0;0.0004;0.088;0;-0.0884;0;0;0;0;0;0;0;0;0;0;0;0;0;0;0;0;0;0;0;-10.48;0;0;0;0;0.0004;0;0;0;0;0;0;0;-0.0004;-0.0884;0;0;0;0;0;0;0;0;0;-0.7063;0;0.7063;1;1;0;0;0;0
25/06/21 02:00;0;0;90;0;0;90;0;0;0;0;10.61;3.7301;0;0;0;0;0;0;0;0;0;0;0;0;0;1;1;1;1;0;0;0;0;0;0;0;0;0;0;0;0;0;0;0;0;0;0;0;0;0;0;0;0;0;0;0;0;0;0;0;0;0;0;0;1;1;1;1;1;1;1;1;1;1;1;1;1;1;1;1;1;1;1;0;0;0;0;0;0;0;0;0;0.0004;0.088;0;-0.0884;0;0;0;0;0;0;0;0;0;0;0;0;0;0;0;0;0;0;0;-10.61;0;0;0;0;0.0004;0;0;0;0;0;0;0;-0.0004;-0.0884;0;0;0;0;0;0;0;0;0;-0.7063;0;0.7063;1;1;0;0;0;0
25/06/21 03:00;0;0;90;0;0;90;0;0;0;0;9.6298;3.5899;0;0;0;0;0;0;0;0;0;0;0;0;0;1;1;1;1;0;0;0;0;0;0;0;0;0;0;0;0;0;0;0;0;0;0;0;0;0;0;0;0;0;0;0;0;0;0;0;0;0;0;0;1;1;1;1;1;1;1;1;1;1;1;1;1;1;1;1;1;1;1;0;0;0;0;0;0;0;0;0;0.0004;0.088;0;-0.0884;0;0;0;0;0;0;0;0;0;0;0;0;0;0;0;0;0;0;0;-9.6298;0;0;0;0;0.0004;0;0;0;0;0;0;0;-0.0004;-0.0884;0;0;0;0;0;0;0;0;0;-0.7063;0;0.7063;1;1;0;0;0;0
25/06/21 04:00;0;0;90;0;0;90;0;0;0;0;9.7999;3.4201;0;0;0;0;0;0;0;0;0;0;0;0;0;1;1;1;1;0;0;0;0;0;0;0;0;0;0;0;0;0;0;0;0;0;0;0;0;0;0;0;0;0;0;0;0;0;0;0;0;0;0;0;1;1;1;1;1;1;1;1;1;1;1;1;1;1;1;1;1;1;1;0;0;0;0;0;0;0;0;0;0.0004;0.088;0;-0.0884;0;0;0;0;0;0;0;0;0;0;0;0;0;0;0;0;0;0;0;-9.7999;0;0;0;0;0.0004;0;0;0;0;0;0;0;-0.0004;-0.0884;0;0;0;0;0;0;0;0;0;-0.7063;0;0.7063;1;1;0;0;0;0
25/06/21 05:00;0;0;90;0;0;90;0;0;0;0;9.8797;3.2501;0;0;0;0;0;0;0;0;0;0;0;0;0;1;1;1;1;0;0;0;0;0;0;0;0;0;0;0;0;0;0;0;0;0;0;0;0;0;0;0;0;0;0;0;0;0;0;0;0;0;0;0;1;1;1;1;1;1;1;1;1;1;1;1;1;1;1;1;1;1;1;0;0;0;0;0;0;0;0;0;0.0004;0.088;0;-0.0884;0;0;0;0;0;0;0;0;0;0;0;0;0;0;0;0;0;0;0;-9.8797;0;0;0;0;0.0004;0;0;0;0;0;0;0;-0.0004;-0.0884;0;0;0;0;0;0;0;0;0;-0.7063;0;0.7063;1;1;0;0;0;0
25/06/21 06:00;0;0;90;0;0;90;0;0;0;0;9.7301;3.2799;0;0;0;0;0;0;0;0;0;0;0;0;0;1;1;1;1;0;0;0;0;0;0;0;0;0;0;0;0;0;0;0;0;0;0;0;0;0;0;0;0;0;0;0;0;0;0;0;0;0;0;0;1;1;1;1;1;1;1;1;1;1;1;1;1;1;1;1;1;1;1;0;0;0;0;0;0;0;0;0;0.0004;0.088;0;-0.0884;0;0;0;0;0;0;0;0;0;0;0;0;0;0;0;0;0;0;0;-9.7301;0;0;0;0;0.0004;0;0;0;0;0;0;0;-0.0004;-0.0884;0;0;0;0;0;0;0;0;0;-0.7063;0;0.7063;1;1;0;0;0;0
25/06/21 07:00;4.4266;-57.251;79.211;5.2589;7.5848;-90;-7.5848;12.502;12.299;0.2027;9.2103;3.8901;0;0.4917;12.221;0.0593;0;0.0077;12.78;0;12.78;0.4917;0.0593;12.221;0.0077;0.0385;0.9569;0;0.0006;12.717;0.0624;0;0;0.056;0.0064;12.029;0.676;0.1444;0.0174;0.5139;0.0003;12.705;0.0127;0.0005;0.0001;0.0122;0;12.03;0.3468;0.0418;11.639;0.001;7.2887;6.2756;1.5433;0.0011;0.0603;0.8668;0.001;0.9259;0;1;0;0;1.0222;0.9951;1;1;0.9954;0.1655;0.9468;0.706;1;0.9577;0.7757;0.999;0.999;1;0.999;0.999;0.9412;0.9524;0.1282;0.0384;0.0381;0.0002;0.0068;-0.0021;0.0002;0.0008;0.0002;0;0;0.088;0;-0.0595;0;0;0;0;0;0;0;0;0;0;0;0;0.0007;0;0.0312;0.0312;0;9.7118;9.7118;0.5015;0.0417;30.81;1012.2;1;0.0027;0.0027;0;0;0;0;0;0;0.0285;-0.0595;0;15.48;17.925;-29.558;-34.227;91.238;91.238;0.3067;0.2492;-0.4759;0.0575;0.7251;0.1874;2.3642;0;7.2876;0;0
25/06/21 08:00;13.229;-48.42;56.289;17.446;29.199;-90;-29.199;189.51;38.601;150.9;10.24;4.12;0;365.98;18.12;46.692;0;1.6856;432.48;0;432.48;365.98;46.692;18.12;1.6856;0.8462;0.0458;0;0.0039;430.24;2.2433;0;0;0.7714;1.4719;419.21;10.602;8.8658;1.1311;0.566;0.0387;429.81;0.4302;0.366;0.0467;0.0173;0.0002;419.26;356.75;45.514;16.765;0.1748;12.711;10.945;2.9336;0.2502;0.1055;1.5174;0.0528;1.3728;0;1;0;0;2.2822;0.9948;1;1;0.9574;0.1268;0.9753;0.9758;1;0.9673;0.8186;0.999;0.999;1;0.999;0.999;0.9693;0.9252;0.1037;1.2987;1.266;0.0076;0.0096;0.0101;0.0087;0.0307;0.0003;0;0;0.088;0;1.0631;0;0;0;0;0;0;0;0;0;0;0;0;0.0248;0.0039;1.1702;1.1702;0;27.259;27.259;17.019;0.0406;1086.7;1076.9;1;0.0192;0.0192;0;0;0;0;0;0;1.1511;1.0631;0;17.165;19.877;15.593;18.056;98.362;98.362;10.38;9.3525;8.4961;1.0271;0.8565;0.0989;0.0825;0.8185;11.878;0.8164;0
25/06/21 09:00;21.555;-36.922;48.034;33.328;56.672;-90;-56.672;159.4;143.8;15.6;11.28;4.6101;0;28.393;107.83;8.4052;0;5.0275;149.65;0;149.65;28.393;8.4052;107.83;5.0275;0.1897;0.7541;0;0.0336;132.45;17.204;0;0;12.493;4.7107;128.59;3.7232;0.3286;0.0973;3.282;0.0154;132.32;0.1325;0.0284;0.0084;0.0953;0.0003;130.54;28.036;8.2996;91.958;0.3011;95.486;82.213;23.79;14.714;1.5127;21.76;1.9417;8.5586;0;1;0;0;0.9388;0.885;1;1;0.8841;0.063;0.9719;0.9884;1;0.9655;0.9515;0.999;0.999;1;0.999;0.999;0.8593;0.8528;0.0599;0.4494;0.439;0.0026;0.018;-0.0135;0.003;0.0107;0.0043;0;0;0.088;0;0.3079;0;0;0;0;0;0;0;0;0;0;0;0;0.0086;0.0006;0.4045;0.4045;0;16.5;16.5;5.2206;0.0406;373.29;1083.7;1;0.0086;0.0086;0;0;0;0;0;0;0.3959;0.3079;0;17.147;19.856;13.053;15.116;97.88;97.88;3.5917;3.233;2.4611;0.3588;0.7718;0.0999;0.2149;0.6852;90.366;0.618;0
25/06/21 10:00;27.734;-23.375;54.338;52.962;37.038;-90;-37.038;500.3;82.597;417.7;10.99;5.52;0;523.28;23.849;70.245;0;7.066;624.44;0;624.44;523.28;70.245;23.849;7.066;0.838;0.0495;0;0.0113;616.56;7.8807;0;0;1.4778;6.4029;603.64;12.311;10.147;1.3621;0.7213;0.0802;615.95;0.6166;0.5233;0.0702;0.0224;0.0007;605.61;512.61;68.812;21.628;0.5822;246.82;212.52;55.943;0.7479;1.8475;26.575;1.9769;27.675;0;1;0;0;1.2481;0.9874;1;1;0.938;0.0938;0.98;0.9806;1;0.9677;0.8789;0.999;0.999;1;0.999;0.999;0.9667;0.9069;0.0824;1.8752;1.8801;0.0113;0.0016;0.0699;0.0126;0.0446;0.0051;0;0;0.088;0;1.5752;0;0;0;0;0;0;0;0;0;0;0;0;0.0359;0.0081;1.6909;1.6909;0;35.629;35.629;24.639;0.0408;1615.5;1046.7;1;0.0278;0.0278;0;0;0;0;0;0;1.6632;1.5752;0;17.178;19.892;16.002;18.53;98.357;98.357;14.987;13.514;12.589;1.4726;0.9253;0.0983;0.0617;0.84;16.573;0.8141;0
25/06/21 11:00;31.069;-8.0325;58.01;76.942;13.058;-90;-13.058;362.09;210.6;151.49;11.53;6.19;0;155.51;161.72;47.999;0;0.6554;365.89;0;365.89;155.51;47.999;161.72;0.6554;0.425;0.4438;0;0.0018;363.51;2.3786;0;0;1.8324;0.5463;350.87;12.277;4.6102;1.4229;6.2198;0.0245;363.15;0.3635;0.1555;0.048;0.1599;0.0001;351.01;150.75;46.528;153.51;0.0845;212.53;182.98;46.707;0.1272;1.6522;23.766;0.1364;25.291;0;1;0;0;1.0105;0.9935;1;1;0.9887;0.1665;0.9662;0.9703;1;0.9611;0.7753;0.999;0.999;1;0.999;0.999;0.959;0.9492;0.1289;1.0988;1.1073;0.0067;0.0119;0.003;0.0076;0.027;0.0047;0;0;0.088;0;0.9168;0;0;0;0;0;0;0;0;0;0;0;0;0.0217;0.003;1.0217;1.0217;0;25.772;25.772;14.242;0.0406;947.3;1078.6;1;0.0169;0.0169;0;0;0;0;0;0;1.0048;0.9168;0;17.714;20.513;15.895;18.406;98.344;98.344;8.7814;8.1657;7.3271;0.6158;0.8385;0.0701;0.0955;0.8344;97.776;0.7957;0
25/06/21 12:00;31.067;8.0495;58.008;76.915;13.085;90;13.085;155.1;151.9;3.2077;11.8;6.2999;0;3.2932;149.22;0.7331;0;0.2819;153.53;0;153.53;3.2932;0.7331;149.22;0.2819;0.0215;0.9738;0;0.0018;151.59;1.9365;0;0;1.7011;0.2354;145.58;5.8652;0.0976;0.0217;5.7354;0.0105;151.44;0.1516;0.0033;0.0007;0.1475;0;145.63;3.1923;0.7107;141.64;0.036;92.493;79.637;19.997;0.1181;0.7446;10.711;0.056;11.338;0;1;0;0;0.9898;0.9874;1;1;0.9886;0.1649;0.9613;0.9703;1;0.9611;0.7747;0.999;0.999;1;0.999;0.999;0.9482;0.9492;0.1276;0.461;0.4612;0.0028;0.0181;-0.0121;0.0032;0.0112;0.0021;0;0;0.088;0;0.3294;0;0;0;0;0;0;0;0;0;0;0;0;0.009;0.0007;0.4262;0.4262;0;17.709;17.709;5.9092;0.0406;393.4;1083.5;1;0.0088;0.0088;0;0;0;0;0;0;0.4174;0.3294;0;17.612;20.394;13.612;15.763;97.935;97.935;3.6847;3.4066;2.6329;0.2781;0.7737;0.0755;0.21;0.7146;90.224;0.6791;0
25/06/21 13:00;27.729;23.39;54.333;52.939;37.061;90;37.061;466.99;92.702;374.29;11.42;5.9899;0;469.04;32.634;70.678;0;6.6036;578.96;0;578.96;469.04;70.678;32.634;6.6036;0.8101;0.0678;0;0.0114;570.93;8.0268;0;0;2.0275;5.9993;558.84;11.52;9.0897;1.3697;0.9868;0.0739;570.36;0.5709;0.469;0.0707;0.0306;0.0006;560.7;459.49;69.238;29.59;0.5298;231.93;199.69;52.597;1.0248;1.755;25.245;1.8585;25.975;0;1;0;0;1.2398;0.9861;1;1;0.9379;0.0915;0.9798;0.9806;1;0.9677;0.8775;0.999;0.999;1;0.999;0.999;0.9653;0.9067;0.0802;1.7386;1.742;0.0105;0.0032;0.0562;0.0117;0.0415;0.0048;0;0;0.088;0;1.46;0;0;0;0;0;0;0;0;0;0;0;0;0.0334;0.007;1.5736;1.5736;0;34.21;34.21;22.79;0.0408;1496.7;1051.4;1;0.0256;0.0256;0;0;0;0;0;0;1.548;1.46;0;17.242;19.966;15.997;18.525;98.373;98.373;13.895;12.576;11.668;1.3187;0.9079;0.0949;0.0653;0.8398;22.683;0.8132;0
25/06/21 14:00;21.548;36.935;48.026;33.31;56.69;90;56.69;46.707;46.297;0.4098;11.93;4.6901;0;0.7463;35.831;0.0712;0;1.474;38.122;0;38.122;0.7463;0.0712;35.831;1.474;0.0196;0.9786;0;0.0387;32.576;5.5462;0;0;4.1619;1.3843;31.439;1.1045;0.0086;0.0008;1.0906;0.0045;32.544;0.0326;0.0007;0.0001;0.0317;0.0001;32.049;0.7369;0.0703;30.547;0.0851;30.142;25.952;7.5824;4.8949;0.4891;7.0348;0.61;2.6289;0;1;0;0;0.8162;0.8545;1;1;0.8838;0.0608;0.9661;0.9884;1;0.9655;0.9501;0.999;0.999;1;0.999;0.999;0.8247;0.8525;0.0577;0.1145;0.1114;0.0007;0.0118;-0.0048;0.0007;0.0026;0.0013;0;0;0.088;0;0.0043;0;0;0;0;0;0;0;0;0;0;0;0;0.0021;0.0001;0.0969;0.0969;0;13.223;13.223;1.2936;0.0411;93.115;1040.8;1;0.0046;0.0046;0;0;0;0;0;0;0.0923;0.0043;0;16.127;18.675;0.7214;0.8354;95.274;95.274;0.9149;0.7745;0.0346;0.1404;0.7399;0.1534;0.8087;0.0379;30.028;0.0333;0
25/06/21 15:00;13.219;48.431;56.317;17.431;29.162;90;29.162;162.9;116.9;45.998;10.9;3.6501;0;111.56;92.835;43.133;0;1.4454;248.97;0;248.97;111.56;43.133;92.835;1.4454;0.4481;0.3787;0;0.0058;243.75;5.2166;0;0;3.9513;1.2653;236.82;6.6924;2.7112;1.0483;2.9001;0.033;243.51;0.2438;0.1116;0.0431;0.0889;0.0002;237.09;108.73;42.042;85.894;0.147;61.153;52.652;13.684;1.2745;0.54;7.768;0.2695;7.0336;0;1;0;0;1.5284;0.979;1;1;0.9574;0.1246;0.9725;0.9757;1;0.9673;0.8168;0.999;0.999;1;0.999;0.999;0.9512;0.9252;0.1017;0.7477;0.7305;0.0044;0.0167;-0.0117;0.005;0.0179;0.0015;0;0;0.088;0;0.5808;0;0;0;0;0;0;0;0;0;0;0;0;0.0144;0.0015;0.6808;0.6808;0;20.496;20.496;9.5962;0.0405;624.93;1089.3;1;0.012;0.012;0;0;0;0;0;0;0.6688;0.5808;0;17.345;20.085;14.797;17.135;98.237;98.237;5.9753;5.4406;4.6414;0.5347;0.7992;0.0895;0.1337;0.7768;60.84;0.759;0
25/06/21 16:00;4.4157;57.261;79.238;5.2453;7.5648;90;7.5648;14.592;14.501;0.091;11.1;3.45;0;0.2207;14.425;0.0314;0;0.0089;14.686;0;14.686;0.2207;0.0314;14.425;0.0089;0.015;0.9828;0;0.0006;14.613;0.0735;0;0;0.0661;0.0074;13.917;0.6813;0.065;0.0093;0.6067;0.0003;14.598;0.0146;0.0002;0;0.0144;0;13.918;0.1555;0.0221;13.738;0.0011;8.6021;7.4064;1.8213;0.0013;0.0711;1.0231;0.0012;1.0929;0;1;0;0;1.0064;0.995;1;1;0.9954;0.1645;0.9533;0.7051;1;0.9577;0.7754;0.999;0.999;1;0.999;0.999;0.9476;0.9524;0.1274;0.0441;0.0441;0.0003;0.0074;-0.0021;0.0003;0.001;0.0002;0;0;0.088;0;-0.0545;0;0;0;0;0;0;0;0;0;0;0;0;0.0008;0;0.0363;0.0363;0;11.68;11.68;0.5795;0.0416;35.965;1010.3;1;0.0029;0.0029;0;0;0;0;0;0;0.0335;-0.0545;0;15.695;18.175;-23.55;-27.27;92.137;92.137;0.3525;0.2904;-0.4357;0.0621;0.7261;0.1761;2.0601;0;8.6016;0;0
25/06/21 17:00;0;0;90;0;0;90;0;0;0;0;9.1903;3.53;0;0;0;0;0;0;0;0;0;0;0;0;0;1;1;1;1;0;0;0;0;0;0;0;0;0;0;0;0;0;0;0;0;0;0;0;0;0;0;0;0;0;0;0;0;0;0;0;0;0;0;0;1;1;1;1;1;1;1;1;1;1;1;1;1;1;1;1;1;1;1;0;0;0;0;0;0;0;0;0;0.0004;0.088;0;-0.0884;0;0;0;0;0;0;0;0;0;0;0;0;0;0;0;0;0;0;0;-9.1903;0;0;0;0;0.0004;0;0;0;0;0;0;0;-0.0004;-0.0884;0;0;0;0;0;0;0;0;0;-0.7063;0;0.7063;1;1;0;0;0;0
25/06/21 18:00;0;0;90;0;0;90;0;0;0;0;7.6999;3.32;0;0;0;0;0;0;0;0;0;0;0;0;0;1;1;1;1;0;0;0;0;0;0;0;0;0;0;0;0;0;0;0;0;0;0;0;0;0;0;0;0;0;0;0;0;0;0;0;0;0;0;0;1;1;1;1;1;1;1;1;1;1;1;1;1;1;1;1;1;1;1;0;0;0;0;0;0;0;0;0;0.0004;0.088;0;-0.0884;0;0;0;0;0;0;0;0;0;0;0;0;0;0;0;0;0;0;0;-7.6999;0;0;0;0;0.0004;0;0;0;0;0;0;0;-0.0004;-0.0884;0;0;0;0;0;0;0;0;0;-0.7063;0;0.7063;1;1;0;0;0;0
25/06/21 19:00;0;0;90;0;0;90;0;0;0;0;9.5998;3.06;0;0;0;0;0;0;0;0;0;0;0;0;0;1;1;1;1;0;0;0;0;0;0;0;0;0;0;0;0;0;0;0;0;0;0;0;0;0;0;0;0;0;0;0;0;0;0;0;0;0;0;0;1;1;1;1;1;1;1;1;1;1;1;1;1;1;1;1;1;1;1;0;0;0;0;0;0;0;0;0;0.0004;0.088;0;-0.0884;0;0;0;0;0;0;0;0;0;0;0;0;0;0;0;0;0;0;0;-9.5998;0;0;0;0;0.0004;0;0;0;0;0;0;0;-0.0004;-0.0884;0;0;0;0;0;0;0;0;0;-0.7063;0;0.7063;1;1;0;0;0;0
25/06/21 20:00;0;0;90;0;0;90;0;0;0;0;9.9701;3;0;0;0;0;0;0;0;0;0;0;0;0;0;1;1;1;1;0;0;0;0;0;0;0;0;0;0;0;0;0;0;0;0;0;0;0;0;0;0;0;0;0;0;0;0;0;0;0;0;0;0;0;1;1;1;1;1;1;1;1;1;1;1;1;1;1;1;1;1;1;1;0;0;0;0;0;0;0;0;0;0.0004;0.088;0;-0.0884;0;0;0;0;0;0;0;0;0;0;0;0;0;0;0;0;0;0;0;-9.9701;0;0;0;0;0.0004;0;0;0;0;0;0;0;-0.0004;-0.0884;0;0;0;0;0;0;0;0;0;-0.7063;0;0.7063;1;1;0;0;0;0
25/06/21 21:00;0;0;90;0;0;90;0;0;0;0;9.0002;3.0101;0;0;0;0;0;0;0;0;0;0;0;0;0;1;1;1;1;0;0;0;0;0;0;0;0;0;0;0;0;0;0;0;0;0;0;0;0;0;0;0;0;0;0;0;0;0;0;0;0;0;0;0;1;1;1;1;1;1;1;1;1;1;1;1;1;1;1;1;1;1;1;0;0;0;0;0;0;0;0;0;0.0004;0.088;0;-0.0884;0;0;0;0;0;0;0;0;0;0;0;0;0;0;0;0;0;0;0;-9.0002;0;0;0;0;0.0004;0;0;0;0;0;0;0;-0.0004;-0.0884;0;0;0;0;0;0;0;0;0;-0.7063;0;0.7063;1;1;0;0;0;0
25/06/21 22:00;0;0;90;0;0;90;0;0;0;0;9.06;2.92;0;0;0;0;0;0;0;0;0;0;0;0;0;1;1;1;1;0;0;0;0;0;0;0;0;0;0;0;0;0;0;0;0;0;0;0;0;0;0;0;0;0;0;0;0;0;0;0;0;0;0;0;1;1;1;1;1;1;1;1;1;1;1;1;1;1;1;1;1;1;1;0;0;0;0;0;0;0;0;0;0.0004;0.088;0;-0.0884;0;0;0;0;0;0;0;0;0;0;0;0;0;0;0;0;0;0;0;-9.06;0;0;0;0;0.0004;0;0;0;0;0;0;0;-0.0004;-0.0884;0;0;0;0;0;0;0;0;0;-0.7063;0;0.7063;1;1;0;0;0;0
25/06/21 23:00;0;0;90;0;0;90;0;0;0;0;8.0802;2.8601;0;0;0;0;0;0;0;0;0;0;0;0;0;1;1;1;1;0;0;0;0;0;0;0;0;0;0;0;0;0;0;0;0;0;0;0;0;0;0;0;0;0;0;0;0;0;0;0;0;0;0;0;1;1;1;1;1;1;1;1;1;1;1;1;1;1;1;1;1;1;1;0;0;0;0;0;0;0;0;0;0.0004;0.088;0;-0.0884;0;0;0;0;0;0;0;0;0;0;0;0;0;0;0;0;0;0;0;-8.0802;0;0;0;0;0.0004;0;0;0;0;0;0;0;-0.0004;-0.0884;0;0;0;0;0;0;0;0;0;-0.7063;0;0.7063;1;1;0;0;0;0
26/06/21 00:00;0;0;90;0;0;90;0;0;0;0;8.6;2.9;0;0;0;0;0;0;0;0;0;0;0;0;0;1;1;1;1;0;0;0;0;0;0;0;0;0;0;0;0;0;0;0;0;0;0;0;0;0;0;0;0;0;0;0;0;0;0;0;0;0;0;0;1;1;1;1;1;1;1;1;1;1;1;1;1;1;1;1;1;1;1;0;0;0;0;0;0;0;0;0;0.0004;0.088;0;-0.0884;0;0;0;0;0;0;0;0;0;0;0;0;0;0;0;0;0;0;0;-8.6;0;0;0;0;0.0004;0;0;0;0;0;0;0;-0.0004;-0.0884;0;0;0;0;0;0;0;0;0;-0.7063;0;0.7063;1;1;0;0;0;0
26/06/21 01:00;0;0;90;0;0;90;0;0;0;0;8.5302;3.1099;0;0;0;0;0;0;0;0;0;0;0;0;0;1;1;1;1;0;0;0;0;0;0;0;0;0;0;0;0;0;0;0;0;0;0;0;0;0;0;0;0;0;0;0;0;0;0;0;0;0;0;0;1;1;1;1;1;1;1;1;1;1;1;1;1;1;1;1;1;1;1;0;0;0;0;0;0;0;0;0;0.0004;0.088;0;-0.0884;0;0;0;0;0;0;0;0;0;0;0;0;0;0;0;0;0;0;0;-8.5302;0;0;0;0;0.0004;0;0;0;0;0;0;0;-0.0004;-0.0884;0;0;0;0;0;0;0;0;0;-0.7063;0;0.7063;1;1;0;0;0;0
26/06/21 02:00;0;0;90;0;0;90;0;0;0;0;8.8001;3.08;0;0;0;0;0;0;0;0;0;0;0;0;0;1;1;1;1;0;0;0;0;0;0;0;0;0;0;0;0;0;0;0;0;0;0;0;0;0;0;0;0;0;0;0;0;0;0;0;0;0;0;0;1;1;1;1;1;1;1;1;1;1;1;1;1;1;1;1;1;1;1;0;0;0;0;0;0;0;0;0;0.0004;0.088;0;-0.0884;0;0;0;0;0;0;0;0;0;0;0;0;0;0;0;0;0;0;0;-8.8001;0;0;0;0;0.0004;0;0;0;0;0;0;0;-0.0004;-0.0884;0;0;0;0;0;0;0;0;0;-0.7063;0;0.7063;1;1;0;0;0;0
26/06/21 03:00;0;0;90;0;0;90;0;0;0;0;9.0999;3.08;0;0;0;0;0;0;0;0;0;0;0;0;0;1;1;1;1;0;0;0;0;0;0;0;0;0;0;0;0;0;0;0;0;0;0;0;0;0;0;0;0;0;0;0;0;0;0;0;0;0;0;0;1;1;1;1;1;1;1;1;1;1;1;1;1;1;1;1;1;1;1;0;0;0;0;0;0;0;0;0;0.0004;0.088;0;-0.0884;0;0;0;0;0;0;0;0;0;0;0;0;0;0;0;0;0;0;0;-9.0999;0;0;0;0;0.0004;0;0;0;0;0;0;0;-0.0004;-0.0884;0;0;0;0;0;0;0;0;0;-0.7063;0;0.7063;1;1;0;0;0;0
26/06/21 04:00;0;0;90;0;0;90;0;0;0;0;9.0999;3.1999;0;0;0;0;0;0;0;0;0;0;0;0;0;1;1;1;1;0;0;0;0;0;0;0;0;0;0;0;0;0;0;0;0;0;0;0;0;0;0;0;0;0;0;0;0;0;0;0;0;0;0;0;1;1;1;1;1;1;1;1;1;1;1;1;1;1;1;1;1;1;1;0;0;0;0;0;0;0;0;0;0.0004;0.088;0;-0.0884;0;0;0;0;0;0;0;0;0;0;0;0;0;0;0;0;0;0;0;-9.0999;0;0;0;0;0.0004;0;0;0;0;0;0;0;-0.0004;-0.0884;0;0;0;0;0;0;0;0;0;-0.7063;0;0.7063;1;1;0;0;0;0
26/06/21 05:00;0;0;90;0;0;90;0;0;0;0;9.0999;2.9599;0;0;0;0;0;0;0;0;0;0;0;0;0;1;1;1;1;0;0;0;0;0;0;0;0;0;0;0;0;0;0;0;0;0;0;0;0;0;0;0;0;0;0;0;0;0;0;0;0;0;0;0;1;1;1;1;1;1;1;1;1;1;1;1;1;1;1;1;1;1;1;0;0;0;0;0;0;0;0;0;0.0004;0.088;0;-0.0884;0;0;0;0;0;0;0;0;0;0;0;0;0;0;0;0;0;0;0;-9.0999;0;0;0;0;0.0004;0;0;0;0;0;0;0;-0.0004;-0.0884;0;0;0;0;0;0;0;0;0;-0.7063;0;0.7063;1;1;0;0;0;0
26/06/21 06:00;0;0;90;0;0;90;0;0;0;0;8.8998;3.2601;0;0;0;0;0;0;0;0;0;0;0;0;0;1;1;1;1;0;0;0;0;0;0;0;0;0;0;0;0;0;0;0;0;0;0;0;0;0;0;0;0;0;0;0;0;0;0;0;0;0;0;0;1;1;1;1;1;1;1;1;1;1;1;1;1;1;1;1;1;1;1;0;0;0;0;0;0;0;0;0;0.0004;0.088;0;-0.0884;0;0;0;0;0;0;0;0;0;0;0;0;0;0;0;0;0;0;0;-8.8998;0;0;0;0;0.0004;0;0;0;0;0;0;0;-0.0004;-0.0884;0;0;0;0;0;0;0;0;0;-0.7063;0;0.7063;1;1;0;0;0;0
26/06/21 07:00;4.4143;-57.307;79.242;5.2411;7.5585;-90;-7.5585;16.8;16.497;0.3032;8.6898;3.9899;0;0.7352;16.376;0.1192;0;0.0102;17.241;0;17.241;0.7352;0.1192;16.376;0.0102;0.0426;0.9504;0;0.0006;17.157;0.0831;0;0;0.0746;0.0085;16.199;0.941;0.2166;0.0351;0.6888;0.0004;17.14;0.0172;0.0007;0.0001;0.0163;0;16.201;0.5178;0.0839;15.596;0.0013;9.7664;8.4088;2.068;0.0015;0.0807;1.1614;0.0013;1.2407;0;1;0;0;1.0262;0.9952;1;1;0.9954;0.1655;0.9451;0.705;1;0.9577;0.7757;0.999;0.999;1;0.999;0.999;0.9396;0.9524;0.1282;0.0518;0.0512;0.0003;0.008;-0.0029;0.0003;0.0011;0.0002;0;0;0.088;0;-0.0479;0;0;0;0;0;0;0;0;0;0;0;0;0.0009;0;0.0432;0.0432;0;9.3611;9.3611;0.6714;0.0414;42.053;1027.7;1;0.0031;0.0031;0;0;0;0;0;0;0.0401;-0.0479;0;15.901;18.413;-17.612;-20.394;92.871;92.871;0.4138;0.3454;-0.3825;0.0684;0.7279;0.1653;1.7592;0;9.7646;0;0
26/06/21 08:00;13.223;-48.478;56.306;17.424;29.147;-90;-29.147;86.109;79.497;6.6113;9.1099;4.17;0;16.034;72.836;4.2149;0;0.7632;93.849;0;93.849;16.034;4.2149;72.836;0.7632;0.1709;0.7842;0;0.0081;90.09;3.7583;0;0;3.092;0.6663;87.215;2.785;0.3892;0.1023;2.2759;0.0176;90;0.0901;0.016;0.0042;0.0697;0.0001;87.426;15.629;4.1084;67.399;0.0792;47.769;41.129;10.665;0.9979;0.4236;6.0927;0.2111;5.5183;0;1;0;0;1.0899;0.96;1;1;0.9575;0.127;0.9691;0.9757;1;0.9673;0.8183;0.999;0.999;1;0.999;0.999;0.9293;0.9253;0.1038;0.2818;0.2762;0.0017;0.0167;-0.0124;0.0019;0.0067;0.0012;0;0;0.088;0;0.1596;0;0;0;0;0;0;0;0;0;0;0;0;0.0054;0.0003;0.2547;0.2547;0;12.653;12.653;3.5428;0.0406;234.62;1085.5;1;0.0071;0.0071;0;0;0;0;0;0;0.2476;0.1596;0;17.215;19.935;10.786;12.49;97.209;97.209;2.2524;2.0354;1.2753;0.2169;0.7601;0.0963;0.3375;0.5662;47.728;0.54;0
26/06/21 09:00;21.559;-36.983;47.982;33.296;56.704;-90;-56.704;120.61;116.6;4.0045;9.7301;4.1599;0;7.2946;89.562;1.7508;0;3.8078;102.42;0;102.42;7.2946;1.7508;89.562;3.8078;0.0712;0.9117;0;0.0372;88.462;13.953;0;0;10.385;3.5679;85.531;2.8424;0.0842;0.0202;2.7264;0.0117;88.373;0.0885;0.0073;0.0018;0.0792;0.0002;87.084;7.2031;1.7288;76.371;0.2281;76.339;65.728;19.13;12.246;1.2336;17.744;1.5526;6.7322;0;1;0;0;0.8492;0.8638;1;1;0.884;0.063;0.9678;0.9884;1;0.9655;0.9514;0.999;0.999;1;0.999;0.999;0.8351;0.8527;0.0599;0.3076;0.2997;0.0018;0.0171;-0.0129;0.0021;0.0073;0.0035;0;0;0.088;0;0.1794;0;0;0;0;0;0;0;0;0;0;0;0;0.0059;0.0003;0.2746;0.2746;0;13.207;13.207;3.4767;0.0406;253.8;1082;1;0.0072;0.0072;0;0;0;0;0;0;0.2674;0.1794;0;17.01;19.698;11.113;12.868;97.373;97.373;2.458;2.1948;1.4339;0.2632;0.7609;0.1071;0.3096;0.5834;75.085;0.5164;0
26/06/21 10:00;27.749;-23.437;54.29;52.911;37.089;-90;-37.089;85.093;84.001;1.0919;9.7999;4.51;0;1.3688;75.37;0.1868;0;1.205;78.131;0;78.131;1.3688;0.1868;75.37;1.205;0.0175;0.9801;0;0.0154;72.358;5.7723;0;0;4.6801;1.0922;69.963;2.3227;0.0264;0.0036;2.2791;0.0136;72.286;0.0724;0.0014;0.0002;0.0707;0.0001;70.37;1.341;0.183;68.34;0.0991;53;45.633;12.294;2.3694;0.522;7.509;0.4071;5.6616;0;1;0;0;0.9182;0.9261;1;1;0.9379;0.0936;0.9679;0.9807;1;0.9677;0.8794;0.999;0.999;1;0.999;0.999;0.8955;0.9067;0.0823;0.2346;0.2278;0.0014;0.0158;-0.0103;0.0015;0.0055;0.0015;0;0;0.088;0;0.1131;0;0;0;0;0;0;0;0;0;0;0;0;0.0044;0.0002;0.2077;0.2077;0;12.649;12.649;2.8488;0.0407;192.96;1076.7;1;0.0067;0.0067;0;0;0;0;0;0;0.2011;0.1131;0;16.867;19.532;9.1795;10.63;96.781;96.781;1.8751;1.6603;0.9036;0.2148;0.7567;0.1146;0.4036;0.4819;52.397;0.4495;0
26/06/21 11:00;31.096;-8.0906;57.971;76.866;13.134;-90;-13.134;131.6;129.3;2.304;10.44;5.1601;0;2.3659;127.18;0.448;0;0.241;130.23;0;130.23;2.3659;0.448;127.18;0.241;0.0182;0.9784;0;0.0019;128.58;1.6561;0;0;1.4553;0.2009;123.47;4.9764;0.0698;0.0132;4.8844;0.009;128.45;0.1286;0.0024;0.0004;0.1257;0;123.52;2.2937;0.4343;120.71;0.0311;78.494;67.584;16.929;0.1021;0.6347;9.1305;0.0482;9.6632;0;1;0;0;0.9896;0.9873;1;1;0.9886;0.1664;0.9613;0.9705;1;0.9611;0.7753;0.999;0.999;1;0.999;0.999;0.9481;0.9492;0.1289;0.3911;0.3913;0.0024;0.0179;-0.0135;0.0027;0.0095;0.0018;0;0;0.088;0;0.2661;0;0;0;0;0;0;0;0;0;0;0;0;0.0077;0.0005;0.3623;0.3623;0;15.45;15.45;5.0101;0.0406;333.35;1086.9;1;0.0082;0.0082;0;0;0;0;0;0;0.3541;0.2661;0;17.648;20.436;12.964;15.012;97.747;97.747;3.1256;2.8955;2.127;0.2301;0.7685;0.0736;0.2459;0.6805;76.909;0.6466;0
26/06/21 12:00;31.106;8.0011;57.982;77.01;12.99;90;12.99;131.9;129.7;2.198;10.6;5.2501;0;2.2557;127.63;0.4283;0;0.2363;130.55;0;130.55;2.2557;0.4283;127.63;0.2363;0.0173;0.9794;0;0.0018;128.91;1.6346;0;0;1.4372;0.1973;123.78;5.002;0.0666;0.0127;4.9139;0.0088;128.78;0.1289;0.0023;0.0004;0.1262;0;123.83;2.1868;0.4152;121.15;0.0302;78.659;67.726;16.951;0.0984;0.6367;9.1583;0.047;9.6965;0;1;0;0;0.9898;0.9875;1;1;0.9887;0.1649;0.9612;0.9704;1;0.961;0.7747;0.999;0.999;1;0.999;0.999;0.9482;0.9492;0.1276;0.392;0.3923;0.0024;0.0179;-0.0133;0.0027;0.0096;0.0018;0;0;0.088;0;0.2669;0;0;0;0;0;0;0;0;0;0;0;0;0.0077;0.0005;0.363;0.363;0;15.624;15.624;5.0233;0.0406;334.21;1086.2;1;0.0082;0.0082;0;0;0;0;0;0;0.3549;0.2669;0;17.64;20.427;12.967;15.016;97.752;97.752;3.1332;2.9013;2.1328;0.2319;0.7685;0.074;0.2453;0.6807;77.145;0.6467;0
26/06/21 13:00;27.776;23.355;54.319;53.033;36.967;90;36.967;82.299;81.3;0.9992;10.6;4.99;0;1.2505;73.01;0.165;0;1.158;75.584;0;75.584;1.2505;0.165;73.01;1.158;0.0165;0.9813;0;0.0153;70.014;5.5696;0;0;4.5179;1.0516;67.696;2.2486;0.0242;0.0032;2.2081;0.0131;69.944;0.07;0.0013;0.0002;0.0685;0.0001;68.087;1.2251;0.1617;66.216;0.0932;51.257;44.132;11.879;2.2693;0.504;7.2505;0.391;5.4853;0;1;0;0;0.9184;0.9263;1;1;0.9381;0.0919;0.9679;0.9806;1;0.9677;0.8766;0.999;0.999;1;0.999;0.999;0.8956;0.9069;0.0805;0.227;0.2204;0.0013;0.0156;-0.0094;0.0015;0.0053;0.0014;0;0;0.088;0;0.1055;0;0;0;0;0;0;0;0;0;0;0;0;0.0043;0.0002;0.2001;0.2001;0;13.359;13.359;2.7591;0.0408;186.64;1072.3;1;0.0066;0.0066;0;0;0;0;0;0;0.1935;0.1055;0;16.796;19.45;8.8577;10.257;96.708;96.708;1.814;1.5994;0.8435;0.2146;0.756;0.1183;0.4167;0.465;50.707;0.4338;0
26/06/21 14:00;21.6;36.913;48.022;33.394;56.606;90;56.606;104.71;102.8;1.9063;10.83;4.26;0;3.4635;79.378;0.7315;0;3.2953;86.868;0;86.868;3.4635;0.7315;79.378;3.2953;0.0399;0.9517;0;0.0379;74.573;12.295;0;0;9.2001;3.0949;72.025;2.4737;0.0401;0.0085;2.4152;0.0099;74.499;0.0746;0.0035;0.0007;0.0702;0.0002;73.371;3.42;0.7224;67.692;0.1903;67.048;57.728;16.889;10.787;1.0798;15.532;1.3458;5.8253;0;1;0;0;0.8296;0.8585;1;1;0.8841;0.0608;0.9668;0.9884;1;0.9655;0.9504;0.999;0.999;1;0.999;0.999;0.8291;0.8528;0.0578;0.2609;0.2537;0.0015;0.0163;-0.0104;0.0017;0.0061;0.003;0;0;0.088;0;0.1354;0;0;0;0;0;0;0;0;0;0;0;0;0.0049;0.0003;0.2302;0.2302;0;13.765;13.765;2.9346;0.0407;214.57;1072.9;1;0.0068;0.0068;0;0;0;0;0;0;0.2234;0.1354;0;16.812;19.468;9.8885;11.451;97.043;97.043;2.0848;1.8399;1.0822;0.2449;0.7577;0.1175;0.3634;0.5191;66.46;0.4578;0
26/06/21 15:00;13.274;48.419;56.159;17.505;29.339;90;29.339;107.5;101.2;6.296;12.1;2.6;0;15.27;92.748;5.0904;0;0.9652;114.07;0;114.07;15.27;5.0904;92.748;0.9652;0.1339;0.8215;0;0.0085;109.24;4.8314;0;0;3.9858;0.8456;105.73;3.4019;0.3644;0.1215;2.8943;0.0218;109.13;0.1092;0.0153;0.0051;0.0888;0.0001;106;14.89;4.9638;85.779;0.0977;60.897;52.432;13.605;1.3001;0.5412;7.7848;0.2734;7.0259;0;1;0;0;1.0612;0.9576;1;1;0.957;0.1239;0.9688;0.9761;1;0.9674;0.8179;0.999;0.999;1;0.999;0.999;0.9269;0.9249;0.1012;0.3426;0.3357;0.002;0.0175;-0.0105;0.0023;0.0081;0.0015;0;0;0.088;0;0.2123;0;0;0;0;0;0;0;0;0;0;0;0;0.0065;0.0004;0.3078;0.3078;0;16.4;16.4;4.3002;0.0407;285.77;1077.1;1;0.0075;0.0075;0;0;0;0;0;0;0.3003;0.2123;0;17.117;19.822;11.807;13.673;97.567;97.567;2.7378;2.46;1.6969;0.2777;0.7631;0.1014;0.2787;0.6198;60.856;0.5897;0
26/06/21 16:00;4.4722;57.255;79.099;5.3127;7.6643;90;7.6643;1.6995;1.6995;0;10.82;2.4799;0;0;1.6919;0;0;0.0011;1.693;1.693;0;0;0;0;0;1;1;1;1;0;0;0;0;0;0;0;0;0;0;0;0;0;0;0;0;0;0;0;0;0;0;0;0;0;0;0;0;0;0;0;0;0;0;0;0;1;1;1;1;1;1;1;1;1;1;1;1;1;0;0;1;0;0;0;0;0;0;0;0;0;0;0;0.0004;0.088;0;-0.0884;0;0;0;0;0;0;0;0;0;0;0;0;0;0;0;0;0;0;0;-10.82;0;0;0;0;0.0004;0;0;0;0;0;0;0;-0.0004;-0.0884;0;0;0;0;0;0;0;0;0;-0.7063;0;0.7063;1;1;0;0;0;0
26/06/21 17:00;0;0;90;0;0;90;0;0;0;0;9.9003;2.52;0;0;0;0;0;0;0;0;0;0;0;0;0;1;1;1;1;0;0;0;0;0;0;0;0;0;0;0;0;0;0;0;0;0;0;0;0;0;0;0;0;0;0;0;0;0;0;0;0;0;0;0;1;1;1;1;1;1;1;1;1;1;1;1;1;1;1;1;1;1;1;0;0;0;0;0;0;0;0;0;0.0004;0.088;0;-0.0884;0;0;0;0;0;0;0;0;0;0;0;0;0;0;0;0;0;0;0;-9.9003;0;0;0;0;0.0004;0;0;0;0;0;0;0;-0.0004;-0.0884;0;0;0;0;0;0;0;0;0;-0.7063;0;0.7063;1;1;0;0;0;0
26/06/21 18:00;0;0;90;0;0;90;0;0;0;0;9.0002;2.59;0;0;0;0;0;0;0;0;0;0;0;0;0;1;1;1;1;0;0;0;0;0;0;0;0;0;0;0;0;0;0;0;0;0;0;0;0;0;0;0;0;0;0;0;0;0;0;0;0;0;0;0;1;1;1;1;1;1;1;1;1;1;1;1;1;1;1;1;1;1;1;0;0;0;0;0;0;0;0;0;0.0004;0.088;0;-0.0884;0;0;0;0;0;0;0;0;0;0;0;0;0;0;0;0;0;0;0;-9.0002;0;0;0;0;0.0004;0;0;0;0;0;0;0;-0.0004;-0.0884;0;0;0;0;0;0;0;0;0;-0.7063;0;0.7063;1;1;0;0;0;0
26/06/21 19:00;0;0;90;0;0;90;0;0;0;0;7.9698;2.9301;0;0;0;0;0;0;0;0;0;0;0;0;0;1;1;1;1;0;0;0;0;0;0;0;0;0;0;0;0;0;0;0;0;0;0;0;0;0;0;0;0;0;0;0;0;0;0;0;0;0;0;0;1;1;1;1;1;1;1;1;1;1;1;1;1;1;1;1;1;1;1;0;0;0;0;0;0;0;0;0;0.0004;0.088;0;-0.0884;0;0;0;0;0;0;0;0;0;0;0;0;0;0;0;0;0;0;0;-7.9698;0;0;0;0;0.0004;0;0;0;0;0;0;0;-0.0004;-0.0884;0;0;0;0;0;0;0;0;0;-0.7063;0;0.7063;1;1;0;0;0;0
26/06/21 20:00;0;0;90;0;0;90;0;0;0;0;7.89;3.1199;0;0;0;0;0;0;0;0;0;0;0;0;0;1;1;1;1;0;0;0;0;0;0;0;0;0;0;0;0;0;0;0;0;0;0;0;0;0;0;0;0;0;0;0;0;0;0;0;0;0;0;0;1;1;1;1;1;1;1;1;1;1;1;1;1;1;1;1;1;1;1;0;0;0;0;0;0;0;0;0;0.0004;0.088;0;-0.0884;0;0;0;0;0;0;0;0;0;0;0;0;0;0;0;0;0;0;0;-7.89;0;0;0;0;0.0004;0;0;0;0;0;0;0;-0.0004;-0.0884;0;0;0;0;0;0;0;0;0;-0.7063;0;0.7063;1;1;0;0;0;0
26/06/21 21:00;0;0;90;0;0;90;0;0;0;0;7.6401;3.07;0;0;0;0;0;0;0;0;0;0;0;0;0;1;1;1;1;0;0;0;0;0;0;0;0;0;0;0;0;0;0;0;0;0;0;0;0;0;0;0;0;0;0;0;0;0;0;0;0;0;0;0;1;1;1;1;1;1;1;1;1;1;1;1;1;1;1;1;1;1;1;0;0;0;0;0;0;0;0;0;0.0004;0.088;0;-0.0884;0;0;0;0;0;0;0;0;0;0;0;0;0;0;0;0;0;0;0;-7.6401;0;0;0;0;0.0004;0;0;0;0;0;0;0;-0.0004;-0.0884;0;0;0;0;0;0;0;0;0;-0.7063;0;0.7063;1;1;0;0;0;0
26/06/21 22:00;0;0;90;0;0;90;0;0;0;0;8.5103;2.9401;0;0;0;0;0;0;0;0;0;0;0;0;0;1;1;1;1;0;0;0;0;0;0;0;0;0;0;0;0;0;0;0;0;0;0;0;0;0;0;0;0;0;0;0;0;0;0;0;0;0;0;0;1;1;1;1;1;1;1;1;1;1;1;1;1;1;1;1;1;1;1;0;0;0;0;0;0;0;0;0;0.0004;0.088;0;-0.0884;0;0;0;0;0;0;0;0;0;0;0;0;0;0;0;0;0;0;0;-8.5103;0;0;0;0;0.0004;0;0;0;0;0;0;0;-0.0004;-0.0884;0;0;0;0;0;0;0;0;0;-0.7063;0;0.7063;1;1;0;0;0;0
26/06/21 23:00;0;0;90;0;0;90;0;0;0;0;7.5703;2.58;0;0;0;0;0;0;0;0;0;0;0;0;0;1;1;1;1;0;0;0;0;0;0;0;0;0;0;0;0;0;0;0;0;0;0;0;0;0;0;0;0;0;0;0;0;0;0;0;0;0;0;0;1;1;1;1;1;1;1;1;1;1;1;1;1;1;1;1;1;1;1;0;0;0;0;0;0;0;0;0;0.0004;0.088;0;-0.0884;0;0;0;0;0;0;0;0;0;0;0;0;0;0;0;0;0;0;0;-7.5703;0;0;0;0;0.0004;0;0;0;0;0;0;0;-0.0004;-0.0884;0;0;0;0;0;0;0;0;0;-0.7063;0;0.7063;1;1;0;0;0;0
27/06/21 00:00;0;0;90;0;0;90;0;0;0;0;6.2501;2.66;0;0;0;0;0;0;0;0;0;0;0;0;0;1;1;1;1;0;0;0;0;0;0;0;0;0;0;0;0;0;0;0;0;0;0;0;0;0;0;0;0;0;0;0;0;0;0;0;0;0;0;0;1;1;1;1;1;1;1;1;1;1;1;1;1;1;1;1;1;1;1;0;0;0;0;0;0;0;0;0;0.0004;0.088;0;-0.0884;0;0;0;0;0;0;0;0;0;0;0;0;0;0;0;0;0;0;0;-6.2501;0;0;0;0;0.0004;0;0;0;0;0;0;0;-0.0004;-0.0884;0;0;0;0;0;0;0;0;0;-0.7063;0;0.7063;1;1;0;0;0;0
27/06/21 01:00;0;0;90;0;0;90;0;0;0;0;3.69;3.0101;0;0;0;0;0;0;0;0;0;0;0;0;0;1;1;1;1;0;0;0;0;0;0;0;0;0;0;0;0;0;0;0;0;0;0;0;0;0;0;0;0;0;0;0;0;0;0;0;0;0;0;0;1;1;1;1;1;1;1;1;1;1;1;1;1;1;1;1;1;1;1;0;0;0;0;0;0;0;0;0;0.0004;0.088;0;-0.0884;0;0;0;0;0;0;0;0;0;0;0;0;0;0;0;0;0;0;0;-3.69;0;0;0;0;0.0004;0;0;0;0;0;0;0;-0.0004;-0.0884;0;0;0;0;0;0;0;0;0;-0.7063;0;0.7063;1;1;0;0;0;0
27/06/21 02:00;0;0;90;0;0;90;0;0;0;0;4.1401;3.0201;0;0;0;0;0;0;0;0;0;0;0;0;0;1;1;1;1;0;0;0;0;0;0;0;0;0;0;0;0;0;0;0;0;0;0;0;0;0;0;0;0;0;0;0;0;0;0;0;0;0;0;0;1;1;1;1;1;1;1;1;1;1;1;1;1;1;1;1;1;1;1;0;0;0;0;0;0;0;0;0;0.0004;0.088;0;-0.0884;0;0;0;0;0;0;0;0;0;0;0;0;0;0;0;0;0;0;0;-4.1401;0;0;0;0;0.0004;0;0;0;0;0;0;0;-0.0004;-0.0884;0;0;0;0;0;0;0;0;0;-0.7063;0;0.7063;1;1;0;0;0;0
27/06/21 03:00;0;0;90;0;0;90;0;0;0;0;5.3599;3;0;0;0;0;0;0;0;0;0;0;0;0;0;1;1;1;1;0;0;0;0;0;0;0;0;0;0;0;0;0;0;0;0;0;0;0;0;0;0;0;0;0;0;0;0;0;0;0;0;0;0;0;1;1;1;1;1;1;1;1;1;1;1;1;1;1;1;1;1;1;1;0;0;0;0;0;0;0;0;0;0.0004;0.088;0;-0.0884;0;0;0;0;0;0;0;0;0;0;0;0;0;0;0;0;0;0;0;-5.3599;0;0;0;0;0.0004;0;0;0;0;0;0;0;-0.0004;-0.0884;0;0;0;0;0;0;0;0;0;-0.7063;0;0.7063;1;1;0;0;0;0
27/06/21 04:00;0;0;90;0;0;90;0;0;0;0;5.4802;2.7701;0;0;0;0;0;0;0;0;0;0;0;0;0;1;1;1;1;0;0;0;0;0;0;0;0;0;0;0;0;0;0;0;0;0;0;0;0;0;0;0;0;0;0;0;0;0;0;0;0;0;0;0;1;1;1;1;1;1;1;1;1;1;1;1;1;1;1;1;1;1;1;0;0;0;0;0;0;0;0;0;0.0004;0.088;0;-0.0884;0;0;0;0;0;0;0;0;0;0;0;0;0;0;0;0;0;0;0;-5.4802;0;0;0;0;0.0004;0;0;0;0;0;0;0;-0.0004;-0.0884;0;0;0;0;0;0;0;0;0;-0.7063;0;0.7063;1;1;0;0;0;0
27/06/21 05:00;0;0;90;0;0;90;0;0;0;0;5.8;2.44;0;0;0;0;0;0;0;0;0;0;0;0;0;1;1;1;1;0;0;0;0;0;0;0;0;0;0;0;0;0;0;0;0;0;0;0;0;0;0;0;0;0;0;0;0;0;0;0;0;0;0;0;1;1;1;1;1;1;1;1;1;1;1;1;1;1;1;1;1;1;1;0;0;0;0;0;0;0;0;0;0.0004;0.088;0;-0.0884;0;0;0;0;0;0;0;0;0;0;0;0;0;0;0;0;0;0;0;-5.8;0;0;0;0;0.0004;0;0;0;0;0;0;0;-0.0004;-0.0884;0;0;0;0;0;0;0;0;0;-0.7063;0;0.7063;1;1;0;0;0;0
27/06/21 06:00;0;0;90;0;0;90;0;0;0;0;6.1603;2.03;0;0;0;0;0;0;0;0;0;0;0;0;0;1;1;1;1;0;0;0;0;0;0;0;0;0;0;0;0;0;0;0;0;0;0;0;0;0;0;0;0;0;0;0;0;0;0;0;0;0;0;0;1;1;1;1;1;1;1;1;1;1;1;1;1;1;1;1;1;1;1;0;0;0;0;0;0;0;0;0;0.0004;0.088;0;-0.0884;0;0;0;0;0;0;0;0;0;0;0;0;0;0;0;0;0;0;0;-6.1603;0;0;0;0;0.0004;0;0;0;0;0;0;0;-0.0004;-0.0884;0;0;0;0;0;0;0;0;0;-0.7063;0;0.7063;1;1;0;0;0;0
27/06/21 07:00;4.4068;-57.367;79.26;5.2286;7.5401;-90;-7.5401;17.601;17.202;0.3986;6.2501;1.65;0;0.9667;17.06;0.1637;0;0.0107;18.202;0;18.202;0.9667;0.1637;17.06;0.0107;0.0531;0.9379;0;0.0006;18.115;0.0863;0;0;0.0774;0.0089;17.045;1.052;0.2855;0.0483;0.7178;0.0004;18.097;0.0181;0.001;0.0002;0.017;0;17.046;0.6803;0.1152;16.248;0.0014;10.175;8.7604;2.1544;0.0016;0.0841;1.21;0.0013;1.2925;0;1;0;0;1.0341;0.9953;1;1;0.9955;0.1655;0.9419;0.7044;1;0.9577;0.7757;0.999;0.999;1;0.999;0.999;0.9365;0.9524;0.1282;0.0547;0.0539;0.0003;0.0082;-0.0035;0.0003;0.0012;0.0002;0;0;0.088;0;-0.0451;0;0;0;0;0;0;0;0;0;0;0;0;0.001;0;0.0461;0.0461;0;6.9544;6.9544;0.7044;0.0413;44.278;1040.7;1;0.0032;0.0032;0;0;0;0;0;0;0.0429;-0.0451;0;16.06;18.597;-15.724;-18.208;93.06;93.06;0.4368;0.3683;-0.3606;0.0686;0.7289;0.1569;1.6685;0;10.172;0;0
27/06/21 08:00;13.223;-48.541;56.307;17.408;29.108;-90;-29.108;92.301;82.903;9.3975;7.2898;1.79;0;22.792;75.255;6.2485;0;0.816;105.11;0;105.11;22.792;6.2485;75.255;0.816;0.2168;0.7237;0;0.0078;101.21;3.9002;0;0;3.188;0.7122;98.033;3.0758;0.5532;0.1517;2.352;0.0189;101.11;0.1012;0.0228;0.0062;0.0721;0.0001;98.251;22.216;6.0905;69.642;0.0848;49.359;42.498;11.02;1.0264;0.4373;6.2908;0.2174;5.7017;0;1;0;0;1.1388;0.9629;1;1;0.9576;0.1272;0.9696;0.9757;1;0.9673;0.818;0.999;0.999;1;0.999;0.999;0.9327;0.9254;0.1039;0.3156;0.3092;0.0019;0.0172;-0.0154;0.0021;0.0076;0.0012;0;0;0.088;0;0.1926;0;0;0;0;0;0;0;0;0;0;0;0;0.0061;0.0004;0.2881;0.2881;0;11.262;11.262;3.9727;0.0405;262.86;1096;1;0.0075;0.0075;0;0;0;0;0;0;0.2806;0.1926;0;17.387;20.134;11.625;13.462;97.408;97.408;2.5227;2.3025;1.5395;0.2202;0.763;0.0873;0.3025;0.6103;49.3;0.5841;0
27/06/21 09:00;21.569;-37.047;47.924;33.27;56.73;-90;-56.73;152.99;140.3;12.692;8.3999;2.34;0;23.136;105.8;6.6791;0;4.8346;140.45;0;140.45;23.136;6.6791;105.8;4.8346;0.1647;0.7877;0;0.0344;123.64;16.806;0;0;12.277;4.5299;119.94;3.5789;0.2662;0.0769;3.221;0.0148;123.52;0.1236;0.0231;0.0067;0.0935;0.0003;121.83;22.847;6.5956;90.207;0.2895;92.846;79.94;23.169;14.49;1.4804;21.295;1.892;8.2854;0;1;0;0;0.918;0.8803;1;1;0.884;0.063;0.971;0.9885;1;0.9655;0.9512;0.999;0.999;1;0.999;0.999;0.854;0.8526;0.0599;0.4218;0.4118;0.0025;0.018;-0.0174;0.0029;0.0101;0.0042;0;0;0.088;0;0.2864;0;0;0;0;0;0;0;0;0;0;0;0;0.0082;0.0006;0.3828;0.3828;0;13.259;13.259;4.859;0.0405;349.76;1094.6;1;0.0085;0.0085;0;0;0;0;0;0;0.3744;0.2864;0;17.292;20.024;12.935;14.979;97.792;97.792;3.3707;3.0597;2.2888;0.3111;0.7709;0.0923;0.2287;0.679;88.723;0.6098;0
27/06/21 10:00;27.771;-23.501;54.236;52.865;37.135;-90;-37.135;257.9;202.9;54.998;9.5001;2.9;0;68.988;166.05;22.724;0;3.6609;261.42;0;261.42;68.988;22.724;166.05;3.6609;0.2639;0.6492;0;0.014;247.77;13.649;0;0;10.331;3.3188;240.7;6.8198;1.3226;0.4357;5.0205;0.0411;247.52;0.2478;0.069;0.0227;0.1557;0.0003;241.89;67.597;22.266;150.54;0.3007;150.96;129.98;34.681;5.2424;1.4108;20.293;1.1866;16.462;0;1;0;0;1.0137;0.9478;1;1;0.9378;0.0935;0.9724;0.9808;1;0.9677;0.8799;0.999;0.999;1;0.999;0.999;0.9208;0.9066;0.0821;0.785;0.7713;0.0046;0.0162;-0.0158;0.0054;0.019;0.004;0;0;0.088;0;0.6202;0;0;0;0;0;0;0;0;0;0;0;0;0.0153;0.0016;0.7209;0.7209;0;19.242;19.242;9.7421;0.0405;658.76;1094.3;1;0.0126;0.0126;0;0;0;0;0;0;0.7082;0.6202;0;17.493;20.256;15.051;17.429;98.248;98.248;6.2741;5.7612;4.957;0.5128;0.8042;0.0817;0.1282;0.7901;115.48;0.7467;0
27/06/21 11:00;31.13;-8.1493;57.924;76.792;13.208;-90;-13.208;385.2;195.5;189.7;10.68;3.24;0;194.86;139.37;55.737;0;0.7133;390.68;0;390.68;194.86;55.737;139.37;0.7133;0.4988;0.3586;0;0.0018;388.47;2.2046;0;0;1.6099;0.5946;375.36;12.726;5.7184;1.6357;5.3454;0.0266;388.08;0.3885;0.1949;0.0557;0.1378;0.0001;375.51;188.94;54.045;132.28;0.092;225.45;194.11;49.793;0.1143;1.7353;24.962;0.1497;26.583;0;1;0;0;1.0142;0.9944;1;1;0.9884;0.1664;0.9672;0.9706;1;0.9612;0.7754;0.999;0.999;1;0.999;0.999;0.9608;0.9491;0.1289;1.1732;1.1836;0.0071;0.0108;0.0038;0.0081;0.0288;0.0049;0;0;0.088;0;0.9873;0;0;0;0;0;0;0;0;0;0;0;0;0.0232;0.0034;1.0933;1.0933;0;25.911;25.911;15.231;0.0406;1013.1;1079.2;1;0.018;0.018;0;0;0;0;0;0;1.0753;0.9873;0;17.753;20.557;16.031;18.564;98.352;98.352;9.3763;8.7377;7.8904;0.6385;0.8473;0.0681;0.0904;0.8415;84.301;0.8031;0
27/06/21 12:00;31.151;7.9542;57.948;77.105;12.895;90;12.895;248.79;222.2;26.591;11.3;3.24;0;27.279;210.87;8.8631;0;0.4392;247.45;0;247.45;27.279;8.8631;210.87;0.4392;0.1102;0.8539;0;0.0018;244.74;2.712;0;0;2.3453;0.3668;235.28;9.2128;0.8028;0.2608;8.1328;0.0163;244.49;0.2447;0.0273;0.0089;0.2085;0.0001;235.37;26.449;8.5934;200.18;0.0561;147.82;127.28;31.747;0.1583;1.2019;17.289;0.0892;18.333;0;1;0;0;0.9946;0.989;1;1;0.9889;0.1649;0.9623;0.9705;1;0.961;0.7747;0.999;0.999;1;0.999;0.999;0.9508;0.9493;0.1276;0.7431;0.7454;0.0045;0.0165;-0.011;0.0051;0.0183;0.0034;0;0;0.088;0;0.5922;0;0;0;0;0;0;0;0;0;0;0;0;0.0147;0.0015;0.6924;0.6924;0;20.837;20.837;9.5371;0.0405;636.87;1087.2;1;0.0121;0.0121;0;0;0;0;0;0;0.6802;0.5922;0;17.75;20.554;15.183;17.581;98.246;98.246;5.9388;5.5335;4.7331;0.4053;0.8003;0.0683;0.1348;0.797;127.42;0.7574;0
27/06/21 13:00;27.83;23.323;54.299;53.131;36.869;90;36.869;111.09;109.4;1.6955;10.14;3.07;0;2.1193;98.188;0.3757;0;1.5552;102.24;0;102.24;2.1193;0.3757;98.188;1.5552;0.0207;0.9756;0;0.0152;94.776;7.4625;0;0;6.0508;1.4117;91.645;3.0363;0.0409;0.0073;2.9703;0.0178;94.681;0.0948;0.0021;0.0004;0.0921;0.0001;92.167;2.0763;0.368;89.075;0.1255;69.112;59.505;16.036;3.0241;0.6761;9.7258;0.5222;7.3778;0;1;0;0;0.9203;0.927;1;1;0.9384;0.0923;0.9679;0.9807;1;0.9677;0.8757;0.999;0.999;1;0.999;0.999;0.8964;0.9072;0.0807;0.307;0.2981;0.0018;0.0171;-0.0121;0.002;0.0072;0.0019;0;0;0.088;0;0.1788;0;0;0;0;0;0;0;0;0;0;0;0;0.0058;0.0003;0.274;0.274;0;13.865;13.865;3.7247;0.0406;253.19;1082.1;1;0.0072;0.0072;0;0;0;0;0;0;0.2668;0.1788;0;17;19.686;11.093;12.845;97.368;97.368;2.4537;2.1897;1.4288;0.264;0.7609;0.1076;0.3101;0.5823;68.139;0.5436;0
27/06/21 14:00;21.659;36.894;48.012;33.484;56.516;90;56.516;99.099;97.398;1.7014;10.23;2.6399;0;3.0838;75.303;0.6156;0;3.1098;82.112;0;82.112;3.0838;0.6156;75.303;3.1098;0.0376;0.9549;0;0.0379;70.483;11.628;0;0;8.7078;2.9207;68.07;2.3425;0.0356;0.0071;2.2905;0.0093;70.413;0.0705;0.0031;0.0006;0.0666;0.0002;69.341;3.0451;0.6078;64.238;0.1796;63.508;54.681;15.988;10.176;1.0207;14.683;1.2712;5.5275;0;1;0;0;0.8286;0.8584;1;1;0.8844;0.0608;0.9667;0.9884;1;0.9656;0.9508;0.999;0.999;1;0.999;0.999;0.829;0.8531;0.0578;0.2466;0.2398;0.0014;0.0161;-0.0105;0.0016;0.0058;0.0028;0;0;0.088;0;0.1229;0;0;0;0;0;0;0;0;0;0;0;0;0.0047;0.0003;0.2176;0.2176;0;13.003;13.003;2.7734;0.0407;202.65;1073.9;1;0.0067;0.0067;0;0;0;0;0;0;0.2109;0.1229;0;16.814;19.47;9.4952;10.995;96.908;96.908;1.9707;1.7393;0.9823;0.2313;0.7571;0.1174;0.3842;0.4984;62.985;0.4396;0
27/06/21 15:00;13.335;48.412;55.988;17.584;29.529;90;29.529;39.499;39.1;0.3988;10.1;1.71;0;0.9672;36.513;0.124;0;0.3591;37.963;0;37.963;0.9672;0.124;36.513;0.3591;0.0255;0.9713;0;0.0095;36.063;1.9002;0;0;1.5853;0.3149;34.855;1.1717;0.0226;0.0029;1.1382;0.008;36.027;0.0361;0.001;0.0001;0.0349;0;34.965;0.9436;0.121;33.755;0.0362;23.991;20.656;5.3621;0.5234;0.2138;3.0751;0.1094;2.7655;0;1;0;0;0.9611;0.9499;1;1;0.9566;0.1231;0.9675;0.9766;1;0.9674;0.819;0.999;0.999;1;0.999;0.999;0.9181;0.9245;0.1007;0.114;0.1118;0.0007;0.0119;-0.0055;0.0007;0.0026;0.0006;0;0;0.088;0;0.006;0;0;0;0;0;0;0;0;0;0;0;0;0.0021;0.0001;0.0987;0.0987;0;11.53;11.53;1.43;0.041;93.797;1052.4;1;0.0047;0.0047;0;0;0;0;0;0;0.094;0.006;0;16.494;19.1;1.0022;1.1606;95.228;95.228;0.9111;0.7889;0.0479;0.1222;0.7409;0.1342;0.8132;0.0526;23.989;0.0496;0
27/06/21 16:00;4.3608;57.408;79.373;5.1718;7.4562;90;7.4562;2.6958;2.6958;0;10.14;1.79;0;0;2.6844;0;0;0.0016;2.686;2.686;0;0;0;0;0;1;1;1;1;0;0;0;0;0;0;0;0;0;0;0;0;0;0;0;0;0;0;0;0;0;0;0;0;0;0;0;0;0;0;0;0;0;0;0;0;1;1;1;1;1;1;1;1;1;1;1;1;1;0;0;1;0;0;0;0;0;0;0;0;0;0;0;0.0004;0.088;0;-0.0884;0;0;0;0;0;0;0;0;0;0;0;0;0;0;0;0;0;0;0;-10.14;0;0;0;0;0.0004;0;0;0;0;0;0;0;-0.0004;-0.0884;0;0;0;0;0;0;0;0;0;-0.7063;0;0.7063;1;1;0;0;0;0
27/06/21 17:00;0;0;90;0;0;90;0;0;0;0;9.9103;1.7401;0;0;0;0;0;0;0;0;0;0;0;0;0;1;1;1;1;0;0;0;0;0;0;0;0;0;0;0;0;0;0;0;0;0;0;0;0;0;0;0;0;0;0;0;0;0;0;0;0;0;0;0;1;1;1;1;1;1;1;1;1;1;1;1;1;1;1;1;1;1;1;0;0;0;0;0;0;0;0;0;0.0004;0.088;0;-0.0884;0;0;0;0;0;0;0;0;0;0;0;0;0;0;0;0;0;0;0;-9.9103;0;0;0;0;0.0004;0;0;0;0;0;0;0;-0.0004;-0.0884;0;0;0;0;0;0;0;0;0;-0.7063;0;0.7063;1;1;0;0;0;0
27/06/21 18:00;0;0;90;0;0;90;0;0;0;0;9.3997;1.7;0;0;0;0;0;0;0;0;0;0;0;0;0;1;1;1;1;0;0;0;0;0;0;0;0;0;0;0;0;0;0;0;0;0;0;0;0;0;0;0;0;0;0;0;0;0;0;0;0;0;0;0;1;1;1;1;1;1;1;1;1;1;1;1;1;1;1;1;1;1;1;0;0;0;0;0;0;0;0;0;0.0004;0.088;0;-0.0884;0;0;0;0;0;0;0;0;0;0;0;0;0;0;0;0;0;0;0;-9.3997;0;0;0;0;0.0004;0;0;0;0;0;0;0;-0.0004;-0.0884;0;0;0;0;0;0;0;0;0;-0.7063;0;0.7063;1;1;0;0;0;0
27/06/21 19:00;0;0;90;0;0;90;0;0;0;0;9.2003;1.7501;0;0;0;0;0;0;0;0;0;0;0;0;0;1;1;1;1;0;0;0;0;0;0;0;0;0;0;0;0;0;0;0;0;0;0;0;0;0;0;0;0;0;0;0;0;0;0;0;0;0;0;0;1;1;1;1;1;1;1;1;1;1;1;1;1;1;1;1;1;1;1;0;0;0;0;0;0;0;0;0;0.0004;0.088;0;-0.0884;0;0;0;0;0;0;0;0;0;0;0;0;0;0;0;0;0;0;0;-9.2003;0;0;0;0;0.0004;0;0;0;0;0;0;0;-0.0004;-0.0884;0;0;0;0;0;0;0;0;0;-0.7063;0;0.7063;1;1;0;0;0;0
27/06/21 20:00;0;0;90;0;0;90;0;0;0;0;9.0999;1.8499;0;0;0;0;0;0;0;0;0;0;0;0;0;1;1;1;1;0;0;0;0;0;0;0;0;0;0;0;0;0;0;0;0;0;0;0;0;0;0;0;0;0;0;0;0;0;0;0;0;0;0;0;1;1;1;1;1;1;1;1;1;1;1;1;1;1;1;1;1;1;1;0;0;0;0;0;0;0;0;0;0.0004;0.088;0;-0.0884;0;0;0;0;0;0;0;0;0;0;0;0;0;0;0;0;0;0;0;-9.0999;0;0;0;0;0.0004;0;0;0;0;0;0;0;-0.0004;-0.0884;0;0;0;0;0;0;0;0;0;-0.7063;0;0.7063;1;1;0;0;0;0
27/06/21 21:00;0;0;90;0;0;90;0;0;0;0;9.2202;1.9199;0;0;0;0;0;0;0;0;0;0;0;0;0;1;1;1;1;0;0;0;0;0;0;0;0;0;0;0;0;0;0;0;0;0;0;0;0;0;0;0;0;0;0;0;0;0;0;0;0;0;0;0;1;1;1;1;1;1;1;1;1;1;1;1;1;1;1;1;1;1;1;0;0;0;0;0;0;0;0;0;0.0004;0.088;0;-0.0884;0;0;0;0;0;0;0;0;0;0;0;0;0;0;0;0;0;0;0;-9.2202;0;0;0;0;0.0004;0;0;0;0;0;0;0;-0.0004;-0.0884;0;0;0;0;0;0;0;0;0;-0.7063;0;0.7063;1;1;0;0;0;0
27/06/21 22:00;0;0;90;0;0;90;0;0;0;0;8.6997;1.94;0;0;0;0;0;0;0;0;0;0;0;0;0;1;1;1;1;0;0;0;0;0;0;0;0;0;0;0;0;0;0;0;0;0;0;0;0;0;0;0;0;0;0;0;0;0;0;0;0;0;0;0;1;1;1;1;1;1;1;1;1;1;1;1;1;1;1;1;1;1;1;0;0;0;0;0;0;0;0;0;0.0004;0.088;0;-0.0884;0;0;0;0;0;0;0;0;0;0;0;0;0;0;0;0;0;0;0;-8.6997;0;0;0;0;0.0004;0;0;0;0;0;0;0;-0.0004;-0.0884;0;0;0;0;0;0;0;0;0;-0.7063;0;0.7063;1;1;0;0;0;0
27/06/21 23:00;0;0;90;0;0;90;0;0;0;0;8.2902;1.8201;0;0;0;0;0;0;0;0;0;0;0;0;0;1;1;1;1;0;0;0;0;0;0;0;0;0;0;0;0;0;0;0;0;0;0;0;0;0;0;0;0;0;0;0;0;0;0;0;0;0;0;0;1;1;1;1;1;1;1;1;1;1;1;1;1;1;1;1;1;1;1;0;0;0;0;0;0;0;0;0;0.0004;0.088;0;-0.0884;0;0;0;0;0;0;0;0;0;0;0;0;0;0;0;0;0;0;0;-8.2902;0;0;0;0;0.0004;0;0;0;0;0;0;0;-0.0004;-0.0884;0;0;0;0;0;0;0;0;0;-0.7063;0;0.7063;1;1;0;0;0;0
28/06/21 00:00;0;0;90;0;0;90;0;0;0;0;7.9997;1.5999;0;0;0;0;0;0;0;0;0;0;0;0;0;1;1;1;1;0;0;0;0;0;0;0;0;0;0;0;0;0;0;0;0;0;0;0;0;0;0;0;0;0;0;0;0;0;0;0;0;0;0;0;1;1;1;1;1;1;1;1;1;1;1;1;1;1;1;1;1;1;1;0;0;0;0;0;0;0;0;0;0.0004;0.088;0;-0.0884;0;0;0;0;0;0;0;0;0;0;0;0;0;0;0;0;0;0;0;-7.9997;0;0;0;0;0.0004;0;0;0;0;0;0;0;-0.0004;-0.0884;0;0;0;0;0;0;0;0;0;-0.7063;0;0.7063;1;1;0;0;0;0
28/06/21 01:00;0;0;90;0;0;90;0;0;0;0;7.6999;1.4201;0;0;0;0;0;0;0;0;0;0;0;0;0;1;1;1;1;0;0;0;0;0;0;0;0;0;0;0;0;0;0;0;0;0;0;0;0;0;0;0;0;0;0;0;0;0;0;0;0;0;0;0;1;1;1;1;1;1;1;1;1;1;1;1;1;1;1;1;1;1;1;0;0;0;0;0;0;0;0;0;0.0004;0.088;0;-0.0884;0;0;0;0;0;0;0;0;0;0;0;0;0;0;0;0;0;0;0;-7.6999;0;0;0;0;0.0004;0;0;0;0;0;0;0;-0.0004;-0.0884;0;0;0;0;0;0;0;0;0;-0.7063;0;0.7063;1;1;0;0;0;0
28/06/21 02:00;0;0;90;0;0;90;0;0;0;0;7.9997;1.72;0;0;0;0;0;0;0;0;0;0;0;0;0;1;1;1;1;0;0;0;0;0;0;0;0;0;0;0;0;0;0;0;0;0;0;0;0;0;0;0;0;0;0;0;0;0;0;0;0;0;0;0;1;1;1;1;1;1;1;1;1;1;1;1;1;1;1;1;1;1;1;0;0;0;0;0;0;0;0;0;0.0004;0.088;0;-0.0884;0;0;0;0;0;0;0;0;0;0;0;0;0;0;0;0;0;0;0;-7.9997;0;0;0;0;0.0004;0;0;0;0;0;0;0;-0.0004;-0.0884;0;0;0;0;0;0;0;0;0;-0.7063;0;0.7063;1;1;0;0;0;0
28/06/21 03:00;0;0;90;0;0;90;0;0;0;0;8.3002;1.81;0;0;0;0;0;0;0;0;0;0;0;0;0;1;1;1;1;0;0;0;0;0;0;0;0;0;0;0;0;0;0;0;0;0;0;0;0;0;0;0;0;0;0;0;0;0;0;0;0;0;0;0;1;1;1;1;1;1;1;1;1;1;1;1;1;1;1;1;1;1;1;0;0;0;0;0;0;0;0;0;0.0004;0.088;0;-0.0884;0;0;0;0;0;0;0;0;0;0;0;0;0;0;0;0;0;0;0;-8.3002;0;0;0;0;0.0004;0;0;0;0;0;0;0;-0.0004;-0.0884;0;0;0;0;0;0;0;0;0;-0.7063;0;0.7063;1;1;0;0;0;0
28/06/21 04:00;0;0;90;0;0;90;0;0;0;0;8.1998;2.13;0;0;0;0;0;0;0;0;0;0;0;0;0;1;1;1;1;0;0;0;0;0;0;0;0;0;0;0;0;0;0;0;0;0;0;0;0;0;0;0;0;0;0;0;0;0;0;0;0;0;0;0;1;1;1;1;1;1;1;1;1;1;1;1;1;1;1;1;1;1;1;0;0;0;0;0;0;0;0;0;0.0004;0.088;0;-0.0884;0;0;0;0;0;0;0;0;0;0;0;0;0;0;0;0;0;0;0;-8.1998;0;0;0;0;0.0004;0;0;0;0;0;0;0;-0.0004;-0.0884;0;0;0;0;0;0;0;0;0;-0.7063;0;0.7063;1;1;0;0;0;0
28/06/21 05:00;0;0;90;0;0;90;0;0;0;0;8.1599;2.18;0;0;0;0;0;0;0;0;0;0;0;0;0;1;1;1;1;0;0;0;0;0;0;0;0;0;0;0;0;0;0;0;0;0;0;0;0;0;0;0;0;0;0;0;0;0;0;0;0;0;0;0;1;1;1;1;1;1;1;1;1;1;1;1;1;1;1;1;1;1;1;0;0;0;0;0;0;0;0;0;0.0004;0.088;0;-0.0884;0;0;0;0;0;0;0;0;0;0;0;0;0;0;0;0;0;0;0;-8.1599;0;0;0;0;0.0004;0;0;0;0;0;0;0;-0.0004;-0.0884;0;0;0;0;0;0;0;0;0;-0.7063;0;0.7063;1;1;0;0;0;0
28/06/21 06:00;0;0;90;0;0;90;0;0;0;0;7.9;2.2;0;0;0;0;0;0;0;0;0;0;0;0;0;1;1;1;1;0;0;0;0;0;0;0;0;0;0;0;0;0;0;0;0;0;0;0;0;0;0;0;0;0;0;0;0;0;0;0;0;0;0;0;1;1;1;1;1;1;1;1;1;1;1;1;1;1;1;1;1;1;1;0;0;0;0;0;0;0;0;0;0.0004;0.088;0;-0.0884;0;0;0;0;0;0;0;0;0;0;0;0;0;0;0;0;0;0;0;-7.9;0;0;0;0;0.0004;0;0;0;0;0;0;0;-0.0004;-0.0884;0;0;0;0;0;0;0;0;0;-0.7063;0;0.7063;1;1;0;0;0;0
28/06/21 07:00;4.4042;-57.432;79.267;5.2217;7.5299;-90;-7.5299;19.398;18.898;0.4998;7.4001;2.28;0;1.2122;18.724;0.2257;0;0.0117;20.173;0;20.173;1.2122;0.2257;18.724;0.0117;0.0601;0.9287;0;0.0006;20.079;0.0946;0;0;0.0848;0.0098;18.846;1.2132;0.3582;0.0667;0.7879;0.0004;20.059;0.0201;0.0012;0.0002;0.0186;0;18.847;0.8528;0.1587;17.833;0.0015;11.167;9.6148;2.3646;0.0017;0.0923;1.3279;0.0015;1.4185;0;1;0;0;1.04;0.9953;1;1;0.9955;0.1655;0.9395;0.7042;1;0.9577;0.7757;0.999;0.999;1;0.999;0.999;0.9342;0.9524;0.1282;0.0606;0.0596;0.0004;0.0086;-0.0036;0.0004;0.0013;0.0002;0;0;0.088;0;-0.0402;0;0;0;0;0;0;0;0;0;0;0;0;0.0011;0;0.0511;0.0511;0;8.1783;8.1783;0.7782;0.0413;49.139;1039.8;1;0.0033;0.0033;0;0;0;0;0;0;0.0478;-0.0402;0;16.068;18.606;-12.652;-14.65;93.481;93.481;0.4842;0.4084;-0.3216;0.0758;0.7299;0.1565;1.5076;0;11.164;0;0
28/06/21 08:00;13.228;-48.607;56.293;17.397;29.084;-90;-29.084;85.19;78.899;6.2917;7.2;2.4799;0;15.259;72.387;3.98;0;0.7519;92.378;0;92.378;15.259;3.98;72.387;0.7519;0.1652;0.7917;0;0.0081;88.66;3.7186;0;0;3.0624;0.6562;85.824;2.7464;0.3698;0.0965;2.2627;0.0174;88.571;0.0887;0.0153;0.004;0.0693;0.0001;86.034;14.874;3.8796;66.993;0.0782;47.452;40.857;10.573;0.9843;0.4216;6.0652;0.2094;5.5025;0;1;0;0;1.0844;0.9597;1;1;0.9577;0.1273;0.969;0.9757;1;0.9673;0.8179;0.999;0.999;1;0.999;0.999;0.9291;0.9255;0.104;0.2774;0.2719;0.0016;0.0167;-0.0142;0.0019;0.0066;0.0012;0;0;0.088;0;0.1572;0;0;0;0;0;0;0;0;0;0;0;0;0.0054;0.0003;0.2524;0.2524;0;10.681;10.681;3.481;0.0406;230.86;1093.3;1;0.0072;0.0072;0;0;0;0;0;0;0.2452;0.1572;0;17.332;20.071;10.797;12.503;97.159;97.159;2.2171;2.0172;1.2566;0.1999;0.7606;0.0902;0.3431;0.5668;47.414;0.5402;0
28/06/21 09:00;21.584;-37.115;47.86;33.249;56.751;-90;-56.751;127.89;122.7;5.1911;7.4998;2.67;0;9.4679;93.975;2.3889;0;4.044;109.88;0;109.88;9.4679;2.3889;93.975;4.044;0.0862;0.8921;0;0.0368;95.176;14.699;0;0;10.91;3.7892;92.071;3.0097;0.1086;0.0274;2.8612;0.0124;95.081;0.0952;0.0095;0.0024;0.0831;0.0003;93.711;9.3498;2.3591;80.12;0.2422;80.462;69.277;20.155;12.887;1.2994;18.691;1.6397;7.104;0;1;0;0;0.8591;0.8662;1;1;0.8839;0.063;0.9683;0.9885;1;0.9655;0.9512;0.999;0.999;1;0.999;0.999;0.838;0.8526;0.0599;0.33;0.3217;0.0019;0.0173;-0.0161;0.0022;0.0079;0.0037;0;0;0.088;0;0.2023;0;0;0;0;0;0;0;0;0;0;0;0;0.0064;0.0004;0.2978;0.2978;0;11.233;11.233;3.7334;0.0405;272.44;1093.2;1;0.0075;0.0075;0;0;0;0;0;0;0.2903;0.2023;0;17.196;19.912;11.68;13.525;97.467;97.467;2.637;2.3804;1.6168;0.2567;0.7636;0.0973;0.2896;0.6131;78.826;0.5438;0
28/06/21 10:00;27.799;-23.568;54.175;52.824;37.176;-90;-37.176;164.89;158.7;6.1892;7.6501;2.5499;0;7.7678;141.15;1.9996;0;2.3457;153.26;0;153.26;7.7678;1.9996;141.15;2.3457;0.0507;0.9363;0;0.0153;142.34;10.923;0;0;8.7964;2.1268;137.71;4.4794;0.1479;0.0381;4.2672;0.0262;142.19;0.1423;0.0078;0.002;0.1323;0.0002;138.51;7.6121;1.9595;127.95;0.1924;101.97;87.795;23.519;4.4729;1.0074;14.491;0.7977;11.026;0;1;0;0;0.9294;0.9287;1;1;0.9377;0.0933;0.9685;0.9809;1;0.9677;0.8803;0.999;0.999;1;0.999;0.999;0.8986;0.9065;0.082;0.4602;0.4477;0.0027;0.0181;-0.019;0.0031;0.0111;0.0029;0;0;0.088;0;0.3224;0;0;0;0;0;0;0;0;0;0;0;0;0.0089;0.0007;0.4193;0.4193;0;13.222;13.222;5.5716;0.0405;381.18;1100;1;0.0089;0.0089;0;0;0;0;0;0;0.4104;0.3224;0;17.356;20.097;13.345;15.453;97.879;97.879;3.6782;3.351;2.5767;0.3272;0.7744;0.0889;0.2105;0.7005;98.194;0.6542;0
28/06/21 11:00;31.171;-8.2084;57.871;76.72;13.28;-90;-13.28;370.81;206.3;164.51;8.5501;2.44;0;169.03;154.6;50.961;0;0.6941;375.29;0;375.29;169.03;50.961;154.6;0.6941;0.4504;0.4138;0;0.0018;372.91;2.3807;0;0;1.8022;0.5785;360.17;12.364;4.9296;1.4862;5.922;0.0259;372.53;0.3729;0.169;0.051;0.1528;0.0001;360.32;163.93;49.423;146.73;0.0895;217.38;187.17;47.864;0.1292;1.6841;24.225;0.1457;25.78;0;1;0;0;1.0121;0.9937;1;1;0.9883;0.1664;0.9668;0.9708;1;0.9612;0.7754;0.999;0.999;1;0.999;0.999;0.9597;0.9491;0.1289;1.127;1.1363;0.0068;0.0115;-0.0075;0.0079;0.0279;0.0048;0;0;0.088;0;0.9535;0;0;0;0;0;0;0;0;0;0;0;0;0.0225;0.0032;1.0591;1.0591;0;23.135;23.135;14.585;0.0405;971.26;1090.5;1;0.0177;0.0177;0;0;0;0;0;0;1.0415;0.9535;0;17.903;20.731;16.117;18.663;98.332;98.332;9.0069;8.4646;7.6202;0.5423;0.8445;0.0602;0.0938;0.846;93.536;0.807;0
28/06/21 12:00;31.204;7.9087;57.908;77.202;12.798;90;12.798;299.99;235.9;64.095;9.8498;2.3199;0;65.728;211.17;22.639;0;0.5217;300.05;0;300.05;65.728;22.639;211.17;0.5217;0.2191;0.7055;0;0.0017;297.3;2.7548;0;0;2.3191;0.4357;286.24;10.766;1.9252;0.6631;8.1584;0.0194;297;0.2973;0.0657;0.0226;0.2088;0.0001;286.34;63.737;21.953;200.48;0.0666;177.48;152.81;38.425;0.1543;1.4206;20.434;0.1063;21.7;0;1;0;0;1.0002;0.9908;1;1;0.989;0.1649;0.9638;0.9707;1;0.9609;0.7747;0.999;0.999;1;0.999;0.999;0.9539;0.9494;0.1276;0.9011;0.9055;0.0055;0.0147;-0.0114;0.0063;0.0223;0.004;0;0;0.088;0;0.7418;0;0;0;0;0;0;0;0;0;0;0;0;0.0179;0.0021;0.8442;0.8442;0;21.442;21.442;11.592;0.0405;773.85;1090.8;1;0.0144;0.0144;0;0;0;0;0;0;0.8298;0.7418;0;17.847;20.666;15.683;18.16;98.299;98.299;7.2013;6.7465;5.9284;0.4548;0.8181;0.0632;0.1136;0.8232;127.56;0.7833;0
28/06/21 13:00;27.89;23.294;54.272;53.233;36.767;90;36.767;521.2;86.003;435.2;10.95;1.96;0;543.27;22.943;75.556;0;7.2575;649.02;0;649.02;543.27;75.556;22.943;7.2575;0.8371;0.0465;0;0.0112;641.03;7.9927;0;0;1.4078;6.5849;627.7;12.691;10.458;1.4544;0.6942;0.0842;640.39;0.641;0.5433;0.0756;0.0215;0.0007;629.73;532.27;74.026;20.82;0.5878;257.73;221.91;58.408;0.7017;1.9244;27.682;2.0271;28.905;0;1;0;0;1.2452;0.9877;1;1;0.9386;0.0927;0.9802;0.9807;1;0.9677;0.8747;0.999;0.999;1;0.999;0.999;0.9671;0.9074;0.081;1.949;1.955;0.0118;0.0009;0.0792;0.013;0.0463;0.0053;0;0;0.088;0;1.6358;0;0;0;0;0;0;0;0;0;0;0;0;0.0372;0.0087;1.7527;1.7527;0;36.588;36.588;25.638;0.0408;1679.8;1043.4;1;0.0289;0.0289;0;0;0;0;0;0;1.7238;1.6358;0;17.131;19.837;15.988;18.514;98.351;98.351;15.577;14.008;13.073;1.569;0.9343;0.1007;0.06;0.8393;15.909;0.8133;0
28/06/21 14:00;21.723;36.881;47.995;33.578;56.422;90;56.422;372.8;83.602;289.2;12.6;1.3599;0;522.89;26.548;89.345;0;11.663;650.45;0;650.45;522.89;89.345;26.548;11.663;0.8039;0.0587;0;0.0179;636.43;14.016;0;0;3.0625;10.954;627.88;7.9125;6.0388;1.0318;0.8072;0.0346;635.8;0.6364;0.5229;0.0893;0.0235;0.0007;630.11;516.33;88.224;22.655;0.6739;109.59;94.359;24.39;3.5691;1.0599;15.247;2.2218;12.738;0;1;0;0;1.7448;0.9785;1;1;0.8846;0.0608;0.9876;0.9884;1;0.9656;0.9512;0.999;0.999;1;0.999;0.999;0.9653;0.8534;0.0578;1.9533;1.9299;0.0116;0.0011;0.0898;0.0128;0.0454;0.0029;0;0;0.088;0;1.6052;0;0;0;0;0;0;0;0;0;0;0;0;0.0365;0.0085;1.7214;1.7214;0;38.282;38.282;25.682;0.0409;1659.6;1037.2;1;0.0282;0.0282;0;0;0;0;0;0;1.6932;1.6052;0;16.788;19.441;15.655;18.128;98.362;98.362;15.611;13.757;12.829;1.8533;0.9286;0.1187;0.0595;0.8218;22.182;0.8076;0
28/06/21 15:00;13.4;48.409;55.802;17.668;29.731;90;29.731;188.9;108.3;80.599;13.07;0.98;0;195.48;74.555;69.101;0;1.7406;340.87;0;340.87;195.48;69.101;74.555;1.7406;0.5735;0.2238;0;0.0051;336.07;4.8003;0;0;3.2724;1.5279;327.32;8.4169;4.4753;1.582;2.3214;0.0382;335.74;0.3361;0.1955;0.0691;0.0713;0.0002;327.55;190.8;67.45;68.89;0.1743;49.584;42.692;11.152;1.0946;0.4381;6.3021;0.2274;5.6457;0;1;0;0;1.8045;0.9859;1;1;0.9561;0.1222;0.9749;0.9771;1;0.9674;0.8202;0.999;0.999;1;0.999;0.999;0.9602;0.924;0.1001;1.0236;0.9998;0.006;0.0134;0.0049;0.0068;0.0242;0.0012;0;0;0.088;0;0.8179;0;0;0;0;0;0;0;0;0;0;0;0;0.0195;0.0025;0.9212;0.9212;0;26.368;26.368;13.298;0.0406;856.39;1075.7;1;0.0153;0.0153;0;0;0;0;0;0;0.9059;0.8179;0;17.143;19.852;15.22;17.625;98.334;98.334;8.181;7.3622;6.5363;0.8187;0.8259;0.1001;0.101;0.799;49.049;0.7881;0
28/06/21 16:00;4.4257;57.413;79.214;5.2483;7.5692;90;7.5692;28.794;28.197;0.5966;11.92;1.16;0;1.4468;27.91;0.3999;0;0.0176;29.775;0;29.775;1.4468;0.3999;27.91;0.0176;0.0486;0.938;0;0.0006;29.632;0.1426;0;0;0.1279;0.0147;27.886;1.7169;0.425;0.1175;1.1738;0.0006;29.602;0.0296;0.0014;0.0004;0.0278;0;27.888;1.0204;0.282;26.581;0.0022;16.646;14.333;3.5249;0.0026;0.1376;1.9795;0.0022;2.1145;0;1;0;0;1.0341;0.9952;1;1;0.9954;0.1645;0.942;0.706;1;0.9577;0.7754;0.999;0.999;1;0.999;0.999;0.9366;0.9524;0.1274;0.0894;0.0882;0.0005;0.0106;-0.0039;0.0006;0.002;0.0004;0;0;0.088;0;-0.0157;0;0;0;0;0;0;0;0;0;0;0;0;0.0016;0.0001;0.0763;0.0763;0;13.069;13.069;1.1492;0.0412;73.672;1035.8;1;0.004;0.004;0;0;0;0;0;0;0.0723;-0.0157;0;16.258;18.826;-3.3415;-3.8694;94.768;94.768;0.7146;0.6099;-0.1253;0.1047;0.7352;0.1466;1.0288;0;16.643;0;0
28/06/21 17:00;0;0;90;0;0;90;0;0;0;0;8.9198;1.3699;0;0;0;0;0;0;0;0;0;0;0;0;0;1;1;1;1;0;0;0;0;0;0;0;0;0;0;0;0;0;0;0;0;0;0;0;0;0;0;0;0;0;0;0;0;0;0;0;0;0;0;0;1;1;1;1;1;1;1;1;1;1;1;1;1;1;1;1;1;1;1;0;0;0;0;0;0;0;0;0;0.0004;0.088;0;-0.0884;0;0;0;0;0;0;0;0;0;0;0;0;0;0;0;0;0;0;0;-8.9198;0;0;0;0;0.0004;0;0;0;0;0;0;0;-0.0004;-0.0884;0;0;0;0;0;0;0;0;0;-0.7063;0;0.7063;1;1;0;0;0;0
28/06/21 18:00;0;0;90;0;0;90;0;0;0;0;6.6303;1.62;0;0;0;0;0;0;0;0;0;0;0;0;0;1;1;1;1;0;0;0;0;0;0;0;0;0;0;0;0;0;0;0;0;0;0;0;0;0;0;0;0;0;0;0;0;0;0;0;0;0;0;0;1;1;1;1;1;1;1;1;1;1;1;1;1;1;1;1;1;1;1;0;0;0;0;0;0;0;0;0;0.0004;0.088;0;-0.0884;0;0;0;0;0;0;0;0;0;0;0;0;0;0;0;0;0;0;0;-6.6303;0;0;0;0;0.0004;0;0;0;0;0;0;0;-0.0004;-0.0884;0;0;0;0;0;0;0;0;0;-0.7063;0;0.7063;1;1;0;0;0;0
28/06/21 19:00;0;0;90;0;0;90;0;0;0;0;5.1997;1.94;0;0;0;0;0;0;0;0;0;0;0;0;0;1;1;1;1;0;0;0;0;0;0;0;0;0;0;0;0;0;0;0;0;0;0;0;0;0;0;0;0;0;0;0;0;0;0;0;0;0;0;0;1;1;1;1;1;1;1;1;1;1;1;1;1;1;1;1;1;1;1;0;0;0;0;0;0;0;0;0;0.0004;0.088;0;-0.0884;0;0;0;0;0;0;0;0;0;0;0;0;0;0;0;0;0;0;0;-5.1997;0;0;0;0;0.0004;0;0;0;0;0;0;0;-0.0004;-0.0884;0;0;0;0;0;0;0;0;0;-0.7063;0;0.7063;1;1;0;0;0;0
28/06/21 20:00;0;0;90;0;0;90;0;0;0;0;4.17;2.3099;0;0;0;0;0;0;0;0;0;0;0;0;0;1;1;1;1;0;0;0;0;0;0;0;0;0;0;0;0;0;0;0;0;0;0;0;0;0;0;0;0;0;0;0;0;0;0;0;0;0;0;0;1;1;1;1;1;1;1;1;1;1;1;1;1;1;1;1;1;1;1;0;0;0;0;0;0;0;0;0;0.0004;0.088;0;-0.0884;0;0;0;0;0;0;0;0;0;0;0;0;0;0;0;0;0;0;0;-4.17;0;0;0;0;0.0004;0;0;0;0;0;0;0;-0.0004;-0.0884;0;0;0;0;0;0;0;0;0;-0.7063;0;0.7063;1;1;0;0;0;0
28/06/21 21:00;0;0;90;0;0;90;0;0;0;0;4.6699;2.67;0;0;0;0;0;0;0;0;0;0;0;0;0;1;1;1;1;0;0;0;0;0;0;0;0;0;0;0;0;0;0;0;0;0;0;0;0;0;0;0;0;0;0;0;0;0;0;0;0;0;0;0;1;1;1;1;1;1;1;1;1;1;1;1;1;1;1;1;1;1;1;0;0;0;0;0;0;0;0;0;0.0004;0.088;0;-0.0884;0;0;0;0;0;0;0;0;0;0;0;0;0;0;0;0;0;0;0;-4.6699;0;0;0;0;0.0004;0;0;0;0;0;0;0;-0.0004;-0.0884;0;0;0;0;0;0;0;0;0;-0.7063;0;0.7063;1;1;0;0;0;0
28/06/21 22:00;0;0;90;0;0;90;0;0;0;0;5.8997;3.05;0;0;0;0;0;0;0;0;0;0;0;0;0;1;1;1;1;0;0;0;0;0;0;0;0;0;0;0;0;0;0;0;0;0;0;0;0;0;0;0;0;0;0;0;0;0;0;0;0;0;0;0;1;1;1;1;1;1;1;1;1;1;1;1;1;1;1;1;1;1;1;0;0;0;0;0;0;0;0;0;0.0004;0.088;0;-0.0884;0;0;0;0;0;0;0;0;0;0;0;0;0;0;0;0;0;0;0;-5.8997;0;0;0;0;0.0004;0;0;0;0;0;0;0;-0.0004;-0.0884;0;0;0;0;0;0;0;0;0;-0.7063;0;0.7063;1;1;0;0;0;0
28/06/21 23:00;0;0;90;0;0;90;0;0;0;0;5.4397;3.2601;0;0;0;0;0;0;0;0;0;0;0;0;0;1;1;1;1;0;0;0;0;0;0;0;0;0;0;0;0;0;0;0;0;0;0;0;0;0;0;0;0;0;0;0;0;0;0;0;0;0;0;0;1;1;1;1;1;1;1;1;1;1;1;1;1;1;1;1;1;1;1;0;0;0;0;0;0;0;0;0;0.0004;0.088;0;-0.0884;0;0;0;0;0;0;0;0;0;0;0;0;0;0;0;0;0;0;0;-5.4397;0;0;0;0;0.0004;0;0;0;0;0;0;0;-0.0004;-0.0884;0;0;0;0;0;0;0;0;0;-0.7063;0;0.7063;1;1;0;0;0;0
29/06/21 00:00;0;0;90;0;0;90;0;0;0;0;5.3998;3.46;0;0;0;0;0;0;0;0;0;0;0;0;0;1;1;1;1;0;0;0;0;0;0;0;0;0;0;0;0;0;0;0;0;0;0;0;0;0;0;0;0;0;0;0;0;0;0;0;0;0;0;0;1;1;1;1;1;1;1;1;1;1;1;1;1;1;1;1;1;1;1;0;0;0;0;0;0;0;0;0;0.0004;0.088;0;-0.0884;0;0;0;0;0;0;0;0;0;0;0;0;0;0;0;0;0;0;0;-5.3998;0;0;0;0;0.0004;0;0;0;0;0;0;0;-0.0004;-0.0884;0;0;0;0;0;0;0;0;0;-0.7063;0;0.7063;1;1;0;0;0;0
29/06/21 01:00;0;0;90;0;0;90;0;0;0;0;4.7497;3.88;0;0;0;0;0;0;0;0;0;0;0;0;0;1;1;1;1;0;0;0;0;0;0;0;0;0;0;0;0;0;0;0;0;0;0;0;0;0;0;0;0;0;0;0;0;0;0;0;0;0;0;0;1;1;1;1;1;1;1;1;1;1;1;1;1;1;1;1;1;1;1;0;0;0;0;0;0;0;0;0;0.0004;0.088;0;-0.0884;0;0;0;0;0;0;0;0;0;0;0;0;0;0;0;0;0;0;0;-4.7497;0;0;0;0;0.0004;0;0;0;0;0;0;0;-0.0004;-0.0884;0;0;0;0;0;0;0;0;0;-0.7063;0;0.7063;1;1;0;0;0;0
29/06/21 02:00;0;0;90;0;0;90;0;0;0;0;6.6901;4.43;0;0;0;0;0;0;0;0;0;0;0;0;0;1;1;1;1;0;0;0;0;0;0;0;0;0;0;0;0;0;0;0;0;0;0;0;0;0;0;0;0;0;0;0;0;0;0;0;0;0;0;0;1;1;1;1;1;1;1;1;1;1;1;1;1;1;1;1;1;1;1;0;0;0;0;0;0;0;0;0;0.0004;0.088;0;-0.0884;0;0;0;0;0;0;0;0;0;0;0;0;0;0;0;0;0;0;0;-6.6901;0;0;0;0;0.0004;0;0;0;0;0;0;0;-0.0004;-0.0884;0;0;0;0;0;0;0;0;0;-0.7063;0;0.7063;1;1;0;0;0;0
29/06/21 03:00;0;0;90;0;0;90;0;0;0;0;5.7302;4.73;0;0;0;0;0;0;0;0;0;0;0;0;0;1;1;1;1;0;0;0;0;0;0;0;0;0;0;0;0;0;0;0;0;0;0;0;0;0;0;0;0;0;0;0;0;0;0;0;0;0;0;0;1;1;1;1;1;1;1;1;1;1;1;1;1;1;1;1;1;1;1;0;0;0;0;0;0;0;0;0;0.0004;0.088;0;-0.0884;0;0;0;0;0;0;0;0;0;0;0;0;0;0;0;0;0;0;0;-5.7302;0;0;0;0;0.0004;0;0;0;0;0;0;0;-0.0004;-0.0884;0;0;0;0;0;0;0;0;0;-0.7063;0;0.7063;1;1;0;0;0;0
29/06/21 04:00;0;0;90;0;0;90;0;0;0;0;5.4098;4.75;0;0;0;0;0;0;0;0;0;0;0;0;0;1;1;1;1;0;0;0;0;0;0;0;0;0;0;0;0;0;0;0;0;0;0;0;0;0;0;0;0;0;0;0;0;0;0;0;0;0;0;0;1;1;1;1;1;1;1;1;1;1;1;1;1;1;1;1;1;1;1;0;0;0;0;0;0;0;0;0;0.0004;0.088;0;-0.0884;0;0;0;0;0;0;0;0;0;0;0;0;0;0;0;0;0;0;0;-5.4098;0;0;0;0;0.0004;0;0;0;0;0;0;0;-0.0004;-0.0884;0;0;0;0;0;0;0;0;0;-0.7063;0;0.7063;1;1;0;0;0;0
29/06/21 05:00;0;0;90;0;0;90;0;0;0;0;5.8997;4.66;0;0;0;0;0;0;0;0;0;0;0;0;0;1;1;1;1;0;0;0;0;0;0;0;0;0;0;0;0;0;0;0;0;0;0;0;0;0;0;0;0;0;0;0;0;0;0;0;0;0;0;0;1;1;1;1;1;1;1;1;1;1;1;1;1;1;1;1;1;1;1;0;0;0;0;0;0;0;0;0;0.0004;0.088;0;-0.0884;0;0;0;0;0;0;0;0;0;0;0;0;0;0;0;0;0;0;0;-5.8997;0;0;0;0;0.0004;0;0;0;0;0;0;0;-0.0004;-0.0884;0;0;0;0;0;0;0;0;0;-0.7063;0;0.7063;1;1;0;0;0;0
29/06/21 06:00;0;0;90;0;0;90;0;0;0;0;5.7003;4.5;0;0;0;0;0;0;0;0;0;0;0;0;0;1;1;1;1;0;0;0;0;0;0;0;0;0;0;0;0;0;0;0;0;0;0;0;0;0;0;0;0;0;0;0;0;0;0;0;0;0;0;0;1;1;1;1;1;1;1;1;1;1;1;1;1;1;1;1;1;1;1;0;0;0;0;0;0;0;0;0;0.0004;0.088;0;-0.0884;0;0;0;0;0;0;0;0;0;0;0;0;0;0;0;0;0;0;0;-5.7003;0;0;0;0;0.0004;0;0;0;0;0;0;0;-0.0004;-0.0884;0;0;0;0;0;0;0;0;0;-0.7063;0;0.7063;1;1;0;0;0;0
29/06/21 07:00;4.4064;-57.502;79.261;5.2203;7.5278;-90;-7.5278;38.698;24.898;13.8;5.2403;4.89;0;33.469;21.422;8.2047;0;0.0233;63.119;0;63.119;33.469;8.2047;21.422;0.0233;0.5302;0.3398;0;0.0004;63.003;0.1164;0;0;0.097;0.0195;49.731;13.209;9.8838;2.423;0.9015;0.0009;62.94;0.063;0.0335;0.0082;0.0213;0;49.732;23.551;5.7735;20.403;0.003;12.857;11.07;2.6892;0.0019;0.1084;1.56;0.0017;1.6665;0;1;0;0;1.6311;0.9982;1;1;0.9955;0.1655;0.7901;0.7044;1;0.9577;0.7757;0.999;0.999;1;0.999;0.999;0.7879;0.9524;0.1282;0.1895;0.1531;0.0009;0.0136;-0.0099;0.001;0.0037;0.0003;0;0;0.088;0;0.0461;0;0;0;0;0;0;0;0;0;0;0;0;0.003;0.0001;0.1403;0.1403;0;7.2639;7.2639;2.0237;0.0407;129.19;1086.3;1;0.0062;0.0062;0;0;0;0;0;0;0.1341;0.0461;0;14.105;16.333;4.6352;5.3674;95.568;95.568;1.5149;1.1216;0.3686;0.3933;0.753;0.2596;0.4971;0.2433;12.773;0.2389;0
29/06/21 08:00;13.238;-48.678;56.263;17.393;29.073;-90;-29.073;157.51;66.899;90.609;7.6002;5.39;0;219.75;43.922;48.564;0;1.3892;313.63;0;313.63;219.75;48.564;43.922;1.3892;0.7007;0.1445;0;0.0044;310.56;3.0693;0;0;1.857;1.2123;302.36;7.8853;5.3072;1.1729;1.373;0.0322;310.25;0.3106;0.2198;0.0486;0.0421;0.0002;302.5;214.23;47.342;40.649;0.1445;29.309;25.235;6.351;0.5967;0.2714;3.9035;0.1369;3.5781;0;1;0;0;1.9912;0.9902;1;1;0.9577;0.1273;0.9746;0.9758;1;0.9673;0.8178;0.999;0.999;1;0.999;0.999;0.9641;0.9255;0.104;0.9418;0.9193;0.0055;0.0145;-0.0168;0.0064;0.0227;0.0008;0;0;0.088;0;0.7629;0;0;0;0;0;0;0;0;0;0;0;0;0.0183;0.0022;0.8657;0.8657;0;19.824;19.824;12.224;0.0404;787.07;1099.9;1;0.0148;0.0148;0;0;0;0;0;0;0.8509;0.7629;0;17.51;20.276;15.43;17.868;98.29;98.29;7.527;6.9184;6.0968;0.6086;0.8216;0.0809;0.1092;0.81;28.767;0.8025;0
29/06/21 09:00;21.606;-37.187;47.791;33.235;56.765;-90;-56.765;336.8;63.998;272.8;10.26;5.15;0;497.74;21.775;65.442;0;10.655;595.61;0;595.61;497.74;65.442;21.775;10.655;0.8357;0.0544;0;0.0179;583.1;12.512;0;0;2.5289;9.9831;575.39;7.1328;5.689;0.748;0.663;0.0328;582.52;0.5831;0.4977;0.0654;0.0192;0.0007;577.4;491.56;64.629;18.563;0.638;95.858;82.534;21.071;2.9911;0.9356;13.459;2.0095;11.403;0;1;0;0;1.7685;0.979;1;1;0.8839;0.063;0.9878;0.9886;1;0.9655;0.9511;0.999;0.999;1;0.999;0.999;0.966;0.8525;0.0599;1.7886;1.7674;0.0106;0.0029;0.0539;0.0119;0.0422;0.0026;0;0;0.088;0;1.4879;0;0;0;0;0;0;0;0;0;0;0;0;0.034;0.0072;1.6021;1.6021;0;33.712;33.712;23.452;0.0408;1519.6;1054.3;1;0.0262;0.0262;0;0;0;0;0;0;1.5759;1.4879;0;17.064;19.759;15.847;18.351;98.364;98.364;14.295;12.804;11.891;1.4906;0.9127;0.1043;0.0639;0.8319;18.267;0.818;0
29/06/21 10:00;27.833;-23.636;54.108;52.788;37.212;-90;-37.212;453.5;79.497;374;11.8;4.74;0;469.61;28.137;60.486;0;6.463;564.69;0;564.69;469.61;60.486;28.137;6.463;0.8316;0.0613;0;0.0114;557.08;7.6171;0;0;1.7561;5.861;545.58;10.944;8.878;1.1435;0.8506;0.0718;556.52;0.5571;0.4696;0.0605;0.0264;0.0006;547.39;460.26;59.282;25.504;0.5296;224.25;193.08;50.848;0.8961;1.6913;24.329;1.816;25.124;0;1;0;0;1.2452;0.9865;1;1;0.9376;0.0931;0.9803;0.9811;1;0.9677;0.8806;0.999;0.999;1;0.999;0.999;0.9661;0.9064;0.0819;1.6958;1.7;0.0102;0.0037;0.054;0.0114;0.0405;0.0047;0;0;0.088;0;1.4233;0;0;0;0;0;0;0;0;0;0;0;0;0.0326;0.0067;1.5362;1.5362;0;34.048;34.048;22.248;0.0408;1460.6;1051.7;1;0.0249;0.0249;0;0;0;0;0;0;1.5113;1.4233;0;17.257;19.983;15.989;18.515;98.38;98.38;13.553;12.277;11.375;1.2755;0.9022;0.0941;0.0666;0.8393;19.58;0.8131;0
29/06/21 11:00;31.219;-8.268;57.812;76.652;13.348;-90;-13.348;512.9;91.298;421.6;13.45;4.0799;0;433.31;34.646;57.737;0;0.9698;526.66;0;526.66;433.31;57.737;34.646;0.9698;0.8227;0.0676;0;0.0018;525.44;1.2158;0;0;0.4074;0.8084;509.34;15.582;12.549;1.6721;1.3255;0.0362;524.92;0.5254;0.4333;0.0577;0.0342;0.0002;509.54;420.33;56.007;32.879;0.125;297.27;255.95;66.772;0.0297;2.2078;31.759;0.2068;33.937;0;1;0;0;1.0268;0.9977;1;1;0.9882;0.1664;0.9703;0.971;1;0.9612;0.7754;0.999;0.999;1;0.999;0.999;0.9671;0.949;0.1289;1.5816;1.6016;0.0096;0.0049;0.052;0.0107;0.0381;0.0061;0;0;0.088;0;1.3324;0;0;0;0;0;0;0;0;0;0;0;0;0.0307;0.006;1.4435;1.4435;0;34.23;34.23;20.779;0.0408;1375.4;1049.5;1;0.0231;0.0231;0;0;0;0;0;0;1.4204;1.3324;0;17.387;20.133;16.049;18.585;98.403;98.403;12.64;11.536;10.649;1.1035;0.8875;0.0873;0.0702;0.8425;20.966;0.8061;0
29/06/21 12:00;31.263;7.8648;57.861;77.298;12.702;90;12.702;513;98.602;414.4;14.2;3.4201;0;424.79;38.564;61.054;0;0.8788;525.29;0;525.29;424.79;61.054;38.564;0.8788;0.8087;0.0751;0;0.0017;524.14;1.152;0;0;0.4182;0.7338;507.94;15.677;12.373;1.7784;1.4925;0.0326;523.61;0.5241;0.4248;0.0611;0.0381;0.0001;508.12;411.99;59.215;36.615;0.1122;297.9;256.49;66.858;0.0276;2.216;31.876;0.1838;34.065;0;1;0;0;1.024;0.9978;1;1;0.9892;0.165;0.9701;0.9708;1;0.9608;0.7747;0.999;0.999;1;0.999;0.999;0.967;0.9495;0.1277;1.5774;1.5976;0.0096;0.005;0.0558;0.0107;0.0379;0.0061;0;0;0.088;0;1.3251;0;0;0;0;0;0;0;0;0;0;0;0;0.0305;0.006;1.436;1.436;0;34.935;34.935;20.735;0.0408;1372;1046.6;1;0.0229;0.0229;0;0;0;0;0;0;1.4131;1.3251;0;17.342;20.081;16.003;18.531;98.408;98.408;12.607;11.476;10.59;1.1305;0.886;0.0897;0.0703;0.84;23.289;0.8035;0
29/06/21 13:00;27.956;23.269;54.239;53.338;36.662;90;36.662;455.9;103.3;352.6;15.09;2.8799;0;439.56;40.12;73.268;0;6.3132;559.26;0;559.26;439.56;73.268;40.12;6.3132;0.786;0.083;0;0.0113;551.08;8.1762;0;0;2.4508;5.7254;539.41;11.124;8.4304;1.4052;1.2143;0.0742;550.53;0.5511;0.4396;0.0733;0.0377;0.0006;541.19;430.69;71.789;36.417;0.5131;228.76;196.96;51.895;1.2135;1.743;25.073;1.7828;25.603;0;1;0;0;1.2267;0.9854;1;1;0.9389;0.0931;0.9798;0.9808;1;0.9677;0.8737;0.999;0.999;1;0.999;0.999;0.9645;0.9077;0.0813;1.6795;1.6829;0.0101;0.0039;0.0719;0.0112;0.0396;0.0048;0;0;0.088;0;1.3909;0;0;0;0;0;0;0;0;0;0;0;0;0.0319;0.0066;1.5029;1.5029;0;37.144;37.144;22.054;0.0409;1446.4;1039.1;1;0.024;0.024;0;0;0;0;0;0;1.4789;1.3909;0;17.047;19.74;15.777;18.269;98.402;98.402;13.422;12.011;11.116;1.411;0.8952;0.1051;0.0667;0.8282;27.796;0.8013;0
29/06/21 14:00;21.792;36.871;47.972;33.676;56.324;90;56.324;342.21;112.1;230.11;15.3;2.2301;0;414.98;46.275;94.792;0;10.672;566.72;0;566.72;414.98;94.792;46.275;10.672;0.7323;0.1005;0;0.0188;551.37;15.347;0;0;5.3246;10.023;543.5;7.3185;4.7871;1.0935;1.4066;0.0314;550.82;0.5514;0.415;0.0948;0.041;0.0006;545.84;409.78;93.603;39.503;0.6168;112.13;96.547;24.992;6.1803;1.2465;17.93;2.3373;12.996;0;1;0;0;1.6561;0.9729;1;1;0.8849;0.0608;0.9867;0.9885;1;0.9656;0.9515;0.999;0.999;1;0.999;0.999;0.959;0.8537;0.0578;1.7019;1.6818;0.0101;0.0039;0.0741;0.0112;0.0396;0.0034;0;0;0.088;0;1.3892;0;0;0;0;0;0;0;0;0;0;0;0;0.0319;0.0066;1.5011;1.5011;0;37.528;37.528;22.228;0.0409;1446.2;1038;1;0.024;0.024;0;0;0;0;0;0;1.4772;1.3892;0;16.803;19.458;15.55;18.006;98.404;98.404;13.601;11.997;11.102;1.6042;0.8948;0.1179;0.0658;0.8163;38.622;0.7974;0
29/06/21 15:00;13.47;48.412;55.603;17.757;29.946;90;29.946;189.19;109.1;80.094;14.99;1.81;0;194.25;75.332;68.825;0;1.768;340.18;0;340.18;194.25;68.825;75.332;1.768;0.571;0.2266;0;0.0052;335.28;4.8982;0;0;3.3446;1.5536;326.68;8.2672;4.3463;1.5399;2.3427;0.0382;334.94;0.3353;0.1943;0.0688;0.072;0.0002;326.91;189.71;67.216;69.573;0.176;50.165;43.192;11.291;1.134;0.4444;6.3929;0.234;5.7033;0;1;0;0;1.798;0.9856;1;1;0.9556;0.1213;0.9753;0.9776;1;0.9674;0.8216;0.999;0.999;1;0.999;0.999;0.9603;0.9235;0.0996;1.0215;0.9981;0.006;0.0134;0.0117;0.0068;0.024;0.0012;0;0;0.088;0;0.81;0;0;0;0;0;0;0;0;0;0;0;0;0.0193;0.0025;0.9131;0.9131;0;28.284;28.284;13.294;0.0407;855.52;1067.3;1;0.0151;0.0151;0;0;0;0;0;0;0.898;0.81;0;17.027;19.717;15.105;17.491;98.345;98.345;8.1642;7.2974;6.4734;0.8668;0.8241;0.1062;0.1009;0.7929;49.634;0.7819;0
29/06/21 16:00;4.4946;57.424;79.044;5.3293;7.6888;90;7.6888;12.697;12.599;0.0988;13.63;2.1699;0;0.2396;12.53;0.0291;0;0.008;12.807;0;12.807;0.2396;0.0291;12.53;0.008;0.0187;0.979;0;0.0006;12.741;0.0656;0;0;0.0589;0.0067;12.125;0.6038;0.0691;0.0084;0.5261;0.0003;12.728;0.0127;0.0002;0;0.0125;0;12.126;0.1703;0.0207;11.933;0.001;7.4738;6.4349;1.5826;0.0012;0.0618;0.8888;0.0011;0.9494;0;1;0;0;1.0086;0.9949;1;1;0.9953;0.1646;0.9526;0.7115;1;0.9578;0.7753;0.999;0.999;1;0.999;0.999;0.9467;0.9523;0.1275;0.0385;0.0384;0.0002;0.0068;-0.0015;0.0002;0.0008;0.0002;0;0;0.088;0;-0.0598;0;0;0;0;0;0;0;0;0;0;0;0;0.0007;0;0.0309;0.0309;0;14.138;14.138;0.5072;0.0418;31.145;992.92;1;0.0027;0.0027;0;0;0;0;0;0;0.0282;-0.0598;0;15.318;17.738;-29.601;-34.278;91.317;91.317;0.3074;0.2471;-0.4776;0.0602;0.7248;0.1959;2.358;0;7.4733;0;0
29/06/21 17:00;0;0;90;0;0;90;0;0;0;0;10.59;2.6;0;0;0;0;0;0;0;0;0;0;0;0;0;1;1;1;1;0;0;0;0;0;0;0;0;0;0;0;0;0;0;0;0;0;0;0;0;0;0;0;0;0;0;0;0;0;0;0;0;0;0;0;1;1;1;1;1;1;1;1;1;1;1;1;1;1;1;1;1;1;1;0;0;0;0;0;0;0;0;0;0.0004;0.088;0;-0.0884;0;0;0;0;0;0;0;0;0;0;0;0;0;0;0;0;0;0;0;-10.59;0;0;0;0;0.0004;0;0;0;0;0;0;0;-0.0004;-0.0884;0;0;0;0;0;0;0;0;0;-0.7063;0;0.7063;1;1;0;0;0;0
29/06/21 18:00;0;0;90;0;0;90;0;0;0;0;9.4197;3.06;0;0;0;0;0;0;0;0;0;0;0;0;0;1;1;1;1;0;0;0;0;0;0;0;0;0;0;0;0;0;0;0;0;0;0;0;0;0;0;0;0;0;0;0;0;0;0;0;0;0;0;0;1;1;1;1;1;1;1;1;1;1;1;1;1;1;1;1;1;1;1;0;0;0;0;0;0;0;0;0;0.0004;0.088;0;-0.0884;0;0;0;0;0;0;0;0;0;0;0;0;0;0;0;0;0;0;0;-9.4197;0;0;0;0;0.0004;0;0;0;0;0;0;0;-0.0004;-0.0884;0;0;0;0;0;0;0;0;0;-0.7063;0;0.7063;1;1;0;0;0;0
29/06/21 19:00;0;0;90;0;0;90;0;0;0;0;9.2103;3.37;0;0;0;0;0;0;0;0;0;0;0;0;0;1;1;1;1;0;0;0;0;0;0;0;0;0;0;0;0;0;0;0;0;0;0;0;0;0;0;0;0;0;0;0;0;0;0;0;0;0;0;0;1;1;1;1;1;1;1;1;1;1;1;1;1;1;1;1;1;1;1;0;0;0;0;0;0;0;0;0;0.0004;0.088;0;-0.0884;0;0;0;0;0;0;0;0;0;0;0;0;0;0;0;0;0;0;0;-9.2103;0;0;0;0;0.0004;0;0;0;0;0;0;0;-0.0004;-0.0884;0;0;0;0;0;0;0;0;0;-0.7063;0;0.7063;1;1;0;0;0;0
29/06/21 20:00;0;0;90;0;0;90;0;0;0;0;9.7999;3.5999;0;0;0;0;0;0;0;0;0;0;0;0;0;1;1;1;1;0;0;0;0;0;0;0;0;0;0;0;0;0;0;0;0;0;0;0;0;0;0;0;0;0;0;0;0;0;0;0;0;0;0;0;1;1;1;1;1;1;1;1;1;1;1;1;1;1;1;1;1;1;1;0;0;0;0;0;0;0;0;0;0.0004;0.088;0;-0.0884;0;0;0;0;0;0;0;0;0;0;0;0;0;0;0;0;0;0;0;-9.7999;0;0;0;0;0.0004;0;0;0;0;0;0;0;-0.0004;-0.0884;0;0;0;0;0;0;0;0;0;-0.7063;0;0.7063;1;1;0;0;0;0
29/06/21 21:00;0;0;90;0;0;90;0;0;0;0;10.33;4.1401;0;0;0;0;0;0;0;0;0;0;0;0;0;1;1;1;1;0;0;0;0;0;0;0;0;0;0;0;0;0;0;0;0;0;0;0;0;0;0;0;0;0;0;0;0;0;0;0;0;0;0;0;1;1;1;1;1;1;1;1;1;1;1;1;1;1;1;1;1;1;1;0;0;0;0;0;0;0;0;0;0.0004;0.088;0;-0.0884;0;0;0;0;0;0;0;0;0;0;0;0;0;0;0;0;0;0;0;-10.33;0;0;0;0;0.0004;0;0;0;0;0;0;0;-0.0004;-0.0884;0;0;0;0;0;0;0;0;0;-0.7063;0;0.7063;1;1;0;0;0;0
29/06/21 22:00;0;0;90;0;0;90;0;0;0;0;11.04;4.74;0;0;0;0;0;0;0;0;0;0;0;0;0;1;1;1;1;0;0;0;0;0;0;0;0;0;0;0;0;0;0;0;0;0;0;0;0;0;0;0;0;0;0;0;0;0;0;0;0;0;0;0;1;1;1;1;1;1;1;1;1;1;1;1;1;1;1;1;1;1;1;0;0;0;0;0;0;0;0;0;0.0004;0.088;0;-0.0884;0;0;0;0;0;0;0;0;0;0;0;0;0;0;0;0;0;0;0;-11.04;0;0;0;0;0.0004;0;0;0;0;0;0;0;-0.0004;-0.0884;0;0;0;0;0;0;0;0;0;-0.7063;0;0.7063;1;1;0;0;0;0
29/06/21 23:00;0;0;90;0;0;90;0;0;0;0;10.2;5.0299;0;0;0;0;0;0;0;0;0;0;0;0;0;1;1;1;1;0;0;0;0;0;0;0;0;0;0;0;0;0;0;0;0;0;0;0;0;0;0;0;0;0;0;0;0;0;0;0;0;0;0;0;1;1;1;1;1;1;1;1;1;1;1;1;1;1;1;1;1;1;1;0;0;0;0;0;0;0;0;0;0.0004;0.088;0;-0.0884;0;0;0;0;0;0;0;0;0;0;0;0;0;0;0;0;0;0;0;-10.2;0;0;0;0;0.0004;0;0;0;0;0;0;0;-0.0004;-0.0884;0;0;0;0;0;0;0;0;0;-0.7063;0;0.7063;1;1;0;0;0;0
30/06/21 00:00;0;0;90;0;0;90;0;0;0;0;9.2103;5.0001;0;0;0;0;0;0;0;0;0;0;0;0;0;1;1;1;1;0;0;0;0;0;0;0;0;0;0;0;0;0;0;0;0;0;0;0;0;0;0;0;0;0;0;0;0;0;0;0;0;0;0;0;1;1;1;1;1;1;1;1;1;1;1;1;1;1;1;1;1;1;1;0;0;0;0;0;0;0;0;0;0.0004;0.088;0;-0.0884;0;0;0;0;0;0;0;0;0;0;0;0;0;0;0;0;0;0;0;-9.2103;0;0;0;0;0.0004;0;0;0;0;0;0;0;-0.0004;-0.0884;0;0;0;0;0;0;0;0;0;-0.7063;0;0.7063;1;1;0;0;0;0
30/06/21 01:00;0;0;90;0;0;90;0;0;0;0;8.9098;4.51;0;0;0;0;0;0;0;0;0;0;0;0;0;1;1;1;1;0;0;0;0;0;0;0;0;0;0;0;0;0;0;0;0;0;0;0;0;0;0;0;0;0;0;0;0;0;0;0;0;0;0;0;1;1;1;1;1;1;1;1;1;1;1;1;1;1;1;1;1;1;1;0;0;0;0;0;0;0;0;0;0.0004;0.088;0;-0.0884;0;0;0;0;0;0;0;0;0;0;0;0;0;0;0;0;0;0;0;-8.9098;0;0;0;0;0.0004;0;0;0;0;0;0;0;-0.0004;-0.0884;0;0;0;0;0;0;0;0;0;-0.7063;0;0.7063;1;1;0;0;0;0
30/06/21 02:00;0;0;90;0;0;90;0;0;0;0;7.3303;4.57;0;0;0;0;0;0;0;0;0;0;0;0;0;1;1;1;1;0;0;0;0;0;0;0;0;0;0;0;0;0;0;0;0;0;0;0;0;0;0;0;0;0;0;0;0;0;0;0;0;0;0;0;1;1;1;1;1;1;1;1;1;1;1;1;1;1;1;1;1;1;1;0;0;0;0;0;0;0;0;0;0.0004;0.088;0;-0.0884;0;0;0;0;0;0;0;0;0;0;0;0;0;0;0;0;0;0;0;-7.3303;0;0;0;0;0.0004;0;0;0;0;0;0;0;-0.0004;-0.0884;0;0;0;0;0;0;0;0;0;-0.7063;0;0.7063;1;1;0;0;0;0
30/06/21 03:00;0;0;90;0;0;90;0;0;0;0;8.1101;4.66;0;0;0;0;0;0;0;0;0;0;0;0;0;1;1;1;1;0;0;0;0;0;0;0;0;0;0;0;0;0;0;0;0;0;0;0;0;0;0;0;0;0;0;0;0;0;0;0;0;0;0;0;1;1;1;1;1;1;1;1;1;1;1;1;1;1;1;1;1;1;1;0;0;0;0;0;0;0;0;0;0.0004;0.088;0;-0.0884;0;0;0;0;0;0;0;0;0;0;0;0;0;0;0;0;0;0;0;-8.1101;0;0;0;0;0.0004;0;0;0;0;0;0;0;-0.0004;-0.0884;0;0;0;0;0;0;0;0;0;-0.7063;0;0.7063;1;1;0;0;0;0
30/06/21 04:00;0;0;90;0;0;90;0;0;0;0;10.84;4.8401;0;0;0;0;0;0;0;0;0;0;0;0;0;1;1;1;1;0;0;0;0;0;0;0;0;0;0;0;0;0;0;0;0;0;0;0;0;0;0;0;0;0;0;0;0;0;0;0;0;0;0;0;1;1;1;1;1;1;1;1;1;1;1;1;1;1;1;1;1;1;1;0;0;0;0;0;0;0;0;0;0.0004;0.088;0;-0.0884;0;0;0;0;0;0;0;0;0;0;0;0;0;0;0;0;0;0;0;-10.84;0;0;0;0;0.0004;0;0;0;0;0;0;0;-0.0004;-0.0884;0;0;0;0;0;0;0;0;0;-0.7063;0;0.7063;1;1;0;0;0;0
30/06/21 05:00;0;0;90;0;0;90;0;0;0;0;8.3301;5.0299;0;0;0;0;0;0;0;0;0;0;0;0;0;1;1;1;1;0;0;0;0;0;0;0;0;0;0;0;0;0;0;0;0;0;0;0;0;0;0;0;0;0;0;0;0;0;0;0;0;0;0;0;1;1;1;1;1;1;1;1;1;1;1;1;1;1;1;1;1;1;1;0;0;0;0;0;0;0;0;0;0.0004;0.088;0;-0.0884;0;0;0;0;0;0;0;0;0;0;0;0;0;0;0;0;0;0;0;-8.3301;0;0;0;0;0.0004;0;0;0;0;0;0;0;-0.0004;-0.0884;0;0;0;0;0;0;0;0;0;-0.7063;0;0.7063;1;1;0;0;0;0
30/06/21 06:00;0;0;90;0;0;90;0;0;0;0;7.7797;5.36;0;0;0;0;0;0;0;0;0;0;0;0;0;1;1;1;1;0;0;0;0;0;0;0;0;0;0;0;0;0;0;0;0;0;0;0;0;0;0;0;0;0;0;0;0;0;0;0;0;0;0;0;1;1;1;1;1;1;1;1;1;1;1;1;1;1;1;1;1;1;1;0;0;0;0;0;0;0;0;0;0.0004;0.088;0;-0.0884;0;0;0;0;0;0;0;0;0;0;0;0;0;0;0;0;0;0;0;-7.7797;0;0;0;0;0.0004;0;0;0;0;0;0;0;-0.0004;-0.0884;0;0;0;0;0;0;0;0;0;-0.7063;0;0.7063;1;1;0;0;0;0
30/06/21 07:00;4.4136;-57.577;79.243;5.2245;7.534;-90;-7.534;29.907;25.497;4.4108;7.2;5.3301;0;10.697;24.286;2.6812;0;0.0181;37.683;0;37.683;10.697;2.6812;24.286;0.0181;0.2839;0.645;0;0.0005;37.557;0.1252;0;0;0.1101;0.0151;32.554;4.9657;3.1529;0.7902;1.0219;0.0007;37.52;0.0376;0.0107;0.0027;0.0242;0;32.556;7.5338;1.8883;23.13;0.0023;14.507;12.491;3.0749;0.0022;0.1197;1.7224;0.0019;1.8399;0;1;0;0;1.26;0.9967;1;1;0.9955;0.1655;0.8677;0.705;1;0.9577;0.7757;0.999;0.999;1;0.999;0.999;0.8639;0.9524;0.1282;0.1132;0.1017;0.0006;0.0113;-0.0061;0.0007;0.0024;0.0003;0;0;0.088;0;-0.002;0;0;0;0;0;0;0;0;0;0;0;0;0.0019;0.0001;0.0905;0.0905;0;8.5335;8.5335;1.3335;0.041;85.179;1062.6;1;0.0045;0.0045;0;0;0;0;0;0;0.086;-0.002;0;15.237;17.644;-0.3428;-0.397;94.977;94.977;0.9044;0.7234;-0.0163;0.181;0.7396;0.2002;0.8178;0;14.48;0;0
30/06/21 08:00;13.254;-48.753;56.218;17.394;29.076;-90;-29.076;157;67.597;89.403;11.17;5.5099;0;216.83;44.653;48.362;0;1.385;311.23;0;311.23;216.83;48.362;44.653;1.385;0.6967;0.1479;0;0.0045;308.13;3.097;0;0;1.8883;1.2087;300.02;7.7992;5.2094;1.1619;1.3959;0.0321;307.82;0.3081;0.2168;0.0484;0.0428;0.0002;300.16;211.4;47.152;41.326;0.1441;29.782;25.642;6.4589;0.6069;0.2754;3.9621;0.1389;3.6306;0;1;0;0;1.9823;0.99;1;1;0.9577;0.1273;0.9747;0.976;1;0.9673;0.8178;0.999;0.999;1;0.999;0.999;0.964;0.9255;0.104;0.9346;0.9124;0.0055;0.0146;-0.0054;0.0063;0.0223;0.0008;0;0;0.088;0;0.7459;0;0;0;0;0;0;0;0;0;0;0;0;0.0179;0.0022;0.8483;0.8483;0;23.335;23.335;12.165;0.0405;781.34;1085.6;1;0.0144;0.0144;0;0;0;0;0;0;0.8339;0.7459;0;17.29;20.021;15.203;17.605;98.308;98.308;7.4694;6.7792;5.9612;0.6902;0.818;0.0924;0.1095;0.7981;29.246;0.7905;0
30/06/21 09:00;21.633;-37.262;47.716;33.226;56.774;-90;-56.774;132.8;126.6;6.1963;11.7;5.2599;0;11.308;96.739;2.9376;0;4.2021;115.19;0;115.19;11.308;2.9376;96.739;4.2021;0.0982;0.8763;0;0.0365;100.01;15.175;0;0;11.238;3.9373;96.791;3.1208;0.1288;0.0334;2.9456;0.0129;99.912;0.1;0.0113;0.0029;0.0855;0.0003;98.487;11.168;2.9013;82.47;0.2516;83.126;71.572;20.813;13.285;1.3411;19.291;1.6957;7.3479;0;1;0;0;0.8674;0.8683;1;1;0.8838;0.063;0.9688;0.9886;1;0.9655;0.9511;0.999;0.999;1;0.999;0.999;0.8403;0.8525;0.0599;0.3459;0.3373;0.002;0.0175;-0.0115;0.0023;0.0082;0.0038;0;0;0.088;0;0.2125;0;0;0;0;0;0;0;0;0;0;0;0;0.0066;0.0004;0.308;0.308;0;15.637;15.637;3.9376;0.0407;286.09;1076.6;1;0.0075;0.0075;0;0;0;0;0;0;0.3005;0.2125;0;16.962;19.642;11.704;13.553;97.57;97.57;2.7645;2.4615;1.6984;0.303;0.7631;0.1096;0.276;0.6144;81.165;0.5459;0
30/06/21 10:00;27.874;-23.707;54.036;52.758;37.242;-90;-37.242;329.1;180.5;148.6;14.3;5.12;0;186.66;123.12;54.516;0;4.6975;369;0;369;186.66;54.516;123.12;4.6975;0.5059;0.3464;0;0.0127;357.04;11.955;0;0;7.6943;4.2605;348.39;8.297;3.5008;1.0224;3.7217;0.052;356.69;0.357;0.1867;0.0545;0.1154;0.0004;349.82;182.97;53.439;111.59;0.3846;178.75;153.9;40.847;3.926;1.5362;22.098;1.4296;19.708;0;1;0;0;1.1212;0.9676;1;1;0.9375;0.093;0.9767;0.9812;1;0.9677;0.8809;0.999;0.999;1;0.999;0.999;0.9441;0.9063;0.0819;1.1081;1.1002;0.0066;0.012;0.0136;0.0075;0.0265;0.0043;0;0;0.088;0;0.9008;0;0;0;0;0;0;0;0;0;0;0;0;0.0214;0.003;1.0053;1.0053;0;28.474;28.474;14.174;0.0407;942.24;1067;1;0.0165;0.0165;0;0;0;0;0;0;0.9888;0.9008;0;17.284;20.014;15.487;17.933;98.358;98.358;8.8559;8.0348;7.1995;0.8212;0.8352;0.0927;0.0943;0.813;85.702;0.7781;0
30/06/21 11:00;31.274;-8.3279;57.745;76.588;13.412;-90;-13.412;243.5;217.8;25.701;15.86;5.0101;0;26.421;206.78;8.3857;0;0.4649;242.05;0;242.05;26.421;8.3857;206.78;0.4649;0.1092;0.8562;0;0.0019;239.22;2.8387;0;0;2.4512;0.3875;230.06;8.9191;0.7592;0.241;7.9016;0.0174;238.98;0.2392;0.0264;0.0084;0.2043;0.0001;230.15;25.636;8.1363;196.22;0.0599;144.73;124.62;31.013;0.1791;1.1829;17.015;0.0971;18.019;0;1;0;0;0.9941;0.9883;1;1;0.9881;0.1664;0.9627;0.9712;1;0.9613;0.7754;0.999;0.999;1;0.999;0.999;0.9504;0.9489;0.1289;0.7269;0.7291;0.0044;0.0167;0.0006;0.005;0.0176;0.0033;0;0;0.088;0;0.5664;0;0;0;0;0;0;0;0;0;0;0;0;0.0141;0.0015;0.666;0.666;0;25.222;25.222;9.3616;0.0407;623.14;1068.8;1;0.0116;0.0116;0;0;0;0;0;0;0.6544;0.5664;0;17.455;20.212;14.845;17.19;98.263;98.263;5.8093;5.3228;4.5271;0.4865;0.7957;0.0837;0.137;0.7793;125.16;0.7403;0
30/06/21 12:00;31.328;7.8225;57.807;77.396;12.604;90;12.604;193.51;186;7.5079;15.79;4.8401;0;7.6933;181.75;2.082;0;0.3265;191.85;0;191.85;7.6933;2.082;181.75;0.3265;0.0401;0.949;0;0.0017;189.64;2.2181;0;0;1.9455;0.2726;182.11;7.3415;0.2227;0.0603;7.0464;0.0121;189.45;0.1896;0.0077;0.0021;0.1798;0.0001;182.17;7.4629;2.0196;172.58;0.0417;115.26;99.239;24.615;0.1256;0.9463;13.612;0.0652;14.433;0;1;0;0;0.9914;0.9884;1;1;0.9893;0.165;0.9612;0.971;1;0.9608;0.7747;0.999;0.999;1;0.999;0.999;0.9492;0.9495;0.1277;0.5761;0.5774;0.0035;0.0178;-0.0037;0.0039;0.0139;0.0026;0;0;0.088;0;0.4295;0;0;0;0;0;0;0;0;0;0;0;0;0.0112;0.001;0.5272;0.5272;0;23.202;23.202;7.4119;0.0407;493.2;1068.9;1;0.0097;0.0097;0;0;0;0;0;0;0.5175;0.4295;0;17.432;20.186;14.2;16.444;98.155;98.155;4.6045;4.2134;3.4323;0.3911;0.781;0.0849;0.1696;0.7454;109.73;0.7078;0
30/06/21 13:00;28.028;23.246;54.199;53.446;36.554;90;36.554;468.5;95.303;373.2;16.09;4.6101;0;464.58;34.304;71.277;0;6.4508;576.61;0;576.61;464.58;71.277;34.304;6.4508;0.8057;0.0707;0;0.0112;568.68;7.9332;0;0;2.0859;5.8473;556.76;11.348;8.8711;1.361;1.0386;0.0768;568.11;0.5687;0.4646;0.0713;0.0322;0.0006;558.51;455.24;69.845;31.147;0.5261;234.34;201.76;54.245;1.0274;1.7011;24.469;1.7506;25.143;0;1;0;0;1.2308;0.9862;1;1;0.9392;0.0935;0.98;0.9809;1;0.9677;0.8727;0.999;0.999;1;0.999;0.999;0.9656;0.908;0.0816;1.7316;1.7338;0.0104;0.0033;0.0846;0.0114;0.0406;0.0046;0;0;0.088;0;1.4265;0;0;0;0;0;0;0;0;0;0;0;0;0.0327;0.0069;1.5391;1.5391;0;38.884;38.884;22.794;0.0409;1490.5;1032.6;1;0.0246;0.0246;0;0;0;0;0;0;1.5145;1.4265;0;16.933;19.608;15.694;18.173;98.402;98.402;13.839;12.301;11.401;1.538;0.8999;0.1111;0.065;0.8238;23.745;0.7985;0
30/06/21 14:00;21.866;36.866;47.943;33.779;56.221;90;56.221;298.29;152.6;145.69;16.15;3.63;0;262.04;83.592;81.219;0;9.271;436.12;0;436.12;262.04;81.219;83.592;9.271;0.6008;0.2129;0;0.0213;417.82;18.3;0;0;9.5931;8.7073;410.88;6.5208;3.0183;0.9355;2.5399;0.0271;417.4;0.4178;0.262;0.0812;0.074;0.0006;413.32;258.75;80.202;71.385;0.5361;119.7;103.06;27.925;11.09;1.5416;22.175;2.4428;12.627;0;1;0;0;1.462;0.958;1;1;0.8852;0.0608;0.9844;0.9885;1;0.9656;0.9519;0.999;0.999;1;0.999;0.999;0.9421;0.854;0.0578;1.3097;1.2916;0.0078;0.0093;0.0362;0.0087;0.0307;0.0043;0;0;0.088;0;1.0592;0;0;0;0;0;0;0;0;0;0;0;0;0.0248;0.004;1.1659;1.1659;0;32.912;32.912;16.762;0.0408;1108.7;1051.6;1;0.0187;0.0187;0;0;0;0;0;0;1.1472;1.0592;0;16.96;19.639;15.407;17.841;98.395;98.395;10.467;9.3183;8.4654;1.1485;0.8528;0.1097;0.0815;0.8088;69.689;0.7791;0
30/06/21 15:00;13.544;48.42;55.39;17.85;30.174;90;30.174;128.11;114;14.107;16.22;2.65;0;34.213;101.44;12.599;0;1.2151;149.46;0;149.46;34.213;12.599;101.44;1.2151;0.2289;0.6868;0;0.0081;143.83;5.6271;0;0;4.5582;1.0689;139.49;4.1985;0.747;0.2751;3.1505;0.0259;143.69;0.1438;0.0342;0.0126;0.0969;0.0001;139.81;33.432;12.311;93.629;0.1202;67.032;57.714;15.031;1.5672;0.6009;8.6441;0.3213;7.6779;0;1;0;0;1.1667;0.9624;1;1;0.9551;0.1203;0.9708;0.9781;1;0.9674;0.823;0.999;0.999;1;0.999;0.999;0.9333;0.923;0.0989;0.4488;0.4393;0.0026;0.018;-0.0049;0.003;0.0105;0.0017;0;0;0.088;0;0.303;0;0;0;0;0;0;0;0;0;0;0;0;0.0085;0.0006;0.3993;0.3993;0;21.905;21.905;5.6848;0.0408;375.01;1064.8;1;0.0083;0.0083;0;0;0;0;0;0;0.391;0.303;0;16.948;19.625;12.859;14.891;97.913;97.913;3.5871;3.1913;2.4214;0.3958;0.7699;0.1103;0.2146;0.675;66.937;0.647;0
30/06/21 16:00;4.5676;57.441;78.864;5.4146;7.8151;90;7.8151;18.402;18.2;0.2019;14.28;2.9499;0;0.4896;18.08;0.0846;0;0.012;18.667;0;18.667;0.4896;0.0846;18.08;0.012;0.0262;0.9692;0;0.0006;18.569;0.0973;0;0;0.0873;0.01;17.63;0.9204;0.1383;0.0239;0.7577;0.0004;18.551;0.0186;0.0005;0.0001;0.018;0;17.632;0.3508;0.0607;17.217;0.0015;10.787;9.288;2.2846;0.0019;0.0892;1.2827;0.0016;1.37;0;1;0;0;1.0144;0.9948;1;1;0.9952;0.1646;0.9504;0.7172;1;0.9578;0.7753;0.999;0.999;1;0.999;0.999;0.9445;0.9523;0.1275;0.0561;0.0558;0.0003;0.0084;-0.002;0.0003;0.0012;0.0002;0;0;0.088;0;-0.0448;0;0;0;0;0;0;0;0;0;0;0;0;0.001;0;0.0463;0.0463;0;15.013;15.013;0.733;0.0416;46.03;1006.6;1;0.0031;0.0031;0;0;0;0;0;0;0.0432;-0.0448;0;15.745;18.233;-15.212;-17.615;93.321;93.321;0.448;0.3703;-0.3577;0.0777;0.728;0.1735;1.6251;0;10.786;0;0
30/06/21 17:00;0;0;90;0;0;90;0;0;0;0;11.5;2.98;0;0;0;0;0;0;0;0;0;0;0;0;0;1;1;1;1;0;0;0;0;0;0;0;0;0;0;0;0;0;0;0;0;0;0;0;0;0;0;0;0;0;0;0;0;0;0;0;0;0;0;0;1;1;1;1;1;1;1;1;1;1;1;1;1;1;1;1;1;1;1;0;0;0;0;0;0;0;0;0;0.0004;0.088;0;-0.0884;0;0;0;0;0;0;0;0;0;0;0;0;0;0;0;0;0;0;0;-11.5;0;0;0;0;0.0004;0;0;0;0;0;0;0;-0.0004;-0.0884;0;0;0;0;0;0;0;0;0;-0.7063;0;0.7063;1;1;0;0;0;0
30/06/21 18:00;0;0;90;0;0;90;0;0;0;0;9.76;2.8699;0;0;0;0;0;0;0;0;0;0;0;0;0;1;1;1;1;0;0;0;0;0;0;0;0;0;0;0;0;0;0;0;0;0;0;0;0;0;0;0;0;0;0;0;0;0;0;0;0;0;0;0;1;1;1;1;1;1;1;1;1;1;1;1;1;1;1;1;1;1;1;0;0;0;0;0;0;0;0;0;0.0004;0.088;0;-0.0884;0;0;0;0;0;0;0;0;0;0;0;0;0;0;0;0;0;0;0;-9.76;0;0;0;0;0.0004;0;0;0;0;0;0;0;-0.0004;-0.0884;0;0;0;0;0;0;0;0;0;-0.7063;0;0.7063;1;1;0;0;0;0
30/06/21 19:00;0;0;90;0;0;90;0;0;0;0;10.09;2.7801;0;0;0;0;0;0;0;0;0;0;0;0;0;1;1;1;1;0;0;0;0;0;0;0;0;0;0;0;0;0;0;0;0;0;0;0;0;0;0;0;0;0;0;0;0;0;0;0;0;0;0;0;1;1;1;1;1;1;1;1;1;1;1;1;1;1;1;1;1;1;1;0;0;0;0;0;0;0;0;0;0.0004;0.088;0;-0.0884;0;0;0;0;0;0;0;0;0;0;0;0;0;0;0;0;0;0;0;-10.09;0;0;0;0;0.0004;0;0;0;0;0;0;0;-0.0004;-0.0884;0;0;0;0;0;0;0;0;0;-0.7063;0;0.7063;1;1;0;0;0;0
30/06/21 20:00;0;0;90;0;0;90;0;0;0;0;10.17;2.75;0;0;0;0;0;0;0;0;0;0;0;0;0;1;1;1;1;0;0;0;0;0;0;0;0;0;0;0;0;0;0;0;0;0;0;0;0;0;0;0;0;0;0;0;0;0;0;0;0;0;0;0;1;1;1;1;1;1;1;1;1;1;1;1;1;1;1;1;1;1;1;0;0;0;0;0;0;0;0;0;0.0004;0.088;0;-0.0884;0;0;0;0;0;0;0;0;0;0;0;0;0;0;0;0;0;0;0;-10.17;0;0;0;0;0.0004;0;0;0;0;0;0;0;-0.0004;-0.0884;0;0;0;0;0;0;0;0;0;-0.7063;0;0.7063;1;1;0;0;0;0
30/06/21 21:00;0;0;90;0;0;90;0;0;0;0;10.3;2.8601;0;0;0;0;0;0;0;0;0;0;0;0;0;1;1;1;1;0;0;0;0;0;0;0;0;0;0;0;0;0;0;0;0;0;0;0;0;0;0;0;0;0;0;0;0;0;0;0;0;0;0;0;1;1;1;1;1;1;1;1;1;1;1;1;1;1;1;1;1;1;1;0;0;0;0;0;0;0;0;0;0.0004;0.088;0;-0.0884;0;0;0;0;0;0;0;0;0;0;0;0;0;0;0;0;0;0;0;-10.3;0;0;0;0;0.0004;0;0;0;0;0;0;0;-0.0004;-0.0884;0;0;0;0;0;0;0;0;0;-0.7063;0;0.7063;1;1;0;0;0;0
30/06/21 22:00;0;0;90;0;0;90;0;0;0;0;11.06;3.15;0;0;0;0;0;0;0;0;0;0;0;0;0;1;1;1;1;0;0;0;0;0;0;0;0;0;0;0;0;0;0;0;0;0;0;0;0;0;0;0;0;0;0;0;0;0;0;0;0;0;0;0;1;1;1;1;1;1;1;1;1;1;1;1;1;1;1;1;1;1;1;0;0;0;0;0;0;0;0;0;0.0004;0.088;0;-0.0884;0;0;0;0;0;0;0;0;0;0;0;0;0;0;0;0;0;0;0;-11.06;0;0;0;0;0.0004;0;0;0;0;0;0;0;-0.0004;-0.0884;0;0;0;0;0;0;0;0;0;-0.7063;0;0.7063;1;1;0;0;0;0
30/06/21 23:00;0;0;90;0;0;90;0;0;0;0;11;3.5999;0;0;0;0;0;0;0;0;0;0;0;0;0;1;1;1;1;0;0;0;0;0;0;0;0;0;0;0;0;0;0;0;0;0;0;0;0;0;0;0;0;0;0;0;0;0;0;0;0;0;0;0;1;1;1;1;1;1;1;1;1;1;1;1;1;1;1;1;1;1;1;0;0;0;0;0;0;0;0;0;0.0004;0.088;0;-0.0884;0;0;0;0;0;0;0;0;0;0;0;0;0;0;0;0;0;0;0;-11;0;0;0;0;0.0004;0;0;0;0;0;0;0;-0.0004;-0.0884;0;0;0;0;0;0;0;0;0;-0.7063;0;0.7063;1;1;0;0;0;0
01/07/21 00:00;0;0;90;0;0;90;0;0;0;0;9.3898;3.5899;0;0;0;0;0;0;0;0;0;0;0;0;0;1;1;1;1;0;0;0;0;0;0;0;0;0;0;0;0;0;0;0;0;0;0;0;0;0;0;0;0;0;0;0;0;0;0;0;0;0;0;0;1;1;1;1;1;1;1;1;1;1;1;1;1;1;1;1;1;1;1;0;0;0;0;0;0;0;0;0;0.0004;0.088;0;-0.0884;0;0;0;0;0;0;0;0;0;0;0;0;0;0;0;0;0;0;0;-9.3898;0;0;0;0;0.0004;0;0;0;0;0;0;0;-0.0004;-0.0884;0;0;0;0;0;0;0;0;0;-0.7063;0;0.7063;1;1;0;0;0;0
01/07/21 01:00;0;0;90;0;0;90;0;0;0;0;8.1001;3.62;0;0;0;0;0;0;0;0;0;0;0;0;0;1;1;1;1;0;0;0;0;0;0;0;0;0;0;0;0;0;0;0;0;0;0;0;0;0;0;0;0;0;0;0;0;0;0;0;0;0;0;0;1;1;1;1;1;1;1;1;1;1;1;1;1;1;1;1;1;1;1;0;0;0;0;0;0;0;0;0;0.0004;0.088;0;-0.0884;0;0;0;0;0;0;0;0;0;0;0;0;0;0;0;0;0;0;0;-8.1001;0;0;0;0;0.0004;0;0;0;0;0;0;0;-0.0004;-0.0884;0;0;0;0;0;0;0;0;0;-0.7063;0;0.7063;1;1;0;0;0;0
01/07/21 02:00;0;0;90;0;0;90;0;0;0;0;6.0001;3.3401;0;0;0;0;0;0;0;0;0;0;0;0;0;1;1;1;1;0;0;0;0;0;0;0;0;0;0;0;0;0;0;0;0;0;0;0;0;0;0;0;0;0;0;0;0;0;0;0;0;0;0;0;1;1;1;1;1;1;1;1;1;1;1;1;1;1;1;1;1;1;1;0;0;0;0;0;0;0;0;0;0.0004;0.088;0;-0.0884;0;0;0;0;0;0;0;0;0;0;0;0;0;0;0;0;0;0;0;-6.0001;0;0;0;0;0.0004;0;0;0;0;0;0;0;-0.0004;-0.0884;0;0;0;0;0;0;0;0;0;-0.7063;0;0.7063;1;1;0;0;0;0
01/07/21 03:00;0;0;90;0;0;90;0;0;0;0;5.1;3.13;0;0;0;0;0;0;0;0;0;0;0;0;0;1;1;1;1;0;0;0;0;0;0;0;0;0;0;0;0;0;0;0;0;0;0;0;0;0;0;0;0;0;0;0;0;0;0;0;0;0;0;0;1;1;1;1;1;1;1;1;1;1;1;1;1;1;1;1;1;1;1;0;0;0;0;0;0;0;0;0;0.0004;0.088;0;-0.0884;0;0;0;0;0;0;0;0;0;0;0;0;0;0;0;0;0;0;0;-5.1;0;0;0;0;0.0004;0;0;0;0;0;0;0;-0.0004;-0.0884;0;0;0;0;0;0;0;0;0;-0.7063;0;0.7063;1;1;0;0;0;0
01/07/21 04:00;0;0;90;0;0;90;0;0;0;0;7.5497;3.21;0;0;0;0;0;0;0;0;0;0;0;0;0;1;1;1;1;0;0;0;0;0;0;0;0;0;0;0;0;0;0;0;0;0;0;0;0;0;0;0;0;0;0;0;0;0;0;0;0;0;0;0;1;1;1;1;1;1;1;1;1;1;1;1;1;1;1;1;1;1;1;0;0;0;0;0;0;0;0;0;0.0004;0.088;0;-0.0884;0;0;0;0;0;0;0;0;0;0;0;0;0;0;0;0;0;0;0;-7.5497;0;0;0;0;0.0004;0;0;0;0;0;0;0;-0.0004;-0.0884;0;0;0;0;0;0;0;0;0;-0.7063;0;0.7063;1;1;0;0;0;0
01/07/21 05:00;0;0;90;0;0;90;0;0;0;0;6.2301;3.22;0;0;0;0;0;0;0;0;0;0;0;0;0;1;1;1;1;0;0;0;0;0;0;0;0;0;0;0;0;0;0;0;0;0;0;0;0;0;0;0;0;0;0;0;0;0;0;0;0;0;0;0;1;1;1;1;1;1;1;1;1;1;1;1;1;1;1;1;1;1;1;0;0;0;0;0;0;0;0;0;0.0004;0.088;0;-0.0884;0;0;0;0;0;0;0;0;0;0;0;0;0;0;0;0;0;0;0;-6.2301;0;0;0;0;0.0004;0;0;0;0;0;0;0;-0.0004;-0.0884;0;0;0;0;0;0;0;0;0;-0.7063;0;0.7063;1;1;0;0;0;0
01/07/21 06:00;0;0;90;0;0;90;0;0;0;0;6.9999;3.47;0;0;0;0;0;0;0;0;0;0;0;0;0;1;1;1;1;0;0;0;0;0;0;0;0;0;0;0;0;0;0;0;0;0;0;0;0;0;0;0;0;0;0;0;0;0;0;0;0;0;0;0;1;1;1;1;1;1;1;1;1;1;1;1;1;1;1;1;1;1;1;0;0;0;0;0;0;0;0;0;0.0004;0.088;0;-0.0884;0;0;0;0;0;0;0;0;0;0;0;0;0;0;0;0;0;0;0;-6.9999;0;0;0;0;0.0004;0;0;0;0;0;0;0;-0.0004;-0.0884;0;0;0;0;0;0;0;0;0;-0.7063;0;0.7063;1;1;0;0;0;0
01/07/21 07:00;4.4257;-57.656;79.214;5.2342;7.5484;-90;-7.5484;29.302;25.397;3.905;7.4899;4.0501;0;9.4706;24.319;2.358;0;0.0165;36.164;0;36.164;9.4706;2.358;24.319;0.0165;0.2619;0.6729;0;0.0005;36.04;0.1243;0;0;0.1106;0.0138;31.474;4.4939;2.7792;0.692;1.0221;0.0006;35.968;0.0721;0.0189;0.0047;0.0484;0;31.476;6.6725;1.6613;23.138;0.0021;14.524;12.578;2.9674;0.0022;0.1156;1.6628;0.0019;1.7761;0;1;0;0;1.2342;0.9966;1;1;0.9955;0.1655;0.8751;0.706;1;0.9577;0.7757;0.998;0.998;1;0.998;0.998;0.8703;0.9514;0.1281;0.1086;0.0983;0.0006;0.0111;-0.0058;0.0006;0.0023;0.0003;0;0;0.088;0;-0.0052;0;0;0;0;0;0;0;0;0;0;0;0;0.0018;0.0001;0.0872;0.0872;0;8.78;8.78;1.2901;0.041;82.295;1060;1;0.0044;0.0044;0;0;0;0;0;0;0.0828;-0.0052;0;15.302;17.72;-0.9124;-1.0565;94.914;94.914;0.8679;0.6972;-0.0416;0.1708;0.7388;0.1967;0.8512;0;14.501;0;0
01/07/21 08:00;13.275;-48.833;56.158;17.401;29.093;-90;-29.093;102.4;87.001;15.399;10.02;4.6001;0;37.348;77.377;10.705;0;0.8398;126.27;0;126.27;37.348;10.705;77.377;0.8398;0.2958;0.6194;0;0.0067;122.26;4.0082;0;0;3.2753;0.7329;118.44;3.5808;0.8901;0.2551;2.4162;0.0194;122.02;0.2445;0.0747;0.0214;0.1482;0.0002;118.65;36.383;10.428;71.537;0.0872;50.782;43.978;10.89;1.0534;0.4386;6.3097;0.217;5.6949;0;1;0;0;1.2331;0.9683;1;1;0.9577;0.1272;0.9707;0.9761;1;0.9673;0.8179;0.998;0.998;1;0.998;0.998;0.938;0.9245;0.1039;0.3792;0.3707;0.0022;0.0178;-0.0137;0.0026;0.009;0.0012;0;0;0.088;0;0.2477;0;0;0;0;0;0;0;0;0;0;0;0;0.0073;0.0005;0.3437;0.3437;0;14.825;14.825;4.8051;0.0406;315.87;1088.2;1;0.008;0.008;0;0;0;0;0;0;0.3357;0.2477;0;17.268;19.996;12.447;14.413;97.679;97.679;3.0305;2.747;1.98;0.2834;0.7671;0.0935;0.2531;0.6534;50.685;0.6298;0
01/07/21 09:00;21.667;-37.34;47.636;33.224;56.776;-90;-56.776;55.693;55.098;0.5952;10.22;4.97;0;1.0863;42.592;0.1226;0;1.6366;45.437;0;45.437;1.0863;0.1226;42.592;1.6366;0.0239;0.9734;0;0.036;38.956;6.4813;0;0;4.9479;1.5334;37.563;1.3143;0.0123;0.0014;1.2956;0.005;38.878;0.0779;0.0022;0.0002;0.0753;0.0002;38.266;1.0718;0.121;36.273;0.0979;35.902;31.091;8.7118;5.8496;0.5761;8.287;0.7022;3.0134;0;1;0;0;0.8158;0.8574;1;1;0.8838;0.063;0.9662;0.9886;1;0.9655;0.9511;0.998;0.998;1;0.998;0.998;0.8267;0.8516;0.0598;0.1364;0.1327;0.0008;0.0128;-0.0065;0.0009;0.0031;0.0016;0;0;0.088;0;0.0241;0;0;0;0;0;0;0;0;0;0;0;0;0.0025;0.0001;0.1174;0.1174;0;11.76;11.76;1.5399;0.041;111.29;1054.8;1;0.0053;0.0053;0;0;0;0;0;0;0.1121;0.0241;0;16.388;18.977;3.3689;3.9011;95.524;95.524;1.0905;0.9381;0.1928;0.1524;0.7453;0.1397;0.6834;0.1768;35.736;0.1556;0
01/07/21 10:00;27.921;-23.78;53.957;52.734;37.266;-90;-37.266;60.909;60.4;0.5092;10.4;5.0101;0;0.6399;54.189;0.0624;0;0.8083;55.7;0;55.7;0.6399;0.0624;54.189;0.8083;0.0115;0.9874;0;0.0145;51.577;4.1231;0;0;3.3899;0.7332;49.815;1.6582;0.0119;0.0012;1.6363;0.0089;51.474;0.1032;0.0013;0.0001;0.1016;0.0002;50.101;0.6267;0.0612;49.061;0.0661;37.997;32.906;8.4863;1.7315;0.3676;5.2873;0.2857;3.9233;0;1;0;0;0.9145;0.926;1;1;0.9374;0.0929;0.9678;0.9814;1;0.9677;0.8812;0.998;0.998;1;0.998;0.998;0.8944;0.9054;0.0817;0.1673;0.162;0.001;0.014;-0.0075;0.0011;0.0038;0.001;0;0;0.088;0;0.0513;0;0;0;0;0;0;0;0;0;0;0;0;0.0031;0.0001;0.1454;0.1454;0;12.436;12.436;2.0361;0.0409;136.73;1063.6;1;0.0061;0.0061;0;0;0;0;0;0;0.1393;0.0513;0;16.563;19.18;5.8451;6.7684;95.798;95.798;1.3368;1.1623;0.4102;0.1745;0.7521;0.1305;0.5626;0.3068;37.727;0.2865;0
01/07/21 11:00;31.335;-8.3881;57.673;76.526;13.474;-90;-13.474;202.59;192.5;10.093;12.55;4.56;0;10.378;187.06;2.9062;0;0.3625;200.71;0;200.71;10.378;2.9062;187.06;0.3625;0.0517;0.9338;0;0.0018;198.17;2.5368;0;0;2.2346;0.3021;190.25;7.5245;0.2954;0.0827;7.1329;0.0135;197.78;0.3963;0.0208;0.0058;0.3697;0.0001;190.33;10.062;2.8177;177.33;0.0467;120.71;104.54;24.872;0.1647;0.9566;13.76;0.0783;14.552;0;1;0;0;0.9907;0.9874;1;1;0.9881;0.1664;0.962;0.9715;1;0.9613;0.7754;0.998;0.998;1;0.998;0.998;0.9479;0.9479;0.1288;0.6027;0.6023;0.0036;0.0177;-0.0102;0.0041;0.0147;0.0027;0;0;0.088;0;0.4586;0;0;0;0;0;0;0;0;0;0;0;0;0.0118;0.0011;0.5568;0.5568;0;20.272;20.272;7.7215;0.0406;514.39;1082.4;1;0.0102;0.0102;0;0;0;0;0;0;0.5466;0.4586;0;17.598;20.378;14.495;16.785;98.173;98.173;4.8171;4.4499;3.6653;0.3672;0.7846;0.0762;0.1629;0.7609;113.25;0.7237;0
01/07/21 12:00;31.4;7.7819;57.746;77.493;12.507;90;12.507;94.606;93.4;1.2061;13.17;3.88;0;1.2354;92.13;0.1675;0;0.1459;93.679;0;93.679;1.2354;0.1675;92.13;0.1459;0.0132;0.985;0;0.0016;92.584;1.0953;0;0;0.9734;0.1219;88.778;3.6201;0.0355;0.0048;3.5744;0.0054;92.399;0.1852;0.0025;0.0003;0.1823;0;88.808;1.1975;0.1624;87.4;0.0186;56.4;48.842;11.674;0.0619;0.4425;6.3654;0.0296;6.7461;0;1;0;0;0.9902;0.9883;1;1;0.9894;0.165;0.9608;0.9712;1;0.9607;0.7747;0.998;0.998;1;0.998;0.998;0.9477;0.9487;0.1276;0.2813;0.2809;0.0017;0.0168;-0.0084;0.0019;0.0067;0.0012;0;0;0.088;0;0.1603;0;0;0;0;0;0;0;0;0;0;0;0;0.0054;0.0003;0.2552;0.2552;0;16.789;16.789;3.6184;0.0408;238.86;1068.6;1;0.0069;0.0069;0;0;0;0;0;0;0.2483;0.1603;0;17.284;20.015;10.855;12.57;97.28;97.28;2.2483;2.0399;1.2811;0.2084;0.7588;0.0927;0.3375;0.5698;55.606;0.5422;0
01/07/21 13:00;28.106;23.227;54.153;53.558;36.442;90;36.442;92.496;91.298;1.1985;13.15;3.1099;0;1.4898;82.213;0.2184;0;1.1757;85.097;0;85.097;1.4898;0.2184;82.213;1.1757;0.0175;0.9799;0;0.0138;79.056;6.0405;0;0;4.9754;1.0652;76.364;2.5338;0.0283;0.0041;2.4873;0.0142;78.898;0.1581;0.003;0.0004;0.1545;0.0002;76.773;1.4586;0.2138;74.596;0.0961;57.531;49.822;12.831;2.4331;0.5454;7.8459;0.4089;5.9583;0;1;0;0;0.92;0.929;1;1;0.9395;0.094;0.9679;0.981;1;0.9677;0.8716;0.998;0.998;1;0.998;0.998;0.8974;0.9073;0.0818;0.2555;0.2478;0.0015;0.0162;-0.0079;0.0017;0.0059;0.0015;0;0;0.088;0;0.1292;0;0;0;0;0;0;0;0;0;0;0;0;0.0048;0.0003;0.2239;0.2239;0;16.266;16.266;3.1161;0.0408;210.25;1064.8;1;0.0067;0.0067;0;0;0;0;0;0;0.2172;0.1292;0;16.688;19.325;9.6304;11.152;97.016;97.016;2.0423;1.7891;1.0325;0.2532;0.7567;0.124;0.3705;0.5055;56.857;0.4729;0
01/07/21 14:00;21.946;36.865;47.908;33.887;56.113;90;56.113;158.31;150.1;8.2071;12.7;2.2201;0;14.72;114.95;4.4722;0;4.5528;138.7;0;138.7;14.72;4.4722;114.95;4.5528;0.1061;0.8616;0;0.0328;121.27;17.432;0;0;13.156;4.276;117.3;3.7216;0.1691;0.0514;3.488;0.0132;121.02;0.2425;0.0294;0.0089;0.2036;0.0006;119.19;14.521;4.4119;98.106;0.2631;98.547;85.341;23.691;15.146;1.5366;22.103;1.8907;8.4934;0;1;0;0;0.8761;0.8743;1;1;0.8856;0.0608;0.9692;0.9885;1;0.9657;0.9523;0.998;0.998;1;0.998;0.998;0.8457;0.8534;0.0578;0.4165;0.4056;0.0024;0.018;-0.011;0.0028;0.0098;0.0043;0;0;0.088;0;0.2747;0;0;0;0;0;0;0;0;0;0;0;0;0.0079;0.0006;0.3708;0.3708;0;17.471;17.471;4.7703;0.0407;344.59;1076.2;1;0.0081;0.0081;0;0;0;0;0;0;0.3627;0.2747;0;16.961;19.641;12.564;14.549;97.804;97.804;3.3288;2.9638;2.1954;0.365;0.7684;0.1096;0.2308;0.6595;95.72;0.5892;0
01/07/21 15:00;13.623;48.433;55.164;17.948;30.415;90;30.415;53.408;52.597;0.8109;12.4;1.88;0;1.9666;48.85;0.3322;0;0.4777;51.627;0;51.627;1.9666;0.3322;48.85;0.4777;0.0381;0.9555;0;0.0093;48.983;2.6438;0;0;2.2231;0.4207;47.312;1.5726;0.0418;0.0071;1.5138;0.01;48.885;0.098;0.0039;0.0007;0.0933;0.0001;47.464;1.9208;0.3245;45.02;0.0469;32.295;27.967;6.9835;0.7758;0.2821;4.0575;0.1522;3.5637;0;1;0;0;0.9667;0.9488;1;1;0.9545;0.1193;0.9678;0.9787;1;0.9675;0.8245;0.998;0.998;1;0.998;0.998;0.9164;0.9216;0.0982;0.155;0.1515;0.0009;0.0136;-0.0059;0.001;0.0035;0.0008;0;0;0.088;0;0.0409;0;0;0;0;0;0;0;0;0;0;0;0;0.0029;0.0001;0.1347;0.1347;0;14.338;14.338;1.9381;0.041;127.86;1053.2;1;0.0057;0.0057;0;0;0;0;0;0;0.1289;0.0409;0;16.548;19.162;5.0308;5.8256;95.748;95.748;1.239;1.0763;0.3272;0.1628;0.7491;0.1314;0.6046;0.2641;32.29;0.2494;0
01/07/21 16:00;4.6445;57.463;78.675;5.5043;7.9479;90;7.9479;25.708;25.197;0.5101;11.88;1.9999;0;1.2372;24.957;0.2912;0;0.0161;26.501;0;26.501;1.2372;0.2912;24.957;0.0161;0.0467;0.9423;0;0.0006;26.364;0.1373;0;0;0.1239;0.0134;24.846;1.4658;0.3419;0.0805;1.0428;0.0006;26.311;0.0527;0.0025;0.0006;0.0497;0;24.848;0.8929;0.2102;23.74;0.002;14.895;12.899;3.0416;0.0029;0.1187;1.7073;0.0022;1.8231;0;1;0;0;1.0309;0.9948;1;1;0.995;0.1646;0.9443;0.7231;1;0.9579;0.7752;0.998;0.998;1;0.998;0.998;0.9375;0.9513;0.1274;0.0796;0.0784;0.0005;0.01;-0.0035;0.0005;0.0018;0.0003;0;0;0.088;0;-0.0243;0;0;0;0;0;0;0;0;0;0;0;0;0.0014;0.0001;0.0674;0.0674;0;12.905;12.905;1.0255;0.0413;65.352;1031.4;1;0.0037;0.0037;0;0;0;0;0;0;0.0637;-0.0243;0;16.134;18.683;-5.8239;-6.7439;94.462;94.462;0.636;0.5387;-0.1944;0.0973;0.7331;0.1531;1.1527;0;14.892;0;0
01/07/21 17:00;0;0;90;0;0;90;0;0;0;0;10.7;2.05;0;0;0;0;0;0;0;0;0;0;0;0;0;1;1;1;1;0;0;0;0;0;0;0;0;0;0;0;0;0;0;0;0;0;0;0;0;0;0;0;0;0;0;0;0;0;0;0;0;0;0;0;1;1;1;1;1;1;1;1;1;1;1;1;1;1;1;1;1;1;1;0;0;0;0;0;0;0;0;0;0.0004;0.088;0;-0.0884;0;0;0;0;0;0;0;0;0;0;0;0;0;0;0;0;0;0;0;-10.7;0;0;0;0;0.0004;0;0;0;0;0;0;0;-0.0004;-0.0884;0;0;0;0;0;0;0;0;0;-0.7063;0;0.7063;1;1;0;0;0;0
01/07/21 18:00;0;0;90;0;0;90;0;0;0;0;10.6;2.04;0;0;0;0;0;0;0;0;0;0;0;0;0;1;1;1;1;0;0;0;0;0;0;0;0;0;0;0;0;0;0;0;0;0;0;0;0;0;0;0;0;0;0;0;0;0;0;0;0;0;0;0;1;1;1;1;1;1;1;1;1;1;1;1;1;1;1;1;1;1;1;0;0;0;0;0;0;0;0;0;0.0004;0.088;0;-0.0884;0;0;0;0;0;0;0;0;0;0;0;0;0;0;0;0;0;0;0;-10.6;0;0;0;0;0.0004;0;0;0;0;0;0;0;-0.0004;-0.0884;0;0;0;0;0;0;0;0;0;-0.7063;0;0.7063;1;1;0;0;0;0
01/07/21 19:00;0;0;90;0;0;90;0;0;0;0;10.44;2.1;0;0;0;0;0;0;0;0;0;0;0;0;0;1;1;1;1;0;0;0;0;0;0;0;0;0;0;0;0;0;0;0;0;0;0;0;0;0;0;0;0;0;0;0;0;0;0;0;0;0;0;0;1;1;1;1;1;1;1;1;1;1;1;1;1;1;1;1;1;1;1;0;0;0;0;0;0;0;0;0;0.0004;0.088;0;-0.0884;0;0;0;0;0;0;0;0;0;0;0;0;0;0;0;0;0;0;0;-10.44;0;0;0;0;0.0004;0;0;0;0;0;0;0;-0.0004;-0.0884;0;0;0;0;0;0;0;0;0;-0.7063;0;0.7063;1;1;0;0;0;0
01/07/21 20:00;0;0;90;0;0;90;0;0;0;0;10.26;2.21;0;0;0;0;0;0;0;0;0;0;0;0;0;1;1;1;1;0;0;0;0;0;0;0;0;0;0;0;0;0;0;0;0;0;0;0;0;0;0;0;0;0;0;0;0;0;0;0;0;0;0;0;1;1;1;1;1;1;1;1;1;1;1;1;1;1;1;1;1;1;1;0;0;0;0;0;0;0;0;0;0.0004;0.088;0;-0.0884;0;0;0;0;0;0;0;0;0;0;0;0;0;0;0;0;0;0;0;-10.26;0;0;0;0;0.0004;0;0;0;0;0;0;0;-0.0004;-0.0884;0;0;0;0;0;0;0;0;0;-0.7063;0;0.7063;1;1;0;0;0;0
01/07/21 21:00;0;0;90;0;0;90;0;0;0;0;9.8697;2.1699;0;0;0;0;0;0;0;0;0;0;0;0;0;1;1;1;1;0;0;0;0;0;0;0;0;0;0;0;0;0;0;0;0;0;0;0;0;0;0;0;0;0;0;0;0;0;0;0;0;0;0;0;1;1;1;1;1;1;1;1;1;1;1;1;1;1;1;1;1;1;1;0;0;0;0;0;0;0;0;0;0.0004;0.088;0;-0.0884;0;0;0;0;0;0;0;0;0;0;0;0;0;0;0;0;0;0;0;-9.8697;0;0;0;0;0.0004;0;0;0;0;0;0;0;-0.0004;-0.0884;0;0;0;0;0;0;0;0;0;-0.7063;0;0.7063;1;1;0;0;0;0
01/07/21 22:00;0;0;90;0;0;90;0;0;0;0;9.7999;1.8301;0;0;0;0;0;0;0;0;0;0;0;0;0;1;1;1;1;0;0;0;0;0;0;0;0;0;0;0;0;0;0;0;0;0;0;0;0;0;0;0;0;0;0;0;0;0;0;0;0;0;0;0;1;1;1;1;1;1;1;1;1;1;1;1;1;1;1;1;1;1;1;0;0;0;0;0;0;0;0;0;0.0004;0.088;0;-0.0884;0;0;0;0;0;0;0;0;0;0;0;0;0;0;0;0;0;0;0;-9.7999;0;0;0;0;0.0004;0;0;0;0;0;0;0;-0.0004;-0.0884;0;0;0;0;0;0;0;0;0;-0.7063;0;0.7063;1;1;0;0;0;0
01/07/21 23:00;0;0;90;0;0;90;0;0;0;0;9.3;1.25;0;0;0;0;0;0;0;0;0;0;0;0;0;1;1;1;1;0;0;0;0;0;0;0;0;0;0;0;0;0;0;0;0;0;0;0;0;0;0;0;0;0;0;0;0;0;0;0;0;0;0;0;1;1;1;1;1;1;1;1;1;1;1;1;1;1;1;1;1;1;1;0;0;0;0;0;0;0;0;0;0.0004;0.088;0;-0.0884;0;0;0;0;0;0;0;0;0;0;0;0;0;0;0;0;0;0;0;-9.3;0;0;0;0;0.0004;0;0;0;0;0;0;0;-0.0004;-0.0884;0;0;0;0;0;0;0;0;0;-0.7063;0;0.7063;1;1;0;0;0;0
02/07/21 00:00;0;0;90;0;0;90;0;0;0;0;7.9399;0.69;0;0;0;0;0;0;0;0;0;0;0;0;0;1;1;1;1;0;0;0;0;0;0;0;0;0;0;0;0;0;0;0;0;0;0;0;0;0;0;0;0;0;0;0;0;0;0;0;0;0;0;0;1;1;1;1;1;1;1;1;1;1;1;1;1;1;1;1;1;1;1;0;0;0;0;0;0;0;0;0;0.0004;0.088;0;-0.0884;0;0;0;0;0;0;0;0;0;0;0;0;0;0;0;0;0;0;0;-7.9399;0;0;0;0;0.0004;0;0;0;0;0;0;0;-0.0004;-0.0884;0;0;0;0;0;0;0;0;0;-0.7063;0;0.7063;1;1;0;0;0;0
02/07/21 01:00;0;0;90;0;0;90;0;0;0;0;7.2;0.2499;0;0;0;0;0;0;0;0;0;0;0;0;0;1;1;1;1;0;0;0;0;0;0;0;0;0;0;0;0;0;0;0;0;0;0;0;0;0;0;0;0;0;0;0;0;0;0;0;0;0;0;0;1;1;1;1;1;1;1;1;1;1;1;1;1;1;1;1;1;1;1;0;0;0;0;0;0;0;0;0;0.0004;0.088;0;-0.0884;0;0;0;0;0;0;0;0;0;0;0;0;0;0;0;0;0;0;0;-7.2;0;0;0;0;0.0004;0;0;0;0;0;0;0;-0.0004;-0.0884;0;0;0;0;0;0;0;0;0;-0.7063;0;0.7063;1;1;0;0;0;0
02/07/21 02:00;0;0;90;0;0;90;0;0;0;0;8.0602;0.27;0;0;0;0;0;0;0;0;0;0;0;0;0;1;1;1;1;0;0;0;0;0;0;0;0;0;0;0;0;0;0;0;0;0;0;0;0;0;0;0;0;0;0;0;0;0;0;0;0;0;0;0;1;1;1;1;1;1;1;1;1;1;1;1;1;1;1;1;1;1;1;0;0;0;0;0;0;0;0;0;0.0004;0.088;0;-0.0884;0;0;0;0;0;0;0;0;0;0;0;0;0;0;0;0;0;0;0;-8.0602;0;0;0;0;0.0004;0;0;0;0;0;0;0;-0.0004;-0.0884;0;0;0;0;0;0;0;0;0;-0.7063;0;0.7063;1;1;0;0;0;0
02/07/21 03:00;0;0;90;0;0;90;0;0;0;0;8.3002;0.6201;0;0;0;0;0;0;0;0;0;0;0;0;0;1;1;1;1;0;0;0;0;0;0;0;0;0;0;0;0;0;0;0;0;0;0;0;0;0;0;0;0;0;0;0;0;0;0;0;0;0;0;0;1;1;1;1;1;1;1;1;1;1;1;1;1;1;1;1;1;1;1;0;0;0;0;0;0;0;0;0;0.0004;0.088;0;-0.0884;0;0;0;0;0;0;0;0;0;0;0;0;0;0;0;0;0;0;0;-8.3002;0;0;0;0;0.0004;0;0;0;0;0;0;0;-0.0004;-0.0884;0;0;0;0;0;0;0;0;0;-0.7063;0;0.7063;1;1;0;0;0;0
02/07/21 04:00;0;0;90;0;0;90;0;0;0;0;8.7802;0.9;0;0;0;0;0;0;0;0;0;0;0;0;0;1;1;1;1;0;0;0;0;0;0;0;0;0;0;0;0;0;0;0;0;0;0;0;0;0;0;0;0;0;0;0;0;0;0;0;0;0;0;0;1;1;1;1;1;1;1;1;1;1;1;1;1;1;1;1;1;1;1;0;0;0;0;0;0;0;0;0;0.0004;0.088;0;-0.0884;0;0;0;0;0;0;0;0;0;0;0;0;0;0;0;0;0;0;0;-8.7802;0;0;0;0;0.0004;0;0;0;0;0;0;0;-0.0004;-0.0884;0;0;0;0;0;0;0;0;0;-0.7063;0;0.7063;1;1;0;0;0;0
02/07/21 05:00;0;0;90;0;0;90;0;0;0;0;8.84;1.1299;0;0;0;0;0;0;0;0;0;0;0;0;0;1;1;1;1;0;0;0;0;0;0;0;0;0;0;0;0;0;0;0;0;0;0;0;0;0;0;0;0;0;0;0;0;0;0;0;0;0;0;0;1;1;1;1;1;1;1;1;1;1;1;1;1;1;1;1;1;1;1;0;0;0;0;0;0;0;0;0;0.0004;0.088;0;-0.0884;0;0;0;0;0;0;0;0;0;0;0;0;0;0;0;0;0;0;0;-8.84;0;0;0;0;0.0004;0;0;0;0;0;0;0;-0.0004;-0.0884;0;0;0;0;0;0;0;0;0;-0.7063;0;0.7063;1;1;0;0;0;0
02/07/21 06:00;0;0;90;0;0;90;0;0;0;0;9.0002;1.1901;0;0;0;0;0;0;0;0;0;0;0;0;0;1;1;1;1;0;0;0;0;0;0;0;0;0;0;0;0;0;0;0;0;0;0;0;0;0;0;0;0;0;0;0;0;0;0;0;0;0;0;0;1;1;1;1;1;1;1;1;1;1;1;1;1;1;1;1;1;1;1;0;0;0;0;0;0;0;0;0;0.0004;0.088;0;-0.0884;0;0;0;0;0;0;0;0;0;0;0;0;0;0;0;0;0;0;0;-9.0002;0;0;0;0;0.0004;0;0;0;0;0;0;0;-0.0004;-0.0884;0;0;0;0;0;0;0;0;0;-0.7063;0;0.7063;1;1;0;0;0;0
02/07/21 07:00;4.4428;-57.74;79.171;5.2496;7.5711;-90;-7.5711;36.198;26.102;10.095;9.2003;1.4499;0;24.484;23.426;6.2412;0;0.0205;54.172;0;54.172;24.484;6.2412;23.426;0.0205;0.452;0.4328;0;0.0004;54.048;0.1242;0;0;0.107;0.0171;43.981;9.9591;7.1512;1.8229;0.9843;0.0008;53.94;0.1081;0.049;0.0125;0.0466;0;43.982;17.284;4.4058;22.289;0.0026;14.031;12.151;2.8714;0.0022;0.1114;1.6018;0.0018;1.711;0;1;0;0;1.4966;0.9977;1;1;0.9954;0.1655;0.8154;0.7073;1;0.9577;0.7757;0.998;0.998;1;0.998;0.998;0.8119;0.9514;0.1281;0.1627;0.1358;0.0008;0.0129;-0.007;0.0009;0.0032;0.0003;0;0;0.088;0;0.0285;0;0;0;0;0;0;0;0;0;0;0;0;0.0026;0.0001;0.122;0.122;0;10.998;10.998;1.7981;0.0409;114.54;1064.8;1;0.0055;0.0055;0;0;0;0;0;0;0.1165;0.0285;0;14.282;16.538;3.3364;3.8635;95.514;95.514;1.3001;0.9747;0.2277;0.3254;0.747;0.2503;0.5746;0.1751;13.969;0.1713;0
02/07/21 08:00;13.302;-48.916;56.082;17.415;29.125;-90;-29.125;94.997;84.4;10.597;10.3;1.6899;0;25.7;76.309;7.132;0;0.7807;109.92;0;109.92;25.7;7.132;76.309;0.7807;0.2338;0.7013;0;0.0071;106.01;3.9171;0;0;3.2356;0.6815;102.62;3.176;0.6072;0.1685;2.3824;0.018;105.79;0.212;0.0514;0.0143;0.1461;0.0002;102.83;25.042;6.9492;70.545;0.081;50.063;43.355;10.776;1.0428;0.4301;6.1864;0.2128;5.5736;0;1;0;0;1.1571;0.9644;1;1;0.9576;0.1271;0.97;0.9763;1;0.9673;0.8181;0.998;0.998;1;0.998;0.998;0.9335;0.9245;0.1038;0.3301;0.3228;0.0019;0.0174;-0.0123;0.0022;0.0078;0.0012;0;0;0.088;0;0.2024;0;0;0;0;0;0;0;0;0;0;0;0;0.0063;0.0004;0.2978;0.2978;0;14.468;14.468;4.168;0.0406;274.71;1084.2;1;0.0075;0.0075;0;0;0;0;0;0;0.2904;0.2024;0;17.188;19.904;11.68;13.525;97.498;97.498;2.6381;2.3804;1.6175;0.2578;0.7629;0.0977;0.2892;0.6131;49.997;0.5883;0
02/07/21 09:00;21.706;-37.421;47.551;33.228;56.772;-90;-56.772;204.1;155.3;48.794;11.88;2.2399;0;89.045;108.21;28.286;0;5.9967;231.53;0;231.53;89.045;28.286;108.21;5.9967;0.3846;0.4932;0;0.0259;213.35;18.188;0;0;12.569;5.6188;208.29;4.6332;1.0043;0.319;3.2915;0.0185;212.92;0.4267;0.1781;0.0566;0.1913;0.0008;210.4;87.862;27.91;92.154;0.3587;106.94;92.608;25.3;14.858;1.5914;22.891;2.1125;9.6247;0;1;0;0;1.1344;0.9214;1;1;0.8838;0.063;0.9782;0.9887;1;0.9655;0.9511;0.998;0.998;1;0.998;0.998;0.8996;0.8517;0.0598;0.6953;0.682;0.0041;0.0171;-0.0114;0.0047;0.0167;0.0045;0;0;0.088;0;0.5322;0;0;0;0;0;0;0;0;0;0;0;0;0.0134;0.0013;0.6315;0.6315;0;20.327;20.327;8.4474;0.0406;581.95;1085.1;1;0.0113;0.0113;0;0;0;0;0;0;0.6202;0.5322;0;17.302;20.035;14.583;16.886;98.218;98.218;5.5568;5.0469;4.2537;0.5099;0.7932;0.0918;0.1427;0.7655;90.784;0.7127;0
02/07/21 10:00;27.975;-23.855;53.872;52.715;37.285;-90;-37.285;134.11;131.3;2.802;11.4;2.83;0;3.5218;117.35;0.7457;0;1.7814;123.4;0;123.4;3.5218;0.7457;117.35;1.7814;0.0285;0.9654;0;0.0144;114.44;8.963;0;0;7.347;1.616;110.57;3.6416;0.0648;0.0137;3.5434;0.0196;114.21;0.2289;0.007;0.0015;0.22;0.0003;111.19;3.4499;0.7305;106.24;0.1455;83.359;72.189;18.728;3.7563;0.7964;11.456;0.6196;8.4962;0;1;0;0;0.9202;0.9274;1;1;0.9374;0.0929;0.9681;0.9816;1;0.9677;0.8813;0.998;0.998;1;0.998;0.998;0.896;0.9053;0.0817;0.3706;0.359;0.0022;0.0177;-0.0119;0.0025;0.0087;0.0022;0;0;0.088;0;0.2344;0;0;0;0;0;0;0;0;0;0;0;0;0.007;0.0005;0.3302;0.3302;0;15.893;15.893;4.493;0.0406;305.48;1080.8;1;0.0078;0.0078;0;0;0;0;0;0;0.3224;0.2344;0;16.972;19.653;12.05;13.953;97.649;97.649;2.9617;2.6386;1.8733;0.323;0.7653;0.1091;0.2584;0.6325;81.714;0.5914;0
02/07/21 11:00;31.403;-8.4485;57.593;76.468;13.532;-90;-13.532;185.09;178.6;6.4923;12.62;3.3401;0;6.6777;174.46;1.7315;0;0.334;183.2;0;183.2;6.6777;1.7315;174.46;0.334;0.0364;0.9541;0;0.0018;180.82;2.3776;0;0;2.0992;0.2784;173.57;6.8948;0.1883;0.0488;6.6452;0.0125;180.46;0.3616;0.0134;0.0035;0.3447;0.0001;173.64;6.4761;1.6792;165.37;0.043;110.36;95.572;22.725;0.156;0.8758;12.598;0.0722;13.318;0;1;0;0;0.9898;0.987;1;1;0.988;0.1664;0.9618;0.9717;1;0.9614;0.7754;0.998;0.998;1;0.998;0.998;0.9474;0.9479;0.1288;0.5502;0.5495;0.0033;0.0179;-0.0105;0.0038;0.0134;0.0025;0;0;0.088;0;0.4099;0;0;0;0;0;0;0;0;0;0;0;0;0.0108;0.0009;0.5075;0.5075;0;19.666;19.666;7.0462;0.0406;469.2;1081.7;1;0.0096;0.0096;0;0;0;0;0;0;0.4979;0.4099;0;17.574;20.351;14.193;16.436;98.099;98.099;4.3969;4.0563;3.2759;0.3406;0.7804;0.0775;0.1775;0.7451;105.64;0.7086;0
02/07/21 12:00;31.479;7.7431;57.678;77.59;12.41;90;12.41;151.39;148.4;2.995;13;3.8201;0;3.0666;146.03;0.6593;0;0.2299;149.98;0;149.98;3.0666;0.6593;146.03;0.2299;0.0204;0.9752;0;0.0015;148.27;1.7147;0;0;1.5227;0.192;142.18;5.79;0.0873;0.0188;5.6753;0.0085;147.97;0.2965;0.0061;0.0013;0.289;0.0001;142.23;2.9731;0.6392;138.54;0.0293;90.221;78.131;18.773;0.0953;0.7012;10.086;0.046;10.692;0;1;0;0;0.9907;0.9886;1;1;0.9896;0.165;0.9609;0.9715;1;0.9606;0.7746;0.998;0.998;1;0.998;0.998;0.948;0.9487;0.1276;0.4504;0.4496;0.0027;0.0181;-0.0101;0.0031;0.0109;0.002;0;0;0.088;0;0.317;0;0;0;0;0;0;0;0;0;0;0;0;0.0088;0.0007;0.4136;0.4136;0;18.778;18.778;5.778;0.0406;383.58;1078.2;1;0.0086;0.0086;0;0;0;0;0;0;0.405;0.317;0;17.493;20.257;13.407;15.525;97.916;97.916;3.5996;3.3055;2.5333;0.2941;0.7722;0.0817;0.2145;0.7038;88.111;0.67;0
02/07/21 13:00;28.191;23.212;54.1;53.672;36.328;90;36.328;195.8;185.2;10.599;13.3;4.03;0;13.156;164.36;3.9015;0;2.4736;183.89;0;183.89;13.156;3.9015;164.36;2.4736;0.0715;0.9072;0;0.0135;171.75;12.138;0;0;9.8983;2.24;166.08;5.3261;0.2482;0.0736;4.9741;0.0302;171.41;0.3435;0.0263;0.0078;0.3089;0.0005;166.94;12.881;3.8201;149.18;0.203;120.31;104.19;26.666;4.8123;1.1335;16.305;0.8598;12.626;0;1;0;0;0.9392;0.934;1;1;0.9398;0.0944;0.9689;0.9811;1;0.9677;0.8706;0.998;0.998;1;0.998;0.998;0.9032;0.9076;0.0821;0.5522;0.5372;0.0032;0.018;-0.0096;0.0037;0.013;0.0032;0;0;0.088;0;0.3968;0;0;0;0;0;0;0;0;0;0;0;0;0.0105;0.0009;0.4943;0.4943;0;20.047;20.047;6.7471;0.0406;458.28;1078.5;1;0.0095;0.0095;0;0;0;0;0;0;0.4848;0.3968;0;17.05;19.744;13.688;15.85;98.083;98.083;4.4134;3.9501;3.1711;0.4633;0.779;0.105;0.1765;0.7185;113.57;0.6738;0
02/07/21 14:00;22.032;36.869;47.867;33.998;56.002;90;56.002;235;180.4;54.6;13.4;3.5801;0;97.647;125.15;35.525;0;6.7338;265.06;0;265.06;97.647;35.525;125.15;6.7338;0.3684;0.4976;0;0.0254;244.45;20.606;0;0;14.282;6.3244;238.62;5.3417;1.1193;0.4072;3.7959;0.0193;243.96;0.4889;0.1953;0.071;0.2217;0.0008;240.97;96.332;35.047;106.85;0.3893;123.91;107.3;29.294;16.375;1.7906;25.757;2.3516;11.173;0;1;0;0;1.1279;0.9223;1;1;0.8859;0.0608;0.9781;0.9885;1;0.9657;0.9527;0.998;0.998;1;0.998;0.998;0.9003;0.8538;0.0578;0.796;0.7801;0.0047;0.0161;-0.0053;0.0054;0.019;0.005;0;0;0.088;0;0.6178;0;0;0;0;0;0;0;0;0;0;0;0;0.0153;0.0016;0.7182;0.7182;0;23.09;23.09;9.6898;0.0406;666;1078.4;1;0.0124;0.0124;0;0;0;0;0;0;0.7058;0.6178;0;17.19;19.905;14.787;17.123;98.272;98.272;6.3614;5.7402;4.9377;0.6212;0.8025;0.0976;0.1262;0.7762;104.08;0.7236;0
02/07/21 15:00;13.706;48.451;54.924;18.05;30.668;90;30.668;49.501;48.898;0.6023;12.97;2.67;0;1.4608;45.391;0.2281;0;0.45;47.53;0;47.53;1.4608;0.2281;45.391;0.45;0.0307;0.9645;0;0.0095;45.04;2.49;0;0;2.0931;0.3968;43.501;1.4489;0.0302;0.0047;1.4047;0.0092;44.95;0.0901;0.0029;0.0005;0.0866;0.0001;43.646;1.4277;0.2229;41.807;0.0439;30.061;26.032;6.5069;0.7419;0.2634;3.7891;0.1445;3.3106;0;1;0;0;0.9602;0.9476;1;1;0.9539;0.1182;0.9678;0.9793;1;0.9675;0.8261;0.998;0.998;1;0.998;0.998;0.9152;0.921;0.0975;0.1427;0.1394;0.0008;0.0131;-0.0053;0.0009;0.0032;0.0007;0;0;0.088;0;0.0298;0;0;0;0;0;0;0;0;0;0;0;0;0.0026;0.0001;0.1232;0.1232;0;14.755;14.755;1.7845;0.041;117.54;1047.9;1;0.0054;0.0054;0;0;0;0;0;0;0.1178;0.0298;0;16.438;19.035;3.9785;4.6071;95.651;95.651;1.1407;0.9843;0.2382;0.1564;0.7461;0.1371;0.6541;0.2088;30.057;0.1971;0
02/07/21 16:00;4.5527;57.643;78.901;5.385;7.7712;90;7.7712;38.698;37.297;1.4008;12.2;2.99;0;3.3972;36.63;1.2076;0;0.0231;41.258;0;41.258;3.3972;1.2076;36.63;0.0231;0.0823;0.8884;0;0.0006;41.064;0.1946;0;0;0.1753;0.0193;38.141;2.8403;0.9627;0.3422;1.5345;0.0009;40.982;0.0821;0.0068;0.0024;0.0729;0;38.144;2.4277;0.863;34.848;0.0029;21.86;18.931;4.4637;0.0038;0.1742;2.5053;0.0031;2.6756;0;1;0;0;1.0662;0.9953;1;1;0.9952;0.1646;0.9307;0.716;1;0.9578;0.7753;0.998;0.998;1;0.998;0.998;0.9245;0.9513;0.1274;0.1239;0.1202;0.0007;0.0123;-0.005;0.0008;0.0028;0.0005;0;0;0.088;0;0.0129;0;0;0;0;0;0;0;0;0;0;0;0;0.0022;0.0001;0.1058;0.1058;0;13.766;13.766;1.566;0.0411;101.09;1046.5;1;0.0049;0.0049;0;0;0;0;0;0;0.1009;0.0129;0;16.265;18.834;1.9865;2.3003;95.402;95.402;0.9902;0.8454;0.1033;0.1448;0.7422;0.1462;0.7495;0.1043;21.851;0.0997;0
02/07/21 17:00;0;0;90;0;0;90;0;0;0;0;10.1;3.53;0;0;0;0;0;0;0;0;0;0;0;0;0;1;1;1;1;0;0;0;0;0;0;0;0;0;0;0;0;0;0;0;0;0;0;0;0;0;0;0;0;0;0;0;0;0;0;0;0;0;0;0;1;1;1;1;1;1;1;1;1;1;1;1;1;1;1;1;1;1;1;0;0;0;0;0;0;0;0;0;0.0004;0.088;0;-0.0884;0;0;0;0;0;0;0;0;0;0;0;0;0;0;0;0;0;0;0;-10.1;0;0;0;0;0.0004;0;0;0;0;0;0;0;-0.0004;-0.0884;0;0;0;0;0;0;0;0;0;-0.7063;0;0.7063;1;1;0;0;0;0
02/07/21 18:00;0;0;90;0;0;90;0;0;0;0;9.5001;4.03;0;0;0;0;0;0;0;0;0;0;0;0;0;1;1;1;1;0;0;0;0;0;0;0;0;0;0;0;0;0;0;0;0;0;0;0;0;0;0;0;0;0;0;0;0;0;0;0;0;0;0;0;1;1;1;1;1;1;1;1;1;1;1;1;1;1;1;1;1;1;1;0;0;0;0;0;0;0;0;0;0.0004;0.088;0;-0.0884;0;0;0;0;0;0;0;0;0;0;0;0;0;0;0;0;0;0;0;-9.5001;0;0;0;0;0.0004;0;0;0;0;0;0;0;-0.0004;-0.0884;0;0;0;0;0;0;0;0;0;-0.7063;0;0.7063;1;1;0;0;0;0
02/07/21 19:00;0;0;90;0;0;90;0;0;0;0;9.99;4.4699;0;0;0;0;0;0;0;0;0;0;0;0;0;1;1;1;1;0;0;0;0;0;0;0;0;0;0;0;0;0;0;0;0;0;0;0;0;0;0;0;0;0;0;0;0;0;0;0;0;0;0;0;1;1;1;1;1;1;1;1;1;1;1;1;1;1;1;1;1;1;1;0;0;0;0;0;0;0;0;0;0.0004;0.088;0;-0.0884;0;0;0;0;0;0;0;0;0;0;0;0;0;0;0;0;0;0;0;-9.99;0;0;0;0;0.0004;0;0;0;0;0;0;0;-0.0004;-0.0884;0;0;0;0;0;0;0;0;0;-0.7063;0;0.7063;1;1;0;0;0;0
02/07/21 20:00;0;0;90;0;0;90;0;0;0;0;9.4602;4.67;0;0;0;0;0;0;0;0;0;0;0;0;0;1;1;1;1;0;0;0;0;0;0;0;0;0;0;0;0;0;0;0;0;0;0;0;0;0;0;0;0;0;0;0;0;0;0;0;0;0;0;0;1;1;1;1;1;1;1;1;1;1;1;1;1;1;1;1;1;1;1;0;0;0;0;0;0;0;0;0;0.0004;0.088;0;-0.0884;0;0;0;0;0;0;0;0;0;0;0;0;0;0;0;0;0;0;0;-9.4602;0;0;0;0;0.0004;0;0;0;0;0;0;0;-0.0004;-0.0884;0;0;0;0;0;0;0;0;0;-0.7063;0;0.7063;1;1;0;0;0;0
02/07/21 21:00;0;0;90;0;0;90;0;0;0;0;10.08;4.5499;0;0;0;0;0;0;0;0;0;0;0;0;0;1;1;1;1;0;0;0;0;0;0;0;0;0;0;0;0;0;0;0;0;0;0;0;0;0;0;0;0;0;0;0;0;0;0;0;0;0;0;0;1;1;1;1;1;1;1;1;1;1;1;1;1;1;1;1;1;1;1;0;0;0;0;0;0;0;0;0;0.0004;0.088;0;-0.0884;0;0;0;0;0;0;0;0;0;0;0;0;0;0;0;0;0;0;0;-10.08;0;0;0;0;0.0004;0;0;0;0;0;0;0;-0.0004;-0.0884;0;0;0;0;0;0;0;0;0;-0.7063;0;0.7063;1;1;0;0;0;0
02/07/21 22:00;0;0;90;0;0;90;0;0;0;0;10.09;4.2;0;0;0;0;0;0;0;0;0;0;0;0;0;1;1;1;1;0;0;0;0;0;0;0;0;0;0;0;0;0;0;0;0;0;0;0;0;0;0;0;0;0;0;0;0;0;0;0;0;0;0;0;1;1;1;1;1;1;1;1;1;1;1;1;1;1;1;1;1;1;1;0;0;0;0;0;0;0;0;0;0.0004;0.088;0;-0.0884;0;0;0;0;0;0;0;0;0;0;0;0;0;0;0;0;0;0;0;-10.09;0;0;0;0;0.0004;0;0;0;0;0;0;0;-0.0004;-0.0884;0;0;0;0;0;0;0;0;0;-0.7063;0;0.7063;1;1;0;0;0;0
02/07/21 23:00;0;0;90;0;0;90;0;0;0;0;10.04;3.7;0;0;0;0;0;0;0;0;0;0;0;0;0;1;1;1;1;0;0;0;0;0;0;0;0;0;0;0;0;0;0;0;0;0;0;0;0;0;0;0;0;0;0;0;0;0;0;0;0;0;0;0;1;1;1;1;1;1;1;1;1;1;1;1;1;1;1;1;1;1;1;0;0;0;0;0;0;0;0;0;0.0004;0.088;0;-0.0884;0;0;0;0;0;0;0;0;0;0;0;0;0;0;0;0;0;0;0;-10.04;0;0;0;0;0.0004;0;0;0;0;0;0;0;-0.0004;-0.0884;0;0;0;0;0;0;0;0;0;-0.7063;0;0.7063;1;1;0;0;0;0
03/07/21 00:00;0;0;90;0;0;90;0;0;0;0;9.0401;3.05;0;0;0;0;0;0;0;0;0;0;0;0;0;1;1;1;1;0;0;0;0;0;0;0;0;0;0;0;0;0;0;0;0;0;0;0;0;0;0;0;0;0;0;0;0;0;0;0;0;0;0;0;1;1;1;1;1;1;1;1;1;1;1;1;1;1;1;1;1;1;1;0;0;0;0;0;0;0;0;0;0.0004;0.088;0;-0.0884;0;0;0;0;0;0;0;0;0;0;0;0;0;0;0;0;0;0;0;-9.0401;0;0;0;0;0.0004;0;0;0;0;0;0;0;-0.0004;-0.0884;0;0;0;0;0;0;0;0;0;-0.7063;0;0.7063;1;1;0;0;0;0
03/07/21 01:00;0;0;90;0;0;90;0;0;0;0;8.1101;2.4699;0;0;0;0;0;0;0;0;0;0;0;0;0;1;1;1;1;0;0;0;0;0;0;0;0;0;0;0;0;0;0;0;0;0;0;0;0;0;0;0;0;0;0;0;0;0;0;0;0;0;0;0;1;1;1;1;1;1;1;1;1;1;1;1;1;1;1;1;1;1;1;0;0;0;0;0;0;0;0;0;0.0004;0.088;0;-0.0884;0;0;0;0;0;0;0;0;0;0;0;0;0;0;0;0;0;0;0;-8.1101;0;0;0;0;0.0004;0;0;0;0;0;0;0;-0.0004;-0.0884;0;0;0;0;0;0;0;0;0;-0.7063;0;0.7063;1;1;0;0;0;0
03/07/21 02:00;0;0;90;0;0;90;0;0;0;0;6.9102;2.26;0;0;0;0;0;0;0;0;0;0;0;0;0;1;1;1;1;0;0;0;0;0;0;0;0;0;0;0;0;0;0;0;0;0;0;0;0;0;0;0;0;0;0;0;0;0;0;0;0;0;0;0;1;1;1;1;1;1;1;1;1;1;1;1;1;1;1;1;1;1;1;0;0;0;0;0;0;0;0;0;0.0004;0.088;0;-0.0884;0;0;0;0;0;0;0;0;0;0;0;0;0;0;0;0;0;0;0;-6.9102;0;0;0;0;0.0004;0;0;0;0;0;0;0;-0.0004;-0.0884;0;0;0;0;0;0;0;0;0;-0.7063;0;0.7063;1;1;0;0;0;0
03/07/21 03:00;0;0;90;0;0;90;0;0;0;0;5.4603;1.8399;0;0;0;0;0;0;0;0;0;0;0;0;0;1;1;1;1;0;0;0;0;0;0;0;0;0;0;0;0;0;0;0;0;0;0;0;0;0;0;0;0;0;0;0;0;0;0;0;0;0;0;0;1;1;1;1;1;1;1;1;1;1;1;1;1;1;1;1;1;1;1;0;0;0;0;0;0;0;0;0;0.0004;0.088;0;-0.0884;0;0;0;0;0;0;0;0;0;0;0;0;0;0;0;0;0;0;0;-5.4603;0;0;0;0;0.0004;0;0;0;0;0;0;0;-0.0004;-0.0884;0;0;0;0;0;0;0;0;0;-0.7063;0;0.7063;1;1;0;0;0;0
03/07/21 04:00;0;0;90;0;0;90;0;0;0;0;5.4703;1.4201;0;0;0;0;0;0;0;0;0;0;0;0;0;1;1;1;1;0;0;0;0;0;0;0;0;0;0;0;0;0;0;0;0;0;0;0;0;0;0;0;0;0;0;0;0;0;0;0;0;0;0;0;1;1;1;1;1;1;1;1;1;1;1;1;1;1;1;1;1;1;1;0;0;0;0;0;0;0;0;0;0.0004;0.088;0;-0.0884;0;0;0;0;0;0;0;0;0;0;0;0;0;0;0;0;0;0;0;-5.4703;0;0;0;0;0.0004;0;0;0;0;0;0;0;-0.0004;-0.0884;0;0;0;0;0;0;0;0;0;-0.7063;0;0.7063;1;1;0;0;0;0
03/07/21 05:00;0;0;90;0;0;90;0;0;0;0;5.3899;1.25;0;0;0;0;0;0;0;0;0;0;0;0;0;1;1;1;1;0;0;0;0;0;0;0;0;0;0;0;0;0;0;0;0;0;0;0;0;0;0;0;0;0;0;0;0;0;0;0;0;0;0;0;1;1;1;1;1;1;1;1;1;1;1;1;1;1;1;1;1;1;1;0;0;0;0;0;0;0;0;0;0.0004;0.088;0;-0.0884;0;0;0;0;0;0;0;0;0;0;0;0;0;0;0;0;0;0;0;-5.3899;0;0;0;0;0.0004;0;0;0;0;0;0;0;-0.0004;-0.0884;0;0;0;0;0;0;0;0;0;-0.7063;0;0.7063;1;1;0;0;0;0
03/07/21 06:00;0;0;90;0;0;90;0;0;0;0;4.17;1.17;0;0;0;0;0;0;0;0;0;0;0;0;0;1;1;1;1;0;0;0;0;0;0;0;0;0;0;0;0;0;0;0;0;0;0;0;0;0;0;0;0;0;0;0;0;0;0;0;0;0;0;0;1;1;1;1;1;1;1;1;1;1;1;1;1;1;1;1;1;1;1;0;0;0;0;0;0;0;0;0;0.0004;0.088;0;-0.0884;0;0;0;0;0;0;0;0;0;0;0;0;0;0;0;0;0;0;0;-4.17;0;0;0;0;0.0004;0;0;0;0;0;0;0;-0.0004;-0.0884;0;0;0;0;0;0;0;0;0;-0.7063;0;0.7063;1;1;0;0;0;0
03/07/21 07:00;4.4649;-57.828;79.117;5.2706;7.6021;-90;-7.6021;24.594;23.003;1.5915;4.6699;1.15;0;3.8597;22.547;0.8627;0;0.0141;27.284;0;27.284;3.8597;0.8627;22.547;0.0141;0.1415;0.8269;0;0.0005;27.168;0.1154;0;0;0.1037;0.0117;24.796;2.3184;1.1205;0.2505;0.9469;0.0005;27.114;0.0543;0.0077;0.0017;0.0449;0;24.797;2.7315;0.6106;21.452;0.0018;13.455;11.652;2.7475;0.0021;0.1072;1.5418;0.0018;1.6468;0;1;0;0;1.1094;0.9958;1;1;0.9954;0.1655;0.9145;0.7091;1;0.9577;0.7757;0.998;0.998;1;0.998;0.998;0.9088;0.9514;0.1281;0.0819;0.0779;0.0005;0.0099;-0.0055;0.0005;0.0018;0.0003;0;0;0.088;0;-0.023;0;0;0;0;0;0;0;0;0;0;0;0;0.0015;0.0001;0.0689;0.0689;0;5.6872;5.6872;1.0173;0.041;64.792;1063.2;1;0.0039;0.0039;0;0;0;0;0;0;0.065;-0.023;0;16.017;18.548;-5.3565;-6.2027;94.299;94.299;0.6548;0.5506;-0.1841;0.1042;0.7347;0.1592;1.122;0;13.446;0;0
03/07/21 08:00;13.334;-49.003;55.991;17.434;29.171;-90;-29.171;70.793;68.402;2.3913;6.4003;1.33;0;5.7995;63.562;1.3012;0;0.5836;71.246;0;71.246;5.7995;1.3012;63.562;0.5836;0.0814;0.9003;0;0.0082;68.035;3.2114;0;0;2.7019;0.5095;65.736;2.1633;0.1356;0.0304;1.9839;0.0134;67.899;0.1361;0.0116;0.0026;0.1217;0.0001;65.914;5.6523;1.2682;58.755;0.0605;41.672;36.088;8.9673;0.8733;0.3585;5.1572;0.178;4.6424;0;1;0;0;1.0064;0.9549;1;1;0.9575;0.1269;0.9681;0.9766;1;0.9673;0.8184;0.998;0.998;1;0.998;0.998;0.9227;0.9244;0.1037;0.214;0.2094;0.0013;0.0154;-0.0122;0.0014;0.0051;0.001;0;0;0.088;0;0.0984;0;0;0;0;0;0;0;0;0;0;0;0;0.0041;0.0002;0.1931;0.1931;0;9.0706;9.0706;2.6703;0.0406;177.23;1089.6;1;0.0067;0.0067;0;0;0;0;0;0;0.1864;0.0984;0;17.194;19.911;8.7608;10.145;96.521;96.521;1.7099;1.5433;0.7864;0.1666;0.757;0.0974;0.4427;0.4599;41.658;0.4362;0
03/07/21 09:00;21.752;-37.506;47.46;33.238;56.762;-90;-56.762;96.696;94.797;1.8996;7.6002;1.8399;0;3.4656;73.094;0.6706;0;2.8402;80.07;0;80.07;3.4656;0.6706;73.094;2.8402;0.0433;0.9483;0;0.0355;68.921;11.15;0;0;8.4884;2.6612;66.504;2.2785;0.0389;0.0075;2.2233;0.0087;68.783;0.1378;0.0069;0.0013;0.1292;0.0004;67.709;3.4198;0.6618;62.253;0.1699;61.888;53.595;15.04;10.03;0.9881;14.214;1.2043;5.1717;0;1;0;0;0.8281;0.8608;1;1;0.8839;0.063;0.9669;0.9888;1;0.9655;0.9511;0.998;0.998;1;0.998;0.998;0.8306;0.8517;0.0598;0.2405;0.2339;0.0014;0.0159;-0.0125;0.0016;0.0057;0.0028;0;0;0.088;0;0.1194;0;0;0;0;0;0;0;0;0;0;0;0;0.0046;0.0002;0.2142;0.2142;0;10.304;10.304;2.704;0.0407;197.49;1084.5;1;0.0068;0.0068;0;0;0;0;0;0;0.2074;0.1194;0;16.969;19.65;9.4575;10.952;96.819;96.819;1.9217;1.7118;0.954;0.2099;0.7577;0.1092;0.3943;0.4965;61.318;0.4382;0
03/07/21 10:00;28.036;-23.931;53.782;52.702;37.298;-90;-37.298;219.39;194.5;24.89;8.3301;2.6;0;31.289;167.62;9.7948;0;2.9164;211.62;0;211.62;31.289;9.7948;167.62;2.9164;0.1479;0.8059;0;0.0138;198.47;13.145;0;0;10.5;2.6458;192.24;5.8418;0.5702;0.1785;5.061;0.032;198.08;0.3969;0.0626;0.0196;0.3142;0.0005;193.25;30.656;9.5967;151.74;0.2381;132.55;114.79;29.44;5.3719;1.2495;17.973;1.0105;13.851;0;1;0;0;0.9646;0.9379;1;1;0.9374;0.0928;0.9705;0.9817;1;0.9677;0.8815;0.998;0.998;1;0.998;0.998;0.9084;0.9053;0.0816;0.6355;0.6199;0.0037;0.0176;-0.0197;0.0043;0.0153;0.0036;0;0;0.088;0;0.4829;0;0;0;0;0;0;0;0;0;0;0;0;0.0124;0.0011;0.5816;0.5816;0;16.104;16.104;7.7738;0.0404;528.87;1099.7;1;0.0107;0.0107;0;0;0;0;0;0;0.5709;0.4829;0;17.434;20.188;14.476;16.763;98.163;98.163;5.0789;4.6481;3.8594;0.4308;0.7887;0.0848;0.1553;0.7599;116.73;0.7145;0
03/07/21 11:00;31.477;-8.5091;57.507;76.414;13.586;-90;-13.586;299.19;232.9;66.294;8.7502;3.32;0;68.203;207.58;23.012;0;0.5442;299.34;0;299.34;68.203;23.012;207.58;0.5442;0.2278;0.6953;0;0.0018;296.37;2.9684;0;0;2.5147;0.4537;285.32;10.465;1.9037;0.6423;7.8991;0.0203;295.78;0.5927;0.1364;0.046;0.4101;0.0002;285.44;66.163;22.324;196.76;0.0701;176.95;153.24;36.933;0.1884;1.368;19.678;0.1193;20.857;0;1;0;0;1.0005;0.9901;1;1;0.9879;0.1664;0.9646;0.972;1;0.9614;0.7754;0.998;0.998;1;0.998;0.998;0.9531;0.9479;0.1287;0.8989;0.9012;0.0054;0.0147;-0.015;0.0063;0.0222;0.0039;0;0;0.088;0;0.7412;0;0;0;0;0;0;0;0;0;0;0;0;0.0179;0.0021;0.8436;0.8436;0;20.294;20.294;11.544;0.0405;770.15;1095.4;1;0.0144;0.0144;0;0;0;0;0;0;0.8292;0.7412;0;17.877;20.701;15.707;18.188;98.292;98.292;7.1842;6.742;5.9235;0.4423;0.8184;0.0616;0.1139;0.8245;125.71;0.7858;0
03/07/21 12:00;31.564;7.7061;57.604;77.687;12.313;90;12.313;334.39;235;99.393;9.54;3.77;0;101.73;198.93;34.551;0;0.5;335.71;0;335.71;101.73;34.551;198.93;0.5;0.303;0.594;0;0.0015;333.25;2.4647;0;0;2.0472;0.4175;320.97;11.611;2.872;0.9754;7.7446;0.0186;332.58;0.6665;0.2035;0.0691;0.3938;0.0002;321.08;98.658;33.506;188.74;0.0638;197.23;170.8;41.404;0.1262;1.5038;21.631;0.1042;23.009;0;1;0;0;1.0039;0.9927;1;1;0.9897;0.165;0.9651;0.9717;1;0.9606;0.7746;0.998;0.998;1;0.998;0.998;0.9561;0.9488;0.1276;1.0081;1.0126;0.0061;0.0132;-0.0088;0.007;0.0249;0.0043;0;0;0.088;0;0.8394;0;0;0;0;0;0;0;0;0;0;0;0;0.02;0.0026;0.9433;0.9433;0;22.54;22.54;13;0.0405;865.5;1089.9;1;0.0159;0.0159;0;0;0;0;0;0;0.9274;0.8394;0;17.825;20.641;15.862;18.368;98.317;98.317;8.0571;7.5389;6.7088;0.5182;0.8302;0.0643;0.103;0.8326;120;0.7943;0
03/07/21 13:00;28.281;23.2;54.04;53.788;36.212;90;36.212;422.59;138.4;284.19;10.38;3.9701;0;352.23;68.299;77.835;0;5.3059;503.67;0;503.67;352.23;77.835;68.299;5.3059;0.6993;0.1461;0;0.0105;494.77;8.8948;0;0;4.0926;4.8022;483.59;10.195;6.6025;1.459;2.0676;0.0656;493.78;0.9895;0.7045;0.1557;0.1284;0.001;485.15;344.92;76.22;62.01;0.437;217.68;188.51;48.118;1.9788;1.622;23.332;1.5652;22.976;0;1;0;0;1.1919;0.9823;1;1;0.9401;0.0949;0.9794;0.9812;1;0.9677;0.8695;0.998;0.998;1;0.998;0.998;0.9601;0.9079;0.0824;1.5125;1.5104;0.0091;0.0062;0.0268;0.0103;0.0365;0.0045;0;0;0.088;0;1.2722;0;0;0;0;0;0;0;0;0;0;0;0;0.0294;0.0054;1.3824;1.3824;0;30.045;30.045;19.665;0.0407;1296.5;1066.3;1;0.0222;0.0222;0;0;0;0;0;0;1.3602;1.2722;0;17.411;20.162;16.023;18.554;98.392;98.392;12.088;11.048;10.167;1.0399;0.8809;0.086;0.0729;0.8411;47.147;0.8129;0
03/07/21 14:00;22.122;36.878;47.819;34.113;55.887;90;55.887;91.5;90.101;1.3994;9.99;3.9199;0;2.4952;70.118;0.4516;0;2.612;75.677;0;75.677;2.4952;0.4516;70.118;2.612;0.033;0.9611;0;0.0345;65.246;10.431;0;0;7.9777;2.4532;62.949;2.167;0.0285;0.0052;2.1259;0.0074;65.116;0.1305;0.005;0.0009;0.1243;0.0003;64.055;2.4617;0.4456;59.89;0.1511;58.684;50.82;14.196;9.1075;0.915;13.162;1.1063;4.9693;0;1;0;0;0.8271;0.8622;1;1;0.8862;0.0608;0.9667;0.9885;1;0.9657;0.9531;0.998;0.998;1;0.998;0.998;0.8318;0.8541;0.0578;0.2273;0.2207;0.0013;0.0156;-0.01;0.0015;0.0053;0.0025;0;0;0.088;0;0.1053;0;0;0;0;0;0;0;0;0;0;0;0;0.0043;0.0002;0.1999;0.1999;0;12.556;12.556;2.566;0.0408;186.35;1072.7;1;0.0066;0.0066;0;0;0;0;0;0;0.1933;0.1053;0;16.756;19.403;8.8272;10.222;96.703;96.703;1.8162;1.5976;0.8416;0.2187;0.756;0.1204;0.4162;0.4634;58.241;0.41;0
03/07/21 15:00;13.794;48.475;54.67;18.157;30.935;90;30.935;75.091;73.697;1.3943;9.7999;2.9401;0;3.3815;68.152;0.7907;0;0.6943;73.019;0;73.019;3.3815;0.7907;68.152;0.6943;0.0463;0.9429;0;0.0095;69.22;3.7992;0;0;3.1862;0.613;66.877;2.204;0.068;0.0159;2.1062;0.014;69.081;0.1384;0.0068;0.0016;0.1299;0.0002;67.099;3.3068;0.7732;62.73;0.0672;45.222;39.162;9.7998;1.1477;0.3976;5.7194;0.2218;4.9693;0;1;0;0;0.9724;0.948;1;1;0.9532;0.1171;0.9681;0.9799;1;0.9675;0.8279;0.998;0.998;1;0.998;0.998;0.9159;0.9204;0.0967;0.2193;0.2142;0.0013;0.0155;-0.0098;0.0015;0.0051;0.0011;0;0;0.088;0;0.1005;0;0;0;0;0;0;0;0;0;0;0;0;0.0041;0.0002;0.1951;0.1951;0;12.524;12.524;2.7242;0.0407;181.41;1075.4;1;0.0066;0.0066;0;0;0;0;0;0;0.1885;0.1005;0;16.949;19.627;8.732;10.112;96.625;96.625;1.7525;1.5592;0.8033;0.1932;0.7559;0.1103;0.4314;0.4584;45.214;0.433;0
03/07/21 16:00;4.6372;57.676;78.693;5.4827;7.9159;90;7.9159;16.097;15.898;0.1985;9.2202;1.8301;0;0.4814;15.793;0.0716;0;0.01;16.356;0;16.356;0.4814;0.0716;15.793;0.01;0.0294;0.9662;0;0.0006;16.27;0.0862;0;0;0.0779;0.0083;15.423;0.8137;0.1333;0.0198;0.6602;0.0004;16.237;0.0325;0.001;0.0001;0.0314;0;15.425;0.3471;0.0516;15.023;0.0013;9.4245;8.1616;1.9243;0.0018;0.0751;1.0803;0.0014;1.1536;0;1;0;0;1.0161;0.9947;1;1;0.9951;0.1646;0.9499;0.7226;1;0.9579;0.7753;0.998;0.998;1;0.998;0.998;0.943;0.9513;0.1274;0.0491;0.0487;0.0003;0.0078;-0.0027;0.0003;0.0011;0.0002;0;0;0.088;0;-0.0502;0;0;0;0;0;0;0;0;0;0;0;0;0.0009;0;0.0408;0.0408;0;9.8603;9.8603;0.64;0.0415;39.922;1023.2;1;0.003;0.003;0;0;0;0;0;0;0.0378;-0.0502;0;15.843;18.345;-19.454;-22.528;92.641;92.641;0.3925;0.3265;-0.4009;0.0661;0.7273;0.1684;1.8529;0;9.4234;0;0
03/07/21 17:00;0;0;90;0;0;90;0;0;0;0;7.4599;1.5801;0;0;0;0;0;0;0;0;0;0;0;0;0;1;1;1;1;0;0;0;0;0;0;0;0;0;0;0;0;0;0;0;0;0;0;0;0;0;0;0;0;0;0;0;0;0;0;0;0;0;0;0;1;1;1;1;1;1;1;1;1;1;1;1;1;1;1;1;1;1;1;0;0;0;0;0;0;0;0;0;0.0004;0.088;0;-0.0884;0;0;0;0;0;0;0;0;0;0;0;0;0;0;0;0;0;0;0;-7.4599;0;0;0;0;0.0004;0;0;0;0;0;0;0;-0.0004;-0.0884;0;0;0;0;0;0;0;0;0;-0.7063;0;0.7063;1;1;0;0;0;0
03/07/21 18:00;0;0;90;0;0;90;0;0;0;0;5.3001;1.46;0;0;0;0;0;0;0;0;0;0;0;0;0;1;1;1;1;0;0;0;0;0;0;0;0;0;0;0;0;0;0;0;0;0;0;0;0;0;0;0;0;0;0;0;0;0;0;0;0;0;0;0;1;1;1;1;1;1;1;1;1;1;1;1;1;1;1;1;1;1;1;0;0;0;0;0;0;0;0;0;0.0004;0.088;0;-0.0884;0;0;0;0;0;0;0;0;0;0;0;0;0;0;0;0;0;0;0;-5.3001;0;0;0;0;0.0004;0;0;0;0;0;0;0;-0.0004;-0.0884;0;0;0;0;0;0;0;0;0;-0.7063;0;0.7063;1;1;0;0;0;0
03/07/21 19:00;0;0;90;0;0;90;0;0;0;0;3.3603;1.47;0;0;0;0;0;0;0;0;0;0;0;0;0;1;1;1;1;0;0;0;0;0;0;0;0;0;0;0;0;0;0;0;0;0;0;0;0;0;0;0;0;0;0;0;0;0;0;0;0;0;0;0;1;1;1;1;1;1;1;1;1;1;1;1;1;1;1;1;1;1;1;0;0;0;0;0;0;0;0;0;0.0004;0.088;0;-0.0884;0;0;0;0;0;0;0;0;0;0;0;0;0;0;0;0;0;0;0;-3.3603;0;0;0;0;0.0004;0;0;0;0;0;0;0;-0.0004;-0.0884;0;0;0;0;0;0;0;0;0;-0.7063;0;0.7063;1;1;0;0;0;0
03/07/21 20:00;0;0;90;0;0;90;0;0;0;0;5.1898;1.71;0;0;0;0;0;0;0;0;0;0;0;0;0;1;1;1;1;0;0;0;0;0;0;0;0;0;0;0;0;0;0;0;0;0;0;0;0;0;0;0;0;0;0;0;0;0;0;0;0;0;0;0;1;1;1;1;1;1;1;1;1;1;1;1;1;1;1;1;1;1;1;0;0;0;0;0;0;0;0;0;0.0004;0.088;0;-0.0884;0;0;0;0;0;0;0;0;0;0;0;0;0;0;0;0;0;0;0;-5.1898;0;0;0;0;0.0004;0;0;0;0;0;0;0;-0.0004;-0.0884;0;0;0;0;0;0;0;0;0;-0.7063;0;0.7063;1;1;0;0;0;0
03/07/21 21:00;0;0;90;0;0;90;0;0;0;0;5.7003;1.9801;0;0;0;0;0;0;0;0;0;0;0;0;0;1;1;1;1;0;0;0;0;0;0;0;0;0;0;0;0;0;0;0;0;0;0;0;0;0;0;0;0;0;0;0;0;0;0;0;0;0;0;0;1;1;1;1;1;1;1;1;1;1;1;1;1;1;1;1;1;1;1;0;0;0;0;0;0;0;0;0;0.0004;0.088;0;-0.0884;0;0;0;0;0;0;0;0;0;0;0;0;0;0;0;0;0;0;0;-5.7003;0;0;0;0;0.0004;0;0;0;0;0;0;0;-0.0004;-0.0884;0;0;0;0;0;0;0;0;0;-0.7063;0;0.7063;1;1;0;0;0;0
03/07/21 22:00;0;0;90;0;0;90;0;0;0;0;5.4802;2.19;0;0;0;0;0;0;0;0;0;0;0;0;0;1;1;1;1;0;0;0;0;0;0;0;0;0;0;0;0;0;0;0;0;0;0;0;0;0;0;0;0;0;0;0;0;0;0;0;0;0;0;0;1;1;1;1;1;1;1;1;1;1;1;1;1;1;1;1;1;1;1;0;0;0;0;0;0;0;0;0;0.0004;0.088;0;-0.0884;0;0;0;0;0;0;0;0;0;0;0;0;0;0;0;0;0;0;0;-5.4802;0;0;0;0;0.0004;0;0;0;0;0;0;0;-0.0004;-0.0884;0;0;0;0;0;0;0;0;0;-0.7063;0;0.7063;1;1;0;0;0;0
03/07/21 23:00;0;0;90;0;0;90;0;0;0;0;6.0998;2.2399;0;0;0;0;0;0;0;0;0;0;0;0;0;1;1;1;1;0;0;0;0;0;0;0;0;0;0;0;0;0;0;0;0;0;0;0;0;0;0;0;0;0;0;0;0;0;0;0;0;0;0;0;1;1;1;1;1;1;1;1;1;1;1;1;1;1;1;1;1;1;1;0;0;0;0;0;0;0;0;0;0.0004;0.088;0;-0.0884;0;0;0;0;0;0;0;0;0;0;0;0;0;0;0;0;0;0;0;-6.0998;0;0;0;0;0.0004;0;0;0;0;0;0;0;-0.0004;-0.0884;0;0;0;0;0;0;0;0;0;-0.7063;0;0.7063;1;1;0;0;0;0
04/07/21 00:00;0;0;90;0;0;90;0;0;0;0;5.8997;2.41;0;0;0;0;0;0;0;0;0;0;0;0;0;1;1;1;1;0;0;0;0;0;0;0;0;0;0;0;0;0;0;0;0;0;0;0;0;0;0;0;0;0;0;0;0;0;0;0;0;0;0;0;1;1;1;1;1;1;1;1;1;1;1;1;1;1;1;1;1;1;1;0;0;0;0;0;0;0;0;0;0.0004;0.088;0;-0.0884;0;0;0;0;0;0;0;0;0;0;0;0;0;0;0;0;0;0;0;-5.8997;0;0;0;0;0.0004;0;0;0;0;0;0;0;-0.0004;-0.0884;0;0;0;0;0;0;0;0;0;-0.7063;0;0.7063;1;1;0;0;0;0
04/07/21 01:00;0;0;90;0;0;90;0;0;0;0;4.8301;2.58;0;0;0;0;0;0;0;0;0;0;0;0;0;1;1;1;1;0;0;0;0;0;0;0;0;0;0;0;0;0;0;0;0;0;0;0;0;0;0;0;0;0;0;0;0;0;0;0;0;0;0;0;1;1;1;1;1;1;1;1;1;1;1;1;1;1;1;1;1;1;1;0;0;0;0;0;0;0;0;0;0.0004;0.088;0;-0.0884;0;0;0;0;0;0;0;0;0;0;0;0;0;0;0;0;0;0;0;-4.8301;0;0;0;0;0.0004;0;0;0;0;0;0;0;-0.0004;-0.0884;0;0;0;0;0;0;0;0;0;-0.7063;0;0.7063;1;1;0;0;0;0
04/07/21 02:00;0;0;90;0;0;90;0;0;0;0;5.1;2.73;0;0;0;0;0;0;0;0;0;0;0;0;0;1;1;1;1;0;0;0;0;0;0;0;0;0;0;0;0;0;0;0;0;0;0;0;0;0;0;0;0;0;0;0;0;0;0;0;0;0;0;0;1;1;1;1;1;1;1;1;1;1;1;1;1;1;1;1;1;1;1;0;0;0;0;0;0;0;0;0;0.0004;0.088;0;-0.0884;0;0;0;0;0;0;0;0;0;0;0;0;0;0;0;0;0;0;0;-5.1;0;0;0;0;0.0004;0;0;0;0;0;0;0;-0.0004;-0.0884;0;0;0;0;0;0;0;0;0;-0.7063;0;0.7063;1;1;0;0;0;0
04/07/21 03:00;0;0;90;0;0;90;0;0;0;0;6.0001;2.65;0;0;0;0;0;0;0;0;0;0;0;0;0;1;1;1;1;0;0;0;0;0;0;0;0;0;0;0;0;0;0;0;0;0;0;0;0;0;0;0;0;0;0;0;0;0;0;0;0;0;0;0;1;1;1;1;1;1;1;1;1;1;1;1;1;1;1;1;1;1;1;0;0;0;0;0;0;0;0;0;0.0004;0.088;0;-0.0884;0;0;0;0;0;0;0;0;0;0;0;0;0;0;0;0;0;0;0;-6.0001;0;0;0;0;0.0004;0;0;0;0;0;0;0;-0.0004;-0.0884;0;0;0;0;0;0;0;0;0;-0.7063;0;0.7063;1;1;0;0;0;0
04/07/21 04:00;0;0;90;0;0;90;0;0;0;0;6.2401;2.7001;0;0;0;0;0;0;0;0;0;0;0;0;0;1;1;1;1;0;0;0;0;0;0;0;0;0;0;0;0;0;0;0;0;0;0;0;0;0;0;0;0;0;0;0;0;0;0;0;0;0;0;0;1;1;1;1;1;1;1;1;1;1;1;1;1;1;1;1;1;1;1;0;0;0;0;0;0;0;0;0;0.0004;0.088;0;-0.0884;0;0;0;0;0;0;0;0;0;0;0;0;0;0;0;0;0;0;0;-6.2401;0;0;0;0;0.0004;0;0;0;0;0;0;0;-0.0004;-0.0884;0;0;0;0;0;0;0;0;0;-0.7063;0;0.7063;1;1;0;0;0;0
04/07/21 05:00;0;0;90;0;0;90;0;0;0;0;6.0998;2.73;0;0;0;0;0;0;0;0;0;0;0;0;0;1;1;1;1;0;0;0;0;0;0;0;0;0;0;0;0;0;0;0;0;0;0;0;0;0;0;0;0;0;0;0;0;0;0;0;0;0;0;0;1;1;1;1;1;1;1;1;1;1;1;1;1;1;1;1;1;1;1;0;0;0;0;0;0;0;0;0;0.0004;0.088;0;-0.0884;0;0;0;0;0;0;0;0;0;0;0;0;0;0;0;0;0;0;0;-6.0998;0;0;0;0;0.0004;0;0;0;0;0;0;0;-0.0004;-0.0884;0;0;0;0;0;0;0;0;0;-0.7063;0;0.7063;1;1;0;0;0;0
04/07/21 06:00;0;0;90;0;0;90;0;0;0;0;5.5301;3.1199;0;0;0;0;0;0;0;0;0;0;0;0;0;1;1;1;1;0;0;0;0;0;0;0;0;0;0;0;0;0;0;0;0;0;0;0;0;0;0;0;0;0;0;0;0;0;0;0;0;0;0;0;1;1;1;1;1;1;1;1;1;1;1;1;1;1;1;1;1;1;1;0;0;0;0;0;0;0;0;0;0.0004;0.088;0;-0.0884;0;0;0;0;0;0;0;0;0;0;0;0;0;0;0;0;0;0;0;-5.5301;0;0;0;0;0.0004;0;0;0;0;0;0;0;-0.0004;-0.0884;0;0;0;0;0;0;0;0;0;-0.7063;0;0.7063;1;1;0;0;0;0
04/07/21 07:00;4.4921;-57.921;79.05;5.2973;7.6415;-90;-7.6415;22.602;21.599;1.0027;5.8997;3.5899;0;2.4319;21.295;0.5073;0;0.013;24.247;0;24.247;2.4319;0.5073;21.295;0.013;0.1003;0.8788;0;0.0005;24.137;0.1097;0;0;0.0988;0.0109;22.348;1.7412;0.7007;0.1462;0.8938;0.0005;24.089;0.0483;0.0049;0.001;0.0424;0;22.349;1.7263;0.3601;20.26;0.0017;12.705;11.003;2.5941;0.0021;0.1012;1.4562;0.0017;1.5553;0;1;0;0;1.0728;0.9955;1;1;0.9954;0.1655;0.9277;0.7113;1;0.9577;0.7757;0.998;0.998;1;0.998;0.998;0.9217;0.9514;0.1281;0.0728;0.0704;0.0004;0.0094;-0.0047;0.0005;0.0016;0.0003;0;0;0.088;0;-0.0302;0;0;0;0;0;0;0;0;0;0;0;0;0.0013;0;0.0615;0.0615;0;6.8189;6.8189;0.9192;0.0411;58.361;1053.6;1;0.0037;0.0037;0;0;0;0;0;0;0.0578;-0.0302;0;16.087;18.628;-7.8972;-9.1448;94.027;94.027;0.5819;0.4914;-0.2412;0.0905;0.7326;0.1556;1.259;0;12.699;0;0
04/07/21 08:00;13.372;-49.094;55.883;17.459;29.231;-90;-29.231;144.91;79.198;65.71;6.0998;3.47;0;159.36;58.217;41.285;0;1.1994;260.07;0;260.07;159.36;41.285;58.217;1.1994;0.6128;0.2285;0;0.0046;256.54;3.5303;0;0;2.4828;1.0475;249.55;6.4761;3.6791;0.9531;1.8164;0.0275;256.02;0.5131;0.3187;0.0826;0.1115;0.0003;249.71;155.37;40.249;53.806;0.1241;38.575;33.406;8.3466;0.8058;0.3287;4.7288;0.1639;4.2517;0;1;0;0;1.7947;0.9864;1;1;0.9574;0.1267;0.9747;0.9769;1;0.9673;0.8188;0.998;0.998;1;0.998;0.998;0.9596;0.9242;0.1035;0.781;0.7621;0.0046;0.0163;-0.0239;0.0054;0.019;0.0009;0;0;0.088;0;0.622;0;0;0;0;0;0;0;0;0;0;0;0;0.0153;0.0016;0.7228;0.7228;0;16.171;16.171;10.071;0.0404;651.98;1108.7;1;0.0128;0.0128;0;0;0;0;0;0;0.71;0.622;0;17.632;20.417;15.172;17.569;98.226;98.226;6.2416;5.7768;4.9711;0.4647;0.8058;0.0745;0.1291;0.7964;38.17;0.7857;0
04/07/21 09:00;21.803;-37.593;47.365;33.255;56.745;-90;-56.745;350.39;60.3;290.09;7.5703;3.4101;0;529.02;19.101;64.97;0;10.286;623.37;0;623.37;529.02;64.97;19.101;10.286;0.8486;0.0471;0;0.0165;611.52;11.855;0;0;2.2173;9.638;603.05;7.2471;5.9088;0.7257;0.581;0.0316;610.3;1.223;1.058;0.1299;0.0338;0.0013;605.03;522.05;64.114;16.269;0.6154;98.028;84.892;20.687;2.6208;0.9067;13.042;1.9789;11.328;0;1;0;0;1.7791;0.981;1;1;0.8839;0.063;0.9881;0.9888;1;0.9655;0.9512;0.998;0.998;1;0.998;0.998;0.9674;0.8517;0.0598;1.872;1.8498;0.0111;0.002;0.046;0.0125;0.0445;0.0025;0;0;0.088;0;1.5716;0;0;0;0;0;0;0;0;0;0;0;0;0.0358;0.0078;1.6876;1.6876;0;32.114;32.114;24.543;0.0407;1590.1;1061.3;1;0.028;0.028;0;0;0;0;0;0;1.6596;1.5716;0;17.173;19.886;15.993;18.52;98.342;98.342;14.961;13.487;12.56;1.4737;0.927;0.0985;0.062;0.8395;16.021;0.8266;0
04/07/21 10:00;28.103;-24.01;53.686;52.694;37.306;-90;-37.306;500.91;82.597;418.31;8.5202;3.69;0;525.9;24.338;69.758;0;6.6612;626.66;0;626.66;525.9;69.758;24.338;6.6612;0.8392;0.0495;0;0.0106;619.09;7.5682;0;0;1.525;6.0432;606.3;11.552;9.4854;1.2582;0.7348;0.0731;617.85;1.2382;1.0518;0.1395;0.0456;0.0012;608.24;515.37;68.36;22.032;0.5437;246.35;213.34;53.828;0.7821;1.7815;25.627;1.9366;26.626;0;1;0;0;1.2511;0.9879;1;1;0.9373;0.0928;0.9813;0.9819;1;0.9677;0.8815;0.998;0.998;1;0.998;0.998;0.9675;0.9053;0.0816;1.8819;1.886;0.0114;0.0016;0.0541;0.0127;0.0452;0.0049;0;0;0.088;0;1.5953;0;0;0;0;0;0;0;0;0;0;0;0;0.0364;0.0081;1.7116;1.7116;0;33.218;33.218;24.698;0.0407;1620.2;1056.4;1;0.0284;0.0284;0;0;0;0;0;0;1.6833;1.5953;0;17.327;20.064;16.149;18.7;98.343;98.343;15.04;13.679;12.749;1.3605;0.93;0.0905;0.0618;0.8477;16.949;0.8225;0
04/07/21 11:00;31.559;-8.5698;57.415;76.363;13.637;-90;-13.637;356.8;219.1;137.7;8.9703;3.71;0;141.69;173.02;44.872;0;0.6538;360.24;0;360.24;141.69;44.872;173.02;0.6538;0.3933;0.4821;0;0.0018;357.58;2.6543;0;0;2.1092;0.545;345.12;11.753;3.9121;1.2389;6.5778;0.0244;356.87;0.7152;0.2834;0.0897;0.3418;0.0002;345.26;137.5;43.543;163.99;0.0842;209.56;181.48;44.214;0.1592;1.585;22.8;0.1451;24.225;0;1;0;0;1.0096;0.9926;1;1;0.9878;0.1664;0.9671;0.9723;1;0.9614;0.7755;0.998;0.998;1;0.998;0.998;0.958;0.9478;0.1287;1.0818;1.088;0.0065;0.0122;-0.0079;0.0075;0.0267;0.0045;0;0;0.088;0;0.9089;0;0;0;0;0;0;0;0;0;0;0;0;0.0215;0.0029;1.0138;1.0138;0;22.947;22.947;13.977;0.0405;929.8;1090.4;1;0.017;0.017;0;0;0;0;0;0;0.9969;0.9089;0;17.853;20.673;16.005;18.533;98.327;98.327;8.6457;8.1025;7.2636;0.5432;0.8389;0.0628;0.097;0.8401;104.8;0.8021;0
04/07/21 12:00;31.655;7.671;57.522;77.784;12.216;90;12.216;265.81;230.9;34.905;9.7501;3.5701;0;35.713;216.8;11.886;0;0.3912;264.79;0;264.79;35.713;11.886;216.8;0.3912;0.1349;0.8202;0;0.0015;262.27;2.5285;0;0;2.2018;0.3267;251.94;9.8004;0.9986;0.3324;8.4549;0.0145;261.74;0.5245;0.0714;0.0238;0.4292;0.0001;252.02;34.643;11.53;205.72;0.0499;157.73;136.59;32.689;0.1336;1.2322;17.725;0.0802;18.824;0;1;0;0;0.9962;0.9905;1;1;0.9898;0.165;0.9626;0.972;1;0.9605;0.7746;0.998;0.998;1;0.998;0.998;0.9515;0.9489;0.1276;0.7952;0.7964;0.0048;0.016;-0.0143;0.0055;0.0196;0.0035;0;0;0.088;0;0.6429;0;0;0;0;0;0;0;0;0;0;0;0;0.0158;0.0017;0.7438;0.7438;0;19.95;19.95;10.199;0.0405;680.55;1092.9;1;0.0129;0.0129;0;0;0;0;0;0;0.7309;0.6429;0;17.819;20.634;15.401;17.834;98.26;98.26;6.355;5.9444;5.1377;0.4106;0.8067;0.0646;0.1269;0.8084;130.74;0.7699;0
04/07/21 13:00;28.377;23.191;53.974;53.907;36.093;90;36.093;168.29;163.2;5.0918;9.7201;3.3499;0;6.3012;146.34;1.6368;0;2.0996;156.38;0;156.38;6.3012;1.6368;146.34;2.0996;0.0403;0.9492;0;0.0134;145.76;10.623;0;0;8.724;1.8993;140.86;4.6057;0.1173;0.0305;4.4316;0.0263;145.46;0.2915;0.0126;0.0033;0.2752;0.0004;141.59;6.1713;1.6031;132.91;0.1736;104.08;90.136;23.048;4.1901;0.9837;14.15;0.7323;10.944;0;1;0;0;0.9292;0.9321;1;1;0.9404;0.0954;0.9683;0.9814;1;0.9677;0.8684;0.998;0.998;1;0.998;0.998;0.9008;0.9082;0.0827;0.4696;0.4563;0.0027;0.0181;-0.0157;0.0032;0.0112;0.0028;0;0;0.088;0;0.3275;0;0;0;0;0;0;0;0;0;0;0;0;0.009;0.0007;0.4243;0.4243;0;15.429;15.429;5.7084;0.0405;388.71;1091.7;1;0.0089;0.0089;0;0;0;0;0;0;0.4155;0.3275;0;17.214;19.933;13.285;15.383;97.911;97.911;3.7531;3.3914;2.6172;0.3617;0.7741;0.0964;0.2063;0.6974;100.93;0.6531;0
04/07/21 14:00;22.218;36.891;47.765;34.232;55.768;90;55.768;117.09;114.7;2.3909;10.21;2.75;0;4.2501;89.183;0.9753;0;3.3294;97.738;0;97.738;4.2501;0.9753;89.183;3.3294;0.0435;0.9465;0;0.0341;84.495;13.243;0;0;10.116;3.127;81.554;2.7718;0.0485;0.0111;2.7028;0.0094;84.326;0.169;0.0085;0.002;0.1581;0.0004;82.953;4.1932;0.9622;76.206;0.1926;74.774;64.755;18.098;11.497;1.1582;16.661;1.3988;6.3222;0;1;0;0;0.8347;0.8645;1;1;0.8866;0.0608;0.9671;0.9886;1;0.9657;0.9535;0.998;0.998;1;0.998;0.998;0.8344;0.8545;0.0579;0.2935;0.285;0.0017;0.0169;-0.0119;0.0019;0.0069;0.0033;0;0;0.088;0;0.1652;0;0;0;0;0;0;0;0;0;0;0;0;0.0056;0.0003;0.2603;0.2603;0;13.528;13.528;3.3177;0.0407;241.28;1078.8;1;0.0071;0.0071;0;0;0;0;0;0;0.2532;0.1652;0;16.894;19.563;10.723;12.417;97.28;97.28;2.3457;2.0803;1.3204;0.2654;0.7599;0.1132;0.3239;0.5629;73.979;0.4992;0
04/07/21 15:00;13.887;48.503;54.404;18.267;31.214;90;31.214;58.604;57.699;0.9049;10.11;1.8301;0;2.1946;53.37;0.3991;0;0.5514;56.515;0;56.515;2.1946;0.3991;53.37;0.5514;0.0388;0.9541;0;0.0098;53.496;3.0185;0;0;2.531;0.4875;51.681;1.7085;0.0428;0.0078;1.647;0.0109;53.389;0.107;0.0044;0.0008;0.1017;0.0001;51.859;2.1474;0.3905;49.09;0.0529;35.482;30.728;7.6978;0.9271;0.3131;4.5044;0.1778;3.8904;0;1;0;0;0.9644;0.9466;1;1;0.9526;0.1159;0.968;0.9804;1;0.9675;0.8297;0.998;0.998;1;0.998;0.998;0.9145;0.9198;0.096;0.1697;0.1657;0.001;0.0141;-0.0078;0.0011;0.0039;0.0009;0;0;0.088;0;0.055;0;0;0;0;0;0;0;0;0;0;0;0;0.0032;0.0001;0.1492;0.1492;0;12.221;12.221;2.111;0.0408;139.92;1066.1;1;0.0062;0.0062;0;0;0;0;0;0;0.143;0.055;0;16.744;19.389;6.1745;7.1499;95.868;95.868;1.3564;1.1922;0.4396;0.1642;0.7526;0.121;0.5548;0.3241;35.477;0.3059;0
04/07/21 16:00;4.7254;57.715;78.475;5.5845;8.0668;90;8.0668;11.604;11.501;0.1022;9.6603;2.05;0;0.248;11.434;0.0262;0;0.0075;11.715;0;11.715;0.248;0.0262;11.434;0.0075;0.0212;0.9766;0;0.0006;11.651;0.0644;0;0;0.0582;0.0062;11.076;0.5513;0.067;0.0071;0.4769;0.0003;11.628;0.0233;0.0005;0.0001;0.0228;0;11.077;0.1805;0.0191;10.876;0.001;6.8249;5.9104;1.3937;0.0014;0.0544;0.7823;0.0011;0.8353;0;1;0;0;1.0096;0.9945;1;1;0.9949;0.1647;0.9526;0.7292;1;0.958;0.7752;0.998;0.998;1;0.998;0.998;0.9455;0.9512;0.1274;0.0352;0.035;0.0002;0.0065;-0.0018;0.0002;0.0007;0.0001;0;0;0.088;0;-0.0623;0;0;0;0;0;0;0;0;0;0;0;0;0.0006;0;0.0284;0.0284;0;10.123;10.123;0.4628;0.0418;28.218;1006.4;1;0.0027;0.0027;0;0;0;0;0;0;0.0257;-0.0623;0;15.378;17.807;-33.708;-39.034;90.664;90.664;0.2812;0.227;-0.4975;0.0542;0.7245;0.1928;2.5767;0;6.8243;0;0
04/07/21 17:00;0;0;90;0;0;90;0;0;0;0;8.3002;2.29;0;0;0;0;0;0;0;0;0;0;0;0;0;1;1;1;1;0;0;0;0;0;0;0;0;0;0;0;0;0;0;0;0;0;0;0;0;0;0;0;0;0;0;0;0;0;0;0;0;0;0;0;1;1;1;1;1;1;1;1;1;1;1;1;1;1;1;1;1;1;1;0;0;0;0;0;0;0;0;0;0.0004;0.088;0;-0.0884;0;0;0;0;0;0;0;0;0;0;0;0;0;0;0;0;0;0;0;-8.3002;0;0;0;0;0.0004;0;0;0;0;0;0;0;-0.0004;-0.0884;0;0;0;0;0;0;0;0;0;-0.7063;0;0.7063;1;1;0;0;0;0
04/07/21 18:00;0;0;90;0;0;90;0;0;0;0;7.8003;2.51;0;0;0;0;0;0;0;0;0;0;0;0;0;1;1;1;1;0;0;0;0;0;0;0;0;0;0;0;0;0;0;0;0;0;0;0;0;0;0;0;0;0;0;0;0;0;0;0;0;0;0;0;1;1;1;1;1;1;1;1;1;1;1;1;1;1;1;1;1;1;1;0;0;0;0;0;0;0;0;0;0.0004;0.088;0;-0.0884;0;0;0;0;0;0;0;0;0;0;0;0;0;0;0;0;0;0;0;-7.8003;0;0;0;0;0.0004;0;0;0;0;0;0;0;-0.0004;-0.0884;0;0;0;0;0;0;0;0;0;-0.7063;0;0.7063;1;1;0;0;0;0
04/07/21 19:00;0;0;90;0;0;90;0;0;0;0;7.2798;2.65;0;0;0;0;0;0;0;0;0;0;0;0;0;1;1;1;1;0;0;0;0;0;0;0;0;0;0;0;0;0;0;0;0;0;0;0;0;0;0;0;0;0;0;0;0;0;0;0;0;0;0;0;1;1;1;1;1;1;1;1;1;1;1;1;1;1;1;1;1;1;1;0;0;0;0;0;0;0;0;0;0.0004;0.088;0;-0.0884;0;0;0;0;0;0;0;0;0;0;0;0;0;0;0;0;0;0;0;-7.2798;0;0;0;0;0.0004;0;0;0;0;0;0;0;-0.0004;-0.0884;0;0;0;0;0;0;0;0;0;-0.7063;0;0.7063;1;1;0;0;0;0
04/07/21 20:00;0;0;90;0;0;90;0;0;0;0;7.1801;2.7701;0;0;0;0;0;0;0;0;0;0;0;0;0;1;1;1;1;0;0;0;0;0;0;0;0;0;0;0;0;0;0;0;0;0;0;0;0;0;0;0;0;0;0;0;0;0;0;0;0;0;0;0;1;1;1;1;1;1;1;1;1;1;1;1;1;1;1;1;1;1;1;0;0;0;0;0;0;0;0;0;0.0004;0.088;0;-0.0884;0;0;0;0;0;0;0;0;0;0;0;0;0;0;0;0;0;0;0;-7.1801;0;0;0;0;0.0004;0;0;0;0;0;0;0;-0.0004;-0.0884;0;0;0;0;0;0;0;0;0;-0.7063;0;0.7063;1;1;0;0;0;0
04/07/21 21:00;0;0;90;0;0;90;0;0;0;0;7.4001;2.7801;0;0;0;0;0;0;0;0;0;0;0;0;0;1;1;1;1;0;0;0;0;0;0;0;0;0;0;0;0;0;0;0;0;0;0;0;0;0;0;0;0;0;0;0;0;0;0;0;0;0;0;0;1;1;1;1;1;1;1;1;1;1;1;1;1;1;1;1;1;1;1;0;0;0;0;0;0;0;0;0;0.0004;0.088;0;-0.0884;0;0;0;0;0;0;0;0;0;0;0;0;0;0;0;0;0;0;0;-7.4001;0;0;0;0;0.0004;0;0;0;0;0;0;0;-0.0004;-0.0884;0;0;0;0;0;0;0;0;0;-0.7063;0;0.7063;1;1;0;0;0;0
04/07/21 22:00;0;0;90;0;0;90;0;0;0;0;7.2997;2.7099;0;0;0;0;0;0;0;0;0;0;0;0;0;1;1;1;1;0;0;0;0;0;0;0;0;0;0;0;0;0;0;0;0;0;0;0;0;0;0;0;0;0;0;0;0;0;0;0;0;0;0;0;1;1;1;1;1;1;1;1;1;1;1;1;1;1;1;1;1;1;1;0;0;0;0;0;0;0;0;0;0.0004;0.088;0;-0.0884;0;0;0;0;0;0;0;0;0;0;0;0;0;0;0;0;0;0;0;-7.2997;0;0;0;0;0.0004;0;0;0;0;0;0;0;-0.0004;-0.0884;0;0;0;0;0;0;0;0;0;-0.7063;0;0.7063;1;1;0;0;0;0
04/07/21 23:00;0;0;90;0;0;90;0;0;0;0;6.9999;2.6299;0;0;0;0;0;0;0;0;0;0;0;0;0;1;1;1;1;0;0;0;0;0;0;0;0;0;0;0;0;0;0;0;0;0;0;0;0;0;0;0;0;0;0;0;0;0;0;0;0;0;0;0;1;1;1;1;1;1;1;1;1;1;1;1;1;1;1;1;1;1;1;0;0;0;0;0;0;0;0;0;0.0004;0.088;0;-0.0884;0;0;0;0;0;0;0;0;0;0;0;0;0;0;0;0;0;0;0;-6.9999;0;0;0;0;0.0004;0;0;0;0;0;0;0;-0.0004;-0.0884;0;0;0;0;0;0;0;0;0;-0.7063;0;0.7063;1;1;0;0;0;0
05/07/21 00:00;0;0;90;0;0;90;0;0;0;0;7.1003;2.4799;0;0;0;0;0;0;0;0;0;0;0;0;0;1;1;1;1;0;0;0;0;0;0;0;0;0;0;0;0;0;0;0;0;0;0;0;0;0;0;0;0;0;0;0;0;0;0;0;0;0;0;0;1;1;1;1;1;1;1;1;1;1;1;1;1;1;1;1;1;1;1;0;0;0;0;0;0;0;0;0;0.0004;0.088;0;-0.0884;0;0;0;0;0;0;0;0;0;0;0;0;0;0;0;0;0;0;0;-7.1003;0;0;0;0;0.0004;0;0;0;0;0;0;0;-0.0004;-0.0884;0;0;0;0;0;0;0;0;0;-0.7063;0;0.7063;1;1;0;0;0;0
05/07/21 01:00;0;0;90;0;0;90;0;0;0;0;7.1003;2.35;0;0;0;0;0;0;0;0;0;0;0;0;0;1;1;1;1;0;0;0;0;0;0;0;0;0;0;0;0;0;0;0;0;0;0;0;0;0;0;0;0;0;0;0;0;0;0;0;0;0;0;0;1;1;1;1;1;1;1;1;1;1;1;1;1;1;1;1;1;1;1;0;0;0;0;0;0;0;0;0;0.0004;0.088;0;-0.0884;0;0;0;0;0;0;0;0;0;0;0;0;0;0;0;0;0;0;0;-7.1003;0;0;0;0;0.0004;0;0;0;0;0;0;0;-0.0004;-0.0884;0;0;0;0;0;0;0;0;0;-0.7063;0;0.7063;1;1;0;0;0;0
05/07/21 02:00;0;0;90;0;0;90;0;0;0;0;6.9999;2.2301;0;0;0;0;0;0;0;0;0;0;0;0;0;1;1;1;1;0;0;0;0;0;0;0;0;0;0;0;0;0;0;0;0;0;0;0;0;0;0;0;0;0;0;0;0;0;0;0;0;0;0;0;1;1;1;1;1;1;1;1;1;1;1;1;1;1;1;1;1;1;1;0;0;0;0;0;0;0;0;0;0.0004;0.088;0;-0.0884;0;0;0;0;0;0;0;0;0;0;0;0;0;0;0;0;0;0;0;-6.9999;0;0;0;0;0.0004;0;0;0;0;0;0;0;-0.0004;-0.0884;0;0;0;0;0;0;0;0;0;-0.7063;0;0.7063;1;1;0;0;0;0
05/07/21 03:00;0;0;90;0;0;90;0;0;0;0;7.0598;2.0799;0;0;0;0;0;0;0;0;0;0;0;0;0;1;1;1;1;0;0;0;0;0;0;0;0;0;0;0;0;0;0;0;0;0;0;0;0;0;0;0;0;0;0;0;0;0;0;0;0;0;0;0;1;1;1;1;1;1;1;1;1;1;1;1;1;1;1;1;1;1;1;0;0;0;0;0;0;0;0;0;0.0004;0.088;0;-0.0884;0;0;0;0;0;0;0;0;0;0;0;0;0;0;0;0;0;0;0;-7.0598;0;0;0;0;0.0004;0;0;0;0;0;0;0;-0.0004;-0.0884;0;0;0;0;0;0;0;0;0;-0.7063;0;0.7063;1;1;0;0;0;0
05/07/21 04:00;0;0;90;0;0;90;0;0;0;0;7.2;1.7401;0;0;0;0;0;0;0;0;0;0;0;0;0;1;1;1;1;0;0;0;0;0;0;0;0;0;0;0;0;0;0;0;0;0;0;0;0;0;0;0;0;0;0;0;0;0;0;0;0;0;0;0;1;1;1;1;1;1;1;1;1;1;1;1;1;1;1;1;1;1;1;0;0;0;0;0;0;0;0;0;0.0004;0.088;0;-0.0884;0;0;0;0;0;0;0;0;0;0;0;0;0;0;0;0;0;0;0;-7.2;0;0;0;0;0.0004;0;0;0;0;0;0;0;-0.0004;-0.0884;0;0;0;0;0;0;0;0;0;-0.7063;0;0.7063;1;1;0;0;0;0
05/07/21 05:00;0;0;90;0;0;90;0;0;0;0;7.2;1.4201;0;0;0;0;0;0;0;0;0;0;0;0;0;1;1;1;1;0;0;0;0;0;0;0;0;0;0;0;0;0;0;0;0;0;0;0;0;0;0;0;0;0;0;0;0;0;0;0;0;0;0;0;1;1;1;1;1;1;1;1;1;1;1;1;1;1;1;1;1;1;1;0;0;0;0;0;0;0;0;0;0.0004;0.088;0;-0.0884;0;0;0;0;0;0;0;0;0;0;0;0;0;0;0;0;0;0;0;-7.2;0;0;0;0;0.0004;0;0;0;0;0;0;0;-0.0004;-0.0884;0;0;0;0;0;0;0;0;0;-0.7063;0;0.7063;1;1;0;0;0;0
05/07/21 06:00;0;0;90;0;0;90;0;0;0;0;7.1003;0.98;0;0;0;0;0;0;0;0;0;0;0;0;0;1;1;1;1;0;0;0;0;0;0;0;0;0;0;0;0;0;0;0;0;0;0;0;0;0;0;0;0;0;0;0;0;0;0;0;0;0;0;0;1;1;1;1;1;1;1;1;1;1;1;1;1;1;1;1;1;1;1;0;0;0;0;0;0;0;0;0;0.0004;0.088;0;-0.0884;0;0;0;0;0;0;0;0;0;0;0;0;0;0;0;0;0;0;0;-7.1003;0;0;0;0;0.0004;0;0;0;0;0;0;0;-0.0004;-0.0884;0;0;0;0;0;0;0;0;0;-0.7063;0;0.7063;1;1;0;0;0;0
05/07/21 07:00;4.3507;-58.17;79.398;5.117;7.3754;-90;-7.3754;16.995;16.703;0.2918;7.1601;0.68;0;0.7078;16.586;0.1179;0;0.0091;17.421;0;17.421;0.7078;0.1179;16.586;0.0091;0.0406;0.9526;0;0.0005;17.34;0.0802;0;0;0.0726;0.0076;16.359;0.9465;0.212;0.0353;0.6988;0.0003;17.306;0.0347;0.0014;0.0002;0.033;0;16.36;0.4943;0.0823;15.781;0.0012;9.888;8.563;2.0181;0.0014;0.0788;1.1338;0.0012;1.2113;0;1;0;0;1.025;0.9954;1;1;0.9956;0.1654;0.9453;0.6998;1;0.9576;0.7758;0.998;0.998;1;0.998;0.998;0.9391;0.9515;0.1281;0.0523;0.0517;0.0003;0.008;-0.0032;0.0003;0.0012;0.0002;0;0;0.088;0;-0.0472;0;0;0;0;0;0;0;0;0;0;0;0;0.0009;0;0.0439;0.0439;0;7.8371;7.8371;0.677;0.0414;42.394;1034.9;1;0.0031;0.0031;0;0;0;0;0;0;0.0408;-0.0472;0;15.976;18.5;-17.205;-19.923;92.888;92.888;0.4181;0.3506;-0.3776;0.0675;0.7282;0.1613;1.7418;0;9.8863;0;0
05/07/21 08:00;13.415;-49.189;55.76;17.491;29.305;-90;-29.305;58.291;57.1;1.1909;7.66;0.5;0;2.8883;53.239;0.5377;0;0.4849;57.15;0;57.15;2.8883;0.5377;53.239;0.4849;0.0505;0.9401;0;0.0085;54.447;2.7034;0;0;2.2797;0.4236;52.588;1.7494;0.0657;0.0122;1.6603;0.0111;54.338;0.1089;0.0058;0.0011;0.1019;0.0001;52.739;2.8168;0.5244;49.197;0.0501;34.931;30.25;7.5201;0.7433;0.301;4.3302;0.1509;3.8879;0;1;0;0;0.9804;0.9527;1;1;0.9572;0.1263;0.9678;0.9772;1;0.9674;0.8192;0.998;0.998;1;0.998;0.998;0.9202;0.9241;0.1033;0.1716;0.168;0.001;0.0142;-0.0094;0.0011;0.004;0.0008;0;0;0.088;0;0.0585;0;0;0;0;0;0;0;0;0;0;0;0;0.0032;0.0002;0.1528;0.1528;0;9.8032;9.8032;2.1432;0.0408;141.81;1077.3;1;0.0063;0.0063;0;0;0;0;0;0;0.1465;0.0585;0;16.958;19.637;6.4898;7.5151;95.872;95.872;1.3716;1.221;0.4673;0.1506;0.7537;0.1098;0.5495;0.3407;34.924;0.3224;0
05/07/21 09:00;21.861;-37.684;47.264;33.277;56.723;-90;-56.723;148.31;138;10.305;8.3301;0.91;0;18.782;104.62;5.2655;0;4.3506;133.02;0;133.02;18.782;5.2655;104.62;4.3506;0.1412;0.8192;0;0.0327;116.81;16.214;0;0;12.138;4.0764;113.11;3.4624;0.2087;0.0585;3.1819;0.0133;116.57;0.2336;0.0376;0.0105;0.185;0.0005;114.9;18.535;5.1964;89.119;0.2603;91.058;78.856;21.931;14.322;1.4384;20.691;1.7879;7.8076;0;1;0;0;0.8969;0.8781;1;1;0.884;0.063;0.9703;0.9889;1;0.9655;0.9513;0.998;0.998;1;0.998;0.998;0.8503;0.8518;0.0598;0.3995;0.3897;0.0023;0.0179;-0.017;0.0027;0.0096;0.0041;0;0;0.088;0;0.2656;0;0;0;0;0;0;0;0;0;0;0;0;0.0077;0.0005;0.3618;0.3618;0;12.914;12.914;4.5836;0.0405;330.77;1093.9;1;0.0082;0.0082;0;0;0;0;0;0;0.3536;0.2656;0;17.255;19.981;12.666;14.667;97.727;97.727;3.1925;2.8916;2.1226;0.3009;0.769;0.0942;0.2409;0.6649;87.73;0.5955;0
05/07/21 10:00;28.176;-24.09;53.584;52.692;37.308;-90;-37.308;270.59;205.5;65.095;9.0002;1.5901;0;81.84;165.24;26.943;0;3.5988;277.62;0;277.62;81.84;26.943;165.24;3.5988;0.2948;0.6082;0;0.013;264;13.619;0;0;10.355;3.2649;256.5;6.9691;1.46;0.4806;4.989;0.0395;263.47;0.528;0.1637;0.0539;0.3098;0.0007;257.71;80.216;26.408;149.58;0.2937;156.97;135.94;34.761;5.3003;1.4172;20.386;1.204;16.503;0;1;0;0;1.026;0.9509;1;1;0.9373;0.0928;0.9735;0.9821;1;0.9677;0.8816;0.998;0.998;1;0.998;0.998;0.9239;0.9053;0.0816;0.8337;0.8192;0.0049;0.0157;-0.0163;0.0057;0.0202;0.0041;0;0;0.088;0;0.6655;0;0;0;0;0;0;0;0;0;0;0;0;0.0163;0.0018;0.7668;0.7668;0;19.378;19.378;10.378;0.0405;699.76;1095.8;1;0.0133;0.0133;0;0;0;0;0;0;0.7535;0.6655;0;17.521;20.289;15.206;17.609;98.265;98.265;6.6629;6.1281;5.3185;0.5347;0.8096;0.0803;0.1215;0.7982;115.08;0.7566;0
05/07/21 11:00;31.647;-8.6305;57.316;76.316;13.684;-90;-13.684;301.5;234;67.495;9.8298;2.3701;0;69.466;208.23;23.436;0;0.5563;301.69;0;301.69;69.466;23.436;208.23;0.5563;0.2303;0.6921;0;0.0018;298.68;3.0169;0;0;2.5532;0.4637;287.61;10.466;1.8958;0.6396;7.9097;0.0207;298.08;0.5974;0.1389;0.0469;0.4114;0.0002;287.73;67.432;22.749;197.36;0.0716;178.3;154.4;37.224;0.1939;1.378;19.822;0.1224;21.006;0;1;0;0;1.0006;0.99;1;1;0.9877;0.1663;0.9649;0.9727;1;0.9615;0.7755;0.998;0.998;1;0.998;0.998;0.9533;0.9478;0.1287;0.906;0.9084;0.0055;0.0146;-0.0113;0.0063;0.0223;0.0039;0;0;0.088;0;0.7446;0;0;0;0;0;0;0;0;0;0;0;0;0.018;0.0021;0.847;0.847;0;21.477;21.477;11.647;0.0405;776.4;1090.9;1;0.0144;0.0144;0;0;0;0;0;0;0.8326;0.7446;0;17.809;20.622;15.656;18.129;98.299;98.299;7.2406;6.7689;5.9505;0.4717;0.8184;0.0651;0.113;0.8218;126.15;0.7833;0
05/07/21 12:00;31.753;7.6379;57.434;77.88;12.12;90;12.12;225.41;210.2;15.208;10.76;2.89;0;15.555;203.31;4.6998;0;0.3266;223.9;0;223.9;15.555;4.6998;203.31;0.3266;0.0695;0.9095;0;0.0015;221.59;2.3103;0;0;2.0376;0.2727;212.63;8.5149;0.4305;0.1301;7.9423;0.0121;221.14;0.4432;0.0311;0.0094;0.4026;0.0001;212.69;15.093;4.5603;192.93;0.0417;134.06;116.1;27.643;0.1217;1.0571;15.206;0.0663;16.141;0;1;0;0;0.9933;0.9897;1;1;0.99;0.1651;0.9615;0.9723;1;0.9605;0.7746;0.998;0.998;1;0.998;0.998;0.9497;0.9489;0.1276;0.6724;0.6727;0.004;0.0172;-0.0135;0.0047;0.0165;0.003;0;0;0.088;0;0.527;0;0;0;0;0;0;0;0;0;0;0;0;0.0133;0.0013;0.6262;0.6262;0;19.375;19.375;8.6151;0.0405;574.62;1089.8;1;0.0112;0.0112;0;0;0;0;0;0;0.615;0.527;0;17.743;20.546;14.931;17.29;98.208;98.208;5.3735;5.0047;4.2117;0.3688;0.793;0.0686;0.1476;0.7838;122.57;0.7459;0
05/07/21 13:00;28.479;23.186;53.901;54.028;35.972;90;35.972;189.8;181.1;8.6989;9.3898;3.3499;0;10.749;161.57;3.088;0;2.3526;177.76;0;177.76;10.749;3.088;161.57;2.3526;0.0605;0.9222;0;0.0132;166.05;11.708;0;0;9.5815;2.127;160.54;5.1799;0.1984;0.057;4.8945;0.0299;165.72;0.3321;0.0215;0.0062;0.304;0.0005;161.36;10.529;3.0249;146.79;0.1953;116.84;101.19;25.86;4.5731;1.0967;15.776;0.8159;12.3;0;1;0;0;0.9366;0.9341;1;1;0.9407;0.0959;0.9687;0.9815;1;0.9677;0.8673;0.998;0.998;1;0.998;0.998;0.9031;0.9085;0.083;0.5338;0.5192;0.0031;0.018;-0.017;0.0036;0.0128;0.0031;0;0;0.088;0;0.3869;0;0;0;0;0;0;0;0;0;0;0;0;0.0103;0.0008;0.4844;0.4844;0;15.891;15.891;6.5009;0.0405;442.65;1094.4;1;0.0095;0.0095;0;0;0;0;0;0;0.4749;0.3869;0;17.288;20.019;13.807;15.989;98.033;98.033;4.2662;3.8716;3.0921;0.3947;0.7794;0.0925;0.1827;0.7248;111.32;0.6796;0
05/07/21 14:00;22.318;36.909;47.705;34.354;55.646;90;55.646;83.608;82.398;1.2106;10.44;3.53;0;2.1452;64.292;0.3521;0;2.3678;69.157;0;69.157;2.1452;0.3521;64.292;2.3678;0.031;0.9639;0;0.0342;59.664;9.4929;0;0;7.2691;2.2238;57.562;1.9827;0.0244;0.004;1.9477;0.0066;59.545;0.1193;0.0043;0.0007;0.114;0.0003;58.565;2.1166;0.3474;54.961;0.1371;53.644;46.456;12.961;8.2241;0.8309;11.952;1.0023;4.559;0;1;0;0;0.8272;0.8627;1;1;0.8869;0.0608;0.9667;0.9886;1;0.9658;0.9539;0.998;0.998;1;0.998;0.998;0.8323;0.8549;0.0579;0.2077;0.2016;0.0012;0.0152;-0.009;0.0014;0.0048;0.0023;0;0;0.088;0;0.0873;0;0;0;0;0;0;0;0;0;0;0;0;0.0039;0.0002;0.1817;0.1817;0;12.789;12.789;2.3493;0.0408;170.08;1068.1;1;0.0064;0.0064;0;0;0;0;0;0;0.1753;0.0873;0;16.664;19.296;8.0033;9.2676;96.469;96.469;1.6598;1.4519;0.6973;0.2079;0.7546;0.1253;0.4546;0.4201;53.26;0.372;0
05/07/21 15:00;13.983;48.537;54.124;18.381;31.507;90;31.507;260.71;56.701;204.01;10.21;2.5499;0;494.78;18.979;87.825;0;2.4982;604.08;0;604.08;494.78;87.825;18.979;2.4982;0.8191;0.0356;0;0.0041;600.95;3.1253;0;0;0.9135;2.2118;588.1;11.655;9.3602;1.6615;0.5849;0.0481;599.75;1.2019;0.9896;0.1756;0.0361;0.0006;588.16;484.43;85.988;17.444;0.2377;13.819;11.967;3.1302;0.3411;0.1121;1.612;0.0648;1.383;0;1;0;0;2.3171;0.9948;1;1;0.9519;0.1146;0.9806;0.981;1;0.9676;0.8317;0.998;0.998;1;0.998;0.998;0.9735;0.9191;0.0952;1.814;1.7749;0.0107;0.0028;0.0571;0.0119;0.0423;0.0003;0;0;0.088;0;1.4941;0;0;0;0;0;0;0;0;0;0;0;0;0.0341;0.0073;1.6084;1.6084;0;34.188;34.188;23.978;0.0408;1527.1;1053.2;1;0.0263;0.0263;0;0;0;0;0;0;1.5821;1.4941;0;16.89;19.559;15.69;18.169;98.364;98.364;14.498;12.854;11.941;1.6435;0.9135;0.1134;0.063;0.8236;12.642;0.822;0
05/07/21 16:00;4.8173;57.76;78.248;5.6901;8.2236;90;8.2236;19.496;19.297;0.1984;8.62;2.43;0;0.4812;19.164;0.0836;0;0.013;19.741;0;19.741;0.4812;0.0836;19.164;0.013;0.0244;0.9714;0;0.0007;19.63;0.1115;0;0;0.1006;0.0109;18.644;0.9469;0.1268;0.022;0.7975;0.0005;19.591;0.0393;0.001;0.0002;0.0381;0;18.646;0.3534;0.0614;18.227;0.0017;11.443;9.9095;2.337;0.0025;0.0912;1.3115;0.0019;1.4001;0;1;0;0;1.0126;0.9944;1;1;0.9947;0.1647;0.9517;0.7359;1;0.9581;0.7752;0.998;0.998;1;0.998;0.998;0.9444;0.9511;0.1274;0.0593;0.0589;0.0004;0.0086;-0.0033;0.0004;0.0013;0.0002;0;0;0.088;0;-0.041;0;0;0;0;0;0;0;0;0;0;0;0;0.0011;0;0.0503;0.0503;0;9.3908;9.3908;0.7708;0.0413;48.612;1034;1;0.0033;0.0033;0;0;0;0;0;0;0.047;-0.041;0;16.151;18.703;-13.183;-15.265;93.459;93.459;0.4738;0.4017;-0.3279;0.0721;0.7296;0.1522;1.5398;0;11.442;0;0
05/07/21 17:00;0;0;90;0;0;90;0;0;0;0;6.6802;2.3701;0;0;0;0;0;0;0;0;0;0;0;0;0;1;1;1;1;0;0;0;0;0;0;0;0;0;0;0;0;0;0;0;0;0;0;0;0;0;0;0;0;0;0;0;0;0;0;0;0;0;0;0;1;1;1;1;1;1;1;1;1;1;1;1;1;1;1;1;1;1;1;0;0;0;0;0;0;0;0;0;0.0004;0.088;0;-0.0884;0;0;0;0;0;0;0;0;0;0;0;0;0;0;0;0;0;0;0;-6.6802;0;0;0;0;0.0004;0;0;0;0;0;0;0;-0.0004;-0.0884;0;0;0;0;0;0;0;0;0;-0.7063;0;0.7063;1;1;0;0;0;0
05/07/21 18:00;0;0;90;0;0;90;0;0;0;0;6.7799;2.2399;0;0;0;0;0;0;0;0;0;0;0;0;0;1;1;1;1;0;0;0;0;0;0;0;0;0;0;0;0;0;0;0;0;0;0;0;0;0;0;0;0;0;0;0;0;0;0;0;0;0;0;0;1;1;1;1;1;1;1;1;1;1;1;1;1;1;1;1;1;1;1;0;0;0;0;0;0;0;0;0;0.0004;0.088;0;-0.0884;0;0;0;0;0;0;0;0;0;0;0;0;0;0;0;0;0;0;0;-6.7799;0;0;0;0;0.0004;0;0;0;0;0;0;0;-0.0004;-0.0884;0;0;0;0;0;0;0;0;0;-0.7063;0;0.7063;1;1;0;0;0;0
05/07/21 19:00;0;0;90;0;0;90;0;0;0;0;4.9199;2.1501;0;0;0;0;0;0;0;0;0;0;0;0;0;1;1;1;1;0;0;0;0;0;0;0;0;0;0;0;0;0;0;0;0;0;0;0;0;0;0;0;0;0;0;0;0;0;0;0;0;0;0;0;1;1;1;1;1;1;1;1;1;1;1;1;1;1;1;1;1;1;1;0;0;0;0;0;0;0;0;0;0.0004;0.088;0;-0.0884;0;0;0;0;0;0;0;0;0;0;0;0;0;0;0;0;0;0;0;-4.9199;0;0;0;0;0.0004;0;0;0;0;0;0;0;-0.0004;-0.0884;0;0;0;0;0;0;0;0;0;-0.7063;0;0.7063;1;1;0;0;0;0
05/07/21 20:00;0;0;90;0;0;90;0;0;0;0;3.02;2.0099;0;0;0;0;0;0;0;0;0;0;0;0;0;1;1;1;1;0;0;0;0;0;0;0;0;0;0;0;0;0;0;0;0;0;0;0;0;0;0;0;0;0;0;0;0;0;0;0;0;0;0;0;1;1;1;1;1;1;1;1;1;1;1;1;1;1;1;1;1;1;1;0;0;0;0;0;0;0;0;0;0.0004;0.088;0;-0.0884;0;0;0;0;0;0;0;0;0;0;0;0;0;0;0;0;0;0;0;-3.02;0;0;0;0;0.0004;0;0;0;0;0;0;0;-0.0004;-0.0884;0;0;0;0;0;0;0;0;0;-0.7063;0;0.7063;1;1;0;0;0;0
05/07/21 21:00;0;0;90;0;0;90;0;0;0;0;2.2402;1.8399;0;0;0;0;0;0;0;0;0;0;0;0;0;1;1;1;1;0;0;0;0;0;0;0;0;0;0;0;0;0;0;0;0;0;0;0;0;0;0;0;0;0;0;0;0;0;0;0;0;0;0;0;1;1;1;1;1;1;1;1;1;1;1;1;1;1;1;1;1;1;1;0;0;0;0;0;0;0;0;0;0.0004;0.088;0;-0.0884;0;0;0;0;0;0;0;0;0;0;0;0;0;0;0;0;0;0;0;-2.2402;0;0;0;0;0.0004;0;0;0;0;0;0;0;-0.0004;-0.0884;0;0;0;0;0;0;0;0;0;-0.7063;0;0.7063;1;1;0;0;0;0
05/07/21 22:00;0;0;90;0;0;90;0;0;0;0;4.9598;1.6701;0;0;0;0;0;0;0;0;0;0;0;0;0;1;1;1;1;0;0;0;0;0;0;0;0;0;0;0;0;0;0;0;0;0;0;0;0;0;0;0;0;0;0;0;0;0;0;0;0;0;0;0;1;1;1;1;1;1;1;1;1;1;1;1;1;1;1;1;1;1;1;0;0;0;0;0;0;0;0;0;0.0004;0.088;0;-0.0884;0;0;0;0;0;0;0;0;0;0;0;0;0;0;0;0;0;0;0;-4.9598;0;0;0;0;0.0004;0;0;0;0;0;0;0;-0.0004;-0.0884;0;0;0;0;0;0;0;0;0;-0.7063;0;0.7063;1;1;0;0;0;0
05/07/21 23:00;0;0;90;0;0;90;0;0;0;0;5.3998;1.54;0;0;0;0;0;0;0;0;0;0;0;0;0;1;1;1;1;0;0;0;0;0;0;0;0;0;0;0;0;0;0;0;0;0;0;0;0;0;0;0;0;0;0;0;0;0;0;0;0;0;0;0;1;1;1;1;1;1;1;1;1;1;1;1;1;1;1;1;1;1;1;0;0;0;0;0;0;0;0;0;0.0004;0.088;0;-0.0884;0;0;0;0;0;0;0;0;0;0;0;0;0;0;0;0;0;0;0;-5.3998;0;0;0;0;0.0004;0;0;0;0;0;0;0;-0.0004;-0.0884;0;0;0;0;0;0;0;0;0;-0.7063;0;0.7063;1;1;0;0;0;0
06/07/21 00:00;0;0;90;0;0;90;0;0;0;0;5.5002;1.7699;0;0;0;0;0;0;0;0;0;0;0;0;0;1;1;1;1;0;0;0;0;0;0;0;0;0;0;0;0;0;0;0;0;0;0;0;0;0;0;0;0;0;0;0;0;0;0;0;0;0;0;0;1;1;1;1;1;1;1;1;1;1;1;1;1;1;1;1;1;1;1;0;0;0;0;0;0;0;0;0;0.0004;0.088;0;-0.0884;0;0;0;0;0;0;0;0;0;0;0;0;0;0;0;0;0;0;0;-5.5002;0;0;0;0;0.0004;0;0;0;0;0;0;0;-0.0004;-0.0884;0;0;0;0;0;0;0;0;0;-0.7063;0;0.7063;1;1;0;0;0;0
06/07/21 01:00;0;0;90;0;0;90;0;0;0;0;5.6199;1.9001;0;0;0;0;0;0;0;0;0;0;0;0;0;1;1;1;1;0;0;0;0;0;0;0;0;0;0;0;0;0;0;0;0;0;0;0;0;0;0;0;0;0;0;0;0;0;0;0;0;0;0;0;1;1;1;1;1;1;1;1;1;1;1;1;1;1;1;1;1;1;1;0;0;0;0;0;0;0;0;0;0.0004;0.088;0;-0.0884;0;0;0;0;0;0;0;0;0;0;0;0;0;0;0;0;0;0;0;-5.6199;0;0;0;0;0.0004;0;0;0;0;0;0;0;-0.0004;-0.0884;0;0;0;0;0;0;0;0;0;-0.7063;0;0.7063;1;1;0;0;0;0
06/07/21 02:00;0;0;90;0;0;90;0;0;0;0;5.5999;1.8201;0;0;0;0;0;0;0;0;0;0;0;0;0;1;1;1;1;0;0;0;0;0;0;0;0;0;0;0;0;0;0;0;0;0;0;0;0;0;0;0;0;0;0;0;0;0;0;0;0;0;0;0;1;1;1;1;1;1;1;1;1;1;1;1;1;1;1;1;1;1;1;0;0;0;0;0;0;0;0;0;0.0004;0.088;0;-0.0884;0;0;0;0;0;0;0;0;0;0;0;0;0;0;0;0;0;0;0;-5.5999;0;0;0;0;0.0004;0;0;0;0;0;0;0;-0.0004;-0.0884;0;0;0;0;0;0;0;0;0;-0.7063;0;0.7063;1;1;0;0;0;0
06/07/21 03:00;0;0;90;0;0;90;0;0;0;0;5.2602;1.63;0;0;0;0;0;0;0;0;0;0;0;0;0;1;1;1;1;0;0;0;0;0;0;0;0;0;0;0;0;0;0;0;0;0;0;0;0;0;0;0;0;0;0;0;0;0;0;0;0;0;0;0;1;1;1;1;1;1;1;1;1;1;1;1;1;1;1;1;1;1;1;0;0;0;0;0;0;0;0;0;0.0004;0.088;0;-0.0884;0;0;0;0;0;0;0;0;0;0;0;0;0;0;0;0;0;0;0;-5.2602;0;0;0;0;0.0004;0;0;0;0;0;0;0;-0.0004;-0.0884;0;0;0;0;0;0;0;0;0;-0.7063;0;0.7063;1;1;0;0;0;0
06/07/21 04:00;0;0;90;0;0;90;0;0;0;0;5.1;1.4499;0;0;0;0;0;0;0;0;0;0;0;0;0;1;1;1;1;0;0;0;0;0;0;0;0;0;0;0;0;0;0;0;0;0;0;0;0;0;0;0;0;0;0;0;0;0;0;0;0;0;0;0;1;1;1;1;1;1;1;1;1;1;1;1;1;1;1;1;1;1;1;0;0;0;0;0;0;0;0;0;0.0004;0.088;0;-0.0884;0;0;0;0;0;0;0;0;0;0;0;0;0;0;0;0;0;0;0;-5.1;0;0;0;0;0.0004;0;0;0;0;0;0;0;-0.0004;-0.0884;0;0;0;0;0;0;0;0;0;-0.7063;0;0.7063;1;1;0;0;0;0
06/07/21 05:00;0;0;90;0;0;90;0;0;0;0;5.33;1.2899;0;0;0;0;0;0;0;0;0;0;0;0;0;1;1;1;1;0;0;0;0;0;0;0;0;0;0;0;0;0;0;0;0;0;0;0;0;0;0;0;0;0;0;0;0;0;0;0;0;0;0;0;1;1;1;1;1;1;1;1;1;1;1;1;1;1;1;1;1;1;1;0;0;0;0;0;0;0;0;0;0.0004;0.088;0;-0.0884;0;0;0;0;0;0;0;0;0;0;0;0;0;0;0;0;0;0;0;-5.33;0;0;0;0;0.0004;0;0;0;0;0;0;0;-0.0004;-0.0884;0;0;0;0;0;0;0;0;0;-0.7063;0;0.7063;1;1;0;0;0;0
06/07/21 06:00;0;0;90;0;0;90;0;0;0;0;5.3001;0.8899;0;0;0;0;0;0;0;0;0;0;0;0;0;1;1;1;1;0;0;0;0;0;0;0;0;0;0;0;0;0;0;0;0;0;0;0;0;0;0;0;0;0;0;0;0;0;0;0;0;0;0;0;1;1;1;1;1;1;1;1;1;1;1;1;1;1;1;1;1;1;1;0;0;0;0;0;0;0;0;0;0.0004;0.088;0;-0.0884;0;0;0;0;0;0;0;0;0;0;0;0;0;0;0;0;0;0;0;-5.3001;0;0;0;0;0.0004;0;0;0;0;0;0;0;-0.0004;-0.0884;0;0;0;0;0;0;0;0;0;-0.7063;0;0.7063;1;1;0;0;0;0
06/07/21 07:00;4.3878;-58.272;79.307;5.155;7.4314;-90;-7.4314;7.0911;6.9977;0.0934;5.11;0.5599;0;0.2264;6.9619;0.0157;0;0.0039;7.2078;0;7.2078;0.2264;0.0157;6.9619;0.0039;0.0314;0.9664;0;0.0005;7.1738;0.0341;0;0;0.0309;0.0032;6.7944;0.365;0.0671;0.0046;0.2931;0.0001;7.1594;0.0143;0.0005;0;0.0139;0;6.7949;0.1588;0.011;6.6241;0.0005;4.1507;3.5945;0.8471;0.0006;0.0331;0.4759;0.0005;0.5084;0;1;0;0;1.0165;0.9953;1;1;0.9956;0.1654;0.949;0.7029;1;0.9576;0.7758;0.998;0.998;1;0.998;0.998;0.9426;0.9515;0.1281;0.0216;0.0215;0.0001;0.005;-0.0014;0.0001;0.0004;0.0001;0;0;0.088;0;-0.0737;0;0;0;0;0;0;0;0;0;0;0;0;0.0004;0;0.0167;0.0167;0;5.3963;5.3963;0.2863;0.0421;16.637;1003.5;1;0.0024;0.0024;0;0;0;0;0;0;0.0143;-0.0737;0;14.693;17.015;-64.832;-75.074;85.868;85.868;0.173;0.1334;-0.5887;0.0396;0.7222;0.2287;4.1746;0;4.1502;0;0
06/07/21 08:00;13.463;-49.288;55.621;17.528;29.394;-90;-29.394;69.602;67.397;2.2044;5.6498;0.8701;0;5.3463;62.607;1.1707;0;0.5824;69.707;0;69.707;5.3463;1.1707;62.607;0.5824;0.0767;0.9065;0;0.0084;66.504;3.2029;0;0;2.6939;0.5091;64.26;2.1107;0.1197;0.0262;1.9515;0.0132;66.371;0.133;0.0107;0.0023;0.1198;0.0001;64.439;5.2159;1.1421;57.842;0.06;41.107;35.599;8.8535;0.8833;0.3546;5.1005;0.1788;4.5717;0;1;0;0;1.0015;0.9541;1;1;0.957;0.126;0.9682;0.9776;1;0.9674;0.8197;0.998;0.998;1;0.998;0.998;0.9219;0.9239;0.103;0.2093;0.2048;0.0012;0.0153;-0.0125;0.0014;0.005;0.001;0;0;0.088;0;0.0945;0;0;0;0;0;0;0;0;0;0;0;0;0.004;0.0002;0.1893;0.1893;0;8.259;8.259;2.6092;0.0406;173.28;1092.2;1;0.0067;0.0067;0;0;0;0;0;0;0.1825;0.0945;0;17.224;19.945;8.604;9.9633;96.451;96.451;1.673;1.5126;0.7556;0.1604;0.757;0.0959;0.4525;0.4517;41.094;0.4282;0
06/07/21 09:00;21.925;-37.778;47.158;33.306;56.694;-90;-56.694;381.61;63.001;318.61;7.6301;1.3501;0;580.22;17.301;74.054;0;11.184;682.76;0;682.76;580.22;74.054;17.301;11.184;0.8498;0.0417;0;0.0164;670.28;12.485;0;0;2.0057;10.479;661.15;7.7893;6.4107;0.8182;0.5261;0.0342;668.94;1.3406;1.1604;0.1481;0.0306;0.0014;663.26;572.65;73.087;14.739;0.6692;105.32;91.211;22.165;2.3667;0.949;13.651;2.1169;12.233;0;1;0;0;1.7892;0.9817;1;1;0.8841;0.063;0.9884;0.9889;1;0.9655;0.9514;0.998;0.998;1;0.998;0.998;0.9683;0.8519;0.0598;2.0503;2.0265;0.0122;0.0002;0.0677;0.0136;0.0483;0.0026;0;0;0.088;0;1.7149;0;0;0;0;0;0;0;0;0;0;0;0;0.0389;0.0093;1.8335;1.8335;0;34.586;34.586;26.956;0.0408;1742.1;1052.5;1;0.0306;0.0306;0;0;0;0;0;0;1.8029;1.7149;0;17.036;19.727;15.933;18.451;98.329;98.329;16.386;14.654;13.706;1.7325;0.9482;0.1057;0.0579;0.8364;14.503;0.8241;0
06/07/21 10:00;28.256;-24.172;53.476;52.696;37.304;-90;-37.304;451;84.2;366.79;8.4498;1.6601;0;461.12;31.288;62.038;0;5.9968;560.45;0;560.45;461.12;62.038;31.288;5.9968;0.8228;0.0665;0;0.0107;553.05;7.4007;0;0;1.9603;5.4404;541.7;10.237;8.132;1.094;0.9447;0.0658;551.94;1.1061;0.9222;0.1241;0.0587;0.0011;543.46;452.07;60.82;28.325;0.4895;223.28;193.36;48.816;1.0046;1.6321;23.477;1.7532;24.104;0;1;0;0;1.2427;0.9868;1;1;0.9373;0.0928;0.9815;0.9823;1;0.9677;0.8815;0.998;0.998;1;0.998;0.998;0.9666;0.9053;0.0816;1.683;1.6863;0.0102;0.0039;0.0323;0.0115;0.0407;0.0046;0;0;0.088;0;1.4306;0;0;0;0;0;0;0;0;0;0;0;0;0.0328;0.0066;1.5439;1.5439;0;30.475;30.475;22.025;0.0407;1448.1;1066.1;1;0.0253;0.0253;0;0;0;0;0;0;1.5186;1.4306;0;17.475;20.236;16.193;18.751;98.362;98.362;13.451;12.339;11.433;1.1121;0.9054;0.0827;0.0673;0.85;21.79;0.8242;0
06/07/21 11:00;31.741;-8.6911;57.211;76.273;13.727;-90;-13.727;414.19;180.2;233.99;9.2202;1.9999;0;240.87;117.87;62.409;0;0.769;421.92;0;421.92;240.87;62.409;117.87;0.769;0.5709;0.2812;0;0.0018;419.82;2.0939;0;0;1.4528;0.6411;406.3;12.677;6.4929;1.6823;4.4736;0.0287;418.98;0.8396;0.4817;0.1248;0.2328;0.0003;406.48;233.9;60.602;111.71;0.099;241.6;209.22;51.508;0.1111;1.7879;25.719;0.1728;27.396;0;1;0;0;1.0186;0.995;1;1;0.9877;0.1663;0.9697;0.973;1;0.9615;0.7755;0.998;0.998;1;0.998;0.998;0.963;0.9477;0.1287;1.267;1.2785;0.0077;0.0095;0.0031;0.0088;0.0312;0.0051;0;0;0.088;0;1.0765;0;0;0;0;0;0;0;0;0;0;0;0;0.0252;0.0039;1.184;1.184;0;25.697;25.697;16.477;0.0406;1094.8;1081.5;1;0.0194;0.0194;0;0;0;0;0;0;1.1645;1.0765;0;17.802;20.614;16.186;18.743;98.358;98.358;10.126;9.4624;8.6037;0.6635;0.8587;0.0655;0.0848;0.8497;71.414;0.8126;0
06/07/21 12:00;31.858;7.6068;57.34;77.975;12.025;90;12.025;166.3;162.5;3.7976;8.84;2.33;0;3.8828;159.84;0.9042;0;0.2372;164.87;0;164.87;3.8828;0.9042;159.84;0.2372;0.0236;0.971;0;0.0014;163.09;1.7789;0;0;1.5809;0.198;156.37;6.3943;0.1063;0.0247;6.2545;0.0088;162.76;0.3262;0.0078;0.0018;0.3165;0.0001;156.42;3.7688;0.8777;151.69;0.0303;99.054;85.781;20.352;0.0929;0.7859;11.305;0.0477;11.998;0;1;0;0;0.9914;0.9892;1;1;0.9901;0.1651;0.9607;0.9726;1;0.9604;0.7746;0.998;0.998;1;0.998;0.998;0.9484;0.949;0.1276;0.4951;0.4949;0.003;0.0181;-0.0175;0.0034;0.0122;0.0022;0;0;0.088;0;0.3656;0;0;0;0;0;0;0;0;0;0;0;0;0.0098;0.0008;0.4629;0.4629;0;15.17;15.17;6.3295;0.0405;422.13;1096.6;1;0.0093;0.0093;0;0;0;0;0;0;0.4536;0.3656;0;17.811;20.625;14.067;16.289;97.986;97.986;3.9568;3.6995;2.9217;0.2573;0.7778;0.065;0.1966;0.7384;96.337;0.7023;0
06/07/21 13:00;28.586;23.185;53.821;54.151;35.849;90;35.849;197.4;186.9;10.497;8.9098;2.5;0;12.951;166.39;3.8264;0;2.4306;185.6;0;185.6;12.951;3.8264;166.39;2.4306;0.0698;0.9096;0;0.0131;173.59;12.011;0;0;9.8145;2.1963;167.86;5.3806;0.237;0.07;5.0423;0.0313;173.24;0.3472;0.0259;0.0077;0.3131;0.0005;168.7;12.688;3.7488;151.22;0.2025;121.24;105;26.82;4.6544;1.133;16.298;0.8401;12.777;0;1;0;0;0.9402;0.9353;1;1;0.941;0.0964;0.9689;0.9817;1;0.9677;0.8662;0.998;0.998;1;0.998;0.998;0.9044;0.9088;0.0833;0.5573;0.5425;0.0033;0.0179;-0.0181;0.0038;0.0134;0.0032;0;0;0.088;0;0.4095;0;0;0;0;0;0;0;0;0;0;0;0;0.0108;0.0009;0.5072;0.5072;0;15.703;15.703;6.7935;0.0405;462.52;1096.7;1;0.0098;0.0098;0;0;0;0;0;0;0.4975;0.4095;0;17.338;20.076;13.995;16.206;98.07;98.07;4.4543;4.0539;3.2724;0.4004;0.7815;0.0899;0.1755;0.7347;114.53;0.6893;0
06/07/21 14:00;22.424;36.932;47.639;34.48;55.52;90;55.52;115.8;113.6;2.199;8.8998;2.5301;0;3.8843;88.57;0.875;0;3.2658;96.595;0;96.595;3.8843;0.875;88.57;3.2658;0.0402;0.9507;0;0.0338;83.546;13.048;0;0;9.9812;3.0672;80.634;2.745;0.044;0.0099;2.682;0.0091;83.379;0.1671;0.0078;0.0018;0.1572;0.0004;82.006;3.8325;0.8634;75.749;0.1892;74.011;64.094;17.889;11.239;1.1389;16.383;1.3722;6.2823;0;1;0;0;0.8341;0.8649;1;1;0.8873;0.0608;0.9671;0.9886;1;0.9658;0.9543;0.998;0.998;1;0.998;0.998;0.8348;0.8553;0.0579;0.2901;0.2815;0.0017;0.0168;-0.0131;0.0019;0.0069;0.0032;0;0;0.088;0;0.1632;0;0;0;0;0;0;0;0;0;0;0;0;0.0055;0.0003;0.2583;0.2583;0;12.177;12.177;3.2769;0.0406;238.28;1084.1;1;0.0071;0.0071;0;0;0;0;0;0;0.2512;0.1632;0;16.964;19.644;10.718;12.411;97.244;97.244;2.3183;2.0645;1.3043;0.2538;0.7602;0.1095;0.3279;0.5626;73.27;0.4992;0
06/07/21 15:00;14.084;48.576;53.831;18.499;31.812;90;31.812;38.405;38.003;0.4023;8.3999;1.79;0;0.9756;35.104;0.1152;0;0.375;36.57;0;36.57;0.9756;0.1152;35.104;0.375;0.0267;0.9702;0;0.0103;34.522;2.0481;0;0;1.7156;0.3325;33.346;1.1072;0.0179;0.0021;1.0802;0.007;34.453;0.069;0.002;0.0002;0.0668;0.0001;33.469;0.9558;0.1129;32.242;0.0354;23.438;20.297;5.0972;0.6511;0.2086;2.9999;0.1228;2.5574;0;1;0;0;0.9522;0.944;1;1;0.9511;0.1133;0.9679;0.9816;1;0.9676;0.8338;0.998;0.998;1;0.998;0.998;0.9118;0.9185;0.0943;0.1098;0.1071;0.0006;0.0116;-0.006;0.0007;0.0025;0.0006;0;0;0.088;0;0.0023;0;0;0;0;0;0;0;0;0;0;0;0;0.002;0.0001;0.095;0.095;0;9.7668;9.7668;1.3669;0.041;89.761;1058.2;1;0.0046;0.0046;0;0;0;0;0;0;0.0903;0.0023;0;16.476;19.079;0.4054;0.4695;95.109;95.109;0.8777;0.7591;0.0187;0.1186;0.7404;0.1351;0.8436;0.0213;23.435;0.0201;0
06/07/21 16:00;4.7395;57.963;78.44;5.586;8.0691;90;8.0691;10.392;10.297;0.0954;8.0702;1.55;0;0.2313;10.237;0.0218;0;0.0067;10.497;0;10.497;0.2313;0.0218;10.237;0.0067;0.022;0.9759;0;0.0006;10.439;0.0577;0;0;0.0521;0.0056;9.923;0.4954;0.0623;0.0059;0.427;0.0002;10.418;0.0209;0.0005;0;0.0204;0;9.9239;0.1686;0.0159;9.7376;0.0009;6.1107;5.2919;1.2478;0.0013;0.0487;0.7004;0.001;0.7479;0;1;0;0;1.0101;0.9945;1;1;0.9949;0.1647;0.9524;0.7302;1;0.958;0.7752;0.998;0.998;1;0.998;0.998;0.9453;0.9512;0.1274;0.0315;0.0314;0.0002;0.0061;-0.0018;0.0002;0.0007;0.0001;0;0;0.088;0;-0.0653;0;0;0;0;0;0;0;0;0;0;0;0;0.0005;0;0.0253;0.0253;0;8.4852;8.4852;0.4151;0.0418;25.092;1008.5;1;0.0026;0.0026;0;0;0;0;0;0;0.0227;-0.0653;0;15.292;17.708;-39.448;-45.679;89.81;89.81;0.2519;0.2022;-0.5217;0.0497;0.7239;0.1973;2.8735;0;6.1102;0;0
06/07/21 17:00;0;0;90;0;0;90;0;0;0;0;7.7298;1.4399;0;0;0;0;0;0;0;0;0;0;0;0;0;1;1;1;1;0;0;0;0;0;0;0;0;0;0;0;0;0;0;0;0;0;0;0;0;0;0;0;0;0;0;0;0;0;0;0;0;0;0;0;1;1;1;1;1;1;1;1;1;1;1;1;1;1;1;1;1;1;1;0;0;0;0;0;0;0;0;0;0.0004;0.088;0;-0.0884;0;0;0;0;0;0;0;0;0;0;0;0;0;0;0;0;0;0;0;-7.7298;0;0;0;0;0.0004;0;0;0;0;0;0;0;-0.0004;-0.0884;0;0;0;0;0;0;0;0;0;-0.7063;0;0.7063;1;1;0;0;0;0
06/07/21 18:00;0;0;90;0;0;90;0;0;0;0;7.6401;1.3599;0;0;0;0;0;0;0;0;0;0;0;0;0;1;1;1;1;0;0;0;0;0;0;0;0;0;0;0;0;0;0;0;0;0;0;0;0;0;0;0;0;0;0;0;0;0;0;0;0;0;0;0;1;1;1;1;1;1;1;1;1;1;1;1;1;1;1;1;1;1;1;0;0;0;0;0;0;0;0;0;0.0004;0.088;0;-0.0884;0;0;0;0;0;0;0;0;0;0;0;0;0;0;0;0;0;0;0;-7.6401;0;0;0;0;0.0004;0;0;0;0;0;0;0;-0.0004;-0.0884;0;0;0;0;0;0;0;0;0;-0.7063;0;0.7063;1;1;0;0;0;0
06/07/21 19:00;0;0;90;0;0;90;0;0;0;0;7.44;1.2899;0;0;0;0;0;0;0;0;0;0;0;0;0;1;1;1;1;0;0;0;0;0;0;0;0;0;0;0;0;0;0;0;0;0;0;0;0;0;0;0;0;0;0;0;0;0;0;0;0;0;0;0;1;1;1;1;1;1;1;1;1;1;1;1;1;1;1;1;1;1;1;0;0;0;0;0;0;0;0;0;0.0004;0.088;0;-0.0884;0;0;0;0;0;0;0;0;0;0;0;0;0;0;0;0;0;0;0;-7.44;0;0;0;0;0.0004;0;0;0;0;0;0;0;-0.0004;-0.0884;0;0;0;0;0;0;0;0;0;-0.7063;0;0.7063;1;1;0;0;0;0
06/07/21 20:00;0;0;90;0;0;90;0;0;0;0;7.1003;1.17;0;0;0;0;0;0;0;0;0;0;0;0;0;1;1;1;1;0;0;0;0;0;0;0;0;0;0;0;0;0;0;0;0;0;0;0;0;0;0;0;0;0;0;0;0;0;0;0;0;0;0;0;1;1;1;1;1;1;1;1;1;1;1;1;1;1;1;1;1;1;1;0;0;0;0;0;0;0;0;0;0.0004;0.088;0;-0.0884;0;0;0;0;0;0;0;0;0;0;0;0;0;0;0;0;0;0;0;-7.1003;0;0;0;0;0.0004;0;0;0;0;0;0;0;-0.0004;-0.0884;0;0;0;0;0;0;0;0;0;-0.7063;0;0.7063;1;1;0;0;0;0
06/07/21 21:00;0;0;90;0;0;90;0;0;0;0;6.9999;1.0399;0;0;0;0;0;0;0;0;0;0;0;0;0;1;1;1;1;0;0;0;0;0;0;0;0;0;0;0;0;0;0;0;0;0;0;0;0;0;0;0;0;0;0;0;0;0;0;0;0;0;0;0;1;1;1;1;1;1;1;1;1;1;1;1;1;1;1;1;1;1;1;0;0;0;0;0;0;0;0;0;0.0004;0.088;0;-0.0884;0;0;0;0;0;0;0;0;0;0;0;0;0;0;0;0;0;0;0;-6.9999;0;0;0;0;0.0004;0;0;0;0;0;0;0;-0.0004;-0.0884;0;0;0;0;0;0;0;0;0;-0.7063;0;0.7063;1;1;0;0;0;0
06/07/21 22:00;0;0;90;0;0;90;0;0;0;0;6.4601;0.9699;0;0;0;0;0;0;0;0;0;0;0;0;0;1;1;1;1;0;0;0;0;0;0;0;0;0;0;0;0;0;0;0;0;0;0;0;0;0;0;0;0;0;0;0;0;0;0;0;0;0;0;0;1;1;1;1;1;1;1;1;1;1;1;1;1;1;1;1;1;1;1;0;0;0;0;0;0;0;0;0;0.0004;0.088;0;-0.0884;0;0;0;0;0;0;0;0;0;0;0;0;0;0;0;0;0;0;0;-6.4601;0;0;0;0;0.0004;0;0;0;0;0;0;0;-0.0004;-0.0884;0;0;0;0;0;0;0;0;0;-0.7063;0;0.7063;1;1;0;0;0;0
06/07/21 23:00;0;0;90;0;0;90;0;0;0;0;6.7001;1;0;0;0;0;0;0;0;0;0;0;0;0;0;1;1;1;1;0;0;0;0;0;0;0;0;0;0;0;0;0;0;0;0;0;0;0;0;0;0;0;0;0;0;0;0;0;0;0;0;0;0;0;1;1;1;1;1;1;1;1;1;1;1;1;1;1;1;1;1;1;1;0;0;0;0;0;0;0;0;0;0.0004;0.088;0;-0.0884;0;0;0;0;0;0;0;0;0;0;0;0;0;0;0;0;0;0;0;-6.7001;0;0;0;0;0.0004;0;0;0;0;0;0;0;-0.0004;-0.0884;0;0;0;0;0;0;0;0;0;-0.7063;0;0.7063;1;1;0;0;0;0
07/07/21 00:00;0;0;90;0;0;90;0;0;0;0;6.2999;0.8701;0;0;0;0;0;0;0;0;0;0;0;0;0;1;1;1;1;0;0;0;0;0;0;0;0;0;0;0;0;0;0;0;0;0;0;0;0;0;0;0;0;0;0;0;0;0;0;0;0;0;0;0;1;1;1;1;1;1;1;1;1;1;1;1;1;1;1;1;1;1;1;0;0;0;0;0;0;0;0;0;0.0004;0.088;0;-0.0884;0;0;0;0;0;0;0;0;0;0;0;0;0;0;0;0;0;0;0;-6.2999;0;0;0;0;0.0004;0;0;0;0;0;0;0;-0.0004;-0.0884;0;0;0;0;0;0;0;0;0;-0.7063;0;0.7063;1;1;0;0;0;0
07/07/21 01:00;0;0;90;0;0;90;0;0;0;0;5.2502;1.07;0;0;0;0;0;0;0;0;0;0;0;0;0;1;1;1;1;0;0;0;0;0;0;0;0;0;0;0;0;0;0;0;0;0;0;0;0;0;0;0;0;0;0;0;0;0;0;0;0;0;0;0;1;1;1;1;1;1;1;1;1;1;1;1;1;1;1;1;1;1;1;0;0;0;0;0;0;0;0;0;0.0004;0.088;0;-0.0884;0;0;0;0;0;0;0;0;0;0;0;0;0;0;0;0;0;0;0;-5.2502;0;0;0;0;0.0004;0;0;0;0;0;0;0;-0.0004;-0.0884;0;0;0;0;0;0;0;0;0;-0.7063;0;0.7063;1;1;0;0;0;0
07/07/21 02:00;0;0;90;0;0;90;0;0;0;0;4.0397;1;0;0;0;0;0;0;0;0;0;0;0;0;0;1;1;1;1;0;0;0;0;0;0;0;0;0;0;0;0;0;0;0;0;0;0;0;0;0;0;0;0;0;0;0;0;0;0;0;0;0;0;0;1;1;1;1;1;1;1;1;1;1;1;1;1;1;1;1;1;1;1;0;0;0;0;0;0;0;0;0;0.0004;0.088;0;-0.0884;0;0;0;0;0;0;0;0;0;0;0;0;0;0;0;0;0;0;0;-4.0397;0;0;0;0;0.0004;0;0;0;0;0;0;0;-0.0004;-0.0884;0;0;0;0;0;0;0;0;0;-0.7063;0;0.7063;1;1;0;0;0;0
07/07/21 03:00;0;0;90;0;0;90;0;0;0;0;2.6098;0.9699;0;0;0;0;0;0;0;0;0;0;0;0;0;1;1;1;1;0;0;0;0;0;0;0;0;0;0;0;0;0;0;0;0;0;0;0;0;0;0;0;0;0;0;0;0;0;0;0;0;0;0;0;1;1;1;1;1;1;1;1;1;1;1;1;1;1;1;1;1;1;1;0;0;0;0;0;0;0;0;0;0.0004;0.088;0;-0.0884;0;0;0;0;0;0;0;0;0;0;0;0;0;0;0;0;0;0;0;-2.6098;0;0;0;0;0.0004;0;0;0;0;0;0;0;-0.0004;-0.0884;0;0;0;0;0;0;0;0;0;-0.7063;0;0.7063;1;1;0;0;0;0
07/07/21 04:00;0;0;90;0;0;90;0;0;0;0;1.5601;1.14;0;0;0;0;0;0;0;0;0;0;0;0;0;1;1;1;1;0;0;0;0;0;0;0;0;0;0;0;0;0;0;0;0;0;0;0;0;0;0;0;0;0;0;0;0;0;0;0;0;0;0;0;1;1;1;1;1;1;1;1;1;1;1;1;1;1;1;1;1;1;1;0;0;0;0;0;0;0;0;0;0.0004;0.088;0;-0.0884;0;0;0;0;0;0;0;0;0;0;0;0;0;0;0;0;0;0;0;-1.5601;0;0;0;0;0.0004;0;0;0;0;0;0;0;-0.0004;-0.0884;0;0;0;0;0;0;0;0;0;-0.7063;0;0.7063;1;1;0;0;0;0
07/07/21 05:00;0;0;90;0;0;90;0;0;0;0;0.92;1.32;0;0;0;0;0;0;0;0;0;0;0;0;0;1;1;1;1;0;0;0;0;0;0;0;0;0;0;0;0;0;0;0;0;0;0;0;0;0;0;0;0;0;0;0;0;0;0;0;0;0;0;0;1;1;1;1;1;1;1;1;1;1;1;1;1;1;1;1;1;1;1;0;0;0;0;0;0;0;0;0;0.0004;0.088;0;-0.0884;0;0;0;0;0;0;0;0;0;0;0;0;0;0;0;0;0;0;0;-0.92;0;0;0;0;0.0004;0;0;0;0;0;0;0;-0.0004;-0.0884;0;0;0;0;0;0;0;0;0;-0.7063;0;0.7063;1;1;0;0;0;0
07/07/21 06:00;0;0;90;0;0;90;0;0;0;0;0.3602;1.5999;0;0;0;0;0;0;0;0;0;0;0;0;0;1;1;1;1;0;0;0;0;0;0;0;0;0;0;0;0;0;0;0;0;0;0;0;0;0;0;0;0;0;0;0;0;0;0;0;0;0;0;0;1;1;1;1;1;1;1;1;1;1;1;1;1;1;1;1;1;1;1;0;0;0;0;0;0;0;0;0;0.0004;0.088;0;-0.0884;0;0;0;0;0;0;0;0;0;0;0;0;0;0;0;0;0;0;0;-0.3602;0;0;0;0;0.0004;0;0;0;0;0;0;0;-0.0004;-0.0884;0;0;0;0;0;0;0;0;0;-0.7063;0;0.7063;1;1;0;0;0;0
07/07/21 07:00;4.4301;-58.377;79.203;5.1986;7.4958;-90;-7.4958;44.891;21.1;23.791;-0.0001;1.5299;0;57.699;16.115;11.922;0;0.0249;85.761;0;85.761;57.699;11.922;16.115;0.0249;0.6728;0.1882;0;0.0003;85.667;0.0932;0;0;0.0724;0.0208;64.411;21.085;16.912;3.4942;0.6778;0.0009;85.496;0.1713;0.1154;0.0238;0.0321;0;64.413;40.672;8.4035;15.333;0.0032;9.7487;8.4424;1.9377;0.0014;0.0811;1.1665;0.0012;1.2462;0;1;0;0;1.9104;0.9989;1;1;0.9955;0.1654;0.7534;0.7063;1;0.9577;0.7757;0.998;0.998;1;0.998;0.998;0.7511;0.9515;0.1281;0.2575;0.1965;0.0012;0.015;-0.016;0.0014;0.0049;0.0002;0;0;0.088;0;0.0907;0;0;0;0;0;0;0;0;0;0;0;0;0.0039;0.0002;0.1857;0.1857;0;2.6026;2.6026;2.6027;0.0404;166.16;1117.5;1;0.007;0.007;0;0;0;0;0;0;0.1787;0.0907;0;13.734;15.904;6.7109;7.771;96.255;96.255;2.0583;1.4839;0.7251;0.5743;0.7589;0.279;0.3687;0.3523;9.608;0.3487;0
07/07/21 08:00;13.518;-49.391;55.466;17.571;29.498;-90;-29.498;174.5;55.803;118.7;3.7;1.5901;0;287.88;32.142;51.984;0;1.4703;373.47;0;373.47;287.88;51.984;32.142;1.4703;0.7708;0.09;0;0.0039;370.8;2.6765;0;0;1.3908;1.2858;361.54;8.5122;6.3341;1.1438;1.0013;0.0331;370.06;0.7416;0.5758;0.104;0.0615;0.0004;361.65;280.97;50.736;29.688;0.1511;21.798;18.877;4.4783;0.4594;0.2015;2.8987;0.1049;2.6408;0;1;0;0;2.1402;0.9928;1;1;0.9567;0.1255;0.977;0.978;1;0.9674;0.8204;0.998;0.998;1;0.998;0.998;0.9681;0.9237;0.1028;1.1215;1.0954;0.0066;0.0121;-0.0259;0.0077;0.0274;0.0006;0;0;0.088;0;0.9361;0;0;0;0;0;0;0;0;0;0;0;0;0.022;0.003;1.0418;1.0418;0;18.281;18.281;14.581;0.0403;937.68;1111.1;1;0.0177;0.0177;0;0;0;0;0;0;1.0241;0.9361;0;17.696;20.491;15.901;18.413;98.302;98.302;8.9634;8.3263;7.4816;0.6371;0.8447;0.0711;0.0942;0.8347;21.112;0.8299;0
07/07/21 09:00;21.994;-37.874;47.047;33.341;56.659;-90;-56.659;354.4;60.599;293.8;6.5997;1.49;0;534.54;19.093;65.422;0;10.375;629.43;0;629.43;534.54;65.422;19.093;10.375;0.8492;0.0468;0;0.0165;617.5;11.932;0;0;2.2114;9.721;609.06;7.2022;5.8714;0.7186;0.5805;0.0316;616.26;1.235;1.0691;0.1308;0.0338;0.0013;611.06;527.6;64.573;16.267;0.6208;99.588;86.243;21.066;2.6056;0.9142;13.15;1.9932;11.459;0;1;0;0;1.7761;0.981;1;1;0.8842;0.063;0.9883;0.989;1;0.9655;0.9515;0.998;0.998;1;0.998;0.998;0.9676;0.852;0.0598;1.8902;1.8682;0.0112;0.0018;0.0415;0.0127;0.045;0.0026;0;0;0.088;0;1.5927;0;0;0;0;0;0;0;0;0;0;0;0;0.0363;0.008;1.7091;1.7091;0;31.372;31.372;24.772;0.0407;1605.7;1064.4;1;0.0285;0.0285;0;0;0;0;0;0;1.6807;1.5927;0;17.225;19.946;16.051;18.587;98.335;98.335;15.106;13.659;12.729;1.447;0.9308;0.0958;0.0616;0.8426;15.998;0.8296;0
07/07/21 10:00;28.342;-24.256;53.363;52.706;37.294;-90;-37.294;463.79;80.003;383.79;7.8103;1.31;0;482.42;27.905;61.493;0;6.1638;577.99;0;577.99;482.42;61.493;27.905;6.1638;0.8347;0.0589;0;0.0107;570.65;7.3393;0;0;1.7477;5.5916;559.12;10.387;8.4056;1.0714;0.8426;0.0677;569.51;1.1413;0.9648;0.123;0.0523;0.0011;560.92;473.05;60.299;25.263;0.5033;228.97;198.29;50.048;0.8954;1.6658;23.962;1.7975;24.732;0;1;0;0;1.2462;0.9873;1;1;0.9374;0.0928;0.9818;0.9825;1;0.9677;0.8814;0.998;0.998;1;0.998;0.998;0.9674;0.9053;0.0817;1.7357;1.7399;0.0105;0.0032;0.0337;0.0118;0.042;0.0047;0;0;0.088;0;1.479;0;0;0;0;0;0;0;0;0;0;0;0;0.0338;0.007;1.5932;1.5932;0;30.542;30.542;22.732;0.0407;1494.2;1066.2;1;0.0262;0.0262;0;0;0;0;0;0;1.567;1.479;0;17.486;20.249;16.232;18.796;98.352;98.352;13.872;12.733;11.82;1.1388;0.9131;0.0821;0.0658;0.8521;19.432;0.8264;0
07/07/21 11:00;31.842;-8.7516;57.099;76.234;13.766;-90;-13.766;444.49;153.4;291.09;8.7197;1.33;0;299.7;88.099;65.911;0;0.8299;454.54;0;454.54;299.7;65.911;88.099;0.8299;0.6593;0.1956;0;0.0018;452.76;1.783;0;0;1.0911;0.6918;438.75;13.099;7.9735;1.7536;3.3413;0.0309;451.85;0.9055;0.5994;0.1318;0.174;0.0003;438.94;291.13;64.026;83.492;0.1068;258.48;223.85;55.356;0.084;1.8945;27.252;0.1874;29.063;0;1;0;0;1.0226;0.9961;1;1;0.9876;0.1663;0.971;0.9733;1;0.9615;0.7755;0.998;0.998;1;0.998;0.998;0.9653;0.9477;0.1287;1.365;1.3795;0.0083;0.008;0.0074;0.0095;0.0337;0.0054;0;0;0.088;0;1.1669;0;0;0;0;0;0;0;0;0;0;0;0;0.0271;0.0045;1.2757;1.2757;0;26.517;26.517;17.797;0.0406;1182.1;1079.2;1;0.0208;0.0208;0;0;0;0;0;0;1.2549;1.1669;0;17.804;20.616;16.285;18.858;98.369;98.369;10.909;10.195;9.3256;0.7137;0.8696;0.0654;0.0797;0.8549;53.385;0.8181;0
07/07/21 12:00;31.969;7.5779;57.238;78.069;11.931;90;11.931;628.8;103.8;525;9.6902;1.3501;0;536.59;25.667;79.569;0;0.883;642.71;0;642.71;536.59;79.569;25.667;0.883;0.8349;0.0413;0;0.0014;641.73;0.9877;0;0;0.2505;0.7372;622.74;17.702;14.511;2.1518;1.006;0.0328;640.44;1.2835;1.0732;0.1591;0.0508;0.0003;622.93;521.01;77.258;24.359;0.1127;365.51;316.53;79.207;0.0147;2.6116;37.567;0.1875;40.164;0;1;0;0;1.0221;0.9985;1;1;0.9902;0.1651;0.9724;0.9729;1;0.9603;0.7746;0.998;0.998;1;0.998;0.998;0.9689;0.9491;0.1276;1.9301;1.9554;0.0118;0.0009;0.0689;0.0131;0.0465;0.0072;0;0;0.088;0;1.6437;0;0;0;0;0;0;0;0;0;0;0;0;0.0375;0.0087;1.7609;1.7609;0;35.095;35.095;25.405;0.0408;1679.1;1048.7;1;0.0292;0.0292;0;0;0;0;0;0;1.7317;1.6437;0;17.38;20.125;16.223;18.786;98.344;98.344;15.425;14.073;13.136;1.3523;0.9364;0.0877;0.0607;0.8516;15.465;0.8159;0
07/07/21 13:00;28.7;23.188;53.735;54.276;35.724;90;35.724;512.2;84.998;427.2;10.77;1.2701;0;526.21;25.19;70.448;0;6.2643;628.11;0;628.11;526.21;70.448;25.19;6.2643;0.8378;0.0501;0;0.01;620.98;7.135;0;0;1.4777;5.6572;608.07;11.664;9.5416;1.2774;0.7636;0.0818;619.73;1.242;1.0524;0.1409;0.0474;0.0012;609.86;515.62;69.03;22.901;0.5241;256.9;222.48;56.75;0.6977;1.8103;26.04;1.7906;27.153;0;1;0;0;1.2263;0.9886;1;1;0.9413;0.0969;0.9812;0.9818;1;0.9677;0.8651;0.998;0.998;1;0.998;0.998;0.9681;0.9091;0.0837;1.8862;1.8917;0.0114;0.0015;0.0701;0.0127;0.0449;0.005;0;0;0.088;0;1.5859;0;0;0;0;0;0;0;0;0;0;0;0;0.0362;0.0081;1.7019;1.7019;0;35.588;35.588;24.819;0.0408;1625.5;1047;1;0.028;0.028;0;0;0;0;0;0;1.6739;1.5859;0;17.189;19.904;16.017;18.547;98.355;98.355;15.075;13.602;12.675;1.4729;0.9271;0.0977;0.0615;0.8408;17.322;0.8155;0
07/07/21 14:00;22.535;36.959;47.566;34.61;55.391;90;55.391;333.71;133.5;200.21;10.77;1.1101;0;352.5;63.304;92.875;0;9.371;518.05;0;518.05;352.5;92.875;63.304;9.371;0.6804;0.1403;0;0.0181;502.14;15.911;0;0;7.1099;8.801;494.16;6.9687;3.9786;1.0483;1.9161;0.0258;501.13;1.0043;0.705;0.1858;0.1124;0.0011;496.43;347.81;91.641;54.166;0.5431;122.52;106.1;27.148;7.9693;1.3544;19.482;2.261;12.867;0;1;0;0;1.5524;0.9693;1;1;0.8877;0.0608;0.9861;0.9887;1;0.9658;0.9547;0.998;0.998;1;0.998;0.998;0.9539;0.8556;0.058;1.5557;1.5362;0.0092;0.0058;0.0317;0.0104;0.037;0.0038;0;0;0.088;0;1.2925;0;0;0;0;0;0;0;0;0;0;0;0;0.0298;0.0055;1.403;1.403;0;30.877;30.877;20.107;0.0407;1319.3;1063.4;1;0.0225;0.0225;0;0;0;0;0;0;1.3805;1.2925;0;17.18;19.894;15.827;18.327;98.396;98.396;12.433;11.213;10.329;1.2206;0.8832;0.0982;0.071;0.8308;52.295;0.808;0
07/07/21 15:00;14.189;48.621;53.524;18.621;32.131;90;32.131;173.51;124.1;49.408;10.67;1.0399;0;119.83;97.123;45.887;0;1.7274;264.57;0;264.57;119.83;45.887;97.123;1.7274;0.4529;0.3736;0;0.0065;258.21;6.3561;0;0;4.8222;1.534;251.74;5.9534;2.1241;0.8134;2.9842;0.0316;257.69;0.5164;0.2397;0.0918;0.1846;0.0004;252.09;117.46;44.982;89.132;0.1614;65.324;56.57;14.261;1.8647;0.581;8.3568;0.3485;7.0731;0;1;0;0;1.5248;0.976;1;1;0.9504;0.112;0.9769;0.9822;1;0.9676;0.8361;0.998;0.998;1;0.998;0.998;0.9515;0.9177;0.0934;0.7945;0.7769;0.0047;0.0162;-0.0114;0.0054;0.0191;0.0017;0;0;0.088;0;0.6238;0;0;0;0;0;0;0;0;0;0;0;0;0.0153;0.0016;0.7244;0.7244;0;20.869;20.869;10.199;0.0405;664.7;1089.8;1;0.0126;0.0126;0;0;0;0;0;0;0.7118;0.6238;0;17.369;20.113;14.956;17.319;98.257;98.257;6.3496;5.7892;4.985;0.5603;0.8042;0.0882;0.1267;0.7851;64.989;0.767;0
07/07/21 16:00;4.8383;58.019;78.196;5.6988;8.2366;90;8.2366;24.594;24.2;0.3943;9.7102;1.4301;0;0.9563;23.99;0.2075;0;0.0165;25.17;0;25.17;0.9563;0.2075;23.99;0.0165;0.038;0.9538;0;0.0007;25.03;0.1401;0;0;0.1263;0.0138;23.676;1.3038;0.2506;0.0544;0.9982;0.0006;24.98;0.0501;0.0019;0.0004;0.0477;0;23.679;0.7038;0.1527;22.818;0.0021;14.326;12.406;2.926;0.0032;0.1141;1.6418;0.0024;1.7527;0;1;0;0;1.0234;0.9944;1;1;0.9947;0.1647;0.9478;0.7374;1;0.9581;0.7752;0.998;0.998;1;0.998;0.998;0.9406;0.9511;0.1274;0.0756;0.0748;0.0005;0.0097;-0.0039;0.0005;0.0017;0.0003;0;0;0.088;0;-0.0271;0;0;0;0;0;0;0;0;0;0;0;0;0.0014;0.0001;0.0646;0.0646;0;10.686;10.686;0.9761;0.0412;62.182;1039;1;0.0037;0.0037;0;0;0;0;0;0;0.0609;-0.0271;0;16.283;18.855;-6.8267;-7.9051;94.283;94.283;0.6041;0.5163;-0.2165;0.0877;0.7328;0.1453;1.2131;0;14.324;0;0
07/07/21 17:00;0;0;90;0;0;90;0;0;0;0;7.0903;1.6799;0;0;0;0;0;0;0;0;0;0;0;0;0;1;1;1;1;0;0;0;0;0;0;0;0;0;0;0;0;0;0;0;0;0;0;0;0;0;0;0;0;0;0;0;0;0;0;0;0;0;0;0;1;1;1;1;1;1;1;1;1;1;1;1;1;1;1;1;1;1;1;0;0;0;0;0;0;0;0;0;0.0004;0.088;0;-0.0884;0;0;0;0;0;0;0;0;0;0;0;0;0;0;0;0;0;0;0;-7.0903;0;0;0;0;0.0004;0;0;0;0;0;0;0;-0.0004;-0.0884;0;0;0;0;0;0;0;0;0;-0.7063;0;0.7063;1;1;0;0;0;0
07/07/21 18:00;0;0;90;0;0;90;0;0;0;0;4.3501;1.87;0;0;0;0;0;0;0;0;0;0;0;0;0;1;1;1;1;0;0;0;0;0;0;0;0;0;0;0;0;0;0;0;0;0;0;0;0;0;0;0;0;0;0;0;0;0;0;0;0;0;0;0;1;1;1;1;1;1;1;1;1;1;1;1;1;1;1;1;1;1;1;0;0;0;0;0;0;0;0;0;0.0004;0.088;0;-0.0884;0;0;0;0;0;0;0;0;0;0;0;0;0;0;0;0;0;0;0;-4.3501;0;0;0;0;0.0004;0;0;0;0;0;0;0;-0.0004;-0.0884;0;0;0;0;0;0;0;0;0;-0.7063;0;0.7063;1;1;0;0;0;0
07/07/21 19:00;0;0;90;0;0;90;0;0;0;0;2.3;2.02;0;0;0;0;0;0;0;0;0;0;0;0;0;1;1;1;1;0;0;0;0;0;0;0;0;0;0;0;0;0;0;0;0;0;0;0;0;0;0;0;0;0;0;0;0;0;0;0;0;0;0;0;1;1;1;1;1;1;1;1;1;1;1;1;1;1;1;1;1;1;1;0;0;0;0;0;0;0;0;0;0.0004;0.088;0;-0.0884;0;0;0;0;0;0;0;0;0;0;0;0;0;0;0;0;0;0;0;-2.3;0;0;0;0;0.0004;0;0;0;0;0;0;0;-0.0004;-0.0884;0;0;0;0;0;0;0;0;0;-0.7063;0;0.7063;1;1;0;0;0;0
07/07/21 20:00;0;0;90;0;0;90;0;0;0;0;1.84;2.03;0;0;0;0;0;0;0;0;0;0;0;0;0;1;1;1;1;0;0;0;0;0;0;0;0;0;0;0;0;0;0;0;0;0;0;0;0;0;0;0;0;0;0;0;0;0;0;0;0;0;0;0;1;1;1;1;1;1;1;1;1;1;1;1;1;1;1;1;1;1;1;0;0;0;0;0;0;0;0;0;0.0004;0.088;0;-0.0884;0;0;0;0;0;0;0;0;0;0;0;0;0;0;0;0;0;0;0;-1.84;0;0;0;0;0.0004;0;0;0;0;0;0;0;-0.0004;-0.0884;0;0;0;0;0;0;0;0;0;-0.7063;0;0.7063;1;1;0;0;0;0
07/07/21 21:00;0;0;90;0;0;90;0;0;0;0;1.2397;1.97;0;0;0;0;0;0;0;0;0;0;0;0;0;1;1;1;1;0;0;0;0;0;0;0;0;0;0;0;0;0;0;0;0;0;0;0;0;0;0;0;0;0;0;0;0;0;0;0;0;0;0;0;1;1;1;1;1;1;1;1;1;1;1;1;1;1;1;1;1;1;1;0;0;0;0;0;0;0;0;0;0.0004;0.088;0;-0.0884;0;0;0;0;0;0;0;0;0;0;0;0;0;0;0;0;0;0;0;-1.2397;0;0;0;0;0.0004;0;0;0;0;0;0;0;-0.0004;-0.0884;0;0;0;0;0;0;0;0;0;-0.7063;0;0.7063;1;1;0;0;0;0
07/07/21 22:00;0;0;90;0;0;90;0;0;0;0;-0.0001;2.0899;0;0;0;0;0;0;0;0;0;0;0;0;0;1;1;1;1;0;0;0;0;0;0;0;0;0;0;0;0;0;0;0;0;0;0;0;0;0;0;0;0;0;0;0;0;0;0;0;0;0;0;0;1;1;1;1;1;1;1;1;1;1;1;1;1;1;1;1;1;1;1;0;0;0;0;0;0;0;0;0;0.0004;0.088;0;-0.0884;0;0;0;0;0;0;0;0;0;0;0;0;0;0;0;0;0;0;0;0.0001;0;0;0;0;0.0004;0;0;0;0;0;0;0;-0.0004;-0.0884;0;0;0;0;0;0;0;0;0;-0.7063;0;0.7063;1;1;0;0;0;0
07/07/21 23:00;0;0;90;0;0;90;0;0;0;0;0.1003;2.3701;0;0;0;0;0;0;0;0;0;0;0;0;0;1;1;1;1;0;0;0;0;0;0;0;0;0;0;0;0;0;0;0;0;0;0;0;0;0;0;0;0;0;0;0;0;0;0;0;0;0;0;0;1;1;1;1;1;1;1;1;1;1;1;1;1;1;1;1;1;1;1;0;0;0;0;0;0;0;0;0;0.0004;0.088;0;-0.0884;0;0;0;0;0;0;0;0;0;0;0;0;0;0;0;0;0;0;0;-0.1003;0;0;0;0;0.0004;0;0;0;0;0;0;0;-0.0004;-0.0884;0;0;0;0;0;0;0;0;0;-0.7063;0;0.7063;1;1;0;0;0;0
08/07/21 00:00;0;0;90;0;0;90;0;0;0;0;-0.7998;2.74;0;0;0;0;0;0;0;0;0;0;0;0;0;1;1;1;1;0;0;0;0;0;0;0;0;0;0;0;0;0;0;0;0;0;0;0;0;0;0;0;0;0;0;0;0;0;0;0;0;0;0;0;1;1;1;1;1;1;1;1;1;1;1;1;1;1;1;1;1;1;1;0;0;0;0;0;0;0;0;0;0.0004;0.088;0;-0.0884;0;0;0;0;0;0;0;0;0;0;0;0;0;0;0;0;0;0;0;0.7998;0;0;0;0;0.0004;0;0;0;0;0;0;0;-0.0004;-0.0884;0;0;0;0;0;0;0;0;0;-0.7063;0;0.7063;1;1;0;0;0;0
08/07/21 01:00;0;0;90;0;0;90;0;0;0;0;-0.7001;3.05;0;0;0;0;0;0;0;0;0;0;0;0;0;1;1;1;1;0;0;0;0;0;0;0;0;0;0;0;0;0;0;0;0;0;0;0;0;0;0;0;0;0;0;0;0;0;0;0;0;0;0;0;1;1;1;1;1;1;1;1;1;1;1;1;1;1;1;1;1;1;1;0;0;0;0;0;0;0;0;0;0.0004;0.088;0;-0.0884;0;0;0;0;0;0;0;0;0;0;0;0;0;0;0;0;0;0;0;0.7001;0;0;0;0;0.0004;0;0;0;0;0;0;0;-0.0004;-0.0884;0;0;0;0;0;0;0;0;0;-0.7063;0;0.7063;1;1;0;0;0;0
08/07/21 02:00;0;0;90;0;0;90;0;0;0;0;-0.7699;3.2501;0;0;0;0;0;0;0;0;0;0;0;0;0;1;1;1;1;0;0;0;0;0;0;0;0;0;0;0;0;0;0;0;0;0;0;0;0;0;0;0;0;0;0;0;0;0;0;0;0;0;0;0;1;1;1;1;1;1;1;1;1;1;1;1;1;1;1;1;1;1;1;0;0;0;0;0;0;0;0;0;0.0004;0.088;0;-0.0884;0;0;0;0;0;0;0;0;0;0;0;0;0;0;0;0;0;0;0;0.7699;0;0;0;0;0.0004;0;0;0;0;0;0;0;-0.0004;-0.0884;0;0;0;0;0;0;0;0;0;-0.7063;0;0.7063;1;1;0;0;0;0
08/07/21 03:00;0;0;90;0;0;90;0;0;0;0;-1.2399;3.45;0;0;0;0;0;0;0;0;0;0;0;0;0;1;1;1;1;0;0;0;0;0;0;0;0;0;0;0;0;0;0;0;0;0;0;0;0;0;0;0;0;0;0;0;0;0;0;0;0;0;0;0;1;1;1;1;1;1;1;1;1;1;1;1;1;1;1;1;1;1;1;0;0;0;0;0;0;0;0;0;0.0004;0.088;0;-0.0884;0;0;0;0;0;0;0;0;0;0;0;0;0;0;0;0;0;0;0;1.2399;0;0;0;0;0.0004;0;0;0;0;0;0;0;-0.0004;-0.0884;0;0;0;0;0;0;0;0;0;-0.7063;0;0.7063;1;1;0;0;0;0
08/07/21 04:00;0;0;90;0;0;90;0;0;0;0;-1.2997;3.7599;0;0;0;0;0;0;0;0;0;0;0;0;0;1;1;1;1;0;0;0;0;0;0;0;0;0;0;0;0;0;0;0;0;0;0;0;0;0;0;0;0;0;0;0;0;0;0;0;0;0;0;0;1;1;1;1;1;1;1;1;1;1;1;1;1;1;1;1;1;1;1;0;0;0;0;0;0;0;0;0;0.0004;0.088;0;-0.0884;0;0;0;0;0;0;0;0;0;0;0;0;0;0;0;0;0;0;0;1.2997;0;0;0;0;0.0004;0;0;0;0;0;0;0;-0.0004;-0.0884;0;0;0;0;0;0;0;0;0;-0.7063;0;0.7063;1;1;0;0;0;0
08/07/21 05:00;0;0;90;0;0;90;0;0;0;0;-1.6002;4.2;0;0;0;0;0;0;0;0;0;0;0;0;0;1;1;1;1;0;0;0;0;0;0;0;0;0;0;0;0;0;0;0;0;0;0;0;0;0;0;0;0;0;0;0;0;0;0;0;0;0;0;0;1;1;1;1;1;1;1;1;1;1;1;1;1;1;1;1;1;1;1;0;0;0;0;0;0;0;0;0;0.0004;0.088;0;-0.0884;0;0;0;0;0;0;0;0;0;0;0;0;0;0;0;0;0;0;0;1.6002;0;0;0;0;0.0004;0;0;0;0;0;0;0;-0.0004;-0.0884;0;0;0;0;0;0;0;0;0;-0.7063;0;0.7063;1;1;0;0;0;0
08/07/21 06:00;0;0;90;0;0;90;0;0;0;0;-1.4898;4.2901;0;0;0;0;0;0;0;0;0;0;0;0;0;1;1;1;1;0;0;0;0;0;0;0;0;0;0;0;0;0;0;0;0;0;0;0;0;0;0;0;0;0;0;0;0;0;0;0;0;0;0;0;1;1;1;1;1;1;1;1;1;1;1;1;1;1;1;1;1;1;1;0;0;0;0;0;0;0;0;0;0.0004;0.088;0;-0.0884;0;0;0;0;0;0;0;0;0;0;0;0;0;0;0;0;0;0;0;1.4898;0;0;0;0;0.0004;0;0;0;0;0;0;0;-0.0004;-0.0884;0;0;0;0;0;0;0;0;0;-0.7063;0;0.7063;1;1;0;0;0;0
08/07/21 07:00;4.4774;-58.487;79.086;5.248;7.5686;-90;-7.5686;67.707;11.202;56.505;-2.0602;4.2;0;137.04;5.0475;14.873;0;0.0383;157;0;157;137.04;14.873;5.0475;0.0383;0.8729;0.0324;0;0.0002;156.94;0.055;0;0;0.023;0.032;112.47;44.163;39.647;4.3029;0.2121;0.0014;156.63;0.3139;0.2741;0.0297;0.01;0;112.47;97.119;10.54;4.8023;0.0049;3.3166;2.8722;0.7145;0.0005;0.024;0.3451;0.0004;0.3686;0;1;0;0;2.3188;0.9996;1;1;0.9954;0.1655;0.718;0.7101;1;0.9577;0.7757;0.998;0.998;1;0.998;0.998;0.7164;0.9514;0.1281;0.4715;0.3395;0.002;0.0175;-0.0275;0.0024;0.0086;0.0001;0;0;0.088;0;0.2326;0;0;0;0;0;0;0;0;0;0;0;0;0.0069;0.0004;0.3289;0.3289;0;2.4573;2.4573;4.5175;0.0402;288.67;1139.5;1;0.0083;0.0083;0;0;0;0;0;0;0.3206;0.2326;0;13.291;15.391;9.3989;10.884;97.467;97.467;3.768;2.6289;1.8591;1.139;0.7699;0.3023;0.2043;0.4934;3.0097;0.4926;0
08/07/21 08:00;13.577;-49.497;55.295;17.621;29.617;-90;-29.617;213.01;35.102;177.9;0.3602;4.09;0;431.46;14.004;48.795;0;1.8089;496.07;0;496.07;431.46;48.795;14.004;1.8089;0.8698;0.0319;0;0.0036;493.88;2.1926;0;0;0.6099;1.5827;482.05;10.838;9.309;1.0528;0.436;0.0404;492.89;0.9878;0.8629;0.0976;0.0268;0.0005;482.09;421.29;47.645;12.932;0.1853;10.176;8.8126;2.3011;0.2033;0.0797;1.146;0.0408;1.0224;0;1;0;0;2.3289;0.9956;1;1;0.9565;0.125;0.978;0.9784;1;0.9674;0.8211;0.998;0.998;1;0.998;0.998;0.9717;0.9234;0.1024;1.4897;1.4544;0.0088;0.0069;-0.0264;0.0103;0.0364;0.0002;0;0;0.088;0;1.273;0;0;0;0;0;0;0;0;0;0;0;0;0.0293;0.005;1.384;1.384;0;19.796;19.796;19.436;0.0403;1246.3;1110.5;1;0.023;0.023;0;0;0;0;0;0;1.361;1.273;0;17.699;20.495;16.279;18.851;98.338;98.338;11.906;11.061;10.174;0.8446;0.8872;0.0709;0.0745;0.8545;9.206;0.8531;0
08/07/21 09:00;22.07;-37.974;46.931;33.383;56.617;-90;-56.617;385.2;63.599;321.6;3.7798;4.1;0;584.49;17.383;74.828;0;11.262;687.97;0;687.97;584.49;74.828;17.383;11.262;0.8496;0.0416;0;0.0164;675.4;12.563;0;0;2.0113;10.552;666.29;7.7601;6.3805;0.8168;0.5285;0.0342;674.05;1.3508;1.169;0.1497;0.0307;0.0014;668.42;576.94;73.861;14.813;0.674;106.82;92.503;22.531;2.3667;0.9569;13.764;2.1304;12.354;0;1;0;0;1.786;0.9817;1;1;0.8843;0.063;0.9885;0.9891;1;0.9656;0.9517;0.998;0.998;1;0.998;0.998;0.9685;0.8521;0.0598;2.066;2.0422;0.0123;0.0001;0.0416;0.0139;0.0494;0.0027;0;0;0.088;0;1.7534;0;0;0;0;0;0;0;0;0;0;0;0;0.0397;0.0094;1.8731;1.8731;0;30.861;30.861;27.082;0.0406;1755;1067.3;1;0.0317;0.0317;0;0;0;0;0;0;1.8414;1.7534;0;17.272;20;16.168;18.722;98.308;98.308;16.511;14.97;14.013;1.5412;0.9566;0.0933;0.0579;0.8487;14.559;0.8362;0
08/07/21 10:00;28.435;-24.341;53.244;52.722;37.278;-90;-37.278;502.39;82.903;419.49;8.6499;3.94;0;527.19;24.837;69.423;0;6.6714;628.12;0;628.12;527.19;69.423;24.837;6.6714;0.8393;0.0502;0;0.0106;620.52;7.6062;0;0;1.5545;6.0517;608.19;11.089;9.0707;1.1945;0.75;0.0734;619.27;1.241;1.0544;0.1388;0.0466;0.0012;610.13;517.06;68.09;22.486;0.545;247.23;214.1;54.023;0.7961;1.7886;25.728;1.9399;26.721;0;1;0;0;1.2503;0.9879;1;1;0.9374;0.0929;0.9821;0.9828;1;0.9677;0.8813;0.998;0.998;1;0.998;0.998;0.9683;0.9053;0.0817;1.8863;1.8919;0.0114;0.0015;0.0557;0.0128;0.0453;0.005;0;0;0.088;0;1.5993;0;0;0;0;0;0;0;0;0;0;0;0;0.0364;0.0081;1.7157;1.7157;0;33.429;33.429;24.779;0.0407;1625.3;1055.6;1;0.0284;0.0284;0;0;0;0;0;0;1.6873;1.5993;0;17.328;20.065;16.152;18.703;98.343;98.343;15.075;13.712;12.781;1.363;0.9305;0.0904;0.0617;0.8479;17.294;0.8226;0
08/07/21 11:00;31.95;-8.8119;56.981;76.199;13.801;-90;-13.801;504.79;102.9;401.89;11.8;3.87;0;413.84;43.16;60.864;0;0.9472;518.81;0;518.81;413.84;60.864;43.16;0.9472;0.7977;0.085;0;0.0018;517.49;1.3265;0;0;0.5368;0.7897;502.32;14.127;10.859;1.5971;1.6359;0.0353;516.45;1.035;0.8277;0.1217;0.0852;0.0003;502.54;402.15;59.145;40.902;0.1219;292.39;253.21;62.984;0.0416;2.1157;30.433;0.2152;32.507;0;1;0;0;1.0278;0.9974;1;1;0.9876;0.1663;0.9726;0.9737;1;0.9615;0.7755;0.998;0.998;1;0.998;0.998;0.9682;0.9477;0.1287;1.558;1.5778;0.0095;0.0053;0.0402;0.0107;0.0378;0.0059;0;0;0.088;0;1.3212;0;0;0;0;0;0;0;0;0;0;0;0;0.0304;0.0058;1.4322;1.4322;0;32.261;32.261;20.461;0.0407;1354.4;1057.4;1;0.023;0.023;0;0;0;0;0;0;1.4092;1.3212;0;17.511;20.278;16.154;18.707;98.396;98.396;12.452;11.446;10.559;1.0057;0.8869;0.0808;0.0712;0.848;26.157;0.8123;0
08/07/21 12:00;32.086;7.5511;57.13;78.162;11.838;90;11.838;581.6;96.001;485.6;12.9;3.3301;0;496.15;29.308;67.821;0;0.804;594.09;0;594.09;496.15;67.821;29.308;0.804;0.8352;0.0507;0;0.0014;593.13;0.9536;0;0;0.2823;0.6713;575.71;16.24;13.249;1.811;1.1505;0.0299;591.95;1.1863;0.9923;0.1356;0.0581;0.0003;575.88;481.91;65.874;27.817;0.1026;338.24;292.91;73.254;0.0163;2.4198;34.807;0.1701;37.211;0;1;0;0;1.0215;0.9984;1;1;0.9904;0.1651;0.9726;0.9732;1;0.9603;0.7746;0.998;0.998;1;0.998;0.998;0.9691;0.9491;0.1276;1.784;1.8079;0.0109;0.0024;0.0724;0.0121;0.0428;0.0066;0;0;0.088;0;1.5045;0;0;0;0;0;0;0;0;0;0;0;0;0.0344;0.0075;1.6189;1.6189;0;36.418;36.418;23.518;0.0409;1552.9;1042.5;1;0.0263;0.0263;0;0;0;0;0;0;1.5925;1.5045;0;17.286;20.017;16.065;18.603;98.375;98.375;14.258;12.938;12.024;1.3202;0.9136;0.0926;0.0641;0.8433;17.654;0.8079;0
08/07/21 13:00;28.819;23.194;53.642;54.403;35.597;90;35.597;356.9;202.6;154.3;12.83;2.83;0;189.76;139.2;60.321;0;4.3351;393.62;0;393.62;189.76;60.321;139.2;4.3351;0.4821;0.3647;0;0.011;381.58;12.034;0;0;8.1209;3.9127;372.05;8.7684;3.4066;1.0829;4.2216;0.0574;380.82;0.7632;0.3795;0.1206;0.2622;0.0008;373.4;185.97;59.117;126.6;0.3642;196.37;170.05;43.383;3.8015;1.5957;22.954;1.3479;20.748;0;1;0;0;1.1029;0.9694;1;1;0.9417;0.0974;0.977;0.982;1;0.9677;0.8639;0.998;0.998;1;0.998;0.998;0.9452;0.9095;0.084;1.182;1.173;0.0071;0.011;0.0123;0.008;0.0284;0.0045;0;0;0.088;0;0.97;0;0;0;0;0;0;0;0;0;0;0;0;0.0228;0.0034;1.0757;1.0757;0;27.954;27.954;15.124;0.0406;1004.8;1070.5;1;0.0176;0.0176;0;0;0;0;0;0;1.058;0.97;0;17.336;20.074;15.633;18.103;98.361;98.361;9.4468;8.5967;7.7525;0.8502;0.8442;0.09;0.0894;0.8206;95.626;0.7863;0
08/07/21 14:00;22.65;36.992;47.487;34.742;55.258;90;55.258;392.1;83.003;309.1;13.32;1.9199;0;542.39;25.601;88.419;0;10.962;667.37;0;667.37;542.39;88.419;25.601;10.962;0.8127;0.0548;0;0.0164;654.21;13.161;0;0;2.8654;10.295;645.01;7.8952;6.0968;0.9939;0.7746;0.0299;652.9;1.3084;1.0848;0.1768;0.0455;0.0013;647.31;535.21;87.249;21.915;0.6357;121.78;105.46;25.36;3.1976;1.1447;16.466;2.3061;14.413;0;1;0;0;1.702;0.9803;1;1;0.8881;0.0608;0.9879;0.9887;1;0.9659;0.9551;0.998;0.998;1;0.998;0.998;0.9665;0.856;0.058;2.0041;1.9843;0.0119;0.0006;0.1024;0.0131;0.0464;0.0031;0;0;0.088;0;1.6437;0;0;0;0;0;0;0;0;0;0;0;0;0.0374;0.0089;1.7605;1.7605;0;39.732;39.732;26.412;0.0409;1706.3;1031.8;1;0.0288;0.0288;0;0;0;0;0;0;1.7317;1.6437;0;16.735;19.378;15.624;18.092;98.362;98.362;16.017;14.07;13.136;1.9467;0.9338;0.1215;0.0583;0.8202;21.118;0.8053;0
08/07/21 15:00;14.298;48.671;53.205;18.747;32.463;90;32.463;91.402;89.003;2.3991;12.33;1.73;0;5.8185;81.446;1.586;0;0.9284;89.779;0;89.779;5.8185;1.586;81.446;0.9284;0.0648;0.9175;0;0.0103;84.844;4.9358;0;0;4.1101;0.8257;82.032;2.6422;0.0997;0.0272;2.4988;0.0165;84.674;0.1697;0.0116;0.0032;0.1547;0.0002;82.332;5.7072;1.5557;74.683;0.0859;54.646;47.324;11.918;1.62;0.4907;7.0586;0.3001;5.9293;0;1;0;0;0.9822;0.945;1;1;0.9495;0.1106;0.9688;0.9828;1;0.9676;0.8385;0.998;0.998;1;0.998;0.998;0.9137;0.917;0.0925;0.2696;0.2629;0.0016;0.0165;-0.009;0.0018;0.0063;0.0014;0;0;0.088;0;0.1441;0;0;0;0;0;0;0;0;0;0;0;0;0.0051;0.0003;0.2389;0.2389;0;15.673;15.673;3.343;0.0408;223.25;1070.2;1;0.0068;0.0068;0;0;0;0;0;0;0.2321;0.1441;0;16.882;19.549;10.18;11.789;97.136;97.136;2.1547;1.9094;1.1515;0.2453;0.758;0.1138;0.3518;0.5344;54.631;0.5047;0
08/07/21 16:00;4.9405;58.081;77.944;5.8151;8.4096;90;8.4096;20.003;19.703;0.3001;10.43;1.7;0;0.7279;19.546;0.126;0;0.014;20.414;0;20.414;0.7279;0.126;19.546;0.014;0.0357;0.9582;0;0.0007;20.295;0.1182;0;0;0.1065;0.0117;19.225;1.0293;0.1855;0.0321;0.8112;0.0005;20.255;0.0406;0.0015;0.0003;0.0389;0;19.228;0.541;0.0936;18.589;0.0018;11.676;10.111;2.3851;0.0028;0.093;1.338;0.0021;1.4281;0;1;0;0;1.0205;0.9942;1;1;0.9946;0.1648;0.9492;0.7447;1;0.9582;0.7751;0.998;0.998;1;0.998;0.998;0.9418;0.9511;0.1275;0.0613;0.0607;0.0004;0.0087;-0.003;0.0004;0.0014;0.0002;0;0;0.088;0;-0.0397;0;0;0;0;0;0;0;0;0;0;0;0;0.0011;0;0.0516;0.0516;0;11.226;11.226;0.7956;0.0414;50.187;1027.2;1;0.0033;0.0033;0;0;0;0;0;0;0.0483;-0.0397;0;16.021;18.552;-12.351;-14.302;93.603;93.603;0.4899;0.412;-0.3176;0.0779;0.7297;0.159;1.4893;0;11.674;0;0
08/07/21 17:00;0;0;90;0;0;90;0;0;0;0;7.8402;1.96;0;0;0;0;0;0;0;0;0;0;0;0;0;1;1;1;1;0;0;0;0;0;0;0;0;0;0;0;0;0;0;0;0;0;0;0;0;0;0;0;0;0;0;0;0;0;0;0;0;0;0;0;1;1;1;1;1;1;1;1;1;1;1;1;1;1;1;1;1;1;1;0;0;0;0;0;0;0;0;0;0.0004;0.088;0;-0.0884;0;0;0;0;0;0;0;0;0;0;0;0;0;0;0;0;0;0;0;-7.8402;0;0;0;0;0.0004;0;0;0;0;0;0;0;-0.0004;-0.0884;0;0;0;0;0;0;0;0;0;-0.7063;0;0.7063;1;1;0;0;0;0
08/07/21 18:00;0;0;90;0;0;90;0;0;0;0;6.5997;2.26;0;0;0;0;0;0;0;0;0;0;0;0;0;1;1;1;1;0;0;0;0;0;0;0;0;0;0;0;0;0;0;0;0;0;0;0;0;0;0;0;0;0;0;0;0;0;0;0;0;0;0;0;1;1;1;1;1;1;1;1;1;1;1;1;1;1;1;1;1;1;1;0;0;0;0;0;0;0;0;0;0.0004;0.088;0;-0.0884;0;0;0;0;0;0;0;0;0;0;0;0;0;0;0;0;0;0;0;-6.5997;0;0;0;0;0.0004;0;0;0;0;0;0;0;-0.0004;-0.0884;0;0;0;0;0;0;0;0;0;-0.7063;0;0.7063;1;1;0;0;0;0
08/07/21 19:00;0;0;90;0;0;90;0;0;0;0;5.8399;2.6201;0;0;0;0;0;0;0;0;0;0;0;0;0;1;1;1;1;0;0;0;0;0;0;0;0;0;0;0;0;0;0;0;0;0;0;0;0;0;0;0;0;0;0;0;0;0;0;0;0;0;0;0;1;1;1;1;1;1;1;1;1;1;1;1;1;1;1;1;1;1;1;0;0;0;0;0;0;0;0;0;0.0004;0.088;0;-0.0884;0;0;0;0;0;0;0;0;0;0;0;0;0;0;0;0;0;0;0;-5.8399;0;0;0;0;0.0004;0;0;0;0;0;0;0;-0.0004;-0.0884;0;0;0;0;0;0;0;0;0;-0.7063;0;0.7063;1;1;0;0;0;0
08/07/21 20:00;0;0;90;0;0;90;0;0;0;0;5.8997;2.92;0;0;0;0;0;0;0;0;0;0;0;0;0;1;1;1;1;0;0;0;0;0;0;0;0;0;0;0;0;0;0;0;0;0;0;0;0;0;0;0;0;0;0;0;0;0;0;0;0;0;0;0;1;1;1;1;1;1;1;1;1;1;1;1;1;1;1;1;1;1;1;0;0;0;0;0;0;0;0;0;0.0004;0.088;0;-0.0884;0;0;0;0;0;0;0;0;0;0;0;0;0;0;0;0;0;0;0;-5.8997;0;0;0;0;0.0004;0;0;0;0;0;0;0;-0.0004;-0.0884;0;0;0;0;0;0;0;0;0;-0.7063;0;0.7063;1;1;0;0;0;0
08/07/21 21:00;0;0;90;0;0;90;0;0;0;0;6.5;3.0299;0;0;0;0;0;0;0;0;0;0;0;0;0;1;1;1;1;0;0;0;0;0;0;0;0;0;0;0;0;0;0;0;0;0;0;0;0;0;0;0;0;0;0;0;0;0;0;0;0;0;0;0;1;1;1;1;1;1;1;1;1;1;1;1;1;1;1;1;1;1;1;0;0;0;0;0;0;0;0;0;0.0004;0.088;0;-0.0884;0;0;0;0;0;0;0;0;0;0;0;0;0;0;0;0;0;0;0;-6.5;0;0;0;0;0.0004;0;0;0;0;0;0;0;-0.0004;-0.0884;0;0;0;0;0;0;0;0;0;-0.7063;0;0.7063;1;1;0;0;0;0
08/07/21 22:00;0;0;90;0;0;90;0;0;0;0;6.7001;3.07;0;0;0;0;0;0;0;0;0;0;0;0;0;1;1;1;1;0;0;0;0;0;0;0;0;0;0;0;0;0;0;0;0;0;0;0;0;0;0;0;0;0;0;0;0;0;0;0;0;0;0;0;1;1;1;1;1;1;1;1;1;1;1;1;1;1;1;1;1;1;1;0;0;0;0;0;0;0;0;0;0.0004;0.088;0;-0.0884;0;0;0;0;0;0;0;0;0;0;0;0;0;0;0;0;0;0;0;-6.7001;0;0;0;0;0.0004;0;0;0;0;0;0;0;-0.0004;-0.0884;0;0;0;0;0;0;0;0;0;-0.7063;0;0.7063;1;1;0;0;0;0
08/07/21 23:00;0;0;90;0;0;90;0;0;0;0;6.6802;3.07;0;0;0;0;0;0;0;0;0;0;0;0;0;1;1;1;1;0;0;0;0;0;0;0;0;0;0;0;0;0;0;0;0;0;0;0;0;0;0;0;0;0;0;0;0;0;0;0;0;0;0;0;1;1;1;1;1;1;1;1;1;1;1;1;1;1;1;1;1;1;1;0;0;0;0;0;0;0;0;0;0.0004;0.088;0;-0.0884;0;0;0;0;0;0;0;0;0;0;0;0;0;0;0;0;0;0;0;-6.6802;0;0;0;0;0.0004;0;0;0;0;0;0;0;-0.0004;-0.0884;0;0;0;0;0;0;0;0;0;-0.7063;0;0.7063;1;1;0;0;0;0
09/07/21 00:00;0;0;90;0;0;90;0;0;0;0;7.21;2.89;0;0;0;0;0;0;0;0;0;0;0;0;0;1;1;1;1;0;0;0;0;0;0;0;0;0;0;0;0;0;0;0;0;0;0;0;0;0;0;0;0;0;0;0;0;0;0;0;0;0;0;0;1;1;1;1;1;1;1;1;1;1;1;1;1;1;1;1;1;1;1;0;0;0;0;0;0;0;0;0;0.0004;0.088;0;-0.0884;0;0;0;0;0;0;0;0;0;0;0;0;0;0;0;0;0;0;0;-7.21;0;0;0;0;0.0004;0;0;0;0;0;0;0;-0.0004;-0.0884;0;0;0;0;0;0;0;0;0;-0.7063;0;0.7063;1;1;0;0;0;0
09/07/21 01:00;0;0;90;0;0;90;0;0;0;0;7.1003;2.7199;0;0;0;0;0;0;0;0;0;0;0;0;0;1;1;1;1;0;0;0;0;0;0;0;0;0;0;0;0;0;0;0;0;0;0;0;0;0;0;0;0;0;0;0;0;0;0;0;0;0;0;0;1;1;1;1;1;1;1;1;1;1;1;1;1;1;1;1;1;1;1;0;0;0;0;0;0;0;0;0;0.0004;0.088;0;-0.0884;0;0;0;0;0;0;0;0;0;0;0;0;0;0;0;0;0;0;0;-7.1003;0;0;0;0;0.0004;0;0;0;0;0;0;0;-0.0004;-0.0884;0;0;0;0;0;0;0;0;0;-0.7063;0;0.7063;1;1;0;0;0;0
09/07/21 02:00;0;0;90;0;0;90;0;0;0;0;6.9301;2.66;0;0;0;0;0;0;0;0;0;0;0;0;0;1;1;1;1;0;0;0;0;0;0;0;0;0;0;0;0;0;0;0;0;0;0;0;0;0;0;0;0;0;0;0;0;0;0;0;0;0;0;0;1;1;1;1;1;1;1;1;1;1;1;1;1;1;1;1;1;1;1;0;0;0;0;0;0;0;0;0;0.0004;0.088;0;-0.0884;0;0;0;0;0;0;0;0;0;0;0;0;0;0;0;0;0;0;0;-6.9301;0;0;0;0;0.0004;0;0;0;0;0;0;0;-0.0004;-0.0884;0;0;0;0;0;0;0;0;0;-0.7063;0;0.7063;1;1;0;0;0;0
09/07/21 03:00;0;0;90;0;0;90;0;0;0;0;7.1003;2.6101;0;0;0;0;0;0;0;0;0;0;0;0;0;1;1;1;1;0;0;0;0;0;0;0;0;0;0;0;0;0;0;0;0;0;0;0;0;0;0;0;0;0;0;0;0;0;0;0;0;0;0;0;1;1;1;1;1;1;1;1;1;1;1;1;1;1;1;1;1;1;1;0;0;0;0;0;0;0;0;0;0.0004;0.088;0;-0.0884;0;0;0;0;0;0;0;0;0;0;0;0;0;0;0;0;0;0;0;-7.1003;0;0;0;0;0.0004;0;0;0;0;0;0;0;-0.0004;-0.0884;0;0;0;0;0;0;0;0;0;-0.7063;0;0.7063;1;1;0;0;0;0
09/07/21 04:00;0;0;90;0;0;90;0;0;0;0;6.7998;2.5301;0;0;0;0;0;0;0;0;0;0;0;0;0;1;1;1;1;0;0;0;0;0;0;0;0;0;0;0;0;0;0;0;0;0;0;0;0;0;0;0;0;0;0;0;0;0;0;0;0;0;0;0;1;1;1;1;1;1;1;1;1;1;1;1;1;1;1;1;1;1;1;0;0;0;0;0;0;0;0;0;0.0004;0.088;0;-0.0884;0;0;0;0;0;0;0;0;0;0;0;0;0;0;0;0;0;0;0;-6.7998;0;0;0;0;0.0004;0;0;0;0;0;0;0;-0.0004;-0.0884;0;0;0;0;0;0;0;0;0;-0.7063;0;0.7063;1;1;0;0;0;0
09/07/21 05:00;0;0;90;0;0;90;0;0;0;0;6.7001;2.35;0;0;0;0;0;0;0;0;0;0;0;0;0;1;1;1;1;0;0;0;0;0;0;0;0;0;0;0;0;0;0;0;0;0;0;0;0;0;0;0;0;0;0;0;0;0;0;0;0;0;0;0;1;1;1;1;1;1;1;1;1;1;1;1;1;1;1;1;1;1;1;0;0;0;0;0;0;0;0;0;0.0004;0.088;0;-0.0884;0;0;0;0;0;0;0;0;0;0;0;0;0;0;0;0;0;0;0;-6.7001;0;0;0;0;0.0004;0;0;0;0;0;0;0;-0.0004;-0.0884;0;0;0;0;0;0;0;0;0;-0.7063;0;0.7063;1;1;0;0;0;0
09/07/21 06:00;0;0;90;0;0;90;0;0;0;0;5.7601;2.1699;0;0;0;0;0;0;0;0;0;0;0;0;0;1;1;1;1;0;0;0;0;0;0;0;0;0;0;0;0;0;0;0;0;0;0;0;0;0;0;0;0;0;0;0;0;0;0;0;0;0;0;0;1;1;1;1;1;1;1;1;1;1;1;1;1;1;1;1;1;1;1;0;0;0;0;0;0;0;0;0;0.0004;0.088;0;-0.0884;0;0;0;0;0;0;0;0;0;0;0;0;0;0;0;0;0;0;0;-5.7601;0;0;0;0;0.0004;0;0;0;0;0;0;0;-0.0004;-0.0884;0;0;0;0;0;0;0;0;0;-0.7063;0;0.7063;1;1;0;0;0;0
09/07/21 07:00;4.5299;-58.601;78.957;5.303;7.6499;-90;-7.6499;35.299;26.901;8.3985;5.4603;1.78;0;20.369;24.627;5.2468;0;0.0204;50.263;0;50.263;20.369;5.2468;24.627;0.0204;0.4052;0.4904;0;0.0004;50.132;0.1315;0;0;0.1144;0.017;41.692;8.3389;5.8084;1.4962;1.0335;0.0008;50.031;0.1003;0.0407;0.0105;0.049;0;41.694;14.52;3.7401;23.43;0.0026;14.739;12.764;3.0148;0.0024;0.1171;1.6841;0.002;1.7987;0;1;0;0;1.4239;0.9974;1;1;0.9954;0.1655;0.8333;0.7143;1;0.9578;0.7757;0.998;0.998;1;0.998;0.998;0.8295;0.9514;0.1281;0.1509;0.1291;0.0008;0.0127;-0.0084;0.0009;0.0031;0.0003;0;0;0.088;0;0.0238;0;0;0;0;0;0;0;0;0;0;0;0;0.0025;0.0001;0.1173;0.1173;0;7.1605;7.1605;1.7002;0.0408;108.65;1079.3;1;0.0055;0.0055;0;0;0;0;0;0;0.1118;0.0238;0;14.801;17.139;3.0055;3.4803;95.347;95.347;1.2063;0.9372;0.1903;0.2691;0.7469;0.2231;0.6192;0.1578;14.687;0.1539;0
09/07/21 08:00;13.643;-49.606;55.107;17.676;29.75;-90;-29.75;77.298;73.903;3.395;6.5997;2.0899;0;8.2339;68.281;1.9512;0;0.6622;79.129;0;79.129;8.2339;1.9512;68.281;0.6622;0.1041;0.8713;0;0.0084;75.554;3.5748;0;0;2.995;0.5798;73.049;2.3538;0.1739;0.0412;2.124;0.0147;75.403;0.1511;0.0165;0.0039;0.1306;0.0002;73.25;8.0436;1.906;63.032;0.0676;44.948;38.925;9.6952;1.0045;0.3893;5.5996;0.2011;4.9844;0;1;0;0;1.0237;0.9548;1;1;0.9561;0.1245;0.9688;0.9788;1;0.9674;0.8219;0.998;0.998;1;0.998;0.998;0.9232;0.9231;0.1021;0.2376;0.2324;0.0014;0.0159;-0.0131;0.0016;0.0057;0.0011;0;0;0.088;0;0.1201;0;0;0;0;0;0;0;0;0;0;0;0;0.0046;0.0002;0.215;0.215;0;9.5649;9.5649;2.9652;0.0406;196.97;1091.7;1;0.0069;0.0069;0;0;0;0;0;0;0.2081;0.1201;0;17.239;19.962;9.6314;11.153;96.794;96.794;1.8991;1.7185;0.9601;0.1806;0.7584;0.0951;0.3993;0.5056;44.927;0.4801;0
09/07/21 09:00;22.152;-38.076;46.81;33.43;56.57;-90;-56.57;89.996;88.398;1.5983;7.5603;1.39;0;2.9012;68.329;0.5144;0;2.627;74.372;0;74.372;2.9012;0.5144;68.329;2.627;0.039;0.9541;0;0.0353;64.014;10.358;0;0;7.8962;2.4615;61.764;2.1219;0.0315;0.0056;2.0769;0.0079;63.886;0.128;0.0058;0.001;0.1209;0.0003;62.879;2.8639;0.5078;58.235;0.1572;57.678;49.949;14;9.2645;0.9166;13.185;1.1153;4.8369;0;1;0;0;0.8264;0.8607;1;1;0.8844;0.063;0.9668;0.9891;1;0.9656;0.9519;0.998;0.998;1;0.998;0.998;0.8305;0.8523;0.0599;0.2233;0.2172;0.0013;0.0156;-0.0118;0.0015;0.0053;0.0026;0;0;0.088;0;0.1037;0;0;0;0;0;0;0;0;0;0;0;0;0.0042;0.0002;0.1984;0.1984;0;10.073;10.073;2.5129;0.0407;183.24;1082.6;1;0.0067;0.0067;0;0;0;0;0;0;0.1917;0.1037;0;16.92;19.593;8.8439;10.241;96.631;96.631;1.7849;1.5853;0.8286;0.1996;0.7567;0.1118;0.4239;0.4642;57.198;0.4099;0
09/07/21 10:00;28.534;-24.428;53.119;52.743;37.257;-90;-37.257;206.6;189.3;17.297;9.9103;1.48;0;21.731;165.33;6.5132;0;2.7404;196.32;0;196.32;21.731;6.5132;165.33;2.7404;0.1107;0.8561;0;0.014;183.49;12.824;0;0;10.338;2.4856;177.62;5.5023;0.369;0.1106;4.9924;0.0302;183.12;0.367;0.0435;0.013;0.31;0.0005;178.58;21.319;6.3895;149.69;0.224;125.99;109.1;27.996;5.2783;1.1979;17.231;0.9567;13.151;0;1;0;0;0.9502;0.9347;1;1;0.9375;0.093;0.97;0.983;1;0.9677;0.8811;0.998;0.998;1;0.998;0.998;0.9048;0.9054;0.0817;0.5895;0.5742;0.0035;0.0178;-0.0162;0.004;0.0141;0.0034;0;0;0.088;0;0.4372;0;0;0;0;0;0;0;0;0;0;0;0;0.0114;0.001;0.5353;0.5353;0;17.104;17.104;7.1937;0.0405;489.77;1092.9;1;0.01;0.01;0;0;0;0;0;0;0.5252;0.4372;0;17.296;20.029;14.128;16.36;98.123;98.123;4.7116;4.2779;3.4943;0.4337;0.7836;0.0921;0.1663;0.7416;115.1;0.6959;0
09/07/21 11:00;32.064;-8.872;56.858;76.169;13.831;-90;-13.831;201.69;192.6;9.0942;11.68;1.97;0;9.3658;187.35;2.5698;0;0.3801;199.66;0;199.66;9.3658;2.5698;187.35;0.3801;0.0469;0.9402;0;0.0019;197.01;2.6559;0;0;2.3389;0.3169;189.2;7.4199;0.2422;0.0665;7.0971;0.0142;196.61;0.394;0.0187;0.0051;0.37;0.0001;189.28;9.1048;2.4982;177.54;0.0489;120.24;104.13;24.805;0.1813;0.952;13.695;0.0831;14.466;0;1;0;0;0.9899;0.9867;1;1;0.9875;0.1663;0.9623;0.9741;1;0.9616;0.7755;0.998;0.998;1;0.998;0.998;0.9476;0.9477;0.1287;0.5996;0.599;0.0036;0.0177;-0.0121;0.0041;0.0146;0.0027;0;0;0.088;0;0.4573;0;0;0;0;0;0;0;0;0;0;0;0;0.0118;0.0011;0.5555;0.5555;0;19.353;19.353;7.6729;0.0406;511.5;1086;1;0.0102;0.0102;0;0;0;0;0;0;0.5453;0.4573;0;17.648;20.436;14.529;16.824;98.165;98.165;4.792;4.4394;3.6546;0.3526;0.7848;0.0736;0.1638;0.7627;113.55;0.7254;0
09/07/21 12:00;32.209;7.5266;57.016;78.254;11.746;90;11.746;275.11;236.3;38.809;11.14;2.0799;0;39.639;220.95;13.29;0;0.3745;274.25;0;274.25;39.639;13.29;220.95;0.3745;0.1445;0.807;0;0.0014;271.84;2.4133;0;0;2.1007;0.3126;261.2;10.096;1.0443;0.3501;8.6876;0.0139;271.29;0.5437;0.0793;0.0266;0.4377;0.0001;261.27;38.515;12.913;209.72;0.0478;163.16;141.3;33.822;0.1178;1.2729;18.31;0.0751;19.465;0;1;0;0;0.9969;0.9912;1;1;0.9905;0.1651;0.9628;0.9736;1;0.9602;0.7746;0.998;0.998;1;0.998;0.998;0.9524;0.9492;0.1276;0.8236;0.8255;0.005;0.0156;-0.0096;0.0057;0.0202;0.0036;0;0;0.088;0;0.6657;0;0;0;0;0;0;0;0;0;0;0;0;0.0163;0.0018;0.7669;0.7669;0;21.727;21.727;10.587;0.0405;705.55;1086.9;1;0.0132;0.0132;0;0;0;0;0;0;0.7537;0.6657;0;17.739;20.541;15.398;17.83;98.279;98.279;6.582;6.1289;5.3201;0.4531;0.8088;0.0688;0.1229;0.8083;133.06;0.7698;0
09/07/21 13:00;28.944;23.205;53.543;54.531;35.469;90;35.469;478.21;100.6;377.61;13.02;1.62;0;463.65;37.409;72.889;0;5.7682;579.72;0;579.72;463.65;72.889;37.409;5.7682;0.7998;0.0745;0;0.01;572.34;7.3733;0;0;2.1701;5.2032;560.46;10.742;8.2352;1.2946;1.1349;0.0774;571.2;1.1447;0.9273;0.1458;0.0705;0.0011;562.11;454.49;71.448;34.033;0.4865;242.5;210.01;53.562;1.0102;1.7321;24.915;1.6594;25.637;0;1;0;0;1.2123;0.9873;1;1;0.942;0.098;0.9812;0.9822;1;0.9677;0.8628;0.998;0.998;1;0.998;0.998;0.9668;0.9098;0.0843;1.7409;1.7456;0.0105;0.0031;0.0668;0.0117;0.0413;0.0048;0;0;0.088;0;1.4537;0;0;0;0;0;0;0;0;0;0;0;0;0.0333;0.007;1.5671;1.5671;0;35.908;35.908;22.888;0.0408;1500.1;1044.6;1;0.0254;0.0254;0;0;0;0;0;0;1.5417;1.4537;0;17.148;19.857;15.907;18.42;98.382;98.382;13.913;12.524;11.618;1.3893;0.9059;0.0999;0.0651;0.835;25.672;0.809;0
09/07/21 14:00;22.77;37.029;47.401;34.877;55.123;90;55.123;333.1;138.1;195;13.95;0.9699;0;341.02;67.178;92.027;0;9.271;509.5;0;509.5;341.02;92.027;67.178;9.271;0.6693;0.15;0;0.0182;493.3;16.199;0;0;7.4923;8.7068;485.41;6.9029;3.8164;1.0299;2.0316;0.0251;492.32;0.9866;0.682;0.1841;0.1194;0.0011;487.75;336.53;90.813;57.535;0.538;125.28;108.49;27.457;8.3138;1.4151;20.356;2.3334;13.457;0;1;0;0;1.5296;0.9682;1;1;0.8885;0.0609;0.986;0.9888;1;0.9659;0.9555;0.998;0.998;1;0.998;0.998;0.9527;0.8565;0.058;1.53;1.512;0.0091;0.0061;0.0466;0.0102;0.036;0.0039;0;0;0.088;0;1.256;0;0;0;0;0;0;0;0;0;0;0;0;0.029;0.0054;1.3657;1.3657;0;33.75;33.75;19.8;0.0408;1299;1051.3;1;0.0217;0.0217;0;0;0;0;0;0;1.344;1.256;0;17.004;19.69;15.638;18.108;98.41;98.41;12.228;10.915;10.038;1.3135;0.8768;0.1074;0.0717;0.8209;55.333;0.797;0
09/07/21 15:00;14.411;48.726;52.873;18.875;32.809;90;32.809;193.71;119.5;74.203;13.71;1.49;0;179.96;85.174;65.353;0;2.0084;332.5;0;332.5;179.96;65.353;85.174;2.0084;0.5412;0.2622;0;0.006;326.34;6.16;0;0;4.3707;1.7893;318.98;6.7046;2.9788;1.0818;2.6093;0.0348;325.69;0.6527;0.3599;0.1307;0.1616;0.0004;319.3;176.62;64.141;78.032;0.1839;57.773;50.031;12.67;1.7572;0.5171;7.4385;0.3225;6.1984;0;1;0;0;1.7165;0.9815;1;1;0.9487;0.1091;0.9794;0.9834;1;0.9676;0.8411;0.998;0.998;1;0.998;0.998;0.9593;0.9162;0.0916;0.9985;0.9774;0.0059;0.0137;0.0058;0.0067;0.0236;0.0014;0;0;0.088;0;0.7958;0;0;0;0;0;0;0;0;0;0;0;0;0.019;0.0024;0.8987;0.8987;0;26.675;26.675;12.965;0.0406;837.04;1073.7;1;0.015;0.015;0;0;0;0;0;0;0.8838;0.7958;0;17.147;19.856;15.182;17.581;98.334;98.334;7.9799;7.1827;6.3597;0.7972;0.823;0.0999;0.1031;0.797;57.277;0.7838;0
09/07/21 16:00;5.0461;58.148;77.683;5.9347;8.588;90;8.588;10.392;10.297;0.0954;12.87;2.21;0;0.2313;10.231;0.0205;0;0.0076;10.49;0;10.49;0.2313;0.0205;10.231;0.0076;0.0221;0.976;0;0.0007;10.426;0.064;0;0;0.0577;0.0063;9.9193;0.4861;0.0573;0.0051;0.4235;0.0003;10.405;0.0209;0.0005;0;0.0203;0;9.9205;0.1736;0.0154;9.7294;0.001;6.1135;5.2943;1.249;0.0016;0.0487;0.7005;0.0012;0.7476;0;1;0;0;1.0094;0.9939;1;1;0.9944;0.1648;0.9533;0.7519;1;0.9583;0.7751;0.998;0.998;1;0.998;0.998;0.9456;0.951;0.1275;0.0315;0.0314;0.0002;0.0061;-0.0013;0.0002;0.0007;0.0001;0;0;0.088;0;-0.0657;0;0;0;0;0;0;0;0;0;0;0;0;0.0005;0;0.0248;0.0248;0;13.286;13.286;0.4165;0.042;25.135;987.04;1;0.0025;0.0025;0;0;0;0;0;0;0.0223;-0.0657;0;15.002;17.372;-39.743;-46.021;89.8;89.8;0.2518;0.1983;-0.5252;0.0535;0.7235;0.2125;2.8738;0;6.113;0;0
09/07/21 17:00;0;0;90;0;0;90;0;0;0;0;10;2.5401;0;0;0;0;0;0;0;0;0;0;0;0;0;1;1;1;1;0;0;0;0;0;0;0;0;0;0;0;0;0;0;0;0;0;0;0;0;0;0;0;0;0;0;0;0;0;0;0;0;0;0;0;1;1;1;1;1;1;1;1;1;1;1;1;1;1;1;1;1;1;1;0;0;0;0;0;0;0;0;0;0.0004;0.088;0;-0.0884;0;0;0;0;0;0;0;0;0;0;0;0;0;0;0;0;0;0;0;-10;0;0;0;0;0.0004;0;0;0;0;0;0;0;-0.0004;-0.0884;0;0;0;0;0;0;0;0;0;-0.7063;0;0.7063;1;1;0;0;0;0
09/07/21 18:00;0;0;90;0;0;90;0;0;0;0;8.8599;2.7199;0;0;0;0;0;0;0;0;0;0;0;0;0;1;1;1;1;0;0;0;0;0;0;0;0;0;0;0;0;0;0;0;0;0;0;0;0;0;0;0;0;0;0;0;0;0;0;0;0;0;0;0;1;1;1;1;1;1;1;1;1;1;1;1;1;1;1;1;1;1;1;0;0;0;0;0;0;0;0;0;0.0004;0.088;0;-0.0884;0;0;0;0;0;0;0;0;0;0;0;0;0;0;0;0;0;0;0;-8.8599;0;0;0;0;0.0004;0;0;0;0;0;0;0;-0.0004;-0.0884;0;0;0;0;0;0;0;0;0;-0.7063;0;0.7063;1;1;0;0;0;0
09/07/21 19:00;0;0;90;0;0;90;0;0;0;0;6.9501;2.7801;0;0;0;0;0;0;0;0;0;0;0;0;0;1;1;1;1;0;0;0;0;0;0;0;0;0;0;0;0;0;0;0;0;0;0;0;0;0;0;0;0;0;0;0;0;0;0;0;0;0;0;0;1;1;1;1;1;1;1;1;1;1;1;1;1;1;1;1;1;1;1;0;0;0;0;0;0;0;0;0;0.0004;0.088;0;-0.0884;0;0;0;0;0;0;0;0;0;0;0;0;0;0;0;0;0;0;0;-6.9501;0;0;0;0;0.0004;0;0;0;0;0;0;0;-0.0004;-0.0884;0;0;0;0;0;0;0;0;0;-0.7063;0;0.7063;1;1;0;0;0;0
09/07/21 20:00;0;0;90;0;0;90;0;0;0;0;5.5002;2.7899;0;0;0;0;0;0;0;0;0;0;0;0;0;1;1;1;1;0;0;0;0;0;0;0;0;0;0;0;0;0;0;0;0;0;0;0;0;0;0;0;0;0;0;0;0;0;0;0;0;0;0;0;1;1;1;1;1;1;1;1;1;1;1;1;1;1;1;1;1;1;1;0;0;0;0;0;0;0;0;0;0.0004;0.088;0;-0.0884;0;0;0;0;0;0;0;0;0;0;0;0;0;0;0;0;0;0;0;-5.5002;0;0;0;0;0.0004;0;0;0;0;0;0;0;-0.0004;-0.0884;0;0;0;0;0;0;0;0;0;-0.7063;0;0.7063;1;1;0;0;0;0
09/07/21 21:00;0;0;90;0;0;90;0;0;0;0;6.1703;2.8601;0;0;0;0;0;0;0;0;0;0;0;0;0;1;1;1;1;0;0;0;0;0;0;0;0;0;0;0;0;0;0;0;0;0;0;0;0;0;0;0;0;0;0;0;0;0;0;0;0;0;0;0;1;1;1;1;1;1;1;1;1;1;1;1;1;1;1;1;1;1;1;0;0;0;0;0;0;0;0;0;0.0004;0.088;0;-0.0884;0;0;0;0;0;0;0;0;0;0;0;0;0;0;0;0;0;0;0;-6.1703;0;0;0;0;0.0004;0;0;0;0;0;0;0;-0.0004;-0.0884;0;0;0;0;0;0;0;0;0;-0.7063;0;0.7063;1;1;0;0;0;0
09/07/21 22:00;0;0;90;0;0;90;0;0;0;0;5.3001;2.98;0;0;0;0;0;0;0;0;0;0;0;0;0;1;1;1;1;0;0;0;0;0;0;0;0;0;0;0;0;0;0;0;0;0;0;0;0;0;0;0;0;0;0;0;0;0;0;0;0;0;0;0;1;1;1;1;1;1;1;1;1;1;1;1;1;1;1;1;1;1;1;0;0;0;0;0;0;0;0;0;0.0004;0.088;0;-0.0884;0;0;0;0;0;0;0;0;0;0;0;0;0;0;0;0;0;0;0;-5.3001;0;0;0;0;0.0004;0;0;0;0;0;0;0;-0.0004;-0.0884;0;0;0;0;0;0;0;0;0;-0.7063;0;0.7063;1;1;0;0;0;0
09/07/21 23:00;0;0;90;0;0;90;0;0;0;0;4.7703;2.9;0;0;0;0;0;0;0;0;0;0;0;0;0;1;1;1;1;0;0;0;0;0;0;0;0;0;0;0;0;0;0;0;0;0;0;0;0;0;0;0;0;0;0;0;0;0;0;0;0;0;0;0;1;1;1;1;1;1;1;1;1;1;1;1;1;1;1;1;1;1;1;0;0;0;0;0;0;0;0;0;0.0004;0.088;0;-0.0884;0;0;0;0;0;0;0;0;0;0;0;0;0;0;0;0;0;0;0;-4.7703;0;0;0;0;0.0004;0;0;0;0;0;0;0;-0.0004;-0.0884;0;0;0;0;0;0;0;0;0;-0.7063;0;0.7063;1;1;0;0;0;0
10/07/21 00:00;0;0;90;0;0;90;0;0;0;0;4.64;2.7099;0;0;0;0;0;0;0;0;0;0;0;0;0;1;1;1;1;0;0;0;0;0;0;0;0;0;0;0;0;0;0;0;0;0;0;0;0;0;0;0;0;0;0;0;0;0;0;0;0;0;0;0;1;1;1;1;1;1;1;1;1;1;1;1;1;1;1;1;1;1;1;0;0;0;0;0;0;0;0;0;0.0004;0.088;0;-0.0884;0;0;0;0;0;0;0;0;0;0;0;0;0;0;0;0;0;0;0;-4.64;0;0;0;0;0.0004;0;0;0;0;0;0;0;-0.0004;-0.0884;0;0;0;0;0;0;0;0;0;-0.7063;0;0.7063;1;1;0;0;0;0
10/07/21 01:00;0;0;90;0;0;90;0;0;0;0;4.5203;2.57;0;0;0;0;0;0;0;0;0;0;0;0;0;1;1;1;1;0;0;0;0;0;0;0;0;0;0;0;0;0;0;0;0;0;0;0;0;0;0;0;0;0;0;0;0;0;0;0;0;0;0;0;1;1;1;1;1;1;1;1;1;1;1;1;1;1;1;1;1;1;1;0;0;0;0;0;0;0;0;0;0.0004;0.088;0;-0.0884;0;0;0;0;0;0;0;0;0;0;0;0;0;0;0;0;0;0;0;-4.5203;0;0;0;0;0.0004;0;0;0;0;0;0;0;-0.0004;-0.0884;0;0;0;0;0;0;0;0;0;-0.7063;0;0.7063;1;1;0;0;0;0
10/07/21 02:00;0;0;90;0;0;90;0;0;0;0;3.7598;2.5;0;0;0;0;0;0;0;0;0;0;0;0;0;1;1;1;1;0;0;0;0;0;0;0;0;0;0;0;0;0;0;0;0;0;0;0;0;0;0;0;0;0;0;0;0;0;0;0;0;0;0;0;1;1;1;1;1;1;1;1;1;1;1;1;1;1;1;1;1;1;1;0;0;0;0;0;0;0;0;0;0.0004;0.088;0;-0.0884;0;0;0;0;0;0;0;0;0;0;0;0;0;0;0;0;0;0;0;-3.7598;0;0;0;0;0.0004;0;0;0;0;0;0;0;-0.0004;-0.0884;0;0;0;0;0;0;0;0;0;-0.7063;0;0.7063;1;1;0;0;0;0
10/07/21 03:00;0;0;90;0;0;90;0;0;0;0;2.53;2.43;0;0;0;0;0;0;0;0;0;0;0;0;0;1;1;1;1;0;0;0;0;0;0;0;0;0;0;0;0;0;0;0;0;0;0;0;0;0;0;0;0;0;0;0;0;0;0;0;0;0;0;0;1;1;1;1;1;1;1;1;1;1;1;1;1;1;1;1;1;1;1;0;0;0;0;0;0;0;0;0;0.0004;0.088;0;-0.0884;0;0;0;0;0;0;0;0;0;0;0;0;0;0;0;0;0;0;0;-2.53;0;0;0;0;0.0004;0;0;0;0;0;0;0;-0.0004;-0.0884;0;0;0;0;0;0;0;0;0;-0.7063;0;0.7063;1;1;0;0;0;0
10/07/21 04:00;0;0;90;0;0;90;0;0;0;0;1.5501;2.35;0;0;0;0;0;0;0;0;0;0;0;0;0;1;1;1;1;0;0;0;0;0;0;0;0;0;0;0;0;0;0;0;0;0;0;0;0;0;0;0;0;0;0;0;0;0;0;0;0;0;0;0;1;1;1;1;1;1;1;1;1;1;1;1;1;1;1;1;1;1;1;0;0;0;0;0;0;0;0;0;0.0004;0.088;0;-0.0884;0;0;0;0;0;0;0;0;0;0;0;0;0;0;0;0;0;0;0;-1.5501;0;0;0;0;0.0004;0;0;0;0;0;0;0;-0.0004;-0.0884;0;0;0;0;0;0;0;0;0;-0.7063;0;0.7063;1;1;0;0;0;0
10/07/21 05:00;0;0;90;0;0;90;0;0;0;0;1.0901;2.19;0;0;0;0;0;0;0;0;0;0;0;0;0;1;1;1;1;0;0;0;0;0;0;0;0;0;0;0;0;0;0;0;0;0;0;0;0;0;0;0;0;0;0;0;0;0;0;0;0;0;0;0;1;1;1;1;1;1;1;1;1;1;1;1;1;1;1;1;1;1;1;0;0;0;0;0;0;0;0;0;0.0004;0.088;0;-0.0884;0;0;0;0;0;0;0;0;0;0;0;0;0;0;0;0;0;0;0;-1.0901;0;0;0;0;0.0004;0;0;0;0;0;0;0;-0.0004;-0.0884;0;0;0;0;0;0;0;0;0;-0.7063;0;0.7063;1;1;0;0;0;0
10/07/21 06:00;0;0;90;0;0;90;0;0;0;0;0.7598;2.28;0;0;0;0;0;0;0;0;0;0;0;0;0;1;1;1;1;0;0;0;0;0;0;0;0;0;0;0;0;0;0;0;0;0;0;0;0;0;0;0;0;0;0;0;0;0;0;0;0;0;0;0;1;1;1;1;1;1;1;1;1;1;1;1;1;1;1;1;1;1;1;0;0;0;0;0;0;0;0;0;0.0004;0.088;0;-0.0884;0;0;0;0;0;0;0;0;0;0;0;0;0;0;0;0;0;0;0;-0.7598;0;0;0;0;0.0004;0;0;0;0;0;0;0;-0.0004;-0.0884;0;0;0;0;0;0;0;0;0;-0.7063;0;0.7063;1;1;0;0;0;0
10/07/21 07:00;4.5876;-58.719;78.815;5.3637;7.7396;-90;-7.7396;30.2;26.302;3.8986;0.2399;2.28;0;9.4551;25.217;2.3513;0;0.0179;37.041;0;37.041;9.4551;2.3513;25.217;0.0179;0.2553;0.6813;0;0.0005;36.907;0.1344;0;0;0.1194;0.0149;32.462;4.3715;2.6539;0.66;1.0569;0.0007;36.833;0.0738;0.0189;0.0047;0.0502;0;32.464;6.7823;1.6866;23.99;0.0023;15.065;13.047;3.0783;0.0026;0.1199;1.7246;0.0021;1.8419;0;1;0;0;1.2265;0.9964;1;1;0.9953;0.1656;0.8813;0.7188;1;0.9578;0.7757;0.998;0.998;1;0.998;0.998;0.8764;0.9514;0.1282;0.1112;0.1014;0.0006;0.0113;-0.0087;0.0007;0.0024;0.0003;0;0;0.088;0;-0.0002;0;0;0;0;0;0;0;0;0;0;0;0;0.002;0.0001;0.0927;0.0927;0;1.5618;1.5618;1.3219;0.0407;84.74;1093.4;1;0.0048;0.0048;0;0;0;0;0;0;0.0878;-0.0002;0;15.869;18.376;-0.0263;-0.0304;94.806;94.806;0.889;0.7405;-0.0012;0.1485;0.7418;0.167;0.8344;0;15.042;0;0
10/07/21 08:00;13.714;-49.72;54.903;17.738;29.899;-90;-29.899;138.89;87.2;51.691;2.2003;1.6799;0;125.36;67.976;34.871;0;1.2016;229.41;0;229.41;125.36;34.871;67.976;1.2016;0.5465;0.3015;0;0.0052;225.35;4.0582;0;0;3.0054;1.0528;219.46;5.4458;2.5871;0.7196;2.1127;0.0263;224.9;0.4507;0.2507;0.0697;0.1299;0.0003;219.66;122.53;34.082;62.728;0.1222;45.096;39.053;9.7664;1.0176;0.3886;5.5903;0.2028;4.9613;0;1;0;0;1.6517;0.9823;1;1;0.9558;0.1238;0.9758;0.9793;1;0.9674;0.8228;0.998;0.998;1;0.998;0.998;0.9566;0.9228;0.1017;0.6889;0.6734;0.0041;0.0172;-0.0334;0.0048;0.017;0.0011;0;0;0.088;0;0.5477;0;0;0;0;0;0;0;0;0;0;0;0;0.0137;0.0013;0.6476;0.6476;0;11.028;11.028;8.8274;0.0402;575.35;1125.6;1;0.0119;0.0119;0;0;0;0;0;0;0.6357;0.5477;0;17.907;20.736;15.144;17.537;98.161;98.161;5.5059;5.1756;4.3771;0.3303;0.7985;0.06;0.145;0.795;44.772;0.7807;0
10/07/21 09:00;22.239;-38.181;46.685;33.484;56.516;-90;-56.516;287.1;116.7;170.4;4.2099;1.5101;0;308.86;59.716;72.02;0;8.3659;448.96;0;448.96;308.86;72.02;59.716;8.3659;0.6879;0.1516;0;0.0186;434.23;14.73;0;0;6.8914;7.8388;427.42;5.943;3.3272;0.7758;1.8148;0.0252;433.36;0.8685;0.6177;0.144;0.1056;0.0011;429.46;304.91;71.1;50.904;0.5008;103.82;89.904;23.229;8.071;1.2186;17.529;2.0378;10.677;0;1;0;0;1.5638;0.9672;1;1;0.8846;0.063;0.9863;0.9892;1;0.9656;0.9521;0.998;0.998;1;0.998;0.998;0.952;0.8524;0.0599;1.3482;1.3304;0.008;0.0087;-0.0164;0.0093;0.033;0.0035;0;0;0.088;0;1.1447;0;0;0;0;0;0;0;0;0;0;0;0;0.0266;0.0042;1.2535;1.2535;0;21.477;21.477;17.267;0.0404;1138.6;1100.9;1;0.0208;0.0208;0;0;0;0;0;0;1.2327;1.1447;0;17.711;20.509;16.174;18.729;98.339;98.339;10.775;10.018;9.1482;0.7571;0.8697;0.0703;0.0807;0.849;49.958;0.8249;0
10/07/21 10:00;28.639;-24.517;52.99;52.771;37.229;-90;-37.229;433.39;100.7;332.7;6.1802;1.23;0;417.85;42.964;66.387;0;5.7406;532.94;0;532.94;417.85;66.387;42.964;5.7406;0.784;0.0914;0;0.0108;525.05;7.8898;0;0;2.6835;5.2063;514.52;9.4738;7.0005;1.1122;1.2974;0.0636;524;1.0501;0.8357;0.1328;0.0806;0.0011;516.22;410.01;65.142;38.903;0.4697;216.78;187.73;47.433;1.3695;1.6077;23.127;1.6912;23.365;0;1;0;0;1.2297;0.9852;1;1;0.9375;0.0931;0.9819;0.9832;1;0.9677;0.8808;0.998;0.998;1;0.998;0.998;0.9654;0.9055;0.0818;1.6004;1.6035;0.0097;0.0049;0.0115;0.011;0.0392;0.0045;0;0;0.088;0;1.3728;0;0;0;0;0;0;0;0;0;0;0;0;0.0315;0.006;1.4852;1.4852;0;27.045;27.045;20.865;0.0406;1375.8;1079.5;1;0.0244;0.0244;0;0;0;0;0;0;1.4608;1.3728;0;17.679;20.472;16.341;18.923;98.358;98.358;12.791;11.87;10.972;0.9206;0.8982;0.072;0.0702;0.8578;29.903;0.8308;0
10/07/21 11:00;32.185;-8.9317;56.727;76.143;13.857;-90;-13.857;532.1;92.203;439.9;8.9497;1.06;0;453.09;34.115;59.311;0;1.0067;547.52;0;547.52;453.09;59.311;34.115;1.0067;0.8275;0.0641;0;0.0018;546.25;1.2665;0;0;0.4273;0.8393;530.78;14.38;11.54;1.5107;1.2917;0.0375;545.16;1.0925;0.9062;0.1186;0.0674;0.0003;531.01;440.64;57.681;32.328;0.1296;307.93;266.66;66.407;0.0335;2.2225;31.97;0.2293;34.159;0;1;0;0;1.029;0.9977;1;1;0.9875;0.1663;0.9736;0.9745;1;0.9616;0.7755;0.998;0.998;1;0.998;0.998;0.9694;0.9476;0.1287;1.6442;1.6667;0.01;0.0041;0.0323;0.0113;0.0402;0.0062;0;0;0.088;0;1.4108;0;0;0;0;0;0;0;0;0;0;0;0;0.0324;0.0064;1.5237;1.5237;0;30.534;30.534;21.584;0.0407;1430.5;1065.2;1;0.0249;0.0249;0;0;0;0;0;0;1.4988;1.4108;0;17.654;20.443;16.346;18.928;98.367;98.367;13.14;12.177;11.275;0.963;0.9021;0.0733;0.0687;0.8581;20.679;0.8221;0
10/07/21 12:00;32.339;7.5044;56.894;78.344;11.656;90;11.656;537.2;97.298;439.9;11.46;1;0;449.17;36.409;61.783;0;0.72;548.08;0;548.08;449.17;61.783;36.409;0.72;0.8195;0.0677;0;0.0013;547.14;0.9429;0;0;0.3417;0.6012;531.31;14.732;11.666;1.6047;1.4339;0.0267;546.04;1.0943;0.8983;0.1236;0.0721;0.0002;531.46;436.6;60.055;34.562;0.0919;312.69;270.79;67.648;0.019;2.2421;32.251;0.1512;34.475;0;1;0;0;1.0202;0.9983;1;1;0.9906;0.1651;0.973;0.974;1;0.9602;0.7746;0.998;0.998;1;0.998;0.998;0.9694;0.9493;0.1276;1.6459;1.6687;0.01;0.0041;0.0475;0.0112;0.0399;0.0062;0;0;0.088;0;1.3987;0;0;0;0;0;0;0;0;0;0;0;0;0.0321;0.0064;1.5112;1.5112;0;33.112;33.112;21.652;0.0408;1432.8;1054.7;1;0.0245;0.0245;0;0;0;0;0;0;1.4867;1.3987;0;17.491;20.254;16.189;18.747;98.382;98.382;13.154;12.077;11.178;1.0767;0.8987;0.0819;0.0683;0.8498;21.92;0.814;0
10/07/21 13:00;29.074;23.219;53.437;54.66;35.34;90;35.34;479.3;101.6;377.7;12.7;1.2899;0;463.02;38.024;73.21;0;5.7407;579.99;0;579.99;463.02;73.21;38.024;5.7407;0.7983;0.0755;0;0.0099;572.62;7.3685;0;0;2.1932;5.1753;560.83;10.649;8.1314;1.2857;1.154;0.0781;571.48;1.1452;0.926;0.1464;0.0717;0.0011;562.48;453.96;71.777;34.605;0.4862;243.47;210.85;53.772;1.014;1.7393;25.019;1.651;25.744;0;1;0;0;1.2101;0.9873;1;1;0.9423;0.0985;0.9814;0.9824;1;0.9677;0.8616;0.998;0.998;1;0.998;0.998;0.967;0.9101;0.0847;1.7417;1.7469;0.0105;0.0031;0.0649;0.0117;0.0414;0.0048;0;0;0.088;0;1.4566;0;0;0;0;0;0;0;0;0;0;0;0;0.0334;0.007;1.57;1.57;0;35.597;35.597;22.897;0.0408;1501.2;1045.9;1;0.0254;0.0254;0;0;0;0;0;0;1.5446;1.4566;0;17.172;19.885;15.932;18.449;98.38;98.38;13.92;12.548;11.641;1.372;0.9065;0.0986;0.0651;0.8363;26.068;0.8101;0
10/07/21 14:00;22.895;37.071;47.31;35.015;54.985;90;54.985;365.8;109.3;256.51;13.51;1.5299;0;447.04;43.124;94.975;0;10.134;595.28;0;595.28;447.04;94.975;43.124;10.134;0.751;0.0895;0;0.017;580.97;14.309;0;0;4.7921;9.5173;572.44;7.3674;4.9789;1.0578;1.3036;0.0272;579.81;1.1619;0.8941;0.19;0.0767;0.0012;574.73;441.17;93.728;36.951;0.5885;124.08;107.45;26.534;5.2911;1.2532;18.027;2.2922;13.989;0;1;0;0;1.6273;0.976;1;1;0.8889;0.0609;0.9873;0.9888;1;0.9659;0.9558;0.998;0.998;1;0.998;0.998;0.9616;0.8569;0.0581;1.7876;1.769;0.0106;0.0029;0.0739;0.0118;0.0417;0.0034;0;0;0.088;0;1.4702;0;0;0;0;0;0;0;0;0;0;0;0;0.0336;0.0072;1.5839;1.5839;0;36.905;36.905;23.395;0.0409;1521.1;1041.3;1;0.0256;0.0256;0;0;0;0;0;0;1.5582;1.4702;0;16.879;19.545;15.668;18.143;98.383;98.383;14.287;12.658;11.75;1.6285;0.908;0.114;0.0636;0.8225;35.467;0.8042;0
10/07/21 15:00;14.528;48.787;52.528;19.007;33.167;90;33.167;210.19;111;99.191;13.8;1.86;0;240.57;71.47;80.502;0;2.226;394.76;0;394.76;240.57;80.502;71.47;2.226;0.6094;0.1867;0;0.0056;389.05;5.7175;0;0;3.731;1.9865;380.91;7.3541;3.8442;1.2864;2.1862;0.0373;388.27;0.7781;0.4811;0.161;0.1355;0.0005;381.19;236.24;79.054;65.417;0.2017;48.839;42.294;10.751;1.5309;0.4375;6.2926;0.2784;5.1991;0;1;0;0;1.8781;0.9855;1;1;0.9478;0.1076;0.9811;0.984;1;0.9677;0.8438;0.998;0.998;1;0.998;0.998;0.9649;0.9153;0.0906;1.1855;1.1614;0.007;0.0112;0.0177;0.0079;0.0279;0.0012;0;0;0.088;0;0.9573;0;0;0;0;0;0;0;0;0;0;0;0;0.0225;0.0033;1.0627;1.0627;0;29.299;29.299;15.499;0.0407;996.71;1066.2;1;0.0174;0.0174;0;0;0;0;0;0;1.0453;0.9573;0;17.076;19.774;15.383;17.813;98.366;98.366;9.4743;8.4928;7.6507;0.9815;0.8421;0.1036;0.0889;0.8075;48.19;0.798;0
10/07/21 16:00;4.9809;58.374;77.844;5.844;8.4527;90;8.4527;42.41;40.903;1.5066;12.98;2.49;0;3.6539;40.147;1.3017;0;0.0299;45.133;0;45.133;3.6539;1.3017;40.147;0.0299;0.081;0.8902;0;0.0007;44.887;0.2456;0;0;0.2206;0.025;41.882;2.9153;0.9209;0.3281;1.6651;0.0011;44.797;0.0898;0.0073;0.0026;0.0799;0;41.886;2.7257;0.9711;38.181;0.0038;23.991;20.776;4.9019;0.006;0.1911;2.7484;0.0044;2.9335;0;1;0;0;1.0642;0.9946;1;1;0.9945;0.1648;0.9349;0.7475;1;0.9582;0.7751;0.998;0.998;1;0.998;0.998;0.928;0.951;0.1275;0.1355;0.132;0.0008;0.0128;-0.005;0.0009;0.0031;0.0005;0;0;0.088;0;0.0232;0;0;0;0;0;0;0;0;0;0;0;0;0.0025;0.0001;0.1164;0.1164;0;14.699;14.699;1.7188;0.041;111.2;1046.5;1;0.0052;0.0052;0;0;0;0;0;0;0.1112;0.0232;0;16.356;18.939;3.2621;3.7774;95.569;95.569;1.0832;0.93;0.1855;0.1532;0.7445;0.1414;0.6873;0.1712;23.981;0.1638;0
10/07/21 17:00;0;0;90;0;0;90;0;0;0;0;7.4001;2.74;0;0;0;0;0;0;0;0;0;0;0;0;0;1;1;1;1;0;0;0;0;0;0;0;0;0;0;0;0;0;0;0;0;0;0;0;0;0;0;0;0;0;0;0;0;0;0;0;0;0;0;0;1;1;1;1;1;1;1;1;1;1;1;1;1;1;1;1;1;1;1;0;0;0;0;0;0;0;0;0;0.0004;0.088;0;-0.0884;0;0;0;0;0;0;0;0;0;0;0;0;0;0;0;0;0;0;0;-7.4001;0;0;0;0;0.0004;0;0;0;0;0;0;0;-0.0004;-0.0884;0;0;0;0;0;0;0;0;0;-0.7063;0;0.7063;1;1;0;0;0;0
10/07/21 18:00;0;0;90;0;0;90;0;0;0;0;5.7402;2.84;0;0;0;0;0;0;0;0;0;0;0;0;0;1;1;1;1;0;0;0;0;0;0;0;0;0;0;0;0;0;0;0;0;0;0;0;0;0;0;0;0;0;0;0;0;0;0;0;0;0;0;0;1;1;1;1;1;1;1;1;1;1;1;1;1;1;1;1;1;1;1;0;0;0;0;0;0;0;0;0;0.0004;0.088;0;-0.0884;0;0;0;0;0;0;0;0;0;0;0;0;0;0;0;0;0;0;0;-5.7402;0;0;0;0;0.0004;0;0;0;0;0;0;0;-0.0004;-0.0884;0;0;0;0;0;0;0;0;0;-0.7063;0;0.7063;1;1;0;0;0;0
10/07/21 19:00;0;0;90;0;0;90;0;0;0;0;4.2199;2.7999;0;0;0;0;0;0;0;0;0;0;0;0;0;1;1;1;1;0;0;0;0;0;0;0;0;0;0;0;0;0;0;0;0;0;0;0;0;0;0;0;0;0;0;0;0;0;0;0;0;0;0;0;1;1;1;1;1;1;1;1;1;1;1;1;1;1;1;1;1;1;1;0;0;0;0;0;0;0;0;0;0.0004;0.088;0;-0.0884;0;0;0;0;0;0;0;0;0;0;0;0;0;0;0;0;0;0;0;-4.2199;0;0;0;0;0.0004;0;0;0;0;0;0;0;-0.0004;-0.0884;0;0;0;0;0;0;0;0;0;-0.7063;0;0.7063;1;1;0;0;0;0
10/07/21 20:00;0;0;90;0;0;90;0;0;0;0;3.6102;2.58;0;0;0;0;0;0;0;0;0;0;0;0;0;1;1;1;1;0;0;0;0;0;0;0;0;0;0;0;0;0;0;0;0;0;0;0;0;0;0;0;0;0;0;0;0;0;0;0;0;0;0;0;1;1;1;1;1;1;1;1;1;1;1;1;1;1;1;1;1;1;1;0;0;0;0;0;0;0;0;0;0.0004;0.088;0;-0.0884;0;0;0;0;0;0;0;0;0;0;0;0;0;0;0;0;0;0;0;-3.6102;0;0;0;0;0.0004;0;0;0;0;0;0;0;-0.0004;-0.0884;0;0;0;0;0;0;0;0;0;-0.7063;0;0.7063;1;1;0;0;0;0
10/07/21 21:00;0;0;90;0;0;90;0;0;0;0;2.5899;2.1699;0;0;0;0;0;0;0;0;0;0;0;0;0;1;1;1;1;0;0;0;0;0;0;0;0;0;0;0;0;0;0;0;0;0;0;0;0;0;0;0;0;0;0;0;0;0;0;0;0;0;0;0;1;1;1;1;1;1;1;1;1;1;1;1;1;1;1;1;1;1;1;0;0;0;0;0;0;0;0;0;0.0004;0.088;0;-0.0884;0;0;0;0;0;0;0;0;0;0;0;0;0;0;0;0;0;0;0;-2.5899;0;0;0;0;0.0004;0;0;0;0;0;0;0;-0.0004;-0.0884;0;0;0;0;0;0;0;0;0;-0.7063;0;0.7063;1;1;0;0;0;0
10/07/21 22:00;0;0;90;0;0;90;0;0;0;0;2.2501;1.9101;0;0;0;0;0;0;0;0;0;0;0;0;0;1;1;1;1;0;0;0;0;0;0;0;0;0;0;0;0;0;0;0;0;0;0;0;0;0;0;0;0;0;0;0;0;0;0;0;0;0;0;0;1;1;1;1;1;1;1;1;1;1;1;1;1;1;1;1;1;1;1;0;0;0;0;0;0;0;0;0;0.0004;0.088;0;-0.0884;0;0;0;0;0;0;0;0;0;0;0;0;0;0;0;0;0;0;0;-2.2501;0;0;0;0;0.0004;0;0;0;0;0;0;0;-0.0004;-0.0884;0;0;0;0;0;0;0;0;0;-0.7063;0;0.7063;1;1;0;0;0;0
10/07/21 23:00;0;0;90;0;0;90;0;0;0;0;1.6698;2.12;0;0;0;0;0;0;0;0;0;0;0;0;0;1;1;1;1;0;0;0;0;0;0;0;0;0;0;0;0;0;0;0;0;0;0;0;0;0;0;0;0;0;0;0;0;0;0;0;0;0;0;0;1;1;1;1;1;1;1;1;1;1;1;1;1;1;1;1;1;1;1;0;0;0;0;0;0;0;0;0;0.0004;0.088;0;-0.0884;0;0;0;0;0;0;0;0;0;0;0;0;0;0;0;0;0;0;0;-1.6698;0;0;0;0;0.0004;0;0;0;0;0;0;0;-0.0004;-0.0884;0;0;0;0;0;0;0;0;0;-0.7063;0;0.7063;1;1;0;0;0;0
11/07/21 00:00;0;0;90;0;0;90;0;0;0;0;1.5302;2.6299;0;0;0;0;0;0;0;0;0;0;0;0;0;1;1;1;1;0;0;0;0;0;0;0;0;0;0;0;0;0;0;0;0;0;0;0;0;0;0;0;0;0;0;0;0;0;0;0;0;0;0;0;1;1;1;1;1;1;1;1;1;1;1;1;1;1;1;1;1;1;1;0;0;0;0;0;0;0;0;0;0.0004;0.088;0;-0.0884;0;0;0;0;0;0;0;0;0;0;0;0;0;0;0;0;0;0;0;-1.5302;0;0;0;0;0.0004;0;0;0;0;0;0;0;-0.0004;-0.0884;0;0;0;0;0;0;0;0;0;-0.7063;0;0.7063;1;1;0;0;0;0
11/07/21 01:00;0;0;90;0;0;90;0;0;0;0;0.3602;2.99;0;0;0;0;0;0;0;0;0;0;0;0;0;1;1;1;1;0;0;0;0;0;0;0;0;0;0;0;0;0;0;0;0;0;0;0;0;0;0;0;0;0;0;0;0;0;0;0;0;0;0;0;1;1;1;1;1;1;1;1;1;1;1;1;1;1;1;1;1;1;1;0;0;0;0;0;0;0;0;0;0.0004;0.088;0;-0.0884;0;0;0;0;0;0;0;0;0;0;0;0;0;0;0;0;0;0;0;-0.3602;0;0;0;0;0.0004;0;0;0;0;0;0;0;-0.0004;-0.0884;0;0;0;0;0;0;0;0;0;-0.7063;0;0.7063;1;1;0;0;0;0
11/07/21 02:00;0;0;90;0;0;90;0;0;0;0;0.7298;3.1199;0;0;0;0;0;0;0;0;0;0;0;0;0;1;1;1;1;0;0;0;0;0;0;0;0;0;0;0;0;0;0;0;0;0;0;0;0;0;0;0;0;0;0;0;0;0;0;0;0;0;0;0;1;1;1;1;1;1;1;1;1;1;1;1;1;1;1;1;1;1;1;0;0;0;0;0;0;0;0;0;0.0004;0.088;0;-0.0884;0;0;0;0;0;0;0;0;0;0;0;0;0;0;0;0;0;0;0;-0.7298;0;0;0;0;0.0004;0;0;0;0;0;0;0;-0.0004;-0.0884;0;0;0;0;0;0;0;0;0;-0.7063;0;0.7063;1;1;0;0;0;0
11/07/21 03:00;0;0;90;0;0;90;0;0;0;0;0.2499;3.13;0;0;0;0;0;0;0;0;0;0;0;0;0;1;1;1;1;0;0;0;0;0;0;0;0;0;0;0;0;0;0;0;0;0;0;0;0;0;0;0;0;0;0;0;0;0;0;0;0;0;0;0;1;1;1;1;1;1;1;1;1;1;1;1;1;1;1;1;1;1;1;0;0;0;0;0;0;0;0;0;0.0004;0.088;0;-0.0884;0;0;0;0;0;0;0;0;0;0;0;0;0;0;0;0;0;0;0;-0.2499;0;0;0;0;0.0004;0;0;0;0;0;0;0;-0.0004;-0.0884;0;0;0;0;0;0;0;0;0;-0.7063;0;0.7063;1;1;0;0;0;0
11/07/21 04:00;0;0;90;0;0;90;0;0;0;0;0.0697;3.07;0;0;0;0;0;0;0;0;0;0;0;0;0;1;1;1;1;0;0;0;0;0;0;0;0;0;0;0;0;0;0;0;0;0;0;0;0;0;0;0;0;0;0;0;0;0;0;0;0;0;0;0;1;1;1;1;1;1;1;1;1;1;1;1;1;1;1;1;1;1;1;0;0;0;0;0;0;0;0;0;0.0004;0.088;0;-0.0884;0;0;0;0;0;0;0;0;0;0;0;0;0;0;0;0;0;0;0;-0.0697;0;0;0;0;0.0004;0;0;0;0;0;0;0;-0.0004;-0.0884;0;0;0;0;0;0;0;0;0;-0.7063;0;0.7063;1;1;0;0;0;0
11/07/21 05:00;0;0;90;0;0;90;0;0;0;0;0.2798;3.22;0;0;0;0;0;0;0;0;0;0;0;0;0;1;1;1;1;0;0;0;0;0;0;0;0;0;0;0;0;0;0;0;0;0;0;0;0;0;0;0;0;0;0;0;0;0;0;0;0;0;0;0;1;1;1;1;1;1;1;1;1;1;1;1;1;1;1;1;1;1;1;0;0;0;0;0;0;0;0;0;0.0004;0.088;0;-0.0884;0;0;0;0;0;0;0;0;0;0;0;0;0;0;0;0;0;0;0;-0.2798;0;0;0;0;0.0004;0;0;0;0;0;0;0;-0.0004;-0.0884;0;0;0;0;0;0;0;0;0;-0.7063;0;0.7063;1;1;0;0;0;0
11/07/21 06:00;0;0;90;0;0;90;0;0;0;0;-1.0697;3.3599;0;0;0;0;0;0;0;0;0;0;0;0;0;1;1;1;1;0;0;0;0;0;0;0;0;0;0;0;0;0;0;0;0;0;0;0;0;0;0;0;0;0;0;0;0;0;0;0;0;0;0;0;1;1;1;1;1;1;1;1;1;1;1;1;1;1;1;1;1;1;1;0;0;0;0;0;0;0;0;0;0.0004;0.088;0;-0.0884;0;0;0;0;0;0;0;0;0;0;0;0;0;0;0;0;0;0;0;1.0697;0;0;0;0;0.0004;0;0;0;0;0;0;0;-0.0004;-0.0884;0;0;0;0;0;0;0;0;0;-0.7063;0;0.7063;1;1;0;0;0;0
11/07/21 07:00;4.6504;-58.841;78.66;5.43;7.8378;-90;-7.8378;47.196;23.003;24.193;-0.98;3.24;0;58.675;17.729;12.588;0;0.0287;89.021;0;89.021;58.675;12.588;17.729;0.0287;0.6591;0.1995;0;0.0003;88.911;0.1096;0;0;0.0857;0.0239;68.33;20.403;16.187;3.4728;0.7421;0.0011;88.733;0.1778;0.1173;0.0252;0.0353;0;68.331;42.37;9.09;16.866;0.0037;10.721;9.2844;2.2064;0.0019;0.0843;1.2127;0.0015;1.295;0;1;0;0;1.8862;0.9988;1;1;0.9952;0.1656;0.7701;0.7236;1;0.9579;0.7756;0.998;0.998;1;0.998;0.998;0.7676;0.9513;0.1282;0.2673;0.2084;0.0013;0.0153;-0.0176;0.0015;0.0052;0.0002;0;0;0.088;0;0.103;0;0;0;0;0;0;0;0;0;0;0;0;0.0042;0.0002;0.1981;0.1981;0;1.7773;1.7773;2.7573;0.0404;176.29;1123.5;1;0.0071;0.0071;0;0;0;0;0;0;0.191;0.103;0;14.113;16.343;7.3365;8.4955;96.415;96.415;2.1365;1.5828;0.8228;0.5536;0.76;0.2591;0.3557;0.3851;10.577;0.3812;0
11/07/21 08:00;13.79;-49.836;54.683;17.805;30.064;-90;-30.064;153.31;79.397;73.91;1.9098;3.08;0;179.25;56.693;45.149;0;1.3406;282.43;0;282.43;179.25;45.149;56.693;1.3406;0.6347;0.2055;0;0.0047;278.73;3.7041;0;0;2.5285;1.1756;271.87;6.3069;3.6086;0.9089;1.7604;0.029;278.17;0.5575;0.3585;0.0903;0.1083;0.0003;272.05;175.29;44.149;52.296;0.1357;37.836;32.766;8.0335;0.8651;0.3373;4.8513;0.1798;4.3234;0;1;0;0;1.8423;0.9869;1;1;0.9554;0.1231;0.9773;0.9798;1;0.9674;0.8238;0.998;0.998;1;0.998;0.998;0.9626;0.9224;0.1012;0.8482;0.8296;0.005;0.0156;-0.0356;0.0059;0.021;0.001;0;0;0.088;0;0.6959;0;0;0;0;0;0;0;0;0;0;0;0;0.0169;0.0018;0.798;0.798;0;12.845;12.845;10.935;0.0402;709.52;1124.7;1;0.0141;0.0141;0;0;0;0;0;0;0.7839;0.6959;0;17.923;20.755;15.63;18.099;98.233;98.233;6.7784;6.3776;5.5616;0.4008;0.816;0.0591;0.1204;0.8205;37.383;0.8101;0
11/07/21 09:00;22.333;-38.288;46.554;33.544;56.456;-90;-56.456;346.19;66.998;279.19;5.09;3.8101;0;505.26;23.114;67.363;0;10.068;605.8;0;605.8;505.26;67.363;23.114;10.068;0.834;0.0548;0;0.0166;593.71;12.097;0;0;2.6633;9.4339;585.66;6.8575;5.4045;0.7205;0.7023;0.0302;592.52;1.1874;1.0105;0.1347;0.0409;0.0013;587.64;498.84;66.508;19.708;0.6028;100.79;87.288;21.566;3.114;0.9403;13.526;1.9766;11.352;0;1;0;0;1.7499;0.98;1;1;0.8848;0.063;0.9884;0.9893;1;0.9656;0.9523;0.998;0.998;1;0.998;0.998;0.9668;0.8526;0.0599;1.8192;1.7984;0.0108;0.0025;0.0242;0.0123;0.0437;0.0026;0;0;0.088;0;1.5438;0;0;0;0;0;0;0;0;0;0;0;0;0.0352;0.0074;1.6595;1.6595;0;28.864;28.864;23.774;0.0406;1545.1;1074.1;1;0.0277;0.0277;0;0;0;0;0;0;1.6318;1.5438;0;17.378;20.123;16.166;18.72;98.332;98.332;14.539;13.263;12.338;1.2764;0.9245;0.0878;0.0636;0.8486;19.324;0.8347;0
11/07/21 10:00;28.751;-24.606;52.854;52.804;37.196;-90;-37.196;466.6;82.198;384.41;8.82;4.1599;0;482.58;29.217;62.358;0;6.1698;580.32;0;580.32;482.58;62.358;29.217;6.1698;0.8316;0.061;0;0.0106;572.9;7.4171;0;0;1.8224;5.5947;561.8;9.9538;7.9726;1.0302;0.8824;0.0686;571.76;1.1458;0.9652;0.1247;0.0548;0.0012;563.6;473.64;61.203;26.458;0.5053;230.82;199.89;50.455;0.929;1.6808;24.177;1.8;24.929;0;1;0;0;1.2437;0.9872;1;1;0.9376;0.0932;0.9826;0.9834;1;0.9677;0.8805;0.998;0.998;1;0.998;0.998;0.9681;0.9056;0.0819;1.7427;1.7485;0.0105;0.0031;0.0409;0.0119;0.0421;0.0047;0;0;0.088;0;1.4803;0;0;0;0;0;0;0;0;0;0;0;0;0.0339;0.007;1.5945;1.5945;0;31.682;31.682;22.862;0.0407;1501.9;1061.7;1;0.0262;0.0262;0;0;0;0;0;0;1.5683;1.4803;0;17.43;20.183;16.181;18.738;98.357;98.357;13.928;12.743;11.83;1.1846;0.9126;0.0851;0.0655;0.8494;20.33;0.8237;0
11/07/21 11:00;32.312;-8.9911;56.591;76.121;13.879;-90;-13.879;531.11;93.4;437.71;11.75;3.8201;0;450.87;35.049;59.572;0;1.008;546.5;0;546.5;450.87;59.572;35.049;1.008;0.825;0.066;0;0.0018;545.22;1.2805;0;0;0.4401;0.8403;529.97;14.16;11.303;1.4933;1.3265;0.0376;544.13;1.0904;0.9017;0.1191;0.0692;0.0003;530.2;438.67;57.959;33.213;0.1297;307.35;266.17;66.277;0.0346;2.2188;31.917;0.2297;34.101;0;1;0;0;1.029;0.9977;1;1;0.9874;0.1663;0.974;0.9749;1;0.9616;0.7755;0.998;0.998;1;0.998;0.998;0.9698;0.9476;0.1287;1.6411;1.6642;0.01;0.0041;0.0488;0.0112;0.0398;0.0061;0;0;0.088;0;1.3934;0;0;0;0;0;0;0;0;0;0;0;0;0.032;0.0064;1.5057;1.5057;0;33.351;33.351;21.602;0.0408;1429;1053.7;1;0.0243;0.0243;0;0;0;0;0;0;1.4814;1.3934;0;17.478;20.239;16.174;18.73;98.384;98.384;13.116;12.034;11.136;1.0821;0.8977;0.0825;0.0684;0.8491;21.246;0.8135;0
11/07/21 12:00;32.474;7.4846;56.767;78.433;11.567;90;11.567;537.3;98.502;438.8;14.25;3.4201;0;447.89;37.249;62.133;0;0.7093;547.98;0;547.98;447.89;62.133;37.249;0.7093;0.8173;0.0693;0;0.0013;547.05;0.9373;0;0;0.3451;0.5922;531.41;14.546;11.461;1.5898;1.4692;0.0263;545.95;1.0941;0.8958;0.1243;0.0738;0.0002;531.56;435.54;60.419;35.361;0.0905;312.83;270.91;66.697;0.0189;2.3067;33.181;0.1511;35.469;0;1;0;0;1.0199;0.9983;1;1;0.9907;0.1651;0.9734;0.9744;1;0.9601;0.7746;0.998;0.998;1;0.998;0.998;0.9697;0.9493;0.1276;1.6456;1.6709;0.0101;0.0041;0.0643;0.0111;0.0395;0.0063;0;0;0.088;0;1.3852;0;0;0;0;0;0;0;0;0;0;0;0;0.0318;0.0065;1.4972;1.4972;0;35.957;35.957;21.707;0.0408;1435.2;1043.2;1;0.024;0.024;0;0;0;0;0;0;1.4732;1.3852;0;17.332;20.07;16.036;18.569;98.398;98.398;13.152;11.966;11.071;1.1861;0.8949;0.0902;0.068;0.8418;22.42;0.8053;0
11/07/21 13:00;29.21;23.238;53.325;54.79;35.21;90;35.21;482.6;101.1;381.5;14.76;3;0;466.92;37.557;73.147;0;5.739;583.37;0;583.37;466.92;73.147;37.557;5.739;0.8004;0.0742;0;0.0098;576.04;7.3245;0;0;2.1538;5.1707;564.3;10.591;8.1026;1.2693;1.1404;0.0791;574.89;1.1521;0.9338;0.1463;0.0708;0.0011;565.99;457.89;71.731;34.192;0.488;245.4;212.51;53.647;0.989;1.7866;25.699;1.6875;26.497;0;1;0;0;1.2088;0.9874;1;1;0.9427;0.099;0.9816;0.9826;1;0.9677;0.8605;0.998;0.998;1;0.998;0.998;0.9673;0.9104;0.085;1.7518;1.7589;0.0106;0.003;0.0793;0.0117;0.0414;0.0049;0;0;0.088;0;1.4544;0;0;0;0;0;0;0;0;0;0;0;0;0.0333;0.0071;1.5677;1.5677;0;37.841;37.841;23.081;0.0409;1511.8;1037;1;0.0252;0.0252;0;0;0;0;0;0;1.5424;1.4544;0;17.047;19.74;15.816;18.314;98.391;98.391;14.001;12.529;11.624;1.472;0.9049;0.1051;0.0646;0.8302;25.722;0.8037;0
11/07/21 14:00;23.025;37.118;47.212;35.155;54.845;90;54.845;260.01;185.9;74.103;14.98;2.13;0;128.7;125.49;46.254;0;7.1693;307.61;0;307.61;128.7;46.254;125.49;7.1693;0.4184;0.4313;0;0.0233;286.98;20.626;0;0;13.893;6.7327;280.66;5.7493;1.426;0.5125;3.7917;0.0191;286.41;0.574;0.2574;0.0925;0.2232;0.0009;283.07;127.02;45.649;107.58;0.4167;132;114.31;30.653;15.253;1.8012;25.91;2.4089;12.458;0;1;0;0;1.1831;0.9329;1;1;0.8893;0.0609;0.9799;0.9889;1;0.966;0.9562;0.998;0.998;1;0.998;0.998;0.9124;0.8573;0.0581;0.9238;0.9072;0.0055;0.0147;0.0045;0.0062;0.0219;0.005;0;0;0.088;0;0.7278;0;0;0;0;0;0;0;0;0;0;0;0;0.0176;0.0021;0.8297;0.8297;0;26.395;26.395;11.415;0.0407;775;1070.6;1;0.0139;0.0139;0;0;0;0;0;0;0.8158;0.7278;0;17.11;19.813;15.009;17.38;98.325;98.325;7.3826;6.6308;5.8165;0.7518;0.8143;0.1018;0.1103;0.7879;103.05;0.7411;0
11/07/21 15:00;14.648;48.853;52.17;19.142;33.54;90;33.54;226.41;99.999;126.41;15.04;1.78;0;306.57;57.024;91.668;0;2.4503;457.72;0;457.72;306.57;91.668;57.024;2.4503;0.6698;0.1299;0;0.0054;452.49;5.2203;0;0;3.0297;2.1905;443.67;7.9223;4.7274;1.4135;1.7417;0.0397;451.59;0.905;0.6131;0.1833;0.108;0.0005;443.91;301.23;90.071;52.144;0.2195;39.361;34.087;8.4661;1.2695;0.3678;5.2906;0.2447;4.3889;0;1;0;0;2.0217;0.9886;1;1;0.9469;0.106;0.9825;0.9845;1;0.9677;0.8467;0.998;0.998;1;0.998;0.998;0.9693;0.9144;0.0896;1.3745;1.3482;0.0081;0.0085;0.0388;0.009;0.0321;0.001;0;0;0.088;0;1.1129;0;0;0;0;0;0;0;0;0;0;0;0;0.0258;0.0044;1.2204;1.2204;0;33.136;33.136;18.096;0.0408;1159;1053;1;0.0196;0.0196;0;0;0;0;0;0;1.2009;1.1129;0;16.915;19.587;15.424;17.861;98.398;98.398;10.985;9.7538;8.8942;1.2314;0.8596;0.1121;0.0782;0.8097;38.557;0.8027;0
11/07/21 16:00;5.0927;58.453;77.568;5.9699;8.6405;90;8.6405;11.193;11.102;0.0911;12.59;1.8399;0;0.2209;11.031;0.0209;0;0.0083;11.281;0;11.281;0.2209;0.0209;11.031;0.0083;0.0196;0.9786;0;0.0007;11.211;0.0697;0;0;0.0629;0.0069;10.673;0.5156;0.054;0.0051;0.4562;0.0003;11.189;0.0224;0.0004;0;0.0219;0;10.674;0.1664;0.0157;10.49;0.0011;6.5921;5.7088;1.3469;0.0018;0.0525;0.7553;0.0013;0.8061;0;1;0;0;1.0078;0.9938;1;1;0.9943;0.1648;0.9539;0.755;1;0.9583;0.7751;0.998;0.998;1;0.998;0.998;0.9461;0.951;0.1275;0.0339;0.0337;0.0002;0.0064;-0.0014;0.0002;0.0007;0.0001;0;0;0.088;0;-0.0636;0;0;0;0;0;0;0;0;0;0;0;0;0.0006;0;0.0269;0.0269;0;13.037;13.037;0.4473;0.0419;27.166;991.69;1;0.0026;0.0026;0;0;0;0;0;0;0.0244;-0.0636;0;15.15;17.543;-35.792;-41.447;90.391;90.391;0.2707;0.2153;-0.5087;0.0554;0.724;0.2047;2.6741;0;6.5916;0;0
11/07/21 17:00;0;0;90;0;0;90;0;0;0;0;9.1199;1.8301;0;0;0;0;0;0;0;0;0;0;0;0;0;1;1;1;1;0;0;0;0;0;0;0;0;0;0;0;0;0;0;0;0;0;0;0;0;0;0;0;0;0;0;0;0;0;0;0;0;0;0;0;1;1;1;1;1;1;1;1;1;1;1;1;1;1;1;1;1;1;1;0;0;0;0;0;0;0;0;0;0.0004;0.088;0;-0.0884;0;0;0;0;0;0;0;0;0;0;0;0;0;0;0;0;0;0;0;-9.1199;0;0;0;0;0.0004;0;0;0;0;0;0;0;-0.0004;-0.0884;0;0;0;0;0;0;0;0;0;-0.7063;0;0.7063;1;1;0;0;0;0
11/07/21 18:00;0;0;90;0;0;90;0;0;0;0;8.0403;1.89;0;0;0;0;0;0;0;0;0;0;0;0;0;1;1;1;1;0;0;0;0;0;0;0;0;0;0;0;0;0;0;0;0;0;0;0;0;0;0;0;0;0;0;0;0;0;0;0;0;0;0;0;1;1;1;1;1;1;1;1;1;1;1;1;1;1;1;1;1;1;1;0;0;0;0;0;0;0;0;0;0.0004;0.088;0;-0.0884;0;0;0;0;0;0;0;0;0;0;0;0;0;0;0;0;0;0;0;-8.0403;0;0;0;0;0.0004;0;0;0;0;0;0;0;-0.0004;-0.0884;0;0;0;0;0;0;0;0;0;-0.7063;0;0.7063;1;1;0;0;0;0
11/07/21 19:00;0;0;90;0;0;90;0;0;0;0;6.9002;2.0099;0;0;0;0;0;0;0;0;0;0;0;0;0;1;1;1;1;0;0;0;0;0;0;0;0;0;0;0;0;0;0;0;0;0;0;0;0;0;0;0;0;0;0;0;0;0;0;0;0;0;0;0;1;1;1;1;1;1;1;1;1;1;1;1;1;1;1;1;1;1;1;0;0;0;0;0;0;0;0;0;0.0004;0.088;0;-0.0884;0;0;0;0;0;0;0;0;0;0;0;0;0;0;0;0;0;0;0;-6.9002;0;0;0;0;0.0004;0;0;0;0;0;0;0;-0.0004;-0.0884;0;0;0;0;0;0;0;0;0;-0.7063;0;0.7063;1;1;0;0;0;0
11/07/21 20:00;0;0;90;0;0;90;0;0;0;0;6.2301;2.1401;0;0;0;0;0;0;0;0;0;0;0;0;0;1;1;1;1;0;0;0;0;0;0;0;0;0;0;0;0;0;0;0;0;0;0;0;0;0;0;0;0;0;0;0;0;0;0;0;0;0;0;0;1;1;1;1;1;1;1;1;1;1;1;1;1;1;1;1;1;1;1;0;0;0;0;0;0;0;0;0;0.0004;0.088;0;-0.0884;0;0;0;0;0;0;0;0;0;0;0;0;0;0;0;0;0;0;0;-6.2301;0;0;0;0;0.0004;0;0;0;0;0;0;0;-0.0004;-0.0884;0;0;0;0;0;0;0;0;0;-0.7063;0;0.7063;1;1;0;0;0;0
11/07/21 21:00;0;0;90;0;0;90;0;0;0;0;5.3599;2.3199;0;0;0;0;0;0;0;0;0;0;0;0;0;1;1;1;1;0;0;0;0;0;0;0;0;0;0;0;0;0;0;0;0;0;0;0;0;0;0;0;0;0;0;0;0;0;0;0;0;0;0;0;1;1;1;1;1;1;1;1;1;1;1;1;1;1;1;1;1;1;1;0;0;0;0;0;0;0;0;0;0.0004;0.088;0;-0.0884;0;0;0;0;0;0;0;0;0;0;0;0;0;0;0;0;0;0;0;-5.3599;0;0;0;0;0.0004;0;0;0;0;0;0;0;-0.0004;-0.0884;0;0;0;0;0;0;0;0;0;-0.7063;0;0.7063;1;1;0;0;0;0
11/07/21 22:00;0;0;90;0;0;90;0;0;0;0;4.5702;2.6399;0;0;0;0;0;0;0;0;0;0;0;0;0;1;1;1;1;0;0;0;0;0;0;0;0;0;0;0;0;0;0;0;0;0;0;0;0;0;0;0;0;0;0;0;0;0;0;0;0;0;0;0;1;1;1;1;1;1;1;1;1;1;1;1;1;1;1;1;1;1;1;0;0;0;0;0;0;0;0;0;0.0004;0.088;0;-0.0884;0;0;0;0;0;0;0;0;0;0;0;0;0;0;0;0;0;0;0;-4.5702;0;0;0;0;0.0004;0;0;0;0;0;0;0;-0.0004;-0.0884;0;0;0;0;0;0;0;0;0;-0.7063;0;0.7063;1;1;0;0;0;0
11/07/21 23:00;0;0;90;0;0;90;0;0;0;0;3.4401;2.9401;0;0;0;0;0;0;0;0;0;0;0;0;0;1;1;1;1;0;0;0;0;0;0;0;0;0;0;0;0;0;0;0;0;0;0;0;0;0;0;0;0;0;0;0;0;0;0;0;0;0;0;0;1;1;1;1;1;1;1;1;1;1;1;1;1;1;1;1;1;1;1;0;0;0;0;0;0;0;0;0;0.0004;0.088;0;-0.0884;0;0;0;0;0;0;0;0;0;0;0;0;0;0;0;0;0;0;0;-3.4401;0;0;0;0;0.0004;0;0;0;0;0;0;0;-0.0004;-0.0884;0;0;0;0;0;0;0;0;0;-0.7063;0;0.7063;1;1;0;0;0;0
12/07/21 00:00;0;0;90;0;0;90;0;0;0;0;2.76;3.1199;0;0;0;0;0;0;0;0;0;0;0;0;0;1;1;1;1;0;0;0;0;0;0;0;0;0;0;0;0;0;0;0;0;0;0;0;0;0;0;0;0;0;0;0;0;0;0;0;0;0;0;0;1;1;1;1;1;1;1;1;1;1;1;1;1;1;1;1;1;1;1;0;0;0;0;0;0;0;0;0;0.0004;0.088;0;-0.0884;0;0;0;0;0;0;0;0;0;0;0;0;0;0;0;0;0;0;0;-2.76;0;0;0;0;0.0004;0;0;0;0;0;0;0;-0.0004;-0.0884;0;0;0;0;0;0;0;0;0;-0.7063;0;0.7063;1;1;0;0;0;0
12/07/21 01:00;0;0;90;0;0;90;0;0;0;0;2.06;3.0901;0;0;0;0;0;0;0;0;0;0;0;0;0;1;1;1;1;0;0;0;0;0;0;0;0;0;0;0;0;0;0;0;0;0;0;0;0;0;0;0;0;0;0;0;0;0;0;0;0;0;0;0;1;1;1;1;1;1;1;1;1;1;1;1;1;1;1;1;1;1;1;0;0;0;0;0;0;0;0;0;0.0004;0.088;0;-0.0884;0;0;0;0;0;0;0;0;0;0;0;0;0;0;0;0;0;0;0;-2.06;0;0;0;0;0.0004;0;0;0;0;0;0;0;-0.0004;-0.0884;0;0;0;0;0;0;0;0;0;-0.7063;0;0.7063;1;1;0;0;0;0
12/07/21 02:00;0;0;90;0;0;90;0;0;0;0;2.0102;2.98;0;0;0;0;0;0;0;0;0;0;0;0;0;1;1;1;1;0;0;0;0;0;0;0;0;0;0;0;0;0;0;0;0;0;0;0;0;0;0;0;0;0;0;0;0;0;0;0;0;0;0;0;1;1;1;1;1;1;1;1;1;1;1;1;1;1;1;1;1;1;1;0;0;0;0;0;0;0;0;0;0.0004;0.088;0;-0.0884;0;0;0;0;0;0;0;0;0;0;0;0;0;0;0;0;0;0;0;-2.0102;0;0;0;0;0.0004;0;0;0;0;0;0;0;-0.0004;-0.0884;0;0;0;0;0;0;0;0;0;-0.7063;0;0.7063;1;1;0;0;0;0
12/07/21 03:00;0;0;90;0;0;90;0;0;0;0;2.4502;2.8699;0;0;0;0;0;0;0;0;0;0;0;0;0;1;1;1;1;0;0;0;0;0;0;0;0;0;0;0;0;0;0;0;0;0;0;0;0;0;0;0;0;0;0;0;0;0;0;0;0;0;0;0;1;1;1;1;1;1;1;1;1;1;1;1;1;1;1;1;1;1;1;0;0;0;0;0;0;0;0;0;0.0004;0.088;0;-0.0884;0;0;0;0;0;0;0;0;0;0;0;0;0;0;0;0;0;0;0;-2.4502;0;0;0;0;0.0004;0;0;0;0;0;0;0;-0.0004;-0.0884;0;0;0;0;0;0;0;0;0;-0.7063;0;0.7063;1;1;0;0;0;0
12/07/21 04:00;0;0;90;0;0;90;0;0;0;0;3.7997;2.8601;0;0;0;0;0;0;0;0;0;0;0;0;0;1;1;1;1;0;0;0;0;0;0;0;0;0;0;0;0;0;0;0;0;0;0;0;0;0;0;0;0;0;0;0;0;0;0;0;0;0;0;0;1;1;1;1;1;1;1;1;1;1;1;1;1;1;1;1;1;1;1;0;0;0;0;0;0;0;0;0;0.0004;0.088;0;-0.0884;0;0;0;0;0;0;0;0;0;0;0;0;0;0;0;0;0;0;0;-3.7997;0;0;0;0;0.0004;0;0;0;0;0;0;0;-0.0004;-0.0884;0;0;0;0;0;0;0;0;0;-0.7063;0;0.7063;1;1;0;0;0;0
12/07/21 05:00;0;0;90;0;0;90;0;0;0;0;3.2899;3.22;0;0;0;0;0;0;0;0;0;0;0;0;0;1;1;1;1;0;0;0;0;0;0;0;0;0;0;0;0;0;0;0;0;0;0;0;0;0;0;0;0;0;0;0;0;0;0;0;0;0;0;0;1;1;1;1;1;1;1;1;1;1;1;1;1;1;1;1;1;1;1;0;0;0;0;0;0;0;0;0;0.0004;0.088;0;-0.0884;0;0;0;0;0;0;0;0;0;0;0;0;0;0;0;0;0;0;0;-3.2899;0;0;0;0;0.0004;0;0;0;0;0;0;0;-0.0004;-0.0884;0;0;0;0;0;0;0;0;0;-0.7063;0;0.7063;1;1;0;0;0;0
12/07/21 06:00;0;0;90;0;0;90;0;0;0;0;4.3003;3.7301;0;0;0;0;0;0;0;0;0;0;0;0;0;1;1;1;1;0;0;0;0;0;0;0;0;0;0;0;0;0;0;0;0;0;0;0;0;0;0;0;0;0;0;0;0;0;0;0;0;0;0;0;1;1;1;1;1;1;1;1;1;1;1;1;1;1;1;1;1;1;1;0;0;0;0;0;0;0;0;0;0.0004;0.088;0;-0.0884;0;0;0;0;0;0;0;0;0;0;0;0;0;0;0;0;0;0;0;-4.3003;0;0;0;0;0.0004;0;0;0;0;0;0;0;-0.0004;-0.0884;0;0;0;0;0;0;0;0;0;-0.7063;0;0.7063;1;1;0;0;0;0
12/07/21 07:00;4.7183;-58.966;78.492;5.502;7.9445;-90;-7.9445;54.209;17.9;36.308;4.8899;4.3899;0;88.057;11.869;14.488;0;0.0338;114.45;0;114.45;88.057;14.488;11.869;0.0338;0.7694;0.104;0;0.0003;114.36;0.0869;0;0;0.0587;0.0282;85.868;28.266;23.845;3.9233;0.496;0.0013;114.13;0.2287;0.1761;0.029;0.0236;0;85.869;64.036;10.536;11.291;0.0043;7.2898;6.3129;1.5137;0.0014;0.0564;0.812;0.0011;0.867;0;1;0;0;2.1113;0.9992;1;1;0.9951;0.1656;0.7523;0.7287;1;0.9579;0.7756;0.998;0.998;1;0.998;0.998;0.7503;0.9513;0.1282;0.3437;0.2603;0.0016;0.0165;-0.0157;0.0018;0.0064;0.0002;0;0;0.088;0;0.149;0;0;0;0;0;0;0;0;0;0;0;0;0.0052;0.0003;0.2442;0.2442;0;8.3658;8.3658;3.4759;0.0405;221.27;1103.8;1;0.0072;0.0072;0;0;0;0;0;0;0.237;0.149;0;13.537;15.676;8.2594;9.5642;97.044;97.044;2.7468;1.9519;1.1909;0.7949;0.761;0.2894;0.2771;0.4336;7.0826;0.4313;0
12/07/21 08:00;13.872;-49.956;54.446;17.879;30.244;-90;-30.244;196.4;42.699;153.7;6.0998;4.6199;0;372.77;20.505;50.195;0;1.7376;445.21;0;445.21;372.77;50.195;20.505;1.7376;0.8373;0.05;0;0.0039;442.76;2.4482;0;0;0.9232;1.525;432.91;8.9655;7.3082;0.9841;0.6361;0.0371;441.87;0.8855;0.7455;0.1004;0.0392;0.0004;432.97;364.72;49.111;18.906;0.175;14.392;12.463;3.2042;0.3197;0.118;1.6978;0.063;1.4961;0;1;0;0;2.2668;0.9945;1;1;0.955;0.1223;0.9797;0.9804;1;0.9675;0.825;0.998;0.998;1;0.998;0.998;0.9724;0.922;0.1007;1.337;1.3076;0.0079;0.009;-0.0063;0.0091;0.0322;0.0003;0;0;0.088;0;1.1172;0;0;0;0;0;0;0;0;0;0;0;0;0.0259;0.0041;1.2254;1.2254;0;23.619;23.619;17.519;0.0405;1121.3;1092.8;1;0.0203;0.0203;0;0;0;0;0;0;1.2052;1.1172;0;17.461;20.219;15.918;18.433;98.347;98.347;10.685;9.7935;8.9283;0.8915;0.8652;0.0834;0.081;0.8356;13.537;0.8332;0
12/07/21 09:00;22.433;-38.399;46.419;33.61;56.39;-90;-56.39;356.6;63.3;293.3;9.99;4.81;0;529.87;20.595;66.457;0;10.349;627.27;0;627.27;529.87;66.457;20.595;10.349;0.8447;0.0493;0;0.0165;615.21;12.066;0;0;2.369;9.6968;606.99;6.9881;5.626;0.7056;0.6256;0.0309;613.98;1.2304;1.0597;0.1329;0.0365;0.0013;608.99;523.19;65.618;17.564;0.6197;102.62;88.872;21.916;2.7635;0.9336;13.43;2.0001;11.6;0;1;0;0;1.759;0.9808;1;1;0.885;0.063;0.9886;0.9894;1;0.9656;0.9526;0.998;0.998;1;0.998;0.998;0.9677;0.8528;0.0599;1.8837;1.8625;0.0112;0.0018;0.0635;0.0125;0.0443;0.0026;0;0;0.088;0;1.5672;0;0;0;0;0;0;0;0;0;0;0;0;0.0357;0.0079;1.6829;1.6829;0;34.747;34.747;24.757;0.0408;1601.5;1050.9;1;0.0277;0.0277;0;0;0;0;0;0;1.6552;1.5672;0;17.02;19.708;15.85;18.354;98.354;98.354;15.055;13.45;12.525;1.6044;0.9247;0.1066;0.0614;0.832;17.205;0.8189;0
12/07/21 10:00;28.869;-24.697;52.714;52.843;37.157;-90;-37.157;457.11;87.5;369.61;13.21;5.1601;0;463.76;33.113;63.547;0;6.0321;566.45;0;566.45;463.76;63.547;33.113;6.0321;0.8187;0.0691;0;0.0106;558.92;7.5308;0;0;2.062;5.4689;548.15;9.6544;7.552;1.0348;1.0001;0.0674;557.8;1.1178;0.9275;0.1271;0.0621;0.0011;549.91;455.28;62.385;29.989;0.4947;226.93;196.53;49.619;1.0489;1.6604;23.885;1.7642;24.496;0;1;0;0;1.2392;0.9867;1;1;0.9377;0.0934;0.9827;0.9837;1;0.9677;0.8801;0.998;0.998;1;0.998;0.998;0.9677;0.9056;0.082;1.7011;1.7066;0.0103;0.0036;0.0635;0.0114;0.0404;0.0046;0;0;0.088;0;1.4209;0;0;0;0;0;0;0;0;0;0;0;0;0.0326;0.0067;1.5336;1.5336;0;35.591;35.591;22.381;0.0408;1466.7;1045.6;1;0.0247;0.0247;0;0;0;0;0;0;1.5089;1.4209;0;17.174;19.888;15.912;18.426;98.388;98.388;13.595;12.256;11.355;1.3385;0.9009;0.0985;0.0663;0.8353;23.033;0.8097;0
12/07/21 11:00;32.446;-9.0499;56.449;76.103;13.897;-90;-13.897;536.91;92.602;444.31;13.62;4.98;0;457.7;34.112;59.732;0;1.0215;552.57;0;552.57;457.7;59.732;34.112;1.0215;0.8283;0.0636;0;0.0018;551.29;1.281;0;0;0.4293;0.8517;536.1;14.086;11.285;1.4727;1.2906;0.0381;550.19;1.1026;0.9154;0.1195;0.0674;0.0003;536.33;445.5;58.14;32.325;0.1315;310.67;269.04;67.001;0.0338;2.2421;32.252;0.2329;34.46;0;1;0;0;1.0292;0.9977;1;1;0.9874;0.1663;0.9744;0.9753;1;0.9616;0.7755;0.998;0.998;1;0.998;0.998;0.9702;0.9476;0.1287;1.6594;1.6834;0.0101;0.0039;0.0621;0.0113;0.0399;0.0062;0;0;0.088;0;1.3989;0;0;0;0;0;0;0;0;0;0;0;0;0.0321;0.0066;1.5112;1.5112;0;35.509;35.509;21.89;0.0408;1445.9;1045.2;1;0.0243;0.0243;0;0;0;0;0;0;1.4869;1.3989;0;17.349;20.09;16.06;18.597;98.393;98.393;13.262;12.078;11.18;1.1841;0.8974;0.0893;0.0677;0.843;20.68;0.8078;0
12/07/21 12:00;32.616;7.4673;56.632;78.52;11.48;90;11.48;556.21;93.799;462.41;14.18;4.75;0;471.85;32.628;62.084;0;0.7233;567.28;0;567.28;471.85;62.084;32.628;0.7233;0.8318;0.0588;0;0.0013;566.38;0.9024;0;0;0.2985;0.6039;550.48;14.765;11.885;1.5638;1.2888;0.0269;565.25;1.1328;0.9437;0.1242;0.0647;0.0002;550.64;459.02;60.396;30.976;0.0923;323.81;280.42;69.069;0.0161;2.3856;34.316;0.1538;36.686;0;1;0;0;1.0199;0.9984;1;1;0.9909;0.1651;0.9739;0.9748;1;0.9601;0.7746;0.998;0.998;1;0.998;0.998;0.9704;0.9494;0.1276;1.7036;1.7308;0.0104;0.0033;0.071;0.0115;0.0409;0.0065;0;0;0.088;0;1.4345;0;0;0;0;0;0;0;0;0;0;0;0;0.0329;0.0069;1.5474;1.5474;0;36.677;36.677;22.497;0.0409;1486.7;1040.8;1;0.0249;0.0249;0;0;0;0;0;0;1.5225;1.4345;0;17.304;20.037;16.041;18.575;98.391;98.391;13.615;12.367;11.464;1.2481;0.9023;0.0917;0.0663;0.8421;19.634;0.8056;0
12/07/21 13:00;29.351;23.26;53.206;54.922;35.078;90;35.078;159.6;155.8;3.7956;14.77;4.26;0;4.638;140.82;1.1147;0;1.8842;148.46;0;148.46;4.638;1.1147;140.82;1.8842;0.0312;0.9613;0;0.0127;138.73;9.7253;0;0;8.0287;1.6966;134.05;4.4026;0.0795;0.0191;4.2777;0.0263;138.46;0.2775;0.0093;0.0022;0.2656;0.0004;134.71;4.5493;1.0933;128.25;0.1609;98.694;85.469;21.756;3.6562;0.9186;13.214;0.6502;10.476;0;1;0;0;0.9302;0.9345;1;1;0.943;0.0996;0.9682;0.9828;1;0.9677;0.8594;0.998;0.998;1;0.998;0.998;0.903;0.9107;0.0854;0.4458;0.4336;0.0026;0.018;-0.0075;0.0029;0.0104;0.0026;0;0;0.088;0;0.2991;0;0;0;0;0;0;0;0;0;0;0;0;0.0084;0.0006;0.3954;0.3954;0;20.227;20.227;5.4574;0.0407;369.58;1070;1;0.0083;0.0083;0;0;0;0;0;0;0.3871;0.2991;0;16.897;19.567;12.781;14.8;97.89;97.89;3.563;3.1604;2.3904;0.4026;0.77;0.113;0.2161;0.6709;96.347;0.629;0
12/07/21 14:00;23.159;37.17;47.107;35.298;54.702;90;54.702;125.61;122.9;2.706;13.92;2.84;0;4.6831;96.454;1.1065;0;3.4468;105.69;0;105.69;4.6831;1.1065;96.454;3.4468;0.0443;0.9452;0;0.0326;91.815;13.875;0;0;10.639;3.2368;88.645;2.9861;0.0516;0.0122;2.9131;0.0091;91.631;0.1836;0.0094;0.0022;0.1716;0.0004;90.08;4.6221;1.0921;82.731;0.2005;80.054;69.327;19.291;11.617;1.2006;17.27;1.4344;6.8535;0;1;0;0;0.8414;0.8687;1;1;0.8897;0.0609;0.9674;0.989;1;0.966;0.9565;0.998;0.998;1;0.998;0.998;0.8387;0.8577;0.0582;0.3174;0.3077;0.0019;0.0172;-0.0084;0.0021;0.0074;0.0033;0;0;0.088;0;0.1829;0;0;0;0;0;0;0;0;0;0;0;0;0.0059;0.0004;0.278;0.278;0;17.536;17.536;3.6154;0.0408;260.95;1065.2;1;0.0071;0.0071;0;0;0;0;0;0;0.2709;0.1829;0;16.684;19.32;10.978;12.712;97.457;97.457;2.5366;2.2216;1.4618;0.315;0.7598;0.1242;0.2995;0.5763;79.084;0.5135;0
12/07/21 15:00;14.773;48.925;51.8;19.28;33.926;90;33.926;55.791;54.998;0.7926;13.51;2.2301;0;1.9224;50.198;0.3135;0;0.6174;53.052;0;53.052;1.9224;0.3135;50.198;0.6174;0.0362;0.9579;0;0.0116;49.783;3.2686;0;0;2.7157;0.5529;48.11;1.5739;0.0286;0.0047;1.531;0.0097;49.683;0.0996;0.0038;0.0006;0.095;0.0001;48.317;1.8899;0.3082;45.857;0.0546;34.046;29.483;7.4703;1.162;0.3127;4.498;0.2073;3.6486;0;1;0;0;0.9509;0.9384;1;1;0.9459;0.1044;0.9683;0.9851;1;0.9677;0.8498;0.998;0.998;1;0.998;0.998;0.9068;0.9135;0.0885;0.1593;0.155;0.0009;0.0137;-0.0054;0.001;0.0036;0.0008;0;0;0.088;0;0.0435;0;0;0;0;0;0;0;0;0;0;0;0;0.0029;0.0001;0.1373;0.1373;0;15.482;15.482;1.9723;0.041;130.85;1049;1;0.0058;0.0058;0;0;0;0;0;0;0.1315;0.0435;0;16.414;19.007;5.203;6.025;95.805;95.805;1.2732;1.0971;0.3478;0.1762;0.7493;0.1384;0.5885;0.2731;34.041;0.2568;0
12/07/21 16:00;5.2076;58.538;77.283;6.0988;8.8331;90;8.8331;42.898;41.502;1.3964;12.73;2.4501;0;3.3866;40.776;1.1708;0;0.0331;45.366;0;45.366;3.3866;1.1708;40.776;0.0331;0.0747;0.8995;0;0.0007;45.097;0.2686;0;0;0.241;0.0276;42.245;2.7627;0.8025;0.2775;1.6815;0.0012;45.007;0.0902;0.0068;0.0023;0.0811;0;42.25;2.5773;0.891;38.772;0.0042;24.386;21.118;4.9842;0.0072;0.1942;2.793;0.005;2.98;0;1;0;0;1.0575;0.9941;1;1;0.9941;0.1649;0.9386;0.7625;1;0.9584;0.775;0.998;0.998;1;0.998;0.998;0.9312;0.9509;0.1275;0.1362;0.1331;0.0008;0.0128;-0.0052;0.0009;0.0031;0.0005;0;0;0.088;0;0.0244;0;0;0;0;0;0;0;0;0;0;0;0;0.0025;0.0001;0.1176;0.1176;0;14.463;14.463;1.7332;0.041;112.21;1047.8;1;0.0052;0.0052;0;0;0;0;0;0;0.1124;0.0244;0;16.441;19.038;3.4085;3.947;95.577;95.577;1.0888;0.9397;0.1948;0.1491;0.7449;0.137;0.6841;0.1789;24.376;0.171;0
12/07/21 17:00;0;0;90;0;0;90;0;0;0;0;9.5001;2.5301;0;0;0;0;0;0;0;0;0;0;0;0;0;1;1;1;1;0;0;0;0;0;0;0;0;0;0;0;0;0;0;0;0;0;0;0;0;0;0;0;0;0;0;0;0;0;0;0;0;0;0;0;1;1;1;1;1;1;1;1;1;1;1;1;1;1;1;1;1;1;1;0;0;0;0;0;0;0;0;0;0.0004;0.088;0;-0.0884;0;0;0;0;0;0;0;0;0;0;0;0;0;0;0;0;0;0;0;-9.5001;0;0;0;0;0.0004;0;0;0;0;0;0;0;-0.0004;-0.0884;0;0;0;0;0;0;0;0;0;-0.7063;0;0.7063;1;1;0;0;0;0
12/07/21 18:00;0;0;90;0;0;90;0;0;0;0;7.6201;2.7199;0;0;0;0;0;0;0;0;0;0;0;0;0;1;1;1;1;0;0;0;0;0;0;0;0;0;0;0;0;0;0;0;0;0;0;0;0;0;0;0;0;0;0;0;0;0;0;0;0;0;0;0;1;1;1;1;1;1;1;1;1;1;1;1;1;1;1;1;1;1;1;0;0;0;0;0;0;0;0;0;0.0004;0.088;0;-0.0884;0;0;0;0;0;0;0;0;0;0;0;0;0;0;0;0;0;0;0;-7.6201;0;0;0;0;0.0004;0;0;0;0;0;0;0;-0.0004;-0.0884;0;0;0;0;0;0;0;0;0;-0.7063;0;0.7063;1;1;0;0;0;0
12/07/21 19:00;0;0;90;0;0;90;0;0;0;0;9.3;2.9;0;0;0;0;0;0;0;0;0;0;0;0;0;1;1;1;1;0;0;0;0;0;0;0;0;0;0;0;0;0;0;0;0;0;0;0;0;0;0;0;0;0;0;0;0;0;0;0;0;0;0;0;1;1;1;1;1;1;1;1;1;1;1;1;1;1;1;1;1;1;1;0;0;0;0;0;0;0;0;0;0.0004;0.088;0;-0.0884;0;0;0;0;0;0;0;0;0;0;0;0;0;0;0;0;0;0;0;-9.3;0;0;0;0;0.0004;0;0;0;0;0;0;0;-0.0004;-0.0884;0;0;0;0;0;0;0;0;0;-0.7063;0;0.7063;1;1;0;0;0;0
12/07/21 20:00;0;0;90;0;0;90;0;0;0;0;9.2003;3;0;0;0;0;0;0;0;0;0;0;0;0;0;1;1;1;1;0;0;0;0;0;0;0;0;0;0;0;0;0;0;0;0;0;0;0;0;0;0;0;0;0;0;0;0;0;0;0;0;0;0;0;1;1;1;1;1;1;1;1;1;1;1;1;1;1;1;1;1;1;1;0;0;0;0;0;0;0;0;0;0.0004;0.088;0;-0.0884;0;0;0;0;0;0;0;0;0;0;0;0;0;0;0;0;0;0;0;-9.2003;0;0;0;0;0.0004;0;0;0;0;0;0;0;-0.0004;-0.0884;0;0;0;0;0;0;0;0;0;-0.7063;0;0.7063;1;1;0;0;0;0
12/07/21 21:00;0;0;90;0;0;90;0;0;0;0;8.84;3.14;0;0;0;0;0;0;0;0;0;0;0;0;0;1;1;1;1;0;0;0;0;0;0;0;0;0;0;0;0;0;0;0;0;0;0;0;0;0;0;0;0;0;0;0;0;0;0;0;0;0;0;0;1;1;1;1;1;1;1;1;1;1;1;1;1;1;1;1;1;1;1;0;0;0;0;0;0;0;0;0;0.0004;0.088;0;-0.0884;0;0;0;0;0;0;0;0;0;0;0;0;0;0;0;0;0;0;0;-8.84;0;0;0;0;0.0004;0;0;0;0;0;0;0;-0.0004;-0.0884;0;0;0;0;0;0;0;0;0;-0.7063;0;0.7063;1;1;0;0;0;0
12/07/21 22:00;0;0;90;0;0;90;0;0;0;0;8.1699;3.4;0;0;0;0;0;0;0;0;0;0;0;0;0;1;1;1;1;0;0;0;0;0;0;0;0;0;0;0;0;0;0;0;0;0;0;0;0;0;0;0;0;0;0;0;0;0;0;0;0;0;0;0;1;1;1;1;1;1;1;1;1;1;1;1;1;1;1;1;1;1;1;0;0;0;0;0;0;0;0;0;0.0004;0.088;0;-0.0884;0;0;0;0;0;0;0;0;0;0;0;0;0;0;0;0;0;0;0;-8.1699;0;0;0;0;0.0004;0;0;0;0;0;0;0;-0.0004;-0.0884;0;0;0;0;0;0;0;0;0;-0.7063;0;0.7063;1;1;0;0;0;0
12/07/21 23:00;0;0;90;0;0;90;0;0;0;0;7.8501;3.64;0;0;0;0;0;0;0;0;0;0;0;0;0;1;1;1;1;0;0;0;0;0;0;0;0;0;0;0;0;0;0;0;0;0;0;0;0;0;0;0;0;0;0;0;0;0;0;0;0;0;0;0;1;1;1;1;1;1;1;1;1;1;1;1;1;1;1;1;1;1;1;0;0;0;0;0;0;0;0;0;0.0004;0.088;0;-0.0884;0;0;0;0;0;0;0;0;0;0;0;0;0;0;0;0;0;0;0;-7.8501;0;0;0;0;0.0004;0;0;0;0;0;0;0;-0.0004;-0.0884;0;0;0;0;0;0;0;0;0;-0.7063;0;0.7063;1;1;0;0;0;0
13/07/21 00:00;0;0;90;0;0;90;0;0;0;0;7.3097;3.64;0;0;0;0;0;0;0;0;0;0;0;0;0;1;1;1;1;0;0;0;0;0;0;0;0;0;0;0;0;0;0;0;0;0;0;0;0;0;0;0;0;0;0;0;0;0;0;0;0;0;0;0;1;1;1;1;1;1;1;1;1;1;1;1;1;1;1;1;1;1;1;0;0;0;0;0;0;0;0;0;0.0004;0.088;0;-0.0884;0;0;0;0;0;0;0;0;0;0;0;0;0;0;0;0;0;0;0;-7.3097;0;0;0;0;0.0004;0;0;0;0;0;0;0;-0.0004;-0.0884;0;0;0;0;0;0;0;0;0;-0.7063;0;0.7063;1;1;0;0;0;0
13/07/21 01:00;0;0;90;0;0;90;0;0;0;0;6.2401;3.69;0;0;0;0;0;0;0;0;0;0;0;0;0;1;1;1;1;0;0;0;0;0;0;0;0;0;0;0;0;0;0;0;0;0;0;0;0;0;0;0;0;0;0;0;0;0;0;0;0;0;0;0;1;1;1;1;1;1;1;1;1;1;1;1;1;1;1;1;1;1;1;0;0;0;0;0;0;0;0;0;0.0004;0.088;0;-0.0884;0;0;0;0;0;0;0;0;0;0;0;0;0;0;0;0;0;0;0;-6.2401;0;0;0;0;0.0004;0;0;0;0;0;0;0;-0.0004;-0.0884;0;0;0;0;0;0;0;0;0;-0.7063;0;0.7063;1;1;0;0;0;0
13/07/21 02:00;0;0;90;0;0;90;0;0;0;0;6.5499;3.69;0;0;0;0;0;0;0;0;0;0;0;0;0;1;1;1;1;0;0;0;0;0;0;0;0;0;0;0;0;0;0;0;0;0;0;0;0;0;0;0;0;0;0;0;0;0;0;0;0;0;0;0;1;1;1;1;1;1;1;1;1;1;1;1;1;1;1;1;1;1;1;0;0;0;0;0;0;0;0;0;0.0004;0.088;0;-0.0884;0;0;0;0;0;0;0;0;0;0;0;0;0;0;0;0;0;0;0;-6.5499;0;0;0;0;0.0004;0;0;0;0;0;0;0;-0.0004;-0.0884;0;0;0;0;0;0;0;0;0;-0.7063;0;0.7063;1;1;0;0;0;0
13/07/21 03:00;0;0;90;0;0;90;0;0;0;0;6.0599;3.39;0;0;0;0;0;0;0;0;0;0;0;0;0;1;1;1;1;0;0;0;0;0;0;0;0;0;0;0;0;0;0;0;0;0;0;0;0;0;0;0;0;0;0;0;0;0;0;0;0;0;0;0;1;1;1;1;1;1;1;1;1;1;1;1;1;1;1;1;1;1;1;0;0;0;0;0;0;0;0;0;0.0004;0.088;0;-0.0884;0;0;0;0;0;0;0;0;0;0;0;0;0;0;0;0;0;0;0;-6.0599;0;0;0;0;0.0004;0;0;0;0;0;0;0;-0.0004;-0.0884;0;0;0;0;0;0;0;0;0;-0.7063;0;0.7063;1;1;0;0;0;0
13/07/21 04:00;0;0;90;0;0;90;0;0;0;0;3.7798;2.8699;0;0;0;0;0;0;0;0;0;0;0;0;0;1;1;1;1;0;0;0;0;0;0;0;0;0;0;0;0;0;0;0;0;0;0;0;0;0;0;0;0;0;0;0;0;0;0;0;0;0;0;0;1;1;1;1;1;1;1;1;1;1;1;1;1;1;1;1;1;1;1;0;0;0;0;0;0;0;0;0;0.0004;0.088;0;-0.0884;0;0;0;0;0;0;0;0;0;0;0;0;0;0;0;0;0;0;0;-3.7798;0;0;0;0;0.0004;0;0;0;0;0;0;0;-0.0004;-0.0884;0;0;0;0;0;0;0;0;0;-0.7063;0;0.7063;1;1;0;0;0;0
13/07/21 05:00;0;0;90;0;0;90;0;0;0;0;2.2202;2.67;0;0;0;0;0;0;0;0;0;0;0;0;0;1;1;1;1;0;0;0;0;0;0;0;0;0;0;0;0;0;0;0;0;0;0;0;0;0;0;0;0;0;0;0;0;0;0;0;0;0;0;0;1;1;1;1;1;1;1;1;1;1;1;1;1;1;1;1;1;1;1;0;0;0;0;0;0;0;0;0;0.0004;0.088;0;-0.0884;0;0;0;0;0;0;0;0;0;0;0;0;0;0;0;0;0;0;0;-2.2202;0;0;0;0;0.0004;0;0;0;0;0;0;0;-0.0004;-0.0884;0;0;0;0;0;0;0;0;0;-0.7063;0;0.7063;1;1;0;0;0;0
13/07/21 06:00;0;0;90;0;0;90;0;0;0;0;2.2302;2.65;0;0;0;0;0;0;0;0;0;0;0;0;0;1;1;1;1;0;0;0;0;0;0;0;0;0;0;0;0;0;0;0;0;0;0;0;0;0;0;0;0;0;0;0;0;0;0;0;0;0;0;0;1;1;1;1;1;1;1;1;1;1;1;1;1;1;1;1;1;1;1;0;0;0;0;0;0;0;0;0;0.0004;0.088;0;-0.0884;0;0;0;0;0;0;0;0;0;0;0;0;0;0;0;0;0;0;0;-2.2302;0;0;0;0;0.0004;0;0;0;0;0;0;0;-0.0004;-0.0884;0;0;0;0;0;0;0;0;0;-0.7063;0;0.7063;1;1;0;0;0;0
13/07/21 07:00;4.6159;-59.248;78.745;5.3671;7.7447;-90;-7.7447;41.706;28.197;13.509;1.7901;3.0399;0;32.763;24.507;8.6786;0;0.0247;65.973;0;65.973;32.763;8.6786;24.507;0.0247;0.4966;0.3718;0;0.0004;65.836;0.1368;0;0;0.1162;0.0206;53.135;12.57;9.1246;2.417;1.0271;0.0009;65.705;0.1317;0.0655;0.0174;0.0488;0;53.137;23.573;6.2442;23.315;0.0032;14.702;12.732;3.0114;0.0025;0.1165;1.676;0.002;1.79;0;1;0;0;1.5818;0.9979;1;1;0.9953;0.1656;0.8087;0.7209;1;0.9578;0.7757;0.998;0.998;1;0.998;0.998;0.8054;0.9514;0.1282;0.1981;0.1636;0.001;0.014;-0.0126;0.0011;0.004;0.0003;0;0;0.088;0;0.0578;0;0;0;0;0;0;0;0;0;0;0;0;0.0032;0.0001;0.1523;0.1523;0;3.9445;3.9445;2.1543;0.0405;138.03;1103.7;1;0.0066;0.0066;0;0;0;0;0;0;0.1458;0.0578;0;14.648;16.962;5.5537;6.431;95.682;95.682;1.5834;1.2175;0.4616;0.3659;0.7559;0.2311;0.4774;0.2915;14.618;0.2861;0
13/07/21 08:00;13.96;-50.08;54.192;17.958;30.44;-90;-30.44;183.51;55.297;128.21;4.7603;3.4;0;310.95;30.799;53.885;0;1.6441;397.28;0;397.28;310.95;53.885;30.799;1.6441;0.7827;0.0817;0;0.0041;394.43;2.8454;0;0;1.4011;1.4444;385.7;7.9434;5.9272;1.0271;0.9544;0.0347;393.64;0.7889;0.6219;0.1078;0.0588;0.0004;385.79;304.4;52.75;28.385;0.1647;21.099;18.272;4.6439;0.4909;0.1779;2.5597;0.0962;2.2468;0;1;0;0;2.1649;0.9928;1;1;0.9545;0.1215;0.9798;0.9809;1;0.9675;0.8262;0.998;0.998;1;0.998;0.998;0.9709;0.9216;0.1002;1.193;1.1674;0.007;0.0111;-0.0191;0.0082;0.029;0.0005;0;0;0.088;0;0.9974;0;0;0;0;0;0;0;0;0;0;0;0;0.0234;0.0033;1.104;1.104;0;20.336;20.336;15.576;0.0404;999.36;1104.7;1;0.0186;0.0186;0;0;0;0;0;0;1.0854;0.9974;0;17.629;20.414;15.927;18.443;98.319;98.319;9.5346;8.8233;7.9716;0.7113;0.8517;0.0746;0.0893;0.8361;20.362;0.8321;0
13/07/21 09:00;22.538;-38.511;46.28;33.683;56.317;-90;-56.317;350.9;66.899;284;7.4101;3.3499;0;512.09;22.872;67.569;0;10.159;612.69;0;612.69;512.09;67.569;22.872;10.159;0.8358;0.0539;0;0.0166;600.55;12.145;0;0;2.6261;9.5192;592.51;6.8321;5.3955;0.7119;0.6946;0.0301;599.35;1.2011;1.0242;0.1351;0.0405;0.0013;594.6;505.67;66.722;19.511;0.6085;102.73;88.966;21.408;3.0548;0.9879;14.21;2.0826;12.144;0;1;0;0;1.7461;0.9802;1;1;0.8852;0.063;0.9886;0.9894;1;0.9656;0.9528;0.998;0.998;1;0.998;0.998;0.9671;0.853;0.0599;1.8399;1.8208;0.011;0.0023;0.0414;0.0124;0.0438;0.0028;0;0;0.088;0;1.5487;0;0;0;0;0;0;0;0;0;0;0;0;0.0353;0.0076;1.6643;1.6643;0;31.514;31.514;24.104;0.0407;1564.9;1063.5;1;0.0276;0.0276;0;0;0;0;0;0;1.6367;1.5487;0;17.232;19.954;16.035;18.568;98.343;98.343;14.705;13.301;12.377;1.4036;0.9237;0.0955;0.0628;0.8417;19.092;0.8274;0
13/07/21 10:00;28.993;-24.79;52.568;52.888;37.112;-90;-37.112;404.6;132.6;272;10.48;3.2601;0;341.09;68.614;70.542;0;5.3267;485.57;0;485.57;341.09;70.542;68.614;5.3267;0.7024;0.1523;0;0.011;476.47;9.0931;0;0;4.2647;4.8284;466.78;8.7369;5.4726;1.1318;2.0726;0.0598;475.52;0.9529;0.6822;0.1411;0.1287;0.001;468.38;334.93;69.269;62.148;0.4374;207.07;179.33;45.389;2.1626;1.5861;22.816;1.5975;22.24;0;1;0;0;1.2001;0.9813;1;1;0.9378;0.0935;0.9816;0.9839;1;0.9677;0.8797;0.998;0.998;1;0.998;0.998;0.9613;0.9058;0.0821;1.4582;1.4588;0.0088;0.0069;0.0229;0.0099;0.0353;0.0044;0;0;0.088;0;1.2277;0;0;0;0;0;0;0;0;0;0;0;0;0.0284;0.005;1.3372;1.3372;0;29.455;29.455;18.975;0.0407;1251.8;1068.2;1;0.0216;0.0216;0;0;0;0;0;0;1.3157;1.2277;0;17.47;20.23;16.039;18.572;98.387;98.387;11.654;10.687;9.8114;0.9665;0.8757;0.0829;0.0751;0.8419;47.71;0.8133;0
13/07/21 11:00;32.586;-9.1082;56.301;76.09;13.91;-90;-13.91;344.3;235;109.3;11.44;3.4399;0;112.6;196.03;37.144;0;0.6563;346.43;0;346.43;112.6;37.144;196.03;0.6563;0.325;0.5677;0;0.0019;343.41;3.0181;0;0;2.4709;0.5472;331.65;11.068;2.7287;0.9001;7.415;0.0245;342.72;0.6868;0.2252;0.0743;0.3871;0.0002;331.8;109.65;36.17;185.75;0.0845;202.76;175.59;42.606;0.1937;1.5474;22.259;0.1464;23.613;0;1;0;0;1.0062;0.9913;1;1;0.9874;0.1663;0.9677;0.9757;1;0.9616;0.7755;0.998;0.998;1;0.998;0.998;0.9574;0.9476;0.1287;1.0403;1.0463;0.0063;0.0128;-0.0004;0.0072;0.0255;0.0044;0;0;0.088;0;0.8631;0;0;0;0;0;0;0;0;0;0;0;0;0.0205;0.0027;0.9672;0.9672;0;24.897;24.897;13.457;0.0406;894.48;1081.3;1;0.0161;0.0161;0;0;0;0;0;0;0.9511;0.8631;0;17.711;20.509;15.804;18.301;98.333;98.333;8.3143;7.73;6.8978;0.5843;0.8322;0.0703;0.1001;0.8296;118.84;0.7916;0
13/07/21 12:00;32.764;7.4525;56.492;78.605;11.395;90;11.395;436.4;187.9;248.51;13.9;3.95;0;253.5;121.46;66.54;0;0.5591;442.06;0;442.06;253.5;66.54;121.46;0.5591;0.5735;0.276;0;0.0013;440.5;1.5642;0;0;1.0974;0.4668;426.86;12.756;6.2813;1.6488;4.8048;0.0208;439.62;0.881;0.507;0.1331;0.2407;0.0002;426.98;246.71;64.759;115.32;0.0714;255.49;221.26;53.983;0.0579;1.9186;27.598;0.1161;29.459;0;1;0;0;1.013;0.9965;1;1;0.991;0.1651;0.971;0.9752;1;0.96;0.7746;0.998;0.998;1;0.998;0.998;0.9656;0.9494;0.1276;1.3275;1.3442;0.0081;0.0085;0.0298;0.0091;0.0322;0.0053;0;0;0.088;0;1.1132;0;0;0;0;0;0;0;0;0;0;0;0;0.0259;0.0043;1.2208;1.2208;0;31.287;31.287;17.387;0.0407;1153.1;1058.8;1;0.0197;0.0197;0;0;0;0;0;0;1.2012;1.1132;0;17.519;20.287;15.974;18.498;98.39;98.39;10.609;9.757;8.8966;0.8525;0.8603;0.0804;0.0811;0.8386;73.072;0.8011;0
13/07/21 13:00;29.497;23.287;53.08;55.053;34.947;90;34.947;377.7;197.9;179.8;15.41;3.3599;0;219.35;130.35;66.651;0;4.4268;420.78;0;420.78;219.35;66.651;130.35;4.4268;0.5213;0.3203;0;0.0105;409.41;11.372;0;0;7.388;3.9836;399.73;8.861;3.7098;1.1272;3.9613;0.0627;408.59;0.8188;0.4387;0.1333;0.2459;0.0009;401.1;215.2;65.391;118.76;0.3796;206.18;178.55;45.2;3.3415;1.656;23.821;1.3746;22.136;0;1;0;0;1.1141;0.973;1;1;0.9433;0.1001;0.9783;0.9831;1;0.9677;0.8582;0.998;0.998;1;0.998;0.998;0.95;0.911;0.0857;1.2636;1.2583;0.0076;0.0098;0.0299;0.0085;0.0301;0.0046;0;0;0.088;0;1.0335;0;0;0;0;0;0;0;0;0;0;0;0;0.0242;0.0038;1.1399;1.1399;0;31.703;31.703;16.293;0.0408;1079.5;1056;1;0.0184;0.0184;0;0;0;0;0;0;1.1215;1.0335;0;17.185;19.9;15.582;18.043;98.387;98.387;10.099;9.1103;8.2601;0.9884;0.8502;0.0979;0.0842;0.8179;89.091;0.7847;0
13/07/21 14:00;23.298;37.228;46.997;35.443;54.557;90;54.557;102.01;100.3;1.7117;14.47;1.64;0;2.9519;78.97;0.5659;0;2.7856;85.274;0;85.274;2.9519;0.5659;78.97;2.7856;0.0346;0.9587;0;0.0327;73.981;11.293;0;0;8.6768;2.6158;71.403;2.4299;0.0323;0.0062;2.3841;0.0073;73.833;0.148;0.0059;0.0011;0.1406;0.0003;72.569;2.9136;0.5586;67.769;0.1622;65.244;56.501;15.695;9.4226;0.9773;14.058;1.1658;5.6128;0;1;0;0;0.8359;0.8676;1;1;0.8901;0.061;0.9671;0.989;1;0.966;0.9568;0.998;0.998;1;0.998;0.998;0.8373;0.8582;0.0582;0.2561;0.2482;0.0015;0.0162;-0.0069;0.0017;0.0059;0.0027;0;0;0.088;0;0.1275;0;0;0;0;0;0;0;0;0;0;0;0;0.0047;0.0003;0.2221;0.2221;0;17.389;17.389;2.9186;0.0409;210.11;1057.3;1;0.0066;0.0066;0;0;0;0;0;0;0.2155;0.1275;0;16.525;19.136;9.4885;10.987;97.033;97.033;2.0466;1.7753;1.0194;0.2712;0.756;0.1325;0.3694;0.4981;64.648;0.4434;0
13/07/21 15:00;14.901;49.003;51.417;19.421;34.327;90;34.327;106.31;102.3;4.007;13.86;1.6799;0;9.718;92.292;2.9228;0;1.2035;106.14;0;106.14;9.718;2.9228;92.292;1.2035;0.0916;0.8809;0;0.0113;99.97;6.1657;0;0;5.0858;1.0799;96.76;3.0102;0.1395;0.0419;2.8106;0.0181;99.77;0.1999;0.0194;0.0058;0.1744;0.0002;97.153;9.5591;2.875;84.221;0.1052;62.803;54.387;13.798;2.2243;0.5809;8.3558;0.3934;6.7123;0;1;0;0;0.9984;0.9419;1;1;0.9449;0.1027;0.9698;0.9856;1;0.9677;0.853;0.998;0.998;1;0.998;0.998;0.9117;0.9126;0.0874;0.3187;0.3102;0.0019;0.0172;-0.0081;0.0021;0.0074;0.0016;0;0;0.088;0;0.1867;0;0;0;0;0;0;0;0;0;0;0;0;0.006;0.0004;0.2818;0.2818;0;17.804;17.804;3.9436;0.0408;263.93;1067.7;1;0.0071;0.0071;0;0;0;0;0;0;0.2747;0.1867;0;16.843;19.504;11.158;12.92;97.472;97.472;2.5473;2.2522;1.4919;0.2951;0.7602;0.1158;0.2984;0.5857;62.777;0.5531;0
13/07/21 16:00;5.1507;58.782;77.424;6.0169;8.7106;90;8.7106;27.309;26.901;0.4089;12.98;2.03;0;0.9916;26.653;0.2246;0;0.0205;27.89;0;27.89;0.9916;0.2246;26.653;0.0205;0.0356;0.9564;0;0.0007;27.719;0.171;0;0;0.1539;0.0171;26.269;1.3946;0.2386;0.0541;1.1012;0.0008;27.664;0.0554;0.002;0.0004;0.053;0;26.272;0.751;0.1701;25.345;0.0026;15.932;13.797;3.2555;0.0045;0.1269;1.8253;0.0032;1.9478;0;1;0;0;1.0213;0.9939;1;1;0.9942;0.1648;0.9496;0.7589;1;0.9584;0.775;0.998;0.998;1;0.998;0.998;0.9419;0.9509;0.1275;0.0838;0.083;0.0005;0.0103;-0.0033;0.0005;0.0019;0.0003;0;0;0.088;0;-0.0206;0;0;0;0;0;0;0;0;0;0;0;0;0.0015;0.0001;0.0712;0.0712;0;14.065;14.065;1.0844;0.0413;69.252;1028.8;1;0.0038;0.0038;0;0;0;0;0;0;0.0674;-0.0206;0;16.205;18.765;-4.6799;-5.4192;94.636;94.636;0.6694;0.5694;-0.1644;0.1;0.7338;0.1493;1.0963;0;15.93;0;0
13/07/21 17:00;0;0;90;0;0;90;0;0;0;0;9.53;2.28;0;0;0;0;0;0;0;0;0;0;0;0;0;1;1;1;1;0;0;0;0;0;0;0;0;0;0;0;0;0;0;0;0;0;0;0;0;0;0;0;0;0;0;0;0;0;0;0;0;0;0;0;1;1;1;1;1;1;1;1;1;1;1;1;1;1;1;1;1;1;1;0;0;0;0;0;0;0;0;0;0.0004;0.088;0;-0.0884;0;0;0;0;0;0;0;0;0;0;0;0;0;0;0;0;0;0;0;-9.53;0;0;0;0;0.0004;0;0;0;0;0;0;0;-0.0004;-0.0884;0;0;0;0;0;0;0;0;0;-0.7063;0;0.7063;1;1;0;0;0;0
13/07/21 18:00;0;0;90;0;0;90;0;0;0;0;9.0999;2.59;0;0;0;0;0;0;0;0;0;0;0;0;0;1;1;1;1;0;0;0;0;0;0;0;0;0;0;0;0;0;0;0;0;0;0;0;0;0;0;0;0;0;0;0;0;0;0;0;0;0;0;0;1;1;1;1;1;1;1;1;1;1;1;1;1;1;1;1;1;1;1;0;0;0;0;0;0;0;0;0;0.0004;0.088;0;-0.0884;0;0;0;0;0;0;0;0;0;0;0;0;0;0;0;0;0;0;0;-9.0999;0;0;0;0;0.0004;0;0;0;0;0;0;0;-0.0004;-0.0884;0;0;0;0;0;0;0;0;0;-0.7063;0;0.7063;1;1;0;0;0;0
13/07/21 19:00;0;0;90;0;0;90;0;0;0;0;9.2103;2.9;0;0;0;0;0;0;0;0;0;0;0;0;0;1;1;1;1;0;0;0;0;0;0;0;0;0;0;0;0;0;0;0;0;0;0;0;0;0;0;0;0;0;0;0;0;0;0;0;0;0;0;0;1;1;1;1;1;1;1;1;1;1;1;1;1;1;1;1;1;1;1;0;0;0;0;0;0;0;0;0;0.0004;0.088;0;-0.0884;0;0;0;0;0;0;0;0;0;0;0;0;0;0;0;0;0;0;0;-9.2103;0;0;0;0;0.0004;0;0;0;0;0;0;0;-0.0004;-0.0884;0;0;0;0;0;0;0;0;0;-0.7063;0;0.7063;1;1;0;0;0;0
13/07/21 20:00;0;0;90;0;0;90;0;0;0;0;8.5003;3.0901;0;0;0;0;0;0;0;0;0;0;0;0;0;1;1;1;1;0;0;0;0;0;0;0;0;0;0;0;0;0;0;0;0;0;0;0;0;0;0;0;0;0;0;0;0;0;0;0;0;0;0;0;1;1;1;1;1;1;1;1;1;1;1;1;1;1;1;1;1;1;1;0;0;0;0;0;0;0;0;0;0.0004;0.088;0;-0.0884;0;0;0;0;0;0;0;0;0;0;0;0;0;0;0;0;0;0;0;-8.5003;0;0;0;0;0.0004;0;0;0;0;0;0;0;-0.0004;-0.0884;0;0;0;0;0;0;0;0;0;-0.7063;0;0.7063;1;1;0;0;0;0
13/07/21 21:00;0;0;90;0;0;90;0;0;0;0;8.3899;3.16;0;0;0;0;0;0;0;0;0;0;0;0;0;1;1;1;1;0;0;0;0;0;0;0;0;0;0;0;0;0;0;0;0;0;0;0;0;0;0;0;0;0;0;0;0;0;0;0;0;0;0;0;1;1;1;1;1;1;1;1;1;1;1;1;1;1;1;1;1;1;1;0;0;0;0;0;0;0;0;0;0.0004;0.088;0;-0.0884;0;0;0;0;0;0;0;0;0;0;0;0;0;0;0;0;0;0;0;-8.3899;0;0;0;0;0.0004;0;0;0;0;0;0;0;-0.0004;-0.0884;0;0;0;0;0;0;0;0;0;-0.7063;0;0.7063;1;1;0;0;0;0
13/07/21 22:00;0;0;90;0;0;90;0;0;0;0;7.7298;3.23;0;0;0;0;0;0;0;0;0;0;0;0;0;1;1;1;1;0;0;0;0;0;0;0;0;0;0;0;0;0;0;0;0;0;0;0;0;0;0;0;0;0;0;0;0;0;0;0;0;0;0;0;1;1;1;1;1;1;1;1;1;1;1;1;1;1;1;1;1;1;1;0;0;0;0;0;0;0;0;0;0.0004;0.088;0;-0.0884;0;0;0;0;0;0;0;0;0;0;0;0;0;0;0;0;0;0;0;-7.7298;0;0;0;0;0.0004;0;0;0;0;0;0;0;-0.0004;-0.0884;0;0;0;0;0;0;0;0;0;-0.7063;0;0.7063;1;1;0;0;0;0
13/07/21 23:00;0;0;90;0;0;90;0;0;0;0;6.6802;3.3401;0;0;0;0;0;0;0;0;0;0;0;0;0;1;1;1;1;0;0;0;0;0;0;0;0;0;0;0;0;0;0;0;0;0;0;0;0;0;0;0;0;0;0;0;0;0;0;0;0;0;0;0;1;1;1;1;1;1;1;1;1;1;1;1;1;1;1;1;1;1;1;0;0;0;0;0;0;0;0;0;0.0004;0.088;0;-0.0884;0;0;0;0;0;0;0;0;0;0;0;0;0;0;0;0;0;0;0;-6.6802;0;0;0;0;0.0004;0;0;0;0;0;0;0;-0.0004;-0.0884;0;0;0;0;0;0;0;0;0;-0.7063;0;0.7063;1;1;0;0;0;0
14/07/21 00:00;0;0;90;0;0;90;0;0;0;0;5.56;3.94;0;0;0;0;0;0;0;0;0;0;0;0;0;1;1;1;1;0;0;0;0;0;0;0;0;0;0;0;0;0;0;0;0;0;0;0;0;0;0;0;0;0;0;0;0;0;0;0;0;0;0;0;1;1;1;1;1;1;1;1;1;1;1;1;1;1;1;1;1;1;1;0;0;0;0;0;0;0;0;0;0.0004;0.088;0;-0.0884;0;0;0;0;0;0;0;0;0;0;0;0;0;0;0;0;0;0;0;-5.56;0;0;0;0;0.0004;0;0;0;0;0;0;0;-0.0004;-0.0884;0;0;0;0;0;0;0;0;0;-0.7063;0;0.7063;1;1;0;0;0;0
14/07/21 01:00;0;0;90;0;0;90;0;0;0;0;6.4601;4.18;0;0;0;0;0;0;0;0;0;0;0;0;0;1;1;1;1;0;0;0;0;0;0;0;0;0;0;0;0;0;0;0;0;0;0;0;0;0;0;0;0;0;0;0;0;0;0;0;0;0;0;0;1;1;1;1;1;1;1;1;1;1;1;1;1;1;1;1;1;1;1;0;0;0;0;0;0;0;0;0;0.0004;0.088;0;-0.0884;0;0;0;0;0;0;0;0;0;0;0;0;0;0;0;0;0;0;0;-6.4601;0;0;0;0;0.0004;0;0;0;0;0;0;0;-0.0004;-0.0884;0;0;0;0;0;0;0;0;0;-0.7063;0;0.7063;1;1;0;0;0;0
14/07/21 02:00;0;0;90;0;0;90;0;0;0;0;6.3903;4.09;0;0;0;0;0;0;0;0;0;0;0;0;0;1;1;1;1;0;0;0;0;0;0;0;0;0;0;0;0;0;0;0;0;0;0;0;0;0;0;0;0;0;0;0;0;0;0;0;0;0;0;0;1;1;1;1;1;1;1;1;1;1;1;1;1;1;1;1;1;1;1;0;0;0;0;0;0;0;0;0;0.0004;0.088;0;-0.0884;0;0;0;0;0;0;0;0;0;0;0;0;0;0;0;0;0;0;0;-6.3903;0;0;0;0;0.0004;0;0;0;0;0;0;0;-0.0004;-0.0884;0;0;0;0;0;0;0;0;0;-0.7063;0;0.7063;1;1;0;0;0;0
14/07/21 03:00;0;0;90;0;0;90;0;0;0;0;7.3403;4.44;0;0;0;0;0;0;0;0;0;0;0;0;0;1;1;1;1;0;0;0;0;0;0;0;0;0;0;0;0;0;0;0;0;0;0;0;0;0;0;0;0;0;0;0;0;0;0;0;0;0;0;0;1;1;1;1;1;1;1;1;1;1;1;1;1;1;1;1;1;1;1;0;0;0;0;0;0;0;0;0;0.0004;0.088;0;-0.0884;0;0;0;0;0;0;0;0;0;0;0;0;0;0;0;0;0;0;0;-7.3403;0;0;0;0;0.0004;0;0;0;0;0;0;0;-0.0004;-0.0884;0;0;0;0;0;0;0;0;0;-0.7063;0;0.7063;1;1;0;0;0;0
14/07/21 04:00;0;0;90;0;0;90;0;0;0;0;7.2997;3.8201;0;0;0;0;0;0;0;0;0;0;0;0;0;1;1;1;1;0;0;0;0;0;0;0;0;0;0;0;0;0;0;0;0;0;0;0;0;0;0;0;0;0;0;0;0;0;0;0;0;0;0;0;1;1;1;1;1;1;1;1;1;1;1;1;1;1;1;1;1;1;1;0;0;0;0;0;0;0;0;0;0.0004;0.088;0;-0.0884;0;0;0;0;0;0;0;0;0;0;0;0;0;0;0;0;0;0;0;-7.2997;0;0;0;0;0.0004;0;0;0;0;0;0;0;-0.0004;-0.0884;0;0;0;0;0;0;0;0;0;-0.7063;0;0.7063;1;1;0;0;0;0
14/07/21 05:00;0;0;90;0;0;90;0;0;0;0;7.67;3.2601;0;0;0;0;0;0;0;0;0;0;0;0;0;1;1;1;1;0;0;0;0;0;0;0;0;0;0;0;0;0;0;0;0;0;0;0;0;0;0;0;0;0;0;0;0;0;0;0;0;0;0;0;1;1;1;1;1;1;1;1;1;1;1;1;1;1;1;1;1;1;1;0;0;0;0;0;0;0;0;0;0.0004;0.088;0;-0.0884;0;0;0;0;0;0;0;0;0;0;0;0;0;0;0;0;0;0;0;-7.67;0;0;0;0;0.0004;0;0;0;0;0;0;0;-0.0004;-0.0884;0;0;0;0;0;0;0;0;0;-0.7063;0;0.7063;1;1;0;0;0;0
14/07/21 06:00;0;0;90;0;0;90;0;0;0;0;7.19;3.15;0;0;0;0;0;0;0;0;0;0;0;0;0;1;1;1;1;0;0;0;0;0;0;0;0;0;0;0;0;0;0;0;0;0;0;0;0;0;0;0;0;0;0;0;0;0;0;0;0;0;0;0;1;1;1;1;1;1;1;1;1;1;1;1;1;1;1;1;1;1;1;0;0;0;0;0;0;0;0;0;0.0004;0.088;0;-0.0884;0;0;0;0;0;0;0;0;0;0;0;0;0;0;0;0;0;0;0;-7.19;0;0;0;0;0.0004;0;0;0;0;0;0;0;-0.0004;-0.0884;0;0;0;0;0;0;0;0;0;-0.7063;0;0.7063;1;1;0;0;0;0
14/07/21 07:00;4.694;-59.382;78.552;5.4502;7.8678;-90;-7.8678;8.3022;8.3017;0.0005;6.5898;3.48;0;0.0011;8.2626;0.0001;0;0.0051;8.2689;0;8.2689;0.0011;0.0001;8.2626;0.0051;0.0001;0.9999;0;0.0006;8.2245;0.0444;0;0;0.0402;0.0042;7.8618;0.3462;0.0003;0;0.3457;0.0002;8.208;0.0164;0;0;0.0164;0;7.8625;0.0008;0.0001;7.8603;0.0007;4.9297;4.2692;1.0064;0.0009;0.0393;0.5652;0.0007;0.6036;0;1;0;0;0.996;0.9946;1;1;0.9951;0.1656;0.9578;0.7269;1;0.9579;0.7756;0.998;0.998;1;0.998;0.998;0.9508;0.9513;0.1282;0.0248;0.0249;0.0001;0.0054;-0.0015;0.0001;0.0005;0.0001;0;0;0.088;0;-0.0708;0;0;0;0;0;0;0;0;0;0;0;0;0.0004;0;0.0196;0.0196;0;6.9201;6.9201;0.3303;0.042;19.546;1004;1;0.0024;0.0024;0;0;0;0;0;0;0.0172;-0.0708;0;15.055;17.433;-54.321;-62.903;87.608;87.608;0.1985;0.1568;-0.5659;0.0416;0.7227;0.2097;3.6418;0;4.9297;0;0
14/07/21 08:00;14.053;-50.206;53.922;18.044;30.652;-90;-30.652;32.193;31.903;0.2901;8.2397;2.6;0;0.7035;29.647;0.0699;0;0.2924;30.713;0;30.713;0.7035;0.0699;29.647;0.2924;0.0229;0.9748;0;0.0095;29.092;1.6208;0;0;1.3636;0.2571;28.096;0.9381;0.013;0.0013;0.9177;0.0061;29.034;0.0582;0.0014;0.0001;0.0566;0.0001;28.19;0.6891;0.0684;27.309;0.0291;19.631;17;4.249;0.4837;0.172;2.474;0.0943;2.1623;0;1;0;0;0.954;0.9472;1;1;0.954;0.1206;0.9677;0.9815;1;0.9675;0.8276;0.998;0.998;1;0.998;0.998;0.9148;0.9211;0.0996;0.0922;0.0901;0.0005;0.0107;-0.0052;0.0006;0.0021;0.0005;0;0;0.088;0;-0.013;0;0;0;0;0;0;0;0;0;0;0;0;0.0017;0.0001;0.0792;0.0792;0;9.3939;9.3939;1.1541;0.0411;75.226;1052.4;1;0.0042;0.0042;0;0;0;0;0;0;0.075;-0.013;0;16.351;18.934;-2.6847;-3.1089;94.742;94.742;0.7371;0.6327;-0.1039;0.1044;0.7366;0.1417;0.9993;0;19.629;0;0
14/07/21 09:00;22.65;-38.626;46.136;33.761;56.239;-90;-56.239;21.801;21.699;0.1021;9.2402;3.54;0;0.1836;16.875;0.0078;0;0.6295;17.696;0;17.696;0.1836;0.0078;16.875;0.6295;0.0104;0.9892;0;0.0356;15.173;2.5235;0;0;1.9336;0.5899;14.626;0.5162;0.0019;0.0001;0.5123;0.0019;15.142;0.0303;0.0004;0;0.0299;0.0001;14.897;0.1814;0.0077;14.399;0.0377;14.102;12.212;3.41;2.2411;0.2234;3.2132;0.271;1.1955;0;1;0;0;0.8117;0.8574;1;1;0.8854;0.063;0.9659;0.9895;1;0.9656;0.9531;0.998;0.998;1;0.998;0.998;0.8265;0.8533;0.0599;0.0531;0.0516;0.0003;0.008;-0.0028;0.0003;0.0011;0.0006;0;0;0.088;0;-0.0479;0;0;0;0;0;0;0;0;0;0;0;0;0.0009;0;0.0431;0.0431;0;9.8477;9.8477;0.6075;0.0415;42.224;1021.5;1;0.0031;0.0031;0;0;0;0;0;0;0.0401;-0.0479;0;15.462;17.905;-17.181;-19.895;92.905;92.905;0.4247;0.3447;-0.383;0.08;0.7278;0.1883;1.7135;0;14.074;0;0
14/07/21 10:00;29.124;-24.883;52.417;52.939;37.061;-90;-37.061;60.909;60.4;0.5092;9.2003;6.0401;0;0.6381;54.256;0.0599;0;0.7998;55.754;0;55.754;0.6381;0.0599;54.256;0.7998;0.0114;0.9875;0;0.0143;51.664;4.0899;0;0;3.3651;0.7248;49.901;1.6592;0.0101;0.0009;1.6391;0.009;51.561;0.1033;0.0013;0.0001;0.1018;0.0001;50.183;0.6268;0.0588;49.15;0.0658;37.981;32.891;8.4751;1.7012;0.366;5.2643;0.282;3.9291;0;1;0;0;0.9154;0.9266;1;1;0.938;0.0937;0.9678;0.9842;1;0.9677;0.8792;0.998;0.998;1;0.998;0.998;0.895;0.9059;0.0823;0.1674;0.1622;0.001;0.014;-0.0082;0.0011;0.0039;0.001;0;0;0.088;0;0.0521;0;0;0;0;0;0;0;0;0;0;0;0;0.0031;0.0001;0.1463;0.1463;0;11.238;11.238;2.0374;0.0408;136.86;1068.9;1;0.0062;0.0062;0;0;0;0;0;0;0.1401;0.0521;0;16.645;19.275;5.9304;6.8672;95.781;95.781;1.3381;1.1692;0.4166;0.1689;0.7526;0.1262;0.5625;0.3113;37.71;0.2908;0
14/07/21 11:00;32.732;-9.166;56.147;76.081;13.919;-90;-13.919;51.103;50.801;0.3015;9.6497;7.21;0;0.3106;50.034;0.0221;0;0.0975;50.464;0;50.464;0.3106;0.0221;50.034;0.0975;0.0062;0.9934;0;0.0019;49.752;0.7127;0;0;0.6313;0.0813;47.748;1.9039;0.0074;0.0005;1.8923;0.0036;49.652;0.0995;0.0006;0;0.0988;0;47.77;0.3026;0.0215;47.412;0.0126;30.521;26.431;6.3014;0.0495;0.2415;3.4744;0.0212;3.6664;0;1;0;0;0.9875;0.9859;1;1;0.9874;0.1663;0.9617;0.9761;1;0.9616;0.7755;0.998;0.998;1;0.998;0.998;0.9462;0.9476;0.1287;0.1515;0.1512;0.0009;0.0136;-0.0074;0.001;0.0036;0.0007;0;0;0.088;0;0.042;0;0;0;0;0;0;0;0;0;0;0;0;0.0029;0.0001;0.1359;0.1359;0;11.601;11.601;1.9512;0.0409;127.56;1065.4;1;0.0059;0.0059;0;0;0;0;0;0;0.13;0.042;0;17.085;19.784;5.2834;6.118;95.673;95.673;1.2111;1.0862;0.3359;0.1249;0.7503;0.1032;0.6195;0.2773;30.334;0.2637;0
14/07/21 12:00;32.918;7.4403;56.345;78.688;11.312;90;11.312;60.108;59.701;0.4066;9.5998;7.45;0;0.4147;59.088;0.0344;0;0.0759;59.613;0;59.613;0.4147;0.0344;59.088;0.0759;0.007;0.9925;0;0.0013;59.022;0.5907;0;0;0.5274;0.0634;56.55;2.3545;0.0101;0.0008;2.3408;0.0028;58.904;0.118;0.0008;0.0001;0.1171;0;56.564;0.4038;0.0335;56.103;0.0097;35.796;31;7.3669;0.0274;0.2828;4.0684;0.0146;4.3239;0;1;0;0;0.9918;0.9901;1;1;0.9911;0.1651;0.96;0.9756;1;0.9599;0.7746;0.998;0.998;1;0.998;0.998;0.9486;0.9495;0.1276;0.179;0.1789;0.0011;0.0145;-0.0086;0.0012;0.0043;0.0008;0;0;0.088;0;0.0678;0;0;0;0;0;0;0;0;0;0;0;0;0.0034;0.0002;0.1621;0.1621;0;11.907;11.907;2.3068;0.0408;151.32;1071.2;1;0.0063;0.0063;0;0;0;0;0;0;0.1558;0.0678;0;17.249;19.974;7.213;8.3525;96.108;96.108;1.4307;1.2954;0.5417;0.1353;0.7537;0.0946;0.5268;0.3786;35.54;0.3602;0
14/07/21 13:00;29.649;23.317;52.948;55.186;34.814;90;34.814;57.901;57.4;0.5009;9.8598;7.59;0;0.6101;52.223;0.0535;0;0.6736;53.56;0;53.56;0.6101;0.0535;52.223;0.6736;0.0114;0.9876;0;0.0126;50.012;3.5481;0;0;2.9423;0.6058;48.303;1.6084;0.0102;0.0009;1.5877;0.0097;49.912;0.1;0.0012;0.0001;0.0986;0.0001;48.534;0.5987;0.0525;47.594;0.058;35.928;31.114;7.9419;1.3211;0.3323;4.7807;0.2306;3.792;0;1;0;0;0.925;0.9338;1;1;0.9437;0.1007;0.9678;0.9833;1;0.9677;0.8571;0.998;0.998;1;0.998;0.998;0.9019;0.9114;0.0861;0.1608;0.1563;0.0009;0.0137;-0.0076;0.001;0.0037;0.0009;0;0;0.088;0;0.0463;0;0;0;0;0;0;0;0;0;0;0;0;0.003;0.0001;0.1404;0.1404;0;11.834;11.834;1.974;0.0409;131.79;1064.9;1;0.006;0.006;0;0;0;0;0;0;0.1343;0.0463;0;16.623;19.249;5.4893;6.3565;95.722;95.722;1.2854;1.1217;0.3704;0.1637;0.7513;0.1274;0.5845;0.2882;35.656;0.2701;0
14/07/21 14:00;23.441;37.29;46.88;35.59;54.41;90;54.41;103.3;101.5;1.7967;10.13;7.4001;0;3.0873;80.013;0.5955;0;2.8068;86.502;0;86.502;3.0873;0.5955;80.013;2.8068;0.0357;0.9574;0;0.0324;75.11;11.393;0;0;8.757;2.6356;72.498;2.4619;0.0336;0.0065;2.4145;0.0073;74.96;0.1502;0.0062;0.0012;0.1425;0.0003;73.67;3.0475;0.5878;68.699;0.1635;66.029;57.181;15.876;9.4568;0.9845;14.161;1.1725;5.6886;0;1;0;0;0.8374;0.8683;1;1;0.8906;0.061;0.9672;0.9891;1;0.966;0.9572;0.998;0.998;1;0.998;0.998;0.8381;0.8586;0.0583;0.2598;0.2517;0.0015;0.0163;-0.0109;0.0017;0.0061;0.0028;0;0;0.088;0;0.1343;0;0;0;0;0;0;0;0;0;0;0;0;0.0049;0.0003;0.2292;0.2292;0;13.082;13.082;2.9519;0.0407;212.95;1076.1;1;0.0068;0.0068;0;0;0;0;0;0;0.2223;0.1343;0;16.805;19.46;9.8506;11.407;97.018;97.018;2.0761;1.8314;1.0735;0.2446;0.7579;0.1178;0.3651;0.5171;65.397;0.4606;0
14/07/21 15:00;15.033;49.085;51.021;19.564;34.741;90;34.741;82.202;80.602;1.5998;10.59;6.7699;0;3.88;73.075;0.9115;0;0.9525;78.819;0;78.819;3.88;0.9115;73.075;0.9525;0.0492;0.9392;0;0.0121;73.859;4.9599;0;0;4.1036;0.8563;71.409;2.3023;0.0537;0.0126;2.2222;0.0138;73.712;0.1477;0.0078;0.0018;0.1379;0.0002;71.73;3.8186;0.897;66.611;0.0822;49.875;43.191;10.982;1.8354;0.4642;6.6777;0.3209;5.3065;0;1;0;0;0.9589;0.9371;1;1;0.9438;0.101;0.9688;0.9861;1;0.9677;0.8565;0.998;0.998;1;0.998;0.998;0.906;0.9115;0.0863;0.2367;0.2301;0.0014;0.0159;-0.0097;0.0016;0.0055;0.0013;0;0;0.088;0;0.1148;0;0;0;0;0;0;0;0;0;0;0;0;0.0044;0.0002;0.2095;0.2095;0;13.499;13.499;2.9091;0.0407;195.08;1073.9;1;0.0067;0.0067;0;0;0;0;0;0;0.2028;0.1148;0;16.861;19.524;9.241;10.701;96.816;96.816;1.8917;1.6742;0.9176;0.2174;0.7566;0.1149;0.4;0.4851;49.865;0.4562;0
14/07/21 16:00;5.2713;58.878;77.126;6.1512;8.9115;90;8.9115;6.798;6.798;0;10.25;6.2299;0;0;6.757;0;0;0.0053;6.7623;6.7623;0;0;0;0;0;1;1;1;1;0;0;0;0;0;0;0;0;0;0;0;0;0;0;0;0;0;0;0;0;0;0;0;0;0;0;0;0;0;0;0;0;0;0;0;0;1;1;1;1;1;1;1;1;1;1;1;1;1;0;0;1;0;0;0;0;0;0;0;0;0;0;0;0.0004;0.088;0;-0.0884;0;0;0;0;0;0;0;0;0;0;0;0;0;0;0;0;0;0;0;-10.25;0;0;0;0;0.0004;0;0;0;0;0;0;0;-0.0004;-0.0884;0;0;0;0;0;0;0;0;0;-0.7063;0;0.7063;1;1;0;0;0;0
14/07/21 17:00;0;0;90;0;0;90;0;0;0;0;9.9601;5.5899;0;0;0;0;0;0;0;0;0;0;0;0;0;1;1;1;1;0;0;0;0;0;0;0;0;0;0;0;0;0;0;0;0;0;0;0;0;0;0;0;0;0;0;0;0;0;0;0;0;0;0;0;1;1;1;1;1;1;1;1;1;1;1;1;1;1;1;1;1;1;1;0;0;0;0;0;0;0;0;0;0.0004;0.088;0;-0.0884;0;0;0;0;0;0;0;0;0;0;0;0;0;0;0;0;0;0;0;-9.9601;0;0;0;0;0.0004;0;0;0;0;0;0;0;-0.0004;-0.0884;0;0;0;0;0;0;0;0;0;-0.7063;0;0.7063;1;1;0;0;0;0
14/07/21 18:00;0;0;90;0;0;90;0;0;0;0;9.9003;5.13;0;0;0;0;0;0;0;0;0;0;0;0;0;1;1;1;1;0;0;0;0;0;0;0;0;0;0;0;0;0;0;0;0;0;0;0;0;0;0;0;0;0;0;0;0;0;0;0;0;0;0;0;1;1;1;1;1;1;1;1;1;1;1;1;1;1;1;1;1;1;1;0;0;0;0;0;0;0;0;0;0.0004;0.088;0;-0.0884;0;0;0;0;0;0;0;0;0;0;0;0;0;0;0;0;0;0;0;-9.9003;0;0;0;0;0.0004;0;0;0;0;0;0;0;-0.0004;-0.0884;0;0;0;0;0;0;0;0;0;-0.7063;0;0.7063;1;1;0;0;0;0
14/07/21 19:00;0;0;90;0;0;90;0;0;0;0;9.5799;4.41;0;0;0;0;0;0;0;0;0;0;0;0;0;1;1;1;1;0;0;0;0;0;0;0;0;0;0;0;0;0;0;0;0;0;0;0;0;0;0;0;0;0;0;0;0;0;0;0;0;0;0;0;1;1;1;1;1;1;1;1;1;1;1;1;1;1;1;1;1;1;1;0;0;0;0;0;0;0;0;0;0.0004;0.088;0;-0.0884;0;0;0;0;0;0;0;0;0;0;0;0;0;0;0;0;0;0;0;-9.5799;0;0;0;0;0.0004;0;0;0;0;0;0;0;-0.0004;-0.0884;0;0;0;0;0;0;0;0;0;-0.7063;0;0.7063;1;1;0;0;0;0
14/07/21 20:00;0;0;90;0;0;90;0;0;0;0;9.3798;3.5899;0;0;0;0;0;0;0;0;0;0;0;0;0;1;1;1;1;0;0;0;0;0;0;0;0;0;0;0;0;0;0;0;0;0;0;0;0;0;0;0;0;0;0;0;0;0;0;0;0;0;0;0;1;1;1;1;1;1;1;1;1;1;1;1;1;1;1;1;1;1;1;0;0;0;0;0;0;0;0;0;0.0004;0.088;0;-0.0884;0;0;0;0;0;0;0;0;0;0;0;0;0;0;0;0;0;0;0;-9.3798;0;0;0;0;0.0004;0;0;0;0;0;0;0;-0.0004;-0.0884;0;0;0;0;0;0;0;0;0;-0.7063;0;0.7063;1;1;0;0;0;0
14/07/21 21:00;0;0;90;0;0;90;0;0;0;0;9.07;3.48;0;0;0;0;0;0;0;0;0;0;0;0;0;1;1;1;1;0;0;0;0;0;0;0;0;0;0;0;0;0;0;0;0;0;0;0;0;0;0;0;0;0;0;0;0;0;0;0;0;0;0;0;1;1;1;1;1;1;1;1;1;1;1;1;1;1;1;1;1;1;1;0;0;0;0;0;0;0;0;0;0.0004;0.088;0;-0.0884;0;0;0;0;0;0;0;0;0;0;0;0;0;0;0;0;0;0;0;-9.07;0;0;0;0;0.0004;0;0;0;0;0;0;0;-0.0004;-0.0884;0;0;0;0;0;0;0;0;0;-0.7063;0;0.7063;1;1;0;0;0;0
14/07/21 22:00;0;0;90;0;0;90;0;0;0;0;8.9703;3.54;0;0;0;0;0;0;0;0;0;0;0;0;0;1;1;1;1;0;0;0;0;0;0;0;0;0;0;0;0;0;0;0;0;0;0;0;0;0;0;0;0;0;0;0;0;0;0;0;0;0;0;0;1;1;1;1;1;1;1;1;1;1;1;1;1;1;1;1;1;1;1;0;0;0;0;0;0;0;0;0;0.0004;0.088;0;-0.0884;0;0;0;0;0;0;0;0;0;0;0;0;0;0;0;0;0;0;0;-8.9703;0;0;0;0;0.0004;0;0;0;0;0;0;0;-0.0004;-0.0884;0;0;0;0;0;0;0;0;0;-0.7063;0;0.7063;1;1;0;0;0;0
14/07/21 23:00;0;0;90;0;0;90;0;0;0;0;9.1099;3.69;0;0;0;0;0;0;0;0;0;0;0;0;0;1;1;1;1;0;0;0;0;0;0;0;0;0;0;0;0;0;0;0;0;0;0;0;0;0;0;0;0;0;0;0;0;0;0;0;0;0;0;0;1;1;1;1;1;1;1;1;1;1;1;1;1;1;1;1;1;1;1;0;0;0;0;0;0;0;0;0;0.0004;0.088;0;-0.0884;0;0;0;0;0;0;0;0;0;0;0;0;0;0;0;0;0;0;0;-9.1099;0;0;0;0;0.0004;0;0;0;0;0;0;0;-0.0004;-0.0884;0;0;0;0;0;0;0;0;0;-0.7063;0;0.7063;1;1;0;0;0;0
15/07/21 00:00;0;0;90;0;0;90;0;0;0;0;8.6299;3.5999;0;0;0;0;0;0;0;0;0;0;0;0;0;1;1;1;1;0;0;0;0;0;0;0;0;0;0;0;0;0;0;0;0;0;0;0;0;0;0;0;0;0;0;0;0;0;0;0;0;0;0;0;1;1;1;1;1;1;1;1;1;1;1;1;1;1;1;1;1;1;1;0;0;0;0;0;0;0;0;0;0.0004;0.088;0;-0.0884;0;0;0;0;0;0;0;0;0;0;0;0;0;0;0;0;0;0;0;-8.6299;0;0;0;0;0.0004;0;0;0;0;0;0;0;-0.0004;-0.0884;0;0;0;0;0;0;0;0;0;-0.7063;0;0.7063;1;1;0;0;0;0
15/07/21 01:00;0;0;90;0;0;90;0;0;0;0;8.2603;3.5199;0;0;0;0;0;0;0;0;0;0;0;0;0;1;1;1;1;0;0;0;0;0;0;0;0;0;0;0;0;0;0;0;0;0;0;0;0;0;0;0;0;0;0;0;0;0;0;0;0;0;0;0;1;1;1;1;1;1;1;1;1;1;1;1;1;1;1;1;1;1;1;0;0;0;0;0;0;0;0;0;0.0004;0.088;0;-0.0884;0;0;0;0;0;0;0;0;0;0;0;0;0;0;0;0;0;0;0;-8.2603;0;0;0;0;0.0004;0;0;0;0;0;0;0;-0.0004;-0.0884;0;0;0;0;0;0;0;0;0;-0.7063;0;0.7063;1;1;0;0;0;0
15/07/21 02:00;0;0;90;0;0;90;0;0;0;0;8.1998;3.5199;0;0;0;0;0;0;0;0;0;0;0;0;0;1;1;1;1;0;0;0;0;0;0;0;0;0;0;0;0;0;0;0;0;0;0;0;0;0;0;0;0;0;0;0;0;0;0;0;0;0;0;0;1;1;1;1;1;1;1;1;1;1;1;1;1;1;1;1;1;1;1;0;0;0;0;0;0;0;0;0;0.0004;0.088;0;-0.0884;0;0;0;0;0;0;0;0;0;0;0;0;0;0;0;0;0;0;0;-8.1998;0;0;0;0;0.0004;0;0;0;0;0;0;0;-0.0004;-0.0884;0;0;0;0;0;0;0;0;0;-0.7063;0;0.7063;1;1;0;0;0;0
15/07/21 03:00;0;0;90;0;0;90;0;0;0;0;6.4501;3.4201;0;0;0;0;0;0;0;0;0;0;0;0;0;1;1;1;1;0;0;0;0;0;0;0;0;0;0;0;0;0;0;0;0;0;0;0;0;0;0;0;0;0;0;0;0;0;0;0;0;0;0;0;1;1;1;1;1;1;1;1;1;1;1;1;1;1;1;1;1;1;1;0;0;0;0;0;0;0;0;0;0.0004;0.088;0;-0.0884;0;0;0;0;0;0;0;0;0;0;0;0;0;0;0;0;0;0;0;-6.4501;0;0;0;0;0.0004;0;0;0;0;0;0;0;-0.0004;-0.0884;0;0;0;0;0;0;0;0;0;-0.7063;0;0.7063;1;1;0;0;0;0
15/07/21 04:00;0;0;90;0;0;90;0;0;0;0;6.27;3.2699;0;0;0;0;0;0;0;0;0;0;0;0;0;1;1;1;1;0;0;0;0;0;0;0;0;0;0;0;0;0;0;0;0;0;0;0;0;0;0;0;0;0;0;0;0;0;0;0;0;0;0;0;1;1;1;1;1;1;1;1;1;1;1;1;1;1;1;1;1;1;1;0;0;0;0;0;0;0;0;0;0.0004;0.088;0;-0.0884;0;0;0;0;0;0;0;0;0;0;0;0;0;0;0;0;0;0;0;-6.27;0;0;0;0;0.0004;0;0;0;0;0;0;0;-0.0004;-0.0884;0;0;0;0;0;0;0;0;0;-0.7063;0;0.7063;1;1;0;0;0;0
15/07/21 05:00;0;0;90;0;0;90;0;0;0;0;5.7402;3.29;0;0;0;0;0;0;0;0;0;0;0;0;0;1;1;1;1;0;0;0;0;0;0;0;0;0;0;0;0;0;0;0;0;0;0;0;0;0;0;0;0;0;0;0;0;0;0;0;0;0;0;0;1;1;1;1;1;1;1;1;1;1;1;1;1;1;1;1;1;1;1;0;0;0;0;0;0;0;0;0;0.0004;0.088;0;-0.0884;0;0;0;0;0;0;0;0;0;0;0;0;0;0;0;0;0;0;0;-5.7402;0;0;0;0;0.0004;0;0;0;0;0;0;0;-0.0004;-0.0884;0;0;0;0;0;0;0;0;0;-0.7063;0;0.7063;1;1;0;0;0;0
15/07/21 06:00;0;0;90;0;0;90;0;0;0;0;7.7099;3.3401;0;0;0;0;0;0;0;0;0;0;0;0;0;1;1;1;1;0;0;0;0;0;0;0;0;0;0;0;0;0;0;0;0;0;0;0;0;0;0;0;0;0;0;0;0;0;0;0;0;0;0;0;1;1;1;1;1;1;1;1;1;1;1;1;1;1;1;1;1;1;1;0;0;0;0;0;0;0;0;0;0.0004;0.088;0;-0.0884;0;0;0;0;0;0;0;0;0;0;0;0;0;0;0;0;0;0;0;-7.7099;0;0;0;0;0.0004;0;0;0;0;0;0;0;-0.0004;-0.0884;0;0;0;0;0;0;0;0;0;-0.7063;0;0.7063;1;1;0;0;0;0
15/07/21 07:00;4.7773;-59.519;78.347;5.539;7.9994;-90;-7.9994;57.608;15.698;41.909;6.2999;3.5099;0;101.64;9.6805;14.48;0;0.0364;125.84;0;125.84;101.64;14.48;9.6805;0.0364;0.8077;0.0772;0;0.0003;125.76;0.0788;0;0;0.0484;0.0304;94.162;31.346;27.082;3.8583;0.4042;0.0014;125.51;0.2515;0.2033;0.029;0.0193;0;94.163;74.356;10.593;9.2086;0.0047;6.0118;5.2062;1.1377;0.0011;0.0537;0.7731;0.0011;0.8257;0;1;0;0;2.1844;0.9994;1;1;0.995;0.1657;0.7502;0.733;1;0.9579;0.7756;0.998;0.998;1;0.998;0.998;0.7483;0.9513;0.1282;0.3779;0.2852;0.0017;0.0169;-0.0154;0.002;0.007;0.0002;0;0;0.088;0;0.1716;0;0;0;0;0;0;0;0;0;0;0;0;0.0056;0.0003;0.267;0.267;0;10.114;10.114;3.8137;0.0405;242.74;1099.9;1;0.0073;0.0073;0;0;0;0;0;0;0.2596;0.1716;0;13.459;15.585;8.6525;10.019;97.251;97.251;3.0201;2.1337;1.3717;0.8864;0.7619;0.2935;0.2523;0.4542;5.7772;0.4521;0
15/07/21 08:00;14.151;-50.336;53.635;18.135;30.881;-90;-30.881;139.11;92.303;46.803;6.96;3.5801;0;113.51;73.351;32.391;0;1.2818;220.54;0;220.54;113.51;32.391;73.351;1.2818;0.5147;0.3384;0;0.0058;215.99;4.5423;0;0;3.4139;1.1284;210.65;4.9111;2.0361;0.581;2.2678;0.0262;215.56;0.432;0.227;0.0648;0.1399;0.0003;210.89;111.25;31.745;67.53;0.1269;48.938;42.38;10.634;1.2279;0.4275;6.149;0.2377;5.3486;0;1;0;0;1.5854;0.9794;1;1;0.9535;0.1196;0.9772;0.982;1;0.9675;0.8291;0.998;0.998;1;0.998;0.998;0.9552;0.9206;0.099;0.6623;0.6481;0.0039;0.0174;-0.022;0.0045;0.0161;0.0012;0;0;0.088;0;0.5136;0;0;0;0;0;0;0;0;0;0;0;0;0.013;0.0012;0.6128;0.6128;0;15.468;15.468;8.5075;0.0404;554.09;1106;1;0.0112;0.0112;0;0;0;0;0;0;0.6016;0.5136;0;17.628;20.413;14.774;17.108;98.172;98.172;5.2928;4.8977;4.1049;0.3951;0.7928;0.0746;0.1498;0.7756;48.643;0.7597;0
15/07/21 09:00;22.767;-38.744;45.987;33.846;56.154;-90;-56.154;358.4;65.602;292.8;11.33;3.64;0;525.71;21.865;67.357;0;10.321;625.26;0;625.26;525.71;67.357;21.865;10.321;0.8408;0.0515;0;0.0165;613.09;12.171;0;0;2.4999;9.6711;605.02;6.8412;5.4492;0.6982;0.6636;0.0302;611.86;1.2262;1.0514;0.1347;0.0387;0.0013;607.12;519.21;66.524;18.663;0.6186;105.2;91.1;21.978;2.8907;0.9925;14.276;2.1012;12.378;0;1;0;0;1.7446;0.9805;1;1;0.8857;0.063;0.9888;0.9896;1;0.9657;0.9534;0.998;0.998;1;0.998;0.998;0.9676;0.8535;0.0599;1.8776;1.8587;0.0112;0.0019;0.0718;0.0124;0.044;0.0027;0;0;0.088;0;1.5559;0;0;0;0;0;0;0;0;0;0;0;0;0.0355;0.0079;1.6713;1.6713;0;36.034;36.034;24.703;0.0408;1598.3;1045.7;1;0.0274;0.0274;0;0;0;0;0;0;1.6439;1.5559;0;16.956;19.635;15.786;18.28;98.362;98.362;15.006;13.357;12.435;1.6491;0.9221;0.1099;0.0615;0.8287;18.218;0.8147;0
15/07/21 10:00;29.261;-24.978;52.261;52.995;37.005;-90;-37.005;467.6;86.303;381.3;14.38;3.7499;0;477.47;31.851;63.718;0;6.1218;579.16;0;579.16;477.47;63.718;31.851;6.1218;0.8244;0.0656;0;0.0106;571.64;7.5173;0;0;1.9708;5.5465;561.04;9.4523;7.4289;0.9914;0.9624;0.0697;570.5;1.1433;0.9549;0.1274;0.0598;0.0012;562.83;469.08;62.599;28.859;0.5045;232.26;201.14;50.776;0.9949;1.6948;24.379;1.7876;25.078;0;1;0;0;1.2386;0.987;1;1;0.9381;0.094;0.9834;0.9844;1;0.9677;0.8786;0.998;0.998;1;0.998;0.998;0.9687;0.906;0.0824;1.7392;1.7466;0.0105;0.0031;0.0756;0.0116;0.0411;0.0046;0;0;0.088;0;1.4467;0;0;0;0;0;0;0;0;0;0;0;0;0.0331;0.007;1.5598;1.5598;0;37.319;37.319;22.939;0.0409;1501.3;1039;1;0.0251;0.0251;0;0;0;0;0;0;1.5347;1.4467;0;17.085;19.785;15.846;18.35;98.39;98.39;13.9;12.466;11.562;1.4334;0.904;0.1031;0.065;0.8318;22.128;0.8064;0
15/07/21 11:00;32.884;-9.223;55.987;76.077;13.923;-90;-13.923;200;192;7.9933;15.25;3.7301;0;8.2352;187.08;2.2011;0;0.3819;197.89;0;197.89;8.2352;2.2011;187.08;0.3819;0.0416;0.9473;0;0.0019;195.21;2.6802;0;0;2.3617;0.3184;187.49;7.3328;0.1924;0.0514;7.0748;0.0142;194.82;0.3904;0.0165;0.0044;0.3694;0.0001;187.58;8.0263;2.1453;177.27;0.0492;119.27;103.29;24.599;0.1854;0.945;13.593;0.0838;14.353;0;1;0;0;0.9895;0.9865;1;1;0.9874;0.1663;0.9624;0.9766;1;0.9616;0.7755;0.998;0.998;1;0.998;0.998;0.9474;0.9476;0.1287;0.5943;0.5936;0.0036;0.0177;-0.0045;0.004;0.0143;0.0026;0;0;0.088;0;0.4454;0;0;0;0;0;0;0;0;0;0;0;0;0.0115;0.001;0.5433;0.5433;0;22.877;22.877;7.6271;0.0407;507.12;1071.3;1;0.0099;0.0099;0;0;0;0;0;0;0.5334;0.4454;0;17.415;20.167;14.277;16.532;98.174;98.174;4.7495;4.342;3.5594;0.4075;0.7826;0.0858;0.1648;0.7494;113.42;0.7128;0
15/07/21 12:00;33.077;7.4308;56.191;78.769;11.231;90;11.231;218.4;207.2;11.195;14.03;3.7401;0;11.414;202.04;3.2751;0;0.2718;217;0;217;11.414;3.2751;202.04;0.2718;0.0526;0.9323;0;0.0013;214.99;2.0085;0;0;1.7816;0.227;206.18;8.3763;0.2731;0.0784;8.0147;0.0101;214.56;0.43;0.0228;0.0066;0.4005;0.0001;206.23;11.118;3.1902;191.84;0.0347;129.87;112.47;26.687;0.0911;1.0283;14.792;0.0526;15.729;0;1;0;0;0.9936;0.9907;1;1;0.9912;0.1651;0.961;0.976;1;0.9599;0.7746;0.998;0.998;1;0.998;0.998;0.9502;0.9495;0.1276;0.6516;0.6523;0.0039;0.0173;-0.0061;0.0045;0.0158;0.0029;0;0;0.088;0;0.5013;0;0;0;0;0;0;0;0;0;0;0;0;0.0127;0.0012;0.6;0.6;0;22.407;22.407;8.3775;0.0406;557.39;1076.5;1;0.0107;0.0107;0;0;0;0;0;0;0.5893;0.5013;0;17.541;20.312;14.655;16.97;98.214;98.214;5.2079;4.7954;4.0065;0.4125;0.7889;0.0792;0.1515;0.7693;121.49;0.732;0
15/07/21 13:00;29.806;23.353;52.81;55.318;34.682;90;34.682;247.5;219.6;27.903;14.67;3.71;0;33.931;191.6;11.33;0;2.8584;239.72;0;239.72;33.931;11.33;191.6;2.8584;0.1415;0.8112;0;0.0119;226.42;13.3;0;0;10.731;2.5691;219.36;6.6137;0.558;0.1863;5.8278;0.0416;225.97;0.4528;0.0679;0.0227;0.3617;0.0006;220.32;33.305;11.121;174.68;0.2471;149.33;129.32;32.838;4.7841;1.3466;19.371;0.9616;15.933;0;1;0;0;0.9686;0.9445;1;1;0.944;0.1012;0.9707;0.9835;1;0.9677;0.856;0.998;0.998;1;0.998;0.998;0.915;0.9117;0.0865;0.7199;0.7044;0.0042;0.0169;-0.0036;0.0048;0.0171;0.0038;0;0;0.088;0;0.5468;0;0;0;0;0;0;0;0;0;0;0;0;0.0137;0.0014;0.6461;0.6461;0;23.587;23.587;8.9172;0.0407;601.71;1073.8;1;0.0113;0.0113;0;0;0;0;0;0;0.6348;0.5468;0;17.097;19.798;14.468;16.754;98.245;98.245;5.7533;5.1635;4.3696;0.5898;0.7939;0.1025;0.138;0.7595;130.69;0.7162;0
15/07/21 14:00;23.588;37.358;46.756;35.738;54.262;90;54.262;219.61;187.5;32.11;15.73;3.1999;0;54.974;139.5;19.469;0;5.937;219.88;0;219.88;54.974;19.469;139.5;5.937;0.25;0.6614;0;0.027;199.1;20.782;0;0;15.207;5.5746;193.67;5.0282;0.5945;0.2105;4.2077;0.0154;198.7;0.3982;0.1099;0.0389;0.2486;0.0007;195.92;54.27;19.219;119.84;0.3462;126.77;109.78;29.945;16.33;1.8062;25.981;2.25;11.457;0;1;0;0;1.0012;0.9055;1;1;0.891;0.061;0.9747;0.9892;1;0.9661;0.9575;0.998;0.998;1;0.998;0.998;0.8808;0.859;0.0583;0.6603;0.6449;0.0039;0.0174;-0.0032;0.0044;0.0156;0.005;0;0;0.088;0;0.4896;0;0;0;0;0;0;0;0;0;0;0;0;0.0125;0.0012;0.5881;0.5881;0;23.612;23.612;7.8813;0.0407;550.03;1069.2;1;0.0105;0.0105;0;0;0;0;0;0;0.5776;0.4896;0;16.967;19.647;14.126;16.358;98.219;98.219;5.2771;4.7001;3.9131;0.577;0.787;0.1093;0.1491;0.7415;113.84;0.6813;0
15/07/21 15:00;15.168;49.174;50.613;19.71;35.17;90;35.17;220.8;113.5;107.3;16;2.2499;0;260.23;71.173;85.322;0;2.6201;419.34;0;419.34;260.23;85.322;71.173;2.6201;0.6206;0.176;0;0.0062;412.91;6.4347;0;0;4.0745;2.3602;405.27;6.8149;3.4772;1.1401;2.1613;0.0363;412.08;0.8258;0.5205;0.1706;0.1342;0.0005;405.6;256.23;84.011;64.803;0.2231;49.427;42.804;10.791;1.865;0.4691;6.7478;0.3384;5.3519;0;1;0;0;1.8992;0.9847;1;1;0.9428;0.0992;0.9835;0.9866;1;0.9677;0.8602;0.998;0.998;1;0.998;0.998;0.9664;0.9105;0.0851;1.2593;1.2359;0.0074;0.0101;0.033;0.0083;0.0294;0.0013;0;0;0.088;0;1.0129;0;0;0;0;0;0;0;0;0;0;0;0;0.0237;0.0037;1.1189;1.1189;0;32.529;32.529;16.529;0.0408;1061.9;1053.7;1;0.018;0.018;0;0;0;0;0;0;1.1009;1.0129;0;16.926;19.6;15.322;17.743;98.388;98.388;10.064;8.9423;8.0949;1.1218;0.8474;0.1115;0.0842;0.8043;48.729;0.7948;0
15/07/21 16:00;5.3947;58.98;76.82;6.2882;9.1168;90;9.1168;43.504;42.3;1.2038;14.99;2.3899;0;2.9196;41.626;0.9928;0;0.0357;45.574;0;45.574;2.9196;0.9928;41.626;0.0357;0.0641;0.9142;0;0.0008;45.285;0.289;0;0;0.2592;0.0298;42.603;2.5918;0.6577;0.2237;1.7091;0.0013;45.194;0.0906;0.0058;0.002;0.0827;0;42.608;2.2561;0.7672;39.575;0.0046;24.908;21.571;5.0923;0.0084;0.1983;2.8526;0.0056;3.0425;0;1;0;0;1.0476;0.9937;1;1;0.9938;0.1649;0.9427;0.7743;1;0.9586;0.7749;0.998;0.998;1;0.998;0.998;0.9348;0.9507;0.1276;0.1369;0.1343;0.0008;0.0129;-0.0041;0.0009;0.0031;0.0005;0;0;0.088;0;0.0245;0;0;0;0;0;0;0;0;0;0;0;0;0.0025;0.0001;0.1176;0.1176;0;16.741;16.741;1.7511;0.0411;113.29;1038.4;1;0.0051;0.0051;0;0;0;0;0;0;0.1125;0.0245;0;16.375;18.961;3.4125;3.9515;95.645;95.645;1.0938;0.9402;0.1959;0.1536;0.7442;0.1404;0.6804;0.1791;24.9;0.1711;0
15/07/21 17:00;0;0;90;0;0;90;0;0;0;0;10.97;2.5499;0;0;0;0;0;0;0;0;0;0;0;0;0;1;1;1;1;0;0;0;0;0;0;0;0;0;0;0;0;0;0;0;0;0;0;0;0;0;0;0;0;0;0;0;0;0;0;0;0;0;0;0;1;1;1;1;1;1;1;1;1;1;1;1;1;1;1;1;1;1;1;0;0;0;0;0;0;0;0;0;0.0004;0.088;0;-0.0884;0;0;0;0;0;0;0;0;0;0;0;0;0;0;0;0;0;0;0;-10.97;0;0;0;0;0.0004;0;0;0;0;0;0;0;-0.0004;-0.0884;0;0;0;0;0;0;0;0;0;-0.7063;0;0.7063;1;1;0;0;0;0
15/07/21 18:00;0;0;90;0;0;90;0;0;0;0;10.8;2.7801;0;0;0;0;0;0;0;0;0;0;0;0;0;1;1;1;1;0;0;0;0;0;0;0;0;0;0;0;0;0;0;0;0;0;0;0;0;0;0;0;0;0;0;0;0;0;0;0;0;0;0;0;1;1;1;1;1;1;1;1;1;1;1;1;1;1;1;1;1;1;1;0;0;0;0;0;0;0;0;0;0.0004;0.088;0;-0.0884;0;0;0;0;0;0;0;0;0;0;0;0;0;0;0;0;0;0;0;-10.8;0;0;0;0;0.0004;0;0;0;0;0;0;0;-0.0004;-0.0884;0;0;0;0;0;0;0;0;0;-0.7063;0;0.7063;1;1;0;0;0;0
15/07/21 19:00;0;0;90;0;0;90;0;0;0;0;11.08;2.8699;0;0;0;0;0;0;0;0;0;0;0;0;0;1;1;1;1;0;0;0;0;0;0;0;0;0;0;0;0;0;0;0;0;0;0;0;0;0;0;0;0;0;0;0;0;0;0;0;0;0;0;0;1;1;1;1;1;1;1;1;1;1;1;1;1;1;1;1;1;1;1;0;0;0;0;0;0;0;0;0;0.0004;0.088;0;-0.0884;0;0;0;0;0;0;0;0;0;0;0;0;0;0;0;0;0;0;0;-11.08;0;0;0;0;0.0004;0;0;0;0;0;0;0;-0.0004;-0.0884;0;0;0;0;0;0;0;0;0;-0.7063;0;0.7063;1;1;0;0;0;0
15/07/21 20:00;0;0;90;0;0;90;0;0;0;0;9.9202;2.83;0;0;0;0;0;0;0;0;0;0;0;0;0;1;1;1;1;0;0;0;0;0;0;0;0;0;0;0;0;0;0;0;0;0;0;0;0;0;0;0;0;0;0;0;0;0;0;0;0;0;0;0;1;1;1;1;1;1;1;1;1;1;1;1;1;1;1;1;1;1;1;0;0;0;0;0;0;0;0;0;0.0004;0.088;0;-0.0884;0;0;0;0;0;0;0;0;0;0;0;0;0;0;0;0;0;0;0;-9.9202;0;0;0;0;0.0004;0;0;0;0;0;0;0;-0.0004;-0.0884;0;0;0;0;0;0;0;0;0;-0.7063;0;0.7063;1;1;0;0;0;0
15/07/21 21:00;0;0;90;0;0;90;0;0;0;0;9.0301;2.84;0;0;0;0;0;0;0;0;0;0;0;0;0;1;1;1;1;0;0;0;0;0;0;0;0;0;0;0;0;0;0;0;0;0;0;0;0;0;0;0;0;0;0;0;0;0;0;0;0;0;0;0;1;1;1;1;1;1;1;1;1;1;1;1;1;1;1;1;1;1;1;0;0;0;0;0;0;0;0;0;0.0004;0.088;0;-0.0884;0;0;0;0;0;0;0;0;0;0;0;0;0;0;0;0;0;0;0;-9.0301;0;0;0;0;0.0004;0;0;0;0;0;0;0;-0.0004;-0.0884;0;0;0;0;0;0;0;0;0;-0.7063;0;0.7063;1;1;0;0;0;0
15/07/21 22:00;0;0;90;0;0;90;0;0;0;0;9.3399;2.91;0;0;0;0;0;0;0;0;0;0;0;0;0;1;1;1;1;0;0;0;0;0;0;0;0;0;0;0;0;0;0;0;0;0;0;0;0;0;0;0;0;0;0;0;0;0;0;0;0;0;0;0;1;1;1;1;1;1;1;1;1;1;1;1;1;1;1;1;1;1;1;0;0;0;0;0;0;0;0;0;0.0004;0.088;0;-0.0884;0;0;0;0;0;0;0;0;0;0;0;0;0;0;0;0;0;0;0;-9.3399;0;0;0;0;0.0004;0;0;0;0;0;0;0;-0.0004;-0.0884;0;0;0;0;0;0;0;0;0;-0.7063;0;0.7063;1;1;0;0;0;0
15/07/21 23:00;0;0;90;0;0;90;0;0;0;0;9.2003;3.14;0;0;0;0;0;0;0;0;0;0;0;0;0;1;1;1;1;0;0;0;0;0;0;0;0;0;0;0;0;0;0;0;0;0;0;0;0;0;0;0;0;0;0;0;0;0;0;0;0;0;0;0;1;1;1;1;1;1;1;1;1;1;1;1;1;1;1;1;1;1;1;0;0;0;0;0;0;0;0;0;0.0004;0.088;0;-0.0884;0;0;0;0;0;0;0;0;0;0;0;0;0;0;0;0;0;0;0;-9.2003;0;0;0;0;0.0004;0;0;0;0;0;0;0;-0.0004;-0.0884;0;0;0;0;0;0;0;0;0;-0.7063;0;0.7063;1;1;0;0;0;0
16/07/21 00:00;0;0;90;0;0;90;0;0;0;0;8.8699;3.05;0;0;0;0;0;0;0;0;0;0;0;0;0;1;1;1;1;0;0;0;0;0;0;0;0;0;0;0;0;0;0;0;0;0;0;0;0;0;0;0;0;0;0;0;0;0;0;0;0;0;0;0;1;1;1;1;1;1;1;1;1;1;1;1;1;1;1;1;1;1;1;0;0;0;0;0;0;0;0;0;0.0004;0.088;0;-0.0884;0;0;0;0;0;0;0;0;0;0;0;0;0;0;0;0;0;0;0;-8.8699;0;0;0;0;0.0004;0;0;0;0;0;0;0;-0.0004;-0.0884;0;0;0;0;0;0;0;0;0;-0.7063;0;0.7063;1;1;0;0;0;0
16/07/21 01:00;0;0;90;0;0;90;0;0;0;0;8.84;3.0201;0;0;0;0;0;0;0;0;0;0;0;0;0;1;1;1;1;0;0;0;0;0;0;0;0;0;0;0;0;0;0;0;0;0;0;0;0;0;0;0;0;0;0;0;0;0;0;0;0;0;0;0;1;1;1;1;1;1;1;1;1;1;1;1;1;1;1;1;1;1;1;0;0;0;0;0;0;0;0;0;0.0004;0.088;0;-0.0884;0;0;0;0;0;0;0;0;0;0;0;0;0;0;0;0;0;0;0;-8.84;0;0;0;0;0.0004;0;0;0;0;0;0;0;-0.0004;-0.0884;0;0;0;0;0;0;0;0;0;-0.7063;0;0.7063;1;1;0;0;0;0
16/07/21 02:00;0;0;90;0;0;90;0;0;0;0;8.4797;3.4299;0;0;0;0;0;0;0;0;0;0;0;0;0;1;1;1;1;0;0;0;0;0;0;0;0;0;0;0;0;0;0;0;0;0;0;0;0;0;0;0;0;0;0;0;0;0;0;0;0;0;0;0;1;1;1;1;1;1;1;1;1;1;1;1;1;1;1;1;1;1;1;0;0;0;0;0;0;0;0;0;0.0004;0.088;0;-0.0884;0;0;0;0;0;0;0;0;0;0;0;0;0;0;0;0;0;0;0;-8.4797;0;0;0;0;0.0004;0;0;0;0;0;0;0;-0.0004;-0.0884;0;0;0;0;0;0;0;0;0;-0.7063;0;0.7063;1;1;0;0;0;0
16/07/21 03:00;0;0;90;0;0;90;0;0;0;0;7.68;4.09;0;0;0;0;0;0;0;0;0;0;0;0;0;1;1;1;1;0;0;0;0;0;0;0;0;0;0;0;0;0;0;0;0;0;0;0;0;0;0;0;0;0;0;0;0;0;0;0;0;0;0;0;1;1;1;1;1;1;1;1;1;1;1;1;1;1;1;1;1;1;1;0;0;0;0;0;0;0;0;0;0.0004;0.088;0;-0.0884;0;0;0;0;0;0;0;0;0;0;0;0;0;0;0;0;0;0;0;-7.68;0;0;0;0;0.0004;0;0;0;0;0;0;0;-0.0004;-0.0884;0;0;0;0;0;0;0;0;0;-0.7063;0;0.7063;1;1;0;0;0;0
16/07/21 04:00;0;0;90;0;0;90;0;0;0;0;8.9198;4.97;0;0;0;0;0;0;0;0;0;0;0;0;0;1;1;1;1;0;0;0;0;0;0;0;0;0;0;0;0;0;0;0;0;0;0;0;0;0;0;0;0;0;0;0;0;0;0;0;0;0;0;0;1;1;1;1;1;1;1;1;1;1;1;1;1;1;1;1;1;1;1;0;0;0;0;0;0;0;0;0;0.0004;0.088;0;-0.0884;0;0;0;0;0;0;0;0;0;0;0;0;0;0;0;0;0;0;0;-8.9198;0;0;0;0;0.0004;0;0;0;0;0;0;0;-0.0004;-0.0884;0;0;0;0;0;0;0;0;0;-0.7063;0;0.7063;1;1;0;0;0;0
16/07/21 05:00;0;0;90;0;0;90;0;0;0;0;9.6902;5.1701;0;0;0;0;0;0;0;0;0;0;0;0;0;1;1;1;1;0;0;0;0;0;0;0;0;0;0;0;0;0;0;0;0;0;0;0;0;0;0;0;0;0;0;0;0;0;0;0;0;0;0;0;1;1;1;1;1;1;1;1;1;1;1;1;1;1;1;1;1;1;1;0;0;0;0;0;0;0;0;0;0.0004;0.088;0;-0.0884;0;0;0;0;0;0;0;0;0;0;0;0;0;0;0;0;0;0;0;-9.6902;0;0;0;0;0.0004;0;0;0;0;0;0;0;-0.0004;-0.0884;0;0;0;0;0;0;0;0;0;-0.7063;0;0.7063;1;1;0;0;0;0
16/07/21 06:00;0;0;90;0;0;90;0;0;0;0;9.3;3.8901;0;0;0;0;0;0;0;0;0;0;0;0;0;1;1;1;1;0;0;0;0;0;0;0;0;0;0;0;0;0;0;0;0;0;0;0;0;0;0;0;0;0;0;0;0;0;0;0;0;0;0;0;1;1;1;1;1;1;1;1;1;1;1;1;1;1;1;1;1;1;1;0;0;0;0;0;0;0;0;0;0.0004;0.088;0;-0.0884;0;0;0;0;0;0;0;0;0;0;0;0;0;0;0;0;0;0;0;-9.3;0;0;0;0;0.0004;0;0;0;0;0;0;0;-0.0004;-0.0884;0;0;0;0;0;0;0;0;0;-0.7063;0;0.7063;1;1;0;0;0;0
16/07/21 07:00;4.8658;-59.659;78.128;5.6334;8.1395;-90;-8.1395;61.69;13.803;47.887;8.6997;4.43;0;116.14;7.8742;14.282;0;0.0404;138.34;0;138.34;116.14;14.282;7.8742;0.0404;0.8395;0.0572;0;0.0003;138.26;0.0742;0;0;0.0405;0.0337;103.74;34.25;30.205;3.7145;0.3281;0.0015;137.99;0.2765;0.2323;0.0286;0.0157;0;103.74;85.702;10.539;7.4899;0.0052;4.964;4.2988;1.0459;0.001;0.0375;0.5388;0.0008;0.5753;0;1;0;0;2.2424;0.9995;1;1;0.9949;0.1657;0.7518;0.7394;1;0.958;0.7756;0.998;0.998;1;0.998;0.998;0.7499;0.9512;0.1283;0.4154;0.3136;0.0019;0.0172;-0.0138;0.0022;0.0077;0.0001;0;0;0.088;0;0.1963;0;0;0;0;0;0;0;0;0;0;0;0;0.0062;0.0004;0.2918;0.2918;0;12.907;12.907;4.2073;0.0406;267.25;1091.7;1;0.0075;0.0075;0;0;0;0;0;0;0.2843;0.1963;0;13.379;15.493;9.0015;10.424;97.442;97.442;3.3201;2.3318;1.5688;0.9883;0.7629;0.2977;0.2298;0.4725;4.7005;0.4711;0
16/07/21 08:00;14.255;-50.469;53.33;18.232;31.126;-90;-31.126;77.591;74.701;2.89;9.3399;5.86;0;7.009;68.709;1.6069;0;0.7261;78.051;0;78.051;7.009;1.6069;68.709;0.7261;0.0898;0.8896;0;0.0093;74.173;3.8783;0;0;3.2383;0.64;71.739;2.2858;0.1217;0.0279;2.1217;0.0145;74.025;0.1483;0.014;0.0032;0.1309;0.0002;71.966;6.8732;1.5757;63.218;0.0714;45.662;39.543;9.9038;1.182;0.4024;5.7885;0.2272;5.0089;0;1;0;0;1.0059;0.9503;1;1;0.9529;0.1186;0.9691;0.9826;1;0.9675;0.8307;0.998;0.998;1;0.998;0.998;0.9191;0.9201;0.0983;0.2344;0.229;0.0014;0.0158;-0.0107;0.0016;0.0055;0.0011;0;0;0.088;0;0.1148;0;0;0;0;0;0;0;0;0;0;0;0;0.0044;0.0002;0.2095;0.2095;0;12.259;12.259;2.9193;0.0407;194.1;1079.4;1;0.0067;0.0067;0;0;0;0;0;0;0.2028;0.1148;0;17.029;19.719;9.3295;10.803;96.789;96.789;1.8732;1.6745;0.9174;0.1988;0.7571;0.1061;0.4042;0.4897;45.644;0.464;0
16/07/21 09:00;22.89;-38.864;45.834;33.936;56.064;-90;-56.064;139.59;133.3;6.296;9.7201;7.8999;0;11.278;102.59;2.9207;0;4.0081;120.79;0;120.79;11.278;2.9207;102.59;4.0081;0.0934;0.8825;0;0.0332;105.34;15.458;0;0;11.702;3.7557;101.86;3.2701;0.1159;0.03;3.1125;0.0117;105.13;0.2107;0.0226;0.0058;0.1818;0.0005;103.53;11.139;2.8848;87.591;0.2403;87.493;75.769;21.044;13.474;1.3653;19.64;1.6752;7.5309;0;1;0;0;0.8653;0.872;1;1;0.8859;0.063;0.9689;0.9897;1;0.9657;0.9537;0.998;0.998;1;0.998;0.998;0.8432;0.8538;0.0599;0.3627;0.3532;0.0021;0.0176;-0.0143;0.0024;0.0086;0.0039;0;0;0.088;0;0.2296;0;0;0;0;0;0;0;0;0;0;0;0;0.007;0.0004;0.3254;0.3254;0;13.855;13.855;4.1351;0.0406;299.63;1086;1;0.0078;0.0078;0;0;0;0;0;0;0.3176;0.2296;0;17.088;19.788;12.059;13.964;97.614;97.614;2.899;2.6005;1.8352;0.2985;0.7653;0.103;0.264;0.633;85.392;0.5643;0
16/07/21 10:00;29.404;-25.074;52.1;53.058;36.942;-90;-36.942;359.1;180.3;178.8;10.62;8.5;0;223.72;117.56;62.087;0;4.6861;408.05;0;408.05;223.72;62.087;117.56;4.6861;0.5483;0.2996;0;0.0115;396.55;11.5;0;0;7.255;4.2446;387.78;7.9832;3.426;0.9508;3.5526;0.0537;395.76;0.7931;0.4474;0.1242;0.2206;0.0009;389.24;219.84;61.012;106.53;0.3869;192.79;166.96;42.404;3.6464;1.5735;22.633;1.4606;20.561;0;1;0;0;1.1363;0.9718;1;1;0.9383;0.0942;0.9798;0.9847;1;0.9677;0.878;0.998;0.998;1;0.998;0.998;0.9503;0.9062;0.0826;1.2254;1.2201;0.0073;0.0103;0.0059;0.0084;0.0297;0.0044;0;0;0.088;0;1.02;0;0;0;0;0;0;0;0;0;0;0;0;0.0239;0.0036;1.1265;1.1265;0;26.358;26.358;15.738;0.0406;1044.9;1078.1;1;0.0185;0.0185;0;0;0;0;0;0;1.108;1.02;0;17.513;20.279;15.857;18.362;98.356;98.356;9.7932;9.0029;8.1516;0.7904;0.8513;0.0807;0.0869;0.8324;81.631;0.7992;0
16/07/21 11:00;33.043;-9.2794;55.822;76.077;13.923;-90;-13.923;142.9;140.4;2.4927;10.81;8.5;0;2.5682;137.86;0.4997;0;0.2729;141.2;0;141.2;2.5682;0.4997;137.86;0.2729;0.0182;0.9783;0;0.0019;139.24;1.9679;0;0;1.7404;0.2275;133.66;5.2941;0.0589;0.0115;5.2137;0.0102;138.96;0.2785;0.0051;0.001;0.2722;0.0001;133.72;2.5042;0.4873;130.64;0.0351;85.302;73.872;17.757;0.1366;0.6655;9.5734;0.0585;10.102;0;1;0;0;0.9882;0.9861;1;1;0.9874;0.1663;0.9619;0.977;1;0.9616;0.7755;0.998;0.998;1;0.998;0.998;0.9466;0.9476;0.1287;0.424;0.4229;0.0025;0.018;-0.0134;0.0029;0.0103;0.0019;0;0;0.088;0;0.2953;0;0;0;0;0;0;0;0;0;0;0;0;0.0083;0.0006;0.3917;0.3917;0;16.233;16.233;5.4231;0.0406;360.54;1086.5;1;0.0085;0.0085;0;0;0;0;0;0;0.3833;0.2953;0;17.599;20.38;13.265;15.361;97.838;97.838;3.3889;3.1308;2.3599;0.258;0.771;0.0761;0.2275;0.6964;83.583;0.6627;0
16/07/21 12:00;33.243;7.4241;56.032;78.848;11.152;90;11.152;318.61;249.6;69.008;9.5998;8.55;0;70.336;223.72;24.202;0;0.3911;318.65;0;318.65;70.336;24.202;223.72;0.3911;0.2207;0.7033;0;0.0012;316.38;2.2762;0;0;1.9497;0.3265;304.62;11.122;1.6519;0.5684;8.8869;0.0145;315.74;0.6328;0.1407;0.0484;0.4435;0.0001;304.7;68.544;23.585;212.44;0.0499;188.47;163.22;39.097;0.0983;1.466;21.089;0.0771;22.456;0;1;0;0;1.0001;0.9929;1;1;0.9913;0.1651;0.9648;0.9765;1;0.9598;0.7746;0.998;0.998;1;0.998;0.998;0.956;0.9496;0.1277;0.9569;0.9622;0.0058;0.0139;-0.0104;0.0067;0.0237;0.0042;0;0;0.088;0;0.7938;0;0;0;0;0;0;0;0;0;0;0;0;0.019;0.0024;0.897;0.897;0;21.936;21.936;12.336;0.0405;822.33;1090.7;1;0.0152;0.0152;0;0;0;0;0;0;0.8818;0.7938;0;17.856;20.677;15.803;18.299;98.309;98.309;7.6477;7.1685;6.344;0.4792;0.8245;0.0627;0.1078;0.8295;134.51;0.7904;0
16/07/21 13:00;29.968;23.392;52.665;55.451;34.549;90;34.549;281.3;230.8;50.495;10.13;8.72;0;61.308;194.37;21.407;0;3.2246;280.31;0;280.31;61.308;21.407;194.37;3.2246;0.2187;0.7049;0;0.0115;266.6;13.717;0;0;10.82;2.8965;258.76;7.3026;0.9934;0.3469;5.9148;0.0475;266.06;0.5332;0.1226;0.0428;0.3671;0.0007;259.83;60.192;21.017;177.27;0.28;166.63;144.3;36.6;4.7899;1.4696;21.14;1.0665;17.819;0;1;0;0;0.9965;0.9511;1;1;0.9443;0.1018;0.9726;0.9838;1;0.9677;0.8549;0.998;0.998;1;0.998;0.998;0.9231;0.912;0.0868;0.8418;0.8271;0.005;0.0156;-0.0129;0.0057;0.0203;0.0042;0;0;0.088;0;0.6696;0;0;0;0;0;0;0;0;0;0;0;0;0.0164;0.0018;0.771;0.771;0;20.61;20.61;10.479;0.0405;706.61;1091.1;1;0.0133;0.0133;0;0;0;0;0;0;0.7576;0.6696;0;17.447;20.203;15.154;17.549;98.274;98.274;6.7275;6.1615;5.3518;0.566;0.8097;0.0841;0.1204;0.7955;132.44;0.753;0
16/07/21 14:00;23.74;37.431;46.627;35.889;54.111;90;54.111;84.604;83.502;1.1023;10.46;8.47;0;1.8804;66.089;0.2947;0;2.2755;70.54;0;70.54;1.8804;0.2947;66.089;2.2755;0.0267;0.9692;0;0.0323;61.228;9.3121;0;0;7.1755;2.1366;59.083;2.0218;0.0202;0.0032;1.9926;0.0059;61.105;0.1225;0.0038;0.0006;0.1178;0.0003;60.037;1.8565;0.291;56.803;0.1328;54.226;46.96;13.008;7.6612;0.8036;11.559;0.9538;4.7014;0;1;0;0;0.8338;0.868;1;1;0.8914;0.0611;0.9669;0.9892;1;0.9661;0.9577;0.998;0.998;1;0.998;0.998;0.8376;0.8595;0.0584;0.2118;0.2052;0.0012;0.0153;-0.0091;0.0014;0.0049;0.0022;0;0;0.088;0;0.0907;0;0;0;0;0;0;0;0;0;0;0;0;0.004;0.0002;0.1851;0.1851;0;12.871;12.871;2.4109;0.0408;173.22;1068.8;1;0.0064;0.0064;0;0;0;0;0;0;0.1787;0.0907;0;16.649;19.279;8.1556;9.444;96.518;96.518;1.693;1.4796;0.7248;0.2134;0.7548;0.126;0.4459;0.4281;53.843;0.3813;0
16/07/21 15:00;15.306;49.268;50.192;19.858;35.614;90;35.614;36.901;36.599;0.3019;9.5001;7.77;0;0.7322;33.147;0.0767;0;0.4486;34.405;0;34.405;0.7322;0.0767;33.147;0.4486;0.0213;0.9765;0;0.013;32.065;2.3402;0;0;1.9353;0.405;30.979;1.0216;0.0094;0.001;1.0052;0.0059;32.001;0.0641;0.0015;0.0002;0.0624;0.0001;31.134;0.7213;0.0756;30.145;0.0377;22.776;19.724;5.0336;0.9066;0.2152;3.096;0.1553;2.4047;0;1;0;0;0.9324;0.932;1;1;0.9416;0.0974;0.9681;0.9871;1;0.9677;0.8641;0.998;0.998;1;0.998;0.998;0.9004;0.9094;0.084;0.1033;0.1003;0.0006;0.0113;-0.0052;0.0007;0.0023;0.0006;0;0;0.088;0;-0.0042;0;0;0;0;0;0;0;0;0;0;0;0;0.0019;0.0001;0.0882;0.0882;0;10.772;10.772;1.2723;0.0411;83.925;1050.6;1;0.0044;0.0044;0;0;0;0;0;0;0.0838;-0.0042;0;16.257;18.825;-0.7806;-0.9039;95.005;95.005;0.8257;0.7047;-0.0338;0.1211;0.7385;0.1466;0.8944;0;22.774;0;0
16/07/21 16:00;5.3453;59.242;76.942;6.2139;9.0053;90;9.0053;51.298;48.898;2.3995;9.06;6.71;0;5.8195;47.651;2.3084;0;0.0411;55.82;0;55.82;5.8195;2.3084;47.651;0.0411;0.1043;0.8544;0;0.0007;55.495;0.3251;0;0;0.2907;0.0343;51.567;3.817;1.3286;0.527;1.9599;0.0015;55.384;0.111;0.0116;0.0046;0.0947;0;51.573;4.4792;1.7768;45.306;0.0052;28.514;24.693;5.8296;0.0092;0.227;3.2649;0.0062;3.4827;0;1;0;0;1.0882;0.9942;1;1;0.9939;0.1649;0.9311;0.7712;1;0.9585;0.775;0.998;0.998;1;0.998;0.998;0.9238;0.9508;0.1275;0.1676;0.1622;0.001;0.014;-0.0082;0.0011;0.0039;0.0006;0;0;0.088;0;0.0525;0;0;0;0;0;0;0;0;0;0;0;0;0.0031;0.0001;0.1467;0.1467;0;11.165;11.165;2.1045;0.0408;137.02;1070.6;1;0.0062;0.0062;0;0;0;0;0;0;0.1405;0.0525;0;16.67;19.304;5.9659;6.9084;95.778;95.778;1.3397;1.1723;0.4195;0.1673;0.7528;0.1249;0.5619;0.3132;28.498;0.3;0
16/07/21 17:00;0;0;90;0;0;90;0;0;0;0;9.2003;5.68;0;0;0;0;0;0;0;0;0;0;0;0;0;1;1;1;1;0;0;0;0;0;0;0;0;0;0;0;0;0;0;0;0;0;0;0;0;0;0;0;0;0;0;0;0;0;0;0;0;0;0;0;1;1;1;1;1;1;1;1;1;1;1;1;1;1;1;1;1;1;1;0;0;0;0;0;0;0;0;0;0.0004;0.088;0;-0.0884;0;0;0;0;0;0;0;0;0;0;0;0;0;0;0;0;0;0;0;-9.2003;0;0;0;0;0.0004;0;0;0;0;0;0;0;-0.0004;-0.0884;0;0;0;0;0;0;0;0;0;-0.7063;0;0.7063;1;1;0;0;0;0
16/07/21 18:00;0;0;90;0;0;90;0;0;0;0;9.2501;5.93;0;0;0;0;0;0;0;0;0;0;0;0;0;1;1;1;1;0;0;0;0;0;0;0;0;0;0;0;0;0;0;0;0;0;0;0;0;0;0;0;0;0;0;0;0;0;0;0;0;0;0;0;1;1;1;1;1;1;1;1;1;1;1;1;1;1;1;1;1;1;1;0;0;0;0;0;0;0;0;0;0.0004;0.088;0;-0.0884;0;0;0;0;0;0;0;0;0;0;0;0;0;0;0;0;0;0;0;-9.2501;0;0;0;0;0.0004;0;0;0;0;0;0;0;-0.0004;-0.0884;0;0;0;0;0;0;0;0;0;-0.7063;0;0.7063;1;1;0;0;0;0
16/07/21 19:00;0;0;90;0;0;90;0;0;0;0;9.3;6.1;0;0;0;0;0;0;0;0;0;0;0;0;0;1;1;1;1;0;0;0;0;0;0;0;0;0;0;0;0;0;0;0;0;0;0;0;0;0;0;0;0;0;0;0;0;0;0;0;0;0;0;0;1;1;1;1;1;1;1;1;1;1;1;1;1;1;1;1;1;1;1;0;0;0;0;0;0;0;0;0;0.0004;0.088;0;-0.0884;0;0;0;0;0;0;0;0;0;0;0;0;0;0;0;0;0;0;0;-9.3;0;0;0;0;0.0004;0;0;0;0;0;0;0;-0.0004;-0.0884;0;0;0;0;0;0;0;0;0;-0.7063;0;0.7063;1;1;0;0;0;0
16/07/21 20:00;0;0;90;0;0;90;0;0;0;0;8.9902;7.6401;0;0;0;0;0;0;0;0;0;0;0;0;0;1;1;1;1;0;0;0;0;0;0;0;0;0;0;0;0;0;0;0;0;0;0;0;0;0;0;0;0;0;0;0;0;0;0;0;0;0;0;0;1;1;1;1;1;1;1;1;1;1;1;1;1;1;1;1;1;1;1;0;0;0;0;0;0;0;0;0;0.0004;0.088;0;-0.0884;0;0;0;0;0;0;0;0;0;0;0;0;0;0;0;0;0;0;0;-8.9902;0;0;0;0;0.0004;0;0;0;0;0;0;0;-0.0004;-0.0884;0;0;0;0;0;0;0;0;0;-0.7063;0;0.7063;1;1;0;0;0;0
16/07/21 21:00;0;0;90;0;0;90;0;0;0;0;9.7401;6.87;0;0;0;0;0;0;0;0;0;0;0;0;0;1;1;1;1;0;0;0;0;0;0;0;0;0;0;0;0;0;0;0;0;0;0;0;0;0;0;0;0;0;0;0;0;0;0;0;0;0;0;0;1;1;1;1;1;1;1;1;1;1;1;1;1;1;1;1;1;1;1;0;0;0;0;0;0;0;0;0;0.0004;0.088;0;-0.0884;0;0;0;0;0;0;0;0;0;0;0;0;0;0;0;0;0;0;0;-9.7401;0;0;0;0;0.0004;0;0;0;0;0;0;0;-0.0004;-0.0884;0;0;0;0;0;0;0;0;0;-0.7063;0;0.7063;1;1;0;0;0;0
16/07/21 22:00;0;0;90;0;0;90;0;0;0;0;9.9003;5.8801;0;0;0;0;0;0;0;0;0;0;0;0;0;1;1;1;1;0;0;0;0;0;0;0;0;0;0;0;0;0;0;0;0;0;0;0;0;0;0;0;0;0;0;0;0;0;0;0;0;0;0;0;1;1;1;1;1;1;1;1;1;1;1;1;1;1;1;1;1;1;1;0;0;0;0;0;0;0;0;0;0.0004;0.088;0;-0.0884;0;0;0;0;0;0;0;0;0;0;0;0;0;0;0;0;0;0;0;-9.9003;0;0;0;0;0.0004;0;0;0;0;0;0;0;-0.0004;-0.0884;0;0;0;0;0;0;0;0;0;-0.7063;0;0.7063;1;1;0;0;0;0
16/07/21 23:00;0;0;90;0;0;90;0;0;0;0;9.2103;5.46;0;0;0;0;0;0;0;0;0;0;0;0;0;1;1;1;1;0;0;0;0;0;0;0;0;0;0;0;0;0;0;0;0;0;0;0;0;0;0;0;0;0;0;0;0;0;0;0;0;0;0;0;1;1;1;1;1;1;1;1;1;1;1;1;1;1;1;1;1;1;1;0;0;0;0;0;0;0;0;0;0.0004;0.088;0;-0.0884;0;0;0;0;0;0;0;0;0;0;0;0;0;0;0;0;0;0;0;-9.2103;0;0;0;0;0.0004;0;0;0;0;0;0;0;-0.0004;-0.0884;0;0;0;0;0;0;0;0;0;-0.7063;0;0.7063;1;1;0;0;0;0
17/07/21 00:00;0;0;90;0;0;90;0;0;0;0;8.8998;7.36;0;0;0;0;0;0;0;0;0;0;0;0;0;1;1;1;1;0;0;0;0;0;0;0;0;0;0;0;0;0;0;0;0;0;0;0;0;0;0;0;0;0;0;0;0;0;0;0;0;0;0;0;1;1;1;1;1;1;1;1;1;1;1;1;1;1;1;1;1;1;1;0;0;0;0;0;0;0;0;0;0.0004;0.088;0;-0.0884;0;0;0;0;0;0;0;0;0;0;0;0;0;0;0;0;0;0;0;-8.8998;0;0;0;0;0.0004;0;0;0;0;0;0;0;-0.0004;-0.0884;0;0;0;0;0;0;0;0;0;-0.7063;0;0.7063;1;1;0;0;0;0
17/07/21 01:00;0;0;90;0;0;90;0;0;0;0;8.84;8.55;0;0;0;0;0;0;0;0;0;0;0;0;0;1;1;1;1;0;0;0;0;0;0;0;0;0;0;0;0;0;0;0;0;0;0;0;0;0;0;0;0;0;0;0;0;0;0;0;0;0;0;0;1;1;1;1;1;1;1;1;1;1;1;1;1;1;1;1;1;1;1;0;0;0;0;0;0;0;0;0;0.0004;0.088;0;-0.0884;0;0;0;0;0;0;0;0;0;0;0;0;0;0;0;0;0;0;0;-8.84;0;0;0;0;0.0004;0;0;0;0;0;0;0;-0.0004;-0.0884;0;0;0;0;0;0;0;0;0;-0.7063;0;0.7063;1;1;0;0;0;0
17/07/21 02:00;0;0;90;0;0;90;0;0;0;0;7.6301;8.3699;0;0;0;0;0;0;0;0;0;0;0;0;0;1;1;1;1;0;0;0;0;0;0;0;0;0;0;0;0;0;0;0;0;0;0;0;0;0;0;0;0;0;0;0;0;0;0;0;0;0;0;0;1;1;1;1;1;1;1;1;1;1;1;1;1;1;1;1;1;1;1;0;0;0;0;0;0;0;0;0;0.0004;0.088;0;-0.0884;0;0;0;0;0;0;0;0;0;0;0;0;0;0;0;0;0;0;0;-7.6301;0;0;0;0;0.0004;0;0;0;0;0;0;0;-0.0004;-0.0884;0;0;0;0;0;0;0;0;0;-0.7063;0;0.7063;1;1;0;0;0;0
17/07/21 03:00;0;0;90;0;0;90;0;0;0;0;7.6999;7.9601;0;0;0;0;0;0;0;0;0;0;0;0;0;1;1;1;1;0;0;0;0;0;0;0;0;0;0;0;0;0;0;0;0;0;0;0;0;0;0;0;0;0;0;0;0;0;0;0;0;0;0;0;1;1;1;1;1;1;1;1;1;1;1;1;1;1;1;1;1;1;1;0;0;0;0;0;0;0;0;0;0.0004;0.088;0;-0.0884;0;0;0;0;0;0;0;0;0;0;0;0;0;0;0;0;0;0;0;-7.6999;0;0;0;0;0.0004;0;0;0;0;0;0;0;-0.0004;-0.0884;0;0;0;0;0;0;0;0;0;-0.7063;0;0.7063;1;1;0;0;0;0
17/07/21 04:00;0;0;90;0;0;90;0;0;0;0;7.45;7.4099;0;0;0;0;0;0;0;0;0;0;0;0;0;1;1;1;1;0;0;0;0;0;0;0;0;0;0;0;0;0;0;0;0;0;0;0;0;0;0;0;0;0;0;0;0;0;0;0;0;0;0;0;1;1;1;1;1;1;1;1;1;1;1;1;1;1;1;1;1;1;1;0;0;0;0;0;0;0;0;0;0.0004;0.088;0;-0.0884;0;0;0;0;0;0;0;0;0;0;0;0;0;0;0;0;0;0;0;-7.45;0;0;0;0;0.0004;0;0;0;0;0;0;0;-0.0004;-0.0884;0;0;0;0;0;0;0;0;0;-0.7063;0;0.7063;1;1;0;0;0;0
17/07/21 05:00;0;0;90;0;0;90;0;0;0;0;7.4998;7.4099;0;0;0;0;0;0;0;0;0;0;0;0;0;1;1;1;1;0;0;0;0;0;0;0;0;0;0;0;0;0;0;0;0;0;0;0;0;0;0;0;0;0;0;0;0;0;0;0;0;0;0;0;1;1;1;1;1;1;1;1;1;1;1;1;1;1;1;1;1;1;1;0;0;0;0;0;0;0;0;0;0.0004;0.088;0;-0.0884;0;0;0;0;0;0;0;0;0;0;0;0;0;0;0;0;0;0;0;-7.4998;0;0;0;0;0.0004;0;0;0;0;0;0;0;-0.0004;-0.0884;0;0;0;0;0;0;0;0;0;-0.7063;0;0.7063;1;1;0;0;0;0
17/07/21 06:00;0;0;90;0;0;90;0;0;0;0;7.2399;7.5501;0;0;0;0;0;0;0;0;0;0;0;0;0;1;1;1;1;0;0;0;0;0;0;0;0;0;0;0;0;0;0;0;0;0;0;0;0;0;0;0;0;0;0;0;0;0;0;0;0;0;0;0;1;1;1;1;1;1;1;1;1;1;1;1;1;1;1;1;1;1;1;0;0;0;0;0;0;0;0;0;0.0004;0.088;0;-0.0884;0;0;0;0;0;0;0;0;0;0;0;0;0;0;0;0;0;0;0;-7.2399;0;0;0;0;0.0004;0;0;0;0;0;0;0;-0.0004;-0.0884;0;0;0;0;0;0;0;0;0;-0.7063;0;0.7063;1;1;0;0;0;0
17/07/21 07:00;4.7827;-59.955;78.334;5.5207;7.9723;-90;-7.9723;40.007;30.1;9.9068;6.9002;7.8199;0;24.027;27.265;6.5541;0;0.0251;57.871;0;57.871;24.027;6.5541;27.265;0.0251;0.4152;0.4716;0;0.0004;57.715;0.1566;0;0;0.1356;0.021;48.323;9.2763;6.3926;1.7438;1.139;0.0009;57.599;0.1154;0.0481;0.0131;0.0543;0;48.326;17.586;4.7972;25.936;0.0032;16.332;14.144;3.3104;0.0032;0.1317;1.895;0.0025;2.0236;0;1;0;0;1.4465;0.9973;1;1;0.995;0.1656;0.839;0.7334;1;0.9579;0.7756;0.998;0.998;1;0.998;0.998;0.835;0.9513;0.1282;0.1738;0.1495;0.0009;0.0135;-0.0088;0.001;0.0036;0.0004;0;0;0.088;0;0.042;0;0;0;0;0;0;0;0;0;0;0;0;0.0029;0.0001;0.136;0.136;0;8.87;8.87;1.9698;0.0408;126.19;1078;1;0.006;0.006;0;0;0;0;0;0;0.13;0.042;0;14.912;17.268;4.6074;5.3352;95.584;95.584;1.3889;1.0872;0.3359;0.3017;0.7513;0.2172;0.5409;0.2419;16.271;0.2361;0
17/07/21 08:00;14.365;-50.605;53.008;18.335;31.389;-90;-31.389;82.397;78.699;3.6978;6.9501;8.18;0;8.9682;72.119;2.1496;0;0.7838;84.021;0;84.021;8.9682;2.1496;72.119;0.7838;0.1067;0.8677;0;0.0093;79.884;4.1363;0;0;3.4446;0.6917;77.298;2.4261;0.1505;0.0361;2.2241;0.0154;79.725;0.1598;0.0179;0.0043;0.1373;0.0002;77.542;8.7997;2.1092;66.313;0.0765;48.021;41.587;10.427;1.2772;0.4247;6.1086;0.2437;5.256;0;1;0;0;1.0197;0.9508;1;1;0.9522;0.1175;0.9696;0.9832;1;0.9675;0.8325;0.998;0.998;1;0.998;0.998;0.92;0.9195;0.0976;0.2523;0.2464;0.0015;0.0162;-0.0134;0.0017;0.006;0.0012;0;0;0.088;0;0.1331;0;0;0;0;0;0;0;0;0;0;0;0;0.0048;0.0003;0.2281;0.2281;0;10.087;10.087;3.1371;0.0406;208.96;1091.7;1;0.007;0.007;0;0;0;0;0;0;0.2211;0.1331;0;17.223;19.944;10.052;11.64;96.938;96.938;2.0165;1.8231;1.064;0.1934;0.7591;0.0959;0.3765;0.5277;47.999;0.5004;0
17/07/21 09:00;23.02;-38.986;45.676;34.033;55.967;-90;-55.967;185.21;160;25.208;6.9102;8.9001;0;45.041;118.7;13.925;0;5.3009;182.96;0;182.96;45.041;13.925;118.7;5.3009;0.2462;0.6777;0;0.029;164.49;18.473;0;0;13.506;4.9671;159.95;4.2159;0.4587;0.1418;3.6;0.0153;164.16;0.329;0.0901;0.0278;0.2104;0.0007;161.99;44.493;13.755;101.38;0.3179;107.5;93.098;25.673;15.495;1.6206;23.312;2.0427;9.4366;0;1;0;0;0.9879;0.899;1;1;0.8862;0.063;0.9743;0.9898;1;0.9657;0.9541;0.998;0.998;1;0.998;0.998;0.8742;0.8541;0.06;0.5494;0.537;0.0032;0.018;-0.0223;0.0038;0.0134;0.0047;0;0;0.088;0;0.4069;0;0;0;0;0;0;0;0;0;0;0;0;0.0108;0.0009;0.5048;0.5048;0;13.373;13.373;6.4632;0.0404;457.04;1104.4;1;0.0098;0.0098;0;0;0;0;0;0;0.4949;0.4069;0;17.501;20.265;14.108;16.337;98.051;98.051;4.3911;4.034;3.252;0.3571;0.7819;0.0813;0.1781;0.7406;98.695;0.6761;0
17/07/21 10:00;29.553;-25.171;51.934;53.126;36.874;-90;-36.874;229.49;203.9;25.59;7.4998;9.02;0;31.99;176.31;9.9925;0;2.9841;221.28;0;221.28;31.99;9.9925;176.31;2.9841;0.1446;0.8103;0;0.0135;207.73;13.552;0;0;10.85;2.7021;201.32;5.9961;0.482;0.1506;5.329;0.0345;207.31;0.4155;0.064;0.02;0.3309;0.0006;202.35;31.444;9.8219;159.8;0.2469;138.72;120.13;30.76;5.4332;1.2985;18.679;1.0295;14.544;0;1;0;0;0.9642;0.9388;1;1;0.9385;0.0945;0.9711;0.9849;1;0.9677;0.8774;0.998;0.998;1;0.998;0.998;0.9098;0.9064;0.0827;0.6645;0.6488;0.0039;0.0174;-0.0216;0.0045;0.0161;0.0037;0;0;0.088;0;0.5115;0;0;0;0;0;0;0;0;0;0;0;0;0.013;0.0012;0.6106;0.6106;0;15.635;15.635;8.1347;0.0404;553.56;1103.1;1;0.0111;0.0111;0;0;0;0;0;0;0.5995;0.5115;0;17.506;20.271;14.664;16.98;98.176;98.176;5.3107;4.8802;4.0879;0.4305;0.7923;0.0811;0.1492;0.7697;122.36;0.724;0
17/07/21 11:00;33.208;-9.3349;55.65;76.082;13.918;-90;-13.918;169.5;165.6;3.9015;8.36;8.7501;0;4.0195;162.29;0.9183;0;0.3234;167.55;0;167.55;4.0195;0.9183;162.29;0.3234;0.024;0.9705;0;0.0019;165.24;2.3172;0;0;2.0475;0.2697;158.64;6.2611;0.0903;0.0206;6.1381;0.012;164.9;0.3305;0.008;0.0018;0.3205;0.0001;158.71;3.9211;0.8958;153.79;0.0416;101.16;87.604;20.84;0.1606;0.8033;11.555;0.0709;12.197;0;1;0;0;0.9885;0.9862;1;1;0.9874;0.1663;0.962;0.9775;1;0.9616;0.7755;0.998;0.998;1;0.998;0.998;0.9468;0.9476;0.1287;0.5032;0.5024;0.003;0.018;-0.0184;0.0035;0.0124;0.0023;0;0;0.088;0;0.3733;0;0;0;0;0;0;0;0;0;0;0;0;0.01;0.0008;0.4708;0.4708;0;14.779;14.779;6.4187;0.0405;428.48;1098.7;1;0.0094;0.0094;0;0;0;0;0;0;0.4613;0.3733;0;17.824;20.639;14.135;16.368;97.998;97.998;4.0213;3.7624;2.9838;0.2589;0.7786;0.0644;0.1936;0.742;98.392;0.7056;0
17/07/21 12:00;33.414;7.4202;55.866;78.924;11.076;90;11.076;93.903;92.801;1.1014;7.2599;8.34;0;1.1223;91.798;0.1429;0;0.1137;93.177;0;93.177;1.1223;0.1429;91.798;0.1137;0.012;0.9864;0;0.0012;92.291;0.8858;0;0;0.7909;0.0949;88.422;3.6846;0.0259;0.0033;3.6512;0.0042;92.107;0.1846;0.0022;0.0003;0.182;0;88.444;1.0942;0.1393;87.174;0.0145;55.902;48.411;11.54;0.0393;0.4391;6.3168;0.0214;6.7167;0;1;0;0;0.9923;0.9905;1;1;0.9914;0.1651;0.96;0.9769;1;0.9598;0.7747;0.998;0.998;1;0.998;0.998;0.949;0.9496;0.1277;0.2798;0.2797;0.0017;0.0168;-0.0144;0.0019;0.0068;0.0012;0;0;0.088;0;0.1646;0;0;0;0;0;0;0;0;0;0;0;0;0.0055;0.0003;0.2598;0.2598;0;10.846;10.846;3.5858;0.0406;237.53;1093.7;1;0.0072;0.0072;0;0;0;0;0;0;0.2526;0.1646;0;17.686;20.48;11.203;12.973;97.218;97.218;2.2363;2.0762;1.3151;0.1601;0.761;0.0716;0.3403;0.5881;55.179;0.5597;0
17/07/21 13:00;30.135;23.436;52.514;55.583;34.417;90;34.417;65.5;64.903;0.5962;6.5;8.0301;0;0.7228;59.169;0.0706;0;0.7453;60.708;0;60.708;0.7228;0.0706;59.169;0.7453;0.0119;0.9869;0;0.0123;56.765;3.943;0;0;3.274;0.669;54.826;1.8252;0.0115;0.0011;1.8014;0.0111;56.652;0.1135;0.0014;0.0001;0.1118;0.0002;55.08;0.7098;0.0693;53.982;0.065;40.604;35.163;8.9626;1.4389;0.3729;5.3643;0.2536;4.2983;0;1;0;0;0.9268;0.935;1;1;0.9447;0.1023;0.9678;0.984;1;0.9677;0.8538;0.998;0.998;1;0.998;0.998;0.9031;0.9123;0.0872;0.1823;0.1772;0.0011;0.0145;-0.0106;0.0012;0.0043;0.001;0;0;0.088;0;0.0677;0;0;0;0;0;0;0;0;0;0;0;0;0.0034;0.0002;0.1621;0.1621;0;8.7312;8.7312;2.2312;0.0407;149.59;1083.7;1;0.0064;0.0064;0;0;0;0;0;0;0.1557;0.0677;0;16.939;19.615;7.0706;8.1876;96.028;96.028;1.457;1.2955;0.5408;0.1615;0.7547;0.1108;0.518;0.3712;40.275;0.3481;0
17/07/21 14:00;23.895;37.509;46.491;36.041;53.959;90;53.959;97.595;96.101;1.4941;7.0298;7.44;0;2.5395;76.108;0.4552;0;2.6113;81.714;0;81.714;2.5395;0.4552;76.108;2.6113;0.0311;0.9634;0;0.032;71.033;10.682;0;0;8.2298;2.4517;68.559;2.3323;0.0271;0.0049;2.2937;0.0067;70.891;0.1421;0.0051;0.0009;0.1358;0.0003;69.649;2.5073;0.4495;65.449;0.1526;62.439;54.072;14.976;8.736;0.9199;13.232;1.09;5.4157;0;1;0;0;0.8373;0.8693;1;1;0.8919;0.0611;0.9671;0.9893;1;0.9661;0.958;0.998;0.998;1;0.998;0.998;0.839;0.8599;0.0584;0.2454;0.2377;0.0014;0.016;-0.0132;0.0016;0.0058;0.0026;0;0;0.088;0;0.1236;0;0;0;0;0;0;0;0;0;0;0;0;0.0047;0.0002;0.2184;0.2184;0;9.8153;9.8153;2.7854;0.0406;200.79;1087.9;1;0.0069;0.0069;0;0;0;0;0;0;0.2116;0.1236;0;16.957;19.636;9.5918;11.107;96.852;96.852;1.9611;1.7457;0.9875;0.2154;0.7583;0.1098;0.3866;0.5035;61.905;0.4491;0
17/07/21 15:00;15.448;49.367;49.759;20.009;36.074;90;36.074;40.905;40.497;0.4086;7.2997;7.04;0;0.991;36.572;0.1138;0;0.5098;38.187;0;38.187;0.991;0.1138;36.572;0.5098;0.026;0.9711;0;0.0134;35.547;2.6395;0;0;2.1784;0.4611;34.348;1.1279;0.0125;0.0014;1.1076;0.0064;35.476;0.0711;0.002;0.0002;0.0688;0.0001;34.525;0.9765;0.1122;33.217;0.0422;25.221;21.841;5.5851;1.0452;0.2403;3.4566;0.1771;2.6517;0;1;0;0;0.9335;0.9309;1;1;0.9404;0.0955;0.9682;0.9874;1;0.9677;0.8682;0.998;0.998;1;0.998;0.998;0.8995;0.9083;0.0827;0.1147;0.1113;0.0007;0.0118;-0.0067;0.0007;0.0026;0.0007;0;0;0.088;0;0.0064;0;0;0;0;0;0;0;0;0;0;0;0;0.0021;0.0001;0.0992;0.0992;0;8.7059;8.7059;1.4061;0.0409;93.244;1064.1;1;0.0048;0.0048;0;0;0;0;0;0;0.0944;0.0064;0;16.483;19.087;1.0657;1.234;95.154;95.154;0.9165;0.793;0.0513;0.1235;0.7417;0.1347;0.8093;0.0559;25.218;0.0524;0
17/07/21 16:00;5.4738;59.356;76.623;6.3556;9.218;90;9.218;11.604;11.601;0.0025;7.6999;6.72;0;0.006;11.526;0.0006;0;0.0097;11.542;0;11.542;0.006;0.0006;11.526;0.0097;0.0005;0.9994;0;0.0008;11.461;0.0812;0;0;0.0731;0.0081;10.964;0.4743;0.0013;0.0001;0.4725;0.0004;11.438;0.0229;0;0;0.0229;0;10.965;0.0047;0.0004;10.957;0.0012;6.8963;5.9722;1.4098;0.0024;0.0549;0.79;0.0016;0.8425;0;1;0;0;0.9947;0.993;1;1;0.9937;0.1649;0.9585;0.779;1;0.9587;0.7749;0.998;0.998;1;0.998;0.998;0.9499;0.9507;0.1276;0.0347;0.0347;0.0002;0.0065;-0.002;0.0002;0.0007;0.0001;0;0;0.088;0;-0.0623;0;0;0;0;0;0;0;0;0;0;0;0;0.0006;0;0.0283;0.0283;0;8.1574;8.1574;0.4575;0.0417;27.92;1014.7;1;0.0027;0.0027;0;0;0;0;0;0;0.0257;-0.0623;0;15.571;18.031;-34.259;-39.671;90.591;90.591;0.277;0.2264;-0.4982;0.0506;0.7246;0.1826;2.6158;0;6.8963;0;0
17/07/21 17:00;0.079;63.817;89.921;0;0;90;0;0;0;0;7.9997;6.59;0;0;0;0;0;0;0;0;0;0;0;0;0;1;1;1;1;0;0;0;0;0;0;0;0;0;0;0;0;0;0;0;0;0;0;0;0;0;0;0;0;0;0;0;0;0;0;0;0;0;0;0;1;1;1;1;1;1;1;1;1;1;1;1;1;1;1;1;1;1;1;0;0;0;0;0;0;0;0;0;0.0004;0.088;0;-0.0884;0;0;0;0;0;0;0;0;0;0;0;0;0;0;0;0;0;0;0;-7.9997;0;0;0;0;0.0004;0;0;0;0;0;0;0;-0.0004;-0.0884;0;0;0;0;0;0;0;0;0;-0.7063;0;0.7063;1;1;0;0;0;0
17/07/21 18:00;0;0;90;0;0;90;0;0;0;0;8.6798;6.7799;0;0;0;0;0;0;0;0;0;0;0;0;0;1;1;1;1;0;0;0;0;0;0;0;0;0;0;0;0;0;0;0;0;0;0;0;0;0;0;0;0;0;0;0;0;0;0;0;0;0;0;0;1;1;1;1;1;1;1;1;1;1;1;1;1;1;1;1;1;1;1;0;0;0;0;0;0;0;0;0;0.0004;0.088;0;-0.0884;0;0;0;0;0;0;0;0;0;0;0;0;0;0;0;0;0;0;0;-8.6798;0;0;0;0;0.0004;0;0;0;0;0;0;0;-0.0004;-0.0884;0;0;0;0;0;0;0;0;0;-0.7063;0;0.7063;1;1;0;0;0;0
17/07/21 19:00;0;0;90;0;0;90;0;0;0;0;8.8998;7.4701;0;0;0;0;0;0;0;0;0;0;0;0;0;1;1;1;1;0;0;0;0;0;0;0;0;0;0;0;0;0;0;0;0;0;0;0;0;0;0;0;0;0;0;0;0;0;0;0;0;0;0;0;1;1;1;1;1;1;1;1;1;1;1;1;1;1;1;1;1;1;1;0;0;0;0;0;0;0;0;0;0.0004;0.088;0;-0.0884;0;0;0;0;0;0;0;0;0;0;0;0;0;0;0;0;0;0;0;-8.8998;0;0;0;0;0.0004;0;0;0;0;0;0;0;-0.0004;-0.0884;0;0;0;0;0;0;0;0;0;-0.7063;0;0.7063;1;1;0;0;0;0
17/07/21 20:00;0;0;90;0;0;90;0;0;0;0;8.8799;7.35;0;0;0;0;0;0;0;0;0;0;0;0;0;1;1;1;1;0;0;0;0;0;0;0;0;0;0;0;0;0;0;0;0;0;0;0;0;0;0;0;0;0;0;0;0;0;0;0;0;0;0;0;1;1;1;1;1;1;1;1;1;1;1;1;1;1;1;1;1;1;1;0;0;0;0;0;0;0;0;0;0.0004;0.088;0;-0.0884;0;0;0;0;0;0;0;0;0;0;0;0;0;0;0;0;0;0;0;-8.8799;0;0;0;0;0.0004;0;0;0;0;0;0;0;-0.0004;-0.0884;0;0;0;0;0;0;0;0;0;-0.7063;0;0.7063;1;1;0;0;0;0
17/07/21 21:00;0;0;90;0;0;90;0;0;0;0;9.3299;7.21;0;0;0;0;0;0;0;0;0;0;0;0;0;1;1;1;1;0;0;0;0;0;0;0;0;0;0;0;0;0;0;0;0;0;0;0;0;0;0;0;0;0;0;0;0;0;0;0;0;0;0;0;1;1;1;1;1;1;1;1;1;1;1;1;1;1;1;1;1;1;1;0;0;0;0;0;0;0;0;0;0.0004;0.088;0;-0.0884;0;0;0;0;0;0;0;0;0;0;0;0;0;0;0;0;0;0;0;-9.3299;0;0;0;0;0.0004;0;0;0;0;0;0;0;-0.0004;-0.0884;0;0;0;0;0;0;0;0;0;-0.7063;0;0.7063;1;1;0;0;0;0
17/07/21 22:00;0;0;90;0;0;90;0;0;0;0;9.29;6.9399;0;0;0;0;0;0;0;0;0;0;0;0;0;1;1;1;1;0;0;0;0;0;0;0;0;0;0;0;0;0;0;0;0;0;0;0;0;0;0;0;0;0;0;0;0;0;0;0;0;0;0;0;1;1;1;1;1;1;1;1;1;1;1;1;1;1;1;1;1;1;1;0;0;0;0;0;0;0;0;0;0.0004;0.088;0;-0.0884;0;0;0;0;0;0;0;0;0;0;0;0;0;0;0;0;0;0;0;-9.29;0;0;0;0;0.0004;0;0;0;0;0;0;0;-0.0004;-0.0884;0;0;0;0;0;0;0;0;0;-0.7063;0;0.7063;1;1;0;0;0;0
17/07/21 23:00;0;0;90;0;0;90;0;0;0;0;9.1099;6.6801;0;0;0;0;0;0;0;0;0;0;0;0;0;1;1;1;1;0;0;0;0;0;0;0;0;0;0;0;0;0;0;0;0;0;0;0;0;0;0;0;0;0;0;0;0;0;0;0;0;0;0;0;1;1;1;1;1;1;1;1;1;1;1;1;1;1;1;1;1;1;1;0;0;0;0;0;0;0;0;0;0.0004;0.088;0;-0.0884;0;0;0;0;0;0;0;0;0;0;0;0;0;0;0;0;0;0;0;-9.1099;0;0;0;0;0.0004;0;0;0;0;0;0;0;-0.0004;-0.0884;0;0;0;0;0;0;0;0;0;-0.7063;0;0.7063;1;1;0;0;0;0
18/07/21 00:00;0;0;90;0;0;90;0;0;0;0;9.06;6.2999;0;0;0;0;0;0;0;0;0;0;0;0;0;1;1;1;1;0;0;0;0;0;0;0;0;0;0;0;0;0;0;0;0;0;0;0;0;0;0;0;0;0;0;0;0;0;0;0;0;0;0;0;1;1;1;1;1;1;1;1;1;1;1;1;1;1;1;1;1;1;1;0;0;0;0;0;0;0;0;0;0.0004;0.088;0;-0.0884;0;0;0;0;0;0;0;0;0;0;0;0;0;0;0;0;0;0;0;-9.06;0;0;0;0;0.0004;0;0;0;0;0;0;0;-0.0004;-0.0884;0;0;0;0;0;0;0;0;0;-0.7063;0;0.7063;1;1;0;0;0;0
18/07/21 01:00;0;0;90;0;0;90;0;0;0;0;8.8998;5.8299;0;0;0;0;0;0;0;0;0;0;0;0;0;1;1;1;1;0;0;0;0;0;0;0;0;0;0;0;0;0;0;0;0;0;0;0;0;0;0;0;0;0;0;0;0;0;0;0;0;0;0;0;1;1;1;1;1;1;1;1;1;1;1;1;1;1;1;1;1;1;1;0;0;0;0;0;0;0;0;0;0.0004;0.088;0;-0.0884;0;0;0;0;0;0;0;0;0;0;0;0;0;0;0;0;0;0;0;-8.8998;0;0;0;0;0.0004;0;0;0;0;0;0;0;-0.0004;-0.0884;0;0;0;0;0;0;0;0;0;-0.7063;0;0.7063;1;1;0;0;0;0
18/07/21 02:00;0;0;90;0;0;90;0;0;0;0;8.7802;5.5099;0;0;0;0;0;0;0;0;0;0;0;0;0;1;1;1;1;0;0;0;0;0;0;0;0;0;0;0;0;0;0;0;0;0;0;0;0;0;0;0;0;0;0;0;0;0;0;0;0;0;0;0;1;1;1;1;1;1;1;1;1;1;1;1;1;1;1;1;1;1;1;0;0;0;0;0;0;0;0;0;0.0004;0.088;0;-0.0884;0;0;0;0;0;0;0;0;0;0;0;0;0;0;0;0;0;0;0;-8.7802;0;0;0;0;0.0004;0;0;0;0;0;0;0;-0.0004;-0.0884;0;0;0;0;0;0;0;0;0;-0.7063;0;0.7063;1;1;0;0;0;0
18/07/21 03:00;0;0;90;0;0;90;0;0;0;0;8.2603;4.82;0;0;0;0;0;0;0;0;0;0;0;0;0;1;1;1;1;0;0;0;0;0;0;0;0;0;0;0;0;0;0;0;0;0;0;0;0;0;0;0;0;0;0;0;0;0;0;0;0;0;0;0;1;1;1;1;1;1;1;1;1;1;1;1;1;1;1;1;1;1;1;0;0;0;0;0;0;0;0;0;0.0004;0.088;0;-0.0884;0;0;0;0;0;0;0;0;0;0;0;0;0;0;0;0;0;0;0;-8.2603;0;0;0;0;0.0004;0;0;0;0;0;0;0;-0.0004;-0.0884;0;0;0;0;0;0;0;0;0;-0.7063;0;0.7063;1;1;0;0;0;0
18/07/21 04:00;0;0;90;0;0;90;0;0;0;0;8.1001;4.3801;0;0;0;0;0;0;0;0;0;0;0;0;0;1;1;1;1;0;0;0;0;0;0;0;0;0;0;0;0;0;0;0;0;0;0;0;0;0;0;0;0;0;0;0;0;0;0;0;0;0;0;0;1;1;1;1;1;1;1;1;1;1;1;1;1;1;1;1;1;1;1;0;0;0;0;0;0;0;0;0;0.0004;0.088;0;-0.0884;0;0;0;0;0;0;0;0;0;0;0;0;0;0;0;0;0;0;0;-8.1001;0;0;0;0;0.0004;0;0;0;0;0;0;0;-0.0004;-0.0884;0;0;0;0;0;0;0;0;0;-0.7063;0;0.7063;1;1;0;0;0;0
18/07/21 05:00;0;0;90;0;0;90;0;0;0;0;7.4599;4.01;0;0;0;0;0;0;0;0;0;0;0;0;0;1;1;1;1;0;0;0;0;0;0;0;0;0;0;0;0;0;0;0;0;0;0;0;0;0;0;0;0;0;0;0;0;0;0;0;0;0;0;0;1;1;1;1;1;1;1;1;1;1;1;1;1;1;1;1;1;1;1;0;0;0;0;0;0;0;0;0;0.0004;0.088;0;-0.0884;0;0;0;0;0;0;0;0;0;0;0;0;0;0;0;0;0;0;0;-7.4599;0;0;0;0;0.0004;0;0;0;0;0;0;0;-0.0004;-0.0884;0;0;0;0;0;0;0;0;0;-0.7063;0;0.7063;1;1;0;0;0;0
18/07/21 06:00;0;0;90;0;0;90;0;0;0;0;7.1801;3.77;0;0;0;0;0;0;0;0;0;0;0;0;0;1;1;1;1;0;0;0;0;0;0;0;0;0;0;0;0;0;0;0;0;0;0;0;0;0;0;0;0;0;0;0;0;0;0;0;0;0;0;0;1;1;1;1;1;1;1;1;1;1;1;1;1;1;1;1;1;1;1;0;0;0;0;0;0;0;0;0;0.0004;0.088;0;-0.0884;0;0;0;0;0;0;0;0;0;0;0;0;0;0;0;0;0;0;0;-7.1801;0;0;0;0;0.0004;0;0;0;0;0;0;0;-0.0004;-0.0884;0;0;0;0;0;0;0;0;0;-0.7063;0;0.7063;1;1;0;0;0;0
18/07/21 07:00;4.8813;-60.103;78.09;5.6261;8.1286;-90;-8.1286;15.901;15.599;0.3024;7.0398;3.9701;0;0.7335;15.479;0.1016;0;0.0104;16.324;0;16.324;0.7335;0.1016;15.479;0.0104;0.0449;0.9488;0;0.0006;16.236;0.0881;0;0;0.0795;0.0087;15.342;0.8618;0.19;0.0263;0.6451;0.0004;16.204;0.0325;0.0015;0.0002;0.0308;0;15.343;0.5421;0.0751;14.723;0.0013;9.2415;8.0032;1.8874;0.002;0.0736;1.0591;0.0015;1.1308;0;1;0;0;1.0266;0.9946;1;1;0.9949;0.1657;0.9468;0.7405;1;0.958;0.7756;0.998;0.998;1;0.998;0.998;0.9398;0.9512;0.1283;0.049;0.0484;0.0003;0.0078;-0.003;0.0003;0.0011;0.0002;0;0;0.088;0;-0.0501;0;0;0;0;0;0;0;0;0;0;0;0;0.0009;0;0.0409;0.0409;0;7.6754;7.6754;0.6356;0.0414;39.644;1032.7;1;0.003;0.003;0;0;0;0;0;0;0.0379;-0.0501;0;15.909;18.422;-19.468;-22.543;92.586;92.586;0.3918;0.3272;-0.4004;0.0646;0.7276;0.1649;1.8571;0;9.2398;0;0
18/07/21 08:00;14.48;-50.744;52.669;18.444;31.669;-90;-31.669;47.391;46.696;0.6945;6.9002;4.09;0;1.6844;43.129;0.2376;0;0.4587;45.51;0;45.51;1.6844;0.2376;43.129;0.4587;0.037;0.9578;0;0.0101;43.015;2.4945;0;0;2.0892;0.4054;41.561;1.3682;0.0273;0.0039;1.3283;0.0088;42.929;0.086;0.0034;0.0005;0.0821;0.0001;41.71;1.6537;0.2333;39.63;0.0444;28.766;24.912;6.2525;0.7876;0.2554;3.6745;0.1491;3.1423;0;1;0;0;0.9603;0.9452;1;1;0.9516;0.1163;0.9681;0.9838;1;0.9676;0.8345;0.998;0.998;1;0.998;0.998;0.9132;0.9189;0.0968;0.1367;0.1334;0.0008;0.0128;-0.008;0.0009;0.0032;0.0007;0;0;0.088;0;0.0268;0;0;0;0;0;0;0;0;0;0;0;0;0.0026;0.0001;0.1203;0.1203;0;8.5972;8.5972;1.697;0.0408;112.16;1072.7;1;0.0055;0.0055;0;0;0;0;0;0;0.1148;0.0268;0;16.771;19.42;3.7392;4.3299;95.436;95.436;1.0922;0.9616;0.2144;0.1307;0.7472;0.1196;0.6841;0.1963;28.762;0.1851;0
18/07/21 09:00;23.155;-39.11;45.515;34.136;55.864;-90;-55.864;121.09;117.9;3.1959;7.2;4.18;0;5.6953;91.464;1.2901;0;3.4542;101.9;0;101.9;5.6953;1.2901;91.464;3.4542;0.0559;0.9315;0;0.0339;88.288;13.616;0;0;10.379;3.2367;85.258;2.8535;0.0575;0.013;2.7731;0.0099;88.111;0.1766;0.0114;0.0026;0.1622;0.0004;86.699;5.6264;1.2745;78.149;0.2072;77.02;66.699;18.669;11.863;1.1927;17.156;1.4419;6.4855;0;1;0;0;0.8415;0.8664;1;1;0.8865;0.063;0.9676;0.9899;1;0.9657;0.9544;0.998;0.998;1;0.998;0.998;0.8366;0.8544;0.06;0.306;0.2973;0.0018;0.017;-0.0155;0.0021;0.0073;0.0034;0;0;0.088;0;0.1797;0;0;0;0;0;0;0;0;0;0;0;0;0.0059;0.0003;0.275;0.275;0;10.658;10.658;3.4582;0.0406;251.65;1092.7;1;0.0073;0.0073;0;0;0;0;0;0;0.2677;0.1797;0;17.118;19.822;11.184;12.951;97.337;97.337;2.4457;2.1976;1.4358;0.2481;0.7618;0.1014;0.3115;0.5871;75.966;0.5214;0
18/07/21 10:00;29.708;-25.268;51.763;53.199;36.801;-90;-36.801;173;166.8;6.201;7.6102;4.3999;0;7.7442;148.76;1.9691;0;2.2408;160.71;0;160.71;7.7442;1.9691;148.76;2.2408;0.0482;0.9396;0;0.0139;149.56;11.154;0;0;9.1254;2.0284;144.59;4.6671;0.1148;0.0292;4.497;0.0261;149.26;0.2991;0.0155;0.0039;0.2793;0.0004;145.38;7.6139;1.936;134.86;0.1858;106.97;92.634;23.748;4.5527;1.0231;14.717;0.7878;11.187;0;1;0;0;0.929;0.9306;1;1;0.9387;0.0948;0.9687;0.9851;1;0.9677;0.8767;0.998;0.998;1;0.998;0.998;0.8997;0.9065;0.0829;0.4826;0.4689;0.0028;0.0181;-0.0194;0.0033;0.0116;0.0029;0;0;0.088;0;0.3425;0;0;0;0;0;0;0;0;0;0;0;0;0.0093;0.0007;0.4396;0.4396;0;13.459;13.459;5.8485;0.0404;399.34;1100.8;1;0.0091;0.0091;0;0;0;0;0;0;0.4305;0.3425;0;17.351;20.092;13.518;15.653;97.926;97.926;3.8571;3.5132;2.737;0.3439;0.7761;0.0892;0.2012;0.7096;103.18;0.6641;0
18/07/21 11:00;33.379;-9.3895;55.473;76.092;13.908;-90;-13.908;325.99;245.3;80.696;8.61;4.36;0;83.134;214.92;28.002;0;0.6212;326.68;0;326.68;83.134;28.002;214.92;0.6212;0.2545;0.6598;0;0.0019;323.45;3.2262;0;0;2.7083;0.5179;312.2;10.6;1.8307;0.6167;8.1299;0.0231;322.8;0.6469;0.1663;0.056;0.4244;0.0002;312.34;81.137;27.33;203.66;0.08;192.57;166.77;40.28;0.2122;1.4836;21.341;0.138;22.613;0;1;0;0;1.0021;0.9901;1;1;0.9874;0.1663;0.9672;0.9779;1;0.9616;0.7755;0.998;0.998;1;0.998;0.998;0.9557;0.9476;0.1287;0.981;0.9857;0.0059;0.0136;-0.0131;0.0069;0.0243;0.0042;0;0;0.088;0;0.8182;0;0;0;0;0;0;0;0;0;0;0;0;0.0196;0.0025;0.9218;0.9218;0;21.244;21.244;12.634;0.0405;842.43;1094.2;1;0.0156;0.0156;0;0;0;0;0;0;0.9062;0.8182;0;17.9;20.728;15.888;18.398;98.308;98.308;7.8402;7.367;6.5391;0.4732;0.828;0.0604;0.1056;0.834;130.29;0.7952;0
18/07/21 12:00;33.591;7.4192;55.694;78.998;11.002;90;11.002;355.49;248;107.49;10.19;4.27;0;109.51;209.65;37.083;0;0.4247;356.67;0;356.67;109.51;37.083;209.65;0.4247;0.307;0.589;0;0.0012;354.52;2.1407;0;0;1.7861;0.3546;342.14;11.676;2.4733;0.8376;8.3491;0.0158;353.82;0.709;0.219;0.0742;0.4157;0.0001;342.22;106.81;36.171;199.1;0.0542;209.74;181.64;43.715;0.0876;1.6168;23.257;0.084;24.786;0;1;0;0;1.0033;0.994;1;1;0.9915;0.1651;0.967;0.9774;1;0.9598;0.7747;0.998;0.998;1;0.998;0.998;0.9593;0.9497;0.1277;1.0711;1.0798;0.0065;0.0123;-0.0036;0.0075;0.0264;0.0046;0;0;0.088;0;0.8972;0;0;0;0;0;0;0;0;0;0;0;0;0.0213;0.0029;1.0019;1.0019;0;24.06;24.06;13.87;0.0405;922.96;1085.5;1;0.0167;0.0167;0;0;0;0;0;0;0.9852;0.8972;0;17.82;20.635;15.957;18.478;98.332;98.332;8.56;8.0071;7.1703;0.5528;0.8369;0.0646;0.0978;0.8377;126;0.7987;0
18/07/21 13:00;30.307;23.484;52.356;55.716;34.284;90;34.284;197.4;189;8.3952;10.84;4.12;0;10.161;170.41;2.8749;0;2.2293;185.68;0;185.68;10.161;2.8749;170.41;2.2293;0.0547;0.9298;0;0.012;174.31;11.373;0;0;9.3726;2;168.53;5.429;0.1596;0.0452;5.1905;0.0337;173.96;0.3486;0.0203;0.0057;0.3221;0.0005;169.28;9.9807;2.824;155.53;0.1952;121.3;105.05;26.674;4.0897;1.107;15.924;0.7567;12.942;0;1;0;0;0.9406;0.9388;1;1;0.945;0.1029;0.9688;0.9843;1;0.9677;0.8527;0.998;0.998;1;0.998;0.998;0.9076;0.9127;0.0875;0.5576;0.5434;0.0033;0.0179;-0.0143;0.0038;0.0133;0.0031;0;0;0.088;0;0.407;0;0;0;0;0;0;0;0;0;0;0;0;0.0107;0.0009;0.5047;0.5047;0;17.672;17.672;6.8318;0.0405;463.53;1088.8;1;0.0097;0.0097;0;0;0;0;0;0;0.495;0.407;0;17.242;19.966;13.905;16.101;98.081;98.081;4.4563;4.0334;3.2527;0.4229;0.7807;0.0949;0.1752;0.7299;115.88;0.6859;0
18/07/21 14:00;24.055;37.592;46.349;36.194;53.806;90;53.806;156.39;150.8;5.5944;11.24;3.8201;0;9.4737;118.68;2.6479;0;4.1626;134.97;0;134.97;9.4737;2.6479;118.68;4.1626;0.0702;0.9102;0;0.0308;118.28;16.689;0;0;12.781;3.908;114.33;3.7141;0.1002;0.028;3.5752;0.0106;118.04;0.2366;0.0189;0.0053;0.2118;0.0005;116.05;9.3545;2.6146;102.11;0.2435;98.56;85.353;23.474;13.487;1.4431;20.759;1.7241;8.7145;0;1;0;0;0.863;0.8763;1;1;0.8923;0.0612;0.9685;0.9894;1;0.9662;0.9582;0.998;0.998;1;0.998;0.998;0.8471;0.8604;0.0585;0.4053;0.3933;0.0024;0.0179;-0.013;0.0027;0.0096;0.0041;0;0;0.088;0;0.2653;0;0;0;0;0;0;0;0;0;0;0;0;0.0077;0.0005;0.3614;0.3614;0;15.884;15.884;4.6442;0.0406;334.06;1081.8;1;0.0081;0.0081;0;0;0;0;0;0;0.3533;0.2653;0;16.986;19.67;12.469;14.439;97.758;97.758;3.2392;2.8883;2.1202;0.3509;0.768;0.1083;0.2371;0.6546;96.376;0.587;0
18/07/21 15:00;15.593;49.473;49.313;20.161;36.549;90;36.549;149.91;131.1;18.805;11.19;2.7001;0;45.608;111.97;16.805;0;1.9161;176.29;0;176.29;45.608;16.805;111.97;1.9161;0.2587;0.646;0;0.0109;167.75;8.5435;0;0;6.8067;1.7369;163.24;4.1773;0.5613;0.2068;3.3864;0.0228;167.41;0.3355;0.0912;0.0336;0.2103;0.0004;163.8;44.955;16.565;101.56;0.1561;77.626;67.224;17.238;3.3469;0.7449;10.715;0.5611;8.1135;0;1;0;0;1.176;0.9515;1;1;0.9392;0.0936;0.975;0.9877;1;0.9677;0.8726;0.998;0.998;1;0.998;0.998;0.9259;0.9071;0.0815;0.5294;0.5159;0.0031;0.018;-0.0133;0.0036;0.0126;0.0021;0;0;0.088;0;0.3815;0;0;0;0;0;0;0;0;0;0;0;0;0.0102;0.0008;0.4789;0.4789;0;17.81;17.81;6.6199;0.0406;440.4;1087.4;1;0.0094;0.0094;0;0;0;0;0;0;0.4695;0.3815;0;17.232;19.954;13.727;15.895;98.037;98.037;4.2311;3.8272;3.0488;0.4039;0.7784;0.0955;0.184;0.7206;77.5;0.6892;0
18/07/21 16:00;5.605;59.475;76.298;6.4995;9.4345;90;9.4345;24.399;24.1;0.2987;10.5;2.1;0;0.7245;23.882;0.135;0;0.0215;24.763;0;24.763;0.7245;0.135;23.882;0.0215;0.0293;0.9653;0;0.0009;24.587;0.1753;0;0;0.1574;0.0179;23.379;1.1595;0.1542;0.0288;0.9757;0.0008;24.538;0.0492;0.0014;0.0003;0.0474;0;23.382;0.5688;0.106;22.701;0.0027;14.298;12.382;2.9237;0.0055;0.1138;1.6375;0.0036;1.7459;0;1;0;0;1.0149;0.9929;1;1;0.9934;0.165;0.9527;0.7867;1;0.9588;0.7749;0.998;0.998;1;0.998;0.998;0.9441;0.9506;0.1276;0.0744;0.0739;0.0004;0.0097;-0.0037;0.0005;0.0017;0.0003;0;0;0.088;0;-0.0281;0;0;0;0;0;0;0;0;0;0;0;0;0.0013;0.0001;0.0636;0.0636;0;11.465;11.465;0.9647;0.0413;61.424;1035;1;0.0036;0.0036;0;0;0;0;0;0;0.0599;-0.0281;0;16.286;18.859;-7.1919;-8.328;94.262;94.262;0.5943;0.5081;-0.2244;0.0862;0.7324;0.1451;1.2324;0;14.296;0;0
18/07/21 17:00;0.2039;63.943;89.506;0.227;0.3235;90;0.3235;0;0;0;9.3997;2.1401;0;0;0;0;0;0;0;0;0;0;0;0;0;1;1;1;1;0;0;0;0;0;0;0;0;0;0;0;0;0;0;0;0;0;0;0;0;0;0;0;0;0;0;0;0;0;0;0;0;0;0;0;1;1;1;1;1;1;1;1;1;1;1;1;1;1;1;1;1;1;1;0;0;0;0;0;0;0;0;0;0.0004;0.088;0;-0.0884;0;0;0;0;0;0;0;0;0;0;0;0;0;0;0;0;0;0;0;-9.3997;0;0;0;0;0.0004;0;0;0;0;0;0;0;-0.0004;-0.0884;0;0;0;0;0;0;0;0;0;-0.7063;0;0.7063;1;1;0;0;0;0
18/07/21 18:00;0;0;90;0;0;90;0;0;0;0;9.2003;2.0601;0;0;0;0;0;0;0;0;0;0;0;0;0;1;1;1;1;0;0;0;0;0;0;0;0;0;0;0;0;0;0;0;0;0;0;0;0;0;0;0;0;0;0;0;0;0;0;0;0;0;0;0;1;1;1;1;1;1;1;1;1;1;1;1;1;1;1;1;1;1;1;0;0;0;0;0;0;0;0;0;0.0004;0.088;0;-0.0884;0;0;0;0;0;0;0;0;0;0;0;0;0;0;0;0;0;0;0;-9.2003;0;0;0;0;0.0004;0;0;0;0;0;0;0;-0.0004;-0.0884;0;0;0;0;0;0;0;0;0;-0.7063;0;0.7063;1;1;0;0;0;0
18/07/21 19:00;0;0;90;0;0;90;0;0;0;0;8.3999;1.9999;0;0;0;0;0;0;0;0;0;0;0;0;0;1;1;1;1;0;0;0;0;0;0;0;0;0;0;0;0;0;0;0;0;0;0;0;0;0;0;0;0;0;0;0;0;0;0;0;0;0;0;0;1;1;1;1;1;1;1;1;1;1;1;1;1;1;1;1;1;1;1;0;0;0;0;0;0;0;0;0;0.0004;0.088;0;-0.0884;0;0;0;0;0;0;0;0;0;0;0;0;0;0;0;0;0;0;0;-8.3999;0;0;0;0;0.0004;0;0;0;0;0;0;0;-0.0004;-0.0884;0;0;0;0;0;0;0;0;0;-0.7063;0;0.7063;1;1;0;0;0;0
18/07/21 20:00;0;0;90;0;0;90;0;0;0;0;8.5003;1.96;0;0;0;0;0;0;0;0;0;0;0;0;0;1;1;1;1;0;0;0;0;0;0;0;0;0;0;0;0;0;0;0;0;0;0;0;0;0;0;0;0;0;0;0;0;0;0;0;0;0;0;0;1;1;1;1;1;1;1;1;1;1;1;1;1;1;1;1;1;1;1;0;0;0;0;0;0;0;0;0;0.0004;0.088;0;-0.0884;0;0;0;0;0;0;0;0;0;0;0;0;0;0;0;0;0;0;0;-8.5003;0;0;0;0;0.0004;0;0;0;0;0;0;0;-0.0004;-0.0884;0;0;0;0;0;0;0;0;0;-0.7063;0;0.7063;1;1;0;0;0;0
18/07/21 21:00;0;0;90;0;0;90;0;0;0;0;8.5003;1.9001;0;0;0;0;0;0;0;0;0;0;0;0;0;1;1;1;1;0;0;0;0;0;0;0;0;0;0;0;0;0;0;0;0;0;0;0;0;0;0;0;0;0;0;0;0;0;0;0;0;0;0;0;1;1;1;1;1;1;1;1;1;1;1;1;1;1;1;1;1;1;1;0;0;0;0;0;0;0;0;0;0.0004;0.088;0;-0.0884;0;0;0;0;0;0;0;0;0;0;0;0;0;0;0;0;0;0;0;-8.5003;0;0;0;0;0.0004;0;0;0;0;0;0;0;-0.0004;-0.0884;0;0;0;0;0;0;0;0;0;-0.7063;0;0.7063;1;1;0;0;0;0
18/07/21 22:00;0;0;90;0;0;90;0;0;0;0;8.2298;1.8499;0;0;0;0;0;0;0;0;0;0;0;0;0;1;1;1;1;0;0;0;0;0;0;0;0;0;0;0;0;0;0;0;0;0;0;0;0;0;0;0;0;0;0;0;0;0;0;0;0;0;0;0;1;1;1;1;1;1;1;1;1;1;1;1;1;1;1;1;1;1;1;0;0;0;0;0;0;0;0;0;0.0004;0.088;0;-0.0884;0;0;0;0;0;0;0;0;0;0;0;0;0;0;0;0;0;0;0;-8.2298;0;0;0;0;0.0004;0;0;0;0;0;0;0;-0.0004;-0.0884;0;0;0;0;0;0;0;0;0;-0.7063;0;0.7063;1;1;0;0;0;0
18/07/21 23:00;0;0;90;0;0;90;0;0;0;0;7.9;1.87;0;0;0;0;0;0;0;0;0;0;0;0;0;1;1;1;1;0;0;0;0;0;0;0;0;0;0;0;0;0;0;0;0;0;0;0;0;0;0;0;0;0;0;0;0;0;0;0;0;0;0;0;1;1;1;1;1;1;1;1;1;1;1;1;1;1;1;1;1;1;1;0;0;0;0;0;0;0;0;0;0.0004;0.088;0;-0.0884;0;0;0;0;0;0;0;0;0;0;0;0;0;0;0;0;0;0;0;-7.9;0;0;0;0;0.0004;0;0;0;0;0;0;0;-0.0004;-0.0884;0;0;0;0;0;0;0;0;0;-0.7063;0;0.7063;1;1;0;0;0;0
19/07/21 00:00;0;0;90;0;0;90;0;0;0;0;7.89;1.81;0;0;0;0;0;0;0;0;0;0;0;0;0;1;1;1;1;0;0;0;0;0;0;0;0;0;0;0;0;0;0;0;0;0;0;0;0;0;0;0;0;0;0;0;0;0;0;0;0;0;0;0;1;1;1;1;1;1;1;1;1;1;1;1;1;1;1;1;1;1;1;0;0;0;0;0;0;0;0;0;0.0004;0.088;0;-0.0884;0;0;0;0;0;0;0;0;0;0;0;0;0;0;0;0;0;0;0;-7.89;0;0;0;0;0.0004;0;0;0;0;0;0;0;-0.0004;-0.0884;0;0;0;0;0;0;0;0;0;-0.7063;0;0.7063;1;1;0;0;0;0
19/07/21 01:00;0;0;90;0;0;90;0;0;0;0;7.6999;1.7401;0;0;0;0;0;0;0;0;0;0;0;0;0;1;1;1;1;0;0;0;0;0;0;0;0;0;0;0;0;0;0;0;0;0;0;0;0;0;0;0;0;0;0;0;0;0;0;0;0;0;0;0;1;1;1;1;1;1;1;1;1;1;1;1;1;1;1;1;1;1;1;0;0;0;0;0;0;0;0;0;0.0004;0.088;0;-0.0884;0;0;0;0;0;0;0;0;0;0;0;0;0;0;0;0;0;0;0;-7.6999;0;0;0;0;0.0004;0;0;0;0;0;0;0;-0.0004;-0.0884;0;0;0;0;0;0;0;0;0;-0.7063;0;0.7063;1;1;0;0;0;0
19/07/21 02:00;0;0;90;0;0;90;0;0;0;0;7.8003;1.6601;0;0;0;0;0;0;0;0;0;0;0;0;0;1;1;1;1;0;0;0;0;0;0;0;0;0;0;0;0;0;0;0;0;0;0;0;0;0;0;0;0;0;0;0;0;0;0;0;0;0;0;0;1;1;1;1;1;1;1;1;1;1;1;1;1;1;1;1;1;1;1;0;0;0;0;0;0;0;0;0;0.0004;0.088;0;-0.0884;0;0;0;0;0;0;0;0;0;0;0;0;0;0;0;0;0;0;0;-7.8003;0;0;0;0;0.0004;0;0;0;0;0;0;0;-0.0004;-0.0884;0;0;0;0;0;0;0;0;0;-0.7063;0;0.7063;1;1;0;0;0;0
19/07/21 03:00;0;0;90;0;0;90;0;0;0;0;7.6002;1.5901;0;0;0;0;0;0;0;0;0;0;0;0;0;1;1;1;1;0;0;0;0;0;0;0;0;0;0;0;0;0;0;0;0;0;0;0;0;0;0;0;0;0;0;0;0;0;0;0;0;0;0;0;1;1;1;1;1;1;1;1;1;1;1;1;1;1;1;1;1;1;1;0;0;0;0;0;0;0;0;0;0.0004;0.088;0;-0.0884;0;0;0;0;0;0;0;0;0;0;0;0;0;0;0;0;0;0;0;-7.6002;0;0;0;0;0.0004;0;0;0;0;0;0;0;-0.0004;-0.0884;0;0;0;0;0;0;0;0;0;-0.7063;0;0.7063;1;1;0;0;0;0
19/07/21 04:00;0;0;90;0;0;90;0;0;0;0;7.5603;1.54;0;0;0;0;0;0;0;0;0;0;0;0;0;1;1;1;1;0;0;0;0;0;0;0;0;0;0;0;0;0;0;0;0;0;0;0;0;0;0;0;0;0;0;0;0;0;0;0;0;0;0;0;1;1;1;1;1;1;1;1;1;1;1;1;1;1;1;1;1;1;1;0;0;0;0;0;0;0;0;0;0.0004;0.088;0;-0.0884;0;0;0;0;0;0;0;0;0;0;0;0;0;0;0;0;0;0;0;-7.5603;0;0;0;0;0.0004;0;0;0;0;0;0;0;-0.0004;-0.0884;0;0;0;0;0;0;0;0;0;-0.7063;0;0.7063;1;1;0;0;0;0
19/07/21 05:00;0;0;90;0;0;90;0;0;0;0;7.45;1.5001;0;0;0;0;0;0;0;0;0;0;0;0;0;1;1;1;1;0;0;0;0;0;0;0;0;0;0;0;0;0;0;0;0;0;0;0;0;0;0;0;0;0;0;0;0;0;0;0;0;0;0;0;1;1;1;1;1;1;1;1;1;1;1;1;1;1;1;1;1;1;1;0;0;0;0;0;0;0;0;0;0.0004;0.088;0;-0.0884;0;0;0;0;0;0;0;0;0;0;0;0;0;0;0;0;0;0;0;-7.45;0;0;0;0;0.0004;0;0;0;0;0;0;0;-0.0004;-0.0884;0;0;0;0;0;0;0;0;0;-0.7063;0;0.7063;1;1;0;0;0;0
19/07/21 06:00;0;0;90;0;0;90;0;0;0;0;7.4998;1.9001;0;0;0;0;0;0;0;0;0;0;0;0;0;1;1;1;1;0;0;0;0;0;0;0;0;0;0;0;0;0;0;0;0;0;0;0;0;0;0;0;0;0;0;0;0;0;0;0;0;0;0;0;1;1;1;1;1;1;1;1;1;1;1;1;1;1;1;1;1;1;1;0;0;0;0;0;0;0;0;0;0.0004;0.088;0;-0.0884;0;0;0;0;0;0;0;0;0;0;0;0;0;0;0;0;0;0;0;-7.4998;0;0;0;0;0.0004;0;0;0;0;0;0;0;-0.0004;-0.0884;0;0;0;0;0;0;0;0;0;-0.7063;0;0.7063;1;1;0;0;0;0
19/07/21 07:00;4.985;-60.254;77.834;5.7369;8.2932;-90;-8.2932;18.206;17.801;0.4056;6.9401;2.3701;0;0.9837;17.645;0.1522;0;0.0124;18.793;0;18.793;0.9837;0.1522;17.645;0.0124;0.0523;0.9396;0;0.0007;18.689;0.104;0;0;0.0936;0.0103;17.632;1.0201;0.2476;0.0383;0.7336;0.0005;18.652;0.0374;0.002;0.0003;0.0351;0;17.634;0.7341;0.1136;16.783;0.0016;10.539;9.1267;2.1527;0.0024;0.084;1.2077;0.0018;1.2892;0;1;0;0;1.0323;0.9945;1;1;0.9947;0.1658;0.9453;0.7477;1;0.9581;0.7755;0.998;0.998;1;0.998;0.998;0.9382;0.9511;0.1283;0.0564;0.0557;0.0003;0.0083;-0.0035;0.0004;0.0013;0.0002;0;0;0.088;0;-0.0436;0;0;0;0;0;0;0;0;0;0;0;0;0.001;0;0.0476;0.0476;0;7.6687;7.6687;0.7286;0.0413;45.798;1039.1;1;0.0032;0.0032;0;0;0;0;0;0;0.0444;-0.0436;0;16.063;18.601;-14.732;-17.06;93.205;93.205;0.451;0.3803;-0.3488;0.0707;0.7291;0.1568;1.6166;0;10.537;0;0
19/07/21 08:00;14.601;-50.885;52.312;18.559;31.967;-90;-31.967;102.5;92.203;10.295;7.9599;2.4601;0;24.969;82.583;6.8985;0;1.0103;115.46;0;115.46;24.969;6.8985;82.583;1.0103;0.2163;0.724;0;0.0088;110.51;4.9543;0;0;4.0601;0.8941;107.23;3.0571;0.3905;0.1079;2.5398;0.019;110.29;0.221;0.0499;0.0138;0.157;0.0002;107.52;24.528;6.7768;75.826;0.097;55.257;47.852;12.031;1.5576;0.4922;7.0804;0.2925;6.0151;0;1;0;0;1.1265;0.9571;1;1;0.9508;0.115;0.9723;0.9843;1;0.9676;0.8366;0.998;0.998;1;0.998;0.998;0.9287;0.9182;0.096;0.3467;0.3388;0.002;0.0175;-0.0156;0.0023;0.0083;0.0014;0;0;0.088;0;0.2199;0;0;0;0;0;0;0;0;0;0;0;0;0.0067;0.0004;0.3156;0.3156;0;12.305;12.305;4.3453;0.0405;288.25;1095;1;0.0077;0.0077;0;0;0;0;0;0;0.3079;0.2199;0;17.341;20.081;12.081;13.989;97.545;97.545;2.7711;2.5225;1.7573;0.2486;0.7652;0.0897;0.2761;0.6341;55.193;0.6063;0
19/07/21 09:00;23.296;-39.237;45.349;34.244;55.756;-90;-55.756;217.3;166.8;50.505;8.5202;2.7199;0;89.753;117.76;28.593;0;6.1765;242.28;0;242.28;89.753;28.593;117.76;6.1765;0.3705;0.5115;0;0.0255;223.17;19.113;0;0;13.326;5.7874;217.95;4.7691;0.8969;0.2857;3.569;0.0176;222.72;0.4463;0.1795;0.0572;0.2089;0.0008;220.14;88.676;28.251;100.65;0.3707;115.72;100.22;27.245;15.169;1.6717;24.047;2.1892;10.549;0;1;0;0;1.1149;0.9211;1;1;0.8868;0.063;0.9786;0.99;1;0.9658;0.9548;0.998;0.998;1;0.998;0.998;0.8996;0.8548;0.06;0.7276;0.7137;0.0043;0.0168;-0.0195;0.005;0.0177;0.0048;0;0;0.088;0;0.5691;0;0;0;0;0;0;0;0;0;0;0;0;0.0142;0.0014;0.669;0.669;0;17.334;17.334;8.8139;0.0404;608.89;1098.7;1;0.0119;0.0119;0;0;0;0;0;0;0.6571;0.5691;0;17.516;20.283;14.9;17.253;98.216;98.216;5.8147;5.3465;4.5479;0.4682;0.7987;0.0805;0.1374;0.7821;97.686;0.728;0
19/07/21 10:00;29.87;-25.367;51.587;53.279;36.721;-90;-36.721;214.29;196.8;17.497;9.3997;3.08;0;21.829;172.57;6.5154;0;2.7642;203.67;0;203.67;21.829;6.5154;172.57;2.7642;0.1072;0.8608;0;0.0136;190.62;13.052;0;0;10.55;2.5013;184.58;5.6636;0.3183;0.095;5.2178;0.0326;190.24;0.3812;0.0437;0.013;0.324;0.0005;185.54;21.467;6.4074;156.47;0.2298;130.7;113.19;28.982;5.2423;1.2315;17.715;0.9595;13.704;0;1;0;0;0.9504;0.9359;1;1;0.9389;0.0951;0.9702;0.9854;1;0.9677;0.8759;0.998;0.998;1;0.998;0.998;0.9062;0.9067;0.0831;0.6116;0.5962;0.0036;0.0177;-0.0173;0.0041;0.0147;0.0035;0;0;0.088;0;0.4587;0;0;0;0;0;0;0;0;0;0;0;0;0.0118;0.001;0.557;0.557;0;16.871;16.871;7.4715;0.0405;508.57;1095.2;1;0.0103;0.0103;0;0;0;0;0;0;0.5467;0.4587;0;17.347;20.088;14.285;16.542;98.151;98.151;4.8882;4.4513;3.6656;0.4369;0.7856;0.0894;0.1607;0.7499;119.61;0.7041;0
19/07/21 11:00;33.556;-9.4433;55.291;76.106;13.894;-90;-13.894;309.29;246.4;62.89;9.9103;3.29;0;64.785;221.93;21.814;0;0.5882;309.12;0;309.12;64.785;21.814;221.93;0.5882;0.2096;0.7199;0;0.0019;305.84;3.2822;0;0;2.7918;0.4904;294.94;10.287;1.3972;0.4705;8.3974;0.0219;305.22;0.6117;0.1296;0.0436;0.4383;0.0002;295.07;63.258;21.3;210.3;0.0757;183.07;158.54;38.179;0.2183;1.4189;20.411;0.1302;21.612;0;1;0;0;0.9994;0.9894;1;1;0.9874;0.1663;0.9663;0.9784;1;0.9616;0.7755;0.998;0.998;1;0.998;0.998;0.9541;0.9476;0.1287;0.9283;0.9317;0.0056;0.0143;-0.0104;0.0065;0.0229;0.004;0;0;0.088;0;0.7654;0;0;0;0;0;0;0;0;0;0;0;0;0.0184;0.0022;0.8681;0.8681;0;21.856;21.856;11.946;0.0405;796.34;1090.1;1;0.0147;0.0147;0;0;0;0;0;0;0.8534;0.7654;0;17.815;20.629;15.707;18.188;98.305;98.305;7.4188;6.9379;6.117;0.4809;0.8209;0.0648;0.1107;0.8245;134.54;0.7857;0
19/07/21 12:00;33.773;7.4212;55.515;79.069;10.931;90;10.931;190.79;185.2;5.5978;10.85;3.3599;0;5.7012;182.12;1.4346;0;0.225;189.48;0;189.48;5.7012;1.4346;182.12;0.225;0.0301;0.9623;0;0.0012;187.76;1.7227;0;0;1.5348;0.1879;179.96;7.4277;0.1262;0.0317;7.2614;0.0084;187.38;0.3755;0.0114;0.0029;0.3612;0.0001;180;5.5637;1.4;172.96;0.0287;113.51;98.298;23.286;0.0742;0.9008;12.958;0.0426;13.784;0;1;0;0;0.9931;0.9909;1;1;0.9916;0.1651;0.9604;0.9778;1;0.9597;0.7747;0.998;0.998;1;0.998;0.998;0.9497;0.9497;0.1277;0.569;0.5695;0.0034;0.0178;-0.014;0.0039;0.014;0.0026;0;0;0.088;0;0.4316;0;0;0;0;0;0;0;0;0;0;0;0;0.0112;0.001;0.5295;0.5295;0;18.144;18.144;7.2938;0.0405;486.16;1089.2;1;0.01;0.01;0;0;0;0;0;0;0.5196;0.4316;0;17.728;20.529;14.449;16.731;98.121;98.121;4.5476;4.232;3.4492;0.3156;0.7828;0.0694;0.1721;0.7585;109.43;0.7215;0
19/07/21 13:00;30.484;23.537;52.192;55.848;34.152;90;34.152;394.79;199.5;195.3;10.53;3.23;0;235.99;129.29;70.101;0;4.4254;439.81;0;439.81;235.99;70.101;129.29;4.4254;0.5366;0.304;0;0.0101;428.77;11.035;0;0;7.0677;3.9677;419.18;8.7379;3.647;1.0833;3.9397;0.0678;427.91;0.8575;0.472;0.1402;0.2444;0.0009;420.5;231.87;68.878;118.03;0.389;215.54;186.66;47.804;3.0626;1.6674;23.985;1.3276;22.59;0;1;0;0;1.114;0.9749;1;1;0.9453;0.1034;0.9796;0.9845;1;0.9677;0.8516;0.998;0.998;1;0.998;0.998;0.9531;0.913;0.0879;1.3207;1.3171;0.0079;0.0089;0.0118;0.009;0.032;0.0047;0;0;0.088;0;1.105;0;0;0;0;0;0;0;0;0;0;0;0;0.0258;0.0042;1.2128;1.2128;0;27.552;27.552;17.022;0.0406;1128.9;1074.3;1;0.0198;0.0198;0;0;0;0;0;0;1.193;1.105;0;17.493;20.256;15.938;18.456;98.37;98.37;10.555;9.6925;8.8312;0.8629;0.8613;0.0817;0.0816;0.8367;87.824;0.8038;0
19/07/21 14:00;24.219;37.681;46.201;36.348;53.652;90;53.652;77.005;76.098;0.9072;10.5;2.65;0;1.5307;60.499;0.2145;0;2.0387;64.283;0;64.283;1.5307;0.2145;60.499;2.0387;0.0238;0.9729;0;0.0317;55.881;8.4019;0;0;6.488;1.9139;53.924;1.8452;0.0161;0.0022;1.8218;0.0052;55.769;0.1118;0.0031;0.0004;0.108;0.0002;54.777;1.5116;0.2118;52.081;0.1194;49.366;42.751;11.815;6.8064;0.7224;10.391;0.8529;4.3074;0;1;0;0;0.8348;0.8693;1;1;0.8928;0.0612;0.9669;0.9895;1;0.9662;0.9584;0.998;0.998;1;0.998;0.998;0.8389;0.8609;0.0586;0.193;0.1869;0.0011;0.0148;-0.0084;0.0013;0.0045;0.002;0;0;0.088;0;0.0737;0;0;0;0;0;0;0;0;0;0;0;0;0.0036;0.0002;0.168;0.168;0;12.702;12.702;2.2024;0.0408;157.61;1065.8;1;0.0063;0.0063;0;0;0;0;0;0;0.1617;0.0737;0;16.576;19.195;7.271;8.4196;96.253;96.253;1.5428;1.3424;0.5889;0.2003;0.7536;0.1299;0.4885;0.3817;49.048;0.3405;0
19/07/21 15:00;15.741;49.584;48.855;20.315;37.039;90;37.039;107.6;104;3.5931;8.9298;1.78;0;8.7144;92.575;2.5234;0;1.4112;105.22;0;105.22;8.7144;2.5234;92.575;1.4112;0.0828;0.8932;0;0.0134;98.196;7.028;0;0;5.7461;1.2819;95.052;2.9476;0.1049;0.0304;2.7965;0.0158;98;0.1964;0.0174;0.005;0.1737;0.0003;95.532;8.592;2.488;83.859;0.1132;64.356;55.732;14.314;2.8968;0.6241;8.9771;0.4804;6.7044;0;1;0;0;0.978;0.9332;1;1;0.9379;0.0916;0.9699;0.9879;1;0.9677;0.8773;0.998;0.998;1;0.998;0.998;0.9033;0.9058;0.0802;0.316;0.3067;0.0018;0.0172;-0.0136;0.0021;0.0075;0.0018;0;0;0.088;0;0.1882;0;0;0;0;0;0;0;0;0;0;0;0;0.006;0.0004;0.2835;0.2835;0;12.788;12.788;3.8581;0.0406;260.54;1088.2;1;0.0073;0.0073;0;0;0;0;0;0;0.2762;0.1882;0;17.092;19.793;11.345;13.137;97.411;97.411;2.5254;2.2659;1.5039;0.2595;0.762;0.1028;0.3017;0.5955;64.333;0.5598;0
19/07/21 16:00;5.7385;59.6;75.966;6.6456;9.6548;90;9.6548;13.791;13.703;0.0882;9.2003;2.18;0;0.2139;13.597;0.0221;0;0.0127;13.846;0;13.846;0.2139;0.0221;13.597;0.0127;0.0154;0.983;0;0.0009;13.742;0.1037;0;0;0.0931;0.0106;13.112;0.6025;0.0439;0.0045;0.5536;0.0005;13.715;0.0275;0.0004;0;0.027;0;13.114;0.1695;0.0176;12.923;0.0016;8.1443;7.053;1.6657;0.0034;0.0648;0.9327;0.0022;0.9941;0;1;0;0;1.0039;0.9925;1;1;0.9932;0.165;0.9561;0.7942;1;0.9589;0.7748;0.998;0.998;1;0.998;0.998;0.947;0.9505;0.1276;0.0416;0.0415;0.0002;0.0071;-0.0022;0.0003;0.0009;0.0002;0;0;0.088;0;-0.0566;0;0;0;0;0;0;0;0;0;0;0;0;0.0007;0;0.0343;0.0343;0;9.746;9.746;0.5458;0.0416;33.715;1016.1;1;0.0028;0.0028;0;0;0;0;0;0;0.0314;-0.0566;0;15.696;18.176;-25.914;-30.007;91.772;91.772;0.3323;0.2738;-0.452;0.0585;0.7258;0.1761;2.1842;0;8.1438;0;0
19/07/21 17:00;0.147;64.218;89.643;0.1632;0.2327;90;0.2327;0;0;0;7.6899;2.43;0;0;0;0;0;0;0;0;0;0;0;0;0;1;1;1;1;0;0;0;0;0;0;0;0;0;0;0;0;0;0;0;0;0;0;0;0;0;0;0;0;0;0;0;0;0;0;0;0;0;0;0;1;1;1;1;1;1;1;1;1;1;1;1;1;1;1;1;1;1;1;0;0;0;0;0;0;0;0;0;0.0004;0.088;0;-0.0884;0;0;0;0;0;0;0;0;0;0;0;0;0;0;0;0;0;0;0;-7.6899;0;0;0;0;0.0004;0;0;0;0;0;0;0;-0.0004;-0.0884;0;0;0;0;0;0;0;0;0;-0.7063;0;0.7063;1;1;0;0;0;0
19/07/21 18:00;0;0;90;0;0;90;0;0;0;0;6.8603;2.5;0;0;0;0;0;0;0;0;0;0;0;0;0;1;1;1;1;0;0;0;0;0;0;0;0;0;0;0;0;0;0;0;0;0;0;0;0;0;0;0;0;0;0;0;0;0;0;0;0;0;0;0;1;1;1;1;1;1;1;1;1;1;1;1;1;1;1;1;1;1;1;0;0;0;0;0;0;0;0;0;0.0004;0.088;0;-0.0884;0;0;0;0;0;0;0;0;0;0;0;0;0;0;0;0;0;0;0;-6.8603;0;0;0;0;0.0004;0;0;0;0;0;0;0;-0.0004;-0.0884;0;0;0;0;0;0;0;0;0;-0.7063;0;0.7063;1;1;0;0;0;0
19/07/21 19:00;0;0;90;0;0;90;0;0;0;0;5.6697;2.5301;0;0;0;0;0;0;0;0;0;0;0;0;0;1;1;1;1;0;0;0;0;0;0;0;0;0;0;0;0;0;0;0;0;0;0;0;0;0;0;0;0;0;0;0;0;0;0;0;0;0;0;0;1;1;1;1;1;1;1;1;1;1;1;1;1;1;1;1;1;1;1;0;0;0;0;0;0;0;0;0;0.0004;0.088;0;-0.0884;0;0;0;0;0;0;0;0;0;0;0;0;0;0;0;0;0;0;0;-5.6697;0;0;0;0;0.0004;0;0;0;0;0;0;0;-0.0004;-0.0884;0;0;0;0;0;0;0;0;0;-0.7063;0;0.7063;1;1;0;0;0;0
19/07/21 20:00;0;0;90;0;0;90;0;0;0;0;5.1;2.6101;0;0;0;0;0;0;0;0;0;0;0;0;0;1;1;1;1;0;0;0;0;0;0;0;0;0;0;0;0;0;0;0;0;0;0;0;0;0;0;0;0;0;0;0;0;0;0;0;0;0;0;0;1;1;1;1;1;1;1;1;1;1;1;1;1;1;1;1;1;1;1;0;0;0;0;0;0;0;0;0;0.0004;0.088;0;-0.0884;0;0;0;0;0;0;0;0;0;0;0;0;0;0;0;0;0;0;0;-5.1;0;0;0;0;0.0004;0;0;0;0;0;0;0;-0.0004;-0.0884;0;0;0;0;0;0;0;0;0;-0.7063;0;0.7063;1;1;0;0;0;0
19/07/21 21:00;0;0;90;0;0;90;0;0;0;0;6.3598;2.73;0;0;0;0;0;0;0;0;0;0;0;0;0;1;1;1;1;0;0;0;0;0;0;0;0;0;0;0;0;0;0;0;0;0;0;0;0;0;0;0;0;0;0;0;0;0;0;0;0;0;0;0;1;1;1;1;1;1;1;1;1;1;1;1;1;1;1;1;1;1;1;0;0;0;0;0;0;0;0;0;0.0004;0.088;0;-0.0884;0;0;0;0;0;0;0;0;0;0;0;0;0;0;0;0;0;0;0;-6.3598;0;0;0;0;0.0004;0;0;0;0;0;0;0;-0.0004;-0.0884;0;0;0;0;0;0;0;0;0;-0.7063;0;0.7063;1;1;0;0;0;0
19/07/21 22:00;0;0;90;0;0;90;0;0;0;0;6.8603;2.8699;0;0;0;0;0;0;0;0;0;0;0;0;0;1;1;1;1;0;0;0;0;0;0;0;0;0;0;0;0;0;0;0;0;0;0;0;0;0;0;0;0;0;0;0;0;0;0;0;0;0;0;0;1;1;1;1;1;1;1;1;1;1;1;1;1;1;1;1;1;1;1;0;0;0;0;0;0;0;0;0;0.0004;0.088;0;-0.0884;0;0;0;0;0;0;0;0;0;0;0;0;0;0;0;0;0;0;0;-6.8603;0;0;0;0;0.0004;0;0;0;0;0;0;0;-0.0004;-0.0884;0;0;0;0;0;0;0;0;0;-0.7063;0;0.7063;1;1;0;0;0;0
19/07/21 23:00;0;0;90;0;0;90;0;0;0;0;6.7998;3.13;0;0;0;0;0;0;0;0;0;0;0;0;0;1;1;1;1;0;0;0;0;0;0;0;0;0;0;0;0;0;0;0;0;0;0;0;0;0;0;0;0;0;0;0;0;0;0;0;0;0;0;0;1;1;1;1;1;1;1;1;1;1;1;1;1;1;1;1;1;1;1;0;0;0;0;0;0;0;0;0;0.0004;0.088;0;-0.0884;0;0;0;0;0;0;0;0;0;0;0;0;0;0;0;0;0;0;0;-6.7998;0;0;0;0;0.0004;0;0;0;0;0;0;0;-0.0004;-0.0884;0;0;0;0;0;0;0;0;0;-0.7063;0;0.7063;1;1;0;0;0;0
20/07/21 00:00;0;0;90;0;0;90;0;0;0;0;6.8802;3.3301;0;0;0;0;0;0;0;0;0;0;0;0;0;1;1;1;1;0;0;0;0;0;0;0;0;0;0;0;0;0;0;0;0;0;0;0;0;0;0;0;0;0;0;0;0;0;0;0;0;0;0;0;1;1;1;1;1;1;1;1;1;1;1;1;1;1;1;1;1;1;1;0;0;0;0;0;0;0;0;0;0.0004;0.088;0;-0.0884;0;0;0;0;0;0;0;0;0;0;0;0;0;0;0;0;0;0;0;-6.8802;0;0;0;0;0.0004;0;0;0;0;0;0;0;-0.0004;-0.0884;0;0;0;0;0;0;0;0;0;-0.7063;0;0.7063;1;1;0;0;0;0
20/07/21 01:00;0;0;90;0;0;90;0;0;0;0;7.1701;2.97;0;0;0;0;0;0;0;0;0;0;0;0;0;1;1;1;1;0;0;0;0;0;0;0;0;0;0;0;0;0;0;0;0;0;0;0;0;0;0;0;0;0;0;0;0;0;0;0;0;0;0;0;1;1;1;1;1;1;1;1;1;1;1;1;1;1;1;1;1;1;1;0;0;0;0;0;0;0;0;0;0.0004;0.088;0;-0.0884;0;0;0;0;0;0;0;0;0;0;0;0;0;0;0;0;0;0;0;-7.1701;0;0;0;0;0.0004;0;0;0;0;0;0;0;-0.0004;-0.0884;0;0;0;0;0;0;0;0;0;-0.7063;0;0.7063;1;1;0;0;0;0
20/07/21 02:00;0;0;90;0;0;90;0;0;0;0;7.0298;2.68;0;0;0;0;0;0;0;0;0;0;0;0;0;1;1;1;1;0;0;0;0;0;0;0;0;0;0;0;0;0;0;0;0;0;0;0;0;0;0;0;0;0;0;0;0;0;0;0;0;0;0;0;1;1;1;1;1;1;1;1;1;1;1;1;1;1;1;1;1;1;1;0;0;0;0;0;0;0;0;0;0.0004;0.088;0;-0.0884;0;0;0;0;0;0;0;0;0;0;0;0;0;0;0;0;0;0;0;-7.0298;0;0;0;0;0.0004;0;0;0;0;0;0;0;-0.0004;-0.0884;0;0;0;0;0;0;0;0;0;-0.7063;0;0.7063;1;1;0;0;0;0
20/07/21 03:00;0;0;90;0;0;90;0;0;0;0;6.9999;2.89;0;0;0;0;0;0;0;0;0;0;0;0;0;1;1;1;1;0;0;0;0;0;0;0;0;0;0;0;0;0;0;0;0;0;0;0;0;0;0;0;0;0;0;0;0;0;0;0;0;0;0;0;1;1;1;1;1;1;1;1;1;1;1;1;1;1;1;1;1;1;1;0;0;0;0;0;0;0;0;0;0.0004;0.088;0;-0.0884;0;0;0;0;0;0;0;0;0;0;0;0;0;0;0;0;0;0;0;-6.9999;0;0;0;0;0.0004;0;0;0;0;0;0;0;-0.0004;-0.0884;0;0;0;0;0;0;0;0;0;-0.7063;0;0.7063;1;1;0;0;0;0
20/07/21 04:00;0;0;90;0;0;90;0;0;0;0;7.2;3.2799;0;0;0;0;0;0;0;0;0;0;0;0;0;1;1;1;1;0;0;0;0;0;0;0;0;0;0;0;0;0;0;0;0;0;0;0;0;0;0;0;0;0;0;0;0;0;0;0;0;0;0;0;1;1;1;1;1;1;1;1;1;1;1;1;1;1;1;1;1;1;1;0;0;0;0;0;0;0;0;0;0.0004;0.088;0;-0.0884;0;0;0;0;0;0;0;0;0;0;0;0;0;0;0;0;0;0;0;-7.2;0;0;0;0;0.0004;0;0;0;0;0;0;0;-0.0004;-0.0884;0;0;0;0;0;0;0;0;0;-0.7063;0;0.7063;1;1;0;0;0;0
20/07/21 05:00;0;0;90;0;0;90;0;0;0;0;6.9002;3.54;0;0;0;0;0;0;0;0;0;0;0;0;0;1;1;1;1;0;0;0;0;0;0;0;0;0;0;0;0;0;0;0;0;0;0;0;0;0;0;0;0;0;0;0;0;0;0;0;0;0;0;0;1;1;1;1;1;1;1;1;1;1;1;1;1;1;1;1;1;1;1;0;0;0;0;0;0;0;0;0;0.0004;0.088;0;-0.0884;0;0;0;0;0;0;0;0;0;0;0;0;0;0;0;0;0;0;0;-6.9002;0;0;0;0;0.0004;0;0;0;0;0;0;0;-0.0004;-0.0884;0;0;0;0;0;0;0;0;0;-0.7063;0;0.7063;1;1;0;0;0;0
20/07/21 06:00;0;0;90;0;0;90;0;0;0;0;6.9301;3.7;0;0;0;0;0;0;0;0;0;0;0;0;0;1;1;1;1;0;0;0;0;0;0;0;0;0;0;0;0;0;0;0;0;0;0;0;0;0;0;0;0;0;0;0;0;0;0;0;0;0;0;0;1;1;1;1;1;1;1;1;1;1;1;1;1;1;1;1;1;1;1;0;0;0;0;0;0;0;0;0;0.0004;0.088;0;-0.0884;0;0;0;0;0;0;0;0;0;0;0;0;0;0;0;0;0;0;0;-6.9301;0;0;0;0;0.0004;0;0;0;0;0;0;0;-0.0004;-0.0884;0;0;0;0;0;0;0;0;0;-0.7063;0;0.7063;1;1;0;0;0;0
20/07/21 07:00;5.094;-60.408;77.564;5.8532;8.4663;-90;-8.4663;13.498;13.297;0.2014;6.8902;4.28;0;0.4884;13.202;0.0552;0;0.0096;13.755;0;13.755;0.4884;0.0552;13.202;0.0096;0.0355;0.9605;0;0.0007;13.675;0.0805;0;0;0.0725;0.008;12.967;0.6807;0.1194;0.0135;0.5475;0.0004;13.647;0.0273;0.001;0.0001;0.0263;0;12.968;0.368;0.0416;12.556;0.0012;7.8873;6.8304;1.6113;0.002;0.0628;0.9038;0.0014;0.9647;0;1;0;0;1.019;0.9941;1;1;0.9945;0.1658;0.9501;0.7551;1;0.9582;0.7755;0.998;0.998;1;0.998;0.998;0.9427;0.951;0.1284;0.0413;0.041;0.0002;0.0071;-0.0026;0.0003;0.0009;0.0002;0;0;0.088;0;-0.0567;0;0;0;0;0;0;0;0;0;0;0;0;0.0007;0;0.0341;0.0341;0;7.429;7.429;0.5388;0.0416;33.259;1025.9;1;0.0028;0.0028;0;0;0;0;0;0;0.0313;-0.0567;0;15.736;18.222;-26.157;-30.289;91.682;91.682;0.3301;0.2727;-0.4533;0.0574;0.726;0.1739;2.1991;0;7.8862;0;0
20/07/21 08:00;14.727;-51.03;51.938;18.679;32.283;-90;-32.283;87.202;82.797;4.4059;7.4799;4.7899;0;10.686;75.397;2.6284;0;0.8762;89.587;0;89.587;10.686;2.6284;75.397;0.8762;0.1193;0.8514;0;0.0098;85.046;4.5417;0;0;3.7651;0.7766;82.343;2.5321;0.1611;0.0396;2.3154;0.016;84.875;0.1701;0.0214;0.0053;0.1433;0.0002;82.618;10.503;2.5835;69.173;0.0834;50.533;43.762;11.005;1.4712;0.453;6.5169;0.2744;5.4987;0;1;0;0;1.0273;0.9493;1;1;0.9501;0.1136;0.9702;0.9849;1;0.9676;0.8388;0.998;0.998;1;0.998;0.998;0.9191;0.9175;0.0951;0.269;0.2626;0.0016;0.0165;-0.0136;0.0018;0.0064;0.0013;0;0;0.088;0;0.148;0;0;0;0;0;0;0;0;0;0;0;0;0.0052;0.0003;0.2431;0.2431;0;10.822;10.822;3.3417;0.0406;222.82;1091.1;1;0.0071;0.0071;0;0;0;0;0;0;0.236;0.148;0;17.214;19.933;10.481;12.137;97.086;97.086;2.1501;1.9429;1.183;0.2072;0.7599;0.0964;0.3534;0.5502;50.506;0.5218;0
20/07/21 09:00;23.442;-39.365;45.178;34.358;55.642;-90;-55.642;85.796;84.4;1.3961;8.6898;5.29;0;2.4737;65.841;0.3963;0;2.4294;71.141;0;71.141;2.4737;0.3963;65.841;2.4294;0.0348;0.9597;0;0.0341;61.436;9.705;0;0;7.4286;2.2764;59.283;2.03;0.0245;0.0039;1.9948;0.0069;61.313;0.1229;0.0049;0.0008;0.1168;0.0003;60.309;2.4442;0.3916;56.301;0.1459;54.993;47.624;13.289;8.4201;0.8509;12.24;1.0266;4.6709;0;1;0;0;0.8292;0.8636;1;1;0.8872;0.063;0.9669;0.9901;1;0.9658;0.9551;0.998;0.998;1;0.998;0.998;0.8333;0.8551;0.06;0.2136;0.2075;0.0012;0.0153;-0.0105;0.0014;0.005;0.0024;0;0;0.088;0;0.0939;0;0;0;0;0;0;0;0;0;0;0;0;0.004;0.0002;0.1884;0.1884;0;11.105;11.105;2.4152;0.0407;175.02;1076.5;1;0.0065;0.0065;0;0;0;0;0;0;0.1819;0.0939;0;16.8;19.454;8.3694;9.6916;96.524;96.524;1.7074;1.5058;0.7501;0.2016;0.7556;0.1181;0.4426;0.4393;54.551;0.3892;0
20/07/21 10:00;30.037;-25.466;51.406;53.364;36.636;-90;-36.636;224.71;203;21.709;8.85;5.9099;0;27.054;176.95;8.2858;0;2.8855;215.18;0;215.18;27.054;8.2858;176.95;2.8855;0.1257;0.8358;0;0.0134;201.79;13.39;0;0;10.779;2.6101;195.49;5.8925;0.3879;0.1188;5.3516;0.0343;201.39;0.4036;0.0541;0.0166;0.3323;0.0006;196.49;26.612;8.1505;160.49;0.2406;136.43;118.14;30.233;5.333;1.2776;18.378;0.9967;14.323;0;1;0;0;0.9576;0.9378;1;1;0.9391;0.0955;0.9707;0.9856;1;0.9677;0.8751;0.998;0.998;1;0.998;0.998;0.9085;0.907;0.0834;0.6462;0.6306;0.0038;0.0175;-0.0185;0.0044;0.0156;0.0037;0;0;0.088;0;0.4917;0;0;0;0;0;0;0;0;0;0;0;0;0.0126;0.0011;0.5905;0.5905;0;16.759;16.759;7.9088;0.0405;538;1097.5;1;0.0108;0.0108;0;0;0;0;0;0;0.5797;0.4917;0;17.408;20.158;14.496;16.786;98.172;98.172;5.1643;4.7192;3.9296;0.4451;0.7895;0.0862;0.1529;0.7609;122.57;0.7152;0
20/07/21 11:00;33.739;-9.496;55.103;76.125;13.875;-90;-13.875;622.29;102.7;519.59;10.03;6.2199;0;535.21;29.701;74.74;0;1.1802;640.83;0;640.83;535.21;74.74;29.701;1.1802;0.8352;0.0482;0;0.0018;639.48;1.3567;0;0;0.3728;0.984;624.15;14.044;11.298;1.5777;1.1242;0.044;638.2;1.279;1.0704;0.1495;0.0587;0.0004;624.42;522.84;73.013;28.145;0.1519;359.9;311.67;77.681;0.0293;2.5927;37.295;0.2691;39.858;0;1;0;0;1.0298;0.9979;1;1;0.9874;0.1663;0.978;0.9788;1;0.9616;0.7755;0.998;0.998;1;0.998;0.998;0.974;0.9476;0.1287;1.9244;1.9593;0.0118;0.0008;0.0719;0.0131;0.0465;0.0071;0;0;0.088;0;1.6447;0;0;0;0;0;0;0;0;0;0;0;0;0.0375;0.0087;1.7618;1.7618;0;35.501;35.501;25.471;0.0408;1682.5;1047.2;1;0.0292;0.0292;0;0;0;0;0;0;1.7327;1.6447;0;17.441;20.196;16.281;18.853;98.345;98.345;15.38;14.081;13.144;1.2993;0.9363;0.0845;0.0609;0.8546;18.004;0.819;0
20/07/21 12:00;33.962;7.4262;55.331;79.137;10.863;90;10.863;85.19;84.3;0.8902;10.27;6.08;0;0.9065;83.444;0.1033;0;0.0992;84.553;0;84.553;0.9065;0.1033;83.444;0.0992;0.0107;0.9881;0;0.0012;83.775;0.7787;0;0;0.6959;0.0828;80.251;3.3564;0.0196;0.0022;3.3309;0.0037;83.607;0.1675;0.0018;0.0002;0.1655;0;80.269;0.885;0.1009;79.252;0.0127;50.707;43.912;10.456;0.0332;0.399;5.739;0.0184;6.1047;0;1;0;0;0.9925;0.9908;1;1;0.9917;0.1651;0.9599;0.9783;1;0.9597;0.7747;0.998;0.998;1;0.998;0.998;0.9491;0.9498;0.1277;0.2539;0.2539;0.0015;0.0163;-0.0106;0.0017;0.0061;0.0011;0;0;0.088;0;0.1376;0;0;0;0;0;0;0;0;0;0;0;0;0.0049;0.0003;0.2324;0.2324;0;13.535;13.535;3.2652;0.0407;215.55;1078.4;1;0.0069;0.0069;0;0;0;0;0;0;0.2256;0.1376;0;17.439;20.194;10.321;11.951;97.04;97.04;2.0293;1.8577;1.0994;0.1716;0.7583;0.0846;0.3737;0.5418;50.129;0.5156;0
20/07/21 13:00;30.666;23.595;52.022;55.979;34.021;90;34.021;164.4;160.7;3.7056;9.1598;5.9099;0;4.4709;146.14;1.0638;0;1.8291;153.5;0;153.5;4.4709;1.0638;146.14;1.8291;0.0291;0.9639;0;0.0119;143.92;9.5795;0;0;7.9406;1.6389;139.07;4.5679;0.068;0.0162;4.4554;0.0284;143.63;0.2878;0.0089;0.0021;0.2764;0.0004;139.69;4.394;1.0456;133.47;0.1614;101.49;87.889;22.279;3.4155;0.9283;13.353;0.6223;10.866;0;1;0;0;0.9337;0.9376;1;1;0.9457;0.104;0.9682;0.9848;1;0.9677;0.8505;0.998;0.998;1;0.998;0.998;0.906;0.9133;0.0883;0.461;0.4489;0.0027;0.0181;-0.0165;0.0031;0.011;0.0026;0;0;0.088;0;0.3215;0;0;0;0;0;0;0;0;0;0;0;0;0.0089;0.0007;0.4183;0.4183;0;14.793;14.793;5.6334;0.0405;382.38;1093.9;1;0.0088;0.0088;0;0;0;0;0;0;0.4095;0.3215;0;17.286;20.016;13.284;15.383;97.891;97.891;3.684;3.3429;2.5691;0.3412;0.7738;0.0926;0.21;0.6973;99.172;0.6547;0
20/07/21 14:00;24.386;37.775;46.046;36.503;53.497;90;53.497;57.803;57.3;0.503;8.2198;5.5899;0;0.8456;45.651;0.0886;0;1.5222;48.107;0;48.107;0.8456;0.0886;45.651;1.5222;0.0176;0.9806;0;0.0316;41.803;6.304;0;0;4.8751;1.4289;40.332;1.3877;0.0088;0.0009;1.3741;0.0038;41.72;0.0836;0.0017;0.0002;0.0816;0.0002;40.97;0.8351;0.0875;39.32;0.0892;37.121;32.147;8.8724;5.0839;0.5418;7.7933;0.6385;3.2511;0;1;0;0;0.8323;0.869;1;1;0.8932;0.0613;0.9667;0.9896;1;0.9662;0.9586;0.998;0.998;1;0.998;0.998;0.8384;0.8613;0.0586;0.1445;0.1398;0.0008;0.0131;-0.0078;0.0009;0.0033;0.0015;0;0;0.088;0;0.0315;0;0;0;0;0;0;0;0;0;0;0;0;0.0027;0.0001;0.1251;0.1251;0;9.869;9.869;1.6492;0.0409;117.37;1065.9;1;0.0056;0.0056;0;0;0;0;0;0;0.1195;0.0315;0;16.497;19.104;4.1586;4.8155;95.546;95.546;1.1546;0.9999;0.252;0.1547;0.7478;0.134;0.6477;0.2183;36.949;0.1947;0
20/07/21 15:00;15.892;49.7;48.385;20.471;37.547;90;37.547;24.301;24.2;0.1013;8.6997;5.1701;0;0.2456;21.687;0.0164;0;0.3272;22.276;0;22.276;0.2456;0.0164;21.687;0.3272;0.011;0.9882;0;0.0147;20.604;1.6728;0;0;1.3749;0.2979;19.902;0.6609;0.0029;0.0002;0.6544;0.0034;20.562;0.0412;0.0005;0;0.0406;0.0001;20.018;0.2422;0.0162;19.617;0.0258;15.134;13.106;3.373;0.711;0.1482;2.1325;0.1166;1.5697;0;1;0;0;0.9167;0.9249;1;1;0.9366;0.0896;0.9679;0.9882;1;0.9677;0.8823;0.998;0.998;1;0.998;0.998;0.8934;0.9046;0.0789;0.0669;0.0648;0.0004;0.009;-0.0036;0.0004;0.0015;0.0004;0;0;0.088;0;-0.0359;0;0;0;0;0;0;0;0;0;0;0;0;0.0012;0;0.0555;0.0555;0;9.5217;9.5217;0.822;0.0413;53.563;1036.5;1;0.0034;0.0034;0;0;0;0;0;0;0.0521;-0.0359;0;15.81;18.307;-10.229;-11.845;93.807;93.807;0.5346;0.4437;-0.2871;0.0909;0.7308;0.1701;1.3669;0;15.134;0;0
20/07/21 16:00;5.8745;59.731;75.627;6.7937;9.8786;90;9.8786;22.504;22.297;0.2067;8.14;5.37;0;0.5014;22.098;0.0825;0;0.0217;22.704;0;22.704;0.5014;0.0825;22.098;0.0217;0.0221;0.9743;0;0.001;22.528;0.1754;0;0;0.1573;0.0181;21.47;1.0129;0.0993;0.0163;0.8965;0.0008;22.483;0.0451;0.001;0.0002;0.0439;0;21.474;0.401;0.066;21;0.0028;13.244;11.469;2.7094;0.0061;0.1054;1.5165;0.0038;1.6158;0;1;0;0;1.0089;0.9923;1;1;0.9929;0.165;0.9549;0.8015;1;0.9591;0.7748;0.998;0.998;1;0.998;0.998;0.9457;0.9503;0.1276;0.0682;0.0679;0.0004;0.0093;-0.0039;0.0004;0.0015;0.0003;0;0;0.088;0;-0.0329;0;0;0;0;0;0;0;0;0;0;0;0;0.0012;0;0.0586;0.0586;0;9.0253;9.0253;0.8853;0.0412;56.25;1042;1;0.0035;0.0035;0;0;0;0;0;0;0.0551;-0.0329;0;16.376;18.964;-9.2019;-10.656;93.954;93.954;0.5449;0.4684;-0.2632;0.0765;0.7316;0.1403;1.3427;0;13.242;0;0
20/07/21 17:00;0.276;64.355;89.331;0.3062;0.4364;90;0.4364;0;0;0;8.37;6.2999;0;0;0;0;0;0;0;0;0;0;0;0;0;1;1;1;1;0;0;0;0;0;0;0;0;0;0;0;0;0;0;0;0;0;0;0;0;0;0;0;0;0;0;0;0;0;0;0;0;0;0;0;1;1;1;1;1;1;1;1;1;1;1;1;1;1;1;1;1;1;1;0;0;0;0;0;0;0;0;0;0.0004;0.088;0;-0.0884;0;0;0;0;0;0;0;0;0;0;0;0;0;0;0;0;0;0;0;-8.37;0;0;0;0;0.0004;0;0;0;0;0;0;0;-0.0004;-0.0884;0;0;0;0;0;0;0;0;0;-0.7063;0;0.7063;1;1;0;0;0;0
20/07/21 18:00;0;0;90;0;0;90;0;0;0;0;8.3002;7.5501;0;0;0;0;0;0;0;0;0;0;0;0;0;1;1;1;1;0;0;0;0;0;0;0;0;0;0;0;0;0;0;0;0;0;0;0;0;0;0;0;0;0;0;0;0;0;0;0;0;0;0;0;1;1;1;1;1;1;1;1;1;1;1;1;1;1;1;1;1;1;1;0;0;0;0;0;0;0;0;0;0.0004;0.088;0;-0.0884;0;0;0;0;0;0;0;0;0;0;0;0;0;0;0;0;0;0;0;-8.3002;0;0;0;0;0.0004;0;0;0;0;0;0;0;-0.0004;-0.0884;0;0;0;0;0;0;0;0;0;-0.7063;0;0.7063;1;1;0;0;0;0
20/07/21 19:00;0;0;90;0;0;90;0;0;0;0;7.45;8.7601;0;0;0;0;0;0;0;0;0;0;0;0;0;1;1;1;1;0;0;0;0;0;0;0;0;0;0;0;0;0;0;0;0;0;0;0;0;0;0;0;0;0;0;0;0;0;0;0;0;0;0;0;1;1;1;1;1;1;1;1;1;1;1;1;1;1;1;1;1;1;1;0;0;0;0;0;0;0;0;0;0.0004;0.088;0;-0.0884;0;0;0;0;0;0;0;0;0;0;0;0;0;0;0;0;0;0;0;-7.45;0;0;0;0;0.0004;0;0;0;0;0;0;0;-0.0004;-0.0884;0;0;0;0;0;0;0;0;0;-0.7063;0;0.7063;1;1;0;0;0;0
20/07/21 20:00;0;0;90;0;0;90;0;0;0;0;7.2499;8.9001;0;0;0;0;0;0;0;0;0;0;0;0;0;1;1;1;1;0;0;0;0;0;0;0;0;0;0;0;0;0;0;0;0;0;0;0;0;0;0;0;0;0;0;0;0;0;0;0;0;0;0;0;1;1;1;1;1;1;1;1;1;1;1;1;1;1;1;1;1;1;1;0;0;0;0;0;0;0;0;0;0.0004;0.088;0;-0.0884;0;0;0;0;0;0;0;0;0;0;0;0;0;0;0;0;0;0;0;-7.2499;0;0;0;0;0.0004;0;0;0;0;0;0;0;-0.0004;-0.0884;0;0;0;0;0;0;0;0;0;-0.7063;0;0.7063;1;1;0;0;0;0
20/07/21 21:00;0;0;90;0;0;90;0;0;0;0;6.4003;8.25;0;0;0;0;0;0;0;0;0;0;0;0;0;1;1;1;1;0;0;0;0;0;0;0;0;0;0;0;0;0;0;0;0;0;0;0;0;0;0;0;0;0;0;0;0;0;0;0;0;0;0;0;1;1;1;1;1;1;1;1;1;1;1;1;1;1;1;1;1;1;1;0;0;0;0;0;0;0;0;0;0.0004;0.088;0;-0.0884;0;0;0;0;0;0;0;0;0;0;0;0;0;0;0;0;0;0;0;-6.4003;0;0;0;0;0.0004;0;0;0;0;0;0;0;-0.0004;-0.0884;0;0;0;0;0;0;0;0;0;-0.7063;0;0.7063;1;1;0;0;0;0
20/07/21 22:00;0;0;90;0;0;90;0;0;0;0;6.4801;7.86;0;0;0;0;0;0;0;0;0;0;0;0;0;1;1;1;1;0;0;0;0;0;0;0;0;0;0;0;0;0;0;0;0;0;0;0;0;0;0;0;0;0;0;0;0;0;0;0;0;0;0;0;1;1;1;1;1;1;1;1;1;1;1;1;1;1;1;1;1;1;1;0;0;0;0;0;0;0;0;0;0.0004;0.088;0;-0.0884;0;0;0;0;0;0;0;0;0;0;0;0;0;0;0;0;0;0;0;-6.4801;0;0;0;0;0.0004;0;0;0;0;0;0;0;-0.0004;-0.0884;0;0;0;0;0;0;0;0;0;-0.7063;0;0.7063;1;1;0;0;0;0
20/07/21 23:00;0;0;90;0;0;90;0;0;0;0;5.7003;7.75;0;0;0;0;0;0;0;0;0;0;0;0;0;1;1;1;1;0;0;0;0;0;0;0;0;0;0;0;0;0;0;0;0;0;0;0;0;0;0;0;0;0;0;0;0;0;0;0;0;0;0;0;1;1;1;1;1;1;1;1;1;1;1;1;1;1;1;1;1;1;1;0;0;0;0;0;0;0;0;0;0.0004;0.088;0;-0.0884;0;0;0;0;0;0;0;0;0;0;0;0;0;0;0;0;0;0;0;-5.7003;0;0;0;0;0.0004;0;0;0;0;0;0;0;-0.0004;-0.0884;0;0;0;0;0;0;0;0;0;-0.7063;0;0.7063;1;1;0;0;0;0
21/07/21 00:00;0;0;90;0;0;90;0;0;0;0;4.9199;7.36;0;0;0;0;0;0;0;0;0;0;0;0;0;1;1;1;1;0;0;0;0;0;0;0;0;0;0;0;0;0;0;0;0;0;0;0;0;0;0;0;0;0;0;0;0;0;0;0;0;0;0;0;1;1;1;1;1;1;1;1;1;1;1;1;1;1;1;1;1;1;1;0;0;0;0;0;0;0;0;0;0.0004;0.088;0;-0.0884;0;0;0;0;0;0;0;0;0;0;0;0;0;0;0;0;0;0;0;-4.9199;0;0;0;0;0.0004;0;0;0;0;0;0;0;-0.0004;-0.0884;0;0;0;0;0;0;0;0;0;-0.7063;0;0.7063;1;1;0;0;0;0
21/07/21 01:00;0;0;90;0;0;90;0;0;0;0;4.4;6.7601;0;0;0;0;0;0;0;0;0;0;0;0;0;1;1;1;1;0;0;0;0;0;0;0;0;0;0;0;0;0;0;0;0;0;0;0;0;0;0;0;0;0;0;0;0;0;0;0;0;0;0;0;1;1;1;1;1;1;1;1;1;1;1;1;1;1;1;1;1;1;1;0;0;0;0;0;0;0;0;0;0.0004;0.088;0;-0.0884;0;0;0;0;0;0;0;0;0;0;0;0;0;0;0;0;0;0;0;-4.4;0;0;0;0;0.0004;0;0;0;0;0;0;0;-0.0004;-0.0884;0;0;0;0;0;0;0;0;0;-0.7063;0;0.7063;1;1;0;0;0;0
21/07/21 02:00;0;0;90;0;0;90;0;0;0;0;4.0198;6.18;0;0;0;0;0;0;0;0;0;0;0;0;0;1;1;1;1;0;0;0;0;0;0;0;0;0;0;0;0;0;0;0;0;0;0;0;0;0;0;0;0;0;0;0;0;0;0;0;0;0;0;0;1;1;1;1;1;1;1;1;1;1;1;1;1;1;1;1;1;1;1;0;0;0;0;0;0;0;0;0;0.0004;0.088;0;-0.0884;0;0;0;0;0;0;0;0;0;0;0;0;0;0;0;0;0;0;0;-4.0198;0;0;0;0;0.0004;0;0;0;0;0;0;0;-0.0004;-0.0884;0;0;0;0;0;0;0;0;0;-0.7063;0;0.7063;1;1;0;0;0;0
21/07/21 03:00;0;0;90;0;0;90;0;0;0;0;3.4002;5.8101;0;0;0;0;0;0;0;0;0;0;0;0;0;1;1;1;1;0;0;0;0;0;0;0;0;0;0;0;0;0;0;0;0;0;0;0;0;0;0;0;0;0;0;0;0;0;0;0;0;0;0;0;1;1;1;1;1;1;1;1;1;1;1;1;1;1;1;1;1;1;1;0;0;0;0;0;0;0;0;0;0.0004;0.088;0;-0.0884;0;0;0;0;0;0;0;0;0;0;0;0;0;0;0;0;0;0;0;-3.4002;0;0;0;0;0.0004;0;0;0;0;0;0;0;-0.0004;-0.0884;0;0;0;0;0;0;0;0;0;-0.7063;0;0.7063;1;1;0;0;0;0
21/07/21 04:00;0;0;90;0;0;90;0;0;0;0;2.9202;5.4801;0;0;0;0;0;0;0;0;0;0;0;0;0;1;1;1;1;0;0;0;0;0;0;0;0;0;0;0;0;0;0;0;0;0;0;0;0;0;0;0;0;0;0;0;0;0;0;0;0;0;0;0;1;1;1;1;1;1;1;1;1;1;1;1;1;1;1;1;1;1;1;0;0;0;0;0;0;0;0;0;0.0004;0.088;0;-0.0884;0;0;0;0;0;0;0;0;0;0;0;0;0;0;0;0;0;0;0;-2.9202;0;0;0;0;0.0004;0;0;0;0;0;0;0;-0.0004;-0.0884;0;0;0;0;0;0;0;0;0;-0.7063;0;0.7063;1;1;0;0;0;0
21/07/21 05:00;0;0;90;0;0;90;0;0;0;0;2.4602;5.14;0;0;0;0;0;0;0;0;0;0;0;0;0;1;1;1;1;0;0;0;0;0;0;0;0;0;0;0;0;0;0;0;0;0;0;0;0;0;0;0;0;0;0;0;0;0;0;0;0;0;0;0;1;1;1;1;1;1;1;1;1;1;1;1;1;1;1;1;1;1;1;0;0;0;0;0;0;0;0;0;0.0004;0.088;0;-0.0884;0;0;0;0;0;0;0;0;0;0;0;0;0;0;0;0;0;0;0;-2.4602;0;0;0;0;0.0004;0;0;0;0;0;0;0;-0.0004;-0.0884;0;0;0;0;0;0;0;0;0;-0.7063;0;0.7063;1;1;0;0;0;0
21/07/21 06:00;0;0;90;0;0;90;0;0;0;0;2.3;4.6801;0;0;0;0;0;0;0;0;0;0;0;0;0;1;1;1;1;0;0;0;0;0;0;0;0;0;0;0;0;0;0;0;0;0;0;0;0;0;0;0;0;0;0;0;0;0;0;0;0;0;0;0;1;1;1;1;1;1;1;1;1;1;1;1;1;1;1;1;1;1;1;0;0;0;0;0;0;0;0;0;0.0004;0.088;0;-0.0884;0;0;0;0;0;0;0;0;0;0;0;0;0;0;0;0;0;0;0;-2.3;0;0;0;0;0.0004;0;0;0;0;0;0;0;-0.0004;-0.0884;0;0;0;0;0;0;0;0;0;-0.7063;0;0.7063;1;1;0;0;0;0
21/07/21 07:00;5.0299;-60.718;77.723;5.7622;8.3308;-90;-8.3308;55.009;26.003;29.007;1.6997;4.3999;0;70.35;19.404;15.754;0;0.0377;105.55;0;105.55;70.35;15.754;19.404;0.0377;0.6665;0.1842;0;0.0004;105.41;0.1352;0;0;0.1037;0.0315;82.978;22.221;17.495;3.9179;0.8063;0.0014;105.2;0.2108;0.1407;0.0315;0.0386;0;82.98;52.713;11.805;18.455;0.0048;11.762;10.186;2.356;0.0027;0.0967;1.3913;0.0022;1.4853;0;1;0;0;1.9187;0.9987;1;1;0.9947;0.1658;0.7888;0.7508;1;0.9581;0.7755;0.998;0.998;1;0.998;0.998;0.7862;0.9511;0.1283;0.317;0.2529;0.0015;0.0163;-0.0183;0.0018;0.0063;0.0003;0;0;0.088;0;0.1443;0;0;0;0;0;0;0;0;0;0;0;0;0.0051;0.0003;0.2396;0.2396;0;5.0504;5.0504;3.3506;0.0404;214.59;1116.7;1;0.0073;0.0073;0;0;0;0;0;0;0.2323;0.1443;0;14.403;16.679;8.6743;10.045;96.946;96.946;2.5331;1.9152;1.1534;0.6179;0.7618;0.2439;0.3007;0.4553;11.588;0.4509;0
21/07/21 08:00;14.858;-51.177;51.545;18.805;32.619;-90;-32.619;250.39;41.302;209.09;3.93;4.28;0;507.11;14.621;61.674;0;2.567;585.97;0;585.97;507.11;61.674;14.621;2.567;0.8654;0.0293;0;0.0044;582.95;3.0211;0;0;0.7421;2.279;573.03;8.754;7.3644;0.8957;0.4483;0.0456;581.78;1.1659;1.0142;0.1233;0.0278;0.0006;573.08;498.73;60.655;13.402;0.2418;10.967;9.4975;2.5176;0.2962;0.0884;1.272;0.0545;1.0642;0;1;0;0;2.3402;0.9948;1;1;0.9492;0.1122;0.985;0.9854;1;0.9676;0.8413;0.998;0.998;1;0.998;0.998;0.9779;0.9167;0.0942;1.7597;1.7287;0.0104;0.0033;0.013;0.0119;0.0423;0.0003;0;0;0.088;0;1.4918;0;0;0;0;0;0;0;0;0;0;0;0;0.034;0.0069;1.6066;1.6066;0;27.16;27.16;23.23;0.0405;1485.7;1081.4;1;0.0268;0.0268;0;0;0;0;0;0;1.5798;1.4918;0;17.393;20.141;16.151;18.702;98.333;98.333;14.063;12.84;11.923;1.2231;0.9174;0.087;0.0652;0.8478;9.818;0.8464;0
21/07/21 09:00;23.595;-39.496;45.004;34.479;55.521;-90;-55.521;368.09;69.799;298.29;5.9197;4.5499;0;526.93;23.9;69.382;0;10.382;630.59;0;630.59;526.93;69.382;23.9;10.382;0.8356;0.0544;0;0.0165;618.17;12.416;0;0;2.6881;9.7275;610.35;6.5917;5.1595;0.6794;0.7238;0.0291;616.94;1.2363;1.0539;0.1388;0.0424;0.0013;612.44;520.71;68.563;20.446;0.6237;112.68;97.58;23.941;3.0357;1.0331;14.861;2.0947;12.859;0;1;0;0;1.7131;0.9803;1;1;0.8875;0.063;0.9893;0.9902;1;0.9658;0.9555;0.998;0.998;1;0.998;0.998;0.9679;0.8555;0.0601;1.8937;1.8759;0.0113;0.0017;0.0375;0.0128;0.0453;0.0029;0;0;0.088;0;1.6033;0;0;0;0;0;0;0;0;0;0;0;0;0.0365;0.008;1.72;1.72;0;30.731;30.731;24.811;0.0407;1612.1;1066.9;1;0.0287;0.0287;0;0;0;0;0;0;1.6913;1.6033;0;17.303;20.036;16.128;18.676;98.33;98.33;15.134;13.746;12.813;1.3881;0.9328;0.0917;0.0616;0.8466;19.776;0.832;0
21/07/21 10:00;30.21;-25.567;51.221;53.455;36.545;-90;-36.545;501.1;83.602;417.5;7.6401;5.2401;0;519.68;28.155;65.196;0;6.4041;619.43;0;619.43;519.68;65.196;28.155;6.4041;0.839;0.0558;0;0.0103;611.93;7.4989;0;0;1.7085;5.7904;601.53;9.173;7.3253;0.919;0.8517;0.077;610.71;1.2239;1.0394;0.1304;0.0529;0.0012;603.33;511.31;64.146;25.542;0.5354;249.39;215.97;55.662;0.8429;1.731;24.899;1.7948;25.787;0;1;0;0;1.2361;0.9879;1;1;0.9393;0.0958;0.985;0.9859;1;0.9677;0.8743;0.998;0.998;1;0.998;0.998;0.9711;0.9072;0.0836;1.8602;1.8697;0.0113;0.0017;0.0465;0.0127;0.0449;0.0048;0;0;0.088;0;1.5873;0;0;0;0;0;0;0;0;0;0;0;0;0.0362;0.008;1.7036;1.7036;0;32.122;32.122;24.482;0.0407;1606.1;1060.7;1;0.0283;0.0283;0;0;0;0;0;0;1.6753;1.5873;0;17.447;20.203;16.256;18.824;98.34;98.34;14.866;13.615;12.686;1.2512;0.9294;0.0842;0.0625;0.8533;19.487;0.8284;0
21/07/21 11:00;33.928;-9.5476;54.91;76.148;13.852;-90;-13.852;569;94.896;474.11;9.4403;5.8999;0;488.31;33.537;62.688;0;1.0756;585.61;0;585.61;488.31;62.688;33.537;1.0756;0.8338;0.0591;0;0.0018;584.29;1.3164;0;0;0.4197;0.8967;570.43;12.689;10.085;1.2946;1.27;0.0401;583.12;1.1686;0.9766;0.1254;0.0662;0.0004;570.68;477.25;61.268;31.781;0.1384;329.23;285.11;71.019;0.0329;2.3749;34.162;0.245;36.504;0;1;0;0;1.0292;0.9978;1;1;0.9875;0.1663;0.9782;0.9793;1;0.9616;0.7755;0.998;0.998;1;0.998;0.998;0.9741;0.9476;0.1287;1.7586;1.7908;0.0108;0.0026;0.0481;0.0121;0.0429;0.0066;0;0;0.088;0;1.5111;0;0;0;0;0;0;0;0;0;0;0;0;0.0346;0.0073;1.6258;1.6258;0;32.671;32.671;23.231;0.0407;1537.6;1057.4;1;0.0267;0.0267;0;0;0;0;0;0;1.5991;1.5111;0;17.612;20.394;16.369;18.955;98.357;98.357;14.055;12.994;12.077;1.0608;0.9168;0.0755;0.0652;0.8593;20.328;0.8233;0
21/07/21 12:00;34.155;7.4344;55.141;79.203;10.797;90;10.797;576.51;98.303;478.2;10.33;5.8901;0;486.82;34.771;64.361;0;0.6634;586.62;0;586.62;486.82;64.361;34.771;0.6634;0.8299;0.0604;0;0.0011;585.78;0.8409;0;0;0.287;0.5539;571.5;13.1;10.321;1.3645;1.3895;0.0246;584.6;1.1716;0.9736;0.1287;0.069;0.0002;571.64;475.53;62.868;33.025;0.0847;336.16;291.11;73.011;0.0137;2.3913;34.398;0.1328;36.775;0;1;0;0;1.0175;0.9986;1;1;0.9917;0.1651;0.9776;0.9788;1;0.9596;0.7747;0.998;0.998;1;0.998;0.998;0.9742;0.9498;0.1277;1.7616;1.7942;0.0108;0.0026;0.0541;0.0121;0.0429;0.0066;0;0;0.088;0;1.5086;0;0;0;0;0;0;0;0;0;0;0;0;0.0345;0.0074;1.6232;1.6232;0;33.623;33.623;23.293;0.0408;1540.7;1053.6;1;0.0266;0.0266;0;0;0;0;0;0;1.5966;1.5086;0;17.554;20.327;16.314;18.892;98.361;98.361;14.079;12.973;12.057;1.1058;0.9159;0.0785;0.0651;0.8564;20.885;0.8204;0
21/07/21 13:00;30.852;23.657;51.846;56.11;33.89;90;33.89;502.9;109.2;393.7;10.64;5.5701;0;474.28;41.999;76.256;0;5.5536;598.09;0;598.09;474.28;76.256;41.999;5.5536;0.793;0.0795;0;0.0093;590.84;7.2414;0;0;2.2683;4.9731;580.07;9.5945;7.0868;1.1394;1.2811;0.0872;589.66;1.1817;0.9486;0.1525;0.0795;0.0012;581.67;466.24;74.964;38.37;0.4921;259.59;224.81;57.27;0.9699;1.8512;26.628;1.6015;27.509;0;1;0;0;1.1893;0.9879;1;1;0.946;0.1045;0.9837;0.985;1;0.9677;0.8495;0.998;0.998;1;0.998;0.998;0.9699;0.9136;0.0886;1.7961;1.8081;0.0109;0.0024;0.0588;0.0122;0.0431;0.0051;0;0;0.088;0;1.5186;0;0;0;0;0;0;0;0;0;0;0;0;0.0347;0.0075;1.6334;1.6334;0;34.294;34.294;23.654;0.0408;1553.4;1051.5;1;0.0268;0.0268;0;0;0;0;0;0;1.6066;1.5186;0;17.325;20.062;16.108;18.652;98.362;98.362;14.354;13.054;12.137;1.3;0.9171;0.0906;0.0639;0.8455;28.473;0.8183;0
21/07/21 14:00;24.557;37.875;45.886;36.659;53.341;90;53.341;155.01;150;5.0055;9.76;4.9201;0;8.3837;118.69;2.2848;0;4.0598;133.42;0;133.42;8.3837;2.2848;118.69;4.0598;0.0628;0.92;0;0.0304;116.99;16.432;0;0;12.622;3.8108;113.06;3.6913;0.0864;0.0235;3.5712;0.0102;116.75;0.234;0.0168;0.0046;0.2121;0.0005;114.74;8.2805;2.2566;102.29;0.2383;97.9;84.782;23.281;13.083;1.4154;20.361;1.6793;8.6926;0;1;0;0;0.8607;0.8768;1;1;0.8937;0.0613;0.9684;0.9897;1;0.9663;0.9588;0.998;0.998;1;0.998;0.998;0.8474;0.8618;0.0587;0.4007;0.3885;0.0023;0.0179;-0.015;0.0027;0.0095;0.004;0;0;0.088;0;0.2627;0;0;0;0;0;0;0;0;0;0;0;0;0.0077;0.0005;0.3589;0.3589;0;14.347;14.347;4.5873;0.0406;329.89;1087.8;1;0.0081;0.0081;0;0;0;0;0;0;0.3507;0.2627;0;17.063;19.758;12.492;14.466;97.733;97.733;3.2021;2.8681;2.0998;0.334;0.7683;0.1043;0.2399;0.6558;95.908;0.5885;0
21/07/21 15:00;16.047;49.822;47.902;20.629;38.071;90;38.071;268.6;86.901;181.7;10.73;2.9599;0;440.67;39.113;104.61;0;3.7145;588.11;0;588.11;440.67;104.61;39.113;3.7145;0.7493;0.0728;0;0.0063;582.18;5.9229;0;0;2.5336;3.3893;573.54;7.4769;5.0604;1.2012;1.1788;0.0365;581.02;1.1644;0.8813;0.2092;0.0732;0.0007;573.76;434.73;103.2;35.327;0.2881;28.513;24.693;6.4831;1.3456;0.2714;3.9033;0.2181;2.8291;0;1;0;0;2.1895;0.9899;1;1;0.9352;0.0876;0.9871;0.9885;1;0.9677;0.8875;0.998;0.998;1;0.998;0.998;0.9752;0.9032;0.0776;1.7661;1.7363;0.0105;0.0032;0.0555;0.0117;0.0414;0.0007;0;0;0.088;0;1.4594;0;0;0;0;0;0;0;0;0;0;0;0;0.0333;0.007;1.5731;1.5731;0;34.115;34.115;23.385;0.0408;1493.8;1053.1;1;0.0256;0.0256;0;0;0;0;0;0;1.5474;1.4594;0;16.968;19.648;15.742;18.229;98.371;98.371;14.115;12.572;11.664;1.5427;0.9081;0.1093;0.0643;0.8264;27.412;0.8223;0
21/07/21 16:00;6.0127;59.868;75.283;6.9437;10.106;90;10.106;62.999;58.198;4.8013;9.2601;2.7001;0;11.645;55.748;4.885;0;0.0635;72.341;0;72.341;11.645;4.885;55.748;0.0635;0.161;0.7715;0;0.0009;71.876;0.4651;0;0;0.412;0.053;66.32;5.412;2.2235;0.9328;2.2533;0.0024;71.732;0.1438;0.0233;0.0098;0.1107;0;66.33;9.3978;3.9425;52.972;0.0081;33.459;28.976;6.8506;0.0168;0.2661;3.8276;0.0101;4.0768;0;1;0;0;1.1483;0.9936;1;1;0.9926;0.1651;0.9246;0.8087;1;0.9592;0.7748;0.998;0.998;1;0.998;0.998;0.9168;0.9502;0.1276;0.2172;0.2078;0.0013;0.0153;-0.0099;0.0014;0.005;0.0007;0;0;0.088;0;0.0952;0;0;0;0;0;0;0;0;0;0;0;0;0.004;0.0002;0.1898;0.1898;0;11.961;11.961;2.7005;0.0407;176.15;1077.6;1;0.0066;0.0066;0;0;0;0;0;0;0.1832;0.0952;0;16.645;19.274;8.352;9.6714;96.539;96.539;1.7362;1.517;0.7612;0.2192;0.7558;0.1262;0.4353;0.4384;33.426;0.4217;0
21/07/21 17:00;0.407;64.498;89.013;0.451;0.6428;90;0.6428;0;0;0;6.9899;2.7001;0;0;0;0;0;0;0;0;0;0;0;0;0;1;1;1;1;0;0;0;0;0;0;0;0;0;0;0;0;0;0;0;0;0;0;0;0;0;0;0;0;0;0;0;0;0;0;0;0;0;0;0;1;1;1;1;1;1;1;1;1;1;1;1;1;1;1;1;1;1;1;0;0;0;0;0;0;0;0;0;0.0004;0.088;0;-0.0884;0;0;0;0;0;0;0;0;0;0;0;0;0;0;0;0;0;0;0;-6.9899;0;0;0;0;0.0004;0;0;0;0;0;0;0;-0.0004;-0.0884;0;0;0;0;0;0;0;0;0;-0.7063;0;0.7063;1;1;0;0;0;0
21/07/21 18:00;0;0;90;0;0;90;0;0;0;0;5.8299;2.7099;0;0;0;0;0;0;0;0;0;0;0;0;0;1;1;1;1;0;0;0;0;0;0;0;0;0;0;0;0;0;0;0;0;0;0;0;0;0;0;0;0;0;0;0;0;0;0;0;0;0;0;0;1;1;1;1;1;1;1;1;1;1;1;1;1;1;1;1;1;1;1;0;0;0;0;0;0;0;0;0;0.0004;0.088;0;-0.0884;0;0;0;0;0;0;0;0;0;0;0;0;0;0;0;0;0;0;0;-5.8299;0;0;0;0;0.0004;0;0;0;0;0;0;0;-0.0004;-0.0884;0;0;0;0;0;0;0;0;0;-0.7063;0;0.7063;1;1;0;0;0;0
21/07/21 19:00;0;0;90;0;0;90;0;0;0;0;2.8398;2.68;0;0;0;0;0;0;0;0;0;0;0;0;0;1;1;1;1;0;0;0;0;0;0;0;0;0;0;0;0;0;0;0;0;0;0;0;0;0;0;0;0;0;0;0;0;0;0;0;0;0;0;0;1;1;1;1;1;1;1;1;1;1;1;1;1;1;1;1;1;1;1;0;0;0;0;0;0;0;0;0;0.0004;0.088;0;-0.0884;0;0;0;0;0;0;0;0;0;0;0;0;0;0;0;0;0;0;0;-2.8398;0;0;0;0;0.0004;0;0;0;0;0;0;0;-0.0004;-0.0884;0;0;0;0;0;0;0;0;0;-0.7063;0;0.7063;1;1;0;0;0;0
21/07/21 20:00;0;0;90;0;0;90;0;0;0;0;1.82;2.6;0;0;0;0;0;0;0;0;0;0;0;0;0;1;1;1;1;0;0;0;0;0;0;0;0;0;0;0;0;0;0;0;0;0;0;0;0;0;0;0;0;0;0;0;0;0;0;0;0;0;0;0;1;1;1;1;1;1;1;1;1;1;1;1;1;1;1;1;1;1;1;0;0;0;0;0;0;0;0;0;0.0004;0.088;0;-0.0884;0;0;0;0;0;0;0;0;0;0;0;0;0;0;0;0;0;0;0;-1.82;0;0;0;0;0.0004;0;0;0;0;0;0;0;-0.0004;-0.0884;0;0;0;0;0;0;0;0;0;-0.7063;0;0.7063;1;1;0;0;0;0
21/07/21 21:00;0;0;90;0;0;90;0;0;0;0;0.9399;2.3899;0;0;0;0;0;0;0;0;0;0;0;0;0;1;1;1;1;0;0;0;0;0;0;0;0;0;0;0;0;0;0;0;0;0;0;0;0;0;0;0;0;0;0;0;0;0;0;0;0;0;0;0;1;1;1;1;1;1;1;1;1;1;1;1;1;1;1;1;1;1;1;0;0;0;0;0;0;0;0;0;0.0004;0.088;0;-0.0884;0;0;0;0;0;0;0;0;0;0;0;0;0;0;0;0;0;0;0;-0.9399;0;0;0;0;0.0004;0;0;0;0;0;0;0;-0.0004;-0.0884;0;0;0;0;0;0;0;0;0;-0.7063;0;0.7063;1;1;0;0;0;0
21/07/21 22:00;0;0;90;0;0;90;0;0;0;0;0.6999;2.02;0;0;0;0;0;0;0;0;0;0;0;0;0;1;1;1;1;0;0;0;0;0;0;0;0;0;0;0;0;0;0;0;0;0;0;0;0;0;0;0;0;0;0;0;0;0;0;0;0;0;0;0;1;1;1;1;1;1;1;1;1;1;1;1;1;1;1;1;1;1;1;0;0;0;0;0;0;0;0;0;0.0004;0.088;0;-0.0884;0;0;0;0;0;0;0;0;0;0;0;0;0;0;0;0;0;0;0;-0.6999;0;0;0;0;0.0004;0;0;0;0;0;0;0;-0.0004;-0.0884;0;0;0;0;0;0;0;0;0;-0.7063;0;0.7063;1;1;0;0;0;0
21/07/21 23:00;0;0;90;0;0;90;0;0;0;0;0.6201;1.5299;0;0;0;0;0;0;0;0;0;0;0;0;0;1;1;1;1;0;0;0;0;0;0;0;0;0;0;0;0;0;0;0;0;0;0;0;0;0;0;0;0;0;0;0;0;0;0;0;0;0;0;0;1;1;1;1;1;1;1;1;1;1;1;1;1;1;1;1;1;1;1;0;0;0;0;0;0;0;0;0;0.0004;0.088;0;-0.0884;0;0;0;0;0;0;0;0;0;0;0;0;0;0;0;0;0;0;0;-0.6201;0;0;0;0;0.0004;0;0;0;0;0;0;0;-0.0004;-0.0884;0;0;0;0;0;0;0;0;0;-0.7063;0;0.7063;1;1;0;0;0;0
22/07/21 00:00;0;0;90;0;0;90;0;0;0;0;1.2497;1.1101;0;0;0;0;0;0;0;0;0;0;0;0;0;1;1;1;1;0;0;0;0;0;0;0;0;0;0;0;0;0;0;0;0;0;0;0;0;0;0;0;0;0;0;0;0;0;0;0;0;0;0;0;1;1;1;1;1;1;1;1;1;1;1;1;1;1;1;1;1;1;1;0;0;0;0;0;0;0;0;0;0.0004;0.088;0;-0.0884;0;0;0;0;0;0;0;0;0;0;0;0;0;0;0;0;0;0;0;-1.2497;0;0;0;0;0.0004;0;0;0;0;0;0;0;-0.0004;-0.0884;0;0;0;0;0;0;0;0;0;-0.7063;0;0.7063;1;1;0;0;0;0
22/07/21 01:00;0;0;90;0;0;90;0;0;0;0;0.5497;1.3599;0;0;0;0;0;0;0;0;0;0;0;0;0;1;1;1;1;0;0;0;0;0;0;0;0;0;0;0;0;0;0;0;0;0;0;0;0;0;0;0;0;0;0;0;0;0;0;0;0;0;0;0;1;1;1;1;1;1;1;1;1;1;1;1;1;1;1;1;1;1;1;0;0;0;0;0;0;0;0;0;0.0004;0.088;0;-0.0884;0;0;0;0;0;0;0;0;0;0;0;0;0;0;0;0;0;0;0;-0.5497;0;0;0;0;0.0004;0;0;0;0;0;0;0;-0.0004;-0.0884;0;0;0;0;0;0;0;0;0;-0.7063;0;0.7063;1;1;0;0;0;0
22/07/21 02:00;0;0;90;0;0;90;0;0;0;0;-0.5399;1.9199;0;0;0;0;0;0;0;0;0;0;0;0;0;1;1;1;1;0;0;0;0;0;0;0;0;0;0;0;0;0;0;0;0;0;0;0;0;0;0;0;0;0;0;0;0;0;0;0;0;0;0;0;1;1;1;1;1;1;1;1;1;1;1;1;1;1;1;1;1;1;1;0;0;0;0;0;0;0;0;0;0.0004;0.088;0;-0.0884;0;0;0;0;0;0;0;0;0;0;0;0;0;0;0;0;0;0;0;0.5399;0;0;0;0;0.0004;0;0;0;0;0;0;0;-0.0004;-0.0884;0;0;0;0;0;0;0;0;0;-0.7063;0;0.7063;1;1;0;0;0;0
22/07/21 03:00;0;0;90;0;0;90;0;0;0;0;-1.0099;2.84;0;0;0;0;0;0;0;0;0;0;0;0;0;1;1;1;1;0;0;0;0;0;0;0;0;0;0;0;0;0;0;0;0;0;0;0;0;0;0;0;0;0;0;0;0;0;0;0;0;0;0;0;1;1;1;1;1;1;1;1;1;1;1;1;1;1;1;1;1;1;1;0;0;0;0;0;0;0;0;0;0.0004;0.088;0;-0.0884;0;0;0;0;0;0;0;0;0;0;0;0;0;0;0;0;0;0;0;1.0099;0;0;0;0;0.0004;0;0;0;0;0;0;0;-0.0004;-0.0884;0;0;0;0;0;0;0;0;0;-0.7063;0;0.7063;1;1;0;0;0;0
22/07/21 04:00;0;0;90;0;0;90;0;0;0;0;-1.5902;3.4;0;0;0;0;0;0;0;0;0;0;0;0;0;1;1;1;1;0;0;0;0;0;0;0;0;0;0;0;0;0;0;0;0;0;0;0;0;0;0;0;0;0;0;0;0;0;0;0;0;0;0;0;1;1;1;1;1;1;1;1;1;1;1;1;1;1;1;1;1;1;1;0;0;0;0;0;0;0;0;0;0.0004;0.088;0;-0.0884;0;0;0;0;0;0;0;0;0;0;0;0;0;0;0;0;0;0;0;1.5902;0;0;0;0;0.0004;0;0;0;0;0;0;0;-0.0004;-0.0884;0;0;0;0;0;0;0;0;0;-0.7063;0;0.7063;1;1;0;0;0;0
22/07/21 05:00;0;0;90;0;0;90;0;0;0;0;-1.2997;3.4101;0;0;0;0;0;0;0;0;0;0;0;0;0;1;1;1;1;0;0;0;0;0;0;0;0;0;0;0;0;0;0;0;0;0;0;0;0;0;0;0;0;0;0;0;0;0;0;0;0;0;0;0;1;1;1;1;1;1;1;1;1;1;1;1;1;1;1;1;1;1;1;0;0;0;0;0;0;0;0;0;0.0004;0.088;0;-0.0884;0;0;0;0;0;0;0;0;0;0;0;0;0;0;0;0;0;0;0;1.2997;0;0;0;0;0.0004;0;0;0;0;0;0;0;-0.0004;-0.0884;0;0;0;0;0;0;0;0;0;-0.7063;0;0.7063;1;1;0;0;0;0
22/07/21 06:00;0;0;90;0;0;90;0;0;0;0;-2.1001;3.4901;0;0;0;0;0;0;0;0;0;0;0;0;0;1;1;1;1;0;0;0;0;0;0;0;0;0;0;0;0;0;0;0;0;0;0;0;0;0;0;0;0;0;0;0;0;0;0;0;0;0;0;0;1;1;1;1;1;1;1;1;1;1;1;1;1;1;1;1;1;1;1;0;0;0;0;0;0;0;0;0;0.0004;0.088;0;-0.0884;0;0;0;0;0;0;0;0;0;0;0;0;0;0;0;0;0;0;0;2.1001;0;0;0;0;0.0004;0;0;0;0;0;0;0;-0.0004;-0.0884;0;0;0;0;0;0;0;0;0;-0.7063;0;0.7063;1;1;0;0;0;0
22/07/21 07:00;5.1489;-60.879;77.429;5.8891;8.5199;-90;-8.5199;70.793;12.299;58.494;-1.67;3.4201;0;141.86;6.2131;14.678;0;0.0508;162.81;0;162.81;141.86;14.678;6.2131;0.0508;0.8714;0.0385;0;0.0003;162.73;0.0768;0;0;0.0345;0.0424;124.45;37.951;34.157;3.534;0.2575;0.0019;162.4;0.3255;0.2837;0.0294;0.0124;0;124.45;107.42;11.114;5.9088;0.0065;4.028;3.4883;0.8615;0.001;0.0296;0.4254;0.0007;0.454;0;1;0;0;2.2997;0.9995;1;1;0.9945;0.1659;0.7663;0.7587;1;0.9582;0.7755;0.998;0.998;1;0.998;0.998;0.7644;0.951;0.1284;0.4889;0.3757;0.0023;0.0178;-0.0292;0.0027;0.0096;0.0001;0;0;0.088;0;0.2677;0;0;0;0;0;0;0;0;0;0;0;0;0.0077;0.0005;0.3644;0.3644;0;3.3278;3.3278;4.9978;0.0402;319.81;1139.4;1;0.0087;0.0087;0;0;0;0;0;0;0.3557;0.2677;0;14.198;16.441;10.43;12.078;97.611;97.611;3.9073;2.9122;2.1394;0.9951;0.7729;0.2547;0.1978;0.5475;3.7118;0.5465;0
22/07/21 08:00;14.995;-51.327;51.134;18.936;32.974;-90;-32.974;252.99;41.801;211.19;-0.0001;3.7401;0;512.2;14.751;62.471;0;2.6489;592.07;0;592.07;512.2;62.471;14.751;2.6489;0.8651;0.0294;0;0.0045;588.95;3.1173;0;0;0.7617;2.3557;579.24;8.5345;7.1635;0.8737;0.4516;0.0457;587.77;1.1779;1.0244;0.1249;0.028;0.0006;579.32;504.01;61.472;13.509;0.247;11.092;9.6059;2.184;0.3102;0.1137;1.6352;0.0802;1.4386;0;1;0;0;2.3403;0.9947;1;1;0.9484;0.1107;0.9855;0.986;1;0.9677;0.844;0.998;0.998;1;0.998;0.998;0.9783;0.9158;0.0932;1.778;1.7483;0.0105;0.0031;-0.0097;0.0122;0.0433;0.0003;0;0;0.088;0;1.5308;0;0;0;0;0;0;0;0;0;0;0;0;0.0349;0.007;1.6466;1.6466;0;23.408;23.408;23.408;0.0404;1501.2;1096.8;1;0.0278;0.0278;0;0;0;0;0;0;1.6188;1.5308;0;17.642;20.429;16.401;18.992;98.309;98.309;14.21;13.16;12.234;1.05;0.9258;0.0739;0.0652;0.861;9.9313;0.8592;0
22/07/21 09:00;23.753;-39.628;44.826;34.604;55.396;-90;-55.396;375.49;68.003;307.49;3.1403;3.85;0;541.45;22.587;69.01;0;10.546;643.59;0;643.59;541.45;69.01;22.587;10.546;0.8413;0.0515;0;0.0164;631.18;12.414;0;0;2.5321;9.8816;623.29;6.6269;5.2453;0.6685;0.6838;0.0293;629.91;1.2624;1.0829;0.138;0.0401;0.0013;625.4;535.12;68.203;19.331;0.6339;114.88;99.482;24.436;2.8462;1.0353;14.892;2.1114;13.081;0;1;0;0;1.714;0.9807;1;1;0.8879;0.063;0.9895;0.9903;1;0.9658;0.9559;0.998;0.998;1;0.998;0.998;0.9685;0.8558;0.0601;1.9327;1.915;0.0115;0.0013;0.0228;0.0132;0.0467;0.0029;0;0;0.088;0;1.6529;0;0;0;0;0;0;0;0;0;0;0;0;0.0376;0.0083;1.7707;1.7707;0;28.427;28.427;25.287;0.0406;1645.1;1076.4;1;0.0299;0.0299;0;0;0;0;0;0;1.7409;1.6529;0;17.454;20.211;16.292;18.865;98.312;98.312;15.446;14.152;13.21;1.2943;0.9421;0.0838;0.061;0.8552;18.663;0.8406;0
22/07/21 10:00;30.39;-25.668;51.031;53.551;36.449;-90;-36.449;492.51;86.502;406;7.43;4.25;0;504.74;30.757;65.156;0;6.2623;606.92;0;606.92;504.74;65.156;30.757;6.2623;0.8316;0.061;0;0.0103;599.4;7.5186;0;0;1.8588;5.6598;589.29;8.9041;6.9944;0.9029;0.9306;0.0761;598.2;1.1988;1.0095;0.1303;0.0578;0.0012;591.05;496.74;64.123;27.91;0.5251;245.86;212.91;54.868;0.9123;1.712;24.627;1.7579;25.427;0;1;0;0;1.2323;0.9876;1;1;0.9396;0.0962;0.9851;0.9861;1;0.9677;0.8734;0.998;0.998;1;0.998;0.998;0.971;0.9074;0.0839;1.8226;1.8321;0.011;0.0021;0.041;0.0124;0.0441;0.0048;0;0;0.088;0;1.5576;0;0;0;0;0;0;0;0;0;0;0;0;0.0355;0.0077;1.6734;1.6734;0;31.401;31.401;23.971;0.0407;1573.7;1063.4;1;0.0278;0.0278;0;0;0;0;0;0;1.6456;1.5576;0;17.491;20.254;16.281;18.853;98.342;98.342;14.566;13.374;12.449;1.1922;0.9251;0.0818;0.0635;0.8546;21.272;0.8294;0
22/07/21 11:00;34.123;-9.5981;54.711;76.177;13.823;-90;-13.823;586.1;96.699;489.4;9.7201;4.3199;0;503.99;32.534;65.587;0;1.1034;603.22;0;603.22;503.99;65.587;32.534;1.1034;0.8355;0.0558;0;0.0018;601.89;1.3257;0;0;0.4058;0.9199;587.91;12.776;10.178;1.3245;1.2326;0.0411;600.69;1.2038;1.008;0.1312;0.0643;0.0004;588.16;492.81;64.131;30.831;0.142;339.1;293.66;73.161;0.0317;2.4452;35.173;0.2512;37.587;0;1;0;0;1.0292;0.9978;1;1;0.9875;0.1663;0.9787;0.9798;1;0.9616;0.7755;0.998;0.998;1;0.998;0.998;0.9746;0.9477;0.1287;1.8115;1.8456;0.0111;0.002;0.056;0.0124;0.0441;0.0068;0;0;0.088;0;1.5544;0;0;0;0;0;0;0;0;0;0;0;0;0.0355;0.0078;1.6699;1.6699;0;33.681;33.681;23.961;0.0408;1584.8;1053.7;1;0.0275;0.0275;0;0;0;0;0;0;1.6424;1.5544;0;17.561;20.336;16.347;18.929;98.353;98.353;14.477;13.346;12.423;1.1312;0.9231;0.0781;0.0638;0.8581;19.718;0.8222;0
22/07/21 12:00;34.354;7.4457;54.945;79.265;10.735;90;10.735;567.69;102.6;465.1;10.19;4.25;0;473.38;38.423;64.974;0;0.6457;577.42;0;577.42;473.38;64.974;38.423;0.6457;0.8198;0.0677;0;0.0011;576.57;0.8533;0;0;0.3141;0.5391;562.69;12.724;9.8154;1.3472;1.537;0.024;575.42;1.1531;0.9468;0.1299;0.0762;0.0002;562.82;462.62;63.497;36.496;0.0824;331.12;286.75;71.882;0.0148;2.3578;33.916;0.1288;36.259;0;1;0;0;1.0171;0.9985;1;1;0.9918;0.1651;0.9779;0.9792;1;0.9596;0.7747;0.998;0.998;1;0.998;0.998;0.9745;0.9498;0.1277;1.734;1.7667;0.0106;0.0029;0.0502;0.0119;0.0423;0.0065;0;0;0.088;0;1.4868;0;0;0;0;0;0;0;0;0;0;0;0;0.034;0.0072;1.601;1.601;0;33.116;33.116;22.926;0.0407;1516.9;1055.4;1;0.0262;0.0262;0;0;0;0;0;0;1.5748;1.4868;0;17.589;20.367;16.334;18.915;98.363;98.363;13.858;12.795;11.883;1.0629;0.9127;0.0767;0.0659;0.8574;23.075;0.8213;0
22/07/21 13:00;31.043;23.723;51.664;56.239;33.761;90;33.761;562.6;92.901;469.7;10.39;4.2901;0;564.97;26.574;76.837;0;6.1667;674.55;0;674.55;564.97;76.837;26.574;6.1667;0.8376;0.0485;0;0.0091;667.6;6.9454;0;0;1.4266;5.5188;655.93;10.334;8.2967;1.1284;0.811;0.098;666.27;1.3352;1.1299;0.1537;0.0503;0.0013;657.69;555.54;75.555;24.286;0.5486;288.24;249.62;63.603;0.6064;2.0241;29.116;1.7627;30.534;0;1;0;0;1.199;0.9897;1;1;0.9463;0.1051;0.9845;0.9853;1;0.9677;0.8484;0.998;0.998;1;0.998;0.998;0.9724;0.9139;0.089;2.0257;2.0423;0.0123;0.0001;0.087;0.0136;0.0482;0.0055;0;0;0.088;0;1.709;0;0;0;0;0;0;0;0;0;0;0;0;0.0388;0.0094;1.8273;1.8273;0;37.192;37.192;26.802;0.0409;1754.6;1041.5;1;0.0303;0.0303;0;0;0;0;0;0;1.797;1.709;0;17.185;19.9;16.072;18.611;98.341;98.341;16.189;14.604;13.658;1.5851;0.9456;0.0979;0.0584;0.8437;17.998;0.8173;0
22/07/21 14:00;24.732;37.98;45.719;36.816;53.184;90;53.184;373.5;135.5;238;10.8;4.1;0;397.17;61.819;97.106;0;9.7293;565.82;0;565.82;397.17;97.106;61.819;9.7293;0.7019;0.1264;0;0.0172;550.14;15.678;0;0;6.5458;9.1318;542.11;6.9297;4.0547;0.9914;1.8593;0.0245;549.04;1.1003;0.7943;0.1942;0.1105;0.0012;544.47;392.32;95.92;53.303;0.5718;143.26;124.06;31.322;6.7463;1.4438;20.768;2.3577;15.466;0;1;0;0;1.5149;0.9723;1;1;0.8941;0.0614;0.9874;0.9898;1;0.9663;0.959;0.998;0.998;1;0.998;0.998;0.9581;0.8622;0.0588;1.6992;1.6837;0.0101;0.0039;0.0466;0.0114;0.0403;0.004;0;0;0.088;0;1.4156;0;0;0;0;0;0;0;0;0;0;0;0;0.0324;0.0066;1.5284;1.5284;0;32.886;32.886;22.086;0.0407;1446.7;1056.5;1;0.0248;0.0248;0;0;0;0;0;0;1.5036;1.4156;0;17.136;19.843;15.871;18.378;98.376;98.376;13.58;12.215;11.313;1.3646;0.9016;0.1005;0.0664;0.8331;49.87;0.8108;0
22/07/21 15:00;16.204;49.95;47.407;20.788;38.614;90;38.614;246.51;110.5;136;11.2;2.58;0;329.85;62.209;98.607;0;3.5031;494.17;0;494.17;329.85;98.607;62.209;3.5031;0.6675;0.133;0;0.0071;486.85;7.3227;0;0;4.119;3.2037;479.17;6.7012;3.6925;1.1038;1.873;0.0319;485.87;0.9737;0.6597;0.1972;0.1162;0.0006;479.55;325.5;97.306;56.101;0.2669;44.662;38.677;9.8931;2.2459;0.451;6.488;0.3817;4.693;0;1;0;0;2.0047;0.9852;1;1;0.9338;0.0855;0.9862;0.9888;1;0.9677;0.8931;0.998;0.998;1;0.998;0.998;0.9697;0.9018;0.0762;1.484;1.458;0.0088;0.0069;0.0292;0.0099;0.0351;0.0013;0;0;0.088;0;1.2242;0;0;0;0;0;0;0;0;0;0;0;0;0.0283;0.005;1.3336;1.3336;0;30.697;30.697;19.497;0.0407;1253;1064.3;1;0.0214;0.0214;0;0;0;0;0;0;1.3122;1.2242;0;17.12;19.824;15.715;18.197;98.392;98.392;11.86;10.658;9.7835;1.2018;0.8747;0.1013;0.0738;0.8249;43.796;0.8169;0
22/07/21 16:00;6.1532;60.01;74.932;7.0953;10.337;90;10.337;29.595;29.202;0.3927;9.52;2.81;0;0.9525;28.885;0.1959;0;0.0312;30.065;0;30.065;0.9525;0.1959;28.885;0.0312;0.0317;0.9618;0;0.001;29.817;0.2478;0;0;0.2217;0.0261;28.382;1.3755;0.1752;0.036;1.1631;0.0012;29.757;0.0596;0.0019;0.0004;0.0573;0;28.387;0.7754;0.1595;27.443;0.004;17.332;15.009;3.5477;0.0095;0.1379;1.9842;0.0056;2.1126;0;1;0;0;1.0159;0.9918;1;1;0.9923;0.1651;0.9538;0.8157;1;0.9593;0.7747;0.998;0.998;1;0.998;0.998;0.944;0.9501;0.1276;0.0903;0.0897;0.0005;0.0107;-0.0047;0.0006;0.0021;0.0004;0;0;0.088;0;-0.0137;0;0;0;0;0;0;0;0;0;0;0;0;0.0017;0.0001;0.0784;0.0784;0;10.687;10.687;1.167;0.0411;74.921;1047;1;0.0041;0.0041;0;0;0;0;0;0;0.0743;-0.0137;0;16.552;19.167;-2.8838;-3.3394;94.757;94.757;0.7216;0.6269;-0.1092;0.0946;0.7362;0.1311;1.0203;0;17.329;0;0
22/07/21 17:00;0.3551;64.791;89.139;0.3925;0.5595;90;0.5595;0;0;0;5.3599;3;0;0;0;0;0;0;0;0;0;0;0;0;0;1;1;1;1;0;0;0;0;0;0;0;0;0;0;0;0;0;0;0;0;0;0;0;0;0;0;0;0;0;0;0;0;0;0;0;0;0;0;0;1;1;1;1;1;1;1;1;1;1;1;1;1;1;1;1;1;1;1;0;0;0;0;0;0;0;0;0;0.0004;0.088;0;-0.0884;0;0;0;0;0;0;0;0;0;0;0;0;0;0;0;0;0;0;0;-5.3599;0;0;0;0;0.0004;0;0;0;0;0;0;0;-0.0004;-0.0884;0;0;0;0;0;0;0;0;0;-0.7063;0;0.7063;1;1;0;0;0;0
22/07/21 18:00;0;0;90;0;0;90;0;0;0;0;4.6799;3.0299;0;0;0;0;0;0;0;0;0;0;0;0;0;1;1;1;1;0;0;0;0;0;0;0;0;0;0;0;0;0;0;0;0;0;0;0;0;0;0;0;0;0;0;0;0;0;0;0;0;0;0;0;1;1;1;1;1;1;1;1;1;1;1;1;1;1;1;1;1;1;1;0;0;0;0;0;0;0;0;0;0.0004;0.088;0;-0.0884;0;0;0;0;0;0;0;0;0;0;0;0;0;0;0;0;0;0;0;-4.6799;0;0;0;0;0.0004;0;0;0;0;0;0;0;-0.0004;-0.0884;0;0;0;0;0;0;0;0;0;-0.7063;0;0.7063;1;1;0;0;0;0
22/07/21 19:00;0;0;90;0;0;90;0;0;0;0;5.0501;3.0901;0;0;0;0;0;0;0;0;0;0;0;0;0;1;1;1;1;0;0;0;0;0;0;0;0;0;0;0;0;0;0;0;0;0;0;0;0;0;0;0;0;0;0;0;0;0;0;0;0;0;0;0;1;1;1;1;1;1;1;1;1;1;1;1;1;1;1;1;1;1;1;0;0;0;0;0;0;0;0;0;0.0004;0.088;0;-0.0884;0;0;0;0;0;0;0;0;0;0;0;0;0;0;0;0;0;0;0;-5.0501;0;0;0;0;0.0004;0;0;0;0;0;0;0;-0.0004;-0.0884;0;0;0;0;0;0;0;0;0;-0.7063;0;0.7063;1;1;0;0;0;0
22/07/21 20:00;0;0;90;0;0;90;0;0;0;0;4.7603;3.05;0;0;0;0;0;0;0;0;0;0;0;0;0;1;1;1;1;0;0;0;0;0;0;0;0;0;0;0;0;0;0;0;0;0;0;0;0;0;0;0;0;0;0;0;0;0;0;0;0;0;0;0;1;1;1;1;1;1;1;1;1;1;1;1;1;1;1;1;1;1;1;0;0;0;0;0;0;0;0;0;0.0004;0.088;0;-0.0884;0;0;0;0;0;0;0;0;0;0;0;0;0;0;0;0;0;0;0;-4.7603;0;0;0;0;0.0004;0;0;0;0;0;0;0;-0.0004;-0.0884;0;0;0;0;0;0;0;0;0;-0.7063;0;0.7063;1;1;0;0;0;0
22/07/21 21:00;0;0;90;0;0;90;0;0;0;0;6.5798;3.05;0;0;0;0;0;0;0;0;0;0;0;0;0;1;1;1;1;0;0;0;0;0;0;0;0;0;0;0;0;0;0;0;0;0;0;0;0;0;0;0;0;0;0;0;0;0;0;0;0;0;0;0;1;1;1;1;1;1;1;1;1;1;1;1;1;1;1;1;1;1;1;0;0;0;0;0;0;0;0;0;0.0004;0.088;0;-0.0884;0;0;0;0;0;0;0;0;0;0;0;0;0;0;0;0;0;0;0;-6.5798;0;0;0;0;0.0004;0;0;0;0;0;0;0;-0.0004;-0.0884;0;0;0;0;0;0;0;0;0;-0.7063;0;0.7063;1;1;0;0;0;0
22/07/21 22:00;0;0;90;0;0;90;0;0;0;0;5.9802;3.06;0;0;0;0;0;0;0;0;0;0;0;0;0;1;1;1;1;0;0;0;0;0;0;0;0;0;0;0;0;0;0;0;0;0;0;0;0;0;0;0;0;0;0;0;0;0;0;0;0;0;0;0;1;1;1;1;1;1;1;1;1;1;1;1;1;1;1;1;1;1;1;0;0;0;0;0;0;0;0;0;0.0004;0.088;0;-0.0884;0;0;0;0;0;0;0;0;0;0;0;0;0;0;0;0;0;0;0;-5.9802;0;0;0;0;0.0004;0;0;0;0;0;0;0;-0.0004;-0.0884;0;0;0;0;0;0;0;0;0;-0.7063;0;0.7063;1;1;0;0;0;0
22/07/21 23:00;0;0;90;0;0;90;0;0;0;0;7.4001;3.13;0;0;0;0;0;0;0;0;0;0;0;0;0;1;1;1;1;0;0;0;0;0;0;0;0;0;0;0;0;0;0;0;0;0;0;0;0;0;0;0;0;0;0;0;0;0;0;0;0;0;0;0;1;1;1;1;1;1;1;1;1;1;1;1;1;1;1;1;1;1;1;0;0;0;0;0;0;0;0;0;0.0004;0.088;0;-0.0884;0;0;0;0;0;0;0;0;0;0;0;0;0;0;0;0;0;0;0;-7.4001;0;0;0;0;0.0004;0;0;0;0;0;0;0;-0.0004;-0.0884;0;0;0;0;0;0;0;0;0;-0.7063;0;0.7063;1;1;0;0;0;0
23/07/21 00:00;0;0;90;0;0;90;0;0;0;0;7.4599;3.23;0;0;0;0;0;0;0;0;0;0;0;0;0;1;1;1;1;0;0;0;0;0;0;0;0;0;0;0;0;0;0;0;0;0;0;0;0;0;0;0;0;0;0;0;0;0;0;0;0;0;0;0;1;1;1;1;1;1;1;1;1;1;1;1;1;1;1;1;1;1;1;0;0;0;0;0;0;0;0;0;0.0004;0.088;0;-0.0884;0;0;0;0;0;0;0;0;0;0;0;0;0;0;0;0;0;0;0;-7.4599;0;0;0;0;0.0004;0;0;0;0;0;0;0;-0.0004;-0.0884;0;0;0;0;0;0;0;0;0;-0.7063;0;0.7063;1;1;0;0;0;0
23/07/21 01:00;0;0;90;0;0;90;0;0;0;0;6.05;3.79;0;0;0;0;0;0;0;0;0;0;0;0;0;1;1;1;1;0;0;0;0;0;0;0;0;0;0;0;0;0;0;0;0;0;0;0;0;0;0;0;0;0;0;0;0;0;0;0;0;0;0;0;1;1;1;1;1;1;1;1;1;1;1;1;1;1;1;1;1;1;1;0;0;0;0;0;0;0;0;0;0.0004;0.088;0;-0.0884;0;0;0;0;0;0;0;0;0;0;0;0;0;0;0;0;0;0;0;-6.05;0;0;0;0;0.0004;0;0;0;0;0;0;0;-0.0004;-0.0884;0;0;0;0;0;0;0;0;0;-0.7063;0;0.7063;1;1;0;0;0;0
23/07/21 02:00;0;0;90;0;0;90;0;0;0;0;6.4003;4.2399;0;0;0;0;0;0;0;0;0;0;0;0;0;1;1;1;1;0;0;0;0;0;0;0;0;0;0;0;0;0;0;0;0;0;0;0;0;0;0;0;0;0;0;0;0;0;0;0;0;0;0;0;1;1;1;1;1;1;1;1;1;1;1;1;1;1;1;1;1;1;1;0;0;0;0;0;0;0;0;0;0.0004;0.088;0;-0.0884;0;0;0;0;0;0;0;0;0;0;0;0;0;0;0;0;0;0;0;-6.4003;0;0;0;0;0.0004;0;0;0;0;0;0;0;-0.0004;-0.0884;0;0;0;0;0;0;0;0;0;-0.7063;0;0.7063;1;1;0;0;0;0
23/07/21 03:00;0;0;90;0;0;90;0;0;0;0;6.0998;4.4501;0;0;0;0;0;0;0;0;0;0;0;0;0;1;1;1;1;0;0;0;0;0;0;0;0;0;0;0;0;0;0;0;0;0;0;0;0;0;0;0;0;0;0;0;0;0;0;0;0;0;0;0;1;1;1;1;1;1;1;1;1;1;1;1;1;1;1;1;1;1;1;0;0;0;0;0;0;0;0;0;0.0004;0.088;0;-0.0884;0;0;0;0;0;0;0;0;0;0;0;0;0;0;0;0;0;0;0;-6.0998;0;0;0;0;0.0004;0;0;0;0;0;0;0;-0.0004;-0.0884;0;0;0;0;0;0;0;0;0;-0.7063;0;0.7063;1;1;0;0;0;0
23/07/21 04:00;0;0;90;0;0;90;0;0;0;0;6.2002;4.51;0;0;0;0;0;0;0;0;0;0;0;0;0;1;1;1;1;0;0;0;0;0;0;0;0;0;0;0;0;0;0;0;0;0;0;0;0;0;0;0;0;0;0;0;0;0;0;0;0;0;0;0;1;1;1;1;1;1;1;1;1;1;1;1;1;1;1;1;1;1;1;0;0;0;0;0;0;0;0;0;0.0004;0.088;0;-0.0884;0;0;0;0;0;0;0;0;0;0;0;0;0;0;0;0;0;0;0;-6.2002;0;0;0;0;0.0004;0;0;0;0;0;0;0;-0.0004;-0.0884;0;0;0;0;0;0;0;0;0;-0.7063;0;0.7063;1;1;0;0;0;0
23/07/21 05:00;0;0;90;0;0;90;0;0;0;0;6.5;4.5301;0;0;0;0;0;0;0;0;0;0;0;0;0;1;1;1;1;0;0;0;0;0;0;0;0;0;0;0;0;0;0;0;0;0;0;0;0;0;0;0;0;0;0;0;0;0;0;0;0;0;0;0;1;1;1;1;1;1;1;1;1;1;1;1;1;1;1;1;1;1;1;0;0;0;0;0;0;0;0;0;0.0004;0.088;0;-0.0884;0;0;0;0;0;0;0;0;0;0;0;0;0;0;0;0;0;0;0;-6.5;0;0;0;0;0.0004;0;0;0;0;0;0;0;-0.0004;-0.0884;0;0;0;0;0;0;0;0;0;-0.7063;0;0.7063;1;1;0;0;0;0
23/07/21 06:00;0;0;90;0;0;90;0;0;0;0;6.5798;4.8699;0;0;0;0;0;0;0;0;0;0;0;0;0;1;1;1;1;0;0;0;0;0;0;0;0;0;0;0;0;0;0;0;0;0;0;0;0;0;0;0;0;0;0;0;0;0;0;0;0;0;0;0;1;1;1;1;1;1;1;1;1;1;1;1;1;1;1;1;1;1;1;0;0;0;0;0;0;0;0;0;0.0004;0.088;0;-0.0884;0;0;0;0;0;0;0;0;0;0;0;0;0;0;0;0;0;0;0;-6.5798;0;0;0;0;0.0004;0;0;0;0;0;0;0;-0.0004;-0.0884;0;0;0;0;0;0;0;0;0;-0.7063;0;0.7063;1;1;0;0;0;0
23/07/21 07:00;5.2731;-61.042;77.121;6.0213;8.7172;-90;-8.7172;0;0;0;6.5;5.47;0;0;0;0;0;0;0;0;0;0;0;0;0;1;1;1;1;0;0;0;0;0;0;0;0;0;0;0;0;0;0;0;0;0;0;0;0;0;0;0;0;0;0;0;0;0;0;0;0;0;0;0;1;1;1;1;1;1;1;1;1;1;1;1;1;1;1;1;1;1;1;0;0;0;0;0;0;0;0;0;0.0004;0.088;0;-0.0884;0;0;0;0;0;0;0;0;0;0;0;0;0;0;0;0;0;0;0;-6.5;0;0;0;0;0.0004;0;0;0;0;0;0;0;-0.0004;-0.0884;0;0;0;0;0;0;0;0;0;-0.7063;0;0.7063;1;1;0;0;0;0
23/07/21 08:00;15.137;-51.48;50.705;19.073;33.349;-90;-33.349;0;0;0;6.5;5.44;0;0;0;0;0;0;0;0;0;0;0;0;0;1;1;1;1;0;0;0;0;0;0;0;0;0;0;0;0;0;0;0;0;0;0;0;0;0;0;0;0;0;0;0;0;0;0;0;0;0;0;0;1;1;1;1;1;1;1;1;1;1;1;1;1;1;1;1;1;1;1;0;0;0;0;0;0;0;0;0;0.0004;0.088;0;-0.0884;0;0;0;0;0;0;0;0;0;0;0;0;0;0;0;0;0;0;0;-6.5;0;0;0;0;0.0004;0;0;0;0;0;0;0;-0.0004;-0.0884;0;0;0;0;0;0;0;0;0;-0.7063;0;0.7063;1;1;0;0;0;0
23/07/21 09:00;23.916;-39.763;44.644;34.736;55.264;-90;-55.264;0;0;0;6.5;5.53;0;0;0;0;0;0;0;0;0;0;0;0;0;1;1;1;1;0;0;0;0;0;0;0;0;0;0;0;0;0;0;0;0;0;0;0;0;0;0;0;0;0;0;0;0;0;0;0;0;0;0;0;1;1;1;1;1;1;1;1;1;1;1;1;1;1;1;1;1;1;1;0;0;0;0;0;0;0;0;0;0.0004;0.088;0;-0.0884;0;0;0;0;0;0;0;0;0;0;0;0;0;0;0;0;0;0;0;-6.5;0;0;0;0;0.0004;0;0;0;0;0;0;0;-0.0004;-0.0884;0;0;0;0;0;0;0;0;0;-0.7063;0;0.7063;1;1;0;0;0;0
23/07/21 10:00;30.575;-25.769;50.836;53.652;36.348;-90;-36.348;0;0;0;6.5;5.28;0;0;0;0;0;0;0;0;0;0;0;0;0;1;1;1;1;0;0;0;0;0;0;0;0;0;0;0;0;0;0;0;0;0;0;0;0;0;0;0;0;0;0;0;0;0;0;0;0;0;0;0;1;1;1;1;1;1;1;1;1;1;1;1;1;1;1;1;1;1;1;0;0;0;0;0;0;0;0;0;0.0004;0.088;0;-0.0884;0;0;0;0;0;0;0;0;0;0;0;0;0;0;0;0;0;0;0;-6.5;0;0;0;0;0.0004;0;0;0;0;0;0;0;-0.0004;-0.0884;0;0;0;0;0;0;0;0;0;-0.7063;0;0.7063;1;1;0;0;0;0
23/07/21 11:00;34.323;-9.6475;54.507;76.209;13.791;-90;-13.791;0;0;0;6.5;4.99;0;0;0;0;0;0;0;0;0;0;0;0;0;1;1;1;1;0;0;0;0;0;0;0;0;0;0;0;0;0;0;0;0;0;0;0;0;0;0;0;0;0;0;0;0;0;0;0;0;0;0;0;1;1;1;1;1;1;1;1;1;1;1;1;1;1;1;1;1;1;1;0;0;0;0;0;0;0;0;0;0.0004;0.088;0;-0.0884;0;0;0;0;0;0;0;0;0;0;0;0;0;0;0;0;0;0;0;-6.5;0;0;0;0;0.0004;0;0;0;0;0;0;0;-0.0004;-0.0884;0;0;0;0;0;0;0;0;0;-0.7063;0;0.7063;1;1;0;0;0;0
23/07/21 12:00;34.559;7.4603;54.743;79.325;10.675;90;10.675;0;0;0;6.5;4.6001;0;0;0;0;0;0;0;0;0;0;0;0;0;1;1;1;1;0;0;0;0;0;0;0;0;0;0;0;0;0;0;0;0;0;0;0;0;0;0;0;0;0;0;0;0;0;0;0;0;0;0;0;1;1;1;1;1;1;1;1;1;1;1;1;1;1;1;1;1;1;1;0;0;0;0;0;0;0;0;0;0.0004;0.088;0;-0.0884;0;0;0;0;0;0;0;0;0;0;0;0;0;0;0;0;0;0;0;-6.5;0;0;0;0;0.0004;0;0;0;0;0;0;0;-0.0004;-0.0884;0;0;0;0;0;0;0;0;0;-0.7063;0;0.7063;1;1;0;0;0;0
23/07/21 13:00;31.238;23.795;51.475;56.368;33.632;90;33.632;0;0;0;6.5;3.86;0;0;0;0;0;0;0;0;0;0;0;0;0;1;1;1;1;0;0;0;0;0;0;0;0;0;0;0;0;0;0;0;0;0;0;0;0;0;0;0;0;0;0;0;0;0;0;0;0;0;0;0;1;1;1;1;1;1;1;1;1;1;1;1;1;1;1;1;1;1;1;0;0;0;0;0;0;0;0;0;0.0004;0.088;0;-0.0884;0;0;0;0;0;0;0;0;0;0;0;0;0;0;0;0;0;0;0;-6.5;0;0;0;0;0.0004;0;0;0;0;0;0;0;-0.0004;-0.0884;0;0;0;0;0;0;0;0;0;-0.7063;0;0.7063;1;1;0;0;0;0
23/07/21 14:00;24.911;38.09;45.546;36.973;53.027;90;53.027;0;0;0;6.5;3.15;0;0;0;0;0;0;0;0;0;0;0;0;0;1;1;1;1;0;0;0;0;0;0;0;0;0;0;0;0;0;0;0;0;0;0;0;0;0;0;0;0;0;0;0;0;0;0;0;0;0;0;0;1;1;1;1;1;1;1;1;1;1;1;1;1;1;1;1;1;1;1;0;0;0;0;0;0;0;0;0;0.0004;0.088;0;-0.0884;0;0;0;0;0;0;0;0;0;0;0;0;0;0;0;0;0;0;0;-6.5;0;0;0;0;0.0004;0;0;0;0;0;0;0;-0.0004;-0.0884;0;0;0;0;0;0;0;0;0;-0.7063;0;0.7063;1;1;0;0;0;0
23/07/21 15:00;16.363;50.084;46.9;20.948;39.175;90;39.175;0;0;0;6.5;2.7099;0;0;0;0;0;0;0;0;0;0;0;0;0;1;1;1;1;0;0;0;0;0;0;0;0;0;0;0;0;0;0;0;0;0;0;0;0;0;0;0;0;0;0;0;0;0;0;0;0;0;0;0;1;1;1;1;1;1;1;1;1;1;1;1;1;1;1;1;1;1;1;0;0;0;0;0;0;0;0;0;0.0004;0.088;0;-0.0884;0;0;0;0;0;0;0;0;0;0;0;0;0;0;0;0;0;0;0;-6.5;0;0;0;0;0.0004;0;0;0;0;0;0;0;-0.0004;-0.0884;0;0;0;0;0;0;0;0;0;-0.7063;0;0.7063;1;1;0;0;0;0
23/07/21 16:00;6.2958;60.158;74.576;7.2487;10.57;90;10.57;0;0;0;6.5;2.5;0;0;0;0;0;0;0;0;0;0;0;0;0;1;1;1;1;0;0;0;0;0;0;0;0;0;0;0;0;0;0;0;0;0;0;0;0;0;0;0;0;0;0;0;0;0;0;0;0;0;0;0;1;1;1;1;1;1;1;1;1;1;1;1;1;1;1;1;1;1;1;0;0;0;0;0;0;0;0;0;0.0004;0.088;0;-0.0884;0;0;0;0;0;0;0;0;0;0;0;0;0;0;0;0;0;0;0;-6.5;0;0;0;0;0.0004;0;0;0;0;0;0;0;-0.0004;-0.0884;0;0;0;0;0;0;0;0;0;-0.7063;0;0.7063;1;1;0;0;0;0
23/07/21 17:00;0.4898;64.945;88.812;0.5406;0.7706;90;0.7706;0;0;0;6.5;2.58;0;0;0;0;0;0;0;0;0;0;0;0;0;1;1;1;1;0;0;0;0;0;0;0;0;0;0;0;0;0;0;0;0;0;0;0;0;0;0;0;0;0;0;0;0;0;0;0;0;0;0;0;1;1;1;1;1;1;1;1;1;1;1;1;1;1;1;1;1;1;1;0;0;0;0;0;0;0;0;0;0.0004;0.088;0;-0.0884;0;0;0;0;0;0;0;0;0;0;0;0;0;0;0;0;0;0;0;-6.5;0;0;0;0;0.0004;0;0;0;0;0;0;0;-0.0004;-0.0884;0;0;0;0;0;0;0;0;0;-0.7063;0;0.7063;1;1;0;0;0;0
23/07/21 18:00;0;0;90;0;0;90;0;0;0;0;8.3002;2.4601;0;0;0;0;0;0;0;0;0;0;0;0;0;1;1;1;1;0;0;0;0;0;0;0;0;0;0;0;0;0;0;0;0;0;0;0;0;0;0;0;0;0;0;0;0;0;0;0;0;0;0;0;1;1;1;1;1;1;1;1;1;1;1;1;1;1;1;1;1;1;1;0;0;0;0;0;0;0;0;0;0.0004;0.088;0;-0.0884;0;0;0;0;0;0;0;0;0;0;0;0;0;0;0;0;0;0;0;-8.3002;0;0;0;0;0.0004;0;0;0;0;0;0;0;-0.0004;-0.0884;0;0;0;0;0;0;0;0;0;-0.7063;0;0.7063;1;1;0;0;0;0
23/07/21 19:00;0;0;90;0;0;90;0;0;0;0;8.1699;2.26;0;0;0;0;0;0;0;0;0;0;0;0;0;1;1;1;1;0;0;0;0;0;0;0;0;0;0;0;0;0;0;0;0;0;0;0;0;0;0;0;0;0;0;0;0;0;0;0;0;0;0;0;1;1;1;1;1;1;1;1;1;1;1;1;1;1;1;1;1;1;1;0;0;0;0;0;0;0;0;0;0.0004;0.088;0;-0.0884;0;0;0;0;0;0;0;0;0;0;0;0;0;0;0;0;0;0;0;-8.1699;0;0;0;0;0.0004;0;0;0;0;0;0;0;-0.0004;-0.0884;0;0;0;0;0;0;0;0;0;-0.7063;0;0.7063;1;1;0;0;0;0
23/07/21 20:00;0;0;90;0;0;90;0;0;0;0;8.1998;2.1401;0;0;0;0;0;0;0;0;0;0;0;0;0;1;1;1;1;0;0;0;0;0;0;0;0;0;0;0;0;0;0;0;0;0;0;0;0;0;0;0;0;0;0;0;0;0;0;0;0;0;0;0;1;1;1;1;1;1;1;1;1;1;1;1;1;1;1;1;1;1;1;0;0;0;0;0;0;0;0;0;0.0004;0.088;0;-0.0884;0;0;0;0;0;0;0;0;0;0;0;0;0;0;0;0;0;0;0;-8.1998;0;0;0;0;0.0004;0;0;0;0;0;0;0;-0.0004;-0.0884;0;0;0;0;0;0;0;0;0;-0.7063;0;0.7063;1;1;0;0;0;0
23/07/21 21:00;0;0;90;0;0;90;0;0;0;0;7.5802;2.0099;0;0;0;0;0;0;0;0;0;0;0;0;0;1;1;1;1;0;0;0;0;0;0;0;0;0;0;0;0;0;0;0;0;0;0;0;0;0;0;0;0;0;0;0;0;0;0;0;0;0;0;0;1;1;1;1;1;1;1;1;1;1;1;1;1;1;1;1;1;1;1;0;0;0;0;0;0;0;0;0;0.0004;0.088;0;-0.0884;0;0;0;0;0;0;0;0;0;0;0;0;0;0;0;0;0;0;0;-7.5802;0;0;0;0;0.0004;0;0;0;0;0;0;0;-0.0004;-0.0884;0;0;0;0;0;0;0;0;0;-0.7063;0;0.7063;1;1;0;0;0;0
23/07/21 22:00;0;0;90;0;0;90;0;0;0;0;7.3502;1.89;0;0;0;0;0;0;0;0;0;0;0;0;0;1;1;1;1;0;0;0;0;0;0;0;0;0;0;0;0;0;0;0;0;0;0;0;0;0;0;0;0;0;0;0;0;0;0;0;0;0;0;0;1;1;1;1;1;1;1;1;1;1;1;1;1;1;1;1;1;1;1;0;0;0;0;0;0;0;0;0;0.0004;0.088;0;-0.0884;0;0;0;0;0;0;0;0;0;0;0;0;0;0;0;0;0;0;0;-7.3502;0;0;0;0;0.0004;0;0;0;0;0;0;0;-0.0004;-0.0884;0;0;0;0;0;0;0;0;0;-0.7063;0;0.7063;1;1;0;0;0;0
23/07/21 23:00;0;0;90;0;0;90;0;0;0;0;7.9898;1.8301;0;0;0;0;0;0;0;0;0;0;0;0;0;1;1;1;1;0;0;0;0;0;0;0;0;0;0;0;0;0;0;0;0;0;0;0;0;0;0;0;0;0;0;0;0;0;0;0;0;0;0;0;1;1;1;1;1;1;1;1;1;1;1;1;1;1;1;1;1;1;1;0;0;0;0;0;0;0;0;0;0.0004;0.088;0;-0.0884;0;0;0;0;0;0;0;0;0;0;0;0;0;0;0;0;0;0;0;-7.9898;0;0;0;0;0.0004;0;0;0;0;0;0;0;-0.0004;-0.0884;0;0;0;0;0;0;0;0;0;-0.7063;0;0.7063;1;1;0;0;0;0
24/07/21 00:00;0;0;90;0;0;90;0;0;0;0;8.5003;1.8201;0;0;0;0;0;0;0;0;0;0;0;0;0;1;1;1;1;0;0;0;0;0;0;0;0;0;0;0;0;0;0;0;0;0;0;0;0;0;0;0;0;0;0;0;0;0;0;0;0;0;0;0;1;1;1;1;1;1;1;1;1;1;1;1;1;1;1;1;1;1;1;0;0;0;0;0;0;0;0;0;0.0004;0.088;0;-0.0884;0;0;0;0;0;0;0;0;0;0;0;0;0;0;0;0;0;0;0;-8.5003;0;0;0;0;0.0004;0;0;0;0;0;0;0;-0.0004;-0.0884;0;0;0;0;0;0;0;0;0;-0.7063;0;0.7063;1;1;0;0;0;0
24/07/21 01:00;0;0;90;0;0;90;0;0;0;0;8.5103;1.8301;0;0;0;0;0;0;0;0;0;0;0;0;0;1;1;1;1;0;0;0;0;0;0;0;0;0;0;0;0;0;0;0;0;0;0;0;0;0;0;0;0;0;0;0;0;0;0;0;0;0;0;0;1;1;1;1;1;1;1;1;1;1;1;1;1;1;1;1;1;1;1;0;0;0;0;0;0;0;0;0;0.0004;0.088;0;-0.0884;0;0;0;0;0;0;0;0;0;0;0;0;0;0;0;0;0;0;0;-8.5103;0;0;0;0;0.0004;0;0;0;0;0;0;0;-0.0004;-0.0884;0;0;0;0;0;0;0;0;0;-0.7063;0;0.7063;1;1;0;0;0;0
24/07/21 02:00;0;0;90;0;0;90;0;0;0;0;8.5103;2.04;0;0;0;0;0;0;0;0;0;0;0;0;0;1;1;1;1;0;0;0;0;0;0;0;0;0;0;0;0;0;0;0;0;0;0;0;0;0;0;0;0;0;0;0;0;0;0;0;0;0;0;0;1;1;1;1;1;1;1;1;1;1;1;1;1;1;1;1;1;1;1;0;0;0;0;0;0;0;0;0;0.0004;0.088;0;-0.0884;0;0;0;0;0;0;0;0;0;0;0;0;0;0;0;0;0;0;0;-8.5103;0;0;0;0;0.0004;0;0;0;0;0;0;0;-0.0004;-0.0884;0;0;0;0;0;0;0;0;0;-0.7063;0;0.7063;1;1;0;0;0;0
24/07/21 03:00;0;0;90;0;0;90;0;0;0;0;8.1998;2.43;0;0;0;0;0;0;0;0;0;0;0;0;0;1;1;1;1;0;0;0;0;0;0;0;0;0;0;0;0;0;0;0;0;0;0;0;0;0;0;0;0;0;0;0;0;0;0;0;0;0;0;0;1;1;1;1;1;1;1;1;1;1;1;1;1;1;1;1;1;1;1;0;0;0;0;0;0;0;0;0;0.0004;0.088;0;-0.0884;0;0;0;0;0;0;0;0;0;0;0;0;0;0;0;0;0;0;0;-8.1998;0;0;0;0;0.0004;0;0;0;0;0;0;0;-0.0004;-0.0884;0;0;0;0;0;0;0;0;0;-0.7063;0;0.7063;1;1;0;0;0;0
24/07/21 04:00;0;0;90;0;0;90;0;0;0;0;8.14;2.7099;0;0;0;0;0;0;0;0;0;0;0;0;0;1;1;1;1;0;0;0;0;0;0;0;0;0;0;0;0;0;0;0;0;0;0;0;0;0;0;0;0;0;0;0;0;0;0;0;0;0;0;0;1;1;1;1;1;1;1;1;1;1;1;1;1;1;1;1;1;1;1;0;0;0;0;0;0;0;0;0;0.0004;0.088;0;-0.0884;0;0;0;0;0;0;0;0;0;0;0;0;0;0;0;0;0;0;0;-8.14;0;0;0;0;0.0004;0;0;0;0;0;0;0;-0.0004;-0.0884;0;0;0;0;0;0;0;0;0;-0.7063;0;0.7063;1;1;0;0;0;0
24/07/21 05:00;0;0;90;0;0;90;0;0;0;0;7.9997;2.83;0;0;0;0;0;0;0;0;0;0;0;0;0;1;1;1;1;0;0;0;0;0;0;0;0;0;0;0;0;0;0;0;0;0;0;0;0;0;0;0;0;0;0;0;0;0;0;0;0;0;0;0;1;1;1;1;1;1;1;1;1;1;1;1;1;1;1;1;1;1;1;0;0;0;0;0;0;0;0;0;0.0004;0.088;0;-0.0884;0;0;0;0;0;0;0;0;0;0;0;0;0;0;0;0;0;0;0;-7.9997;0;0;0;0;0.0004;0;0;0;0;0;0;0;-0.0004;-0.0884;0;0;0;0;0;0;0;0;0;-0.7063;0;0.7063;1;1;0;0;0;0
24/07/21 06:00;0;0;90;0;0;90;0;0;0;0;7.89;3.31;0;0;0;0;0;0;0;0;0;0;0;0;0;1;1;1;1;0;0;0;0;0;0;0;0;0;0;0;0;0;0;0;0;0;0;0;0;0;0;0;0;0;0;0;0;0;0;0;0;0;0;0;1;1;1;1;1;1;1;1;1;1;1;1;1;1;1;1;1;1;1;0;0;0;0;0;0;0;0;0;0.0004;0.088;0;-0.0884;0;0;0;0;0;0;0;0;0;0;0;0;0;0;0;0;0;0;0;-7.89;0;0;0;0;0.0004;0;0;0;0;0;0;0;-0.0004;-0.0884;0;0;0;0;0;0;0;0;0;-0.7063;0;0.7063;1;1;0;0;0;0
24/07/21 07:00;5.223;-61.362;77.245;5.9462;8.605;-90;-8.605;27.895;26.801;1.0947;7.4799;4.1;0;2.6549;26.408;0.5898;0;0.0204;29.673;0;29.673;2.6549;0.5898;26.408;0.0204;0.0895;0.8907;0;0.0007;29.507;0.166;0;0;0.149;0.017;27.589;1.8593;0.6265;0.1392;1.0929;0.0008;29.448;0.059;0.0053;0.0012;0.0525;0;27.592;2.023;0.4494;25.114;0.0026;15.786;13.671;3.2259;0.0042;0.1257;1.8083;0.003;1.9297;0;1;0;0;1.0637;0.9944;1;1;0.9944;0.1659;0.9369;0.7635;1;0.9583;0.7755;0.998;0.998;1;0.998;0.998;0.9298;0.951;0.1284;0.0891;0.0869;0.0005;0.0105;-0.0052;0.0006;0.002;0.0003;0;0;0.088;0;-0.0156;0;0;0;0;0;0;0;0;0;0;0;0;0.0016;0.0001;0.0765;0.0765;0;8.6127;8.6127;1.1328;0.0411;72.521;1055;1;0.0041;0.0041;0;0;0;0;0;0;0.0724;-0.0156;0;16.356;18.94;-3.3342;-3.861;94.638;94.638;0.7122;0.6114;-0.1246;0.1007;0.7361;0.1414;1.0336;0;15.78;0;0
24/07/21 08:00;15.285;-51.635;50.257;19.216;33.745;-90;-33.745;35.592;35.202;0.3898;7.8003;4.6299;0;0.9453;32.201;0.0953;0;0.3898;33.631;0;33.631;0.9453;0.0953;32.201;0.3898;0.0281;0.9691;0;0.0116;31.559;2.0724;0;0;1.7245;0.3479;30.493;1.0027;0.0123;0.0012;0.9829;0.0063;31.496;0.0631;0.0019;0.0002;0.061;0.0001;30.624;0.9312;0.0938;29.432;0.0355;21.808;18.886;4.7814;0.7318;0.1997;2.873;0.1311;2.3409;0;1;0;0;0.9449;0.9384;1;1;0.9464;0.1074;0.9682;0.987;1;0.9677;0.85;0.998;0.998;1;0.998;0.998;0.9067;0.914;0.0911;0.101;0.0983;0.0006;0.0111;-0.0057;0.0006;0.0023;0.0005;0;0;0.088;0;-0.0055;0;0;0;0;0;0;0;0;0;0;0;0;0.0018;0.0001;0.0869;0.0869;0;9.051;9.051;1.2507;0.041;82.183;1057.5;1;0.0044;0.0044;0;0;0;0;0;0;0.0825;-0.0055;0;16.392;18.982;-1.0386;-1.2027;94.924;94.924;0.8071;0.6945;-0.044;0.1126;0.7385;0.1395;0.915;0;21.806;0;0
24/07/21 09:00;24.086;-39.899;44.458;34.873;55.127;-90;-55.127;146.8;140.2;6.5992;7.8302;5.4901;0;11.542;108.84;2.9922;0;4.0863;127.46;0;127.46;11.542;2.9922;108.84;4.0863;0.0906;0.886;0;0.0321;111.51;15.944;0;0;12.116;3.8287;107.85;3.4407;0.1093;0.0283;3.2919;0.0112;111.29;0.223;0.0231;0.006;0.1934;0.0005;109.55;11.409;2.9578;93.237;0.2459;92.013;79.684;22.029;13.47;1.397;20.095;1.698;8.0214;0;1;0;0;0.8682;0.8749;1;1;0.8887;0.063;0.9691;0.9905;1;0.9659;0.9566;0.998;0.998;1;0.998;0.998;0.8462;0.8567;0.0602;0.3828;0.3723;0.0022;0.0178;-0.0172;0.0026;0.0092;0.004;0;0;0.088;0;0.2498;0;0;0;0;0;0;0;0;0;0;0;0;0.0074;0.0005;0.3459;0.3459;0;12.2;12.2;4.3699;0.0405;315.86;1095.1;1;0.0081;0.0081;0;0;0;0;0;0;0.3378;0.2498;0;17.215;19.935;12.434;14.398;97.667;97.667;3.059;2.7644;1.9966;0.2946;0.7678;0.0963;0.251;0.6527;89.667;0.5838;0
24/07/21 10:00;30.766;-25.871;50.637;53.759;36.241;-90;-36.241;267;221.4;45.602;9.0301;6.0699;0;56.541;186.53;18.467;0;3.3575;264.89;0;264.89;56.541;18.467;186.53;3.3575;0.2134;0.7168;0;0.0127;250.69;14.204;0;0;11.172;3.0317;243.49;6.6933;0.7571;0.2473;5.6471;0.0418;250.19;0.5014;0.1131;0.0369;0.3507;0.0007;244.62;55.671;18.182;169.36;0.2834;158.51;137.27;35.106;5.4164;1.4351;20.644;1.1293;16.662;0;1;0;0;0.9921;0.9464;1;1;0.9401;0.0971;0.9732;0.9866;1;0.9677;0.8714;0.998;0.998;1;0.998;0.998;0.9192;0.9079;0.0844;0.7955;0.7803;0.0047;0.0161;-0.017;0.0054;0.0193;0.0041;0;0;0.088;0;0.6296;0;0;0;0;0;0;0;0;0;0;0;0;0.0155;0.0016;0.7304;0.7304;0;18.881;18.881;9.8512;0.0405;666.39;1096.1;1;0.0128;0.0128;0;0;0;0;0;0;0.7176;0.6296;0;17.492;20.256;15.079;17.461;98.249;98.249;6.3574;5.8376;5.0321;0.5198;0.8055;0.0818;0.1267;0.7915;128.79;0.7479;0
24/07/21 11:00;34.53;-9.6955;54.298;76.246;13.754;-90;-13.754;220.8;209.9;10.897;9.1697;6.18;0;11.219;203.89;3.135;0;0.4115;218.66;0;218.66;11.219;3.135;203.89;0.4115;0.0513;0.9344;0;0.0019;215.79;2.8646;0;0;2.5215;0.3431;207.33;8.0269;0.2164;0.0605;7.7348;0.0153;215.36;0.4316;0.0224;0.0063;0.4027;0.0001;207.42;10.98;3.0682;193.23;0.053;131.6;113.96;27.152;0.1933;1.0413;14.979;0.0898;15.827;0;1;0;0;0.9903;0.9869;1;1;0.9876;0.1663;0.9627;0.9807;1;0.9615;0.7755;0.998;0.998;1;0.998;0.998;0.9482;0.9477;0.1287;0.6566;0.6563;0.004;0.0173;-0.0174;0.0046;0.0162;0.003;0;0;0.088;0;0.5154;0;0;0;0;0;0;0;0;0;0;0;0;0.013;0.0012;0.6145;0.6145;0;17.559;17.559;8.3895;0.0405;560.48;1096.3;1;0.0111;0.0111;0;0;0;0;0;0;0.6034;0.5154;0;17.827;20.643;14.951;17.313;98.19;98.19;5.2478;4.9109;4.1187;0.3369;0.7922;0.0642;0.151;0.7848;123.55;0.7466;0
24/07/21 12:00;34.769;7.4782;54.535;79.382;10.618;90;10.618;143.7;141.3;2.3958;9.8099;6.2999;0;2.4375;139.65;0.4558;0;0.1599;142.7;0;142.7;2.4375;0.4558;139.65;0.1599;0.0171;0.9797;0;0.0011;141.45;1.2546;0;0;1.1211;0.1335;135.5;5.6603;0.0483;0.009;5.5971;0.0059;141.16;0.2829;0.0049;0.0009;0.2771;0.0001;135.53;2.3844;0.4458;132.65;0.0204;85.496;74.04;17.707;0.051;0.6673;9.5988;0.029;10.215;0;1;0;0;0.9931;0.9912;1;1;0.992;0.1651;0.9599;0.9802;1;0.9595;0.7747;0.998;0.998;1;0.998;0.998;0.9496;0.9499;0.1277;0.4285;0.4284;0.0026;0.018;-0.015;0.003;0.0105;0.0019;0;0;0.088;0;0.3018;0;0;0;0;0;0;0;0;0;0;0;0;0.0085;0.0006;0.3984;0.3984;0;15.303;15.303;5.4927;0.0405;365.21;1090.9;1;0.0086;0.0086;0;0;0;0;0;0;0.3898;0.3018;0;17.711;20.509;13.418;15.537;97.846;97.846;3.4248;3.1841;2.4122;0.2407;0.7719;0.0703;0.2254;0.7043;83.84;0.6706;0
24/07/21 13:00;31.438;23.872;51.28;56.495;33.505;90;33.505;190.31;184;6.3066;8.84;5.95;0;7.5633;167.17;2.0134;0;2.0554;178.81;0;178.81;7.5633;2.0134;167.17;2.0554;0.0423;0.9464;0;0.0115;168.1;10.705;0;0;8.8674;1.8372;162.49;5.276;0.1072;0.0285;5.1068;0.0334;167.76;0.3362;0.0151;0.004;0.3166;0.0004;163.18;7.441;1.9808;152.88;0.1843;117.06;101.37;25.645;3.7069;1.059;15.234;0.6927;12.586;0;1;0;0;0.9396;0.9401;1;1;0.947;0.1062;0.9686;0.9858;1;0.9677;0.8464;0.998;0.998;1;0.998;0.998;0.9087;0.9145;0.0897;0.537;0.5236;0.0032;0.018;-0.018;0.0036;0.0129;0.003;0;0;0.088;0;0.392;0;0;0;0;0;0;0;0;0;0;0;0;0.0104;0.0008;0.4896;0.4896;0;15.416;15.416;6.5765;0.0405;446.4;1096.8;1;0.0096;0.0096;0;0;0;0;0;0;0.48;0.392;0;17.37;20.114;13.907;16.104;98.038;98.038;4.2913;3.9129;3.1329;0.3784;0.7801;0.0882;0.1818;0.73;113;0.6863;0
24/07/21 14:00;25.093;38.206;45.367;37.131;52.869;90;52.869;184.19;173.5;10.689;9.9202;5.28;0;17.707;136.47;5.4667;0;4.7455;164.39;0;164.39;17.707;5.4667;136.47;4.7455;0.1077;0.859;0;0.0289;145.61;18.78;0;0;14.327;4.4534;140.97;4.3451;0.1771;0.0547;4.1014;0.0119;145.32;0.2912;0.0354;0.0109;0.2443;0.0006;142.9;17.495;5.4011;117.8;0.2796;114.21;98.905;27.023;14.583;1.6159;23.244;1.9216;10.277;0;1;0;0;0.8925;0.8858;1;1;0.895;0.0616;0.9701;0.99;1;0.9664;0.9592;0.998;0.998;1;0.998;0.998;0.8576;0.8632;0.0589;0.4937;0.4794;0.0029;0.0181;-0.0161;0.0033;0.0118;0.0046;0;0;0.088;0;0.3476;0;0;0;0;0;0;0;0;0;0;0;0;0.0095;0.0007;0.4447;0.4447;0;15.634;15.634;5.7141;0.0405;407.75;1090.5;1;0.0091;0.0091;0;0;0;0;0;0;0.4356;0.3476;0;17.159;19.87;13.413;15.532;97.961;97.961;3.9454;3.5537;2.778;0.3917;0.7758;0.0993;0.1966;0.7041;109.73;0.6367;0
24/07/21 15:00;16.526;50.223;46.38;21.11;39.756;90;39.756;78.197;76.903;1.2936;10.1;5.45;0;3.1374;67.779;0.6401;0;1.1753;72.732;0;72.732;3.1374;0.6401;67.779;1.1753;0.0431;0.9481;0;0.0162;66.958;5.774;0;0;4.6942;1.0798;64.738;2.086;0.0332;0.0068;2.037;0.009;66.824;0.1339;0.0063;0.0013;0.1262;0.0002;65.162;3.0979;0.632;60.922;0.0863;48.189;41.731;10.846;2.7035;0.4937;7.102;0.4237;4.8922;0;1;0;0;0.9301;0.9206;1;1;0.9307;0.0812;0.9688;0.9894;1;0.9676;0.9053;0.998;0.998;1;0.998;0.998;0.8901;0.8988;0.0734;0.2184;0.2112;0.0013;0.0154;-0.0095;0.0014;0.0051;0.0014;0;0;0.088;0;0.0973;0;0;0;0;0;0;0;0;0;0;0;0;0.0041;0.0002;0.1919;0.1919;0;12.738;12.738;2.6385;0.0408;178.79;1073.1;1;0.0065;0.0065;0;0;0;0;0;0;0.1853;0.0973;0;16.735;19.379;8.4893;9.8304;96.592;96.592;1.7456;1.5334;0.7779;0.2121;0.7556;0.1215;0.4328;0.4456;48.181;0.4153;0
24/07/21 16:00;6.4404;60.311;74.214;7.4035;10.807;90;10.807;24.008;23.701;0.3071;10;5.9701;0;0.7447;23.442;0.1187;0;0.0277;24.333;0;24.333;0.7447;0.1187;23.442;0.0277;0.0306;0.9645;0;0.0011;24.116;0.2169;0;0;0.1938;0.0231;22.984;1.0844;0.1265;0.0202;0.9366;0.001;24.068;0.0482;0.0015;0.0002;0.0465;0;22.989;0.6167;0.0983;22.265;0.0035;14.083;12.196;2.8843;0.0091;0.1121;1.612;0.0051;1.715;0;1;0;0;1.0136;0.9911;1;1;0.9917;0.1651;0.9549;0.8297;1;0.9596;0.7747;0.998;0.998;1;0.998;0.998;0.9445;0.9498;0.1277;0.0731;0.0726;0.0004;0.0096;-0.0037;0.0005;0.0016;0.0003;0;0;0.088;0;-0.0291;0;0;0;0;0;0;0;0;0;0;0;0;0.0013;0.0001;0.0626;0.0626;0;10.948;10.948;0.9482;0.0413;60.356;1036.5;1;0.0036;0.0036;0;0;0;0;0;0;0.0589;-0.0291;0;16.309;18.886;-7.5776;-8.7747;94.202;94.202;0.584;0.5;-0.2323;0.084;0.7323;0.1439;1.2539;0;14.081;0;0
24/07/21 17:00;0.6262;65.105;88.481;0.6903;0.9841;90;0.9841;0;0;0;9.76;6.49;0;0;0;0;0;0;0;0;0;0;0;0;0;1;1;1;1;0;0;0;0;0;0;0;0;0;0;0;0;0;0;0;0;0;0;0;0;0;0;0;0;0;0;0;0;0;0;0;0;0;0;0;1;1;1;1;1;1;1;1;1;1;1;1;1;1;1;1;1;1;1;0;0;0;0;0;0;0;0;0;0.0004;0.088;0;-0.0884;0;0;0;0;0;0;0;0;0;0;0;0;0;0;0;0;0;0;0;-9.76;0;0;0;0;0.0004;0;0;0;0;0;0;0;-0.0004;-0.0884;0;0;0;0;0;0;0;0;0;-0.7063;0;0.7063;1;1;0;0;0;0
24/07/21 18:00;0;0;90;0;0;90;0;0;0;0;9.3997;6.6101;0;0;0;0;0;0;0;0;0;0;0;0;0;1;1;1;1;0;0;0;0;0;0;0;0;0;0;0;0;0;0;0;0;0;0;0;0;0;0;0;0;0;0;0;0;0;0;0;0;0;0;0;1;1;1;1;1;1;1;1;1;1;1;1;1;1;1;1;1;1;1;0;0;0;0;0;0;0;0;0;0.0004;0.088;0;-0.0884;0;0;0;0;0;0;0;0;0;0;0;0;0;0;0;0;0;0;0;-9.3997;0;0;0;0;0.0004;0;0;0;0;0;0;0;-0.0004;-0.0884;0;0;0;0;0;0;0;0;0;-0.7063;0;0.7063;1;1;0;0;0;0
24/07/21 19:00;0;0;90;0;0;90;0;0;0;0;9.08;6.57;0;0;0;0;0;0;0;0;0;0;0;0;0;1;1;1;1;0;0;0;0;0;0;0;0;0;0;0;0;0;0;0;0;0;0;0;0;0;0;0;0;0;0;0;0;0;0;0;0;0;0;0;1;1;1;1;1;1;1;1;1;1;1;1;1;1;1;1;1;1;1;0;0;0;0;0;0;0;0;0;0.0004;0.088;0;-0.0884;0;0;0;0;0;0;0;0;0;0;0;0;0;0;0;0;0;0;0;-9.08;0;0;0;0;0.0004;0;0;0;0;0;0;0;-0.0004;-0.0884;0;0;0;0;0;0;0;0;0;-0.7063;0;0.7063;1;1;0;0;0;0
24/07/21 20:00;0;0;90;0;0;90;0;0;0;0;9.06;6.59;0;0;0;0;0;0;0;0;0;0;0;0;0;1;1;1;1;0;0;0;0;0;0;0;0;0;0;0;0;0;0;0;0;0;0;0;0;0;0;0;0;0;0;0;0;0;0;0;0;0;0;0;1;1;1;1;1;1;1;1;1;1;1;1;1;1;1;1;1;1;1;0;0;0;0;0;0;0;0;0;0.0004;0.088;0;-0.0884;0;0;0;0;0;0;0;0;0;0;0;0;0;0;0;0;0;0;0;-9.06;0;0;0;0;0.0004;0;0;0;0;0;0;0;-0.0004;-0.0884;0;0;0;0;0;0;0;0;0;-0.7063;0;0.7063;1;1;0;0;0;0
24/07/21 21:00;0;0;90;0;0;90;0;0;0;0;8.3401;6.51;0;0;0;0;0;0;0;0;0;0;0;0;0;1;1;1;1;0;0;0;0;0;0;0;0;0;0;0;0;0;0;0;0;0;0;0;0;0;0;0;0;0;0;0;0;0;0;0;0;0;0;0;1;1;1;1;1;1;1;1;1;1;1;1;1;1;1;1;1;1;1;0;0;0;0;0;0;0;0;0;0.0004;0.088;0;-0.0884;0;0;0;0;0;0;0;0;0;0;0;0;0;0;0;0;0;0;0;-8.3401;0;0;0;0;0.0004;0;0;0;0;0;0;0;-0.0004;-0.0884;0;0;0;0;0;0;0;0;0;-0.7063;0;0.7063;1;1;0;0;0;0
24/07/21 22:00;0;0;90;0;0;90;0;0;0;0;8.4498;6.6001;0;0;0;0;0;0;0;0;0;0;0;0;0;1;1;1;1;0;0;0;0;0;0;0;0;0;0;0;0;0;0;0;0;0;0;0;0;0;0;0;0;0;0;0;0;0;0;0;0;0;0;0;1;1;1;1;1;1;1;1;1;1;1;1;1;1;1;1;1;1;1;0;0;0;0;0;0;0;0;0;0.0004;0.088;0;-0.0884;0;0;0;0;0;0;0;0;0;0;0;0;0;0;0;0;0;0;0;-8.4498;0;0;0;0;0.0004;0;0;0;0;0;0;0;-0.0004;-0.0884;0;0;0;0;0;0;0;0;0;-0.7063;0;0.7063;1;1;0;0;0;0
24/07/21 23:00;0;0;90;0;0;90;0;0;0;0;6.7101;7.3201;0;0;0;0;0;0;0;0;0;0;0;0;0;1;1;1;1;0;0;0;0;0;0;0;0;0;0;0;0;0;0;0;0;0;0;0;0;0;0;0;0;0;0;0;0;0;0;0;0;0;0;0;1;1;1;1;1;1;1;1;1;1;1;1;1;1;1;1;1;1;1;0;0;0;0;0;0;0;0;0;0.0004;0.088;0;-0.0884;0;0;0;0;0;0;0;0;0;0;0;0;0;0;0;0;0;0;0;-6.7101;0;0;0;0;0.0004;0;0;0;0;0;0;0;-0.0004;-0.0884;0;0;0;0;0;0;0;0;0;-0.7063;0;0.7063;1;1;0;0;0;0
25/07/21 00:00;0;0;90;0;0;90;0;0;0;0;7.21;7.6;0;0;0;0;0;0;0;0;0;0;0;0;0;1;1;1;1;0;0;0;0;0;0;0;0;0;0;0;0;0;0;0;0;0;0;0;0;0;0;0;0;0;0;0;0;0;0;0;0;0;0;0;1;1;1;1;1;1;1;1;1;1;1;1;1;1;1;1;1;1;1;0;0;0;0;0;0;0;0;0;0.0004;0.088;0;-0.0884;0;0;0;0;0;0;0;0;0;0;0;0;0;0;0;0;0;0;0;-7.21;0;0;0;0;0.0004;0;0;0;0;0;0;0;-0.0004;-0.0884;0;0;0;0;0;0;0;0;0;-0.7063;0;0.7063;1;1;0;0;0;0
25/07/21 01:00;0;0;90;0;0;90;0;0;0;0;6.8098;7.7901;0;0;0;0;0;0;0;0;0;0;0;0;0;1;1;1;1;0;0;0;0;0;0;0;0;0;0;0;0;0;0;0;0;0;0;0;0;0;0;0;0;0;0;0;0;0;0;0;0;0;0;0;1;1;1;1;1;1;1;1;1;1;1;1;1;1;1;1;1;1;1;0;0;0;0;0;0;0;0;0;0.0004;0.088;0;-0.0884;0;0;0;0;0;0;0;0;0;0;0;0;0;0;0;0;0;0;0;-6.8098;0;0;0;0;0.0004;0;0;0;0;0;0;0;-0.0004;-0.0884;0;0;0;0;0;0;0;0;0;-0.7063;0;0.7063;1;1;0;0;0;0
25/07/21 02:00;0;0;90;0;0;90;0;0;0;0;6.5997;7.59;0;0;0;0;0;0;0;0;0;0;0;0;0;1;1;1;1;0;0;0;0;0;0;0;0;0;0;0;0;0;0;0;0;0;0;0;0;0;0;0;0;0;0;0;0;0;0;0;0;0;0;0;1;1;1;1;1;1;1;1;1;1;1;1;1;1;1;1;1;1;1;0;0;0;0;0;0;0;0;0;0.0004;0.088;0;-0.0884;0;0;0;0;0;0;0;0;0;0;0;0;0;0;0;0;0;0;0;-6.5997;0;0;0;0;0.0004;0;0;0;0;0;0;0;-0.0004;-0.0884;0;0;0;0;0;0;0;0;0;-0.7063;0;0.7063;1;1;0;0;0;0
25/07/21 03:00;0;0;90;0;0;90;0;0;0;0;6.5997;6.96;0;0;0;0;0;0;0;0;0;0;0;0;0;1;1;1;1;0;0;0;0;0;0;0;0;0;0;0;0;0;0;0;0;0;0;0;0;0;0;0;0;0;0;0;0;0;0;0;0;0;0;0;1;1;1;1;1;1;1;1;1;1;1;1;1;1;1;1;1;1;1;0;0;0;0;0;0;0;0;0;0.0004;0.088;0;-0.0884;0;0;0;0;0;0;0;0;0;0;0;0;0;0;0;0;0;0;0;-6.5997;0;0;0;0;0.0004;0;0;0;0;0;0;0;-0.0004;-0.0884;0;0;0;0;0;0;0;0;0;-0.7063;0;0.7063;1;1;0;0;0;0
25/07/21 04:00;0;0;90;0;0;90;0;0;0;0;6.0001;7.06;0;0;0;0;0;0;0;0;0;0;0;0;0;1;1;1;1;0;0;0;0;0;0;0;0;0;0;0;0;0;0;0;0;0;0;0;0;0;0;0;0;0;0;0;0;0;0;0;0;0;0;0;1;1;1;1;1;1;1;1;1;1;1;1;1;1;1;1;1;1;1;0;0;0;0;0;0;0;0;0;0.0004;0.088;0;-0.0884;0;0;0;0;0;0;0;0;0;0;0;0;0;0;0;0;0;0;0;-6.0001;0;0;0;0;0.0004;0;0;0;0;0;0;0;-0.0004;-0.0884;0;0;0;0;0;0;0;0;0;-0.7063;0;0.7063;1;1;0;0;0;0
25/07/21 05:00;0;0;90;0;0;90;0;0;0;0;5.2403;7.37;0;0;0;0;0;0;0;0;0;0;0;0;0;1;1;1;1;0;0;0;0;0;0;0;0;0;0;0;0;0;0;0;0;0;0;0;0;0;0;0;0;0;0;0;0;0;0;0;0;0;0;0;1;1;1;1;1;1;1;1;1;1;1;1;1;1;1;1;1;1;1;0;0;0;0;0;0;0;0;0;0.0004;0.088;0;-0.0884;0;0;0;0;0;0;0;0;0;0;0;0;0;0;0;0;0;0;0;-5.2403;0;0;0;0;0.0004;0;0;0;0;0;0;0;-0.0004;-0.0884;0;0;0;0;0;0;0;0;0;-0.7063;0;0.7063;1;1;0;0;0;0
25/07/21 06:00;0;0;90;0;0;90;0;0;0;0;5.1997;7.2599;0;0;0;0;0;0;0;0;0;0;0;0;0;1;1;1;1;0;0;0;0;0;0;0;0;0;0;0;0;0;0;0;0;0;0;0;0;0;0;0;0;0;0;0;0;0;0;0;0;0;0;0;1;1;1;1;1;1;1;1;1;1;1;1;1;1;1;1;1;1;1;0;0;0;0;0;0;0;0;0;0.0004;0.088;0;-0.0884;0;0;0;0;0;0;0;0;0;0;0;0;0;0;0;0;0;0;0;-5.1997;0;0;0;0;0.0004;0;0;0;0;0;0;0;-0.0004;-0.0884;0;0;0;0;0;0;0;0;0;-0.7063;0;0.7063;1;1;0;0;0;0
25/07/21 07:00;5.3571;-61.531;76.913;6.0888;8.8181;-90;-8.8181;15.999;15.798;0.2006;5.4497;7.3;0;0.4865;15.679;0.0621;0;0.0123;16.24;0;16.24;0.4865;0.0621;15.679;0.0123;0.03;0.9662;0;0.0008;16.138;0.1023;0;0;0.0921;0.0103;15.334;0.7721;0.1107;0.0141;0.6468;0.0005;16.106;0.0323;0.001;0.0001;0.0312;0;15.336;0.3748;0.0478;14.909;0.0016;9.3743;8.1181;1.9157;0.0028;0.0747;1.074;0.0019;1.1459;0;1;0;0;1.0151;0.9937;1;1;0.9941;0.166;0.9521;0.772;1;0.9584;0.7754;0.998;0.998;1;0.998;0.998;0.9442;0.9509;0.1284;0.0488;0.0485;0.0003;0.0078;-0.0033;0.0003;0.0011;0.0002;0;0;0.088;0;-0.0499;0;0;0;0;0;0;0;0;0;0;0;0;0.0009;0;0.0412;0.0412;0;6.0841;6.0841;0.6344;0.0414;39.625;1039.8;1;0.0031;0.0031;0;0;0;0;0;0;0.0381;-0.0499;0;16.093;18.636;-19.477;-22.554;92.567;92.567;0.3898;0.3293;-0.3985;0.0605;0.7278;0.1552;1.8672;0;9.3732;0;0
25/07/21 08:00;15.438;-51.792;49.79;19.364;34.163;-90;-34.163;116.8;101.5;15.295;5.6398;7.4801;0;37.095;88.724;10.671;0;1.31;137.8;0;137.8;37.095;10.671;88.724;1.31;0.2692;0.6534;0;0.0095;131.78;6.016;0;0;4.8444;1.1716;128.2;3.3254;0.4668;0.1343;2.704;0.0203;131.52;0.2636;0.0742;0.0213;0.1678;0.0003;128.57;36.554;10.516;81.008;0.1179;60.371;52.281;13.27;2.1036;0.5558;7.9948;0.373;6.447;0;1;0;0;1.1798;0.9563;1;1;0.9454;0.1057;0.9747;0.9874;1;0.9677;0.8533;0.998;0.998;1;0.998;0.998;0.9303;0.913;0.09;0.4138;0.4041;0.0024;0.0179;-0.0206;0.0028;0.01;0.0016;0;0;0.088;0;0.2847;0;0;0;0;0;0;0;0;0;0;0;0;0.0081;0.0006;0.3812;0.3812;0;10.819;10.819;5.1795;0.0404;344.12;1107.9;1;0.0086;0.0086;0;0;0;0;0;0;0.3727;0.2847;0;17.551;20.323;13.105;15.175;97.752;97.752;3.3072;3.0469;2.2751;0.2603;0.7718;0.0787;0.2334;0.6879;60.274;0.6593;0
25/07/21 09:00;24.261;-40.037;44.267;35.016;54.984;-90;-54.984;164.31;153;11.304;6.3903;7.77;0;19.7;117.9;5.5343;0;4.5518;147.68;0;147.68;19.7;5.5343;117.9;4.5518;0.1334;0.8291;0;0.0308;130.34;17.34;0;0;13.075;4.2647;126.27;3.8128;0.1844;0.0518;3.5643;0.0123;130.08;0.2607;0.0394;0.0111;0.2096;0.0006;128.13;19.476;5.4714;101.05;0.2741;101.11;87.557;24.136;14.459;1.5173;21.826;1.8553;8.8844;0;1;0;0;0.8988;0.8826;1;1;0.8891;0.0631;0.9707;0.9906;1;0.9659;0.957;0.998;0.998;1;0.998;0.998;0.855;0.8571;0.0602;0.4435;0.4319;0.0026;0.018;-0.021;0.003;0.0107;0.0044;0;0;0.088;0;0.3081;0;0;0;0;0;0;0;0;0;0;0;0;0.0086;0.0006;0.4049;0.4049;0;11.496;11.496;5.1054;0.0404;366.81;1103.8;1;0.0088;0.0088;0;0;0;0;0;0;0.3961;0.3081;0;17.391;20.139;13.234;15.325;97.832;97.832;3.5444;3.2358;2.4624;0.3086;0.7735;0.0871;0.2182;0.6947;96.98;0.6255;0
25/07/21 10:00;30.962;-25.974;50.434;53.871;36.129;-90;-36.129;249.91;217.3;32.607;6.8198;8;0;40.371;187.01;12.864;0;3.1238;243.37;0;243.37;40.371;12.864;187.01;3.1238;0.1659;0.7813;0;0.0128;229.41;13.966;0;0;11.147;2.8192;222.54;6.4037;0.5314;0.1693;5.6636;0.0394;228.95;0.4588;0.0807;0.0257;0.3517;0.0006;223.6;39.758;12.669;169.85;0.2646;150.17;130.04;33.249;5.3731;1.3759;19.791;1.0612;15.794;0;1;0;0;0.9739;0.9426;1;1;0.9404;0.0975;0.972;0.9868;1;0.9677;0.8704;0.998;0.998;1;0.998;0.998;0.9144;0.9082;0.0847;0.7308;0.7152;0.0043;0.0168;-0.0234;0.005;0.0178;0.004;0;0;0.088;0;0.5748;0;0;0;0;0;0;0;0;0;0;0;0;0.0143;0.0014;0.6749;0.6749;0;15.806;15.806;8.9865;0.0404;610.4;1105.6;1;0.0121;0.0121;0;0;0;0;0;0;0.6628;0.5748;0;17.591;20.371;14.982;17.349;98.208;98.208;5.8409;5.3937;4.5938;0.4472;0.7999;0.0766;0.137;0.7865;129.01;0.7413;0
25/07/21 11:00;34.742;-9.7423;54.084;76.288;13.712;-90;-13.712;282.51;245.9;36.607;8.1699;8.18;0;37.681;230.65;12.266;0;0.5234;281.12;0;281.12;37.681;12.266;230.65;0.5234;0.134;0.8223;0;0.0019;277.85;3.2742;0;0;2.8379;0.4363;267.58;9.7169;0.7097;0.231;8.7567;0.0195;277.29;0.5557;0.0754;0.0245;0.4556;0.0002;267.69;36.895;12.011;218.6;0.0674;167.77;145.29;34.803;0.2163;1.3134;18.893;0.1146;19.99;0;1;0;0;0.9951;0.9884;1;1;0.9877;0.1663;0.965;0.9811;1;0.9615;0.7755;0.998;0.998;1;0.998;0.998;0.9518;0.9478;0.1287;0.8442;0.8461;0.0051;0.0154;-0.018;0.0059;0.0209;0.0038;0;0;0.088;0;0.6925;0;0;0;0;0;0;0;0;0;0;0;0;0.0169;0.0019;0.7942;0.7942;0;18.989;18.989;10.819;0.0404;722.93;1098.6;1;0.0137;0.0137;0;0;0;0;0;0;0.7805;0.6925;0;17.922;20.753;15.626;18.095;98.271;98.271;6.7469;6.3475;5.5344;0.3994;0.8131;0.0592;0.1205;0.8203;139.74;0.781;0
25/07/21 12:00;34.984;7.4995;54.322;79.435;10.565;90;10.565;528.61;137.7;390.9;9.2402;8.01;0;397.65;66.304;72.052;0;0.5825;536.58;0;536.58;397.65;72.052;66.304;0.5825;0.7411;0.1247;0;0.0011;535.57;1.0141;0;0;0.5278;0.4863;522.74;11.764;7.6892;1.3933;2.6599;0.0216;534.5;1.0711;0.7953;0.1441;0.1316;0.0002;522.85;389.16;70.515;62.985;0.0744;308.82;267.44;66.793;0.0239;2.2157;31.872;0.1148;34.064;0;1;0;0;1.0151;0.9981;1;1;0.992;0.1651;0.978;0.9806;1;0.9595;0.7747;0.998;0.998;1;0.998;0.998;0.9742;0.9499;0.1277;1.6114;1.642;0.0099;0.0044;0.0316;0.0112;0.0396;0.0062;0;0;0.088;0;1.3884;0;0;0;0;0;0;0;0;0;0;0;0;0.0319;0.0063;1.5009;1.5009;0;30.498;30.498;21.257;0.0407;1409.2;1065.1;1;0.0244;0.0244;0;0;0;0;0;0;1.4764;1.3884;0;17.744;20.547;16.415;19.008;98.372;98.372;12.878;11.995;11.096;0.883;0.8986;0.0686;0.0698;0.8617;39.802;0.825;0
25/07/21 13:00;31.642;23.953;51.08;56.622;33.378;90;33.378;560.99;92.801;468.19;9.6603;7.8099;0;560.67;27.817;74.826;0;6.0146;669.33;0;669.33;560.67;74.826;27.817;6.0146;0.8377;0.0505;0;0.009;662.49;6.8397;0;0;1.4668;5.373;651.37;9.794;7.8034;1.0414;0.8502;0.099;661.17;1.325;1.1213;0.1497;0.0527;0.0013;653.09;551.75;73.634;25.448;0.5414;288.72;250.03;63.685;0.6103;2.0292;29.189;1.7162;30.608;0;1;0;0;1.1931;0.9898;1;1;0.9473;0.1067;0.9852;0.9861;1;0.9677;0.8454;0.998;0.998;1;0.998;0.998;0.9732;0.9148;0.09;2.01;2.0286;0.0122;0.0002;0.0797;0.0136;0.0481;0.0056;0;0;0.088;0;1.703;0;0;0;0;0;0;0;0;0;0;0;0;0.0387;0.0093;1.8213;1.8213;0;36.255;36.255;26.595;0.0408;1742.7;1045.1;1;0.0303;0.0303;0;0;0;0;0;0;1.791;1.703;0;17.261;19.988;16.14;18.69;98.338;98.338;16.064;14.555;13.61;1.5085;0.9452;0.0939;0.0588;0.8473;18.786;0.8205;0
25/07/21 14:00;25.278;38.328;45.183;37.288;52.712;90;52.712;202.59;185.7;16.891;10.67;7.4999;0;27.88;144.65;9.1474;0;5.1907;186.87;0;186.87;27.88;9.1474;144.65;5.1907;0.1492;0.8019;0;0.0278;166.88;19.991;0;0;15.12;4.8708;161.82;4.7251;0.2759;0.0905;4.3456;0.013;166.55;0.3338;0.0558;0.0183;0.2591;0.0006;163.88;27.549;9.0386;124.93;0.3063;123.35;106.83;29.091;15.296;1.7219;24.769;2.0603;11.195;0;1;0;0;0.9224;0.893;1;1;0.8955;0.0616;0.9716;0.9901;1;0.9664;0.9593;0.998;0.998;1;0.998;0.998;0.866;0.8636;0.059;0.5612;0.5458;0.0033;0.0179;-0.0152;0.0038;0.0134;0.0049;0;0;0.088;0;0.4083;0;0;0;0;0;0;0;0;0;0;0;0;0.0108;0.0009;0.506;0.506;0;17.23;17.23;6.5598;0.0405;464.74;1088.9;1;0.0097;0.0097;0;0;0;0;0;0;0.4963;0.4083;0;17.178;19.892;13.862;16.052;98.083;98.083;4.4849;4.0443;3.2635;0.4406;0.7808;0.0982;0.1741;0.7277;116.12;0.662;0
25/07/21 15:00;16.691;50.368;45.848;21.272;40.357;90;40.357;131.7;124;7.7034;9.9003;6.01;0;18.683;107.03;6.0854;0;2.0372;133.84;0;133.84;18.683;6.0854;107.03;2.0372;0.1396;0.8149;0;0.0152;124.38;9.4568;0;0;7.5815;1.8753;120.65;3.4823;0.1921;0.0626;3.2131;0.0145;124.13;0.2488;0.0374;0.0122;0.1989;0.0003;121.35;18.453;6.0107;96.04;0.1471;76.523;66.269;17.27;4.495;0.7941;11.422;0.6965;7.7215;0;1;0;0;1.0162;0.9293;1;1;0.9292;0.0795;0.9719;0.9897;1;0.9676;0.9104;0.998;0.998;1;0.998;0.998;0.9015;0.8973;0.0722;0.4019;0.3896;0.0023;0.0179;-0.0144;0.0027;0.0095;0.0022;0;0;0.088;0;0.2649;0;0;0;0;0;0;0;0;0;0;0;0;0.0077;0.0005;0.3611;0.3611;0;14.794;14.794;4.894;0.0406;331.63;1088.8;1;0.0082;0.0082;0;0;0;0;0;0;0.3529;0.2649;0;17.113;19.817;12.555;14.539;97.738;97.738;3.2121;2.8856;2.1171;0.3265;0.7686;0.1017;0.2393;0.6591;76.473;0.6195;0
25/07/21 16:00;6.5869;60.47;73.847;7.5597;11.047;90;11.047;27.7;27.399;0.3007;9.07;4.67;0;0.7294;27.092;0.1314;0;0.0334;27.986;0;27.986;0.7294;0.1314;27.092;0.0334;0.0261;0.9692;0;0.0012;27.726;0.2602;0;0;0.2324;0.0279;26.45;1.2198;0.119;0.0214;1.0781;0.0012;27.67;0.0555;0.0015;0.0003;0.0537;0;26.457;0.6089;0.1097;25.728;0.0043;16.285;14.103;3.3364;0.0115;0.1296;1.8641;0.0063;1.9822;0;1;0;0;1.0103;0.9907;1;1;0.9914;0.1651;0.9559;0.8365;1;0.9598;0.7747;0.998;0.998;1;0.998;0.998;0.9451;0.9496;0.1277;0.084;0.0836;0.0005;0.0103;-0.0045;0.0005;0.0019;0.0003;0;0;0.088;0;-0.019;0;0;0;0;0;0;0;0;0;0;0;0;0.0015;0.0001;0.0729;0.0729;0;10.158;10.158;1.0882;0.0411;69.722;1046.3;1;0.004;0.004;0;0;0;0;0;0;0.069;-0.019;0;16.535;19.147;-4.3091;-4.9898;94.576;94.576;0.6717;0.583;-0.1519;0.0887;0.7349;0.132;1.0942;0;16.283;0;0
25/07/21 17:00;0.5784;65.416;88.597;0.6361;0.9068;90;0.9068;0;0;0;8.1001;4.58;0;0;0;0;0;0;0;0;0;0;0;0;0;1;1;1;1;0;0;0;0;0;0;0;0;0;0;0;0;0;0;0;0;0;0;0;0;0;0;0;0;0;0;0;0;0;0;0;0;0;0;0;1;1;1;1;1;1;1;1;1;1;1;1;1;1;1;1;1;1;1;0;0;0;0;0;0;0;0;0;0.0004;0.088;0;-0.0884;0;0;0;0;0;0;0;0;0;0;0;0;0;0;0;0;0;0;0;-8.1001;0;0;0;0;0.0004;0;0;0;0;0;0;0;-0.0004;-0.0884;0;0;0;0;0;0;0;0;0;-0.7063;0;0.7063;1;1;0;0;0;0
25/07/21 18:00;0;0;90;0;0;90;0;0;0;0;7.9698;3.94;0;0;0;0;0;0;0;0;0;0;0;0;0;1;1;1;1;0;0;0;0;0;0;0;0;0;0;0;0;0;0;0;0;0;0;0;0;0;0;0;0;0;0;0;0;0;0;0;0;0;0;0;1;1;1;1;1;1;1;1;1;1;1;1;1;1;1;1;1;1;1;0;0;0;0;0;0;0;0;0;0.0004;0.088;0;-0.0884;0;0;0;0;0;0;0;0;0;0;0;0;0;0;0;0;0;0;0;-7.9698;0;0;0;0;0.0004;0;0;0;0;0;0;0;-0.0004;-0.0884;0;0;0;0;0;0;0;0;0;-0.7063;0;0.7063;1;1;0;0;0;0
25/07/21 19:00;0;0;90;0;0;90;0;0;0;0;7.4001;4.1499;0;0;0;0;0;0;0;0;0;0;0;0;0;1;1;1;1;0;0;0;0;0;0;0;0;0;0;0;0;0;0;0;0;0;0;0;0;0;0;0;0;0;0;0;0;0;0;0;0;0;0;0;1;1;1;1;1;1;1;1;1;1;1;1;1;1;1;1;1;1;1;0;0;0;0;0;0;0;0;0;0.0004;0.088;0;-0.0884;0;0;0;0;0;0;0;0;0;0;0;0;0;0;0;0;0;0;0;-7.4001;0;0;0;0;0.0004;0;0;0;0;0;0;0;-0.0004;-0.0884;0;0;0;0;0;0;0;0;0;-0.7063;0;0.7063;1;1;0;0;0;0
25/07/21 20:00;0;0;90;0;0;90;0;0;0;0;7.2;5.3;0;0;0;0;0;0;0;0;0;0;0;0;0;1;1;1;1;0;0;0;0;0;0;0;0;0;0;0;0;0;0;0;0;0;0;0;0;0;0;0;0;0;0;0;0;0;0;0;0;0;0;0;1;1;1;1;1;1;1;1;1;1;1;1;1;1;1;1;1;1;1;0;0;0;0;0;0;0;0;0;0.0004;0.088;0;-0.0884;0;0;0;0;0;0;0;0;0;0;0;0;0;0;0;0;0;0;0;-7.2;0;0;0;0;0.0004;0;0;0;0;0;0;0;-0.0004;-0.0884;0;0;0;0;0;0;0;0;0;-0.7063;0;0.7063;1;1;0;0;0;0
25/07/21 21:00;0;0;90;0;0;90;0;0;0;0;7.4998;6.08;0;0;0;0;0;0;0;0;0;0;0;0;0;1;1;1;1;0;0;0;0;0;0;0;0;0;0;0;0;0;0;0;0;0;0;0;0;0;0;0;0;0;0;0;0;0;0;0;0;0;0;0;1;1;1;1;1;1;1;1;1;1;1;1;1;1;1;1;1;1;1;0;0;0;0;0;0;0;0;0;0.0004;0.088;0;-0.0884;0;0;0;0;0;0;0;0;0;0;0;0;0;0;0;0;0;0;0;-7.4998;0;0;0;0;0.0004;0;0;0;0;0;0;0;-0.0004;-0.0884;0;0;0;0;0;0;0;0;0;-0.7063;0;0.7063;1;1;0;0;0;0
25/07/21 22:00;0;0;90;0;0;90;0;0;0;0;8.38;6.74;0;0;0;0;0;0;0;0;0;0;0;0;0;1;1;1;1;0;0;0;0;0;0;0;0;0;0;0;0;0;0;0;0;0;0;0;0;0;0;0;0;0;0;0;0;0;0;0;0;0;0;0;1;1;1;1;1;1;1;1;1;1;1;1;1;1;1;1;1;1;1;0;0;0;0;0;0;0;0;0;0.0004;0.088;0;-0.0884;0;0;0;0;0;0;0;0;0;0;0;0;0;0;0;0;0;0;0;-8.38;0;0;0;0;0.0004;0;0;0;0;0;0;0;-0.0004;-0.0884;0;0;0;0;0;0;0;0;0;-0.7063;0;0.7063;1;1;0;0;0;0
25/07/21 23:00;0;0;90;0;0;90;0;0;0;0;8.9603;6.58;0;0;0;0;0;0;0;0;0;0;0;0;0;1;1;1;1;0;0;0;0;0;0;0;0;0;0;0;0;0;0;0;0;0;0;0;0;0;0;0;0;0;0;0;0;0;0;0;0;0;0;0;1;1;1;1;1;1;1;1;1;1;1;1;1;1;1;1;1;1;1;0;0;0;0;0;0;0;0;0;0.0004;0.088;0;-0.0884;0;0;0;0;0;0;0;0;0;0;0;0;0;0;0;0;0;0;0;-8.9603;0;0;0;0;0.0004;0;0;0;0;0;0;0;-0.0004;-0.0884;0;0;0;0;0;0;0;0;0;-0.7063;0;0.7063;1;1;0;0;0;0
26/07/21 00:00;0;0;90;0;0;90;0;0;0;0;9.0999;6.3099;0;0;0;0;0;0;0;0;0;0;0;0;0;1;1;1;1;0;0;0;0;0;0;0;0;0;0;0;0;0;0;0;0;0;0;0;0;0;0;0;0;0;0;0;0;0;0;0;0;0;0;0;1;1;1;1;1;1;1;1;1;1;1;1;1;1;1;1;1;1;1;0;0;0;0;0;0;0;0;0;0.0004;0.088;0;-0.0884;0;0;0;0;0;0;0;0;0;0;0;0;0;0;0;0;0;0;0;-9.0999;0;0;0;0;0.0004;0;0;0;0;0;0;0;-0.0004;-0.0884;0;0;0;0;0;0;0;0;0;-0.7063;0;0.7063;1;1;0;0;0;0
26/07/21 01:00;0;0;90;0;0;90;0;0;0;0;9.0201;5.8001;0;0;0;0;0;0;0;0;0;0;0;0;0;1;1;1;1;0;0;0;0;0;0;0;0;0;0;0;0;0;0;0;0;0;0;0;0;0;0;0;0;0;0;0;0;0;0;0;0;0;0;0;1;1;1;1;1;1;1;1;1;1;1;1;1;1;1;1;1;1;1;0;0;0;0;0;0;0;0;0;0.0004;0.088;0;-0.0884;0;0;0;0;0;0;0;0;0;0;0;0;0;0;0;0;0;0;0;-9.0201;0;0;0;0;0.0004;0;0;0;0;0;0;0;-0.0004;-0.0884;0;0;0;0;0;0;0;0;0;-0.7063;0;0.7063;1;1;0;0;0;0
26/07/21 02:00;0;0;90;0;0;90;0;0;0;0;8.84;5.36;0;0;0;0;0;0;0;0;0;0;0;0;0;1;1;1;1;0;0;0;0;0;0;0;0;0;0;0;0;0;0;0;0;0;0;0;0;0;0;0;0;0;0;0;0;0;0;0;0;0;0;0;1;1;1;1;1;1;1;1;1;1;1;1;1;1;1;1;1;1;1;0;0;0;0;0;0;0;0;0;0.0004;0.088;0;-0.0884;0;0;0;0;0;0;0;0;0;0;0;0;0;0;0;0;0;0;0;-8.84;0;0;0;0;0.0004;0;0;0;0;0;0;0;-0.0004;-0.0884;0;0;0;0;0;0;0;0;0;-0.7063;0;0.7063;1;1;0;0;0;0
26/07/21 03:00;0;0;90;0;0;90;0;0;0;0;8.8799;5.3399;0;0;0;0;0;0;0;0;0;0;0;0;0;1;1;1;1;0;0;0;0;0;0;0;0;0;0;0;0;0;0;0;0;0;0;0;0;0;0;0;0;0;0;0;0;0;0;0;0;0;0;0;1;1;1;1;1;1;1;1;1;1;1;1;1;1;1;1;1;1;1;0;0;0;0;0;0;0;0;0;0.0004;0.088;0;-0.0884;0;0;0;0;0;0;0;0;0;0;0;0;0;0;0;0;0;0;0;-8.8799;0;0;0;0;0.0004;0;0;0;0;0;0;0;-0.0004;-0.0884;0;0;0;0;0;0;0;0;0;-0.7063;0;0.7063;1;1;0;0;0;0
26/07/21 04:00;0;0;90;0;0;90;0;0;0;0;8.7502;4.96;0;0;0;0;0;0;0;0;0;0;0;0;0;1;1;1;1;0;0;0;0;0;0;0;0;0;0;0;0;0;0;0;0;0;0;0;0;0;0;0;0;0;0;0;0;0;0;0;0;0;0;0;1;1;1;1;1;1;1;1;1;1;1;1;1;1;1;1;1;1;1;0;0;0;0;0;0;0;0;0;0.0004;0.088;0;-0.0884;0;0;0;0;0;0;0;0;0;0;0;0;0;0;0;0;0;0;0;-8.7502;0;0;0;0;0.0004;0;0;0;0;0;0;0;-0.0004;-0.0884;0;0;0;0;0;0;0;0;0;-0.7063;0;0.7063;1;1;0;0;0;0
26/07/21 05:00;0;0;90;0;0;90;0;0;0;0;9.1598;4.6901;0;0;0;0;0;0;0;0;0;0;0;0;0;1;1;1;1;0;0;0;0;0;0;0;0;0;0;0;0;0;0;0;0;0;0;0;0;0;0;0;0;0;0;0;0;0;0;0;0;0;0;0;1;1;1;1;1;1;1;1;1;1;1;1;1;1;1;1;1;1;1;0;0;0;0;0;0;0;0;0;0.0004;0.088;0;-0.0884;0;0;0;0;0;0;0;0;0;0;0;0;0;0;0;0;0;0;0;-9.1598;0;0;0;0;0.0004;0;0;0;0;0;0;0;-0.0004;-0.0884;0;0;0;0;0;0;0;0;0;-0.7063;0;0.7063;1;1;0;0;0;0
26/07/21 06:00;0;0;90;0;0;90;0;0;0;0;9.2003;4.72;0;0;0;0;0;0;0;0;0;0;0;0;0;1;1;1;1;0;0;0;0;0;0;0;0;0;0;0;0;0;0;0;0;0;0;0;0;0;0;0;0;0;0;0;0;0;0;0;0;0;0;0;1;1;1;1;1;1;1;1;1;1;1;1;1;1;1;1;1;1;1;0;0;0;0;0;0;0;0;0;0.0004;0.088;0;-0.0884;0;0;0;0;0;0;0;0;0;0;0;0;0;0;0;0;0;0;0;-9.2003;0;0;0;0;0.0004;0;0;0;0;0;0;0;-0.0004;-0.0884;0;0;0;0;0;0;0;0;0;-0.7063;0;0.7063;1;1;0;0;0;0
26/07/21 07:00;5.4962;-61.704;76.568;6.2366;9.0394;-90;-9.0394;23.109;22.604;0.5059;9.0002;5.0299;0;1.2269;22.374;0.2184;0;0.0187;23.838;0;23.838;1.2269;0.2184;22.374;0.0187;0.0515;0.9394;0;0.0008;23.685;0.1525;0;0;0.1369;0.0156;22.4;1.2373;0.2689;0.0479;0.9198;0.0007;23.638;0.0474;0.0025;0.0004;0.0445;0;22.403;0.9555;0.1701;21.273;0.0024;13.384;11.591;2.7359;0.0044;0.1066;1.5331;0.003;1.6353;0;1;0;0;1.0315;0.9936;1;1;0.9939;0.166;0.9477;0.7804;1;0.9586;0.7754;0.998;0.998;1;0.998;0.998;0.9397;0.9508;0.1285;0.0716;0.0707;0.0004;0.0095;-0.0039;0.0005;0.0016;0.0003;0;0;0.088;0;-0.0306;0;0;0;0;0;0;0;0;0;0;0;0;0.0013;0.0001;0.061;0.061;0;9.9239;9.9239;0.9237;0.0412;58.692;1039.9;1;0.0036;0.0036;0;0;0;0;0;0;0.0574;-0.0306;0;16.242;18.808;-8.1346;-9.4197;94.1;94.1;0.5721;0.4878;-0.2443;0.0843;0.7321;0.1474;1.2796;0;13.382;0;0
26/07/21 08:00;15.596;-51.952;49.304;19.517;34.604;-90;-34.604;101.4;94.198;7.206;9.3599;5.0901;0;17.477;84.13;4.6186;0;1.166;107.39;0;107.39;17.477;4.6186;84.13;1.166;0.1627;0.7943;0;0.0109;101.66;5.732;0;0;4.6871;1.0449;98.607;2.8491;0.215;0.0568;2.56;0.0173;101.46;0.2033;0.035;0.0092;0.1589;0.0002;98.973;17.227;4.5525;76.724;0.1035;57.392;49.701;12.633;2.0844;0.5326;7.6619;0.3657;6.1101;0;1;0;0;1.059;0.9466;1;1;0.9443;0.1038;0.9719;0.9877;1;0.9677;0.857;0.998;0.998;1;0.998;0.998;0.9182;0.912;0.0888;0.3225;0.3142;0.0019;0.0173;-0.0133;0.0022;0.0077;0.0015;0;0;0.088;0;0.1951;0;0;0;0;0;0;0;0;0;0;0;0;0.0062;0.0004;0.2905;0.2905;0;13.363;13.363;4.0029;0.0406;267.21;1087.3;1;0.0074;0.0074;0;0;0;0;0;0;0.2831;0.1951;0;17.161;19.872;11.526;13.346;97.451;97.451;2.5774;2.3219;1.5594;0.2555;0.7625;0.0991;0.2958;0.605;57.347;0.5743;0
26/07/21 09:00;24.441;-40.177;44.074;35.164;54.836;-90;-54.836;170.91;157.5;13.41;10.02;5.04;0;23.285;121.07;6.6854;0;4.7112;155.75;0;155.75;23.285;6.6854;121.07;4.7112;0.1495;0.8076;0;0.0302;137.96;17.788;0;0;13.374;4.414;133.74;3.9483;0.2154;0.0618;3.6584;0.0127;137.69;0.2759;0.0466;0.0134;0.2154;0.0006;135.64;23.023;6.6102;103.82;0.284;104.39;90.402;24.882;14.707;1.5547;22.364;1.9038;9.2108;0;1;0;0;0.9113;0.8858;1;1;0.8895;0.0631;0.9713;0.9907;1;0.966;0.9573;0.998;0.998;1;0.998;0.998;0.8587;0.8575;0.0603;0.4677;0.4557;0.0027;0.0181;-0.0157;0.0032;0.0112;0.0044;0;0;0.088;0;0.3253;0;0;0;0;0;0;0;0;0;0;0;0;0.009;0.0007;0.4221;0.4221;0;15.442;15.442;5.4225;0.0405;387.46;1089.5;1;0.0088;0.0088;0;0;0;0;0;0;0.4133;0.3253;0;17.193;19.909;13.249;15.342;97.911;97.911;3.738;3.3736;2.5998;0.3644;0.7738;0.0975;0.207;0.6955;99.427;0.628;0
26/07/21 10:00;31.165;-26.078;50.226;53.988;36.012;-90;-36.012;246.9;216.9;29.998;10.74;5.5099;0;37.085;187.6;11.724;0;3.0669;239.47;0;239.47;37.085;11.724;187.6;3.0669;0.1549;0.7962;0;0.0128;225.58;13.892;0;0;11.125;2.7663;218.78;6.3539;0.4799;0.1517;5.6831;0.0392;225.13;0.4512;0.0742;0.0234;0.3529;0.0006;219.82;36.531;11.549;170.44;0.2607;148.75;128.82;32.921;5.33;1.3643;19.625;1.043;15.659;0;1;0;0;0.9699;0.942;1;1;0.9407;0.098;0.9718;0.987;1;0.9677;0.8693;0.998;0.998;1;0.998;0.998;0.9136;0.9085;0.085;0.7191;0.7034;0.0042;0.0169;-0.0135;0.0049;0.0173;0.0039;0;0;0.088;0;0.5549;0;0;0;0;0;0;0;0;0;0;0;0;0.0139;0.0014;0.6545;0.6545;0;19.604;19.604;8.8639;0.0405;600.63;1089.7;1;0.0116;0.0116;0;0;0;0;0;0;0.6429;0.5549;0;17.338;20.077;14.699;17.021;98.223;98.223;5.7474;5.231;4.4347;0.5164;0.7962;0.0899;0.1385;0.7716;129.29;0.727;0
26/07/21 11:00;34.96;-9.7876;53.864;76.334;13.666;-90;-13.666;423;220.8;202.2;12.1;5.94;0;208.1;159.74;60.482;0;0.7784;429.09;0;429.09;208.1;60.482;159.74;0.7784;0.485;0.3741;0;0.0018;426.49;2.6031;0;0;1.9542;0.6489;414.6;11.037;3.8267;1.1122;6.0695;0.029;425.63;0.853;0.4162;0.121;0.3156;0.0003;414.77;203.85;59.248;151.4;0.1002;247.54;214.37;52.519;0.1481;1.8507;26.622;0.1738;28.325;0;1;0;0;1.0144;0.9939;1;1;0.9878;0.1663;0.9741;0.9816;1;0.9615;0.7755;0.998;0.998;1;0.998;0.998;0.9662;0.9478;0.1287;1.2886;1.3054;0.0079;0.0091;0.0182;0.0089;0.0315;0.0052;0;0;0.088;0;1.0877;0;0;0;0;0;0;0;0;0;0;0;0;0.0254;0.0041;1.1951;1.1951;0;28.957;28.957;16.857;0.0407;1119;1068;1;0.0194;0.0194;0;0;0;0;0;0;1.1757;1.0877;0;17.668;20.46;16.081;18.621;98.376;98.376;10.298;9.5513;8.6929;0.7469;0.8584;0.0725;0.0834;0.8441;96.762;0.8067;0
26/07/21 12:00;35.204;7.5243;54.103;79.485;10.515;90;10.515;440.51;221.5;219;13.45;5.77;0;222.74;156.71;64.553;0;0.4808;444.48;0;444.48;222.74;64.553;156.71;0.4808;0.5011;0.3536;0;0.0011;442.84;1.639;0;0;1.2376;0.4014;430.23;11.732;4.2043;1.2185;6.2917;0.0178;441.96;0.8857;0.4455;0.1291;0.3109;0.0002;430.32;218.09;63.206;148.87;0.0614;258.65;223.99;55.136;0.0552;1.9105;27.482;0.0929;29.337;0;1;0;0;1.009;0.9963;1;1;0.9921;0.1651;0.9735;0.9811;1;0.9595;0.7747;0.998;0.998;1;0.998;0.998;0.9679;0.95;0.1276;1.3348;1.354;0.0082;0.0084;0.0285;0.0092;0.0325;0.0053;0;0;0.088;0;1.1236;0;0;0;0;0;0;0;0;0;0;0;0;0.0262;0.0044;1.2314;1.2314;0;30.969;30.969;17.519;0.0407;1161.5;1060.2;1;0.0198;0.0198;0;0;0;0;0;0;1.2116;1.1236;0;17.575;20.351;16.036;18.569;98.389;98.389;10.668;9.8417;8.9798;0.8259;0.8618;0.0774;0.0808;0.8418;94.057;0.8045;0
26/07/21 13:00;31.851;24.039;50.873;56.746;33.254;90;33.254;398.9;216.3;182.6;14.1;5.22;0;218.35;146.76;67.506;0;4.2457;436.86;0;436.86;218.35;67.506;146.76;4.2457;0.4998;0.3457;0;0.0097;425.38;11.483;0;0;7.6929;3.7905;416.06;8.4649;2.984;0.9225;4.4877;0.0707;424.53;0.8508;0.4367;0.135;0.2781;0.0009;417.36;214.93;66.448;134.3;0.3836;220.78;191.2;48.533;3.1718;1.7383;25.005;1.2932;23.572;0;1;0;0;1.0952;0.9737;1;1;0.9476;0.1072;0.9801;0.9863;1;0.9677;0.8445;0.998;0.998;1;0.998;0.998;0.9524;0.9151;0.0904;1.3119;1.3097;0.0079;0.009;0.028;0.0089;0.0314;0.0048;0;0;0.088;0;1.0832;0;0;0;0;0;0;0;0;0;0;0;0;0.0253;0.0041;1.1904;1.1904;0;31.046;31.046;16.946;0.0407;1123.6;1059.5;1;0.0192;0.0192;0;0;0;0;0;0;1.1712;1.0832;0;17.285;20.016;15.729;18.213;98.387;98.387;10.485;9.5134;8.6567;0.9713;0.8568;0.0926;0.0817;0.8256;99.021;0.7917;0
26/07/21 14:00;25.467;38.455;44.992;37.446;52.554;90;52.554;187.9;176.7;11.201;13.7;4.26;0;18.422;139.28;5.71;0;4.7876;168.2;0;168.2;18.422;5.71;139.28;4.7876;0.1095;0.8565;0;0.0285;149.21;18.987;0;0;14.495;4.4921;144.48;4.4308;0.1802;0.0559;4.1827;0.012;148.91;0.2984;0.0368;0.0114;0.2496;0.0006;146.41;18.205;5.6428;120.35;0.2829;116.39;100.79;27.5;14.574;1.6306;23.455;1.9317;10.511;0;1;0;0;0.8951;0.8871;1;1;0.8959;0.0617;0.9702;0.9902;1;0.9664;0.9594;0.998;0.998;1;0.998;0.998;0.859;0.8641;0.0591;0.5051;0.4904;0.003;0.0181;-0.0096;0.0034;0.0119;0.0046;0;0;0.088;0;0.3519;0;0;0;0;0;0;0;0;0;0;0;0;0.0096;0.0008;0.4488;0.4488;0;19.575;19.575;5.8745;0.0407;417.46;1075.2;1;0.009;0.009;0;0;0;0;0;0;0.4399;0.3519;0;16.928;19.603;13.271;15.368;98.004;98.004;4.0368;3.5872;2.8123;0.4496;0.7749;0.1114;0.192;0.6967;111.62;0.6308;0
26/07/21 15:00;16.858;50.518;45.304;21.436;40.98;90;40.98;128.69;122.1;6.5906;13.8;3.1099;0;15.984;105.31;5.0761;0;2.05;128.42;0;128.42;15.984;5.0761;105.31;2.05;0.1245;0.836;0;0.016;118.9;9.5189;0;0;7.6288;1.89;115.28;3.3806;0.1593;0.0506;3.1571;0.0136;118.66;0.2378;0.032;0.0102;0.1954;0.0003;115.99;15.793;5.0153;94.324;0.146;75.679;65.538;17.122;4.6613;0.7966;11.459;0.714;7.5939;0;1;0;0;0.9978;0.9259;1;1;0.9276;0.078;0.9715;0.99;1;0.9676;0.9146;0.998;0.998;1;0.998;0.998;0.8977;0.8957;0.0712;0.3856;0.3735;0.0022;0.0178;-0.0088;0.0025;0.009;0.0022;0;0;0.088;0;0.245;0;0;0;0;0;0;0;0;0;0;0;0;0.0072;0.0005;0.3408;0.3408;0;18.493;18.493;4.6929;0.0407;318.05;1071.6;1;0.0078;0.0078;0;0;0;0;0;0;0.333;0.245;0;16.836;19.496;12.104;14.017;97.717;97.717;3.082;2.7238;1.9583;0.3582;0.7655;0.1162;0.2484;0.6354;75.636;0.5956;0
26/07/21 16:00;6.7354;60.635;73.474;7.7171;11.289;90;11.289;35.709;35.202;0.507;13;3.06;0;1.2296;34.748;0.2784;0;0.0449;36.301;0;36.301;1.2296;0.2784;34.748;0.0449;0.0339;0.9585;0;0.0012;35.954;0.3466;0;0;0.3091;0.0375;34.267;1.615;0.1926;0.0436;1.3771;0.0017;35.882;0.0719;0.0025;0.0006;0.0689;0;34.276;1.0345;0.2342;32.993;0.0057;20.902;18.101;4.2837;0.016;0.1663;2.3924;0.0085;2.5427;0;1;0;0;1.0166;0.9905;1;1;0.9911;0.1651;0.955;0.843;1;0.9599;0.7746;0.998;0.998;1;0.998;0.998;0.944;0.9495;0.1276;0.109;0.1083;0.0007;0.0117;-0.0042;0.0007;0.0025;0.0004;0;0;0.088;0;0.002;0;0;0;0;0;0;0;0;0;0;0;0;0.002;0.0001;0.0945;0.0945;0;14.41;14.41;1.4097;0.0411;90.91;1039;1;0.0045;0.0045;0;0;0;0;0;0;0.09;0.002;0;16.506;19.114;0.3418;0.3958;95.235;95.235;0.8712;0.7549;0.0156;0.1163;0.7393;0.1335;0.8485;0.0179;20.899;0.0171;0
26/07/21 17:00;0.7179;65.587;88.259;0.7884;1.1239;90;1.1239;0;0;0;11.1;3.31;0;0;0;0;0;0;0;0;0;0;0;0;0;1;1;1;1;0;0;0;0;0;0;0;0;0;0;0;0;0;0;0;0;0;0;0;0;0;0;0;0;0;0;0;0;0;0;0;0;0;0;0;1;1;1;1;1;1;1;1;1;1;1;1;1;1;1;1;1;1;1;0;0;0;0;0;0;0;0;0;0.0004;0.088;0;-0.0884;0;0;0;0;0;0;0;0;0;0;0;0;0;0;0;0;0;0;0;-11.1;0;0;0;0;0.0004;0;0;0;0;0;0;0;-0.0004;-0.0884;0;0;0;0;0;0;0;0;0;-0.7063;0;0.7063;1;1;0;0;0;0
26/07/21 18:00;0;0;90;0;0;90;0;0;0;0;9.5899;3.56;0;0;0;0;0;0;0;0;0;0;0;0;0;1;1;1;1;0;0;0;0;0;0;0;0;0;0;0;0;0;0;0;0;0;0;0;0;0;0;0;0;0;0;0;0;0;0;0;0;0;0;0;1;1;1;1;1;1;1;1;1;1;1;1;1;1;1;1;1;1;1;0;0;0;0;0;0;0;0;0;0.0004;0.088;0;-0.0884;0;0;0;0;0;0;0;0;0;0;0;0;0;0;0;0;0;0;0;-9.5899;0;0;0;0;0.0004;0;0;0;0;0;0;0;-0.0004;-0.0884;0;0;0;0;0;0;0;0;0;-0.7063;0;0.7063;1;1;0;0;0;0
26/07/21 19:00;0;0;90;0;0;90;0;0;0;0;8.9198;3.64;0;0;0;0;0;0;0;0;0;0;0;0;0;1;1;1;1;0;0;0;0;0;0;0;0;0;0;0;0;0;0;0;0;0;0;0;0;0;0;0;0;0;0;0;0;0;0;0;0;0;0;0;1;1;1;1;1;1;1;1;1;1;1;1;1;1;1;1;1;1;1;0;0;0;0;0;0;0;0;0;0.0004;0.088;0;-0.0884;0;0;0;0;0;0;0;0;0;0;0;0;0;0;0;0;0;0;0;-8.9198;0;0;0;0;0.0004;0;0;0;0;0;0;0;-0.0004;-0.0884;0;0;0;0;0;0;0;0;0;-0.7063;0;0.7063;1;1;0;0;0;0
26/07/21 20:00;0;0;90;0;0;90;0;0;0;0;8.9902;3.4;0;0;0;0;0;0;0;0;0;0;0;0;0;1;1;1;1;0;0;0;0;0;0;0;0;0;0;0;0;0;0;0;0;0;0;0;0;0;0;0;0;0;0;0;0;0;0;0;0;0;0;0;1;1;1;1;1;1;1;1;1;1;1;1;1;1;1;1;1;1;1;0;0;0;0;0;0;0;0;0;0.0004;0.088;0;-0.0884;0;0;0;0;0;0;0;0;0;0;0;0;0;0;0;0;0;0;0;-8.9902;0;0;0;0;0.0004;0;0;0;0;0;0;0;-0.0004;-0.0884;0;0;0;0;0;0;0;0;0;-0.7063;0;0.7063;1;1;0;0;0;0
26/07/21 21:00;0;0;90;0;0;90;0;0;0;0;9.77;3.1899;0;0;0;0;0;0;0;0;0;0;0;0;0;1;1;1;1;0;0;0;0;0;0;0;0;0;0;0;0;0;0;0;0;0;0;0;0;0;0;0;0;0;0;0;0;0;0;0;0;0;0;0;1;1;1;1;1;1;1;1;1;1;1;1;1;1;1;1;1;1;1;0;0;0;0;0;0;0;0;0;0.0004;0.088;0;-0.0884;0;0;0;0;0;0;0;0;0;0;0;0;0;0;0;0;0;0;0;-9.77;0;0;0;0;0.0004;0;0;0;0;0;0;0;-0.0004;-0.0884;0;0;0;0;0;0;0;0;0;-0.7063;0;0.7063;1;1;0;0;0;0
26/07/21 22:00;0;0;90;0;0;90;0;0;0;0;9.2801;3;0;0;0;0;0;0;0;0;0;0;0;0;0;1;1;1;1;0;0;0;0;0;0;0;0;0;0;0;0;0;0;0;0;0;0;0;0;0;0;0;0;0;0;0;0;0;0;0;0;0;0;0;1;1;1;1;1;1;1;1;1;1;1;1;1;1;1;1;1;1;1;0;0;0;0;0;0;0;0;0;0.0004;0.088;0;-0.0884;0;0;0;0;0;0;0;0;0;0;0;0;0;0;0;0;0;0;0;-9.2801;0;0;0;0;0.0004;0;0;0;0;0;0;0;-0.0004;-0.0884;0;0;0;0;0;0;0;0;0;-0.7063;0;0.7063;1;1;0;0;0;0
26/07/21 23:00;0;0;90;0;0;90;0;0;0;0;9.4802;2.8799;0;0;0;0;0;0;0;0;0;0;0;0;0;1;1;1;1;0;0;0;0;0;0;0;0;0;0;0;0;0;0;0;0;0;0;0;0;0;0;0;0;0;0;0;0;0;0;0;0;0;0;0;1;1;1;1;1;1;1;1;1;1;1;1;1;1;1;1;1;1;1;0;0;0;0;0;0;0;0;0;0.0004;0.088;0;-0.0884;0;0;0;0;0;0;0;0;0;0;0;0;0;0;0;0;0;0;0;-9.4802;0;0;0;0;0.0004;0;0;0;0;0;0;0;-0.0004;-0.0884;0;0;0;0;0;0;0;0;0;-0.7063;0;0.7063;1;1;0;0;0;0
27/07/21 00:00;0;0;90;0;0;90;0;0;0;0;9.7002;2.83;0;0;0;0;0;0;0;0;0;0;0;0;0;1;1;1;1;0;0;0;0;0;0;0;0;0;0;0;0;0;0;0;0;0;0;0;0;0;0;0;0;0;0;0;0;0;0;0;0;0;0;0;1;1;1;1;1;1;1;1;1;1;1;1;1;1;1;1;1;1;1;0;0;0;0;0;0;0;0;0;0.0004;0.088;0;-0.0884;0;0;0;0;0;0;0;0;0;0;0;0;0;0;0;0;0;0;0;-9.7002;0;0;0;0;0.0004;0;0;0;0;0;0;0;-0.0004;-0.0884;0;0;0;0;0;0;0;0;0;-0.7063;0;0.7063;1;1;0;0;0;0
27/07/21 01:00;0;0;90;0;0;90;0;0;0;0;8.6;2.7701;0;0;0;0;0;0;0;0;0;0;0;0;0;1;1;1;1;0;0;0;0;0;0;0;0;0;0;0;0;0;0;0;0;0;0;0;0;0;0;0;0;0;0;0;0;0;0;0;0;0;0;0;1;1;1;1;1;1;1;1;1;1;1;1;1;1;1;1;1;1;1;0;0;0;0;0;0;0;0;0;0.0004;0.088;0;-0.0884;0;0;0;0;0;0;0;0;0;0;0;0;0;0;0;0;0;0;0;-8.6;0;0;0;0;0.0004;0;0;0;0;0;0;0;-0.0004;-0.0884;0;0;0;0;0;0;0;0;0;-0.7063;0;0.7063;1;1;0;0;0;0
27/07/21 02:00;0;0;90;0;0;90;0;0;0;0;8.2802;2.76;0;0;0;0;0;0;0;0;0;0;0;0;0;1;1;1;1;0;0;0;0;0;0;0;0;0;0;0;0;0;0;0;0;0;0;0;0;0;0;0;0;0;0;0;0;0;0;0;0;0;0;0;1;1;1;1;1;1;1;1;1;1;1;1;1;1;1;1;1;1;1;0;0;0;0;0;0;0;0;0;0.0004;0.088;0;-0.0884;0;0;0;0;0;0;0;0;0;0;0;0;0;0;0;0;0;0;0;-8.2802;0;0;0;0;0.0004;0;0;0;0;0;0;0;-0.0004;-0.0884;0;0;0;0;0;0;0;0;0;-0.7063;0;0.7063;1;1;0;0;0;0
27/07/21 03:00;0;0;90;0;0;90;0;0;0;0;7.5603;2.92;0;0;0;0;0;0;0;0;0;0;0;0;0;1;1;1;1;0;0;0;0;0;0;0;0;0;0;0;0;0;0;0;0;0;0;0;0;0;0;0;0;0;0;0;0;0;0;0;0;0;0;0;1;1;1;1;1;1;1;1;1;1;1;1;1;1;1;1;1;1;1;0;0;0;0;0;0;0;0;0;0.0004;0.088;0;-0.0884;0;0;0;0;0;0;0;0;0;0;0;0;0;0;0;0;0;0;0;-7.5603;0;0;0;0;0.0004;0;0;0;0;0;0;0;-0.0004;-0.0884;0;0;0;0;0;0;0;0;0;-0.7063;0;0.7063;1;1;0;0;0;0
27/07/21 04:00;0;0;90;0;0;90;0;0;0;0;7.3802;3.1999;0;0;0;0;0;0;0;0;0;0;0;0;0;1;1;1;1;0;0;0;0;0;0;0;0;0;0;0;0;0;0;0;0;0;0;0;0;0;0;0;0;0;0;0;0;0;0;0;0;0;0;0;1;1;1;1;1;1;1;1;1;1;1;1;1;1;1;1;1;1;1;0;0;0;0;0;0;0;0;0;0.0004;0.088;0;-0.0884;0;0;0;0;0;0;0;0;0;0;0;0;0;0;0;0;0;0;0;-7.3802;0;0;0;0;0.0004;0;0;0;0;0;0;0;-0.0004;-0.0884;0;0;0;0;0;0;0;0;0;-0.7063;0;0.7063;1;1;0;0;0;0
27/07/21 05:00;0;0;90;0;0;90;0;0;0;0;7.4001;3.47;0;0;0;0;0;0;0;0;0;0;0;0;0;1;1;1;1;0;0;0;0;0;0;0;0;0;0;0;0;0;0;0;0;0;0;0;0;0;0;0;0;0;0;0;0;0;0;0;0;0;0;0;1;1;1;1;1;1;1;1;1;1;1;1;1;1;1;1;1;1;1;0;0;0;0;0;0;0;0;0;0.0004;0.088;0;-0.0884;0;0;0;0;0;0;0;0;0;0;0;0;0;0;0;0;0;0;0;-7.4001;0;0;0;0;0.0004;0;0;0;0;0;0;0;-0.0004;-0.0884;0;0;0;0;0;0;0;0;0;-0.7063;0;0.7063;1;1;0;0;0;0
27/07/21 06:00;0;0;90;0;0;90;0;0;0;0;6.8198;3.79;0;0;0;0;0;0;0;0;0;0;0;0;0;1;1;1;1;0;0;0;0;0;0;0;0;0;0;0;0;0;0;0;0;0;0;0;0;0;0;0;0;0;0;0;0;0;0;0;0;0;0;0;1;1;1;1;1;1;1;1;1;1;1;1;1;1;1;1;1;1;1;0;0;0;0;0;0;0;0;0;0.0004;0.088;0;-0.0884;0;0;0;0;0;0;0;0;0;0;0;0;0;0;0;0;0;0;0;-6.8198;0;0;0;0;0.0004;0;0;0;0;0;0;0;-0.0004;-0.0884;0;0;0;0;0;0;0;0;0;-0.7063;0;0.7063;1;1;0;0;0;0
27/07/21 07:00;5.46;-62.032;76.658;6.1767;8.9497;-90;-8.9497;63.409;26.402;37.008;6.8802;4.5399;0;89.754;18.545;18.78;0;0.0502;127.13;0;127.13;89.754;18.78;18.545;0.0502;0.706;0.1463;0;0.0004;126.98;0.1535;0;0;0.1116;0.0418;101.93;24.789;19.867;4.1569;0.7634;0.0019;126.72;0.254;0.1795;0.0376;0.0369;0;101.93;69.707;14.585;17.633;0.0064;11.309;9.7932;2.3379;0.0035;0.0883;1.2705;0.0024;1.3554;0;1;0;0;2.0049;0.9988;1;1;0.994;0.166;0.8044;0.7782;1;0.9585;0.7754;0.998;0.998;1;0.998;0.998;0.8018;0.9508;0.1285;0.3818;0.3097;0.0019;0.0172;-0.0157;0.0021;0.0076;0.0003;0;0;0.088;0;0.1943;0;0;0;0;0;0;0;0;0;0;0;0;0.0061;0.0004;0.2899;0.2899;0;11.008;11.008;4.1282;0.0405;263.73;1099;1;0.0075;0.0075;0;0;0;0;0;0;0.2823;0.1943;0;14.463;16.748;9.6972;11.229;97.407;97.407;3.0511;2.3165;1.5531;0.7346;0.7634;0.2408;0.2502;0.509;11.089;0.5053;0
27/07/21 08:00;15.76;-52.115;48.799;19.676;35.068;-90;-35.068;234.9;44.003;190.9;8.85;4.64;0;462.99;18.803;56.564;0;2.7717;541.13;0;541.13;462.99;56.564;18.803;2.7717;0.8556;0.0399;0;0.0051;537.57;3.559;0;0;1.0697;2.4893;529.64;6.8484;5.5588;0.6791;0.5713;0.0392;536.49;1.0751;0.926;0.1131;0.0355;0.0006;529.75;456.5;55.771;17.127;0.2426;13.913;12.049;2.8988;0.4883;0.1387;1.9947;0.1081;1.6451;0;1;0;0;2.3036;0.9934;1;1;0.9431;0.1019;0.9872;0.988;1;0.9677;0.861;0.998;0.998;1;0.998;0.998;0.9788;0.9108;0.0875;1.625;1.5998;0.0096;0.005;0.0302;0.0109;0.0386;0.0004;0;0;0.088;0;1.3562;0;0;0;0;0;0;0;0;0;0;0;0;0.0311;0.006;1.468;1.468;0;30.385;30.385;21.535;0.0407;1375.5;1067.3;1;0.0238;0.0238;0;0;0;0;0;0;1.4442;1.3562;0;17.209;19.928;15.898;18.41;98.376;98.376;12.987;11.732;10.838;1.2547;0.8938;0.0966;0.0688;0.8346;12.863;0.8323;0
27/07/21 09:00;24.627;-40.319;43.876;35.317;54.683;-90;-54.683;392;69.599;322.4;11.68;5.3301;0;557.69;22.878;70.239;0;10.75;661.56;0;661.56;557.69;70.239;22.878;10.75;0.843;0.0508;0;0.0162;648.97;12.589;0;0;2.5171;10.072;641.22;6.4548;5.0936;0.6415;0.691;0.0287;647.67;1.2979;1.1154;0.1405;0.0407;0.0014;643.43;551.48;69.457;19.629;0.6485;124.12;107.49;26.138;2.7544;1.115;16.039;2.2117;14.399;0;1;0;0;1.6877;0.981;1;1;0.89;0.0631;0.99;0.9908;1;0.966;0.9577;0.998;0.998;1;0.998;0.998;0.9693;0.858;0.0603;1.9867;1.9718;0.0119;0.0007;0.089;0.0131;0.0464;0.003;0;0;0.088;0;1.6444;0;0;0;0;0;0;0;0;0;0;0;0;0.0374;0.0088;1.7614;1.7614;0;37.897;37.897;26.217;0.0409;1695.4;1039;1;0.029;0.029;0;0;0;0;0;0;1.7324;1.6444;0;16.89;19.559;15.768;18.26;98.354;98.354;15.877;14.077;13.142;1.8;0.935;0.1134;0.0589;0.8277;18.757;0.813;0
27/07/21 10:00;31.373;-26.181;50.014;54.111;35.889;-90;-35.889;508.99;88.697;420.3;14.13;6.5399;0;518.79;31.406;66.651;0;6.281;623.12;0;623.12;518.79;66.651;31.406;6.281;0.8326;0.0605;0;0.0101;615.61;7.515;0;0;1.8526;5.6624;605.9;8.4807;6.5997;0.8479;0.9518;0.0814;614.38;1.2312;1.0376;0.1333;0.0591;0.0012;607.7;511.15;65.669;28.542;0.536;255.71;221.45;56.493;0.8834;1.8137;26.09;1.8024;27.02;0;1;0;0;1.2242;0.9879;1;1;0.941;0.0985;0.9862;0.9873;1;0.9677;0.8682;0.998;0.998;1;0.998;0.998;0.9724;0.9088;0.0853;1.8712;1.8853;0.0113;0.0016;0.0921;0.0125;0.0442;0.0049;0;0;0.088;0;1.5598;0;0;0;0;0;0;0;0;0;0;0;0;0.0356;0.0081;1.6751;1.6751;0;38.929;38.929;24.799;0.0409;1620.5;1033.7;1;0.0272;0.0272;0;0;0;0;0;0;1.6478;1.5598;0;17.053;19.747;15.88;18.388;98.374;98.374;14.955;13.387;12.466;1.5679;0.9209;0.1048;0.0616;0.8336;21.624;0.8082;0
27/07/21 11:00;35.183;-9.8315;53.64;76.385;13.615;-90;-13.615;443.01;208.3;234.71;15.1;7.36;0;241.49;142.29;65.832;0;0.8092;450.42;0;450.42;241.49;65.832;142.29;0.8092;0.5361;0.3177;0;0.0018;448.02;2.4044;0;0;1.7299;0.6746;436.17;10.958;4.3344;1.1816;5.4116;0.0302;447.12;0.896;0.483;0.1317;0.2811;0.0003;436.35;236.68;64.519;134.87;0.1042;258.77;224.1;55.061;0.1302;1.9229;27.66;0.1809;29.452;0;1;0;0;1.0167;0.9947;1;1;0.9878;0.1664;0.9755;0.982;1;0.9614;0.7754;0.998;0.998;1;0.998;0.998;0.9683;0.9478;0.1287;1.3526;1.3725;0.0083;0.0081;0.0382;0.0092;0.0327;0.0053;0;0;0.088;0;1.132;0;0;0;0;0;0;0;0;0;0;0;0;0.0263;0.0045;1.2398;1.2398;0;32.888;32.888;17.788;0.0408;1178;1052.5;1;0.0198;0.0198;0;0;0;0;0;0;1.22;1.132;0;17.461;20.22;15.943;18.461;98.4;98.4;10.81;9.9087;9.0468;0.9015;0.8618;0.0834;0.0797;0.8369;86.179;0.8001;0
27/07/21 12:00;35.429;7.5527;53.879;79.532;10.468;90;10.468;607.51;100.5;507.01;16.27;7.61;0;515.59;33.931;67.403;0;0.6572;617.58;0;617.58;515.59;67.403;33.931;0.6572;0.8349;0.056;0;0.0011;616.77;0.8146;0;0;0.266;0.5487;603.41;12.125;9.4958;1.2414;1.3634;0.0244;615.53;1.2335;1.0312;0.1348;0.0673;0.0002;603.54;505.06;66.027;32.234;0.0839;354.45;306.96;76.996;0.0119;2.5205;36.257;0.1297;38.765;0;1;0;0;1.0166;0.9987;1;1;0.9922;0.1651;0.9803;0.9815;1;0.9594;0.7747;0.998;0.998;1;0.998;0.998;0.9771;0.95;0.1276;1.8546;1.8942;0.0114;0.0015;0.1065;0.0124;0.0441;0.0068;0;0;0.088;0;1.553;0;0;0;0;0;0;0;0;0;0;0;0;0.0355;0.0082;1.668;1.668;0;41.01;41.01;24.74;0.041;1627.3;1025;1;0.0269;0.0269;0;0;0;0;0;0;1.641;1.553;0;17.133;19.839;15.952;18.472;98.385;98.385;14.822;13.33;12.412;1.4916;0.9186;0.1006;0.062;0.8374;20.363;0.8021;0
27/07/21 13:00;32.063;24.131;50.661;56.87;33.13;90;33.13;559.3;94.597;464.7;17.43;7.4001;0;554.91;29.539;74.567;0;5.9101;664.93;0;664.93;554.91;74.567;29.539;5.9101;0.8345;0.0533;0;0.0089;658.11;6.8128;0;0;1.5394;5.2734;647.35;9.4491;7.4455;1.0005;0.9037;0.0994;656.8;1.3162;1.1098;0.1491;0.056;0.0013;649.03;546.36;73.417;27.04;0.536;288.78;250.08;63.681;0.6316;2.0321;29.231;1.685;30.632;0;1;0;0;1.1889;0.9898;1;1;0.9479;0.1077;0.9856;0.9866;1;0.9677;0.8435;0.998;0.998;1;0.998;0.998;0.9736;0.9154;0.0907;1.9968;2.0164;0.0121;0.0003;0.1347;0.0131;0.0464;0.0054;0;0;0.088;0;1.6413;0;0;0;0;0;0;0;0;0;0;0;0;0.0374;0.0092;1.7578;1.7578;0;44.033;44.033;26.603;0.0411;1732.7;1014.5;1;0.0285;0.0285;0;0;0;0;0;0;1.7293;1.6413;0;16.77;19.419;15.659;18.133;98.381;98.381;15.958;14.048;13.118;1.9099;0.9308;0.1197;0.0583;0.822;19.912;0.7958;0
27/07/21 14:00;25.659;38.588;44.795;37.604;52.396;90;52.396;417.2;111;306.2;17.17;6.49;0;501.81;41.713;97.001;0;10.571;651.09;0;651.09;501.81;97.001;41.713;10.571;0.7707;0.0803;0;0.0162;636.85;14.24;0;0;4.3224;9.9175;628.51;7.0689;4.8522;0.938;1.2522;0.0265;635.58;1.2737;1.0036;0.194;0.0748;0.0013;631.04;495.95;95.869;36.064;0.6255;153.07;132.56;32.053;4.3216;1.4469;20.813;2.5341;17.939;0;1;0;0;1.5606;0.9781;1;1;0.8964;0.0618;0.9889;0.9903;1;0.9664;0.9594;0.998;0.998;1;0.998;0.998;0.9653;0.8646;0.0592;1.9552;1.9445;0.0117;0.001;0.1228;0.0127;0.0449;0.0039;0;0;0.088;0;1.5874;0;0;0;0;0;0;0;0;0;0;0;0;0.0362;0.0086;1.7028;1.7028;0;42.978;42.978;25.808;0.0411;1671.9;1018.5;1;0.0275;0.0275;0;0;0;0;0;0;1.6754;1.5874;0;16.591;19.212;15.466;17.909;98.386;98.386;15.626;13.609;12.686;2.0171;0.9229;0.1291;0.0591;0.8119;33.374;0.7929;0
27/07/21 15:00;17.028;50.674;44.747;21.6;41.627;90;41.627;249.69;122.4;127.29;16.3;5.4199;0;308.71;71.894;97.303;0;4.0983;482.01;0;482.01;308.71;97.303;71.894;4.0983;0.6405;0.1577;0;0.0085;472.89;9.1137;0;0;5.3293;3.7844;465.85;6.0928;2.9764;0.9381;2.1528;0.0254;471.95;0.9458;0.6174;0.1946;0.1331;0.0006;466.36;305.12;96.17;64.278;0.2878;52.745;45.677;12.044;3.3588;0.5552;7.986;0.5084;5.1824;0;1;0;0;1.9304;0.9811;1;1;0.9259;0.0766;0.9871;0.9903;1;0.9676;0.9189;0.998;0.998;1;0.998;0.998;0.9665;0.8941;0.0702;1.4475;1.4215;0.0086;0.0074;0.0519;0.0095;0.0336;0.0015;0;0;0.088;0;1.1689;0;0;0;0;0;0;0;0;0;0;0;0;0.0271;0.0048;1.2771;1.2771;0;35.331;35.331;19.031;0.0409;1222.5;1044.7;1;0.0203;0.0203;0;0;0;0;0;0;1.2569;1.1689;0;16.808;19.464;15.383;17.813;98.413;98.413;11.568;10.207;9.3415;1.3613;0.8653;0.1177;0.0748;0.8075;51.925;0.7976;0
27/07/21 16:00;6.8856;60.806;73.097;7.8757;11.534;90;11.534;74.7;67.198;7.5025;14.45;5.62;0;18.196;63.38;7.6907;0;0.0981;89.365;0;89.365;18.196;7.6907;63.38;0.0981;0.2036;0.7103;0;0.0011;88.698;0.6663;0;0;0.5845;0.0819;82.125;6.3962;2.7352;1.1561;2.5013;0.0036;88.521;0.1774;0.0364;0.0154;0.1256;0;82.141;15.424;6.5193;60.169;0.0125;38.198;33.079;7.8197;0.0316;0.3046;4.3822;0.0166;4.6553;0;1;0;0;1.1963;0.9925;1;1;0.9908;0.1651;0.9277;0.8494;1;0.9601;0.7746;0.998;0.998;1;0.998;0.998;0.919;0.9493;0.1276;0.2684;0.2566;0.0015;0.0164;-0.0068;0.0017;0.0061;0.0008;0;0;0.088;0;0.1369;0;0;0;0;0;0;0;0;0;0;0;0;0.0049;0.0003;0.2316;0.2316;0;17.803;17.803;3.3529;0.0408;218.24;1061.3;1;0.0067;0.0067;0;0;0;0;0;0;0.2249;0.1369;0;16.442;19.039;9.7193;11.255;97.107;97.107;2.1448;1.8511;1.0943;0.2937;0.7568;0.1369;0.3529;0.5102;38.145;0.4921;0
27/07/21 17:00;0.6723;65.909;88.369;0.7365;1.0499;90;1.0499;0;0;0;11.74;6.72;0;0;0;0;0;0;0;0;0;0;0;0;0;1;1;1;1;0;0;0;0;0;0;0;0;0;0;0;0;0;0;0;0;0;0;0;0;0;0;0;0;0;0;0;0;0;0;0;0;0;0;0;1;1;1;1;1;1;1;1;1;1;1;1;1;1;1;1;1;1;1;0;0;0;0;0;0;0;0;0;0.0004;0.088;0;-0.0884;0;0;0;0;0;0;0;0;0;0;0;0;0;0;0;0;0;0;0;-11.74;0;0;0;0;0.0004;0;0;0;0;0;0;0;-0.0004;-0.0884;0;0;0;0;0;0;0;0;0;-0.7063;0;0.7063;1;1;0;0;0;0
27/07/21 18:00;0;0;90;0;0;90;0;0;0;0;10.89;6.43;0;0;0;0;0;0;0;0;0;0;0;0;0;1;1;1;1;0;0;0;0;0;0;0;0;0;0;0;0;0;0;0;0;0;0;0;0;0;0;0;0;0;0;0;0;0;0;0;0;0;0;0;1;1;1;1;1;1;1;1;1;1;1;1;1;1;1;1;1;1;1;0;0;0;0;0;0;0;0;0;0.0004;0.088;0;-0.0884;0;0;0;0;0;0;0;0;0;0;0;0;0;0;0;0;0;0;0;-10.89;0;0;0;0;0.0004;0;0;0;0;0;0;0;-0.0004;-0.0884;0;0;0;0;0;0;0;0;0;-0.7063;0;0.7063;1;1;0;0;0;0
27/07/21 19:00;0;0;90;0;0;90;0;0;0;0;10.01;6.2901;0;0;0;0;0;0;0;0;0;0;0;0;0;1;1;1;1;0;0;0;0;0;0;0;0;0;0;0;0;0;0;0;0;0;0;0;0;0;0;0;0;0;0;0;0;0;0;0;0;0;0;0;1;1;1;1;1;1;1;1;1;1;1;1;1;1;1;1;1;1;1;0;0;0;0;0;0;0;0;0;0.0004;0.088;0;-0.0884;0;0;0;0;0;0;0;0;0;0;0;0;0;0;0;0;0;0;0;-10.01;0;0;0;0;0.0004;0;0;0;0;0;0;0;-0.0004;-0.0884;0;0;0;0;0;0;0;0;0;-0.7063;0;0.7063;1;1;0;0;0;0
27/07/21 20:00;0;0;90;0;0;90;0;0;0;0;10.8;6.3601;0;0;0;0;0;0;0;0;0;0;0;0;0;1;1;1;1;0;0;0;0;0;0;0;0;0;0;0;0;0;0;0;0;0;0;0;0;0;0;0;0;0;0;0;0;0;0;0;0;0;0;0;1;1;1;1;1;1;1;1;1;1;1;1;1;1;1;1;1;1;1;0;0;0;0;0;0;0;0;0;0.0004;0.088;0;-0.0884;0;0;0;0;0;0;0;0;0;0;0;0;0;0;0;0;0;0;0;-10.8;0;0;0;0;0.0004;0;0;0;0;0;0;0;-0.0004;-0.0884;0;0;0;0;0;0;0;0;0;-0.7063;0;0.7063;1;1;0;0;0;0
27/07/21 21:00;0;0;90;0;0;90;0;0;0;0;11;6.3899;0;0;0;0;0;0;0;0;0;0;0;0;0;1;1;1;1;0;0;0;0;0;0;0;0;0;0;0;0;0;0;0;0;0;0;0;0;0;0;0;0;0;0;0;0;0;0;0;0;0;0;0;1;1;1;1;1;1;1;1;1;1;1;1;1;1;1;1;1;1;1;0;0;0;0;0;0;0;0;0;0.0004;0.088;0;-0.0884;0;0;0;0;0;0;0;0;0;0;0;0;0;0;0;0;0;0;0;-11;0;0;0;0;0.0004;0;0;0;0;0;0;0;-0.0004;-0.0884;0;0;0;0;0;0;0;0;0;-0.7063;0;0.7063;1;1;0;0;0;0
27/07/21 22:00;0;0;90;0;0;90;0;0;0;0;10.92;6.33;0;0;0;0;0;0;0;0;0;0;0;0;0;1;1;1;1;0;0;0;0;0;0;0;0;0;0;0;0;0;0;0;0;0;0;0;0;0;0;0;0;0;0;0;0;0;0;0;0;0;0;0;1;1;1;1;1;1;1;1;1;1;1;1;1;1;1;1;1;1;1;0;0;0;0;0;0;0;0;0;0.0004;0.088;0;-0.0884;0;0;0;0;0;0;0;0;0;0;0;0;0;0;0;0;0;0;0;-10.92;0;0;0;0;0.0004;0;0;0;0;0;0;0;-0.0004;-0.0884;0;0;0;0;0;0;0;0;0;-0.7063;0;0.7063;1;1;0;0;0;0
27/07/21 23:00;0;0;90;0;0;90;0;0;0;0;11.58;6.3799;0;0;0;0;0;0;0;0;0;0;0;0;0;1;1;1;1;0;0;0;0;0;0;0;0;0;0;0;0;0;0;0;0;0;0;0;0;0;0;0;0;0;0;0;0;0;0;0;0;0;0;0;1;1;1;1;1;1;1;1;1;1;1;1;1;1;1;1;1;1;1;0;0;0;0;0;0;0;0;0;0.0004;0.088;0;-0.0884;0;0;0;0;0;0;0;0;0;0;0;0;0;0;0;0;0;0;0;-11.58;0;0;0;0;0.0004;0;0;0;0;0;0;0;-0.0004;-0.0884;0;0;0;0;0;0;0;0;0;-0.7063;0;0.7063;1;1;0;0;0;0
28/07/21 00:00;0;0;90;0;0;90;0;0;0;0;11.2;6.33;0;0;0;0;0;0;0;0;0;0;0;0;0;1;1;1;1;0;0;0;0;0;0;0;0;0;0;0;0;0;0;0;0;0;0;0;0;0;0;0;0;0;0;0;0;0;0;0;0;0;0;0;1;1;1;1;1;1;1;1;1;1;1;1;1;1;1;1;1;1;1;0;0;0;0;0;0;0;0;0;0.0004;0.088;0;-0.0884;0;0;0;0;0;0;0;0;0;0;0;0;0;0;0;0;0;0;0;-11.2;0;0;0;0;0.0004;0;0;0;0;0;0;0;-0.0004;-0.0884;0;0;0;0;0;0;0;0;0;-0.7063;0;0.7063;1;1;0;0;0;0
28/07/21 01:00;0;0;90;0;0;90;0;0;0;0;11.32;6.26;0;0;0;0;0;0;0;0;0;0;0;0;0;1;1;1;1;0;0;0;0;0;0;0;0;0;0;0;0;0;0;0;0;0;0;0;0;0;0;0;0;0;0;0;0;0;0;0;0;0;0;0;1;1;1;1;1;1;1;1;1;1;1;1;1;1;1;1;1;1;1;0;0;0;0;0;0;0;0;0;0.0004;0.088;0;-0.0884;0;0;0;0;0;0;0;0;0;0;0;0;0;0;0;0;0;0;0;-11.32;0;0;0;0;0.0004;0;0;0;0;0;0;0;-0.0004;-0.0884;0;0;0;0;0;0;0;0;0;-0.7063;0;0.7063;1;1;0;0;0;0
28/07/21 02:00;0;0;90;0;0;90;0;0;0;0;10.4;6.1301;0;0;0;0;0;0;0;0;0;0;0;0;0;1;1;1;1;0;0;0;0;0;0;0;0;0;0;0;0;0;0;0;0;0;0;0;0;0;0;0;0;0;0;0;0;0;0;0;0;0;0;0;1;1;1;1;1;1;1;1;1;1;1;1;1;1;1;1;1;1;1;0;0;0;0;0;0;0;0;0;0.0004;0.088;0;-0.0884;0;0;0;0;0;0;0;0;0;0;0;0;0;0;0;0;0;0;0;-10.4;0;0;0;0;0.0004;0;0;0;0;0;0;0;-0.0004;-0.0884;0;0;0;0;0;0;0;0;0;-0.7063;0;0.7063;1;1;0;0;0;0
28/07/21 03:00;0;0;90;0;0;90;0;0;0;0;10.11;6.09;0;0;0;0;0;0;0;0;0;0;0;0;0;1;1;1;1;0;0;0;0;0;0;0;0;0;0;0;0;0;0;0;0;0;0;0;0;0;0;0;0;0;0;0;0;0;0;0;0;0;0;0;1;1;1;1;1;1;1;1;1;1;1;1;1;1;1;1;1;1;1;0;0;0;0;0;0;0;0;0;0.0004;0.088;0;-0.0884;0;0;0;0;0;0;0;0;0;0;0;0;0;0;0;0;0;0;0;-10.11;0;0;0;0;0.0004;0;0;0;0;0;0;0;-0.0004;-0.0884;0;0;0;0;0;0;0;0;0;-0.7063;0;0.7063;1;1;0;0;0;0
28/07/21 04:00;0;0;90;0;0;90;0;0;0;0;11.17;6.72;0;0;0;0;0;0;0;0;0;0;0;0;0;1;1;1;1;0;0;0;0;0;0;0;0;0;0;0;0;0;0;0;0;0;0;0;0;0;0;0;0;0;0;0;0;0;0;0;0;0;0;0;1;1;1;1;1;1;1;1;1;1;1;1;1;1;1;1;1;1;1;0;0;0;0;0;0;0;0;0;0.0004;0.088;0;-0.0884;0;0;0;0;0;0;0;0;0;0;0;0;0;0;0;0;0;0;0;-11.17;0;0;0;0;0.0004;0;0;0;0;0;0;0;-0.0004;-0.0884;0;0;0;0;0;0;0;0;0;-0.7063;0;0.7063;1;1;0;0;0;0
28/07/21 05:00;0;0;90;0;0;90;0;0;0;0;11.23;6.73;0;0;0;0;0;0;0;0;0;0;0;0;0;1;1;1;1;0;0;0;0;0;0;0;0;0;0;0;0;0;0;0;0;0;0;0;0;0;0;0;0;0;0;0;0;0;0;0;0;0;0;0;1;1;1;1;1;1;1;1;1;1;1;1;1;1;1;1;1;1;1;0;0;0;0;0;0;0;0;0;0.0004;0.088;0;-0.0884;0;0;0;0;0;0;0;0;0;0;0;0;0;0;0;0;0;0;0;-11.23;0;0;0;0;0.0004;0;0;0;0;0;0;0;-0.0004;-0.0884;0;0;0;0;0;0;0;0;0;-0.7063;0;0.7063;1;1;0;0;0;0
28/07/21 06:00;0;0;90;0;0;90;0;0;0;0;10.6;6.4;0;0;0;0;0;0;0;0;0;0;0;0;0;1;1;1;1;0;0;0;0;0;0;0;0;0;0;0;0;0;0;0;0;0;0;0;0;0;0;0;0;0;0;0;0;0;0;0;0;0;0;0;1;1;1;1;1;1;1;1;1;1;1;1;1;1;1;1;1;1;1;0;0;0;0;0;0;0;0;0;0.0004;0.088;0;-0.0884;0;0;0;0;0;0;0;0;0;0;0;0;0;0;0;0;0;0;0;-10.6;0;0;0;0;0.0004;0;0;0;0;0;0;0;-0.0004;-0.0884;0;0;0;0;0;0;0;0;0;-0.7063;0;0.7063;1;1;0;0;0;0
28/07/21 07:00;5.609;-62.21;76.288;6.3346;9.1865;-90;-9.1865;3.8092;3.7981;0.0111;11.1;5.61;0;0.0269;3.7735;0.0008;0;0.0032;3.8044;3.8044;0;0.0269;0;0;0;1;1;1;1;0;0;0;0;0;0;0;0;0;0;0;0;0;0;0;0;0;0;0;0;0;0;0;0;0;0;0;0;0;0;0;0;0;0;0;0;1;1;1;1;1;1;1;1;1;1;1;0;1;0;0;1;0;0;0;0;0;0;0;0;0;0;0;0.0004;0.088;0;-0.0884;0;0;0;0;0;0;0;0;0;0;0;0;0;0;0;0;0;0;0;-11.1;0;0;0;0;0.0004;0;0;0;0;0;0;0;-0.0004;-0.0884;0;0;0;0;0;0;0;0;0;-0.7063;0;0.7063;1;1;0;0;0;0
28/07/21 08:00;15.928;-52.279;48.273;19.839;35.557;-90;-35.557;27.993;27.699;0.2945;10.9;4.7701;0;0.7142;25.096;0.0543;0;0.3393;26.204;0;26.204;0.7142;0.0543;25.096;0.3393;0.0273;0.9707;0;0.0129;24.439;1.7644;0;0;1.459;0.3054;23.616;0.7748;0.0084;0.0006;0.7613;0.0046;24.39;0.0489;0.0014;0.0001;0.0473;0.0001;23.733;0.7044;0.0536;22.828;0.0293;17.236;14.926;3.8083;0.6826;0.1627;2.3405;0.1171;1.8206;0;1;0;0;0.9361;0.9327;1;1;0.9419;0.0999;0.9682;0.9883;1;0.9677;0.8652;0.998;0.998;1;0.998;0.998;0.9012;0.9096;0.0862;0.0787;0.0764;0.0005;0.0098;-0.0037;0.0005;0.0017;0.0004;0;0;0.088;0;-0.026;0;0;0;0;0;0;0;0;0;0;0;0;0.0014;0.0001;0.0657;0.0657;0;11.875;11.875;0.9746;0.0413;63.543;1033.8;1;0.0037;0.0037;0;0;0;0;0;0;0.062;-0.026;0;15.903;18.415;-6.2965;-7.2912;94.37;94.37;0.6289;0.525;-0.2079;0.1039;0.7329;0.1652;1.1653;0;17.234;0;0
28/07/21 09:00;24.819;-40.462;43.675;35.475;54.525;-90;-54.525;35.905;35.701;0.2035;10.94;4.8;0;0.3507;28.2;0.0225;0;0.9794;29.552;0;29.552;0.3507;0.0225;28.2;0.9794;0.0119;0.9874;0;0.0331;25.545;4.0071;0;0;3.0896;0.9175;24.637;0.8573;0.0032;0.0002;0.8513;0.0026;25.494;0.0511;0.0007;0;0.0502;0.0001;25.053;0.3468;0.0222;24.209;0.0591;23.144;20.043;5.5535;3.3576;0.3486;5.0143;0.4157;2.0052;0;1;0;0;0.8231;0.8644;1;1;0.8904;0.0632;0.9664;0.991;1;0.966;0.958;0.998;0.998;1;0.998;0.998;0.8337;0.8585;0.0604;0.0887;0.086;0.0005;0.0104;-0.0041;0.0006;0.002;0.0009;0;0;0.088;0;-0.0178;0;0;0;0;0;0;0;0;0;0;0;0;0.0016;0.0001;0.0741;0.0741;0;11.956;11.956;1.0162;0.0412;71.547;1035.6;1;0.0039;0.0039;0;0;0;0;0;0;0.0702;-0.0178;0;15.905;18.418;-3.8289;-4.4338;94.693;94.693;0.7093;0.5922;-0.1426;0.1171;0.7347;0.1651;1.0359;0;23.081;0;0
28/07/21 10:00;31.587;-26.285;49.797;54.238;35.762;-90;-35.762;28.091;27.998;0.0928;11.16;6.24;0;0.1144;25.355;0.0046;0;0.3443;25.818;0;25.818;0.1144;0.0046;25.355;0.3443;0.0044;0.9954;0;0.0133;24.021;1.7975;0;0;1.4874;0.3102;23.198;0.7747;0.0014;0.0001;0.7687;0.0045;23.973;0.048;0.0002;0;0.0477;0.0001;23.318;0.1127;0.0045;23.051;0.0295;17.488;15.145;3.8724;0.7034;0.1653;2.3771;0.12;1.839;0;1;0;0;0.9191;0.9304;1;1;0.9413;0.099;0.9677;0.9874;1;0.9677;0.8671;0.998;0.998;1;0.998;0.998;0.8985;0.9091;0.0857;0.0775;0.0752;0.0005;0.0098;-0.0035;0.0005;0.0017;0.0004;0;0;0.088;0;-0.0271;0;0;0;0;0;0;0;0;0;0;0;0;0.0014;0.0001;0.0645;0.0645;0;12.118;12.118;0.9579;0.0413;62.541;1031.9;1;0.0037;0.0037;0;0;0;0;0;0;0.0609;-0.0271;0;15.857;18.362;-6.6641;-7.7168;94.33;94.33;0.6196;0.5158;-0.2168;0.1039;0.7325;0.1676;1.1822;0;17.44;0;0
28/07/21 11:00;35.412;-9.874;53.411;76.44;13.56;-90;-13.56;93.59;92.502;1.0881;11.96;6.9399;0;1.1193;91.084;0.1347;0;0.1696;92.507;0;92.507;1.1193;0.1347;91.084;0.1696;0.0121;0.9864;0;0.0018;91.266;1.2412;0;0;1.0998;0.1414;87.588;3.4959;0.0196;0.0024;3.4676;0.0063;91.084;0.1825;0.0022;0.0003;0.18;0.0001;87.624;1.0975;0.1321;86.336;0.0218;55.861;48.376;11.57;0.0821;0.4391;6.3162;0.0361;6.6732;0;1;0;0;0.9884;0.9866;1;1;0.9879;0.1664;0.9616;0.9825;1;0.9614;0.7754;0.998;0.998;1;0.998;0.998;0.9468;0.9479;0.1288;0.2778;0.2772;0.0017;0.0168;-0.0096;0.0019;0.0067;0.0012;0;0;0.088;0;0.158;0;0;0;0;0;0;0;0;0;0;0;0;0.0054;0.0003;0.2529;0.2529;0;15.526;15.526;3.5665;0.0407;235.65;1073.4;1;0.007;0.007;0;0;0;0;0;0;0.246;0.158;0;17.346;20.086;10.833;12.544;97.243;97.243;2.2202;2.0216;1.2625;0.1986;0.759;0.0895;0.3419;0.5687;55.156;0.541;0
28/07/21 12:00;35.659;7.5847;53.648;79.576;10.424;90;10.424;108.5;107.1;1.3919;11.98;6.5399;0;1.4153;106.03;0.196;0;0.1164;107.76;0;107.76;1.4153;0.196;106.03;0.1164;0.0131;0.985;0;0.0011;106.83;0.9224;0;0;0.8253;0.0972;102.32;4.2966;0.0254;0.0035;4.2633;0.0043;106.62;0.2137;0.0028;0.0004;0.2104;0;102.34;1.387;0.1921;100.73;0.0149;64.548;55.898;13.326;0.0361;0.5064;7.2848;0.0209;7.7552;0;1;0;0;0.9932;0.9914;1;1;0.9922;0.1651;0.9597;0.982;1;0.9594;0.7747;0.998;0.998;1;0.998;0.998;0.9496;0.95;0.1276;0.3236;0.3236;0.0019;0.0174;-0.0104;0.0022;0.0078;0.0014;0;0;0.088;0;0.2012;0;0;0;0;0;0;0;0;0;0;0;0;0.0063;0.0004;0.2966;0.2966;0;16.142;16.142;4.1621;0.0407;275.43;1076.9;1;0.0074;0.0074;0;0;0;0;0;0;0.2892;0.2012;0;17.461;20.22;11.847;13.718;97.516;97.516;2.5861;2.3705;1.6083;0.2157;0.7622;0.0834;0.2947;0.6219;63.624;0.5919;0
28/07/21 13:00;32.28;24.227;50.443;56.991;33.009;90;33.009;289.8;244.5;45.297;12.94;6.4;0;54.016;210.39;18.643;0;3.0405;286.09;0;286.09;54.016;18.643;210.39;3.0405;0.1888;0.746;0;0.0106;272.48;13.612;0;0;10.901;2.7114;264.49;7.4488;0.7115;0.2456;6.44;0.0517;271.94;0.545;0.108;0.0373;0.399;0.0007;265.48;53.196;18.36;192.65;0.2768;172.81;149.66;37.834;4.4321;1.4974;21.54;0.9894;18.605;0;1;0;0;0.9872;0.9524;1;1;0.9482;0.1082;0.9726;0.9868;1;0.9677;0.8426;0.998;0.998;1;0.998;0.998;0.9245;0.9157;0.091;0.8591;0.845;0.0051;0.0154;-0.004;0.0058;0.0206;0.0042;0;0;0.088;0;0.6781;0;0;0;0;0;0;0;0;0;0;0;0;0.0166;0.0019;0.7794;0.7794;0;23.678;23.678;10.737;0.0406;722.04;1079.5;1;0.0133;0.0133;0;0;0;0;0;0;0.7661;0.6781;0;17.283;20.013;15.037;17.412;98.295;98.295;6.8662;6.2292;5.4197;0.637;0.8095;0.0928;0.1179;0.7893;141.69;0.7472;0
28/07/21 14:00;25.854;38.727;44.592;37.761;52.239;90;52.239;105.7;104.1;1.5985;13.69;6.02;0;2.6104;83.694;0.4698;0;2.6633;89.438;0;89.438;2.6104;0.4698;83.694;2.6633;0.0292;0.9656;0;0.0298;78.304;11.133;0;0;8.6349;2.4985;75.6;2.5478;0.0249;0.0045;2.5117;0.0067;78.148;0.1566;0.0052;0.0009;0.1501;0.0003;76.697;2.5803;0.4644;72.398;0.1578;67.474;58.433;16.064;8.5757;0.9457;13.603;1.0965;5.9728;0;1;0;0;0.8461;0.8755;1;1;0.8968;0.0619;0.9674;0.9904;1;0.9665;0.9594;0.998;0.998;1;0.998;0.998;0.8453;0.865;0.0593;0.2686;0.2597;0.0016;0.0165;-0.0078;0.0017;0.0062;0.0026;0;0;0.088;0;0.1389;0;0;0;0;0;0;0;0;0;0;0;0;0.005;0.0003;0.2336;0.2336;0;16.777;16.777;3.0866;0.0408;219.98;1062.1;1;0.0067;0.0067;0;0;0;0;0;0;0.2269;0.1389;0;16.572;19.19;9.8537;11.41;97.123;97.123;2.1465;1.8673;1.1103;0.2792;0.757;0.1301;0.3527;0.5173;66.852;0.4644;0
28/07/21 15:00;17.2;50.836;44.177;21.764;42.298;90;42.298;144.6;133.5;11.097;13.35;5.31;0;26.914;112.83;9.1599;0;2.4469;151.36;0;151.36;26.914;9.1599;112.83;2.4469;0.1778;0.7617;0;0.0162;140.53;10.826;0;0;8.5625;2.2631;136.52;3.725;0.2505;0.0853;3.3751;0.0141;140.25;0.2811;0.0538;0.0183;0.2085;0.0004;137.36;26.61;9.0563;100.69;0.1694;82.043;71.049;18.664;5.5684;0.8904;12.808;0.833;8.13;0;1;0;0;1.0468;0.9285;1;1;0.9241;0.0751;0.9734;0.9907;1;0.9676;0.9232;0.998;0.998;1;0.998;0.998;0.902;0.8924;0.0692;0.4545;0.4407;0.0027;0.0181;-0.0097;0.003;0.0107;0.0025;0;0;0.088;0;0.3078;0;0;0;0;0;0;0;0;0;0;0;0;0.0086;0.0006;0.4043;0.4043;0;18.901;18.901;5.5507;0.0407;375.67;1076.2;1;0.0085;0.0085;0;0;0;0;0;0;0.3958;0.3078;0;16.946;19.623;12.901;14.939;97.898;97.898;3.6325;3.2313;2.4601;0.4012;0.7712;0.1105;0.2123;0.6772;81.97;0.6369;0
28/07/21 16:00;7.0375;60.982;72.714;8.0354;11.782;90;11.782;60.303;57.898;2.4049;13.35;4.4501;0;5.8325;56.441;2.0779;0;0.0826;64.434;0;64.434;5.8325;2.0779;56.441;0.0826;0.0905;0.8772;0;0.0013;63.825;0.6083;0;0;0.5393;0.0689;60.336;3.3616;0.841;0.2996;2.2179;0.0031;63.698;0.1277;0.0117;0.0042;0.1118;0;60.352;4.9798;1.7741;53.572;0.0105;34.009;29.452;6.9757;0.0304;0.2705;3.8911;0.0155;4.1312;0;1;0;0;1.0685;0.9906;1;1;0.9904;0.1651;0.9472;0.8555;1;0.9602;0.7746;0.998;0.998;1;0.998;0.998;0.9364;0.9492;0.1276;0.1935;0.19;0.0011;0.0148;-0.0064;0.0013;0.0045;0.0007;0;0;0.088;0;0.0759;0;0;0;0;0;0;0;0;0;0;0;0;0.0036;0.0002;0.1701;0.1701;0;15.817;15.817;2.4676;0.0409;160.95;1057.1;1;0.0062;0.0062;0;0;0;0;0;0;0.1639;0.0759;0;16.75;19.396;7.4739;8.6546;96.345;96.345;1.5464;1.3597;0.6067;0.1867;0.753;0.1207;0.4869;0.3923;33.993;0.3754;0
28/07/21 17:00;0.8145;66.092;88.024;0.891;1.2703;90;1.2703;0;0;0;11.37;4.5;0;0;0;0;0;0;0;0;0;0;0;0;0;1;1;1;1;0;0;0;0;0;0;0;0;0;0;0;0;0;0;0;0;0;0;0;0;0;0;0;0;0;0;0;0;0;0;0;0;0;0;0;1;1;1;1;1;1;1;1;1;1;1;1;1;1;1;1;1;1;1;0;0;0;0;0;0;0;0;0;0.0004;0.088;0;-0.0884;0;0;0;0;0;0;0;0;0;0;0;0;0;0;0;0;0;0;0;-11.37;0;0;0;0;0.0004;0;0;0;0;0;0;0;-0.0004;-0.0884;0;0;0;0;0;0;0;0;0;-0.7063;0;0.7063;1;1;0;0;0;0
28/07/21 18:00;0;0;90;0;0;90;0;0;0;0;11.9;4.75;0;0;0;0;0;0;0;0;0;0;0;0;0;1;1;1;1;0;0;0;0;0;0;0;0;0;0;0;0;0;0;0;0;0;0;0;0;0;0;0;0;0;0;0;0;0;0;0;0;0;0;0;1;1;1;1;1;1;1;1;1;1;1;1;1;1;1;1;1;1;1;0;0;0;0;0;0;0;0;0;0.0004;0.088;0;-0.0884;0;0;0;0;0;0;0;0;0;0;0;0;0;0;0;0;0;0;0;-11.9;0;0;0;0;0.0004;0;0;0;0;0;0;0;-0.0004;-0.0884;0;0;0;0;0;0;0;0;0;-0.7063;0;0.7063;1;1;0;0;0;0
28/07/21 19:00;0;0;90;0;0;90;0;0;0;0;10.44;4.97;0;0;0;0;0;0;0;0;0;0;0;0;0;1;1;1;1;0;0;0;0;0;0;0;0;0;0;0;0;0;0;0;0;0;0;0;0;0;0;0;0;0;0;0;0;0;0;0;0;0;0;0;1;1;1;1;1;1;1;1;1;1;1;1;1;1;1;1;1;1;1;0;0;0;0;0;0;0;0;0;0.0004;0.088;0;-0.0884;0;0;0;0;0;0;0;0;0;0;0;0;0;0;0;0;0;0;0;-10.44;0;0;0;0;0.0004;0;0;0;0;0;0;0;-0.0004;-0.0884;0;0;0;0;0;0;0;0;0;-0.7063;0;0.7063;1;1;0;0;0;0
28/07/21 20:00;0;0;90;0;0;90;0;0;0;0;10.1;4.6999;0;0;0;0;0;0;0;0;0;0;0;0;0;1;1;1;1;0;0;0;0;0;0;0;0;0;0;0;0;0;0;0;0;0;0;0;0;0;0;0;0;0;0;0;0;0;0;0;0;0;0;0;1;1;1;1;1;1;1;1;1;1;1;1;1;1;1;1;1;1;1;0;0;0;0;0;0;0;0;0;0.0004;0.088;0;-0.0884;0;0;0;0;0;0;0;0;0;0;0;0;0;0;0;0;0;0;0;-10.1;0;0;0;0;0.0004;0;0;0;0;0;0;0;-0.0004;-0.0884;0;0;0;0;0;0;0;0;0;-0.7063;0;0.7063;1;1;0;0;0;0
28/07/21 21:00;0;0;90;0;0;90;0;0;0;0;9.4197;4.2201;0;0;0;0;0;0;0;0;0;0;0;0;0;1;1;1;1;0;0;0;0;0;0;0;0;0;0;0;0;0;0;0;0;0;0;0;0;0;0;0;0;0;0;0;0;0;0;0;0;0;0;0;1;1;1;1;1;1;1;1;1;1;1;1;1;1;1;1;1;1;1;0;0;0;0;0;0;0;0;0;0.0004;0.088;0;-0.0884;0;0;0;0;0;0;0;0;0;0;0;0;0;0;0;0;0;0;0;-9.4197;0;0;0;0;0.0004;0;0;0;0;0;0;0;-0.0004;-0.0884;0;0;0;0;0;0;0;0;0;-0.7063;0;0.7063;1;1;0;0;0;0
28/07/21 22:00;0;0;90;0;0;90;0;0;0;0;7.1202;4.5301;0;0;0;0;0;0;0;0;0;0;0;0;0;1;1;1;1;0;0;0;0;0;0;0;0;0;0;0;0;0;0;0;0;0;0;0;0;0;0;0;0;0;0;0;0;0;0;0;0;0;0;0;1;1;1;1;1;1;1;1;1;1;1;1;1;1;1;1;1;1;1;0;0;0;0;0;0;0;0;0;0.0004;0.088;0;-0.0884;0;0;0;0;0;0;0;0;0;0;0;0;0;0;0;0;0;0;0;-7.1202;0;0;0;0;0.0004;0;0;0;0;0;0;0;-0.0004;-0.0884;0;0;0;0;0;0;0;0;0;-0.7063;0;0.7063;1;1;0;0;0;0
28/07/21 23:00;0;0;90;0;0;90;0;0;0;0;6.2401;4.5499;0;0;0;0;0;0;0;0;0;0;0;0;0;1;1;1;1;0;0;0;0;0;0;0;0;0;0;0;0;0;0;0;0;0;0;0;0;0;0;0;0;0;0;0;0;0;0;0;0;0;0;0;1;1;1;1;1;1;1;1;1;1;1;1;1;1;1;1;1;1;1;0;0;0;0;0;0;0;0;0;0.0004;0.088;0;-0.0884;0;0;0;0;0;0;0;0;0;0;0;0;0;0;0;0;0;0;0;-6.2401;0;0;0;0;0.0004;0;0;0;0;0;0;0;-0.0004;-0.0884;0;0;0;0;0;0;0;0;0;-0.7063;0;0.7063;1;1;0;0;0;0
29/07/21 00:00;0;0;90;0;0;90;0;0;0;0;6.1703;4.9301;0;0;0;0;0;0;0;0;0;0;0;0;0;1;1;1;1;0;0;0;0;0;0;0;0;0;0;0;0;0;0;0;0;0;0;0;0;0;0;0;0;0;0;0;0;0;0;0;0;0;0;0;1;1;1;1;1;1;1;1;1;1;1;1;1;1;1;1;1;1;1;0;0;0;0;0;0;0;0;0;0.0004;0.088;0;-0.0884;0;0;0;0;0;0;0;0;0;0;0;0;0;0;0;0;0;0;0;-6.1703;0;0;0;0;0.0004;0;0;0;0;0;0;0;-0.0004;-0.0884;0;0;0;0;0;0;0;0;0;-0.7063;0;0.7063;1;1;0;0;0;0
29/07/21 01:00;0;0;90;0;0;90;0;0;0;0;6.2002;4.7799;0;0;0;0;0;0;0;0;0;0;0;0;0;1;1;1;1;0;0;0;0;0;0;0;0;0;0;0;0;0;0;0;0;0;0;0;0;0;0;0;0;0;0;0;0;0;0;0;0;0;0;0;1;1;1;1;1;1;1;1;1;1;1;1;1;1;1;1;1;1;1;0;0;0;0;0;0;0;0;0;0.0004;0.088;0;-0.0884;0;0;0;0;0;0;0;0;0;0;0;0;0;0;0;0;0;0;0;-6.2002;0;0;0;0;0.0004;0;0;0;0;0;0;0;-0.0004;-0.0884;0;0;0;0;0;0;0;0;0;-0.7063;0;0.7063;1;1;0;0;0;0
29/07/21 02:00;0;0;90;0;0;90;0;0;0;0;5.5002;4.3701;0;0;0;0;0;0;0;0;0;0;0;0;0;1;1;1;1;0;0;0;0;0;0;0;0;0;0;0;0;0;0;0;0;0;0;0;0;0;0;0;0;0;0;0;0;0;0;0;0;0;0;0;1;1;1;1;1;1;1;1;1;1;1;1;1;1;1;1;1;1;1;0;0;0;0;0;0;0;0;0;0.0004;0.088;0;-0.0884;0;0;0;0;0;0;0;0;0;0;0;0;0;0;0;0;0;0;0;-5.5002;0;0;0;0;0.0004;0;0;0;0;0;0;0;-0.0004;-0.0884;0;0;0;0;0;0;0;0;0;-0.7063;0;0.7063;1;1;0;0;0;0
29/07/21 03:00;0;0;90;0;0;90;0;0;0;0;4.6998;3.8299;0;0;0;0;0;0;0;0;0;0;0;0;0;1;1;1;1;0;0;0;0;0;0;0;0;0;0;0;0;0;0;0;0;0;0;0;0;0;0;0;0;0;0;0;0;0;0;0;0;0;0;0;1;1;1;1;1;1;1;1;1;1;1;1;1;1;1;1;1;1;1;0;0;0;0;0;0;0;0;0;0.0004;0.088;0;-0.0884;0;0;0;0;0;0;0;0;0;0;0;0;0;0;0;0;0;0;0;-4.6998;0;0;0;0;0.0004;0;0;0;0;0;0;0;-0.0004;-0.0884;0;0;0;0;0;0;0;0;0;-0.7063;0;0.7063;1;1;0;0;0;0
29/07/21 04:00;0;0;90;0;0;90;0;0;0;0;3.1702;3.1999;0;0;0;0;0;0;0;0;0;0;0;0;0;1;1;1;1;0;0;0;0;0;0;0;0;0;0;0;0;0;0;0;0;0;0;0;0;0;0;0;0;0;0;0;0;0;0;0;0;0;0;0;1;1;1;1;1;1;1;1;1;1;1;1;1;1;1;1;1;1;1;0;0;0;0;0;0;0;0;0;0.0004;0.088;0;-0.0884;0;0;0;0;0;0;0;0;0;0;0;0;0;0;0;0;0;0;0;-3.1702;0;0;0;0;0.0004;0;0;0;0;0;0;0;-0.0004;-0.0884;0;0;0;0;0;0;0;0;0;-0.7063;0;0.7063;1;1;0;0;0;0
29/07/21 05:00;0;0;90;0;0;90;0;0;0;0;3.1901;2.9;0;0;0;0;0;0;0;0;0;0;0;0;0;1;1;1;1;0;0;0;0;0;0;0;0;0;0;0;0;0;0;0;0;0;0;0;0;0;0;0;0;0;0;0;0;0;0;0;0;0;0;0;1;1;1;1;1;1;1;1;1;1;1;1;1;1;1;1;1;1;1;0;0;0;0;0;0;0;0;0;0.0004;0.088;0;-0.0884;0;0;0;0;0;0;0;0;0;0;0;0;0;0;0;0;0;0;0;-3.1901;0;0;0;0;0.0004;0;0;0;0;0;0;0;-0.0004;-0.0884;0;0;0;0;0;0;0;0;0;-0.7063;0;0.7063;1;1;0;0;0;0
29/07/21 06:00;0.2214;-66.848;89.463;0.2408;0.3433;-90;-0.3433;0;0;0;3;3.2601;0;0;0;0;0;0;0;0;0;0;0;0;0;1;1;1;1;0;0;0;0;0;0;0;0;0;0;0;0;0;0;0;0;0;0;0;0;0;0;0;0;0;0;0;0;0;0;0;0;0;0;0;1;1;1;1;1;1;1;1;1;1;1;1;1;1;1;1;1;1;1;0;0;0;0;0;0;0;0;0;0.0004;0.088;0;-0.0884;0;0;0;0;0;0;0;0;0;0;0;0;0;0;0;0;0;0;0;-3;0;0;0;0;0.0004;0;0;0;0;0;0;0;-0.0004;-0.0884;0;0;0;0;0;0;0;0;0;-0.7063;0;0.7063;1;1;0;0;0;0
29/07/21 07:00;5.7629;-62.391;75.905;6.4975;9.4314;-90;-9.4314;72.591;20.003;52.588;2.07;3.4101;0;127.54;12.025;19.149;0;0.0638;158.78;0;158.78;127.54;19.149;12.025;0.0638;0.8033;0.0761;0;0.0004;158.65;0.1322;0;0;0.079;0.0532;127.9;30.43;26.029;3.9079;0.4914;0.0024;158.33;0.3173;0.2551;0.0383;0.0239;0;127.9;101.26;15.203;11.431;0.0082;7.4949;6.4906;1.5687;0.0028;0.0573;0.8246;0.0018;0.8791;0;1;0;0;2.1873;0.9992;1;1;0.9934;0.1661;0.8078;0.7955;1;0.9588;0.7753;0.998;0.998;1;0.998;0.998;0.8055;0.9506;0.1286;0.4768;0.387;0.0023;0.0179;-0.0248;0.0027;0.0097;0.0002;0;0;0.088;0;0.2739;0;0;0;0;0;0;0;0;0;0;0;0;0.0078;0.0005;0.3705;0.3705;0;7.2218;7.2218;5.1518;0.0403;329.77;1123.7;1;0.0086;0.0086;0;0;0;0;0;0;0.3619;0.2739;0;14.804;17.143;10.944;12.673;97.676;97.676;3.8107;2.9614;2.1892;0.8493;0.7721;0.2229;0.2026;0.5745;7.1986;0.5723;0
29/07/21 08:00;16.102;-52.446;47.727;20.008;36.072;-90;-36.072;239.2;45.799;193.4;5.33;3.94;0;469.06;19.646;58.377;0;2.981;550.06;0;550.06;469.06;58.377;19.646;2.981;0.8527;0.0411;0;0.0054;546.2;3.8577;0;0;1.1681;2.6896;538.47;6.6357;5.3384;0.6644;0.595;0.0378;545.11;1.0924;0.9381;0.1168;0.037;0.0006;538.57;462.78;57.595;17.845;0.2529;14.612;12.654;3.3477;0.5621;0.1291;1.8573;0.0951;1.4244;0;1;0;0;2.2996;0.993;1;1;0.9405;0.0977;0.9878;0.9886;1;0.9677;0.8699;0.998;0.998;1;0.998;0.998;0.9789;0.9084;0.0849;1.6518;1.626;0.0098;0.0046;0.0123;0.0112;0.0397;0.0004;0;0;0.088;0;1.397;0;0;0;0;0;0;0;0;0;0;0;0;0.032;0.0062;1.5099;1.5099;0;27.164;27.164;21.834;0.0405;1397.2;1080.7;1;0.0249;0.0249;0;0;0;0;0;0;1.485;1.397;0;17.413;20.164;16.111;18.657;98.352;98.352;13.201;12.067;11.165;1.1342;0.9022;0.0859;0.0683;0.8457;13.546;0.8436;0
29/07/21 09:00;25.016;-40.607;43.47;35.639;54.361;-90;-54.361;395.5;71.801;323.7;7.2997;4.6901;0;555.53;24.038;71.093;0;10.728;661.39;0;661.39;555.53;71.093;24.038;10.728;0.8399;0.0526;0;0.0162;648.72;12.672;0;0;2.6222;10.05;641.09;6.3282;4.9422;0.6325;0.7253;0.0282;647.42;1.2974;1.1111;0.1422;0.0428;0.0014;643.31;549.48;70.319;20.648;0.6484;127.66;110.55;27.091;2.8345;1.1333;16.302;2.2147;14.601;0;1;0;0;1.6723;0.9808;1;1;0.8909;0.0632;0.9902;0.9911;1;0.9661;0.9583;0.998;0.998;1;0.998;0.998;0.9693;0.859;0.0604;1.9862;1.9719;0.0119;0.0007;0.0579;0.0133;0.0472;0.0031;0;0;0.088;0;1.6731;0;0;0;0;0;0;0;0;0;0;0;0;0.038;0.0088;1.791;1.791;0;33.415;33.415;26.115;0.0407;1694.9;1056.7;1;0.0299;0.0299;0;0;0;0;0;0;1.7611;1.6731;0;17.178;19.892;16.047;18.582;98.33;98.33;15.873;14.314;13.371;1.5597;0.9423;0.0983;0.0594;0.8424;19.64;0.8271;0
29/07/21 10:00;31.806;-26.39;49.577;54.371;35.629;-90;-35.629;531.01;87.699;443.31;8.5701;4.7601;0;545.41;29.098;68.401;0;6.4612;649.37;0;649.37;545.41;68.401;29.098;6.4612;0.8399;0.0548;0;0.0099;641.85;7.515;0;0;1.697;5.8179;631.95;8.617;6.7961;0.8523;0.8825;0.0861;640.57;1.2837;1.0908;0.1368;0.0548;0.0013;633.8;537.52;67.412;26.463;0.5559;267.05;231.27;58.99;0.7985;1.8867;27.139;1.8488;28.227;0;1;0;0;1.2229;0.9884;1;1;0.9417;0.0996;0.9865;0.9875;1;0.9677;0.8659;0.998;0.998;1;0.998;0.998;0.9732;0.9095;0.086;1.9501;1.9662;0.0118;0.0008;0.064;0.0132;0.0469;0.0052;0;0;0.088;0;1.6601;0;0;0;0;0;0;0;0;0;0;0;0;0.0378;0.0088;1.7776;1.7776;0;34.333;34.333;25.763;0.0408;1689.1;1052.4;1;0.0296;0.0296;0;0;0;0;0;0;1.7481;1.6601;0;17.366;20.109;16.217;18.779;98.337;98.337;15.585;14.207;13.267;1.378;0.9396;0.0884;0.0603;0.8513;19.994;0.8255;0
29/07/21 11:00;35.647;-9.9148;53.177;76.499;13.501;-90;-13.501;592.5;99.5;493;10.07;4.6999;0;507.01;35.562;65.243;0;1.0642;608.88;0;608.88;507.01;65.243;35.562;1.0642;0.8327;0.0602;0;0.0017;607.57;1.3134;0;0;0.4262;0.8872;595.18;11.172;8.6625;1.1147;1.3553;0.0397;606.35;1.2151;1.014;0.1305;0.0703;0.0004;595.43;497.34;63.997;33.71;0.137;343.18;297.19;72.959;0.0318;2.5449;36.607;0.2454;39.12;0;1;0;0;1.0276;0.9978;1;1;0.988;0.1664;0.9816;0.9829;1;0.9613;0.7754;0.998;0.998;1;0.998;0.998;0.9775;0.9479;0.1288;1.8285;1.8705;0.0113;0.0017;0.0611;0.0126;0.0446;0.007;0;0;0.088;0;1.5726;0;0;0;0;0;0;0;0;0;0;0;0;0.0359;0.008;1.6884;1.6884;0;34.339;34.339;24.269;0.0408;1606.2;1051.2;1;0.0278;0.0278;0;0;0;0;0;0;1.6606;1.5726;0;17.59;20.369;16.384;18.972;98.353;98.353;14.613;13.494;12.568;1.1196;0.9256;0.0766;0.0633;0.86;21.531;0.823;0
29/07/21 12:00;35.894;7.6203;53.413;79.617;10.383;90;10.383;590.39;106.7;483.7;11.63;4.51;0;491.75;40.021;67.451;0;0.6284;599.85;0;599.85;491.75;67.451;40.021;0.6284;0.8198;0.0678;0;0.001;599.02;0.8342;0;0;0.3095;0.5247;586.39;11.429;8.614;1.1815;1.6103;0.0233;597.82;1.198;0.9835;0.1349;0.0794;0.0002;586.51;482.15;66.134;38.021;0.0802;344.62;298.44;74.8;0.0136;2.4545;35.307;0.1234;37.748;0;1;0;0;1.016;0.9986;1;1;0.9923;0.1651;0.9809;0.9824;1;0.9594;0.7747;0.998;0.998;1;0.998;0.998;0.9776;0.95;0.1276;1.8013;1.8409;0.0111;0.002;0.0681;0.0123;0.0437;0.0067;0;0;0.088;0;1.539;0;0;0;0;0;0;0;0;0;0;0;0;0.0352;0.0077;1.654;1.654;0;35.566;35.566;23.936;0.0408;1581.1;1046.1;1;0.0271;0.0271;0;0;0;0;0;0;1.627;1.539;0;17.492;20.256;16.275;18.847;98.364;98.364;14.396;13.219;12.3;1.1772;0.9195;0.0818;0.0639;0.8544;24.013;0.8183;0
29/07/21 13:00;32.5;24.329;50.219;57.111;32.889;90;32.889;214.1;204.3;9.7979;11.29;4.2;0;11.668;185.35;3.3438;0;2.2305;202.59;0;202.59;11.668;3.3438;185.35;2.2305;0.0576;0.9259;0;0.011;191.05;11.536;0;0;9.5479;1.9879;184.76;5.9086;0.1509;0.0432;5.6761;0.0383;190.67;0.3821;0.0233;0.0067;0.3516;0.0005;185.51;11.494;3.2939;169.77;0.2038;131.16;113.59;28.666;3.8558;1.1717;16.854;0.7433;14.17;0;1;0;0;0.9462;0.9431;1;1;0.9485;0.1088;0.969;0.987;1;0.9676;0.8417;0.998;0.998;1;0.998;0.998;0.912;0.916;0.0914;0.6084;0.5943;0.0036;0.0177;-0.0132;0.0041;0.0146;0.0033;0;0;0.088;0;0.4533;0;0;0;0;0;0;0;0;0;0;0;0;0.0117;0.001;0.5515;0.5515;0;18.781;18.781;7.491;0.0405;507.14;1087.4;1;0.0102;0.0102;0;0;0;0;0;0;0.5413;0.4533;0;17.268;19.996;14.194;16.437;98.156;98.156;4.8621;4.4073;3.6228;0.4548;0.7845;0.0935;0.1614;0.7451;124.71;0.7014;0
29/07/21 14:00;26.052;38.871;44.384;37.918;52.082;90;52.082;459.3;86.003;373.29;12.51;3.7301;0;607.45;24.951;89.654;0;11.508;733.56;0;733.56;607.45;89.654;24.951;11.508;0.8281;0.0497;0;0.0157;720.2;13.358;0;0;2.5631;10.795;711.41;7.3507;5.7279;0.8454;0.7485;0.0289;718.76;1.4404;1.2149;0.1793;0.0448;0.0014;713.91;600.51;88.629;21.595;0.683;162.27;140.52;34.475;2.5326;1.3684;19.684;2.493;18.52;0;1;0;0;1.5971;0.9818;1;1;0.8973;0.062;0.9898;0.9906;1;0.9665;0.9594;0.998;0.998;1;0.998;0.998;0.9698;0.8655;0.0593;2.2029;2.1917;0.0132;-0.001;0.1278;0.0144;0.0509;0.0037;0;0;0.088;0;1.811;0;0;0;0;0;0;0;0;0;0;0;0;0.041;0.0107;1.931;1.931;0;41.682;41.682;29.171;0.041;1883.3;1025.3;1;0.032;0.032;0;0;0;0;0;0;1.899;1.811;0;16.699;19.337;15.661;18.135;98.343;98.343;17.605;15.432;14.473;2.1731;0.959;0.1234;0.0545;0.8221;19.898;0.8059;0
29/07/21 15:00;17.375;51.004;43.595;21.93;42.997;90;42.997;296.2;86.203;210;11.82;2.2499;0;509.31;35.072;110.81;0;5.1716;660.36;0;660.36;509.31;110.81;35.072;5.1716;0.7713;0.0609;0;0.0078;652.85;7.5163;0;0;2.726;4.7903;644.9;6.6375;4.5681;0.9939;1.0481;0.0276;651.54;1.3057;1.0186;0.2216;0.0647;0.0008;645.18;503.72;109.6;31.233;0.3529;26.888;23.285;6.2554;1.8322;0.2833;4.0748;0.2706;2.5259;0;1;0;0;2.2294;0.9886;1;1;0.9223;0.0737;0.9898;0.991;1;0.9675;0.9276;0.998;0.998;1;0.998;0.998;0.9766;0.8905;0.0682;1.9831;1.9518;0.0117;0.0009;0.0901;0.0129;0.0459;0.0008;0;0;0.088;0;1.6271;0;0;0;0;0;0;0;0;0;0;0;0;0.037;0.0087;1.7437;1.7437;0;38.194;38.194;26.374;0.0409;1679.4;1038.3;1;0.0286;0.0286;0;0;0;0;0;0;1.7151;1.6271;0;16.751;19.397;15.63;18.1;98.357;98.357;15.849;13.936;13.004;1.9127;0.9322;0.1207;0.0588;0.8205;25.635;0.8167;0
29/07/21 16:00;7.191;61.163;72.327;8.1959;12.031;90;12.031;64.308;61.198;3.1101;11.47;2.02;0;7.5429;59.392;2.7794;0;0.0918;69.806;0;69.806;7.5429;2.7794;59.392;0.0918;0.1081;0.8521;0;0.0013;69.142;0.6646;0;0;0.5879;0.0767;65.249;3.7545;1.0431;0.3843;2.3237;0.0034;69.004;0.1383;0.0151;0.0056;0.1176;0;65.266;6.4848;2.3895;56.363;0.0117;35.817;31.017;7.3497;0.0346;0.2849;4.0975;0.0172;4.3478;0;1;0;0;1.0855;0.9905;1;1;0.9901;0.1651;0.9456;0.8614;1;0.9604;0.7746;0.998;0.998;1;0.998;0.998;0.9347;0.949;0.1276;0.2096;0.2052;0.0012;0.0153;-0.0082;0.0014;0.0049;0.0008;0;0;0.088;0;0.0913;0;0;0;0;0;0;0;0;0;0;0;0;0.0039;0.0002;0.1857;0.1857;0;14.132;14.132;2.6623;0.0408;173.95;1067.5;1;0.0064;0.0064;0;0;0;0;0;0;0.1793;0.0913;0;16.876;19.541;8.2935;9.6037;96.533;96.533;1.6754;1.4841;0.7294;0.1912;0.7547;0.1141;0.4505;0.4354;35.796;0.417;0
29/07/21 17:00;0.9581;66.28;87.676;1.0465;1.4922;90;1.4922;0;0;0;8.0303;1.79;0;0;0;0;0;0;0;0;0;0;0;0;0;1;1;1;1;0;0;0;0;0;0;0;0;0;0;0;0;0;0;0;0;0;0;0;0;0;0;0;0;0;0;0;0;0;0;0;0;0;0;0;1;1;1;1;1;1;1;1;1;1;1;1;1;1;1;1;1;1;1;0;0;0;0;0;0;0;0;0;0.0004;0.088;0;-0.0884;0;0;0;0;0;0;0;0;0;0;0;0;0;0;0;0;0;0;0;-8.0303;0;0;0;0;0.0004;0;0;0;0;0;0;0;-0.0004;-0.0884;0;0;0;0;0;0;0;0;0;-0.7063;0;0.7063;1;1;0;0;0;0
29/07/21 18:00;0;0;90;0;0;90;0;0;0;0;5.0801;1.46;0;0;0;0;0;0;0;0;0;0;0;0;0;1;1;1;1;0;0;0;0;0;0;0;0;0;0;0;0;0;0;0;0;0;0;0;0;0;0;0;0;0;0;0;0;0;0;0;0;0;0;0;1;1;1;1;1;1;1;1;1;1;1;1;1;1;1;1;1;1;1;0;0;0;0;0;0;0;0;0;0.0004;0.088;0;-0.0884;0;0;0;0;0;0;0;0;0;0;0;0;0;0;0;0;0;0;0;-5.0801;0;0;0;0;0.0004;0;0;0;0;0;0;0;-0.0004;-0.0884;0;0;0;0;0;0;0;0;0;-0.7063;0;0.7063;1;1;0;0;0;0
29/07/21 19:00;0;0;90;0;0;90;0;0;0;0;4.18;1.2799;0;0;0;0;0;0;0;0;0;0;0;0;0;1;1;1;1;0;0;0;0;0;0;0;0;0;0;0;0;0;0;0;0;0;0;0;0;0;0;0;0;0;0;0;0;0;0;0;0;0;0;0;1;1;1;1;1;1;1;1;1;1;1;1;1;1;1;1;1;1;1;0;0;0;0;0;0;0;0;0;0.0004;0.088;0;-0.0884;0;0;0;0;0;0;0;0;0;0;0;0;0;0;0;0;0;0;0;-4.18;0;0;0;0;0.0004;0;0;0;0;0;0;0;-0.0004;-0.0884;0;0;0;0;0;0;0;0;0;-0.7063;0;0.7063;1;1;0;0;0;0
29/07/21 20:00;0;0;90;0;0;90;0;0;0;0;3.1801;1.4301;0;0;0;0;0;0;0;0;0;0;0;0;0;1;1;1;1;0;0;0;0;0;0;0;0;0;0;0;0;0;0;0;0;0;0;0;0;0;0;0;0;0;0;0;0;0;0;0;0;0;0;0;1;1;1;1;1;1;1;1;1;1;1;1;1;1;1;1;1;1;1;0;0;0;0;0;0;0;0;0;0.0004;0.088;0;-0.0884;0;0;0;0;0;0;0;0;0;0;0;0;0;0;0;0;0;0;0;-3.1801;0;0;0;0;0.0004;0;0;0;0;0;0;0;-0.0004;-0.0884;0;0;0;0;0;0;0;0;0;-0.7063;0;0.7063;1;1;0;0;0;0
29/07/21 21:00;0;0;90;0;0;90;0;0;0;0;2.9801;1.72;0;0;0;0;0;0;0;0;0;0;0;0;0;1;1;1;1;0;0;0;0;0;0;0;0;0;0;0;0;0;0;0;0;0;0;0;0;0;0;0;0;0;0;0;0;0;0;0;0;0;0;0;1;1;1;1;1;1;1;1;1;1;1;1;1;1;1;1;1;1;1;0;0;0;0;0;0;0;0;0;0.0004;0.088;0;-0.0884;0;0;0;0;0;0;0;0;0;0;0;0;0;0;0;0;0;0;0;-2.9801;0;0;0;0;0.0004;0;0;0;0;0;0;0;-0.0004;-0.0884;0;0;0;0;0;0;0;0;0;-0.7063;0;0.7063;1;1;0;0;0;0
29/07/21 22:00;0;0;90;0;0;90;0;0;0;0;2.3997;1.9901;0;0;0;0;0;0;0;0;0;0;0;0;0;1;1;1;1;0;0;0;0;0;0;0;0;0;0;0;0;0;0;0;0;0;0;0;0;0;0;0;0;0;0;0;0;0;0;0;0;0;0;0;1;1;1;1;1;1;1;1;1;1;1;1;1;1;1;1;1;1;1;0;0;0;0;0;0;0;0;0;0.0004;0.088;0;-0.0884;0;0;0;0;0;0;0;0;0;0;0;0;0;0;0;0;0;0;0;-2.3997;0;0;0;0;0.0004;0;0;0;0;0;0;0;-0.0004;-0.0884;0;0;0;0;0;0;0;0;0;-0.7063;0;0.7063;1;1;0;0;0;0
29/07/21 23:00;0;0;90;0;0;90;0;0;0;0;2.6397;2.1501;0;0;0;0;0;0;0;0;0;0;0;0;0;1;1;1;1;0;0;0;0;0;0;0;0;0;0;0;0;0;0;0;0;0;0;0;0;0;0;0;0;0;0;0;0;0;0;0;0;0;0;0;1;1;1;1;1;1;1;1;1;1;1;1;1;1;1;1;1;1;1;0;0;0;0;0;0;0;0;0;0.0004;0.088;0;-0.0884;0;0;0;0;0;0;0;0;0;0;0;0;0;0;0;0;0;0;0;-2.6397;0;0;0;0;0.0004;0;0;0;0;0;0;0;-0.0004;-0.0884;0;0;0;0;0;0;0;0;0;-0.7063;0;0.7063;1;1;0;0;0;0
30/07/21 00:00;0;0;90;0;0;90;0;0;0;0;1.1699;2.1501;0;0;0;0;0;0;0;0;0;0;0;0;0;1;1;1;1;0;0;0;0;0;0;0;0;0;0;0;0;0;0;0;0;0;0;0;0;0;0;0;0;0;0;0;0;0;0;0;0;0;0;0;1;1;1;1;1;1;1;1;1;1;1;1;1;1;1;1;1;1;1;0;0;0;0;0;0;0;0;0;0.0004;0.088;0;-0.0884;0;0;0;0;0;0;0;0;0;0;0;0;0;0;0;0;0;0;0;-1.1699;0;0;0;0;0.0004;0;0;0;0;0;0;0;-0.0004;-0.0884;0;0;0;0;0;0;0;0;0;-0.7063;0;0.7063;1;1;0;0;0;0
30/07/21 01:00;0;0;90;0;0;90;0;0;0;0;0.9;2.1;0;0;0;0;0;0;0;0;0;0;0;0;0;1;1;1;1;0;0;0;0;0;0;0;0;0;0;0;0;0;0;0;0;0;0;0;0;0;0;0;0;0;0;0;0;0;0;0;0;0;0;0;1;1;1;1;1;1;1;1;1;1;1;1;1;1;1;1;1;1;1;0;0;0;0;0;0;0;0;0;0.0004;0.088;0;-0.0884;0;0;0;0;0;0;0;0;0;0;0;0;0;0;0;0;0;0;0;-0.9;0;0;0;0;0.0004;0;0;0;0;0;0;0;-0.0004;-0.0884;0;0;0;0;0;0;0;0;0;-0.7063;0;0.7063;1;1;0;0;0;0
30/07/21 02:00;0;0;90;0;0;90;0;0;0;0;0.1701;2.2499;0;0;0;0;0;0;0;0;0;0;0;0;0;1;1;1;1;0;0;0;0;0;0;0;0;0;0;0;0;0;0;0;0;0;0;0;0;0;0;0;0;0;0;0;0;0;0;0;0;0;0;0;1;1;1;1;1;1;1;1;1;1;1;1;1;1;1;1;1;1;1;0;0;0;0;0;0;0;0;0;0.0004;0.088;0;-0.0884;0;0;0;0;0;0;0;0;0;0;0;0;0;0;0;0;0;0;0;-0.1701;0;0;0;0;0.0004;0;0;0;0;0;0;0;-0.0004;-0.0884;0;0;0;0;0;0;0;0;0;-0.7063;0;0.7063;1;1;0;0;0;0
30/07/21 03:00;0;0;90;0;0;90;0;0;0;0;-0.0001;2.6399;0;0;0;0;0;0;0;0;0;0;0;0;0;1;1;1;1;0;0;0;0;0;0;0;0;0;0;0;0;0;0;0;0;0;0;0;0;0;0;0;0;0;0;0;0;0;0;0;0;0;0;0;1;1;1;1;1;1;1;1;1;1;1;1;1;1;1;1;1;1;1;0;0;0;0;0;0;0;0;0;0.0004;0.088;0;-0.0884;0;0;0;0;0;0;0;0;0;0;0;0;0;0;0;0;0;0;0;0.0001;0;0;0;0;0.0004;0;0;0;0;0;0;0;-0.0004;-0.0884;0;0;0;0;0;0;0;0;0;-0.7063;0;0.7063;1;1;0;0;0;0
30/07/21 04:00;0;0;90;0;0;90;0;0;0;0;-0.0998;2.9599;0;0;0;0;0;0;0;0;0;0;0;0;0;1;1;1;1;0;0;0;0;0;0;0;0;0;0;0;0;0;0;0;0;0;0;0;0;0;0;0;0;0;0;0;0;0;0;0;0;0;0;0;1;1;1;1;1;1;1;1;1;1;1;1;1;1;1;1;1;1;1;0;0;0;0;0;0;0;0;0;0.0004;0.088;0;-0.0884;0;0;0;0;0;0;0;0;0;0;0;0;0;0;0;0;0;0;0;0.0998;0;0;0;0;0.0004;0;0;0;0;0;0;0;-0.0004;-0.0884;0;0;0;0;0;0;0;0;0;-0.7063;0;0.7063;1;1;0;0;0;0
30/07/21 05:00;0;0;90;0;0;90;0;0;0;0;-0.4501;3.16;0;0;0;0;0;0;0;0;0;0;0;0;0;1;1;1;1;0;0;0;0;0;0;0;0;0;0;0;0;0;0;0;0;0;0;0;0;0;0;0;0;0;0;0;0;0;0;0;0;0;0;0;1;1;1;1;1;1;1;1;1;1;1;1;1;1;1;1;1;1;1;0;0;0;0;0;0;0;0;0;0.0004;0.088;0;-0.0884;0;0;0;0;0;0;0;0;0;0;0;0;0;0;0;0;0;0;0;0.4501;0;0;0;0;0.0004;0;0;0;0;0;0;0;-0.0004;-0.0884;0;0;0;0;0;0;0;0;0;-0.7063;0;0.7063;1;1;0;0;0;0
30/07/21 06:00;0.1835;-67.182;89.555;0.1991;0.2838;-90;-0.2838;0;0;0;-1.21;3.9099;0;0;0;0;0;0;0;0;0;0;0;0;0;1;1;1;1;0;0;0;0;0;0;0;0;0;0;0;0;0;0;0;0;0;0;0;0;0;0;0;0;0;0;0;0;0;0;0;0;0;0;0;1;1;1;1;1;1;1;1;1;1;1;1;1;1;1;1;1;1;1;0;0;0;0;0;0;0;0;0;0.0004;0.088;0;-0.0884;0;0;0;0;0;0;0;0;0;0;0;0;0;0;0;0;0;0;0;1.21;0;0;0;0;0.0004;0;0;0;0;0;0;0;-0.0004;-0.0884;0;0;0;0;0;0;0;0;0;-0.7063;0;0.7063;1;1;0;0;0;0
30/07/21 07:00;5.9219;-62.574;75.509;6.6654;9.6846;-90;-9.6846;86.402;14.302;72.1;-1.0597;4.1599;0;174.86;6.7228;18.264;0;0.08;199.93;0;199.93;174.86;18.264;6.7228;0.08;0.8746;0.034;0;0.0004;199.82;0.1129;0;0;0.0461;0.0667;161.36;38.055;34.206;3.5728;0.2736;0.003;199.42;0.3996;0.3497;0.0365;0.0134;0;161.36;140.31;14.655;6.3897;0.0103;4.417;3.8251;0.951;0.0017;0.0321;0.4612;0.0011;0.4915;0;1;0;0;2.314;0.9994;1;1;0.9931;0.1662;0.8092;0.804;1;0.9589;0.7753;0.998;0.998;1;0.998;0.998;0.8071;0.9505;0.1286;0.6004;0.487;0.0029;0.0181;-0.034;0.0035;0.0124;0.0001;0;0;0.088;0;0.3754;0;0;0;0;0;0;0;0;0;0;0;0;0.01;0.0007;0.4733;0.4733;0;5.4165;5.4165;6.4762;0.0401;415.36;1139.4;1;0.0099;0.0099;0;0;0;0;0;0;0.4634;0.3754;0;15.016;17.389;11.912;13.793;97.918;97.918;4.7983;3.7823;3.0003;1.016;0.782;0.2117;0.163;0.6253;4.0268;0.6242;0
30/07/21 08:00;16.281;-52.615;47.161;20.182;36.615;-90;-36.615;225.51;58.697;166.81;1.9397;3.9099;0;404.56;29.186;63.822;0;2.8926;500.46;0;500.46;404.56;63.822;29.186;2.8926;0.8084;0.0641;0;0.0058;496.07;4.3926;0;0;1.7764;2.6162;488.99;6.0932;4.4707;0.7053;0.8827;0.0345;495.08;0.9921;0.8091;0.1276;0.0548;0.0006;489.15;399.28;62.989;26.472;0.2413;21.159;18.324;4.5622;0.8785;0.2097;3.0168;0.168;2.348;0;1;0;0;2.2193;0.9912;1;1;0.9391;0.0955;0.9877;0.9889;1;0.9677;0.8749;0.998;0.998;1;0.998;0.998;0.9771;0.907;0.0834;1.5029;1.4796;0.0089;0.0066;-0.0172;0.0104;0.0368;0.0006;0;0;0.088;0;1.2877;0;0;0;0;0;0;0;0;0;0;0;0;0.0296;0.0052;1.3988;1.3988;0;21.685;21.685;19.745;0.0404;1268.8;1102.5;1;0.0231;0.0231;0;0;0;0;0;0;1.3757;1.2877;0;17.73;20.531;16.322;18.9;98.348;98.348;12.011;11.179;10.291;0.8322;0.8879;0.0693;0.0739;0.8568;20.213;0.8529;0
30/07/21 09:00;25.218;-40.753;43.262;35.808;54.192;-90;-54.192;413.1;68.801;344.3;5.5401;3.64;0;588.47;21.327;71.601;0;11.141;692.54;0;692.54;588.47;71.601;21.327;11.141;0.8497;0.0469;0;0.0161;679.79;12.753;0;0;2.3159;10.437;671.96;6.4642;5.1637;0.6283;0.6432;0.0291;678.43;1.3596;1.1769;0.1432;0.038;0.0014;674.33;582.13;70.83;18.329;0.6741;132.75;114.97;27.491;2.4878;1.1929;17.16;2.3682;15.865;0;1;0;0;1.6765;0.9816;1;1;0.8914;0.0632;0.9905;0.9912;1;0.9661;0.9587;0.998;0.998;1;0.998;0.998;0.9703;0.8595;0.0605;2.0797;2.0672;0.0124;-0.0001;0.0568;0.014;0.0496;0.0033;0;0;0.088;0;1.7619;0;0;0;0;0;0;0;0;0;0;0;0;0.0399;0.0096;1.8816;1.8816;0;32.898;32.898;27.358;0.0407;1776.5;1059.2;1;0.0317;0.0317;0;0;0;0;0;0;1.8499;1.7619;0;17.235;19.958;16.139;18.688;98.315;98.315;16.621;15.037;14.081;1.5834;0.9567;0.0953;0.0576;0.8472;17.393;0.8317;0
30/07/21 10:00;32.031;-26.495;49.352;54.508;35.492;-90;-35.492;534.6;88.298;446.31;9.5799;3.31;0;548.15;29.31;68.762;0;6.4565;652.68;0;652.68;548.15;68.762;29.31;6.4565;0.8398;0.0548;0;0.0099;645.17;7.5092;0;0;1.6991;5.81;635.3;8.5828;6.7584;0.8478;0.8893;0.0873;643.88;1.2903;1.0963;0.1375;0.0552;0.0013;637.15;540.3;67.776;26.667;0.5578;269.29;233.2;59.48;0.7937;1.902;27.359;1.8465;28.467;0;1;0;0;1.2209;0.9885;1;1;0.942;0.1001;0.9867;0.9876;1;0.9677;0.8647;0.998;0.998;1;0.998;0.998;0.9734;0.9098;0.0864;1.96;1.9767;0.0119;0.0007;0.0725;0.0132;0.047;0.0052;0;0;0.088;0;1.662;0;0;0;0;0;0;0;0;0;0;0;0;0.0378;0.0088;1.7795;1.7795;0;35.504;35.504;25.925;0.0408;1698.3;1047.8;1;0.0295;0.0295;0;0;0;0;0;0;1.75;1.662;0;17.296;20.028;16.154;18.706;98.342;98.342;15.664;14.222;13.283;1.4425;0.9392;0.0921;0.06;0.848;20.118;0.8222;0
30/07/21 11:00;35.886;-9.954;52.938;76.563;13.437;-90;-13.437;606.1;99.899;506.2;11.95;3.32;0;520.45;34.418;66.832;0;1.0784;622.78;0;622.78;520.45;66.832;34.418;1.0784;0.8357;0.057;0;0.0017;621.47;1.3082;0;0;0.4092;0.899;609.09;11.141;8.6732;1.1138;1.3133;0.0402;620.23;1.2429;1.0409;0.1337;0.068;0.0004;609.33;510.73;65.585;32.628;0.1389;351.08;304.03;74.645;0.0303;2.6029;37.441;0.2483;40.014;0;1;0;0;1.0275;0.9979;1;1;0.9881;0.1664;0.982;0.9833;1;0.9613;0.7754;0.998;0.998;1;0.998;0.998;0.978;0.948;0.1288;1.8702;1.9142;0.0115;0.0013;0.0793;0.0128;0.0452;0.0071;0;0;0.088;0;1.5961;0;0;0;0;0;0;0;0;0;0;0;0;0.0364;0.0083;1.7122;1.7122;0;36.835;36.835;24.886;0.0409;1643.9;1041.5;1;0.0281;0.0281;0;0;0;0;0;0;1.6841;1.5961;0;17.441;20.196;16.258;18.827;98.359;98.359;14.947;13.684;12.756;1.2624;0.9278;0.0845;0.0621;0.8535;20.834;0.8167;0
30/07/21 12:00;36.133;7.6597;53.172;79.654;10.346;90;10.346;613.7;102.4;511.3;12.32;3.5899;0;519.75;35.208;68.009;0;0.6486;623.62;0;623.62;519.75;68.009;35.208;0.6486;0.8334;0.0575;0;0.001;622.8;0.8122;0;0;0.2706;0.5415;610.08;11.479;8.8756;1.1614;1.4175;0.0241;621.56;1.2456;1.0395;0.136;0.0699;0.0002;610.21;509.83;66.712;33.45;0.0828;358.17;310.17;77.791;0.0118;2.5477;36.647;0.1273;39.183;0;1;0;0;1.0162;0.9987;1;1;0.9923;0.1651;0.9815;0.9829;1;0.9593;0.7747;0.998;0.998;1;0.998;0.998;0.9783;0.9501;0.1276;1.8727;1.9151;0.0115;0.0013;0.0821;0.0127;0.0452;0.007;0;0;0.088;0;1.5945;0;0;0;0;0;0;0;0;0;0;0;0;0.0364;0.0083;1.7106;1.7106;0;37.255;37.255;24.935;0.0409;1644.9;1039.9;1;0.028;0.028;0;0;0;0;0;0;1.6825;1.5945;0;17.401;20.15;16.22;18.783;98.361;98.361;14.967;13.671;12.744;1.2958;0.9273;0.0866;0.062;0.8515;21.123;0.8156;0
30/07/21 13:00;32.725;24.436;49.989;57.229;32.771;90;32.771;554.7;100.9;453.81;13.1;3.7499;0;539.71;34.127;75.899;0;5.7387;655.47;0;655.47;539.71;75.899;34.127;5.7387;0.8234;0.0608;0;0.0088;648.61;6.8598;0;0;1.7481;5.1117;638.35;8.9642;6.855;0.964;1.0456;0.0996;647.32;1.2972;1.0794;0.1518;0.0648;0.0013;639.99;531.78;74.783;31.269;0.5261;287.99;249.4;63.476;0.7026;2.0332;29.247;1.6354;30.578;0;1;0;0;1.1817;0.9895;1;1;0.9488;0.1093;0.9862;0.9873;1;0.9676;0.8408;0.998;0.998;1;0.998;0.998;0.9739;0.9162;0.0917;1.9684;1.9892;0.012;0.0006;0.0991;0.0131;0.0466;0.0055;0;0;0.088;0;1.6489;0;0;0;0;0;0;0;0;0;0;0;0;0.0375;0.0089;1.7659;1.7659;0;39.229;39.229;26.129;0.0409;1709.3;1033.1;1;0.029;0.029;0;0;0;0;0;0;1.7369;1.6489;0;17.09;19.79;15.958;18.479;98.36;98.36;15.731;14.113;13.178;1.6186;0.9348;0.1029;0.0594;0.8377;22.943;0.8106;0
30/07/21 14:00;26.253;39.021;44.169;38.074;51.926;90;51.926;155.01;150.9;4.1077;12.42;3.53;0;6.6609;121.12;1.7122;0;3.8621;133.36;0;133.36;6.6609;1.7122;121.12;3.8621;0.0499;0.9372;0;0.029;117.35;16.01;0;0;12.388;3.6224;113.39;3.7202;0.062;0.0159;3.6326;0.0097;117.11;0.2347;0.0133;0.0034;0.2175;0.0005;114.98;6.5856;1.6928;104.89;0.2296;98.164;85.01;23.209;12.153;1.3652;19.638;1.5869;8.8503;0;1;0;0;0.8603;0.8799;1;1;0.8977;0.0621;0.9682;0.9907;1;0.9665;0.9594;0.998;0.998;1;0.998;0.998;0.8503;0.8659;0.0594;0.4005;0.3877;0.0023;0.0179;-0.0112;0.0027;0.0094;0.0038;0;0;0.088;0;0.2587;0;0;0;0;0;0;0;0;0;0;0;0;0.0076;0.0005;0.3547;0.3547;0;17.031;17.031;4.6112;0.0407;329.43;1076.8;1;0.008;0.008;0;0;0;0;0;0;0.3467;0.2587;0;16.873;19.539;12.308;14.252;97.75;97.75;3.2006;2.835;2.0679;0.3657;0.7671;0.1143;0.2397;0.6461;96.436;0.5819;0
30/07/21 15:00;17.551;51.177;43;22.095;43.724;90;43.724;52.392;51.799;0.5932;11.72;2.3099;0;1.4386;44.55;0.1862;0;0.9444;47.119;0;47.119;1.4386;0.1862;44.55;0.9444;0.0305;0.9655;0;0.02;42.694;4.4247;0;0;3.5486;0.8761;41.26;1.3489;0.0124;0.0016;1.3302;0.0046;42.609;0.0854;0.0029;0.0004;0.082;0.0001;41.62;1.4233;0.1842;39.589;0.0635;32.777;28.385;7.4979;2.4641;0.3686;5.3024;0.3597;3.2069;0;1;0;0;0.8994;0.9061;1;1;0.9203;0.0723;0.9683;0.9914;1;0.9675;0.9319;0.998;0.998;1;0.998;0.998;0.8757;0.8886;0.0673;0.1415;0.1365;0.0008;0.013;-0.0058;0.0009;0.0032;0.001;0;0;0.088;0;0.0275;0;0;0;0;0;0;0;0;0;0;0;0;0.0026;0.0001;0.1208;0.1208;0;13.412;13.412;1.6918;0.041;114.87;1051.5;1;0.0053;0.0053;0;0;0;0;0;0;0.1155;0.0275;0;16.261;18.83;3.6971;4.2812;95.594;95.594;1.1309;0.9653;0.2195;0.1656;0.7458;0.1464;0.6595;0.1941;32.774;0.179;0
30/07/21 16:00;7.346;61.35;71.935;8.3573;12.283;90;12.283;25.903;25.703;0.1995;11.27;2.76;0;0.4839;25.379;0.0733;0;0.0385;25.975;0;25.975;0.4839;0.0733;25.379;0.0385;0.0186;0.9785;0;0.0015;25.683;0.2923;0;0;0.2601;0.0322;24.567;1.0639;0.0642;0.0097;0.9886;0.0014;25.631;0.0514;0.001;0.0001;0.0502;0;24.575;0.4188;0.0634;24.08;0.0049;15.309;13.257;3.1415;0.0159;0.1218;1.7523;0.0078;1.8581;0;1;0;0;1.0028;0.9887;1;1;0.9898;0.165;0.9585;0.8672;1;0.9606;0.7746;0.998;0.998;1;0.998;0.998;0.9458;0.9488;0.1276;0.078;0.0777;0.0005;0.0099;-0.0036;0.0005;0.0018;0.0003;0;0;0.088;0;-0.0248;0;0;0;0;0;0;0;0;0;0;0;0;0.0014;0.0001;0.0669;0.0669;0;12.283;12.283;1.0137;0.0413;64.715;1033.6;1;0.0037;0.0037;0;0;0;0;0;0;0.0632;-0.0248;0;16.336;18.917;-6.0663;-7.0247;94.424;94.424;0.6234;0.5346;-0.1985;0.0888;0.7331;0.1425;1.176;0;15.308;0;0
30/07/21 17:00;0.9154;66.619;87.779;0.9973;1.422;90;1.422;0;0;0;9.7301;3.1899;0;0;0;0;0;0;0;0;0;0;0;0;0;1;1;1;1;0;0;0;0;0;0;0;0;0;0;0;0;0;0;0;0;0;0;0;0;0;0;0;0;0;0;0;0;0;0;0;0;0;0;0;1;1;1;1;1;1;1;1;1;1;1;1;1;1;1;1;1;1;1;0;0;0;0;0;0;0;0;0;0.0004;0.088;0;-0.0884;0;0;0;0;0;0;0;0;0;0;0;0;0;0;0;0;0;0;0;-9.7301;0;0;0;0;0.0004;0;0;0;0;0;0;0;-0.0004;-0.0884;0;0;0;0;0;0;0;0;0;-0.7063;0;0.7063;1;1;0;0;0;0
30/07/21 18:00;0;0;90;0;0;90;0;0;0;0;9.0999;3.5999;0;0;0;0;0;0;0;0;0;0;0;0;0;1;1;1;1;0;0;0;0;0;0;0;0;0;0;0;0;0;0;0;0;0;0;0;0;0;0;0;0;0;0;0;0;0;0;0;0;0;0;0;1;1;1;1;1;1;1;1;1;1;1;1;1;1;1;1;1;1;1;0;0;0;0;0;0;0;0;0;0.0004;0.088;0;-0.0884;0;0;0;0;0;0;0;0;0;0;0;0;0;0;0;0;0;0;0;-9.0999;0;0;0;0;0.0004;0;0;0;0;0;0;0;-0.0004;-0.0884;0;0;0;0;0;0;0;0;0;-0.7063;0;0.7063;1;1;0;0;0;0
30/07/21 19:00;0;0;90;0;0;90;0;0;0;0;8.6898;3.9701;0;0;0;0;0;0;0;0;0;0;0;0;0;1;1;1;1;0;0;0;0;0;0;0;0;0;0;0;0;0;0;0;0;0;0;0;0;0;0;0;0;0;0;0;0;0;0;0;0;0;0;0;1;1;1;1;1;1;1;1;1;1;1;1;1;1;1;1;1;1;1;0;0;0;0;0;0;0;0;0;0.0004;0.088;0;-0.0884;0;0;0;0;0;0;0;0;0;0;0;0;0;0;0;0;0;0;0;-8.6898;0;0;0;0;0.0004;0;0;0;0;0;0;0;-0.0004;-0.0884;0;0;0;0;0;0;0;0;0;-0.7063;0;0.7063;1;1;0;0;0;0
30/07/21 20:00;0;0;90;0;0;90;0;0;0;0;8.7602;4.27;0;0;0;0;0;0;0;0;0;0;0;0;0;1;1;1;1;0;0;0;0;0;0;0;0;0;0;0;0;0;0;0;0;0;0;0;0;0;0;0;0;0;0;0;0;0;0;0;0;0;0;0;1;1;1;1;1;1;1;1;1;1;1;1;1;1;1;1;1;1;1;0;0;0;0;0;0;0;0;0;0.0004;0.088;0;-0.0884;0;0;0;0;0;0;0;0;0;0;0;0;0;0;0;0;0;0;0;-8.7602;0;0;0;0;0.0004;0;0;0;0;0;0;0;-0.0004;-0.0884;0;0;0;0;0;0;0;0;0;-0.7063;0;0.7063;1;1;0;0;0;0
30/07/21 21:00;0;0;90;0;0;90;0;0;0;0;8.2902;4.5399;0;0;0;0;0;0;0;0;0;0;0;0;0;1;1;1;1;0;0;0;0;0;0;0;0;0;0;0;0;0;0;0;0;0;0;0;0;0;0;0;0;0;0;0;0;0;0;0;0;0;0;0;1;1;1;1;1;1;1;1;1;1;1;1;1;1;1;1;1;1;1;0;0;0;0;0;0;0;0;0;0.0004;0.088;0;-0.0884;0;0;0;0;0;0;0;0;0;0;0;0;0;0;0;0;0;0;0;-8.2902;0;0;0;0;0.0004;0;0;0;0;0;0;0;-0.0004;-0.0884;0;0;0;0;0;0;0;0;0;-0.7063;0;0.7063;1;1;0;0;0;0
30/07/21 22:00;0;0;90;0;0;90;0;0;0;0;8.7901;4.73;0;0;0;0;0;0;0;0;0;0;0;0;0;1;1;1;1;0;0;0;0;0;0;0;0;0;0;0;0;0;0;0;0;0;0;0;0;0;0;0;0;0;0;0;0;0;0;0;0;0;0;0;1;1;1;1;1;1;1;1;1;1;1;1;1;1;1;1;1;1;1;0;0;0;0;0;0;0;0;0;0.0004;0.088;0;-0.0884;0;0;0;0;0;0;0;0;0;0;0;0;0;0;0;0;0;0;0;-8.7901;0;0;0;0;0.0004;0;0;0;0;0;0;0;-0.0004;-0.0884;0;0;0;0;0;0;0;0;0;-0.7063;0;0.7063;1;1;0;0;0;0
30/07/21 23:00;0;0;90;0;0;90;0;0;0;0;11;4.8;0;0;0;0;0;0;0;0;0;0;0;0;0;1;1;1;1;0;0;0;0;0;0;0;0;0;0;0;0;0;0;0;0;0;0;0;0;0;0;0;0;0;0;0;0;0;0;0;0;0;0;0;1;1;1;1;1;1;1;1;1;1;1;1;1;1;1;1;1;1;1;0;0;0;0;0;0;0;0;0;0.0004;0.088;0;-0.0884;0;0;0;0;0;0;0;0;0;0;0;0;0;0;0;0;0;0;0;-11;0;0;0;0;0.0004;0;0;0;0;0;0;0;-0.0004;-0.0884;0;0;0;0;0;0;0;0;0;-0.7063;0;0.7063;1;1;0;0;0;0
31/07/21 00:00;0;0;90;0;0;90;0;0;0;0;9.2003;4.89;0;0;0;0;0;0;0;0;0;0;0;0;0;1;1;1;1;0;0;0;0;0;0;0;0;0;0;0;0;0;0;0;0;0;0;0;0;0;0;0;0;0;0;0;0;0;0;0;0;0;0;0;1;1;1;1;1;1;1;1;1;1;1;1;1;1;1;1;1;1;1;0;0;0;0;0;0;0;0;0;0.0004;0.088;0;-0.0884;0;0;0;0;0;0;0;0;0;0;0;0;0;0;0;0;0;0;0;-9.2003;0;0;0;0;0.0004;0;0;0;0;0;0;0;-0.0004;-0.0884;0;0;0;0;0;0;0;0;0;-0.7063;0;0.7063;1;1;0;0;0;0
31/07/21 01:00;0;0;90;0;0;90;0;0;0;0;8.8998;4.8599;0;0;0;0;0;0;0;0;0;0;0;0;0;1;1;1;1;0;0;0;0;0;0;0;0;0;0;0;0;0;0;0;0;0;0;0;0;0;0;0;0;0;0;0;0;0;0;0;0;0;0;0;1;1;1;1;1;1;1;1;1;1;1;1;1;1;1;1;1;1;1;0;0;0;0;0;0;0;0;0;0.0004;0.088;0;-0.0884;0;0;0;0;0;0;0;0;0;0;0;0;0;0;0;0;0;0;0;-8.8998;0;0;0;0;0.0004;0;0;0;0;0;0;0;-0.0004;-0.0884;0;0;0;0;0;0;0;0;0;-0.7063;0;0.7063;1;1;0;0;0;0
31/07/21 02:00;0;0;90;0;0;90;0;0;0;0;9.7999;4.9399;0;0;0;0;0;0;0;0;0;0;0;0;0;1;1;1;1;0;0;0;0;0;0;0;0;0;0;0;0;0;0;0;0;0;0;0;0;0;0;0;0;0;0;0;0;0;0;0;0;0;0;0;1;1;1;1;1;1;1;1;1;1;1;1;1;1;1;1;1;1;1;0;0;0;0;0;0;0;0;0;0.0004;0.088;0;-0.0884;0;0;0;0;0;0;0;0;0;0;0;0;0;0;0;0;0;0;0;-9.7999;0;0;0;0;0.0004;0;0;0;0;0;0;0;-0.0004;-0.0884;0;0;0;0;0;0;0;0;0;-0.7063;0;0.7063;1;1;0;0;0;0
31/07/21 03:00;0;0;90;0;0;90;0;0;0;0;10.1;5.44;0;0;0;0;0;0;0;0;0;0;0;0;0;1;1;1;1;0;0;0;0;0;0;0;0;0;0;0;0;0;0;0;0;0;0;0;0;0;0;0;0;0;0;0;0;0;0;0;0;0;0;0;1;1;1;1;1;1;1;1;1;1;1;1;1;1;1;1;1;1;1;0;0;0;0;0;0;0;0;0;0.0004;0.088;0;-0.0884;0;0;0;0;0;0;0;0;0;0;0;0;0;0;0;0;0;0;0;-10.1;0;0;0;0;0.0004;0;0;0;0;0;0;0;-0.0004;-0.0884;0;0;0;0;0;0;0;0;0;-0.7063;0;0.7063;1;1;0;0;0;0
31/07/21 04:00;0;0;90;0;0;90;0;0;0;0;10.44;5.4801;0;0;0;0;0;0;0;0;0;0;0;0;0;1;1;1;1;0;0;0;0;0;0;0;0;0;0;0;0;0;0;0;0;0;0;0;0;0;0;0;0;0;0;0;0;0;0;0;0;0;0;0;1;1;1;1;1;1;1;1;1;1;1;1;1;1;1;1;1;1;1;0;0;0;0;0;0;0;0;0;0.0004;0.088;0;-0.0884;0;0;0;0;0;0;0;0;0;0;0;0;0;0;0;0;0;0;0;-10.44;0;0;0;0;0.0004;0;0;0;0;0;0;0;-0.0004;-0.0884;0;0;0;0;0;0;0;0;0;-0.7063;0;0.7063;1;1;0;0;0;0
31/07/21 05:00;0;0;90;0;0;90;0;0;0;0;11.16;4.99;0;0;0;0;0;0;0;0;0;0;0;0;0;1;1;1;1;0;0;0;0;0;0;0;0;0;0;0;0;0;0;0;0;0;0;0;0;0;0;0;0;0;0;0;0;0;0;0;0;0;0;0;1;1;1;1;1;1;1;1;1;1;1;1;1;1;1;1;1;1;1;0;0;0;0;0;0;0;0;0;0.0004;0.088;0;-0.0884;0;0;0;0;0;0;0;0;0;0;0;0;0;0;0;0;0;0;0;-11.16;0;0;0;0;0.0004;0;0;0;0;0;0;0;-0.0004;-0.0884;0;0;0;0;0;0;0;0;0;-0.7063;0;0.7063;1;1;0;0;0;0
31/07/21 06:00;0.3386;-67.374;89.179;0.3668;0.5228;-90;-0.5228;0;0;0;11.12;5.07;0;0;0;0;0;0;0;0;0;0;0;0;0;1;1;1;1;0;0;0;0;0;0;0;0;0;0;0;0;0;0;0;0;0;0;0;0;0;0;0;0;0;0;0;0;0;0;0;0;0;0;0;1;1;1;1;1;1;1;1;1;1;1;1;1;1;1;1;1;1;1;0;0;0;0;0;0;0;0;0;0.0004;0.088;0;-0.0884;0;0;0;0;0;0;0;0;0;0;0;0;0;0;0;0;0;0;0;-11.12;0;0;0;0;0.0004;0;0;0;0;0;0;0;-0.0004;-0.0884;0;0;0;0;0;0;0;0;0;-0.7063;0;0.7063;1;1;0;0;0;0
31/07/21 07:00;6.0857;-62.759;75.101;6.8381;9.9459;-90;-9.9459;7.892;7.8029;0.089;10.76;5.38;0;0.216;7.7394;0.012;0;0.0077;7.975;0;7.975;0.216;0.012;7.7394;0.0077;0.0271;0.9714;0;0.001;7.9131;0.062;0;0;0.0555;0.0064;7.5406;0.3566;0.0404;0.0022;0.3137;0.0003;7.8973;0.0158;0.0004;0;0.0154;0;7.542;0.1751;0.0097;7.3548;0.001;4.6391;4.0175;0.9492;0.0022;0.0369;0.5312;0.0013;0.5659;0;1;0;0;1.0105;0.9922;1;1;0.9928;0.1663;0.9548;0.8123;1;0.9591;0.7753;0.998;0.998;1;0.998;0.998;0.9455;0.9503;0.1287;0.0239;0.0238;0.0001;0.0053;-0.0011;0.0001;0.0005;0.0001;0;0;0.088;0;-0.072;0;0;0;0;0;0;0;0;0;0;0;0;0.0004;0;0.0184;0.0184;0;11.078;11.078;0.3181;0.0422;18.707;983.31;1;0.0024;0.0024;0;0;0;0;0;0;0.016;-0.072;0;14.632;16.943;-57.258;-66.303;87.078;87.078;0.1914;0.147;-0.5753;0.0444;0.7223;0.2319;3.7737;0;4.6386;0;0
31/07/21 08:00;16.466;-52.787;46.574;20.361;37.187;-90;-37.187;74.505;72.899;1.6064;11.18;5.94;0;3.8959;65.208;0.7548;0;0.9847;70.843;0;70.843;3.8959;0.7548;65.208;0.9847;0.055;0.9344;0;0.0139;65.884;4.9586;0;0;4.0657;0.8929;63.723;2.0301;0.0417;0.0081;1.9694;0.011;65.753;0.1318;0.0078;0.0015;0.1223;0.0002;64.064;3.8464;0.7452;59.05;0.0807;45.378;39.297;10.099;2.0685;0.4413;6.3486;0.3419;4.7215;0;1;0;0;0.9508;0.93;1;1;0.9376;0.0932;0.9691;0.9893;1;0.9677;0.8804;0.998;0.998;1;0.998;0.998;0.8995;0.9056;0.0819;0.2127;0.2063;0.0012;0.0153;-0.0085;0.0014;0.0049;0.0012;0;0;0.088;0;0.0921;0;0;0;0;0;0;0;0;0;0;0;0;0.004;0.0002;0.1866;0.1866;0;13.78;13.78;2.5999;0.0408;174.7;1068.1;1;0.0064;0.0064;0;0;0;0;0;0;0.1801;0.0921;0;16.708;19.348;8.2509;9.5544;96.544;96.544;1.7002;1.4912;0.7364;0.209;0.7548;0.1229;0.444;0.4331;45.369;0.4059;0
31/07/21 09:00;25.426;-40.901;43.05;35.982;54.018;-90;-54.018;223.01;181.5;41.509;12.9;6.25;0;70.65;133.57;22.498;0;5.979;232.7;0;232.7;70.65;22.498;133.57;5.979;0.3036;0.5997;0;0.0257;212.66;20.039;0;0;14.438;5.6006;207.39;4.848;0.6112;0.1946;4.0267;0.0155;212.24;0.4253;0.1413;0.045;0.2383;0.0008;209.6;69.897;22.258;114.87;0.3621;125.24;108.46;29.358;15.391;1.7508;25.185;2.2094;11.544;0;1;0;0;1.0435;0.9139;1;1;0.8919;0.0633;0.9772;0.9913;1;0.9661;0.959;0.998;0.998;1;0.998;0.998;0.8912;0.86;0.0606;0.6988;0.6844;0.0041;0.0171;-0.009;0.0047;0.0167;0.0049;0;0;0.088;0;0.5319;0;0;0;0;0;0;0;0;0;0;0;0;0.0134;0.0013;0.6311;0.6311;0;21.318;21.318;8.4184;0.0406;583.89;1080.9;1;0.0112;0.0112;0;0;0;0;0;0;0.6199;0.5319;0;17.205;19.922;14.5;16.791;98.225;98.225;5.5848;5.0438;4.251;0.541;0.7928;0.0969;0.142;0.7612;108.73;0.7041;0
31/07/21 10:00;32.261;-26.6;49.123;54.65;35.35;-90;-35.35;348.5;223.9;124.6;14.3;6.3701;0;152.76;167.52;48.269;0;4.1763;372.73;0;372.73;152.76;48.269;167.52;4.1763;0.4099;0.4606;0;0.0112;359.32;13.406;0;0;9.6503;3.7557;351.01;7.594;1.8631;0.5887;5.0849;0.0573;358.6;0.7186;0.3055;0.0965;0.3157;0.0008;352.33;150.6;47.583;152.47;0.3624;196.34;170.03;43.351;4.4664;1.6404;23.597;1.3233;20.771;0;1;0;0;1.0695;0.964;1;1;0.9424;0.1007;0.9788;0.9878;1;0.9677;0.8634;0.998;0.998;1;0.998;0.998;0.9417;0.9102;0.0868;1.1193;1.1109;0.0067;0.0119;0.0141;0.0075;0.0268;0.0046;0;0;0.088;0;0.9101;0;0;0;0;0;0;0;0;0;0;0;0;0.0216;0.0031;1.0147;1.0147;0;28.581;28.581;14.281;0.0407;951.4;1066.6;1;0.0166;0.0166;0;0;0;0;0;0;0.9981;0.9101;0;17.27;19.999;15.489;17.936;98.36;98.36;8.9454;8.1098;7.2735;0.8356;0.8363;0.0934;0.0935;0.8131;114.85;0.7763;0
31/07/21 11:00;36.131;-9.9916;52.695;76.631;13.369;-90;-13.369;547.81;127.5;420.31;15.85;6.59;0;432.02;58.236;70.368;0;0.9649;561.59;0;561.59;432.02;70.368;58.236;0.9649;0.7693;0.1054;0;0.0017;560.1;1.4909;0;0;0.6866;0.8043;548.55;10.426;7.0216;1.1437;2.2249;0.036;558.98;1.1202;0.864;0.1407;0.1151;0.0003;548.77;424.13;69.084;55.21;0.1243;317.89;275.29;67.462;0.0501;2.3664;34.04;0.221;36.357;0;1;0;0;1.0252;0.9973;1;1;0.9882;0.1664;0.9813;0.9837;1;0.9613;0.7754;0.998;0.998;1;0.998;0.998;0.9768;0.948;0.1288;1.6864;1.7246;0.0104;0.0034;0.0806;0.0114;0.0405;0.0064;0;0;0.088;0;1.4199;0;0;0;0;0;0;0;0;0;0;0;0;0.0326;0.0069;1.5324;1.5324;0;38.298;38.298;22.448;0.0409;1481.7;1034.3;1;0.0245;0.0245;0;0;0;0;0;0;1.5079;1.4199;0;17.31;20.045;16.04;18.573;98.401;98.401;13.478;12.247;11.348;1.2308;0.8991;0.0913;0.0667;0.842;35.244;0.8054;0
31/07/21 12:00;36.378;7.703;52.926;79.688;10.312;90;10.312;488.21;198.5;289.71;16.71;6.5399;0;294.46;124.45;74.237;0;0.5126;493.66;0;493.66;294.46;74.237;124.45;0.5126;0.5965;0.2531;0;0.001;492.28;1.3794;0;0;0.9514;0.428;480.13;11.169;4.9011;1.2356;5.0132;0.019;491.3;0.9846;0.5889;0.1485;0.247;0.0002;480.23;288.97;72.853;118.24;0.0654;286.12;247.78;61.375;0.0407;2.0873;30.024;0.0988;32.071;0;1;0;0;1.0112;0.9972;1;1;0.9924;0.1651;0.9773;0.9833;1;0.9593;0.7747;0.998;0.998;1;0.998;0.998;0.9726;0.9501;0.1276;1.4825;1.5097;0.0091;0.0062;0.0604;0.01;0.0356;0.0057;0;0;0.088;0;1.2394;0;0;0;0;0;0;0;0;0;0;0;0;0.0287;0.0054;1.3487;1.3487;0;36.338;36.338;19.628;0.0409;1296.8;1040;1;0.0213;0.0213;0;0;0;0;0;0;1.3274;1.2394;0;17.331;20.068;15.926;18.442;98.423;98.423;11.848;10.779;9.9053;1.0694;0.8733;0.0903;0.0737;0.836;74.657;0.7996;0
31/07/21 13:00;32.953;24.548;49.754;57.345;32.656;90;32.656;548.61;106.4;442.21;18.04;6.03;0;525.24;37.981;77.39;0;5.6367;646.24;0;646.24;525.24;77.39;37.981;5.6367;0.8128;0.0675;0;0.0087;639.29;6.9527;0;0;1.9347;5.0181;629.18;8.8345;6.599;0.9723;1.1643;0.0988;638.01;1.2786;1.0505;0.1548;0.0721;0.0012;630.82;517.59;76.263;34.81;0.5186;285.62;247.35;62.29;0.7723;2.0647;29.7;1.6415;30.992;0;1;0;0;1.178;0.9892;1;1;0.9491;0.1097;0.9862;0.9874;1;0.9676;0.8399;0.998;0.998;1;0.998;0.998;0.9736;0.9165;0.092;1.9407;1.9626;0.0118;0.0008;0.1303;0.0127;0.0452;0.0055;0;0;0.088;0;1.5956;0;0;0;0;0;0;0;0;0;0;0;0;0.0364;0.0087;1.7111;1.7111;0;43.895;43.895;25.855;0.0411;1686.6;1014.6;1;0.0276;0.0276;0;0;0;0;0;0;1.6836;1.5956;0;16.797;19.45;15.662;18.137;98.389;98.389;15.51;13.675;12.752;1.8344;0.9236;0.1183;0.0596;0.8222;25.512;0.7948;0
31/07/21 14:00;26.457;39.176;43.949;38.23;51.77;90;51.77;419.8;122.7;297.1;17.87;4.58;0;480.11;49.427;99.604;0;10.401;639.54;0;639.54;480.11;99.604;49.427;10.401;0.7507;0.0935;0;0.0163;624.75;14.788;0;0;5.0332;9.7546;616.67;6.8275;4.4054;0.914;1.4819;0.0262;623.5;1.2495;0.9602;0.1992;0.0888;0.0013;619.18;474.74;98.491;42.823;0.6192;160.17;138.71;34.163;4.9096;1.4986;21.557;2.5094;18.147;0;1;0;0;1.5234;0.9769;1;1;0.8982;0.0622;0.989;0.9908;1;0.9666;0.9594;0.998;0.998;1;0.998;0.998;0.9642;0.8664;0.0595;1.9205;1.9104;0.0115;0.0013;0.1222;0.0124;0.0441;0.004;0;0;0.088;0;1.5562;0;0;0;0;0;0;0;0;0;0;0;0;0.0355;0.0083;1.671;1.671;0;43.198;43.198;25.328;0.0411;1642.6;1017.3;1;0.0269;0.0269;0;0;0;0;0;0;1.6442;1.5562;0;16.575;19.194;15.436;17.874;98.393;98.393;15.349;13.355;12.437;1.994;0.9179;0.1299;0.0598;0.8103;39.289;0.7903;0
31/07/21 15:00;17.729;51.356;42.392;22.261;44.484;90;44.484;97.81;95.901;1.9085;16.7;3.2799;0;4.6287;81.773;1.098;0;1.8218;89.321;0;89.321;4.6287;1.098;81.773;1.8218;0.0518;0.9359;0;0.0204;80.949;8.372;0;0;6.6794;1.6926;78.292;2.4957;0.0383;0.0091;2.4401;0.0082;80.787;0.1619;0.0093;0.0022;0.1502;0.0003;78.983;4.5812;1.0868;72.503;0.1207;60.583;52.465;13.903;4.7995;0.6944;9.9883;0.6916;5.8832;0;1;0;0;0.9132;0.9063;1;1;0.9183;0.0709;0.9691;0.9917;1;0.9674;0.9362;0.998;0.998;1;0.998;0.998;0.8765;0.8866;0.0663;0.2682;0.2589;0.0016;0.0164;-0.0048;0.0017;0.0061;0.0019;0;0;0.088;0;0.1363;0;0;0;0;0;0;0;0;0;0;0;0;0.0049;0.0003;0.2309;0.2309;0;19.904;19.904;3.2038;0.0409;219.79;1050.4;1;0.0066;0.0066;0;0;0;0;0;0;0.2243;0.1363;0;16.396;18.987;9.6791;11.208;97.148;97.148;2.1437;1.8451;1.0892;0.2986;0.7559;0.1393;0.3526;0.5081;60.571;0.4688;0
31/07/21 16:00;7.5025;61.543;71.539;8.5193;12.537;90;12.537;40.808;40.098;0.71;16.53;3.55;0;1.7219;39.457;0.3983;0;0.0632;41.641;0;41.641;1.7219;0.3983;39.457;0.0632;0.0414;0.9491;0;0.0015;41.17;0.4714;0;0;0.4186;0.0528;39.285;1.8018;0.2188;0.0506;1.53;0.0023;41.087;0.0823;0.0034;0.0008;0.0781;0;39.298;1.4996;0.3469;37.431;0.0081;23.821;20.629;4.8906;0.0267;0.1895;2.7264;0.0128;2.8893;0;1;0;0;1.0204;0.9887;1;1;0.9894;0.165;0.9561;0.8727;1;0.9607;0.7747;0.998;0.998;1;0.998;0.998;0.9434;0.9486;0.1276;0.125;0.1241;0.0007;0.0124;-0.0031;0.0008;0.0028;0.0005;0;0;0.088;0;0.0148;0;0;0;0;0;0;0;0;0;0;0;0;0.0023;0.0001;0.1076;0.1076;0;18.148;18.148;1.6184;0.0412;104.55;1028.8;1;0.0048;0.0048;0;0;0;0;0;0;0.1028;0.0148;0;16.385;18.973;2.2512;2.6068;95.559;95.559;0.9994;0.8596;0.1181;0.1398;0.7415;0.1399;0.7419;0.1182;23.817;0.1126;0
31/07/21 17:00;1.0612;66.818;87.426;1.1544;1.6462;90;1.6462;0;0;0;13.85;3.71;0;0;0;0;0;0;0;0;0;0;0;0;0;1;1;1;1;0;0;0;0;0;0;0;0;0;0;0;0;0;0;0;0;0;0;0;0;0;0;0;0;0;0;0;0;0;0;0;0;0;0;0;1;1;1;1;1;1;1;1;1;1;1;1;1;1;1;1;1;1;1;0;0;0;0;0;0;0;0;0;0.0004;0.088;0;-0.0884;0;0;0;0;0;0;0;0;0;0;0;0;0;0;0;0;0;0;0;-13.85;0;0;0;0;0.0004;0;0;0;0;0;0;0;-0.0004;-0.0884;0;0;0;0;0;0;0;0;0;-0.7063;0;0.7063;1;1;0;0;0;0
31/07/21 18:00;0;0;90;0;0;90;0;0;0;0;11.01;3.61;0;0;0;0;0;0;0;0;0;0;0;0;0;1;1;1;1;0;0;0;0;0;0;0;0;0;0;0;0;0;0;0;0;0;0;0;0;0;0;0;0;0;0;0;0;0;0;0;0;0;0;0;1;1;1;1;1;1;1;1;1;1;1;1;1;1;1;1;1;1;1;0;0;0;0;0;0;0;0;0;0.0004;0.088;0;-0.0884;0;0;0;0;0;0;0;0;0;0;0;0;0;0;0;0;0;0;0;-11.01;0;0;0;0;0.0004;0;0;0;0;0;0;0;-0.0004;-0.0884;0;0;0;0;0;0;0;0;0;-0.7063;0;0.7063;1;1;0;0;0;0
31/07/21 19:00;0;0;90;0;0;90;0;0;0;0;11.17;3.39;0;0;0;0;0;0;0;0;0;0;0;0;0;1;1;1;1;0;0;0;0;0;0;0;0;0;0;0;0;0;0;0;0;0;0;0;0;0;0;0;0;0;0;0;0;0;0;0;0;0;0;0;1;1;1;1;1;1;1;1;1;1;1;1;1;1;1;1;1;1;1;0;0;0;0;0;0;0;0;0;0.0004;0.088;0;-0.0884;0;0;0;0;0;0;0;0;0;0;0;0;0;0;0;0;0;0;0;-11.17;0;0;0;0;0.0004;0;0;0;0;0;0;0;-0.0004;-0.0884;0;0;0;0;0;0;0;0;0;-0.7063;0;0.7063;1;1;0;0;0;0
31/07/21 20:00;0;0;90;0;0;90;0;0;0;0;11.37;3.2501;0;0;0;0;0;0;0;0;0;0;0;0;0;1;1;1;1;0;0;0;0;0;0;0;0;0;0;0;0;0;0;0;0;0;0;0;0;0;0;0;0;0;0;0;0;0;0;0;0;0;0;0;1;1;1;1;1;1;1;1;1;1;1;1;1;1;1;1;1;1;1;0;0;0;0;0;0;0;0;0;0.0004;0.088;0;-0.0884;0;0;0;0;0;0;0;0;0;0;0;0;0;0;0;0;0;0;0;-11.37;0;0;0;0;0.0004;0;0;0;0;0;0;0;-0.0004;-0.0884;0;0;0;0;0;0;0;0;0;-0.7063;0;0.7063;1;1;0;0;0;0
31/07/21 21:00;0;0;90;0;0;90;0;0;0;0;10.94;3.1899;0;0;0;0;0;0;0;0;0;0;0;0;0;1;1;1;1;0;0;0;0;0;0;0;0;0;0;0;0;0;0;0;0;0;0;0;0;0;0;0;0;0;0;0;0;0;0;0;0;0;0;0;1;1;1;1;1;1;1;1;1;1;1;1;1;1;1;1;1;1;1;0;0;0;0;0;0;0;0;0;0.0004;0.088;0;-0.0884;0;0;0;0;0;0;0;0;0;0;0;0;0;0;0;0;0;0;0;-10.94;0;0;0;0;0.0004;0;0;0;0;0;0;0;-0.0004;-0.0884;0;0;0;0;0;0;0;0;0;-0.7063;0;0.7063;1;1;0;0;0;0
31/07/21 22:00;0;0;90;0;0;90;0;0;0;0;11.12;3.1701;0;0;0;0;0;0;0;0;0;0;0;0;0;1;1;1;1;0;0;0;0;0;0;0;0;0;0;0;0;0;0;0;0;0;0;0;0;0;0;0;0;0;0;0;0;0;0;0;0;0;0;0;1;1;1;1;1;1;1;1;1;1;1;1;1;1;1;1;1;1;1;0;0;0;0;0;0;0;0;0;0.0004;0.088;0;-0.0884;0;0;0;0;0;0;0;0;0;0;0;0;0;0;0;0;0;0;0;-11.12;0;0;0;0;0.0004;0;0;0;0;0;0;0;-0.0004;-0.0884;0;0;0;0;0;0;0;0;0;-0.7063;0;0.7063;1;1;0;0;0;0
31/07/21 23:00;0;0;90;0;0;90;0;0;0;0;10.56;3.16;0;0;0;0;0;0;0;0;0;0;0;0;0;1;1;1;1;0;0;0;0;0;0;0;0;0;0;0;0;0;0;0;0;0;0;0;0;0;0;0;0;0;0;0;0;0;0;0;0;0;0;0;1;1;1;1;1;1;1;1;1;1;1;1;1;1;1;1;1;1;1;0;0;0;0;0;0;0;0;0;0.0004;0.088;0;-0.0884;0;0;0;0;0;0;0;0;0;0;0;0;0;0;0;0;0;0;0;-10.56;0;0;0;0;0.0004;0;0;0;0;0;0;0;-0.0004;-0.0884;0;0;0;0;0;0;0;0;0;-0.7063;0;0.7063;1;1;0;0;0;0
01/08/21 00:00;0;0;90;0;0;90;0;0;0;0;9.3499;3.2601;0;0;0;0;0;0;0;0;0;0;0;0;0;1;1;1;1;0;0;0;0;0;0;0;0;0;0;0;0;0;0;0;0;0;0;0;0;0;0;0;0;0;0;0;0;0;0;0;0;0;0;0;1;1;1;1;1;1;1;1;1;1;1;1;1;1;1;1;1;1;1;0;0;0;0;0;0;0;0;0;0.0004;0.088;0;-0.0884;0;0;0;0;0;0;0;0;0;0;0;0;0;0;0;0;0;0;0;-9.3499;0;0;0;0;0.0004;0;0;0;0;0;0;0;-0.0004;-0.0884;0;0;0;0;0;0;0;0;0;-0.7063;0;0.7063;1;1;0;0;0;0
01/08/21 01:00;0;0;90;0;0;90;0;0;0;0;11;3.77;0;0;0;0;0;0;0;0;0;0;0;0;0;1;1;1;1;0;0;0;0;0;0;0;0;0;0;0;0;0;0;0;0;0;0;0;0;0;0;0;0;0;0;0;0;0;0;0;0;0;0;0;1;1;1;1;1;1;1;1;1;1;1;1;1;1;1;1;1;1;1;0;0;0;0;0;0;0;0;0;0.0004;0.088;0;-0.0884;0;0;0;0;0;0;0;0;0;0;0;0;0;0;0;0;0;0;0;-11;0;0;0;0;0.0004;0;0;0;0;0;0;0;-0.0004;-0.0884;0;0;0;0;0;0;0;0;0;-0.7063;0;0.7063;1;1;0;0;0;0
01/08/21 02:00;0;0;90;0;0;90;0;0;0;0;12.31;4.27;0;0;0;0;0;0;0;0;0;0;0;0;0;1;1;1;1;0;0;0;0;0;0;0;0;0;0;0;0;0;0;0;0;0;0;0;0;0;0;0;0;0;0;0;0;0;0;0;0;0;0;0;1;1;1;1;1;1;1;1;1;1;1;1;1;1;1;1;1;1;1;0;0;0;0;0;0;0;0;0;0.0004;0.088;0;-0.0884;0;0;0;0;0;0;0;0;0;0;0;0;0;0;0;0;0;0;0;-12.31;0;0;0;0;0.0004;0;0;0;0;0;0;0;-0.0004;-0.0884;0;0;0;0;0;0;0;0;0;-0.7063;0;0.7063;1;1;0;0;0;0
01/08/21 03:00;0;0;90;0;0;90;0;0;0;0;10.3;4.0699;0;0;0;0;0;0;0;0;0;0;0;0;0;1;1;1;1;0;0;0;0;0;0;0;0;0;0;0;0;0;0;0;0;0;0;0;0;0;0;0;0;0;0;0;0;0;0;0;0;0;0;0;1;1;1;1;1;1;1;1;1;1;1;1;1;1;1;1;1;1;1;0;0;0;0;0;0;0;0;0;0.0004;0.088;0;-0.0884;0;0;0;0;0;0;0;0;0;0;0;0;0;0;0;0;0;0;0;-10.3;0;0;0;0;0.0004;0;0;0;0;0;0;0;-0.0004;-0.0884;0;0;0;0;0;0;0;0;0;-0.7063;0;0.7063;1;1;0;0;0;0
01/08/21 04:00;0;0;90;0;0;90;0;0;0;0;10.64;3.3301;0;0;0;0;0;0;0;0;0;0;0;0;0;1;1;1;1;0;0;0;0;0;0;0;0;0;0;0;0;0;0;0;0;0;0;0;0;0;0;0;0;0;0;0;0;0;0;0;0;0;0;0;1;1;1;1;1;1;1;1;1;1;1;1;1;1;1;1;1;1;1;0;0;0;0;0;0;0;0;0;0.0004;0.088;0;-0.0884;0;0;0;0;0;0;0;0;0;0;0;0;0;0;0;0;0;0;0;-10.64;0;0;0;0;0.0004;0;0;0;0;0;0;0;-0.0004;-0.0884;0;0;0;0;0;0;0;0;0;-0.7063;0;0.7063;1;1;0;0;0;0
01/08/21 05:00;0;0;90;0;0;90;0;0;0;0;10.82;2.2201;0;0;0;0;0;0;0;0;0;0;0;0;0;1;1;1;1;0;0;0;0;0;0;0;0;0;0;0;0;0;0;0;0;0;0;0;0;0;0;0;0;0;0;0;0;0;0;0;0;0;0;0;1;1;1;1;1;1;1;1;1;1;1;1;1;1;1;1;1;1;1;0;0;0;0;0;0;0;0;0;0.0004;0.088;0;-0.0884;0;0;0;0;0;0;0;0;0;0;0;0;0;0;0;0;0;0;0;-10.82;0;0;0;0;0.0004;0;0;0;0;0;0;0;-0.0004;-0.0884;0;0;0;0;0;0;0;0;0;-0.7063;0;0.7063;1;1;0;0;0;0
01/08/21 06:00;0.3094;-67.713;89.25;0.3344;0.4766;-90;-0.4766;0;0;0;10.4;1.41;0;0;0;0;0;0;0;0;0;0;0;0;0;1;1;1;1;0;0;0;0;0;0;0;0;0;0;0;0;0;0;0;0;0;0;0;0;0;0;0;0;0;0;0;0;0;0;0;0;0;0;0;1;1;1;1;1;1;1;1;1;1;1;1;1;1;1;1;1;1;1;0;0;0;0;0;0;0;0;0;0.0004;0.088;0;-0.0884;0;0;0;0;0;0;0;0;0;0;0;0;0;0;0;0;0;0;0;-10.4;0;0;0;0;0.0004;0;0;0;0;0;0;0;-0.0004;-0.0884;0;0;0;0;0;0;0;0;0;-0.7063;0;0.7063;1;1;0;0;0;0
01/08/21 07:00;6.2545;-62.947;74.679;7.0157;10.215;-90;-10.215;14.807;14.701;0.1064;10.1;1.95;0;0.258;14.574;0.0262;0;0.0188;14.877;0;14.877;0.258;0.0262;14.574;0.0188;0.0173;0.9809;0;0.0013;14.752;0.125;0;0;0.1093;0.0157;14.082;0.6396;0.0461;0.0047;0.5881;0.0007;14.722;0.0295;0.0005;0.0001;0.0289;0;14.086;0.2113;0.0215;13.847;0.0024;8.7412;7.3076;2.1895;0.0046;0.0851;1.224;0.0033;1.3045;0;1;0;0;1.0047;0.9916;1;1;0.9925;0.1663;0.9566;0.8208;1;0.9593;0.7752;0.998;0.998;1;0.998;0.998;0.9466;0.9502;0.1287;0.0447;0.045;0.0003;0.0075;-0.0023;0.0003;0.001;0.0002;0;0;0.088;0;-0.0536;0;0;0;0;0;0;0;0;0;0;0;0;0.0008;0;0.0373;0.0373;0;10.686;10.686;0.5858;0.0416;36.73;1015.3;1;0.0029;0.0029;0;0;0;0;0;0;0.0344;-0.0536;0;15.901;18.414;-22.857;-26.468;92.241;92.241;0.357;0.298;-0.4284;0.059;0.7264;0.1653;2.0346;0;8.7406;0;0
01/08/21 08:00;16.655;-52.96;45.965;20.545;37.79;-90;-37.79;68.508;67.198;1.31;10.51;2.84;0;3.1771;59.944;0.561;0;1.1495;64.831;0;64.831;3.1771;0.561;59.944;1.1495;0.049;0.9423;0;0.0177;59.954;4.8772;0;0;3.8321;1.0451;57.976;1.8585;0.0329;0.0058;1.8079;0.0119;59.834;0.1199;0.0064;0.0011;0.1122;0.0002;58.377;3.1379;0.554;54.191;0.0924;41.92;35.045;11.448;2.0094;0.4756;6.842;0.4013;5.3082;0;1;0;0;0.9463;0.9248;1;1;0.9361;0.0909;0.9689;0.9896;1;0.9677;0.8863;0.998;0.998;1;0.998;0.998;0.8943;0.904;0.0804;0.1947;0.1902;0.0011;0.0149;-0.0085;0.0013;0.0045;0.0013;0;0;0.088;0;0.0774;0;0;0;0;0;0;0;0;0;0;0;0;0.0037;0.0002;0.1717;0.1717;0;12.876;12.876;2.3662;0.0408;160.81;1068;1;0.0063;0.0063;0;0;0;0;0;0;0.1654;0.0774;0;16.805;19.46;7.5741;8.7707;96.307;96.307;1.556;1.3726;0.6186;0.1833;0.754;0.1178;0.4846;0.3976;41.913;0.3685;0
01/08/21 09:00;25.639;-41.05;42.835;36.161;53.839;-90;-53.839;112.79;110.7;2.0909;10.1;3.85;0;3.5437;87.69;0.6827;0;3.6992;95.616;0;95.616;3.5437;0.6827;87.69;3.6992;0.0371;0.9558;0;0.0387;82.718;12.898;0;0;9.4331;3.4648;79.865;2.6877;0.0302;0.0058;2.6422;0.0095;82.553;0.1654;0.0071;0.0014;0.1565;0.0005;81.393;3.5064;0.6756;75.459;0.2243;72.005;60.197;21.14;9.9872;1.1459;16.483;1.528;7.6412;0;1;0;0;0.8477;0.8651;1;1;0.8924;0.0633;0.9674;0.9915;1;0.9662;0.9592;0.998;0.998;1;0.998;0.998;0.8353;0.8605;0.0606;0.2871;0.2799;0.0017;0.0168;-0.0119;0.0019;0.0068;0.0032;0;0;0.088;0;0.1606;0;0;0;0;0;0;0;0;0;0;0;0;0.0055;0.0003;0.2556;0.2556;0;13.349;13.349;3.2492;0.0407;236.92;1078.8;1;0.007;0.007;0;0;0;0;0;0;0.2486;0.1606;0;16.958;19.637;10.652;12.335;97.243;97.243;2.2948;2.0428;1.2832;0.252;0.7596;0.1098;0.331;0.5592;71.246;0.4952;0
01/08/21 10:00;32.497;-26.705;48.891;54.797;35.203;-90;-35.203;149.21;146.3;2.9021;10.4;4.49;0;3.5517;132.38;0.7284;0;2.183;138.85;0;138.85;3.5517;0.7284;132.38;2.183;0.0256;0.9692;0;0.0157;129.31;9.5386;0;0;7.5768;1.9618;124.95;4.1023;0.0428;0.0088;4.0203;0.0304;129.05;0.2586;0.0071;0.0015;0.2496;0.0004;125.68;3.5017;0.7181;120.54;0.1903;92.401;77.247;25.174;3.4793;0.9905;14.248;0.7363;11.759;0;1;0;0;0.9306;0.9313;1;1;0.9428;0.1013;0.9682;0.9879;1;0.9677;0.8621;0.998;0.998;1;0.998;0.998;0.8999;0.9105;0.0872;0.417;0.4086;0.0025;0.018;-0.0141;0.0028;0.01;0.0028;0;0;0.088;0;0.2817;0;0;0;0;0;0;0;0;0;0;0;0;0.008;0.0006;0.378;0.378;0;15.47;15.47;5.0695;0.0406;347.75;1087;1;0.0083;0.0083;0;0;0;0;0;0;0.3697;0.2817;0;17.271;19.999;12.87;14.903;97.797;97.797;3.3323;3.0211;2.2513;0.3112;0.7699;0.0934;0.231;0.6756;90.66;0.6274;0
01/08/21 11:00;36.381;-10.027;52.447;76.703;13.297;-90;-13.297;304.6;259.9;44.705;11.38;5.4999;0;45.936;241.86;15.157;0;0.6533;303.61;0;303.61;45.936;15.157;241.86;0.6533;0.1513;0.7988;0;0.0022;300.24;3.37;0;0;2.8254;0.5446;289.39;10.245;0.7281;0.2402;9.2523;0.0244;299.64;0.6005;0.0919;0.0303;0.4781;0.0002;289.53;45.116;14.887;229.31;0.0841;180.73;151.09;45.956;0.203;1.7215;24.763;0.1396;26.281;0;1;0;0;0.9967;0.9889;1;1;0.9883;0.1664;0.9658;0.9841;1;0.9612;0.7754;0.998;0.998;1;0.998;0.998;0.9532;0.9481;0.1288;0.9117;0.9242;0.0056;0.0144;-0.0062;0.0064;0.0226;0.0049;0;0;0.088;0;0.7537;0;0;0;0;0;0;0;0;0;0;0;0;0.0182;0.0022;0.8562;0.8562;0;23.115;23.115;11.735;0.0406;789.59;1084.3;1;0.0145;0.0145;0;0;0;0;0;0;0.8417;0.7537;0;17.889;20.715;15.748;18.236;98.311;98.311;7.2866;6.8425;6.0236;0.4441;0.8189;0.061;0.1124;0.8267;146.34;0.7791;0
01/08/21 12:00;36.627;7.7501;52.675;79.718;10.282;90;10.282;220;211.9;8.101;11.78;5.9701;0;8.2332;208.05;2.2022;0;0.2826;218.76;0;218.76;8.2332;2.2022;208.05;0.2826;0.0376;0.9523;0;0.0013;216.95;1.8186;0;0;1.5826;0.236;207.95;8.5648;0.1335;0.0357;8.385;0.0105;216.51;0.4339;0.0165;0.0044;0.4129;0.0001;208;8.0832;2.162;197.67;0.0361;130.78;109.34;32.857;0.0672;1.2666;18.219;0.051;19.418;0;1;0;0;0.9944;0.9917;1;1;0.9924;0.1651;0.9604;0.9837;1;0.9593;0.7747;0.998;0.998;1;0.998;0.998;0.9506;0.9501;0.1276;0.657;0.6649;0.004;0.0172;-0.0114;0.0046;0.0163;0.0036;0;0;0.088;0;0.5172;0;0;0;0;0;0;0;0;0;0;0;0;0.0131;0.0013;0.6162;0.6162;0;20.213;20.213;8.433;0.0406;567.72;1085.5;1;0.011;0.011;0;0;0;0;0;0;0.6052;0.5172;0;17.869;20.692;14.998;17.367;98.209;98.209;5.2504;4.925;4.1335;0.3254;0.7915;0.062;0.1508;0.7873;124.8;0.7411;0
01/08/21 13:00;33.185;24.665;49.513;57.458;32.542;90;32.542;552.01;107.1;444.91;13.47;5.7201;0;527.76;38.281;77.771;0;6.9332;650.75;0;650.75;527.76;77.771;38.281;6.9332;0.811;0.0695;0;0.0107;642.64;8.1082;0;0;1.9392;6.169;632.54;8.8196;6.5566;0.9662;1.1741;0.1227;641.36;1.2853;1.0555;0.1555;0.0727;0.0015;634.54;520.15;76.649;35.095;0.64;287.71;240.52;76.782;0.7694;2.5341;36.452;2.0061;38.217;0;1;0;0;1.1789;0.9875;1;1;0.9493;0.1102;0.9862;0.9876;1;0.9676;0.8391;0.998;0.998;1;0.998;0.998;0.972;0.9168;0.0923;1.9542;1.988;0.012;0.0006;0.1;0.0131;0.0466;0.0069;0;0;0.088;0;1.6456;0;0;0;0;0;0;0;0;0;0;0;0;0.0375;0.0089;1.7625;1.7625;0;39.365;39.365;25.895;0.0409;1707.6;1032.2;1;0.0289;0.0289;0;0;0;0;0;0;1.7336;1.6456;0;17.181;19.896;16.042;18.576;98.361;98.361;15.618;14.086;13.152;1.5319;0.9342;0.0981;0.0598;0.8421;25.692;0.8082;0
01/08/21 14:00;26.663;39.338;43.724;38.385;51.615;90;51.615;434.1;113.3;320.8;13.51;5.23;0;516.63;42.393;98.233;0;13.164;670.42;0;670.42;516.63;98.233;42.393;13.164;0.7706;0.0829;0;0.0196;653.78;16.642;0;0;4.2982;12.344;645.61;6.8648;4.6725;0.8884;1.2706;0.0333;652.47;1.3076;1.0333;0.1965;0.0762;0.0016;648.7;510.93;97.148;36.748;0.7849;163.16;136.4;42.431;4.1682;1.7519;25.2;3.0913;22.784;0;1;0;0;1.5444;0.9752;1;1;0.8986;0.0623;0.9895;0.9909;1;0.9666;0.9593;0.998;0.998;1;0.998;0.998;0.963;0.8668;0.0596;2.0133;2.0069;0.0121;0.0004;0.1051;0.0132;0.0469;0.0047;0;0;0.088;0;1.6605;0;0;0;0;0;0;0;0;0;0;0;0;0.0378;0.0091;1.7776;1.7776;0;39.951;39.951;26.441;0.041;1724.8;1030.6;1;0.0291;0.0291;0;0;0;0;0;0;1.7485;1.6605;0;16.82;19.478;15.712;18.194;98.36;98.36;16.09;14.207;13.271;1.8831;0.9362;0.117;0.0582;0.8248;33.644;0.8022;0
01/08/21 15:00;17.91;51.541;41.77;22.427;45.28;90;45.28;276.81;114.9;161.91;13;3.4399;0;392.67;59.069;110.48;0;6.5626;568.78;0;568.78;392.67;110.48;59.069;6.5626;0.6904;0.1154;0;0.0115;557.73;11.057;0;0;4.9512;6.1059;550.85;5.766;3.1037;0.8733;1.7618;0.0272;556.61;1.1155;0.7853;0.221;0.1082;0.0009;551.49;388.78;109.39;52.247;0.4286;45.09;37.695;12.825;3.6866;0.5775;8.3072;0.6415;5.1981;0;1;0;0;2.0548;0.9806;1;1;0.9162;0.0696;0.9896;0.9921;1;0.9674;0.9404;0.998;0.998;1;0.998;0.998;0.9685;0.8845;0.0653;1.7081;1.6785;0.0101;0.004;0.0618;0.0112;0.0398;0.0016;0;0;0.088;0;1.3991;0;0;0;0;0;0;0;0;0;0;0;0;0.032;0.0065;1.5115;1.5115;0;35.489;35.489;22.489;0.0408;1443.9;1046.8;1;0.0243;0.0243;0;0;0;0;0;0;1.4871;1.3991;0;16.857;19.52;15.605;18.07;98.391;98.391;13.651;12.08;11.182;1.5712;0.8976;0.1151;0.0658;0.8191;44.073;0.8103;0
01/08/21 16:00;7.6603;61.741;71.138;8.682;12.793;90;12.793;88.804;76.198;12.606;12.1;2.9301;0;30.574;69.893;13.161;0;0.1764;113.8;0;113.8;30.574;13.161;69.893;0.1764;0.2687;0.6157;0;0.0015;112.89;0.9143;0;0;0.7671;0.1473;104.63;8.0316;3.7241;1.6031;2.6979;0.0065;112.66;0.2258;0.0611;0.0263;0.1383;0.0001;104.66;26.789;11.532;66.29;0.0225;42.31;35.371;10.602;0.051;0.4134;5.9466;0.0294;6.309;0;1;0;0;1.2815;0.992;1;1;0.989;0.1649;0.9287;0.878;1;0.9609;0.7747;0.998;0.998;1;0.998;0.998;0.9194;0.9484;0.1275;0.3418;0.3278;0.002;0.0174;-0.0103;0.0022;0.0079;0.0012;0;0;0.088;0;0.2052;0;0;0;0;0;0;0;0;0;0;0;0;0.0064;0.0004;0.3006;0.3006;0;16.356;16.356;4.2558;0.0407;279.14;1077;1;0.0074;0.0074;0;0;0;0;0;0;0.2932;0.2052;0;16.757;19.404;11.439;13.246;97.535;97.535;2.7313;2.4025;1.64;0.3288;0.7625;0.1204;0.2792;0.6005;42.221;0.5778;0
01/08/21 17:00;1.2081;67.023;87.069;1.3122;1.8716;90;1.8716;0;0;0;9.6902;2.92;0;0;0;0;0;0;0;0;0;0;0;0;0;1;1;1;1;0;0;0;0;0;0;0;0;0;0;0;0;0;0;0;0;0;0;0;0;0;0;0;0;0;0;0;0;0;0;0;0;0;0;0;1;1;1;1;1;1;1;1;1;1;1;1;1;1;1;1;1;1;1;0;0;0;0;0;0;0;0;0;0.0004;0.088;0;-0.0884;0;0;0;0;0;0;0;0;0;0;0;0;0;0;0;0;0;0;0;-9.6902;0;0;0;0;0.0004;0;0;0;0;0;0;0;-0.0004;-0.0884;0;0;0;0;0;0;0;0;0;-0.7063;0;0.7063;1;1;0;0;0;0
01/08/21 18:00;0;0;90;0;0;90;0;0;0;0;7.0498;2.84;0;0;0;0;0;0;0;0;0;0;0;0;0;1;1;1;1;0;0;0;0;0;0;0;0;0;0;0;0;0;0;0;0;0;0;0;0;0;0;0;0;0;0;0;0;0;0;0;0;0;0;0;1;1;1;1;1;1;1;1;1;1;1;1;1;1;1;1;1;1;1;0;0;0;0;0;0;0;0;0;0.0004;0.088;0;-0.0884;0;0;0;0;0;0;0;0;0;0;0;0;0;0;0;0;0;0;0;-7.0498;0;0;0;0;0.0004;0;0;0;0;0;0;0;-0.0004;-0.0884;0;0;0;0;0;0;0;0;0;-0.7063;0;0.7063;1;1;0;0;0;0
01/08/21 19:00;0;0;90;0;0;90;0;0;0;0;4.6001;2.7099;0;0;0;0;0;0;0;0;0;0;0;0;0;1;1;1;1;0;0;0;0;0;0;0;0;0;0;0;0;0;0;0;0;0;0;0;0;0;0;0;0;0;0;0;0;0;0;0;0;0;0;0;1;1;1;1;1;1;1;1;1;1;1;1;1;1;1;1;1;1;1;0;0;0;0;0;0;0;0;0;0.0004;0.088;0;-0.0884;0;0;0;0;0;0;0;0;0;0;0;0;0;0;0;0;0;0;0;-4.6001;0;0;0;0;0.0004;0;0;0;0;0;0;0;-0.0004;-0.0884;0;0;0;0;0;0;0;0;0;-0.7063;0;0.7063;1;1;0;0;0;0
01/08/21 20:00;0;0;90;0;0;90;0;0;0;0;4.42;2.4699;0;0;0;0;0;0;0;0;0;0;0;0;0;1;1;1;1;0;0;0;0;0;0;0;0;0;0;0;0;0;0;0;0;0;0;0;0;0;0;0;0;0;0;0;0;0;0;0;0;0;0;0;1;1;1;1;1;1;1;1;1;1;1;1;1;1;1;1;1;1;1;0;0;0;0;0;0;0;0;0;0.0004;0.088;0;-0.0884;0;0;0;0;0;0;0;0;0;0;0;0;0;0;0;0;0;0;0;-4.42;0;0;0;0;0.0004;0;0;0;0;0;0;0;-0.0004;-0.0884;0;0;0;0;0;0;0;0;0;-0.7063;0;0.7063;1;1;0;0;0;0
01/08/21 21:00;0;0;90;0;0;90;0;0;0;0;2.9102;1.96;0;0;0;0;0;0;0;0;0;0;0;0;0;1;1;1;1;0;0;0;0;0;0;0;0;0;0;0;0;0;0;0;0;0;0;0;0;0;0;0;0;0;0;0;0;0;0;0;0;0;0;0;1;1;1;1;1;1;1;1;1;1;1;1;1;1;1;1;1;1;1;0;0;0;0;0;0;0;0;0;0.0004;0.088;0;-0.0884;0;0;0;0;0;0;0;0;0;0;0;0;0;0;0;0;0;0;0;-2.9102;0;0;0;0;0.0004;0;0;0;0;0;0;0;-0.0004;-0.0884;0;0;0;0;0;0;0;0;0;-0.7063;0;0.7063;1;1;0;0;0;0
01/08/21 22:00;0;0;90;0;0;90;0;0;0;0;2.0201;1.23;0;0;0;0;0;0;0;0;0;0;0;0;0;1;1;1;1;0;0;0;0;0;0;0;0;0;0;0;0;0;0;0;0;0;0;0;0;0;0;0;0;0;0;0;0;0;0;0;0;0;0;0;1;1;1;1;1;1;1;1;1;1;1;1;1;1;1;1;1;1;1;0;0;0;0;0;0;0;0;0;0.0004;0.088;0;-0.0884;0;0;0;0;0;0;0;0;0;0;0;0;0;0;0;0;0;0;0;-2.0201;0;0;0;0;0.0004;0;0;0;0;0;0;0;-0.0004;-0.0884;0;0;0;0;0;0;0;0;0;-0.7063;0;0.7063;1;1;0;0;0;0
01/08/21 23:00;0;0;90;0;0;90;0;0;0;0;1.6698;1.0301;0;0;0;0;0;0;0;0;0;0;0;0;0;1;1;1;1;0;0;0;0;0;0;0;0;0;0;0;0;0;0;0;0;0;0;0;0;0;0;0;0;0;0;0;0;0;0;0;0;0;0;0;1;1;1;1;1;1;1;1;1;1;1;1;1;1;1;1;1;1;1;0;0;0;0;0;0;0;0;0;0.0004;0.088;0;-0.0884;0;0;0;0;0;0;0;0;0;0;0;0;0;0;0;0;0;0;0;-1.6698;0;0;0;0;0.0004;0;0;0;0;0;0;0;-0.0004;-0.0884;0;0;0;0;0;0;0;0;0;-0.7063;0;0.7063;1;1;0;0;0;0
02/08/21 00:00;0;0;90;0;0;90;0;0;0;0;1.1998;1.65;0;0;0;0;0;0;0;0;0;0;0;0;0;1;1;1;1;0;0;0;0;0;0;0;0;0;0;0;0;0;0;0;0;0;0;0;0;0;0;0;0;0;0;0;0;0;0;0;0;0;0;0;1;1;1;1;1;1;1;1;1;1;1;1;1;1;1;1;1;1;1;0;0;0;0;0;0;0;0;0;0.0004;0.088;0;-0.0884;0;0;0;0;0;0;0;0;0;0;0;0;0;0;0;0;0;0;0;-1.1998;0;0;0;0;0.0004;0;0;0;0;0;0;0;-0.0004;-0.0884;0;0;0;0;0;0;0;0;0;-0.7063;0;0.7063;1;1;0;0;0;0
02/08/21 01:00;0;0;90;0;0;90;0;0;0;0;0.9698;2.3001;0;0;0;0;0;0;0;0;0;0;0;0;0;1;1;1;1;0;0;0;0;0;0;0;0;0;0;0;0;0;0;0;0;0;0;0;0;0;0;0;0;0;0;0;0;0;0;0;0;0;0;0;1;1;1;1;1;1;1;1;1;1;1;1;1;1;1;1;1;1;1;0;0;0;0;0;0;0;0;0;0.0004;0.088;0;-0.0884;0;0;0;0;0;0;0;0;0;0;0;0;0;0;0;0;0;0;0;-0.9698;0;0;0;0;0.0004;0;0;0;0;0;0;0;-0.0004;-0.0884;0;0;0;0;0;0;0;0;0;-0.7063;0;0.7063;1;1;0;0;0;0
02/08/21 02:00;0;0;90;0;0;90;0;0;0;0;0.5603;2.74;0;0;0;0;0;0;0;0;0;0;0;0;0;1;1;1;1;0;0;0;0;0;0;0;0;0;0;0;0;0;0;0;0;0;0;0;0;0;0;0;0;0;0;0;0;0;0;0;0;0;0;0;1;1;1;1;1;1;1;1;1;1;1;1;1;1;1;1;1;1;1;0;0;0;0;0;0;0;0;0;0.0004;0.088;0;-0.0884;0;0;0;0;0;0;0;0;0;0;0;0;0;0;0;0;0;0;0;-0.5603;0;0;0;0;0.0004;0;0;0;0;0;0;0;-0.0004;-0.0884;0;0;0;0;0;0;0;0;0;-0.7063;0;0.7063;1;1;0;0;0;0
02/08/21 03:00;0;0;90;0;0;90;0;0;0;0;-0.3597;3.0299;0;0;0;0;0;0;0;0;0;0;0;0;0;1;1;1;1;0;0;0;0;0;0;0;0;0;0;0;0;0;0;0;0;0;0;0;0;0;0;0;0;0;0;0;0;0;0;0;0;0;0;0;1;1;1;1;1;1;1;1;1;1;1;1;1;1;1;1;1;1;1;0;0;0;0;0;0;0;0;0;0.0004;0.088;0;-0.0884;0;0;0;0;0;0;0;0;0;0;0;0;0;0;0;0;0;0;0;0.3597;0;0;0;0;0.0004;0;0;0;0;0;0;0;-0.0004;-0.0884;0;0;0;0;0;0;0;0;0;-0.7063;0;0.7063;1;1;0;0;0;0
02/08/21 04:00;0;0;90;0;0;90;0;0;0;0;-0.2301;3.1099;0;0;0;0;0;0;0;0;0;0;0;0;0;1;1;1;1;0;0;0;0;0;0;0;0;0;0;0;0;0;0;0;0;0;0;0;0;0;0;0;0;0;0;0;0;0;0;0;0;0;0;0;1;1;1;1;1;1;1;1;1;1;1;1;1;1;1;1;1;1;1;0;0;0;0;0;0;0;0;0;0.0004;0.088;0;-0.0884;0;0;0;0;0;0;0;0;0;0;0;0;0;0;0;0;0;0;0;0.2301;0;0;0;0;0.0004;0;0;0;0;0;0;0;-0.0004;-0.0884;0;0;0;0;0;0;0;0;0;-0.7063;0;0.7063;1;1;0;0;0;0
02/08/21 05:00;0;0;90;0;0;90;0;0;0;0;0.2598;3.23;0;0;0;0;0;0;0;0;0;0;0;0;0;1;1;1;1;0;0;0;0;0;0;0;0;0;0;0;0;0;0;0;0;0;0;0;0;0;0;0;0;0;0;0;0;0;0;0;0;0;0;0;1;1;1;1;1;1;1;1;1;1;1;1;1;1;1;1;1;1;1;0;0;0;0;0;0;0;0;0;0.0004;0.088;0;-0.0884;0;0;0;0;0;0;0;0;0;0;0;0;0;0;0;0;0;0;0;-0.2598;0;0;0;0;0.0004;0;0;0;0;0;0;0;-0.0004;-0.0884;0;0;0;0;0;0;0;0;0;-0.7063;0;0.7063;1;1;0;0;0;0
02/08/21 06:00;0.4739;-67.91;88.851;0.5114;0.729;-90;-0.729;0;0;0;-0.8802;3.8299;0;0;0;0;0;0;0;0;0;0;0;0;0;1;1;1;1;0;0;0;0;0;0;0;0;0;0;0;0;0;0;0;0;0;0;0;0;0;0;0;0;0;0;0;0;0;0;0;0;0;0;0;1;1;1;1;1;1;1;1;1;1;1;1;1;1;1;1;1;1;1;0;0;0;0;0;0;0;0;0;0.0004;0.088;0;-0.0884;0;0;0;0;0;0;0;0;0;0;0;0;0;0;0;0;0;0;0;0.8802;0;0;0;0;0.0004;0;0;0;0;0;0;0;-0.0004;-0.0884;0;0;0;0;0;0;0;0;0;-0.7063;0;0.7063;1;1;0;0;0;0
02/08/21 07:00;6.4282;-63.138;74.245;7.198;10.493;-90;-10.493;89.293;14.701;74.592;-0.49;4.1499;0;180.91;7.2659;17.883;0;0.1195;206.17;0;206.17;180.91;17.883;7.2659;0.1195;0.8774;0.0358;0;0.0006;206.02;0.1566;0;0;0.057;0.0996;171.42;34.186;30.841;3.0488;0.2919;0.0045;205.61;0.412;0.3618;0.0358;0.0144;0;171.42;149.7;14.799;6.9027;0.0154;4.7624;3.9814;1.2531;0.0026;0.0424;0.6106;0.0018;0.6505;0;1;0;0;2.309;0.9992;1;1;0.9922;0.1664;0.8337;0.8292;1;0.9594;0.7752;0.998;0.998;1;0.998;0.998;0.8314;0.95;0.1287;0.6191;0.5176;0.0031;0.018;-0.0343;0.0037;0.0132;0.0001;0;0;0.088;0;0.4042;0;0;0;0;0;0;0;0;0;0;0;0;0.0106;0.0008;0.5023;0.5023;0;6.392;6.392;6.882;0.0401;441.7;1137.3;1;0.0101;0.0101;0;0;0;0;0;0;0.4922;0.4042;0;15.456;17.898;12.436;14.401;97.982;97.982;4.9482;4.0147;3.2303;0.9335;0.7843;0.1887;0.1585;0.6528;4.3608;0.6514;0
02/08/21 08:00;16.849;-53.135;45.334;20.734;38.427;-90;-38.427;267.41;44.103;223.31;2.06;4.25;0;541.58;16.517;62.037;0;4.6337;624.77;0;624.77;541.58;62.037;16.517;4.6337;0.8668;0.0339;0;0.0074;619.46;5.3077;0;0;1.0836;4.2241;611.65;6.568;5.4072;0.6194;0.4975;0.0438;618.22;1.2389;1.0832;0.1241;0.0309;0.0008;611.81;535.09;61.294;14.905;0.365;12.829;10.725;3.3266;0.5874;0.1553;2.2336;0.1523;1.8014;0;1;0;0;2.3364;0.9915;1;1;0.9344;0.0884;0.9894;0.99;1;0.9677;0.8928;0.998;0.998;1;0.998;0.998;0.979;0.9024;0.0788;1.8762;1.8474;0.0111;0.002;0.0119;0.0128;0.0452;0.0004;0;0;0.088;0;1.6027;0;0;0;0;0;0;0;0;0;0;0;0;0.0364;0.0078;1.7198;1.7198;0;26.844;26.844;24.784;0.0405;1587.7;1083.2;1;0.029;0.029;0;0;0;0;0;0;1.6907;1.6027;0;17.462;20.22;16.274;18.845;98.313;98.313;14.994;13.744;12.809;1.25;0.9352;0.0834;0.0624;0.8543;11.61;0.852;0
02/08/21 09:00;25.857;-41.2;42.616;36.344;53.656;-90;-53.656;434.2;71.602;362.59;5.7302;4.5;0;611.84;21.329;75.623;0;14.15;722.94;0;722.94;611.84;75.623;21.329;14.15;0.8463;0.0491;0;0.0196;707.4;15.536;0;0;2.2831;13.253;699.54;6.4519;5.1382;0.6351;0.6423;0.0363;705.99;1.4148;1.2237;0.1512;0.0381;0.0018;702.64;605.47;74.837;18.366;0.8592;142.64;119.25;35.66;2.4036;1.5444;22.215;3.1044;21.356;0;1;0;0;1.665;0.9785;1;1;0.893;0.0634;0.9909;0.9916;1;0.9662;0.9595;0.998;0.998;1;0.998;0.998;0.9676;0.8611;0.0607;2.171;2.1631;0.013;-0.0008;0.0695;0.0146;0.0517;0.0043;0;0;0.088;0;1.8377;0;0;0;0;0;0;0;0;0;0;0;0;0.0416;0.0105;1.9588;1.9588;0;34.239;34.239;28.509;0.0408;1858.3;1054.1;1;0.0331;0.0331;0;0;0;0;0;0;1.9257;1.8377;0;17.188;19.903;16.125;18.673;98.31;98.31;17.351;15.655;14.687;1.6958;0.9678;0.0977;0.0558;0.8465;17.295;0.8274;0
02/08/21 10:00;32.738;-26.811;48.654;54.948;35.052;-90;-35.052;553.1;91.098;462;9.9302;4.5;0;564.36;29.56;71.571;0;8.0252;673.52;0;673.52;564.36;71.571;29.56;8.0252;0.8379;0.0558;0;0.0119;664.63;8.8875;0;0;1.6804;7.2071;654.71;8.5933;6.7283;0.8533;0.8981;0.1136;663.3;1.3293;1.1287;0.1431;0.0558;0.0016;657.04;556.5;70.575;26.925;0.7028;279.89;233.99;74.855;0.7674;2.4562;35.331;2.3323;37.02;0;1;0;0;1.2177;0.9868;1;1;0.9432;0.1019;0.987;0.9881;1;0.9677;0.8608;0.998;0.998;1;0.998;0.998;0.9721;0.9109;0.0876;2.0226;2.0534;0.0124;0;0.0836;0.0137;0.0486;0.0067;0;0;0.088;0;1.7212;0;0;0;0;0;0;0;0;0;0;0;0;0.0391;0.0095;1.8398;1.8398;0;36.67;36.67;26.74;0.0408;1763.5;1043.3;1;0.0306;0.0306;0;0;0;0;0;0;1.8092;1.7212;0;17.328;20.066;16.211;18.772;98.337;98.337;16.164;14.703;13.756;1.461;0.9477;0.0904;0.0586;0.851;20.219;0.8188;0
02/08/21 11:00;36.637;-10.061;52.194;76.78;13.22;-90;-13.22;619.4;102;517.4;12.33;4.3199;0;531.49;34.95;68.394;0;1.3133;636.15;0;636.15;531.49;68.394;34.95;1.3133;0.8355;0.057;0;0.0021;634.65;1.4991;0;0;0.4044;1.0947;622.72;10.66;8.2152;1.0572;1.3389;0.049;633.38;1.2693;1.063;0.1368;0.0691;0.0004;623.01;522.21;67.2;33.138;0.1691;358.99;300.12;95.193;0.029;3.1414;45.187;0.2881;48.3;0;1;0;0;1.027;0.9976;1;1;0.9884;0.1664;0.9832;0.9845;1;0.9612;0.7754;0.998;0.998;1;0.998;0.998;0.9789;0.9481;0.1288;1.9103;1.9717;0.0119;0.0007;0.0882;0.0131;0.0464;0.0086;0;0;0.088;0;1.6397;0;0;0;0;0;0;0;0;0;0;0;0;0.0374;0.0088;1.7566;1.7566;0;37.791;37.791;25.461;0.0409;1692.7;1037.8;1;0.0289;0.0289;0;0;0;0;0;0;1.7277;1.6397;0;17.517;20.284;16.351;18.934;98.356;98.356;15.267;14.039;13.105;1.2289;0.9341;0.0805;0.0612;0.8583;21.141;0.815;0
02/08/21 12:00;36.88;7.8012;52.419;79.745;10.255;90;10.255;625.3;104.3;521;13.46;4.35;0;529.46;35.846;69.275;0;0.7991;635.38;0;635.38;529.46;69.275;35.846;0.7991;0.8333;0.0577;0;0.0013;634.44;0.9386;0;0;0.2715;0.6672;622.23;10.938;8.3683;1.0949;1.4454;0.0297;633.17;1.2689;1.0589;0.1385;0.0711;0.0003;622.39;520.03;68.041;34.058;0.102;365.01;305.15;97.023;0.0116;3.1776;45.709;0.1553;48.875;0;1;0;0;1.0161;0.9985;1;1;0.9924;0.1651;0.9827;0.9842;1;0.9593;0.7747;0.998;0.998;1;0.998;0.998;0.9793;0.9501;0.1276;1.908;1.9709;0.0119;0.0007;0.0961;0.013;0.0462;0.0086;0;0;0.088;0;1.6317;0;0;0;0;0;0;0;0;0;0;0;0;0.0372;0.0088;1.7483;1.7483;0;38.925;38.925;25.465;0.0409;1692.1;1033.3;1;0.0286;0.0286;0;0;0;0;0;0;1.7197;1.6317;0;17.456;20.213;16.291;18.865;98.362;98.362;15.249;13.973;13.041;1.2763;0.9321;0.0837;0.0611;0.8552;21.501;0.8115;0
02/08/21 13:00;33.42;24.788;49.267;57.57;32.43;90;32.43;563.01;103.9;459.11;14.37;4.41;0;543.94;35.679;77.247;0;7.0242;663.89;0;663.89;543.94;77.247;35.679;7.0242;0.8193;0.0643;0;0.0106;655.85;8.0442;0;0;1.7976;6.2466;645.69;8.8482;6.6793;0.9486;1.0948;0.1255;654.53;1.3117;1.0879;0.1545;0.0678;0.0016;647.71;536.17;76.144;32.719;0.6506;293.36;245.25;78.282;0.7088;2.5797;37.108;2.0287;38.978;0;1;0;0;1.1792;0.9879;1;1;0.9496;0.1107;0.9865;0.9877;1;0.9676;0.8383;0.998;0.998;1;0.998;0.998;0.9726;0.917;0.0926;1.9937;2.0291;0.0122;0.0002;0.1125;0.0133;0.0473;0.007;0;0;0.088;0;1.6719;0;0;0;0;0;0;0;0;0;0;0;0;0.0381;0.0093;1.7892;1.7892;0;40.834;40.834;26.464;0.041;1742.7;1026.7;1;0.0293;0.0293;0;0;0;0;0;0;1.7599;1.6719;0;17.097;19.797;15.976;18.5;98.363;98.363;15.933;14.3;13.362;1.6338;0.9374;0.1025;0.0588;0.8386;23.926;0.8049;0
02/08/21 14:00;26.872;39.505;43.492;38.539;51.461;90;51.461;442.69;109.4;333.3;15.04;4.2;0;534.95;39.495;97.474;0;13.35;685.27;0;685.27;534.95;97.474;39.495;13.35;0.7806;0.0771;0;0.0195;668.76;16.504;0;0;3.987;12.517;660.57;6.8517;4.766;0.8684;1.1834;0.0339;667.43;1.3375;1.0699;0.1949;0.071;0.0017;663.68;529.11;96.411;34.253;0.7973;165.84;138.64;43.104;3.8433;1.7567;25.269;3.1069;23.183;0;1;0;0;1.548;0.9759;1;1;0.899;0.0624;0.9897;0.9911;1;0.9666;0.9592;0.998;0.998;1;0.998;0.998;0.964;0.8673;0.0597;2.0579;2.0522;0.0124;0;0.1233;0.0134;0.0476;0.0047;0;0;0.088;0;1.6856;0;0;0;0;0;0;0;0;0;0;0;0;0.0383;0.0095;1.8031;1.8031;0;42.142;42.142;27.102;0.041;1763.6;1022.3;1;0.0295;0.0295;0;0;0;0;0;0;1.7736;1.6856;0;16.691;19.328;15.604;18.069;98.365;98.365;16.446;14.41;13.471;2.0364;0.9389;0.1238;0.0571;0.8191;31.295;0.7971;0
02/08/21 15:00;18.092;51.731;41.136;22.593;46.115;90;46.115;279.31;116;163.3;14.57;2.6399;0;396.05;59.329;111.38;0;6.855;573.62;0;573.62;396.05;111.38;59.329;6.855;0.6904;0.1154;0;0.012;562.12;11.494;0;0;5.1072;6.387;555.38;5.6181;2.9838;0.8391;1.7693;0.026;561;1.1242;0.7921;0.2228;0.1084;0.0009;556.06;392.28;110.32;52.344;0.4411;45.637;38.153;13.024;3.944;0.5955;8.5661;0.677;5.2176;0;1;0;0;2.0537;0.98;1;1;0.9139;0.0683;0.99;0.9925;1;0.9673;0.9444;0.998;0.998;1;0.998;0.998;0.9682;0.8823;0.0644;1.7226;1.6928;0.0102;0.0038;0.0731;0.0112;0.0399;0.0016;0;0;0.088;0;1.4021;0;0;0;0;0;0;0;0;0;0;0;0;0.0321;0.0066;1.5143;1.5143;0;37.278;37.278;22.707;0.0409;1456.5;1039.7;1;0.0242;0.0242;0;0;0;0;0;0;1.4901;1.4021;0;16.747;19.393;15.506;17.955;98.399;98.399;13.767;12.103;11.205;1.6643;0.8971;0.1209;0.0652;0.8139;44.612;0.8049;0
02/08/21 16:00;7.8194;61.944;70.733;8.8451;13.051;90;13.051;91.793;77.901;13.892;12.97;2.83;0;33.692;70.984;14.523;0;0.1897;119.39;0;119.39;33.692;14.523;70.984;0.1897;0.2822;0.5961;0;0.0016;118.43;0.964;0;0;0.8056;0.1584;109.83;8.3627;3.933;1.6954;2.7273;0.007;118.19;0.2369;0.0674;0.029;0.1404;0.0001;109.86;29.692;12.799;67.311;0.0242;43.012;35.958;10.829;0.0557;0.4172;6.0016;0.0312;6.3632;0;1;0;0;1.3006;0.9919;1;1;0.9887;0.1649;0.9292;0.883;1;0.9611;0.7747;0.998;0.998;1;0.998;0.998;0.9199;0.9483;0.1275;0.3585;0.3435;0.0021;0.0176;-0.0094;0.0023;0.0083;0.0012;0;0;0.088;0;0.2189;0;0;0;0;0;0;0;0;0;0;0;0;0.0067;0.0004;0.3145;0.3145;0;17.439;17.439;4.469;0.0407;292.73;1074.3;1;0.0075;0.0075;0;0;0;0;0;0;0.3069;0.2189;0;16.709;19.349;11.633;13.471;97.605;97.605;2.8653;2.5133;1.7498;0.3521;0.7635;0.1229;0.2665;0.6107;42.915;0.5885;0
02/08/21 17:00;1.1675;67.378;87.167;1.2648;1.8039;90;1.8039;0;0;0;10.28;3.05;0;0;0;0;0;0;0;0;0;0;0;0;0;1;1;1;1;0;0;0;0;0;0;0;0;0;0;0;0;0;0;0;0;0;0;0;0;0;0;0;0;0;0;0;0;0;0;0;0;0;0;0;1;1;1;1;1;1;1;1;1;1;1;1;1;1;1;1;1;1;1;0;0;0;0;0;0;0;0;0;0.0004;0.088;0;-0.0884;0;0;0;0;0;0;0;0;0;0;0;0;0;0;0;0;0;0;0;-10.28;0;0;0;0;0.0004;0;0;0;0;0;0;0;-0.0004;-0.0884;0;0;0;0;0;0;0;0;0;-0.7063;0;0.7063;1;1;0;0;0;0
02/08/21 18:00;0;0;90;0;0;90;0;0;0;0;7.9898;3.2699;0;0;0;0;0;0;0;0;0;0;0;0;0;1;1;1;1;0;0;0;0;0;0;0;0;0;0;0;0;0;0;0;0;0;0;0;0;0;0;0;0;0;0;0;0;0;0;0;0;0;0;0;1;1;1;1;1;1;1;1;1;1;1;1;1;1;1;1;1;1;1;0;0;0;0;0;0;0;0;0;0.0004;0.088;0;-0.0884;0;0;0;0;0;0;0;0;0;0;0;0;0;0;0;0;0;0;0;-7.9898;0;0;0;0;0.0004;0;0;0;0;0;0;0;-0.0004;-0.0884;0;0;0;0;0;0;0;0;0;-0.7063;0;0.7063;1;1;0;0;0;0
02/08/21 19:00;0;0;90;0;0;90;0;0;0;0;8.4498;3.46;0;0;0;0;0;0;0;0;0;0;0;0;0;1;1;1;1;0;0;0;0;0;0;0;0;0;0;0;0;0;0;0;0;0;0;0;0;0;0;0;0;0;0;0;0;0;0;0;0;0;0;0;1;1;1;1;1;1;1;1;1;1;1;1;1;1;1;1;1;1;1;0;0;0;0;0;0;0;0;0;0.0004;0.088;0;-0.0884;0;0;0;0;0;0;0;0;0;0;0;0;0;0;0;0;0;0;0;-8.4498;0;0;0;0;0.0004;0;0;0;0;0;0;0;-0.0004;-0.0884;0;0;0;0;0;0;0;0;0;-0.7063;0;0.7063;1;1;0;0;0;0
02/08/21 20:00;0;0;90;0;0;90;0;0;0;0;8.15;3.6601;0;0;0;0;0;0;0;0;0;0;0;0;0;1;1;1;1;0;0;0;0;0;0;0;0;0;0;0;0;0;0;0;0;0;0;0;0;0;0;0;0;0;0;0;0;0;0;0;0;0;0;0;1;1;1;1;1;1;1;1;1;1;1;1;1;1;1;1;1;1;1;0;0;0;0;0;0;0;0;0;0.0004;0.088;0;-0.0884;0;0;0;0;0;0;0;0;0;0;0;0;0;0;0;0;0;0;0;-8.15;0;0;0;0;0.0004;0;0;0;0;0;0;0;-0.0004;-0.0884;0;0;0;0;0;0;0;0;0;-0.7063;0;0.7063;1;1;0;0;0;0
02/08/21 21:00;0;0;90;0;0;90;0;0;0;0;7.3502;3.64;0;0;0;0;0;0;0;0;0;0;0;0;0;1;1;1;1;0;0;0;0;0;0;0;0;0;0;0;0;0;0;0;0;0;0;0;0;0;0;0;0;0;0;0;0;0;0;0;0;0;0;0;1;1;1;1;1;1;1;1;1;1;1;1;1;1;1;1;1;1;1;0;0;0;0;0;0;0;0;0;0.0004;0.088;0;-0.0884;0;0;0;0;0;0;0;0;0;0;0;0;0;0;0;0;0;0;0;-7.3502;0;0;0;0;0.0004;0;0;0;0;0;0;0;-0.0004;-0.0884;0;0;0;0;0;0;0;0;0;-0.7063;0;0.7063;1;1;0;0;0;0
02/08/21 22:00;0;0;90;0;0;90;0;0;0;0;8.1101;3.15;0;0;0;0;0;0;0;0;0;0;0;0;0;1;1;1;1;0;0;0;0;0;0;0;0;0;0;0;0;0;0;0;0;0;0;0;0;0;0;0;0;0;0;0;0;0;0;0;0;0;0;0;1;1;1;1;1;1;1;1;1;1;1;1;1;1;1;1;1;1;1;0;0;0;0;0;0;0;0;0;0.0004;0.088;0;-0.0884;0;0;0;0;0;0;0;0;0;0;0;0;0;0;0;0;0;0;0;-8.1101;0;0;0;0;0.0004;0;0;0;0;0;0;0;-0.0004;-0.0884;0;0;0;0;0;0;0;0;0;-0.7063;0;0.7063;1;1;0;0;0;0
02/08/21 23:00;0;0;90;0;0;90;0;0;0;0;9.5998;2.84;0;0;0;0;0;0;0;0;0;0;0;0;0;1;1;1;1;0;0;0;0;0;0;0;0;0;0;0;0;0;0;0;0;0;0;0;0;0;0;0;0;0;0;0;0;0;0;0;0;0;0;0;1;1;1;1;1;1;1;1;1;1;1;1;1;1;1;1;1;1;1;0;0;0;0;0;0;0;0;0;0.0004;0.088;0;-0.0884;0;0;0;0;0;0;0;0;0;0;0;0;0;0;0;0;0;0;0;-9.5998;0;0;0;0;0.0004;0;0;0;0;0;0;0;-0.0004;-0.0884;0;0;0;0;0;0;0;0;0;-0.7063;0;0.7063;1;1;0;0;0;0
03/08/21 00:00;0;0;90;0;0;90;0;0;0;0;9.2801;2.4799;0;0;0;0;0;0;0;0;0;0;0;0;0;1;1;1;1;0;0;0;0;0;0;0;0;0;0;0;0;0;0;0;0;0;0;0;0;0;0;0;0;0;0;0;0;0;0;0;0;0;0;0;1;1;1;1;1;1;1;1;1;1;1;1;1;1;1;1;1;1;1;0;0;0;0;0;0;0;0;0;0.0004;0.088;0;-0.0884;0;0;0;0;0;0;0;0;0;0;0;0;0;0;0;0;0;0;0;-9.2801;0;0;0;0;0.0004;0;0;0;0;0;0;0;-0.0004;-0.0884;0;0;0;0;0;0;0;0;0;-0.7063;0;0.7063;1;1;0;0;0;0
03/08/21 01:00;0;0;90;0;0;90;0;0;0;0;9.7002;1.6601;0;0;0;0;0;0;0;0;0;0;0;0;0;1;1;1;1;0;0;0;0;0;0;0;0;0;0;0;0;0;0;0;0;0;0;0;0;0;0;0;0;0;0;0;0;0;0;0;0;0;0;0;1;1;1;1;1;1;1;1;1;1;1;1;1;1;1;1;1;1;1;0;0;0;0;0;0;0;0;0;0.0004;0.088;0;-0.0884;0;0;0;0;0;0;0;0;0;0;0;0;0;0;0;0;0;0;0;-9.7002;0;0;0;0;0.0004;0;0;0;0;0;0;0;-0.0004;-0.0884;0;0;0;0;0;0;0;0;0;-0.7063;0;0.7063;1;1;0;0;0;0
03/08/21 02:00;0;0;90;0;0;90;0;0;0;0;8.8699;1.33;0;0;0;0;0;0;0;0;0;0;0;0;0;1;1;1;1;0;0;0;0;0;0;0;0;0;0;0;0;0;0;0;0;0;0;0;0;0;0;0;0;0;0;0;0;0;0;0;0;0;0;0;1;1;1;1;1;1;1;1;1;1;1;1;1;1;1;1;1;1;1;0;0;0;0;0;0;0;0;0;0.0004;0.088;0;-0.0884;0;0;0;0;0;0;0;0;0;0;0;0;0;0;0;0;0;0;0;-8.8699;0;0;0;0;0.0004;0;0;0;0;0;0;0;-0.0004;-0.0884;0;0;0;0;0;0;0;0;0;-0.7063;0;0.7063;1;1;0;0;0;0
03/08/21 03:00;0;0;90;0;0;90;0;0;0;0;8.3301;1.08;0;0;0;0;0;0;0;0;0;0;0;0;0;1;1;1;1;0;0;0;0;0;0;0;0;0;0;0;0;0;0;0;0;0;0;0;0;0;0;0;0;0;0;0;0;0;0;0;0;0;0;0;1;1;1;1;1;1;1;1;1;1;1;1;1;1;1;1;1;1;1;0;0;0;0;0;0;0;0;0;0.0004;0.088;0;-0.0884;0;0;0;0;0;0;0;0;0;0;0;0;0;0;0;0;0;0;0;-8.3301;0;0;0;0;0.0004;0;0;0;0;0;0;0;-0.0004;-0.0884;0;0;0;0;0;0;0;0;0;-0.7063;0;0.7063;1;1;0;0;0;0
03/08/21 04:00;0;0;90;0;0;90;0;0;0;0;8.1998;1.4301;0;0;0;0;0;0;0;0;0;0;0;0;0;1;1;1;1;0;0;0;0;0;0;0;0;0;0;0;0;0;0;0;0;0;0;0;0;0;0;0;0;0;0;0;0;0;0;0;0;0;0;0;1;1;1;1;1;1;1;1;1;1;1;1;1;1;1;1;1;1;1;0;0;0;0;0;0;0;0;0;0.0004;0.088;0;-0.0884;0;0;0;0;0;0;0;0;0;0;0;0;0;0;0;0;0;0;0;-8.1998;0;0;0;0;0.0004;0;0;0;0;0;0;0;-0.0004;-0.0884;0;0;0;0;0;0;0;0;0;-0.7063;0;0.7063;1;1;0;0;0;0
03/08/21 05:00;0;0;90;0;0;90;0;0;0;0;7.4001;2.03;0;0;0;0;0;0;0;0;0;0;0;0;0;1;1;1;1;0;0;0;0;0;0;0;0;0;0;0;0;0;0;0;0;0;0;0;0;0;0;0;0;0;0;0;0;0;0;0;0;0;0;0;1;1;1;1;1;1;1;1;1;1;1;1;1;1;1;1;1;1;1;0;0;0;0;0;0;0;0;0;0.0004;0.088;0;-0.0884;0;0;0;0;0;0;0;0;0;0;0;0;0;0;0;0;0;0;0;-7.4001;0;0;0;0;0.0004;0;0;0;0;0;0;0;-0.0004;-0.0884;0;0;0;0;0;0;0;0;0;-0.7063;0;0.7063;1;1;0;0;0;0
03/08/21 06:00;0.6431;-68.109;88.44;0.6931;0.9881;-90;-0.9881;0;0;0;6.9999;2.65;0;0;0;0;0;0;0;0;0;0;0;0;0;1;1;1;1;0;0;0;0;0;0;0;0;0;0;0;0;0;0;0;0;0;0;0;0;0;0;0;0;0;0;0;0;0;0;0;0;0;0;0;1;1;1;1;1;1;1;1;1;1;1;1;1;1;1;1;1;1;1;0;0;0;0;0;0;0;0;0;0.0004;0.088;0;-0.0884;0;0;0;0;0;0;0;0;0;0;0;0;0;0;0;0;0;0;0;-6.9999;0;0;0;0;0.0004;0;0;0;0;0;0;0;-0.0004;-0.0884;0;0;0;0;0;0;0;0;0;-0.7063;0;0.7063;1;1;0;0;0;0
03/08/21 07:00;6.6067;-63.33;73.797;7.385;10.779;-90;-10.779;9.0055;9.0001;0.0054;7.7797;3.8201;0;0.013;8.9204;0.0008;0;0.0127;8.9469;0;8.9469;0.013;0.0008;8.9204;0.0127;0.0015;0.9985;0;0.0014;8.863;0.0838;0;0;0.0732;0.0106;8.486;0.3593;0.0021;0.0001;0.3566;0.0005;8.8453;0.0177;0;0;0.0177;0;8.4884;0.0109;0.0006;8.4729;0.0016;5.3578;4.4791;1.3429;0.0034;0.0521;0.75;0.0024;0.7987;0;1;0;0;0.9935;0.9906;1;1;0.9918;0.1664;0.9594;0.8374;1;0.9596;0.7752;0.998;0.998;1;0.998;0.998;0.9485;0.9498;0.1288;0.0269;0.0271;0.0002;0.0057;-0.0016;0.0002;0.0006;0.0001;0;0;0.088;0;-0.0689;0;0;0;0;0;0;0;0;0;0;0;0;0.0005;0;0.0215;0.0215;0;8.1359;8.1359;0.3562;0.042;21.483;1002.4;1;0.0025;0.0025;0;0;0;0;0;0;0.0191;-0.0689;0;15.269;17.681;-48.882;-56.605;88.501;88.501;0.2147;0.1721;-0.551;0.0426;0.7231;0.1985;3.3675;0;5.3578;0;0
03/08/21 08:00;17.048;-53.313;44.68;20.927;39.1;-90;-39.1;63.605;62.602;1.0031;8.1001;4.56;0;2.4327;55.448;0.3909;0;1.1396;59.412;0;59.412;2.4327;0.3909;55.448;1.1396;0.0409;0.9525;0;0.0192;54.633;4.7784;0;0;3.7367;1.0417;52.819;1.7052;0.0234;0.0038;1.6683;0.0098;54.524;0.1093;0.0049;0.0008;0.1034;0.0002;53.225;2.4045;0.3864;49.94;0.0879;39.202;32.773;10.767;2.0891;0.4544;6.5369;0.406;4.9022;0;1;0;0;0.9341;0.9196;1;1;0.9326;0.0858;0.9687;0.9904;1;0.9677;0.8998;0.998;0.998;1;0.998;0.998;0.889;0.9007;0.0771;0.1784;0.1741;0.001;0.0144;-0.0094;0.0012;0.0042;0.0013;0;0;0.088;0;0.0636;0;0;0;0;0;0;0;0;0;0;0;0;0.0034;0.0002;0.158;0.158;0;10.253;10.253;2.1533;0.0408;146.87;1075.5;1;0.0063;0.0063;0;0;0;0;0;0;0.1516;0.0636;0;16.866;19.531;6.7949;7.8683;95.997;95.997;1.4259;1.2624;0.5086;0.1635;0.7538;0.1146;0.5287;0.3567;39.196;0.3295;0
03/08/21 09:00;26.08;-41.352;42.394;36.532;53.468;-90;-53.468;99.294;97.697;1.5974;8.8001;5.1099;0;2.6835;77.714;0.4488;0;3.215;84.061;0;84.061;2.6835;0.4488;77.714;3.215;0.0319;0.9627;0;0.0382;72.774;11.287;0;0;8.2764;3.0109;70.255;2.3733;0.0222;0.0037;2.3392;0.0082;72.628;0.1455;0.0054;0.0009;0.1389;0.0004;71.583;2.6559;0.4442;66.959;0.1955;63.47;53.061;18.593;8.6384;1.002;14.413;1.3286;6.7763;0;1;0;0;0.8466;0.8657;1;1;0.8935;0.0635;0.9673;0.9917;1;0.9662;0.9597;0.998;0.998;1;0.998;0.998;0.8358;0.8616;0.0608;0.2524;0.246;0.0015;0.0162;-0.012;0.0017;0.006;0.0028;0;0;0.088;0;0.1299;0;0;0;0;0;0;0;0;0;0;0;0;0.0048;0.0003;0.2248;0.2248;0;11.658;11.658;2.8581;0.0407;207.92;1081;1;0.0069;0.0069;0;0;0;0;0;0;0.2179;0.1299;0;16.961;19.641;9.8033;11.352;96.952;96.952;2.0175;1.7963;1.0382;0.2212;0.7581;0.1096;0.3757;0.5146;62.89;0.4561;0
03/08/21 10:00;32.984;-26.916;48.413;55.104;34.896;-90;-34.896;81.909;81.001;0.9078;9.0999;6.0501;0;1.1068;73.626;0.1239;0;1.1782;76.035;0;76.035;1.1068;0.1239;73.626;1.1782;0.0146;0.9838;0;0.0155;70.821;5.2138;0;0;4.1564;1.0574;68.41;2.2696;0.013;0.0015;2.2381;0.017;70.679;0.1416;0.0022;0.0002;0.1389;0.0002;68.81;1.0915;0.1222;67.092;0.1037;50.805;42.473;13.765;1.8777;0.5473;7.8726;0.4003;6.5422;0;1;0;0;0.9283;0.9314;1;1;0.9435;0.1026;0.9679;0.9882;1;0.9677;0.8595;0.998;0.998;1;0.998;0.998;0.8997;0.9113;0.088;0.2283;0.2238;0.0013;0.0157;-0.0107;0.0015;0.0054;0.0015;0;0;0.088;0;0.1098;0;0;0;0;0;0;0;0;0;0;0;0;0.0043;0.0002;0.2045;0.2045;0;11.884;11.884;2.7844;0.0407;189.51;1079;1;0.0067;0.0067;0;0;0;0;0;0;0.1978;0.1098;0;17.06;19.755;9.16;10.607;96.729;96.729;1.8248;1.6342;0.8775;0.1906;0.7567;0.1045;0.4147;0.4808;50.3;0.4462;0
03/08/21 11:00;36.897;-10.094;51.937;76.86;13.14;-90;-13.14;213.9;206.5;7.4006;10.1;6.7501;0;7.5996;201.91;1.9673;0;0.4481;211.92;0;211.92;7.5996;1.9673;201.91;0.4481;0.0359;0.9549;0;0.0021;209.24;2.6855;0;0;2.3121;0.3735;200.91;7.9068;0.1146;0.0297;7.7459;0.0167;208.82;0.4185;0.0152;0.0039;0.3992;0.0001;201.01;7.4698;1.9337;191.45;0.0577;127.49;106.58;32.139;0.1623;1.2339;17.75;0.0946;18.821;0;1;0;0;0.9907;0.9873;1;1;0.9885;0.1664;0.9621;0.9849;1;0.9611;0.7753;0.998;0.998;1;0.998;0.998;0.948;0.9482;0.1288;0.6364;0.6428;0.0039;0.0174;-0.0155;0.0045;0.0158;0.0035;0;0;0.088;0;0.5005;0;0;0;0;0;0;0;0;0;0;0;0;0.0127;0.0012;0.5994;0.5994;0;18.236;18.236;8.1364;0.0405;548.71;1092.3;1;0.0109;0.0109;0;0;0;0;0;0;0.5885;0.5005;0;17.942;20.776;14.982;17.349;98.187;98.187;5.0862;4.7903;4.0001;0.2959;0.7901;0.0582;0.1554;0.7865;122.1;0.7401;0
03/08/21 12:00;37.138;7.8563;52.158;79.769;10.231;90;10.231;522.49;178.3;344.19;11.48;7.0099;0;349.75;100.99;77.738;0;0.6646;529.14;0;529.14;349.75;77.738;100.99;0.6646;0.661;0.1921;0;0.0013;527.83;1.3168;0;0;0.7619;0.5549;516.09;10.682;5.3866;1.1972;4.0735;0.0247;526.77;1.0557;0.6995;0.1555;0.2005;0.0002;516.22;343.67;76.385;95.951;0.0848;305.87;255.7;80.607;0.0321;2.7093;38.972;0.1275;41.649;0;1;0;0;1.0127;0.9975;1;1;0.9925;0.1651;0.9797;0.9846;1;0.9593;0.7747;0.998;0.998;1;0.998;0.998;0.9753;0.9501;0.1276;1.589;1.637;0.0099;0.0045;0.0431;0.0111;0.0392;0.0075;0;0;0.088;0;1.372;0;0;0;0;0;0;0;0;0;0;0;0;0.0316;0.0062;1.4839;1.4839;0;32.503;32.503;21.023;0.0407;1404.7;1056.4;1;0.024;0.024;0;0;0;0;0;0;1.46;1.372;0;17.79;20.601;16.448;19.046;98.386;98.386;12.699;11.86;10.965;0.8398;0.8947;0.0661;0.0705;0.8634;60.57;0.8183;0
03/08/21 13:00;33.659;24.916;49.015;57.679;32.321;90;32.321;193.71;188.2;5.5084;10.23;7.19;0;6.5183;172.32;1.6658;0;2.4009;182.9;0;182.9;6.5183;1.6658;172.32;2.4009;0.0356;0.9553;0;0.0131;172.13;10.77;0;0;8.6356;2.134;166.36;5.4328;0.0791;0.0202;5.2902;0.0433;171.79;0.3443;0.013;0.0033;0.3274;0.0005;167.15;6.4262;1.6422;158.07;0.2231;119.02;99.503;31.746;3.3759;1.2483;17.956;0.7929;15.829;0;1;0;0;0.9442;0.9411;1;1;0.9499;0.1112;0.9684;0.9878;1;0.9676;0.8375;0.998;0.998;1;0.998;0.998;0.9095;0.9173;0.0929;0.5493;0.5413;0.0033;0.0179;-0.0156;0.0037;0.0133;0.0036;0;0;0.088;0;0.4058;0;0;0;0;0;0;0;0;0;0;0;0;0.0107;0.0009;0.5035;0.5035;0;16.971;16.971;6.7405;0.0405;461.46;1091.1;1;0.0097;0.0097;0;0;0;0;0;0;0.4938;0.4058;0;17.462;20.221;14.074;16.297;98.074;98.074;4.3897;4.0238;3.243;0.3659;0.7808;0.0834;0.1779;0.7388;115.46;0.6882;0
03/08/21 14:00;27.083;39.678;43.255;38.692;51.308;90;51.308;415.5;138.3;277.2;11.09;6.7601;0;443.43;60.883;101.38;0;12.461;618.15;0;618.15;443.43;101.38;60.883;12.461;0.7173;0.1187;0;0.0202;600.35;17.802;0;0;6.1198;11.682;592.51;6.634;3.8893;0.8892;1.8237;0.0318;599.15;1.2007;0.8869;0.2028;0.1095;0.0016;595.59;438.65;100.28;52.83;0.7453;165.21;138.11;43.622;5.8614;1.8378;26.436;3.0788;22.412;0;1;0;0;1.4877;0.9712;1;1;0.8995;0.0625;0.9889;0.9912;1;0.9666;0.9591;0.998;0.998;1;0.998;0.998;0.9585;0.8677;0.0598;1.8563;1.8496;0.0111;0.002;0.0665;0.0124;0.0439;0.0051;0;0;0.088;0;1.5501;0;0;0;0;0;0;0;0;0;0;0;0;0.0354;0.0078;1.6654;1.6654;0;35.269;35.269;24.179;0.0408;1589.3;1047.9;1;0.0273;0.0273;0;0;0;0;0;0;1.6381;1.5501;0;17.091;19.791;15.908;18.421;98.36;98.36;14.836;13.31;12.389;1.5254;0.9216;0.1028;0.0621;0.8351;48.167;0.8092;0
03/08/21 15:00;18.276;51.927;40.488;22.759;46.995;90;46.995;92.203;90.599;1.6038;10.91;5.44;0;3.8897;75.903;0.8458;0;2.3452;82.984;0;82.984;3.8897;0.8458;75.903;2.3452;0.0469;0.9429;0;0.0283;74.08;8.9043;0;0;6.7163;2.1881;71.626;2.3056;0.0278;0.0061;2.2636;0.0081;73.932;0.1482;0.0078;0.0017;0.1384;0.0003;72.538;3.8541;0.838;66.785;0.1487;57.56;48.12;16.337;5.3848;0.7836;11.271;0.9118;6.6702;0;1;0;0;0.9;0.8927;1;1;0.9115;0.067;0.9688;0.9928;1;0.9672;0.9483;0.998;0.998;1;0.998;0.998;0.8631;0.8799;0.0634;0.2492;0.2422;0.0015;0.0161;-0.0099;0.0016;0.0058;0.0022;0;0;0.088;0;0.1252;0;0;0;0;0;0;0;0;0;0;0;0;0.0047;0.0003;0.22;0.22;0;13.829;13.829;2.9187;0.0407;205.08;1072.5;1;0.0067;0.0067;0;0;0;0;0;0;0.2132;0.1252;0;16.814;19.471;9.5728;11.085;96.94;96.94;1.9916;1.7579;1.0008;0.2337;0.7571;0.1173;0.3801;0.5025;57.55;0.4561;0
03/08/21 16:00;7.9798;62.153;70.325;9.0087;13.31;90;13.31;109.71;80.402;29.304;10;5.0299;0;71.071;66.721;30.979;0;0.2358;169.01;0;169.01;71.071;30.979;66.721;0.2358;0.4205;0.3962;0;0.0014;168.03;0.9797;0;0;0.7828;0.1969;153.71;13.977;7.9508;3.4657;2.5514;0.0087;167.69;0.3361;0.1421;0.062;0.1319;0.0001;153.74;62.978;27.451;63.254;0.03;40.577;33.922;10.116;0.0562;0.4003;5.7584;0.0312;6.1025;0;1;0;0;1.5405;0.9942;1;1;0.9883;0.1648;0.9167;0.8879;1;0.9612;0.7747;0.998;0.998;1;0.998;0.998;0.9095;0.9481;0.1274;0.5075;0.4752;0.0029;0.0181;-0.015;0.0033;0.0116;0.0011;0;0;0.088;0;0.346;0;0;0;0;0;0;0;0;0;0;0;0;0.0094;0.0007;0.4431;0.4431;0;16.229;16.229;6.2287;0.0405;405.76;1092;1;0.0091;0.0091;0;0;0;0;0;0;0.434;0.346;0;16.631;19.259;12.988;15.04;97.954;97.954;4.0561;3.5412;2.7654;0.5149;0.7758;0.127;0.1913;0.6818;40.37;0.6648;0
03/08/21 17:00;1.3163;67.593;86.806;1.4237;2.0309;90;2.0309;0;0;0;8.6997;5.46;0;0;0;0;0;0;0;0;0;0;0;0;0;1;1;1;1;0;0;0;0;0;0;0;0;0;0;0;0;0;0;0;0;0;0;0;0;0;0;0;0;0;0;0;0;0;0;0;0;0;0;0;1;1;1;1;1;1;1;1;1;1;1;1;1;1;1;1;1;1;1;0;0;0;0;0;0;0;0;0;0.0004;0.088;0;-0.0884;0;0;0;0;0;0;0;0;0;0;0;0;0;0;0;0;0;0;0;-8.6997;0;0;0;0;0.0004;0;0;0;0;0;0;0;-0.0004;-0.0884;0;0;0;0;0;0;0;0;0;-0.7063;0;0.7063;1;1;0;0;0;0
03/08/21 18:00;0;0;90;0;0;90;0;0;0;0;8.3999;5.1701;0;0;0;0;0;0;0;0;0;0;0;0;0;1;1;1;1;0;0;0;0;0;0;0;0;0;0;0;0;0;0;0;0;0;0;0;0;0;0;0;0;0;0;0;0;0;0;0;0;0;0;0;1;1;1;1;1;1;1;1;1;1;1;1;1;1;1;1;1;1;1;0;0;0;0;0;0;0;0;0;0.0004;0.088;0;-0.0884;0;0;0;0;0;0;0;0;0;0;0;0;0;0;0;0;0;0;0;-8.3999;0;0;0;0;0.0004;0;0;0;0;0;0;0;-0.0004;-0.0884;0;0;0;0;0;0;0;0;0;-0.7063;0;0.7063;1;1;0;0;0;0
03/08/21 19:00;0;0;90;0;0;90;0;0;0;0;8.6997;5.0801;0;0;0;0;0;0;0;0;0;0;0;0;0;1;1;1;1;0;0;0;0;0;0;0;0;0;0;0;0;0;0;0;0;0;0;0;0;0;0;0;0;0;0;0;0;0;0;0;0;0;0;0;1;1;1;1;1;1;1;1;1;1;1;1;1;1;1;1;1;1;1;0;0;0;0;0;0;0;0;0;0.0004;0.088;0;-0.0884;0;0;0;0;0;0;0;0;0;0;0;0;0;0;0;0;0;0;0;-8.6997;0;0;0;0;0.0004;0;0;0;0;0;0;0;-0.0004;-0.0884;0;0;0;0;0;0;0;0;0;-0.7063;0;0.7063;1;1;0;0;0;0
03/08/21 20:00;0;0;90;0;0;90;0;0;0;0;8.6;5.06;0;0;0;0;0;0;0;0;0;0;0;0;0;1;1;1;1;0;0;0;0;0;0;0;0;0;0;0;0;0;0;0;0;0;0;0;0;0;0;0;0;0;0;0;0;0;0;0;0;0;0;0;1;1;1;1;1;1;1;1;1;1;1;1;1;1;1;1;1;1;1;0;0;0;0;0;0;0;0;0;0.0004;0.088;0;-0.0884;0;0;0;0;0;0;0;0;0;0;0;0;0;0;0;0;0;0;0;-8.6;0;0;0;0;0.0004;0;0;0;0;0;0;0;-0.0004;-0.0884;0;0;0;0;0;0;0;0;0;-0.7063;0;0.7063;1;1;0;0;0;0
03/08/21 21:00;0;0;90;0;0;90;0;0;0;0;8.3002;4.99;0;0;0;0;0;0;0;0;0;0;0;0;0;1;1;1;1;0;0;0;0;0;0;0;0;0;0;0;0;0;0;0;0;0;0;0;0;0;0;0;0;0;0;0;0;0;0;0;0;0;0;0;1;1;1;1;1;1;1;1;1;1;1;1;1;1;1;1;1;1;1;0;0;0;0;0;0;0;0;0;0.0004;0.088;0;-0.0884;0;0;0;0;0;0;0;0;0;0;0;0;0;0;0;0;0;0;0;-8.3002;0;0;0;0;0.0004;0;0;0;0;0;0;0;-0.0004;-0.0884;0;0;0;0;0;0;0;0;0;-0.7063;0;0.7063;1;1;0;0;0;0
03/08/21 22:00;0;0;90;0;0;90;0;0;0;0;8.0502;5.7201;0;0;0;0;0;0;0;0;0;0;0;0;0;1;1;1;1;0;0;0;0;0;0;0;0;0;0;0;0;0;0;0;0;0;0;0;0;0;0;0;0;0;0;0;0;0;0;0;0;0;0;0;1;1;1;1;1;1;1;1;1;1;1;1;1;1;1;1;1;1;1;0;0;0;0;0;0;0;0;0;0.0004;0.088;0;-0.0884;0;0;0;0;0;0;0;0;0;0;0;0;0;0;0;0;0;0;0;-8.0502;0;0;0;0;0.0004;0;0;0;0;0;0;0;-0.0004;-0.0884;0;0;0;0;0;0;0;0;0;-0.7063;0;0.7063;1;1;0;0;0;0
03/08/21 23:00;0;0;90;0;0;90;0;0;0;0;7.5098;5.9799;0;0;0;0;0;0;0;0;0;0;0;0;0;1;1;1;1;0;0;0;0;0;0;0;0;0;0;0;0;0;0;0;0;0;0;0;0;0;0;0;0;0;0;0;0;0;0;0;0;0;0;0;1;1;1;1;1;1;1;1;1;1;1;1;1;1;1;1;1;1;1;0;0;0;0;0;0;0;0;0;0.0004;0.088;0;-0.0884;0;0;0;0;0;0;0;0;0;0;0;0;0;0;0;0;0;0;0;-7.5098;0;0;0;0;0.0004;0;0;0;0;0;0;0;-0.0004;-0.0884;0;0;0;0;0;0;0;0;0;-0.7063;0;0.7063;1;1;0;0;0;0
04/08/21 00:00;0;0;90;0;0;90;0;0;0;0;7.2;5.63;0;0;0;0;0;0;0;0;0;0;0;0;0;1;1;1;1;0;0;0;0;0;0;0;0;0;0;0;0;0;0;0;0;0;0;0;0;0;0;0;0;0;0;0;0;0;0;0;0;0;0;0;1;1;1;1;1;1;1;1;1;1;1;1;1;1;1;1;1;1;1;0;0;0;0;0;0;0;0;0;0.0004;0.088;0;-0.0884;0;0;0;0;0;0;0;0;0;0;0;0;0;0;0;0;0;0;0;-7.2;0;0;0;0;0.0004;0;0;0;0;0;0;0;-0.0004;-0.0884;0;0;0;0;0;0;0;0;0;-0.7063;0;0.7063;1;1;0;0;0;0
04/08/21 01:00;0;0;90;0;0;90;0;0;0;0;6.9002;5.3301;0;0;0;0;0;0;0;0;0;0;0;0;0;1;1;1;1;0;0;0;0;0;0;0;0;0;0;0;0;0;0;0;0;0;0;0;0;0;0;0;0;0;0;0;0;0;0;0;0;0;0;0;1;1;1;1;1;1;1;1;1;1;1;1;1;1;1;1;1;1;1;0;0;0;0;0;0;0;0;0;0.0004;0.088;0;-0.0884;0;0;0;0;0;0;0;0;0;0;0;0;0;0;0;0;0;0;0;-6.9002;0;0;0;0;0.0004;0;0;0;0;0;0;0;-0.0004;-0.0884;0;0;0;0;0;0;0;0;0;-0.7063;0;0.7063;1;1;0;0;0;0
04/08/21 02:00;0;0;90;0;0;90;0;0;0;0;6.5997;5.37;0;0;0;0;0;0;0;0;0;0;0;0;0;1;1;1;1;0;0;0;0;0;0;0;0;0;0;0;0;0;0;0;0;0;0;0;0;0;0;0;0;0;0;0;0;0;0;0;0;0;0;0;1;1;1;1;1;1;1;1;1;1;1;1;1;1;1;1;1;1;1;0;0;0;0;0;0;0;0;0;0.0004;0.088;0;-0.0884;0;0;0;0;0;0;0;0;0;0;0;0;0;0;0;0;0;0;0;-6.5997;0;0;0;0;0.0004;0;0;0;0;0;0;0;-0.0004;-0.0884;0;0;0;0;0;0;0;0;0;-0.7063;0;0.7063;1;1;0;0;0;0
04/08/21 03:00;0;0;90;0;0;90;0;0;0;0;6.1603;5.5899;0;0;0;0;0;0;0;0;0;0;0;0;0;1;1;1;1;0;0;0;0;0;0;0;0;0;0;0;0;0;0;0;0;0;0;0;0;0;0;0;0;0;0;0;0;0;0;0;0;0;0;0;1;1;1;1;1;1;1;1;1;1;1;1;1;1;1;1;1;1;1;0;0;0;0;0;0;0;0;0;0.0004;0.088;0;-0.0884;0;0;0;0;0;0;0;0;0;0;0;0;0;0;0;0;0;0;0;-6.1603;0;0;0;0;0.0004;0;0;0;0;0;0;0;-0.0004;-0.0884;0;0;0;0;0;0;0;0;0;-0.7063;0;0.7063;1;1;0;0;0;0
04/08/21 04:00;0;0;90;0;0;90;0;0;0;0;5.7003;5.69;0;0;0;0;0;0;0;0;0;0;0;0;0;1;1;1;1;0;0;0;0;0;0;0;0;0;0;0;0;0;0;0;0;0;0;0;0;0;0;0;0;0;0;0;0;0;0;0;0;0;0;0;1;1;1;1;1;1;1;1;1;1;1;1;1;1;1;1;1;1;1;0;0;0;0;0;0;0;0;0;0.0004;0.088;0;-0.0884;0;0;0;0;0;0;0;0;0;0;0;0;0;0;0;0;0;0;0;-5.7003;0;0;0;0;0.0004;0;0;0;0;0;0;0;-0.0004;-0.0884;0;0;0;0;0;0;0;0;0;-0.7063;0;0.7063;1;1;0;0;0;0
04/08/21 05:00;0;0;90;0;0;90;0;0;0;0;5.1997;6.0599;0;0;0;0;0;0;0;0;0;0;0;0;0;1;1;1;1;0;0;0;0;0;0;0;0;0;0;0;0;0;0;0;0;0;0;0;0;0;0;0;0;0;0;0;0;0;0;0;0;0;0;0;1;1;1;1;1;1;1;1;1;1;1;1;1;1;1;1;1;1;1;0;0;0;0;0;0;0;0;0;0.0004;0.088;0;-0.0884;0;0;0;0;0;0;0;0;0;0;0;0;0;0;0;0;0;0;0;-5.1997;0;0;0;0;0.0004;0;0;0;0;0;0;0;-0.0004;-0.0884;0;0;0;0;0;0;0;0;0;-0.7063;0;0.7063;1;1;0;0;0;0
04/08/21 06:00;0.6271;-68.456;88.479;0.6742;0.9611;-90;-0.9611;0;0;0;4.8999;6.2101;0;0;0;0;0;0;0;0;0;0;0;0;0;1;1;1;1;0;0;0;0;0;0;0;0;0;0;0;0;0;0;0;0;0;0;0;0;0;0;0;0;0;0;0;0;0;0;0;0;0;0;0;1;1;1;1;1;1;1;1;1;1;1;1;1;1;1;1;1;1;1;0;0;0;0;0;0;0;0;0;0.0004;0.088;0;-0.0884;0;0;0;0;0;0;0;0;0;0;0;0;0;0;0;0;0;0;0;-4.8999;0;0;0;0;0.0004;0;0;0;0;0;0;0;-0.0004;-0.0884;0;0;0;0;0;0;0;0;0;-0.7063;0;0.7063;1;1;0;0;0;0
04/08/21 07:00;6.79;-63.525;73.337;7.5767;11.073;-90;-11.073;44.402;38.601;5.8008;5.3001;6.08;0;14.069;36.83;3.4559;0;0.0661;54.421;0;54.421;14.069;3.4559;36.83;0.0661;0.2585;0.678;0;0.0012;54.05;0.3714;0;0;0.3163;0.0551;49.77;4.172;2.1711;0.5333;1.4651;0.0025;53.941;0.1081;0.0281;0.0069;0.073;0;49.78;11.869;2.9157;34.976;0.0085;22.174;18.537;5.5649;0.0158;0.2154;3.0985;0.0105;3.2981;0;1;0;0;1.2256;0.9932;1;1;0.9914;0.1665;0.9227;0.8454;1;0.9598;0.7752;0.998;0.998;1;0.998;0.998;0.9145;0.9497;0.1288;0.1634;0.1565;0.0009;0.0138;-0.0101;0.0011;0.0038;0.0006;0;0;0.088;0;0.049;0;0;0;0;0;0;0;0;0;0;0;0;0.003;0.0001;0.1433;0.1433;0;7.3254;7.3254;2.0253;0.0407;131.95;1085.9;1;0.0063;0.0063;0;0;0;0;0;0;0.137;0.049;0;16.702;19.341;5.7098;6.6118;95.602;95.602;1.3061;1.1451;0.3915;0.161;0.7537;0.1232;0.577;0.2997;22.138;0.2875;0
04/08/21 08:00;17.253;-53.492;44.003;21.125;39.812;-90;-39.812;163.19;118;45.193;6.4601;5.93;0;109.61;92.36;32.81;0;3.0269;237.8;0;237.8;109.61;32.81;92.36;3.0269;0.4609;0.4011;0;0.0127;228.63;9.1747;0;0;6.3996;2.7751;224.06;4.1104;1.0092;0.3021;2.7758;0.0233;228.17;0.4573;0.2192;0.0656;0.1719;0.0005;224.77;108.38;32.442;83.012;0.2281;65.974;55.154;18.212;3.7023;0.7709;11.09;0.7093;8.1584;0;1;0;0;1.4572;0.9614;1;1;0.9307;0.0832;0.982;0.9908;1;0.9676;0.9074;0.998;0.998;1;0.998;0.998;0.9422;0.8988;0.0754;0.7141;0.7004;0.0042;0.0169;-0.0236;0.0049;0.0174;0.0022;0;0;0.088;0;0.5629;0;0;0;0;0;0;0;0;0;0;0;0;0.0141;0.0014;0.6628;0.6628;0;15.505;15.505;9.045;0.0404;598.44;1107.6;1;0.0119;0.0119;0;0;0;0;0;0;0.6509;0.5629;0;17.682;20.475;15.016;17.388;98.199;98.199;5.7073;5.2974;4.4986;0.4099;0.7987;0.0718;0.1399;0.7882;65.686;0.7616;0
04/08/21 09:00;26.308;-41.506;42.169;36.725;53.275;-90;-53.275;348.79;130.7;218.09;7.9599;5.84;0;364.72;65.763;80.922;0;11.218;522.62;0;522.62;364.72;80.922;65.763;11.218;0.6979;0.1473;0;0.0215;505.15;17.472;0;0;6.9672;10.505;498.51;5.6333;2.9677;0.6585;1.9785;0.0285;504.14;1.0103;0.7294;0.1618;0.1176;0.0014;501.28;361.02;80.101;56.7;0.683;136.75;114.32;36.756;7.2202;1.633;23.49;2.7774;17.902;0;1;0;0;1.4984;0.9666;1;1;0.8941;0.0636;0.9888;0.9918;1;0.9663;0.9599;0.998;0.998;1;0.998;0.998;0.9539;0.8622;0.0609;1.5694;1.5593;0.0094;0.0055;0.0175;0.0107;0.0379;0.0046;0;0;0.088;0;1.3262;0;0;0;0;0;0;0;0;0;0;0;0;0.0305;0.0057;1.4376;1.4376;0;28.197;28.197;20.237;0.0406;1338.1;1074.4;1;0.0234;0.0234;0;0;0;0;0;0;1.4142;1.3262;0;17.449;20.206;16.097;18.64;98.374;98.374;12.543;11.489;10.599;1.054;0.8901;0.084;0.071;0.845;53.111;0.8175;0
04/08/21 10:00;33.235;-27.022;48.169;55.264;34.736;-90;-34.736;228.11;212.2;15.909;8.5003;6.08;0;19.359;189.07;5.639;0;3.2521;217.32;0;217.32;19.359;5.639;189.07;3.2521;0.0891;0.885;0;0.015;203.8;13.513;0;0;10.597;2.9163;197.31;6.089;0.2253;0.0656;5.7505;0.0476;203.4;0.4076;0.0387;0.0113;0.3569;0.0007;198.41;19.095;5.5621;172.36;0.2876;139.29;116.45;37.511;4.7464;1.4893;21.423;1.0997;18.166;0;1;0;0;0.9527;0.9378;1;1;0.944;0.1033;0.9701;0.9883;1;0.9677;0.8581;0.998;0.998;1;0.998;0.998;0.9079;0.9117;0.0884;0.6526;0.6427;0.0039;0.0174;-0.0195;0.0045;0.0159;0.0043;0;0;0.088;0;0.5034;0;0;0;0;0;0;0;0;0;0;0;0;0.0128;0.0012;0.6023;0.6023;0;16.48;16.48;7.9797;0.0404;548.17;1098.8;1;0.011;0.011;0;0;0;0;0;0;0.5914;0.5034;0;17.583;20.361;14.694;17.015;98.178;98.178;5.2156;4.8139;4.0229;0.4017;0.791;0.077;0.1517;0.7713;129.01;0.7183;0
04/08/21 11:00;37.162;-10.124;51.676;76.944;13.056;-90;-13.056;383.19;266.4;116.79;9.3299;6.5399;0;119.89;224.7;39.78;0;0.7924;385.17;0;385.17;119.89;39.78;224.7;0.7924;0.3113;0.5854;0;0.0021;381.96;3.2058;0;0;2.5453;0.6605;370.19;11.011;1.7627;0.5849;8.6335;0.0296;381.2;0.7639;0.2398;0.0796;0.4443;0.0003;370.36;117.89;39.116;213.08;0.1021;225.88;188.84;58.106;0.1766;2.1032;30.254;0.1692;32.181;0;1;0;0;1.0052;0.9917;1;1;0.9887;0.1665;0.9711;0.9853;1;0.9611;0.7753;0.998;0.998;1;0.998;0.998;0.9611;0.9483;0.1288;1.1567;1.1793;0.0071;0.0109;-0.0028;0.0081;0.0289;0.006;0;0;0.088;0;0.9882;0;0;0;0;0;0;0;0;0;0;0;0;0.0233;0.0034;1.0943;1.0943;0;24.333;24.333;15.003;0.0405;1008.2;1085.4;1;0.0181;0.0181;0;0;0;0;0;0;1.0762;0.9882;0;18.024;20.871;16.276;18.847;98.343;98.343;9.244;8.7461;7.8979;0.498;0.8482;0.0539;0.0918;0.8544;135.85;0.8069;0
04/08/21 12:00;37.4;7.9155;51.891;79.79;10.211;90;10.211;354.1;277.5;76.604;10.33;6.8499;0;77.837;249.18;26.756;0;0.4486;354.22;0;354.22;77.837;26.756;249.18;0.4486;0.2197;0.7047;0;0.0013;351.97;2.2482;0;0;1.8736;0.3746;339.63;11.641;1.1681;0.4015;10.054;0.0166;351.27;0.7039;0.1557;0.0535;0.4946;0.0001;339.71;76.513;26.301;236.76;0.0573;209.47;175.11;53.442;0.0784;1.9735;28.388;0.0823;30.283;0;1;0;0;1.0003;0.9937;1;1;0.9925;0.1651;0.9669;0.985;1;0.9593;0.7747;0.998;0.998;1;0.998;0.998;0.9588;0.9501;0.1276;1.0637;1.083;0.0065;0.0123;-0.0035;0.0075;0.0265;0.0056;0;0;0.088;0;0.8991;0;0;0;0;0;0;0;0;0;0;0;0;0.0213;0.0029;1.0038;1.0038;0;24.099;24.099;13.769;0.0405;925.31;1084.9;1;0.0167;0.0167;0;0;0;0;0;0;0.9871;0.8991;0;17.978;20.818;16.102;18.646;98.333;98.333;8.5013;8.0227;7.1857;0.4786;0.837;0.0563;0.0985;0.8452;149.44;0.7974;0
04/08/21 13:00;33.901;25.05;48.758;57.786;32.214;90;32.214;557.91;112.1;445.81;10.02;6.6701;0;526.92;41.247;79.677;0;6.8704;654.71;0;654.71;526.92;79.677;41.247;6.8704;0.8048;0.0735;0;0.0105;646.55;8.1597;0;0;2.0562;6.1035;636.6;8.6605;6.3139;0.9547;1.2669;0.125;645.26;1.2931;1.0538;0.1594;0.0784;0.0015;638.52;519.55;78.562;37.846;0.6404;291.95;244.07;79.475;0.8005;2.4714;35.55;1.9144;37.221;0;1;0;0;1.1735;0.9875;1;1;0.9501;0.1116;0.9866;0.988;1;0.9676;0.8367;0.998;0.998;1;0.998;0.998;0.9723;0.9175;0.0932;1.9661;1.9981;0.012;0.0005;0.0768;0.0134;0.0474;0.0068;0;0;0.088;0;1.6763;0;0;0;0;0;0;0;0;0;0;0;0;0.0382;0.009;1.7941;1.7941;0;36.008;36.008;25.988;0.0408;1716;1045.5;1;0.0297;0.0297;0;0;0;0;0;0;1.7643;1.6763;0;17.383;20.129;16.242;18.808;98.342;98.342;15.713;14.338;13.397;1.375;0.941;0.0875;0.0599;0.8526;27.617;0.8193;0
04/08/21 14:00;27.297;39.857;43.013;38.843;51.157;90;51.157;298.9;218.3;80.602;10.56;6.19;0;128.51;154.12;46.024;0;8.9145;337.57;0;337.57;128.51;46.024;154.12;8.9145;0.3807;0.483;0;0.0264;313.79;23.782;0;0;15.425;8.3564;307.02;6.1444;1.109;0.3972;4.6154;0.0228;313.16;0.6276;0.257;0.092;0.2774;0.0011;310.07;127.15;45.535;133.8;0.5341;159.6;133.42;44.614;14.679;2.2007;31.656;3.0508;19.178;0;1;0;0;1.1294;0.9296;1;1;0.8999;0.0626;0.9804;0.9914;1;0.9667;0.959;0.998;0.998;1;0.998;0.998;0.9095;0.8682;0.0599;1.0137;1.0006;0.006;0.0134;-0.0071;0.0069;0.0245;0.0063;0;0;0.088;0;0.8247;0;0;0;0;0;0;0;0;0;0;0;0;0.0198;0.0025;0.9283;0.9283;0;23.003;23.003;12.444;0.0405;854.33;1086.5;1;0.0156;0.0156;0;0;0;0;0;0;0.9127;0.8247;0;17.444;20.2;15.497;17.945;98.32;98.32;8.1017;7.4187;6.5908;0.683;0.8279;0.0843;0.1022;0.8135;121.74;0.7601;0
04/08/21 15:00;18.461;52.129;39.826;22.924;47.928;90;47.928;129.1;124.3;4.806;10.38;4.6101;0;11.656;102.61;3.4423;0;3.4077;121.11;0;121.11;11.656;3.4423;102.61;3.4077;0.0962;0.8753;0;0.0281;108.59;12.526;0;0;9.3422;3.1835;105.2;3.1742;0.0789;0.0233;3.0612;0.0108;108.37;0.2172;0.0233;0.0069;0.1865;0.0004;106.5;11.554;3.4121;90.018;0.213;78.525;65.647;22.378;7.7914;1.092;15.709;1.3002;9.0092;0;1;0;0;0.9381;0.8966;1;1;0.909;0.0658;0.9707;0.9932;1;0.9671;0.9518;0.998;0.998;1;0.998;0.998;0.8686;0.8773;0.0625;0.3637;0.3539;0.0021;0.0176;-0.0133;0.0024;0.0086;0.0031;0;0;0.088;0;0.2301;0;0;0;0;0;0;0;0;0;0;0;0;0.0069;0.0004;0.3258;0.3258;0;14.653;14.653;4.2723;0.0406;300.59;1084;1;0.0077;0.0077;0;0;0;0;0;0;0.3181;0.2301;0;17.067;19.763;12.052;13.956;97.622;97.622;2.9067;2.6041;1.8389;0.3026;0.7652;0.1041;0.2633;0.6326;78.495;0.5766;0
04/08/21 16:00;8.1412;62.367;69.913;9.1725;13.571;90;13.571;52.294;51.3;0.9943;10.7;3.38;0;2.4115;50.316;0.6573;0;0.1168;53.502;0;53.502;2.4115;0.6573;50.316;0.1168;0.0451;0.9426;0;0.0022;52.794;0.7075;0;0;0.6099;0.0976;50.441;2.2481;0.2584;0.0704;1.915;0.0043;52.689;0.1056;0.0048;0.0013;0.0994;0;50.465;2.1483;0.5855;47.692;0.0149;30.477;25.479;7.6701;0.0455;0.2962;4.261;0.0245;4.5117;0;1;0;0;1.0231;0.9868;1;1;0.9879;0.1647;0.9573;0.8926;1;0.9614;0.7748;0.998;0.998;1;0.998;0.998;0.9428;0.9478;0.1274;0.1607;0.161;0.001;0.0139;-0.0072;0.0011;0.0038;0.0008;0;0;0.088;0;0.0503;0;0;0;0;0;0;0;0;0;0;0;0;0.0031;0.0001;0.1444;0.1444;0;12.762;12.762;2.0619;0.0409;135.92;1062.6;1;0.0061;0.0061;0;0;0;0;0;0;0.1383;0.0503;0;17.125;19.831;5.969;6.9119;95.782;95.782;1.284;1.1543;0.4023;0.1297;0.752;0.101;0.5856;0.3133;30.471;0.2957;0
04/08/21 17:00;1.2765;67.96;86.903;1.3771;1.9643;90;1.9643;0;0;0;9.7999;3.3401;0;0;0;0;0;0;0;0;0;0;0;0;0;1;1;1;1;0;0;0;0;0;0;0;0;0;0;0;0;0;0;0;0;0;0;0;0;0;0;0;0;0;0;0;0;0;0;0;0;0;0;0;1;1;1;1;1;1;1;1;1;1;1;1;1;1;1;1;1;1;1;0;0;0;0;0;0;0;0;0;0.0004;0.088;0;-0.0884;0;0;0;0;0;0;0;0;0;0;0;0;0;0;0;0;0;0;0;-9.7999;0;0;0;0;0.0004;0;0;0;0;0;0;0;-0.0004;-0.0884;0;0;0;0;0;0;0;0;0;-0.7063;0;0.7063;1;1;0;0;0;0
04/08/21 18:00;0;0;90;0;0;90;0;0;0;0;9.5001;3.72;0;0;0;0;0;0;0;0;0;0;0;0;0;1;1;1;1;0;0;0;0;0;0;0;0;0;0;0;0;0;0;0;0;0;0;0;0;0;0;0;0;0;0;0;0;0;0;0;0;0;0;0;1;1;1;1;1;1;1;1;1;1;1;1;1;1;1;1;1;1;1;0;0;0;0;0;0;0;0;0;0.0004;0.088;0;-0.0884;0;0;0;0;0;0;0;0;0;0;0;0;0;0;0;0;0;0;0;-9.5001;0;0;0;0;0.0004;0;0;0;0;0;0;0;-0.0004;-0.0884;0;0;0;0;0;0;0;0;0;-0.7063;0;0.7063;1;1;0;0;0;0
04/08/21 19:00;0;0;90;0;0;90;0;0;0;0;9.7999;4.12;0;0;0;0;0;0;0;0;0;0;0;0;0;1;1;1;1;0;0;0;0;0;0;0;0;0;0;0;0;0;0;0;0;0;0;0;0;0;0;0;0;0;0;0;0;0;0;0;0;0;0;0;1;1;1;1;1;1;1;1;1;1;1;1;1;1;1;1;1;1;1;0;0;0;0;0;0;0;0;0;0.0004;0.088;0;-0.0884;0;0;0;0;0;0;0;0;0;0;0;0;0;0;0;0;0;0;0;-9.7999;0;0;0;0;0.0004;0;0;0;0;0;0;0;-0.0004;-0.0884;0;0;0;0;0;0;0;0;0;-0.7063;0;0.7063;1;1;0;0;0;0
04/08/21 20:00;0;0;90;0;0;90;0;0;0;0;9.5001;4.5399;0;0;0;0;0;0;0;0;0;0;0;0;0;1;1;1;1;0;0;0;0;0;0;0;0;0;0;0;0;0;0;0;0;0;0;0;0;0;0;0;0;0;0;0;0;0;0;0;0;0;0;0;1;1;1;1;1;1;1;1;1;1;1;1;1;1;1;1;1;1;1;0;0;0;0;0;0;0;0;0;0.0004;0.088;0;-0.0884;0;0;0;0;0;0;0;0;0;0;0;0;0;0;0;0;0;0;0;-9.5001;0;0;0;0;0.0004;0;0;0;0;0;0;0;-0.0004;-0.0884;0;0;0;0;0;0;0;0;0;-0.7063;0;0.7063;1;1;0;0;0;0
04/08/21 21:00;0;0;90;0;0;90;0;0;0;0;9.3997;4.42;0;0;0;0;0;0;0;0;0;0;0;0;0;1;1;1;1;0;0;0;0;0;0;0;0;0;0;0;0;0;0;0;0;0;0;0;0;0;0;0;0;0;0;0;0;0;0;0;0;0;0;0;1;1;1;1;1;1;1;1;1;1;1;1;1;1;1;1;1;1;1;0;0;0;0;0;0;0;0;0;0.0004;0.088;0;-0.0884;0;0;0;0;0;0;0;0;0;0;0;0;0;0;0;0;0;0;0;-9.3997;0;0;0;0;0.0004;0;0;0;0;0;0;0;-0.0004;-0.0884;0;0;0;0;0;0;0;0;0;-0.7063;0;0.7063;1;1;0;0;0;0
04/08/21 22:00;0;0;90;0;0;90;0;0;0;0;9.3997;4.6901;0;0;0;0;0;0;0;0;0;0;0;0;0;1;1;1;1;0;0;0;0;0;0;0;0;0;0;0;0;0;0;0;0;0;0;0;0;0;0;0;0;0;0;0;0;0;0;0;0;0;0;0;1;1;1;1;1;1;1;1;1;1;1;1;1;1;1;1;1;1;1;0;0;0;0;0;0;0;0;0;0.0004;0.088;0;-0.0884;0;0;0;0;0;0;0;0;0;0;0;0;0;0;0;0;0;0;0;-9.3997;0;0;0;0;0.0004;0;0;0;0;0;0;0;-0.0004;-0.0884;0;0;0;0;0;0;0;0;0;-0.7063;0;0.7063;1;1;0;0;0;0
04/08/21 23:00;0;0;90;0;0;90;0;0;0;0;9.54;5.0299;0;0;0;0;0;0;0;0;0;0;0;0;0;1;1;1;1;0;0;0;0;0;0;0;0;0;0;0;0;0;0;0;0;0;0;0;0;0;0;0;0;0;0;0;0;0;0;0;0;0;0;0;1;1;1;1;1;1;1;1;1;1;1;1;1;1;1;1;1;1;1;0;0;0;0;0;0;0;0;0;0.0004;0.088;0;-0.0884;0;0;0;0;0;0;0;0;0;0;0;0;0;0;0;0;0;0;0;-9.54;0;0;0;0;0.0004;0;0;0;0;0;0;0;-0.0004;-0.0884;0;0;0;0;0;0;0;0;0;-0.7063;0;0.7063;1;1;0;0;0;0
05/08/21 00:00;0;0;90;0;0;90;0;0;0;0;9.5001;5.39;0;0;0;0;0;0;0;0;0;0;0;0;0;1;1;1;1;0;0;0;0;0;0;0;0;0;0;0;0;0;0;0;0;0;0;0;0;0;0;0;0;0;0;0;0;0;0;0;0;0;0;0;1;1;1;1;1;1;1;1;1;1;1;1;1;1;1;1;1;1;1;0;0;0;0;0;0;0;0;0;0.0004;0.088;0;-0.0884;0;0;0;0;0;0;0;0;0;0;0;0;0;0;0;0;0;0;0;-9.5001;0;0;0;0;0.0004;0;0;0;0;0;0;0;-0.0004;-0.0884;0;0;0;0;0;0;0;0;0;-0.7063;0;0.7063;1;1;0;0;0;0
05/08/21 01:00;0;0;90;0;0;90;0;0;0;0;9.3997;5.1799;0;0;0;0;0;0;0;0;0;0;0;0;0;1;1;1;1;0;0;0;0;0;0;0;0;0;0;0;0;0;0;0;0;0;0;0;0;0;0;0;0;0;0;0;0;0;0;0;0;0;0;0;1;1;1;1;1;1;1;1;1;1;1;1;1;1;1;1;1;1;1;0;0;0;0;0;0;0;0;0;0.0004;0.088;0;-0.0884;0;0;0;0;0;0;0;0;0;0;0;0;0;0;0;0;0;0;0;-9.3997;0;0;0;0;0.0004;0;0;0;0;0;0;0;-0.0004;-0.0884;0;0;0;0;0;0;0;0;0;-0.7063;0;0.7063;1;1;0;0;0;0
05/08/21 02:00;0;0;90;0;0;90;0;0;0;0;9.3;5.3399;0;0;0;0;0;0;0;0;0;0;0;0;0;1;1;1;1;0;0;0;0;0;0;0;0;0;0;0;0;0;0;0;0;0;0;0;0;0;0;0;0;0;0;0;0;0;0;0;0;0;0;0;1;1;1;1;1;1;1;1;1;1;1;1;1;1;1;1;1;1;1;0;0;0;0;0;0;0;0;0;0.0004;0.088;0;-0.0884;0;0;0;0;0;0;0;0;0;0;0;0;0;0;0;0;0;0;0;-9.3;0;0;0;0;0.0004;0;0;0;0;0;0;0;-0.0004;-0.0884;0;0;0;0;0;0;0;0;0;-0.7063;0;0.7063;1;1;0;0;0;0
05/08/21 03:00;0;0;90;0;0;90;0;0;0;0;9.0999;4.99;0;0;0;0;0;0;0;0;0;0;0;0;0;1;1;1;1;0;0;0;0;0;0;0;0;0;0;0;0;0;0;0;0;0;0;0;0;0;0;0;0;0;0;0;0;0;0;0;0;0;0;0;1;1;1;1;1;1;1;1;1;1;1;1;1;1;1;1;1;1;1;0;0;0;0;0;0;0;0;0;0.0004;0.088;0;-0.0884;0;0;0;0;0;0;0;0;0;0;0;0;0;0;0;0;0;0;0;-9.0999;0;0;0;0;0.0004;0;0;0;0;0;0;0;-0.0004;-0.0884;0;0;0;0;0;0;0;0;0;-0.7063;0;0.7063;1;1;0;0;0;0
05/08/21 04:00;0;0;90;0;0;90;0;0;0;0;8.8001;4.7899;0;0;0;0;0;0;0;0;0;0;0;0;0;1;1;1;1;0;0;0;0;0;0;0;0;0;0;0;0;0;0;0;0;0;0;0;0;0;0;0;0;0;0;0;0;0;0;0;0;0;0;0;1;1;1;1;1;1;1;1;1;1;1;1;1;1;1;1;1;1;1;0;0;0;0;0;0;0;0;0;0.0004;0.088;0;-0.0884;0;0;0;0;0;0;0;0;0;0;0;0;0;0;0;0;0;0;0;-8.8001;0;0;0;0;0.0004;0;0;0;0;0;0;0;-0.0004;-0.0884;0;0;0;0;0;0;0;0;0;-0.7063;0;0.7063;1;1;0;0;0;0
05/08/21 05:00;0;0;90;0;0;90;0;0;0;0;8.3999;4.8;0;0;0;0;0;0;0;0;0;0;0;0;0;1;1;1;1;0;0;0;0;0;0;0;0;0;0;0;0;0;0;0;0;0;0;0;0;0;0;0;0;0;0;0;0;0;0;0;0;0;0;0;1;1;1;1;1;1;1;1;1;1;1;1;1;1;1;1;1;1;1;0;0;0;0;0;0;0;0;0;0.0004;0.088;0;-0.0884;0;0;0;0;0;0;0;0;0;0;0;0;0;0;0;0;0;0;0;-8.3999;0;0;0;0;0.0004;0;0;0;0;0;0;0;-0.0004;-0.0884;0;0;0;0;0;0;0;0;0;-0.7063;0;0.7063;1;1;0;0;0;0
05/08/21 06:00;0.8056;-68.66;88.046;0.8649;1.2331;-90;-1.2331;0;0;0;8.1998;4.81;0;0;0;0;0;0;0;0;0;0;0;0;0;1;1;1;1;0;0;0;0;0;0;0;0;0;0;0;0;0;0;0;0;0;0;0;0;0;0;0;0;0;0;0;0;0;0;0;0;0;0;0;1;1;1;1;1;1;1;1;1;1;1;1;1;1;1;1;1;1;1;0;0;0;0;0;0;0;0;0;0.0004;0.088;0;-0.0884;0;0;0;0;0;0;0;0;0;0;0;0;0;0;0;0;0;0;0;-8.1998;0;0;0;0;0.0004;0;0;0;0;0;0;0;-0.0004;-0.0884;0;0;0;0;0;0;0;0;0;-0.7063;0;0.7063;1;1;0;0;0;0
05/08/21 07:00;6.978;-63.722;72.864;7.7729;11.375;-90;-11.375;25.004;24.599;0.4055;8.3999;4.8599;0;0.9834;24.296;0.1498;0;0.0393;25.468;0;25.468;0.9834;0.1498;24.296;0.0393;0.0386;0.9555;0;0.0015;25.217;0.251;0;0;0.2183;0.0328;24.038;1.1291;0.1441;0.0219;0.9615;0.0015;25.167;0.0504;0.002;0.0003;0.0482;0;24.045;0.8373;0.1275;23.068;0.0051;14.618;12.221;3.6671;0.0115;0.1422;2.0453;0.0074;2.176;0;1;0;0;1.0186;0.9901;1;1;0.991;0.1665;0.9551;0.8531;1;0.96;0.7752;0.998;0.998;1;0.998;0.998;0.9438;0.9495;0.1288;0.0765;0.0767;0.0005;0.0099;-0.0044;0.0005;0.0018;0.0004;0;0;0.088;0;-0.0251;0;0;0;0;0;0;0;0;0;0;0;0;0.0014;0.0001;0.0667;0.0667;0;9.3897;9.3897;0.9897;0.0412;63.796;1045.4;1;0.0038;0.0038;0;0;0;0;0;0;0.0629;-0.0251;0;16.611;19.235;-6.2494;-7.2366;94.332;94.332;0.6112;0.533;-0.2005;0.0783;0.7335;0.128;1.2;0;14.616;0;0
05/08/21 08:00;17.462;-53.673;43.302;21.328;40.567;-90;-40.567;77.005;75.5;1.5058;8.6;5.53;0;3.652;66.175;0.6911;0;1.4807;71.999;0;71.999;3.652;0.6911;66.175;1.4807;0.0507;0.9397;0;0.0206;65.924;6.0757;0;0;4.7152;1.3605;63.757;2.0345;0.0321;0.0061;1.9859;0.0104;65.792;0.1318;0.0073;0.0014;0.1229;0.0002;64.292;3.6126;0.6837;59.351;0.1096;47.374;39.604;13.094;2.8291;0.5636;8.1076;0.5344;5.842;0;1;0;0;0.935;0.9156;1;1;0.9287;0.0812;0.9691;0.9912;1;0.9676;0.9133;0.998;0.998;1;0.998;0.998;0.8855;0.8969;0.074;0.2162;0.2107;0.0013;0.0154;-0.0106;0.0014;0.0051;0.0016;0;0;0.088;0;0.0977;0;0;0;0;0;0;0;0;0;0;0;0;0.0041;0.0002;0.1923;0.1923;0;11.196;11.196;2.5956;0.0407;178.21;1079.1;1;0.0066;0.0066;0;0;0;0;0;0;0.1857;0.0977;0;16.944;19.62;8.6084;9.9683;96.566;96.566;1.728;1.5369;0.7808;0.1911;0.7561;0.1106;0.4375;0.4519;47.365;0.4167;0
05/08/21 09:00;26.541;-41.66;41.941;36.922;53.078;-90;-53.078;209.1;183.1;25.997;9.78;6.08;0;43.275;140.14;13.337;0;6.6789;203.43;0;203.43;43.275;13.337;140.14;6.6789;0.2127;0.7217;0;0.0328;182.41;21.021;0;0;14.767;6.2539;177.36;4.6841;0.3464;0.1068;4.214;0.0169;182.04;0.3648;0.0866;0.0267;0.2507;0.0009;179.93;42.842;13.204;120.9;0.4073;123.72;103.43;35.599;15.183;1.8873;27.148;2.5691;13.852;0;1;0;0;0.9729;0.8967;1;1;0.8946;0.0636;0.9743;0.992;1;0.9663;0.9601;0.998;0.998;1;0.998;0.998;0.8718;0.8628;0.061;0.6109;0.5992;0.0036;0.0177;-0.0172;0.0042;0.0148;0.0054;0;0;0.088;0;0.4595;0;0;0;0;0;0;0;0;0;0;0;0;0.0119;0.001;0.5578;0.5578;0;16.962;16.962;7.1822;0.0405;510.29;1093.1;1;0.0103;0.0103;0;0;0;0;0;0;0.5475;0.4595;0;17.395;20.143;14.33;16.593;98.155;98.155;4.8822;4.458;3.6725;0.4242;0.7855;0.0869;0.1609;0.7522;112.94;0.6839;0
05/08/21 10:00;33.492;-27.128;47.921;55.428;34.572;-90;-34.572;215.7;204.1;11.599;10.89;6.03;0;14.087;183.14;3.9188;0;3.0471;204.19;0;204.19;14.087;3.9188;183.14;3.0471;0.069;0.9118;0;0.0149;191.27;12.919;0;0;10.188;2.7304;185.07;5.8256;0.1619;0.045;5.5733;0.0453;190.89;0.3825;0.0282;0.0078;0.3459;0.0006;186.1;13.897;3.866;167.03;0.2708;132.24;110.56;35.594;4.5232;1.4162;20.372;1.0319;17.265;0;1;0;0;0.9466;0.9367;1;1;0.9444;0.1039;0.9695;0.9885;1;0.9677;0.8567;0.998;0.998;1;0.998;0.998;0.9063;0.912;0.0889;0.6132;0.6035;0.0036;0.0177;-0.0143;0.0042;0.0148;0.004;0;0;0.088;0;0.4622;0;0;0;0;0;0;0;0;0;0;0;0;0.0119;0.0011;0.5604;0.5604;0;18.391;18.391;7.5007;0.0405;514.69;1088.9;1;0.0103;0.0103;0;0;0;0;0;0;0.5502;0.4622;0;17.411;20.162;14.358;16.626;98.166;98.166;4.9006;4.4791;3.6936;0.4215;0.7854;0.086;0.1603;0.7537;124.81;0.7013;0
05/08/21 11:00;37.433;-10.152;51.41;77.032;12.968;-90;-12.968;311.79;266.5;45.295;11.48;5.94;0;46.48;248.35;15.328;0;0.6361;310.8;0;310.8;46.48;15.328;248.35;0.6361;0.1496;0.8011;0;0.002;307.48;3.3115;0;0;2.7812;0.5302;296.4;10.468;0.6666;0.2198;9.5574;0.0237;306.87;0.615;0.093;0.0307;0.4911;0.0002;296.54;45.721;15.077;235.52;0.0819;184.98;154.64;47.013;0.1903;1.7625;25.353;0.1342;26.925;0;1;0;0;0.9968;0.9893;1;1;0.9888;0.1665;0.9659;0.9856;1;0.961;0.7753;0.998;0.998;1;0.998;0.998;0.9537;0.9483;0.1288;0.9333;0.9466;0.0057;0.0141;-0.005;0.0065;0.0231;0.005;0;0;0.088;0;0.7734;0;0;0;0;0;0;0;0;0;0;0;0;0.0186;0.0023;0.8762;0.8762;0;23.501;23.501;12.021;0.0406;808.67;1083.5;1;0.0148;0.0148;0;0;0;0;0;0;0.8614;0.7734;0;17.884;20.709;15.787;18.281;98.316;98.316;7.4591;7.0026;6.1814;0.4565;0.8212;0.0612;0.1101;0.8287;150.11;0.781;0
05/08/21 12:00;37.667;7.9788;51.62;79.807;10.193;90;10.193;176.4;173;3.4004;11.83;5.92;0;3.455;170.91;0.7357;0;0.2227;175.33;0;175.33;3.455;0.7357;170.91;0.2227;0.0197;0.9761;0;0.0013;173.86;1.4675;0;0;1.2816;0.186;166.54;6.9679;0.0505;0.0108;6.8983;0.0083;173.51;0.3477;0.0069;0.0015;0.3393;0.0001;166.58;3.3975;0.7234;162.39;0.0284;104.91;87.701;26.314;0.0534;1.0186;14.652;0.0398;15.618;0;1;0;0;0.9939;0.9916;1;1;0.9925;0.1651;0.9598;0.9853;1;0.9593;0.7747;0.998;0.998;1;0.998;0.998;0.9499;0.9502;0.1276;0.5265;0.5326;0.0032;0.018;-0.0123;0.0037;0.013;0.0029;0;0;0.088;0;0.3953;0;0;0;0;0;0;0;0;0;0;0;0;0.0105;0.0009;0.4928;0.4928;0;18.587;18.587;6.7573;0.0406;454.42;1084.5;1;0.0095;0.0095;0;0;0;0;0;0;0.4833;0.3953;0;17.831;20.648;14.303;16.563;98.069;98.069;4.2078;3.9387;3.1593;0.2692;0.7794;0.064;0.1852;0.7508;102.5;0.7066;0
05/08/21 13:00;34.147;25.189;48.496;57.891;32.109;90;32.109;201.21;195;6.2044;12;5.93;0;7.3248;178.59;1.9139;0;2.4621;190.29;0;190.29;7.3248;1.9139;178.59;2.4621;0.0385;0.9514;0;0.0129;179.25;11.043;0;0;8.8573;2.1862;173.25;5.6424;0.0866;0.0226;5.488;0.0452;178.89;0.3585;0.0146;0.0038;0.3395;0.0006;174.06;7.2235;1.8875;163.91;0.2302;123.52;103.26;32.941;3.4204;1.2903;18.56;0.8092;16.43;0;1;0;0;0.9458;0.942;1;1;0.9504;0.1121;0.9685;0.9881;1;0.9676;0.8359;0.998;0.998;1;0.998;0.998;0.9104;0.9178;0.0935;0.5714;0.5634;0.0034;0.0179;-0.0121;0.0039;0.0138;0.0036;0;0;0.088;0;0.4231;0;0;0;0;0;0;0;0;0;0;0;0;0.0111;0.0009;0.5209;0.5209;0;19.03;19.03;7.0295;0.0406;480.49;1084;1;0.0098;0.0098;0;0;0;0;0;0;0.5111;0.4231;0;17.364;20.107;14.103;16.331;98.117;98.117;4.567;4.1628;3.3811;0.4042;0.7817;0.0885;0.1712;0.7403;119.48;0.6899;0
05/08/21 14:00;27.513;40.041;42.765;38.994;51.006;90;51.006;175.79;169.7;6.0942;12;5.52;0;9.685;136.87;2.6759;0;5.2141;154.44;0;154.44;9.685;2.6759;136.87;5.2141;0.0627;0.92;0;0.0338;135.92;18.527;0;0;13.64;4.8871;131.43;4.216;0.0822;0.0227;4.0976;0.0134;135.64;0.2718;0.0194;0.0054;0.2465;0.0007;133.53;9.5834;2.6479;118.88;0.3129;110.65;92.506;31.848;12.902;1.6434;23.639;2.1062;12.381;0;1;0;0;0.8786;0.88;1;1;0.9003;0.0627;0.9689;0.9915;1;0.9667;0.9588;0.998;0.998;1;0.998;0.998;0.851;0.8686;0.06;0.4638;0.452;0.0027;0.0181;-0.0125;0.0031;0.011;0.0046;0;0;0.088;0;0.3188;0;0;0;0;0;0;0;0;0;0;0;0;0.0089;0.0007;0.4154;0.4154;0;17.339;17.339;5.3383;0.0406;384.33;1081;1;0.0087;0.0087;0;0;0;0;0;0;0.4068;0.3188;0;17.064;19.76;13.093;15.162;97.914;97.914;3.7066;3.3202;2.5476;0.3864;0.7725;0.1043;0.2084;0.6873;107.95;0.6167;0
05/08/21 15:00;18.648;52.336;39.149;23.089;48.921;90;48.921;108.2;105.9;2.3032;12;4.3001;0;5.5859;87.267;1.3914;0;2.9682;97.213;0;97.213;5.5859;1.3914;87.267;2.9682;0.0575;0.9282;0;0.0305;86.251;10.962;0;0;8.1858;2.7764;83.419;2.6586;0.0356;0.0089;2.6055;0.0086;86.078;0.1725;0.0112;0.0028;0.1582;0.0004;84.589;5.5392;1.3798;76.318;0.1828;67.422;56.365;19.294;7.1149;0.96;13.809;1.1693;7.6545;0;1;0;0;0.8984;0.8872;1;1;0.9062;0.0646;0.9691;0.9936;1;0.967;0.9549;0.998;0.998;1;0.998;0.998;0.8581;0.8745;0.0616;0.2919;0.2839;0.0017;0.0169;-0.0099;0.0019;0.0068;0.0027;0;0;0.088;0;0.163;0;0;0;0;0;0;0;0;0;0;0;0;0.0055;0.0003;0.258;0.258;0;15.398;15.398;3.3982;0.0407;240.69;1071.9;1;0.007;0.007;0;0;0;0;0;0;0.251;0.163;0;16.836;19.496;10.637;12.317;97.289;97.289;2.3331;2.0619;1.3027;0.2712;0.7592;0.1162;0.3254;0.5584;67.408;0.5047;0
05/08/21 16:00;8.3037;62.587;69.497;9.3366;13.834;90;13.834;17.991;17.9;0.0909;11.43;3.8101;0;0.2206;17.632;0.0206;0;0.0417;17.915;0;17.915;0.2206;0.0206;17.632;0.0417;0.0123;0.9865;0;0.0023;17.66;0.2556;0;0;0.2207;0.0349;16.93;0.6941;0.0226;0.0021;0.6678;0.0015;17.624;0.0353;0.0004;0;0.0348;0;16.939;0.1976;0.0184;16.709;0.0053;10.688;8.9348;2.6906;0.0171;0.1039;1.4944;0.009;1.5813;0;1;0;0;0.9958;0.9857;1;1;0.9875;0.1647;0.9606;0.8975;1;0.9616;0.7748;0.998;0.998;1;0.998;0.998;0.945;0.9476;0.1273;0.0538;0.0542;0.0003;0.0082;-0.0025;0.0003;0.0012;0.0003;0;0;0.088;0;-0.0458;0;0;0;0;0;0;0;0;0;0;0;0;0.001;0;0.0453;0.0453;0;12.133;12.133;0.7027;0.0415;44.569;1017.4;1;0.0031;0.0031;0;0;0;0;0;0;0.0422;-0.0458;0;16.056;18.592;-16.203;-18.763;93.154;93.154;0.43;0.3624;-0.3657;0.0676;0.7281;0.1572;1.6934;0;10.687;0;0
05/08/21 17:00;1.4267;68.186;86.538;1.5367;2.1924;90;2.1924;0;0;0;10.88;3.9801;0;0;0;0;0;0;0;0;0;0;0;0;0;1;1;1;1;0;0;0;0;0;0;0;0;0;0;0;0;0;0;0;0;0;0;0;0;0;0;0;0;0;0;0;0;0;0;0;0;0;0;0;1;1;1;1;1;1;1;1;1;1;1;1;1;1;1;1;1;1;1;0;0;0;0;0;0;0;0;0;0.0004;0.088;0;-0.0884;0;0;0;0;0;0;0;0;0;0;0;0;0;0;0;0;0;0;0;-10.88;0;0;0;0;0.0004;0;0;0;0;0;0;0;-0.0004;-0.0884;0;0;0;0;0;0;0;0;0;-0.7063;0;0.7063;1;1;0;0;0;0
05/08/21 18:00;0;0;90;0;0;90;0;0;0;0;10.5;3.9701;0;0;0;0;0;0;0;0;0;0;0;0;0;1;1;1;1;0;0;0;0;0;0;0;0;0;0;0;0;0;0;0;0;0;0;0;0;0;0;0;0;0;0;0;0;0;0;0;0;0;0;0;1;1;1;1;1;1;1;1;1;1;1;1;1;1;1;1;1;1;1;0;0;0;0;0;0;0;0;0;0.0004;0.088;0;-0.0884;0;0;0;0;0;0;0;0;0;0;0;0;0;0;0;0;0;0;0;-10.5;0;0;0;0;0.0004;0;0;0;0;0;0;0;-0.0004;-0.0884;0;0;0;0;0;0;0;0;0;-0.7063;0;0.7063;1;1;0;0;0;0
05/08/21 19:00;0;0;90;0;0;90;0;0;0;0;10.54;3.78;0;0;0;0;0;0;0;0;0;0;0;0;0;1;1;1;1;0;0;0;0;0;0;0;0;0;0;0;0;0;0;0;0;0;0;0;0;0;0;0;0;0;0;0;0;0;0;0;0;0;0;0;1;1;1;1;1;1;1;1;1;1;1;1;1;1;1;1;1;1;1;0;0;0;0;0;0;0;0;0;0.0004;0.088;0;-0.0884;0;0;0;0;0;0;0;0;0;0;0;0;0;0;0;0;0;0;0;-10.54;0;0;0;0;0.0004;0;0;0;0;0;0;0;-0.0004;-0.0884;0;0;0;0;0;0;0;0;0;-0.7063;0;0.7063;1;1;0;0;0;0
05/08/21 20:00;0;0;90;0;0;90;0;0;0;0;9.7201;3.5899;0;0;0;0;0;0;0;0;0;0;0;0;0;1;1;1;1;0;0;0;0;0;0;0;0;0;0;0;0;0;0;0;0;0;0;0;0;0;0;0;0;0;0;0;0;0;0;0;0;0;0;0;1;1;1;1;1;1;1;1;1;1;1;1;1;1;1;1;1;1;1;0;0;0;0;0;0;0;0;0;0.0004;0.088;0;-0.0884;0;0;0;0;0;0;0;0;0;0;0;0;0;0;0;0;0;0;0;-9.7201;0;0;0;0;0.0004;0;0;0;0;0;0;0;-0.0004;-0.0884;0;0;0;0;0;0;0;0;0;-0.7063;0;0.7063;1;1;0;0;0;0
05/08/21 21:00;0;0;90;0;0;90;0;0;0;0;9.0002;3.3499;0;0;0;0;0;0;0;0;0;0;0;0;0;1;1;1;1;0;0;0;0;0;0;0;0;0;0;0;0;0;0;0;0;0;0;0;0;0;0;0;0;0;0;0;0;0;0;0;0;0;0;0;1;1;1;1;1;1;1;1;1;1;1;1;1;1;1;1;1;1;1;0;0;0;0;0;0;0;0;0;0.0004;0.088;0;-0.0884;0;0;0;0;0;0;0;0;0;0;0;0;0;0;0;0;0;0;0;-9.0002;0;0;0;0;0.0004;0;0;0;0;0;0;0;-0.0004;-0.0884;0;0;0;0;0;0;0;0;0;-0.7063;0;0.7063;1;1;0;0;0;0
05/08/21 22:00;0;0;90;0;0;90;0;0;0;0;8.7403;3.1899;0;0;0;0;0;0;0;0;0;0;0;0;0;1;1;1;1;0;0;0;0;0;0;0;0;0;0;0;0;0;0;0;0;0;0;0;0;0;0;0;0;0;0;0;0;0;0;0;0;0;0;0;1;1;1;1;1;1;1;1;1;1;1;1;1;1;1;1;1;1;1;0;0;0;0;0;0;0;0;0;0.0004;0.088;0;-0.0884;0;0;0;0;0;0;0;0;0;0;0;0;0;0;0;0;0;0;0;-8.7403;0;0;0;0;0.0004;0;0;0;0;0;0;0;-0.0004;-0.0884;0;0;0;0;0;0;0;0;0;-0.7063;0;0.7063;1;1;0;0;0;0
05/08/21 23:00;0;0;90;0;0;90;0;0;0;0;8.7901;3.05;0;0;0;0;0;0;0;0;0;0;0;0;0;1;1;1;1;0;0;0;0;0;0;0;0;0;0;0;0;0;0;0;0;0;0;0;0;0;0;0;0;0;0;0;0;0;0;0;0;0;0;0;1;1;1;1;1;1;1;1;1;1;1;1;1;1;1;1;1;1;1;0;0;0;0;0;0;0;0;0;0.0004;0.088;0;-0.0884;0;0;0;0;0;0;0;0;0;0;0;0;0;0;0;0;0;0;0;-8.7901;0;0;0;0;0.0004;0;0;0;0;0;0;0;-0.0004;-0.0884;0;0;0;0;0;0;0;0;0;-0.7063;0;0.7063;1;1;0;0;0;0
06/08/21 00:00;0;0;90;0;0;90;0;0;0;0;8.6997;2.9;0;0;0;0;0;0;0;0;0;0;0;0;0;1;1;1;1;0;0;0;0;0;0;0;0;0;0;0;0;0;0;0;0;0;0;0;0;0;0;0;0;0;0;0;0;0;0;0;0;0;0;0;1;1;1;1;1;1;1;1;1;1;1;1;1;1;1;1;1;1;1;0;0;0;0;0;0;0;0;0;0.0004;0.088;0;-0.0884;0;0;0;0;0;0;0;0;0;0;0;0;0;0;0;0;0;0;0;-8.6997;0;0;0;0;0.0004;0;0;0;0;0;0;0;-0.0004;-0.0884;0;0;0;0;0;0;0;0;0;-0.7063;0;0.7063;1;1;0;0;0;0
06/08/21 01:00;0;0;90;0;0;90;0;0;0;0;7.8103;2.82;0;0;0;0;0;0;0;0;0;0;0;0;0;1;1;1;1;0;0;0;0;0;0;0;0;0;0;0;0;0;0;0;0;0;0;0;0;0;0;0;0;0;0;0;0;0;0;0;0;0;0;0;1;1;1;1;1;1;1;1;1;1;1;1;1;1;1;1;1;1;1;0;0;0;0;0;0;0;0;0;0.0004;0.088;0;-0.0884;0;0;0;0;0;0;0;0;0;0;0;0;0;0;0;0;0;0;0;-7.8103;0;0;0;0;0.0004;0;0;0;0;0;0;0;-0.0004;-0.0884;0;0;0;0;0;0;0;0;0;-0.7063;0;0.7063;1;1;0;0;0;0
06/08/21 02:00;0;0;90;0;0;90;0;0;0;0;8.6798;2.9401;0;0;0;0;0;0;0;0;0;0;0;0;0;1;1;1;1;0;0;0;0;0;0;0;0;0;0;0;0;0;0;0;0;0;0;0;0;0;0;0;0;0;0;0;0;0;0;0;0;0;0;0;1;1;1;1;1;1;1;1;1;1;1;1;1;1;1;1;1;1;1;0;0;0;0;0;0;0;0;0;0.0004;0.088;0;-0.0884;0;0;0;0;0;0;0;0;0;0;0;0;0;0;0;0;0;0;0;-8.6798;0;0;0;0;0.0004;0;0;0;0;0;0;0;-0.0004;-0.0884;0;0;0;0;0;0;0;0;0;-0.7063;0;0.7063;1;1;0;0;0;0
06/08/21 03:00;0;0;90;0;0;90;0;0;0;0;8.5003;3.4101;0;0;0;0;0;0;0;0;0;0;0;0;0;1;1;1;1;0;0;0;0;0;0;0;0;0;0;0;0;0;0;0;0;0;0;0;0;0;0;0;0;0;0;0;0;0;0;0;0;0;0;0;1;1;1;1;1;1;1;1;1;1;1;1;1;1;1;1;1;1;1;0;0;0;0;0;0;0;0;0;0.0004;0.088;0;-0.0884;0;0;0;0;0;0;0;0;0;0;0;0;0;0;0;0;0;0;0;-8.5003;0;0;0;0;0.0004;0;0;0;0;0;0;0;-0.0004;-0.0884;0;0;0;0;0;0;0;0;0;-0.7063;0;0.7063;1;1;0;0;0;0
06/08/21 04:00;0;0;90;0;0;90;0;0;0;0;8.1001;3.61;0;0;0;0;0;0;0;0;0;0;0;0;0;1;1;1;1;0;0;0;0;0;0;0;0;0;0;0;0;0;0;0;0;0;0;0;0;0;0;0;0;0;0;0;0;0;0;0;0;0;0;0;1;1;1;1;1;1;1;1;1;1;1;1;1;1;1;1;1;1;1;0;0;0;0;0;0;0;0;0;0.0004;0.088;0;-0.0884;0;0;0;0;0;0;0;0;0;0;0;0;0;0;0;0;0;0;0;-8.1001;0;0;0;0;0.0004;0;0;0;0;0;0;0;-0.0004;-0.0884;0;0;0;0;0;0;0;0;0;-0.7063;0;0.7063;1;1;0;0;0;0
06/08/21 05:00;0;0;90;0;0;90;0;0;0;0;7.9798;3.8901;0;0;0;0;0;0;0;0;0;0;0;0;0;1;1;1;1;0;0;0;0;0;0;0;0;0;0;0;0;0;0;0;0;0;0;0;0;0;0;0;0;0;0;0;0;0;0;0;0;0;0;0;1;1;1;1;1;1;1;1;1;1;1;1;1;1;1;1;1;1;1;0;0;0;0;0;0;0;0;0;0.0004;0.088;0;-0.0884;0;0;0;0;0;0;0;0;0;0;0;0;0;0;0;0;0;0;0;-7.9798;0;0;0;0;0.0004;0;0;0;0;0;0;0;-0.0004;-0.0884;0;0;0;0;0;0;0;0;0;-0.7063;0;0.7063;1;1;0;0;0;0
06/08/21 06:00;0.7979;-69.012;88.065;0.8546;1.2184;-90;-1.2184;0;0;0;8.6;4.1599;0;0;0;0;0;0;0;0;0;0;0;0;0;1;1;1;1;0;0;0;0;0;0;0;0;0;0;0;0;0;0;0;0;0;0;0;0;0;0;0;0;0;0;0;0;0;0;0;0;0;0;0;1;1;1;1;1;1;1;1;1;1;1;1;1;1;1;1;1;1;1;0;0;0;0;0;0;0;0;0;0.0004;0.088;0;-0.0884;0;0;0;0;0;0;0;0;0;0;0;0;0;0;0;0;0;0;0;-8.6;0;0;0;0;0.0004;0;0;0;0;0;0;0;-0.0004;-0.0884;0;0;0;0;0;0;0;0;0;-0.7063;0;0.7063;1;1;0;0;0;0
06/08/21 07:00;7.1708;-63.921;72.378;7.9736;11.686;-90;-11.686;27.993;27.399;0.5938;8.8998;3.86;0;1.44;27.018;0.2377;0;0.0464;28.742;0;28.742;1.44;0.2377;27.018;0.0464;0.0501;0.9416;0;0.0016;28.45;0.2926;0;0;0.254;0.0387;27.094;1.2986;0.2002;0.033;1.0636;0.0017;28.393;0.0569;0.0029;0.0005;0.0535;0;27.103;1.2369;0.2041;25.647;0.006;16.271;13.603;4.0836;0.0141;0.1582;2.2761;0.0089;2.4202;0;1;0;0;1.0268;0.9898;1;1;0.9906;0.1665;0.9543;0.8607;1;0.9602;0.7752;0.998;0.998;1;0.998;0.998;0.9427;0.9493;0.1288;0.0863;0.0864;0.0005;0.0105;-0.0047;0.0006;0.002;0.0004;0;0;0.088;0;-0.0165;0;0;0;0;0;0;0;0;0;0;0;0;0.0016;0.0001;0.0755;0.0755;0;10.014;10.014;1.1142;0.0411;72.095;1047.9;1;0.004;0.004;0;0;0;0;0;0;0.0715;-0.0165;0;16.674;19.308;-3.6392;-4.2142;94.656;94.656;0.6898;0.6038;-0.1318;0.086;0.7356;0.1247;1.0663;0;16.268;0;0
06/08/21 08:00;17.675;-53.856;42.577;21.535;41.369;-90;-41.369;75.697;74.302;1.3942;9.0999;4.1599;0;3.3812;64.807;0.6221;0;1.5111;70.322;0;70.322;3.3812;0.6221;64.807;1.5111;0.0481;0.9431;0;0.0215;64.178;6.1435;0;0;4.7523;1.3912;62.065;1.985;0.0283;0.0052;1.9417;0.0097;64.05;0.1284;0.0068;0.0012;0.1201;0.0002;62.617;3.3461;0.6157;57.993;0.1099;46.712;39.051;12.953;2.9634;0.5643;8.1175;0.5516;5.7185;0;1;0;0;0.929;0.9126;1;1;0.9267;0.0793;0.969;0.9916;1;0.9676;0.9187;0.998;0.998;1;0.998;0.998;0.8826;0.8949;0.0727;0.2112;0.2057;0.0012;0.0153;-0.0101;0.0014;0.0049;0.0016;0;0;0.088;0;0.0926;0;0;0;0;0;0;0;0;0;0;0;0;0.004;0.0002;0.1872;0.1872;0;11.628;11.628;2.5284;0.0407;173.91;1076.2;1;0.0065;0.0065;0;0;0;0;0;0;0.1806;0.0926;0;16.884;19.551;8.3555;9.6755;96.507;96.507;1.6877;1.4958;0.7403;0.1919;0.7555;0.1137;0.4477;0.4386;46.704;0.4037;0
06/08/21 09:00;26.78;-41.816;41.71;37.124;52.876;-90;-52.876;154.69;149;5.6977;9.54;4.89;0;9.4405;118.33;2.3473;0;4.9064;135.02;0;135.02;9.4405;2.3473;118.33;4.9064;0.0699;0.9127;0;0.0363;118.03;16.994;0;0;12.4;4.5937;114.13;3.6616;0.0743;0.0185;3.5564;0.0124;117.79;0.2361;0.0189;0.0047;0.2119;0.0006;116.14;9.3474;2.3242;102.16;0.2997;97.436;81.457;28.278;12.65;1.5157;21.802;2.0079;10.668;0;1;0;0;0.8728;0.8741;1;1;0.8952;0.0637;0.9689;0.9921;1;0.9664;0.9602;0.998;0.998;1;0.998;0.998;0.8453;0.8634;0.0611;0.4055;0.3958;0.0024;0.0179;-0.0155;0.0027;0.0097;0.0043;0;0;0.088;0;0.2696;0;0;0;0;0;0;0;0;0;0;0;0;0.0078;0.0005;0.3658;0.3658;0;14.169;14.169;4.6294;0.0406;335.97;1088.9;1;0.0082;0.0082;0;0;0;0;0;0;0.3576;0.2696;0;17.189;19.904;12.668;14.669;97.753;97.753;3.2405;2.9239;2.1549;0.3166;0.769;0.0977;0.2373;0.665;95.158;0.5933;0
06/08/21 10:00;33.753;-27.234;47.669;55.597;34.403;-90;-34.403;435.9;183.3;252.59;9.8797;5.2501;0;306.14;110.09;75.94;0;6.0997;498.28;0;498.28;306.14;75.94;110.09;6.0997;0.6144;0.2332;0;0.0122;486.74;11.539;0;0;6.0778;5.4614;477.98;7.7801;3.4739;0.8617;3.3523;0.0922;485.76;0.9735;0.6123;0.1519;0.208;0.0013;479.77;302.06;74.926;100.45;0.5449;233.41;195.13;63.476;2.675;2.1122;30.383;1.7902;29.82;0;1;0;0;1.1431;0.9768;1;1;0.9448;0.1047;0.984;0.9886;1;0.9677;0.8553;0.998;0.998;1;0.998;0.998;0.9593;0.9125;0.0893;1.4963;1.5091;0.0091;0.0062;0.0228;0.0103;0.0365;0.0059;0;0;0.088;0;1.2732;0;0;0;0;0;0;0;0;0;0;0;0;0.0294;0.0054;1.3835;1.3835;0;29.306;29.306;19.426;0.0406;1294.5;1068.8;1;0.0223;0.0223;0;0;0;0;0;0;1.3612;1.2732;0;17.614;20.396;16.209;18.77;98.389;98.389;11.959;11.057;10.176;0.9017;0.8814;0.0754;0.0737;0.8509;74.929;0.8137;0
06/08/21 11:00;37.708;-10.179;51.141;77.125;12.876;-90;-12.876;305.7;265.5;40.198;10.85;5.37;0;41.235;249.21;13.458;0;0.6149;304.51;0;304.51;41.235;13.458;249.21;0.6149;0.1354;0.8204;0;0.002;301.24;3.2701;0;0;2.7575;0.5125;290.25;10.394;0.577;0.1883;9.6062;0.023;300.64;0.6025;0.0825;0.0269;0.4929;0.0002;290.38;40.575;13.243;236.35;0.0792;181.46;151.7;46.063;0.1861;1.7324;24.92;0.1291;26.467;0;1;0;0;0.9961;0.9893;1;1;0.9889;0.1665;0.9654;0.986;1;0.9609;0.7753;0.998;0.998;1;0.998;0.998;0.9531;0.9484;0.1288;0.9145;0.9271;0.0056;0.0144;-0.0078;0.0064;0.0227;0.0049;0;0;0.088;0;0.7579;0;0;0;0;0;0;0;0;0;0;0;0;0.0183;0.0022;0.8604;0.8604;0;22.615;22.615;11.765;0.0405;792.01;1086.4;1;0.0146;0.0146;0;0;0;0;0;0;0.8459;0.7579;0;17.924;20.756;15.788;18.282;98.309;98.309;7.3083;6.8766;6.057;0.4318;0.8196;0.0591;0.1121;0.8288;150.58;0.7809;0
06/08/21 12:00;37.938;8.0464;51.345;79.82;10.18;90;10.18;228.3;219.7;8.6003;10.74;5.4101;0;8.7378;215.68;2.3478;0;0.2875;227.05;0;227.05;8.7378;2.3478;215.68;0.2875;0.0385;0.9512;0;0.0013;225.2;1.8537;0;0;1.6136;0.24;215.87;8.8758;0.1246;0.0335;8.7071;0.0107;224.75;0.4504;0.0175;0.0047;0.4281;0.0001;215.92;8.5958;2.3096;204.93;0.0367;135.71;113.45;34.092;0.067;1.3141;18.903;0.0515;20.15;0;1;0;0;0.9945;0.9918;1;1;0.9925;0.1651;0.9605;0.9857;1;0.9592;0.7747;0.998;0.998;1;0.998;0.998;0.9508;0.9502;0.1276;0.6818;0.6902;0.0042;0.017;-0.0136;0.0048;0.0169;0.0037;0;0;0.088;0;0.5427;0;0;0;0;0;0;0;0;0;0;0;0;0.0136;0.0013;0.6421;0.6421;0;19.486;19.486;8.7463;0.0405;589.32;1089.6;1;0.0115;0.0115;0;0;0;0;0;0;0.6307;0.5427;0;17.941;20.775;15.162;17.558;98.217;98.217;5.4492;5.132;4.3372;0.3172;0.7948;0.0582;0.1459;0.7959;129.34;0.7492;0
06/08/21 13:00;34.395;25.334;48.228;57.994;32.006;90;32.006;198.49;192.8;5.691;11.72;5.3399;0;6.7112;176.8;1.7222;0;2.4138;187.64;0;187.64;6.7112;1.7222;176.8;2.4138;0.0358;0.9551;0;0.0129;176.78;10.866;0;0;8.7241;2.1422;170.85;5.5785;0.0783;0.0201;5.4354;0.0447;176.42;0.3536;0.0134;0.0034;0.3361;0.0005;171.64;6.6194;1.6987;162.3;0.2264;121.89;101.9;32.49;3.3489;1.2725;18.305;0.7926;16.229;0;1;0;0;0.9454;0.9421;1;1;0.9507;0.1125;0.9684;0.9883;1;0.9676;0.8352;0.998;0.998;1;0.998;0.998;0.9105;0.918;0.0938;0.5635;0.5555;0.0033;0.0179;-0.0127;0.0038;0.0136;0.0036;0;0;0.088;0;0.4163;0;0;0;0;0;0;0;0;0;0;0;0;0.0109;0.0009;0.5141;0.5141;0;18.65;18.65;6.9306;0.0406;473.78;1085.1;1;0.0097;0.0097;0;0;0;0;0;0;0.5043;0.4163;0;17.38;20.125;14.075;16.299;98.104;98.104;4.5035;4.1086;3.3274;0.3948;0.7812;0.0877;0.1735;0.7389;118.19;0.6886;0
06/08/21 14:00;27.731;40.232;42.512;39.144;50.856;90;50.856;247.6;215.2;32.404;11.94;5.07;0;51.332;166.33;17.849;0;7.3039;242.82;0;242.82;51.332;17.849;166.33;7.3039;0.2114;0.7151;0;0.0301;219.47;23.351;0;0;16.506;6.845;213.45;5.5742;0.428;0.1488;4.9785;0.0189;219.03;0.4389;0.1027;0.0357;0.2997;0.0009;216.21;50.801;17.665;144.55;0.4391;146.27;122.28;41.629;15.52;2.1033;30.255;2.7615;16.838;0;1;0;0;0.9807;0.9038;1;1;0.9008;0.0628;0.9746;0.9916;1;0.9667;0.9587;0.998;0.998;1;0.998;0.998;0.8791;0.869;0.0601;0.7292;0.715;0.0043;0.0168;-0.0112;0.0049;0.0175;0.006;0;0;0.088;0;0.5615;0;0;0;0;0;0;0;0;0;0;0;0;0.0141;0.0014;0.6612;0.6612;0;20.597;20.597;8.6572;0.0406;609.65;1084.6;1;0.0117;0.0117;0;0;0;0;0;0;0.6495;0.5615;0;17.274;20.003;14.67;16.988;98.235;98.235;5.8276;5.2844;4.4878;0.5432;0.7965;0.0932;0.1367;0.7701;130.99;0.7044;0
06/08/21 15:00;18.837;52.549;38.459;23.254;49.987;90;49.987;120.29;117;3.2929;11.55;3.63;0;7.9862;95.377;2.176;0;3.436;108.98;0;108.98;7.9862;2.176;95.377;3.436;0.0733;0.9067;0;0.0315;96.527;12.448;0;0;9.2309;3.2176;93.413;2.921;0.0477;0.013;2.8511;0.0093;96.334;0.1931;0.016;0.0044;0.1723;0.0004;94.768;7.9225;2.1586;83.123;0.2087;74.475;62.261;21.412;8.3809;1.0879;15.649;1.3555;8.3559;0;1;0;0;0.9059;0.8858;1;1;0.9032;0.0636;0.9697;0.994;1;0.9668;0.9573;0.998;0.998;1;0.998;0.998;0.8572;0.8715;0.0607;0.3273;0.3184;0.0019;0.0173;-0.0112;0.0022;0.0077;0.003;0;0;0.088;0;0.1956;0;0;0;0;0;0;0;0;0;0;0;0;0.0062;0.0004;0.2909;0.2909;0;15.351;15.351;3.8006;0.0407;270.19;1076.5;1;0.0073;0.0073;0;0;0;0;0;0;0.2836;0.1956;0;16.931;19.606;11.384;13.182;97.489;97.489;2.6154;2.3245;1.5629;0.2909;0.7617;0.1112;0.2912;0.5976;74.454;0.5396;0
06/08/21 16:00;8.4671;62.811;69.078;9.5008;14.097;90;14.097;31.392;30.998;0.3942;11.4;2.81;0;0.956;30.47;0.1513;0;0.0756;31.653;0;31.653;0.956;0.1513;30.47;0.0756;0.0302;0.965;0;0.0024;31.196;0.457;0;0;0.3938;0.0632;29.874;1.2593;0.0933;0.0148;1.1484;0.0028;31.133;0.0624;0.0019;0.0003;0.0602;0;29.89;0.8607;0.1362;28.867;0.0096;18.486;15.455;4.6562;0.0316;0.1797;2.5848;0.0163;2.7329;0;1;0;0;1.0083;0.9856;1;1;0.9871;0.1646;0.9595;0.9022;1;0.9617;0.7749;0.998;0.998;1;0.998;0.998;0.9438;0.9474;0.1273;0.0951;0.0955;0.0006;0.011;-0.0043;0.0006;0.0022;0.0005;0;0;0.088;0;-0.0091;0;0;0;0;0;0;0;0;0;0;0;0;0.0018;0.0001;0.0831;0.0831;0;12.629;12.629;1.2294;0.0412;79.875;1040.7;1;0.0042;0.0042;0;0;0;0;0;0;0.0789;-0.0091;0;16.66;19.292;-1.8193;-2.1067;94.942;94.942;0.7597;0.6644;-0.0725;0.0953;0.7369;0.1255;0.97;0;18.484;0;0
06/08/21 17:00;1.5777;68.417;86.171;1.6966;2.4211;90;2.4211;0;0;0;10.9;2.66;0;0;0;0;0;0;0;0;0;0;0;0;0;1;1;1;1;0;0;0;0;0;0;0;0;0;0;0;0;0;0;0;0;0;0;0;0;0;0;0;0;0;0;0;0;0;0;0;0;0;0;0;1;1;1;1;1;1;1;1;1;1;1;1;1;1;1;1;1;1;1;0;0;0;0;0;0;0;0;0;0.0004;0.088;0;-0.0884;0;0;0;0;0;0;0;0;0;0;0;0;0;0;0;0;0;0;0;-10.9;0;0;0;0;0.0004;0;0;0;0;0;0;0;-0.0004;-0.0884;0;0;0;0;0;0;0;0;0;-0.7063;0;0.7063;1;1;0;0;0;0
06/08/21 18:00;0;0;90;0;0;90;0;0;0;0;10.42;2.3701;0;0;0;0;0;0;0;0;0;0;0;0;0;1;1;1;1;0;0;0;0;0;0;0;0;0;0;0;0;0;0;0;0;0;0;0;0;0;0;0;0;0;0;0;0;0;0;0;0;0;0;0;1;1;1;1;1;1;1;1;1;1;1;1;1;1;1;1;1;1;1;0;0;0;0;0;0;0;0;0;0.0004;0.088;0;-0.0884;0;0;0;0;0;0;0;0;0;0;0;0;0;0;0;0;0;0;0;-10.42;0;0;0;0;0.0004;0;0;0;0;0;0;0;-0.0004;-0.0884;0;0;0;0;0;0;0;0;0;-0.7063;0;0.7063;1;1;0;0;0;0
06/08/21 19:00;0;0;90;0;0;90;0;0;0;0;10.2;2.18;0;0;0;0;0;0;0;0;0;0;0;0;0;1;1;1;1;0;0;0;0;0;0;0;0;0;0;0;0;0;0;0;0;0;0;0;0;0;0;0;0;0;0;0;0;0;0;0;0;0;0;0;1;1;1;1;1;1;1;1;1;1;1;1;1;1;1;1;1;1;1;0;0;0;0;0;0;0;0;0;0.0004;0.088;0;-0.0884;0;0;0;0;0;0;0;0;0;0;0;0;0;0;0;0;0;0;0;-10.2;0;0;0;0;0.0004;0;0;0;0;0;0;0;-0.0004;-0.0884;0;0;0;0;0;0;0;0;0;-0.7063;0;0.7063;1;1;0;0;0;0
06/08/21 20:00;0;0;90;0;0;90;0;0;0;0;10;2.1;0;0;0;0;0;0;0;0;0;0;0;0;0;1;1;1;1;0;0;0;0;0;0;0;0;0;0;0;0;0;0;0;0;0;0;0;0;0;0;0;0;0;0;0;0;0;0;0;0;0;0;0;1;1;1;1;1;1;1;1;1;1;1;1;1;1;1;1;1;1;1;0;0;0;0;0;0;0;0;0;0.0004;0.088;0;-0.0884;0;0;0;0;0;0;0;0;0;0;0;0;0;0;0;0;0;0;0;-10;0;0;0;0;0.0004;0;0;0;0;0;0;0;-0.0004;-0.0884;0;0;0;0;0;0;0;0;0;-0.7063;0;0.7063;1;1;0;0;0;0
06/08/21 21:00;0;0;90;0;0;90;0;0;0;0;9.7002;2.0701;0;0;0;0;0;0;0;0;0;0;0;0;0;1;1;1;1;0;0;0;0;0;0;0;0;0;0;0;0;0;0;0;0;0;0;0;0;0;0;0;0;0;0;0;0;0;0;0;0;0;0;0;1;1;1;1;1;1;1;1;1;1;1;1;1;1;1;1;1;1;1;0;0;0;0;0;0;0;0;0;0.0004;0.088;0;-0.0884;0;0;0;0;0;0;0;0;0;0;0;0;0;0;0;0;0;0;0;-9.7002;0;0;0;0;0.0004;0;0;0;0;0;0;0;-0.0004;-0.0884;0;0;0;0;0;0;0;0;0;-0.7063;0;0.7063;1;1;0;0;0;0
06/08/21 22:00;0;0;90;0;0;90;0;0;0;0;9.7301;2.0601;0;0;0;0;0;0;0;0;0;0;0;0;0;1;1;1;1;0;0;0;0;0;0;0;0;0;0;0;0;0;0;0;0;0;0;0;0;0;0;0;0;0;0;0;0;0;0;0;0;0;0;0;1;1;1;1;1;1;1;1;1;1;1;1;1;1;1;1;1;1;1;0;0;0;0;0;0;0;0;0;0.0004;0.088;0;-0.0884;0;0;0;0;0;0;0;0;0;0;0;0;0;0;0;0;0;0;0;-9.7301;0;0;0;0;0.0004;0;0;0;0;0;0;0;-0.0004;-0.0884;0;0;0;0;0;0;0;0;0;-0.7063;0;0.7063;1;1;0;0;0;0
06/08/21 23:00;0;0;90;0;0;90;0;0;0;0;9.7999;2.05;0;0;0;0;0;0;0;0;0;0;0;0;0;1;1;1;1;0;0;0;0;0;0;0;0;0;0;0;0;0;0;0;0;0;0;0;0;0;0;0;0;0;0;0;0;0;0;0;0;0;0;0;1;1;1;1;1;1;1;1;1;1;1;1;1;1;1;1;1;1;1;0;0;0;0;0;0;0;0;0;0.0004;0.088;0;-0.0884;0;0;0;0;0;0;0;0;0;0;0;0;0;0;0;0;0;0;0;-9.7999;0;0;0;0;0.0004;0;0;0;0;0;0;0;-0.0004;-0.0884;0;0;0;0;0;0;0;0;0;-0.7063;0;0.7063;1;1;0;0;0;0
07/08/21 00:00;0;0;90;0;0;90;0;0;0;0;9.6703;2.0899;0;0;0;0;0;0;0;0;0;0;0;0;0;1;1;1;1;0;0;0;0;0;0;0;0;0;0;0;0;0;0;0;0;0;0;0;0;0;0;0;0;0;0;0;0;0;0;0;0;0;0;0;1;1;1;1;1;1;1;1;1;1;1;1;1;1;1;1;1;1;1;0;0;0;0;0;0;0;0;0;0.0004;0.088;0;-0.0884;0;0;0;0;0;0;0;0;0;0;0;0;0;0;0;0;0;0;0;-9.6703;0;0;0;0;0.0004;0;0;0;0;0;0;0;-0.0004;-0.0884;0;0;0;0;0;0;0;0;0;-0.7063;0;0.7063;1;1;0;0;0;0
07/08/21 01:00;0;0;90;0;0;90;0;0;0;0;9.2003;2.1501;0;0;0;0;0;0;0;0;0;0;0;0;0;1;1;1;1;0;0;0;0;0;0;0;0;0;0;0;0;0;0;0;0;0;0;0;0;0;0;0;0;0;0;0;0;0;0;0;0;0;0;0;1;1;1;1;1;1;1;1;1;1;1;1;1;1;1;1;1;1;1;0;0;0;0;0;0;0;0;0;0.0004;0.088;0;-0.0884;0;0;0;0;0;0;0;0;0;0;0;0;0;0;0;0;0;0;0;-9.2003;0;0;0;0;0.0004;0;0;0;0;0;0;0;-0.0004;-0.0884;0;0;0;0;0;0;0;0;0;-0.7063;0;0.7063;1;1;0;0;0;0
07/08/21 02:00;0;0;90;0;0;90;0;0;0;0;8.8998;2.2201;0;0;0;0;0;0;0;0;0;0;0;0;0;1;1;1;1;0;0;0;0;0;0;0;0;0;0;0;0;0;0;0;0;0;0;0;0;0;0;0;0;0;0;0;0;0;0;0;0;0;0;0;1;1;1;1;1;1;1;1;1;1;1;1;1;1;1;1;1;1;1;0;0;0;0;0;0;0;0;0;0.0004;0.088;0;-0.0884;0;0;0;0;0;0;0;0;0;0;0;0;0;0;0;0;0;0;0;-8.8998;0;0;0;0;0.0004;0;0;0;0;0;0;0;-0.0004;-0.0884;0;0;0;0;0;0;0;0;0;-0.7063;0;0.7063;1;1;0;0;0;0
07/08/21 03:00;0;0;90;0;0;90;0;0;0;0;9.0201;2.2399;0;0;0;0;0;0;0;0;0;0;0;0;0;1;1;1;1;0;0;0;0;0;0;0;0;0;0;0;0;0;0;0;0;0;0;0;0;0;0;0;0;0;0;0;0;0;0;0;0;0;0;0;1;1;1;1;1;1;1;1;1;1;1;1;1;1;1;1;1;1;1;0;0;0;0;0;0;0;0;0;0.0004;0.088;0;-0.0884;0;0;0;0;0;0;0;0;0;0;0;0;0;0;0;0;0;0;0;-9.0201;0;0;0;0;0.0004;0;0;0;0;0;0;0;-0.0004;-0.0884;0;0;0;0;0;0;0;0;0;-0.7063;0;0.7063;1;1;0;0;0;0
07/08/21 04:00;0;0;90;0;0;90;0;0;0;0;9.3997;2.2301;0;0;0;0;0;0;0;0;0;0;0;0;0;1;1;1;1;0;0;0;0;0;0;0;0;0;0;0;0;0;0;0;0;0;0;0;0;0;0;0;0;0;0;0;0;0;0;0;0;0;0;0;1;1;1;1;1;1;1;1;1;1;1;1;1;1;1;1;1;1;1;0;0;0;0;0;0;0;0;0;0.0004;0.088;0;-0.0884;0;0;0;0;0;0;0;0;0;0;0;0;0;0;0;0;0;0;0;-9.3997;0;0;0;0;0.0004;0;0;0;0;0;0;0;-0.0004;-0.0884;0;0;0;0;0;0;0;0;0;-0.7063;0;0.7063;1;1;0;0;0;0
07/08/21 05:00;0;0;90;0;0;90;0;0;0;0;9.2003;2.18;0;0;0;0;0;0;0;0;0;0;0;0;0;1;1;1;1;0;0;0;0;0;0;0;0;0;0;0;0;0;0;0;0;0;0;0;0;0;0;0;0;0;0;0;0;0;0;0;0;0;0;0;1;1;1;1;1;1;1;1;1;1;1;1;1;1;1;1;1;1;1;0;0;0;0;0;0;0;0;0;0.0004;0.088;0;-0.0884;0;0;0;0;0;0;0;0;0;0;0;0;0;0;0;0;0;0;0;-9.2003;0;0;0;0;0.0004;0;0;0;0;0;0;0;-0.0004;-0.0884;0;0;0;0;0;0;0;0;0;-0.7063;0;0.7063;1;1;0;0;0;0
07/08/21 06:00;0.9854;-69.22;87.609;1.054;1.5029;-90;-1.5029;0;0;0;8.8001;2.7199;0;0;0;0;0;0;0;0;0;0;0;0;0;1;1;1;1;0;0;0;0;0;0;0;0;0;0;0;0;0;0;0;0;0;0;0;0;0;0;0;0;0;0;0;0;0;0;0;0;0;0;0;1;1;1;1;1;1;1;1;1;1;1;1;1;1;1;1;1;1;1;0;0;0;0;0;0;0;0;0;0.0004;0.088;0;-0.0884;0;0;0;0;0;0;0;0;0;0;0;0;0;0;0;0;0;0;0;-8.8001;0;0;0;0;0.0004;0;0;0;0;0;0;0;-0.0004;-0.0884;0;0;0;0;0;0;0;0;0;-0.7063;0;0.7063;1;1;0;0;0;0
07/08/21 07:00;7.3681;-64.122;71.879;8.1788;12.005;-90;-12.005;29.79;29.202;0.5881;9.0002;3.08;0;1.4262;28.783;0.2441;0;0.0521;30.506;0;30.506;1.4262;0.2441;28.783;0.0521;0.0468;0.9452;0;0.0017;30.179;0.3265;0;0;0.2831;0.0434;28.77;1.3489;0.188;0.0322;1.1268;0.0019;30.119;0.0604;0.0029;0.0005;0.057;0;28.78;1.2354;0.2114;27.316;0.0067;17.35;14.505;4.3561;0.0166;0.1687;2.4267;0.0102;2.5788;0;1;0;0;1.024;0.9893;1;1;0.9902;0.1665;0.9552;0.8679;1;0.9604;0.7752;0.998;0.998;1;0.998;0.998;0.9431;0.949;0.1288;0.0916;0.0918;0.0006;0.0108;-0.005;0.0006;0.0021;0.0005;0;0;0.088;0;-0.0117;0;0;0;0;0;0;0;0;0;0;0;0;0.0017;0.0001;0.0805;0.0805;0;10.182;10.182;1.1822;0.0411;76.685;1049.8;1;0.0042;0.0042;0;0;0;0;0;0;0.0763;-0.0117;0;16.741;19.385;-2.4292;-2.813;94.801;94.801;0.7321;0.6434;-0.0934;0.0888;0.7367;0.1212;1.0063;0;17.347;0;0
07/08/21 08:00;17.894;-54.041;41.825;21.747;42.224;-90;-42.224;96.696;93.5;3.1965;9.5998;3.88;0;7.7524;80.733;1.7732;0;2.0073;92.266;0;92.266;7.7524;1.7732;80.733;2.0073;0.084;0.8968;0;0.0218;84.314;7.9519;0;0;6.1001;1.8517;81.642;2.5028;0.0615;0.0141;2.4154;0.0118;84.145;0.1686;0.0155;0.0035;0.1493;0.0003;82.369;7.6754;1.7556;72.068;0.1434;58.631;49.016;16.316;3.9603;0.7202;10.36;0.726;7.1199;0;1;0;0;0.9542;0.9138;1;1;0.9244;0.0775;0.9703;0.992;1;0.9676;0.9241;0.998;0.998;1;0.998;0.998;0.8849;0.8927;0.0715;0.2771;0.2699;0.0016;0.0166;-0.0119;0.0018;0.0065;0.002;0;0;0.088;0;0.1526;0;0;0;0;0;0;0;0;0;0;0;0;0.0053;0.0003;0.2476;0.2476;0;12.919;12.919;3.3195;0.0407;228.89;1081.6;1;0.007;0.007;0;0;0;0;0;0;0.2406;0.1526;0;17.022;19.711;10.489;12.146;97.165;97.165;2.2144;1.9786;1.2192;0.2358;0.7594;0.1065;0.3429;0.5506;58.612;0.5079;0
07/08/21 09:00;27.023;-41.973;41.475;37.33;52.67;-90;-52.67;218.01;188.3;29.71;10;4.99;0;48.994;143.81;15.262;0;6.8646;214.93;0;214.93;48.994;15.262;143.81;6.8646;0.228;0.701;0;0.0319;193.51;21.412;0;0;14.985;6.4264;188.29;4.8344;0.3788;0.118;4.3202;0.0173;193.13;0.387;0.098;0.0305;0.2576;0.0009;190.9;48.517;15.113;124.24;0.42;128;107.01;36.737;15.165;1.9235;27.669;2.609;14.427;0;1;0;0;0.9859;0.9004;1;1;0.8958;0.0638;0.975;0.9923;1;0.9664;0.9603;0.998;0.998;1;0.998;0.998;0.8761;0.864;0.0612;0.6454;0.6333;0.0038;0.0175;-0.0167;0.0044;0.0156;0.0055;0;0;0.088;0;0.4908;0;0;0;0;0;0;0;0;0;0;0;0;0.0126;0.0011;0.5895;0.5895;0;17.625;17.625;7.6255;0.0405;539.6;1092.5;1;0.0107;0.0107;0;0;0;0;0;0;0.5788;0.4908;0;17.399;20.148;14.485;16.774;98.18;98.18;5.1582;4.7112;3.9222;0.447;0.789;0.0867;0.153;0.7604;115.4;0.6935;0
07/08/21 10:00;34.02;-27.34;47.414;55.769;34.231;-90;-34.231;294.8;243.8;50.996;10.98;5.2599;0;61.68;207.43;20.203;0;4.0852;293.4;0;293.4;61.68;20.203;207.43;4.0852;0.2102;0.7209;0;0.0139;278.38;15.016;0;0;11.361;3.6547;270.52;7.2998;0.6907;0.2262;6.3201;0.0628;277.82;0.5568;0.1234;0.0404;0.3921;0.0009;271.85;60.866;19.936;189.35;0.3669;175.09;146.38;47.228;4.9518;1.8011;25.908;1.3307;22.757;0;1;0;0;0.9953;0.9488;1;1;0.9452;0.1054;0.9737;0.9888;1;0.9677;0.8539;0.998;0.998;1;0.998;0.998;0.922;0.9129;0.0898;0.8811;0.8734;0.0053;0.0151;-0.0095;0.006;0.0214;0.0051;0;0;0.088;0;0.7089;0;0;0;0;0;0;0;0;0;0;0;0;0.0172;0.002;0.8107;0.8107;0;21.944;21.944;10.965;0.0405;745.9;1086.9;1;0.0138;0.0138;0;0;0;0;0;0;0.7969;0.7089;0;17.529;20.299;15.328;17.749;98.294;98.294;7.0415;6.4795;5.6657;0.5621;0.8138;0.0798;0.1156;0.8046;140.99;0.7547;0
07/08/21 11:00;37.988;-10.203;50.867;77.22;12.78;-90;-12.78;317.69;270.5;47.19;11.61;5.3301;0;48.388;251.76;15.984;0;0.6296;316.76;0;316.76;48.388;15.984;251.76;0.6296;0.1528;0.7968;0;0.002;313.48;3.2757;0;0;2.7509;0.5248;302.23;10.624;0.6609;0.2183;9.7211;0.0235;312.86;0.627;0.0968;0.032;0.498;0.0002;302.36;47.631;15.734;238.79;0.0811;188.44;157.54;47.893;0.183;1.7947;25.817;0.1318;27.428;0;1;0;0;0.9971;0.9897;1;1;0.9891;0.1665;0.966;0.9863;1;0.9609;0.7753;0.998;0.998;1;0.998;0.998;0.9541;0.9485;0.1288;0.9512;0.9651;0.0058;0.0139;-0.0039;0.0066;0.0236;0.0051;0;0;0.088;0;0.7896;0;0;0;0;0;0;0;0;0;0;0;0;0.019;0.0024;0.8926;0.8926;0;23.87;23.87;12.26;0.0406;824.5;1082.6;1;0.015;0.015;0;0;0;0;0;0;0.8776;0.7896;0;17.876;20.7;15.814;18.312;98.32;98.32;7.6022;7.1339;6.3107;0.4683;0.8232;0.0616;0.1083;0.8301;152.08;0.7824;0
07/08/21 12:00;38.212;8.1183;51.064;79.831;10.169;90;10.169;196.69;192.2;4.4924;11.83;5.4199;0;4.5641;189.65;1.0659;0;0.2472;195.53;0;195.53;4.5641;1.0659;189.65;0.2472;0.0233;0.9712;0;0.0013;193.91;1.6228;0;0;1.4165;0.2064;185.77;7.7451;0.0634;0.0148;7.6576;0.0092;193.52;0.3878;0.0091;0.0021;0.3765;0.0001;185.82;4.4915;1.049;180.2;0.0316;116.96;97.78;29.346;0.0587;1.1351;16.328;0.0441;17.404;0;1;0;0;0.9941;0.9917;1;1;0.9925;0.1651;0.96;0.9861;1;0.9592;0.7747;0.998;0.998;1;0.998;0.998;0.9501;0.9502;0.1276;0.5872;0.5941;0.0036;0.0177;-0.012;0.0041;0.0145;0.0032;0;0;0.088;0;0.4521;0;0;0;0;0;0;0;0;0;0;0;0;0.0117;0.001;0.5502;0.5502;0;19.365;19.365;7.5353;0.0406;507.08;1085.1;1;0.0101;0.0101;0;0;0;0;0;0;0.5401;0.4521;0;17.852;20.672;14.668;16.985;98.159;98.159;4.6927;4.3975;3.6132;0.2952;0.7843;0.0629;0.1671;0.77;113.73;0.7247;0
07/08/21 13:00;34.647;25.484;47.956;58.094;31.907;90;31.907;92.203;91.198;1.0052;11.5;5.55;0;1.1841;84.197;0.1428;0;1.1145;86.638;0;86.638;1.1841;0.1428;84.197;1.1145;0.0137;0.9847;0;0.0129;81.515;5.1228;0;0;4.1342;0.9886;78.726;2.6258;0.0136;0.0016;2.5897;0.0208;81.352;0.163;0.0024;0.0003;0.1601;0.0003;79.09;1.1681;0.1408;77.313;0.1048;56.829;47.509;15.209;1.5778;0.5905;8.4935;0.3632;7.5062;0;1;0;0;0.9396;0.9409;1;1;0.9509;0.1129;0.9677;0.9885;1;0.9676;0.8345;0.998;0.998;1;0.998;0.998;0.9087;0.9182;0.0941;0.2602;0.2561;0.0015;0.0164;-0.0096;0.0017;0.0062;0.0016;0;0;0.088;0;0.1382;0;0;0;0;0;0;0;0;0;0;0;0;0.005;0.0003;0.2331;0.2331;0;14.707;14.707;3.2071;0.0407;217.29;1072.5;1;0.0068;0.0068;0;0;0;0;0;0;0.2262;0.1382;0;17.064;19.76;10.121;11.72;97.072;97.072;2.0793;1.8625;1.1047;0.2168;0.7578;0.1042;0.3645;0.5313;56.247;0.495;0
07/08/21 14:00;27.952;40.428;42.254;39.292;50.708;90;50.708;106.21;104.7;1.5078;11.27;5.38;0;2.381;85.296;0.3998;0;3.116;91.193;0;91.193;2.381;0.3998;85.296;3.116;0.0261;0.9695;0;0.0342;79.845;11.349;0;0;8.4286;2.9199;77.102;2.5833;0.0195;0.0033;2.5524;0.0081;79.685;0.1597;0.0048;0.0008;0.1537;0.0004;78.362;2.3568;0.3957;74.162;0.1876;67.69;56.589;19.59;7.8782;0.9974;14.347;1.2606;7.466;0;1;0;0;0.8586;0.8756;1;1;0.9012;0.0629;0.9676;0.9918;1;0.9667;0.9585;0.998;0.998;1;0.998;0.998;0.8455;0.8695;0.0602;0.2739;0.2663;0.0016;0.0166;-0.0103;0.0018;0.0064;0.0028;0;0;0.088;0;0.147;0;0;0;0;0;0;0;0;0;0;0;0;0.0052;0.0003;0.2419;0.2419;0;14.411;14.411;3.1408;0.0407;225.47;1073;1;0.0069;0.0069;0;0;0;0;0;0;0.235;0.147;0;16.828;19.487;10.227;11.843;97.151;97.151;2.1886;1.9334;1.175;0.2552;0.7584;0.1166;0.3465;0.5369;67.07;0.4803;0
07/08/21 15:00;19.027;52.767;37.753;23.419;51.143;90;51.143;121.6;118.2;3.4045;11.2;4.1401;0;8.257;95.422;2.2501;0;3.6249;109.55;0;109.55;8.257;2.2501;95.422;3.6249;0.0754;0.9041;0;0.0331;96.609;12.945;0;0;9.5466;3.398;93.491;2.9252;0.0459;0.0125;2.8575;0.0093;96.416;0.1932;0.0165;0.0045;0.1718;0.0005;94.935;8.1945;2.2331;82.846;0.2172;75.385;63.022;21.785;9.0795;1.1328;16.294;1.4436;8.3475;0;1;0;0;0.9009;0.8818;1;1;0.9;0.0626;0.9697;0.9944;1;0.9667;0.959;0.998;0.998;1;0.998;0.998;0.8534;0.8682;0.0599;0.329;0.3203;0.0019;0.0173;-0.0116;0.0022;0.0078;0.0032;0;0;0.088;0;0.1976;0;0;0;0;0;0;0;0;0;0;0;0;0.0063;0.0004;0.2929;0.2929;0;15.003;15.003;3.8026;0.0407;271.71;1078;1;0.0073;0.0073;0;0;0;0;0;0;0.2856;0.1976;0;16.96;19.64;11.44;13.247;97.494;97.494;2.6293;2.3409;1.5789;0.2884;0.762;0.1097;0.2898;0.6005;75.364;0.5403;0
07/08/21 16:00;8.6315;63.041;68.655;9.665;14.362;90;14.362;55.498;54.4;1.0982;10.7;3.1999;0;2.6634;53.255;0.7256;0;0.1388;56.783;0;56.783;2.6634;0.7256;53.255;0.1388;0.0469;0.9403;0;0.0024;55.957;0.8262;0;0;0.7102;0.1159;53.527;2.3182;0.2481;0.0676;1.9973;0.0051;55.845;0.1119;0.0053;0.0015;0.1051;0;53.557;2.41;0.6566;50.442;0.0177;32.343;27.038;8.1504;0.059;0.3144;4.5218;0.03;4.7772;0;1;0;0;1.0232;0.9855;1;1;0.9867;0.1645;0.9585;0.9067;1;0.9619;0.7749;0.998;0.998;1;0.998;0.998;0.9427;0.9472;0.1272;0.1705;0.1708;0.001;0.0142;-0.0076;0.0011;0.0041;0.0009;0;0;0.088;0;0.0595;0;0;0;0;0;0;0;0;0;0;0;0;0.0033;0.0002;0.1537;0.1537;0;12.887;12.887;2.1867;0.0409;144.36;1064.6;1;0.0062;0.0062;0;0;0;0;0;0;0.1475;0.0595;0;17.169;19.882;6.648;7.6982;95.979;95.979;1.3628;1.2283;0.4756;0.1345;0.7527;0.0987;0.5523;0.349;32.336;0.3293;0
07/08/21 17:00;1.5389;68.799;86.265;1.6506;2.3553;90;2.3553;0;0;0;9.9402;3.07;0;0;0;0;0;0;0;0;0;0;0;0;0;1;1;1;1;0;0;0;0;0;0;0;0;0;0;0;0;0;0;0;0;0;0;0;0;0;0;0;0;0;0;0;0;0;0;0;0;0;0;0;1;1;1;1;1;1;1;1;1;1;1;1;1;1;1;1;1;1;1;0;0;0;0;0;0;0;0;0;0.0004;0.088;0;-0.0884;0;0;0;0;0;0;0;0;0;0;0;0;0;0;0;0;0;0;0;-9.9402;0;0;0;0;0.0004;0;0;0;0;0;0;0;-0.0004;-0.0884;0;0;0;0;0;0;0;0;0;-0.7063;0;0.7063;1;1;0;0;0;0
07/08/21 18:00;0;0;90;0;0;90;0;0;0;0;9.2003;2.7701;0;0;0;0;0;0;0;0;0;0;0;0;0;1;1;1;1;0;0;0;0;0;0;0;0;0;0;0;0;0;0;0;0;0;0;0;0;0;0;0;0;0;0;0;0;0;0;0;0;0;0;0;1;1;1;1;1;1;1;1;1;1;1;1;1;1;1;1;1;1;1;0;0;0;0;0;0;0;0;0;0.0004;0.088;0;-0.0884;0;0;0;0;0;0;0;0;0;0;0;0;0;0;0;0;0;0;0;-9.2003;0;0;0;0;0.0004;0;0;0;0;0;0;0;-0.0004;-0.0884;0;0;0;0;0;0;0;0;0;-0.7063;0;0.7063;1;1;0;0;0;0
07/08/21 19:00;0;0;90;0;0;90;0;0;0;0;8.9802;2.6201;0;0;0;0;0;0;0;0;0;0;0;0;0;1;1;1;1;0;0;0;0;0;0;0;0;0;0;0;0;0;0;0;0;0;0;0;0;0;0;0;0;0;0;0;0;0;0;0;0;0;0;0;1;1;1;1;1;1;1;1;1;1;1;1;1;1;1;1;1;1;1;0;0;0;0;0;0;0;0;0;0.0004;0.088;0;-0.0884;0;0;0;0;0;0;0;0;0;0;0;0;0;0;0;0;0;0;0;-8.9802;0;0;0;0;0.0004;0;0;0;0;0;0;0;-0.0004;-0.0884;0;0;0;0;0;0;0;0;0;-0.7063;0;0.7063;1;1;0;0;0;0
07/08/21 20:00;0;0;90;0;0;90;0;0;0;0;8.8998;2.57;0;0;0;0;0;0;0;0;0;0;0;0;0;1;1;1;1;0;0;0;0;0;0;0;0;0;0;0;0;0;0;0;0;0;0;0;0;0;0;0;0;0;0;0;0;0;0;0;0;0;0;0;1;1;1;1;1;1;1;1;1;1;1;1;1;1;1;1;1;1;1;0;0;0;0;0;0;0;0;0;0.0004;0.088;0;-0.0884;0;0;0;0;0;0;0;0;0;0;0;0;0;0;0;0;0;0;0;-8.8998;0;0;0;0;0.0004;0;0;0;0;0;0;0;-0.0004;-0.0884;0;0;0;0;0;0;0;0;0;-0.7063;0;0.7063;1;1;0;0;0;0
07/08/21 21:00;0;0;90;0;0;90;0;0;0;0;6.5798;2.43;0;0;0;0;0;0;0;0;0;0;0;0;0;1;1;1;1;0;0;0;0;0;0;0;0;0;0;0;0;0;0;0;0;0;0;0;0;0;0;0;0;0;0;0;0;0;0;0;0;0;0;0;1;1;1;1;1;1;1;1;1;1;1;1;1;1;1;1;1;1;1;0;0;0;0;0;0;0;0;0;0.0004;0.088;0;-0.0884;0;0;0;0;0;0;0;0;0;0;0;0;0;0;0;0;0;0;0;-6.5798;0;0;0;0;0.0004;0;0;0;0;0;0;0;-0.0004;-0.0884;0;0;0;0;0;0;0;0;0;-0.7063;0;0.7063;1;1;0;0;0;0
07/08/21 22:00;0;0;90;0;0;90;0;0;0;0;4.6001;2.2399;0;0;0;0;0;0;0;0;0;0;0;0;0;1;1;1;1;0;0;0;0;0;0;0;0;0;0;0;0;0;0;0;0;0;0;0;0;0;0;0;0;0;0;0;0;0;0;0;0;0;0;0;1;1;1;1;1;1;1;1;1;1;1;1;1;1;1;1;1;1;1;0;0;0;0;0;0;0;0;0;0.0004;0.088;0;-0.0884;0;0;0;0;0;0;0;0;0;0;0;0;0;0;0;0;0;0;0;-4.6001;0;0;0;0;0.0004;0;0;0;0;0;0;0;-0.0004;-0.0884;0;0;0;0;0;0;0;0;0;-0.7063;0;0.7063;1;1;0;0;0;0
07/08/21 23:00;0;0;90;0;0;90;0;0;0;0;3.5598;2.04;0;0;0;0;0;0;0;0;0;0;0;0;0;1;1;1;1;0;0;0;0;0;0;0;0;0;0;0;0;0;0;0;0;0;0;0;0;0;0;0;0;0;0;0;0;0;0;0;0;0;0;0;1;1;1;1;1;1;1;1;1;1;1;1;1;1;1;1;1;1;1;0;0;0;0;0;0;0;0;0;0.0004;0.088;0;-0.0884;0;0;0;0;0;0;0;0;0;0;0;0;0;0;0;0;0;0;0;-3.5598;0;0;0;0;0.0004;0;0;0;0;0;0;0;-0.0004;-0.0884;0;0;0;0;0;0;0;0;0;-0.7063;0;0.7063;1;1;0;0;0;0
08/08/21 00:00;0;0;90;0;0;90;0;0;0;0;2.4702;1.89;0;0;0;0;0;0;0;0;0;0;0;0;0;1;1;1;1;0;0;0;0;0;0;0;0;0;0;0;0;0;0;0;0;0;0;0;0;0;0;0;0;0;0;0;0;0;0;0;0;0;0;0;1;1;1;1;1;1;1;1;1;1;1;1;1;1;1;1;1;1;1;0;0;0;0;0;0;0;0;0;0.0004;0.088;0;-0.0884;0;0;0;0;0;0;0;0;0;0;0;0;0;0;0;0;0;0;0;-2.4702;0;0;0;0;0.0004;0;0;0;0;0;0;0;-0.0004;-0.0884;0;0;0;0;0;0;0;0;0;-0.7063;0;0.7063;1;1;0;0;0;0
08/08/21 01:00;0;0;90;0;0;90;0;0;0;0;2.31;1.87;0;0;0;0;0;0;0;0;0;0;0;0;0;1;1;1;1;0;0;0;0;0;0;0;0;0;0;0;0;0;0;0;0;0;0;0;0;0;0;0;0;0;0;0;0;0;0;0;0;0;0;0;1;1;1;1;1;1;1;1;1;1;1;1;1;1;1;1;1;1;1;0;0;0;0;0;0;0;0;0;0.0004;0.088;0;-0.0884;0;0;0;0;0;0;0;0;0;0;0;0;0;0;0;0;0;0;0;-2.31;0;0;0;0;0.0004;0;0;0;0;0;0;0;-0.0004;-0.0884;0;0;0;0;0;0;0;0;0;-0.7063;0;0.7063;1;1;0;0;0;0
08/08/21 02:00;0;0;90;0;0;90;0;0;0;0;2.0102;1.9001;0;0;0;0;0;0;0;0;0;0;0;0;0;1;1;1;1;0;0;0;0;0;0;0;0;0;0;0;0;0;0;0;0;0;0;0;0;0;0;0;0;0;0;0;0;0;0;0;0;0;0;0;1;1;1;1;1;1;1;1;1;1;1;1;1;1;1;1;1;1;1;0;0;0;0;0;0;0;0;0;0.0004;0.088;0;-0.0884;0;0;0;0;0;0;0;0;0;0;0;0;0;0;0;0;0;0;0;-2.0102;0;0;0;0;0.0004;0;0;0;0;0;0;0;-0.0004;-0.0884;0;0;0;0;0;0;0;0;0;-0.7063;0;0.7063;1;1;0;0;0;0
08/08/21 03:00;0;0;90;0;0;90;0;0;0;0;1.4398;2.8799;0;0;0;0;0;0;0;0;0;0;0;0;0;1;1;1;1;0;0;0;0;0;0;0;0;0;0;0;0;0;0;0;0;0;0;0;0;0;0;0;0;0;0;0;0;0;0;0;0;0;0;0;1;1;1;1;1;1;1;1;1;1;1;1;1;1;1;1;1;1;1;0;0;0;0;0;0;0;0;0;0.0004;0.088;0;-0.0884;0;0;0;0;0;0;0;0;0;0;0;0;0;0;0;0;0;0;0;-1.4398;0;0;0;0;0.0004;0;0;0;0;0;0;0;-0.0004;-0.0884;0;0;0;0;0;0;0;0;0;-0.7063;0;0.7063;1;1;0;0;0;0
08/08/21 04:00;0;0;90;0;0;90;0;0;0;0;1.82;3.39;0;0;0;0;0;0;0;0;0;0;0;0;0;1;1;1;1;0;0;0;0;0;0;0;0;0;0;0;0;0;0;0;0;0;0;0;0;0;0;0;0;0;0;0;0;0;0;0;0;0;0;0;1;1;1;1;1;1;1;1;1;1;1;1;1;1;1;1;1;1;1;0;0;0;0;0;0;0;0;0;0.0004;0.088;0;-0.0884;0;0;0;0;0;0;0;0;0;0;0;0;0;0;0;0;0;0;0;-1.82;0;0;0;0;0.0004;0;0;0;0;0;0;0;-0.0004;-0.0884;0;0;0;0;0;0;0;0;0;-0.7063;0;0.7063;1;1;0;0;0;0
08/08/21 05:00;0;0;90;0;0;90;0;0;0;0;1.9703;3.45;0;0;0;0;0;0;0;0;0;0;0;0;0;1;1;1;1;0;0;0;0;0;0;0;0;0;0;0;0;0;0;0;0;0;0;0;0;0;0;0;0;0;0;0;0;0;0;0;0;0;0;0;1;1;1;1;1;1;1;1;1;1;1;1;1;1;1;1;1;1;1;0;0;0;0;0;0;0;0;0;0.0004;0.088;0;-0.0884;0;0;0;0;0;0;0;0;0;0;0;0;0;0;0;0;0;0;0;-1.9703;0;0;0;0;0.0004;0;0;0;0;0;0;0;-0.0004;-0.0884;0;0;0;0;0;0;0;0;0;-0.7063;0;0.7063;1;1;0;0;0;0
08/08/21 06:00;0.986;-69.576;87.608;1.0522;1.5003;-90;-1.5003;0;0;0;1.7403;3.62;0;0;0;0;0;0;0;0;0;0;0;0;0;1;1;1;1;0;0;0;0;0;0;0;0;0;0;0;0;0;0;0;0;0;0;0;0;0;0;0;0;0;0;0;0;0;0;0;0;0;0;0;1;1;1;1;1;1;1;1;1;1;1;1;1;1;1;1;1;1;1;0;0;0;0;0;0;0;0;0;0.0004;0.088;0;-0.0884;0;0;0;0;0;0;0;0;0;0;0;0;0;0;0;0;0;0;0;-1.7403;0;0;0;0;0.0004;0;0;0;0;0;0;0;-0.0004;-0.0884;0;0;0;0;0;0;0;0;0;-0.7063;0;0.7063;1;1;0;0;0;0
08/08/21 07:00;7.5701;-64.325;71.367;8.3882;12.332;-90;-12.332;75.599;33.599;42;1.6;3.7599;0;101.86;25.256;19.52;0;0.1395;146.78;0;146.78;101.86;19.52;25.256;0.1395;0.694;0.173;0;0.001;146.4;0.3762;0;0;0.2599;0.1163;129.97;16.136;12.711;2.4359;0.983;0.0052;146.11;0.2928;0.2037;0.039;0.05;0;129.98;88.947;17.045;23.963;0.018;15.48;12.942;3.9245;0.0161;0.1482;2.1311;0.0096;2.2631;0;1;0;0;1.9415;0.9974;1;1;0.9897;0.1665;0.8896;0.875;1;0.9606;0.7752;0.998;0.998;1;0.998;0.998;0.8855;0.9488;0.1288;0.4408;0.396;0.0024;0.0179;-0.0259;0.0028;0.01;0.0004;0;0;0.088;0;0.283;0;0;0;0;0;0;0;0;0;0;0;0;0.008;0.0005;0.3798;0.3798;0;6.8328;6.8328;5.2328;0.0403;337.35;1125.7;1;0.0087;0.0087;0;0;0;0;0;0;0.371;0.283;0;16.414;19.007;12.233;14.165;97.701;97.701;3.5226;3.0351;2.2621;0.4875;0.7731;0.1384;0.2195;0.6421;15.235;0.6352;0
08/08/21 08:00;18.117;-54.227;41.047;21.962;43.138;-90;-43.138;246.1;73.198;172.9;4.2797;4.04;0;419.33;36.858;74.165;0;5.3215;535.67;0;535.67;419.33;74.165;36.858;5.3215;0.7828;0.0787;0;0.0099;527.88;7.7926;0;0;2.8736;4.9191;522;4.8219;3.1374;0.5549;1.1014;0.0282;526.83;1.0558;0.8387;0.1483;0.068;0.0008;522.4;415.35;73.462;32.815;0.3734;27.972;23.385;7.6503;1.9473;0.356;5.1216;0.3918;3.5303;0;1;0;0;2.1767;0.9855;1;1;0.922;0.0756;0.9908;0.9925;1;0.9675;0.9297;0.998;0.998;1;0.998;0.998;0.9745;0.8903;0.0702;1.6086;1.5842;0.0095;0.0052;0.0023;0.011;0.0389;0.001;0;0;0.088;0;1.3667;0;0;0;0;0;0;0;0;0;0;0;0;0.0313;0.0059;1.4791;1.4791;0;25.418;25.418;21.138;0.0405;1360.2;1087.4;1;0.0244;0.0244;0;0;0;0;0;0;1.4547;1.3667;0;17.516;20.283;16.185;18.742;98.35;98.35;12.856;11.821;10.923;1.0353;0.8984;0.0805;0.0699;0.8496;26.975;0.8436;0
08/08/21 09:00;27.27;-42.131;41.237;37.54;52.46;-90;-52.46;454.71;74.801;379.91;8.8001;4.5301;0;623.5;22.692;76.481;0;14.212;736.89;0;736.89;623.5;76.481;22.692;14.212;0.8461;0.0501;0;0.0193;721.23;15.654;0;0;2.351;13.303;713.76;6.0324;4.7343;0.5807;0.6814;0.0359;719.79;1.4425;1.247;0.153;0.0407;0.0018;716.96;617.52;75.748;19.619;0.8711;157.47;131.65;39.603;2.3631;1.6707;24.032;3.2071;23.34;0;1;0;0;1.6206;0.9788;1;1;0.8964;0.0639;0.9916;0.9924;1;0.9664;0.9604;0.998;0.998;1;0.998;0.998;0.9686;0.8646;0.0613;2.2129;2.2101;0.0133;-0.0011;0.1;0.0147;0.0521;0.0046;0;0;0.088;0;1.8527;0;0;0;0;0;0;0;0;0;0;0;0;0.0419;0.0109;1.9738;1.9738;0;37.978;37.978;29.178;0.0409;1898.6;1039.6;1;0.0331;0.0331;0;0;0;0;0;0;1.9407;1.8527;0;16.992;19.676;15.949;18.469;98.323;98.323;17.685;15.774;14.807;1.911;0.9678;0.1081;0.0547;0.8372;18.169;0.8173;0
08/08/21 10:00;34.291;-27.446;47.155;55.946;34.054;-90;-34.054;567.3;94.298;473.01;12.5;4.0699;0;570.92;31.827;71.799;0;7.7832;682.32;0;682.32;570.92;71.799;31.827;7.7832;0.8367;0.0581;0;0.0114;673.64;8.6863;0;0;1.7291;6.9572;664.1;8.1922;6.3071;0.7932;0.9704;0.1216;672.29;1.3473;1.1418;0.1436;0.0602;0.0017;666.27;563.47;70.862;29.067;0.7027;290.39;242.77;79.251;0.7482;2.442;35.127;2.1686;36.821;0;1;0;0;1.2027;0.9873;1;1;0.9457;0.1061;0.9878;0.9889;1;0.9677;0.8525;0.998;0.998;1;0.998;0.998;0.9733;0.9133;0.0903;2.049;2.0808;0.0125;-0.0002;0.1069;0.0137;0.0487;0.0066;0;0;0.088;0;1.7252;0;0;0;0;0;0;0;0;0;0;0;0;0.0392;0.0097;1.8436;1.8436;0;39.691;39.691;27.191;0.0409;1787.1;1031.6;1;0.0304;0.0304;0;0;0;0;0;0;1.8132;1.7252;0;17.14;19.848;16.039;18.573;98.349;98.349;16.376;14.734;13.788;1.6417;0.9465;0.1003;0.0578;0.8419;21.604;0.8107;0
08/08/21 11:00;38.272;-10.225;50.589;77.32;12.68;-90;-12.68;632.3;106.1;526.2;14.03;3.45;0;539.35;37.907;69.417;0;1.2337;647.91;0;647.91;539.35;69.417;37.907;1.2337;0.8324;0.0604;0;0.0019;646.47;1.4371;0;0;0.4088;1.0283;635.55;9.6303;7.1922;0.9257;1.4663;0.0461;645.18;1.2929;1.0787;0.1388;0.075;0.0004;635.82;531.08;68.353;35.956;0.1589;367.03;306.84;97.28;0.0271;3.2145;46.239;0.2664;49.427;0;1;0;0;1.0247;0.9978;1;1;0.9892;0.1665;0.9851;0.9866;1;0.9608;0.7753;0.998;0.998;1;0.998;0.998;0.9809;0.9486;0.1288;1.9457;2.0125;0.0121;0.0003;0.1061;0.0133;0.047;0.0087;0;0;0.088;0;1.6608;0;0;0;0;0;0;0;0;0;0;0;0;0.0379;0.0091;1.7779;1.7779;0;40.063;40.063;26.033;0.041;1727.7;1029.1;1;0.0291;0.0291;0;0;0;0;0;0;1.7488;1.6608;0;17.408;20.158;16.261;18.83;98.362;98.362;15.55;14.209;13.273;1.3406;0.9361;0.0862;0.0602;0.8536;22.891;0.8103;0
08/08/21 12:00;38.491;8.1945;50.779;79.838;10.162;90;10.162;638.9;110.1;528.8;14.68;2.9401;0;537.22;39.503;71.408;0;0.8018;648.94;0;648.94;537.22;71.408;39.503;0.8018;0.8279;0.0621;0;0.0012;647.97;0.9642;0;0;0.2947;0.6695;636.8;9.8746;7.2817;0.9679;1.5952;0.0298;646.68;1.2959;1.0744;0.1428;0.0784;0.0003;636.96;528.87;70.297;37.535;0.1023;373.05;311.87;99.128;0.0124;3.2497;46.746;0.155;49.983;0;1;0;0;1.0157;0.9985;1;1;0.9925;0.1651;0.9847;0.9864;1;0.9592;0.7748;0.998;0.998;1;0.998;0.998;0.9813;0.9502;0.1276;1.9488;2.017;0.0121;0.0003;0.1115;0.0133;0.047;0.0088;0;0;0.088;0;1.66;0;0;0;0;0;0;0;0;0;0;0;0;0.0378;0.0092;1.777;1.777;0;40.78;40.78;26.1;0.041;1731.5;1026.3;1;0.0291;0.0291;0;0;0;0;0;0;1.748;1.66;0;17.371;20.116;16.227;18.791;98.365;98.365;15.574;14.202;13.267;1.3724;0.9355;0.0881;0.0601;0.8518;23.689;0.8082;0
08/08/21 13:00;34.902;25.64;47.678;58.191;31.809;90;31.809;593.3;104.9;488.4;15.2;2.6;0;574.72;34.796;79.171;0;7.1287;695.82;0;695.82;574.72;79.171;34.796;7.1287;0.826;0.0603;0;0.0102;687.8;8.0209;0;0;1.7003;6.3207;677.79;8.628;6.5245;0.8988;1.0707;0.134;686.42;1.3756;1.1494;0.1583;0.0662;0.0016;679.77;567.05;78.114;31.958;0.6724;310.62;259.68;84.552;0.6469;2.6164;37.636;1.9738;39.605;0;1;0;0;1.1728;0.9885;1;1;0.9511;0.1134;0.9874;0.9886;1;0.9676;0.8338;0.998;0.998;1;0.998;0.998;0.9741;0.9185;0.0943;2.0895;2.1267;0.0128;-0.0006;0.1343;0.0139;0.0492;0.007;0;0;0.088;0;1.742;0;0;0;0;0;0;0;0;0;0;0;0;0.0396;0.0101;1.8605;1.8605;0;43.027;43.027;27.827;0.0411;1826.2;1018.8;1;0.0305;0.0305;0;0;0;0;0;0;1.83;1.742;0;16.962;19.641;15.881;18.39;98.36;98.36;16.7;14.869;13.922;1.8307;0.9471;0.1096;0.0567;0.8337;23.229;0.8012;0
08/08/21 14:00;28.174;40.631;41.99;39.438;50.562;90;50.562;453.81;122;331.81;15.22;2.3199;0;522.33;47.077;101.41;0;13.242;684.06;0;684.06;522.33;101.41;47.077;13.242;0.7636;0.0882;0;0.0194;667.02;17.039;0;0;4.6324;12.407;659.23;6.4534;4.1957;0.8146;1.4084;0.0348;665.69;1.334;1.0447;0.2028;0.0849;0.0017;662.43;517.09;100.39;40.951;0.7987;177.27;148.2;46.293;4.3074;1.8767;26.995;3.1972;24.564;0;1;0;0;1.5074;0.9751;1;1;0.9016;0.0631;0.9903;0.992;1;0.9668;0.9583;0.998;0.998;1;0.998;0.998;0.9637;0.8699;0.0603;2.0542;2.0521;0.0124;0;0.1242;0.0134;0.0476;0.005;0;0;0.088;0;1.6843;0;0;0;0;0;0;0;0;0;0;0;0;0.0383;0.0095;1.8017;1.8017;0;42.27;42.27;27.05;0.041;1763.4;1021.8;1;0.0294;0.0294;0;0;0;0;0;0;1.7723;1.6843;0;16.708;19.348;15.619;18.087;98.366;98.366;16.417;14.4;13.461;2.0179;0.9386;0.1229;0.0572;0.8199;36.963;0.7964;0
08/08/21 15:00;19.218;52.991;37.032;23.582;52.412;90;52.412;308;110.6;197.4;14.93;1.54;0;478.75;48.914;120.87;0;9.6103;658.15;0;658.15;478.75;120.87;48.914;9.6103;0.7274;0.0889;0;0.0146;644.06;14.087;0;0;5.0708;9.0165;638.2;4.5737;2.4601;0.6211;1.4685;0.0241;642.77;1.2881;0.9575;0.2417;0.0877;0.0012;638.99;475.33;120.01;42.287;0.5686;40.353;33.735;11.858;5.0723;0.6073;8.7361;0.7915;4.2711;0;1;0;0;2.1368;0.9786;1;1;0.8963;0.0618;0.9929;0.9949;1;0.9664;0.9594;0.998;0.998;1;0.998;0.998;0.9697;0.8645;0.0592;1.9764;1.943;0.0117;0.001;0.1097;0.0127;0.0452;0.0016;0;0;0.088;0;1.6002;0;0;0;0;0;0;0;0;0;0;0;0;0.0364;0.0086;1.716;1.716;0;41.094;41.094;26.164;0.041;1671.6;1026.6;1;0.0279;0.0279;0;0;0;0;0;0;1.6882;1.6002;0;16.54;19.153;15.423;17.86;98.375;98.375;15.796;13.715;12.788;2.0809;0.9262;0.1317;0.0586;0.8096;39.141;0.8017;0
08/08/21 16:00;8.7967;63.276;68.229;9.8292;14.629;90;14.629;101.21;85.797;15.412;13.93;1.47;0;37.379;78.014;15.757;0;0.2625;131.41;0;131.41;37.379;15.757;78.014;0.2625;0.2844;0.5957;0;0.002;130.12;1.2925;0;0;1.0731;0.2193;122.22;7.6409;3.3202;1.3996;2.9114;0.0097;129.86;0.2602;0.0748;0.0315;0.1539;0.0001;122.26;33.984;14.326;73.876;0.0334;47.52;39.727;11.995;0.0923;0.4609;6.6306;0.046;6.9992;0;1;0;0;1.2984;0.9902;1;1;0.9862;0.1644;0.9412;0.911;1;0.9621;0.775;0.998;0.998;1;0.998;0.998;0.93;0.947;0.1271;0.3946;0.3822;0.0023;0.0178;-0.0085;0.0026;0.0092;0.0013;0;0;0.088;0;0.2537;0;0;0;0;0;0;0;0;0;0;0;0;0.0074;0.0005;0.3495;0.3495;0;18.904;18.904;4.9744;0.0407;325.99;1072.3;1;0.0079;0.0079;0;0;0;0;0;0;0.3417;0.2537;0;16.873;19.539;12.245;14.179;97.745;97.745;3.1539;2.7936;2.0273;0.3603;0.7663;0.1143;0.243;0.6428;47.413;0.6194;0
08/08/21 17:00;1.691;69.04;85.896;1.8108;2.5844;90;2.5844;0;0;0;11.2;1.7;0;0;0;0;0;0;0;0;0;0;0;0;0;1;1;1;1;0;0;0;0;0;0;0;0;0;0;0;0;0;0;0;0;0;0;0;0;0;0;0;0;0;0;0;0;0;0;0;0;0;0;0;1;1;1;1;1;1;1;1;1;1;1;1;1;1;1;1;1;1;1;0;0;0;0;0;0;0;0;0;0.0004;0.088;0;-0.0884;0;0;0;0;0;0;0;0;0;0;0;0;0;0;0;0;0;0;0;-11.2;0;0;0;0;0.0004;0;0;0;0;0;0;0;-0.0004;-0.0884;0;0;0;0;0;0;0;0;0;-0.7063;0;0.7063;1;1;0;0;0;0
08/08/21 18:00;0;0;90;0;0;90;0;0;0;0;9.6902;2.2201;0;0;0;0;0;0;0;0;0;0;0;0;0;1;1;1;1;0;0;0;0;0;0;0;0;0;0;0;0;0;0;0;0;0;0;0;0;0;0;0;0;0;0;0;0;0;0;0;0;0;0;0;1;1;1;1;1;1;1;1;1;1;1;1;1;1;1;1;1;1;1;0;0;0;0;0;0;0;0;0;0.0004;0.088;0;-0.0884;0;0;0;0;0;0;0;0;0;0;0;0;0;0;0;0;0;0;0;-9.6902;0;0;0;0;0.0004;0;0;0;0;0;0;0;-0.0004;-0.0884;0;0;0;0;0;0;0;0;0;-0.7063;0;0.7063;1;1;0;0;0;0
08/08/21 19:00;0;0;90;0;0;90;0;0;0;0;10.08;2.67;0;0;0;0;0;0;0;0;0;0;0;0;0;1;1;1;1;0;0;0;0;0;0;0;0;0;0;0;0;0;0;0;0;0;0;0;0;0;0;0;0;0;0;0;0;0;0;0;0;0;0;0;1;1;1;1;1;1;1;1;1;1;1;1;1;1;1;1;1;1;1;0;0;0;0;0;0;0;0;0;0.0004;0.088;0;-0.0884;0;0;0;0;0;0;0;0;0;0;0;0;0;0;0;0;0;0;0;-10.08;0;0;0;0;0.0004;0;0;0;0;0;0;0;-0.0004;-0.0884;0;0;0;0;0;0;0;0;0;-0.7063;0;0.7063;1;1;0;0;0;0
08/08/21 20:00;0;0;90;0;0;90;0;0;0;0;8.4398;3.0299;0;0;0;0;0;0;0;0;0;0;0;0;0;1;1;1;1;0;0;0;0;0;0;0;0;0;0;0;0;0;0;0;0;0;0;0;0;0;0;0;0;0;0;0;0;0;0;0;0;0;0;0;1;1;1;1;1;1;1;1;1;1;1;1;1;1;1;1;1;1;1;0;0;0;0;0;0;0;0;0;0.0004;0.088;0;-0.0884;0;0;0;0;0;0;0;0;0;0;0;0;0;0;0;0;0;0;0;-8.4398;0;0;0;0;0.0004;0;0;0;0;0;0;0;-0.0004;-0.0884;0;0;0;0;0;0;0;0;0;-0.7063;0;0.7063;1;1;0;0;0;0
08/08/21 21:00;0;0;90;0;0;90;0;0;0;0;8.5801;3.3301;0;0;0;0;0;0;0;0;0;0;0;0;0;1;1;1;1;0;0;0;0;0;0;0;0;0;0;0;0;0;0;0;0;0;0;0;0;0;0;0;0;0;0;0;0;0;0;0;0;0;0;0;1;1;1;1;1;1;1;1;1;1;1;1;1;1;1;1;1;1;1;0;0;0;0;0;0;0;0;0;0.0004;0.088;0;-0.0884;0;0;0;0;0;0;0;0;0;0;0;0;0;0;0;0;0;0;0;-8.5801;0;0;0;0;0.0004;0;0;0;0;0;0;0;-0.0004;-0.0884;0;0;0;0;0;0;0;0;0;-0.7063;0;0.7063;1;1;0;0;0;0
08/08/21 22:00;0;0;90;0;0;90;0;0;0;0;8.83;3.63;0;0;0;0;0;0;0;0;0;0;0;0;0;1;1;1;1;0;0;0;0;0;0;0;0;0;0;0;0;0;0;0;0;0;0;0;0;0;0;0;0;0;0;0;0;0;0;0;0;0;0;0;1;1;1;1;1;1;1;1;1;1;1;1;1;1;1;1;1;1;1;0;0;0;0;0;0;0;0;0;0.0004;0.088;0;-0.0884;0;0;0;0;0;0;0;0;0;0;0;0;0;0;0;0;0;0;0;-8.83;0;0;0;0;0.0004;0;0;0;0;0;0;0;-0.0004;-0.0884;0;0;0;0;0;0;0;0;0;-0.7063;0;0.7063;1;1;0;0;0;0
08/08/21 23:00;0;0;90;0;0;90;0;0;0;0;9.1298;4.11;0;0;0;0;0;0;0;0;0;0;0;0;0;1;1;1;1;0;0;0;0;0;0;0;0;0;0;0;0;0;0;0;0;0;0;0;0;0;0;0;0;0;0;0;0;0;0;0;0;0;0;0;1;1;1;1;1;1;1;1;1;1;1;1;1;1;1;1;1;1;1;0;0;0;0;0;0;0;0;0;0.0004;0.088;0;-0.0884;0;0;0;0;0;0;0;0;0;0;0;0;0;0;0;0;0;0;0;-9.1298;0;0;0;0;0.0004;0;0;0;0;0;0;0;-0.0004;-0.0884;0;0;0;0;0;0;0;0;0;-0.7063;0;0.7063;1;1;0;0;0;0
09/08/21 00:00;0;0;90;0;0;90;0;0;0;0;8.9098;4.28;0;0;0;0;0;0;0;0;0;0;0;0;0;1;1;1;1;0;0;0;0;0;0;0;0;0;0;0;0;0;0;0;0;0;0;0;0;0;0;0;0;0;0;0;0;0;0;0;0;0;0;0;1;1;1;1;1;1;1;1;1;1;1;1;1;1;1;1;1;1;1;0;0;0;0;0;0;0;0;0;0.0004;0.088;0;-0.0884;0;0;0;0;0;0;0;0;0;0;0;0;0;0;0;0;0;0;0;-8.9098;0;0;0;0;0.0004;0;0;0;0;0;0;0;-0.0004;-0.0884;0;0;0;0;0;0;0;0;0;-0.7063;0;0.7063;1;1;0;0;0;0
09/08/21 01:00;0;0;90;0;0;90;0;0;0;0;9.1498;4.25;0;0;0;0;0;0;0;0;0;0;0;0;0;1;1;1;1;0;0;0;0;0;0;0;0;0;0;0;0;0;0;0;0;0;0;0;0;0;0;0;0;0;0;0;0;0;0;0;0;0;0;0;1;1;1;1;1;1;1;1;1;1;1;1;1;1;1;1;1;1;1;0;0;0;0;0;0;0;0;0;0.0004;0.088;0;-0.0884;0;0;0;0;0;0;0;0;0;0;0;0;0;0;0;0;0;0;0;-9.1498;0;0;0;0;0.0004;0;0;0;0;0;0;0;-0.0004;-0.0884;0;0;0;0;0;0;0;0;0;-0.7063;0;0.7063;1;1;0;0;0;0
09/08/21 02:00;0;0;90;0;0;90;0;0;0;0;7.5802;4.03;0;0;0;0;0;0;0;0;0;0;0;0;0;1;1;1;1;0;0;0;0;0;0;0;0;0;0;0;0;0;0;0;0;0;0;0;0;0;0;0;0;0;0;0;0;0;0;0;0;0;0;0;1;1;1;1;1;1;1;1;1;1;1;1;1;1;1;1;1;1;1;0;0;0;0;0;0;0;0;0;0.0004;0.088;0;-0.0884;0;0;0;0;0;0;0;0;0;0;0;0;0;0;0;0;0;0;0;-7.5802;0;0;0;0;0.0004;0;0;0;0;0;0;0;-0.0004;-0.0884;0;0;0;0;0;0;0;0;0;-0.7063;0;0.7063;1;1;0;0;0;0
09/08/21 03:00;0;0;90;0;0;90;0;0;0;0;6.1802;3.88;0;0;0;0;0;0;0;0;0;0;0;0;0;1;1;1;1;0;0;0;0;0;0;0;0;0;0;0;0;0;0;0;0;0;0;0;0;0;0;0;0;0;0;0;0;0;0;0;0;0;0;0;1;1;1;1;1;1;1;1;1;1;1;1;1;1;1;1;1;1;1;0;0;0;0;0;0;0;0;0;0.0004;0.088;0;-0.0884;0;0;0;0;0;0;0;0;0;0;0;0;0;0;0;0;0;0;0;-6.1802;0;0;0;0;0.0004;0;0;0;0;0;0;0;-0.0004;-0.0884;0;0;0;0;0;0;0;0;0;-0.7063;0;0.7063;1;1;0;0;0;0
09/08/21 04:00;0;0;90;0;0;90;0;0;0;0;5.0601;4.01;0;0;0;0;0;0;0;0;0;0;0;0;0;1;1;1;1;0;0;0;0;0;0;0;0;0;0;0;0;0;0;0;0;0;0;0;0;0;0;0;0;0;0;0;0;0;0;0;0;0;0;0;1;1;1;1;1;1;1;1;1;1;1;1;1;1;1;1;1;1;1;0;0;0;0;0;0;0;0;0;0.0004;0.088;0;-0.0884;0;0;0;0;0;0;0;0;0;0;0;0;0;0;0;0;0;0;0;-5.0601;0;0;0;0;0.0004;0;0;0;0;0;0;0;-0.0004;-0.0884;0;0;0;0;0;0;0;0;0;-0.7063;0;0.7063;1;1;0;0;0;0
09/08/21 05:00;0;0;90;0;0;90;0;0;0;0;4.4997;4.19;0;0;0;0;0;0;0;0;0;0;0;0;0;1;1;1;1;0;0;0;0;0;0;0;0;0;0;0;0;0;0;0;0;0;0;0;0;0;0;0;0;0;0;0;0;0;0;0;0;0;0;0;1;1;1;1;1;1;1;1;1;1;1;1;1;1;1;1;1;1;1;0;0;0;0;0;0;0;0;0;0.0004;0.088;0;-0.0884;0;0;0;0;0;0;0;0;0;0;0;0;0;0;0;0;0;0;0;-4.4997;0;0;0;0;0.0004;0;0;0;0;0;0;0;-0.0004;-0.0884;0;0;0;0;0;0;0;0;0;-0.7063;0;0.7063;1;1;0;0;0;0
09/08/21 06:00;1.1824;-69.789;87.131;1.26;1.797;-90;-1.797;0;0;0;4.18;4.6901;0;0;0;0;0;0;0;0;0;0;0;0;0;1;1;1;1;0;0;0;0;0;0;0;0;0;0;0;0;0;0;0;0;0;0;0;0;0;0;0;0;0;0;0;0;0;0;0;0;0;0;0;1;1;1;1;1;1;1;1;1;1;1;1;1;1;1;1;1;1;1;0;0;0;0;0;0;0;0;0;0.0004;0.088;0;-0.0884;0;0;0;0;0;0;0;0;0;0;0;0;0;0;0;0;0;0;0;-4.18;0;0;0;0;0.0004;0;0;0;0;0;0;0;-0.0004;-0.0884;0;0;0;0;0;0;0;0;0;-0.7063;0;0.7063;1;1;0;0;0;0
09/08/21 07:00;7.7766;-64.53;70.842;8.6019;12.667;-90;-12.667;70.793;40.703;30.09;4.6001;5.07;0;72.976;33.492;16.489;0;0.1378;123.1;0;123.1;72.976;16.489;33.492;0.1378;0.5928;0.2732;0;0.0011;122.62;0.4754;0;0;0.3605;0.1149;110.51;11.864;8.6166;1.9469;1.2959;0.0051;122.37;0.2452;0.146;0.033;0.0663;0;110.52;64.214;14.509;31.77;0.0178;20.405;17.059;5.1543;0.0236;0.1966;2.8287;0.0136;3.0017;0;1;0;0;1.7388;0.9961;1;1;0.9892;0.1665;0.903;0.8817;1;0.9608;0.7753;0.998;0.998;1;0.998;0.998;0.8978;0.9486;0.1288;0.3697;0.3388;0.002;0.0175;-0.0195;0.0024;0.0084;0.0006;0;0;0.088;0;0.2243;0;0;0;0;0;0;0;0;0;0;0;0;0.0068;0.0004;0.3203;0.3203;0;9.0647;9.0647;4.4646;0.0404;288.47;1110.2;1;0.0079;0.0079;0;0;0;0;0;0;0.3123;0.2243;0;16.505;19.112;11.56;13.386;97.518;97.518;2.9543;2.5596;1.7928;0.3947;0.7668;0.1336;0.2596;0.6068;20.224;0.5966;0
09/08/21 08:00;18.345;-54.415;40.241;22.182;44.12;-90;-44.12;277.1;52.497;224.6;8.4797;5.07;0;544.72;20.923;68.243;0;6.2539;640.14;0;640.14;544.72;68.243;20.923;6.2539;0.8509;0.0425;0;0.0098;632.66;7.4782;0;0;1.6857;5.7925;626.45;4.9522;3.8194;0.4785;0.6246;0.0297;631.4;1.2653;1.0894;0.1365;0.0385;0.0009;626.66;539.81;67.628;18.574;0.4307;16.686;13.949;4.8266;1.1952;0.1975;2.8406;0.2118;1.8429;0;1;0;0;2.3102;0.9883;1;1;0.9194;0.0738;0.9922;0.993;1;0.9675;0.9354;0.998;0.998;1;0.998;0.998;0.9786;0.8877;0.0689;1.9223;1.8934;0.0114;0.0015;0.0596;0.0127;0.0452;0.0005;0;0;0.088;0;1.6014;0;0;0;0;0;0;0;0;0;0;0;0;0.0364;0.0082;1.7178;1.7178;0;34.012;34.012;25.533;0.0408;1628.8;1054.6;1;0.0284;0.0284;0;0;0;0;0;0;1.6894;1.6014;0;17.023;19.712;15.869;18.376;98.344;98.344;15.363;13.729;12.798;1.6346;0.9307;0.1064;0.0606;0.833;15.448;0.8303;0
09/08/21 09:00;27.523;-42.291;40.997;37.754;52.246;-90;-52.246;269.4;196.5;72.903;11.63;5.23;0;119.07;139.63;38.03;0;8.3565;305.09;0;305.09;119.07;38.03;139.63;8.3565;0.3903;0.4851;0;0.0274;282.89;22.202;0;0;14.381;7.8211;276.94;5.3829;0.8874;0.2834;4.1909;0.0211;282.32;0.5658;0.2381;0.0761;0.2505;0.0011;279.82;117.95;37.67;120.81;0.5132;143.29;119.79;40.244;14.315;2.0374;29.307;2.8761;17.029;0;1;0;0;1.1325;0.9272;1;1;0.897;0.0641;0.9809;0.9925;1;0.9665;0.9604;0.998;0.998;1;0.998;0.998;0.9077;0.8652;0.0614;0.9162;0.9046;0.0054;0.0147;-0.0069;0.0062;0.0221;0.0058;0;0;0.088;0;0.735;0;0;0;0;0;0;0;0;0;0;0;0;0.0178;0.0021;0.8372;0.8372;0;22.861;22.861;11.231;0.0406;772.31;1084;1;0.0142;0.0142;0;0;0;0;0;0;0.823;0.735;0;17.408;20.158;15.283;17.698;98.308;98.308;7.3222;6.691;5.8745;0.6312;0.8165;0.0862;0.1115;0.8023;111.56;0.7485;0
09/08/21 10:00;34.567;-27.551;46.893;56.126;33.874;-90;-33.874;631.69;104.2;527.49;14.22;5.1601;0;635.33;28.769;87.642;0;8.5778;760.32;0;760.32;635.33;87.642;28.769;8.5778;0.8356;0.0491;0;0.0113;751.1;9.2109;0;0;1.55;7.661;740.71;8.8902;6.9214;0.9548;0.8777;0.1363;749.6;1.5022;1.2707;0.1753;0.0544;0.0018;743.15;627.13;86.512;26.287;0.7786;323.12;270.13;87.273;0.6645;2.7654;39.78;2.4389;41.881;0;1;0;0;1.2036;0.9879;1;1;0.9461;0.1069;0.9881;0.9891;1;0.9677;0.851;0.998;0.998;1;0.998;0.998;0.9742;0.9137;0.0908;2.2832;2.3222;0.014;-0.0017;0.1598;0.0151;0.0534;0.0074;0;0;0.088;0;1.8979;0;0;0;0;0;0;0;0;0;0;0;0;0.043;0.012;2.0193;2.0193;0;44.666;44.666;30.446;0.0411;1995.5;1011.9;1;0.0334;0.0334;0;0;0;0;0;0;1.9859;1.8979;0;16.848;19.51;15.835;18.337;98.345;98.345;18.248;16.138;15.168;2.1091;0.9704;0.1156;0.0532;0.8312;19.501;0.7999;0
09/08/21 11:00;38.562;-10.245;50.306;77.423;12.577;-90;-12.577;482.8;225.3;257.5;15;4.8501;0;263.83;153.53;71.623;0;0.9269;489.91;0;489.91;263.83;71.623;153.53;0.9269;0.5385;0.3153;0;0.0019;487.5;2.4057;0;0;1.6332;0.7725;476.18;10.354;3.4363;0.9329;5.9499;0.0346;486.53;0.975;0.5277;0.1432;0.3038;0.0003;476.37;259.86;70.547;145.65;0.1194;282.45;236.13;73.755;0.1054;2.5512;36.697;0.197;39.143;0;1;0;0;1.0147;0.9951;1;1;0.9894;0.1665;0.9787;0.9869;1;0.9608;0.7753;0.998;0.998;1;0.998;0.998;0.972;0.9486;0.1288;1.4712;1.5121;0.0091;0.0061;0.0503;0.0101;0.0359;0.007;0;0;0.088;0;1.2497;0;0;0;0;0;0;0;0;0;0;0;0;0.0289;0.0054;1.3593;1.3593;0;34.436;34.436;19.436;0.0408;1297.9;1047.3;1;0.0215;0.0215;0;0;0;0;0;0;1.3377;1.2497;0;17.601;20.381;16.182;18.739;98.415;98.415;11.758;10.863;9.9878;0.8945;0.8755;0.0761;0.0745;0.8495;92.686;0.8044;0
09/08/21 12:00;38.774;8.2751;50.489;79.842;10.158;90;10.158;429.7;273;156.7;16.13;4.51;0;159.2;219.96;52.126;0;0.5389;431.82;0;431.82;159.2;52.126;219.96;0.5389;0.3687;0.5106;0;0.0012;429.73;2.0897;0;0;1.6398;0.4499;417.17;11.697;2.1052;0.6893;8.8829;0.02;428.87;0.8595;0.3184;0.1043;0.4366;0.0002;417.27;156.77;51.332;209;0.0688;253.2;211.68;65.393;0.0679;2.3324;33.55;0.1002;35.814;0;1;0;0;1.0049;0.9952;1;1;0.9925;0.1651;0.9727;0.9867;1;0.9592;0.7748;0.998;0.998;1;0.998;0.998;0.9661;0.9502;0.1276;1.2967;1.3275;0.008;0.0088;0.0383;0.0089;0.0316;0.0064;0;0;0.088;0;1.0887;0;0;0;0;0;0;0;0;0;0;0;0;0.0254;0.0042;1.1959;1.1959;0;33.151;33.151;17.021;0.0408;1138.7;1050.3;1;0.0191;0.0191;0;0;0;0;0;0;1.1767;1.0887;0;17.568;20.344;15.994;18.521;98.399;98.399;10.364;9.5575;8.7013;0.8061;0.8563;0.0778;0.0826;0.8396;131.9;0.7934;0
09/08/21 13:00;35.159;25.802;47.396;58.286;31.714;90;31.714;559.1;128.3;430.8;16.26;4.17;0;506.41;52.012;84.749;0;6.6787;649.85;0;649.85;506.41;84.749;52.012;6.6787;0.7793;0.0903;0;0.0103;641.41;8.4485;0;0;2.5295;5.919;631.78;8.3415;5.6656;0.9481;1.6012;0.1265;640.12;1.2828;1.0128;0.1695;0.099;0.0015;633.64;499.74;83.631;47.782;0.6317;295.04;246.65;80.217;0.956;2.5134;36.154;1.8617;37.711;0;1;0;0;1.1623;0.987;1;1;0.9514;0.1138;0.987;0.9888;1;0.9676;0.8332;0.998;0.998;1;0.998;0.998;0.9722;0.9187;0.0946;1.9515;1.9847;0.0119;0.0006;0.1196;0.013;0.046;0.0067;0;0;0.088;0;1.6246;0;0;0;0;0;0;0;0;0;0;0;0;0.037;0.0089;1.7408;1.7408;0;42.185;42.185;25.925;0.041;1704.9;1021.1;1;0.0283;0.0283;0;0;0;0;0;0;1.7126;1.6246;0;16.994;19.678;15.859;18.364;98.377;98.377;15.596;13.913;12.984;1.6836;0.9292;0.1079;0.0596;0.8325;34.698;0.7992;0
09/08/21 14:00;28.398;40.839;41.722;39.583;50.417;90;50.417;467.21;114.1;353.11;16.6;3.37;0;554.15;41.316;99.858;0;13.56;708.89;0;708.89;554.15;99.858;41.316;13.56;0.7817;0.0774;0;0.0191;692.14;16.752;0;0;4.0486;12.703;684.33;6.4225;4.3644;0.7865;1.2358;0.0359;690.75;1.3843;1.1083;0.1997;0.0745;0.0017;687.56;548.68;98.872;35.957;0.8193;180.79;151.14;47.1;3.7432;1.8789;27.027;3.2257;25.163;0;1;0;0;1.5173;0.9764;1;1;0.902;0.0632;0.9907;0.9921;1;0.9668;0.9581;0.998;0.998;1;0.998;0.998;0.9654;0.8703;0.0604;2.1288;2.1278;0.0128;-0.0006;0.1473;0.0138;0.0489;0.005;0;0;0.088;0;1.733;0;0;0;0;0;0;0;0;0;0;0;0;0.0393;0.0102;1.8512;1.8512;0;44.734;44.734;28.135;0.0411;1828.1;1012.6;1;0.0302;0.0302;0;0;0;0;0;0;1.821;1.733;0;16.566;19.183;15.508;17.958;98.368;98.368;17.013;14.795;13.85;2.2186;0.9448;0.1304;0.0555;0.8141;32.392;0.7915;0
09/08/21 15:00;19.41;53.221;36.295;23.745;53.834;90;53.834;300.31;121.6;178.71;16.77;2.1;0;433.42;57.628;119.12;0;9.8471;620.01;0;620.01;433.42;119.12;57.628;9.8471;0.699;0.1088;0;0.0159;604.55;15.455;0;0;6.2106;9.2448;598.98;4.3629;2.0407;0.5609;1.7362;0.0251;603.34;1.2091;0.8668;0.2382;0.1028;0.0012;600.08;430.51;118.32;49.579;0.5759;47.928;40.068;13.776;6.5631;0.7764;11.168;1.0982;5.3808;0;1;0;0;2.0646;0.9751;1;1;0.8922;0.0612;0.9928;0.9953;1;0.9662;0.9582;0.998;0.998;1;0.998;0.998;0.9661;0.8603;0.0585;1.8619;1.8309;0.011;0.0022;0.1051;0.012;0.0425;0.0021;0;0;0.088;0;1.5002;0;0;0;0;0;0;0;0;0;0;0;0;0.0342;0.0077;1.6141;1.6141;0;41.336;41.336;24.566;0.041;1575.3;1024.6;1;0.0259;0.0259;0;0;0;0;0;0;1.5882;1.5002;0;16.514;19.123;15.349;17.774;98.396;98.396;14.88;12.9;11.989;1.9805;0.9102;0.1331;0.0612;0.8057;46.811;0.795;0
09/08/21 16:00;8.9626;63.517;67.8;9.9932;14.896;90;14.896;76.693;72.998;3.6945;15.3;2.29;0;8.9601;70.493;3.1535;0;0.2062;82.813;0;82.813;8.9601;3.1535;70.493;0.2062;0.1082;0.8537;0;0.0025;81.641;1.172;0;0;0.9997;0.1723;77.827;3.6509;0.7587;0.267;2.6175;0.0076;81.478;0.1633;0.0179;0.0063;0.139;0.0001;77.871;8.1835;2.8802;66.737;0.0262;42.907;35.87;10.81;0.089;0.4179;6.0116;0.0436;6.3406;0;1;0;0;1.0798;0.9858;1;1;0.9858;0.1642;0.9552;0.9152;1;0.9623;0.7751;0.998;0.998;1;0.998;0.998;0.9398;0.9467;0.127;0.2487;0.2472;0.0015;0.0162;-0.0059;0.0016;0.0058;0.0011;0;0;0.088;0;0.1272;0;0;0;0;0;0;0;0;0;0;0;0;0.0047;0.0003;0.2218;0.2218;0;18.481;18.481;3.1811;0.0409;210.02;1056.1;1;0.0066;0.0066;0;0;0;0;0;0;0.2152;0.1272;0;16.99;19.675;9.7456;11.285;97.035;97.035;1.9875;1.7726;1.0168;0.2149;0.7559;0.1081;0.3803;0.5116;42.883;0.4852;0
09/08/21 17:00;1.6524;69.432;85.99;1.7648;2.5187;90;2.5187;0;0;0;11.89;2.6101;0;0;0;0;0;0;0;0;0;0;0;0;0;1;1;1;1;0;0;0;0;0;0;0;0;0;0;0;0;0;0;0;0;0;0;0;0;0;0;0;0;0;0;0;0;0;0;0;0;0;0;0;1;1;1;1;1;1;1;1;1;1;1;1;1;1;1;1;1;1;1;0;0;0;0;0;0;0;0;0;0.0004;0.088;0;-0.0884;0;0;0;0;0;0;0;0;0;0;0;0;0;0;0;0;0;0;0;-11.89;0;0;0;0;0.0004;0;0;0;0;0;0;0;-0.0004;-0.0884;0;0;0;0;0;0;0;0;0;-0.7063;0;0.7063;1;1;0;0;0;0
09/08/21 18:00;0;0;90;0;0;90;0;0;0;0;8.0901;2.99;0;0;0;0;0;0;0;0;0;0;0;0;0;1;1;1;1;0;0;0;0;0;0;0;0;0;0;0;0;0;0;0;0;0;0;0;0;0;0;0;0;0;0;0;0;0;0;0;0;0;0;0;1;1;1;1;1;1;1;1;1;1;1;1;1;1;1;1;1;1;1;0;0;0;0;0;0;0;0;0;0.0004;0.088;0;-0.0884;0;0;0;0;0;0;0;0;0;0;0;0;0;0;0;0;0;0;0;-8.0901;0;0;0;0;0.0004;0;0;0;0;0;0;0;-0.0004;-0.0884;0;0;0;0;0;0;0;0;0;-0.7063;0;0.7063;1;1;0;0;0;0
09/08/21 19:00;0;0;90;0;0;90;0;0;0;0;6.8802;3.4101;0;0;0;0;0;0;0;0;0;0;0;0;0;1;1;1;1;0;0;0;0;0;0;0;0;0;0;0;0;0;0;0;0;0;0;0;0;0;0;0;0;0;0;0;0;0;0;0;0;0;0;0;1;1;1;1;1;1;1;1;1;1;1;1;1;1;1;1;1;1;1;0;0;0;0;0;0;0;0;0;0.0004;0.088;0;-0.0884;0;0;0;0;0;0;0;0;0;0;0;0;0;0;0;0;0;0;0;-6.8802;0;0;0;0;0.0004;0;0;0;0;0;0;0;-0.0004;-0.0884;0;0;0;0;0;0;0;0;0;-0.7063;0;0.7063;1;1;0;0;0;0
09/08/21 20:00;0;0;90;0;0;90;0;0;0;0;5.8;3.5001;0;0;0;0;0;0;0;0;0;0;0;0;0;1;1;1;1;0;0;0;0;0;0;0;0;0;0;0;0;0;0;0;0;0;0;0;0;0;0;0;0;0;0;0;0;0;0;0;0;0;0;0;1;1;1;1;1;1;1;1;1;1;1;1;1;1;1;1;1;1;1;0;0;0;0;0;0;0;0;0;0.0004;0.088;0;-0.0884;0;0;0;0;0;0;0;0;0;0;0;0;0;0;0;0;0;0;0;-5.8;0;0;0;0;0.0004;0;0;0;0;0;0;0;-0.0004;-0.0884;0;0;0;0;0;0;0;0;0;-0.7063;0;0.7063;1;1;0;0;0;0
09/08/21 21:00;0;0;90;0;0;90;0;0;0;0;5.56;3.46;0;0;0;0;0;0;0;0;0;0;0;0;0;1;1;1;1;0;0;0;0;0;0;0;0;0;0;0;0;0;0;0;0;0;0;0;0;0;0;0;0;0;0;0;0;0;0;0;0;0;0;0;1;1;1;1;1;1;1;1;1;1;1;1;1;1;1;1;1;1;1;0;0;0;0;0;0;0;0;0;0.0004;0.088;0;-0.0884;0;0;0;0;0;0;0;0;0;0;0;0;0;0;0;0;0;0;0;-5.56;0;0;0;0;0.0004;0;0;0;0;0;0;0;-0.0004;-0.0884;0;0;0;0;0;0;0;0;0;-0.7063;0;0.7063;1;1;0;0;0;0
09/08/21 22:00;0;0;90;0;0;90;0;0;0;0;7.4799;3.24;0;0;0;0;0;0;0;0;0;0;0;0;0;1;1;1;1;0;0;0;0;0;0;0;0;0;0;0;0;0;0;0;0;0;0;0;0;0;0;0;0;0;0;0;0;0;0;0;0;0;0;0;1;1;1;1;1;1;1;1;1;1;1;1;1;1;1;1;1;1;1;0;0;0;0;0;0;0;0;0;0.0004;0.088;0;-0.0884;0;0;0;0;0;0;0;0;0;0;0;0;0;0;0;0;0;0;0;-7.4799;0;0;0;0;0.0004;0;0;0;0;0;0;0;-0.0004;-0.0884;0;0;0;0;0;0;0;0;0;-0.7063;0;0.7063;1;1;0;0;0;0
09/08/21 23:00;0;0;90;0;0;90;0;0;0;0;5.5301;3.1701;0;0;0;0;0;0;0;0;0;0;0;0;0;1;1;1;1;0;0;0;0;0;0;0;0;0;0;0;0;0;0;0;0;0;0;0;0;0;0;0;0;0;0;0;0;0;0;0;0;0;0;0;1;1;1;1;1;1;1;1;1;1;1;1;1;1;1;1;1;1;1;0;0;0;0;0;0;0;0;0;0.0004;0.088;0;-0.0884;0;0;0;0;0;0;0;0;0;0;0;0;0;0;0;0;0;0;0;-5.5301;0;0;0;0;0.0004;0;0;0;0;0;0;0;-0.0004;-0.0884;0;0;0;0;0;0;0;0;0;-0.7063;0;0.7063;1;1;0;0;0;0
10/08/21 00:00;0;0;90;0;0;90;0;0;0;0;4.4997;3.29;0;0;0;0;0;0;0;0;0;0;0;0;0;1;1;1;1;0;0;0;0;0;0;0;0;0;0;0;0;0;0;0;0;0;0;0;0;0;0;0;0;0;0;0;0;0;0;0;0;0;0;0;1;1;1;1;1;1;1;1;1;1;1;1;1;1;1;1;1;1;1;0;0;0;0;0;0;0;0;0;0.0004;0.088;0;-0.0884;0;0;0;0;0;0;0;0;0;0;0;0;0;0;0;0;0;0;0;-4.4997;0;0;0;0;0.0004;0;0;0;0;0;0;0;-0.0004;-0.0884;0;0;0;0;0;0;0;0;0;-0.7063;0;0.7063;1;1;0;0;0;0
10/08/21 01:00;0;0;90;0;0;90;0;0;0;0;5.1598;3.6799;0;0;0;0;0;0;0;0;0;0;0;0;0;1;1;1;1;0;0;0;0;0;0;0;0;0;0;0;0;0;0;0;0;0;0;0;0;0;0;0;0;0;0;0;0;0;0;0;0;0;0;0;1;1;1;1;1;1;1;1;1;1;1;1;1;1;1;1;1;1;1;0;0;0;0;0;0;0;0;0;0.0004;0.088;0;-0.0884;0;0;0;0;0;0;0;0;0;0;0;0;0;0;0;0;0;0;0;-5.1598;0;0;0;0;0.0004;0;0;0;0;0;0;0;-0.0004;-0.0884;0;0;0;0;0;0;0;0;0;-0.7063;0;0.7063;1;1;0;0;0;0
10/08/21 02:00;0;0;90;0;0;90;0;0;0;0;4.7397;4.01;0;0;0;0;0;0;0;0;0;0;0;0;0;1;1;1;1;0;0;0;0;0;0;0;0;0;0;0;0;0;0;0;0;0;0;0;0;0;0;0;0;0;0;0;0;0;0;0;0;0;0;0;1;1;1;1;1;1;1;1;1;1;1;1;1;1;1;1;1;1;1;0;0;0;0;0;0;0;0;0;0.0004;0.088;0;-0.0884;0;0;0;0;0;0;0;0;0;0;0;0;0;0;0;0;0;0;0;-4.7397;0;0;0;0;0.0004;0;0;0;0;0;0;0;-0.0004;-0.0884;0;0;0;0;0;0;0;0;0;-0.7063;0;0.7063;1;1;0;0;0;0
10/08/21 03:00;0;0;90;0;0;90;0;0;0;0;3.1502;3.6501;0;0;0;0;0;0;0;0;0;0;0;0;0;1;1;1;1;0;0;0;0;0;0;0;0;0;0;0;0;0;0;0;0;0;0;0;0;0;0;0;0;0;0;0;0;0;0;0;0;0;0;0;1;1;1;1;1;1;1;1;1;1;1;1;1;1;1;1;1;1;1;0;0;0;0;0;0;0;0;0;0.0004;0.088;0;-0.0884;0;0;0;0;0;0;0;0;0;0;0;0;0;0;0;0;0;0;0;-3.1502;0;0;0;0;0.0004;0;0;0;0;0;0;0;-0.0004;-0.0884;0;0;0;0;0;0;0;0;0;-0.7063;0;0.7063;1;1;0;0;0;0
10/08/21 04:00;0;0;90;0;0;90;0;0;0;0;2.2302;3.4901;0;0;0;0;0;0;0;0;0;0;0;0;0;1;1;1;1;0;0;0;0;0;0;0;0;0;0;0;0;0;0;0;0;0;0;0;0;0;0;0;0;0;0;0;0;0;0;0;0;0;0;0;1;1;1;1;1;1;1;1;1;1;1;1;1;1;1;1;1;1;1;0;0;0;0;0;0;0;0;0;0.0004;0.088;0;-0.0884;0;0;0;0;0;0;0;0;0;0;0;0;0;0;0;0;0;0;0;-2.2302;0;0;0;0;0.0004;0;0;0;0;0;0;0;-0.0004;-0.0884;0;0;0;0;0;0;0;0;0;-0.7063;0;0.7063;1;1;0;0;0;0
10/08/21 05:00;0;0;90;0;0;90;0;0;0;0;1.6;3.4399;0;0;0;0;0;0;0;0;0;0;0;0;0;1;1;1;1;0;0;0;0;0;0;0;0;0;0;0;0;0;0;0;0;0;0;0;0;0;0;0;0;0;0;0;0;0;0;0;0;0;0;0;1;1;1;1;1;1;1;1;1;1;1;1;1;1;1;1;1;1;1;0;0;0;0;0;0;0;0;0;0.0004;0.088;0;-0.0884;0;0;0;0;0;0;0;0;0;0;0;0;0;0;0;0;0;0;0;-1.6;0;0;0;0;0.0004;0;0;0;0;0;0;0;-0.0004;-0.0884;0;0;0;0;0;0;0;0;0;-0.7063;0;0.7063;1;1;0;0;0;0
10/08/21 06:00;1.1911;-70.149;87.11;1.2663;1.806;-90;-1.806;0;0;0;1.0203;3.4;0;0;0;0;0;0;0;0;0;0;0;0;0;1;1;1;1;0;0;0;0;0;0;0;0;0;0;0;0;0;0;0;0;0;0;0;0;0;0;0;0;0;0;0;0;0;0;0;0;0;0;0;1;1;1;1;1;1;1;1;1;1;1;1;1;1;1;1;1;1;1;0;0;0;0;0;0;0;0;0;0.0004;0.088;0;-0.0884;0;0;0;0;0;0;0;0;0;0;0;0;0;0;0;0;0;0;0;-1.0203;0;0;0;0;0.0004;0;0;0;0;0;0;0;-0.0004;-0.0884;0;0;0;0;0;0;0;0;0;-0.7063;0;0.7063;1;1;0;0;0;0
10/08/21 07:00;7.9877;-64.736;70.305;8.8198;13.011;-90;-13.011;95.407;20.102;75.305;2.3798;3.3599;0;182.63;11.77;19.837;0;0.1959;214.44;0;214.44;182.63;19.837;11.77;0.1959;0.8517;0.0558;0;0.0009;214.14;0.2959;0;0;0.1325;0.1633;190.65;23.064;20.389;2.2146;0.4526;0.0073;213.71;0.4283;0.3653;0.0397;0.0233;0.0001;190.66;161.88;17.583;11.161;0.0252;7.5238;6.2899;1.9523;0.0092;0.0692;0.9951;0.0051;1.0551;0;1;0;0;2.2476;0.9986;1;1;0.9887;0.1665;0.8921;0.8881;1;0.961;0.7753;0.998;0.998;1;0.998;0.998;0.8891;0.9483;0.1288;0.644;0.5763;0.0035;0.0178;-0.0307;0.0041;0.0145;0.0002;0;0;0.088;0;0.4556;0;0;0;0;0;0;0;0;0;0;0;0;0.0117;0.001;0.5542;0.5542;0;10.051;10.051;7.6709;0.0402;492.44;1125.4;1;0.0106;0.0106;0;0;0;0;0;0;0.5436;0.4556;0;16.395;18.985;13.479;15.608;98.093;98.093;5.1465;4.4292;3.6415;0.7173;0.7878;0.1394;0.1531;0.7076;7.1148;0.7051;0
10/08/21 08:00;18.577;-54.605;39.406;22.406;45.18;-90;-45.18;295.4;48.998;246.4;6.3199;3.47;0;597.6;17.513;69.009;0;6.9742;691.1;0;691.1;597.6;69.009;17.513;6.9742;0.8647;0.0354;0;0.0101;683.16;7.9331;0;0;1.4606;6.4725;676.89;4.9012;3.899;0.4502;0.5224;0.0295;681.8;1.3663;1.1952;0.138;0.0321;0.001;677.08;592.51;68.421;15.497;0.4712;14.402;12.04;4.2152;1.086;0.1708;2.4566;0.1891;1.5414;0;1;0;0;2.3395;0.9885;1;1;0.9166;0.0719;0.9928;0.9935;1;0.9674;0.9411;0.998;0.998;1;0.998;0.998;0.9795;0.8849;0.0676;2.0754;2.0445;0.0123;0.0001;0.0634;0.0138;0.0489;0.0005;0;0;0.088;0;1.7376;0;0;0;0;0;0;0;0;0;0;0;0;0.0394;0.0094;1.8568;1.8568;0;33.901;33.901;27.581;0.0407;1758.5;1055.9;1;0.0312;0.0312;0;0;0;0;0;0;1.8256;1.7376;0;17.044;19.736;15.95;18.469;98.322;98.322;16.586;14.839;13.887;1.7469;0.9523;0.1053;0.0574;0.8373;13.055;0.835;0
10/08/21 09:00;27.78;-42.452;40.753;37.972;52.028;-90;-52.028;450.9;76.497;374.4;10.02;3.7401;0;608.51;24.519;74.989;0;13.878;721.9;0;721.9;608.51;74.989;24.519;13.878;0.8429;0.0532;0;0.0192;706.4;15.497;0;0;2.51;12.987;699.22;5.7676;4.4486;0.5482;0.7356;0.0352;704.99;1.4128;1.217;0.15;0.044;0.0018;702.21;602.85;74.291;21.229;0.8539;159.64;133.46;41.543;2.4803;1.6086;23.139;2.9901;22.267;0;1;0;0;1.601;0.9785;1;1;0.8976;0.0642;0.9918;0.9927;1;0.9665;0.9604;0.998;0.998;1;0.998;0.998;0.9686;0.8658;0.0615;2.1679;2.1638;0.013;-0.0008;0.1028;0.0143;0.0509;0.0044;0;0;0.088;0;1.8076;0;0;0;0;0;0;0;0;0;0;0;0;0.041;0.0105;1.9277;1.9277;0;38.62;38.62;28.6;0.0409;1859.1;1036.9;1;0.0322;0.0322;0;0;0;0;0;0;1.8956;1.8076;0;16.94;19.616;15.884;18.393;98.332;98.332;17.326;15.406;14.446;1.9192;0.9603;0.1108;0.0554;0.8338;19.544;0.8143;0
10/08/21 10:00;34.848;-27.657;46.627;56.309;33.691;-90;-33.691;576.7;95.702;481;13.4;4.8401;0;578.09;32.256;72.698;0;7.7487;690.8;0;690.8;578.09;72.698;32.256;7.7487;0.8368;0.0579;0;0.0112;682.16;8.6376;0;0;1.723;6.9146;672.69;8.099;6.2082;0.7807;0.9848;0.1253;680.79;1.3643;1.1562;0.1454;0.0611;0.0017;674.9;570.73;71.772;29.488;0.7073;296.3;247.71;80.01;0.7308;2.5451;36.611;2.2059;38.425;0;1;0;0;1.1978;0.9875;1;1;0.9466;0.1077;0.9881;0.9892;1;0.9677;0.8495;0.998;0.998;1;0.998;0.998;0.9738;0.9142;0.0913;2.0745;2.1099;0.0127;-0.0004;0.1179;0.0139;0.0491;0.0069;0;0;0.088;0;1.7417;0;0;0;0;0;0;0;0;0;0;0;0;0.0396;0.01;1.8603;1.8603;0;40.971;40.971;27.571;0.041;1811.9;1026.7;1;0.0307;0.0307;0;0;0;0;0;0;1.8297;1.7417;0;17.084;19.783;15.994;18.521;98.352;98.352;16.579;14.868;13.919;1.7112;0.9483;0.1032;0.0572;0.8396;21.835;0.8075;0
10/08/21 11:00;38.855;-10.263;50.02;77.529;12.471;-90;-12.471;645.21;107.2;538.01;15.47;5.22;0;551.01;37.724;70.696;0;1.2179;660.64;0;660.64;551.01;70.696;37.724;1.2179;0.834;0.0589;0;0.0018;659.23;1.4107;0;0;0.3956;1.0151;648.49;9.4233;7.0133;0.8998;1.4647;0.0455;657.92;1.3185;1.102;0.1414;0.0747;0.0004;648.75;542.89;69.655;35.79;0.1569;374.72;313.26;99.314;0.0254;3.2817;47.206;0.2614;50.463;0;1;0;0;1.0239;0.9979;1;1;0.9895;0.1665;0.9857;0.9872;1;0.9607;0.7753;0.998;0.998;1;0.998;0.998;0.9816;0.9487;0.1288;1.9839;2.0535;0.0124;0;0.1229;0.0134;0.0476;0.0088;0;0;0.088;0;1.6832;0;0;0;0;0;0;0;0;0;0;0;0;0.0383;0.0095;1.8006;1.8006;0;42.076;42.076;26.606;0.041;1762.8;1021.5;1;0.0294;0.0294;0;0;0;0;0;0;1.7712;1.6832;0;17.29;20.021;16.162;18.715;98.366;98.366;15.855;14.39;13.452;1.4652;0.9384;0.0924;0.0592;0.8484;22.766;0.8053;0
10/08/21 12:00;39.06;8.3602;50.195;79.842;10.158;90;10.158;644.7;112.3;532.4;16.5;5.14;0;540.88;40.737;72.374;0;0.8084;654.8;0;654.8;540.88;72.374;40.737;0.8084;0.826;0.0634;0;0.0012;653.82;0.9786;0;0;0.3037;0.6749;642.92;9.5908;6.9815;0.9342;1.6452;0.03;652.51;1.3076;1.0818;0.1447;0.0809;0.0003;643.08;532.82;71.295;38.707;0.1032;376.45;314.71;100.02;0.0127;3.2799;47.18;0.1563;50.448;0;1;0;0;1.0157;0.9985;1;1;0.9925;0.1651;0.9853;0.9871;1;0.9592;0.7748;0.998;0.998;1;0.998;0.998;0.9819;0.9502;0.1276;1.9664;2.0363;0.0123;0.0001;0.1278;0.0133;0.0471;0.0088;0;0;0.088;0;1.6628;0;0;0;0;0;0;0;0;0;0;0;0;0.0379;0.0093;1.7798;1.7798;0;42.896;42.896;26.396;0.0411;1748.1;1018.1;1;0.029;0.029;0;0;0;0;0;0;1.7508;1.6628;0;17.242;19.966;16.109;18.654;98.373;98.373;15.715;14.224;13.289;1.4912;0.9347;0.0949;0.0595;0.8456;24.428;0.8024;0
10/08/21 13:00;35.42;25.969;47.109;58.378;31.622;90;31.622;591;110.7;480.3;17.43;4.9201;0;564.04;38.714;80.894;0;7.0198;690.67;0;690.67;564.04;80.894;38.714;7.0198;0.8167;0.0662;0;0.0102;682.58;8.0926;0;0;1.8741;6.2184;672.78;8.4335;6.2157;0.8914;1.1924;0.1339;681.21;1.3652;1.1281;0.1618;0.0737;0.0016;674.72;556.7;79.84;35.574;0.6658;310.37;259.47;84.448;0.705;2.6206;37.696;1.9438;39.611;0;1;0;0;1.1686;0.9883;1;1;0.9516;0.1142;0.9876;0.989;1;0.9676;0.8325;0.998;0.998;1;0.998;0.998;0.9741;0.9189;0.0948;2.0741;2.1117;0.0127;-0.0005;0.1489;0.0137;0.0484;0.007;0;0;0.088;0;1.7147;0;0;0;0;0;0;0;0;0;0;0;0;0.039;0.01;1.8325;1.8325;0;45.099;45.099;27.669;0.0411;1813.4;1010.5;1;0.0298;0.0298;0;0;0;0;0;0;1.8027;1.7147;0;16.831;19.49;15.749;18.237;98.373;98.373;16.576;14.645;13.703;1.931;0.9416;0.1165;0.0568;0.8267;25.81;0.7942;0
10/08/21 14:00;28.624;41.053;41.448;39.727;50.273;90;50.273;475.3;111.1;364.2;17.6;4.3899;0;569.83;39.08;99.223;0;13.722;721.86;0;721.86;569.83;99.223;39.08;13.722;0.7894;0.0731;0;0.019;705.19;16.667;0;0;3.8138;12.853;697.41;6.3676;4.3968;0.7656;1.1687;0.0365;703.78;1.4104;1.1397;0.1984;0.0705;0.0017;700.66;564.29;98.259;34.027;0.8305;183.69;153.57;47.849;3.5059;1.8903;27.191;3.245;25.575;0;1;0;0;1.5187;0.9769;1;1;0.9024;0.0633;0.991;0.9923;1;0.9668;0.9578;0.998;0.998;1;0.998;0.998;0.9661;0.8707;0.0605;2.1677;2.1676;0.013;-0.0009;0.1621;0.014;0.0495;0.005;0;0;0.088;0;1.756;0;0;0;0;0;0;0;0;0;0;0;0;0.0398;0.0105;1.8745;1.8745;0;46.309;46.309;28.709;0.0412;1863.6;1005.8;1;0.0305;0.0305;0;0;0;0;0;0;1.844;1.756;0;16.473;19.075;15.431;17.869;98.371;98.371;17.325;14.981;14.034;2.3435;0.9473;0.1353;0.0547;0.8101;30.595;0.7878;0
10/08/21 15:00;19.603;53.456;35.542;23.908;55.476;90;55.476;305.31;120.7;184.61;17.5;2.7001;0;447.72;55.49;120.94;0;10.582;634.73;0;634.73;447.72;120.94;55.49;10.582;0.7054;0.1041;0;0.0167;618.55;16.185;0;0;6.2462;9.9383;613.17;4.1367;1.9112;0.5162;1.68;0.0293;617.31;1.2371;0.8954;0.2419;0.0985;0.0013;614.22;444.92;120.18;47.465;0.613;47.031;39.318;13.981;7.0243;0.7697;11.072;1.0499;4.8175;0;1;0;0;2.079;0.9745;1;1;0.8874;0.0608;0.9933;0.9957;1;0.9658;0.9544;0.998;0.998;1;0.998;0.998;0.966;0.8554;0.0579;1.9061;1.8733;0.0113;0.0017;0.1164;0.0122;0.0433;0.0021;0;0;0.088;0;1.5291;0;0;0;0;0;0;0;0;0;0;0;0;0.0349;0.008;1.6435;1.6435;0;42.674;42.674;25.174;0.0411;1611.8;1019.7;1;0.0264;0.0264;0;0;0;0;0;0;1.6171;1.5291;0;16.425;19.02;15.282;17.697;98.396;98.396;15.234;13.135;12.221;2.0988;0.914;0.1378;0.06;0.8022;45.882;0.7919;0
10/08/21 16:00;9.1292;63.762;67.369;10.157;15.164;90;15.164;111.99;90.001;21.991;16.65;3.0299;0;53.334;79.231;22.716;0;0.312;155.59;0;155.59;53.334;22.716;79.231;0.312;0.3428;0.5112;0;0.002;154.17;1.4187;0;0;1.1579;0.2608;144.79;9.0757;4.304;1.8331;2.9271;0.0115;153.87;0.3083;0.1067;0.0454;0.1561;0.0001;144.84;48.924;20.837;74.99;0.0396;48.398;40.461;12.235;0.1066;0.4691;6.7478;0.0512;7.1102;0;1;0;0;1.3893;0.9909;1;1;0.9854;0.1641;0.941;0.9191;1;0.9624;0.7752;0.998;0.998;1;0.998;0.998;0.9306;0.9465;0.1269;0.4672;0.4505;0.0027;0.0181;-0.004;0.003;0.0108;0.0013;0;0;0.088;0;0.3128;0;0;0;0;0;0;0;0;0;0;0;0;0.0087;0.0007;0.4093;0.4093;0;22.552;22.552;5.9019;0.0408;384.79;1063.6;1;0.0084;0.0084;0;0;0;0;0;0;0.4008;0.3128;0;16.686;19.322;12.754;14.769;97.941;97.941;3.7342;3.2708;2.5001;0.4635;0.7706;0.1241;0.2064;0.6695;48.244;0.6485;0
10/08/21 17:00;1.8053;69.683;85.618;1.925;2.7479;90;2.7479;0;0;0;11.78;3.39;0;0;0;0;0;0;0;0;0;0;0;0;0;1;1;1;1;0;0;0;0;0;0;0;0;0;0;0;0;0;0;0;0;0;0;0;0;0;0;0;0;0;0;0;0;0;0;0;0;0;0;0;1;1;1;1;1;1;1;1;1;1;1;1;1;1;1;1;1;1;1;0;0;0;0;0;0;0;0;0;0.0004;0.088;0;-0.0884;0;0;0;0;0;0;0;0;0;0;0;0;0;0;0;0;0;0;0;-11.78;0;0;0;0;0.0004;0;0;0;0;0;0;0;-0.0004;-0.0884;0;0;0;0;0;0;0;0;0;-0.7063;0;0.7063;1;1;0;0;0;0
10/08/21 18:00;0;0;90;0;0;90;0;0;0;0;8.12;3.6501;0;0;0;0;0;0;0;0;0;0;0;0;0;1;1;1;1;0;0;0;0;0;0;0;0;0;0;0;0;0;0;0;0;0;0;0;0;0;0;0;0;0;0;0;0;0;0;0;0;0;0;0;1;1;1;1;1;1;1;1;1;1;1;1;1;1;1;1;1;1;1;0;0;0;0;0;0;0;0;0;0.0004;0.088;0;-0.0884;0;0;0;0;0;0;0;0;0;0;0;0;0;0;0;0;0;0;0;-8.12;0;0;0;0;0.0004;0;0;0;0;0;0;0;-0.0004;-0.0884;0;0;0;0;0;0;0;0;0;-0.7063;0;0.7063;1;1;0;0;0;0
10/08/21 19:00;0;0;90;0;0;90;0;0;0;0;7.2399;4.0601;0;0;0;0;0;0;0;0;0;0;0;0;0;1;1;1;1;0;0;0;0;0;0;0;0;0;0;0;0;0;0;0;0;0;0;0;0;0;0;0;0;0;0;0;0;0;0;0;0;0;0;0;1;1;1;1;1;1;1;1;1;1;1;1;1;1;1;1;1;1;1;0;0;0;0;0;0;0;0;0;0.0004;0.088;0;-0.0884;0;0;0;0;0;0;0;0;0;0;0;0;0;0;0;0;0;0;0;-7.2399;0;0;0;0;0.0004;0;0;0;0;0;0;0;-0.0004;-0.0884;0;0;0;0;0;0;0;0;0;-0.7063;0;0.7063;1;1;0;0;0;0
10/08/21 20:00;0;0;90;0;0;90;0;0;0;0;6.8397;4.8401;0;0;0;0;0;0;0;0;0;0;0;0;0;1;1;1;1;0;0;0;0;0;0;0;0;0;0;0;0;0;0;0;0;0;0;0;0;0;0;0;0;0;0;0;0;0;0;0;0;0;0;0;1;1;1;1;1;1;1;1;1;1;1;1;1;1;1;1;1;1;1;0;0;0;0;0;0;0;0;0;0.0004;0.088;0;-0.0884;0;0;0;0;0;0;0;0;0;0;0;0;0;0;0;0;0;0;0;-6.8397;0;0;0;0;0.0004;0;0;0;0;0;0;0;-0.0004;-0.0884;0;0;0;0;0;0;0;0;0;-0.7063;0;0.7063;1;1;0;0;0;0
10/08/21 21:00;0;0;90;0;0;90;0;0;0;0;6.6097;5.46;0;0;0;0;0;0;0;0;0;0;0;0;0;1;1;1;1;0;0;0;0;0;0;0;0;0;0;0;0;0;0;0;0;0;0;0;0;0;0;0;0;0;0;0;0;0;0;0;0;0;0;0;1;1;1;1;1;1;1;1;1;1;1;1;1;1;1;1;1;1;1;0;0;0;0;0;0;0;0;0;0.0004;0.088;0;-0.0884;0;0;0;0;0;0;0;0;0;0;0;0;0;0;0;0;0;0;0;-6.6097;0;0;0;0;0.0004;0;0;0;0;0;0;0;-0.0004;-0.0884;0;0;0;0;0;0;0;0;0;-0.7063;0;0.7063;1;1;0;0;0;0
10/08/21 22:00;0;0;90;0;0;90;0;0;0;0;5.35;5.71;0;0;0;0;0;0;0;0;0;0;0;0;0;1;1;1;1;0;0;0;0;0;0;0;0;0;0;0;0;0;0;0;0;0;0;0;0;0;0;0;0;0;0;0;0;0;0;0;0;0;0;0;1;1;1;1;1;1;1;1;1;1;1;1;1;1;1;1;1;1;1;0;0;0;0;0;0;0;0;0;0.0004;0.088;0;-0.0884;0;0;0;0;0;0;0;0;0;0;0;0;0;0;0;0;0;0;0;-5.35;0;0;0;0;0.0004;0;0;0;0;0;0;0;-0.0004;-0.0884;0;0;0;0;0;0;0;0;0;-0.7063;0;0.7063;1;1;0;0;0;0
10/08/21 23:00;0;0;90;0;0;90;0;0;0;0;6.4103;6;0;0;0;0;0;0;0;0;0;0;0;0;0;1;1;1;1;0;0;0;0;0;0;0;0;0;0;0;0;0;0;0;0;0;0;0;0;0;0;0;0;0;0;0;0;0;0;0;0;0;0;0;1;1;1;1;1;1;1;1;1;1;1;1;1;1;1;1;1;1;1;0;0;0;0;0;0;0;0;0;0.0004;0.088;0;-0.0884;0;0;0;0;0;0;0;0;0;0;0;0;0;0;0;0;0;0;0;-6.4103;0;0;0;0;0.0004;0;0;0;0;0;0;0;-0.0004;-0.0884;0;0;0;0;0;0;0;0;0;-0.7063;0;0.7063;1;1;0;0;0;0
11/08/21 00:00;0;0;90;0;0;90;0;0;0;0;4.7802;6.11;0;0;0;0;0;0;0;0;0;0;0;0;0;1;1;1;1;0;0;0;0;0;0;0;0;0;0;0;0;0;0;0;0;0;0;0;0;0;0;0;0;0;0;0;0;0;0;0;0;0;0;0;1;1;1;1;1;1;1;1;1;1;1;1;1;1;1;1;1;1;1;0;0;0;0;0;0;0;0;0;0.0004;0.088;0;-0.0884;0;0;0;0;0;0;0;0;0;0;0;0;0;0;0;0;0;0;0;-4.7802;0;0;0;0;0.0004;0;0;0;0;0;0;0;-0.0004;-0.0884;0;0;0;0;0;0;0;0;0;-0.7063;0;0.7063;1;1;0;0;0;0
11/08/21 01:00;0;0;90;0;0;90;0;0;0;0;7.6401;6.1399;0;0;0;0;0;0;0;0;0;0;0;0;0;1;1;1;1;0;0;0;0;0;0;0;0;0;0;0;0;0;0;0;0;0;0;0;0;0;0;0;0;0;0;0;0;0;0;0;0;0;0;0;1;1;1;1;1;1;1;1;1;1;1;1;1;1;1;1;1;1;1;0;0;0;0;0;0;0;0;0;0.0004;0.088;0;-0.0884;0;0;0;0;0;0;0;0;0;0;0;0;0;0;0;0;0;0;0;-7.6401;0;0;0;0;0.0004;0;0;0;0;0;0;0;-0.0004;-0.0884;0;0;0;0;0;0;0;0;0;-0.7063;0;0.7063;1;1;0;0;0;0
11/08/21 02:00;0;0;90;0;0;90;0;0;0;0;9.0999;6.2001;0;0;0;0;0;0;0;0;0;0;0;0;0;1;1;1;1;0;0;0;0;0;0;0;0;0;0;0;0;0;0;0;0;0;0;0;0;0;0;0;0;0;0;0;0;0;0;0;0;0;0;0;1;1;1;1;1;1;1;1;1;1;1;1;1;1;1;1;1;1;1;0;0;0;0;0;0;0;0;0;0.0004;0.088;0;-0.0884;0;0;0;0;0;0;0;0;0;0;0;0;0;0;0;0;0;0;0;-9.0999;0;0;0;0;0.0004;0;0;0;0;0;0;0;-0.0004;-0.0884;0;0;0;0;0;0;0;0;0;-0.7063;0;0.7063;1;1;0;0;0;0
11/08/21 03:00;0;0;90;0;0;90;0;0;0;0;9.32;6.2299;0;0;0;0;0;0;0;0;0;0;0;0;0;1;1;1;1;0;0;0;0;0;0;0;0;0;0;0;0;0;0;0;0;0;0;0;0;0;0;0;0;0;0;0;0;0;0;0;0;0;0;0;1;1;1;1;1;1;1;1;1;1;1;1;1;1;1;1;1;1;1;0;0;0;0;0;0;0;0;0;0.0004;0.088;0;-0.0884;0;0;0;0;0;0;0;0;0;0;0;0;0;0;0;0;0;0;0;-9.32;0;0;0;0;0.0004;0;0;0;0;0;0;0;-0.0004;-0.0884;0;0;0;0;0;0;0;0;0;-0.7063;0;0.7063;1;1;0;0;0;0
11/08/21 04:00;0;0;90;0;0;90;0;0;0;0;9.3299;6.25;0;0;0;0;0;0;0;0;0;0;0;0;0;1;1;1;1;0;0;0;0;0;0;0;0;0;0;0;0;0;0;0;0;0;0;0;0;0;0;0;0;0;0;0;0;0;0;0;0;0;0;0;1;1;1;1;1;1;1;1;1;1;1;1;1;1;1;1;1;1;1;0;0;0;0;0;0;0;0;0;0.0004;0.088;0;-0.0884;0;0;0;0;0;0;0;0;0;0;0;0;0;0;0;0;0;0;0;-9.3299;0;0;0;0;0.0004;0;0;0;0;0;0;0;-0.0004;-0.0884;0;0;0;0;0;0;0;0;0;-0.7063;0;0.7063;1;1;0;0;0;0
11/08/21 05:00;0;0;90;0;0;90;0;0;0;0;9.5001;6.2999;0;0;0;0;0;0;0;0;0;0;0;0;0;1;1;1;1;0;0;0;0;0;0;0;0;0;0;0;0;0;0;0;0;0;0;0;0;0;0;0;0;0;0;0;0;0;0;0;0;0;0;0;1;1;1;1;1;1;1;1;1;1;1;1;1;1;1;1;1;1;1;0;0;0;0;0;0;0;0;0;0.0004;0.088;0;-0.0884;0;0;0;0;0;0;0;0;0;0;0;0;0;0;0;0;0;0;0;-9.5001;0;0;0;0;0.0004;0;0;0;0;0;0;0;-0.0004;-0.0884;0;0;0;0;0;0;0;0;0;-0.7063;0;0.7063;1;1;0;0;0;0
11/08/21 06:00;1.3961;-70.366;86.612;1.4822;2.1146;-90;-2.1146;0;0;0;9.32;6.82;0;0;0;0;0;0;0;0;0;0;0;0;0;1;1;1;1;0;0;0;0;0;0;0;0;0;0;0;0;0;0;0;0;0;0;0;0;0;0;0;0;0;0;0;0;0;0;0;0;0;0;0;1;1;1;1;1;1;1;1;1;1;1;1;1;1;1;1;1;1;1;0;0;0;0;0;0;0;0;0;0.0004;0.088;0;-0.0884;0;0;0;0;0;0;0;0;0;0;0;0;0;0;0;0;0;0;0;-9.32;0;0;0;0;0.0004;0;0;0;0;0;0;0;-0.0004;-0.0884;0;0;0;0;0;0;0;0;0;-0.7063;0;0.7063;1;1;0;0;0;0
11/08/21 07:00;8.2031;-64.945;69.754;9.0417;13.363;-90;-13.363;107.69;17.801;89.894;9.7401;7.19;0;218.02;9.2562;20.415;0;0.2333;247.92;0;247.92;218.02;20.415;9.2562;0.2333;0.8794;0.0383;0;0.0009;247.62;0.3035;0;0;0.109;0.1944;221.66;25.463;22.951;2.1491;0.3537;0.0087;247.12;0.4952;0.436;0.0408;0.0183;0.0001;221.66;194.63;18.225;8.7752;0.03;6.0833;5.0856;1.6016;0.008;0.0545;0.7834;0.0043;0.8299;0;1;0;0;2.3021;0.9988;1;1;0.9882;0.1664;0.897;0.8945;1;0.9613;0.7754;0.998;0.998;1;0.998;0.998;0.8941;0.948;0.1288;0.7445;0.6693;0.004;0.0172;-0.015;0.0046;0.0165;0.0002;0;0;0.088;0;0.528;0;0;0;0;0;0;0;0;0;0;0;0;0.0133;0.0013;0.6273;0.6273;0;18.713;18.713;8.9731;0.0405;572.96;1094.8;1;0.0113;0.0113;0;0;0;0;0;0;0.616;0.528;0;16.05;18.586;13.51;15.644;98.2;98.2;5.9501;5.0132;4.2197;0.9369;0.7935;0.1575;0.1334;0.7092;5.6016;0.7075;0
11/08/21 08:00;18.814;-54.797;38.541;22.634;46.332;-90;-46.332;169.4;130.8;38.607;11.57;7.2499;0;93.633;100.62;28.502;0;4.1948;226.95;0;226.95;93.633;28.502;100.62;4.1948;0.4126;0.4618;0;0.0185;214.35;12.606;0;0;8.7054;3.9006;210.16;3.7518;0.5636;0.1716;3.0009;0.0157;213.92;0.4287;0.1873;0.057;0.1838;0.0006;211.34;92.882;28.274;88.731;0.2779;76.066;63.591;21.484;6.7964;1.0216;14.695;1.1762;8.9199;0;1;0;0;1.3397;0.9445;1;1;0.9135;0.0701;0.9825;0.994;1;0.9673;0.9465;0.998;0.998;1;0.998;0.998;0.926;0.8818;0.0663;0.6815;0.6675;0.004;0.0172;-0.0117;0.0046;0.0163;0.0029;0;0;0.088;0;0.5206;0;0;0;0;0;0;0;0;0;0;0;0;0.0132;0.0013;0.6197;0.6197;0;20.091;20.091;8.5213;0.0405;570.29;1086.7;1;0.0111;0.0111;0;0;0;0;0;0;0.6086;0.5206;0;17.323;20.059;14.553;16.852;98.209;98.209;5.4468;4.953;4.161;0.4939;0.792;0.0907;0.1454;0.7639;75.819;0.7286;0
11/08/21 09:00;28.042;-42.613;40.507;38.193;51.807;-90;-51.807;338.69;168.9;169.79;13.58;7.77;0;274.6;99.62;74.047;0;10.342;458.61;0;458.61;274.6;74.047;99.62;10.342;0.5988;0.2398;0;0.0226;438.8;19.812;0;0;10.135;9.6765;432.41;5.5123;1.968;0.5307;2.9872;0.0263;437.92;0.8776;0.5492;0.1481;0.179;0.0013;435.35;272.08;73.368;86.318;0.6377;151.75;126.86;41.203;9.9169;1.9091;27.462;2.9442;19.454;0;1;0;0;1.3541;0.9568;1;1;0.8983;0.0643;0.9874;0.9928;1;0.9666;0.9604;0.998;0.998;1;0.998;0.998;0.9429;0.8665;0.0617;1.3772;1.3691;0.0082;0.0082;0.0299;0.0093;0.0328;0.0053;0;0;0.088;0;1.1365;0;0;0;0;0;0;0;0;0;0;0;0;0.0264;0.0045;1.2445;1.2445;0;31.19;31.19;17.61;0.0407;1174.6;1059.5;1;0.02;0.02;0;0;0;0;0;0;1.2245;1.1365;0;17.214;19.934;15.72;18.204;98.391;98.391;11.007;9.946;9.0827;1.0606;0.8633;0.0964;0.0784;0.8252;79.227;0.7898;0
11/08/21 10:00;35.133;-27.763;46.358;56.497;33.503;-90;-33.503;503.8;142.1;361.7;15.22;8.74;0;433.77;68.829;80.39;0;6.6963;589.68;0;589.68;433.77;80.39;68.829;6.6963;0.7356;0.1281;0;0.0114;580.07;9.6146;0;0;3.6445;5.9701;571.25;7.6539;4.5902;0.8507;2.1029;0.1101;578.91;1.1601;0.8675;0.1608;0.1304;0.0015;573.19;428.31;79.378;62.952;0.6146;264.3;220.95;71.299;1.5275;2.3316;33.54;1.9375;34.344;0;1;0;0;1.1705;0.9837;1;1;0.9471;0.1084;0.9868;0.9894;1;0.9677;0.8481;0.998;0.998;1;0.998;0.998;0.9687;0.9146;0.0918;1.7708;1.7971;0.0108;0.0025;0.0858;0.0119;0.0422;0.0063;0;0;0.088;0;1.4825;0;0;0;0;0;0;0;0;0;0;0;0;0.0339;0.0074;1.5962;1.5962;0;38.599;38.599;23.379;0.0409;1544;1033.8;1;0.0257;0.0257;0;0;0;0;0;0;1.5705;1.4825;0;17.172;19.884;15.948;18.468;98.389;98.389;14.152;12.757;11.848;1.3954;0.9088;0.0986;0.0642;0.8372;46.526;0.803;0
11/08/21 11:00;39.153;-10.279;49.731;77.639;12.361;-90;-12.361;521.2;199.9;321.31;18.5;9.43;0;328.93;122.12;78.162;0;0.9666;530.17;0;530.17;328.93;78.162;122.12;0.9666;0.6204;0.2322;0;0.0018;528.11;2.0673;0;0;1.2616;0.8057;517.16;9.8958;4.1282;0.981;4.7506;0.0361;527.05;1.0562;0.6579;0.1563;0.2417;0.0003;517.36;324.14;77.024;115.86;0.1245;304.3;254.39;79.832;0.0787;2.722;39.154;0.2048;41.798;0;1;0;0;1.0172;0.9961;1;1;0.9897;0.1665;0.9812;0.9874;1;0.9606;0.7752;0.998;0.998;1;0.998;0.998;0.9754;0.9488;0.1288;1.5921;1.6408;0.0099;0.0044;0.085;0.0108;0.0383;0.0074;0;0;0.088;0;1.3372;0;0;0;0;0;0;0;0;0;0;0;0;0.0308;0.0063;1.448;1.448;0;39.693;39.693;21.193;0.041;1409.3;1027.5;1;0.0228;0.0228;0;0;0;0;0;0;1.4252;1.3372;0;17.326;20.063;16;18.528;98.429;98.429;12.724;11.572;10.687;1.1517;0.8852;0.0905;0.0696;0.8399;73.672;0.7959;0
11/08/21 12:00;39.35;8.4499;49.897;79.84;10.16;90;10.16;641.69;115.6;526.09;19;9.45;0;534.48;43.267;73.136;0;0.805;651.68;0;651.68;534.48;73.136;43.267;0.805;0.8201;0.0676;0;0.0012;650.69;0.9948;0;0;0.3227;0.6721;639.93;9.4619;6.7598;0.925;1.7473;0.0299;649.39;1.3014;1.069;0.1463;0.0859;0.0003;640.08;526.65;72.065;41.111;0.1027;374.73;313.27;99.539;0.0135;3.2667;46.99;0.1556;50.243;0;1;0;0;1.0156;0.9985;1;1;0.9925;0.1651;0.9854;0.9873;1;0.9592;0.7748;0.998;0.998;1;0.998;0.998;0.982;0.9502;0.1276;1.957;2.0269;0.0122;0.0002;0.1448;0.0131;0.0464;0.0087;0;0;0.088;0;1.6386;0;0;0;0;0;0;0;0;0;0;0;0;0.0374;0.0093;1.7549;1.7549;0;45.327;45.327;26.327;0.0411;1740;1008.6;1;0.0283;0.0283;0;0;0;0;0;0;1.7266;1.6386;0;17.083;19.782;15.951;18.471;98.388;98.388;15.64;14.025;13.096;1.615;0.9294;0.1033;0.0594;0.8373;25.946;0.7944;0
11/08/21 13:00;35.682;26.143;46.817;58.468;31.532;90;31.532;579.9;120.3;459.6;20.22;9.1;0;539.22;45.526;83.47;0;6.8499;675.07;0;675.07;539.22;83.47;45.526;6.8499;0.7988;0.0776;0;0.0101;666.81;8.2593;0;0;2.1939;6.0653;657.18;8.2903;5.8503;0.9056;1.4028;0.1316;665.47;1.3336;1.0784;0.1669;0.0867;0.0016;659.08;532.29;82.398;41.842;0.6514;305.59;255.47;83.103;0.8206;2.5912;37.273;1.9007;39.044;0;1;0;0;1.1641;0.9878;1;1;0.9518;0.1145;0.9875;0.9891;1;0.9676;0.8319;0.998;0.998;1;0.998;0.998;0.9735;0.9191;0.0951;2.0272;2.0637;0.0124;-0.0001;0.1618;0.0132;0.0469;0.0068;0;0;0.088;0;1.6586;0;0;0;0;0;0;0;0;0;0;0;0;0.0378;0.0096;1.7752;1.7752;0;47.299;47.299;27.079;0.0412;1773.1;1001.2;1;0.0285;0.0285;0;0;0;0;0;0;1.7466;1.6586;0;16.681;19.317;15.586;18.049;98.392;98.392;16.202;14.187;13.256;2.0144;0.9314;0.1243;0.0575;0.8182;30.331;0.7857;0
11/08/21 14:00;28.852;41.273;41.169;39.869;50.131;90;50.131;463.4;125.2;338.2;20.3;8.3501;0;527.58;48.691;102.74;0;13.308;692.32;0;692.32;527.58;102.74;48.691;13.308;0.762;0.0896;0;0.0192;675.13;17.196;0;0;4.7322;12.463;667.52;6.2526;3.985;0.776;1.4558;0.0357;673.78;1.3503;1.0552;0.2055;0.0879;0.0017;670.74;522.54;101.76;42.415;0.8068;183.5;153.41;48.108;4.3245;1.9217;27.642;3.2193;25.239;0;1;0;0;1.494;0.9752;1;1;0.9028;0.0634;0.9907;0.9924;1;0.9668;0.9576;0.998;0.998;1;0.998;0.998;0.9642;0.8711;0.0606;2.079;2.0785;0.0125;-0.0002;0.1668;0.0133;0.0472;0.005;0;0;0.088;0;1.6694;0;0;0;0;0;0;0;0;0;0;0;0;0.038;0.0097;1.7862;1.7862;0;47.816;47.816;27.516;0.0412;1787.1;999.48;1;0.0287;0.0287;0;0;0;0;0;0;1.7574;1.6694;0;16.366;18.952;15.297;17.713;98.392;98.392;16.616;14.275;13.342;2.3407;0.9328;0.1409;0.0561;0.803;38.065;0.7797;0
11/08/21 15:00;19.798;53.696;34.771;24.069;57.475;90;57.475;292.9;135.4;157.5;20.28;7.7299;0;381.99;67.766;114.61;0;10.834;575.2;0;575.2;381.99;114.61;67.766;10.834;0.6641;0.1366;0;0.0188;557;18.203;0;0;8.0298;10.173;551.88;3.9985;1.4588;0.4377;2.0668;0.0352;555.88;1.114;0.764;0.2292;0.1195;0.0013;553.4;379.76;113.95;57.55;0.6239;58.3;48.739;17.113;9.7224;1.0343;14.878;1.5196;6.19;0;1;0;0;1.9638;0.9684;1;1;0.8815;0.061;0.9928;0.9962;1;0.9653;0.9466;0.998;0.998;1;0.998;0.998;0.9595;0.8492;0.0576;1.7273;1.6982;0.0102;0.0037;0.1076;0.011;0.0391;0.0028;0;0;0.088;0;1.3742;0;0;0;0;0;0;0;0;0;0;0;0;0.0315;0.0067;1.4855;1.4855;0;42.952;42.952;22.672;0.0411;1461.2;1016.7;1;0.0233;0.0233;0;0;0;0;0;0;1.4622;1.3742;0;16.383;18.971;15.156;17.55;98.432;98.432;13.805;11.872;10.983;1.9325;0.8894;0.14;0.0644;0.7956;57.297;0.7805;0
11/08/21 16:00;9.2964;64.012;66.934;10.321;15.433;90;15.433;73.704;71.003;2.7009;18.97;7.7201;0;6.5506;68.848;2.161;0;0.2126;77.772;0;77.772;6.5506;2.161;68.848;0.2126;0.0842;0.888;0;0.0027;76.558;1.2142;0;0;1.0364;0.1778;73.197;3.2082;0.5037;0.1662;2.5305;0.0078;76.405;0.1531;0.0131;0.0043;0.1356;0.0001;73.243;6.0338;1.9905;65.145;0.027;41.981;35.096;10.601;0.0986;0.4081;5.8698;0.0465;6.1793;0;1;0;0;1.0552;0.9844;1;1;0.9849;0.1639;0.958;0.923;1;0.9626;0.7753;0.998;0.998;1;0.998;0.998;0.9412;0.9462;0.1268;0.2335;0.233;0.0014;0.0159;-0.0026;0.0015;0.0054;0.0011;0;0;0.088;0;0.1113;0;0;0;0;0;0;0;0;0;0;0;0;0.0044;0.0002;0.2056;0.2056;0;21.973;21.973;3.0029;0.041;197.9;1038.8;1;0.0063;0.0063;0;0;0;0;0;0;0.1993;0.1113;0;16.769;19.419;9.0789;10.513;96.943;96.943;1.8665;1.6431;0.8896;0.2235;0.7535;0.1197;0.4037;0.4766;41.963;0.4511;0
11/08/21 17:00;1.9587;69.939;85.245;2.0851;2.9773;90;2.9773;0;0;0;17.11;7.84;0;0;0;0;0;0;0;0;0;0;0;0;0;1;1;1;1;0;0;0;0;0;0;0;0;0;0;0;0;0;0;0;0;0;0;0;0;0;0;0;0;0;0;0;0;0;0;0;0;0;0;0;1;1;1;1;1;1;1;1;1;1;1;1;1;1;1;1;1;1;1;0;0;0;0;0;0;0;0;0;0.0004;0.088;0;-0.0884;0;0;0;0;0;0;0;0;0;0;0;0;0;0;0;0;0;0;0;-17.11;0;0;0;0;0.0004;0;0;0;0;0;0;0;-0.0004;-0.0884;0;0;0;0;0;0;0;0;0;-0.7063;0;0.7063;1;1;0;0;0;0
11/08/21 18:00;0;0;90;0;0;90;0;0;0;0;16.5;7.6599;0;0;0;0;0;0;0;0;0;0;0;0;0;1;1;1;1;0;0;0;0;0;0;0;0;0;0;0;0;0;0;0;0;0;0;0;0;0;0;0;0;0;0;0;0;0;0;0;0;0;0;0;1;1;1;1;1;1;1;1;1;1;1;1;1;1;1;1;1;1;1;0;0;0;0;0;0;0;0;0;0.0004;0.088;0;-0.0884;0;0;0;0;0;0;0;0;0;0;0;0;0;0;0;0;0;0;0;-16.5;0;0;0;0;0.0004;0;0;0;0;0;0;0;-0.0004;-0.0884;0;0;0;0;0;0;0;0;0;-0.7063;0;0.7063;1;1;0;0;0;0
11/08/21 19:00;0;0;90;0;0;90;0;0;0;0;14.54;6.6899;0;0;0;0;0;0;0;0;0;0;0;0;0;1;1;1;1;0;0;0;0;0;0;0;0;0;0;0;0;0;0;0;0;0;0;0;0;0;0;0;0;0;0;0;0;0;0;0;0;0;0;0;1;1;1;1;1;1;1;1;1;1;1;1;1;1;1;1;1;1;1;0;0;0;0;0;0;0;0;0;0.0004;0.088;0;-0.0884;0;0;0;0;0;0;0;0;0;0;0;0;0;0;0;0;0;0;0;-14.54;0;0;0;0;0.0004;0;0;0;0;0;0;0;-0.0004;-0.0884;0;0;0;0;0;0;0;0;0;-0.7063;0;0.7063;1;1;0;0;0;0
11/08/21 20:00;0;0;90;0;0;90;0;0;0;0;11.5;6.6199;0;0;0;0;0;0;0;0;0;0;0;0;0;1;1;1;1;0;0;0;0;0;0;0;0;0;0;0;0;0;0;0;0;0;0;0;0;0;0;0;0;0;0;0;0;0;0;0;0;0;0;0;1;1;1;1;1;1;1;1;1;1;1;1;1;1;1;1;1;1;1;0;0;0;0;0;0;0;0;0;0.0004;0.088;0;-0.0884;0;0;0;0;0;0;0;0;0;0;0;0;0;0;0;0;0;0;0;-11.5;0;0;0;0;0.0004;0;0;0;0;0;0;0;-0.0004;-0.0884;0;0;0;0;0;0;0;0;0;-0.7063;0;0.7063;1;1;0;0;0;0
11/08/21 21:00;0;0;90;0;0;90;0;0;0;0;11.1;6.8401;0;0;0;0;0;0;0;0;0;0;0;0;0;1;1;1;1;0;0;0;0;0;0;0;0;0;0;0;0;0;0;0;0;0;0;0;0;0;0;0;0;0;0;0;0;0;0;0;0;0;0;0;1;1;1;1;1;1;1;1;1;1;1;1;1;1;1;1;1;1;1;0;0;0;0;0;0;0;0;0;0.0004;0.088;0;-0.0884;0;0;0;0;0;0;0;0;0;0;0;0;0;0;0;0;0;0;0;-11.1;0;0;0;0;0.0004;0;0;0;0;0;0;0;-0.0004;-0.0884;0;0;0;0;0;0;0;0;0;-0.7063;0;0.7063;1;1;0;0;0;0
11/08/21 22:00;0;0;90;0;0;90;0;0;0;0;10.42;5.52;0;0;0;0;0;0;0;0;0;0;0;0;0;1;1;1;1;0;0;0;0;0;0;0;0;0;0;0;0;0;0;0;0;0;0;0;0;0;0;0;0;0;0;0;0;0;0;0;0;0;0;0;1;1;1;1;1;1;1;1;1;1;1;1;1;1;1;1;1;1;1;0;0;0;0;0;0;0;0;0;0.0004;0.088;0;-0.0884;0;0;0;0;0;0;0;0;0;0;0;0;0;0;0;0;0;0;0;-10.42;0;0;0;0;0.0004;0;0;0;0;0;0;0;-0.0004;-0.0884;0;0;0;0;0;0;0;0;0;-0.7063;0;0.7063;1;1;0;0;0;0
11/08/21 23:00;0;0;90;0;0;90;0;0;0;0;10.7;3.5999;0;0;0;0;0;0;0;0;0;0;0;0;0;1;1;1;1;0;0;0;0;0;0;0;0;0;0;0;0;0;0;0;0;0;0;0;0;0;0;0;0;0;0;0;0;0;0;0;0;0;0;0;1;1;1;1;1;1;1;1;1;1;1;1;1;1;1;1;1;1;1;0;0;0;0;0;0;0;0;0;0.0004;0.088;0;-0.0884;0;0;0;0;0;0;0;0;0;0;0;0;0;0;0;0;0;0;0;-10.7;0;0;0;0;0.0004;0;0;0;0;0;0;0;-0.0004;-0.0884;0;0;0;0;0;0;0;0;0;-0.7063;0;0.7063;1;1;0;0;0;0
12/08/21 00:00;0;0;90;0;0;90;0;0;0;0;9.7002;2.4501;0;0;0;0;0;0;0;0;0;0;0;0;0;1;1;1;1;0;0;0;0;0;0;0;0;0;0;0;0;0;0;0;0;0;0;0;0;0;0;0;0;0;0;0;0;0;0;0;0;0;0;0;1;1;1;1;1;1;1;1;1;1;1;1;1;1;1;1;1;1;1;0;0;0;0;0;0;0;0;0;0.0004;0.088;0;-0.0884;0;0;0;0;0;0;0;0;0;0;0;0;0;0;0;0;0;0;0;-9.7002;0;0;0;0;0.0004;0;0;0;0;0;0;0;-0.0004;-0.0884;0;0;0;0;0;0;0;0;0;-0.7063;0;0.7063;1;1;0;0;0;0
12/08/21 01:00;0;0;90;0;0;90;0;0;0;0;9.2302;2.65;0;0;0;0;0;0;0;0;0;0;0;0;0;1;1;1;1;0;0;0;0;0;0;0;0;0;0;0;0;0;0;0;0;0;0;0;0;0;0;0;0;0;0;0;0;0;0;0;0;0;0;0;1;1;1;1;1;1;1;1;1;1;1;1;1;1;1;1;1;1;1;0;0;0;0;0;0;0;0;0;0.0004;0.088;0;-0.0884;0;0;0;0;0;0;0;0;0;0;0;0;0;0;0;0;0;0;0;-9.2302;0;0;0;0;0.0004;0;0;0;0;0;0;0;-0.0004;-0.0884;0;0;0;0;0;0;0;0;0;-0.7063;0;0.7063;1;1;0;0;0;0
12/08/21 02:00;0;0;90;0;0;90;0;0;0;0;9.31;4.17;0;0;0;0;0;0;0;0;0;0;0;0;0;1;1;1;1;0;0;0;0;0;0;0;0;0;0;0;0;0;0;0;0;0;0;0;0;0;0;0;0;0;0;0;0;0;0;0;0;0;0;0;1;1;1;1;1;1;1;1;1;1;1;1;1;1;1;1;1;1;1;0;0;0;0;0;0;0;0;0;0.0004;0.088;0;-0.0884;0;0;0;0;0;0;0;0;0;0;0;0;0;0;0;0;0;0;0;-9.31;0;0;0;0;0.0004;0;0;0;0;0;0;0;-0.0004;-0.0884;0;0;0;0;0;0;0;0;0;-0.7063;0;0.7063;1;1;0;0;0;0
12/08/21 03:00;0;0;90;0;0;90;0;0;0;0;8.3999;4.4501;0;0;0;0;0;0;0;0;0;0;0;0;0;1;1;1;1;0;0;0;0;0;0;0;0;0;0;0;0;0;0;0;0;0;0;0;0;0;0;0;0;0;0;0;0;0;0;0;0;0;0;0;1;1;1;1;1;1;1;1;1;1;1;1;1;1;1;1;1;1;1;0;0;0;0;0;0;0;0;0;0.0004;0.088;0;-0.0884;0;0;0;0;0;0;0;0;0;0;0;0;0;0;0;0;0;0;0;-8.3999;0;0;0;0;0.0004;0;0;0;0;0;0;0;-0.0004;-0.0884;0;0;0;0;0;0;0;0;0;-0.7063;0;0.7063;1;1;0;0;0;0
12/08/21 04:00;0;0;90;0;0;90;0;0;0;0;7.6999;3.8101;0;0;0;0;0;0;0;0;0;0;0;0;0;1;1;1;1;0;0;0;0;0;0;0;0;0;0;0;0;0;0;0;0;0;0;0;0;0;0;0;0;0;0;0;0;0;0;0;0;0;0;0;1;1;1;1;1;1;1;1;1;1;1;1;1;1;1;1;1;1;1;0;0;0;0;0;0;0;0;0;0.0004;0.088;0;-0.0884;0;0;0;0;0;0;0;0;0;0;0;0;0;0;0;0;0;0;0;-7.6999;0;0;0;0;0.0004;0;0;0;0;0;0;0;-0.0004;-0.0884;0;0;0;0;0;0;0;0;0;-0.7063;0;0.7063;1;1;0;0;0;0
12/08/21 05:00;0;0;90;0;0;90;0;0;0;0;7.2;3.4201;0;0;0;0;0;0;0;0;0;0;0;0;0;1;1;1;1;0;0;0;0;0;0;0;0;0;0;0;0;0;0;0;0;0;0;0;0;0;0;0;0;0;0;0;0;0;0;0;0;0;0;0;1;1;1;1;1;1;1;1;1;1;1;1;1;1;1;1;1;1;1;0;0;0;0;0;0;0;0;0;0.0004;0.088;0;-0.0884;0;0;0;0;0;0;0;0;0;0;0;0;0;0;0;0;0;0;0;-7.2;0;0;0;0;0.0004;0;0;0;0;0;0;0;-0.0004;-0.0884;0;0;0;0;0;0;0;0;0;-0.7063;0;0.7063;1;1;0;0;0;0
12/08/21 06:00;1.4126;-70.73;86.572;1.4964;2.1348;-90;-2.1348;0;0;0;7.4001;3.77;0;0;0;0;0;0;0;0;0;0;0;0;0;1;1;1;1;0;0;0;0;0;0;0;0;0;0;0;0;0;0;0;0;0;0;0;0;0;0;0;0;0;0;0;0;0;0;0;0;0;0;0;1;1;1;1;1;1;1;1;1;1;1;1;1;1;1;1;1;1;1;0;0;0;0;0;0;0;0;0;0.0004;0.088;0;-0.0884;0;0;0;0;0;0;0;0;0;0;0;0;0;0;0;0;0;0;0;-7.4001;0;0;0;0;0.0004;0;0;0;0;0;0;0;-0.0004;-0.0884;0;0;0;0;0;0;0;0;0;-0.7063;0;0.7063;1;1;0;0;0;0
12/08/21 07:00;8.4229;-65.155;69.191;9.2677;13.723;-90;-13.723;73.802;45.4;28.402;7.4001;3.6799;0;68.883;38.241;16.018;0;0.1685;123.31;0;123.31;68.883;16.018;38.241;0.1685;0.5586;0.3115;0;0.0014;122.7;0.6117;0;0;0.4712;0.1405;112.6;9.853;6.8113;1.5839;1.4515;0.0063;122.45;0.2454;0.1378;0.032;0.0755;0.0001;112.62;61.934;14.402;36.243;0.0217;23.341;19.513;5.9004;0.036;0.2252;3.24;0.0191;3.4292;0;1;0;0;1.6708;0.995;1;1;0.9877;0.1663;0.9195;0.9009;1;0.9615;0.7755;0.998;0.998;1;0.998;0.998;0.9131;0.9477;0.1287;0.3703;0.346;0.0021;0.0176;-0.0163;0.0024;0.0085;0.0006;0;0;0.088;0;0.228;0;0;0;0;0;0;0;0;0;0;0;0;0.0069;0.0004;0.3239;0.3239;0;11.96;11.96;4.5595;0.0405;294.8;1098.6;1;0.0079;0.0079;0;0;0;0;0;0;0.316;0.228;0;16.661;19.293;11.729;13.582;97.57;97.57;2.9595;2.5883;1.8221;0.3711;0.7662;0.1254;0.2589;0.6157;23.17;0.6038;0
12/08/21 08:00;19.056;-54.99;37.644;22.866;47.597;-90;-47.597;188.9;130.1;58.801;7.92;3.8201;0;142.61;94.198;42.636;0;4.9213;284.36;0;284.36;142.61;42.636;94.198;4.9213;0.5015;0.3486;0;0.0173;271.3;13.06;0;0;8.4749;4.5847;266.92;3.8444;0.7837;0.2343;2.8101;0.0162;270.76;0.5426;0.2852;0.0853;0.1714;0.0007;268.09;141.54;42.316;82.741;0.3196;72.211;60.368;20.589;6.9836;0.9918;14.266;1.1715;8.2745;0;1;0;0;1.5054;0.9541;1;1;0.91;0.0684;0.9858;0.9945;1;0.9672;0.9517;0.998;0.998;1;0.998;0.998;0.9386;0.8784;0.065;0.8539;0.8375;0.005;0.0155;-0.0187;0.0058;0.0207;0.0028;0;0;0.088;0;0.686;0;0;0;0;0;0;0;0;0;0;0;0;0.0167;0.0019;0.7876;0.7876;0;18.71;18.71;10.79;0.0404;716;1100;1;0.0137;0.0137;0;0;0;0;0;0;0.774;0.686;0;17.571;20.347;15.303;17.721;98.266;98.266;6.8247;6.2948;5.4824;0.5299;0.8124;0.0776;0.119;0.8033;71.837;0.7742;0
12/08/21 09:00;28.309;-42.776;40.258;38.419;51.581;-90;-51.581;477.6;78.799;398.8;9.2003;4.2299;0;641.78;23.575;80.01;0;14.465;759.83;0;759.83;641.78;80.01;23.575;14.465;0.8446;0.0501;0;0.019;743.91;15.916;0;0;2.3834;13.533;736.61;5.8116;4.5062;0.5618;0.7066;0.037;742.42;1.4878;1.2836;0.16;0.0424;0.0019;739.83;635.99;79.288;20.443;0.8939;171.08;143.02;43.897;2.3145;1.7419;25.057;3.221;24.484;0;1;0;0;1.5909;0.9791;1;1;0.8989;0.0645;0.9922;0.993;1;0.9666;0.9603;0.998;0.998;1;0.998;0.998;0.9694;0.8671;0.0618;2.2818;2.2811;0.0137;-0.0015;0.1141;0.0151;0.0535;0.0047;0;0;0.088;0;1.9049;0;0;0;0;0;0;0;0;0;0;0;0;0.0431;0.0116;2.0269;2.0269;0;39.345;39.345;30.144;0.0409;1959.2;1034.6;1;0.034;0.034;0;0;0;0;0;0;1.9929;1.9049;0;16.922;19.595;15.903;18.416;98.322;98.322;18.236;16.199;15.224;2.037;0.9752;0.1117;0.0535;0.8348;18.706;0.8147;0
12/08/21 10:00;35.423;-27.868;46.086;56.688;33.312;-90;-33.312;649.6;107.2;542.4;10.85;4.3199;0;649.05;29.311;90.067;0;8.539;776.96;0;776.96;649.05;90.067;29.311;8.539;0.8354;0.0487;0;0.011;767.82;9.1442;0;0;1.5381;7.6061;757.54;8.743;6.7651;0.9388;0.8962;0.1429;766.28;1.5356;1.2981;0.1801;0.0555;0.0019;759.96;640.98;88.948;26.821;0.7882;334.2;279.39;90.22;0.6393;2.86;41.14;2.4196;43.361;0;1;0;0;1.1961;0.9882;1;1;0.9475;0.1093;0.9886;0.9896;1;0.9677;0.8466;0.998;0.998;1;0.998;0.998;0.975;0.9151;0.0923;2.3332;2.3756;0.0143;-0.0019;0.1402;0.0156;0.0552;0.0077;0;0;0.088;0;1.9647;0;0;0;0;0;0;0;0;0;0;0;0;0.0444;0.0125;2.0876;2.0876;0;41.916;41.916;31.066;0.041;2040.1;1023.3;1;0.035;0.035;0;0;0;0;0;0;2.0527;1.9647;0;17.045;19.738;16.041;18.575;98.325;98.325;18.647;16.684;15.702;1.9627;0.9827;0.1053;0.0527;0.842;19.785;0.8099;0
12/08/21 11:00;39.456;-10.293;49.437;77.752;12.248;-90;-12.248;249.2;236.9;12.3;11.35;4.28;0;12.587;230.81;3.5205;0;0.4538;247.37;0;247.37;12.587;3.5205;230.81;0.4538;0.0509;0.9349;0;0.0018;244.64;2.7262;0;0;2.348;0.3782;234.94;9.2131;0.1558;0.0436;8.9968;0.017;244.15;0.4893;0.0252;0.007;0.4569;0.0002;235.03;12.406;3.4699;219;0.0585;148.33;124;37.385;0.1436;1.433;20.614;0.092;21.903;0;1;0;0;0.9926;0.989;1;1;0.9898;0.1665;0.9623;0.9876;1;0.9605;0.7752;0.998;0.998;1;0.998;0.998;0.9498;0.9489;0.1288;0.7428;0.7513;0.0045;0.0164;-0.011;0.0052;0.0184;0.0041;0;0;0.088;0;0.5972;0;0;0;0;0;0;0;0;0;0;0;0;0.0148;0.0015;0.6974;0.6974;0;20.874;20.874;9.5236;0.0405;641.7;1086.8;1;0.0122;0.0122;0;0;0;0;0;0;0.6852;0.5972;0;17.884;20.71;15.314;17.734;98.249;98.249;5.9368;5.5735;4.7726;0.3633;0.8009;0.0612;0.1349;0.8039;139.2;0.7567;0
12/08/21 12:00;39.644;8.5441;49.594;79.834;10.166;90;10.166;685.39;113.2;572.19;13.27;4.2901;0;581.31;36.742;77.385;0;0.8608;696.3;0;696.3;581.31;77.385;36.742;0.8608;0.8349;0.054;0;0.0012;695.31;0.9929;0;0;0.2742;0.7187;684.19;9.7302;7.2495;0.9651;1.4836;0.0319;693.92;1.3906;1.1626;0.1548;0.0729;0.0003;684.35;572.9;76.265;34.911;0.1099;400.13;334.51;106.38;0.0116;3.4819;50.086;0.1666;53.556;0;1;0;0;1.0159;0.9986;1;1;0.9925;0.1651;0.986;0.9875;1;0.9592;0.7747;0.998;0.998;1;0.998;0.998;0.9826;0.9502;0.1276;2.091;2.1668;0.013;-0.0008;0.1236;0.0142;0.0504;0.0094;0;0;0.088;0;1.7864;0;0;0;0;0;0;0;0;0;0;0;0;0.0406;0.0105;1.9059;1.9059;0;41.319;41.319;28.049;0.041;1859.3;1025;1;0.0315;0.0315;0;0;0;0;0;0;1.8744;1.7864;0;17.363;20.106;16.275;18.846;98.347;98.347;16.711;15.232;14.277;1.4795;0.9551;0.0885;0.0572;0.8543;22.033;0.8107;0
12/08/21 13:00;35.948;26.322;46.52;58.555;31.445;90;31.445;513.8;182.7;331.1;12.8;4.35;0;388.09;97.652;90.62;0;6.0363;582.4;0;582.4;388.09;90.62;97.652;6.0363;0.6664;0.178;0;0.0104;572.37;10.028;0;0;4.6854;5.3427;562.99;8.2379;4.1434;0.9675;3.0102;0.1168;571.23;1.1447;0.7762;0.1812;0.1859;0.0014;564.76;383.17;89.471;89.771;0.5755;277.01;231.58;73.737;1.7413;2.5174;36.211;1.7711;36.987;0;1;0;0;1.1335;0.9828;1;1;0.952;0.1149;0.9856;0.9893;1;0.9676;0.8313;0.998;0.998;1;0.998;0.998;0.9667;0.9193;0.0953;1.7489;1.7773;0.0107;0.0028;0.0672;0.0119;0.0421;0.0069;0;0;0.088;0;1.4807;0;0;0;0;0;0;0;0;0;0;0;0;0.0339;0.0073;1.5946;1.5946;0;35.789;35.789;22.989;0.0408;1526.4;1044.7;1;0.0259;0.0259;0;0;0;0;0;0;1.5687;1.4807;0;17.368;20.112;16.128;18.676;98.377;98.377;13.978;12.744;11.834;1.2337;0.9102;0.0883;0.0651;0.8466;65.02;0.809;0
12/08/21 14:00;29.081;41.498;40.886;40.009;49.991;90;49.991;479.01;115.5;363.51;13;4.27;0;565.41;41.639;100.8;0;13.684;721.54;0;721.54;565.41;100.8;41.639;13.684;0.7836;0.0767;0;0.019;704.7;16.844;0;0;4.0304;12.814;697.08;6.2037;4.1772;0.7447;1.2447;0.037;703.29;1.4094;1.1308;0.2016;0.0752;0.0017;700.34;560.11;99.858;36.289;0.8311;187.48;156.73;49.01;3.6629;1.9232;27.665;3.2532;25.925;0;1;0;0;1.5063;0.9767;1;1;0.9032;0.0636;0.9912;0.9926;1;0.9668;0.9573;0.998;0.998;1;0.998;0.998;0.9661;0.8715;0.0607;2.1668;2.1677;0.013;-0.0009;0.1257;0.0142;0.0504;0.0052;0;0;0.088;0;1.7893;0;0;0;0;0;0;0;0;0;0;0;0;0.0406;0.0105;1.9089;1.9089;0;41.583;41.583;28.583;0.041;1862.1;1025.1;1;0.0316;0.0316;0;0;0;0;0;0;1.8773;1.7893;0;16.783;19.434;15.732;18.217;98.346;98.346;17.317;15.256;14.3;2.061;0.9556;0.119;0.0552;0.8258;32.506;0.8028;0
12/08/21 15:00;19.993;53.942;34.017;24.23;60;90;60;117.79;115.2;2.5953;13.52;3.14;0;6.2918;85.907;1.5905;0;4.7117;98.501;0;98.501;6.2918;1.5905;85.907;4.7117;0.0639;0.92;0;0.0478;83.247;15.254;0;0;10.834;4.4196;80.385;2.696;0.0213;0.0054;2.6496;0.0199;83.081;0.1665;0.0126;0.0032;0.1501;0.0006;82.405;6.258;1.582;72.273;0.2717;74.805;62.537;22.539;14.363;1.4121;20.312;2.0202;7.3607;0;1;0;0;0.8362;0.8451;1;1;0.8739;0.062;0.9675;0.9966;1;0.9646;0.9319;0.998;0.998;1;0.998;0.998;0.8161;0.8413;0.0577;0.2958;0.291;0.0018;0.017;-0.0087;0.002;0.007;0.0039;0;0;0.088;0;0.1672;0;0;0;0;0;0;0;0;0;0;0;0;0.0056;0.0003;0.2622;0.2622;0;16.8;16.8;3.2798;0.0408;246.3;1064.6;1;0.007;0.007;0;0;0;0;0;0;0.2552;0.1672;0;16.886;19.554;10.771;12.473;97.349;97.349;2.364;2.0955;1.3366;0.2685;0.7588;0.1136;0.321;0.5654;74.788;0.4898;0
12/08/21 16:00;9.4641;64.267;66.498;10.484;15.703;90;15.703;112.5;92.303;20.197;13.18;2.5599;0;48.984;82.232;20.63;0;0.3359;152.18;0;152.18;48.984;20.63;82.232;0.3359;0.3219;0.5426;0;0.0022;150.63;1.5555;0;0;1.2746;0.2809;142.21;8.1185;3.5881;1.5112;3.0069;0.0123;150.33;0.3013;0.098;0.0413;0.1619;0.0001;142.27;45.298;19.078;77.789;0.0426;50.312;42.061;12.729;0.1253;0.4879;7.0189;0.0581;7.3816;0;1;0;0;1.3527;0.9898;1;1;0.9845;0.1638;0.946;0.9266;1;0.9628;0.7754;0.998;0.998;1;0.998;0.998;0.9345;0.946;0.1267;0.457;0.4433;0.0027;0.0181;-0.0097;0.003;0.0107;0.0014;0;0;0.088;0;0.3113;0;0;0;0;0;0;0;0;0;0;0;0;0.0086;0.0006;0.4078;0.4078;0;18.96;18.96;5.7799;0.0406;378.41;1077.7;1;0.0086;0.0086;0;0;0;0;0;0;0.3993;0.3113;0;17;19.685;12.975;15.025;97.903;97.903;3.6524;3.2593;2.4877;0.3931;0.7716;0.1076;0.2113;0.6811;50.172;0.6584;0
12/08/21 17:00;1.92;70.346;85.339;2.0387;2.9108;90;2.9108;0;0;0;10.26;2.6101;0;0;0;0;0;0;0;0;0;0;0;0;0;1;1;1;1;0;0;0;0;0;0;0;0;0;0;0;0;0;0;0;0;0;0;0;0;0;0;0;0;0;0;0;0;0;0;0;0;0;0;0;1;1;1;1;1;1;1;1;1;1;1;1;1;1;1;1;1;1;1;0;0;0;0;0;0;0;0;0;0.0004;0.088;0;-0.0884;0;0;0;0;0;0;0;0;0;0;0;0;0;0;0;0;0;0;0;-10.26;0;0;0;0;0.0004;0;0;0;0;0;0;0;-0.0004;-0.0884;0;0;0;0;0;0;0;0;0;-0.7063;0;0.7063;1;1;0;0;0;0
12/08/21 18:00;0;0;90;0;0;90;0;0;0;0;8.1799;2.59;0;0;0;0;0;0;0;0;0;0;0;0;0;1;1;1;1;0;0;0;0;0;0;0;0;0;0;0;0;0;0;0;0;0;0;0;0;0;0;0;0;0;0;0;0;0;0;0;0;0;0;0;1;1;1;1;1;1;1;1;1;1;1;1;1;1;1;1;1;1;1;0;0;0;0;0;0;0;0;0;0.0004;0.088;0;-0.0884;0;0;0;0;0;0;0;0;0;0;0;0;0;0;0;0;0;0;0;-8.1799;0;0;0;0;0.0004;0;0;0;0;0;0;0;-0.0004;-0.0884;0;0;0;0;0;0;0;0;0;-0.7063;0;0.7063;1;1;0;0;0;0
12/08/21 19:00;0;0;90;0;0;90;0;0;0;0;6.1703;2.4699;0;0;0;0;0;0;0;0;0;0;0;0;0;1;1;1;1;0;0;0;0;0;0;0;0;0;0;0;0;0;0;0;0;0;0;0;0;0;0;0;0;0;0;0;0;0;0;0;0;0;0;0;1;1;1;1;1;1;1;1;1;1;1;1;1;1;1;1;1;1;1;0;0;0;0;0;0;0;0;0;0.0004;0.088;0;-0.0884;0;0;0;0;0;0;0;0;0;0;0;0;0;0;0;0;0;0;0;-6.1703;0;0;0;0;0.0004;0;0;0;0;0;0;0;-0.0004;-0.0884;0;0;0;0;0;0;0;0;0;-0.7063;0;0.7063;1;1;0;0;0;0
12/08/21 20:00;0;0;90;0;0;90;0;0;0;0;4.7497;2.3001;0;0;0;0;0;0;0;0;0;0;0;0;0;1;1;1;1;0;0;0;0;0;0;0;0;0;0;0;0;0;0;0;0;0;0;0;0;0;0;0;0;0;0;0;0;0;0;0;0;0;0;0;1;1;1;1;1;1;1;1;1;1;1;1;1;1;1;1;1;1;1;0;0;0;0;0;0;0;0;0;0.0004;0.088;0;-0.0884;0;0;0;0;0;0;0;0;0;0;0;0;0;0;0;0;0;0;0;-4.7497;0;0;0;0;0.0004;0;0;0;0;0;0;0;-0.0004;-0.0884;0;0;0;0;0;0;0;0;0;-0.7063;0;0.7063;1;1;0;0;0;0
12/08/21 21:00;0;0;90;0;0;90;0;0;0;0;4.0802;2.11;0;0;0;0;0;0;0;0;0;0;0;0;0;1;1;1;1;0;0;0;0;0;0;0;0;0;0;0;0;0;0;0;0;0;0;0;0;0;0;0;0;0;0;0;0;0;0;0;0;0;0;0;1;1;1;1;1;1;1;1;1;1;1;1;1;1;1;1;1;1;1;0;0;0;0;0;0;0;0;0;0.0004;0.088;0;-0.0884;0;0;0;0;0;0;0;0;0;0;0;0;0;0;0;0;0;0;0;-4.0802;0;0;0;0;0.0004;0;0;0;0;0;0;0;-0.0004;-0.0884;0;0;0;0;0;0;0;0;0;-0.7063;0;0.7063;1;1;0;0;0;0
12/08/21 22:00;0;0;90;0;0;90;0;0;0;0;5.12;1.97;0;0;0;0;0;0;0;0;0;0;0;0;0;1;1;1;1;0;0;0;0;0;0;0;0;0;0;0;0;0;0;0;0;0;0;0;0;0;0;0;0;0;0;0;0;0;0;0;0;0;0;0;1;1;1;1;1;1;1;1;1;1;1;1;1;1;1;1;1;1;1;0;0;0;0;0;0;0;0;0;0.0004;0.088;0;-0.0884;0;0;0;0;0;0;0;0;0;0;0;0;0;0;0;0;0;0;0;-5.12;0;0;0;0;0.0004;0;0;0;0;0;0;0;-0.0004;-0.0884;0;0;0;0;0;0;0;0;0;-0.7063;0;0.7063;1;1;0;0;0;0
12/08/21 23:00;0;0;90;0;0;90;0;0;0;0;7.22;1.9299;0;0;0;0;0;0;0;0;0;0;0;0;0;1;1;1;1;0;0;0;0;0;0;0;0;0;0;0;0;0;0;0;0;0;0;0;0;0;0;0;0;0;0;0;0;0;0;0;0;0;0;0;1;1;1;1;1;1;1;1;1;1;1;1;1;1;1;1;1;1;1;0;0;0;0;0;0;0;0;0;0.0004;0.088;0;-0.0884;0;0;0;0;0;0;0;0;0;0;0;0;0;0;0;0;0;0;0;-7.22;0;0;0;0;0.0004;0;0;0;0;0;0;0;-0.0004;-0.0884;0;0;0;0;0;0;0;0;0;-0.7063;0;0.7063;1;1;0;0;0;0
13/08/21 00:00;0;0;90;0;0;90;0;0;0;0;7.4599;1.88;0;0;0;0;0;0;0;0;0;0;0;0;0;1;1;1;1;0;0;0;0;0;0;0;0;0;0;0;0;0;0;0;0;0;0;0;0;0;0;0;0;0;0;0;0;0;0;0;0;0;0;0;1;1;1;1;1;1;1;1;1;1;1;1;1;1;1;1;1;1;1;0;0;0;0;0;0;0;0;0;0.0004;0.088;0;-0.0884;0;0;0;0;0;0;0;0;0;0;0;0;0;0;0;0;0;0;0;-7.4599;0;0;0;0;0.0004;0;0;0;0;0;0;0;-0.0004;-0.0884;0;0;0;0;0;0;0;0;0;-0.7063;0;0.7063;1;1;0;0;0;0
13/08/21 01:00;0;0;90;0;0;90;0;0;0;0;6.97;1.8;0;0;0;0;0;0;0;0;0;0;0;0;0;1;1;1;1;0;0;0;0;0;0;0;0;0;0;0;0;0;0;0;0;0;0;0;0;0;0;0;0;0;0;0;0;0;0;0;0;0;0;0;1;1;1;1;1;1;1;1;1;1;1;1;1;1;1;1;1;1;1;0;0;0;0;0;0;0;0;0;0.0004;0.088;0;-0.0884;0;0;0;0;0;0;0;0;0;0;0;0;0;0;0;0;0;0;0;-6.97;0;0;0;0;0.0004;0;0;0;0;0;0;0;-0.0004;-0.0884;0;0;0;0;0;0;0;0;0;-0.7063;0;0.7063;1;1;0;0;0;0
13/08/21 02:00;0;0;90;0;0;90;0;0;0;0;6.9999;1.71;0;0;0;0;0;0;0;0;0;0;0;0;0;1;1;1;1;0;0;0;0;0;0;0;0;0;0;0;0;0;0;0;0;0;0;0;0;0;0;0;0;0;0;0;0;0;0;0;0;0;0;0;1;1;1;1;1;1;1;1;1;1;1;1;1;1;1;1;1;1;1;0;0;0;0;0;0;0;0;0;0.0004;0.088;0;-0.0884;0;0;0;0;0;0;0;0;0;0;0;0;0;0;0;0;0;0;0;-6.9999;0;0;0;0;0.0004;0;0;0;0;0;0;0;-0.0004;-0.0884;0;0;0;0;0;0;0;0;0;-0.7063;0;0.7063;1;1;0;0;0;0
13/08/21 03:00;0;0;90;0;0;90;0;0;0;0;6.5598;1.5801;0;0;0;0;0;0;0;0;0;0;0;0;0;1;1;1;1;0;0;0;0;0;0;0;0;0;0;0;0;0;0;0;0;0;0;0;0;0;0;0;0;0;0;0;0;0;0;0;0;0;0;0;1;1;1;1;1;1;1;1;1;1;1;1;1;1;1;1;1;1;1;0;0;0;0;0;0;0;0;0;0.0004;0.088;0;-0.0884;0;0;0;0;0;0;0;0;0;0;0;0;0;0;0;0;0;0;0;-6.5598;0;0;0;0;0.0004;0;0;0;0;0;0;0;-0.0004;-0.0884;0;0;0;0;0;0;0;0;0;-0.7063;0;0.7063;1;1;0;0;0;0
13/08/21 04:00;0;0;90;0;0;90;0;0;0;0;6.97;1.3501;0;0;0;0;0;0;0;0;0;0;0;0;0;1;1;1;1;0;0;0;0;0;0;0;0;0;0;0;0;0;0;0;0;0;0;0;0;0;0;0;0;0;0;0;0;0;0;0;0;0;0;0;1;1;1;1;1;1;1;1;1;1;1;1;1;1;1;1;1;1;1;0;0;0;0;0;0;0;0;0;0.0004;0.088;0;-0.0884;0;0;0;0;0;0;0;0;0;0;0;0;0;0;0;0;0;0;0;-6.97;0;0;0;0;0.0004;0;0;0;0;0;0;0;-0.0004;-0.0884;0;0;0;0;0;0;0;0;0;-0.7063;0;0.7063;1;1;0;0;0;0
13/08/21 05:00;0;0;90;0;0;90;0;0;0;0;7.1003;0.99;0;0;0;0;0;0;0;0;0;0;0;0;0;1;1;1;1;0;0;0;0;0;0;0;0;0;0;0;0;0;0;0;0;0;0;0;0;0;0;0;0;0;0;0;0;0;0;0;0;0;0;0;1;1;1;1;1;1;1;1;1;1;1;1;1;1;1;1;1;1;1;0;0;0;0;0;0;0;0;0;0.0004;0.088;0;-0.0884;0;0;0;0;0;0;0;0;0;0;0;0;0;0;0;0;0;0;0;-7.1003;0;0;0;0;0.0004;0;0;0;0;0;0;0;-0.0004;-0.0884;0;0;0;0;0;0;0;0;0;-0.7063;0;0.7063;1;1;0;0;0;0
13/08/21 06:00;1.626;-70.951;86.054;1.7202;2.4548;-90;-2.4548;0;0;0;7.1003;0.66;0;0;0;0;0;0;0;0;0;0;0;0;0;1;1;1;1;0;0;0;0;0;0;0;0;0;0;0;0;0;0;0;0;0;0;0;0;0;0;0;0;0;0;0;0;0;0;0;0;0;0;0;1;1;1;1;1;1;1;1;1;1;1;1;1;1;1;1;1;1;1;0;0;0;0;0;0;0;0;0;0.0004;0.088;0;-0.0884;0;0;0;0;0;0;0;0;0;0;0;0;0;0;0;0;0;0;0;-7.1003;0;0;0;0;0.0004;0;0;0;0;0;0;0;-0.0004;-0.0884;0;0;0;0;0;0;0;0;0;-0.7063;0;0.7063;1;1;0;0;0;0
13/08/21 07:00;8.647;-65.367;68.615;9.4976;14.092;-90;-14.092;48.192;44.601;3.5905;7.6002;0.6301;0;8.7079;43.143;1.9374;0;0.116;53.905;0;53.905;8.7079;1.9374;43.143;0.116;0.1615;0.8025;0;0.0022;53.252;0.6526;0;0;0.5559;0.0967;50.528;2.618;0.8075;0.1797;1.6265;0.0043;53.146;0.1065;0.0174;0.0039;0.0852;0;50.551;7.8829;1.7539;40.876;0.0149;26.193;21.898;6.6001;0.0447;0.2544;3.6598;0.0231;3.8696;0;1;0;0;1.1185;0.9879;1;1;0.9871;0.1662;0.9507;0.9071;1;0.9617;0.7756;0.998;0.998;1;0.998;0.998;0.9374;0.9474;0.1287;0.1619;0.16;0.001;0.0139;-0.009;0.0011;0.0038;0.0007;0;0;0.088;0;0.051;0;0;0;0;0;0;0;0;0;0;0;0;0.0031;0.0001;0.1453;0.1453;0;9.6601;9.6601;2.0599;0.0408;135;1076.2;1;0.0062;0.0062;0;0;0;0;0;0;0.139;0.051;0;17.098;19.799;6.0077;6.9567;95.704;95.704;1.2937;1.1612;0.408;0.1325;0.7532;0.1024;0.5822;0.3154;26.172;0.3001;0
13/08/21 08:00;19.301;-55.184;36.713;23.102;49.001;-90;-49.001;114.71;109.5;5.2096;9.4303;2.0799;0;12.635;89.594;3.1391;0;3.1564;108.52;0;108.52;12.635;3.1391;89.594;3.1564;0.1164;0.8547;0;0.0291;97.171;11.354;0;0;8.4084;2.9457;94.213;2.7628;0.0626;0.0155;2.6755;0.0092;96.976;0.1943;0.0253;0.0063;0.1624;0.0004;95.419;12.547;3.1173;78.348;0.201;69.298;57.933;19.84;7.3464;0.9884;14.217;1.2061;7.8594;0;1;0;0;0.9461;0.8954;1;1;0.9061;0.0667;0.9715;0.995;1;0.967;0.9561;0.998;0.998;1;0.998;0.998;0.8681;0.8745;0.0637;0.3259;0.3174;0.0019;0.0173;-0.0135;0.0022;0.0077;0.0028;0;0;0.088;0;0.197;0;0;0;0;0;0;0;0;0;0;0;0;0.0062;0.0004;0.2924;0.2924;0;13.256;13.256;3.826;0.0406;269.29;1085.7;1;0.0074;0.0074;0;0;0;0;0;0;0.285;0.197;0;17.09;19.79;11.513;13.332;97.465;97.465;2.6046;2.3367;1.5741;0.2679;0.7625;0.1029;0.2928;0.6044;69.266;0.5504;0
13/08/21 09:00;28.579;-42.94;40.006;38.648;51.352;-90;-51.352;364.11;156.2;207.9;11.81;3.1001;0;332.9;85.522;81.522;0;10.937;510.88;0;510.88;332.9;81.522;85.522;10.937;0.6516;0.1888;0;0.0214;492.06;18.82;0;0;8.5905;10.23;485.63;5.4393;2.2885;0.5604;2.5622;0.0281;491.07;0.9841;0.6658;0.163;0.1539;0.0014;488.58;329.94;80.799;74.215;0.6774;156.48;130.82;42.087;8.2562;1.8665;26.849;2.9445;20.459;0;1;0;0;1.4031;0.9632;1;1;0.8996;0.0646;0.9889;0.9931;1;0.9666;0.9601;0.998;0.998;1;0.998;0.998;0.9506;0.8678;0.0619;1.5342;1.5281;0.0092;0.0059;0.0354;0.0103;0.0367;0.0052;0;0;0.088;0;1.2802;0;0;0;0;0;0;0;0;0;0;0;0;0.0295;0.0055;1.3904;1.3904;0;31.583;31.583;19.773;0.0407;1311.8;1059.9;1;0.0222;0.0222;0;0;0;0;0;0;1.3682;1.2802;0;17.265;19.992;15.896;18.407;98.401;98.401;12.261;11.112;10.231;1.1489;0.881;0.0937;0.0719;0.8344;67.697;0.8029;0
13/08/21 10:00;35.718;-27.974;45.811;56.882;33.118;-90;-33.118;594.11;98.003;496.1;13.76;3.9001;0;592.33;32.656;74.576;0;7.7213;707.28;0;707.28;592.33;74.576;32.656;7.7213;0.8375;0.0571;0;0.0109;698.71;8.5692;0;0;1.6979;6.8713;689.34;7.9747;6.0787;0.7653;0.9993;0.1314;697.32;1.3974;1.1847;0.1492;0.0619;0.0017;691.53;585.07;73.662;29.897;0.7168;306.94;256.6;82.838;0.6976;2.6356;37.912;2.1899;39.849;0;1;0;0;1.1905;0.9879;1;1;0.948;0.1101;0.9886;0.9897;1;0.9677;0.8451;0.998;0.998;1;0.998;0.998;0.9746;0.9155;0.0928;2.124;2.1627;0.013;-0.0008;0.1289;0.0142;0.0502;0.0071;0;0;0.088;0;1.78;0;0;0;0;0;0;0;0;0;0;0;0;0.0404;0.0105;1.8994;1.8994;0;42.037;42.037;28.277;0.041;1856.9;1022.8;1;0.0313;0.0313;0;0;0;0;0;0;1.868;1.78;0;17.035;19.727;15.965;18.487;98.35;98.35;16.975;15.18;14.226;1.7951;0.9537;0.1058;0.0562;0.8381;22.01;0.8057;0
13/08/21 11:00;39.762;-10.304;49.14;77.868;12.132;-90;-12.132;314.41;276.1;38.307;14.82;4.57;0;39.182;260.76;12.685;0;0.5618;313.18;0;313.18;39.182;12.685;260.76;0.5618;0.1251;0.8344;0;0.0018;310.11;3.0787;0;0;2.6105;0.4682;298.65;10.839;0.4782;0.1548;10.185;0.021;309.49;0.6202;0.0784;0.0254;0.5163;0.0002;298.76;38.625;12.505;247.44;0.0724;186.63;156.03;47.297;0.1566;1.7848;25.673;0.114;27.301;0;1;0;0;0.9961;0.9902;1;1;0.99;0.1665;0.965;0.9878;1;0.9605;0.7752;0.998;0.998;1;0.998;0.998;0.9536;0.9489;0.1288;0.9405;0.954;0.0057;0.014;0.0067;0.0065;0.023;0.005;0;0;0.088;0;0.7696;0;0;0;0;0;0;0;0;0;0;0;0;0.0185;0.0023;0.8721;0.8721;0;26.967;26.967;12.147;0.0407;815.29;1069.7;1;0.0145;0.0145;0;0;0;0;0;0;0.8576;0.7696;0;17.665;20.456;15.588;18.051;98.335;98.335;7.5164;6.97;6.1507;0.5464;0.8193;0.0727;0.109;0.8183;157.21;0.771;0
13/08/21 12:00;39.941;8.6429;49.288;79.826;10.174;90;10.174;638.29;122.9;515.39;16.05;5.0101;0;523.63;48.52;75.179;0;0.803;648.13;0;648.13;523.63;75.179;48.52;0.803;0.8079;0.0761;0;0.0012;647.09;1.0331;0;0;0.3627;0.6704;636.45;9.3492;6.4363;0.9241;1.959;0.0298;645.8;1.2942;1.0473;0.1504;0.0963;0.0003;636.61;516.14;74.104;46.102;0.1025;372.8;311.66;98.973;0.0152;3.2534;46.799;0.1552;50.037;0;1;0;0;1.0154;0.9984;1;1;0.9925;0.1651;0.9855;0.9877;1;0.9592;0.7747;0.998;0.998;1;0.998;0.998;0.982;0.9502;0.1276;1.9463;2.016;0.0121;0.0003;0.1213;0.0132;0.0467;0.0087;0;0;0.088;0;1.6501;0;0;0;0;0;0;0;0;0;0;0;0;0.0376;0.0092;1.7668;1.7668;0;42.166;42.166;26.116;0.041;1730.8;1020.8;1;0.0288;0.0288;0;0;0;0;0;0;1.7381;1.6501;0;17.293;20.025;16.15;18.702;98.373;98.373;15.555;14.121;13.187;1.4345;0.9331;0.0922;0.06;0.8478;29.097;0.8043;0
13/08/21 13:00;36.216;26.507;46.219;58.64;31.36;90;31.36;683.91;112.8;571.11;15.77;5.1899;0;668.81;28.758;95.763;0;7.9927;801.33;0;801.33;668.81;95.763;28.758;7.9927;0.8346;0.0459;0;0.01;792.88;8.4453;0;0;1.3739;7.0714;782.22;9.071;7.023;1.0056;0.8868;0.1556;791.3;1.5858;1.3376;0.1915;0.0548;0.0018;784.51;660.45;94.565;26.442;0.7638;358.31;299.55;95.405;0.5096;3.1411;45.184;2.2885;47.816;0;1;0;0;1.1717;0.9895;1;1;0.9522;0.1153;0.9885;0.9895;1;0.9675;0.8307;0.998;0.998;1;0.998;0.998;0.9762;0.9195;0.0956;2.4064;2.4581;0.0148;-0.0021;0.1982;0.0157;0.0558;0.0083;0;0;0.088;0;1.9863;0;0;0;0;0;0;0;0;0;0;0;0;0.0449;0.0134;2.1092;2.1092;0;48.009;48.009;32.239;0.0412;2114.4;997.54;1;0.0349;0.0349;0;0;0;0;0;0;2.0743;1.9863;0;16.697;19.335;15.724;18.208;98.345;98.345;19.232;16.857;15.874;2.3751;0.9823;0.1235;0.0511;0.8254;19.136;0.792;0
13/08/21 14:00;29.312;41.73;40.597;40.148;49.852;90;49.852;120.7;118.8;1.9074;15.09;5.0299;0;2.9583;97.411;0.5384;0;3.4303;104.34;0;104.34;2.9583;0.5384;97.411;3.4303;0.0284;0.9665;0;0.0329;91.735;12.603;0;0;9.3909;3.2118;88.606;2.9459;0.0214;0.0039;2.9113;0.0094;91.551;0.1835;0.0059;0.0011;0.176;0.0004;89.98;2.931;0.5334;84.932;0.2087;76.759;64.171;22.146;8.4796;1.106;15.909;1.3742;8.5354;0;1;0;0;0.8644;0.8792;1;1;0.9036;0.0637;0.9678;0.9928;1;0.9669;0.9571;0.998;0.998;1;0.998;0.998;0.8492;0.8719;0.0608;0.3133;0.3045;0.0018;0.0171;-0.007;0.002;0.0073;0.0031;0;0;0.088;0;0.179;0;0;0;0;0;0;0;0;0;0;0;0;0.0058;0.0004;0.274;0.274;0;18.708;18.708;3.6174;0.0408;258.4;1060.3;1;0.007;0.007;0;0;0;0;0;0;0.267;0.179;0;16.659;19.29;10.883;12.603;97.448;97.448;2.5041;2.1898;1.4306;0.3143;0.7592;0.1255;0.3032;0.5713;75.94;0.5128;0
13/08/21 15:00;20.189;54.193;33.721;24.39;60;90;60;335.41;103.3;232.11;15.6;3.71;0;559.4;38.395;125.58;0;13.416;736.79;0;736.79;559.4;125.58;38.395;13.416;0.7592;0.0703;0;0.0182;719.36;17.427;0;0;4.8421;12.585;714.48;3.4368;1.7935;0.4026;1.1842;0.0565;717.92;1.4387;1.1188;0.2512;0.0671;0.0017;715.55;556.49;124.92;32.302;0.7736;36.596;30.595;10.859;6.4223;0.6625;9.5291;1.0702;3.7693;0;1;0;0;2.1967;0.9763;1;1;0.8739;0.062;0.9952;0.9968;1;0.9646;0.9319;0.998;0.998;1;0.998;0.998;0.9697;0.8413;0.0577;2.2126;2.1753;0.0131;-0.0009;0.1523;0.0141;0.0499;0.0018;0;0;0.088;0;1.7751;0;0;0;0;0;0;0;0;0;0;0;0;0.0402;0.0106;1.8942;1.8942;0;44.977;44.977;29.377;0.0411;1871.1;1012.4;1;0.031;0.031;0;0;0;0;0;0;1.8631;1.7751;0;16.309;18.885;15.284;17.698;98.362;98.362;17.683;15.138;14.187;2.5446;0.9513;0.1439;0.0538;0.8023;33.425;0.7946;0
13/08/21 16:00;9.6323;64.528;66.058;10.647;15.974;90;15.974;118.01;94.198;23.81;14.4;2.73;0;57.747;82.52;24.382;0;0.3645;165.01;0;165.01;57.747;24.382;82.52;0.3645;0.35;0.5023;0;0.0022;163.39;1.6213;0;0;1.3164;0.3049;154.32;8.7458;4.0294;1.7013;3.0018;0.0134;163.07;0.3268;0.1155;0.0488;0.1624;0.0001;154.38;53.602;22.632;78.04;0.0462;50.565;42.272;12.72;0.1336;0.4956;7.1291;0.0616;7.4911;0;1;0;0;1.3983;0.9902;1;1;0.984;0.1636;0.9464;0.9301;1;0.963;0.7755;0.998;0.998;1;0.998;0.998;0.9352;0.9457;0.1266;0.4955;0.48;0.0029;0.0181;-0.0075;0.0033;0.0116;0.0014;0;0;0.088;0;0.3434;0;0;0;0;0;0;0;0;0;0;0;0;0.0093;0.0007;0.4402;0.4402;0;20.677;20.677;6.2767;0.0407;410.04;1073.7;1;0.0089;0.0089;0;0;0;0;0;0;0.4314;0.3434;0;16.924;19.598;13.201;15.286;97.989;97.989;3.9603;3.5184;2.7444;0.4419;0.7741;0.1116;0.1955;0.693;50.399;0.6713;0
13/08/21 17:00;2.0739;70.612;84.965;2.1985;3.1398;90;3.1398;0;0;0;11.78;2.7701;0;0;0;0;0;0;0;0;0;0;0;0;0;1;1;1;1;0;0;0;0;0;0;0;0;0;0;0;0;0;0;0;0;0;0;0;0;0;0;0;0;0;0;0;0;0;0;0;0;0;0;0;1;1;1;1;1;1;1;1;1;1;1;1;1;1;1;1;1;1;1;0;0;0;0;0;0;0;0;0;0.0004;0.088;0;-0.0884;0;0;0;0;0;0;0;0;0;0;0;0;0;0;0;0;0;0;0;-11.78;0;0;0;0;0.0004;0;0;0;0;0;0;0;-0.0004;-0.0884;0;0;0;0;0;0;0;0;0;-0.7063;0;0.7063;1;1;0;0;0;0
13/08/21 18:00;0;0;90;0;0;90;0;0;0;0;9.0301;2.9;0;0;0;0;0;0;0;0;0;0;0;0;0;1;1;1;1;0;0;0;0;0;0;0;0;0;0;0;0;0;0;0;0;0;0;0;0;0;0;0;0;0;0;0;0;0;0;0;0;0;0;0;1;1;1;1;1;1;1;1;1;1;1;1;1;1;1;1;1;1;1;0;0;0;0;0;0;0;0;0;0.0004;0.088;0;-0.0884;0;0;0;0;0;0;0;0;0;0;0;0;0;0;0;0;0;0;0;-9.0301;0;0;0;0;0.0004;0;0;0;0;0;0;0;-0.0004;-0.0884;0;0;0;0;0;0;0;0;0;-0.7063;0;0.7063;1;1;0;0;0;0
13/08/21 19:00;0;0;90;0;0;90;0;0;0;0;6.28;2.8799;0;0;0;0;0;0;0;0;0;0;0;0;0;1;1;1;1;0;0;0;0;0;0;0;0;0;0;0;0;0;0;0;0;0;0;0;0;0;0;0;0;0;0;0;0;0;0;0;0;0;0;0;1;1;1;1;1;1;1;1;1;1;1;1;1;1;1;1;1;1;1;0;0;0;0;0;0;0;0;0;0.0004;0.088;0;-0.0884;0;0;0;0;0;0;0;0;0;0;0;0;0;0;0;0;0;0;0;-6.28;0;0;0;0;0.0004;0;0;0;0;0;0;0;-0.0004;-0.0884;0;0;0;0;0;0;0;0;0;-0.7063;0;0.7063;1;1;0;0;0;0
13/08/21 20:00;0;0;90;0;0;90;0;0;0;0;6.0599;2.81;0;0;0;0;0;0;0;0;0;0;0;0;0;1;1;1;1;0;0;0;0;0;0;0;0;0;0;0;0;0;0;0;0;0;0;0;0;0;0;0;0;0;0;0;0;0;0;0;0;0;0;0;1;1;1;1;1;1;1;1;1;1;1;1;1;1;1;1;1;1;1;0;0;0;0;0;0;0;0;0;0.0004;0.088;0;-0.0884;0;0;0;0;0;0;0;0;0;0;0;0;0;0;0;0;0;0;0;-6.0599;0;0;0;0;0.0004;0;0;0;0;0;0;0;-0.0004;-0.0884;0;0;0;0;0;0;0;0;0;-0.7063;0;0.7063;1;1;0;0;0;0
13/08/21 21:00;0;0;90;0;0;90;0;0;0;0;4.4798;2.7199;0;0;0;0;0;0;0;0;0;0;0;0;0;1;1;1;1;0;0;0;0;0;0;0;0;0;0;0;0;0;0;0;0;0;0;0;0;0;0;0;0;0;0;0;0;0;0;0;0;0;0;0;1;1;1;1;1;1;1;1;1;1;1;1;1;1;1;1;1;1;1;0;0;0;0;0;0;0;0;0;0.0004;0.088;0;-0.0884;0;0;0;0;0;0;0;0;0;0;0;0;0;0;0;0;0;0;0;-4.4798;0;0;0;0;0.0004;0;0;0;0;0;0;0;-0.0004;-0.0884;0;0;0;0;0;0;0;0;0;-0.7063;0;0.7063;1;1;0;0;0;0
13/08/21 22:00;0;0;90;0;0;90;0;0;0;0;3.6402;2.58;0;0;0;0;0;0;0;0;0;0;0;0;0;1;1;1;1;0;0;0;0;0;0;0;0;0;0;0;0;0;0;0;0;0;0;0;0;0;0;0;0;0;0;0;0;0;0;0;0;0;0;0;1;1;1;1;1;1;1;1;1;1;1;1;1;1;1;1;1;1;1;0;0;0;0;0;0;0;0;0;0.0004;0.088;0;-0.0884;0;0;0;0;0;0;0;0;0;0;0;0;0;0;0;0;0;0;0;-3.6402;0;0;0;0;0.0004;0;0;0;0;0;0;0;-0.0004;-0.0884;0;0;0;0;0;0;0;0;0;-0.7063;0;0.7063;1;1;0;0;0;0
13/08/21 23:00;0;0;90;0;0;90;0;0;0;0;3.4002;2.3801;0;0;0;0;0;0;0;0;0;0;0;0;0;1;1;1;1;0;0;0;0;0;0;0;0;0;0;0;0;0;0;0;0;0;0;0;0;0;0;0;0;0;0;0;0;0;0;0;0;0;0;0;1;1;1;1;1;1;1;1;1;1;1;1;1;1;1;1;1;1;1;0;0;0;0;0;0;0;0;0;0.0004;0.088;0;-0.0884;0;0;0;0;0;0;0;0;0;0;0;0;0;0;0;0;0;0;0;-3.4002;0;0;0;0;0.0004;0;0;0;0;0;0;0;-0.0004;-0.0884;0;0;0;0;0;0;0;0;0;-0.7063;0;0.7063;1;1;0;0;0;0
14/08/21 00:00;0;0;90;0;0;90;0;0;0;0;2.54;2.13;0;0;0;0;0;0;0;0;0;0;0;0;0;1;1;1;1;0;0;0;0;0;0;0;0;0;0;0;0;0;0;0;0;0;0;0;0;0;0;0;0;0;0;0;0;0;0;0;0;0;0;0;1;1;1;1;1;1;1;1;1;1;1;1;1;1;1;1;1;1;1;0;0;0;0;0;0;0;0;0;0.0004;0.088;0;-0.0884;0;0;0;0;0;0;0;0;0;0;0;0;0;0;0;0;0;0;0;-2.54;0;0;0;0;0.0004;0;0;0;0;0;0;0;-0.0004;-0.0884;0;0;0;0;0;0;0;0;0;-0.7063;0;0.7063;1;1;0;0;0;0
14/08/21 01:00;0;0;90;0;0;90;0;0;0;0;2.3;1.81;0;0;0;0;0;0;0;0;0;0;0;0;0;1;1;1;1;0;0;0;0;0;0;0;0;0;0;0;0;0;0;0;0;0;0;0;0;0;0;0;0;0;0;0;0;0;0;0;0;0;0;0;1;1;1;1;1;1;1;1;1;1;1;1;1;1;1;1;1;1;1;0;0;0;0;0;0;0;0;0;0.0004;0.088;0;-0.0884;0;0;0;0;0;0;0;0;0;0;0;0;0;0;0;0;0;0;0;-2.3;0;0;0;0;0.0004;0;0;0;0;0;0;0;-0.0004;-0.0884;0;0;0;0;0;0;0;0;0;-0.7063;0;0.7063;1;1;0;0;0;0
14/08/21 02:00;0;0;90;0;0;90;0;0;0;0;1.6;1.5001;0;0;0;0;0;0;0;0;0;0;0;0;0;1;1;1;1;0;0;0;0;0;0;0;0;0;0;0;0;0;0;0;0;0;0;0;0;0;0;0;0;0;0;0;0;0;0;0;0;0;0;0;1;1;1;1;1;1;1;1;1;1;1;1;1;1;1;1;1;1;1;0;0;0;0;0;0;0;0;0;0.0004;0.088;0;-0.0884;0;0;0;0;0;0;0;0;0;0;0;0;0;0;0;0;0;0;0;-1.6;0;0;0;0;0.0004;0;0;0;0;0;0;0;-0.0004;-0.0884;0;0;0;0;0;0;0;0;0;-0.7063;0;0.7063;1;1;0;0;0;0
14/08/21 03:00;0;0;90;0;0;90;0;0;0;0;1.2397;1.3501;0;0;0;0;0;0;0;0;0;0;0;0;0;1;1;1;1;0;0;0;0;0;0;0;0;0;0;0;0;0;0;0;0;0;0;0;0;0;0;0;0;0;0;0;0;0;0;0;0;0;0;0;1;1;1;1;1;1;1;1;1;1;1;1;1;1;1;1;1;1;1;0;0;0;0;0;0;0;0;0;0.0004;0.088;0;-0.0884;0;0;0;0;0;0;0;0;0;0;0;0;0;0;0;0;0;0;0;-1.2397;0;0;0;0;0.0004;0;0;0;0;0;0;0;-0.0004;-0.0884;0;0;0;0;0;0;0;0;0;-0.7063;0;0.7063;1;1;0;0;0;0
14/08/21 04:00;0;0;90;0;0;90;0;0;0;0;0.43;1.5101;0;0;0;0;0;0;0;0;0;0;0;0;0;1;1;1;1;0;0;0;0;0;0;0;0;0;0;0;0;0;0;0;0;0;0;0;0;0;0;0;0;0;0;0;0;0;0;0;0;0;0;0;1;1;1;1;1;1;1;1;1;1;1;1;1;1;1;1;1;1;1;0;0;0;0;0;0;0;0;0;0.0004;0.088;0;-0.0884;0;0;0;0;0;0;0;0;0;0;0;0;0;0;0;0;0;0;0;-0.43;0;0;0;0;0.0004;0;0;0;0;0;0;0;-0.0004;-0.0884;0;0;0;0;0;0;0;0;0;-0.7063;0;0.7063;1;1;0;0;0;0
14/08/21 05:00;0;0;90;0;0;90;0;0;0;0;0.6002;1.81;0;0;0;0;0;0;0;0;0;0;0;0;0;1;1;1;1;0;0;0;0;0;0;0;0;0;0;0;0;0;0;0;0;0;0;0;0;0;0;0;0;0;0;0;0;0;0;0;0;0;0;0;1;1;1;1;1;1;1;1;1;1;1;1;1;1;1;1;1;1;1;0;0;0;0;0;0;0;0;0;0.0004;0.088;0;-0.0884;0;0;0;0;0;0;0;0;0;0;0;0;0;0;0;0;0;0;0;-0.6002;0;0;0;0;0.0004;0;0;0;0;0;0;0;-0.0004;-0.0884;0;0;0;0;0;0;0;0;0;-0.7063;0;0.7063;1;1;0;0;0;0
14/08/21 06:00;1.6501;-71.319;85.995;1.7418;2.4857;-90;-2.4857;0;0;0;0.68;1.8301;0;0;0;0;0;0;0;0;0;0;0;0;0;1;1;1;1;0;0;0;0;0;0;0;0;0;0;0;0;0;0;0;0;0;0;0;0;0;0;0;0;0;0;0;0;0;0;0;0;0;0;0;1;1;1;1;1;1;1;1;1;1;1;1;1;1;1;1;1;1;1;0;0;0;0;0;0;0;0;0;0.0004;0.088;0;-0.0884;0;0;0;0;0;0;0;0;0;0;0;0;0;0;0;0;0;0;0;-0.68;0;0;0;0;0.0004;0;0;0;0;0;0;0;-0.0004;-0.0884;0;0;0;0;0;0;0;0;0;-0.7063;0;0.7063;1;1;0;0;0;0
14/08/21 07:00;8.8753;-65.581;68.026;9.7313;14.47;-90;-14.47;74.192;50.801;23.391;0.9598;2.1;0;56.731;44.313;14.004;0;0.1883;115.24;0;115.24;56.731;14.004;44.313;0.1883;0.4923;0.3862;0;0.0016;114.48;0.754;0;0;0.597;0.157;106.44;7.8082;4.9263;1.2161;1.6588;0.007;114.25;0.229;0.1135;0.028;0.0874;0.0001;106.47;51.691;12.76;41.969;0.0242;27.059;22.621;6.7456;0.0504;0.2678;3.8527;0.0259;4.0701;0;1;0;0;1.5532;0.9935;1;1;0.9865;0.1661;0.9317;0.913;1;0.962;0.7757;0.998;0.998;1;0.998;0.998;0.9237;0.9471;0.1286;0.3461;0.3288;0.002;0.0174;-0.0234;0.0023;0.0083;0.0008;0;0;0.088;0;0.2184;0;0;0;0;0;0;0;0;0;0;0;0;0.0067;0.0004;0.3144;0.3144;0;5.2479;5.2479;4.288;0.0403;279.46;1125.1;1;0.008;0.008;0;0;0;0;0;0;0.3064;0.2184;0;17.308;20.042;12.021;13.921;97.445;97.445;2.7657;2.5128;1.7453;0.2529;0.7675;0.0914;0.2775;0.631;26.916;0.6156;0
14/08/21 08:00;19.551;-55.38;35.746;23.342;50.589;-90;-50.589;259.4;87.3;172.1;4.0703;1.2701;0;417.39;43.849;81.631;0;7.577;550.45;0;550.45;417.39;81.631;43.849;7.577;0.7583;0.0934;0;0.0138;539.05;11.393;0;0;4.31;7.0828;534.45;3.5217;1.8314;0.3582;1.312;0.0201;537.98;1.0781;0.8348;0.1633;0.0791;0.001;535.17;414.72;81.109;38.148;0.4732;35.45;29.636;10.014;4.0185;0.5313;7.6422;0.7142;4.155;0;1;0;0;2.122;0.9793;1;1;0.9017;0.0652;0.9935;0.9956;1;0.9668;0.9593;0.998;0.998;1;0.998;0.998;0.9709;0.87;0.0624;1.653;1.628;0.0098;0.0046;0.0041;0.0113;0.04;0.0015;0;0;0.088;0;1.4053;0;0;0;0;0;0;0;0;0;0;0;0;0.0322;0.0062;1.5184;1.5184;0;25.716;25.716;21.646;0.0405;1397.8;1086.3;1;0.0252;0.0252;0;0;0;0;0;0;1.4933;1.4053;0;17.499;20.264;16.195;18.754;98.343;98.343;13.211;12.135;11.231;1.0754;0.9043;0.0814;0.0685;0.8501;34.441;0.8414;0
14/08/21 09:00;28.855;-43.105;39.751;38.88;51.12;-90;-51.12;487.99;80.502;407.49;7.2599;1.8301;0;649.19;24.042;81.186;0;14.535;768.95;0;768.95;649.19;81.186;24.042;14.535;0.8443;0.0502;0;0.0189;752.96;15.992;0;0;2.3992;13.593;745.78;5.67;4.3663;0.546;0.72;0.0377;751.45;1.5059;1.2984;0.1624;0.0433;0.0019;749.15;643.52;80.478;20.88;0.9024;177.77;148.61;45.085;2.2875;1.8367;26.42;3.3648;25.97;0;1;0;0;1.5757;0.9792;1;1;0.9002;0.0648;0.9925;0.9933;1;0.9667;0.9599;0.998;0.998;1;0.998;0.998;0.9699;0.8685;0.0621;2.3092;2.312;0.0139;-0.0016;0.1025;0.0154;0.0545;0.005;0;0;0.088;0;1.9436;0;0;0;0;0;0;0;0;0;0;0;0;0.0439;0.0119;2.0665;2.0665;0;37.738;37.738;30.478;0.0409;1985.4;1040.9;1;0.0349;0.0349;0;0;0;0;0;0;2.0316;1.9436;0;17.048;19.742;16.034;18.568;98.311;98.311;18.455;16.516;15.534;1.939;0.9823;0.1051;0.0532;0.8417;18.986;0.8206;0
14/08/21 10:00;36.017;-28.079;45.532;57.079;32.921;-90;-32.921;573.81;103.4;470.41;11.59;2.0799;0;560.4;38.062;73.876;0;7.3714;679.71;0;679.71;560.4;73.876;38.062;7.3714;0.8245;0.0668;0;0.0108;671.2;8.5142;0;0;1.9604;6.5538;662.15;7.6993;5.6599;0.7461;1.1657;0.1276;669.85;1.3424;1.1208;0.1478;0.0722;0.0016;664.25;553.62;72.982;34.864;0.6883;297.8;248.96;80.343;0.7962;2.5666;36.919;2.0931;38.689;0;1;0;0;1.1846;0.9875;1;1;0.9485;0.1109;0.9885;0.9899;1;0.9676;0.8436;0.998;0.998;1;0.998;0.998;0.9742;0.916;0.0934;2.0412;2.0785;0.0125;-0.0002;0.0993;0.0138;0.0488;0.007;0;0;0.088;0;1.7296;0;0;0;0;0;0;0;0;0;0;0;0;0.0393;0.0097;1.8482;1.8482;0;38.679;38.679;27.089;0.0409;1784.9;1035.5;1;0.0306;0.0306;0;0;0;0;0;0;1.8176;1.7296;0;17.249;19.974;16.142;18.692;98.344;98.344;16.313;14.771;13.823;1.542;0.9478;0.0945;0.0581;0.8474;25.617;0.8143;0
14/08/21 11:00;40.073;-10.313;48.839;77.987;12.013;-90;-12.013;680;112.3;567.7;13.69;2.27;0;580.41;37.639;75.904;0;1.1914;695.15;0;695.15;580.41;75.904;37.639;1.1914;0.8349;0.0559;0;0.0017;693.78;1.3636;0;0;0.3706;0.993;682.98;9.4132;6.9823;0.9131;1.4733;0.0445;692.4;1.3876;1.1608;0.1518;0.0745;0.0004;683.24;572.27;74.839;35.721;0.1535;395.34;330.51;104.78;0.0221;3.4623;49.803;0.252;53.244;0;1;0;0;1.0223;0.998;1;1;0.9902;0.1665;0.9864;0.9879;1;0.9604;0.7752;0.998;0.998;1;0.998;0.998;0.9825;0.949;0.1288;2.0875;2.1628;0.013;-0.0008;0.1263;0.0142;0.0503;0.0093;0;0;0.088;0;1.7803;0;0;0;0;0;0;0;0;0;0;0;0;0.0405;0.0104;1.8997;1.8997;0;41.699;41.699;28.009;0.041;1855.9;1023.6;1;0.0314;0.0314;0;0;0;0;0;0;1.8683;1.7803;0;17.336;20.074;16.246;18.813;98.349;98.349;16.684;15.182;14.228;1.5014;0.9539;0.09;0.0572;0.8528;22.684;0.8094;0
14/08/21 12:00;40.242;8.7464;48.977;79.814;10.186;90;10.186;308.61;277.2;31.408;14.79;2.49;0;31.911;264.99;10.265;0;0.3891;307.56;0;307.56;31.911;10.265;264.99;0.3891;0.1038;0.8629;0;0.0013;305.25;2.3094;0;0;1.9845;0.3249;293.41;11.222;0.3865;0.1243;10.697;0.0144;304.64;0.6105;0.0638;0.0205;0.526;0.0001;293.48;31.46;10.12;251.78;0.0497;183.12;153.09;46.26;0.0825;1.7562;25.263;0.0702;26.937;0;1;0;0;0.9966;0.9925;1;1;0.9925;0.1651;0.9632;0.9879;1;0.9592;0.7747;0.998;0.998;1;0.998;0.998;0.954;0.9502;0.1276;0.9236;0.9372;0.0056;0.0143;0.0057;0.0064;0.0226;0.0049;0;0;0.088;0;0.7549;0;0;0;0;0;0;0;0;0;0;0;0;0.0182;0.0023;0.8572;0.8572;0;26.723;26.723;11.933;0.0407;800.8;1070.4;1;0.0143;0.0143;0;0;0;0;0;0;0.8429;0.7549;0;17.68;20.473;15.57;18.029;98.332;98.332;7.3814;6.8504;6.0328;0.531;0.8176;0.0719;0.1108;0.8173;158.92;0.77;0
14/08/21 13:00;36.486;26.698;45.913;58.722;31.278;90;31.278;666.31;109.9;556.41;14.92;2.6399;0;651.03;30.419;90.204;0;7.7473;779.4;0;779.4;651.03;90.204;30.419;7.7473;0.8353;0.049;0;0.0099;771.1;8.2988;0;0;1.4473;6.8516;760.82;8.7415;6.7201;0.9311;0.9385;0.1518;769.56;1.5422;1.3021;0.1804;0.0579;0.0018;763.04;643.01;89.093;27.975;0.7421;349.6;292.27;93.075;0.534;3.0679;44.131;2.218;46.664;0;1;0;0;1.1697;0.9894;1;1;0.9524;0.1156;0.9886;0.9897;1;0.9675;0.8302;0.998;0.998;1;0.998;0.998;0.9762;0.9197;0.0958;2.3405;2.3912;0.0144;-0.0019;0.1777;0.0154;0.0546;0.0081;0;0;0.088;0;1.944;0;0;0;0;0;0;0;0;0;0;0;0;0.044;0.0127;2.0662;2.0662;0;46.232;46.232;31.312;0.0412;2055.8;1005;1;0.0342;0.0342;0;0;0;0;0;0;2.032;1.944;0;16.817;19.474;15.822;18.322;98.346;98.346;18.706;16.513;15.536;2.1927;0.9764;0.1172;0.0522;0.8306;20.23;0.7968;0
14/08/21 14:00;29.544;41.967;40.304;40.284;49.716;90;49.716;537.71;90.001;447.71;16.12;2.7199;0;692.43;23.66;94.749;0;15.203;826.04;0;826.04;692.43;94.749;23.66;15.203;0.8382;0.047;0;0.0184;809.53;16.504;0;0;2.2718;14.233;801.62;6.2973;4.8806;0.6678;0.707;0.0418;807.91;1.6191;1.3849;0.1895;0.0428;0.0019;805.21;686.16;93.892;20.638;0.9266;204.41;170.89;52.227;2.0436;2.0489;29.473;3.5911;29.479;0;1;0;0;1.5362;0.98;1;1;0.904;0.0638;0.9922;0.9929;1;0.9669;0.9568;0.998;0.998;1;0.998;0.998;0.9704;0.8723;0.0609;2.4806;2.4873;0.015;-0.0021;0.2109;0.0158;0.0562;0.0054;0;0;0.088;0;2.004;0;0;0;0;0;0;0;0;0;0;0;0;0.0453;0.0137;2.1272;2.1272;0;49.19;49.19;33.07;0.0413;2141.5;993.32;1;0.0353;0.0353;0;0;0;0;0;0;2.092;2.004;0;16.336;18.917;15.39;17.821;98.342;98.342;19.825;17.001;16.016;2.824;0.9852;0.1424;0.0497;0.8079;18.42;0.7868;0
14/08/21 15:00;20.386;54.45;33.421;24.548;60;90;60;100.29;98.502;1.7884;15.74;2.13;0;4.2852;73.592;0.9085;0;4.0116;82.798;0;82.798;4.2852;0.9085;73.592;4.0116;0.0518;0.9373;0;0.0485;69.754;13.044;0;0;9.281;3.7629;67.312;2.3024;0.013;0.0028;2.2698;0.0169;69.614;0.1395;0.0086;0.0018;0.1286;0.0005;69.042;4.2637;0.9039;61.913;0.2313;64.104;53.591;19.317;12.304;1.2096;17.4;1.7306;6.3056;0;1;0;0;0.8256;0.8425;1;1;0.8739;0.062;0.9669;0.997;1;0.9646;0.9319;0.998;0.998;1;0.998;0.998;0.813;0.8413;0.0577;0.2486;0.2446;0.0015;0.0162;-0.0058;0.0016;0.0058;0.0033;0;0;0.088;0;0.1227;0;0;0;0;0;0;0;0;0;0;0;0;0.0047;0.0003;0.2172;0.2172;0;18.496;18.496;2.7558;0.0409;206.78;1050.4;1;0.0065;0.0065;0;0;0;0;0;0;0.2107;0.1227;0;16.64;19.269;9.4012;10.886;97.014;97.014;1.9871;1.7358;0.9807;0.2514;0.7551;0.1265;0.38;0.4935;64.067;0.4264;0
14/08/21 16:00;9.801;64.793;65.616;10.809;16.245;90;16.245;27.7;27.499;0.201;14.13;2.0701;0;0.4874;26.926;0.059;0;0.0885;27.561;0;27.561;0.4874;0.059;26.926;0.0885;0.0177;0.9802;0;0.0032;27.045;0.5159;0;0;0.4419;0.074;25.977;1.0139;0.0324;0.0039;0.9744;0.0032;26.991;0.0541;0.001;0.0001;0.053;0;25.998;0.454;0.055;25.457;0.0112;16.463;13.763;4.1628;0.0463;0.1602;2.3038;0.0207;2.4177;0;1;0;0;0.995;0.9813;1;1;0.9836;0.1634;0.9624;0.9334;1;0.9631;0.7756;0.998;0.998;1;0.998;0.998;0.9425;0.9454;0.1265;0.0828;0.0832;0.0005;0.0103;-0.003;0.0005;0.0019;0.0004;0;0;0.088;0;-0.0208;0;0;0;0;0;0;0;0;0;0;0;0;0.0015;0.0001;0.071;0.071;0;15.204;15.204;1.0736;0.0413;69.387;1023.3;1;0.0038;0.0038;0;0;0;0;0;0;0.0672;-0.0208;0;16.342;18.924;-4.784;-5.5398;94.666;94.666;0.6615;0.5675;-0.1661;0.094;0.7336;0.1421;1.109;0;16.462;0;0
14/08/21 17:00;2.2281;70.882;84.59;2.358;3.3687;90;3.3687;0;0;0;11.62;2.21;0;0;0;0;0;0;0;0;0;0;0;0;0;1;1;1;1;0;0;0;0;0;0;0;0;0;0;0;0;0;0;0;0;0;0;0;0;0;0;0;0;0;0;0;0;0;0;0;0;0;0;0;1;1;1;1;1;1;1;1;1;1;1;1;1;1;1;1;1;1;1;0;0;0;0;0;0;0;0;0;0.0004;0.088;0;-0.0884;0;0;0;0;0;0;0;0;0;0;0;0;0;0;0;0;0;0;0;-11.62;0;0;0;0;0.0004;0;0;0;0;0;0;0;-0.0004;-0.0884;0;0;0;0;0;0;0;0;0;-0.7063;0;0.7063;1;1;0;0;0;0
14/08/21 18:00;0;0;90;0;0;90;0;0;0;0;8.4298;2.2;0;0;0;0;0;0;0;0;0;0;0;0;0;1;1;1;1;0;0;0;0;0;0;0;0;0;0;0;0;0;0;0;0;0;0;0;0;0;0;0;0;0;0;0;0;0;0;0;0;0;0;0;1;1;1;1;1;1;1;1;1;1;1;1;1;1;1;1;1;1;1;0;0;0;0;0;0;0;0;0;0.0004;0.088;0;-0.0884;0;0;0;0;0;0;0;0;0;0;0;0;0;0;0;0;0;0;0;-8.4298;0;0;0;0;0.0004;0;0;0;0;0;0;0;-0.0004;-0.0884;0;0;0;0;0;0;0;0;0;-0.7063;0;0.7063;1;1;0;0;0;0
14/08/21 19:00;0;0;90;0;0;90;0;0;0;0;5.3101;2.1699;0;0;0;0;0;0;0;0;0;0;0;0;0;1;1;1;1;0;0;0;0;0;0;0;0;0;0;0;0;0;0;0;0;0;0;0;0;0;0;0;0;0;0;0;0;0;0;0;0;0;0;0;1;1;1;1;1;1;1;1;1;1;1;1;1;1;1;1;1;1;1;0;0;0;0;0;0;0;0;0;0.0004;0.088;0;-0.0884;0;0;0;0;0;0;0;0;0;0;0;0;0;0;0;0;0;0;0;-5.3101;0;0;0;0;0.0004;0;0;0;0;0;0;0;-0.0004;-0.0884;0;0;0;0;0;0;0;0;0;-0.7063;0;0.7063;1;1;0;0;0;0
14/08/21 20:00;0;0;90;0;0;90;0;0;0;0;4.3402;2.1401;0;0;0;0;0;0;0;0;0;0;0;0;0;1;1;1;1;0;0;0;0;0;0;0;0;0;0;0;0;0;0;0;0;0;0;0;0;0;0;0;0;0;0;0;0;0;0;0;0;0;0;0;1;1;1;1;1;1;1;1;1;1;1;1;1;1;1;1;1;1;1;0;0;0;0;0;0;0;0;0;0.0004;0.088;0;-0.0884;0;0;0;0;0;0;0;0;0;0;0;0;0;0;0;0;0;0;0;-4.3402;0;0;0;0;0.0004;0;0;0;0;0;0;0;-0.0004;-0.0884;0;0;0;0;0;0;0;0;0;-0.7063;0;0.7063;1;1;0;0;0;0
14/08/21 21:00;0;0;90;0;0;90;0;0;0;0;3.3497;2.0601;0;0;0;0;0;0;0;0;0;0;0;0;0;1;1;1;1;0;0;0;0;0;0;0;0;0;0;0;0;0;0;0;0;0;0;0;0;0;0;0;0;0;0;0;0;0;0;0;0;0;0;0;1;1;1;1;1;1;1;1;1;1;1;1;1;1;1;1;1;1;1;0;0;0;0;0;0;0;0;0;0.0004;0.088;0;-0.0884;0;0;0;0;0;0;0;0;0;0;0;0;0;0;0;0;0;0;0;-3.3497;0;0;0;0;0.0004;0;0;0;0;0;0;0;-0.0004;-0.0884;0;0;0;0;0;0;0;0;0;-0.7063;0;0.7063;1;1;0;0;0;0
14/08/21 22:00;0;0;90;0;0;90;0;0;0;0;3.4201;1.8399;0;0;0;0;0;0;0;0;0;0;0;0;0;1;1;1;1;0;0;0;0;0;0;0;0;0;0;0;0;0;0;0;0;0;0;0;0;0;0;0;0;0;0;0;0;0;0;0;0;0;0;0;1;1;1;1;1;1;1;1;1;1;1;1;1;1;1;1;1;1;1;0;0;0;0;0;0;0;0;0;0.0004;0.088;0;-0.0884;0;0;0;0;0;0;0;0;0;0;0;0;0;0;0;0;0;0;0;-3.4201;0;0;0;0;0.0004;0;0;0;0;0;0;0;-0.0004;-0.0884;0;0;0;0;0;0;0;0;0;-0.7063;0;0.7063;1;1;0;0;0;0
14/08/21 23:00;0;0;90;0;0;90;0;0;0;0;2.6397;1.57;0;0;0;0;0;0;0;0;0;0;0;0;0;1;1;1;1;0;0;0;0;0;0;0;0;0;0;0;0;0;0;0;0;0;0;0;0;0;0;0;0;0;0;0;0;0;0;0;0;0;0;0;1;1;1;1;1;1;1;1;1;1;1;1;1;1;1;1;1;1;1;0;0;0;0;0;0;0;0;0;0.0004;0.088;0;-0.0884;0;0;0;0;0;0;0;0;0;0;0;0;0;0;0;0;0;0;0;-2.6397;0;0;0;0;0.0004;0;0;0;0;0;0;0;-0.0004;-0.0884;0;0;0;0;0;0;0;0;0;-0.7063;0;0.7063;1;1;0;0;0;0
15/08/21 00:00;0;0;90;0;0;90;0;0;0;0;2.1199;1.4399;0;0;0;0;0;0;0;0;0;0;0;0;0;1;1;1;1;0;0;0;0;0;0;0;0;0;0;0;0;0;0;0;0;0;0;0;0;0;0;0;0;0;0;0;0;0;0;0;0;0;0;0;1;1;1;1;1;1;1;1;1;1;1;1;1;1;1;1;1;1;1;0;0;0;0;0;0;0;0;0;0.0004;0.088;0;-0.0884;0;0;0;0;0;0;0;0;0;0;0;0;0;0;0;0;0;0;0;-2.1199;0;0;0;0;0.0004;0;0;0;0;0;0;0;-0.0004;-0.0884;0;0;0;0;0;0;0;0;0;-0.7063;0;0.7063;1;1;0;0;0;0
15/08/21 01:00;0;0;90;0;0;90;0;0;0;0;1.2397;1.4;0;0;0;0;0;0;0;0;0;0;0;0;0;1;1;1;1;0;0;0;0;0;0;0;0;0;0;0;0;0;0;0;0;0;0;0;0;0;0;0;0;0;0;0;0;0;0;0;0;0;0;0;1;1;1;1;1;1;1;1;1;1;1;1;1;1;1;1;1;1;1;0;0;0;0;0;0;0;0;0;0.0004;0.088;0;-0.0884;0;0;0;0;0;0;0;0;0;0;0;0;0;0;0;0;0;0;0;-1.2397;0;0;0;0;0.0004;0;0;0;0;0;0;0;-0.0004;-0.0884;0;0;0;0;0;0;0;0;0;-0.7063;0;0.7063;1;1;0;0;0;0
15/08/21 02:00;0;0;90;0;0;90;0;0;0;0;0.9499;1.48;0;0;0;0;0;0;0;0;0;0;0;0;0;1;1;1;1;0;0;0;0;0;0;0;0;0;0;0;0;0;0;0;0;0;0;0;0;0;0;0;0;0;0;0;0;0;0;0;0;0;0;0;1;1;1;1;1;1;1;1;1;1;1;1;1;1;1;1;1;1;1;0;0;0;0;0;0;0;0;0;0.0004;0.088;0;-0.0884;0;0;0;0;0;0;0;0;0;0;0;0;0;0;0;0;0;0;0;-0.9499;0;0;0;0;0.0004;0;0;0;0;0;0;0;-0.0004;-0.0884;0;0;0;0;0;0;0;0;0;-0.7063;0;0.7063;1;1;0;0;0;0
15/08/21 03:00;0;0;90;0;0;90;0;0;0;0;0.7797;1.62;0;0;0;0;0;0;0;0;0;0;0;0;0;1;1;1;1;0;0;0;0;0;0;0;0;0;0;0;0;0;0;0;0;0;0;0;0;0;0;0;0;0;0;0;0;0;0;0;0;0;0;0;1;1;1;1;1;1;1;1;1;1;1;1;1;1;1;1;1;1;1;0;0;0;0;0;0;0;0;0;0.0004;0.088;0;-0.0884;0;0;0;0;0;0;0;0;0;0;0;0;0;0;0;0;0;0;0;-0.7797;0;0;0;0;0.0004;0;0;0;0;0;0;0;-0.0004;-0.0884;0;0;0;0;0;0;0;0;0;-0.7063;0;0.7063;1;1;0;0;0;0
15/08/21 04:00;0;0;90;0;0;90;0;0;0;0;0.1003;1.78;0;0;0;0;0;0;0;0;0;0;0;0;0;1;1;1;1;0;0;0;0;0;0;0;0;0;0;0;0;0;0;0;0;0;0;0;0;0;0;0;0;0;0;0;0;0;0;0;0;0;0;0;1;1;1;1;1;1;1;1;1;1;1;1;1;1;1;1;1;1;1;0;0;0;0;0;0;0;0;0;0.0004;0.088;0;-0.0884;0;0;0;0;0;0;0;0;0;0;0;0;0;0;0;0;0;0;0;-0.1003;0;0;0;0;0.0004;0;0;0;0;0;0;0;-0.0004;-0.0884;0;0;0;0;0;0;0;0;0;-0.7063;0;0.7063;1;1;0;0;0;0
15/08/21 05:00;0;0;90;0;0;90;0;0;0;0;-0.3697;1.9199;0;0;0;0;0;0;0;0;0;0;0;0;0;1;1;1;1;0;0;0;0;0;0;0;0;0;0;0;0;0;0;0;0;0;0;0;0;0;0;0;0;0;0;0;0;0;0;0;0;0;0;0;1;1;1;1;1;1;1;1;1;1;1;1;1;1;1;1;1;1;1;0;0;0;0;0;0;0;0;0;0.0004;0.088;0;-0.0884;0;0;0;0;0;0;0;0;0;0;0;0;0;0;0;0;0;0;0;0.3697;0;0;0;0;0.0004;0;0;0;0;0;0;0;-0.0004;-0.0884;0;0;0;0;0;0;0;0;0;-0.7063;0;0.7063;1;1;0;0;0;0
15/08/21 06:00;1.6777;-71.688;85.928;1.7671;2.5219;-90;-2.5219;0.293;0.293;0;-0.1802;1.88;0;0;0.2929;0;0;0;0.2929;0.2929;0;0;0;0;0;1;1;1;1;0;0;0;0;0;0;0;0;0;0;0;0;0;0;0;0;0;0;0;0;0;0;0;0;0;0;0;0;0;0;0;0;0;0;0;0;1;1;1;1;1;1;1;1;1;1;1;1;1;0;0;1;0;0;0;0;0;0;0;0;0;0;0;0.0004;0.088;0;-0.0884;0;0;0;0;0;0;0;0;0;0;0;0;0;0;0;0;0;0;0;0.1802;0;0;0;0;0.0004;0;0;0;0;0;0;0;-0.0004;-0.0884;0;0;0;0;0;0;0;0;0;-0.7063;0;0.7063;1;1;0;0;0;0
15/08/21 07:00;9.1077;-65.796;67.424;9.9687;14.856;-90;-14.856;84.292;49.198;35.094;0.1701;2.6201;0;85.113;40.338;19.824;0;0.2254;145.5;0;145.5;85.113;19.824;40.338;0.2254;0.585;0.2788;0;0.0015;144.74;0.7561;0;0;0.5681;0.188;134.43;10.028;6.9112;1.6097;1.4991;0.0084;144.46;0.2895;0.1702;0.0396;0.0795;0.0001;134.45;78.032;18.175;38.191;0.029;24.747;20.688;6.2722;0.0505;0.2385;3.4313;0.0247;3.6194;0;1;0;0;1.7262;0.9948;1;1;0.9859;0.166;0.9306;0.9186;1;0.9622;0.7758;0.998;0.998;1;0.998;0.998;0.9239;0.9468;0.1285;0.4369;0.4122;0.0025;0.018;-0.0287;0.0029;0.0104;0.0007;0;0;0.088;0;0.3004;0;0;0;0;0;0;0;0;0;0;0;0;0.0084;0.0006;0.3974;0.3974;0;5.5748;5.5748;5.4047;0.0402;351;1132.2;1;0.009;0.009;0;0;0;0;0;0;0.3884;0.3004;0;17.326;20.063;13.098;15.167;97.74;97.74;3.492;3.176;2.4009;0.316;0.7751;0.0905;0.222;0.6875;24.535;0.6756;0
15/08/21 08:00;19.805;-55.578;34.74;23.585;52.431;-90;-52.431;318.3;52.597;265.7;3.6701;2.6299;0;644.4;17.455;74.964;0;9.9382;746.75;0;746.75;644.4;74.964;17.455;9.9382;0.8629;0.0367;0;0.0133;735.64;11.11;0;0;1.807;9.3025;730.89;3.2834;2.4493;0.2849;0.5241;0.0251;734.17;1.4713;1.2888;0.1499;0.0313;0.0013;731.17;640.66;74.529;15.093;0.6093;15.426;12.896;4.6412;1.814;0.217;3.1216;0.2828;1.5246;0;1;0;0;2.3461;0.9851;1;1;0.8965;0.064;0.9955;0.9962;1;0.9664;0.9604;0.998;0.998;1;0.998;0.998;0.9788;0.8647;0.0613;2.2425;2.2088;0.0133;-0.0011;0.0647;0.0149;0.0529;0.0006;0;0;0.088;0;1.8877;0;0;0;0;0;0;0;0;0;0;0;0;0.0426;0.0109;2.0099;2.0099;0;33.435;33.435;29.765;0.0407;1899;1058.4;1;0.0342;0.0342;0;0;0;0;0;0;1.9757;1.8877;0;17.074;19.771;16.036;18.57;98.3;98.3;17.922;16.063;15.087;1.8589;0.9764;0.1037;0.0545;0.8418;13.972;0.8392;0
15/08/21 09:00;29.134;-43.271;39.494;39.116;50.884;-90;-50.884;454.2;87.3;366.9;6.3398;3.5701;0;581.55;30.985;78.148;0;13.412;704.1;0;704.1;581.55;78.148;30.985;13.412;0.826;0.0631;0;0.019;688.49;15.611;0;0;3.0713;12.54;681.81;5.3006;3.8241;0.5139;0.9276;0.0351;687.11;1.377;1.1631;0.1563;0.0558;0.0017;684.98;576.57;77.478;26.93;0.8348;169.94;142.07;43.477;2.8996;1.7776;25.57;3.1667;24.448;0;1;0;0;1.5502;0.9778;1;1;0.9009;0.065;0.9923;0.9934;1;0.9667;0.9597;0.998;0.998;1;0.998;0.998;0.9683;0.8691;0.0622;2.1144;2.117;0.0127;-0.0005;0.0672;0.0143;0.0506;0.0049;0;0;0.088;0;1.7967;0;0;0;0;0;0;0;0;0;0;0;0;0.0407;0.01;1.9169;1.9169;0;34.125;34.125;27.786;0.0408;1818.5;1054.1;1;0.0323;0.0323;0;0;0;0;0;0;1.8847;1.7967;0;17.271;19.999;16.187;18.744;98.316;98.316;16.898;15.32;14.359;1.5781;0.9614;0.0934;0.0569;0.8497;24.41;0.8272;0
15/08/21 10:00;36.32;-28.185;45.25;57.279;32.721;-90;-32.721;599.2;99.5;499.7;11.31;4.1599;0;593.96;33.688;74.774;0;7.6068;710.03;0;710.03;593.96;74.774;33.688;7.6068;0.8365;0.0582;0;0.0107;701.55;8.4751;0;0;1.7185;6.7566;692.34;7.8106;5.9011;0.7429;1.0326;0.134;700.15;1.4031;1.1879;0.1495;0.0639;0.0017;694.54;586.87;73.882;30.873;0.7145;310.87;259.89;82.981;0.6904;2.7279;39.24;2.1987;41.277;0;1;0;0;1.1849;0.9881;1;1;0.949;0.1118;0.9888;0.99;1;0.9676;0.8421;0.998;0.998;1;0.998;0.998;0.9751;0.9164;0.0939;2.1322;2.1746;0.0131;-0.0009;0.1113;0.0144;0.0509;0.0074;0;0;0.088;0;1.8069;0;0;0;0;0;0;0;0;0;0;0;0;0.041;0.0106;1.9269;1.9269;0;39.653;39.653;28.343;0.0409;1866.9;1032.1;1;0.032;0.032;0;0;0;0;0;0;1.8949;1.8069;0;17.216;19.935;16.143;18.693;98.337;98.337;17.041;15.4;14.44;1.6408;0.9594;0.0963;0.0563;0.8474;22.639;0.8137;0
15/08/21 11:00;40.388;-10.319;48.534;78.109;11.891;-90;-11.891;665.09;111.2;553.89;14.7;4.74;0;566.04;39.536;72.798;0;1.1418;679.52;0;679.52;566.04;72.798;39.536;1.1418;0.833;0.0599;0;0.0017;678.18;1.3343;0;0;0.3827;0.9516;667.66;9.1651;6.7088;0.8628;1.5508;0.0427;676.83;1.3564;1.1321;0.1456;0.0783;0.0004;667.9;558.2;71.789;37.525;0.1471;386.83;323.39;102.49;0.0223;3.3898;48.76;0.2405;52.128;0;1;0;0;1.0217;0.998;1;1;0.9903;0.1665;0.9865;0.9881;1;0.9603;0.7752;0.998;0.998;1;0.998;0.998;0.9826;0.9491;0.1288;2.0406;2.1144;0.0127;-0.0005;0.1265;0.0138;0.049;0.0091;0;0;0.088;0;1.7357;0;0;0;0;0;0;0;0;0;0;0;0;0.0395;0.01;1.8542;1.8542;0;42.091;42.091;27.391;0.041;1814.7;1021.8;1;0.0304;0.0304;0;0;0;0;0;0;1.8237;1.7357;0;17.31;20.044;16.204;18.764;98.358;98.358;16.308;14.819;13.872;1.4896;0.9466;0.0913;0.058;0.8506;23.819;0.8072;0
15/08/21 12:00;40.546;8.8547;48.662;79.8;10.2;90;10.2;702.19;115.9;586.29;15.93;5.2;0;595.71;37.267;79.591;0;0.8879;713.46;0;713.46;595.71;79.591;37.267;0.8879;0.835;0.0535;0;0.0012;712.43;1.0211;0;0;0.2798;0.7413;701.42;9.5911;7.1049;0.9493;1.504;0.0329;711.01;1.4249;1.1914;0.1592;0.074;0.0003;701.59;587.41;78.483;35.409;0.1133;409.9;342.68;108.98;0.0119;3.5666;51.304;0.1721;54.859;0;1;0;0;1.016;0.9986;1;1;0.9925;0.1651;0.9865;0.988;1;0.9593;0.7747;0.998;0.998;1;0.998;0.998;0.9831;0.9502;0.1276;2.1425;2.2213;0.0134;-0.0012;0.1538;0.0144;0.051;0.0095;0;0;0.088;0;1.8086;0;0;0;0;0;0;0;0;0;0;0;0;0.0411;0.011;1.9283;1.9283;0;44.766;44.766;28.836;0.0411;1907.1;1011.1;1;0.0317;0.0317;0;0;0;0;0;0;1.8966;1.8086;0;17.145;19.854;16.081;18.622;98.358;98.358;17.123;15.411;14.455;1.7119;0.9563;0.1;0.0559;0.8442;22.35;0.801;0
15/08/21 13:00;36.759;26.895;45.603;58.802;31.198;90;31.198;202.81;197.6;5.2053;16.14;5.23;0;6.0853;182.12;1.5058;0;2.3464;192.06;0;192.06;6.0853;1.5058;182.12;2.3464;0.0317;0.9605;0;0.0122;181.35;10.704;0;0;8.6298;2.0743;175.25;5.744;0.0617;0.0153;5.6207;0.0463;180.99;0.3627;0.0122;0.003;0.347;0.0005;176.01;6.0114;1.4875;167.52;0.2253;124.43;104.02;33.035;3.1583;1.2907;18.566;0.7629;16.699;0;1;0;0;0.947;0.9443;1;1;0.9526;0.116;0.9683;0.9898;1;0.9675;0.8296;0.998;0.998;1;0.998;0.998;0.9125;0.9198;0.096;0.5767;0.5693;0.0034;0.0178;-0.0035;0.0039;0.0137;0.0036;0;0;0.088;0;0.4208;0;0;0;0;0;0;0;0;0;0;0;0;0.011;0.001;0.5184;0.5184;0;23.275;23.275;7.1355;0.0407;485.79;1067.1;1;0.0096;0.0096;0;0;0;0;0;0;0.5088;0.4208;0;17.123;19.827;13.898;16.094;98.145;98.145;4.6094;4.143;3.3628;0.4664;0.7802;0.1012;0.1693;0.7296;121.05;0.6803;0
15/08/21 14:00;29.778;42.211;40.007;40.419;49.581;90;49.581;320.31;237.1;83.207;15.28;4.72;0;128.33;170.88;45.914;0;9.0103;354.14;0;354.14;128.33;45.914;170.88;9.0103;0.3624;0.508;0;0.0254;329.36;24.778;0;0;16.344;8.434;322.37;6.3284;0.8823;0.3157;5.1055;0.025;328.7;0.6587;0.2567;0.0918;0.3091;0.0012;325.47;127.19;45.506;149.12;0.5501;174.34;145.75;48.612;14.596;2.3185;33.35;3.0954;21.073;0;1;0;0;1.1056;0.93;1;1;0.9044;0.064;0.9807;0.9931;1;0.9669;0.9565;0.998;0.998;1;0.998;0.998;0.9103;0.8727;0.0611;1.0635;1.0506;0.0063;0.0127;0.0127;0.0071;0.0253;0.0065;0;0;0.088;0;0.8531;0;0;0;0;0;0;0;0;0;0;0;0;0.0204;0.0028;0.9568;0.9568;0;28.401;28.401;13.121;0.0407;898.4;1065;1;0.0157;0.0157;0;0;0;0;0;0;0.9411;0.8531;0;17.139;19.847;15.281;17.695;98.355;98.355;8.4993;7.6468;6.8177;0.8524;0.8291;0.1003;0.0976;0.8022;132.86;0.7493;0
15/08/21 15:00;20.583;54.712;33.117;24.706;60;90;60;173.1;159;14.094;15.66;2.9599;0;33.578;115.67;11.38;0;6.9238;167.55;0;167.55;33.578;11.38;115.67;6.9238;0.2004;0.7317;0;0.0413;146.47;21.082;0;0;14.587;6.4945;142.45;3.725;0.0958;0.0325;3.5675;0.0292;146.18;0.2929;0.0672;0.0228;0.2022;0.0009;145.19;33.415;11.325;97.312;0.3993;101.12;84.538;30.443;19.339;1.9055;27.41;2.7423;9.976;0;1;0;0;0.968;0.8742;1;1;0.8739;0.062;0.9745;0.9971;1;0.9646;0.9319;0.998;0.998;1;0.998;0.998;0.8502;0.8413;0.0577;0.5032;0.4951;0.003;0.0181;-0.0063;0.0034;0.0119;0.0053;0;0;0.088;0;0.3525;0;0;0;0;0;0;0;0;0;0;0;0;0.0096;0.0008;0.4494;0.4494;0;21.462;21.462;5.8021;0.0407;421.21;1066.9;1;0.0089;0.0089;0;0;0;0;0;0;0.4405;0.3525;0;17.015;19.703;13.347;15.455;98.023;98.023;4.0212;3.5916;2.8173;0.4296;0.7743;0.1068;0.1926;0.7006;100.7;0.6242;0
15/08/21 16:00;9.97;65.062;65.172;10.971;16.517;90;16.517;44.304;43.704;0.6009;14.28;2.83;0;1.4575;42.69;0.2757;0;0.1463;44.57;0;44.57;1.4575;0.2757;42.69;0.1463;0.0327;0.9611;0;0.0033;43.727;0.8429;0;0;0.7205;0.1224;41.988;1.6518;0.0923;0.0175;1.5368;0.0053;43.64;0.0875;0.0029;0.0006;0.0839;0;42.022;1.3623;0.2577;40.349;0.0185;26.131;21.846;6.6112;0.0778;0.2542;3.6571;0.0343;3.8336;0;1;0;0;1.006;0.9811;1;1;0.9831;0.1632;0.9621;0.9366;1;0.9633;0.7758;0.998;0.998;1;0.998;0.998;0.9421;0.9452;0.1264;0.1338;0.1343;0.0008;0.0129;-0.0045;0.0009;0.0031;0.0007;0;0;0.088;0;0.0246;0;0;0;0;0;0;0;0;0;0;0;0;0.0025;0.0001;0.1178;0.1178;0;16.005;16.005;1.7251;0.0411;113.14;1040.8;1;0.0051;0.0051;0;0;0;0;0;0;0.1126;0.0246;0;16.762;19.41;3.504;4.0576;95.629;95.629;1.0697;0.9412;0.1968;0.1285;0.7444;0.1201;0.6959;0.1839;26.128;0.1733;0
15/08/21 17:00;2.189;71.303;84.685;2.3108;3.301;90;3.301;0;0;0;12.58;3.08;0;0;0;0;0;0;0;0;0;0;0;0;0;1;1;1;1;0;0;0;0;0;0;0;0;0;0;0;0;0;0;0;0;0;0;0;0;0;0;0;0;0;0;0;0;0;0;0;0;0;0;0;1;1;1;1;1;1;1;1;1;1;1;1;1;1;1;1;1;1;1;0;0;0;0;0;0;0;0;0;0.0004;0.088;0;-0.0884;0;0;0;0;0;0;0;0;0;0;0;0;0;0;0;0;0;0;0;-12.58;0;0;0;0;0.0004;0;0;0;0;0;0;0;-0.0004;-0.0884;0;0;0;0;0;0;0;0;0;-0.7063;0;0.7063;1;1;0;0;0;0
15/08/21 18:00;0;0;90;0;0;90;0;0;0;0;8.9497;3.1701;0;0;0;0;0;0;0;0;0;0;0;0;0;1;1;1;1;0;0;0;0;0;0;0;0;0;0;0;0;0;0;0;0;0;0;0;0;0;0;0;0;0;0;0;0;0;0;0;0;0;0;0;1;1;1;1;1;1;1;1;1;1;1;1;1;1;1;1;1;1;1;0;0;0;0;0;0;0;0;0;0.0004;0.088;0;-0.0884;0;0;0;0;0;0;0;0;0;0;0;0;0;0;0;0;0;0;0;-8.9497;0;0;0;0;0.0004;0;0;0;0;0;0;0;-0.0004;-0.0884;0;0;0;0;0;0;0;0;0;-0.7063;0;0.7063;1;1;0;0;0;0
15/08/21 19:00;0;0;90;0;0;90;0;0;0;0;9.07;3.29;0;0;0;0;0;0;0;0;0;0;0;0;0;1;1;1;1;0;0;0;0;0;0;0;0;0;0;0;0;0;0;0;0;0;0;0;0;0;0;0;0;0;0;0;0;0;0;0;0;0;0;0;1;1;1;1;1;1;1;1;1;1;1;1;1;1;1;1;1;1;1;0;0;0;0;0;0;0;0;0;0.0004;0.088;0;-0.0884;0;0;0;0;0;0;0;0;0;0;0;0;0;0;0;0;0;0;0;-9.07;0;0;0;0;0.0004;0;0;0;0;0;0;0;-0.0004;-0.0884;0;0;0;0;0;0;0;0;0;-0.7063;0;0.7063;1;1;0;0;0;0
15/08/21 20:00;0;0;90;0;0;90;0;0;0;0;8.1998;3.3599;0;0;0;0;0;0;0;0;0;0;0;0;0;1;1;1;1;0;0;0;0;0;0;0;0;0;0;0;0;0;0;0;0;0;0;0;0;0;0;0;0;0;0;0;0;0;0;0;0;0;0;0;1;1;1;1;1;1;1;1;1;1;1;1;1;1;1;1;1;1;1;0;0;0;0;0;0;0;0;0;0.0004;0.088;0;-0.0884;0;0;0;0;0;0;0;0;0;0;0;0;0;0;0;0;0;0;0;-8.1998;0;0;0;0;0.0004;0;0;0;0;0;0;0;-0.0004;-0.0884;0;0;0;0;0;0;0;0;0;-0.7063;0;0.7063;1;1;0;0;0;0
15/08/21 21:00;0;0;90;0;0;90;0;0;0;0;7.7697;3.48;0;0;0;0;0;0;0;0;0;0;0;0;0;1;1;1;1;0;0;0;0;0;0;0;0;0;0;0;0;0;0;0;0;0;0;0;0;0;0;0;0;0;0;0;0;0;0;0;0;0;0;0;1;1;1;1;1;1;1;1;1;1;1;1;1;1;1;1;1;1;1;0;0;0;0;0;0;0;0;0;0.0004;0.088;0;-0.0884;0;0;0;0;0;0;0;0;0;0;0;0;0;0;0;0;0;0;0;-7.7697;0;0;0;0;0.0004;0;0;0;0;0;0;0;-0.0004;-0.0884;0;0;0;0;0;0;0;0;0;-0.7063;0;0.7063;1;1;0;0;0;0
15/08/21 22:00;0;0;90;0;0;90;0;0;0;0;4.7603;3.54;0;0;0;0;0;0;0;0;0;0;0;0;0;1;1;1;1;0;0;0;0;0;0;0;0;0;0;0;0;0;0;0;0;0;0;0;0;0;0;0;0;0;0;0;0;0;0;0;0;0;0;0;1;1;1;1;1;1;1;1;1;1;1;1;1;1;1;1;1;1;1;0;0;0;0;0;0;0;0;0;0.0004;0.088;0;-0.0884;0;0;0;0;0;0;0;0;0;0;0;0;0;0;0;0;0;0;0;-4.7603;0;0;0;0;0.0004;0;0;0;0;0;0;0;-0.0004;-0.0884;0;0;0;0;0;0;0;0;0;-0.7063;0;0.7063;1;1;0;0;0;0
15/08/21 23:00;0;0;90;0;0;90;0;0;0;0;4.2697;3.4;0;0;0;0;0;0;0;0;0;0;0;0;0;1;1;1;1;0;0;0;0;0;0;0;0;0;0;0;0;0;0;0;0;0;0;0;0;0;0;0;0;0;0;0;0;0;0;0;0;0;0;0;1;1;1;1;1;1;1;1;1;1;1;1;1;1;1;1;1;1;1;0;0;0;0;0;0;0;0;0;0.0004;0.088;0;-0.0884;0;0;0;0;0;0;0;0;0;0;0;0;0;0;0;0;0;0;0;-4.2697;0;0;0;0;0.0004;0;0;0;0;0;0;0;-0.0004;-0.0884;0;0;0;0;0;0;0;0;0;-0.7063;0;0.7063;1;1;0;0;0;0
16/08/21 00:00;0;0;90;0;0;90;0;0;0;0;3.2998;3.3499;0;0;0;0;0;0;0;0;0;0;0;0;0;1;1;1;1;0;0;0;0;0;0;0;0;0;0;0;0;0;0;0;0;0;0;0;0;0;0;0;0;0;0;0;0;0;0;0;0;0;0;0;1;1;1;1;1;1;1;1;1;1;1;1;1;1;1;1;1;1;1;0;0;0;0;0;0;0;0;0;0.0004;0.088;0;-0.0884;0;0;0;0;0;0;0;0;0;0;0;0;0;0;0;0;0;0;0;-3.2998;0;0;0;0;0.0004;0;0;0;0;0;0;0;-0.0004;-0.0884;0;0;0;0;0;0;0;0;0;-0.7063;0;0.7063;1;1;0;0;0;0
16/08/21 01:00;0;0;90;0;0;90;0;0;0;0;2.29;3.37;0;0;0;0;0;0;0;0;0;0;0;0;0;1;1;1;1;0;0;0;0;0;0;0;0;0;0;0;0;0;0;0;0;0;0;0;0;0;0;0;0;0;0;0;0;0;0;0;0;0;0;0;1;1;1;1;1;1;1;1;1;1;1;1;1;1;1;1;1;1;1;0;0;0;0;0;0;0;0;0;0.0004;0.088;0;-0.0884;0;0;0;0;0;0;0;0;0;0;0;0;0;0;0;0;0;0;0;-2.29;0;0;0;0;0.0004;0;0;0;0;0;0;0;-0.0004;-0.0884;0;0;0;0;0;0;0;0;0;-0.7063;0;0.7063;1;1;0;0;0;0
16/08/21 02:00;0;0;90;0;0;90;0;0;0;0;2.1598;3.06;0;0;0;0;0;0;0;0;0;0;0;0;0;1;1;1;1;0;0;0;0;0;0;0;0;0;0;0;0;0;0;0;0;0;0;0;0;0;0;0;0;0;0;0;0;0;0;0;0;0;0;0;1;1;1;1;1;1;1;1;1;1;1;1;1;1;1;1;1;1;1;0;0;0;0;0;0;0;0;0;0.0004;0.088;0;-0.0884;0;0;0;0;0;0;0;0;0;0;0;0;0;0;0;0;0;0;0;-2.1598;0;0;0;0;0.0004;0;0;0;0;0;0;0;-0.0004;-0.0884;0;0;0;0;0;0;0;0;0;-0.7063;0;0.7063;1;1;0;0;0;0
16/08/21 03:00;0;0;90;0;0;90;0;0;0;0;2.2202;2.7899;0;0;0;0;0;0;0;0;0;0;0;0;0;1;1;1;1;0;0;0;0;0;0;0;0;0;0;0;0;0;0;0;0;0;0;0;0;0;0;0;0;0;0;0;0;0;0;0;0;0;0;0;1;1;1;1;1;1;1;1;1;1;1;1;1;1;1;1;1;1;1;0;0;0;0;0;0;0;0;0;0.0004;0.088;0;-0.0884;0;0;0;0;0;0;0;0;0;0;0;0;0;0;0;0;0;0;0;-2.2202;0;0;0;0;0.0004;0;0;0;0;0;0;0;-0.0004;-0.0884;0;0;0;0;0;0;0;0;0;-0.7063;0;0.7063;1;1;0;0;0;0
16/08/21 04:00;0;0;90;0;0;90;0;0;0;0;3.4999;2.6399;0;0;0;0;0;0;0;0;0;0;0;0;0;1;1;1;1;0;0;0;0;0;0;0;0;0;0;0;0;0;0;0;0;0;0;0;0;0;0;0;0;0;0;0;0;0;0;0;0;0;0;0;1;1;1;1;1;1;1;1;1;1;1;1;1;1;1;1;1;1;1;0;0;0;0;0;0;0;0;0;0.0004;0.088;0;-0.0884;0;0;0;0;0;0;0;0;0;0;0;0;0;0;0;0;0;0;0;-3.4999;0;0;0;0;0.0004;0;0;0;0;0;0;0;-0.0004;-0.0884;0;0;0;0;0;0;0;0;0;-0.7063;0;0.7063;1;1;0;0;0;0
16/08/21 05:00;0;0;90;0;0;90;0;0;0;0;1.2603;2.68;0;0;0;0;0;0;0;0;0;0;0;0;0;1;1;1;1;0;0;0;0;0;0;0;0;0;0;0;0;0;0;0;0;0;0;0;0;0;0;0;0;0;0;0;0;0;0;0;0;0;0;0;1;1;1;1;1;1;1;1;1;1;1;1;1;1;1;1;1;1;1;0;0;0;0;0;0;0;0;0;0.0004;0.088;0;-0.0884;0;0;0;0;0;0;0;0;0;0;0;0;0;0;0;0;0;0;0;-1.2603;0;0;0;0;0.0004;0;0;0;0;0;0;0;-0.0004;-0.0884;0;0;0;0;0;0;0;0;0;-0.7063;0;0.7063;1;1;0;0;0;0
16/08/21 06:00;1.9031;-71.914;85.38;2.002;2.8582;-90;-2.8582;0.7032;0.6983;0.0049;1.8799;3.38;0;0;0.6979;0;0;0.0001;0.698;0.698;0;0;0;0;0;1;1;1;1;0;0;0;0;0;0;0;0;0;0;0;0;0;0;0;0;0;0;0;0;0;0;0;0;0;0;0;0;0;0;0;0;0;0;0;0;1;1;1;1;1;1;1;1;1;1;1;1;1;0;0;1;0;0;0;0;0;0;0;0;0;0;0;0.0004;0.088;0;-0.0884;0;0;0;0;0;0;0;0;0;0;0;0;0;0;0;0;0;0;0;-1.8799;0;0;0;0;0.0004;0;0;0;0;0;0;0;-0.0004;-0.0884;0;0;0;0;0;0;0;0;0;-0.7063;0;0.7063;1;1;0;0;0;0
16/08/21 07:00;9.3443;-66.012;66.81;10.21;15.251;-90;-15.251;42.41;41.103;1.3071;5.5002;3.7401;0;3.17;40.135;0.6011;0;0.1195;44.026;0;44.026;3.17;0.6011;40.135;0.1195;0.072;0.9143;0;0.0027;43.335;0.6905;0;0;0.5908;0.0997;41.478;1.7709;0.2404;0.0456;1.4805;0.0044;43.249;0.0867;0.0063;0.0012;0.0791;0;41.504;2.9233;0.5543;37.985;0.0153;24.454;20.444;6.1725;0.0551;0.2377;3.4193;0.0263;3.6019;0;1;0;0;1.0381;0.9843;1;1;0.9853;0.1658;0.9591;0.924;1;0.9625;0.776;0.998;0.998;1;0.998;0.998;0.9421;0.9464;0.1284;0.1322;0.1322;0.0008;0.0128;-0.0086;0.0009;0.0032;0.0007;0;0;0.088;0;0.0264;0;0;0;0;0;0;0;0;0;0;0;0;0.0025;0.0001;0.1199;0.1199;0;7.1918;7.1918;1.6916;0.0408;111.14;1078.7;1;0.0055;0.0055;0;0;0;0;0;0;0.1144;0.0264;0;17.275;20.004;3.7983;4.3983;95.387;95.387;1.0566;0.9582;0.2107;0.0984;0.7475;0.0932;0.7074;0.1994;24.446;0.1884;0
16/08/21 08:00;20.063;-55.777;33.693;23.831;54.666;-90;-54.666;105;102;2.9974;7.2299;4.9;0;7.2696;79.969;1.6191;0;3.5419;92.4;0;92.4;7.2696;1.6191;79.969;3.5419;0.0787;0.9038;0;0.0383;80.287;12.113;0;0;8.7945;3.3183;77.673;2.453;0.0232;0.0052;2.4152;0.0094;80.126;0.1606;0.0145;0.0032;0.1423;0.0004;79.127;7.2319;1.6107;68.617;0.2137;65.571;54.818;19.252;9.6091;1.0768;15.49;1.4533;6.9576;0;1;0;0;0.88;0.8689;1;1;0.89;0.0631;0.9694;0.9968;1;0.966;0.9577;0.998;0.998;1;0.998;0.998;0.8406;0.858;0.0603;0.2775;0.271;0.0016;0.0166;-0.0144;0.0019;0.0066;0.0031;0;0;0.088;0;0.1548;0;0;0;0;0;0;0;0;0;0;0;0;0.0053;0.0003;0.2499;0.2499;0;10.383;10.383;3.153;0.0406;229.2;1090.4;1;0.0071;0.0071;0;0;0;0;0;0;0.2428;0.1548;0;17.158;19.868;10.627;12.306;97.149;97.149;2.2176;1.9973;1.2371;0.2203;0.7602;0.0993;0.3428;0.5578;65.553;0.4956;0
16/08/21 09:00;29.418;-43.438;39.234;39.355;50.645;-90;-50.645;164.7;159.3;5.3953;7.7598;5.86;0;8.5083;129.09;2.0671;0;4.8206;144.48;0;144.48;8.5083;2.0671;129.09;4.8206;0.0589;0.9268;0;0.0334;127.27;17.215;0;0;12.709;4.5064;123.07;3.9435;0.0547;0.0133;3.8629;0.0127;127.01;0.2545;0.017;0.0041;0.2328;0.0006;125.01;8.4366;2.0497;112.28;0.3009;103.82;86.791;29.859;11.871;1.528;21.98;1.9425;11.637;0;1;0;0;0.8773;0.8809;1;1;0.9016;0.0652;0.969;0.9936;1;0.9667;0.9594;0.998;0.998;1;0.998;0.998;0.8518;0.8698;0.0624;0.4339;0.4229;0.0025;0.018;-0.0187;0.0029;0.0105;0.0044;0;0;0.088;0;0.2976;0;0;0;0;0;0;0;0;0;0;0;0;0.0084;0.0006;0.3942;0.3942;0;12.742;12.742;4.9825;0.0405;359.12;1097.7;1;0.0086;0.0086;0;0;0;0;0;0;0.3856;0.2976;0;17.308;20.042;13.066;15.13;97.817;97.817;3.4676;3.1504;2.3784;0.3172;0.7721;0.0915;0.2227;0.6859;101.45;0.6158;0
16/08/21 10:00;36.628;-28.29;44.965;57.482;32.518;-90;-32.518;213.2;205.3;7.9016;8.5302;6.58;0;9.3707;187.33;2.4155;0;2.674;201.79;0;201.79;9.3707;2.4155;187.33;2.674;0.0464;0.9416;0;0.0133;189.95;11.835;0;0;9.4623;2.3728;183.66;5.9099;0.0915;0.0236;5.7469;0.0479;189.57;0.3799;0.0187;0.0048;0.3557;0.0006;184.55;9.2604;2.3871;171.76;0.2527;130.8;109.35;34.916;3.7477;1.3725;19.742;0.8841;17.367;0;1;0;0;0.9465;0.9413;1;1;0.9495;0.1126;0.9688;0.9902;1;0.9676;0.8405;0.998;0.998;1;0.998;0.998;0.9102;0.9169;0.0945;0.606;0.5975;0.0036;0.0177;-0.0193;0.0042;0.0148;0.0039;0;0;0.088;0;0.4613;0;0;0;0;0;0;0;0;0;0;0;0;0.0119;0.001;0.5596;0.5596;0;15.959;15.959;7.4291;0.0404;509.43;1098.6;1;0.0104;0.0104;0;0;0;0;0;0;0.5493;0.4613;0;17.593;20.373;14.501;16.792;98.148;98.148;4.8429;4.4727;3.6865;0.3703;0.7861;0.0765;0.1623;0.7612;125.7;0.7093;0
16/08/21 11:00;40.707;-10.324;48.226;78.234;11.766;-90;-11.766;279.6;260;19.601;9.6902;7.0199;0;20.022;251.47;5.979;0;0.47;277.94;0;277.94;20.022;5.979;251.47;0.47;0.072;0.9065;0;0.0017;275.16;2.7829;0;0;2.3911;0.3917;264.41;10.207;0.2337;0.0698;9.8855;0.0176;274.61;0.5503;0.04;0.012;0.4982;0.0002;264.5;19.748;5.8972;238.7;0.0605;166.24;138.97;41.939;0.1349;1.6017;23.04;0.0932;24.507;0;1;0;0;0.9941;0.99;1;1;0.9905;0.1665;0.9628;0.9883;1;0.9602;0.7752;0.998;0.998;1;0.998;0.998;0.9513;0.9492;0.1288;0.8347;0.8452;0.0051;0.0154;-0.0138;0.0059;0.0208;0.0046;0;0;0.088;0;0.687;0;0;0;0;0;0;0;0;0;0;0;0;0.0168;0.0019;0.7886;0.7886;0;20.395;20.395;10.704;0.0405;721.91;1092.4;1;0.0136;0.0136;0;0;0;0;0;0;0.775;0.687;0;17.999;20.842;15.68;18.158;98.278;98.278;6.6707;6.3026;5.4908;0.3681;0.8118;0.0552;0.1217;0.8231;151.45;0.775;0
16/08/21 12:00;40.853;8.9678;48.343;79.782;10.218;90;10.218;258.31;246.1;12.204;10.58;7.54;0;12.4;240.74;3.4948;0;0.3277;256.96;0;256.96;12.4;3.4948;240.74;0.3277;0.0483;0.9381;0;0.0013;254.88;2.086;0;0;1.8123;0.2736;244.45;9.9115;0.1456;0.041;9.7128;0.0122;254.37;0.5098;0.0248;0.007;0.4779;0.0001;244.51;12.23;3.4468;228.74;0.0418;153.51;128.33;38.597;0.0759;1.4844;21.352;0.0589;22.761;0;1;0;0;0.9948;0.9919;1;1;0.9925;0.1651;0.961;0.9882;1;0.9593;0.7747;0.998;0.998;1;0.998;0.998;0.9513;0.9501;0.1276;0.7717;0.7815;0.0047;0.0161;-0.0125;0.0054;0.0192;0.0042;0;0;0.088;0;0.6266;0;0;0;0;0;0;0;0;0;0;0;0;0.0155;0.0016;0.7272;0.7272;0;20.483;20.483;9.9031;0.0405;667.43;1089.6;1;0.0127;0.0127;0;0;0;0;0;0;0.7146;0.6266;0;17.953;20.79;15.468;17.912;98.258;98.258;6.1671;5.8121;5.0076;0.355;0.8045;0.0576;0.1305;0.812;144.38;0.7644;0
16/08/21 13:00;37.033;27.097;45.289;58.879;31.121;90;31.121;378.6;280.7;97.901;11.81;7.7201;0;114.36;228.78;39.926;0;4.3592;387.42;0;387.42;114.36;39.926;228.78;4.3592;0.2952;0.6018;0;0.0113;372.77;14.651;0;0;10.798;3.8523;363.34;8.6863;1.1388;0.3976;7.0635;0.0865;372.03;0.7455;0.2287;0.0799;0.436;0.001;364.7;112.99;39.449;210.48;0.4195;220.75;184.55;58.645;3.9341;2.1793;31.348;1.3573;29.593;0;1;0;0;1.0233;0.9622;1;1;0.9528;0.1163;0.9767;0.99;1;0.9675;0.8291;0.998;0.998;1;0.998;0.998;0.9378;0.92;0.0962;1.1634;1.1645;0.007;0.0111;0.0064;0.008;0.0283;0.0061;0;0;0.088;0;0.9658;0;0;0;0;0;0;0;0;0;0;0;0;0.0228;0.0033;1.0714;1.0714;0;26.565;26.565;14.755;0.0406;996.26;1075.5;1;0.0176;0.0176;0;0;0;0;0;0;1.0538;0.9658;0;17.543;20.315;15.814;18.312;98.354;98.354;9.2982;8.5628;7.7186;0.7354;0.8442;0.0791;0.0908;0.8301;151.98;0.7827;0
16/08/21 14:00;30.012;42.46;39.705;40.552;49.448;90;49.448;237.6;217.8;19.801;12.52;7.12;0;30.457;174.37;9.9346;0;6.6501;221.41;0;221.41;30.457;9.9346;174.37;6.6501;0.1376;0.8176;0;0.03;198.58;22.836;0;0;16.612;6.2239;192.68;5.4981;0.204;0.0665;5.2089;0.0186;198.18;0.3972;0.0609;0.0199;0.3155;0.0009;195.25;30.192;9.8481;152.23;0.4067;145.08;121.28;41.283;14.755;2.0449;29.415;2.5725;16.705;0;1;0;0;0.9319;0.8969;1;1;0.9047;0.0641;0.9723;0.9933;1;0.9669;0.9562;0.998;0.998;1;0.998;0.998;0.8702;0.873;0.0612;0.6649;0.6501;0.0039;0.0173;-0.0108;0.0045;0.0159;0.0058;0;0;0.088;0;0.5008;0;0;0;0;0;0;0;0;0;0;0;0;0.0128;0.0012;0.5995;0.5995;0;20.34;20.34;7.8195;0.0406;554.03;1082.1;1;0.0108;0.0108;0;0;0;0;0;0;0.5888;0.5008;0;17.177;19.891;14.348;16.614;98.204;98.204;5.3139;4.7915;4.0022;0.5224;0.7893;0.0983;0.1485;0.7532;135.39;0.685;0
16/08/21 15:00;20.781;54.979;32.809;24.863;60;90;60;107.69;105.7;1.9948;11.95;5.4801;0;4.7255;78.941;1.0546;0;4.3078;89.029;0;89.029;4.7255;1.0546;78.941;4.3078;0.0531;0.9351;0;0.0484;75.032;13.996;0;0;9.9555;4.0407;72.414;2.4683;0.0126;0.0028;2.4347;0.0182;74.882;0.1501;0.0095;0.0021;0.138;0.0005;74.27;4.7034;1.0496;66.413;0.2484;68.792;57.51;20.733;13.198;1.2976;18.665;1.8564;6.7639;0;1;0;0;0.8267;0.8428;1;1;0.8739;0.062;0.967;0.9973;1;0.9646;0.9319;0.998;0.998;1;0.998;0.998;0.8134;0.8413;0.0577;0.2674;0.263;0.0016;0.0165;-0.0097;0.0018;0.0063;0.0036;0;0;0.088;0;0.1427;0;0;0;0;0;0;0;0;0;0;0;0;0.0051;0.0003;0.2375;0.2375;0;14.903;14.903;2.9531;0.0408;222.34;1068.4;1;0.0068;0.0068;0;0;0;0;0;0;0.2307;0.1427;0;16.926;19.6;10.17;11.777;97.131;97.131;2.1367;1.8985;1.1407;0.2382;0.7578;0.1115;0.3546;0.5339;68.723;0.4615;0
16/08/21 16:00;10.139;65.337;64.726;11.133;16.79;90;16.79;32.896;32.601;0.295;11.42;3.9199;0;0.7154;31.866;0.0992;0;0.1122;32.793;0;32.793;0.7154;0.0992;31.866;0.1122;0.0218;0.9752;0;0.0034;32.146;0.6467;0;0;0.5528;0.0939;30.888;1.1943;0.0432;0.006;1.1411;0.0041;32.082;0.0643;0.0014;0.0002;0.0626;0;30.915;0.6708;0.0931;30.11;0.0142;19.526;16.323;4.9426;0.0615;0.19;2.7334;0.0266;2.862;0;1;0;0;0.9969;0.9803;1;1;0.9827;0.163;0.9628;0.9396;1;0.9635;0.7759;0.998;0.998;1;0.998;0.998;0.9419;0.9449;0.1262;0.0985;0.0989;0.0006;0.0112;-0.0045;0.0006;0.0023;0.0005;0;0;0.088;0;-0.0061;0;0;0;0;0;0;0;0;0;0;0;0;0.0018;0.0001;0.0862;0.0862;0;12.691;12.691;1.2706;0.0411;82.777;1041.9;1;0.0043;0.0043;0;0;0;0;0;0;0.0819;-0.0061;0;16.684;19.32;-1.1703;-1.3552;95.018;95.018;0.787;0.6893;-0.0484;0.0978;0.7376;0.1242;0.9372;0;19.524;0;0
16/08/21 17:00;2.3433;71.583;84.309;2.4697;3.5291;90;3.5291;0;0;0;10.98;3.8399;0;0;0;0;0;0;0;0;0;0;0;0;0;1;1;1;1;0;0;0;0;0;0;0;0;0;0;0;0;0;0;0;0;0;0;0;0;0;0;0;0;0;0;0;0;0;0;0;0;0;0;0;1;1;1;1;1;1;1;1;1;1;1;1;1;1;1;1;1;1;1;0;0;0;0;0;0;0;0;0;0.0004;0.088;0;-0.0884;0;0;0;0;0;0;0;0;0;0;0;0;0;0;0;0;0;0;0;-10.98;0;0;0;0;0.0004;0;0;0;0;0;0;0;-0.0004;-0.0884;0;0;0;0;0;0;0;0;0;-0.7063;0;0.7063;1;1;0;0;0;0
16/08/21 18:00;0;0;90;0;0;90;0;0;0;0;8.8599;4.0601;0;0;0;0;0;0;0;0;0;0;0;0;0;1;1;1;1;0;0;0;0;0;0;0;0;0;0;0;0;0;0;0;0;0;0;0;0;0;0;0;0;0;0;0;0;0;0;0;0;0;0;0;1;1;1;1;1;1;1;1;1;1;1;1;1;1;1;1;1;1;1;0;0;0;0;0;0;0;0;0;0.0004;0.088;0;-0.0884;0;0;0;0;0;0;0;0;0;0;0;0;0;0;0;0;0;0;0;-8.8599;0;0;0;0;0.0004;0;0;0;0;0;0;0;-0.0004;-0.0884;0;0;0;0;0;0;0;0;0;-0.7063;0;0.7063;1;1;0;0;0;0
16/08/21 19:00;0;0;90;0;0;90;0;0;0;0;8.0097;4.3199;0;0;0;0;0;0;0;0;0;0;0;0;0;1;1;1;1;0;0;0;0;0;0;0;0;0;0;0;0;0;0;0;0;0;0;0;0;0;0;0;0;0;0;0;0;0;0;0;0;0;0;0;1;1;1;1;1;1;1;1;1;1;1;1;1;1;1;1;1;1;1;0;0;0;0;0;0;0;0;0;0.0004;0.088;0;-0.0884;0;0;0;0;0;0;0;0;0;0;0;0;0;0;0;0;0;0;0;-8.0097;0;0;0;0;0.0004;0;0;0;0;0;0;0;-0.0004;-0.0884;0;0;0;0;0;0;0;0;0;-0.7063;0;0.7063;1;1;0;0;0;0
16/08/21 20:00;0;0;90;0;0;90;0;0;0;0;7.6002;4.56;0;0;0;0;0;0;0;0;0;0;0;0;0;1;1;1;1;0;0;0;0;0;0;0;0;0;0;0;0;0;0;0;0;0;0;0;0;0;0;0;0;0;0;0;0;0;0;0;0;0;0;0;1;1;1;1;1;1;1;1;1;1;1;1;1;1;1;1;1;1;1;0;0;0;0;0;0;0;0;0;0.0004;0.088;0;-0.0884;0;0;0;0;0;0;0;0;0;0;0;0;0;0;0;0;0;0;0;-7.6002;0;0;0;0;0.0004;0;0;0;0;0;0;0;-0.0004;-0.0884;0;0;0;0;0;0;0;0;0;-0.7063;0;0.7063;1;1;0;0;0;0
16/08/21 21:00;0;0;90;0;0;90;0;0;0;0;7.66;4.6299;0;0;0;0;0;0;0;0;0;0;0;0;0;1;1;1;1;0;0;0;0;0;0;0;0;0;0;0;0;0;0;0;0;0;0;0;0;0;0;0;0;0;0;0;0;0;0;0;0;0;0;0;1;1;1;1;1;1;1;1;1;1;1;1;1;1;1;1;1;1;1;0;0;0;0;0;0;0;0;0;0.0004;0.088;0;-0.0884;0;0;0;0;0;0;0;0;0;0;0;0;0;0;0;0;0;0;0;-7.66;0;0;0;0;0.0004;0;0;0;0;0;0;0;-0.0004;-0.0884;0;0;0;0;0;0;0;0;0;-0.7063;0;0.7063;1;1;0;0;0;0
16/08/21 22:00;0;0;90;0;0;90;0;0;0;0;5.3599;4.4799;0;0;0;0;0;0;0;0;0;0;0;0;0;1;1;1;1;0;0;0;0;0;0;0;0;0;0;0;0;0;0;0;0;0;0;0;0;0;0;0;0;0;0;0;0;0;0;0;0;0;0;0;1;1;1;1;1;1;1;1;1;1;1;1;1;1;1;1;1;1;1;0;0;0;0;0;0;0;0;0;0.0004;0.088;0;-0.0884;0;0;0;0;0;0;0;0;0;0;0;0;0;0;0;0;0;0;0;-5.3599;0;0;0;0;0.0004;0;0;0;0;0;0;0;-0.0004;-0.0884;0;0;0;0;0;0;0;0;0;-0.7063;0;0.7063;1;1;0;0;0;0
16/08/21 23:00;0;0;90;0;0;90;0;0;0;0;7.1302;4.4601;0;0;0;0;0;0;0;0;0;0;0;0;0;1;1;1;1;0;0;0;0;0;0;0;0;0;0;0;0;0;0;0;0;0;0;0;0;0;0;0;0;0;0;0;0;0;0;0;0;0;0;0;1;1;1;1;1;1;1;1;1;1;1;1;1;1;1;1;1;1;1;0;0;0;0;0;0;0;0;0;0.0004;0.088;0;-0.0884;0;0;0;0;0;0;0;0;0;0;0;0;0;0;0;0;0;0;0;-7.1302;0;0;0;0;0.0004;0;0;0;0;0;0;0;-0.0004;-0.0884;0;0;0;0;0;0;0;0;0;-0.7063;0;0.7063;1;1;0;0;0;0
17/08/21 00:00;0;0;90;0;0;90;0;0;0;0;5.0202;4.3199;0;0;0;0;0;0;0;0;0;0;0;0;0;1;1;1;1;0;0;0;0;0;0;0;0;0;0;0;0;0;0;0;0;0;0;0;0;0;0;0;0;0;0;0;0;0;0;0;0;0;0;0;1;1;1;1;1;1;1;1;1;1;1;1;1;1;1;1;1;1;1;0;0;0;0;0;0;0;0;0;0.0004;0.088;0;-0.0884;0;0;0;0;0;0;0;0;0;0;0;0;0;0;0;0;0;0;0;-5.0202;0;0;0;0;0.0004;0;0;0;0;0;0;0;-0.0004;-0.0884;0;0;0;0;0;0;0;0;0;-0.7063;0;0.7063;1;1;0;0;0;0
17/08/21 01:00;0;0;90;0;0;90;0;0;0;0;4.4;3.62;0;0;0;0;0;0;0;0;0;0;0;0;0;1;1;1;1;0;0;0;0;0;0;0;0;0;0;0;0;0;0;0;0;0;0;0;0;0;0;0;0;0;0;0;0;0;0;0;0;0;0;0;1;1;1;1;1;1;1;1;1;1;1;1;1;1;1;1;1;1;1;0;0;0;0;0;0;0;0;0;0.0004;0.088;0;-0.0884;0;0;0;0;0;0;0;0;0;0;0;0;0;0;0;0;0;0;0;-4.4;0;0;0;0;0.0004;0;0;0;0;0;0;0;-0.0004;-0.0884;0;0;0;0;0;0;0;0;0;-0.7063;0;0.7063;1;1;0;0;0;0
17/08/21 02:00;0;0;90;0;0;90;0;0;0;0;3.02;3.56;0;0;0;0;0;0;0;0;0;0;0;0;0;1;1;1;1;0;0;0;0;0;0;0;0;0;0;0;0;0;0;0;0;0;0;0;0;0;0;0;0;0;0;0;0;0;0;0;0;0;0;0;1;1;1;1;1;1;1;1;1;1;1;1;1;1;1;1;1;1;1;0;0;0;0;0;0;0;0;0;0.0004;0.088;0;-0.0884;0;0;0;0;0;0;0;0;0;0;0;0;0;0;0;0;0;0;0;-3.02;0;0;0;0;0.0004;0;0;0;0;0;0;0;-0.0004;-0.0884;0;0;0;0;0;0;0;0;0;-0.7063;0;0.7063;1;1;0;0;0;0
17/08/21 03:00;0;0;90;0;0;90;0;0;0;0;2.3898;3.64;0;0;0;0;0;0;0;0;0;0;0;0;0;1;1;1;1;0;0;0;0;0;0;0;0;0;0;0;0;0;0;0;0;0;0;0;0;0;0;0;0;0;0;0;0;0;0;0;0;0;0;0;1;1;1;1;1;1;1;1;1;1;1;1;1;1;1;1;1;1;1;0;0;0;0;0;0;0;0;0;0.0004;0.088;0;-0.0884;0;0;0;0;0;0;0;0;0;0;0;0;0;0;0;0;0;0;0;-2.3898;0;0;0;0;0.0004;0;0;0;0;0;0;0;-0.0004;-0.0884;0;0;0;0;0;0;0;0;0;-0.7063;0;0.7063;1;1;0;0;0;0
17/08/21 04:00;0;0;90;0;0;90;0;0;0;0;3.25;3.0901;0;0;0;0;0;0;0;0;0;0;0;0;0;1;1;1;1;0;0;0;0;0;0;0;0;0;0;0;0;0;0;0;0;0;0;0;0;0;0;0;0;0;0;0;0;0;0;0;0;0;0;0;1;1;1;1;1;1;1;1;1;1;1;1;1;1;1;1;1;1;1;0;0;0;0;0;0;0;0;0;0.0004;0.088;0;-0.0884;0;0;0;0;0;0;0;0;0;0;0;0;0;0;0;0;0;0;0;-3.25;0;0;0;0;0.0004;0;0;0;0;0;0;0;-0.0004;-0.0884;0;0;0;0;0;0;0;0;0;-0.7063;0;0.7063;1;1;0;0;0;0
17/08/21 05:00;0;0;90;0;0;90;0;0;0;0;2.3598;2.82;0;0;0;0;0;0;0;0;0;0;0;0;0;1;1;1;1;0;0;0;0;0;0;0;0;0;0;0;0;0;0;0;0;0;0;0;0;0;0;0;0;0;0;0;0;0;0;0;0;0;0;0;1;1;1;1;1;1;1;1;1;1;1;1;1;1;1;1;1;1;1;0;0;0;0;0;0;0;0;0;0.0004;0.088;0;-0.0884;0;0;0;0;0;0;0;0;0;0;0;0;0;0;0;0;0;0;0;-2.3598;0;0;0;0;0.0004;0;0;0;0;0;0;0;-0.0004;-0.0884;0;0;0;0;0;0;0;0;0;-0.7063;0;0.7063;1;1;0;0;0;0
17/08/21 06:00;1.9379;-72.287;85.296;2.0343;2.9045;-90;-2.9045;0.6056;0.5986;0.007;1.5302;3.08;0;0;0.5982;0;0;0.0001;0.5983;0.5983;0;0;0;0;0;1;1;1;1;0;0;0;0;0;0;0;0;0;0;0;0;0;0;0;0;0;0;0;0;0;0;0;0;0;0;0;0;0;0;0;0;0;0;0;0;1;1;1;1;1;1;1;1;1;1;1;1;1;0;0;1;0;0;0;0;0;0;0;0;0;0;0;0.0004;0.088;0;-0.0884;0;0;0;0;0;0;0;0;0;0;0;0;0;0;0;0;0;0;0;-1.5302;0;0;0;0;0.0004;0;0;0;0;0;0;0;-0.0004;-0.0884;0;0;0;0;0;0;0;0;0;-0.7063;0;0.7063;1;1;0;0;0;0
17/08/21 07:00;9.5848;-66.231;66.182;10.454;15.654;-90;-15.654;82.397;56.202;26.194;2.5699;3.53;0;63.529;48.662;16.056;0;0.2445;128.49;0;128.49;63.529;16.056;48.662;0.2445;0.4944;0.3806;0;0.0019;127.54;0.9526;0;0;0.7486;0.204;119.86;7.4202;4.4941;1.1358;1.7813;0.009;127.28;0.2551;0.1271;0.0321;0.0958;0.0001;119.9;58.908;14.889;46.037;0.0314;29.845;24.951;7.5613;0.0733;0.2887;4.1527;0.0341;4.3681;0;1;0;0;1.5594;0.9926;1;1;0.9846;0.1656;0.9417;0.9291;1;0.9627;0.7761;0.998;0.998;1;0.998;0.998;0.9329;0.946;0.1283;0.3859;0.3699;0.0022;0.0178;-0.0234;0.0026;0.0093;0.0008;0;0;0.088;0;0.2563;0;0;0;0;0;0;0;0;0;0;0;0;0.0075;0.0005;0.3527;0.3527;0;7.4018;7.4018;4.8319;0.0403;314.83;1120.2;1;0.0084;0.0084;0;0;0;0;0;0;0.3443;0.2563;0;17.411;20.162;12.653;14.651;97.621;97.621;3.0838;2.8185;2.0482;0.2653;0.7704;0.086;0.2498;0.6642;29.684;0.6485;0
17/08/21 08:00;20.326;-55.978;32.602;24.081;57.64;-90;-57.64;242.6;116.7;125.9;5.8997;3.4901;0;305.34;65.27;76.815;0;9.0202;456.44;0;456.44;305.34;76.815;65.27;9.0202;0.669;0.1628;0;0.0198;440.24;16.201;0;0;7.7503;8.4503;436.36;2.9978;0.7795;0.1961;1.9922;0.03;439.36;0.8805;0.6107;0.1536;0.115;0.0011;437.82;303.95;76.465;55.412;0.5388;56.073;46.877;16.516;9.4595;0.9982;14.359;1.4553;5.8975;0;1;0;0;1.8815;0.9645;1;1;0.8813;0.0632;0.9932;0.9974;1;0.9653;0.9472;0.998;0.998;1;0.998;0.998;0.956;0.849;0.0597;1.3707;1.3489;0.0081;0.0084;-0.0068;0.0094;0.0332;0.0028;0;0;0.088;0;1.1538;0;0;0;0;0;0;0;0;0;0;0;0;0.0268;0.0044;1.2626;1.2626;0;23.557;23.557;17.657;0.0405;1155.8;1092.5;1;0.0208;0.0208;0;0;0;0;0;0;1.2418;1.1538;0;17.548;20.32;16.035;18.568;98.351;98.351;10.955;10.091;9.2211;0.8638;0.8697;0.0789;0.0794;0.8417;55.301;0.8224;0
17/08/21 09:00;29.705;-43.607;38.972;39.597;50.403;-90;-50.403;416.69;126.2;290.49;8.7197;3.85;0;455.75;57.968;86.91;0;12.088;612.72;0;612.72;455.75;86.91;57.968;12.088;0.7438;0.1143;0;0.0197;595.76;16.965;0;0;5.6674;11.297;589.39;5.1692;2.8579;0.545;1.734;0.0323;594.56;1.1915;0.9115;0.1738;0.1046;0.0016;592.41;451.98;86.191;50.462;0.7565;168.68;141.01;44.459;5.2451;1.8335;26.375;3.0203;22.963;0;1;0;0;1.4704;0.9723;1;1;0.9022;0.0654;0.9913;0.9937;1;0.9668;0.959;0.998;0.998;1;0.998;0.998;0.9619;0.8705;0.0626;1.84;1.8399;0.0111;0.0021;0.0496;0.0124;0.0441;0.0051;0;0;0.088;0;1.5566;0;0;0;0;0;0;0;0;0;0;0;0;0.0355;0.0077;1.6722;1.6722;0;32.721;32.721;24.002;0.0407;1580.5;1058;1;0.0276;0.0276;0;0;0;0;0;0;1.6446;1.5566;0;17.313;20.048;16.116;18.661;98.348;98.348;14.705;13.364;12.44;1.341;0.9241;0.0912;0.0628;0.846;45.446;0.8196;0
17/08/21 10:00;36.939;-28.395;44.677;57.688;32.312;-90;-32.312;205.5;199.1;6.4046;9.5001;4.3701;0;7.578;182.22;1.8799;0;2.5458;194.22;0;194.22;7.578;1.8799;182.22;2.5458;0.039;0.9513;0;0.0131;182.85;11.369;0;0;9.1122;2.2568;176.76;5.7324;0.0728;0.018;5.5952;0.0464;182.49;0.3657;0.0152;0.0038;0.3462;0.0006;177.6;7.4901;1.8581;167.17;0.242;126.2;105.5;33.659;3.5665;1.3228;19.028;0.8402;16.784;0;1;0;0;0.9451;0.9415;1;1;0.95;0.1135;0.9686;0.9904;1;0.9676;0.839;0.998;0.998;1;0.998;0.998;0.9101;0.9174;0.0951;0.5832;0.575;0.0035;0.0178;-0.0172;0.004;0.0142;0.0038;0;0;0.088;0;0.4385;0;0;0;0;0;0;0;0;0;0;0;0;0.0114;0.001;0.5366;0.5366;0;16.656;16.656;7.1562;0.0405;490.28;1094.4;1;0.0101;0.0101;0;0;0;0;0;0;0.5265;0.4385;0;17.526;20.294;14.322;16.585;98.122;98.122;4.6613;4.2883;3.5045;0.373;0.7838;0.08;0.1682;0.7518;122.09;0.7004;0
17/08/21 11:00;41.03;-10.325;47.915;78.361;11.639;-90;-11.639;284.5;263.6;20.905;11.86;4.82;0;21.344;254.67;6.4176;0;0.468;282.9;0;282.9;21.344;6.4176;254.67;0.468;0.0754;0.9019;0;0.0017;280.13;2.7676;0;0;2.3775;0.39;269.2;10.37;0.2453;0.0737;10.033;0.0175;279.57;0.5603;0.0427;0.0128;0.5046;0.0002;269.29;21.056;6.331;241.75;0.0603;169.12;141.38;42.67;0.1312;1.6288;23.429;0.0922;24.927;0;1;0;0;0.9944;0.9902;1;1;0.9907;0.1665;0.9629;0.9885;1;0.9602;0.7752;0.998;0.998;1;0.998;0.998;0.9516;0.9493;0.1288;0.8495;0.8605;0.0052;0.0152;-0.0068;0.0059;0.021;0.0046;0;0;0.088;0;0.6948;0;0;0;0;0;0;0;0;0;0;0;0;0.0169;0.0019;0.7964;0.7964;0;22.779;22.779;10.919;0.0406;735.07;1083.4;1;0.0136;0.0136;0;0;0;0;0;0;0.7828;0.6948;0;17.859;20.68;15.581;18.042;98.295;98.295;6.7895;6.3649;5.553;0.4246;0.8118;0.0625;0.1196;0.8179;153.32;0.7701;0
17/08/21 12:00;41.164;9.0857;48.021;79.762;10.238;90;10.238;182.49;179.1;3.3954;11.88;5.13;0;3.4503;176.98;0.703;0;0.2325;181.37;0;181.37;3.4503;0.703;176.98;0.2325;0.019;0.9771;0;0.0013;179.84;1.5309;0;0;1.3368;0.1941;172.29;7.1948;0.0399;0.0081;7.1382;0.0086;179.48;0.3597;0.0069;0.0014;0.3513;0.0001;172.33;3.4036;0.6935;168.16;0.0297;108.54;90.736;27.224;0.0562;1.054;15.161;0.0417;16.159;0;1;0;0;0.9939;0.9916;1;1;0.9924;0.1651;0.9599;0.9884;1;0.9593;0.7747;0.998;0.998;1;0.998;0.998;0.9499;0.9501;0.1276;0.5447;0.551;0.0033;0.0179;-0.0121;0.0038;0.0135;0.003;0;0;0.088;0;0.4122;0;0;0;0;0;0;0;0;0;0;0;0;0.0108;0.0009;0.5099;0.5099;0;18.87;18.87;6.9898;0.0406;470.16;1084.5;1;0.0097;0.0097;0;0;0;0;0;0;0.5002;0.4122;0;17.835;20.652;14.418;16.695;98.098;98.098;4.3529;4.0752;3.2944;0.2777;0.7808;0.0638;0.1794;0.7568;106.15;0.7123;0
17/08/21 13:00;37.31;27.306;44.97;58.953;31.047;90;31.047;275.69;254.4;21.295;12.03;5.29;0;24.856;229.96;7.8115;0;3.1595;265.79;0;265.79;24.856;7.8115;229.96;3.1595;0.0935;0.8771;0;0.0119;252.18;13.604;0;0;10.813;2.7911;244.2;7.4849;0.2429;0.0763;7.1027;0.063;251.68;0.5044;0.0497;0.0156;0.4383;0.0007;245.21;24.563;7.7195;211.61;0.3047;167.27;139.84;44.392;3.9216;1.7152;24.673;1.0157;22.466;0;1;0;0;0.9641;0.9488;1;1;0.953;0.1166;0.9703;0.9902;1;0.9675;0.8286;0.998;0.998;1;0.998;0.998;0.9188;0.9202;0.0964;0.7982;0.7906;0.0048;0.016;-0.0086;0.0054;0.0193;0.0049;0;0;0.088;0;0.6309;0;0;0;0;0;0;0;0;0;0;0;0;0.0156;0.0017;0.7315;0.7315;0;21.935;21.935;9.9048;0.0406;675.02;1083.7;1;0.0127;0.0127;0;0;0;0;0;0;0.7189;0.6309;0;17.459;20.218;15.057;17.436;98.269;98.269;6.3789;5.8463;5.0418;0.5326;0.8045;0.0835;0.1261;0.7904;152.68;0.739;0
17/08/21 14:00;30.248;42.715;39.398;40.683;49.317;90;49.317;464.3;149.4;314.9;11.85;5.1601;0;483.06;65.638;107.28;0;12.931;668.9;0;668.9;483.06;107.28;65.638;12.931;0.7222;0.1175;0;0.0193;650.58;18.33;0;0;6.2294;12.1;643.43;5.8458;3.1494;0.6994;1.9605;0.0366;649.27;1.3012;0.9661;0.2146;0.1188;0.0017;646.76;478.94;106.36;57.33;0.7922;193.51;161.78;50.754;5.5059;2.0865;30.014;3.3325;26.594;0;1;0;0;1.4407;0.9726;1;1;0.9051;0.0642;0.991;0.9935;1;0.9669;0.9559;0.998;0.998;1;0.998;0.998;0.9619;0.8734;0.0613;2.0087;2.0112;0.0121;0.0004;0.0926;0.0133;0.0473;0.0057;0;0;0.088;0;1.6751;0;0;0;0;0;0;0;0;0;0;0;0;0.0381;0.0091;1.7926;1.7926;0;38.163;38.163;26.313;0.0409;1728;1037.4;1;0.0296;0.0296;0;0;0;0;0;0;1.7631;1.6751;0;17.001;19.686;15.886;18.395;98.351;98.351;16.054;14.327;13.387;1.7271;0.9396;0.1076;0.0585;0.8339;50.899;0.8068;0
17/08/21 15:00;20.98;55.251;32.496;25.018;60;90;60;349.4;105.3;244.1;13.27;4.11;0;575.01;38.66;126.63;0;13.976;754.27;0;754.27;575.01;126.63;38.66;13.976;0.7623;0.0698;0;0.0185;736.28;17.985;0;0;4.8755;13.109;731.81;2.9992;1.4325;0.3155;1.1924;0.0589;734.81;1.4726;1.15;0.2533;0.0676;0.0017;733.06;572.42;126.06;32.524;0.8059;43.626;36.471;13.062;6.4667;0.7047;10.137;1.2505;4.3751;0;1;0;0;2.1588;0.9762;1;1;0.8739;0.062;0.9959;0.9975;1;0.9646;0.9319;0.998;0.998;1;0.998;0.998;0.9702;0.8413;0.0577;2.2651;2.2293;0.0134;-0.0012;0.1429;0.0145;0.0515;0.0019;0;0;0.088;0;1.8334;0;0;0;0;0;0;0;0;0;0;0;0;0.0415;0.0111;1.9538;1.9538;0;43.317;43.317;30.047;0.0411;1916.8;1019.3;1;0.0323;0.0323;0;0;0;0;0;0;1.9214;1.8334;0;16.432;19.028;15.42;17.856;98.346;98.346;18.102;15.614;14.653;2.488;0.9615;0.1374;0.0531;0.8094;33.656;0.8014;0
17/08/21 16:00;10.309;65.616;64.278;11.294;17.063;90;17.063;156.2;91.797;64.402;13.41;2.6201;0;156.19;65.584;59.994;0;0.55;282.32;0;282.32;156.19;59.994;65.584;0.55;0.5532;0.2343;0;0.0019;280.69;1.6295;0;0;1.169;0.4605;265.35;14.782;8.978;3.4484;2.3361;0.02;280.13;0.5614;0.3124;0.12;0.1288;0.0002;265.4;146.9;56.425;61.95;0.0694;40.663;33.994;10.362;0.1341;0.3916;5.6334;0.0571;5.8909;0;1;0;0;1.8074;0.9942;1;1;0.9822;0.1628;0.9472;0.9424;1;0.9637;0.7761;0.998;0.998;1;0.998;0.998;0.9399;0.9446;0.1261;0.8478;0.8112;0.0049;0.0158;-0.0023;0.0056;0.0197;0.0011;0;0;0.088;0;0.6481;0;0;0;0;0;0;0;0;0;0;0;0;0.0159;0.0018;0.749;0.749;0;24.187;24.187;10.777;0.0406;694.57;1078.3;1;0.0128;0.0128;0;0;0;0;0;0;0.7361;0.6481;0;16.829;19.487;14.563;16.863;98.285;98.285;6.7757;5.9856;5.1797;0.7901;0.806;0.1166;0.1189;0.7644;40.226;0.7532;0
17/08/21 17:00;2.3035;72.013;84.406;2.4217;3.4602;90;3.4602;0;0;0;9.9003;2.6299;0;0;0;0;0;0;0;0;0;0;0;0;0;1;1;1;1;0;0;0;0;0;0;0;0;0;0;0;0;0;0;0;0;0;0;0;0;0;0;0;0;0;0;0;0;0;0;0;0;0;0;0;1;1;1;1;1;1;1;1;1;1;1;1;1;1;1;1;1;1;1;0;0;0;0;0;0;0;0;0;0.0004;0.088;0;-0.0884;0;0;0;0;0;0;0;0;0;0;0;0;0;0;0;0;0;0;0;-9.9003;0;0;0;0;0.0004;0;0;0;0;0;0;0;-0.0004;-0.0884;0;0;0;0;0;0;0;0;0;-0.7063;0;0.7063;1;1;0;0;0;0
17/08/21 18:00;0;0;90;0;0;90;0;0;0;0;8.7502;2.59;0;0;0;0;0;0;0;0;0;0;0;0;0;1;1;1;1;0;0;0;0;0;0;0;0;0;0;0;0;0;0;0;0;0;0;0;0;0;0;0;0;0;0;0;0;0;0;0;0;0;0;0;1;1;1;1;1;1;1;1;1;1;1;1;1;1;1;1;1;1;1;0;0;0;0;0;0;0;0;0;0.0004;0.088;0;-0.0884;0;0;0;0;0;0;0;0;0;0;0;0;0;0;0;0;0;0;0;-8.7502;0;0;0;0;0.0004;0;0;0;0;0;0;0;-0.0004;-0.0884;0;0;0;0;0;0;0;0;0;-0.7063;0;0.7063;1;1;0;0;0;0
17/08/21 19:00;0;0;90;0;0;90;0;0;0;0;6.6403;2.5301;0;0;0;0;0;0;0;0;0;0;0;0;0;1;1;1;1;0;0;0;0;0;0;0;0;0;0;0;0;0;0;0;0;0;0;0;0;0;0;0;0;0;0;0;0;0;0;0;0;0;0;0;1;1;1;1;1;1;1;1;1;1;1;1;1;1;1;1;1;1;1;0;0;0;0;0;0;0;0;0;0.0004;0.088;0;-0.0884;0;0;0;0;0;0;0;0;0;0;0;0;0;0;0;0;0;0;0;-6.6403;0;0;0;0;0.0004;0;0;0;0;0;0;0;-0.0004;-0.0884;0;0;0;0;0;0;0;0;0;-0.7063;0;0.7063;1;1;0;0;0;0
17/08/21 20:00;0;0;90;0;0;90;0;0;0;0;5.3101;2.4601;0;0;0;0;0;0;0;0;0;0;0;0;0;1;1;1;1;0;0;0;0;0;0;0;0;0;0;0;0;0;0;0;0;0;0;0;0;0;0;0;0;0;0;0;0;0;0;0;0;0;0;0;1;1;1;1;1;1;1;1;1;1;1;1;1;1;1;1;1;1;1;0;0;0;0;0;0;0;0;0;0.0004;0.088;0;-0.0884;0;0;0;0;0;0;0;0;0;0;0;0;0;0;0;0;0;0;0;-5.3101;0;0;0;0;0.0004;0;0;0;0;0;0;0;-0.0004;-0.0884;0;0;0;0;0;0;0;0;0;-0.7063;0;0.7063;1;1;0;0;0;0
17/08/21 21:00;0;0;90;0;0;90;0;0;0;0;3.6601;2.29;0;0;0;0;0;0;0;0;0;0;0;0;0;1;1;1;1;0;0;0;0;0;0;0;0;0;0;0;0;0;0;0;0;0;0;0;0;0;0;0;0;0;0;0;0;0;0;0;0;0;0;0;1;1;1;1;1;1;1;1;1;1;1;1;1;1;1;1;1;1;1;0;0;0;0;0;0;0;0;0;0.0004;0.088;0;-0.0884;0;0;0;0;0;0;0;0;0;0;0;0;0;0;0;0;0;0;0;-3.6601;0;0;0;0;0.0004;0;0;0;0;0;0;0;-0.0004;-0.0884;0;0;0;0;0;0;0;0;0;-0.7063;0;0.7063;1;1;0;0;0;0
17/08/21 22:00;0;0;90;0;0;90;0;0;0;0;3.7997;2.0099;0;0;0;0;0;0;0;0;0;0;0;0;0;1;1;1;1;0;0;0;0;0;0;0;0;0;0;0;0;0;0;0;0;0;0;0;0;0;0;0;0;0;0;0;0;0;0;0;0;0;0;0;1;1;1;1;1;1;1;1;1;1;1;1;1;1;1;1;1;1;1;0;0;0;0;0;0;0;0;0;0.0004;0.088;0;-0.0884;0;0;0;0;0;0;0;0;0;0;0;0;0;0;0;0;0;0;0;-3.7997;0;0;0;0;0.0004;0;0;0;0;0;0;0;-0.0004;-0.0884;0;0;0;0;0;0;0;0;0;-0.7063;0;0.7063;1;1;0;0;0;0
17/08/21 23:00;0;0;90;0;0;90;0;0;0;0;2.8903;1.6899;0;0;0;0;0;0;0;0;0;0;0;0;0;1;1;1;1;0;0;0;0;0;0;0;0;0;0;0;0;0;0;0;0;0;0;0;0;0;0;0;0;0;0;0;0;0;0;0;0;0;0;0;1;1;1;1;1;1;1;1;1;1;1;1;1;1;1;1;1;1;1;0;0;0;0;0;0;0;0;0;0.0004;0.088;0;-0.0884;0;0;0;0;0;0;0;0;0;0;0;0;0;0;0;0;0;0;0;-2.8903;0;0;0;0;0.0004;0;0;0;0;0;0;0;-0.0004;-0.0884;0;0;0;0;0;0;0;0;0;-0.7063;0;0.7063;1;1;0;0;0;0
18/08/21 00:00;0;0;90;0;0;90;0;0;0;0;2.32;1.57;0;0;0;0;0;0;0;0;0;0;0;0;0;1;1;1;1;0;0;0;0;0;0;0;0;0;0;0;0;0;0;0;0;0;0;0;0;0;0;0;0;0;0;0;0;0;0;0;0;0;0;0;1;1;1;1;1;1;1;1;1;1;1;1;1;1;1;1;1;1;1;0;0;0;0;0;0;0;0;0;0.0004;0.088;0;-0.0884;0;0;0;0;0;0;0;0;0;0;0;0;0;0;0;0;0;0;0;-2.32;0;0;0;0;0.0004;0;0;0;0;0;0;0;-0.0004;-0.0884;0;0;0;0;0;0;0;0;0;-0.7063;0;0.7063;1;1;0;0;0;0
18/08/21 01:00;0;0;90;0;0;90;0;0;0;0;2.3;1.55;0;0;0;0;0;0;0;0;0;0;0;0;0;1;1;1;1;0;0;0;0;0;0;0;0;0;0;0;0;0;0;0;0;0;0;0;0;0;0;0;0;0;0;0;0;0;0;0;0;0;0;0;1;1;1;1;1;1;1;1;1;1;1;1;1;1;1;1;1;1;1;0;0;0;0;0;0;0;0;0;0.0004;0.088;0;-0.0884;0;0;0;0;0;0;0;0;0;0;0;0;0;0;0;0;0;0;0;-2.3;0;0;0;0;0.0004;0;0;0;0;0;0;0;-0.0004;-0.0884;0;0;0;0;0;0;0;0;0;-0.7063;0;0.7063;1;1;0;0;0;0
18/08/21 02:00;0;0;90;0;0;90;0;0;0;0;1.0203;2.35;0;0;0;0;0;0;0;0;0;0;0;0;0;1;1;1;1;0;0;0;0;0;0;0;0;0;0;0;0;0;0;0;0;0;0;0;0;0;0;0;0;0;0;0;0;0;0;0;0;0;0;0;1;1;1;1;1;1;1;1;1;1;1;1;1;1;1;1;1;1;1;0;0;0;0;0;0;0;0;0;0.0004;0.088;0;-0.0884;0;0;0;0;0;0;0;0;0;0;0;0;0;0;0;0;0;0;0;-1.0203;0;0;0;0;0.0004;0;0;0;0;0;0;0;-0.0004;-0.0884;0;0;0;0;0;0;0;0;0;-0.7063;0;0.7063;1;1;0;0;0;0
18/08/21 03:00;0;0;90;0;0;90;0;0;0;0;1.37;2.6901;0;0;0;0;0;0;0;0;0;0;0;0;0;1;1;1;1;0;0;0;0;0;0;0;0;0;0;0;0;0;0;0;0;0;0;0;0;0;0;0;0;0;0;0;0;0;0;0;0;0;0;0;1;1;1;1;1;1;1;1;1;1;1;1;1;1;1;1;1;1;1;0;0;0;0;0;0;0;0;0;0.0004;0.088;0;-0.0884;0;0;0;0;0;0;0;0;0;0;0;0;0;0;0;0;0;0;0;-1.37;0;0;0;0;0.0004;0;0;0;0;0;0;0;-0.0004;-0.0884;0;0;0;0;0;0;0;0;0;-0.7063;0;0.7063;1;1;0;0;0;0
18/08/21 04:00;0;0;90;0;0;90;0;0;0;0;1.8001;2.7199;0;0;0;0;0;0;0;0;0;0;0;0;0;1;1;1;1;0;0;0;0;0;0;0;0;0;0;0;0;0;0;0;0;0;0;0;0;0;0;0;0;0;0;0;0;0;0;0;0;0;0;0;1;1;1;1;1;1;1;1;1;1;1;1;1;1;1;1;1;1;1;0;0;0;0;0;0;0;0;0;0.0004;0.088;0;-0.0884;0;0;0;0;0;0;0;0;0;0;0;0;0;0;0;0;0;0;0;-1.8001;0;0;0;0;0.0004;0;0;0;0;0;0;0;-0.0004;-0.0884;0;0;0;0;0;0;0;0;0;-0.7063;0;0.7063;1;1;0;0;0;0
18/08/21 05:00;0;0;90;0;0;90;0;0;0;0;2.78;2.89;0;0;0;0;0;0;0;0;0;0;0;0;0;1;1;1;1;0;0;0;0;0;0;0;0;0;0;0;0;0;0;0;0;0;0;0;0;0;0;0;0;0;0;0;0;0;0;0;0;0;0;0;1;1;1;1;1;1;1;1;1;1;1;1;1;1;1;1;1;1;1;0;0;0;0;0;0;0;0;0;0.0004;0.088;0;-0.0884;0;0;0;0;0;0;0;0;0;0;0;0;0;0;0;0;0;0;0;-2.78;0;0;0;0;0.0004;0;0;0;0;0;0;0;-0.0004;-0.0884;0;0;0;0;0;0;0;0;0;-0.7063;0;0.7063;1;1;0;0;0;0
18/08/21 06:00;2.1712;-72.516;84.728;2.2762;3.2514;-90;-3.2514;1.1916;1.1916;0;2.4403;3.08;0;0;1.1907;0;0;0.0002;1.1908;1.1908;0;0;0;0;0;1;1;1;1;0;0;0;0;0;0;0;0;0;0;0;0;0;0;0;0;0;0;0;0;0;0;0;0;0;0;0;0;0;0;0;0;0;0;0;0;1;1;1;1;1;1;1;1;1;1;1;1;1;0;0;1;0;0;0;0;0;0;0;0;0;0;0;0.0004;0.088;0;-0.0884;0;0;0;0;0;0;0;0;0;0;0;0;0;0;0;0;0;0;0;-2.4403;0;0;0;0;0.0004;0;0;0;0;0;0;0;-0.0004;-0.0884;0;0;0;0;0;0;0;0;0;-0.7063;0;0.7063;1;1;0;0;0;0
18/08/21 07:00;9.8293;-66.45;65.542;10.702;16.067;-90;-16.067;79.408;59.202;20.206;2.2501;3.6601;0;49.004;52.904;12.72;0;0.2481;114.88;0;114.88;49.004;12.72;52.904;0.2481;0.4266;0.4627;0;0.0022;113.82;1.0574;0;0;0.8503;0.2071;107.59;5.9997;3.2307;0.8386;1.9213;0.0092;113.59;0.2276;0.098;0.0254;0.1041;0.0001;107.63;45.676;11.856;50.028;0.0318;32.447;27.126;8.2195;0.0874;0.3144;4.5228;0.0396;4.7498;0;1;0;0;1.4467;0.9908;1;1;0.9839;0.1654;0.9472;0.9339;1;0.963;0.7763;0.998;0.998;1;0.998;0.998;0.9366;0.9456;0.1282;0.345;0.3337;0.002;0.0175;-0.0222;0.0024;0.0084;0.0009;0;0;0.088;0;0.2216;0;0;0;0;0;0;0;0;0;0;0;0;0.0067;0.0004;0.3177;0.3177;0;6.5888;6.5888;4.3387;0.0403;283.72;1119.6;1;0.008;0.008;0;0;0;0;0;0;0.3096;0.2216;0;17.542;20.313;12.24;14.173;97.477;97.477;2.757;2.5387;1.7714;0.2183;0.7674;0.0792;0.2783;0.6425;32.322;0.6241;0
18/08/21 08:00;20.592;-56.18;31.857;24.334;60;-90;-60;182.71;144.3;38.406;2.8398;3.62;0;92.752;99.38;28.483;0;7.3083;227.92;0;227.92;92.752;28.483;99.38;7.3083;0.4069;0.4681;0;0.0321;208.58;19.346;0;0;12.507;6.8392;204.81;3.3532;0.1964;0.0603;3.0654;0.031;208.16;0.4172;0.1855;0.057;0.1737;0.0009;207.14;92.37;28.366;83.634;0.4371;86.998;72.73;26.252;16.616;1.6339;23.504;2.3382;8.5213;0;1;0;0;1.2475;0.9151;1;1;0.8742;0.0642;0.9839;0.9979;1;0.9646;0.9337;0.998;0.998;1;0.998;0.998;0.8986;0.8416;0.0598;0.6845;0.6734;0.0041;0.0172;-0.0332;0.0048;0.017;0.0048;0;0;0.088;0;0.5441;0;0;0;0;0;0;0;0;0;0;0;0;0.0137;0.0013;0.6439;0.6439;0;11.083;11.083;8.2429;0.0402;573.8;1122.2;1;0.0118;0.0118;0;0;0;0;0;0;0.6321;0.5441;0;17.921;20.752;15.143;17.535;98.164;98.164;5.4701;5.1461;4.3483;0.3241;0.7978;0.0592;0.1458;0.7949;86.54;0.7379;0
18/08/21 09:00;29.997;-43.776;38.707;39.842;50.158;-90;-50.158;507.7;83.801;423.9;5.7102;3.29;0;661.65;25.119;83.008;0;14.594;784.37;0;784.37;661.65;83.008;25.119;14.594;0.8435;0.0506;0;0.0186;768.29;16.076;0;0;2.4385;13.637;761.41;5.345;4.0466;0.5077;0.7511;0.0395;766.76;1.5366;1.3233;0.166;0.0454;0.0019;764.75;656.28;82.334;21.884;0.9159;191.2;159.84;49.466;2.237;1.8976;27.296;3.3405;26.957;0;1;0;0;1.5449;0.9795;1;1;0.9029;0.0656;0.993;0.9939;1;0.9668;0.9586;0.998;0.998;1;0.998;0.998;0.9707;0.8712;0.0628;2.3555;2.3609;0.0142;-0.0018;0.0969;0.0158;0.0559;0.0052;0;0;0.088;0;1.9934;0;0;0;0;0;0;0;0;0;0;0;0;0.045;0.0123;2.1175;2.1175;0;36.803;36.803;31.092;0.0408;2027;1044.6;1;0.0361;0.0361;0;0;0;0;0;0;2.0814;1.9934;0;17.125;19.831;16.122;18.668;98.296;98.296;18.825;16.923;15.931;1.9021;0.9917;0.101;0.0527;0.8463;19.644;0.8248;0
18/08/21 10:00;37.255;-28.5;44.387;57.897;32.103;-90;-32.103;604.11;103;501.11;10.54;2.9401;0;591.56;36.188;75.334;0;7.3898;710.48;0;710.48;591.56;75.334;36.188;7.3898;0.8326;0.0613;0;0.0104;702.14;8.3356;0;0;1.7912;6.5444;693.2;7.539;5.5792;0.7105;1.1122;0.1371;700.74;1.4043;1.1831;0.1507;0.0688;0.0017;695.25;584.8;74.473;33.216;0.7067;315.51;263.76;85.911;0.6944;2.6581;38.236;2.0511;40.199;0;1;0;0;1.1761;0.9883;1;1;0.9505;0.1144;0.9892;0.9905;1;0.9676;0.8375;0.998;0.998;1;0.998;0.998;0.9757;0.9179;0.0956;2.1336;2.1746;0.0131;-0.0009;0.1055;0.0144;0.0511;0.0072;0;0;0.088;0;1.8124;0;0;0;0;0;0;0;0;0;0;0;0;0.0411;0.0106;1.9326;1.9326;0;38.9;38.9;28.361;0.0409;1867;1035.1;1;0.0322;0.0322;0;0;0;0;0;0;1.9004;1.8124;0;17.255;19.981;16.182;18.738;98.333;98.333;17.051;15.445;14.484;1.6063;0.9608;0.0942;0.0563;0.8495;24.209;0.8166;0
18/08/21 11:00;41.356;-10.325;47.6;78.492;11.508;-90;-11.508;681.8;113.4;568.39;13.41;2.74;0;580.06;39.981;74.514;0;1.0966;695.65;0;695.65;580.06;74.514;39.981;1.0966;0.8338;0.059;0;0.0016;694.37;1.2803;0;0;0.3663;0.914;683.96;9.0209;6.5587;0.8425;1.5787;0.041;692.98;1.3887;1.1601;0.149;0.0792;0.0004;684.19;572.34;73.522;37.957;0.1413;396.9;331.81;103.62;0.02;3.5778;51.466;0.2321;55.024;0;1;0;0;1.0203;0.9982;1;1;0.9908;0.1665;0.987;0.9887;1;0.9601;0.7752;0.998;0.998;1;0.998;0.998;0.9832;0.9494;0.1288;2.089;2.1692;0.0131;-0.0009;0.1248;0.0142;0.0504;0.0096;0;0;0.088;0;1.7873;0;0;0;0;0;0;0;0;0;0;0;0;0.0406;0.0105;1.9068;1.9068;0;41.453;41.453;28.043;0.041;1861.2;1024.5;1;0.0315;0.0315;0;0;0;0;0;0;1.8753;1.7873;0;17.388;20.135;16.298;18.873;98.347;98.347;16.696;15.239;14.284;1.4565;0.9551;0.0872;0.0572;0.8556;24.061;0.8107;0
18/08/21 12:00;41.477;9.2085;47.695;79.739;10.261;90;10.261;686.19;116.8;569.39;14.47;2.36;0;578.64;41.312;76.378;0;0.8779;697.21;0;697.21;578.64;76.378;41.312;0.8779;0.8299;0.0605;0;0.0013;696.17;1.0462;0;0;0.3132;0.733;685.63;9.1406;6.5746;0.8678;1.6656;0.0326;694.77;1.3923;1.1573;0.1528;0.082;0.0003;685.8;570.91;75.358;39.251;0.1121;400.57;334.88;106.46;0.0134;3.4885;50.18;0.1706;53.655;0;1;0;0;1.0161;0.9985;1;1;0.9924;0.1651;0.9868;0.9886;1;0.9593;0.7747;0.998;0.998;1;0.998;0.998;0.9834;0.9501;0.1276;2.0937;2.1714;0.0131;-0.0009;0.1338;0.0142;0.0503;0.0094;0;0;0.088;0;1.7812;0;0;0;0;0;0;0;0;0;0;0;0;0.0405;0.0105;1.9006;1.9006;0;42.608;42.608;28.138;0.041;1863.2;1020.1;1;0.0313;0.0313;0;0;0;0;0;0;1.8692;1.7812;0;17.292;20.024;16.207;18.767;98.353;98.353;16.733;15.189;14.236;1.5439;0.9535;0.0923;0.057;0.8508;24.78;0.8073;0
18/08/21 13:00;37.588;27.521;44.648;59.025;30.975;90;30.975;456.99;255.7;201.29;15.34;1.94;0;234.77;178.82;73.661;0;5.2137;492.46;0;492.46;234.77;73.661;178.82;5.2137;0.4767;0.3737;0;0.0106;479.48;12.981;0;0;8.3772;4.6041;469.94;8.5854;2.25;0.7059;5.525;0.1045;478.52;0.959;0.4695;0.1473;0.3409;0.0012;471.51;232.05;72.807;164.57;0.5038;256.56;214.49;68.18;3.0257;2.4307;34.965;1.5701;34.37;0;1;0;0;1.0776;0.9736;1;1;0.9532;0.1169;0.9821;0.9904;1;0.9675;0.8281;0.998;0.998;1;0.998;0.998;0.9543;0.9203;0.0966;1.4789;1.4938;0.009;0.0064;0.0502;0.01;0.0355;0.0067;0;0;0.088;0;1.2331;0;0;0;0;0;0;0;0;0;0;0;0;0.0286;0.0053;1.3423;1.3423;0;34.524;34.524;19.184;0.0408;1282.3;1046.9;1;0.0213;0.0213;0;0;0;0;0;0;1.3211;1.2331;0;17.291;20.023;15.884;18.393;98.414;98.414;11.819;10.728;9.8546;1.0911;0.8734;0.0923;0.0739;0.8338;118.66;0.7917;0
18/08/21 14:00;30.485;42.976;39.087;40.813;49.187;90;49.187;483.6;135.5;348.1;15.86;1.5199;0;532.6;54.494;106.47;0;13.402;706.97;0;706.97;532.6;106.47;54.494;13.402;0.7534;0.096;0;0.019;689.27;17.692;0;0;5.1521;12.539;682.18;5.7162;3.3757;0.6748;1.6274;0.0382;687.9;1.3785;1.0652;0.2129;0.0987;0.0017;685.42;528.15;105.59;47.616;0.8225;197.68;165.26;52.675;4.5303;2.0066;28.864;3.2395;26.34;0;1;0;0;1.4619;0.975;1;1;0.9055;0.0644;0.9917;0.9936;1;0.967;0.9556;0.998;0.998;1;0.998;0.998;0.9649;0.8738;0.0614;2.123;2.1253;0.0128;-0.0006;0.1407;0.0138;0.049;0.0054;0;0;0.088;0;1.7363;0;0;0;0;0;0;0;0;0;0;0;0;0.0394;0.0101;1.8547;1.8547;0;43.887;43.887;28.027;0.0411;1825.7;1015.9;1;0.0303;0.0303;0;0;0;0;0;0;1.8243;1.7363;0;16.642;19.271;15.58;18.041;98.364;98.364;16.967;14.822;13.877;2.1447;0.9458;0.1264;0.0557;0.8179;42.203;0.7936;0
18/08/21 15:00;21.179;55.529;32.18;25.172;60;90;60;325.8;131.7;194.1;16.07;0.9599;0;454.71;59.058;124.07;0;13.032;650.86;0;650.86;454.71;124.07;59.058;13.032;0.6986;0.1108;0;0.02;631.19;19.672;0;0;7.4479;12.224;626.72;3.2114;1.0488;0.2862;1.8215;0.0549;629.93;1.2624;0.9094;0.2481;0.1032;0.0016;628.39;452.75;123.53;49.685;0.7515;60.998;50.994;18.44;9.8766;1.0282;14.79;1.6719;5.9417;0;1;0;0;1.9978;0.9698;1;1;0.8739;0.062;0.9949;0.9977;1;0.9646;0.9319;0.998;0.998;1;0.998;0.998;0.9629;0.8413;0.0577;1.9545;1.9238;0.0116;0.0012;0.1133;0.0126;0.0446;0.0028;0;0;0.088;0;1.578;0;0;0;0;0;0;0;0;0;0;0;0;0.0359;0.0084;1.6934;1.6934;0;41.779;41.779;25.709;0.041;1654.7;1023.4;1;0.0274;0.0274;0;0;0;0;0;0;1.666;1.578;0;16.505;19.112;15.38;17.81;98.382;98.382;15.621;13.534;12.611;2.0871;0.9222;0.1336;0.059;0.8074;51.414;0.7938;0
18/08/21 16:00;10.478;65.9;63.827;11.454;17.337;90;17.337;130.39;101.3;29.091;15.03;0.6499;0;70.553;87.149;29.414;0;0.4739;187.59;0;187.59;70.553;29.414;87.149;0.4739;0.3761;0.4671;0;0.0025;185.6;1.9923;0;0;1.5955;0.3968;176.65;8.5819;3.8654;1.6115;3.0877;0.0172;185.23;0.3712;0.1411;0.0588;0.1711;0.0002;176.72;66.547;27.744;82.295;0.0597;53.715;44.906;13.641;0.1883;0.5211;7.4962;0.079;7.8289;0;1;0;0;1.4386;0.9894;1;1;0.9817;0.1626;0.9537;0.9451;1;0.9638;0.7763;0.998;0.998;1;0.998;0.998;0.9417;0.9443;0.1259;0.5633;0.5481;0.0033;0.0179;-0.0055;0.0037;0.0132;0.0015;0;0;0.088;0;0.4049;0;0;0;0;0;0;0;0;0;0;0;0;0.0106;0.0009;0.5024;0.5024;0;22.216;22.216;7.1855;0.0407;468.54;1072.3;1;0.0095;0.0095;0;0;0;0;0;0;0.4929;0.4049;0;16.989;19.673;13.692;15.855;98.109;98.109;4.5022;4.0151;3.2359;0.487;0.7792;0.1082;0.1731;0.7188;53.513;0.6979;0
18/08/21 17:00;2.4579;72.301;84.03;2.5798;3.6873;90;3.6873;0;0;0;11.64;0.28;0;0;0;0;0;0;0;0;0;0;0;0;0;1;1;1;1;0;0;0;0;0;0;0;0;0;0;0;0;0;0;0;0;0;0;0;0;0;0;0;0;0;0;0;0;0;0;0;0;0;0;0;1;1;1;1;1;1;1;1;1;1;1;1;1;1;1;1;1;1;1;0;0;0;0;0;0;0;0;0;0.0004;0.088;0;-0.0884;0;0;0;0;0;0;0;0;0;0;0;0;0;0;0;0;0;0;0;-11.64;0;0;0;0;0.0004;0;0;0;0;0;0;0;-0.0004;-0.0884;0;0;0;0;0;0;0;0;0;-0.7063;0;0.7063;1;1;0;0;0;0
18/08/21 18:00;0;0;90;0;0;90;0;0;0;0;6.8802;0.2499;0;0;0;0;0;0;0;0;0;0;0;0;0;1;1;1;1;0;0;0;0;0;0;0;0;0;0;0;0;0;0;0;0;0;0;0;0;0;0;0;0;0;0;0;0;0;0;0;0;0;0;0;1;1;1;1;1;1;1;1;1;1;1;1;1;1;1;1;1;1;1;0;0;0;0;0;0;0;0;0;0.0004;0.088;0;-0.0884;0;0;0;0;0;0;0;0;0;0;0;0;0;0;0;0;0;0;0;-6.8802;0;0;0;0;0.0004;0;0;0;0;0;0;0;-0.0004;-0.0884;0;0;0;0;0;0;0;0;0;-0.7063;0;0.7063;1;1;0;0;0;0
18/08/21 19:00;0;0;90;0;0;90;0;0;0;0;5.0701;0.6301;0;0;0;0;0;0;0;0;0;0;0;0;0;1;1;1;1;0;0;0;0;0;0;0;0;0;0;0;0;0;0;0;0;0;0;0;0;0;0;0;0;0;0;0;0;0;0;0;0;0;0;0;1;1;1;1;1;1;1;1;1;1;1;1;1;1;1;1;1;1;1;0;0;0;0;0;0;0;0;0;0.0004;0.088;0;-0.0884;0;0;0;0;0;0;0;0;0;0;0;0;0;0;0;0;0;0;0;-5.0701;0;0;0;0;0.0004;0;0;0;0;0;0;0;-0.0004;-0.0884;0;0;0;0;0;0;0;0;0;-0.7063;0;0.7063;1;1;0;0;0;0
18/08/21 20:00;0;0;90;0;0;90;0;0;0;0;4.0397;0.99;0;0;0;0;0;0;0;0;0;0;0;0;0;1;1;1;1;0;0;0;0;0;0;0;0;0;0;0;0;0;0;0;0;0;0;0;0;0;0;0;0;0;0;0;0;0;0;0;0;0;0;0;1;1;1;1;1;1;1;1;1;1;1;1;1;1;1;1;1;1;1;0;0;0;0;0;0;0;0;0;0.0004;0.088;0;-0.0884;0;0;0;0;0;0;0;0;0;0;0;0;0;0;0;0;0;0;0;-4.0397;0;0;0;0;0.0004;0;0;0;0;0;0;0;-0.0004;-0.0884;0;0;0;0;0;0;0;0;0;-0.7063;0;0.7063;1;1;0;0;0;0
18/08/21 21:00;0;0;90;0;0;90;0;0;0;0;3.1203;1.33;0;0;0;0;0;0;0;0;0;0;0;0;0;1;1;1;1;0;0;0;0;0;0;0;0;0;0;0;0;0;0;0;0;0;0;0;0;0;0;0;0;0;0;0;0;0;0;0;0;0;0;0;1;1;1;1;1;1;1;1;1;1;1;1;1;1;1;1;1;1;1;0;0;0;0;0;0;0;0;0;0.0004;0.088;0;-0.0884;0;0;0;0;0;0;0;0;0;0;0;0;0;0;0;0;0;0;0;-3.1203;0;0;0;0;0.0004;0;0;0;0;0;0;0;-0.0004;-0.0884;0;0;0;0;0;0;0;0;0;-0.7063;0;0.7063;1;1;0;0;0;0
18/08/21 22:00;0;0;90;0;0;90;0;0;0;0;2.6497;1.72;0;0;0;0;0;0;0;0;0;0;0;0;0;1;1;1;1;0;0;0;0;0;0;0;0;0;0;0;0;0;0;0;0;0;0;0;0;0;0;0;0;0;0;0;0;0;0;0;0;0;0;0;1;1;1;1;1;1;1;1;1;1;1;1;1;1;1;1;1;1;1;0;0;0;0;0;0;0;0;0;0.0004;0.088;0;-0.0884;0;0;0;0;0;0;0;0;0;0;0;0;0;0;0;0;0;0;0;-2.6497;0;0;0;0;0.0004;0;0;0;0;0;0;0;-0.0004;-0.0884;0;0;0;0;0;0;0;0;0;-0.7063;0;0.7063;1;1;0;0;0;0
18/08/21 23:00;0;0;90;0;0;90;0;0;0;0;2.0301;2.12;0;0;0;0;0;0;0;0;0;0;0;0;0;1;1;1;1;0;0;0;0;0;0;0;0;0;0;0;0;0;0;0;0;0;0;0;0;0;0;0;0;0;0;0;0;0;0;0;0;0;0;0;1;1;1;1;1;1;1;1;1;1;1;1;1;1;1;1;1;1;1;0;0;0;0;0;0;0;0;0;0.0004;0.088;0;-0.0884;0;0;0;0;0;0;0;0;0;0;0;0;0;0;0;0;0;0;0;-2.0301;0;0;0;0;0.0004;0;0;0;0;0;0;0;-0.0004;-0.0884;0;0;0;0;0;0;0;0;0;-0.7063;0;0.7063;1;1;0;0;0;0
19/08/21 00:00;0;0;90;0;0;90;0;0;0;0;1.7901;2.4799;0;0;0;0;0;0;0;0;0;0;0;0;0;1;1;1;1;0;0;0;0;0;0;0;0;0;0;0;0;0;0;0;0;0;0;0;0;0;0;0;0;0;0;0;0;0;0;0;0;0;0;0;1;1;1;1;1;1;1;1;1;1;1;1;1;1;1;1;1;1;1;0;0;0;0;0;0;0;0;0;0.0004;0.088;0;-0.0884;0;0;0;0;0;0;0;0;0;0;0;0;0;0;0;0;0;0;0;-1.7901;0;0;0;0;0.0004;0;0;0;0;0;0;0;-0.0004;-0.0884;0;0;0;0;0;0;0;0;0;-0.7063;0;0.7063;1;1;0;0;0;0
19/08/21 01:00;0;0;90;0;0;90;0;0;0;0;1.6598;2.75;0;0;0;0;0;0;0;0;0;0;0;0;0;1;1;1;1;0;0;0;0;0;0;0;0;0;0;0;0;0;0;0;0;0;0;0;0;0;0;0;0;0;0;0;0;0;0;0;0;0;0;0;1;1;1;1;1;1;1;1;1;1;1;1;1;1;1;1;1;1;1;0;0;0;0;0;0;0;0;0;0.0004;0.088;0;-0.0884;0;0;0;0;0;0;0;0;0;0;0;0;0;0;0;0;0;0;0;-1.6598;0;0;0;0;0.0004;0;0;0;0;0;0;0;-0.0004;-0.0884;0;0;0;0;0;0;0;0;0;-0.7063;0;0.7063;1;1;0;0;0;0
19/08/21 02:00;0;0;90;0;0;90;0;0;0;0;0.9997;2.92;0;0;0;0;0;0;0;0;0;0;0;0;0;1;1;1;1;0;0;0;0;0;0;0;0;0;0;0;0;0;0;0;0;0;0;0;0;0;0;0;0;0;0;0;0;0;0;0;0;0;0;0;1;1;1;1;1;1;1;1;1;1;1;1;1;1;1;1;1;1;1;0;0;0;0;0;0;0;0;0;0.0004;0.088;0;-0.0884;0;0;0;0;0;0;0;0;0;0;0;0;0;0;0;0;0;0;0;-0.9997;0;0;0;0;0.0004;0;0;0;0;0;0;0;-0.0004;-0.0884;0;0;0;0;0;0;0;0;0;-0.7063;0;0.7063;1;1;0;0;0;0
19/08/21 03:00;0;0;90;0;0;90;0;0;0;0;0.7099;3.0299;0;0;0;0;0;0;0;0;0;0;0;0;0;1;1;1;1;0;0;0;0;0;0;0;0;0;0;0;0;0;0;0;0;0;0;0;0;0;0;0;0;0;0;0;0;0;0;0;0;0;0;0;1;1;1;1;1;1;1;1;1;1;1;1;1;1;1;1;1;1;1;0;0;0;0;0;0;0;0;0;0.0004;0.088;0;-0.0884;0;0;0;0;0;0;0;0;0;0;0;0;0;0;0;0;0;0;0;-0.7099;0;0;0;0;0.0004;0;0;0;0;0;0;0;-0.0004;-0.0884;0;0;0;0;0;0;0;0;0;-0.7063;0;0.7063;1;1;0;0;0;0
19/08/21 04:00;0;0;90;0;0;90;0;0;0;0;1.1001;3.08;0;0;0;0;0;0;0;0;0;0;0;0;0;1;1;1;1;0;0;0;0;0;0;0;0;0;0;0;0;0;0;0;0;0;0;0;0;0;0;0;0;0;0;0;0;0;0;0;0;0;0;0;1;1;1;1;1;1;1;1;1;1;1;1;1;1;1;1;1;1;1;0;0;0;0;0;0;0;0;0;0.0004;0.088;0;-0.0884;0;0;0;0;0;0;0;0;0;0;0;0;0;0;0;0;0;0;0;-1.1001;0;0;0;0;0.0004;0;0;0;0;0;0;0;-0.0004;-0.0884;0;0;0;0;0;0;0;0;0;-0.7063;0;0.7063;1;1;0;0;0;0
19/08/21 05:00;0;0;90;0;0;90;0;0;0;0;1.12;3.0399;0;0;0;0;0;0;0;0;0;0;0;0;0;1;1;1;1;0;0;0;0;0;0;0;0;0;0;0;0;0;0;0;0;0;0;0;0;0;0;0;0;0;0;0;0;0;0;0;0;0;0;0;1;1;1;1;1;1;1;1;1;1;1;1;1;1;1;1;1;1;1;0;0;0;0;0;0;0;0;0;0.0004;0.088;0;-0.0884;0;0;0;0;0;0;0;0;0;0;0;0;0;0;0;0;0;0;0;-1.12;0;0;0;0;0.0004;0;0;0;0;0;0;0;-0.0004;-0.0884;0;0;0;0;0;0;0;0;0;-0.7063;0;0.7063;1;1;0;0;0;0
19/08/21 06:00;2.2129;-72.893;84.627;2.3153;3.3074;-90;-3.3074;0.1953;0.1953;0;1.2297;2.83;0;0;0.1952;0;0;0;0.1952;0.1952;0;0;0;0;0;1;1;1;1;0;0;0;0;0;0;0;0;0;0;0;0;0;0;0;0;0;0;0;0;0;0;0;0;0;0;0;0;0;0;0;0;0;0;0;0;1;1;1;1;1;1;1;1;1;1;1;1;1;0;0;1;0;0;0;0;0;0;0;0;0;0;0;0.0004;0.088;0;-0.0884;0;0;0;0;0;0;0;0;0;0;0;0;0;0;0;0;0;0;0;-1.2297;0;0;0;0;0.0004;0;0;0;0;0;0;0;-0.0004;-0.0884;0;0;0;0;0;0;0;0;0;-0.7063;0;0.7063;1;1;0;0;0;0
19/08/21 07:00;10.078;-66.672;64.889;10.954;16.488;-90;-16.488;97.497;55.397;42.1;1.7303;3.31;0;102.1;44.492;24.184;0;0.3207;171.1;0;171.1;102.1;24.184;44.492;0.3207;0.5967;0.2619;0;0.0019;170.09;1.0147;0;0;0.7469;0.2678;160.38;9.3678;6.2685;1.4847;1.6027;0.0118;169.75;0.3402;0.2042;0.0484;0.0875;0.0001;160.41;95.631;22.651;42.054;0.0411;27.482;22.975;6.9895;0.0806;0.2649;3.811;0.0355;3.9953;0;1;0;0;1.7549;0.9941;1;1;0.9832;0.1652;0.9448;0.9385;1;0.9633;0.7766;0.998;0.998;1;0.998;0.998;0.9373;0.9452;0.128;0.5138;0.4912;0.003;0.0181;-0.0295;0.0035;0.0124;0.0008;0;0;0.088;0;0.3745;0;0;0;0;0;0;0;0;0;0;0;0;0.01;0.0008;0.4723;0.4723;0;8.1824;8.1824;6.4522;0.0402;418.96;1127.2;1;0.0097;0.0097;0;0;0;0;0;0;0.4625;0.3745;0;17.509;20.276;13.886;16.08;97.941;97.941;4.1064;3.7744;2.9934;0.3321;0.781;0.0809;0.1902;0.7289;27.227;0.717;0
19/08/21 08:00;20.862;-56.384;31.573;24.59;60;-90;-60;269.69;102.1;167.59;4.3501;2.11;0;400.96;49.614;86.006;0;10.788;547.36;0;547.36;400.96;86.006;49.614;10.788;0.7325;0.1104;0;0.0197;531.02;16.339;0;0;6.2438;10.095;527.43;2.5269;0.7828;0.1679;1.5303;0.0458;529.96;1.062;0.8019;0.172;0.0867;0.0014;528.72;399.37;85.666;41.753;0.6452;46.947;39.247;14.167;8.2972;0.8382;12.057;1.2871;4.5975;0;1;0;0;2.0296;0.9701;1;1;0.8742;0.0642;0.9952;0.998;1;0.9646;0.9337;0.998;0.998;1;0.998;0.998;0.9636;0.8416;0.0598;1.6437;1.6179;0.0097;0.0047;0.004;0.0112;0.0397;0.0024;0;0;0.088;0;1.3951;0;0;0;0;0;0;0;0;0;0;0;0;0.032;0.0061;1.508;1.508;0;25.713;25.713;21.363;0.0405;1388.7;1085.9;1;0.0249;0.0249;0;0;0;0;0;0;1.4831;1.3951;0;17.477;20.238;16.168;18.722;98.346;98.346;13.137;12.052;11.149;1.0846;0.9027;0.0826;0.0687;0.8487;43.203;0.835;0
19/08/21 09:00;30.293;-43.946;38.439;40.09;49.91;-90;-49.91;465.39;94.896;370.5;7.2599;1.22;0;575.31;35.14;80.975;0;13.255;704.68;0;704.68;575.31;80.975;35.14;13.255;0.8164;0.0687;0;0.0188;688.91;15.769;0;0;3.3869;12.382;682.54;4.9982;3.4288;0.4826;1.0504;0.0364;687.53;1.3778;1.1506;0.1619;0.0635;0.0017;685.65;570.73;80.33;30.639;0.8343;180.78;151.13;47.173;3.0742;1.8305;26.33;3.1166;25.087;0;1;0;0;1.5142;0.9776;1;1;0.9036;0.0658;0.9927;0.994;1;0.9669;0.9582;0.998;0.998;1;0.998;0.998;0.9686;0.8719;0.0629;2.1162;2.1206;0.0128;-0.0005;0.0746;0.0142;0.0505;0.005;0;0;0.088;0;1.7931;0;0;0;0;0;0;0;0;0;0;0;0;0.0407;0.0101;1.9133;1.9133;0;35.097;35.097;27.838;0.0408;1821.7;1050.3;1;0.0321;0.0321;0;0;0;0;0;0;1.8811;1.7931;0;17.224;19.945;16.142;18.692;98.32;98.32;16.912;15.291;14.331;1.6214;0.9602;0.0959;0.0568;0.8474;27.413;0.8243;0
19/08/21 10:00;37.575;-28.604;44.093;58.108;31.892;-90;-31.892;743.6;122.7;620.9;11.45;1.5101;0;731.29;27.024;110.09;0;8.9801;877.39;0;877.39;731.29;110.09;27.024;8.9801;0.8335;0.041;0;0.0102;868.12;9.2683;0;0;1.3237;7.9446;857.59;8.7919;6.7717;1.0194;0.8314;0.1695;866.38;1.7362;1.4626;0.2202;0.0514;0.0021;860.07;723.06;108.85;24.817;0.8639;387.21;323.7;105.48;0.5078;3.2367;46.558;2.4757;49.287;0;1;0;0;1.1799;0.9894;1;1;0.951;0.1153;0.9899;0.9907;1;0.9676;0.836;0.998;0.998;1;0.998;0.998;0.9774;0.9184;0.0962;2.6348;2.6886;0.0162;-0.002;0.2043;0.0173;0.0613;0.0086;0;0;0.088;0;2.1895;0;0;0;0;0;0;0;0;0;0;0;0;0.0494;0.0158;2.3177;2.3177;0;46.756;46.756;35.306;0.0412;2312.7;1002.1;1;0.0402;0.0402;0;0;0;0;0;0;2.2775;2.1895;0;16.757;19.405;15.83;18.331;98.264;98.264;21.057;18.523;17.498;2.5342;1.0248;0.1203;0.0487;0.831;18.051;0.7992;0
19/08/21 11:00;41.687;-10.322;47.282;78.624;11.376;-90;-11.376;471.6;275;196.61;14.05;1.8499;0;200.55;212.07;62.04;0;0.7412;475.4;0;475.4;200.55;62.04;212.07;0.7412;0.4218;0.4477;0;0.0016;472.88;2.5232;0;0;1.9054;0.6178;460.59;11.341;2.2304;0.69;8.3929;0.0277;471.93;0.9458;0.4011;0.1241;0.4203;0.0002;460.74;197.91;61.226;201.35;0.0955;277.27;231.8;71.177;0.1004;2.5837;37.166;0.1506;39.649;0;1;0;0;1.008;0.9947;1;1;0.991;0.1665;0.976;0.9889;1;0.96;0.7752;0.998;0.998;1;0.998;0.998;0.9688;0.9495;0.1288;1.4276;1.4661;0.0088;0.0068;0.0404;0.0099;0.035;0.0071;0;0;0.088;0;1.2156;0;0;0;0;0;0;0;0;0;0;0;0;0.0282;0.0051;1.3247;1.3247;0;32.827;32.827;18.778;0.0408;1257.7;1053.3;1;0.0211;0.0211;0;0;0;0;0;0;1.3036;1.2156;0;17.677;20.469;16.221;18.783;98.405;98.405;11.41;10.587;9.7151;0.8224;0.8722;0.0721;0.0764;0.8515;127.58;0.8044;0
19/08/21 12:00;41.793;9.3362;47.365;79.714;10.286;90;10.286;659.8;130.4;529.4;15.12;2.11;0;538.05;52.476;78.763;0;0.8484;670.14;0;670.14;538.05;78.763;52.476;0.8484;0.8029;0.0796;0;0.0013;669.03;1.1078;0;0;0.3995;0.7083;658.66;9.0358;6.0098;0.8797;2.1148;0.0315;667.69;1.3381;1.0761;0.1575;0.1042;0.0003;658.82;530.96;77.726;49.858;0.1083;385.3;322.11;102.27;0.0172;3.3638;48.386;0.1648;51.733;0;1;0;0;1.0157;0.9983;1;1;0.9924;0.1651;0.9865;0.9888;1;0.9593;0.7747;0.998;0.998;1;0.998;0.998;0.9829;0.9501;0.1276;2.0124;2.0863;0.0126;-0.0003;0.1253;0.0136;0.0484;0.009;0;0;0.088;0;1.711;0;0;0;0;0;0;0;0;0;0;0;0;0.039;0.0098;1.829;1.829;0;42.144;42.144;27.023;0.041;1790.7;1021.4;1;0.03;0.03;0;0;0;0;0;0;1.799;1.711;0;17.313;20.048;16.197;18.755;98.362;98.362;16.083;14.617;13.674;1.4662;0.9427;0.0912;0.0586;0.8502;31.478;0.8066;0
19/08/21 13:00;37.869;27.742;44.321;59.094;30.906;90;30.906;645.31;110.9;534.4;16.11;2.1501;0;622.84;35.924;84.185;0;7.3299;750.28;0;750.28;622.84;84.185;35.924;7.3299;0.8301;0.0577;0;0.0098;742.13;8.1478;0;0;1.677;6.4708;732.75;7.8992;5.8503;0.7908;1.1104;0.1477;740.65;1.4843;1.2457;0.1684;0.0685;0.0017;734.84;615.74;83.226;33.068;0.7096;340.37;284.55;90.569;0.6048;2.9955;43.09;2.0952;45.48;0;1;0;0;1.1627;0.9891;1;1;0.9533;0.1172;0.9893;0.9906;1;0.9675;0.8277;0.998;0.998;1;0.998;0.998;0.9766;0.9205;0.0968;2.2531;2.3041;0.0139;-0.0016;0.1717;0.0148;0.0526;0.0079;0;0;0.088;0;1.8698;0;0;0;0;0;0;0;0;0;0;0;0;0.0424;0.0118;1.9905;1.9905;0;46.269;46.269;30.159;0.0412;1980.5;1005.1;1;0.0327;0.0327;0;0;0;0;0;0;1.9578;1.8698;0;16.83;19.489;15.809;18.307;98.356;98.356;18.007;15.908;14.943;2.0983;0.9649;0.1165;0.0536;0.8299;23.828;0.7957;0
19/08/21 14:00;30.722;43.242;38.772;40.94;49.06;90;49.06;554;93.799;460.2;16.7;1.88;0;702.31;25.312;96.472;0;15.278;839.37;0;839.37;702.31;96.472;25.312;15.278;0.8367;0.0484;0;0.0182;822.69;16.677;0;0;2.3841;14.293;815.33;5.7157;4.3222;0.5937;0.7558;0.044;821.05;1.6454;1.4046;0.1929;0.0459;0.002;818.91;696.58;95.685;22.126;0.9393;215.26;179.95;55.918;2.0877;2.0936;30.116;3.5787;30.121;0;1;0;0;1.5151;0.9801;1;1;0.9058;0.0645;0.993;0.9938;1;0.967;0.9552;0.998;0.998;1;0.998;0.998;0.9714;0.8741;0.0615;2.5206;2.53;0.0152;-0.0022;0.2251;0.016;0.0569;0.0055;0;0;0.088;0;2.0297;0;0;0;0;0;0;0;0;0;0;0;0;0.0458;0.0141;2.1535;2.1535;0;50.369;50.369;33.668;0.0413;2178.7;988.43;1;0.0358;0.0358;0;0;0;0;0;0;2.1177;2.0297;0;16.275;18.846;15.339;17.763;98.337;98.337;20.145;17.211;16.221;2.9343;0.9896;0.1457;0.0491;0.8052;19.579;0.7842;0
19/08/21 15:00;21.378;55.811;31.86;25.326;60;90;60;377.41;87.799;289.61;15.8;1.1801;0;674.78;26.709;121.59;0;15.096;838.18;0;838.18;674.78;121.59;26.709;15.096;0.8051;0.0499;0;0.018;820.66;17.529;0;0;3.3684;14.16;816.44;2.5755;1.4304;0.2577;0.8238;0.0636;819.01;1.6413;1.3496;0.2432;0.0467;0.0019;817.66;672;121.09;22.47;0.8705;38.294;32.014;11.168;4.469;0.5595;8.0481;1.2169;4.1386;0;1;0;0;2.2209;0.9791;1;1;0.8739;0.062;0.9969;0.9979;1;0.9646;0.9319;0.998;0.998;1;0.998;0.998;0.9741;0.8413;0.0577;2.5171;2.4797;0.0149;-0.0021;0.2129;0.0158;0.056;0.0015;0;0;0.088;0;1.9989;0;0;0;0;0;0;0;0;0;0;0;0;0.0451;0.0136;2.122;2.122;0;49.489;49.489;33.689;0.0413;2137;993.02;1;0.0351;0.0351;0;0;0;0;0;0;2.0869;1.9989;0;16.06;18.597;15.128;17.518;98.344;98.344;20.116;16.959;15.975;3.1571;0.9841;0.1569;0.0489;0.7941;23.252;0.7885;0
19/08/21 16:00;10.648;66.188;63.375;11.613;17.61;90;17.61;69.406;67.903;1.5031;14.93;1.0201;0;3.6455;65.909;1.0023;0;0.2602;70.817;0;70.817;3.6455;1.0023;65.909;0.2602;0.0515;0.9344;0;0.0037;69.36;1.4568;0;0;1.2388;0.218;66.646;2.575;0.1904;0.0524;2.3228;0.0094;69.221;0.1387;0.0073;0.002;0.1293;0.0001;66.708;3.4478;0.9479;62.218;0.0327;40.526;33.88;10.277;0.1505;0.3947;5.6774;0.0622;5.9216;0;1;0;0;1.0203;0.9794;1;1;0.9812;0.1623;0.9628;0.9477;1;0.964;0.7764;0.998;0.998;1;0.998;0.998;0.9411;0.944;0.1258;0.2127;0.2129;0.0013;0.0155;-0.0057;0.0014;0.005;0.0011;0;0;0.088;0;0.0958;0;0;0;0;0;0;0;0;0;0;0;0;0.004;0.0002;0.1901;0.1901;0;17.657;17.657;2.7269;0.0409;180.53;1053.2;1;0.0063;0.0063;0;0;0;0;0;0;0.1838;0.0958;0;17.032;19.723;8.583;9.939;96.675;96.675;1.6996;1.5196;0.7658;0.18;0.7538;0.1059;0.4435;0.4506;40.517;0.425;0
19/08/21 17:00;2.6123;72.593;83.654;2.7375;3.9141;90;3.9141;0;0;0;12.13;1.1001;0;0;0;0;0;0;0;0;0;0;0;0;0;1;1;1;1;0;0;0;0;0;0;0;0;0;0;0;0;0;0;0;0;0;0;0;0;0;0;0;0;0;0;0;0;0;0;0;0;0;0;0;1;1;1;1;1;1;1;1;1;1;1;1;1;1;1;1;1;1;1;0;0;0;0;0;0;0;0;0;0.0004;0.088;0;-0.0884;0;0;0;0;0;0;0;0;0;0;0;0;0;0;0;0;0;0;0;-12.13;0;0;0;0;0.0004;0;0;0;0;0;0;0;-0.0004;-0.0884;0;0;0;0;0;0;0;0;0;-0.7063;0;0.7063;1;1;0;0;0;0
19/08/21 18:00;0;0;90;0;0;90;0;0;0;0;8.85;1.14;0;0;0;0;0;0;0;0;0;0;0;0;0;1;1;1;1;0;0;0;0;0;0;0;0;0;0;0;0;0;0;0;0;0;0;0;0;0;0;0;0;0;0;0;0;0;0;0;0;0;0;0;1;1;1;1;1;1;1;1;1;1;1;1;1;1;1;1;1;1;1;0;0;0;0;0;0;0;0;0;0.0004;0.088;0;-0.0884;0;0;0;0;0;0;0;0;0;0;0;0;0;0;0;0;0;0;0;-8.85;0;0;0;0;0.0004;0;0;0;0;0;0;0;-0.0004;-0.0884;0;0;0;0;0;0;0;0;0;-0.7063;0;0.7063;1;1;0;0;0;0
19/08/21 19:00;0;0;90;0;0;90;0;0;0;0;6.4501;1.17;0;0;0;0;0;0;0;0;0;0;0;0;0;1;1;1;1;0;0;0;0;0;0;0;0;0;0;0;0;0;0;0;0;0;0;0;0;0;0;0;0;0;0;0;0;0;0;0;0;0;0;0;1;1;1;1;1;1;1;1;1;1;1;1;1;1;1;1;1;1;1;0;0;0;0;0;0;0;0;0;0.0004;0.088;0;-0.0884;0;0;0;0;0;0;0;0;0;0;0;0;0;0;0;0;0;0;0;-6.4501;0;0;0;0;0.0004;0;0;0;0;0;0;0;-0.0004;-0.0884;0;0;0;0;0;0;0;0;0;-0.7063;0;0.7063;1;1;0;0;0;0
19/08/21 20:00;0;0;90;0;0;90;0;0;0;0;6.0001;1.2799;0;0;0;0;0;0;0;0;0;0;0;0;0;1;1;1;1;0;0;0;0;0;0;0;0;0;0;0;0;0;0;0;0;0;0;0;0;0;0;0;0;0;0;0;0;0;0;0;0;0;0;0;1;1;1;1;1;1;1;1;1;1;1;1;1;1;1;1;1;1;1;0;0;0;0;0;0;0;0;0;0.0004;0.088;0;-0.0884;0;0;0;0;0;0;0;0;0;0;0;0;0;0;0;0;0;0;0;-6.0001;0;0;0;0;0.0004;0;0;0;0;0;0;0;-0.0004;-0.0884;0;0;0;0;0;0;0;0;0;-0.7063;0;0.7063;1;1;0;0;0;0
19/08/21 21:00;0;0;90;0;0;90;0;0;0;0;5.34;1.4499;0;0;0;0;0;0;0;0;0;0;0;0;0;1;1;1;1;0;0;0;0;0;0;0;0;0;0;0;0;0;0;0;0;0;0;0;0;0;0;0;0;0;0;0;0;0;0;0;0;0;0;0;1;1;1;1;1;1;1;1;1;1;1;1;1;1;1;1;1;1;1;0;0;0;0;0;0;0;0;0;0.0004;0.088;0;-0.0884;0;0;0;0;0;0;0;0;0;0;0;0;0;0;0;0;0;0;0;-5.34;0;0;0;0;0.0004;0;0;0;0;0;0;0;-0.0004;-0.0884;0;0;0;0;0;0;0;0;0;-0.7063;0;0.7063;1;1;0;0;0;0
19/08/21 22:00;0;0;90;0;0;90;0;0;0;0;3.94;1.54;0;0;0;0;0;0;0;0;0;0;0;0;0;1;1;1;1;0;0;0;0;0;0;0;0;0;0;0;0;0;0;0;0;0;0;0;0;0;0;0;0;0;0;0;0;0;0;0;0;0;0;0;1;1;1;1;1;1;1;1;1;1;1;1;1;1;1;1;1;1;1;0;0;0;0;0;0;0;0;0;0.0004;0.088;0;-0.0884;0;0;0;0;0;0;0;0;0;0;0;0;0;0;0;0;0;0;0;-3.94;0;0;0;0;0.0004;0;0;0;0;0;0;0;-0.0004;-0.0884;0;0;0;0;0;0;0;0;0;-0.7063;0;0.7063;1;1;0;0;0;0
19/08/21 23:00;0;0;90;0;0;90;0;0;0;0;3.1502;1.72;0;0;0;0;0;0;0;0;0;0;0;0;0;1;1;1;1;0;0;0;0;0;0;0;0;0;0;0;0;0;0;0;0;0;0;0;0;0;0;0;0;0;0;0;0;0;0;0;0;0;0;0;1;1;1;1;1;1;1;1;1;1;1;1;1;1;1;1;1;1;1;0;0;0;0;0;0;0;0;0;0.0004;0.088;0;-0.0884;0;0;0;0;0;0;0;0;0;0;0;0;0;0;0;0;0;0;0;-3.1502;0;0;0;0;0.0004;0;0;0;0;0;0;0;-0.0004;-0.0884;0;0;0;0;0;0;0;0;0;-0.7063;0;0.7063;1;1;0;0;0;0
20/08/21 00:00;0;0;90;0;0;90;0;0;0;0;3.9899;1.9101;0;0;0;0;0;0;0;0;0;0;0;0;0;1;1;1;1;0;0;0;0;0;0;0;0;0;0;0;0;0;0;0;0;0;0;0;0;0;0;0;0;0;0;0;0;0;0;0;0;0;0;0;1;1;1;1;1;1;1;1;1;1;1;1;1;1;1;1;1;1;1;0;0;0;0;0;0;0;0;0;0.0004;0.088;0;-0.0884;0;0;0;0;0;0;0;0;0;0;0;0;0;0;0;0;0;0;0;-3.9899;0;0;0;0;0.0004;0;0;0;0;0;0;0;-0.0004;-0.0884;0;0;0;0;0;0;0;0;0;-0.7063;0;0.7063;1;1;0;0;0;0
20/08/21 01:00;0;0;90;0;0;90;0;0;0;0;1.9098;2.11;0;0;0;0;0;0;0;0;0;0;0;0;0;1;1;1;1;0;0;0;0;0;0;0;0;0;0;0;0;0;0;0;0;0;0;0;0;0;0;0;0;0;0;0;0;0;0;0;0;0;0;0;1;1;1;1;1;1;1;1;1;1;1;1;1;1;1;1;1;1;1;0;0;0;0;0;0;0;0;0;0.0004;0.088;0;-0.0884;0;0;0;0;0;0;0;0;0;0;0;0;0;0;0;0;0;0;0;-1.9098;0;0;0;0;0.0004;0;0;0;0;0;0;0;-0.0004;-0.0884;0;0;0;0;0;0;0;0;0;-0.7063;0;0.7063;1;1;0;0;0;0
20/08/21 02:00;0;0;90;0;0;90;0;0;0;0;1.59;2.3001;0;0;0;0;0;0;0;0;0;0;0;0;0;1;1;1;1;0;0;0;0;0;0;0;0;0;0;0;0;0;0;0;0;0;0;0;0;0;0;0;0;0;0;0;0;0;0;0;0;0;0;0;1;1;1;1;1;1;1;1;1;1;1;1;1;1;1;1;1;1;1;0;0;0;0;0;0;0;0;0;0.0004;0.088;0;-0.0884;0;0;0;0;0;0;0;0;0;0;0;0;0;0;0;0;0;0;0;-1.59;0;0;0;0;0.0004;0;0;0;0;0;0;0;-0.0004;-0.0884;0;0;0;0;0;0;0;0;0;-0.7063;0;0.7063;1;1;0;0;0;0
20/08/21 03:00;0;0;90;0;0;90;0;0;0;0;1.8001;2.5499;0;0;0;0;0;0;0;0;0;0;0;0;0;1;1;1;1;0;0;0;0;0;0;0;0;0;0;0;0;0;0;0;0;0;0;0;0;0;0;0;0;0;0;0;0;0;0;0;0;0;0;0;1;1;1;1;1;1;1;1;1;1;1;1;1;1;1;1;1;1;1;0;0;0;0;0;0;0;0;0;0.0004;0.088;0;-0.0884;0;0;0;0;0;0;0;0;0;0;0;0;0;0;0;0;0;0;0;-1.8001;0;0;0;0;0.0004;0;0;0;0;0;0;0;-0.0004;-0.0884;0;0;0;0;0;0;0;0;0;-0.7063;0;0.7063;1;1;0;0;0;0
20/08/21 04:00;0;0;90;0;0;90;0;0;0;0;0.8601;2.82;0;0;0;0;0;0;0;0;0;0;0;0;0;1;1;1;1;0;0;0;0;0;0;0;0;0;0;0;0;0;0;0;0;0;0;0;0;0;0;0;0;0;0;0;0;0;0;0;0;0;0;0;1;1;1;1;1;1;1;1;1;1;1;1;1;1;1;1;1;1;1;0;0;0;0;0;0;0;0;0;0.0004;0.088;0;-0.0884;0;0;0;0;0;0;0;0;0;0;0;0;0;0;0;0;0;0;0;-0.8601;0;0;0;0;0.0004;0;0;0;0;0;0;0;-0.0004;-0.0884;0;0;0;0;0;0;0;0;0;-0.7063;0;0.7063;1;1;0;0;0;0
20/08/21 05:00;0;0;90;0;0;90;0;0;0;0;0.42;2.99;0;0;0;0;0;0;0;0;0;0;0;0;0;1;1;1;1;0;0;0;0;0;0;0;0;0;0;0;0;0;0;0;0;0;0;0;0;0;0;0;0;0;0;0;0;0;0;0;0;0;0;0;1;1;1;1;1;1;1;1;1;1;1;1;1;1;1;1;1;1;1;0;0;0;0;0;0;0;0;0;0.0004;0.088;0;-0.0884;0;0;0;0;0;0;0;0;0;0;0;0;0;0;0;0;0;0;0;-0.42;0;0;0;0;0.0004;0;0;0;0;0;0;0;-0.0004;-0.0884;0;0;0;0;0;0;0;0;0;-0.7063;0;0.7063;1;1;0;0;0;0
20/08/21 06:00;2.4536;-73.124;84.04;2.5638;3.6644;-90;-3.6644;2.5004;2.5004;0;0.3801;3.1001;0;0;2.4979;0;0;0.0004;2.4983;2.4983;0;0;0;0;0;1;1;1;1;0;0;0;0;0;0;0;0;0;0;0;0;0;0;0;0;0;0;0;0;0;0;0;0;0;0;0;0;0;0;0;0;0;0;0;0;1;1;1;1;1;1;1;1;1;1;1;1;1;0;0;1;0;0;0;0;0;0;0;0;0;0;0;0.0004;0.088;0;-0.0884;0;0;0;0;0;0;0;0;0;0;0;0;0;0;0;0;0;0;0;-0.3801;0;0;0;0;0.0004;0;0;0;0;0;0;0;-0.0004;-0.0884;0;0;0;0;0;0;0;0;0;-0.7063;0;0.7063;1;1;0;0;0;0
20/08/21 07:00;10.33;-66.894;64.222;11.209;16.919;-90;-16.919;143.6;24.2;119.4;1.6798;3.86;0;289.58;11.886;29.226;0;0.4972;331.19;0;331.19;289.58;29.226;11.886;0.4972;0.8744;0.0374;0;0.0015;330.56;0.6236;0;0;0.2084;0.4152;311.24;18.66;16.547;1.67;0.4246;0.0183;329.9;0.6611;0.5792;0.0585;0.0234;0.0002;311.25;272.45;27.498;11.23;0.0636;7.9304;6.6298;2.1022;0.0237;0.0709;1.0203;0.0101;1.0676;0;1;0;0;2.3063;0.9981;1;1;0.9825;0.1649;0.9434;0.9427;1;0.9636;0.7768;0.998;0.998;1;0.998;0.998;0.9398;0.9448;0.1278;0.9946;0.9396;0.0057;0.0142;-0.0357;0.0067;0.0237;0.0002;0;0;0.088;0;0.7997;0;0;0;0;0;0;0;0;0;0;0;0;0.0191;0.0023;0.9034;0.9034;0;14.201;14.201;12.521;0.0402;804.23;1123.3;1;0.0157;0.0157;0;0;0;0;0;0;0.8877;0.7997;0;17.304;20.038;15.318;17.738;98.263;98.263;7.9485;7.2201;6.3913;0.7284;0.8287;0.0916;0.1043;0.8041;7.2863;0.8022;0
20/08/21 08:00;21.135;-56.589;31.289;24.849;60;-90;-60;336.09;56.801;279.29;6.1497;3.21;0;661.93;17.924;77.979;0;13.444;771.27;0;771.27;661.93;77.979;17.924;13.444;0.8582;0.0407;0;0.0174;756.44;14.837;0;0;2.2557;12.581;752.99;1.9317;1.1824;0.1393;0.5529;0.0571;754.92;1.5129;1.3239;0.156;0.0313;0.0017;753.6;659.42;77.683;15.084;0.8041;24.22;20.248;7.5926;3;0.3307;4.7574;0.6057;2.0882;0;1;0;0;2.2948;0.9808;1;1;0.8742;0.0642;0.9974;0.9982;1;0.9646;0.9337;0.998;0.998;1;0.998;0.998;0.9763;0.8416;0.0598;2.3161;2.2798;0.0137;-0.0015;0.0944;0.0152;0.0539;0.0009;0;0;0.088;0;1.9254;0;0;0;0;0;0;0;0;0;0;0;0;0.0434;0.0116;2.0481;2.0481;0;36.901;36.901;30.751;0.0408;1959.8;1045;1;0.0346;0.0346;0;0;0;0;0;0;2.0134;1.9254;0;16.845;19.506;15.836;18.338;98.309;98.309;18.511;16.368;15.388;2.1424;0.9801;0.1157;0.053;0.8313;15.608;0.8275;0
20/08/21 09:00;30.592;-44.118;38.169;40.341;49.659;-90;-49.659;493.6;84.899;408.7;10.41;3.95;0;631.36;27.932;78.764;0;13.926;751.99;0;751.99;631.36;78.764;27.932;13.926;0.8396;0.0557;0;0.0185;736.31;15.679;0;0;2.6727;13.006;729.84;4.9939;3.6633;0.457;0.8347;0.0389;734.83;1.4726;1.2627;0.1575;0.0505;0.0018;733.17;626.44;78.15;24.374;0.8793;190.06;158.89;48.748;2.4022;1.9255;27.697;3.3288;27.22;0;1;0;0;1.5235;0.9792;1;1;0.9043;0.0661;0.9932;0.9942;1;0.9669;0.9577;0.998;0.998;1;0.998;0.998;0.9706;0.8726;0.0631;2.2582;2.2666;0.0136;-0.0014;0.121;0.0149;0.053;0.0052;0;0;0.088;0;1.8847;0;0;0;0;0;0;0;0;0;0;0;0;0.0426;0.0114;2.0062;2.0062;0;40.302;40.302;29.891;0.041;1946.5;1030.7;1;0.0335;0.0335;0;0;0;0;0;0;1.9727;1.8847;0;16.924;19.598;15.899;18.41;98.328;98.328;18.048;16.034;15.062;2.014;0.9714;0.1116;0.0538;0.8346;21.736;0.8122;0
20/08/21 10:00;37.898;-28.709;43.796;58.321;31.679;-90;-31.679;615.5;104.3;511.19;14.98;3.9899;0;600.69;36.456;76.278;0;7.3363;720.76;0;720.76;600.69;76.278;36.456;7.3363;0.8334;0.0608;0;0.0102;712.51;8.2505;0;0;1.7668;6.4837;703.67;7.4149;5.4583;0.6931;1.1227;0.1408;711.09;1.425;1.2014;0.1526;0.0694;0.0017;705.7;594.03;75.432;33.497;0.7101;322.66;269.74;87.815;0.6682;2.7185;39.105;2.0295;41.155;0;1;0;0;1.171;0.9886;1;1;0.9515;0.1162;0.9896;0.9909;1;0.9676;0.8345;0.998;0.998;1;0.998;0.998;0.9763;0.9188;0.0968;2.1644;2.2079;0.0133;-0.0011;0.146;0.0143;0.0509;0.0073;0;0;0.088;0;1.8057;0;0;0;0;0;0;0;0;0;0;0;0;0.041;0.0109;1.9254;1.9254;0;43.887;43.887;28.907;0.0411;1896.1;1015.5;1;0.0317;0.0317;0;0;0;0;0;0;1.8937;1.8057;0;16.946;19.623;15.893;18.403;98.354;98.354;17.298;15.388;14.431;1.9104;0.9566;0.1104;0.0553;0.8343;24.314;0.8017;0
20/08/21 11:00;42.021;-10.316;46.961;78.759;11.241;-90;-11.241;682.21;116.2;566;16.66;3.79;0;577.07;42.316;74.915;0;1.047;695.35;0;695.35;577.07;74.915;42.316;1.047;0.8299;0.0624;0;0.0015;694.11;1.2453;0;0;0.3726;0.8727;683.87;8.8465;6.3098;0.8191;1.6785;0.0391;692.72;1.3882;1.1541;0.1498;0.0839;0.0003;684.09;569.61;73.946;40.181;0.1349;397.42;332.24;103.73;0.0194;3.5842;51.558;0.2193;55.122;0;1;0;0;1.0193;0.9982;1;1;0.9912;0.1665;0.9872;0.989;1;0.9599;0.7752;0.998;0.998;1;0.998;0.998;0.9835;0.9495;0.1288;2.0881;2.1691;0.0131;-0.0009;0.1504;0.014;0.0498;0.0095;0;0;0.088;0;1.7637;0;0;0;0;0;0;0;0;0;0;0;0;0.0401;0.0105;1.8825;1.8825;0;44.777;44.777;28.117;0.0411;1861.8;1011.1;1;0.0308;0.0308;0;0;0;0;0;0;1.8517;1.7637;0;17.174;19.887;16.09;18.632;98.365;98.365;16.688;15.045;14.096;1.6433;0.9493;0.0985;0.0569;0.8446;25.447;0.8002;0
20/08/21 12:00;42.112;9.4689;47.031;79.685;10.315;90;10.315;547.5;233.7;313.79;17.6;3.6601;0;318.95;150.69;83.125;0;0.7078;553.47;0;553.47;318.95;83.125;150.69;0.7078;0.5763;0.2735;0;0.0013;551.73;1.7434;0;0;1.1525;0.591;540.12;10.509;3.5004;0.9123;6.0702;0.0263;550.63;1.1035;0.6379;0.1663;0.2991;0.0002;540.25;314.81;82.047;143.17;0.0903;321.01;268.36;84.165;0.0494;2.8726;41.321;0.1355;44.144;0;1;0;0;1.0109;0.9969;1;1;0.9924;0.1651;0.9809;0.989;1;0.9593;0.7747;0.998;0.998;1;0.998;0.998;0.9759;0.9501;0.1276;1.6621;1.7143;0.0103;0.0035;0.0889;0.0113;0.04;0.0078;0;0;0.088;0;1.4015;0;0;0;0;0;0;0;0;0;0;0;0;0.0322;0.0068;1.5135;1.5135;0;39.731;39.731;22.131;0.041;1472.3;1028;1;0.024;0.024;0;0;0;0;0;0;1.4895;1.4015;0;17.347;20.088;16.063;18.601;98.413;98.413;13.283;12.096;11.201;1.1872;0.8953;0.0894;0.0674;0.8432;90.402;0.7986;0
20/08/21 13:00;38.151;27.969;43.991;59.161;30.839;90;30.839;561.5;174;387.5;18.16;3.4299;0;451.31;85.846;95.067;0;6.351;638.57;0;638.57;451.31;95.067;85.846;6.351;0.7067;0.1444;0;0.0099;628.97;9.5985;0;0;3.9936;5.6048;619.91;7.8097;4.1521;0.8746;2.6543;0.1287;627.72;1.2579;0.9026;0.1901;0.1637;0.0015;621.75;446.25;94.002;79.034;0.6161;301.86;252.36;80.277;1.4316;2.7177;39.093;1.8419;40.379;0;1;0;0;1.1373;0.985;1;1;0.9535;0.1175;0.9876;0.9908;1;0.9675;0.8272;0.998;0.998;1;0.998;0.998;0.9708;0.9207;0.097;1.9176;1.9551;0.0118;0.0009;0.128;0.0127;0.045;0.0073;0;0;0.088;0;1.5891;0;0;0;0;0;0;0;0;0;0;0;0;0.0363;0.0087;1.7045;1.7045;0;43.63;43.63;25.47;0.0411;1679.3;1015;1;0.0275;0.0275;0;0;0;0;0;0;1.6771;1.5891;0;16.933;19.608;15.786;18.28;98.39;98.39;15.326;13.623;12.7;1.7032;0.9227;0.1111;0.0602;0.8287;56.913;0.7923;0
20/08/21 14:00;30.961;43.515;38.453;41.066;48.934;90;48.934;195.7;189;6.6957;17.86;3.13;0;10.193;155.06;2.8003;0;5.3711;173.42;0;173.42;10.193;2.8003;155.06;5.3711;0.0588;0.9251;0;0.031;153.85;19.574;0;0;14.55;5.024;148.82;4.7226;0.0608;0.0167;4.6295;0.0156;153.54;0.3077;0.0204;0.0056;0.281;0.0007;150.95;10.111;2.778;135.6;0.3308;122.99;102.82;35.104;12.654;1.7362;24.974;2.1318;14.056;0;1;0;0;0.8862;0.8871;1;1;0.9062;0.0646;0.9692;0.994;1;0.967;0.9549;0.998;0.998;1;0.998;0.998;0.8581;0.8745;0.0616;0.5208;0.5073;0.0031;0.018;-0.002;0.0034;0.0121;0.0048;0;0;0.088;0;0.3604;0;0;0;0;0;0;0;0;0;0;0;0;0.0098;0.0008;0.4573;0.4573;0;23.932;23.932;6.0716;0.0408;432.01;1058.4;1;0.0089;0.0089;0;0;0;0;0;0;0.4484;0.3604;0;16.726;19.369;13.182;15.265;98.057;98.057;4.1621;3.6544;2.8801;0.5077;0.7743;0.122;0.186;0.692;119.79;0.6246;0
20/08/21 15:00;21.578;56.099;31.536;25.477;60;90;60;78.002;77.003;0.9985;16.38;1.9901;0;2.314;57.635;0.3623;0;3.1201;63.432;0;63.432;2.314;0.3623;57.635;3.1201;0.0365;0.9578;0;0.0492;53.236;10.195;0;0;7.2685;2.9266;51.334;1.7959;0.0045;0.0007;1.7776;0.0132;53.13;0.1065;0.0046;0.0007;0.1007;0.0004;52.689;2.3049;0.3609;48.488;0.1799;50.232;41.994;15.14;9.6363;0.9474;13.627;1.3553;4.9383;0;1;0;0;0.8132;0.8393;1;1;0.8739;0.062;0.9662;0.9981;1;0.9646;0.9319;0.998;0.998;1;0.998;0.998;0.8093;0.8413;0.0577;0.1905;0.1874;0.0011;0.0148;-0.0045;0.0012;0.0044;0.0026;0;0;0.088;0;0.0702;0;0;0;0;0;0;0;0;0;0;0;0;0.0035;0.0002;0.1642;0.1642;0;18.488;18.488;2.1083;0.0411;157.96;1039.3;1;0.006;0.006;0;0;0;0;0;0;0.1582;0.0702;0;16.418;19.012;7.0181;8.1268;96.351;96.351;1.5224;1.312;0.5608;0.2103;0.7512;0.1382;0.4934;0.3684;50.175;0.3174;0
20/08/21 16:00;10.818;66.481;62.922;11.772;17.885;90;17.885;18.597;18.499;0.0979;15.25;2.34;0;0.2375;18.045;0.0175;0;0.0719;18.372;0;18.372;0.2375;0.0175;18.045;0.0719;0.0129;0.9861;0;0.0039;17.964;0.4083;0;0;0.3481;0.0602;17.28;0.6479;0.0118;0.0009;0.6326;0.0026;17.928;0.0359;0.0005;0;0.0354;0;17.297;0.2252;0.0166;17.029;0.009;11.106;9.2848;2.8178;0.0435;0.1082;1.5567;0.0177;1.6214;0;1;0;0;0.9879;0.9778;1;1;0.9807;0.1621;0.9639;0.9501;1;0.9642;0.7766;0.998;0.998;1;0.998;0.998;0.9406;0.9437;0.1256;0.0552;0.0554;0.0003;0.0083;-0.0018;0.0003;0.0012;0.0003;0;0;0.088;0;-0.0453;0;0;0;0;0;0;0;0;0;0;0;0;0.001;0;0.0457;0.0457;0;15.969;15.969;0.7192;0.0416;45.649;1001.5;1;0.0031;0.0031;0;0;0;0;0;0;0.0427;-0.0453;0;15.785;18.279;-15.658;-18.131;93.3;93.3;0.4409;0.3654;-0.3624;0.0756;0.7278;0.1714;1.6506;0;11.106;0;0
20/08/21 17:00;2.5714;73.036;83.753;2.6882;3.8432;90;3.8432;0;0;0;14.53;2.82;0;0;0;0;0;0;0;0;0;0;0;0;0;1;1;1;1;0;0;0;0;0;0;0;0;0;0;0;0;0;0;0;0;0;0;0;0;0;0;0;0;0;0;0;0;0;0;0;0;0;0;0;1;1;1;1;1;1;1;1;1;1;1;1;1;1;1;1;1;1;1;0;0;0;0;0;0;0;0;0;0.0004;0.088;0;-0.0884;0;0;0;0;0;0;0;0;0;0;0;0;0;0;0;0;0;0;0;-14.53;0;0;0;0;0.0004;0;0;0;0;0;0;0;-0.0004;-0.0884;0;0;0;0;0;0;0;0;0;-0.7063;0;0.7063;1;1;0;0;0;0
20/08/21 18:00;0;0;90;0;0;90;0;0;0;0;13;2.6901;0;0;0;0;0;0;0;0;0;0;0;0;0;1;1;1;1;0;0;0;0;0;0;0;0;0;0;0;0;0;0;0;0;0;0;0;0;0;0;0;0;0;0;0;0;0;0;0;0;0;0;0;1;1;1;1;1;1;1;1;1;1;1;1;1;1;1;1;1;1;1;0;0;0;0;0;0;0;0;0;0.0004;0.088;0;-0.0884;0;0;0;0;0;0;0;0;0;0;0;0;0;0;0;0;0;0;0;-13;0;0;0;0;0.0004;0;0;0;0;0;0;0;-0.0004;-0.0884;0;0;0;0;0;0;0;0;0;-0.7063;0;0.7063;1;1;0;0;0;0
20/08/21 19:00;0;0;90;0;0;90;0;0;0;0;11.58;2.1;0;0;0;0;0;0;0;0;0;0;0;0;0;1;1;1;1;0;0;0;0;0;0;0;0;0;0;0;0;0;0;0;0;0;0;0;0;0;0;0;0;0;0;0;0;0;0;0;0;0;0;0;1;1;1;1;1;1;1;1;1;1;1;1;1;1;1;1;1;1;1;0;0;0;0;0;0;0;0;0;0.0004;0.088;0;-0.0884;0;0;0;0;0;0;0;0;0;0;0;0;0;0;0;0;0;0;0;-11.58;0;0;0;0;0.0004;0;0;0;0;0;0;0;-0.0004;-0.0884;0;0;0;0;0;0;0;0;0;-0.7063;0;0.7063;1;1;0;0;0;0
20/08/21 20:00;0;0;90;0;0;90;0;0;0;0;11.7;1.8;0;0;0;0;0;0;0;0;0;0;0;0;0;1;1;1;1;0;0;0;0;0;0;0;0;0;0;0;0;0;0;0;0;0;0;0;0;0;0;0;0;0;0;0;0;0;0;0;0;0;0;0;1;1;1;1;1;1;1;1;1;1;1;1;1;1;1;1;1;1;1;0;0;0;0;0;0;0;0;0;0.0004;0.088;0;-0.0884;0;0;0;0;0;0;0;0;0;0;0;0;0;0;0;0;0;0;0;-11.7;0;0;0;0;0.0004;0;0;0;0;0;0;0;-0.0004;-0.0884;0;0;0;0;0;0;0;0;0;-0.7063;0;0.7063;1;1;0;0;0;0
20/08/21 21:00;0;0;90;0;0;90;0;0;0;0;11.58;1.1199;0;0;0;0;0;0;0;0;0;0;0;0;0;1;1;1;1;0;0;0;0;0;0;0;0;0;0;0;0;0;0;0;0;0;0;0;0;0;0;0;0;0;0;0;0;0;0;0;0;0;0;0;1;1;1;1;1;1;1;1;1;1;1;1;1;1;1;1;1;1;1;0;0;0;0;0;0;0;0;0;0.0004;0.088;0;-0.0884;0;0;0;0;0;0;0;0;0;0;0;0;0;0;0;0;0;0;0;-11.58;0;0;0;0;0.0004;0;0;0;0;0;0;0;-0.0004;-0.0884;0;0;0;0;0;0;0;0;0;-0.7063;0;0.7063;1;1;0;0;0;0
20/08/21 22:00;0;0;90;0;0;90;0;0;0;0;10.89;1.63;0;0;0;0;0;0;0;0;0;0;0;0;0;1;1;1;1;0;0;0;0;0;0;0;0;0;0;0;0;0;0;0;0;0;0;0;0;0;0;0;0;0;0;0;0;0;0;0;0;0;0;0;1;1;1;1;1;1;1;1;1;1;1;1;1;1;1;1;1;1;1;0;0;0;0;0;0;0;0;0;0.0004;0.088;0;-0.0884;0;0;0;0;0;0;0;0;0;0;0;0;0;0;0;0;0;0;0;-10.89;0;0;0;0;0.0004;0;0;0;0;0;0;0;-0.0004;-0.0884;0;0;0;0;0;0;0;0;0;-0.7063;0;0.7063;1;1;0;0;0;0
20/08/21 23:00;0;0;90;0;0;90;0;0;0;0;11.4;2.3899;0;0;0;0;0;0;0;0;0;0;0;0;0;1;1;1;1;0;0;0;0;0;0;0;0;0;0;0;0;0;0;0;0;0;0;0;0;0;0;0;0;0;0;0;0;0;0;0;0;0;0;0;1;1;1;1;1;1;1;1;1;1;1;1;1;1;1;1;1;1;1;0;0;0;0;0;0;0;0;0;0.0004;0.088;0;-0.0884;0;0;0;0;0;0;0;0;0;0;0;0;0;0;0;0;0;0;0;-11.4;0;0;0;0;0.0004;0;0;0;0;0;0;0;-0.0004;-0.0884;0;0;0;0;0;0;0;0;0;-0.7063;0;0.7063;1;1;0;0;0;0
21/08/21 00:00;0;0;90;0;0;90;0;0;0;0;10.56;2.59;0;0;0;0;0;0;0;0;0;0;0;0;0;1;1;1;1;0;0;0;0;0;0;0;0;0;0;0;0;0;0;0;0;0;0;0;0;0;0;0;0;0;0;0;0;0;0;0;0;0;0;0;1;1;1;1;1;1;1;1;1;1;1;1;1;1;1;1;1;1;1;0;0;0;0;0;0;0;0;0;0.0004;0.088;0;-0.0884;0;0;0;0;0;0;0;0;0;0;0;0;0;0;0;0;0;0;0;-10.56;0;0;0;0;0.0004;0;0;0;0;0;0;0;-0.0004;-0.0884;0;0;0;0;0;0;0;0;0;-0.7063;0;0.7063;1;1;0;0;0;0
21/08/21 01:00;0;0;90;0;0;90;0;0;0;0;11.36;2.5401;0;0;0;0;0;0;0;0;0;0;0;0;0;1;1;1;1;0;0;0;0;0;0;0;0;0;0;0;0;0;0;0;0;0;0;0;0;0;0;0;0;0;0;0;0;0;0;0;0;0;0;0;1;1;1;1;1;1;1;1;1;1;1;1;1;1;1;1;1;1;1;0;0;0;0;0;0;0;0;0;0.0004;0.088;0;-0.0884;0;0;0;0;0;0;0;0;0;0;0;0;0;0;0;0;0;0;0;-11.36;0;0;0;0;0.0004;0;0;0;0;0;0;0;-0.0004;-0.0884;0;0;0;0;0;0;0;0;0;-0.7063;0;0.7063;1;1;0;0;0;0
21/08/21 02:00;0;0;90;0;0;90;0;0;0;0;11.53;2.59;0;0;0;0;0;0;0;0;0;0;0;0;0;1;1;1;1;0;0;0;0;0;0;0;0;0;0;0;0;0;0;0;0;0;0;0;0;0;0;0;0;0;0;0;0;0;0;0;0;0;0;0;1;1;1;1;1;1;1;1;1;1;1;1;1;1;1;1;1;1;1;0;0;0;0;0;0;0;0;0;0.0004;0.088;0;-0.0884;0;0;0;0;0;0;0;0;0;0;0;0;0;0;0;0;0;0;0;-11.53;0;0;0;0;0.0004;0;0;0;0;0;0;0;-0.0004;-0.0884;0;0;0;0;0;0;0;0;0;-0.7063;0;0.7063;1;1;0;0;0;0
21/08/21 03:00;0;0;90;0;0;90;0;0;0;0;11.93;2.99;0;0;0;0;0;0;0;0;0;0;0;0;0;1;1;1;1;0;0;0;0;0;0;0;0;0;0;0;0;0;0;0;0;0;0;0;0;0;0;0;0;0;0;0;0;0;0;0;0;0;0;0;1;1;1;1;1;1;1;1;1;1;1;1;1;1;1;1;1;1;1;0;0;0;0;0;0;0;0;0;0.0004;0.088;0;-0.0884;0;0;0;0;0;0;0;0;0;0;0;0;0;0;0;0;0;0;0;-11.93;0;0;0;0;0.0004;0;0;0;0;0;0;0;-0.0004;-0.0884;0;0;0;0;0;0;0;0;0;-0.7063;0;0.7063;1;1;0;0;0;0
21/08/21 04:00;0;0;90;0;0;90;0;0;0;0;11.3;3.56;0;0;0;0;0;0;0;0;0;0;0;0;0;1;1;1;1;0;0;0;0;0;0;0;0;0;0;0;0;0;0;0;0;0;0;0;0;0;0;0;0;0;0;0;0;0;0;0;0;0;0;0;1;1;1;1;1;1;1;1;1;1;1;1;1;1;1;1;1;1;1;0;0;0;0;0;0;0;0;0;0.0004;0.088;0;-0.0884;0;0;0;0;0;0;0;0;0;0;0;0;0;0;0;0;0;0;0;-11.3;0;0;0;0;0.0004;0;0;0;0;0;0;0;-0.0004;-0.0884;0;0;0;0;0;0;0;0;0;-0.7063;0;0.7063;1;1;0;0;0;0
21/08/21 05:00;0;0;90;0;0;90;0;0;0;0;11.28;3.72;0;0;0;0;0;0;0;0;0;0;0;0;0;1;1;1;1;0;0;0;0;0;0;0;0;0;0;0;0;0;0;0;0;0;0;0;0;0;0;0;0;0;0;0;0;0;0;0;0;0;0;0;1;1;1;1;1;1;1;1;1;1;1;1;1;1;1;1;1;1;1;0;0;0;0;0;0;0;0;0;0.0004;0.088;0;-0.0884;0;0;0;0;0;0;0;0;0;0;0;0;0;0;0;0;0;0;0;-11.28;0;0;0;0;0.0004;0;0;0;0;0;0;0;-0.0004;-0.0884;0;0;0;0;0;0;0;0;0;-0.7063;0;0.7063;1;1;0;0;0;0
21/08/21 06:00;2.502;-73.504;83.923;2.6092;3.7296;-90;-3.7296;0.5079;0.4988;0.0091;9.31;4.25;0;0.022;0.4982;0.0002;0;0.0001;0.5205;0.5205;0;0.022;0;0;0;1;1;1;1;0;0;0;0;0;0;0;0;0;0;0;0;0;0;0;0;0;0;0;0;0;0;0;0;0;0;0;0;0;0;0;0;0;0;0;0;1;1;1;1;1;1;1;1;1;1;1;0;1;0;0;1;0;0;0;0;0;0;0;0;0;0;0;0.0004;0.088;0;-0.0884;0;0;0;0;0;0;0;0;0;0;0;0;0;0;0;0;0;0;0;-9.31;0;0;0;0;0.0004;0;0;0;0;0;0;0;-0.0004;-0.0884;0;0;0;0;0;0;0;0;0;-0.7063;0;0.7063;1;1;0;0;0;0
21/08/21 07:00;10.585;-67.118;63.543;11.466;17.358;-90;-17.358;135.8;31.297;104.51;9.99;4.97;0;253.46;17.578;32.279;0;0.4948;303.81;0;303.81;253.46;32.279;17.578;0.4948;0.8343;0.0595;0;0.0016;303.08;0.7351;0;0;0.3218;0.4134;286.64;15.833;13.476;1.7162;0.6226;0.0181;302.47;0.6062;0.5069;0.0646;0.0345;0.0002;286.65;239.48;30.498;16.599;0.0631;11.372;9.507;2.9664;0.0383;0.1051;1.5123;0.016;1.5791;0;1;0;0;2.2371;0.9976;1;1;0.9817;0.1645;0.9477;0.9467;1;0.9638;0.7771;0.998;0.998;1;0.998;0.998;0.9435;0.9443;0.1276;0.9123;0.8666;0.0052;0.0152;-0.0105;0.006;0.0213;0.0003;0;0;0.088;0;0.7081;0;0;0;0;0;0;0;0;0;0;0;0;0.0171;0.002;0.81;0.81;0;21.599;21.599;11.609;0.0405;742.21;1091.3;1;0.0139;0.0139;0;0;0;0;0;0;0.7961;0.7081;0;16.912;19.584;14.785;17.121;98.288;98.288;7.2915;6.4732;5.6591;0.8182;0.8141;0.1122;0.1117;0.7761;10.795;0.7732;0
21/08/21 08:00;21.413;-56.795;31.003;25.111;60;-90;-60;223.3;144.6;78.7;12.28;5.1899;0;184.77;90.975;54.705;0;8.932;339.38;0;339.38;184.77;54.705;90.975;8.932;0.5444;0.2944;0;0.0263;319.58;19.808;0;0;11.449;8.3587;315.7;3.2319;0.2992;0.0886;2.8061;0.0379;318.94;0.6392;0.3695;0.1094;0.1591;0.0011;317.96;184.1;54.507;76.561;0.5342;82.964;69.358;24.997;15.211;1.5194;21.857;2.2573;8.1645;0;1;0;0;1.5199;0.9416;1;1;0.8742;0.0642;0.9899;0.9984;1;0.9646;0.9337;0.998;0.998;1;0.998;0.998;0.9302;0.8416;0.0598;1.0192;1.0037;0.006;0.0134;0.0003;0.0069;0.0244;0.0043;0;0;0.088;0;0.8227;0;0;0;0;0;0;0;0;0;0;0;0;0.0197;0.0026;0.9262;0.9262;0;25.096;25.096;12.816;0.0406;857.95;1079.5;1;0.0155;0.0155;0;0;0;0;0;0;0.9107;0.8227;0;17.312;20.046;15.378;17.807;98.33;98.33;8.1452;7.4019;6.575;0.7433;0.8269;0.0913;0.1015;0.8072;79.22;0.7701;0
21/08/21 09:00;30.895;-44.29;37.897;40.594;49.406;-90;-49.406;501.61;85.098;416.51;14.24;5.4901;0;640.1;27.649;79.299;0;14.017;761.07;0;761.07;640.1;79.299;27.649;14.017;0.8411;0.0547;0;0.0184;745.36;15.714;0;0;2.626;13.088;738.94;4.9256;3.6123;0.4475;0.826;0.0398;743.86;1.4907;1.2802;0.1586;0.05;0.0019;742.29;635.21;78.692;24.147;0.8879;194.4;162.52;49.962;2.336;1.955;28.122;3.3493;27.741;0;1;0;0;1.5173;0.9794;1;1;0.905;0.0663;0.9934;0.9943;1;0.9669;0.9571;0.998;0.998;1;0.998;0.998;0.9709;0.8733;0.0633;2.2855;2.295;0.0138;-0.0016;0.1575;0.0149;0.0528;0.0052;0;0;0.088;0;1.8771;0;0;0;0;0;0;0;0;0;0;0;0;0.0425;0.0117;1.9982;1.9982;0;44.612;44.612;30.372;0.0411;1973;1012.7;1;0.033;0.033;0;0;0;0;0;0;1.9651;1.8771;0;16.655;19.286;15.646;18.118;98.347;98.347;18.266;15.969;15.002;2.2964;0.9673;0.1257;0.053;0.8213;21.461;0.7992;0
21/08/21 10:00;38.226;-28.814;43.497;58.537;31.463;-90;-31.463;668.9;110.4;558.5;16.72;5.31;0;654.77;33.273;87.328;0;7.8674;783.23;0;783.23;654.77;87.328;33.273;7.8674;0.836;0.0525;0;0.01;774.69;8.541;0;0;1.5952;6.9458;765.35;7.7929;5.8353;0.7783;1.0257;0.1536;773.14;1.5494;1.3095;0.1747;0.0634;0.0018;767.52;647.62;86.375;30.589;0.7662;350.67;293.16;95.44;0.596;2.9458;42.375;2.1684;44.724;0;1;0;0;1.1709;0.9891;1;1;0.9521;0.1171;0.9899;0.9911;1;0.9676;0.833;0.998;0.998;1;0.998;0.998;0.9772;0.9193;0.0974;2.3521;2.401;0.0145;-0.002;0.1959;0.0153;0.0544;0.0077;0;0;0.088;0;1.9366;0;0;0;0;0;0;0;0;0;0;0;0;0.0438;0.0128;2.0585;2.0585;0;48.272;48.272;31.552;0.0412;2065.4;996.66;1;0.0339;0.0339;0;0;0;0;0;0;2.0246;1.9366;0;16.672;19.306;15.685;18.163;98.355;98.355;18.798;16.451;15.478;2.3461;0.9739;0.1248;0.0518;0.8234;22.157;0.7913;0
21/08/21 11:00;42.358;-10.308;46.637;78.896;11.104;-90;-11.104;409.89;303.6;106.29;17.48;5.0199;0;108.32;265.29;36.485;0;0.6139;410.71;0;410.71;108.32;36.485;265.29;0.6139;0.2637;0.6474;0;0.0015;407.91;2.8003;0;0;2.2886;0.5117;394.97;12.127;1.1639;0.392;10.548;0.0229;407.1;0.8158;0.2166;0.073;0.526;0.0002;395.09;106.94;36.02;251.93;0.0791;242.16;202.45;61.625;0.1147;2.2934;32.99;0.1207;35.168;0;1;0;0;1.002;0.9932;1;1;0.9914;0.1665;0.9702;0.9892;1;0.9598;0.7752;0.998;0.998;1;0.998;0.998;0.9617;0.9496;0.1288;1.2334;1.2595;0.0076;0.0097;0.0384;0.0084;0.0299;0.0063;0;0;0.088;0;1.0251;0;0;0;0;0;0;0;0;0;0;0;0;0.0241;0.0039;1.1313;1.1313;0;33.606;33.606;16.126;0.0408;1080.2;1047.3;1;0.0181;0.0181;0;0;0;0;0;0;1.1131;1.0251;0;17.473;20.233;15.834;18.335;98.398;98.398;9.8571;9.041;8.1928;0.8161;0.8481;0.0828;0.086;0.8312;159.48;0.784;0
21/08/21 12:00;42.434;9.6067;46.694;79.655;10.345;90;10.345;543.39;242.1;301.3;18.76;4.75;0;306.28;159.98;82.144;0;0.7067;549.1;0;549.1;306.28;82.144;159.98;0.7067;0.5578;0.2926;0;0.0013;547.28;1.8195;0;0;1.2295;0.59;535.54;10.654;3.3011;0.8854;6.441;0.0262;546.19;1.0946;0.6126;0.1643;0.3175;0.0002;535.67;302.36;81.095;151.99;0.0902;318.72;266.45;83.464;0.053;2.8588;41.123;0.1352;43.929;0;1;0;0;1.0105;0.9967;1;1;0.9923;0.1651;0.9805;0.9892;1;0.9593;0.7747;0.998;0.998;1;0.998;0.998;0.9753;0.9501;0.1276;1.649;1.7001;0.0102;0.0037;0.0942;0.0111;0.0395;0.0077;0;0;0.088;0;1.3835;0;0;0;0;0;0;0;0;0;0;0;0;0.0318;0.0067;1.4951;1.4951;0;40.722;40.722;21.962;0.041;1460.2;1023.9;1;0.0236;0.0236;0;0;0;0;0;0;1.4715;1.3835;0;17.273;20.001;15.983;18.509;98.422;98.422;13.178;11.949;11.057;1.2295;0.8919;0.0933;0.0677;0.839;95.978;0.7945;0
21/08/21 13:00;38.434;28.202;43.656;59.226;30.774;90;30.774;637.61;118.4;519.21;19.07;4.35;0;604.3;41.344;86.037;0;7.1824;738.87;0;738.87;604.3;86.037;41.344;7.1824;0.8179;0.0657;0;0.0097;730.61;8.2536;0;0;1.917;6.3366;721.51;7.6415;5.4418;0.7748;1.2788;0.1462;729.15;1.4612;1.2086;0.1721;0.0789;0.0017;723.56;597.65;85.09;38.07;0.698;337.29;281.97;89.728;0.6855;2.9753;42.798;2.0536;45.088;0;1;0;0;1.1588;0.9888;1;1;0.9536;0.1178;0.9895;0.991;1;0.9675;0.8268;0.998;0.998;1;0.998;0.998;0.9765;0.9208;0.0972;2.2188;2.2695;0.0137;-0.0014;0.19;0.0145;0.0513;0.0078;0;0;0.088;0;1.8214;0;0;0;0;0;0;0;0;0;0;0;0;0.0413;0.0115;1.9409;1.9409;0;48.831;48.831;29.761;0.0412;1951.8;994.43;1;0.0316;0.0316;0;0;0;0;0;0;1.9094;1.8214;0;16.664;19.297;15.638;18.108;98.373;98.373;17.733;15.512;14.556;2.2208;0.9556;0.1252;0.0539;0.8209;27.398;0.7868;0
21/08/21 14:00;31.2;43.793;38.13;41.189;48.811;90;48.811;506;127.8;378.21;19.45;3.7599;0;574.31;48.141;105.91;0;13.822;742.18;0;742.18;574.31;105.91;48.141;13.822;0.7738;0.0835;0;0.0186;724.75;17.428;0;0;4.5009;12.927;717.89;5.4089;3.319;0.6121;1.4372;0.0406;723.3;1.4495;1.1486;0.2118;0.0873;0.0018;721.28;569.84;105.08;42.116;0.8527;206.01;172.22;54.152;3.8974;2.0857;30.003;3.3896;28.191;0;1;0;0;1.4667;0.9765;1;1;0.9065;0.0648;0.9925;0.9942;1;0.967;0.9546;0.998;0.998;1;0.998;0.998;0.9673;0.8748;0.0617;2.2288;2.2357;0.0135;-0.0013;0.1891;0.0142;0.0505;0.0055;0;0;0.088;0;1.7933;0;0;0;0;0;0;0;0;0;0;0;0;0.0407;0.0112;1.9123;1.9123;0;49.068;49.068;29.618;0.0413;1923.8;994.05;1;0.031;0.031;0;0;0;0;0;0;1.8813;1.7933;0;16.345;18.928;15.328;17.75;98.378;98.378;17.812;15.283;14.332;2.5289;0.9512;0.142;0.0534;0.8046;37.145;0.781;0
21/08/21 15:00;21.778;56.392;31.208;25.628;60;90;60;215.9;182;33.899;19.02;2.21;0;78.147;127.18;28.655;0;8.6359;242.61;0;242.61;78.147;28.655;127.18;8.6359;0.3221;0.5598;0;0.0356;218.47;24.139;0;0;16.038;8.1004;213.89;4.1445;0.1359;0.0498;3.9224;0.0364;218.04;0.4369;0.1563;0.0573;0.2223;0.0011;216.96;77.855;28.548;106.99;0.498;113.22;94.655;34.102;21.263;2.1072;30.311;3.0694;11.155;0;1;0;0;1.1237;0.9005;1;1;0.8739;0.062;0.981;0.9983;1;0.9646;0.9319;0.998;0.998;1;0.998;0.998;0.8816;0.8413;0.0577;0.7286;0.7174;0.0043;0.0168;0.0071;0.0048;0.0171;0.0058;0;0;0.088;0;0.5471;0;0;0;0;0;0;0;0;0;0;0;0;0.0138;0.0014;0.6463;0.6463;0;27.748;27.748;8.7276;0.0408;611.99;1056;1;0.0112;0.0112;0;0;0;0;0;0;0.6351;0.5471;0;16.898;19.567;14.305;16.565;98.275;98.275;5.8227;5.1649;4.3725;0.6578;0.7924;0.113;0.1361;0.7509;110.71;0.6867;0
21/08/21 16:00;10.988;66.777;62.466;11.93;18.16;90;18.16;134.01;105.4;28.607;18.5;1.9101;0;69.381;91.245;28.678;0;0.534;189.84;0;189.84;69.381;28.678;91.245;0.534;0.3655;0.4835;0;0.0028;187.58;2.2533;0;0;1.8057;0.4476;179.35;7.8638;3.2993;1.3638;3.1815;0.0192;187.21;0.3752;0.1388;0.0574;0.1789;0.0002;179.44;65.943;27.257;86.079;0.067;56.42;47.167;14.352;0.2321;0.5481;7.8839;0.093;8.1998;0;1;0;0;1.4166;0.9881;1;1;0.9802;0.1618;0.958;0.9524;1;0.9644;0.7768;0.998;0.998;1;0.998;0.998;0.9447;0.9434;0.1254;0.5701;0.5571;0.0034;0.0179;0.0016;0.0037;0.0133;0.0015;0;0;0.088;0;0.4067;0;0;0;0;0;0;0;0;0;0;0;0;0.0107;0.0009;0.5041;0.5041;0;25.817;25.817;7.3168;0.0408;476.38;1058.1;1;0.0094;0.0094;0;0;0;0;0;0;0.4947;0.4067;0;16.844;19.505;13.59;15.737;98.14;98.14;4.5561;4.0285;3.2502;0.5276;0.7782;0.1158;0.1708;0.7134;56.222;0.6919;0
21/08/21 17:00;2.7256;73.337;83.377;2.8449;4.0687;90;4.0687;0;0;0;14.98;1.57;0;0;0;0;0;0;0;0;0;0;0;0;0;1;1;1;1;0;0;0;0;0;0;0;0;0;0;0;0;0;0;0;0;0;0;0;0;0;0;0;0;0;0;0;0;0;0;0;0;0;0;0;1;1;1;1;1;1;1;1;1;1;1;1;1;1;1;1;1;1;1;0;0;0;0;0;0;0;0;0;0.0004;0.088;0;-0.0884;0;0;0;0;0;0;0;0;0;0;0;0;0;0;0;0;0;0;0;-14.98;0;0;0;0;0.0004;0;0;0;0;0;0;0;-0.0004;-0.0884;0;0;0;0;0;0;0;0;0;-0.7063;0;0.7063;1;1;0;0;0;0
21/08/21 18:00;0;0;90;0;0;90;0;0;0;0;9.7501;1.1801;0;0;0;0;0;0;0;0;0;0;0;0;0;1;1;1;1;0;0;0;0;0;0;0;0;0;0;0;0;0;0;0;0;0;0;0;0;0;0;0;0;0;0;0;0;0;0;0;0;0;0;0;1;1;1;1;1;1;1;1;1;1;1;1;1;1;1;1;1;1;1;0;0;0;0;0;0;0;0;0;0.0004;0.088;0;-0.0884;0;0;0;0;0;0;0;0;0;0;0;0;0;0;0;0;0;0;0;-9.7501;0;0;0;0;0.0004;0;0;0;0;0;0;0;-0.0004;-0.0884;0;0;0;0;0;0;0;0;0;-0.7063;0;0.7063;1;1;0;0;0;0
21/08/21 19:00;0;0;90;0;0;90;0;0;0;0;8.0802;0.7999;0;0;0;0;0;0;0;0;0;0;0;0;0;1;1;1;1;0;0;0;0;0;0;0;0;0;0;0;0;0;0;0;0;0;0;0;0;0;0;0;0;0;0;0;0;0;0;0;0;0;0;0;1;1;1;1;1;1;1;1;1;1;1;1;1;1;1;1;1;1;1;0;0;0;0;0;0;0;0;0;0.0004;0.088;0;-0.0884;0;0;0;0;0;0;0;0;0;0;0;0;0;0;0;0;0;0;0;-8.0802;0;0;0;0;0.0004;0;0;0;0;0;0;0;-0.0004;-0.0884;0;0;0;0;0;0;0;0;0;-0.7063;0;0.7063;1;1;0;0;0;0
21/08/21 20:00;0;0;90;0;0;90;0;0;0;0;7.7099;0.4601;0;0;0;0;0;0;0;0;0;0;0;0;0;1;1;1;1;0;0;0;0;0;0;0;0;0;0;0;0;0;0;0;0;0;0;0;0;0;0;0;0;0;0;0;0;0;0;0;0;0;0;0;1;1;1;1;1;1;1;1;1;1;1;1;1;1;1;1;1;1;1;0;0;0;0;0;0;0;0;0;0.0004;0.088;0;-0.0884;0;0;0;0;0;0;0;0;0;0;0;0;0;0;0;0;0;0;0;-7.7099;0;0;0;0;0.0004;0;0;0;0;0;0;0;-0.0004;-0.0884;0;0;0;0;0;0;0;0;0;-0.7063;0;0.7063;1;1;0;0;0;0
21/08/21 21:00;0;0;90;0;0;90;0;0;0;0;7.1202;0.5;0;0;0;0;0;0;0;0;0;0;0;0;0;1;1;1;1;0;0;0;0;0;0;0;0;0;0;0;0;0;0;0;0;0;0;0;0;0;0;0;0;0;0;0;0;0;0;0;0;0;0;0;1;1;1;1;1;1;1;1;1;1;1;1;1;1;1;1;1;1;1;0;0;0;0;0;0;0;0;0;0.0004;0.088;0;-0.0884;0;0;0;0;0;0;0;0;0;0;0;0;0;0;0;0;0;0;0;-7.1202;0;0;0;0;0.0004;0;0;0;0;0;0;0;-0.0004;-0.0884;0;0;0;0;0;0;0;0;0;-0.7063;0;0.7063;1;1;0;0;0;0
21/08/21 22:00;0;0;90;0;0;90;0;0;0;0;6.52;1.0301;0;0;0;0;0;0;0;0;0;0;0;0;0;1;1;1;1;0;0;0;0;0;0;0;0;0;0;0;0;0;0;0;0;0;0;0;0;0;0;0;0;0;0;0;0;0;0;0;0;0;0;0;1;1;1;1;1;1;1;1;1;1;1;1;1;1;1;1;1;1;1;0;0;0;0;0;0;0;0;0;0.0004;0.088;0;-0.0884;0;0;0;0;0;0;0;0;0;0;0;0;0;0;0;0;0;0;0;-6.52;0;0;0;0;0.0004;0;0;0;0;0;0;0;-0.0004;-0.0884;0;0;0;0;0;0;0;0;0;-0.7063;0;0.7063;1;1;0;0;0;0
21/08/21 23:00;0;0;90;0;0;90;0;0;0;0;5.0202;1.5801;0;0;0;0;0;0;0;0;0;0;0;0;0;1;1;1;1;0;0;0;0;0;0;0;0;0;0;0;0;0;0;0;0;0;0;0;0;0;0;0;0;0;0;0;0;0;0;0;0;0;0;0;1;1;1;1;1;1;1;1;1;1;1;1;1;1;1;1;1;1;1;0;0;0;0;0;0;0;0;0;0.0004;0.088;0;-0.0884;0;0;0;0;0;0;0;0;0;0;0;0;0;0;0;0;0;0;0;-5.0202;0;0;0;0;0.0004;0;0;0;0;0;0;0;-0.0004;-0.0884;0;0;0;0;0;0;0;0;0;-0.7063;0;0.7063;1;1;0;0;0;0
22/08/21 00:00;0;0;90;0;0;90;0;0;0;0;4.5203;2.1;0;0;0;0;0;0;0;0;0;0;0;0;0;1;1;1;1;0;0;0;0;0;0;0;0;0;0;0;0;0;0;0;0;0;0;0;0;0;0;0;0;0;0;0;0;0;0;0;0;0;0;0;1;1;1;1;1;1;1;1;1;1;1;1;1;1;1;1;1;1;1;0;0;0;0;0;0;0;0;0;0.0004;0.088;0;-0.0884;0;0;0;0;0;0;0;0;0;0;0;0;0;0;0;0;0;0;0;-4.5203;0;0;0;0;0.0004;0;0;0;0;0;0;0;-0.0004;-0.0884;0;0;0;0;0;0;0;0;0;-0.7063;0;0.7063;1;1;0;0;0;0
22/08/21 01:00;0;0;90;0;0;90;0;0;0;0;4.5403;2.49;0;0;0;0;0;0;0;0;0;0;0;0;0;1;1;1;1;0;0;0;0;0;0;0;0;0;0;0;0;0;0;0;0;0;0;0;0;0;0;0;0;0;0;0;0;0;0;0;0;0;0;0;1;1;1;1;1;1;1;1;1;1;1;1;1;1;1;1;1;1;1;0;0;0;0;0;0;0;0;0;0.0004;0.088;0;-0.0884;0;0;0;0;0;0;0;0;0;0;0;0;0;0;0;0;0;0;0;-4.5403;0;0;0;0;0.0004;0;0;0;0;0;0;0;-0.0004;-0.0884;0;0;0;0;0;0;0;0;0;-0.7063;0;0.7063;1;1;0;0;0;0
22/08/21 02:00;0;0;90;0;0;90;0;0;0;0;4.1201;2.8799;0;0;0;0;0;0;0;0;0;0;0;0;0;1;1;1;1;0;0;0;0;0;0;0;0;0;0;0;0;0;0;0;0;0;0;0;0;0;0;0;0;0;0;0;0;0;0;0;0;0;0;0;1;1;1;1;1;1;1;1;1;1;1;1;1;1;1;1;1;1;1;0;0;0;0;0;0;0;0;0;0.0004;0.088;0;-0.0884;0;0;0;0;0;0;0;0;0;0;0;0;0;0;0;0;0;0;0;-4.1201;0;0;0;0;0.0004;0;0;0;0;0;0;0;-0.0004;-0.0884;0;0;0;0;0;0;0;0;0;-0.7063;0;0.7063;1;1;0;0;0;0
22/08/21 03:00;0;0;90;0;0;90;0;0;0;0;3.6701;3.21;0;0;0;0;0;0;0;0;0;0;0;0;0;1;1;1;1;0;0;0;0;0;0;0;0;0;0;0;0;0;0;0;0;0;0;0;0;0;0;0;0;0;0;0;0;0;0;0;0;0;0;0;1;1;1;1;1;1;1;1;1;1;1;1;1;1;1;1;1;1;1;0;0;0;0;0;0;0;0;0;0.0004;0.088;0;-0.0884;0;0;0;0;0;0;0;0;0;0;0;0;0;0;0;0;0;0;0;-3.6701;0;0;0;0;0.0004;0;0;0;0;0;0;0;-0.0004;-0.0884;0;0;0;0;0;0;0;0;0;-0.7063;0;0.7063;1;1;0;0;0;0
22/08/21 04:00;0;0;90;0;0;90;0;0;0;0;2.8697;3.4101;0;0;0;0;0;0;0;0;0;0;0;0;0;1;1;1;1;0;0;0;0;0;0;0;0;0;0;0;0;0;0;0;0;0;0;0;0;0;0;0;0;0;0;0;0;0;0;0;0;0;0;0;1;1;1;1;1;1;1;1;1;1;1;1;1;1;1;1;1;1;1;0;0;0;0;0;0;0;0;0;0.0004;0.088;0;-0.0884;0;0;0;0;0;0;0;0;0;0;0;0;0;0;0;0;0;0;0;-2.8697;0;0;0;0;0.0004;0;0;0;0;0;0;0;-0.0004;-0.0884;0;0;0;0;0;0;0;0;0;-0.7063;0;0.7063;1;1;0;0;0;0
22/08/21 05:00;0;0;90;0;0;90;0;0;0;0;2.3997;3.64;0;0;0;0;0;0;0;0;0;0;0;0;0;1;1;1;1;0;0;0;0;0;0;0;0;0;0;0;0;0;0;0;0;0;0;0;0;0;0;0;0;0;0;0;0;0;0;0;0;0;0;0;1;1;1;1;1;1;1;1;1;1;1;1;1;1;1;1;1;1;1;0;0;0;0;0;0;0;0;0;0.0004;0.088;0;-0.0884;0;0;0;0;0;0;0;0;0;0;0;0;0;0;0;0;0;0;0;-2.3997;0;0;0;0;0.0004;0;0;0;0;0;0;0;-0.0004;-0.0884;0;0;0;0;0;0;0;0;0;-0.7063;0;0.7063;1;1;0;0;0;0
22/08/21 06:00;2.5534;-73.885;83.797;2.6577;3.7993;-90;-3.7993;4.0046;3.9977;0.0069;2.4502;4.4799;0;0.0168;3.9928;0.0011;0;0.0007;4.0114;4.0114;0;0.0168;0;0;0;1;1;1;1;0;0;0;0;0;0;0;0;0;0;0;0;0;0;0;0;0;0;0;0;0;0;0;0;0;0;0;0;0;0;0;0;0;0;0;0;1;1;1;1;1;1;1;1;1;1;1;0;1;0;0;1;0;0;0;0;0;0;0;0;0;0;0;0.0004;0.088;0;-0.0884;0;0;0;0;0;0;0;0;0;0;0;0;0;0;0;0;0;0;0;-2.4502;0;0;0;0;0.0004;0;0;0;0;0;0;0;-0.0004;-0.0884;0;0;0;0;0;0;0;0;0;-0.7063;0;0.7063;1;1;0;0;0;0
22/08/21 07:00;10.845;-67.344;62.851;11.727;17.807;-90;-17.807;144.69;29.003;115.69;4.1002;4.75;0;280.58;15.302;32.316;0;0.5546;328.75;0;328.75;280.58;32.316;15.302;0.5546;0.8535;0.0482;0;0.0017;328;0.7559;0;0;0.2924;0.4635;311.31;16.036;13.88;1.5986;0.5373;0.0202;327.34;0.656;0.5612;0.0646;0.03;0.0002;311.32;266.14;30.653;14.443;0.0706;10.047;8.3992;2.6408;0.0365;0.0917;1.3197;0.0148;1.375;0;1;0;0;2.2721;0.9977;1;1;0.9809;0.1642;0.951;0.9504;1;0.9641;0.7774;0.998;0.998;1;0.998;0.998;0.9469;0.9438;0.1274;0.9872;0.9404;0.0057;0.0142;-0.0277;0.0066;0.0235;0.0003;0;0;0.088;0;0.7931;0;0;0;0;0;0;0;0;0;0;0;0;0.019;0.0023;0.8966;0.8966;0;16.65;16.65;12.549;0.0403;805.16;1113.5;1;0.0155;0.0155;0;0;0;0;0;0;0.8811;0.7931;0;17.3;20.033;15.303;17.721;98.276;98.276;7.8901;7.1652;6.3384;0.7249;0.8269;0.0919;0.1048;0.8033;9.4148;0.8009;0
22/08/21 08:00;21.694;-57.003;30.716;25.376;60;-90;-60;335.8;61.597;274.2;8.5402;4.7899;0;637.74;20.592;79.403;0;13.432;751.17;0;751.17;637.74;79.403;20.592;13.432;0.849;0.0453;0;0.0179;736.01;15.161;0;0;2.5915;12.57;732.8;1.7335;0.9259;0.1153;0.6352;0.0571;734.53;1.472;1.2755;0.1588;0.036;0.0017;733.82;635.54;79.129;17.33;0.8034;32.032;26.779;9.3687;3.446;0.4472;6.4335;1.0156;3.4347;0;1;0;0;2.2369;0.9798;1;1;0.8742;0.0642;0.9976;0.9985;1;0.9646;0.9337;0.998;0.998;1;0.998;0.998;0.9755;0.8416;0.0598;2.2558;2.2237;0.0134;-0.0012;0.1047;0.0147;0.0523;0.0012;0;0;0.088;0;1.8641;0;0;0;0;0;0;0;0;0;0;0;0;0.0421;0.011;1.9854;1.9854;0;38.508;38.508;29.968;0.0409;1911.9;1038.5;1;0.0333;0.0333;0;0;0;0;0;0;1.9521;1.8641;0;16.767;19.416;15.742;18.229;98.323;98.323;18.028;15.867;14.898;2.1607;0.9694;0.1199;0.0538;0.8264;17.932;0.8211;0
22/08/21 09:00;31.202;-44.464;37.622;40.849;49.151;-90;-49.151;501.39;87.2;414.19;13.46;5.61;0;633.25;29.037;79.64;0;13.876;755.81;0;755.81;633.25;79.64;29.037;13.876;0.8379;0.0568;0;0.0184;740.12;15.689;0;0;2.7372;12.952;733.82;4.8162;3.4721;0.4367;0.8672;0.0401;738.64;1.4802;1.2665;0.1593;0.0526;0.0018;737.11;628.52;79.045;25.38;0.8818;196.27;164.08;51.08;2.4094;1.9356;27.843;3.286;27.369;0;1;0;0;1.5074;0.9792;1;1;0.9057;0.0666;0.9935;0.9945;1;0.967;0.9565;0.998;0.998;1;0.998;0.998;0.9709;0.8741;0.0636;2.2697;2.2788;0.0137;-0.0015;0.1482;0.0148;0.0526;0.0052;0;0;0.088;0;1.8708;0;0;0;0;0;0;0;0;0;0;0;0;0.0423;0.0116;1.9918;1.9918;0;43.596;43.596;30.136;0.0411;1958.4;1017.1;1;0.033;0.033;0;0;0;0;0;0;1.9588;1.8708;0;16.718;19.359;15.702;18.183;98.343;98.343;18.139;15.919;14.952;2.2205;0.967;0.1224;0.0533;0.8243;22.482;0.8022;0
22/08/21 10:00;38.556;-28.918;43.195;58.755;31.245;-90;-31.245;508.7;193.8;314.9;17.7;6.2199;0;368.33;111.89;85.568;0;5.9026;571.69;0;571.69;368.33;85.568;111.89;5.9026;0.6443;0.206;0;0.0103;561.18;10.511;0;0;5.3055;5.2057;552.52;7.5354;3.2176;0.7475;3.4531;0.1172;560.05;1.1224;0.7367;0.1711;0.2132;0.0014;554.26;364.37;84.649;102.92;0.5784;276.22;230.92;73.494;1.9516;2.5263;36.34;1.7367;36.914;0;1;0;0;1.1238;0.9816;1;1;0.9526;0.1181;0.9865;0.9912;1;0.9675;0.8315;0.998;0.998;1;0.998;0.998;0.9665;0.9198;0.098;1.7168;1.746;0.0105;0.0031;0.0943;0.0115;0.0407;0.0068;0;0;0.088;0;1.4268;0;0;0;0;0;0;0;0;0;0;0;0;0.0327;0.007;1.5393;1.5393;0;40.349;40.349;22.649;0.041;1500;1026.2;1;0.0245;0.0245;0;0;0;0;0;0;1.5148;1.4268;0;17.081;19.779;15.833;18.334;98.409;98.409;13.721;12.302;11.403;1.4183;0.899;0.1034;0.0655;0.8311;74.394;0.7934;0
22/08/21 11:00;42.699;-10.298;46.31;79.036;10.964;-90;-10.964;713.09;117.4;595.69;18.95;6.5;0;606.77;39.98;78.485;0;1.0414;726.27;0;726.27;606.77;78.485;39.98;1.0414;0.8355;0.0565;0;0.0014;725.07;1.2057;0;0;0.3377;0.868;714.75;8.8642;6.4037;0.8283;1.5933;0.0389;723.62;1.4501;1.2135;0.157;0.0793;0.0003;714.97;599.15;77.499;37.97;0.1341;415.61;347.45;108.49;0.0167;3.7471;53.9;0.2158;57.63;0;1;0;0;1.0185;0.9983;1;1;0.9916;0.1665;0.9878;0.9894;1;0.9597;0.7752;0.998;0.998;1;0.998;0.998;0.9841;0.9497;0.1288;2.181;2.267;0.0136;-0.0014;0.1865;0.0145;0.0513;0.0098;0;0;0.088;0;1.8203;0;0;0;0;0;0;0;0;0;0;0;0;0.0413;0.0114;1.9399;1.9399;0;48.423;48.423;29.473;0.0412;1948.5;995.61;1;0.0316;0.0316;0;0;0;0;0;0;1.9083;1.8203;0;16.944;19.621;15.9;18.412;98.372;98.372;17.431;15.504;14.548;1.9267;0.9556;0.1105;0.0548;0.8346;24.025;0.7907;0
22/08/21 12:00;42.758;9.7494;46.354;79.622;10.378;90;10.378;732.8;120.9;611.9;20.52;6.56;0;622.08;39.16;82.771;0;0.9591;744.97;0;744.97;622.08;82.771;39.16;0.9591;0.835;0.0539;0;0.0013;743.87;1.1033;0;0;0.3026;0.8007;733.31;9.0685;6.5814;0.8757;1.5758;0.0356;742.38;1.4877;1.2442;0.1655;0.0777;0.0003;733.5;614.25;81.729;37.203;0.1224;427.62;357.49;113.7;0.0133;3.7204;53.517;0.1875;57.224;0;1;0;0;1.0166;0.9985;1;1;0.9923;0.1651;0.9878;0.9894;1;0.9594;0.7747;0.998;0.998;1;0.998;0.998;0.9843;0.95;0.1276;2.2371;2.322;0.014;-0.0017;0.2108;0.0147;0.0521;0.0097;0;0;0.088;0;1.8486;0;0;0;0;0;0;0;0;0;0;0;0;0.042;0.012;1.9686;1.9686;0;50.817;50.817;30.297;0.0413;1997.1;985.7;1;0.0319;0.0319;0;0;0;0;0;0;1.9366;1.8486;0;16.763;19.411;15.742;18.229;98.378;98.378;17.879;15.733;14.774;2.1464;0.9584;0.1201;0.0536;0.8263;23.496;0.7842;0
22/08/21 13:00;38.72;28.441;43.318;59.288;30.712;90;30.712;540.89;203.2;337.7;21.2;6.33;0;392.79;112.73;95.336;0;6.0689;606.92;0;606.92;392.79;95.336;112.73;6.0689;0.6472;0.1957;0;0.01;596.36;10.563;0;0;5.2101;5.3526;587.25;7.9112;3.4596;0.8397;3.4878;0.1241;595.17;1.1927;0.7856;0.1907;0.215;0.0014;589.03;388.54;94.305;103.82;0.5908;294.06;245.83;78.162;1.8528;2.6798;38.547;1.7729;39.374;0;1;0;0;1.1221;0.9826;1;1;0.9538;0.118;0.9867;0.9912;1;0.9675;0.8264;0.998;0.998;1;0.998;0.998;0.9676;0.9209;0.0973;1.8226;1.8554;0.0112;0.0019;0.1332;0.012;0.0424;0.0071;0;0;0.088;0;1.4922;0;0;0;0;0;0;0;0;0;0;0;0;0.0342;0.0079;1.6056;1.6056;0;45.368;45.368;24.168;0.0412;1594;1007.3;1;0.0254;0.0254;0;0;0;0;0;0;1.5802;1.4922;0;16.782;19.433;15.597;18.061;98.417;98.417;14.566;12.832;11.926;1.734;0.9064;0.119;0.0622;0.8187;74.671;0.7816;0
22/08/21 14:00;31.44;44.077;37.802;41.311;48.689;90;48.689;504.89;132.8;372.09;21.4;5.28;0;563.65;51.479;107.22;0;13.727;736.08;0;736.08;563.65;107.22;51.479;13.727;0.7657;0.0886;0;0.0186;718.45;17.632;0;0;4.7955;12.836;711.68;5.3264;3.1498;0.5992;1.5366;0.0407;717.01;1.4369;1.1273;0.2144;0.0934;0.0018;715.07;559.37;106.41;45.053;0.8483;207.29;173.29;54.599;4.1314;2.1051;30.282;3.3877;28.255;0;1;0;0;1.4579;0.976;1;1;0.9068;0.0649;0.9926;0.9944;1;0.967;0.9542;0.998;0.998;1;0.998;0.998;0.9669;0.8752;0.0618;2.2104;2.2176;0.0133;-0.0012;0.2014;0.014;0.0497;0.0055;0;0;0.088;0;1.7653;0;0;0;0;0;0;0;0;0;0;0;0;0.0401;0.011;1.8836;1.8836;0;50.805;50.805;29.405;0.0413;1908.8;986.8;1;0.0303;0.0303;0;0;0;0;0;0;1.8533;1.7653;0;16.233;18.798;15.214;17.617;98.39;98.39;17.666;15.054;14.108;2.6119;0.9457;0.1478;0.0535;0.7986;39.673;0.7748;0
22/08/21 15:00;21.978;56.689;30.877;25.777;60;90;60;370.4;104.8;265.59;21.33;3.9099;0;609.08;36.924;127.44;0;14.816;788.26;0;788.26;609.08;127.44;36.924;14.816;0.7727;0.0656;0;0.0188;769.7;18.554;0;0;4.6566;13.897;765.82;2.34;0.9417;0.197;1.1388;0.0624;768.16;1.5394;1.2182;0.2549;0.0645;0.0018;767.24;606.92;126.98;31.064;0.8543;51.116;42.733;15.48;6.1767;0.7233;10.405;1.4142;4.9516;0;1;0;0;2.1281;0.9765;1;1;0.8739;0.062;0.997;0.9985;1;0.9646;0.9319;0.998;0.998;1;0.998;0.998;0.9715;0.8413;0.0577;2.3671;2.3328;0.014;-0.0017;0.2302;0.0146;0.0519;0.0019;0;0;0.088;0;1.8482;0;0;0;0;0;0;0;0;0;0;0;0;0.0418;0.0121;1.9679;1.9679;0;53.027;53.027;31.696;0.0414;2011.1;978.54;1;0.0318;0.0318;0;0;0;0;0;0;1.9362;1.8482;0;15.837;18.339;14.874;17.223;98.386;98.386;18.918;15.728;14.771;3.1903;0.9572;0.1686;0.0506;0.7808;32.145;0.7731;0
22/08/21 16:00;11.158;67.079;62.009;12.088;18.435;90;18.435;136;106.8;29.203;19.87;4.33;0;70.826;92.324;29.204;0;0.5583;192.91;0;192.91;70.826;29.204;92.324;0.5583;0.3671;0.4815;0;0.0029;190.57;2.3418;0;0;1.8737;0.4681;182.43;7.764;3.216;1.3261;3.2019;0.0201;190.19;0.3811;0.1417;0.0584;0.1809;0.0002;182.52;67.468;27.82;87.068;0.0699;57.157;47.783;14.472;0.2476;0.5604;8.0617;0.0986;8.3745;0;1;0;0;1.4185;0.9879;1;1;0.9797;0.1615;0.9592;0.9545;1;0.9645;0.777;0.998;0.998;1;0.998;0.998;0.9456;0.9431;0.1253;0.5793;0.5667;0.0034;0.0178;0.0047;0.0038;0.0134;0.0015;0;0;0.088;0;0.4128;0;0;0;0;0;0;0;0;0;0;0;0;0.0108;0.001;0.5102;0.5102;0;27.321;27.321;7.4509;0.0408;484.72;1052.6;1;0.0094;0.0094;0;0;0;0;0;0;0.5008;0.4128;0;16.778;19.428;13.575;15.72;98.16;98.16;4.6299;4.0776;3.2993;0.5523;0.7783;0.1193;0.1681;0.7126;56.955;0.691;0
22/08/21 17:00;2.6836;73.788;83.48;2.7946;3.9963;90;3.9963;0;0;0;16.93;5.9701;0;0;0;0;0;0;0;0;0;0;0;0;0;1;1;1;1;0;0;0;0;0;0;0;0;0;0;0;0;0;0;0;0;0;0;0;0;0;0;0;0;0;0;0;0;0;0;0;0;0;0;0;1;1;1;1;1;1;1;1;1;1;1;1;1;1;1;1;1;1;1;0;0;0;0;0;0;0;0;0;0.0004;0.088;0;-0.0884;0;0;0;0;0;0;0;0;0;0;0;0;0;0;0;0;0;0;0;-16.93;0;0;0;0;0.0004;0;0;0;0;0;0;0;-0.0004;-0.0884;0;0;0;0;0;0;0;0;0;-0.7063;0;0.7063;1;1;0;0;0;0
22/08/21 18:00;0;0;90;0;0;90;0;0;0;0;15.7;6.96;0;0;0;0;0;0;0;0;0;0;0;0;0;1;1;1;1;0;0;0;0;0;0;0;0;0;0;0;0;0;0;0;0;0;0;0;0;0;0;0;0;0;0;0;0;0;0;0;0;0;0;0;1;1;1;1;1;1;1;1;1;1;1;1;1;1;1;1;1;1;1;0;0;0;0;0;0;0;0;0;0.0004;0.088;0;-0.0884;0;0;0;0;0;0;0;0;0;0;0;0;0;0;0;0;0;0;0;-15.7;0;0;0;0;0.0004;0;0;0;0;0;0;0;-0.0004;-0.0884;0;0;0;0;0;0;0;0;0;-0.7063;0;0.7063;1;1;0;0;0;0
22/08/21 19:00;0;0;90;0;0;90;0;0;0;0;13.34;6.5399;0;0;0;0;0;0;0;0;0;0;0;0;0;1;1;1;1;0;0;0;0;0;0;0;0;0;0;0;0;0;0;0;0;0;0;0;0;0;0;0;0;0;0;0;0;0;0;0;0;0;0;0;1;1;1;1;1;1;1;1;1;1;1;1;1;1;1;1;1;1;1;0;0;0;0;0;0;0;0;0;0.0004;0.088;0;-0.0884;0;0;0;0;0;0;0;0;0;0;0;0;0;0;0;0;0;0;0;-13.34;0;0;0;0;0.0004;0;0;0;0;0;0;0;-0.0004;-0.0884;0;0;0;0;0;0;0;0;0;-0.7063;0;0.7063;1;1;0;0;0;0
22/08/21 20:00;0;0;90;0;0;90;0;0;0;0;13.1;5.0001;0;0;0;0;0;0;0;0;0;0;0;0;0;1;1;1;1;0;0;0;0;0;0;0;0;0;0;0;0;0;0;0;0;0;0;0;0;0;0;0;0;0;0;0;0;0;0;0;0;0;0;0;1;1;1;1;1;1;1;1;1;1;1;1;1;1;1;1;1;1;1;0;0;0;0;0;0;0;0;0;0.0004;0.088;0;-0.0884;0;0;0;0;0;0;0;0;0;0;0;0;0;0;0;0;0;0;0;-13.1;0;0;0;0;0.0004;0;0;0;0;0;0;0;-0.0004;-0.0884;0;0;0;0;0;0;0;0;0;-0.7063;0;0.7063;1;1;0;0;0;0
22/08/21 21:00;0;0;90;0;0;90;0;0;0;0;12.3;4.42;0;0;0;0;0;0;0;0;0;0;0;0;0;1;1;1;1;0;0;0;0;0;0;0;0;0;0;0;0;0;0;0;0;0;0;0;0;0;0;0;0;0;0;0;0;0;0;0;0;0;0;0;1;1;1;1;1;1;1;1;1;1;1;1;1;1;1;1;1;1;1;0;0;0;0;0;0;0;0;0;0.0004;0.088;0;-0.0884;0;0;0;0;0;0;0;0;0;0;0;0;0;0;0;0;0;0;0;-12.3;0;0;0;0;0.0004;0;0;0;0;0;0;0;-0.0004;-0.0884;0;0;0;0;0;0;0;0;0;-0.7063;0;0.7063;1;1;0;0;0;0
22/08/21 22:00;0;0;90;0;0;90;0;0;0;0;11.4;4.9301;0;0;0;0;0;0;0;0;0;0;0;0;0;1;1;1;1;0;0;0;0;0;0;0;0;0;0;0;0;0;0;0;0;0;0;0;0;0;0;0;0;0;0;0;0;0;0;0;0;0;0;0;1;1;1;1;1;1;1;1;1;1;1;1;1;1;1;1;1;1;1;0;0;0;0;0;0;0;0;0;0.0004;0.088;0;-0.0884;0;0;0;0;0;0;0;0;0;0;0;0;0;0;0;0;0;0;0;-11.4;0;0;0;0;0.0004;0;0;0;0;0;0;0;-0.0004;-0.0884;0;0;0;0;0;0;0;0;0;-0.7063;0;0.7063;1;1;0;0;0;0
22/08/21 23:00;0;0;90;0;0;90;0;0;0;0;11.53;5.5601;0;0;0;0;0;0;0;0;0;0;0;0;0;1;1;1;1;0;0;0;0;0;0;0;0;0;0;0;0;0;0;0;0;0;0;0;0;0;0;0;0;0;0;0;0;0;0;0;0;0;0;0;1;1;1;1;1;1;1;1;1;1;1;1;1;1;1;1;1;1;1;0;0;0;0;0;0;0;0;0;0.0004;0.088;0;-0.0884;0;0;0;0;0;0;0;0;0;0;0;0;0;0;0;0;0;0;0;-11.53;0;0;0;0;0.0004;0;0;0;0;0;0;0;-0.0004;-0.0884;0;0;0;0;0;0;0;0;0;-0.7063;0;0.7063;1;1;0;0;0;0
23/08/21 00:00;0;0;90;0;0;90;0;0;0;0;10.93;5.79;0;0;0;0;0;0;0;0;0;0;0;0;0;1;1;1;1;0;0;0;0;0;0;0;0;0;0;0;0;0;0;0;0;0;0;0;0;0;0;0;0;0;0;0;0;0;0;0;0;0;0;0;1;1;1;1;1;1;1;1;1;1;1;1;1;1;1;1;1;1;1;0;0;0;0;0;0;0;0;0;0.0004;0.088;0;-0.0884;0;0;0;0;0;0;0;0;0;0;0;0;0;0;0;0;0;0;0;-10.93;0;0;0;0;0.0004;0;0;0;0;0;0;0;-0.0004;-0.0884;0;0;0;0;0;0;0;0;0;-0.7063;0;0.7063;1;1;0;0;0;0
23/08/21 01:00;0;0;90;0;0;90;0;0;0;0;11.38;5.8199;0;0;0;0;0;0;0;0;0;0;0;0;0;1;1;1;1;0;0;0;0;0;0;0;0;0;0;0;0;0;0;0;0;0;0;0;0;0;0;0;0;0;0;0;0;0;0;0;0;0;0;0;1;1;1;1;1;1;1;1;1;1;1;1;1;1;1;1;1;1;1;0;0;0;0;0;0;0;0;0;0.0004;0.088;0;-0.0884;0;0;0;0;0;0;0;0;0;0;0;0;0;0;0;0;0;0;0;-11.38;0;0;0;0;0.0004;0;0;0;0;0;0;0;-0.0004;-0.0884;0;0;0;0;0;0;0;0;0;-0.7063;0;0.7063;1;1;0;0;0;0
23/08/21 02:00;0;0;90;0;0;90;0;0;0;0;11.63;4.65;0;0;0;0;0;0;0;0;0;0;0;0;0;1;1;1;1;0;0;0;0;0;0;0;0;0;0;0;0;0;0;0;0;0;0;0;0;0;0;0;0;0;0;0;0;0;0;0;0;0;0;0;1;1;1;1;1;1;1;1;1;1;1;1;1;1;1;1;1;1;1;0;0;0;0;0;0;0;0;0;0.0004;0.088;0;-0.0884;0;0;0;0;0;0;0;0;0;0;0;0;0;0;0;0;0;0;0;-11.63;0;0;0;0;0.0004;0;0;0;0;0;0;0;-0.0004;-0.0884;0;0;0;0;0;0;0;0;0;-0.7063;0;0.7063;1;1;0;0;0;0
23/08/21 03:00;0;0;90;0;0;90;0;0;0;0;11.3;3.4201;0;0;0;0;0;0;0;0;0;0;0;0;0;1;1;1;1;0;0;0;0;0;0;0;0;0;0;0;0;0;0;0;0;0;0;0;0;0;0;0;0;0;0;0;0;0;0;0;0;0;0;0;1;1;1;1;1;1;1;1;1;1;1;1;1;1;1;1;1;1;1;0;0;0;0;0;0;0;0;0;0.0004;0.088;0;-0.0884;0;0;0;0;0;0;0;0;0;0;0;0;0;0;0;0;0;0;0;-11.3;0;0;0;0;0.0004;0;0;0;0;0;0;0;-0.0004;-0.0884;0;0;0;0;0;0;0;0;0;-0.7063;0;0.7063;1;1;0;0;0;0
23/08/21 04:00;0;0;90;0;0;90;0;0;0;0;11.28;2.7099;0;0;0;0;0;0;0;0;0;0;0;0;0;1;1;1;1;0;0;0;0;0;0;0;0;0;0;0;0;0;0;0;0;0;0;0;0;0;0;0;0;0;0;0;0;0;0;0;0;0;0;0;1;1;1;1;1;1;1;1;1;1;1;1;1;1;1;1;1;1;1;0;0;0;0;0;0;0;0;0;0.0004;0.088;0;-0.0884;0;0;0;0;0;0;0;0;0;0;0;0;0;0;0;0;0;0;0;-11.28;0;0;0;0;0.0004;0;0;0;0;0;0;0;-0.0004;-0.0884;0;0;0;0;0;0;0;0;0;-0.7063;0;0.7063;1;1;0;0;0;0
23/08/21 05:00;0;0;90;0;0;90;0;0;0;0;9.6802;2.3899;0;0;0;0;0;0;0;0;0;0;0;0;0;1;1;1;1;0;0;0;0;0;0;0;0;0;0;0;0;0;0;0;0;0;0;0;0;0;0;0;0;0;0;0;0;0;0;0;0;0;0;0;1;1;1;1;1;1;1;1;1;1;1;1;1;1;1;1;1;1;1;0;0;0;0;0;0;0;0;0;0.0004;0.088;0;-0.0884;0;0;0;0;0;0;0;0;0;0;0;0;0;0;0;0;0;0;0;-9.6802;0;0;0;0;0.0004;0;0;0;0;0;0;0;-0.0004;-0.0884;0;0;0;0;0;0;0;0;0;-0.7063;0;0.7063;1;1;0;0;0;0
23/08/21 06:00;2.8045;-74.121;83.185;2.9155;4.1705;-90;-4.1705;0.293;0.293;0;10.83;3.0399;0;0;0.2926;0;0;0.0001;0.2927;0.2927;0;0;0;0;0;1;1;1;1;0;0;0;0;0;0;0;0;0;0;0;0;0;0;0;0;0;0;0;0;0;0;0;0;0;0;0;0;0;0;0;0;0;0;0;0;1;1;1;1;1;1;1;1;1;1;1;1;1;0;0;1;0;0;0;0;0;0;0;0;0;0;0;0.0004;0.088;0;-0.0884;0;0;0;0;0;0;0;0;0;0;0;0;0;0;0;0;0;0;0;-10.83;0;0;0;0;0.0004;0;0;0;0;0;0;0;-0.0004;-0.0884;0;0;0;0;0;0;0;0;0;-0.7063;0;0.7063;1;1;0;0;0;0
23/08/21 07:00;11.107;-67.57;62.146;11.991;18.266;-90;-18.266;65.402;60.998;4.4036;12.26;4.0799;0;10.68;58.446;2.5255;0;0.2636;71.916;0;71.916;10.68;2.5255;58.446;0.2636;0.1485;0.8164;0;0.0037;70.53;1.3859;0;0;1.1655;0.2205;67.737;2.6515;0.4917;0.1163;2.034;0.0096;70.389;0.1411;0.0214;0.0051;0.1146;0.0001;67.797;10.167;2.4042;55.132;0.0335;36.056;30.143;9.1593;0.1517;0.3513;5.053;0.0604;5.2526;0;1;0;0;1.0996;0.9807;1;1;0.9801;0.1638;0.9623;0.9539;1;0.9644;0.7778;0.998;0.998;1;0.998;0.998;0.9419;0.9433;0.1271;0.216;0.2149;0.0013;0.0155;-0.0079;0.0014;0.0051;0.001;0;0;0.088;0;0.0996;0;0;0;0;0;0;0;0;0;0;0;0;0.0041;0.0002;0.1941;0.1941;0;15.025;15.025;2.7648;0.0408;182.18;1065.2;1;0.0065;0.0065;0;0;0;0;0;0;0.1876;0.0996;0;17.117;19.821;8.7839;10.172;96.664;96.664;1.726;1.5509;0.7958;0.1751;0.755;0.1015;0.4374;0.4611;36.029;0.4381;0
23/08/21 08:00;21.978;-57.212;30.428;25.644;60;-90;-60;197.3;154.9;42.402;14.16;4.1499;0;97.695;106.34;30.198;0;7.892;242.13;0;242.13;97.695;30.198;106.34;7.892;0.4035;0.4718;0;0.0326;221.36;20.768;0;0;13.383;7.3854;217.44;3.4779;0.1254;0.0388;3.2802;0.0335;220.92;0.4427;0.1954;0.0604;0.1859;0.001;220.03;97.374;30.099;89.494;0.472;95.638;79.953;28.8;17.78;1.7685;25.439;2.5963;9.4273;0;1;0;0;1.2272;0.9142;1;1;0.8742;0.0642;0.9843;0.9987;1;0.9646;0.9337;0.998;0.998;1;0.998;0.998;0.898;0.8416;0.0598;0.7271;0.7164;0.0043;0.0168;-0.0051;0.0049;0.0174;0.005;0;0;0.088;0;0.5582;0;0;0;0;0;0;0;0;0;0;0;0;0.014;0.0014;0.6577;0.6577;0;22.996;22.996;8.8354;0.0406;611.38;1075.8;1;0.0115;0.0115;0;0;0;0;0;0;0.6462;0.5582;0;17.231;19.954;14.624;16.934;98.248;98.248;5.8111;5.2563;4.461;0.5547;0.7954;0.0955;0.1369;0.7677;92.603;0.7117;0
23/08/21 09:00;31.513;-44.639;37.345;41.107;48.893;-90;-48.893;189.9;181.8;8.0983;14.63;4.5399;0;12.317;148.92;3.1995;0;5.2036;169.64;0;169.64;12.317;3.1995;148.92;5.2036;0.0726;0.9085;0;0.0307;150.85;18.787;0;0;13.931;4.8557;146.01;4.5444;0.0655;0.017;4.4465;0.0153;150.55;0.3017;0.0246;0.0064;0.27;0.0007;148.06;12.227;3.1761;130.27;0.3318;118.84;99.352;33.892;12.117;1.6723;24.055;2.0553;13.61;0;1;0;0;0.8933;0.8893;1;1;0.9065;0.0669;0.9698;0.9947;1;0.967;0.9558;0.998;0.998;1;0.998;0.998;0.8607;0.8748;0.0638;0.5094;0.4967;0.003;0.0181;-0.0079;0.0034;0.012;0.0047;0;0;0.088;0;0.3561;0;0;0;0;0;0;0;0;0;0;0;0;0.0097;0.0008;0.453;0.453;0;20.571;20.571;5.941;0.0407;422.81;1071.5;1;0.009;0.009;0;0;0;0;0;0;0.4441;0.3561;0;16.941;19.618;13.315;15.419;98.02;98.02;4.0713;3.6207;2.8457;0.4507;0.775;0.1107;0.1903;0.699;115.01;0.6319;0
23/08/21 10:00;38.891;-29.023;42.891;58.975;31.025;-90;-31.025;414.8;267.2;147.6;15.54;4.4601;0;172.24;204.53;54.744;0;4.7472;436.26;0;436.26;172.24;54.744;204.53;4.7472;0.3948;0.4797;0;0.0109;422.49;13.772;0;0;9.5901;4.1822;413.28;8.3573;1.474;0.4685;6.319;0.0958;421.64;0.845;0.3445;0.1095;0.3899;0.0011;414.74;170.42;54.166;188.23;0.468;237.15;198.26;63.007;3.4799;2.2922;32.973;1.4523;31.785;0;1;0;0;1.0517;0.9684;1;1;0.9531;0.119;0.9802;0.9914;1;0.9675;0.8301;0.998;0.998;1;0.998;0.998;0.9473;0.9203;0.0986;1.3101;1.3187;0.0079;0.0089;0.0345;0.0089;0.0315;0.0063;0;0;0.088;0;1.0841;0;0;0;0;0;0;0;0;0;0;0;0;0.0253;0.0042;1.1912;1.1912;0;32.393;32.393;16.852;0.0408;1130.9;1053.3;1;0.0191;0.0191;0;0;0;0;0;0;1.1721;1.0841;0;17.321;20.057;15.763;18.254;98.395;98.395;10.47;9.5199;8.6638;0.9503;0.8561;0.0908;0.0818;0.8275;135.78;0.7832;0
23/08/21 11:00;43.043;-10.285;45.98;79.177;10.823;-90;-10.823;336.41;295.8;40.607;15.18;5.1099;0;41.342;280.14;13.381;0;0.4787;335.34;0;335.34;41.342;13.381;280.14;0.4787;0.1233;0.8368;0;0.0014;332.63;2.7143;0;0;2.3152;0.3991;320.19;11.776;0.4284;0.1386;11.191;0.0179;331.96;0.6653;0.0827;0.0268;0.5557;0.0002;320.28;40.831;13.215;266.08;0.0616;199.57;166.84;50.531;0.11;1.9078;27.443;0.0903;29.241;0;1;0;0;0.9968;0.9919;1;1;0.9917;0.1664;0.9645;0.9896;1;0.9596;0.7752;0.998;0.998;1;0.998;0.998;0.9548;0.9498;0.1288;1.007;1.0225;0.0062;0.0131;0.0117;0.0069;0.0246;0.0053;0;0;0.088;0;0.8288;0;0;0;0;0;0;0;0;0;0;0;0;0.0198;0.0026;0.9322;0.9322;0;28.211;28.211;13.031;0.0407;874.65;1065.8;1;0.0154;0.0154;0;0;0;0;0;0;0.9168;0.8288;0;17.635;20.421;15.679;18.156;98.35;98.35;8.0482;7.4503;6.6241;0.5979;0.8262;0.0743;0.1027;0.823;168.28;0.7755;0
23/08/21 12:00;43.085;9.8973;46.011;79.587;10.413;90;10.413;251.29;242.4;8.8963;14.34;6.6999;0;9.0453;238.06;2.3972;0;0.3311;249.84;0;249.84;9.0453;2.3972;238.06;0.3311;0.0362;0.9542;0;0.0013;247.71;2.1263;0;0;1.8498;0.2764;237.51;9.7051;0.0939;0.0249;9.5741;0.0123;247.21;0.4954;0.0181;0.0048;0.4724;0.0001;237.57;8.9333;2.3675;226.17;0.0423;149.41;124.91;37.537;0.0807;1.4471;20.816;0.0603;22.183;0;1;0;0;0.9942;0.9915;1;1;0.9922;0.1651;0.9607;0.9896;1;0.9594;0.7747;0.998;0.998;1;0.998;0.998;0.9507;0.95;0.1276;0.7503;0.7594;0.0046;0.0164;-0.0027;0.0052;0.0184;0.0041;0;0;0.088;0;0.5971;0;0;0;0;0;0;0;0;0;0;0;0;0.0148;0.0016;0.6972;0.6972;0;23.993;23.993;9.6524;0.0406;648.77;1074.6;1;0.0121;0.0121;0;0;0;0;0;0;0.6851;0.5971;0;17.702;20.499;15.161;17.556;98.269;98.269;5.9961;5.5718;4.772;0.4243;0.7998;0.0708;0.1334;0.7959;142.85;0.7491;0
23/08/21 13:00;39.006;28.686;42.977;59.348;30.652;90;30.652;145.4;143.2;2.1927;12.4;7.6401;0;2.5488;132.85;0.4331;0;1.6252;137.46;0;137.46;2.5488;0.4331;132.85;1.6252;0.0185;0.9783;0;0.0118;129.91;7.554;0;0;6.1211;1.4329;125.48;4.1707;0.0219;0.0037;4.1117;0.0334;129.65;0.2598;0.0051;0.0009;0.2535;0.0004;125.99;2.5217;0.4285;122.37;0.1585;89.304;74.658;23.836;2.1674;0.9117;13.115;0.5169;11.859;0;1;0;0;0.9454;0.945;1;1;0.9539;0.1183;0.9678;0.9914;1;0.9675;0.826;0.998;0.998;1;0.998;0.998;0.9128;0.9211;0.0975;0.4128;0.4071;0.0025;0.018;-0.011;0.0028;0.0099;0.0026;0;0;0.088;0;0.2778;0;0;0;0;0;0;0;0;0;0;0;0;0.008;0.0006;0.374;0.374;0;17.499;17.499;5.0995;0.0406;346.72;1078.8;1;0.0082;0.0082;0;0;0;0;0;0;0.3658;0.2778;0;17.261;19.988;12.821;14.847;97.806;97.806;3.299;2.9892;2.2204;0.3098;0.7689;0.0939;0.2331;0.673;87.962;0.6282;0
23/08/21 14:00;31.68;44.366;37.471;41.431;48.569;90;48.569;15.901;15.898;0.0031;9.79;7.6499;0;0.0047;13.209;0.0001;0;0.4303;13.644;0;13.644;0.0047;0.0001;13.209;0.4303;0.0003;0.9996;0;0.0315;12.016;1.6284;0;0;1.2261;0.4023;11.596;0.3956;0;0;0.3942;0.0013;11.992;0.024;0;0;0.024;0.0001;11.77;0.0047;0.0001;11.565;0.0266;10.169;8.5014;2.9056;1.0503;0.1436;2.0657;0.1735;1.159;0;1;0;0;0.8581;0.8806;1;1;0.9072;0.065;0.967;0.9946;1;0.967;0.9539;0.998;0.998;1;0.998;0.998;0.8499;0.8755;0.0619;0.041;0.0398;0.0002;0.007;-0.0021;0.0002;0.0009;0.0004;0;0;0.088;0;-0.0583;0;0;0;0;0;0;0;0;0;0;0;0;0.0007;0;0.0325;0.0325;0;10.274;10.274;0.4841;0.0417;32.205;1008.7;1;0.0028;0.0028;0;0;0;0;0;0;0.0297;-0.0583;0;15.103;17.489;-27.093;-31.373;91.512;91.512;0.3275;0.2596;-0.4657;0.0678;0.7253;0.2072;2.215;0;10.168;0;0
23/08/21 15:00;22.178;56.991;30.542;25.925;60;90;60;33.209;33;0.2085;8.8998;6.73;0;0.4757;24.74;0.0311;0;1.3284;26.575;0;26.575;0.4757;0.0311;24.74;1.3284;0.0179;0.9809;0;0.05;22.209;4.366;0;0;3.12;1.246;21.395;0.7693;0.0006;0;0.763;0.0056;22.165;0.0444;0.001;0.0001;0.0432;0.0002;21.977;0.4741;0.031;20.814;0.0766;21.552;18.018;6.4947;4.1364;0.4067;5.8495;0.5818;2.1198;0;1;0;0;0.8002;0.8357;1;1;0.8739;0.062;0.9653;0.9986;1;0.9646;0.9319;0.998;0.998;1;0.998;0.998;0.8051;0.8413;0.0577;0.0798;0.0785;0.0005;0.01;-0.0044;0.0005;0.0018;0.0011;0;0;0.088;0;-0.0242;0;0;0;0;0;0;0;0;0;0;0;0;0.0014;0.0001;0.0676;0.0676;0;9.7827;9.7827;0.8828;0.0413;65.004;1039.3;1;0.0038;0.0038;0;0;0;0;0;0;0.0638;-0.0242;0;16.127;18.674;-5.7806;-6.6938;94.412;94.412;0.6378;0.5399;-0.1935;0.0979;0.7335;0.1535;1.15;0;21.538;0;0
23/08/21 16:00;11.328;67.384;61.55;12.244;18.71;90;18.71;9.904;9.7982;0.1058;8.5003;5.2401;0;0.2567;9.5355;0.0096;0;0.0419;9.8436;0;9.8436;0.2567;0.0096;9.5355;0.0419;0.0261;0.973;0;0.0043;9.6101;0.2335;0;0;0.1984;0.0351;9.2489;0.342;0.0111;0.0004;0.3289;0.0015;9.5909;0.0192;0.0005;0;0.0187;0;9.2594;0.245;0.0091;8.9895;0.0052;5.8901;4.9241;1.4972;0.0269;0.0575;0.8266;0.0105;0.8571;0;1;0;0;0.9939;0.9763;1;1;0.9792;0.1612;0.9643;0.9565;1;0.9647;0.7773;0.998;0.998;1;0.998;0.998;0.9396;0.9427;0.1251;0.0296;0.0296;0.0002;0.006;-0.0016;0.0002;0.0006;0.0001;0;0;0.088;0;-0.0668;0;0;0;0;0;0;0;0;0;0;0;0;0.0005;0;0.0237;0.0237;0;8.8879;8.8879;0.3876;0.0419;23.604;1003.3;1;0.0025;0.0025;0;0;0;0;0;0;0.0212;-0.0668;0;15.261;17.672;-43.08;-49.886;89.316;89.316;0.2362;0.1893;-0.5343;0.047;0.7235;0.1989;3.0626;0;5.8895;0;0
23/08/21 17:00;2.8376;74.096;83.104;2.9503;4.2206;90;4.2206;0;0;0;8.0901;4.3801;0;0;0;0;0;0;0;0;0;0;0;0;0;1;1;1;1;0;0;0;0;0;0;0;0;0;0;0;0;0;0;0;0;0;0;0;0;0;0;0;0;0;0;0;0;0;0;0;0;0;0;0;1;1;1;1;1;1;1;1;1;1;1;1;1;1;1;1;1;1;1;0;0;0;0;0;0;0;0;0;0.0004;0.088;0;-0.0884;0;0;0;0;0;0;0;0;0;0;0;0;0;0;0;0;0;0;0;-8.0901;0;0;0;0;0.0004;0;0;0;0;0;0;0;-0.0004;-0.0884;0;0;0;0;0;0;0;0;0;-0.7063;0;0.7063;1;1;0;0;0;0
23/08/21 18:00;0;0;90;0;0;90;0;0;0;0;8.0502;3.7301;0;0;0;0;0;0;0;0;0;0;0;0;0;1;1;1;1;0;0;0;0;0;0;0;0;0;0;0;0;0;0;0;0;0;0;0;0;0;0;0;0;0;0;0;0;0;0;0;0;0;0;0;1;1;1;1;1;1;1;1;1;1;1;1;1;1;1;1;1;1;1;0;0;0;0;0;0;0;0;0;0.0004;0.088;0;-0.0884;0;0;0;0;0;0;0;0;0;0;0;0;0;0;0;0;0;0;0;-8.0502;0;0;0;0;0.0004;0;0;0;0;0;0;0;-0.0004;-0.0884;0;0;0;0;0;0;0;0;0;-0.7063;0;0.7063;1;1;0;0;0;0
23/08/21 19:00;0;0;90;0;0;90;0;0;0;0;8.0403;3.14;0;0;0;0;0;0;0;0;0;0;0;0;0;1;1;1;1;0;0;0;0;0;0;0;0;0;0;0;0;0;0;0;0;0;0;0;0;0;0;0;0;0;0;0;0;0;0;0;0;0;0;0;1;1;1;1;1;1;1;1;1;1;1;1;1;1;1;1;1;1;1;0;0;0;0;0;0;0;0;0;0.0004;0.088;0;-0.0884;0;0;0;0;0;0;0;0;0;0;0;0;0;0;0;0;0;0;0;-8.0403;0;0;0;0;0.0004;0;0;0;0;0;0;0;-0.0004;-0.0884;0;0;0;0;0;0;0;0;0;-0.7063;0;0.7063;1;1;0;0;0;0
23/08/21 20:00;0;0;90;0;0;90;0;0;0;0;8.0901;2.65;0;0;0;0;0;0;0;0;0;0;0;0;0;1;1;1;1;0;0;0;0;0;0;0;0;0;0;0;0;0;0;0;0;0;0;0;0;0;0;0;0;0;0;0;0;0;0;0;0;0;0;0;1;1;1;1;1;1;1;1;1;1;1;1;1;1;1;1;1;1;1;0;0;0;0;0;0;0;0;0;0.0004;0.088;0;-0.0884;0;0;0;0;0;0;0;0;0;0;0;0;0;0;0;0;0;0;0;-8.0901;0;0;0;0;0.0004;0;0;0;0;0;0;0;-0.0004;-0.0884;0;0;0;0;0;0;0;0;0;-0.7063;0;0.7063;1;1;0;0;0;0
23/08/21 21:00;0;0;90;0;0;90;0;0;0;0;7.9997;2.52;0;0;0;0;0;0;0;0;0;0;0;0;0;1;1;1;1;0;0;0;0;0;0;0;0;0;0;0;0;0;0;0;0;0;0;0;0;0;0;0;0;0;0;0;0;0;0;0;0;0;0;0;1;1;1;1;1;1;1;1;1;1;1;1;1;1;1;1;1;1;1;0;0;0;0;0;0;0;0;0;0.0004;0.088;0;-0.0884;0;0;0;0;0;0;0;0;0;0;0;0;0;0;0;0;0;0;0;-7.9997;0;0;0;0;0.0004;0;0;0;0;0;0;0;-0.0004;-0.0884;0;0;0;0;0;0;0;0;0;-0.7063;0;0.7063;1;1;0;0;0;0
23/08/21 22:00;0;0;90;0;0;90;0;0;0;0;7.6401;2.7899;0;0;0;0;0;0;0;0;0;0;0;0;0;1;1;1;1;0;0;0;0;0;0;0;0;0;0;0;0;0;0;0;0;0;0;0;0;0;0;0;0;0;0;0;0;0;0;0;0;0;0;0;1;1;1;1;1;1;1;1;1;1;1;1;1;1;1;1;1;1;1;0;0;0;0;0;0;0;0;0;0.0004;0.088;0;-0.0884;0;0;0;0;0;0;0;0;0;0;0;0;0;0;0;0;0;0;0;-7.6401;0;0;0;0;0.0004;0;0;0;0;0;0;0;-0.0004;-0.0884;0;0;0;0;0;0;0;0;0;-0.7063;0;0.7063;1;1;0;0;0;0
23/08/21 23:00;0;0;90;0;0;90;0;0;0;0;7.6002;3.0101;0;0;0;0;0;0;0;0;0;0;0;0;0;1;1;1;1;0;0;0;0;0;0;0;0;0;0;0;0;0;0;0;0;0;0;0;0;0;0;0;0;0;0;0;0;0;0;0;0;0;0;0;1;1;1;1;1;1;1;1;1;1;1;1;1;1;1;1;1;1;1;0;0;0;0;0;0;0;0;0;0.0004;0.088;0;-0.0884;0;0;0;0;0;0;0;0;0;0;0;0;0;0;0;0;0;0;0;-7.6002;0;0;0;0;0.0004;0;0;0;0;0;0;0;-0.0004;-0.0884;0;0;0;0;0;0;0;0;0;-0.7063;0;0.7063;1;1;0;0;0;0
24/08/21 00:00;0;0;90;0;0;90;0;0;0;0;7.4998;3.2699;0;0;0;0;0;0;0;0;0;0;0;0;0;1;1;1;1;0;0;0;0;0;0;0;0;0;0;0;0;0;0;0;0;0;0;0;0;0;0;0;0;0;0;0;0;0;0;0;0;0;0;0;1;1;1;1;1;1;1;1;1;1;1;1;1;1;1;1;1;1;1;0;0;0;0;0;0;0;0;0;0.0004;0.088;0;-0.0884;0;0;0;0;0;0;0;0;0;0;0;0;0;0;0;0;0;0;0;-7.4998;0;0;0;0;0.0004;0;0;0;0;0;0;0;-0.0004;-0.0884;0;0;0;0;0;0;0;0;0;-0.7063;0;0.7063;1;1;0;0;0;0
24/08/21 01:00;0;0;90;0;0;90;0;0;0;0;7.4998;3.7499;0;0;0;0;0;0;0;0;0;0;0;0;0;1;1;1;1;0;0;0;0;0;0;0;0;0;0;0;0;0;0;0;0;0;0;0;0;0;0;0;0;0;0;0;0;0;0;0;0;0;0;0;1;1;1;1;1;1;1;1;1;1;1;1;1;1;1;1;1;1;1;0;0;0;0;0;0;0;0;0;0.0004;0.088;0;-0.0884;0;0;0;0;0;0;0;0;0;0;0;0;0;0;0;0;0;0;0;-7.4998;0;0;0;0;0.0004;0;0;0;0;0;0;0;-0.0004;-0.0884;0;0;0;0;0;0;0;0;0;-0.7063;0;0.7063;1;1;0;0;0;0
24/08/21 02:00;0;0;90;0;0;90;0;0;0;0;7.6002;4.01;0;0;0;0;0;0;0;0;0;0;0;0;0;1;1;1;1;0;0;0;0;0;0;0;0;0;0;0;0;0;0;0;0;0;0;0;0;0;0;0;0;0;0;0;0;0;0;0;0;0;0;0;1;1;1;1;1;1;1;1;1;1;1;1;1;1;1;1;1;1;1;0;0;0;0;0;0;0;0;0;0.0004;0.088;0;-0.0884;0;0;0;0;0;0;0;0;0;0;0;0;0;0;0;0;0;0;0;-7.6002;0;0;0;0;0.0004;0;0;0;0;0;0;0;-0.0004;-0.0884;0;0;0;0;0;0;0;0;0;-0.7063;0;0.7063;1;1;0;0;0;0
24/08/21 03:00;0;0;90;0;0;90;0;0;0;0;7.6002;4.12;0;0;0;0;0;0;0;0;0;0;0;0;0;1;1;1;1;0;0;0;0;0;0;0;0;0;0;0;0;0;0;0;0;0;0;0;0;0;0;0;0;0;0;0;0;0;0;0;0;0;0;0;1;1;1;1;1;1;1;1;1;1;1;1;1;1;1;1;1;1;1;0;0;0;0;0;0;0;0;0;0.0004;0.088;0;-0.0884;0;0;0;0;0;0;0;0;0;0;0;0;0;0;0;0;0;0;0;-7.6002;0;0;0;0;0.0004;0;0;0;0;0;0;0;-0.0004;-0.0884;0;0;0;0;0;0;0;0;0;-0.7063;0;0.7063;1;1;0;0;0;0
24/08/21 04:00;0;0;90;0;0;90;0;0;0;0;7.4998;4.41;0;0;0;0;0;0;0;0;0;0;0;0;0;1;1;1;1;0;0;0;0;0;0;0;0;0;0;0;0;0;0;0;0;0;0;0;0;0;0;0;0;0;0;0;0;0;0;0;0;0;0;0;1;1;1;1;1;1;1;1;1;1;1;1;1;1;1;1;1;1;1;0;0;0;0;0;0;0;0;0;0.0004;0.088;0;-0.0884;0;0;0;0;0;0;0;0;0;0;0;0;0;0;0;0;0;0;0;-7.4998;0;0;0;0;0.0004;0;0;0;0;0;0;0;-0.0004;-0.0884;0;0;0;0;0;0;0;0;0;-0.7063;0;0.7063;1;1;0;0;0;0
24/08/21 05:00;0;0;90;0;0;90;0;0;0;0;7.2997;4.8599;0;0;0;0;0;0;0;0;0;0;0;0;0;1;1;1;1;0;0;0;0;0;0;0;0;0;0;0;0;0;0;0;0;0;0;0;0;0;0;0;0;0;0;0;0;0;0;0;0;0;0;0;1;1;1;1;1;1;1;1;1;1;1;1;1;1;1;1;1;1;1;0;0;0;0;0;0;0;0;0;0.0004;0.088;0;-0.0884;0;0;0;0;0;0;0;0;0;0;0;0;0;0;0;0;0;0;0;-7.2997;0;0;0;0;0.0004;0;0;0;0;0;0;0;-0.0004;-0.0884;0;0;0;0;0;0;0;0;0;-0.7063;0;0.7063;1;1;0;0;0;0
24/08/21 06:00;2.862;-74.505;83.045;2.9698;4.2486;-90;-4.2486;0.1953;0.1953;0;7.2;5.4801;0;0;0.1951;0;0;0;0.1951;0.1951;0;0;0;0;0;1;1;1;1;0;0;0;0;0;0;0;0;0;0;0;0;0;0;0;0;0;0;0;0;0;0;0;0;0;0;0;0;0;0;0;0;0;0;0;0;1;1;1;1;1;1;1;1;1;1;1;1;1;0;0;1;0;0;0;0;0;0;0;0;0;0;0;0.0004;0.088;0;-0.0884;0;0;0;0;0;0;0;0;0;0;0;0;0;0;0;0;0;0;0;-7.2;0;0;0;0;0.0004;0;0;0;0;0;0;0;-0.0004;-0.0884;0;0;0;0;0;0;0;0;0;-0.7063;0;0.7063;1;1;0;0;0;0
24/08/21 07:00;11.373;-67.798;61.427;12.258;18.734;-90;-18.734;26.001;25.703;0.2972;7.22;5.8801;0;0.7208;24.994;0.0701;0;0.1102;25.895;0;25.895;0.7208;0.0701;24.994;0.1102;0.0278;0.9695;0;0.0043;25.283;0.6122;0;0;0.52;0.0922;24.333;0.8998;0.0309;0.003;0.8619;0.004;25.233;0.0506;0.0014;0.0001;0.0489;0;24.36;0.6885;0.067;23.563;0.014;15.441;12.909;3.9252;0.0709;0.1506;2.1669;0.0275;2.2467;0;1;0;0;0.996;0.9764;1;1;0.9792;0.1633;0.9643;0.9571;1;0.9647;0.7782;0.998;0.998;1;0.998;0.998;0.9397;0.9428;0.1268;0.0778;0.0779;0.0005;0.0099;-0.0048;0.0005;0.0018;0.0004;0;0;0.088;0;-0.0237;0;0;0;0;0;0;0;0;0;0;0;0;0.0014;0.0001;0.0681;0.0681;0;8.2207;8.2207;1.0007;0.0411;64.794;1051.1;1;0.0038;0.0038;0;0;0;0;0;0;0.0643;-0.0237;0;16.684;19.319;-5.8162;-6.735;94.352;94.352;0.6215;0.5443;-0.1897;0.0772;0.734;0.1242;1.1811;0;15.439;0;0
24/08/21 08:00;22.266;-57.423;30.139;25.914;60;-90;-60;123.2;119.1;4.1014;7.6999;6.18;0;9.361;88.606;2.1966;0;4.9282;105.09;0;105.09;9.361;2.1966;88.606;4.9282;0.0891;0.89;0;0.0469;89.329;15.763;0;0;11.151;4.6119;86.383;2.7669;0.0104;0.0025;2.7331;0.0209;89.15;0.1787;0.0187;0.0044;0.1549;0.0006;88.479;9.3319;2.1897;74.567;0.2948;77.479;64.773;23.333;14.814;1.4593;20.991;2.0961;7.6356;0;1;0;0;0.853;0.85;1;1;0.8742;0.0642;0.969;0.9989;1;0.9646;0.9337;0.998;0.998;1;0.998;0.998;0.822;0.8416;0.0598;0.3156;0.3107;0.0019;0.0172;-0.0156;0.0022;0.0076;0.0041;0;0;0.088;0;0.1914;0;0;0;0;0;0;0;0;0;0;0;0;0.0061;0.0004;0.2868;0.2868;0;11.205;11.205;3.505;0.0406;262.88;1090.9;1;0.0074;0.0074;0;0;0;0;0;0;0.2794;0.1914;0;17.311;20.045;11.552;13.377;97.418;97.418;2.5222;2.2919;1.5295;0.2303;0.7625;0.0913;0.3023;0.6064;77.157;0.5275;0
24/08/21 09:00;31.826;-44.815;37.066;41.367;48.633;-90;-48.633;108.4;106.8;1.6007;7.9;6.73;0;2.422;88.488;0.3662;0;2.9408;94.216;0;94.216;2.422;0.3662;88.488;2.9408;0.0257;0.9704;0;0.0312;83.259;10.957;0;0;8.2141;2.7433;80.428;2.6648;0.0125;0.0019;2.6415;0.0089;83.093;0.1665;0.0048;0.0007;0.1605;0.0004;81.595;2.4047;0.3635;77.471;0.1882;68.862;57.569;19.759;7.068;0.9642;13.869;1.1669;7.7653;0;1;0;0;0.8692;0.8837;1;1;0.9072;0.0671;0.9679;0.9948;1;0.967;0.9551;0.998;0.998;1;0.998;0.998;0.8536;0.8755;0.064;0.2829;0.275;0.0017;0.0167;-0.0138;0.0019;0.0067;0.0027;0;0;0.088;0;0.1583;0;0;0;0;0;0;0;0;0;0;0;0;0.0054;0.0003;0.2534;0.2534;0;11.166;11.166;3.2657;0.0406;232.83;1088.4;1;0.0071;0.0071;0;0;0;0;0;0;0.2463;0.1583;0;17.063;19.758;10.658;12.341;97.187;97.187;2.2612;2.0253;1.265;0.2359;0.7603;0.1043;0.3362;0.5595;68.163;0.5039;0
24/08/21 10:00;39.229;-29.127;42.584;59.197;30.803;-90;-30.803;286.9;260.1;26.807;8.9098;7.4199;0;31.21;234.1;9.5817;0;3.2379;278.13;0;278.13;31.21;9.5817;234.1;3.2379;0.1122;0.8533;0;0.0116;264.43;13.702;0;0;10.852;2.8495;256.25;7.649;0.2615;0.0803;7.2407;0.0664;263.9;0.5289;0.0624;0.0192;0.4465;0.0008;257.29;30.886;9.4823;215.56;0.3212;173.46;145.01;45.996;3.885;1.7695;25.453;1.0344;23.338;0;1;0;0;0.9694;0.9507;1;1;0.9536;0.12;0.971;0.9916;1;0.9675;0.8286;0.998;0.998;1;0.998;0.998;0.9213;0.9208;0.0992;0.8352;0.8286;0.005;0.0156;-0.0168;0.0058;0.0205;0.0051;0;0;0.088;0;0.6737;0;0;0;0;0;0;0;0;0;0;0;0;0.0165;0.0018;0.7752;0.7752;0;19.277;19.277;10.367;0.0405;707.37;1095.9;1;0.0134;0.0134;0;0;0;0;0;0;0.7617;0.6737;0;17.68;20.473;15.367;17.794;98.268;98.268;6.6752;6.1952;5.3846;0.48;0.8106;0.0719;0.1214;0.8067;155.16;0.7549;0
24/08/21 11:00;43.391;-10.27;45.647;79.32;10.68;-90;-10.68;285.91;268.4;17.509;9.8298;8.02;0;17.818;261.01;5.1966;0;0.3962;284.42;0;284.42;17.818;5.1966;261.01;0.3962;0.0626;0.9191;0;0.0014;281.98;2.4398;0;0;2.1096;0.3303;270.72;10.7;0.1811;0.0528;10.452;0.0148;281.42;0.564;0.0356;0.0104;0.5178;0.0001;270.79;17.601;5.1333;247.93;0.051;169.9;142.04;42.792;0.0974;1.6391;23.577;0.0736;25.119;0;1;0;0;0.9948;0.9914;1;1;0.9919;0.1664;0.962;0.9898;1;0.9595;0.7752;0.998;0.998;1;0.998;0.998;0.9518;0.9499;0.1288;0.8541;0.8653;0.0052;0.0152;-0.0129;0.006;0.0213;0.0047;0;0;0.088;0;0.7049;0;0;0;0;0;0;0;0;0;0;0;0;0.0171;0.002;0.8067;0.8067;0;20.792;20.792;10.962;0.0405;739.1;1091.5;1;0.0138;0.0138;0;0;0;0;0;0;0.7929;0.7049;0;17.993;20.836;15.722;18.206;98.286;98.286;6.8261;6.4475;5.6337;0.3787;0.8138;0.0555;0.1192;0.8253;156.73;0.7771;0
24/08/21 12:00;43.414;10.05;45.664;79.549;10.451;90;10.451;341.89;301.9;39.996;10.05;8.41;0;40.671;286.39;13.336;0;0.4537;340.85;0;340.85;40.671;13.336;286.39;0.4537;0.1193;0.8416;0;0.0013;338.23;2.6175;0;0;2.2387;0.3788;325.48;12.077;0.4139;0.1357;11.51;0.0168;337.55;0.6765;0.0813;0.0267;0.5683;0.0001;325.56;40.175;13.174;272.07;0.0579;202.82;169.55;51.316;0.0984;1.9402;27.909;0.0835;29.751;0;1;0;0;0.9969;0.9923;1;1;0.9922;0.1651;0.9642;0.9898;1;0.9594;0.7747;0.998;0.998;1;0.998;0.998;0.9549;0.95;0.1276;1.0236;1.0394;0.0063;0.0129;-0.0065;0.0072;0.0255;0.0055;0;0;0.088;0;0.8611;0;0;0;0;0;0;0;0;0;0;0;0;0.0205;0.0027;0.9653;0.9653;0;23.239;23.239;13.189;0.0405;887.83;1087.3;1;0.0162;0.0162;0;0;0;0;0;0;0.9491;0.8611;0;17.966;20.804;16.027;18.559;98.324;98.324;8.1804;7.7147;6.8821;0.4657;0.8326;0.0569;0.1018;0.8413;171.86;0.7927;0
24/08/21 13:00;39.294;28.937;42.632;59.406;30.594;90;30.594;292;268.4;23.604;10.84;8.5901;0;27.421;242.77;8.6751;0;3.2519;282.12;0;282.12;27.421;8.6751;242.77;3.2519;0.0972;0.8721;0;0.0115;268.1;14.019;0;0;11.152;2.8664;259.68;7.8863;0.2305;0.0729;7.5158;0.0671;267.56;0.5362;0.0548;0.0174;0.4632;0.0008;260.71;27.136;8.5848;223.64;0.3176;176.94;147.92;46.877;3.935;1.8057;25.975;1.0379;23.845;0;1;0;0;0.9661;0.9503;1;1;0.9541;0.1185;0.9705;0.9916;1;0.9675;0.8256;0.998;0.998;1;0.998;0.998;0.9205;0.9212;0.0977;0.8472;0.84;0.0051;0.0155;-0.0108;0.0058;0.0206;0.0051;0;0;0.088;0;0.6789;0;0;0;0;0;0;0;0;0;0;0;0;0.0166;0.0019;0.7803;0.7803;0;21.363;21.363;10.523;0.0405;717.24;1087.9;1;0.0134;0.0134;0;0;0;0;0;0;0.7669;0.6789;0;17.545;20.317;15.265;17.677;98.282;98.282;6.7708;6.2361;5.4257;0.5347;0.8104;0.079;0.1197;0.8013;160.67;0.7497;0
24/08/21 14:00;31.921;44.661;37.137;41.549;48.451;90;48.451;190.5;185;5.5043;11.75;8.4;0;8.2989;152.65;2.1675;0;5.132;168.25;0;168.25;8.2989;2.1675;152.65;5.132;0.0493;0.9378;0;0.0305;149.33;18.917;0;0;14.12;4.7976;144.41;4.6258;0.0432;0.0113;4.5558;0.0155;149.04;0.2987;0.0166;0.0043;0.2771;0.0007;146.45;8.2391;2.1519;133.7;0.3182;120.02;100.34;34.193;12.036;1.678;24.138;2.036;13.78;0;1;0;0;0.8832;0.8876;1;1;0.9075;0.0652;0.969;0.9948;1;0.967;0.9535;0.998;0.998;1;0.998;0.998;0.8583;0.8758;0.062;0.5053;0.492;0.003;0.0181;-0.0131;0.0034;0.012;0.0047;0;0;0.088;0;0.3563;0;0;0;0;0;0;0;0;0;0;0;0;0.0097;0.0008;0.4534;0.4534;0;17.612;17.612;5.8619;0.0406;418.6;1083.2;1;0.0091;0.0091;0;0;0;0;0;0;0.4443;0.3563;0;17.096;19.797;13.436;15.558;97.996;97.996;4.038;3.6239;2.8479;0.4142;0.7759;0.1026;0.1922;0.7053;117.37;0.6369;0
24/08/21 15:00;22.379;57.299;30.204;26.072;60;90;60;162;154.6;7.4027;11.87;7.86;0;16.804;114.27;5.0935;0;6.48;142.64;0;142.64;16.804;5.0935;114.27;6.48;0.1178;0.8465;0;0.0454;122.15;20.489;0;0;14.41;6.0782;118.33;3.5768;0.0194;0.0059;3.5242;0.0273;121.91;0.2443;0.0336;0.0102;0.1997;0.0008;121.04;16.751;5.0775;96.131;0.3737;100.14;83.715;30.163;19.105;1.8829;27.085;2.7089;9.8633;0;1;0;0;0.8805;0.8564;1;1;0.8739;0.062;0.9707;0.9988;1;0.9646;0.9319;0.998;0.998;1;0.998;0.998;0.8296;0.8413;0.0577;0.4284;0.4217;0.0025;0.018;-0.0127;0.0029;0.0103;0.0053;0;0;0.088;0;0.2901;0;0;0;0;0;0;0;0;0;0;0;0;0.0083;0.0006;0.3865;0.3865;0;16.679;16.679;4.8086;0.0406;357.9;1079.8;1;0.0083;0.0083;0;0;0;0;0;0;0.3781;0.2901;0;17.186;19.901;12.902;14.94;97.84;97.84;3.4234;3.0885;2.3185;0.3349;0.77;0.0978;0.2249;0.6773;99.476;0.593;0
24/08/21 16:00;11.498;67.694;61.09;12.4;18.986;90;18.986;62.999;61.903;1.0958;11.3;7.1601;0;2.6577;59.972;0.6161;0;0.2742;63.52;0;63.52;2.6577;0.6161;59.972;0.2742;0.0418;0.9485;0;0.0043;62.012;1.5087;0;0;1.2786;0.2301;59.684;2.2033;0.1102;0.0256;2.0577;0.0098;61.888;0.124;0.0053;0.0012;0.1174;0.0001;59.753;2.5422;0.5893;56.519;0.0342;37.094;31.01;9.4354;0.1783;0.362;5.2075;0.0683;5.3913;0;1;0;0;1.0083;0.9762;1;1;0.9787;0.1609;0.9644;0.9584;1;0.9649;0.7775;0.998;0.998;1;0.998;0.998;0.9396;0.9424;0.1249;0.1908;0.1909;0.0011;0.0149;-0.0079;0.0013;0.0045;0.001;0;0;0.088;0;0.0778;0;0;0;0;0;0;0;0;0;0;0;0;0.0037;0.0002;0.1722;0.1722;0;13.737;13.737;2.4369;0.0408;161.59;1065.4;1;0.0063;0.0063;0;0;0;0;0;0;0.1658;0.0778;0;17.194;19.91;7.7743;9.0025;96.329;96.329;1.5245;1.3759;0.6221;0.1485;0.7538;0.0974;0.4945;0.4081;37.087;0.3845;0
24/08/21 17:00;2.9914;74.408;82.729;3.1055;4.4444;90;4.4444;3.3013;3.2993;0.002;11.1;6.7699;0;0.0049;3.2943;0.0002;0;0.0008;3.3002;3.3002;0;0.0049;0;0;0;1;1;1;1;0;0;0;0;0;0;0;0;0;0;0;0;0;0;0;0;0;0;0;0;0;0;0;0;0;0;0;0;0;0;0;0;0;0;0;0;1;1;1;1;1;1;1;1;1;1;1;0;1;0;0;1;0;0;0;0;0;0;0;0;0;0;0;0.0004;0.088;0;-0.0884;0;0;0;0;0;0;0;0;0;0;0;0;0;0;0;0;0;0;0;-11.1;0;0;0;0;0.0004;0;0;0;0;0;0;0;-0.0004;-0.0884;0;0;0;0;0;0;0;0;0;-0.7063;0;0.7063;1;1;0;0;0;0
24/08/21 18:00;0;0;90;0;0;90;0;0;0;0;9.78;6.3701;0;0;0;0;0;0;0;0;0;0;0;0;0;1;1;1;1;0;0;0;0;0;0;0;0;0;0;0;0;0;0;0;0;0;0;0;0;0;0;0;0;0;0;0;0;0;0;0;0;0;0;0;1;1;1;1;1;1;1;1;1;1;1;1;1;1;1;1;1;1;1;0;0;0;0;0;0;0;0;0;0.0004;0.088;0;-0.0884;0;0;0;0;0;0;0;0;0;0;0;0;0;0;0;0;0;0;0;-9.78;0;0;0;0;0.0004;0;0;0;0;0;0;0;-0.0004;-0.0884;0;0;0;0;0;0;0;0;0;-0.7063;0;0.7063;1;1;0;0;0;0
24/08/21 19:00;0;0;90;0;0;90;0;0;0;0;8.1799;6.17;0;0;0;0;0;0;0;0;0;0;0;0;0;1;1;1;1;0;0;0;0;0;0;0;0;0;0;0;0;0;0;0;0;0;0;0;0;0;0;0;0;0;0;0;0;0;0;0;0;0;0;0;1;1;1;1;1;1;1;1;1;1;1;1;1;1;1;1;1;1;1;0;0;0;0;0;0;0;0;0;0.0004;0.088;0;-0.0884;0;0;0;0;0;0;0;0;0;0;0;0;0;0;0;0;0;0;0;-8.1799;0;0;0;0;0.0004;0;0;0;0;0;0;0;-0.0004;-0.0884;0;0;0;0;0;0;0;0;0;-0.7063;0;0.7063;1;1;0;0;0;0
24/08/21 20:00;0;0;90;0;0;90;0;0;0;0;7.6999;6.1;0;0;0;0;0;0;0;0;0;0;0;0;0;1;1;1;1;0;0;0;0;0;0;0;0;0;0;0;0;0;0;0;0;0;0;0;0;0;0;0;0;0;0;0;0;0;0;0;0;0;0;0;1;1;1;1;1;1;1;1;1;1;1;1;1;1;1;1;1;1;1;0;0;0;0;0;0;0;0;0;0.0004;0.088;0;-0.0884;0;0;0;0;0;0;0;0;0;0;0;0;0;0;0;0;0;0;0;-7.6999;0;0;0;0;0.0004;0;0;0;0;0;0;0;-0.0004;-0.0884;0;0;0;0;0;0;0;0;0;-0.7063;0;0.7063;1;1;0;0;0;0
24/08/21 21:00;0;0;90;0;0;90;0;0;0;0;6.73;6.2199;0;0;0;0;0;0;0;0;0;0;0;0;0;1;1;1;1;0;0;0;0;0;0;0;0;0;0;0;0;0;0;0;0;0;0;0;0;0;0;0;0;0;0;0;0;0;0;0;0;0;0;0;1;1;1;1;1;1;1;1;1;1;1;1;1;1;1;1;1;1;1;0;0;0;0;0;0;0;0;0;0.0004;0.088;0;-0.0884;0;0;0;0;0;0;0;0;0;0;0;0;0;0;0;0;0;0;0;-6.73;0;0;0;0;0.0004;0;0;0;0;0;0;0;-0.0004;-0.0884;0;0;0;0;0;0;0;0;0;-0.7063;0;0.7063;1;1;0;0;0;0
24/08/21 22:00;0;0;90;0;0;90;0;0;0;0;5.5301;6.18;0;0;0;0;0;0;0;0;0;0;0;0;0;1;1;1;1;0;0;0;0;0;0;0;0;0;0;0;0;0;0;0;0;0;0;0;0;0;0;0;0;0;0;0;0;0;0;0;0;0;0;0;1;1;1;1;1;1;1;1;1;1;1;1;1;1;1;1;1;1;1;0;0;0;0;0;0;0;0;0;0.0004;0.088;0;-0.0884;0;0;0;0;0;0;0;0;0;0;0;0;0;0;0;0;0;0;0;-5.5301;0;0;0;0;0.0004;0;0;0;0;0;0;0;-0.0004;-0.0884;0;0;0;0;0;0;0;0;0;-0.7063;0;0.7063;1;1;0;0;0;0
24/08/21 23:00;0;0;90;0;0;90;0;0;0;0;5.0003;5.95;0;0;0;0;0;0;0;0;0;0;0;0;0;1;1;1;1;0;0;0;0;0;0;0;0;0;0;0;0;0;0;0;0;0;0;0;0;0;0;0;0;0;0;0;0;0;0;0;0;0;0;0;1;1;1;1;1;1;1;1;1;1;1;1;1;1;1;1;1;1;1;0;0;0;0;0;0;0;0;0;0.0004;0.088;0;-0.0884;0;0;0;0;0;0;0;0;0;0;0;0;0;0;0;0;0;0;0;-5.0003;0;0;0;0;0.0004;0;0;0;0;0;0;0;-0.0004;-0.0884;0;0;0;0;0;0;0;0;0;-0.7063;0;0.7063;1;1;0;0;0;0
25/08/21 00:00;0;0;90;0;0;90;0;0;0;0;3.9599;5.71;0;0;0;0;0;0;0;0;0;0;0;0;0;1;1;1;1;0;0;0;0;0;0;0;0;0;0;0;0;0;0;0;0;0;0;0;0;0;0;0;0;0;0;0;0;0;0;0;0;0;0;0;1;1;1;1;1;1;1;1;1;1;1;1;1;1;1;1;1;1;1;0;0;0;0;0;0;0;0;0;0.0004;0.088;0;-0.0884;0;0;0;0;0;0;0;0;0;0;0;0;0;0;0;0;0;0;0;-3.9599;0;0;0;0;0.0004;0;0;0;0;0;0;0;-0.0004;-0.0884;0;0;0;0;0;0;0;0;0;-0.7063;0;0.7063;1;1;0;0;0;0
25/08/21 01:00;0;0;90;0;0;90;0;0;0;0;3.5199;5.4299;0;0;0;0;0;0;0;0;0;0;0;0;0;1;1;1;1;0;0;0;0;0;0;0;0;0;0;0;0;0;0;0;0;0;0;0;0;0;0;0;0;0;0;0;0;0;0;0;0;0;0;0;1;1;1;1;1;1;1;1;1;1;1;1;1;1;1;1;1;1;1;0;0;0;0;0;0;0;0;0;0.0004;0.088;0;-0.0884;0;0;0;0;0;0;0;0;0;0;0;0;0;0;0;0;0;0;0;-3.5199;0;0;0;0;0.0004;0;0;0;0;0;0;0;-0.0004;-0.0884;0;0;0;0;0;0;0;0;0;-0.7063;0;0.7063;1;1;0;0;0;0
25/08/21 02:00;0;0;90;0;0;90;0;0;0;0;3.0997;5.36;0;0;0;0;0;0;0;0;0;0;0;0;0;1;1;1;1;0;0;0;0;0;0;0;0;0;0;0;0;0;0;0;0;0;0;0;0;0;0;0;0;0;0;0;0;0;0;0;0;0;0;0;1;1;1;1;1;1;1;1;1;1;1;1;1;1;1;1;1;1;1;0;0;0;0;0;0;0;0;0;0.0004;0.088;0;-0.0884;0;0;0;0;0;0;0;0;0;0;0;0;0;0;0;0;0;0;0;-3.0997;0;0;0;0;0.0004;0;0;0;0;0;0;0;-0.0004;-0.0884;0;0;0;0;0;0;0;0;0;-0.7063;0;0.7063;1;1;0;0;0;0
25/08/21 03:00;0;0;90;0;0;90;0;0;0;0;2.3;5.5099;0;0;0;0;0;0;0;0;0;0;0;0;0;1;1;1;1;0;0;0;0;0;0;0;0;0;0;0;0;0;0;0;0;0;0;0;0;0;0;0;0;0;0;0;0;0;0;0;0;0;0;0;1;1;1;1;1;1;1;1;1;1;1;1;1;1;1;1;1;1;1;0;0;0;0;0;0;0;0;0;0.0004;0.088;0;-0.0884;0;0;0;0;0;0;0;0;0;0;0;0;0;0;0;0;0;0;0;-2.3;0;0;0;0;0.0004;0;0;0;0;0;0;0;-0.0004;-0.0884;0;0;0;0;0;0;0;0;0;-0.7063;0;0.7063;1;1;0;0;0;0
25/08/21 04:00;0;0;90;0;0;90;0;0;0;0;2.0201;5.8101;0;0;0;0;0;0;0;0;0;0;0;0;0;1;1;1;1;0;0;0;0;0;0;0;0;0;0;0;0;0;0;0;0;0;0;0;0;0;0;0;0;0;0;0;0;0;0;0;0;0;0;0;1;1;1;1;1;1;1;1;1;1;1;1;1;1;1;1;1;1;1;0;0;0;0;0;0;0;0;0;0.0004;0.088;0;-0.0884;0;0;0;0;0;0;0;0;0;0;0;0;0;0;0;0;0;0;0;-2.0201;0;0;0;0;0.0004;0;0;0;0;0;0;0;-0.0004;-0.0884;0;0;0;0;0;0;0;0;0;-0.7063;0;0.7063;1;1;0;0;0;0
25/08/21 05:00;0;0;90;0;0;90;0;0;0;0;1.5003;5.13;0;0;0;0;0;0;0;0;0;0;0;0;0;1;1;1;1;0;0;0;0;0;0;0;0;0;0;0;0;0;0;0;0;0;0;0;0;0;0;0;0;0;0;0;0;0;0;0;0;0;0;0;1;1;1;1;1;1;1;1;1;1;1;1;1;1;1;1;1;1;1;0;0;0;0;0;0;0;0;0;0.0004;0.088;0;-0.0884;0;0;0;0;0;0;0;0;0;0;0;0;0;0;0;0;0;0;0;-1.5003;0;0;0;0;0.0004;0;0;0;0;0;0;0;-0.0004;-0.0884;0;0;0;0;0;0;0;0;0;-0.7063;0;0.7063;1;1;0;0;0;0
25/08/21 06:00;2.9224;-74.89;82.897;3.0268;4.3309;-90;-4.3309;3.4967;3.4967;0;0.3203;5.6;0;0;3.4917;0;0;0.0008;3.4925;3.4925;0;0;0;0;0;1;1;1;1;0;0;0;0;0;0;0;0;0;0;0;0;0;0;0;0;0;0;0;0;0;0;0;0;0;0;0;0;0;0;0;0;0;0;0;0;1;1;1;1;1;1;1;1;1;1;1;1;1;0;0;1;0;0;0;0;0;0;0;0;0;0;0;0.0004;0.088;0;-0.0884;0;0;0;0;0;0;0;0;0;0;0;0;0;0;0;0;0;0;0;-0.3203;0;0;0;0;0.0004;0;0;0;0;0;0;0;-0.0004;-0.0884;0;0;0;0;0;0;0;0;0;-0.7063;0;0.7063;1;1;0;0;0;0
25/08/21 07:00;11.643;-68.028;60.696;12.527;19.211;-90;-19.211;169.6;27.998;141.6;2.2501;6.0501;0;343.42;12.969;35.549;0;0.7556;392.7;0;392.7;343.42;35.549;12.969;0.7556;0.8745;0.0349;0;0.0019;391.78;0.914;0;0;0.2814;0.6326;375.4;15.603;13.713;1.4195;0.4431;0.0272;391;0.7836;0.6868;0.0711;0.0254;0.0002;375.41;329.02;34.059;12.219;0.0956;8.7936;7.3514;2.3489;0.0404;0.0784;1.1279;0.0152;1.1659;0;1;0;0;2.3154;0.9977;1;1;0.9783;0.1628;0.9601;0.96;1;0.965;0.7787;0.998;0.998;1;0.998;0.998;0.9559;0.9422;0.1265;1.1793;1.1331;0.0068;0.0116;-0.0303;0.008;0.0284;0.0002;0;0;0.088;0;0.9759;0;0;0;0;0;0;0;0;0;0;0;0;0.0229;0.0032;1.0823;1.0823;0;17.375;17.375;15.125;0.0403;970.02;1115.7;1;0.0184;0.0184;0;0;0;0;0;0;1.0639;0.9759;0;17.483;20.245;15.765;18.255;98.301;98.301;9.4247;8.6495;7.7993;0.7752;0.8502;0.0823;0.0902;0.8275;8.028;0.8258;0
25/08/21 08:00;22.557;-57.635;29.85;26.186;60;-90;-60;368.79;60.699;308.09;5.58;6.64;0;696.62;18.242;82.248;0;14.752;811.86;0;811.86;696.62;82.248;18.242;14.752;0.8581;0.0406;0;0.0182;795.76;16.101;0;0;2.2958;13.805;792.74;1.4268;0.7168;0.0846;0.5627;0.0627;794.17;1.5915;1.3932;0.1645;0.0319;0.0019;794.15;694.51;81.999;15.352;0.8823;40.787;34.098;11.454;3.0535;0.5136;7.3884;1.4053;4.8485;0;1;0;0;2.2014;0.9802;1;1;0.8742;0.0642;0.9982;0.999;1;0.9646;0.9337;0.998;0.998;1;0.998;0.998;0.9765;0.8416;0.0598;2.438;2.4075;0.0145;-0.002;0.1087;0.016;0.0568;0.0014;0;0;0.088;0;2.0287;0;0;0;0;0;0;0;0;0;0;0;0;0.0457;0.0128;2.1536;2.1536;0;37.982;37.982;32.402;0.0409;2068.4;1041.2;1;0.0369;0.0369;0;0;0;0;0;0;2.1167;2.0287;0;16.828;19.486;15.851;18.355;98.285;98.285;19.485;17.212;16.213;2.2731;0.9986;0.1167;0.0512;0.8321;15.885;0.8265;0
25/08/21 09:00;32.143;-44.992;36.784;41.629;48.371;-90;-48.371;539.9;89.003;450.89;8.6;6.82;0;678.74;27.23;84.721;0;14.499;805.19;0;805.19;678.74;84.721;27.23;14.499;0.843;0.0518;0;0.018;789.16;16.029;0;0;2.508;13.521;782.91;4.6701;3.3897;0.4231;0.8127;0.0446;787.59;1.5783;1.3575;0.1694;0.0494;0.002;786.45;674;84.128;23.86;0.9312;214.85;179.61;55.423;2.1381;2.1185;30.474;3.5353;30.454;0;1;0;0;1.4914;0.9801;1;1;0.9079;0.0674;0.9941;0.995;1;0.9671;0.9543;0.998;0.998;1;0.998;0.998;0.9723;0.8762;0.0642;2.418;2.4329;0.0146;-0.002;0.1328;0.016;0.0568;0.0057;0;0;0.088;0;2.0256;0;0;0;0;0;0;0;0;0;0;0;0;0.0457;0.0131;2.1502;2.1502;0;40.672;40.672;32.072;0.041;2090;1028.8;1;0.0366;0.0366;0;0;0;0;0;0;2.1136;2.0256;0;16.94;19.616;15.958;18.479;98.298;98.298;19.325;17.184;16.188;2.1404;0.9958;0.1108;0.0515;0.8377;20.922;0.8146;0
25/08/21 10:00;39.571;-29.232;42.274;59.42;30.58;-90;-30.58;662.69;109.3;553.39;11.4;6.66;0;642.79;35.779;82.29;0;7.3734;768.24;0;768.24;642.79;82.29;35.779;7.3734;0.8367;0.0562;0;0.0096;760.11;8.1213;0;0;1.6395;6.4818;751.39;7.206;5.2697;0.6746;1.1079;0.1538;758.59;1.5202;1.2856;0.1646;0.0683;0.0018;753.49;636.24;81.451;32.963;0.7359;350.41;292.95;93.202;0.5807;3.0837;44.358;2.101;46.861;0;1;0;0;1.1593;0.9894;1;1;0.9542;0.1209;0.9905;0.9918;1;0.9675;0.8271;0.998;0.998;1;0.998;0.998;0.9781;0.9213;0.0998;2.307;2.3629;0.0142;-0.0018;0.1421;0.0155;0.0548;0.0083;0;0;0.088;0;1.9508;0;0;0;0;0;0;0;0;0;0;0;0;0.0442;0.0123;2.0734;2.0734;0;42.221;42.221;30.821;0.041;2029;1021.9;1;0.0347;0.0347;0;0;0;0;0;0;2.0388;1.9508;0;17.121;19.826;16.108;18.653;98.329;98.329;18.438;16.571;15.591;1.8668;0.9803;0.1012;0.0532;0.8456;23.677;0.8105;0
25/08/21 11:00;43.741;-10.252;45.311;79.465;10.535;-90;-10.535;727.9;119.8;608.1;12.74;6.42;0;618.52;40.836;79.967;0;0.9816;740.31;0;740.31;618.52;79.967;40.836;0.9816;0.8355;0.0565;0;0.0013;739.17;1.1409;0;0;0.3226;0.8183;729.05;8.6402;6.1671;0.7973;1.6391;0.0366;737.69;1.4783;1.237;0.1599;0.081;0.0003;729.24;611.12;79.009;38.793;0.1264;424.64;355;112.9;0.0147;3.6949;53.149;0.1932;56.829;0;1;0;0;1.017;0.9985;1;1;0.9921;0.1664;0.9883;0.99;1;0.9595;0.7752;0.998;0.998;1;0.998;0.998;0.9848;0.95;0.1287;2.2231;2.3084;0.0139;-0.0016;0.1424;0.0151;0.0535;0.0099;0;0;0.088;0;1.8988;0;0;0;0;0;0;0;0;0;0;0;0;0.0431;0.0118;2.0204;2.0204;0;42.657;42.657;29.917;0.041;1981.2;1019.8;1;0.0336;0.0336;0;0;0;0;0;0;1.9868;1.8988;0;17.313;20.048;16.271;18.841;98.337;98.337;17.767;16.147;15.176;1.62;0.9718;0.0912;0.0547;0.8541;24.511;0.8106;0
25/08/21 12:00;43.746;10.208;45.314;79.51;10.49;90;10.49;743.29;122.4;620.89;13.63;6.4699;0;631.44;40.057;83.402;0;0.9939;755.9;0;755.9;631.44;83.402;40.057;0.9939;0.8354;0.0543;0;0.0013;754.75;1.1449;0;0;0.3151;0.8298;744.47;8.7747;6.2972;0.8317;1.6089;0.0369;753.24;1.5095;1.2629;0.1668;0.0795;0.0003;744.66;623.88;82.404;38.053;0.1269;433.64;362.52;115.3;0.0142;3.7727;54.269;0.1953;58.028;0;1;0;0;1.017;0.9985;1;1;0.9921;0.1651;0.9884;0.99;1;0.9594;0.7747;0.998;0.998;1;0.998;0.998;0.9849;0.95;0.1276;2.27;2.3573;0.0142;-0.0018;0.1584;0.0153;0.0543;0.0101;0;0;0.088;0;1.9288;0;0;0;0;0;0;0;0;0;0;0;0;0.0437;0.0123;2.0508;2.0508;0;44.219;44.219;30.589;0.0411;2024.4;1013;1;0.034;0.034;0;0;0;0;0;0;2.0168;1.9288;0;17.211;19.93;16.187;18.744;98.34;98.34;18.141;16.39;15.415;1.7514;0.9754;0.0965;0.0538;0.8497;24.041;0.8064;0
25/08/21 13:00;39.583;29.194;42.283;59.461;30.539;90;30.539;438.59;288.7;149.89;13.3;6.6199;0;174.03;221.52;58.833;0;4.8671;459.25;0;459.25;174.03;58.833;221.52;4.8671;0.3789;0.493;0;0.0106;444.81;14.436;0;0;10.147;4.2891;435.05;8.871;1.4277;0.4826;6.8599;0.1008;443.93;0.8896;0.3481;0.1177;0.4227;0.0012;436.54;172.25;58.232;204.09;0.4761;251.57;210.31;66.742;3.5686;2.4298;34.952;1.4825;33.813;0;1;0;0;1.0471;0.9686;1;1;0.9542;0.1188;0.98;0.9918;1;0.9675;0.8253;0.998;0.998;1;0.998;0.998;0.9473;0.9213;0.0978;1.3791;1.3885;0.0084;0.0079;0.0295;0.0094;0.0333;0.0068;0;0;0.088;0;1.1536;0;0;0;0;0;0;0;0;0;0;0;0;0.0268;0.0046;1.2619;1.2619;0;31.015;31.015;17.715;0.0407;1190.6;1059.9;1;0.0203;0.0203;0;0;0;0;0;0;1.2416;1.1536;0;17.43;20.184;15.934;18.452;98.392;98.392;11.022;10.085;9.2194;0.9371;0.8655;0.085;0.0785;0.8365;146.55;0.7914;0
25/08/21 14:00;32.162;44.961;36.798;41.665;48.335;90;48.335;223.1;212;11.107;13.2;6.59;0;16.708;173.72;4.965;0;5.9832;201.37;0;201.37;16.708;4.965;173.72;5.9832;0.083;0.8924;0;0.0297;179.77;21.605;0;0;16.012;5.5925;174.1;5.3107;0.0836;0.0248;5.184;0.0183;179.41;0.3595;0.0334;0.0099;0.3154;0.0008;176.44;16.591;4.9302;152.2;0.3716;138.93;116.15;39.488;13.583;1.9258;27.702;2.3428;16.044;0;1;0;0;0.9026;0.8927;1;1;0.9078;0.0653;0.9704;0.995;1;0.9671;0.9531;0.998;0.998;1;0.998;0.998;0.8646;0.8762;0.0621;0.6047;0.5898;0.0036;0.0177;-0.01;0.004;0.0144;0.0054;0;0;0.088;0;0.4441;0;0;0;0;0;0;0;0;0;0;0;0;0.0116;0.001;0.5421;0.5421;0;20.271;20.271;7.0711;0.0406;502.45;1078.9;1;0.01;0.01;0;0;0;0;0;0;0.5321;0.4441;0;17.078;19.775;13.991;16.201;98.158;98.158;4.833;4.3326;3.5495;0.5004;0.7831;0.1035;0.162;0.7344;133.42;0.6659;0
25/08/21 15:00;22.579;57.61;29.863;26.217;60;90;60;289.8;181.1;108.7;13.88;5.8901;0;245.51;107.13;86.401;0;11.592;450.63;0;450.63;245.51;86.401;107.13;11.592;0.5448;0.2635;0;0.0257;426.25;24.384;0;0;13.511;10.873;421.7;3.6948;0.2527;0.0889;3.3043;0.0489;425.4;0.8525;0.491;0.1728;0.1872;0.0014;424.56;244.76;86.139;90.132;0.6684;104.04;86.974;31.268;17.914;1.8349;26.395;2.854;10.316;0;1;0;0;1.555;0.9459;1;1;0.8739;0.062;0.9913;0.999;1;0.9646;0.9319;0.998;0.998;1;0.998;0.998;0.9358;0.8413;0.0577;1.3533;1.3344;0.008;0.0087;0.0285;0.009;0.032;0.0051;0;0;0.088;0;1.1054;0;0;0;0;0;0;0;0;0;0;0;0;0.0258;0.0043;1.213;1.213;0;31.055;31.055;17.175;0.0407;1144.7;1059.7;1;0.0195;0.0195;0;0;0;0;0;0;1.1934;1.1054;0;17.075;19.773;15.561;18.02;98.389;98.389;10.815;9.6941;8.8346;1.1211;0.8595;0.1037;0.0795;0.8169;93.268;0.7825;0
25/08/21 16:00;11.667;68.007;60.629;12.555;19.262;90;19.262;98.493;93.3;5.1932;13.44;4.8;0;12.595;88.951;4.3357;0;0.4411;106.32;0;106.32;12.595;4.3357;88.951;0.4411;0.1185;0.8408;0;0.0041;104.01;2.3131;0;0;1.9428;0.3702;100.08;3.7232;0.4997;0.172;3.0357;0.0157;103.8;0.208;0.0252;0.0087;0.174;0.0001;100.18;12.07;4.155;83.799;0.055;55.11;46.072;14.031;0.2781;0.5379;7.7374;0.1051;7.9972;0;1;0;0;1.0795;0.9782;1;1;0.9782;0.1606;0.9641;0.9602;1;0.965;0.7778;0.998;0.998;1;0.998;0.998;0.9413;0.9421;0.1246;0.3193;0.3181;0.0019;0.0173;-0.0087;0.0022;0.0076;0.0015;0;0;0.088;0;0.1945;0;0;0;0;0;0;0;0;0;0;0;0;0.0061;0.0004;0.2897;0.2897;0;17.517;17.517;4.0765;0.0407;270.69;1070.2;1;0.0072;0.0072;0;0;0;0;0;0;0.2825;0.1945;0;17.284;20.015;11.603;13.436;97.505;97.505;2.5518;2.3152;1.5542;0.2365;0.7611;0.0927;0.2983;0.6091;55.076;0.5776;0
25/08/21 17:00;2.9479;74.871;82.835;3.0536;4.3694;90;4.3694;0.3907;0.3907;0;12.12;4.89;0;0;0.3901;0;0;0.0001;0.3902;0.3902;0;0;0;0;0;1;1;1;1;0;0;0;0;0;0;0;0;0;0;0;0;0;0;0;0;0;0;0;0;0;0;0;0;0;0;0;0;0;0;0;0;0;0;0;0;1;1;1;1;1;1;1;1;1;1;1;1;1;0;0;1;0;0;0;0;0;0;0;0;0;0;0;0.0004;0.088;0;-0.0884;0;0;0;0;0;0;0;0;0;0;0;0;0;0;0;0;0;0;0;-12.12;0;0;0;0;0.0004;0;0;0;0;0;0;0;-0.0004;-0.0884;0;0;0;0;0;0;0;0;0;-0.7063;0;0.7063;1;1;0;0;0;0
25/08/21 18:00;0;0;90;0;0;90;0;0;0;0;10.92;5.3;0;0;0;0;0;0;0;0;0;0;0;0;0;1;1;1;1;0;0;0;0;0;0;0;0;0;0;0;0;0;0;0;0;0;0;0;0;0;0;0;0;0;0;0;0;0;0;0;0;0;0;0;1;1;1;1;1;1;1;1;1;1;1;1;1;1;1;1;1;1;1;0;0;0;0;0;0;0;0;0;0.0004;0.088;0;-0.0884;0;0;0;0;0;0;0;0;0;0;0;0;0;0;0;0;0;0;0;-10.92;0;0;0;0;0.0004;0;0;0;0;0;0;0;-0.0004;-0.0884;0;0;0;0;0;0;0;0;0;-0.7063;0;0.7063;1;1;0;0;0;0
25/08/21 19:00;0;0;90;0;0;90;0;0;0;0;8.7602;5.1701;0;0;0;0;0;0;0;0;0;0;0;0;0;1;1;1;1;0;0;0;0;0;0;0;0;0;0;0;0;0;0;0;0;0;0;0;0;0;0;0;0;0;0;0;0;0;0;0;0;0;0;0;1;1;1;1;1;1;1;1;1;1;1;1;1;1;1;1;1;1;1;0;0;0;0;0;0;0;0;0;0.0004;0.088;0;-0.0884;0;0;0;0;0;0;0;0;0;0;0;0;0;0;0;0;0;0;0;-8.7602;0;0;0;0;0.0004;0;0;0;0;0;0;0;-0.0004;-0.0884;0;0;0;0;0;0;0;0;0;-0.7063;0;0.7063;1;1;0;0;0;0
25/08/21 20:00;0;0;90;0;0;90;0;0;0;0;7.9698;4.43;0;0;0;0;0;0;0;0;0;0;0;0;0;1;1;1;1;0;0;0;0;0;0;0;0;0;0;0;0;0;0;0;0;0;0;0;0;0;0;0;0;0;0;0;0;0;0;0;0;0;0;0;1;1;1;1;1;1;1;1;1;1;1;1;1;1;1;1;1;1;1;0;0;0;0;0;0;0;0;0;0.0004;0.088;0;-0.0884;0;0;0;0;0;0;0;0;0;0;0;0;0;0;0;0;0;0;0;-7.9698;0;0;0;0;0.0004;0;0;0;0;0;0;0;-0.0004;-0.0884;0;0;0;0;0;0;0;0;0;-0.7063;0;0.7063;1;1;0;0;0;0
25/08/21 21:00;0;0;90;0;0;90;0;0;0;0;4.1899;3.93;0;0;0;0;0;0;0;0;0;0;0;0;0;1;1;1;1;0;0;0;0;0;0;0;0;0;0;0;0;0;0;0;0;0;0;0;0;0;0;0;0;0;0;0;0;0;0;0;0;0;0;0;1;1;1;1;1;1;1;1;1;1;1;1;1;1;1;1;1;1;1;0;0;0;0;0;0;0;0;0;0.0004;0.088;0;-0.0884;0;0;0;0;0;0;0;0;0;0;0;0;0;0;0;0;0;0;0;-4.1899;0;0;0;0;0.0004;0;0;0;0;0;0;0;-0.0004;-0.0884;0;0;0;0;0;0;0;0;0;-0.7063;0;0.7063;1;1;0;0;0;0
25/08/21 22:00;0;0;90;0;0;90;0;0;0;0;3.71;3.5801;0;0;0;0;0;0;0;0;0;0;0;0;0;1;1;1;1;0;0;0;0;0;0;0;0;0;0;0;0;0;0;0;0;0;0;0;0;0;0;0;0;0;0;0;0;0;0;0;0;0;0;0;1;1;1;1;1;1;1;1;1;1;1;1;1;1;1;1;1;1;1;0;0;0;0;0;0;0;0;0;0.0004;0.088;0;-0.0884;0;0;0;0;0;0;0;0;0;0;0;0;0;0;0;0;0;0;0;-3.71;0;0;0;0;0.0004;0;0;0;0;0;0;0;-0.0004;-0.0884;0;0;0;0;0;0;0;0;0;-0.7063;0;0.7063;1;1;0;0;0;0
25/08/21 23:00;0;0;90;0;0;90;0;0;0;0;3.8801;3.39;0;0;0;0;0;0;0;0;0;0;0;0;0;1;1;1;1;0;0;0;0;0;0;0;0;0;0;0;0;0;0;0;0;0;0;0;0;0;0;0;0;0;0;0;0;0;0;0;0;0;0;0;1;1;1;1;1;1;1;1;1;1;1;1;1;1;1;1;1;1;1;0;0;0;0;0;0;0;0;0;0.0004;0.088;0;-0.0884;0;0;0;0;0;0;0;0;0;0;0;0;0;0;0;0;0;0;0;-3.8801;0;0;0;0;0.0004;0;0;0;0;0;0;0;-0.0004;-0.0884;0;0;0;0;0;0;0;0;0;-0.7063;0;0.7063;1;1;0;0;0;0
26/08/21 00:00;0;0;90;0;0;90;0;0;0;0;2.77;3.1999;0;0;0;0;0;0;0;0;0;0;0;0;0;1;1;1;1;0;0;0;0;0;0;0;0;0;0;0;0;0;0;0;0;0;0;0;0;0;0;0;0;0;0;0;0;0;0;0;0;0;0;0;1;1;1;1;1;1;1;1;1;1;1;1;1;1;1;1;1;1;1;0;0;0;0;0;0;0;0;0;0.0004;0.088;0;-0.0884;0;0;0;0;0;0;0;0;0;0;0;0;0;0;0;0;0;0;0;-2.77;0;0;0;0;0.0004;0;0;0;0;0;0;0;-0.0004;-0.0884;0;0;0;0;0;0;0;0;0;-0.7063;0;0.7063;1;1;0;0;0;0
26/08/21 01:00;0;0;90;0;0;90;0;0;0;0;1.8599;3.0299;0;0;0;0;0;0;0;0;0;0;0;0;0;1;1;1;1;0;0;0;0;0;0;0;0;0;0;0;0;0;0;0;0;0;0;0;0;0;0;0;0;0;0;0;0;0;0;0;0;0;0;0;1;1;1;1;1;1;1;1;1;1;1;1;1;1;1;1;1;1;1;0;0;0;0;0;0;0;0;0;0.0004;0.088;0;-0.0884;0;0;0;0;0;0;0;0;0;0;0;0;0;0;0;0;0;0;0;-1.8599;0;0;0;0;0.0004;0;0;0;0;0;0;0;-0.0004;-0.0884;0;0;0;0;0;0;0;0;0;-0.7063;0;0.7063;1;1;0;0;0;0
26/08/21 02:00;0;0;90;0;0;90;0;0;0;0;0.7598;2.89;0;0;0;0;0;0;0;0;0;0;0;0;0;1;1;1;1;0;0;0;0;0;0;0;0;0;0;0;0;0;0;0;0;0;0;0;0;0;0;0;0;0;0;0;0;0;0;0;0;0;0;0;1;1;1;1;1;1;1;1;1;1;1;1;1;1;1;1;1;1;1;0;0;0;0;0;0;0;0;0;0.0004;0.088;0;-0.0884;0;0;0;0;0;0;0;0;0;0;0;0;0;0;0;0;0;0;0;-0.7598;0;0;0;0;0.0004;0;0;0;0;0;0;0;-0.0004;-0.0884;0;0;0;0;0;0;0;0;0;-0.7063;0;0.7063;1;1;0;0;0;0
26/08/21 03:00;0;0;90;0;0;90;0;0;0;0;0.7797;2.7199;0;0;0;0;0;0;0;0;0;0;0;0;0;1;1;1;1;0;0;0;0;0;0;0;0;0;0;0;0;0;0;0;0;0;0;0;0;0;0;0;0;0;0;0;0;0;0;0;0;0;0;0;1;1;1;1;1;1;1;1;1;1;1;1;1;1;1;1;1;1;1;0;0;0;0;0;0;0;0;0;0.0004;0.088;0;-0.0884;0;0;0;0;0;0;0;0;0;0;0;0;0;0;0;0;0;0;0;-0.7797;0;0;0;0;0.0004;0;0;0;0;0;0;0;-0.0004;-0.0884;0;0;0;0;0;0;0;0;0;-0.7063;0;0.7063;1;1;0;0;0;0
26/08/21 04:00;0;0;90;0;0;90;0;0;0;0;-0.1397;2.4699;0;0;0;0;0;0;0;0;0;0;0;0;0;1;1;1;1;0;0;0;0;0;0;0;0;0;0;0;0;0;0;0;0;0;0;0;0;0;0;0;0;0;0;0;0;0;0;0;0;0;0;0;1;1;1;1;1;1;1;1;1;1;1;1;1;1;1;1;1;1;1;0;0;0;0;0;0;0;0;0;0.0004;0.088;0;-0.0884;0;0;0;0;0;0;0;0;0;0;0;0;0;0;0;0;0;0;0;0.1397;0;0;0;0;0.0004;0;0;0;0;0;0;0;-0.0004;-0.0884;0;0;0;0;0;0;0;0;0;-0.7063;0;0.7063;1;1;0;0;0;0
26/08/21 05:00;0;0;90;0;0;90;0;0;0;0;-0.5997;2.5;0;0;0;0;0;0;0;0;0;0;0;0;0;1;1;1;1;0;0;0;0;0;0;0;0;0;0;0;0;0;0;0;0;0;0;0;0;0;0;0;0;0;0;0;0;0;0;0;0;0;0;0;1;1;1;1;1;1;1;1;1;1;1;1;1;1;1;1;1;1;1;0;0;0;0;0;0;0;0;0;0.0004;0.088;0;-0.0884;0;0;0;0;0;0;0;0;0;0;0;0;0;0;0;0;0;0;0;0.5997;0;0;0;0;0.0004;0;0;0;0;0;0;0;-0.0004;-0.0884;0;0;0;0;0;0;0;0;0;-0.7063;0;0.7063;1;1;0;0;0;0
26/08/21 06:00;3.1831;-75.13;82.261;3.2931;4.7153;-90;-4.7153;8.0092;8.0025;0.0067;-0.5997;2.3701;0;0.0163;7.9882;0.0018;0;0.0022;8.0084;0;8.0084;0.0163;0.0018;7.9882;0.0022;0.002;0.9977;0;0.0003;7.9895;0.0189;0;0;0.0171;0.0018;7.6179;0.3557;0.0067;0.0007;0.3482;0.0001;7.9735;0.016;0;0;0.0159;0;7.618;0.0096;0.001;7.607;0.0003;4.7423;3.9646;1.1824;0;0.0464;0.6668;0.0001;0.7131;0;1;0;0;0.9999;0.9976;1;1;0.9979;0.164;0.9554;0.5883;1;0.9562;0.7767;0.998;0.998;1;0.998;0.998;0.9512;0.9523;0.1271;0.024;0.0244;0.0001;0.0054;-0.002;0.0001;0.0005;0.0001;0;0;0.088;0;-0.0708;0;0;0;0;0;0;0;0;0;0;0;0;0.0004;0;0.0197;0.0197;0;-0.2811;-0.2811;0.3186;0.0418;19.01;1035;1;0.0025;0.0025;0;0;0;0;0;0;0.0172;-0.0708;0;15.585;18.047;-56.081;-64.94;87.431;87.431;0.1922;0.1572;-0.5658;0.035;0.7231;0.1819;3.762;0;4.7423;0;0
26/08/21 07:00;11.915;-68.258;59.951;12.799;19.699;-90;-19.699;161.2;33.699;127.5;2.1298;1.7501;0;309.23;17.647;37.64;0;0.7547;365.27;0;365.27;309.23;37.64;17.647;0.7547;0.8466;0.0504;0;0.0021;364.24;1.0317;0;0;0.3994;0.6323;349.98;13.523;11.499;1.3997;0.5973;0.027;363.51;0.7285;0.6185;0.0753;0.0345;0.0002;350.01;297.11;36.165;16.616;0.0952;11.649;9.7386;3.0694;0.0599;0.107;1.5396;0.0221;1.5868;0;1;0;0;2.2659;0.9972;1;1;0.9774;0.1622;0.9628;0.9627;1;0.9653;0.7792;0.998;0.998;1;0.998;0.998;0.9582;0.9416;0.1261;1.0969;1.0574;0.0064;0.0126;-0.0326;0.0075;0.0266;0.0003;0;0;0.088;0;0.9071;0;0;0;0;0;0;0;0;0;0;0;0;0.0214;0.0028;1.0124;1.0124;0;16.223;16.223;14.093;0.0403;905.21;1118.4;1;0.0173;0.0173;0;0;0;0;0;0;0.9951;0.9071;0;17.582;20.36;15.753;18.242;98.288;98.288;8.7664;8.0911;7.2492;0.6753;0.8418;0.077;0.096;0.8269;10.948;0.8243;0
26/08/21 08:00;22.851;-57.848;29.56;26.461;60;-90;-60;365.9;61.803;304.1;6.3903;1.57;0;681.16;19.282;80.85;0;14.636;795.93;0;795.93;681.16;80.85;19.282;14.636;0.8558;0.0426;0;0.0184;779.81;16.123;0;0;2.4266;13.697;776.81;1.4334;0.6941;0.0824;0.5947;0.0622;778.25;1.5596;1.3623;0.1617;0.0337;0.0019;778.23;679.11;80.606;16.227;0.8754;44.331;37.061;12.718;3.2272;0.5348;7.6936;1.412;5.0013;0;1;0;0;2.1753;0.9797;1;1;0.8742;0.0642;0.9982;0.999;1;0.9646;0.9337;0.998;0.998;1;0.998;0.998;0.976;0.8416;0.0598;2.3902;2.3601;0.0142;-0.0018;0.108;0.0157;0.0556;0.0015;0;0;0.088;0;1.9862;0;0;0;0;0;0;0;0;0;0;0;0;0.0448;0.0123;2.11;2.11;0;38.146;38.146;31.756;0.0409;2028.1;1040.4;1;0.0358;0.0358;0;0;0;0;0;0;2.0742;1.9862;0;16.817;19.473;15.83;18.331;98.303;98.303;19.102;16.863;15.873;2.2395;0.9895;0.1172;0.0518;0.831;16.79;0.825;0
26/08/21 09:00;32.464;-45.17;36.501;41.893;48.107;-90;-48.107;537.9;88.697;449.21;9.0002;0.9501;0;672.72;27.799;82.905;0;14.298;797.73;0;797.73;672.72;82.905;27.799;14.298;0.8433;0.0528;0;0.0179;781.86;15.869;0;0;2.5401;13.329;775.77;4.5231;3.2482;0.4003;0.8295;0.045;780.29;1.5637;1.3454;0.1658;0.0505;0.0019;779.27;668.13;82.339;24.379;0.9218;215.84;180.44;55.801;2.1417;2.1198;30.493;3.4943;30.471;0;1;0;0;1.483;0.9801;1;1;0.9086;0.0678;0.9942;0.9952;1;0.9671;0.9534;0.998;0.998;1;0.998;0.998;0.9725;0.877;0.0645;2.3956;2.4113;0.0145;-0.002;0.1326;0.0159;0.0563;0.0057;0;0;0.088;0;2.0061;0;0;0;0;0;0;0;0;0;0;0;0;0.0453;0.0128;2.1302;2.1302;0;40.782;40.782;31.782;0.041;2071.3;1028.4;1;0.0361;0.0361;0;0;0;0;0;0;2.0941;2.0061;0;16.94;19.616;15.953;18.473;98.306;98.306;19.145;17.024;16.033;2.121;0.9916;0.1108;0.0518;0.8374;21.305;0.8141;0
26/08/21 10:00;39.915;-29.336;41.962;59.645;30.355;-90;-30.355;660.99;108.8;552.19;11.29;0.83;0;639.92;36.299;80.922;0;7.2492;764.39;0;764.39;639.92;80.922;36.299;7.2492;0.8372;0.057;0;0.0095;756.38;8.0096;0;0;1.644;6.3657;747.81;7.0573;5.1295;0.6487;1.1254;0.1537;754.87;1.5128;1.2798;0.1618;0.0693;0.0018;749.87;633.51;80.112;33.461;0.728;350.24;292.8;93.127;0.5743;3.0838;44.359;2.0618;46.868;0;1;0;0;1.1564;0.9895;1;1;0.9547;0.1219;0.9907;0.992;1;0.9675;0.8257;0.998;0.998;1;0.998;0.998;0.9783;0.9218;0.1004;2.2955;2.352;0.0142;-0.0018;0.1392;0.0154;0.0546;0.0083;0;0;0.088;0;1.9434;0;0;0;0;0;0;0;0;0;0;0;0;0.044;0.0122;2.0659;2.0659;0;41.958;41.958;30.668;0.041;2019.4;1023;1;0.0345;0.0345;0;0;0;0;0;0;2.0314;1.9434;0;17.145;19.853;16.128;18.676;98.328;98.328;18.345;16.511;15.531;1.8346;0.9793;0.1;0.0534;0.8466;23.984;0.8114;0
26/08/21 11:00;44.095;-10.232;44.972;79.611;10.389;-90;-10.389;725.2;119.9;605.3;13.14;1.09;0;615.39;41.771;79.082;0;0.9511;737.19;0;737.19;615.39;79.082;41.771;0.9511;0.8348;0.058;0;0.0013;736.08;1.1152;0;0;0.3223;0.7928;726.1;8.5033;6.0143;0.7729;1.6807;0.0355;734.61;1.4722;1.2308;0.1582;0.0829;0.0003;726.29;608.14;78.151;39.685;0.1224;423.21;353.8;112.5;0.0143;3.6835;52.986;0.1859;56.656;0;1;0;0;1.0165;0.9985;1;1;0.9923;0.1664;0.9884;0.9902;1;0.9594;0.7752;0.998;0.998;1;0.998;0.998;0.985;0.9501;0.1287;2.2138;2.2992;0.0138;-0.0016;0.1442;0.015;0.0532;0.0099;0;0;0.088;0;1.8888;0;0;0;0;0;0;0;0;0;0;0;0;0.0428;0.0117;2.0101;2.0101;0;42.943;42.943;29.804;0.041;1973.4;1018.6;1;0.0334;0.0334;0;0;0;0;0;0;1.9768;1.8888;0;17.298;20.03;16.253;18.821;98.34;98.34;17.693;16.065;15.095;1.6276;0.97;0.092;0.0548;0.8532;25.063;0.8096;0
26/08/21 12:00;44.08;10.372;44.962;79.468;10.532;90;10.532;746.5;122.9;623.59;14.41;1.2601;0;634.28;40.395;83.571;0;1.006;759.25;0;759.25;634.28;83.571;40.395;1.006;0.8354;0.0545;0;0.0013;758.09;1.1598;0;0;0.3199;0.8399;747.91;8.6698;6.1949;0.8162;1.6214;0.0373;756.57;1.5162;1.2686;0.1671;0.0801;0.0003;748.1;626.82;82.588;38.373;0.1284;435.47;364.05;115.79;0.0145;3.7887;54.499;0.198;58.273;0;1;0;0;1.0171;0.9985;1;1;0.9921;0.1651;0.9885;0.9902;1;0.9595;0.7747;0.998;0.998;1;0.998;0.998;0.9851;0.95;0.1276;2.28;2.3681;0.0143;-0.0019;0.1671;0.0153;0.0543;0.0101;0;0;0.088;0;1.9307;0;0;0;0;0;0;0;0;0;0;0;0;0.0438;0.0124;2.0527;2.0527;0;45.164;45.164;30.754;0.0411;2034.3;1009.1;1;0.034;0.034;0;0;0;0;0;0;2.0187;1.9307;0;17.151;19.86;16.132;18.68;98.344;98.344;18.222;16.406;15.431;1.8165;0.975;0.0997;0.0535;0.8468;24.246;0.8036;0
26/08/21 13:00;39.874;29.457;41.932;59.514;30.486;90;30.486;696.51;114.7;581.81;15.32;1.31;0;675.14;34.506;90.084;0;7.703;807.43;0;807.43;675.14;90.084;34.506;7.703;0.8362;0.0523;0;0.0095;799.07;8.3625;0;0;1.5762;6.7863;790.12;7.3495;5.4;0.7205;1.0689;0.1601;797.47;1.5981;1.3503;0.1802;0.0659;0.0018;792.32;668.39;89.184;31.796;0.7547;368.29;307.89;97.944;0.5543;3.2381;46.579;2.1916;49.263;0;1;0;0;1.1593;0.9896;1;1;0.9543;0.119;0.9908;0.992;1;0.9675;0.8249;0.998;0.998;1;0.998;0.998;0.9786;0.9214;0.098;2.4247;2.4846;0.015;-0.0021;0.1991;0.0159;0.0564;0.0085;0;0;0.088;0;2.0092;0;0;0;0;0;0;0;0;0;0;0;0;0.0454;0.0136;2.1327;2.1327;0;47.881;47.881;32.561;0.0412;2137.1;997.97;1;0.0355;0.0355;0;0;0;0;0;0;2.0972;2.0092;0;16.756;19.403;15.786;18.279;98.335;98.335;19.378;17.045;16.058;2.3336;0.9871;0.1204;0.0509;0.8286;22.82;0.7943;0
26/08/21 14:00;32.404;45.268;36.456;41.779;48.221;90;48.221;615.11;101.5;513.6;15;1.23;0;770.87;24.119;108.89;0;16.423;920.31;0;920.31;770.87;108.89;24.119;16.423;0.8376;0.0441;0;0.0178;902.74;17.564;0;0;2.2155;15.348;895.94;4.9955;3.7022;0.523;0.7197;0.0506;900.94;1.8055;1.5417;0.2178;0.0438;0.0021;899.91;765.63;108.15;21.14;1.0218;243.69;203.73;62.781;1.8744;2.3724;34.126;3.97;34.624;0;1;0;0;1.4962;0.9809;1;1;0.9081;0.0654;0.9945;0.9952;1;0.9671;0.9528;0.998;0.998;1;0.998;0.998;0.9735;0.8765;0.0622;2.7637;2.7824;0.0168;-0.0016;0.2636;0.0175;0.0622;0.0061;0;0;0.088;0;2.2224;0;0;0;0;0;0;0;0;0;0;0;0;0.0501;0.0169;2.3509;2.3509;0;52.047;52.047;37.047;0.0414;2396;981.17;1;0.0406;0.0406;0;0;0;0;0;0;2.3104;2.2224;0;16.205;18.765;15.319;17.739;98.275;98.275;22.087;18.789;17.761;3.2989;1.0274;0.1494;0.0465;0.8041;18.503;0.7824;0
26/08/21 15:00;22.779;57.927;29.518;26.362;60;90;60;367.7;123;244.7;14.82;1.0499;0;549.97;48.769;130.3;0;14.708;743.75;0;743.75;549.97;130.3;48.769;14.708;0.7395;0.0853;0;0.0198;723.8;19.946;0;0;6.1504;13.796;720.09;2.2584;0.5596;0.1326;1.5041;0.062;722.35;1.4476;1.0999;0.2606;0.0852;0.0018;721.93;548.31;129.91;41.029;0.8481;66.017;55.19;19.868;8.157;0.9539;13.722;1.836;6.5191;0;1;0;0;2.0227;0.9732;1;1;0.8739;0.062;0.9969;0.999;1;0.9646;0.9319;0.998;0.998;1;0.998;0.998;0.9682;0.8413;0.0577;2.2335;2.2033;0.0133;-0.0011;0.1498;0.0143;0.0507;0.0025;0;0;0.088;0;1.8025;0;0;0;0;0;0;0;0;0;0;0;0;0.0408;0.0109;1.9221;1.9221;0;44.414;44.414;29.594;0.0411;1894.7;1014.5;1;0.0316;0.0316;0;0;0;0;0;0;1.8905;1.8025;0;16.394;18.984;15.374;17.803;98.356;98.356;17.85;15.362;14.406;2.4884;0.9559;0.1394;0.0536;0.807;42.457;0.796;0
26/08/21 16:00;11.837;68.325;60.166;12.709;19.538;90;19.538;157.39;111;46.389;14.42;1.15;0;112.51;89.623;45.405;0;0.725;248.26;0;248.26;112.51;45.405;89.623;0.725;0.4532;0.3639;0;0.0029;245.65;2.6135;0;0;2.0047;0.6088;236.09;9.0659;4.2733;1.7246;3.0423;0.0257;245.15;0.4913;0.225;0.0908;0.1752;0.0002;236.2;108.01;43.589;84.401;0.0902;55.881;46.717;14.144;0.2946;0.5517;7.9355;0.1117;8.1926;0;1;0;0;1.5773;0.9895;1;1;0.9776;0.1602;0.963;0.9619;1;0.9652;0.778;0.998;0.998;1;0.998;0.998;0.951;0.9417;0.1244;0.7455;0.7281;0.0044;0.0167;-0.0026;0.005;0.0176;0.0015;0;0;0.088;0;0.5702;0;0;0;0;0;0;0;0;0;0;0;0;0.0142;0.0015;0.6699;0.6699;0;24.015;24.015;9.5953;0.0406;623.11;1075;1;0.0117;0.0117;0;0;0;0;0;0;0.6582;0.5702;0;17.117;19.821;14.569;16.871;98.255;98.255;5.9582;5.3535;4.5568;0.6047;0.7967;0.1015;0.1337;0.7648;55.562;0.7469;0
26/08/21 17:00;3.1013;75.19;82.46;3.2077;4.5919;90;4.5919;0;0;0;12.07;1.46;0;0;0;0;0;0;0;0;0;0;0;0;0;1;1;1;1;0;0;0;0;0;0;0;0;0;0;0;0;0;0;0;0;0;0;0;0;0;0;0;0;0;0;0;0;0;0;0;0;0;0;0;1;1;1;1;1;1;1;1;1;1;1;1;1;1;1;1;1;1;1;0;0;0;0;0;0;0;0;0;0.0004;0.088;0;-0.0884;0;0;0;0;0;0;0;0;0;0;0;0;0;0;0;0;0;0;0;-12.07;0;0;0;0;0.0004;0;0;0;0;0;0;0;-0.0004;-0.0884;0;0;0;0;0;0;0;0;0;-0.7063;0;0.7063;1;1;0;0;0;0
26/08/21 18:00;0;0;90;0;0;90;0;0;0;0;7.19;1.65;0;0;0;0;0;0;0;0;0;0;0;0;0;1;1;1;1;0;0;0;0;0;0;0;0;0;0;0;0;0;0;0;0;0;0;0;0;0;0;0;0;0;0;0;0;0;0;0;0;0;0;0;1;1;1;1;1;1;1;1;1;1;1;1;1;1;1;1;1;1;1;0;0;0;0;0;0;0;0;0;0.0004;0.088;0;-0.0884;0;0;0;0;0;0;0;0;0;0;0;0;0;0;0;0;0;0;0;-7.19;0;0;0;0;0.0004;0;0;0;0;0;0;0;-0.0004;-0.0884;0;0;0;0;0;0;0;0;0;-0.7063;0;0.7063;1;1;0;0;0;0
26/08/21 19:00;0;0;90;0;0;90;0;0;0;0;6.49;1.72;0;0;0;0;0;0;0;0;0;0;0;0;0;1;1;1;1;0;0;0;0;0;0;0;0;0;0;0;0;0;0;0;0;0;0;0;0;0;0;0;0;0;0;0;0;0;0;0;0;0;0;0;1;1;1;1;1;1;1;1;1;1;1;1;1;1;1;1;1;1;1;0;0;0;0;0;0;0;0;0;0.0004;0.088;0;-0.0884;0;0;0;0;0;0;0;0;0;0;0;0;0;0;0;0;0;0;0;-6.49;0;0;0;0;0.0004;0;0;0;0;0;0;0;-0.0004;-0.0884;0;0;0;0;0;0;0;0;0;-0.7063;0;0.7063;1;1;0;0;0;0
26/08/21 20:00;0;0;90;0;0;90;0;0;0;0;5.2702;1.6701;0;0;0;0;0;0;0;0;0;0;0;0;0;1;1;1;1;0;0;0;0;0;0;0;0;0;0;0;0;0;0;0;0;0;0;0;0;0;0;0;0;0;0;0;0;0;0;0;0;0;0;0;1;1;1;1;1;1;1;1;1;1;1;1;1;1;1;1;1;1;1;0;0;0;0;0;0;0;0;0;0.0004;0.088;0;-0.0884;0;0;0;0;0;0;0;0;0;0;0;0;0;0;0;0;0;0;0;-5.2702;0;0;0;0;0.0004;0;0;0;0;0;0;0;-0.0004;-0.0884;0;0;0;0;0;0;0;0;0;-0.7063;0;0.7063;1;1;0;0;0;0
26/08/21 21:00;0;0;90;0;0;90;0;0;0;0;3.8303;1.5199;0;0;0;0;0;0;0;0;0;0;0;0;0;1;1;1;1;0;0;0;0;0;0;0;0;0;0;0;0;0;0;0;0;0;0;0;0;0;0;0;0;0;0;0;0;0;0;0;0;0;0;0;1;1;1;1;1;1;1;1;1;1;1;1;1;1;1;1;1;1;1;0;0;0;0;0;0;0;0;0;0.0004;0.088;0;-0.0884;0;0;0;0;0;0;0;0;0;0;0;0;0;0;0;0;0;0;0;-3.8303;0;0;0;0;0.0004;0;0;0;0;0;0;0;-0.0004;-0.0884;0;0;0;0;0;0;0;0;0;-0.7063;0;0.7063;1;1;0;0;0;0
26/08/21 22:00;0;0;90;0;0;90;0;0;0;0;3.47;1.3;0;0;0;0;0;0;0;0;0;0;0;0;0;1;1;1;1;0;0;0;0;0;0;0;0;0;0;0;0;0;0;0;0;0;0;0;0;0;0;0;0;0;0;0;0;0;0;0;0;0;0;0;1;1;1;1;1;1;1;1;1;1;1;1;1;1;1;1;1;1;1;0;0;0;0;0;0;0;0;0;0.0004;0.088;0;-0.0884;0;0;0;0;0;0;0;0;0;0;0;0;0;0;0;0;0;0;0;-3.47;0;0;0;0;0.0004;0;0;0;0;0;0;0;-0.0004;-0.0884;0;0;0;0;0;0;0;0;0;-0.7063;0;0.7063;1;1;0;0;0;0
26/08/21 23:00;0;0;90;0;0;90;0;0;0;0;3.0598;1.08;0;0;0;0;0;0;0;0;0;0;0;0;0;1;1;1;1;0;0;0;0;0;0;0;0;0;0;0;0;0;0;0;0;0;0;0;0;0;0;0;0;0;0;0;0;0;0;0;0;0;0;0;1;1;1;1;1;1;1;1;1;1;1;1;1;1;1;1;1;1;1;0;0;0;0;0;0;0;0;0;0.0004;0.088;0;-0.0884;0;0;0;0;0;0;0;0;0;0;0;0;0;0;0;0;0;0;0;-3.0598;0;0;0;0;0.0004;0;0;0;0;0;0;0;-0.0004;-0.0884;0;0;0;0;0;0;0;0;0;-0.7063;0;0.7063;1;1;0;0;0;0
27/08/21 00:00;0;0;90;0;0;90;0;0;0;0;2.06;0.9401;0;0;0;0;0;0;0;0;0;0;0;0;0;1;1;1;1;0;0;0;0;0;0;0;0;0;0;0;0;0;0;0;0;0;0;0;0;0;0;0;0;0;0;0;0;0;0;0;0;0;0;0;1;1;1;1;1;1;1;1;1;1;1;1;1;1;1;1;1;1;1;0;0;0;0;0;0;0;0;0;0.0004;0.088;0;-0.0884;0;0;0;0;0;0;0;0;0;0;0;0;0;0;0;0;0;0;0;-2.06;0;0;0;0;0.0004;0;0;0;0;0;0;0;-0.0004;-0.0884;0;0;0;0;0;0;0;0;0;-0.7063;0;0.7063;1;1;0;0;0;0
27/08/21 01:00;0;0;90;0;0;90;0;0;0;0;1.9802;0.76;0;0;0;0;0;0;0;0;0;0;0;0;0;1;1;1;1;0;0;0;0;0;0;0;0;0;0;0;0;0;0;0;0;0;0;0;0;0;0;0;0;0;0;0;0;0;0;0;0;0;0;0;1;1;1;1;1;1;1;1;1;1;1;1;1;1;1;1;1;1;1;0;0;0;0;0;0;0;0;0;0.0004;0.088;0;-0.0884;0;0;0;0;0;0;0;0;0;0;0;0;0;0;0;0;0;0;0;-1.9802;0;0;0;0;0.0004;0;0;0;0;0;0;0;-0.0004;-0.0884;0;0;0;0;0;0;0;0;0;-0.7063;0;0.7063;1;1;0;0;0;0
27/08/21 02:00;0;0;90;0;0;90;0;0;0;0;1.1998;0.59;0;0;0;0;0;0;0;0;0;0;0;0;0;1;1;1;1;0;0;0;0;0;0;0;0;0;0;0;0;0;0;0;0;0;0;0;0;0;0;0;0;0;0;0;0;0;0;0;0;0;0;0;1;1;1;1;1;1;1;1;1;1;1;1;1;1;1;1;1;1;1;0;0;0;0;0;0;0;0;0;0.0004;0.088;0;-0.0884;0;0;0;0;0;0;0;0;0;0;0;0;0;0;0;0;0;0;0;-1.1998;0;0;0;0;0.0004;0;0;0;0;0;0;0;-0.0004;-0.0884;0;0;0;0;0;0;0;0;0;-0.7063;0;0.7063;1;1;0;0;0;0
27/08/21 03:00;0;0;90;0;0;90;0;0;0;0;2.2601;0.42;0;0;0;0;0;0;0;0;0;0;0;0;0;1;1;1;1;0;0;0;0;0;0;0;0;0;0;0;0;0;0;0;0;0;0;0;0;0;0;0;0;0;0;0;0;0;0;0;0;0;0;0;1;1;1;1;1;1;1;1;1;1;1;1;1;1;1;1;1;1;1;0;0;0;0;0;0;0;0;0;0.0004;0.088;0;-0.0884;0;0;0;0;0;0;0;0;0;0;0;0;0;0;0;0;0;0;0;-2.2601;0;0;0;0;0.0004;0;0;0;0;0;0;0;-0.0004;-0.0884;0;0;0;0;0;0;0;0;0;-0.7063;0;0.7063;1;1;0;0;0;0
27/08/21 04:00;0;0;90;0;0;90;0;0;0;0;0.9997;0.2301;0;0;0;0;0;0;0;0;0;0;0;0;0;1;1;1;1;0;0;0;0;0;0;0;0;0;0;0;0;0;0;0;0;0;0;0;0;0;0;0;0;0;0;0;0;0;0;0;0;0;0;0;1;1;1;1;1;1;1;1;1;1;1;1;1;1;1;1;1;1;1;0;0;0;0;0;0;0;0;0;0.0004;0.088;0;-0.0884;0;0;0;0;0;0;0;0;0;0;0;0;0;0;0;0;0;0;0;-0.9997;0;0;0;0;0.0004;0;0;0;0;0;0;0;-0.0004;-0.0884;0;0;0;0;0;0;0;0;0;-0.7063;0;0.7063;1;1;0;0;0;0
27/08/21 05:00;0;0;90;0;0;90;0;0;0;0;0.1003;0.18;0;0;0;0;0;0;0;0;0;0;0;0;0;1;1;1;1;0;0;0;0;0;0;0;0;0;0;0;0;0;0;0;0;0;0;0;0;0;0;0;0;0;0;0;0;0;0;0;0;0;0;0;1;1;1;1;1;1;1;1;1;1;1;1;1;1;1;1;1;1;1;0;0;0;0;0;0;0;0;0;0.0004;0.088;0;-0.0884;0;0;0;0;0;0;0;0;0;0;0;0;0;0;0;0;0;0;0;-0.1003;0;0;0;0;0.0004;0;0;0;0;0;0;0;-0.0004;-0.0884;0;0;0;0;0;0;0;0;0;-0.7063;0;0.7063;1;1;0;0;0;0
27/08/21 06:00;3.249;-75.517;82.099;3.3554;4.8053;-90;-4.8053;12.795;12.795;0;0.43;0.2499;0;0;12.773;0;0;0.0036;12.776;0;12.776;0;0;12.773;0.0036;0;1;0;0.0003;12.745;0.0312;0;0;0.0282;0.003;12.163;0.5562;0;0;0.5561;0.0001;12.72;0.0255;0;0;0.0255;0;12.164;0;0;12.163;0.0005;7.5835;6.3398;1.8909;0.0001;0.0741;1.0662;0.0002;1.1403;0;1;0;0;0.9985;0.9976;1;1;0.9978;0.164;0.9563;1;1;0.9563;0.7767;0.998;1;1;0.998;0.998;0.952;0.9523;0.1271;0.0384;0.0389;0.0002;0.0069;-0.0033;0.0002;0.0009;0.0002;0;0;0.088;0;-0.0579;0;0;0;0;0;0;0;0;0;0;0;0;0.0007;0;0.033;0.033;0;0.9335;0.9335;0.5035;0.0414;31.374;1052.1;1;0.0029;0.0029;0;0;0;0;0;0;0.0301;-0.0579;0;16.39;18.979;-28.728;-33.266;91.31;91.31;0.3066;0.2638;-0.4624;0.0428;0.7262;0.1396;2.3684;0;7.5835;0;0
27/08/21 07:00;12.191;-68.49;59.193;13.073;20.197;-90;-20.197;157.8;41.003;116.8;2.4303;0.4899;0;283.27;23.357;41;0;0.7763;348.4;0;348.4;283.27;41;23.357;0.7763;0.8131;0.0693;0;0.0022;347.2;1.2019;0;0;0.5507;0.6511;334.66;11.847;9.6402;1.3953;0.7843;0.0275;346.5;0.6944;0.5665;0.082;0.0456;0.0003;334.69;273.06;39.523;21.976;0.0974;15.18;12.691;3.9674;0.0866;0.1421;2.0447;0.0311;2.1003;0;1;0;0;2.2079;0.9966;1;1;0.9764;0.1612;0.9658;0.9659;1;0.9655;0.7801;0.998;0.998;1;0.998;0.998;0.9606;0.9409;0.1255;1.0462;1.0124;0.0061;0.0133;-0.0323;0.0072;0.0255;0.0004;0;0;0.088;0;0.8645;0;0;0;0;0;0;0;0;0;0;0;0;0.0205;0.0026;0.9692;0.9692;0;15.906;15.906;13.476;0.0403;866.57;1118.4;1;0.0167;0.0167;0;0;0;0;0;0;0.9525;0.8645;0;17.647;20.435;15.742;18.228;98.281;98.281;8.3616;7.7459;6.9095;0.6157;0.8364;0.0736;0.1;0.8263;14.525;0.8227;0
27/08/21 08:00;23.148;-58.063;29.27;26.738;60;-90;-60;414.9;68.502;346.39;5.8299;1.73;0;768.67;17.629;99.849;0;16.596;902.74;0;902.74;768.67;99.849;17.629;16.596;0.8515;0.0379;0;0.0184;884.99;17.749;0;0;2.2186;15.531;881.73;1.4906;0.7756;0.1007;0.5438;0.0705;883.22;1.77;1.5373;0.1997;0.0308;0.0021;883.25;766.35;99.549;14.836;0.9926;50.389;42.125;14.778;2.9515;0.5405;7.7744;1.5174;5.3634;0;1;0;0;2.1758;0.9803;1;1;0.8742;0.0642;0.9983;0.999;1;0.9646;0.9337;0.998;0.998;1;0.998;0.998;0.9767;0.8416;0.0598;2.7109;2.6766;0.0161;-0.002;0.1583;0.0175;0.0622;0.0015;0;0;0.088;0;2.2276;0;0;0;0;0;0;0;0;0;0;0;0;0.0501;0.0157;2.3573;2.3573;0;41.987;41.987;36.157;0.041;2303.8;1023.2;1;0.0417;0.0417;0;0;0;0;0;0;2.3156;2.2276;0;16.565;19.182;15.654;18.126;98.23;98.23;21.666;18.84;17.803;2.826;1.0368;0.1304;0.0479;0.8217;15.351;0.8164;0
27/08/21 09:00;32.787;-45.35;36.215;42.159;47.841;-90;-47.841;539.6;89.502;450.1;9.8598;2.9301;0;670.6;28.449;82.623;0;14.194;795.87;0;795.87;670.6;82.623;28.449;14.194;0.8426;0.0536;0;0.0178;780.06;15.807;0;0;2.5787;13.228;774.1;4.4059;3.1262;0.3852;0.8488;0.0458;778.5;1.5601;1.3412;0.1652;0.0517;0.0019;777.57;666.14;82.072;24.97;0.9186;218.26;182.46;56.544;2.1501;2.1349;30.71;3.4765;30.694;0;1;0;0;1.4749;0.9801;1;1;0.9094;0.0681;0.9943;0.9953;1;0.9671;0.9525;0.998;0.998;1;0.998;0.998;0.9726;0.8777;0.0647;2.39;2.4067;0.0145;-0.002;0.1393;0.0158;0.056;0.0058;0;0;0.088;0;1.9958;0;0;0;0;0;0;0;0;0;0;0;0;0.0451;0.0128;2.1195;2.1195;0;41.595;41.595;31.735;0.041;2067.8;1025;1;0.0357;0.0357;0;0;0;0;0;0;2.0838;1.9958;0;16.894;19.563;15.908;18.421;98.314;98.314;19.101;16.939;15.95;2.1617;0.9889;0.1132;0.0518;0.8351;21.747;0.8116;0
27/08/21 10:00;40.263;-29.441;41.647;59.871;30.129;-90;-30.129;667.01;109.8;557.21;11.81;3.48;0;644.25;36.582;81.587;0;7.209;769.63;0;769.63;644.25;81.587;36.582;7.209;0.8371;0.0569;0;0.0094;761.67;7.9605;0;0;1.6371;6.3234;753.17;6.9758;5.0459;0.639;1.1355;0.1553;760.14;1.5233;1.2885;0.1632;0.0699;0.0018;755.21;637.91;80.785;33.739;0.7284;354.1;296.03;94.122;0.564;3.1186;44.859;2.0462;47.414;0;1;0;0;1.1538;0.9897;1;1;0.9552;0.1228;0.9908;0.9922;1;0.9674;0.8242;0.998;0.998;1;0.998;0.998;0.9786;0.9223;0.101;2.3112;2.3692;0.0143;-0.0019;0.1466;0.0155;0.0549;0.0084;0;0;0.088;0;1.9523;0;0;0;0;0;0;0;0;0;0;0;0;0.0442;0.0124;2.0749;2.0749;0;42.717;42.717;30.907;0.041;2034.7;1019.8;1;0.0346;0.0346;0;0;0;0;0;0;2.0403;1.9523;0;17.102;19.804;16.092;18.634;98.33;98.33;18.471;16.583;15.603;1.8884;0.9802;0.1022;0.0531;0.8447;24.132;0.8094;0
27/08/21 11:00;44.452;-10.209;44.631;79.759;10.241;-90;-10.241;735.3;121.1;614.2;12.91;3.8;0;624.15;41.592;80.454;0;0.9371;747.13;0;747.13;624.15;80.454;41.592;0.9371;0.8354;0.0569;0;0.0013;746.04;1.0946;0;0;0.3133;0.7812;736.08;8.4584;5.9755;0.7703;1.6776;0.035;744.54;1.4921;1.2483;0.1609;0.0826;0.0003;736.27;616.92;79.523;39.519;0.1206;429.23;358.83;114.1;0.0134;3.7358;53.738;0.182;57.46;0;1;0;0;1.0161;0.9985;1;1;0.9925;0.1663;0.9886;0.9904;1;0.9593;0.7752;0.998;0.998;1;0.998;0.998;0.9852;0.9501;0.1287;2.2436;2.3308;0.014;-0.0017;0.1476;0.0152;0.0539;0.01;0;0;0.088;0;1.9145;0;0;0;0;0;0;0;0;0;0;0;0;0.0434;0.012;2.0364;2.0364;0;43.127;43.127;30.217;0.0411;2000.9;1017.7;1;0.0339;0.0339;0;0;0;0;0;0;2.0025;1.9145;0;17.29;20.022;16.255;18.823;98.337;98.337;17.931;16.275;15.301;1.6565;0.9739;0.0924;0.0543;0.8533;24.947;0.8097;0
27/08/21 12:00;44.416;10.54;44.606;79.425;10.575;90;10.575;445.29;320;125.29;13.53;4.09;0;127.46;274.94;43.442;0;0.6051;446.44;0;446.44;127.46;43.442;274.94;0.6051;0.2855;0.6172;0;0.0014;443.75;2.6973;0;0;2.1921;0.5052;430.18;12.684;1.2184;0.4153;11.028;0.0225;442.86;0.8875;0.2549;0.0869;0.5455;0.0002;430.29;125.98;42.94;261.17;0.0772;262.92;219.8;67.47;0.0989;2.4519;35.269;0.1143;37.622;0;1;0;0;1.0026;0.994;1;1;0.992;0.1651;0.9714;0.9904;1;0.9595;0.7747;0.998;0.998;1;0.998;0.998;0.9636;0.9499;0.1277;1.3407;1.3703;0.0082;0.0081;0.0292;0.0093;0.0329;0.0068;0;0;0.088;0;1.1367;0;0;0;0;0;0;0;0;0;0;0;0;0.0265;0.0045;1.2448;1.2448;0;31.048;31.048;17.518;0.0407;1174.9;1059.5;1;0.02;0.02;0;0;0;0;0;0;1.2247;1.1367;0;17.687;20.482;16.152;18.704;98.391;98.391;10.715;9.9482;9.0849;0.7664;0.8633;0.0715;0.0806;0.8479;165.05;0.8005;0
27/08/21 13:00;40.165;29.727;41.577;59.566;30.434;90;30.434;227.6;221.1;6.5004;13.5;4.28;0;7.5392;204.32;1.9265;0;2.5089;216.29;0;216.29;7.5392;1.9265;204.32;2.5089;0.0349;0.9562;0;0.0116;204.77;11.518;0;0;9.3079;2.2098;197.91;6.4568;0.0587;0.015;6.3307;0.0524;204.37;0.4095;0.0151;0.0039;0.39;0.0006;198.71;7.4654;1.9076;188.29;0.2461;139.35;116.5;36.886;3.2522;1.4343;20.632;0.806;18.814;0;1;0;0;0.9503;0.9467;1;1;0.9544;0.1192;0.9684;0.9922;1;0.9675;0.8246;0.998;0.998;1;0.998;0.998;0.915;0.9216;0.0981;0.6495;0.642;0.0039;0.0174;-0.008;0.0044;0.0156;0.004;0;0;0.088;0;0.4923;0;0;0;0;0;0;0;0;0;0;0;0;0.0126;0.0012;0.5909;0.5909;0;21.538;21.538;8.0381;0.0406;547.95;1078.4;1;0.0106;0.0106;0;0;0;0;0;0;0.5803;0.4923;0;17.33;20.068;14.439;16.719;98.205;98.205;5.191;4.7225;3.9344;0.4686;0.788;0.0903;0.1518;0.7579;135.07;0.7074;0
27/08/21 14:00;32.645;45.579;36.111;41.892;48.108;90;48.108;220.19;210.3;9.8926;13.7;4.1;0;14.815;172.97;4.3055;0;5.8532;197.94;0;197.94;14.815;4.3055;172.97;5.8532;0.0748;0.9034;0;0.0296;176.64;21.304;0;0;15.834;5.4694;171.02;5.267;0.0682;0.0198;5.1608;0.0182;176.28;0.3533;0.0296;0.0086;0.3143;0.0008;173.31;14.718;4.2771;151.66;0.3648;137.47;114.93;39.055;13.306;1.898;27.301;2.2937;15.893;0;1;0;0;0.8989;0.8924;1;1;0.9085;0.0656;0.9701;0.9954;1;0.9671;0.9524;0.998;0.998;1;0.998;0.998;0.864;0.8768;0.0623;0.5944;0.5795;0.0035;0.0178;-0.009;0.004;0.0141;0.0053;0;0;0.088;0;0.4337;0;0;0;0;0;0;0;0;0;0;0;0;0.0113;0.001;0.5316;0.5316;0;20.649;20.649;6.9492;0.0406;493.69;1076.8;1;0.0099;0.0099;0;0;0;0;0;0;0.5217;0.4337;0;17.037;19.728;13.901;16.097;98.147;98.147;4.7505;4.2485;3.4664;0.5021;0.782;0.1057;0.1646;0.7297;132.55;0.6614;0
27/08/21 15:00;22.979;58.248;29.171;26.505;60;90;60;61.69;61.098;0.5923;12.9;3.21;0;1.3247;45.772;0.1545;0;2.4676;49.719;0;49.719;1.3247;0.1545;45.772;2.4676;0.0266;0.9702;0;0.0496;41.631;8.087;0;0;5.7724;2.3146;40.125;1.4236;0.0013;0.0002;1.4117;0.0104;41.548;0.0833;0.0026;0.0003;0.08;0.0003;41.201;1.3207;0.1541;38.508;0.1423;39.902;33.358;12.027;7.6528;0.7524;10.822;1.0764;3.9218;0;1;0;0;0.8059;0.8373;1;1;0.8739;0.062;0.9657;0.999;1;0.9646;0.9319;0.998;0.998;1;0.998;0.998;0.807;0.8413;0.0577;0.1493;0.1469;0.0009;0.0134;-0.0057;0.001;0.0034;0.002;0;0;0.088;0;0.0355;0;0;0;0;0;0;0;0;0;0;0;0;0.0028;0.0001;0.129;0.129;0;14.547;14.547;1.6474;0.0411;123.31;1045.8;1;0.0055;0.0055;0;0;0;0;0;0;0.1235;0.0355;0;16.454;19.053;4.5244;5.2391;95.737;95.737;1.1932;1.0306;0.2834;0.1626;0.7472;0.1363;0.6262;0.2375;39.847;0.2042;0
27/08/21 16:00;12.006;68.646;59.702;12.863;19.815;90;19.815;121.7;108;13.699;12.8;2.43;0;33.225;99.659;12.859;0;0.5764;146.32;0;146.32;33.225;12.859;99.659;0.5764;0.2271;0.685;0;0.0039;143.55;2.7664;0;0;2.2821;0.4843;138.22;5.0499;1.2002;0.4645;3.3649;0.0204;143.27;0.2871;0.0665;0.0257;0.1948;0.0002;138.34;31.958;12.369;93.817;0.0716;61.956;51.795;15.803;0.344;0.6049;8.7008;0.1264;8.9617;0;1;0;0;1.2023;0.9811;1;1;0.9771;0.1599;0.9648;0.9638;1;0.9654;0.7783;0.998;0.998;1;0.998;0.998;0.9446;0.9414;0.1242;0.4394;0.435;0.0026;0.018;-0.0103;0.003;0.0105;0.0017;0;0;0.088;0;0.3039;0;0;0;0;0;0;0;0;0;0;0;0;0.0085;0.0006;0.4004;0.4004;0;18.417;18.417;5.6165;0.0406;371.13;1078.8;1;0.0085;0.0085;0;0;0;0;0;0;0.3919;0.3039;0;17.358;20.1;13.175;15.256;97.881;97.881;3.5117;3.1998;2.4287;0.3119;0.7711;0.0888;0.2196;0.6916;61.863;0.6621;0
27/08/21 17:00;3.2546;75.513;82.086;3.3613;4.8138;90;4.8138;0.0977;0;0.0977;11.67;2.5;0;0.2369;0;0;0;0;0.2369;0.2369;0;0.2369;0;0;0;1;1;1;1;0;0;0;0;0;0;0;0;0;0;0;0;0;0;0;0;0;0;0;0;0;0;0;0;0;0;0;0;0;0;0;0;0;0;0;0;1;1;1;1;1;1;1;1;1;1;1;0;1;1;0;1;1;0;0;0;0;0;0;0;0;0;0;0.0004;0.088;0;-0.0884;0;0;0;0;0;0;0;0;0;0;0;0;0;0;0;0;0;0;0;-11.67;0;0;0;0;0.0004;0;0;0;0;0;0;0;-0.0004;-0.0884;0;0;0;0;0;0;0;0;0;-0.7063;0;0.7063;1;1;0;0;0;0
27/08/21 18:00;0;0;90;0;0;90;0;0;0;0;9.4602;2.34;0;0;0;0;0;0;0;0;0;0;0;0;0;1;1;1;1;0;0;0;0;0;0;0;0;0;0;0;0;0;0;0;0;0;0;0;0;0;0;0;0;0;0;0;0;0;0;0;0;0;0;0;1;1;1;1;1;1;1;1;1;1;1;1;1;1;1;1;1;1;1;0;0;0;0;0;0;0;0;0;0.0004;0.088;0;-0.0884;0;0;0;0;0;0;0;0;0;0;0;0;0;0;0;0;0;0;0;-9.4602;0;0;0;0;0.0004;0;0;0;0;0;0;0;-0.0004;-0.0884;0;0;0;0;0;0;0;0;0;-0.7063;0;0.7063;1;1;0;0;0;0
27/08/21 19:00;0;0;90;0;0;90;0;0;0;0;7.8202;2.1699;0;0;0;0;0;0;0;0;0;0;0;0;0;1;1;1;1;0;0;0;0;0;0;0;0;0;0;0;0;0;0;0;0;0;0;0;0;0;0;0;0;0;0;0;0;0;0;0;0;0;0;0;1;1;1;1;1;1;1;1;1;1;1;1;1;1;1;1;1;1;1;0;0;0;0;0;0;0;0;0;0.0004;0.088;0;-0.0884;0;0;0;0;0;0;0;0;0;0;0;0;0;0;0;0;0;0;0;-7.8202;0;0;0;0;0.0004;0;0;0;0;0;0;0;-0.0004;-0.0884;0;0;0;0;0;0;0;0;0;-0.7063;0;0.7063;1;1;0;0;0;0
27/08/21 20:00;0;0;90;0;0;90;0;0;0;0;5.2702;2.0601;0;0;0;0;0;0;0;0;0;0;0;0;0;1;1;1;1;0;0;0;0;0;0;0;0;0;0;0;0;0;0;0;0;0;0;0;0;0;0;0;0;0;0;0;0;0;0;0;0;0;0;0;1;1;1;1;1;1;1;1;1;1;1;1;1;1;1;1;1;1;1;0;0;0;0;0;0;0;0;0;0.0004;0.088;0;-0.0884;0;0;0;0;0;0;0;0;0;0;0;0;0;0;0;0;0;0;0;-5.2702;0;0;0;0;0.0004;0;0;0;0;0;0;0;-0.0004;-0.0884;0;0;0;0;0;0;0;0;0;-0.7063;0;0.7063;1;1;0;0;0;0
27/08/21 21:00;0;0;90;0;0;90;0;0;0;0;4.7397;2.03;0;0;0;0;0;0;0;0;0;0;0;0;0;1;1;1;1;0;0;0;0;0;0;0;0;0;0;0;0;0;0;0;0;0;0;0;0;0;0;0;0;0;0;0;0;0;0;0;0;0;0;0;1;1;1;1;1;1;1;1;1;1;1;1;1;1;1;1;1;1;1;0;0;0;0;0;0;0;0;0;0.0004;0.088;0;-0.0884;0;0;0;0;0;0;0;0;0;0;0;0;0;0;0;0;0;0;0;-4.7397;0;0;0;0;0.0004;0;0;0;0;0;0;0;-0.0004;-0.0884;0;0;0;0;0;0;0;0;0;-0.7063;0;0.7063;1;1;0;0;0;0
27/08/21 22:00;0;0;90;0;0;90;0;0;0;0;3.47;2.0099;0;0;0;0;0;0;0;0;0;0;0;0;0;1;1;1;1;0;0;0;0;0;0;0;0;0;0;0;0;0;0;0;0;0;0;0;0;0;0;0;0;0;0;0;0;0;0;0;0;0;0;0;1;1;1;1;1;1;1;1;1;1;1;1;1;1;1;1;1;1;1;0;0;0;0;0;0;0;0;0;0.0004;0.088;0;-0.0884;0;0;0;0;0;0;0;0;0;0;0;0;0;0;0;0;0;0;0;-3.47;0;0;0;0;0.0004;0;0;0;0;0;0;0;-0.0004;-0.0884;0;0;0;0;0;0;0;0;0;-0.7063;0;0.7063;1;1;0;0;0;0
27/08/21 23:00;0;0;90;0;0;90;0;0;0;0;2.6703;1.9101;0;0;0;0;0;0;0;0;0;0;0;0;0;1;1;1;1;0;0;0;0;0;0;0;0;0;0;0;0;0;0;0;0;0;0;0;0;0;0;0;0;0;0;0;0;0;0;0;0;0;0;0;1;1;1;1;1;1;1;1;1;1;1;1;1;1;1;1;1;1;1;0;0;0;0;0;0;0;0;0;0.0004;0.088;0;-0.0884;0;0;0;0;0;0;0;0;0;0;0;0;0;0;0;0;0;0;0;-2.6703;0;0;0;0;0.0004;0;0;0;0;0;0;0;-0.0004;-0.0884;0;0;0;0;0;0;0;0;0;-0.7063;0;0.7063;1;1;0;0;0;0
28/08/21 00:00;0;0;90;0;0;90;0;0;0;0;1.8799;1.7501;0;0;0;0;0;0;0;0;0;0;0;0;0;1;1;1;1;0;0;0;0;0;0;0;0;0;0;0;0;0;0;0;0;0;0;0;0;0;0;0;0;0;0;0;0;0;0;0;0;0;0;0;1;1;1;1;1;1;1;1;1;1;1;1;1;1;1;1;1;1;1;0;0;0;0;0;0;0;0;0;0.0004;0.088;0;-0.0884;0;0;0;0;0;0;0;0;0;0;0;0;0;0;0;0;0;0;0;-1.8799;0;0;0;0;0.0004;0;0;0;0;0;0;0;-0.0004;-0.0884;0;0;0;0;0;0;0;0;0;-0.7063;0;0.7063;1;1;0;0;0;0
28/08/21 01:00;0;0;90;0;0;90;0;0;0;0;1.0702;1.6701;0;0;0;0;0;0;0;0;0;0;0;0;0;1;1;1;1;0;0;0;0;0;0;0;0;0;0;0;0;0;0;0;0;0;0;0;0;0;0;0;0;0;0;0;0;0;0;0;0;0;0;0;1;1;1;1;1;1;1;1;1;1;1;1;1;1;1;1;1;1;1;0;0;0;0;0;0;0;0;0;0.0004;0.088;0;-0.0884;0;0;0;0;0;0;0;0;0;0;0;0;0;0;0;0;0;0;0;-1.0702;0;0;0;0;0.0004;0;0;0;0;0;0;0;-0.0004;-0.0884;0;0;0;0;0;0;0;0;0;-0.7063;0;0.7063;1;1;0;0;0;0
28/08/21 02:00;0;0;90;0;0;90;0;0;0;0;0.9898;1.6099;0;0;0;0;0;0;0;0;0;0;0;0;0;1;1;1;1;0;0;0;0;0;0;0;0;0;0;0;0;0;0;0;0;0;0;0;0;0;0;0;0;0;0;0;0;0;0;0;0;0;0;0;1;1;1;1;1;1;1;1;1;1;1;1;1;1;1;1;1;1;1;0;0;0;0;0;0;0;0;0;0.0004;0.088;0;-0.0884;0;0;0;0;0;0;0;0;0;0;0;0;0;0;0;0;0;0;0;-0.9898;0;0;0;0;0.0004;0;0;0;0;0;0;0;-0.0004;-0.0884;0;0;0;0;0;0;0;0;0;-0.7063;0;0.7063;1;1;0;0;0;0
28/08/21 03:00;0;0;90;0;0;90;0;0;0;0;0.7598;1.55;0;0;0;0;0;0;0;0;0;0;0;0;0;1;1;1;1;0;0;0;0;0;0;0;0;0;0;0;0;0;0;0;0;0;0;0;0;0;0;0;0;0;0;0;0;0;0;0;0;0;0;0;1;1;1;1;1;1;1;1;1;1;1;1;1;1;1;1;1;1;1;0;0;0;0;0;0;0;0;0;0.0004;0.088;0;-0.0884;0;0;0;0;0;0;0;0;0;0;0;0;0;0;0;0;0;0;0;-0.7598;0;0;0;0;0.0004;0;0;0;0;0;0;0;-0.0004;-0.0884;0;0;0;0;0;0;0;0;0;-0.7063;0;0.7063;1;1;0;0;0;0
28/08/21 04:00;0;0;90;0;0;90;0;0;0;0;0.0398;1.38;0;0;0;0;0;0;0;0;0;0;0;0;0;1;1;1;1;0;0;0;0;0;0;0;0;0;0;0;0;0;0;0;0;0;0;0;0;0;0;0;0;0;0;0;0;0;0;0;0;0;0;0;1;1;1;1;1;1;1;1;1;1;1;1;1;1;1;1;1;1;1;0;0;0;0;0;0;0;0;0;0.0004;0.088;0;-0.0884;0;0;0;0;0;0;0;0;0;0;0;0;0;0;0;0;0;0;0;-0.0398;0;0;0;0;0.0004;0;0;0;0;0;0;0;-0.0004;-0.0884;0;0;0;0;0;0;0;0;0;-0.7063;0;0.7063;1;1;0;0;0;0
28/08/21 05:00;0;0;90;0;0;90;0;0;0;0;-0.1397;1.2799;0;0;0;0;0;0;0;0;0;0;0;0;0;1;1;1;1;0;0;0;0;0;0;0;0;0;0;0;0;0;0;0;0;0;0;0;0;0;0;0;0;0;0;0;0;0;0;0;0;0;0;0;1;1;1;1;1;1;1;1;1;1;1;1;1;1;1;1;1;1;1;0;0;0;0;0;0;0;0;0;0.0004;0.088;0;-0.0884;0;0;0;0;0;0;0;0;0;0;0;0;0;0;0;0;0;0;0;0.1397;0;0;0;0;0.0004;0;0;0;0;0;0;0;-0.0004;-0.0884;0;0;0;0;0;0;0;0;0;-0.7063;0;0.7063;1;1;0;0;0;0
28/08/21 06:00;3.3175;-75.906;81.932;3.4202;4.899;-90;-4.899;11.506;11.302;0.2041;-0.6602;1.0499;0;0.495;11.251;0.072;0;0.0034;11.822;0;11.822;0.495;0.072;11.251;0.0034;0.0419;0.952;0;0.0003;11.793;0.0284;0;0;0.0256;0.0028;11.056;0.7141;0.1961;0.0285;0.4893;0.0001;11.77;0.0236;0.001;0.0001;0.0225;0;11.056;0.2979;0.0434;10.714;0.0004;6.6822;5.5864;1.6664;0.0001;0.0653;0.9393;0.0002;1.0045;0;1;0;0;1.0275;0.9976;1;1;0.9977;0.1641;0.9393;0.6031;1;0.9563;0.7766;0.998;0.998;1;0.998;0.998;0.9352;0.9522;0.1272;0.0355;0.0353;0.0002;0.0065;-0.0031;0.0002;0.0008;0.0002;0;0;0.088;0;-0.061;0;0;0;0;0;0;0;0;0;0;0;0;0.0006;0;0.0298;0.0298;0;-0.202;-0.202;0.4582;0.0414;28.295;1052.8;1;0.0028;0.0028;0;0;0;0;0;0;0.027;-0.061;0;15.985;18.51;-32.728;-37.898;90.669;90.669;0.2837;0.2381;-0.4874;0.0457;0.7255;0.1609;2.5571;0;6.6811;0;0
28/08/21 07:00;12.47;-68.724;58.421;13.35;20.706;-90;-20.706;165.91;39;126.91;2.2701;0.7001;0;307.79;21.214;41.421;0;0.8573;371.28;0;371.28;307.79;41.421;21.214;0.8573;0.829;0.0594;0;0.0023;370.04;1.2411;0;0;0.5205;0.7205;357.7;11.592;9.5665;1.2874;0.7086;0.0298;369.3;0.7401;0.6156;0.0828;0.0414;0.0003;357.73;297.6;40.051;19.943;0.1067;13.931;11.647;3.6613;0.0862;0.1296;1.8638;0.0301;1.9072;0;1;0;0;2.2379;0.9967;1;1;0.9755;0.1596;0.9686;0.9689;1;0.9657;0.7815;0.998;0.998;1;0.998;0.998;0.9634;0.9401;0.1245;1.1149;1.0814;0.0065;0.0123;-0.0316;0.0077;0.0272;0.0004;0;0;0.088;0;0.9285;0;0;0;0;0;0;0;0;0;0;0;0;0.0219;0.0029;1.0342;1.0342;0;16.678;16.678;14.408;0.0403;925.7;1117.2;1;0.0177;0.0177;0;0;0;0;0;0;1.0165;0.9285;0;17.67;20.461;15.865;18.371;98.293;98.293;8.9106;8.2651;7.4207;0.6455;0.8444;0.0724;0.0948;0.8328;13.226;0.8297;0
28/08/21 08:00;23.448;-58.28;28.98;27.017;60;-90;-60;375.1;63.699;311.4;8.0602;0.5401;0;684.6;19.917;81.655;0;15.004;801.18;0;801.18;684.6;81.655;19.917;15.004;0.8545;0.0436;0;0.0187;784.63;16.548;0;0;2.5066;14.041;781.62;1.4436;0.6839;0.0816;0.6144;0.0637;783.06;1.5693;1.3692;0.1633;0.0348;0.0019;783.05;682.55;81.41;16.762;0.8974;51.497;43.051;15.34;3.3336;0.5575;8.0193;1.4311;5.2432;0;1;0;0;2.1359;0.9793;1;1;0.8742;0.0642;0.9982;0.999;1;0.9646;0.9337;0.998;0.998;1;0.998;0.998;0.9756;0.8416;0.0598;2.4059;2.3754;0.0143;-0.0019;0.1247;0.0157;0.0556;0.0015;0;0;0.088;0;1.9847;0;0;0;0;0;0;0;0;0;0;0;0;0.0447;0.0125;2.1083;2.1083;0;40.063;40.063;32.002;0.0409;2041.6;1032.7;1;0.0356;0.0356;0;0;0;0;0;0;2.0727;1.9847;0;16.693;19.33;15.715;18.197;98.311;98.311;19.228;16.85;15.862;2.3787;0.9879;0.1237;0.0514;0.8249;17.344;0.8188;0
28/08/21 09:00;33.113;-45.531;35.927;42.426;47.574;-90;-47.574;539.51;90.799;448.71;10.63;1.2701;0;665.11;29.5;82.366;0;14.043;791.02;0;791.02;665.11;82.366;29.5;14.043;0.8408;0.055;0;0.0178;775.28;15.734;0;0;2.6523;13.082;769.45;4.2854;2.9888;0.3701;0.88;0.0464;773.73;1.5506;1.3302;0.1647;0.0537;0.0019;772.85;660.79;81.831;25.914;0.9124;220.08;183.99;57.788;2.1866;2.1038;30.263;3.4073;30.18;0;1;0;0;1.4662;0.9801;1;1;0.9101;0.0684;0.9945;0.9955;1;0.9672;0.9516;0.998;0.998;1;0.998;0.998;0.9727;0.8784;0.065;2.3754;2.3915;0.0144;-0.0019;0.1435;0.0156;0.0555;0.0057;0;0;0.088;0;1.9782;0;0;0;0;0;0;0;0;0;0;0;0;0.0447;0.0127;2.1015;2.1015;0;42.19;42.19;31.56;0.041;2055.1;1022.6;1;0.0352;0.0352;0;0;0;0;0;0;2.0662;1.9782;0;16.853;19.515;15.865;18.371;98.324;98.324;18.984;16.795;15.81;2.1895;0.9848;0.1153;0.0519;0.8328;22.493;0.8096;0
28/08/21 10:00;40.614;-29.546;41.33;60.099;29.901;-90;-29.901;665.5;110.3;555.2;12.35;1.17;0;640.45;37.532;80.858;0;7.0869;765.93;0;765.93;640.45;80.858;37.532;7.0869;0.8362;0.0583;0;0.0093;758.06;7.8689;0;0;1.6595;6.2094;749.71;6.8377;4.8977;0.6183;1.1665;0.1552;756.54;1.5161;1.2809;0.1617;0.0717;0.0018;751.67;634.27;80.078;34.634;0.7205;354.06;296;94.943;0.5636;3.0643;44.078;1.9668;46.579;0;1;0;0;1.1509;0.9897;1;1;0.9558;0.1238;0.991;0.9923;1;0.9674;0.8228;0.998;0.998;1;0.998;0.998;0.9788;0.9228;0.1017;2.3001;2.3569;0.0142;-0.0018;0.1492;0.0154;0.0545;0.0082;0;0;0.088;0;1.9387;0;0;0;0;0;0;0;0;0;0;0;0;0.0439;0.0123;2.061;2.061;0;43.126;43.126;30.776;0.0411;2024.4;1018.1;1;0.0343;0.0343;0;0;0;0;0;0;2.0267;1.9387;0;17.07;19.767;16.057;18.593;98.334;98.334;18.382;16.472;15.494;1.9107;0.9778;0.1039;0.0532;0.8429;24.72;0.8081;0
28/08/21 11:00;44.811;-10.184;44.287;79.909;10.091;-90;-10.091;731.81;121.6;610.21;13.8;1.49;0;619.8;42.82;79.676;0;0.9057;743.2;0;743.2;619.8;79.676;42.82;0.9057;0.834;0.0588;0;0.0012;742.13;1.0699;0;0;0.3148;0.7551;732.32;8.3215;5.8095;0.7468;1.7313;0.0338;740.64;1.4843;1.2396;0.1594;0.085;0.0003;732.5;612.75;78.77;40.689;0.1165;427.33;357.25;113.58;0.0131;3.7206;53.52;0.1746;57.227;0;1;0;0;1.0156;0.9986;1;1;0.9926;0.1663;0.9888;0.9906;1;0.9592;0.7752;0.998;0.998;1;0.998;0.998;0.9854;0.9502;0.1287;2.2318;2.319;0.014;-0.0017;0.1531;0.0151;0.0535;0.0099;0;0;0.088;0;1.8987;0;0;0;0;0;0;0;0;0;0;0;0;0.0431;0.0119;2.0202;2.0202;0;43.882;43.882;30.082;0.0411;1991.1;1014.6;1;0.0335;0.0335;0;0;0;0;0;0;1.9867;1.8987;0;17.243;19.967;16.206;18.767;98.342;98.342;17.837;16.145;15.174;1.6915;0.9709;0.0948;0.0544;0.8507;25.674;0.8072;0
28/08/21 12:00;44.754;10.714;44.247;79.38;10.62;90;10.62;735.79;124.3;611.49;14.97;1.7501;0;622.15;43.487;81.837;0;1.0083;748.48;0;748.48;622.15;81.837;43.487;1.0083;0.8312;0.0594;0;0.0013;747.29;1.191;0;0;0.3492;0.8418;737.43;8.3626;5.8171;0.7652;1.7429;0.0374;745.8;1.4946;1.2443;0.1637;0.0863;0.0003;737.63;615.09;80.909;41.309;0.1287;429.19;358.8;114.09;0.0161;3.7362;53.744;0.1992;57.464;0;1;0;0;1.0172;0.9984;1;1;0.992;0.1651;0.9888;0.9906;1;0.9595;0.7747;0.998;0.998;1;0.998;0.998;0.9852;0.9499;0.1277;2.2477;2.335;0.0141;-0.0017;0.1659;0.0151;0.0535;0.0099;0;0;0.088;0;1.9016;0;0;0;0;0;0;0;0;0;0;0;0;0.0431;0.0121;2.023;2.023;0;45.297;45.297;30.327;0.0411;2005.7;1008.6;1;0.0334;0.0334;0;0;0;0;0;0;1.9896;1.9016;0;17.146;19.854;16.116;18.663;98.348;98.348;17.964;16.168;15.197;1.7958;0.9704;0.1;0.054;0.846;26.108;0.8029;0
28/08/21 13:00;40.457;30.002;41.219;59.615;30.385;90;30.385;679.61;119.1;560.51;15.47;1.5801;0;649.75;39.533;88.861;0;7.4679;785.61;0;785.61;649.75;88.861;39.533;7.4679;0.8271;0.0598;0;0.0095;777.24;8.3724;0;0;1.7963;6.576;768.71;6.9819;4.9265;0.6738;1.2252;0.1564;775.69;1.5545;1.2995;0.1777;0.0755;0.0018;770.83;643.53;88.009;36.436;0.7337;360.23;301.16;95.784;0.6275;3.1741;45.658;2.1257;48.204;0;1;0;0;1.156;0.9893;1;1;0.9546;0.1194;0.991;0.9924;1;0.9675;0.8243;0.998;0.998;1;0.998;0.998;0.9785;0.9217;0.0982;2.3592;2.4179;0.0146;-0.002;0.1874;0.0155;0.0551;0.0084;0;0;0.088;0;1.9593;0;0;0;0;0;0;0;0;0;0;0;0;0.0443;0.0129;2.0817;2.0817;0;47.129;47.129;31.66;0.0412;2079.2;1001.2;1;0.0344;0.0344;0;0;0;0;0;0;2.0473;1.9593;0;16.809;19.465;15.821;18.32;98.348;98.348;18.855;16.637;15.659;2.2176;0.9782;0.1176;0.0519;0.8305;26.126;0.7959;0
28/08/21 14:00;32.887;45.896;35.763;42.003;47.997;90;47.997;545.8;122.3;423.49;15.83;1.2799;0;632.87;42.757;106.21;0;14.446;796.28;0;796.28;632.87;106.21;42.757;14.446;0.7948;0.0718;0;0.0181;778.88;17.398;0;0;3.9011;13.496;772.76;4.5713;2.7831;0.4671;1.2757;0.0454;777.33;1.5578;1.2657;0.2124;0.0777;0.0019;776.36;628.82;105.53;37.502;0.9018;224.05;187.31;58.282;3.2663;2.2451;32.294;3.6093;31.273;0;1;0;0;1.4589;0.9782;1;1;0.9088;0.0657;0.9941;0.9956;1;0.9671;0.952;0.998;0.998;1;0.998;0.998;0.9705;0.8771;0.0624;2.3912;2.4064;0.0145;-0.002;0.1912;0.0154;0.0547;0.0059;0;0;0.088;0;1.9477;0;0;0;0;0;0;0;0;0;0;0;0;0.044;0.0128;2.0698;2.0698;0;47.67;47.67;31.84;0.0412;2070.7;999.58;1;0.0341;0.0341;0;0;0;0;0;0;2.0357;1.9477;0;16.49;19.094;15.517;17.968;98.351;98.351;19.111;16.542;15.566;2.5686;0.9761;0.1344;0.0511;0.8145;32.731;0.7905;0
28/08/21 15:00;23.179;58.573;28.82;26.646;60;90;60;359.5;138.6;220.9;15.74;1.1101;0;491.7;60.483;129.01;0;14.38;695.57;0;695.57;491.7;129.01;60.483;14.38;0.7069;0.1076;0;0.0207;674.45;21.116;0;0;7.6277;13.488;670.56;2.5427;0.4885;0.1282;1.8654;0.0606;673.1;1.3489;0.9834;0.258;0.1057;0.0018;672.77;490.23;128.62;50.884;0.8292;76.831;64.231;22.783;10.115;1.1727;16.869;2.2079;7.9267;0;1;0;0;1.9348;0.9696;1;1;0.8739;0.062;0.9962;0.999;1;0.9646;0.9319;0.998;0.998;1;0.998;0.998;0.964;0.8413;0.0577;2.0888;2.0619;0.0124;-0.0001;0.1321;0.0134;0.0476;0.0031;0;0;0.088;0;1.6879;0;0;0;0;0;0;0;0;0;0;0;0;0.0383;0.0096;1.8053;1.8053;0;43.277;43.277;27.536;0.0411;1772.7;1018.4;1;0.0294;0.0294;0;0;0;0;0;0;1.7759;1.6879;0;16.465;19.066;15.394;17.825;98.369;98.369;16.694;14.428;13.489;2.2655;0.9386;0.1357;0.0562;0.8081;52.655;0.7937;0
28/08/21 16:00;12.175;68.971;59.236;13.015;20.092;90;20.092;152.99;115.1;37.896;15.2;1.49;0;91.91;96.656;37.373;0;0.7448;226.68;0;226.68;91.91;37.373;96.656;0.7448;0.4055;0.4297;0;0.0033;223.79;2.8907;0;0;2.2645;0.6262;215.65;7.6973;3.144;1.2784;3.2487;0.0262;223.34;0.4476;0.1838;0.0747;0.1888;0.0002;215.77;88.582;36.019;90.954;0.0922;60.339;50.443;15.426;0.3507;0.5878;8.4548;0.127;8.6919;0;1;0;0;1.4816;0.9872;1;1;0.9766;0.1593;0.9655;0.9657;1;0.9655;0.7788;0.998;0.998;1;0.998;0.998;0.9513;0.941;0.1238;0.6807;0.6677;0.004;0.0172;-0.0025;0.0045;0.0161;0.0016;0;0;0.088;0;0.5136;0;0;0;0;0;0;0;0;0;0;0;0;0.013;0.0013;0.6124;0.6124;0;23.97;23.97;8.7704;0.0407;571.23;1072.1;1;0.0108;0.0108;0;0;0;0;0;0;0.6016;0.5136;0;17.138;19.846;14.372;16.643;98.229;98.229;5.4404;4.8944;4.1045;0.546;0.79;0.1004;0.1452;0.7544;60.078;0.7339;0
28/08/21 17:00;3.2095;75.986;82.196;3.3077;4.7364;90;4.7364;0;0;0;11.83;2.27;0;0;0;0;0;0;0;0;0;0;0;0;0;1;1;1;1;0;0;0;0;0;0;0;0;0;0;0;0;0;0;0;0;0;0;0;0;0;0;0;0;0;0;0;0;0;0;0;0;0;0;0;1;1;1;1;1;1;1;1;1;1;1;1;1;1;1;1;1;1;1;0;0;0;0;0;0;0;0;0;0.0004;0.088;0;-0.0884;0;0;0;0;0;0;0;0;0;0;0;0;0;0;0;0;0;0;0;-11.83;0;0;0;0;0.0004;0;0;0;0;0;0;0;-0.0004;-0.0884;0;0;0;0;0;0;0;0;0;-0.7063;0;0.7063;1;1;0;0;0;0
28/08/21 18:00;0;0;90;0;0;90;0;0;0;0;6.5299;2.91;0;0;0;0;0;0;0;0;0;0;0;0;0;1;1;1;1;0;0;0;0;0;0;0;0;0;0;0;0;0;0;0;0;0;0;0;0;0;0;0;0;0;0;0;0;0;0;0;0;0;0;0;1;1;1;1;1;1;1;1;1;1;1;1;1;1;1;1;1;1;1;0;0;0;0;0;0;0;0;0;0.0004;0.088;0;-0.0884;0;0;0;0;0;0;0;0;0;0;0;0;0;0;0;0;0;0;0;-6.5299;0;0;0;0;0.0004;0;0;0;0;0;0;0;-0.0004;-0.0884;0;0;0;0;0;0;0;0;0;-0.7063;0;0.7063;1;1;0;0;0;0
28/08/21 19:00;0;0;90;0;0;90;0;0;0;0;5.2901;3.3301;0;0;0;0;0;0;0;0;0;0;0;0;0;1;1;1;1;0;0;0;0;0;0;0;0;0;0;0;0;0;0;0;0;0;0;0;0;0;0;0;0;0;0;0;0;0;0;0;0;0;0;0;1;1;1;1;1;1;1;1;1;1;1;1;1;1;1;1;1;1;1;0;0;0;0;0;0;0;0;0;0.0004;0.088;0;-0.0884;0;0;0;0;0;0;0;0;0;0;0;0;0;0;0;0;0;0;0;-5.2901;0;0;0;0;0.0004;0;0;0;0;0;0;0;-0.0004;-0.0884;0;0;0;0;0;0;0;0;0;-0.7063;0;0.7063;1;1;0;0;0;0
28/08/21 20:00;0;0;90;0;0;90;0;0;0;0;5.3699;3.37;0;0;0;0;0;0;0;0;0;0;0;0;0;1;1;1;1;0;0;0;0;0;0;0;0;0;0;0;0;0;0;0;0;0;0;0;0;0;0;0;0;0;0;0;0;0;0;0;0;0;0;0;1;1;1;1;1;1;1;1;1;1;1;1;1;1;1;1;1;1;1;0;0;0;0;0;0;0;0;0;0.0004;0.088;0;-0.0884;0;0;0;0;0;0;0;0;0;0;0;0;0;0;0;0;0;0;0;-5.3699;0;0;0;0;0.0004;0;0;0;0;0;0;0;-0.0004;-0.0884;0;0;0;0;0;0;0;0;0;-0.7063;0;0.7063;1;1;0;0;0;0
28/08/21 21:00;0;0;90;0;0;90;0;0;0;0;4.65;3.08;0;0;0;0;0;0;0;0;0;0;0;0;0;1;1;1;1;0;0;0;0;0;0;0;0;0;0;0;0;0;0;0;0;0;0;0;0;0;0;0;0;0;0;0;0;0;0;0;0;0;0;0;1;1;1;1;1;1;1;1;1;1;1;1;1;1;1;1;1;1;1;0;0;0;0;0;0;0;0;0;0.0004;0.088;0;-0.0884;0;0;0;0;0;0;0;0;0;0;0;0;0;0;0;0;0;0;0;-4.65;0;0;0;0;0.0004;0;0;0;0;0;0;0;-0.0004;-0.0884;0;0;0;0;0;0;0;0;0;-0.7063;0;0.7063;1;1;0;0;0;0
28/08/21 22:00;0;0;90;0;0;90;0;0;0;0;5.2602;2.6901;0;0;0;0;0;0;0;0;0;0;0;0;0;1;1;1;1;0;0;0;0;0;0;0;0;0;0;0;0;0;0;0;0;0;0;0;0;0;0;0;0;0;0;0;0;0;0;0;0;0;0;0;1;1;1;1;1;1;1;1;1;1;1;1;1;1;1;1;1;1;1;0;0;0;0;0;0;0;0;0;0.0004;0.088;0;-0.0884;0;0;0;0;0;0;0;0;0;0;0;0;0;0;0;0;0;0;0;-5.2602;0;0;0;0;0.0004;0;0;0;0;0;0;0;-0.0004;-0.0884;0;0;0;0;0;0;0;0;0;-0.7063;0;0.7063;1;1;0;0;0;0
28/08/21 23:00;0;0;90;0;0;90;0;0;0;0;4.5602;2.5401;0;0;0;0;0;0;0;0;0;0;0;0;0;1;1;1;1;0;0;0;0;0;0;0;0;0;0;0;0;0;0;0;0;0;0;0;0;0;0;0;0;0;0;0;0;0;0;0;0;0;0;0;1;1;1;1;1;1;1;1;1;1;1;1;1;1;1;1;1;1;1;0;0;0;0;0;0;0;0;0;0.0004;0.088;0;-0.0884;0;0;0;0;0;0;0;0;0;0;0;0;0;0;0;0;0;0;0;-4.5602;0;0;0;0;0.0004;0;0;0;0;0;0;0;-0.0004;-0.0884;0;0;0;0;0;0;0;0;0;-0.7063;0;0.7063;1;1;0;0;0;0
29/08/21 00:00;0;0;90;0;0;90;0;0;0;0;6.98;2.49;0;0;0;0;0;0;0;0;0;0;0;0;0;1;1;1;1;0;0;0;0;0;0;0;0;0;0;0;0;0;0;0;0;0;0;0;0;0;0;0;0;0;0;0;0;0;0;0;0;0;0;0;1;1;1;1;1;1;1;1;1;1;1;1;1;1;1;1;1;1;1;0;0;0;0;0;0;0;0;0;0.0004;0.088;0;-0.0884;0;0;0;0;0;0;0;0;0;0;0;0;0;0;0;0;0;0;0;-6.98;0;0;0;0;0.0004;0;0;0;0;0;0;0;-0.0004;-0.0884;0;0;0;0;0;0;0;0;0;-0.7063;0;0.7063;1;1;0;0;0;0
29/08/21 01:00;0;0;90;0;0;90;0;0;0;0;6.97;2.2301;0;0;0;0;0;0;0;0;0;0;0;0;0;1;1;1;1;0;0;0;0;0;0;0;0;0;0;0;0;0;0;0;0;0;0;0;0;0;0;0;0;0;0;0;0;0;0;0;0;0;0;0;1;1;1;1;1;1;1;1;1;1;1;1;1;1;1;1;1;1;1;0;0;0;0;0;0;0;0;0;0.0004;0.088;0;-0.0884;0;0;0;0;0;0;0;0;0;0;0;0;0;0;0;0;0;0;0;-6.97;0;0;0;0;0.0004;0;0;0;0;0;0;0;-0.0004;-0.0884;0;0;0;0;0;0;0;0;0;-0.7063;0;0.7063;1;1;0;0;0;0
29/08/21 02:00;0;0;90;0;0;90;0;0;0;0;6.6403;2.1599;0;0;0;0;0;0;0;0;0;0;0;0;0;1;1;1;1;0;0;0;0;0;0;0;0;0;0;0;0;0;0;0;0;0;0;0;0;0;0;0;0;0;0;0;0;0;0;0;0;0;0;0;1;1;1;1;1;1;1;1;1;1;1;1;1;1;1;1;1;1;1;0;0;0;0;0;0;0;0;0;0.0004;0.088;0;-0.0884;0;0;0;0;0;0;0;0;0;0;0;0;0;0;0;0;0;0;0;-6.6403;0;0;0;0;0.0004;0;0;0;0;0;0;0;-0.0004;-0.0884;0;0;0;0;0;0;0;0;0;-0.7063;0;0.7063;1;1;0;0;0;0
29/08/21 03:00;0;0;90;0;0;90;0;0;0;0;6.4003;4.0799;0;0;0;0;0;0;0;0;0;0;0;0;0;1;1;1;1;0;0;0;0;0;0;0;0;0;0;0;0;0;0;0;0;0;0;0;0;0;0;0;0;0;0;0;0;0;0;0;0;0;0;0;1;1;1;1;1;1;1;1;1;1;1;1;1;1;1;1;1;1;1;0;0;0;0;0;0;0;0;0;0.0004;0.088;0;-0.0884;0;0;0;0;0;0;0;0;0;0;0;0;0;0;0;0;0;0;0;-6.4003;0;0;0;0;0.0004;0;0;0;0;0;0;0;-0.0004;-0.0884;0;0;0;0;0;0;0;0;0;-0.7063;0;0.7063;1;1;0;0;0;0
29/08/21 04:00;0;0;90;0;0;90;0;0;0;0;7.43;5.54;0;0;0;0;0;0;0;0;0;0;0;0;0;1;1;1;1;0;0;0;0;0;0;0;0;0;0;0;0;0;0;0;0;0;0;0;0;0;0;0;0;0;0;0;0;0;0;0;0;0;0;0;1;1;1;1;1;1;1;1;1;1;1;1;1;1;1;1;1;1;1;0;0;0;0;0;0;0;0;0;0.0004;0.088;0;-0.0884;0;0;0;0;0;0;0;0;0;0;0;0;0;0;0;0;0;0;0;-7.43;0;0;0;0;0.0004;0;0;0;0;0;0;0;-0.0004;-0.0884;0;0;0;0;0;0;0;0;0;-0.7063;0;0.7063;1;1;0;0;0;0
29/08/21 05:00;0;0;90;0;0;90;0;0;0;0;8.0602;5.21;0;0;0;0;0;0;0;0;0;0;0;0;0;1;1;1;1;0;0;0;0;0;0;0;0;0;0;0;0;0;0;0;0;0;0;0;0;0;0;0;0;0;0;0;0;0;0;0;0;0;0;0;1;1;1;1;1;1;1;1;1;1;1;1;1;1;1;1;1;1;1;0;0;0;0;0;0;0;0;0;0.0004;0.088;0;-0.0884;0;0;0;0;0;0;0;0;0;0;0;0;0;0;0;0;0;0;0;-8.0602;0;0;0;0;0.0004;0;0;0;0;0;0;0;-0.0004;-0.0884;0;0;0;0;0;0;0;0;0;-0.7063;0;0.7063;1;1;0;0;0;0
29/08/21 06:00;3.5869;-76.15;81.273;3.694;5.2956;-90;-5.2956;2.8911;2.8911;0;8.2703;5.2699;0;0;2.885;0;0;0.001;2.8859;2.8859;0;0;0;0;0;1;1;1;1;0;0;0;0;0;0;0;0;0;0;0;0;0;0;0;0;0;0;0;0;0;0;0;0;0;0;0;0;0;0;0;0;0;0;0;0;1;1;1;1;1;1;1;1;1;1;1;1;1;0;0;1;0;0;0;0;0;0;0;0;0;0;0;0.0004;0.088;0;-0.0884;0;0;0;0;0;0;0;0;0;0;0;0;0;0;0;0;0;0;0;-8.2703;0;0;0;0;0.0004;0;0;0;0;0;0;0;-0.0004;-0.0884;0;0;0;0;0;0;0;0;0;-0.7063;0;0.7063;1;1;0;0;0;0
29/08/21 07:00;12.751;-68.958;57.636;13.629;21.225;-90;-21.225;9.0055;9.0001;0.0054;9.5699;5.76;0;0.013;8.6947;0.0004;0;0.0489;8.7569;0;8.7569;0.013;0.0004;8.6947;0.0489;0.0015;0.9985;0;0.0056;8.4938;0.2632;0;0;0.222;0.0412;8.1858;0.291;0.0004;0;0.2889;0.0017;8.4768;0.017;0;0;0.0169;0;8.199;0.0126;0.0004;8.1668;0.006;5.4351;4.5438;1.391;0.0386;0.0533;0.7668;0.0132;0.7815;0;1;0;0;0.9724;0.9699;1;1;0.9745;0.1578;0.9657;0.9716;1;0.9658;0.7831;0.998;0.998;1;0.998;0.998;0.9348;0.9393;0.1234;0.0263;0.0263;0.0002;0.0056;-0.0013;0.0002;0.0005;0.0001;0;0;0.088;0;-0.0698;0;0;0;0;0;0;0;0;0;0;0;0;0.0004;0;0.0206;0.0206;0;9.9143;9.9143;0.3443;0.0421;20.787;992.72;1;0.0024;0.0024;0;0;0;0;0;0;0.0182;-0.0698;0;14.949;17.31;-50.568;-58.557;88.17;88.17;0.2102;0.1649;-0.5579;0.0452;0.7228;0.2153;3.4392;0;5.4351;0;0
29/08/21 08:00;23.751;-58.498;28.69;27.298;60;-90;-60;19.906;19.903;0.0029;8.1001;4.9201;0;0.0064;14.927;0.0002;0;0.7962;15.73;0;15.73;0.0064;0.0002;14.927;0.7962;0.0004;0.9996;0;0.0506;13.106;2.6237;0;0;1.8785;0.7451;12.616;0.4638;0;0;0.4604;0.0034;13.08;0.0262;0;0;0.0261;0.0001;12.967;0.0064;0.0002;12.562;0.0476;12.999;10.867;3.9158;2.4957;0.2454;3.5302;0.3512;1.2799;0;1;0;0;0.7902;0.8332;1;1;0.8742;0.0642;0.9645;0.999;1;0.9646;0.9337;0.998;0.998;1;0.998;0.998;0.8021;0.8416;0.0598;0.0472;0.0465;0.0003;0.0076;-0.0027;0.0003;0.001;0.0006;0;0;0.088;0;-0.0524;0;0;0;0;0;0;0;0;0;0;0;0;0.0008;0;0.0386;0.0386;0;8.6251;8.6251;0.525;0.0416;37.78;1020.6;1;0.0029;0.0029;0;0;0;0;0;0;0.0356;-0.0524;0;15.55;18.007;-21.125;-24.462;92.376;92.376;0.3775;0.3082;-0.4186;0.0694;0.7268;0.1837;1.9252;0;12.998;0;0
29/08/21 09:00;33.443;-45.713;35.637;42.695;47.305;-90;-47.305;125.8;123.8;2.0035;9.7999;4.91;0;2.9545;103.59;0.4943;0;3.2397;110.28;0;110.28;2.9545;0.4943;103.59;3.2397;0.0268;0.9687;0;0.0294;98.027;12.254;0;0;9.2373;3.0169;94.715;3.1159;0.0128;0.0021;3.09;0.011;97.831;0.1961;0.0059;0.001;0.1887;0.0004;95.982;2.9359;0.4912;91.076;0.2114;79.704;66.633;22.756;7.5179;1.0803;15.54;1.2669;9.1021;0;1;0;0;0.8766;0.8889;1;1;0.9108;0.0688;0.9681;0.9957;1;0.9672;0.9506;0.998;0.998;1;0.998;0.998;0.8588;0.8792;0.0652;0.3312;0.3218;0.0019;0.0173;-0.0133;0.0022;0.0078;0.003;0;0;0.088;0;0.2006;0;0;0;0;0;0;0;0;0;0;0;0;0.0063;0.0004;0.296;0.296;0;13.647;13.647;3.8474;0.0406;273.04;1084.2;1;0.0074;0.0074;0;0;0;0;0;0;0.2886;0.2006;0;17.029;19.719;11.539;13.362;97.489;97.489;2.6467;2.3659;1.6032;0.2809;0.7627;0.1061;0.2882;0.6057;78.781;0.5479;0
29/08/21 10:00;40.968;-29.651;41.011;60.328;29.672;-90;-29.672;28.696;28.596;0.0998;9.0999;5.62;0;0.1149;26.719;0.0037;0;0.301;27.138;0;27.138;0.1149;0.0037;26.719;0.301;0.0042;0.9956;0;0.0111;25.708;1.4305;0;0;1.167;0.2635;24.817;0.8391;0.0009;0;0.8315;0.0067;25.656;0.0514;0.0002;0;0.0511;0.0001;24.913;0.1138;0.0037;24.669;0.0308;17.625;14.735;4.6576;0.3895;0.1805;2.5962;0.0957;2.3872;0;1;0;0;0.9457;0.9473;1;1;0.9563;0.1248;0.9673;0.9925;1;0.9674;0.8214;0.998;0.998;1;0.998;0.998;0.9145;0.9233;0.1023;0.0815;0.0805;0.0005;0.0101;-0.0044;0.0005;0.0018;0.0005;0;0;0.088;0;-0.0219;0;0;0;0;0;0;0;0;0;0;0;0;0.0015;0.0001;0.0699;0.0699;0;10.122;10.122;1.0219;0.0412;66.995;1043.6;1;0.0039;0.0039;0;0;0;0;0;0;0.0661;-0.0219;0;16.344;18.926;-5.1289;-5.9392;94.479;94.479;0.6513;0.5588;-0.1754;0.0925;0.7341;0.1421;1.1272;0;17.571;0;0
29/08/21 11:00;45.173;-10.156;43.941;80.059;9.9409;-90;-9.9409;233.01;227.1;5.9114;10.14;5.23;0;6.0015;223.99;1.4311;0;0.2799;231.71;0;231.71;6.0015;1.4311;223.99;0.2799;0.0259;0.9679;0;0.0012;229.87;1.8391;0;0;1.6058;0.2333;220.25;9.1572;0.055;0.0131;9.0786;0.0104;229.41;0.4597;0.012;0.0029;0.4448;0.0001;220.3;5.9344;1.4151;212.86;0.036;138.52;115.8;34.754;0.0635;1.3441;19.334;0.0491;20.614;0;1;0;0;0.9944;0.9921;1;1;0.9928;0.1663;0.9601;0.9908;1;0.9591;0.7753;0.998;0.998;1;0.998;0.998;0.9506;0.9503;0.1287;0.6958;0.7043;0.0042;0.0169;-0.0149;0.0049;0.0173;0.0038;0;0;0.088;0;0.557;0;0;0;0;0;0;0;0;0;0;0;0;0.014;0.0014;0.6567;0.6567;0;19.059;19.059;8.9191;0.0405;601.34;1092;1;0.0117;0.0117;0;0;0;0;0;0;0.645;0.557;0;17.978;20.818;15.249;17.658;98.221;98.221;5.5609;5.2481;4.4514;0.3129;0.7967;0.0563;0.1433;0.8005;134.25;0.7534;0
29/08/21 12:00;45.094;10.893;43.886;79.333;10.667;90;10.667;783.49;129.3;654.19;12.68;4.3099;0;665.7;40.01;90.506;0;1.0832;797.3;0;797.3;665.7;90.506;40.01;1.0832;0.8349;0.0515;0;0.0014;796.07;1.228;0;0;0.3237;0.9043;785.92;8.5536;6.0839;0.8271;1.6023;0.0402;794.48;1.5921;1.3314;0.181;0.0794;0.0004;786.14;658.28;89.497;38.005;0.1383;456.89;381.96;121.51;0.0151;3.9731;57.151;0.2145;61.109;0;1;0;0;1.0176;0.9985;1;1;0.9919;0.1651;0.9892;0.9908;1;0.9595;0.7747;0.998;0.998;1;0.998;0.998;0.9857;0.9499;0.1277;2.3943;2.4882;0.015;-0.0021;0.1738;0.0161;0.0571;0.0106;0;0;0.088;0;2.0337;0;0;0;0;0;0;0;0;0;0;0;0;0.046;0.0136;2.1581;2.1581;0;44.99;44.99;32.31;0.0411;2138;1009.4;1;0.0364;0.0364;0;0;0;0;0;0;2.1217;2.0337;0;17.171;19.884;16.181;18.738;98.314;98.314;19.135;17.248;16.254;1.8874;0.9941;0.0986;0.052;0.8494;24.024;0.8062;0
29/08/21 13:00;40.75;30.284;40.858;59.662;30.338;90;30.338;397.1;306.7;90.398;14.7;3.0201;0;104.74;256.24;36.65;0;4.3503;401.98;0;401.98;104.74;36.65;256.24;4.3503;0.2606;0.6483;0;0.0108;386.53;15.444;0;0;11.614;3.8299;376.68;9.0772;0.7721;0.2702;7.9435;0.0914;385.76;0.7731;0.2095;0.0733;0.4892;0.001;378.03;103.76;36.306;236.19;0.428;233.3;195.04;61.811;4.0344;2.3059;33.169;1.3481;31.441;0;1;0;0;1.0123;0.9616;1;1;0.9547;0.1196;0.9765;0.9926;1;0.9675;0.824;0.998;0.998;1;0.998;0.998;0.9371;0.9218;0.0984;1.2071;1.2085;0.0073;0.0105;0.0216;0.0082;0.029;0.0064;0;0;0.088;0;0.9928;0;0;0;0;0;0;0;0;0;0;0;0;0.0234;0.0036;1.0986;1.0986;0;30.038;30.038;15.338;0.0407;1035.2;1061.3;1;0.0178;0.0178;0;0;0;0;0;0;1.0808;0.9928;0;17.338;20.077;15.667;18.143;98.376;98.376;9.6475;8.7804;7.9345;0.8671;0.8459;0.0899;0.0877;0.8224;169.28;0.7746;0
29/08/21 14:00;33.129;46.218;35.411;42.112;47.888;90;47.888;587.19;102.2;484.99;14.46;2.2399;0;723.24;28.951;100.72;0;15.475;868.39;0;868.39;723.24;100.72;28.951;15.475;0.8329;0.0512;0;0.0178;851.3;17.089;0;0;2.6328;14.456;845.23;4.3672;3.0321;0.4223;0.8637;0.0492;849.6;1.7026;1.4465;0.2014;0.0526;0.002;849.01;718.76;100.1;25.402;0.9676;236.6;197.8;61.234;2.1958;2.3096;33.222;3.7787;33.336;0;1;0;0;1.4789;0.9803;1;1;0.9091;0.0658;0.9949;0.9958;1;0.9671;0.9517;0.998;0.998;1;0.998;0.998;0.9733;0.8774;0.0625;2.6078;2.6272;0.0158;-0.0021;0.2238;0.0167;0.0593;0.006;0;0;0.088;0;2.1184;0;0;0;0;0;0;0;0;0;0;0;0;0.0478;0.0152;2.2446;2.2446;0;49.332;49.332;34.872;0.0413;2261.9;992.37;1;0.0382;0.0382;0;0;0;0;0;0;2.2064;2.1184;0;16.397;18.987;15.475;17.92;98.299;98.299;20.841;17.939;16.931;2.9023;1.0084;0.1393;0.0484;0.8124;22.139;0.7897;0
29/08/21 15:00;23.378;58.903;28.467;26.787;60;90;60;174.5;165.4;9.1019;14.8;1.78;0;20.165;121.93;6.2596;0;6.9801;155.34;0;155.34;20.165;6.2596;121.93;6.9801;0.1298;0.8299;0;0.0449;133.41;21.924;0;0;15.377;6.5473;129.33;3.816;0.0198;0.0061;3.7606;0.0294;133.14;0.2668;0.0403;0.0125;0.2131;0.0009;132.24;20.105;6.2409;102.58;0.4025;107.23;89.648;32.272;20.386;2.0135;28.963;2.9072;10.59;0;1;0;0;0.8902;0.8589;1;1;0.8739;0.062;0.9713;0.999;1;0.9646;0.9319;0.998;0.998;1;0.998;0.998;0.8326;0.8413;0.0577;0.4665;0.4593;0.0028;0.0181;-0.0082;0.0031;0.0111;0.0056;0;0;0.088;0;0.3207;0;0;0;0;0;0;0;0;0;0;0;0;0.0089;0.0007;0.4172;0.4172;0;20.066;20.066;5.2661;0.0407;390.29;1069.1;1;0.0086;0.0086;0;0;0;0;0;0;0.4087;0.3207;0;17.039;19.731;13.096;15.164;97.947;97.947;3.7281;3.3346;2.5628;0.3935;0.7718;0.1056;0.207;0.6874;106.15;0.6032;0
29/08/21 16:00;12.344;69.299;58.77;13.167;20.369;90;20.369;33.502;33.2;0.302;13.29;1.78;0;0.7324;32.128;0.0847;0;0.1676;33.113;0;33.113;0.7324;0.0847;32.128;0.1676;0.0221;0.9753;0;0.0051;32.202;0.9105;0;0;0.7694;0.141;31.029;1.1091;0.0237;0.0027;1.0768;0.0058;32.138;0.0644;0.0015;0.0002;0.0627;0.0001;31.073;0.7072;0.0818;30.219;0.0207;19.999;16.719;5.1048;0.1226;0.1957;2.8157;0.0437;2.8888;0;1;0;0;0.9884;0.9725;1;1;0.9761;0.1584;0.9655;0.9676;1;0.9656;0.7795;0.998;0.998;1;0.998;0.998;0.9371;0.9406;0.1233;0.0994;0.0995;0.0006;0.0112;-0.0038;0.0006;0.0023;0.0005;0;0;0.088;0;-0.0061;0;0;0;0;0;0;0;0;0;0;0;0;0.0018;0.0001;0.0862;0.0862;0;14.568;14.568;1.2784;0.0412;83.365;1033.9;1;0.0042;0.0042;0;0;0;0;0;0;0.0819;-0.0061;0;16.513;19.122;-1.1594;-1.3426;95.073;95.073;0.7947;0.6889;-0.0484;0.1058;0.7372;0.1332;0.9277;0;19.997;0;0
29/08/21 17:00;3.3622;76.316;81.823;3.4602;4.9569;90;4.9569;1.3088;1.1972;0.1117;12.18;1.9101;0;0.2708;1.1932;0.0041;0;0.0004;1.4685;1.4685;0;0.2708;0;0;0;1;1;1;1;0;0;0;0;0;0;0;0;0;0;0;0;0;0;0;0;0;0;0;0;0;0;0;0;0;0;0;0;0;0;0;0;0;0;0;0;1;1;1;1;1;1;1;1;1;1;1;0;1;0;0;1;0;0;0;0;0;0;0;0;0;0;0;0.0004;0.088;0;-0.0884;0;0;0;0;0;0;0;0;0;0;0;0;0;0;0;0;0;0;0;-12.18;0;0;0;0;0.0004;0;0;0;0;0;0;0;-0.0004;-0.0884;0;0;0;0;0;0;0;0;0;-0.7063;0;0.7063;1;1;0;0;0;0
29/08/21 18:00;0;0;90;0;0;90;0;0;0;0;9.78;1.8399;0;0;0;0;0;0;0;0;0;0;0;0;0;1;1;1;1;0;0;0;0;0;0;0;0;0;0;0;0;0;0;0;0;0;0;0;0;0;0;0;0;0;0;0;0;0;0;0;0;0;0;0;1;1;1;1;1;1;1;1;1;1;1;1;1;1;1;1;1;1;1;0;0;0;0;0;0;0;0;0;0.0004;0.088;0;-0.0884;0;0;0;0;0;0;0;0;0;0;0;0;0;0;0;0;0;0;0;-9.78;0;0;0;0;0.0004;0;0;0;0;0;0;0;-0.0004;-0.0884;0;0;0;0;0;0;0;0;0;-0.7063;0;0.7063;1;1;0;0;0;0
29/08/21 19:00;0;0;90;0;0;90;0;0;0;0;7.7099;1.78;0;0;0;0;0;0;0;0;0;0;0;0;0;1;1;1;1;0;0;0;0;0;0;0;0;0;0;0;0;0;0;0;0;0;0;0;0;0;0;0;0;0;0;0;0;0;0;0;0;0;0;0;1;1;1;1;1;1;1;1;1;1;1;1;1;1;1;1;1;1;1;0;0;0;0;0;0;0;0;0;0.0004;0.088;0;-0.0884;0;0;0;0;0;0;0;0;0;0;0;0;0;0;0;0;0;0;0;-7.7099;0;0;0;0;0.0004;0;0;0;0;0;0;0;-0.0004;-0.0884;0;0;0;0;0;0;0;0;0;-0.7063;0;0.7063;1;1;0;0;0;0
29/08/21 20:00;0;0;90;0;0;90;0;0;0;0;6.2899;1.8301;0;0;0;0;0;0;0;0;0;0;0;0;0;1;1;1;1;0;0;0;0;0;0;0;0;0;0;0;0;0;0;0;0;0;0;0;0;0;0;0;0;0;0;0;0;0;0;0;0;0;0;0;1;1;1;1;1;1;1;1;1;1;1;1;1;1;1;1;1;1;1;0;0;0;0;0;0;0;0;0;0.0004;0.088;0;-0.0884;0;0;0;0;0;0;0;0;0;0;0;0;0;0;0;0;0;0;0;-6.2899;0;0;0;0;0.0004;0;0;0;0;0;0;0;-0.0004;-0.0884;0;0;0;0;0;0;0;0;0;-0.7063;0;0.7063;1;1;0;0;0;0
29/08/21 21:00;0;0;90;0;0;90;0;0;0;0;4.7297;1.94;0;0;0;0;0;0;0;0;0;0;0;0;0;1;1;1;1;0;0;0;0;0;0;0;0;0;0;0;0;0;0;0;0;0;0;0;0;0;0;0;0;0;0;0;0;0;0;0;0;0;0;0;1;1;1;1;1;1;1;1;1;1;1;1;1;1;1;1;1;1;1;0;0;0;0;0;0;0;0;0;0.0004;0.088;0;-0.0884;0;0;0;0;0;0;0;0;0;0;0;0;0;0;0;0;0;0;0;-4.7297;0;0;0;0;0.0004;0;0;0;0;0;0;0;-0.0004;-0.0884;0;0;0;0;0;0;0;0;0;-0.7063;0;0.7063;1;1;0;0;0;0
29/08/21 22:00;0;0;90;0;0;90;0;0;0;0;4.3302;1.9001;0;0;0;0;0;0;0;0;0;0;0;0;0;1;1;1;1;0;0;0;0;0;0;0;0;0;0;0;0;0;0;0;0;0;0;0;0;0;0;0;0;0;0;0;0;0;0;0;0;0;0;0;1;1;1;1;1;1;1;1;1;1;1;1;1;1;1;1;1;1;1;0;0;0;0;0;0;0;0;0;0.0004;0.088;0;-0.0884;0;0;0;0;0;0;0;0;0;0;0;0;0;0;0;0;0;0;0;-4.3302;0;0;0;0;0.0004;0;0;0;0;0;0;0;-0.0004;-0.0884;0;0;0;0;0;0;0;0;0;-0.7063;0;0.7063;1;1;0;0;0;0
29/08/21 23:00;0;0;90;0;0;90;0;0;0;0;3.6003;1.6899;0;0;0;0;0;0;0;0;0;0;0;0;0;1;1;1;1;0;0;0;0;0;0;0;0;0;0;0;0;0;0;0;0;0;0;0;0;0;0;0;0;0;0;0;0;0;0;0;0;0;0;0;1;1;1;1;1;1;1;1;1;1;1;1;1;1;1;1;1;1;1;0;0;0;0;0;0;0;0;0;0.0004;0.088;0;-0.0884;0;0;0;0;0;0;0;0;0;0;0;0;0;0;0;0;0;0;0;-3.6003;0;0;0;0;0.0004;0;0;0;0;0;0;0;-0.0004;-0.0884;0;0;0;0;0;0;0;0;0;-0.7063;0;0.7063;1;1;0;0;0;0
30/08/21 00:00;0;0;90;0;0;90;0;0;0;0;2.8298;1.41;0;0;0;0;0;0;0;0;0;0;0;0;0;1;1;1;1;0;0;0;0;0;0;0;0;0;0;0;0;0;0;0;0;0;0;0;0;0;0;0;0;0;0;0;0;0;0;0;0;0;0;0;1;1;1;1;1;1;1;1;1;1;1;1;1;1;1;1;1;1;1;0;0;0;0;0;0;0;0;0;0.0004;0.088;0;-0.0884;0;0;0;0;0;0;0;0;0;0;0;0;0;0;0;0;0;0;0;-2.8298;0;0;0;0;0.0004;0;0;0;0;0;0;0;-0.0004;-0.0884;0;0;0;0;0;0;0;0;0;-0.7063;0;0.7063;1;1;0;0;0;0
30/08/21 01:00;0;0;90;0;0;90;0;0;0;0;3.2998;0.7801;0;0;0;0;0;0;0;0;0;0;0;0;0;1;1;1;1;0;0;0;0;0;0;0;0;0;0;0;0;0;0;0;0;0;0;0;0;0;0;0;0;0;0;0;0;0;0;0;0;0;0;0;1;1;1;1;1;1;1;1;1;1;1;1;1;1;1;1;1;1;1;0;0;0;0;0;0;0;0;0;0.0004;0.088;0;-0.0884;0;0;0;0;0;0;0;0;0;0;0;0;0;0;0;0;0;0;0;-3.2998;0;0;0;0;0.0004;0;0;0;0;0;0;0;-0.0004;-0.0884;0;0;0;0;0;0;0;0;0;-0.7063;0;0.7063;1;1;0;0;0;0
30/08/21 02:00;0;0;90;0;0;90;0;0;0;0;2.76;0.2301;0;0;0;0;0;0;0;0;0;0;0;0;0;1;1;1;1;0;0;0;0;0;0;0;0;0;0;0;0;0;0;0;0;0;0;0;0;0;0;0;0;0;0;0;0;0;0;0;0;0;0;0;1;1;1;1;1;1;1;1;1;1;1;1;1;1;1;1;1;1;1;0;0;0;0;0;0;0;0;0;0.0004;0.088;0;-0.0884;0;0;0;0;0;0;0;0;0;0;0;0;0;0;0;0;0;0;0;-2.76;0;0;0;0;0.0004;0;0;0;0;0;0;0;-0.0004;-0.0884;0;0;0;0;0;0;0;0;0;-0.7063;0;0.7063;1;1;0;0;0;0
30/08/21 03:00;0;0;90;0;0;90;0;0;0;0;1.5801;0.58;0;0;0;0;0;0;0;0;0;0;0;0;0;1;1;1;1;0;0;0;0;0;0;0;0;0;0;0;0;0;0;0;0;0;0;0;0;0;0;0;0;0;0;0;0;0;0;0;0;0;0;0;1;1;1;1;1;1;1;1;1;1;1;1;1;1;1;1;1;1;1;0;0;0;0;0;0;0;0;0;0.0004;0.088;0;-0.0884;0;0;0;0;0;0;0;0;0;0;0;0;0;0;0;0;0;0;0;-1.5801;0;0;0;0;0.0004;0;0;0;0;0;0;0;-0.0004;-0.0884;0;0;0;0;0;0;0;0;0;-0.7063;0;0.7063;1;1;0;0;0;0
30/08/21 04:00;0;0;90;0;0;90;0;0;0;0;1.0403;1.4301;0;0;0;0;0;0;0;0;0;0;0;0;0;1;1;1;1;0;0;0;0;0;0;0;0;0;0;0;0;0;0;0;0;0;0;0;0;0;0;0;0;0;0;0;0;0;0;0;0;0;0;0;1;1;1;1;1;1;1;1;1;1;1;1;1;1;1;1;1;1;1;0;0;0;0;0;0;0;0;0;0.0004;0.088;0;-0.0884;0;0;0;0;0;0;0;0;0;0;0;0;0;0;0;0;0;0;0;-1.0403;0;0;0;0;0.0004;0;0;0;0;0;0;0;-0.0004;-0.0884;0;0;0;0;0;0;0;0;0;-0.7063;0;0.7063;1;1;0;0;0;0
30/08/21 05:00;0;0;90;0;0;90;0;0;0;0;1.3999;2.13;0;0;0;0;0;0;0;0;0;0;0;0;0;1;1;1;1;0;0;0;0;0;0;0;0;0;0;0;0;0;0;0;0;0;0;0;0;0;0;0;0;0;0;0;0;0;0;0;0;0;0;0;1;1;1;1;1;1;1;1;1;1;1;1;1;1;1;1;1;1;1;0;0;0;0;0;0;0;0;0;0.0004;0.088;0;-0.0884;0;0;0;0;0;0;0;0;0;0;0;0;0;0;0;0;0;0;0;-1.3999;0;0;0;0;0.0004;0;0;0;0;0;0;0;-0.0004;-0.0884;0;0;0;0;0;0;0;0;0;-0.7063;0;0.7063;1;1;0;0;0;0
30/08/21 06:00;3.6604;-76.541;81.093;3.7635;5.3964;-90;-5.3964;12.209;12;0.209;1.0502;2.6901;0;0.5069;11.944;0.0709;0;0.0043;12.526;0;12.526;0.5069;0.0709;11.944;0.0043;0.0405;0.9539;0;0.0003;12.491;0.0352;0;0;0.0316;0.0036;11.741;0.7252;0.183;0.0256;0.5164;0.0002;12.466;0.025;0.001;0.0001;0.0238;0;11.741;0.3229;0.0452;11.372;0.0006;7.0983;5.9342;1.7706;0.0002;0.0693;0.9975;0.0003;1.0666;0;1;0;0;1.026;0.9972;1;1;0.9974;0.1644;0.9418;0.6383;1;0.9566;0.7764;0.998;0.998;1;0.998;0.998;0.9373;0.9521;0.1274;0.0376;0.0375;0.0002;0.0068;-0.0031;0.0002;0.0008;0.0002;0;0;0.088;0;-0.0592;0;0;0;0;0;0;0;0;0;0;0;0;0.0007;0;0.0316;0.0316;0;1.5368;1.5368;0.4866;0.0414;30.181;1047.8;1;0.0028;0.0028;0;0;0;0;0;0;0.0288;-0.0592;0;16.014;18.544;-29.979;-34.715;91.081;91.081;0.3006;0.2527;-0.4731;0.0479;0.7258;0.1594;2.4143;0;7.0972;0;0
30/08/21 07:00;13.035;-69.194;56.836;13.911;21.755;-90;-21.755;105.51;84.5;21.007;2.31;2.6901;0;50.947;75.841;14.207;0;0.6012;141.6;0;141.6;50.947;14.207;75.841;0.6012;0.3598;0.5399;0;0.0042;139.07;2.5221;0;0;2.0147;0.5074;134.59;4.2084;1.3143;0.3665;2.5074;0.0201;138.8;0.2781;0.1019;0.0284;0.1477;0.0002;134.71;49.531;13.812;71.171;0.0735;47.671;39.853;12.166;0.3685;0.4717;6.785;0.1237;6.8882;0;1;0;0;1.3421;0.9822;1;1;0.9734;0.156;0.9697;0.9742;1;0.966;0.7849;0.998;0.998;1;0.998;0.998;0.9505;0.9384;0.1222;0.4252;0.42;0.0025;0.018;-0.026;0.003;0.0106;0.0014;0;0;0.088;0;0.3046;0;0;0;0;0;0;0;0;0;0;0;0;0.0085;0.0006;0.4015;0.4015;0;7.731;7.731;5.421;0.0403;357.64;1122.7;1;0.0089;0.0089;0;0;0;0;0;0;0.3926;0.3046;0;17.989;20.831;13.647;15.803;97.776;97.776;3.3983;3.2091;2.4344;0.1892;0.7747;0.0557;0.228;0.7164;47.539;0.6916;0
30/08/21 08:00;24.056;-58.717;28.4;27.58;60;-90;-60;200.09;168.1;31.991;3.6801;2.4601;0;69.035;118.71;21.191;0;8.0037;216.94;0;216.94;69.035;21.191;118.71;8.0037;0.3182;0.5841;0;0.0369;194.51;22.43;0;0;14.94;7.49;190.34;3.784;0.0676;0.0207;3.6617;0.034;194.12;0.389;0.1381;0.0424;0.2075;0.001;193.29;68.83;21.128;99.902;0.4787;108.16;90.426;32.448;19.848;1.9912;28.643;2.9525;10.786;0;1;0;0;1.0842;0.8966;1;1;0.8742;0.0642;0.9805;0.999;1;0.9646;0.9337;0.998;0.998;1;0.998;0.998;0.8774;0.8416;0.0598;0.6515;0.6426;0.0039;0.0174;-0.0312;0.0046;0.0162;0.0058;0;0;0.088;0;0.5124;0;0;0;0;0;0;0;0;0;0;0;0;0.013;0.0012;0.6117;0.6117;0;11.347;11.347;7.6669;0.0403;546.88;1118.5;1;0.0113;0.0113;0;0;0;0;0;0;0.6004;0.5124;0;17.886;20.711;14.982;17.349;98.151;98.151;5.2066;4.8884;4.0947;0.3182;0.7937;0.0611;0.1524;0.7865;103.37;0.7157;0
30/08/21 09:00;33.775;-45.896;35.345;42.965;47.035;-90;-47.035;354.9;234.4;120.5;5.6797;2.05;0;176.81;165.28;55.491;0;9.0415;406.62;0;406.62;176.81;55.491;165.28;9.0415;0.4348;0.4287;0;0.0222;383.59;23.032;0;0;14.616;8.4164;376.89;5.9262;0.7345;0.2305;4.9297;0.0315;382.82;0.7672;0.3536;0.111;0.3013;0.0013;379.82;175.72;55.149;145.43;0.5923;188.38;157.49;52.039;11.76;2.2763;32.743;2.9284;23.259;0;1;0;0;1.1457;0.9434;1;1;0.9116;0.0691;0.9845;0.9958;1;0.9672;0.9495;0.998;0.998;1;0.998;0.998;0.9269;0.8799;0.0655;1.2211;1.213;0.0073;0.0104;-0.0175;0.0085;0.0301;0.0065;0;0;0.088;0;1.0327;0;0;0;0;0;0;0;0;0;0;0;0;0.0242;0.0036;1.1398;1.1398;0;20.909;20.909;15.229;0.0404;1035.7;1100.5;1;0.0191;0.0191;0;0;0;0;0;0;1.1207;1.0327;0;17.782;20.591;16.112;18.657;98.328;98.328;9.7589;9.1093;8.2537;0.6496;0.8556;0.0666;0.0877;0.8458;125.37;0.7977;0
30/08/21 10:00;41.325;-29.756;40.689;60.558;29.442;-90;-29.442;460.61;271.2;189.41;7.5603;1.9999;0;217.5;199.52;66.491;0;4.7589;488.27;0;488.27;217.5;66.491;199.52;4.7589;0.4454;0.4184;0;0.0097;475.5;12.768;0;0;8.6075;4.1604;466.16;8.3905;1.5819;0.4836;6.2175;0.1075;474.55;0.951;0.435;0.133;0.3818;0.0012;467.56;215.48;65.874;184.32;0.4898;261.8;218.86;69.623;2.8318;2.4603;35.39;1.3995;35.019;0;1;0;0;1.0601;0.9739;1;1;0.9569;0.1258;0.9823;0.9927;1;0.9674;0.82;0.998;0.998;1;0.998;0.998;0.9547;0.9238;0.1029;1.4663;1.4828;0.0089;0.0065;0.0076;0.0102;0.0362;0.007;0;0;0.088;0;1.2617;0;0;0;0;0;0;0;0;0;0;0;0;0.0292;0.0052;1.372;1.372;0;26.463;26.463;18.903;0.0406;1270.5;1079.9;1;0.0223;0.0223;0;0;0;0;0;0;1.3497;1.2617;0;17.825;20.641;16.392;18.982;98.375;98.375;11.718;10.965;10.083;0.7535;0.8815;0.0643;0.0752;0.8605;131;0.8162;0
30/08/21 11:00;45.538;-10.126;43.592;80.211;9.7893;-90;-9.7893;501.1;301.6;199.5;10.14;2.05;0;202.45;237.11;63.68;0;0.5837;503.82;0;503.82;202.45;63.68;237.11;0.5837;0.4018;0.4718;0;0.0012;501.68;2.1435;0;0;1.6568;0.4867;488.63;12.042;1.8155;0.5711;9.6335;0.0218;500.67;1.0034;0.4049;0.1274;0.4709;0.0002;488.74;200.23;62.981;225.35;0.0751;295.12;246.72;76.392;0.0634;2.7062;38.927;0.1064;41.57;0;1;0;0;1.0054;0.9957;1;1;0.993;0.1662;0.9759;0.991;1;0.959;0.7753;0.998;0.998;1;0.998;0.998;0.9699;0.9504;0.1286;1.513;1.5541;0.0094;0.0056;0.0273;0.0106;0.0375;0.0076;0;0;0.088;0;1.3094;0;0;0;0;0;0;0;0;0;0;0;0;0.0302;0.0056;1.4203;1.4203;0;30.009;30.009;19.868;0.0407;1332.7;1065.7;1;0.0229;0.0229;0;0;0;0;0;0;1.3974;1.3094;0;17.883;20.708;16.487;19.091;98.389;98.389;12.092;11.351;10.465;0.7407;0.8862;0.0613;0.0733;0.8655;142.06;0.8181;0
30/08/21 12:00;45.436;11.077;43.522;79.284;10.716;90;10.716;642.3;194.8;447.5;13.12;2.1501;0;455.44;102.82;92.692;0;0.896;651.85;0;651.85;455.44;92.692;102.82;0.896;0.6987;0.1591;0;0.0014;650.26;1.5862;0;0;0.8381;0.7481;639.92;9.0408;4.0656;0.8274;4.1145;0.0333;648.96;1.3005;0.9109;0.1854;0.204;0.0003;640.1;450.46;91.679;97.666;0.1144;375.42;313.85;99.168;0.039;3.3104;47.62;0.1764;50.891;0;1;0;0;1.0149;0.9976;1;1;0.9918;0.1651;0.9861;0.9911;1;0.9596;0.7747;0.998;0.998;1;0.998;0.998;0.9817;0.9498;0.1277;1.9575;2.0283;0.0122;0.0002;0.1016;0.0134;0.0475;0.009;0;0;0.088;0;1.6793;0;0;0;0;0;0;0;0;0;0;0;0;0.0383;0.0093;1.7969;1.7969;0;39.315;39.315;26.195;0.0409;1741.1;1032.1;1;0.0295;0.0295;0;0;0;0;0;0;1.7673;1.6793;0;17.487;20.249;16.343;18.924;98.356;98.356;15.644;14.36;13.421;1.2838;0.9394;0.0821;0.06;0.8579;61.747;0.8134;0
30/08/21 13:00;41.044;30.572;40.494;59.707;30.293;90;30.293;361;303.8;57.198;14.43;2.27;0;66.243;264.71;22.813;0;3.9433;357.71;0;357.71;66.243;22.813;264.71;3.9433;0.1852;0.751;0;0.011;342.27;15.441;0;0;11.97;3.4708;332.65;8.9288;0.4742;0.1633;8.2081;0.0831;341.58;0.6845;0.1325;0.0456;0.5055;0.0009;333.89;65.636;22.604;244.02;0.3884;215.18;179.89;56.975;4.1461;2.1568;31.024;1.2361;29.035;0;1;0;0;0.9909;0.9568;1;1;0.9548;0.1198;0.9739;0.9928;1;0.9675;0.8237;0.998;0.998;1;0.998;0.998;0.93;0.9219;0.0985;1.0742;1.071;0.0064;0.0124;0.0113;0.0073;0.0258;0.006;0;0;0.088;0;0.874;0;0;0;0;0;0;0;0;0;0;0;0;0.0208;0.0029;0.9781;0.9781;0;27.962;27.962;13.532;0.0407;916.12;1067.6;1;0.0161;0.0161;0;0;0;0;0;0;0.962;0.874;0;17.345;20.085;15.499;17.948;98.354;98.354;8.585;7.8167;6.9847;0.7683;0.832;0.0895;0.0969;0.8136;174.82;0.764;0
30/08/21 14:00;33.371;46.546;35.056;42.219;47.781;90;47.781;325.19;263.4;61.796;14.64;2.33;0;91.962;201.78;32.778;0;8.534;335.06;0;335.06;91.962;32.778;201.78;8.534;0.2745;0.6277;0;0.0255;308.8;26.261;0;0;18.29;7.971;301.63;6.5439;0.3665;0.1306;6.0195;0.0274;308.18;0.6176;0.1839;0.0656;0.367;0.0011;304.69;91.412;32.582;177.11;0.5345;186.78;156.15;52.261;15.161;2.4413;35.118;3.0515;22.398;0;1;0;0;1.0303;0.9216;1;1;0.9094;0.066;0.9788;0.996;1;0.9671;0.9513;0.998;0.998;1;0.998;0.998;0.9002;0.8777;0.0626;1.0062;0.9917;0.006;0.0135;0.0067;0.0068;0.024;0.0068;0;0;0.088;0;0.8031;0;0;0;0;0;0;0;0;0;0;0;0;0.0193;0.0025;0.9061;0.9061;0;26.907;26.907;12.267;0.0407;846.98;1069.8;1;0.015;0.015;0;0;0;0;0;0;0.8911;0.8031;0;17.156;19.866;15.205;17.607;98.34;98.34;8.0414;7.2418;6.4183;0.7995;0.8235;0.0994;0.1024;0.7982;154.14;0.7401;0
30/08/21 15:00;23.578;59.237;28.111;26.926;60;90;60;224.8;193.8;31.006;14.62;1.33;0;68.374;136.96;24.658;0;8.9922;238.99;0;238.99;68.374;24.658;136.96;8.9922;0.2861;0.6107;0;0.0376;213.28;25.707;0;0;17.273;8.4346;208.5;4.3523;0.0663;0.0239;4.2242;0.0379;212.85;0.4266;0.1367;0.0493;0.2394;0.0011;211.86;68.171;24.585;115.23;0.5185;123.25;103.04;37.024;22.9;2.2841;32.857;3.3616;12.241;0;1;0;0;1.0631;0.8924;1;1;0.8739;0.062;0.9796;0.999;1;0.9646;0.9319;0.998;0.998;1;0.998;0.998;0.8724;0.8413;0.0577;0.7177;0.7074;0.0043;0.0169;-0.0048;0.0048;0.0172;0.0064;0;0;0.088;0;0.5481;0;0;0;0;0;0;0;0;0;0;0;0;0.0138;0.0014;0.6474;0.6474;0;23.096;23.096;8.4758;0.0407;603.01;1073.7;1;0.0114;0.0114;0;0;0;0;0;0;0.6361;0.5481;0;17.186;19.901;14.549;16.847;98.246;98.246;5.7357;5.1744;4.3804;0.5612;0.7941;0.0979;0.1384;0.7637;119.23;0.6924;0
30/08/21 16:00;12.513;69.631;58.302;13.318;20.647;90;20.647;99.998;95.602;4.3957;14.51;1.06;0;10.661;91.134;3.5016;0;0.5138;105.81;0;105.81;10.661;3.5016;91.134;0.5138;0.1008;0.8662;0;0.0049;103.15;2.6634;0;0;2.2305;0.4329;99.443;3.4975;0.3267;0.1073;3.0457;0.0177;102.94;0.2063;0.0213;0.007;0.1778;0.0002;99.572;10.313;3.3873;85.68;0.063;56.83;47.51;14.522;0.3656;0.5563;8.0029;0.1286;8.1936;0;1;0;0;1.0581;0.9748;1;1;0.9755;0.1575;0.966;0.9693;1;0.9657;0.7803;0.998;0.998;1;0.998;0.998;0.9398;0.9402;0.1227;0.3177;0.3168;0.0019;0.0173;-0.0074;0.0021;0.0076;0.0015;0;0;0.088;0;0.1921;0;0;0;0;0;0;0;0;0;0;0;0;0.0061;0.0004;0.2873;0.2873;0;18.564;18.564;4.0545;0.0408;269.61;1065.5;1;0.0072;0.0072;0;0;0;0;0;0;0.2801;0.1921;0;17.223;19.944;11.519;13.338;97.509;97.509;2.5395;2.296;1.5355;0.2435;0.7605;0.0959;0.2995;0.6046;56.802;0.5722;0
30/08/21 17:00;3.3158;76.795;81.936;3.4057;4.878;90;4.878;3.3013;3.1996;0.1018;12.59;1.2899;0;0.2469;3.1896;0.0102;0;0.001;3.4476;3.4476;0;0.2469;0;0;0;1;1;1;1;0;0;0;0;0;0;0;0;0;0;0;0;0;0;0;0;0;0;0;0;0;0;0;0;0;0;0;0;0;0;0;0;0;0;0;0;1;1;1;1;1;1;1;1;1;1;1;0;1;0;0;1;0;0;0;0;0;0;0;0;0;0;0;0.0004;0.088;0;-0.0884;0;0;0;0;0;0;0;0;0;0;0;0;0;0;0;0;0;0;0;-12.59;0;0;0;0;0.0004;0;0;0;0;0;0;0;-0.0004;-0.0884;0;0;0;0;0;0;0;0;0;-0.7063;0;0.7063;1;1;0;0;0;0
30/08/21 18:00;0;0;90;0;0;90;0;0;0;0;8.6299;1.9299;0;0;0;0;0;0;0;0;0;0;0;0;0;1;1;1;1;0;0;0;0;0;0;0;0;0;0;0;0;0;0;0;0;0;0;0;0;0;0;0;0;0;0;0;0;0;0;0;0;0;0;0;1;1;1;1;1;1;1;1;1;1;1;1;1;1;1;1;1;1;1;0;0;0;0;0;0;0;0;0;0.0004;0.088;0;-0.0884;0;0;0;0;0;0;0;0;0;0;0;0;0;0;0;0;0;0;0;-8.6299;0;0;0;0;0.0004;0;0;0;0;0;0;0;-0.0004;-0.0884;0;0;0;0;0;0;0;0;0;-0.7063;0;0.7063;1;1;0;0;0;0
30/08/21 19:00;0;0;90;0;0;90;0;0;0;0;7.3702;2.5;0;0;0;0;0;0;0;0;0;0;0;0;0;1;1;1;1;0;0;0;0;0;0;0;0;0;0;0;0;0;0;0;0;0;0;0;0;0;0;0;0;0;0;0;0;0;0;0;0;0;0;0;1;1;1;1;1;1;1;1;1;1;1;1;1;1;1;1;1;1;1;0;0;0;0;0;0;0;0;0;0.0004;0.088;0;-0.0884;0;0;0;0;0;0;0;0;0;0;0;0;0;0;0;0;0;0;0;-7.3702;0;0;0;0;0.0004;0;0;0;0;0;0;0;-0.0004;-0.0884;0;0;0;0;0;0;0;0;0;-0.7063;0;0.7063;1;1;0;0;0;0
30/08/21 20:00;0;0;90;0;0;90;0;0;0;0;5.9303;2.84;0;0;0;0;0;0;0;0;0;0;0;0;0;1;1;1;1;0;0;0;0;0;0;0;0;0;0;0;0;0;0;0;0;0;0;0;0;0;0;0;0;0;0;0;0;0;0;0;0;0;0;0;1;1;1;1;1;1;1;1;1;1;1;1;1;1;1;1;1;1;1;0;0;0;0;0;0;0;0;0;0.0004;0.088;0;-0.0884;0;0;0;0;0;0;0;0;0;0;0;0;0;0;0;0;0;0;0;-5.9303;0;0;0;0;0.0004;0;0;0;0;0;0;0;-0.0004;-0.0884;0;0;0;0;0;0;0;0;0;-0.7063;0;0.7063;1;1;0;0;0;0
30/08/21 21:00;0;0;90;0;0;90;0;0;0;0;4.6998;3.0299;0;0;0;0;0;0;0;0;0;0;0;0;0;1;1;1;1;0;0;0;0;0;0;0;0;0;0;0;0;0;0;0;0;0;0;0;0;0;0;0;0;0;0;0;0;0;0;0;0;0;0;0;1;1;1;1;1;1;1;1;1;1;1;1;1;1;1;1;1;1;1;0;0;0;0;0;0;0;0;0;0.0004;0.088;0;-0.0884;0;0;0;0;0;0;0;0;0;0;0;0;0;0;0;0;0;0;0;-4.6998;0;0;0;0;0.0004;0;0;0;0;0;0;0;-0.0004;-0.0884;0;0;0;0;0;0;0;0;0;-0.7063;0;0.7063;1;1;0;0;0;0
30/08/21 22:00;0;0;90;0;0;90;0;0;0;0;3.6102;3.1099;0;0;0;0;0;0;0;0;0;0;0;0;0;1;1;1;1;0;0;0;0;0;0;0;0;0;0;0;0;0;0;0;0;0;0;0;0;0;0;0;0;0;0;0;0;0;0;0;0;0;0;0;1;1;1;1;1;1;1;1;1;1;1;1;1;1;1;1;1;1;1;0;0;0;0;0;0;0;0;0;0.0004;0.088;0;-0.0884;0;0;0;0;0;0;0;0;0;0;0;0;0;0;0;0;0;0;0;-3.6102;0;0;0;0;0.0004;0;0;0;0;0;0;0;-0.0004;-0.0884;0;0;0;0;0;0;0;0;0;-0.7063;0;0.7063;1;1;0;0;0;0
30/08/21 23:00;0;0;90;0;0;90;0;0;0;0;3.3198;3.1701;0;0;0;0;0;0;0;0;0;0;0;0;0;1;1;1;1;0;0;0;0;0;0;0;0;0;0;0;0;0;0;0;0;0;0;0;0;0;0;0;0;0;0;0;0;0;0;0;0;0;0;0;1;1;1;1;1;1;1;1;1;1;1;1;1;1;1;1;1;1;1;0;0;0;0;0;0;0;0;0;0.0004;0.088;0;-0.0884;0;0;0;0;0;0;0;0;0;0;0;0;0;0;0;0;0;0;0;-3.3198;0;0;0;0;0.0004;0;0;0;0;0;0;0;-0.0004;-0.0884;0;0;0;0;0;0;0;0;0;-0.7063;0;0.7063;1;1;0;0;0;0
31/08/21 00:00;0;0;90;0;0;90;0;0;0;0;3.8801;3.1899;0;0;0;0;0;0;0;0;0;0;0;0;0;1;1;1;1;0;0;0;0;0;0;0;0;0;0;0;0;0;0;0;0;0;0;0;0;0;0;0;0;0;0;0;0;0;0;0;0;0;0;0;1;1;1;1;1;1;1;1;1;1;1;1;1;1;1;1;1;1;1;0;0;0;0;0;0;0;0;0;0.0004;0.088;0;-0.0884;0;0;0;0;0;0;0;0;0;0;0;0;0;0;0;0;0;0;0;-3.8801;0;0;0;0;0.0004;0;0;0;0;0;0;0;-0.0004;-0.0884;0;0;0;0;0;0;0;0;0;-0.7063;0;0.7063;1;1;0;0;0;0
31/08/21 01:00;0;0;90;0;0;90;0;0;0;0;2.78;3.1801;0;0;0;0;0;0;0;0;0;0;0;0;0;1;1;1;1;0;0;0;0;0;0;0;0;0;0;0;0;0;0;0;0;0;0;0;0;0;0;0;0;0;0;0;0;0;0;0;0;0;0;0;1;1;1;1;1;1;1;1;1;1;1;1;1;1;1;1;1;1;1;0;0;0;0;0;0;0;0;0;0.0004;0.088;0;-0.0884;0;0;0;0;0;0;0;0;0;0;0;0;0;0;0;0;0;0;0;-2.78;0;0;0;0;0.0004;0;0;0;0;0;0;0;-0.0004;-0.0884;0;0;0;0;0;0;0;0;0;-0.7063;0;0.7063;1;1;0;0;0;0
31/08/21 02:00;0;0;90;0;0;90;0;0;0;0;2.4602;3.1899;0;0;0;0;0;0;0;0;0;0;0;0;0;1;1;1;1;0;0;0;0;0;0;0;0;0;0;0;0;0;0;0;0;0;0;0;0;0;0;0;0;0;0;0;0;0;0;0;0;0;0;0;1;1;1;1;1;1;1;1;1;1;1;1;1;1;1;1;1;1;1;0;0;0;0;0;0;0;0;0;0.0004;0.088;0;-0.0884;0;0;0;0;0;0;0;0;0;0;0;0;0;0;0;0;0;0;0;-2.4602;0;0;0;0;0.0004;0;0;0;0;0;0;0;-0.0004;-0.0884;0;0;0;0;0;0;0;0;0;-0.7063;0;0.7063;1;1;0;0;0;0
31/08/21 03:00;0;0;90;0;0;90;0;0;0;0;2.0401;3.24;0;0;0;0;0;0;0;0;0;0;0;0;0;1;1;1;1;0;0;0;0;0;0;0;0;0;0;0;0;0;0;0;0;0;0;0;0;0;0;0;0;0;0;0;0;0;0;0;0;0;0;0;1;1;1;1;1;1;1;1;1;1;1;1;1;1;1;1;1;1;1;0;0;0;0;0;0;0;0;0;0.0004;0.088;0;-0.0884;0;0;0;0;0;0;0;0;0;0;0;0;0;0;0;0;0;0;0;-2.0401;0;0;0;0;0.0004;0;0;0;0;0;0;0;-0.0004;-0.0884;0;0;0;0;0;0;0;0;0;-0.7063;0;0.7063;1;1;0;0;0;0
31/08/21 04:00;0;0;90;0;0;90;0;0;0;0;1.3002;3.2799;0;0;0;0;0;0;0;0;0;0;0;0;0;1;1;1;1;0;0;0;0;0;0;0;0;0;0;0;0;0;0;0;0;0;0;0;0;0;0;0;0;0;0;0;0;0;0;0;0;0;0;0;1;1;1;1;1;1;1;1;1;1;1;1;1;1;1;1;1;1;1;0;0;0;0;0;0;0;0;0;0.0004;0.088;0;-0.0884;0;0;0;0;0;0;0;0;0;0;0;0;0;0;0;0;0;0;0;-1.3002;0;0;0;0;0.0004;0;0;0;0;0;0;0;-0.0004;-0.0884;0;0;0;0;0;0;0;0;0;-0.7063;0;0.7063;1;1;0;0;0;0
31/08/21 05:00;0;0;90;0;0;90;0;0;0;0;1.1001;3.2699;0;0;0;0;0;0;0;0;0;0;0;0;0;1;1;1;1;0;0;0;0;0;0;0;0;0;0;0;0;0;0;0;0;0;0;0;0;0;0;0;0;0;0;0;0;0;0;0;0;0;0;0;1;1;1;1;1;1;1;1;1;1;1;1;1;1;1;1;1;1;1;0;0;0;0;0;0;0;0;0;0.0004;0.088;0;-0.0884;0;0;0;0;0;0;0;0;0;0;0;0;0;0;0;0;0;0;0;-1.1001;0;0;0;0;0.0004;0;0;0;0;0;0;0;-0.0004;-0.0884;0;0;0;0;0;0;0;0;0;-0.7063;0;0.7063;1;1;0;0;0;0
31/08/21 06:00;3.7361;-76.934;80.907;3.8351;5.5004;-90;-5.5004;23.109;20.302;2.8076;0.6999;3.9701;0;6.8091;19.606;1.5784;0;0.0085;28.002;0;28.002;6.8091;1.5784;19.606;0.0085;0.2432;0.7005;0;0.0003;27.941;0.0606;0;0;0.0535;0.0071;24.072;3.8138;2.4086;0.5583;0.8466;0.0003;27.885;0.0559;0.0136;0.0032;0.0391;0;24.072;4.387;1.0169;18.667;0.0011;11.668;9.7545;2.913;0.0003;0.1138;1.6374;0.0006;1.7509;0;1;0;0;1.2117;0.9978;1;1;0.9973;0.1644;0.8632;0.6456;1;0.9566;0.7764;0.998;0.998;1;0.998;0.998;0.8596;0.9521;0.1274;0.0841;0.076;0.0005;0.0098;-0.0064;0.0005;0.0018;0.0003;0;0;0.088;0;-0.024;0;0;0;0;0;0;0;0;0;0;0;0;0.0014;0.0001;0.068;0.068;0;1.6846;1.6846;0.9847;0.0409;62.991;1079.8;1;0.004;0.004;0;0;0;0;0;0;0.064;-0.024;0;15.409;17.844;-5.4287;-6.2863;94.145;94.145;0.672;0.5436;-0.1915;0.1284;0.7351;0.1911;1.0939;0;11.651;0;0
31/08/21 07:00;13.322;-69.431;56.024;14.194;22.296;-90;-22.296;210.09;34.703;175.39;4.0297;3.9899;0;425.37;14.489;47.662;0;1.2566;488.78;0;488.78;425.37;47.662;14.489;1.2566;0.8703;0.0322;0;0.0026;487.32;1.4633;0;0;0.4004;1.063;474.73;11.617;9.9811;1.1184;0.4766;0.0412;486.34;0.9746;0.8507;0.0953;0.0282;0.0004;474.76;414.54;46.448;13.583;0.1521;10.064;8.4132;2.1656;0.0772;0.1257;1.8084;0.0336;1.8569;0;1;0;0;2.3265;0.997;1;1;0.9724;0.1541;0.9761;0.9765;1;0.9661;0.7867;0.998;0.998;1;0.998;0.998;0.9712;0.9375;0.121;1.4678;1.4337;0.0086;0.0072;-0.0089;0.01;0.0354;0.0004;0;0;0.088;0;1.2374;0;0;0;0;0;0;0;0;0;0;0;0;0.0285;0.0049;1.3476;1.3476;0;23.226;23.226;19.197;0.0404;1229.9;1095.7;1;0.0222;0.0222;0;0;0;0;0;0;1.3254;1.2374;0;17.49;20.253;16.06;18.597;98.353;98.353;11.731;10.77;9.8895;0.9606;0.8806;0.0819;0.0751;0.843;9.108;0.8407;0
31/08/21 08:00;24.365;-58.938;28.11;27.865;60;-90;-60;368.09;76.697;291.39;8.2703;3.4901;0;623.02;27.294;86.175;0;14.724;751.22;0;751.22;623.02;86.175;27.294;14.724;0.8294;0.0559;0;0.0196;734;17.213;0;0;3.4349;13.779;730.94;1.5917;0.6037;0.0835;0.8419;0.0625;732.53;1.468;1.246;0.1723;0.0477;0.0019;732.83;621.17;85.919;22.97;0.8807;64.483;53.908;18.5;4.5668;0.7696;11.071;1.8861;7.274;0;1;0;0;2.0408;0.9771;1;1;0.8742;0.0642;0.9978;0.999;1;0.9646;0.9337;0.998;0.998;1;0.998;0.998;0.973;0.8416;0.0598;2.2559;2.2305;0.0134;-0.0012;0.1022;0.0148;0.0525;0.0021;0;0;0.088;0;1.8718;0;0;0;0;0;0;0;0;0;0;0;0;0.0423;0.0111;1.9932;1.9932;0;38.153;38.153;29.883;0.0409;1917.2;1039.6;1;0.0335;0.0335;0;0;0;0;0;0;1.9598;1.8718;0;16.832;19.491;15.806;18.303;98.321;98.321;18.029;15.93;14.959;2.0991;0.9708;0.1164;0.0538;0.8297;23.768;0.8207;0
31/08/21 09:00;34.109;-46.081;35.051;43.236;46.764;-90;-46.764;547.5;95.103;452.39;12.34;3.9001;0;660.42;32.034;83.328;0;13.796;789.58;0;789.58;660.42;83.328;32.034;13.796;0.8364;0.058;0;0.0175;773.93;15.647;0;0;2.8091;12.837;768.41;3.9668;2.6302;0.3319;0.9554;0.0494;772.38;1.5479;1.3208;0.1667;0.0585;0.0019;771.9;656.47;82.829;28.211;0.9077;228.55;191.07;59.593;2.2373;2.2099;31.788;3.4808;31.761;0;1;0;0;1.4422;0.9802;1;1;0.9123;0.0695;0.9949;0.996;1;0.9672;0.9484;0.998;0.998;1;0.998;0.998;0.9732;0.8807;0.0658;2.3711;2.3919;0.0144;-0.0019;0.158;0.0155;0.0551;0.0059;0;0;0.088;0;1.9649;0;0;0;0;0;0;0;0;0;0;0;0;0.0444;0.0127;2.0877;2.0877;0;43.903;43.903;31.563;0.0411;2056.3;1015.3;1;0.0348;0.0348;0;0;0;0;0;0;2.0529;1.9649;0;16.773;19.423;15.787;18.281;98.333;98.333;18.95;16.685;15.704;2.2646;0.9814;0.1195;0.0518;0.8287;24.237;0.8045;0
31/08/21 10:00;41.684;-29.862;40.366;60.789;29.211;-90;-29.211;344.1;291.6;52.5;15.37;4.0799;0;60.15;257.02;19.622;0;3.5009;340.29;0;340.29;60.15;19.622;257.02;3.5009;0.1768;0.7656;0;0.0103;326.29;14.007;0;0;10.95;3.0572;316.97;8.6655;0.4261;0.139;8.0201;0.0803;325.64;0.6526;0.1203;0.0392;0.4921;0.0009;318.05;59.604;19.444;237.56;0.3625;205.39;171.71;54.271;3.5489;2.0394;29.335;1.0775;27.826;0;1;0;0;0.9889;0.9588;1;1;0.9574;0.1267;0.9734;0.9929;1;0.9673;0.8186;0.998;0.998;1;0.998;0.998;0.9315;0.9243;0.1035;1.0219;1.0198;0.0061;0.0132;0.0119;0.0069;0.0245;0.0057;0;0;0.088;0;0.8258;0;0;0;0;0;0;0;0;0;0;0;0;0.0198;0.0026;0.9291;0.9291;0;28.271;28.271;12.901;0.0407;872.14;1065.3;1;0.0153;0.0153;0;0;0;0;0;0;0.9138;0.8258;0;17.32;20.056;15.393;17.825;98.35;98.35;8.1671;7.4252;6.5994;0.7419;0.8258;0.0908;0.1011;0.8081;168.49;0.7591;0
31/08/21 11:00;45.906;-10.093;43.241;80.363;9.6367;-90;-9.6367;559.9;265.2;294.7;16.7;4.12;0;298.92;182.94;82.12;0;0.6321;564.61;0;564.61;298.92;82.12;182.94;0.6321;0.5294;0.3251;0;0.0011;562.84;1.7723;0;0;1.2452;0.527;550.9;10.813;2.6193;0.7196;7.4508;0.0236;561.71;1.1257;0.5978;0.1642;0.3634;0.0002;551.01;295.7;81.236;173.88;0.0813;328.89;274.95;85.924;0.0461;2.9628;42.618;0.1159;45.535;0;1;0;0;1.0084;0.9969;1;1;0.9932;0.1662;0.9807;0.9912;1;0.9589;0.7753;0.998;0.998;1;0.998;0.998;0.9757;0.9505;0.1286;1.6955;1.7494;0.0105;0.0031;0.0877;0.0115;0.0409;0.008;0;0;0.088;0;1.4349;0;0;0;0;0;0;0;0;0;0;0;0;0.0329;0.007;1.5476;1.5476;0;39.262;39.262;22.562;0.041;1502.3;1030.1;1;0.0247;0.0247;0;0;0;0;0;0;1.5229;1.4349;0;17.388;20.135;16.122;18.669;98.403;98.403;13.551;12.369;11.468;1.182;0.9008;0.0872;0.0665;0.8463;109.56;0.801;0
31/08/21 12:00;45.779;11.267;43.156;79.234;10.766;90;10.766;422.71;331.1;91.608;17.08;4.27;0;93.25;296.98;32.053;0;0.5952;422.87;0;422.87;93.25;32.053;296.98;0.5952;0.2205;0.7037;0;0.0014;419.94;2.9365;0;0;2.4396;0.4969;406.11;12.988;0.8125;0.2793;11.874;0.0221;419.1;0.8399;0.1865;0.0641;0.5891;0.0002;406.22;92.251;31.709;282.07;0.076;250.05;209.04;63.831;0.1143;2.3549;33.875;0.1129;36.115;0;1;0;0;1.0004;0.9931;1;1;0.9918;0.1651;0.969;0.9913;1;0.9596;0.7747;0.998;0.998;1;0.998;0.998;0.9604;0.9498;0.1277;1.2699;1.2949;0.0078;0.0092;0.0397;0.0087;0.0307;0.0065;0;0;0.088;0;1.0569;0;0;0;0;0;0;0;0;0;0;0;0;0.0248;0.004;1.1635;1.1635;0;33.659;33.659;16.579;0.0408;1110.7;1047.6;1;0.0186;0.0186;0;0;0;0;0;0;1.1449;1.0569;0;17.454;20.211;15.855;18.359;98.4;98.4;10.149;9.2987;8.4467;0.8502;0.8521;0.0838;0.084;0.8323;178.36;0.7852;0
31/08/21 13:00;41.339;30.865;40.127;59.751;30.249;90;30.249;757.71;125;632.71;18.1;4.5201;0;732.44;33.469;103.12;0;8.2534;877.28;0;877.28;732.44;103.12;33.469;8.2534;0.8349;0.0476;0;0.0094;868.51;8.773;0;0;1.51;7.263;859.76;7.0156;5.0868;0.7162;1.0381;0.1745;866.77;1.737;1.4649;0.2062;0.0639;0.002;862.1;725.89;102.2;30.857;0.8139;401.06;335.29;106.63;0.5236;3.5231;50.678;2.3414;53.678;0;1;0;0;1.1578;0.99;1;1;0.9549;0.12;0.9919;0.993;1;0.9675;0.8234;0.998;0.998;1;0.998;0.998;0.98;0.922;0.0986;2.6345;2.7034;0.0163;-0.0019;0.2722;0.0169;0.06;0.0091;0;0;0.088;0;2.1402;0;0;0;0;0;0;0;0;0;0;0;0;0.0483;0.016;2.2665;2.2665;0;53.7;53.7;35.6;0.0414;2326.9;974.03;1;0.0383;0.0383;0;0;0;0;0;0;2.2282;2.1402;0;16.389;18.978;15.476;17.921;98.31;98.31;21.055;18.114;17.105;2.9408;1.0094;0.1397;0.0479;0.8124;22.098;0.7787;0
31/08/21 14:00;33.613;46.878;34.698;42.325;47.675;90;47.675;541.3;137.7;403.6;19.06;4.5499;0;599.41;52.718;110.93;0;14.146;777.2;0;777.2;599.41;110.93;52.718;14.146;0.7712;0.086;0;0.0182;759.23;17.974;0;0;4.7632;13.211;753.41;4.3009;2.2636;0.4189;1.5726;0.0458;757.71;1.5185;1.1988;0.2219;0.0959;0.0019;757.11;595.95;110.29;46.287;0.8874;227.07;189.83;58.683;3.9337;2.3409;33.672;3.6971;32.079;0;1;0;0;1.4358;0.9769;1;1;0.9096;0.0661;0.9943;0.9962;1;0.9671;0.9509;0.998;0.998;1;0.998;0.998;0.9694;0.878;0.0627;2.3339;2.3513;0.0142;-0.0018;0.2079;0.0149;0.0529;0.0061;0;0;0.088;0;1.8816;0;0;0;0;0;0;0;0;0;0;0;0;0.0426;0.0123;2.0022;2.0022;0;50.169;50.169;31.109;0.0413;2024;989.26;1;0.0326;0.0326;0;0;0;0;0;0;1.9696;1.8816;0;16.343;18.924;15.358;17.784;98.37;98.37;18.653;16.002;15.038;2.651;0.9641;0.1421;0.0517;0.8062;40.232;0.7809;0
31/08/21 15:00;23.777;59.575;27.752;27.064;60;90;60;356;153.3;202.7;18.9;3.31;0;444.93;71.97;125.87;0;14.24;657;0;657;444.93;125.87;71.97;14.24;0.6772;0.1312;0;0.0217;634.57;22.433;0;0;9.0763;13.357;630.47;2.8258;0.4256;0.1204;2.2197;0.06;633.3;1.2691;0.8899;0.2517;0.1258;0.0018;632.88;443.61;125.49;60.548;0.8211;88.498;73.984;26.569;12.036;1.3546;19.485;2.4105;8.8042;0;1;0;0;1.8455;0.9659;1;1;0.8739;0.062;0.9955;0.999;1;0.9646;0.9319;0.998;0.998;1;0.998;0.998;0.9596;0.8413;0.0577;1.973;1.9473;0.0117;0.001;0.1358;0.0126;0.0447;0.0036;0;0;0.088;0;1.5782;0;0;0;0;0;0;0;0;0;0;0;0;0.036;0.0086;1.6934;1.6934;0;44.828;44.828;25.928;0.0411;1674.4;1011.3;1;0.0272;0.0272;0;0;0;0;0;0;1.6662;1.5782;0;16.35;18.933;15.238;17.646;98.396;98.396;15.768;13.534;12.613;2.2345;0.9204;0.1417;0.0584;0.7999;62.654;0.7825;0
31/08/21 16:00;12.681;69.967;57.833;13.468;20.925;90;20.925;206.3;95.702;110.6;17.9;2.97;0;268.24;57.855;87.005;0;1.0885;414.19;0;414.19;268.24;87.005;57.855;1.0885;0.6476;0.1423;0;0.0026;411.83;2.3647;0;0;1.4467;0.918;398.74;12.268;7.7797;2.5233;1.9281;0.0372;411;0.8237;0.5365;0.174;0.1128;0.0003;398.82;259.93;84.308;54.367;0.1329;36.828;30.788;9.5194;0.244;0.3539;5.091;0.0845;5.2009;0;1;0;0;2.0077;0.9943;1;1;0.975;0.1566;0.9702;0.9709;1;0.9658;0.7812;0.998;0.998;1;0.998;0.998;0.9627;0.9397;0.1221;1.2438;1.2119;0.0073;0.0104;0.0395;0.0081;0.0287;0.001;0;0;0.088;0;0.9848;0;0;0;0;0;0;0;0;0;0;0;0;0.0231;0.0036;1.0903;1.0903;0;34.187;34.187;16.287;0.0408;1041.8;1046.5;1;0.0175;0.0175;0;0;0;0;0;0;1.0728;0.9848;0;16.698;19.336;15.083;17.465;98.395;98.395;9.9406;8.7135;7.8703;1.2272;0.8431;0.1234;0.0848;0.7917;36.11;0.7845;0
31/08/21 17:00;3.468;77.131;81.564;3.5571;5.0972;90;5.0972;0;0;0;14.78;3.4399;0;0;0;0;0;0;0;0;0;0;0;0;0;1;1;1;1;0;0;0;0;0;0;0;0;0;0;0;0;0;0;0;0;0;0;0;0;0;0;0;0;0;0;0;0;0;0;0;0;0;0;0;1;1;1;1;1;1;1;1;1;1;1;1;1;1;1;1;1;1;1;0;0;0;0;0;0;0;0;0;0.0004;0.088;0;-0.0884;0;0;0;0;0;0;0;0;0;0;0;0;0;0;0;0;0;0;0;-14.78;0;0;0;0;0.0004;0;0;0;0;0;0;0;-0.0004;-0.0884;0;0;0;0;0;0;0;0;0;-0.7063;0;0.7063;1;1;0;0;0;0
31/08/21 18:00;0;0;90;0;0;90;0;0;0;0;10.83;3.54;0;0;0;0;0;0;0;0;0;0;0;0;0;1;1;1;1;0;0;0;0;0;0;0;0;0;0;0;0;0;0;0;0;0;0;0;0;0;0;0;0;0;0;0;0;0;0;0;0;0;0;0;1;1;1;1;1;1;1;1;1;1;1;1;1;1;1;1;1;1;1;0;0;0;0;0;0;0;0;0;0.0004;0.088;0;-0.0884;0;0;0;0;0;0;0;0;0;0;0;0;0;0;0;0;0;0;0;-10.83;0;0;0;0;0.0004;0;0;0;0;0;0;0;-0.0004;-0.0884;0;0;0;0;0;0;0;0;0;-0.7063;0;0.7063;1;1;0;0;0;0
31/08/21 19:00;0;0;90;0;0;90;0;0;0;0;9.2003;3.5701;0;0;0;0;0;0;0;0;0;0;0;0;0;1;1;1;1;0;0;0;0;0;0;0;0;0;0;0;0;0;0;0;0;0;0;0;0;0;0;0;0;0;0;0;0;0;0;0;0;0;0;0;1;1;1;1;1;1;1;1;1;1;1;1;1;1;1;1;1;1;1;0;0;0;0;0;0;0;0;0;0.0004;0.088;0;-0.0884;0;0;0;0;0;0;0;0;0;0;0;0;0;0;0;0;0;0;0;-9.2003;0;0;0;0;0.0004;0;0;0;0;0;0;0;-0.0004;-0.0884;0;0;0;0;0;0;0;0;0;-0.7063;0;0.7063;1;1;0;0;0;0
31/08/21 20:00;0;0;90;0;0;90;0;0;0;0;10.53;3.5999;0;0;0;0;0;0;0;0;0;0;0;0;0;1;1;1;1;0;0;0;0;0;0;0;0;0;0;0;0;0;0;0;0;0;0;0;0;0;0;0;0;0;0;0;0;0;0;0;0;0;0;0;1;1;1;1;1;1;1;1;1;1;1;1;1;1;1;1;1;1;1;0;0;0;0;0;0;0;0;0;0.0004;0.088;0;-0.0884;0;0;0;0;0;0;0;0;0;0;0;0;0;0;0;0;0;0;0;-10.53;0;0;0;0;0.0004;0;0;0;0;0;0;0;-0.0004;-0.0884;0;0;0;0;0;0;0;0;0;-0.7063;0;0.7063;1;1;0;0;0;0
31/08/21 21:00;0;0;90;0;0;90;0;0;0;0;10.8;3.64;0;0;0;0;0;0;0;0;0;0;0;0;0;1;1;1;1;0;0;0;0;0;0;0;0;0;0;0;0;0;0;0;0;0;0;0;0;0;0;0;0;0;0;0;0;0;0;0;0;0;0;0;1;1;1;1;1;1;1;1;1;1;1;1;1;1;1;1;1;1;1;0;0;0;0;0;0;0;0;0;0.0004;0.088;0;-0.0884;0;0;0;0;0;0;0;0;0;0;0;0;0;0;0;0;0;0;0;-10.8;0;0;0;0;0.0004;0;0;0;0;0;0;0;-0.0004;-0.0884;0;0;0;0;0;0;0;0;0;-0.7063;0;0.7063;1;1;0;0;0;0
31/08/21 22:00;0;0;90;0;0;90;0;0;0;0;7.5703;3.7;0;0;0;0;0;0;0;0;0;0;0;0;0;1;1;1;1;0;0;0;0;0;0;0;0;0;0;0;0;0;0;0;0;0;0;0;0;0;0;0;0;0;0;0;0;0;0;0;0;0;0;0;1;1;1;1;1;1;1;1;1;1;1;1;1;1;1;1;1;1;1;0;0;0;0;0;0;0;0;0;0.0004;0.088;0;-0.0884;0;0;0;0;0;0;0;0;0;0;0;0;0;0;0;0;0;0;0;-7.5703;0;0;0;0;0.0004;0;0;0;0;0;0;0;-0.0004;-0.0884;0;0;0;0;0;0;0;0;0;-0.7063;0;0.7063;1;1;0;0;0;0
31/08/21 23:00;0;0;90;0;0;90;0;0;0;0;7.3901;3.7599;0;0;0;0;0;0;0;0;0;0;0;0;0;1;1;1;1;0;0;0;0;0;0;0;0;0;0;0;0;0;0;0;0;0;0;0;0;0;0;0;0;0;0;0;0;0;0;0;0;0;0;0;1;1;1;1;1;1;1;1;1;1;1;1;1;1;1;1;1;1;1;0;0;0;0;0;0;0;0;0;0.0004;0.088;0;-0.0884;0;0;0;0;0;0;0;0;0;0;0;0;0;0;0;0;0;0;0;-7.3901;0;0;0;0;0.0004;0;0;0;0;0;0;0;-0.0004;-0.0884;0;0;0;0;0;0;0;0;0;-0.7063;0;0.7063;1;1;0;0;0;0
01/09/21 00:00;0;0;90;0;0;90;0;0;0;0;7.2;3.7301;0;0;0;0;0;0;0;0;0;0;0;0;0;1;1;1;1;0;0;0;0;0;0;0;0;0;0;0;0;0;0;0;0;0;0;0;0;0;0;0;0;0;0;0;0;0;0;0;0;0;0;0;1;1;1;1;1;1;1;1;1;1;1;1;1;1;1;1;1;1;1;0;0;0;0;0;0;0;0;0;0.0004;0.088;0;-0.0884;0;0;0;0;0;0;0;0;0;0;0;0;0;0;0;0;0;0;0;-7.2;0;0;0;0;0.0004;0;0;0;0;0;0;0;-0.0004;-0.0884;0;0;0;0;0;0;0;0;0;-0.7063;0;0.7063;1;1;0;0;0;0
01/09/21 01:00;0;0;90;0;0;90;0;0;0;0;6.7998;3.61;0;0;0;0;0;0;0;0;0;0;0;0;0;1;1;1;1;0;0;0;0;0;0;0;0;0;0;0;0;0;0;0;0;0;0;0;0;0;0;0;0;0;0;0;0;0;0;0;0;0;0;0;1;1;1;1;1;1;1;1;1;1;1;1;1;1;1;1;1;1;1;0;0;0;0;0;0;0;0;0;0.0004;0.088;0;-0.0884;0;0;0;0;0;0;0;0;0;0;0;0;0;0;0;0;0;0;0;-6.7998;0;0;0;0;0.0004;0;0;0;0;0;0;0;-0.0004;-0.0884;0;0;0;0;0;0;0;0;0;-0.7063;0;0.7063;1;1;0;0;0;0
01/09/21 02:00;0;0;90;0;0;90;0;0;0;0;7.1003;3.4101;0;0;0;0;0;0;0;0;0;0;0;0;0;1;1;1;1;0;0;0;0;0;0;0;0;0;0;0;0;0;0;0;0;0;0;0;0;0;0;0;0;0;0;0;0;0;0;0;0;0;0;0;1;1;1;1;1;1;1;1;1;1;1;1;1;1;1;1;1;1;1;0;0;0;0;0;0;0;0;0;0.0004;0.088;0;-0.0884;0;0;0;0;0;0;0;0;0;0;0;0;0;0;0;0;0;0;0;-7.1003;0;0;0;0;0.0004;0;0;0;0;0;0;0;-0.0004;-0.0884;0;0;0;0;0;0;0;0;0;-0.7063;0;0.7063;1;1;0;0;0;0
01/09/21 03:00;0;0;90;0;0;90;0;0;0;0;6.2002;3.1999;0;0;0;0;0;0;0;0;0;0;0;0;0;1;1;1;1;0;0;0;0;0;0;0;0;0;0;0;0;0;0;0;0;0;0;0;0;0;0;0;0;0;0;0;0;0;0;0;0;0;0;0;1;1;1;1;1;1;1;1;1;1;1;1;1;1;1;1;1;1;1;0;0;0;0;0;0;0;0;0;0.0004;0.088;0;-0.0884;0;0;0;0;0;0;0;0;0;0;0;0;0;0;0;0;0;0;0;-6.2002;0;0;0;0;0.0004;0;0;0;0;0;0;0;-0.0004;-0.0884;0;0;0;0;0;0;0;0;0;-0.7063;0;0.7063;1;1;0;0;0;0
01/09/21 04:00;0;0;90;0;0;90;0;0;0;0;5.6697;3.13;0;0;0;0;0;0;0;0;0;0;0;0;0;1;1;1;1;0;0;0;0;0;0;0;0;0;0;0;0;0;0;0;0;0;0;0;0;0;0;0;0;0;0;0;0;0;0;0;0;0;0;0;1;1;1;1;1;1;1;1;1;1;1;1;1;1;1;1;1;1;1;0;0;0;0;0;0;0;0;0;0.0004;0.088;0;-0.0884;0;0;0;0;0;0;0;0;0;0;0;0;0;0;0;0;0;0;0;-5.6697;0;0;0;0;0.0004;0;0;0;0;0;0;0;-0.0004;-0.0884;0;0;0;0;0;0;0;0;0;-0.7063;0;0.7063;1;1;0;0;0;0
01/09/21 05:00;0;0;90;0;0;90;0;0;0;0;5.0701;3.22;0;0;0;0;0;0;0;0;0;0;0;0;0;1;1;1;1;0;0;0;0;0;0;0;0;0;0;0;0;0;0;0;0;0;0;0;0;0;0;0;0;0;0;0;0;0;0;0;0;0;0;0;1;1;1;1;1;1;1;1;1;1;1;1;1;1;1;1;1;1;1;0;0;0;0;0;0;0;0;0;0.0004;0.088;0;-0.0884;0;0;0;0;0;0;0;0;0;0;0;0;0;0;0;0;0;0;0;-5.0701;0;0;0;0;0.0004;0;0;0;0;0;0;0;-0.0004;-0.0884;0;0;0;0;0;0;0;0;0;-0.7063;0;0.7063;1;1;0;0;0;0
01/09/21 06:00;4.0133;-77.18;80.227;4.1156;5.9083;-90;-5.9083;22.191;20.102;2.089;4.3202;4.0601;0;5.0663;19.604;1.0821;0;0.0112;25.764;0;25.764;5.0663;1.0821;19.604;0.0112;0.1966;0.7614;0;0.0004;25.694;0.0693;0;0;0.06;0.0094;22.781;2.8623;1.6642;0.3554;0.8422;0.0004;25.643;0.0514;0.0101;0.0022;0.0391;0;22.781;3.392;0.7245;18.663;0.0014;11.669;9.4755;3.3397;0.0005;0.1305;1.8773;0.0009;2.0072;0;1;0;0;1.161;0.9973;1;1;0.9969;0.1647;0.8884;0.6709;1;0.9568;0.7762;0.998;0.998;1;0.998;0.998;0.8842;0.952;0.1276;0.0774;0.0726;0.0004;0.0096;-0.0052;0.0005;0.0017;0.0004;0;0;0.088;0;-0.0279;0;0;0;0;0;0;0;0;0;0;0;0;0.0014;0.0001;0.0639;0.0639;0;5.2557;5.2557;0.9355;0.0411;60.164;1061.3;1;0.0038;0.0038;0;0;0;0;0;0;0.0601;-0.0279;0;15.722;18.206;-6.8748;-7.9609;94.09;94.09;0.6183;0.5103;-0.2231;0.108;0.7335;0.1747;1.1862;0;11.657;0;0
01/09/21 07:00;13.612;-69.669;55.197;14.479;22.849;-90;-22.849;194.29;36.798;157.49;7.4799;4.34;0;381.96;17.761;44.413;0;1.4484;445.59;0;445.59;381.96;44.413;17.761;1.4484;0.8572;0.0431;0;0.0033;443.85;1.7385;0;0;0.5105;1.228;433.24;9.7246;8.1493;0.9476;0.5812;0.0465;442.96;0.8877;0.7639;0.0888;0.0345;0.0004;433.28;373.05;43.376;16.635;0.1734;12.06;9.7927;3.1074;0.1034;0.1639;2.3579;0.0476;2.4185;0;1;0;0;2.2934;0.9961;1;1;0.9713;0.1521;0.978;0.9786;1;0.9662;0.7887;0.998;0.998;1;0.998;0.998;0.9723;0.9366;0.1197;1.3381;1.31;0.0079;0.009;0.0002;0.0091;0.0321;0.0005;0;0;0.088;0;1.1132;0;0;0;0;0;0;0;0;0;0;0;0;0.0258;0.0041;1.2213;1.2213;0;25.033;25.033;17.553;0.0405;1123.8;1086.8;1;0.0201;0.0201;0;0;0;0;0;0;1.2012;1.1132;0;17.388;20.134;15.849;18.352;98.354;98.354;10.694;9.7609;8.8969;0.9332;0.8639;0.0873;0.0808;0.8319;11.199;0.8287;0
01/09/21 08:00;24.675;-59.16;27.821;28.15;60;-90;-60;394.31;67.597;326.71;12.15;3.7599;0;692.13;21.195;83.336;0;18.73;815.39;0;815.39;692.13;83.336;21.195;18.73;0.8488;0.049;0;0.023;795.2;20.195;0;0;2.6673;17.527;792.13;1.477;0.6638;0.0799;0.6537;0.0796;793.6;1.5904;1.3843;0.1667;0.0371;0.0024;794.48;690.08;83.09;17.836;1.1203;66.33;53.86;21.096;3.548;0.8349;12.009;2.3509;9.2959;0;1;0;0;2.0679;0.9752;1;1;0.8742;0.0642;0.9981;0.999;1;0.9646;0.9337;0.998;0.998;1;0.998;0.998;0.9715;0.8416;0.0598;2.4486;2.4182;0.0146;-0.002;0.1666;0.0157;0.0556;0.0022;0;0;0.088;0;1.9846;0;0;0;0;0;0;0;0;0;0;0;0;0.0448;0.013;2.1078;2.1078;0;44.707;44.707;32.557;0.0411;2081.3;1012.7;1;0.0352;0.0352;0;0;0;0;0;0;2.0726;1.9846;0;16.399;18.989;15.44;17.88;98.331;98.331;19.569;16.846;15.861;2.7235;0.9845;0.1392;0.0503;0.8105;18.456;0.8017;0
01/09/21 09:00;34.447;-46.267;34.756;43.509;46.491;-90;-46.491;561.8;94.198;467.6;15.73;3.47;0;679.19;30.639;84.109;0;16.627;810.56;0;810.56;679.19;84.109;30.639;16.627;0.8379;0.0583;0;0.0205;792.43;18.128;0;0;2.664;15.464;786.96;3.8831;2.5876;0.3204;0.9138;0.0612;790.85;1.5849;1.3584;0.1682;0.0559;0.0023;791.01;675.24;83.62;27.005;1.0987;235.45;191.18;70.427;2.098;2.5709;36.981;4.044;37.454;0;1;0;0;1.4428;0.9776;1;1;0.9131;0.0699;0.9951;0.9962;1;0.9673;0.9472;0.998;0.998;1;0.998;0.998;0.9709;0.8814;0.0661;2.4341;2.4604;0.0148;-0.0021;0.1997;0.0157;0.0558;0.0068;0;0;0.088;0;1.9884;0;0;0;0;0;0;0;0;0;0;0;0;0.0449;0.0134;2.1113;2.1113;0;48.169;48.169;32.439;0.0412;2117.2;997.23;1;0.035;0.035;0;0;0;0;0;0;2.0764;1.9884;0;16.524;19.134;15.561;18.02;98.344;98.344;19.453;16.874;15.891;2.5798;0.9827;0.1326;0.0505;0.8169;23.121;0.7899;0
01/09/21 10:00;42.047;-29.967;40.04;61.02;28.98;-90;-28.98;685.39;113.8;571.59;19.21;3.24;0;653.4;38.975;82.561;0;8.1527;783.09;0;783.09;653.4;82.561;38.975;8.1527;0.8344;0.0602;0;0.0104;774.34;8.751;0;0;1.6395;7.1115;766.31;6.4816;4.5047;0.5692;1.2179;0.1899;772.79;1.5487;1.3068;0.1651;0.0747;0.0021;768.47;647.59;81.826;36.043;0.8493;367.36;298.3;112.76;0.5254;3.6456;52.441;2.1652;55.561;0;1;0;0;1.1425;0.9888;1;1;0.9579;0.1277;0.9916;0.9931;1;0.9673;0.8173;0.998;0.998;1;0.998;0.998;0.9786;0.9248;0.1042;2.3516;2.4251;0.0146;-0.002;0.2203;0.0153;0.0544;0.0095;0;0;0.088;0;1.9345;0;0;0;0;0;0;0;0;0;0;0;0;0.0438;0.013;2.0561;2.0561;0;50.869;50.869;31.659;0.0413;2086.3;985.53;1;0.0336;0.0336;0;0;0;0;0;0;2.0225;1.9345;0;16.656;19.288;15.671;18.147;98.367;98.367;18.794;16.433;15.461;2.3616;0.9717;0.1257;0.0517;0.8226;25.511;0.7834;0
01/09/21 11:00;46.276;-10.058;42.888;80.517;9.4833;-90;-9.4833;746.3;125.5;620.8;20.62;3.0901;0;629.4;45.023;81.28;0;0.9689;756.67;0;756.67;629.4;81.28;45.023;0.9689;0.8318;0.0608;0;0.0013;755.56;1.1063;0;0;0.2984;0.8079;746.1;7.9552;5.3855;0.6955;1.8382;0.0361;754.05;1.5111;1.2588;0.1626;0.0894;0.0003;746.28;622.75;80.422;42.797;0.1246;436.33;354.3;130.92;0.0109;4.4863;64.533;0.1789;69.009;0;1;0;0;1.0139;0.9985;1;1;0.9934;0.1662;0.9895;0.9914;1;0.9588;0.7753;0.998;0.998;1;0.998;0.998;0.986;0.9506;0.1286;2.2723;2.3838;0.0144;-0.0019;0.2217;0.015;0.0534;0.0116;0;0;0.088;0;1.8933;0;0;0;0;0;0;0;0;0;0;0;0;0.043;0.0126;2.014;2.014;0;51.461;51.461;30.841;0.0413;2049.7;982.58;1;0.0327;0.0327;0;0;0;0;0;0;1.9813;1.8933;0;16.885;19.552;15.873;18.38;98.375;98.375;18.16;16.096;15.131;2.0642;0.9648;0.1137;0.0531;0.8332;26.955;0.7832;0
01/09/21 12:00;46.124;11.462;42.787;79.183;10.817;90;10.817;744.7;129.8;614.9;21.82;2.91;0;626.02;47.043;83.824;0;1.257;758.15;0;758.15;626.02;83.824;47.043;1.257;0.8257;0.0637;0;0.0017;756.71;1.439;0;0;0.3895;1.0495;747.24;7.958;5.3198;0.7123;1.8793;0.0467;755.19;1.5134;1.252;0.1676;0.0933;0.0004;747.48;619.45;82.944;44.681;0.1605;434.24;352.6;132.3;0.0187;4.3349;62.355;0.2417;66.672;0;1;0;0;1.0181;0.9981;1;1;0.9917;0.1651;0.9895;0.9915;1;0.9596;0.7747;0.998;0.998;1;0.998;0.998;0.9856;0.9498;0.1277;2.2767;2.3828;0.0143;-0.0019;0.2326;0.015;0.0531;0.0112;0;0;0.088;0;1.8828;0;0;0;0;0;0;0;0;0;0;0;0;0.0427;0.0126;2.0032;2.0032;0;52.741;52.741;30.921;0.0414;2049.5;977.44;1;0.0324;0.0324;0;0;0;0;0;0;1.9708;1.8828;0;16.762;19.41;15.754;18.243;98.382;98.382;18.195;16.01;15.048;2.1856;0.9624;0.1201;0.0529;0.827;28.258;0.779;0
01/09/21 13:00;41.634;31.165;39.758;59.793;30.207;90;30.207;672.11;134;538.11;22.73;2.6901;0;622.66;49.672;93.387;0;8.6702;774.39;0;774.39;622.66;93.387;49.672;8.6702;0.8041;0.0753;0;0.0112;764.53;9.8643;0;0;2.2361;7.6282;756.45;6.5435;4.1902;0.6284;1.541;0.1839;763;1.5291;1.2453;0.1868;0.0949;0.0021;758.84;617.23;92.572;45.8;0.8561;357.81;290.54;109.02;0.7725;3.6204;52.078;2.3842;54.926;0;1;0;0;1.1522;0.9873;1;1;0.955;0.1202;0.9914;0.9933;1;0.9674;0.8232;0.998;0.998;1;0.998;0.998;0.9768;0.9221;0.0987;2.3255;2.3953;0.0144;-0.0019;0.2451;0.015;0.0531;0.0093;0;0;0.088;0;1.8846;0;0;0;0;0;0;0;0;0;0;0;0;0.0427;0.0127;2.0049;2.0049;0;54.067;54.067;31.336;0.0414;2061.6;972.5;1;0.0323;0.0323;0;0;0;0;0;0;1.9726;1.8846;0;16.424;19.018;15.438;17.877;98.386;98.386;18.585;16.023;15.062;2.562;0.9618;0.1379;0.0518;0.8104;32.786;0.7715;0
01/09/21 14:00;33.855;47.216;34.338;42.429;47.571;90;47.571;546.7;137;409.7;22.8;2.43;0;607.26;51.98;111.05;0;16.896;787.18;0;787.18;607.26;111.05;51.98;16.896;0.7714;0.0875;0;0.0215;766.72;20.459;0;0;4.6816;15.777;761.02;4.1671;2.1654;0.396;1.5505;0.0553;765.18;1.5334;1.2145;0.2221;0.0946;0.0022;765.11;603.88;110.43;45.653;1.0617;229.53;186.38;69.542;3.8501;2.5661;36.912;4.0897;35.628;0;1;0;0;1.4399;0.974;1;1;0.9099;0.0662;0.9946;0.9964;1;0.9672;0.9505;0.998;0.998;1;0.998;0.998;0.9668;0.8783;0.0628;2.3639;2.3822;0.0143;-0.0019;0.2461;0.0149;0.0527;0.0066;0;0;0.088;0;1.8743;0;0;0;0;0;0;0;0;0;0;0;0;0.0425;0.0126;1.9945;1.9945;0;54.332;54.332;31.532;0.0414;2051.8;972.06;1;0.0321;0.0321;0;0;0;0;0;0;1.9623;1.8743;0;16.073;18.612;15.105;17.491;98.388;98.388;18.892;15.94;14.98;2.9526;0.9602;0.1563;0.0508;0.7929;39.628;0.766;0
01/09/21 15:00;23.975;59.918;27.39;27.2;60;90;60;366.1;147.9;218.2;22.4;1.9999;0;476.78;66.631;129.05;0;17.39;689.85;0;689.85;476.78;129.05;66.631;17.39;0.6911;0.1218;0;0.0252;665.14;24.715;0;0;8.4031;16.311;661.11;2.7004;0.4502;0.1218;2.0551;0.0733;663.81;1.3303;0.9536;0.2581;0.1165;0.0022;663.95;475.38;128.67;56.057;1.0028;86.692;70.394;29.271;11.144;1.4037;20.192;2.8423;10.451;0;1;0;0;1.8843;0.9642;1;1;0.8739;0.062;0.9959;0.9991;1;0.9646;0.9319;0.998;0.998;1;0.998;0.998;0.9583;0.8413;0.0577;2.0716;2.0423;0.0123;0.0001;0.1778;0.013;0.046;0.0037;0;0;0.088;0;1.6273;0;0;0;0;0;0;0;0;0;0;0;0;0.037;0.0094;1.7431;1.7431;0;49.695;49.695;27.295;0.0413;1757.4;991.89;1;0.0278;0.0278;0;0;0;0;0;0;1.7153;1.6273;0;16.029;18.561;14.965;17.329;98.408;98.408;16.556;13.931;13.006;2.6255;0.9251;0.1586;0.0559;0.7855;58.007;0.7687;0
01/09/21 16:00;12.849;70.306;57.362;13.618;21.204;90;21.204;185.31;113.1;72.202;21.23;2.2;0;175.11;82.891;66.229;0;1.1918;325.42;0;325.42;175.11;66.229;82.891;1.1918;0.5381;0.2584;0;0.0037;322.3;3.1235;0;0;2.1173;1.0063;312.24;9.4177;4.8052;1.8174;2.7548;0.0404;321.65;0.6446;0.3502;0.1325;0.1615;0.0004;312.38;169.95;64.279;77.858;0.1448;52.298;42.466;15.422;0.3669;0.579;8.3289;0.1437;8.541;0;1;0;0;1.7561;0.9904;1;1;0.9745;0.1557;0.9707;0.9725;1;0.9658;0.782;0.998;0.998;1;0.998;0.998;0.9595;0.9393;0.1215;0.9772;0.9584;0.0058;0.014;0.0309;0.0064;0.0225;0.0016;0;0;0.088;0;0.7549;0;0;0;0;0;0;0;0;0;0;0;0;0.0181;0.0024;0.8568;0.8568;0;34.002;34.002;12.772;0.0409;822.71;1041.5;1;0.0139;0.0139;0;0;0;0;0;0;0.8429;0.7549;0;16.702;19.341;14.716;17.04;98.374;98.374;7.8101;6.8477;6.0331;0.9624;0.8146;0.1232;0.1043;0.7725;51.81;0.7579;0
01/09/21 17:00;3.62;77.47;81.192;3.7081;5.3161;90;5.3161;0;0;0;18.24;2.6299;0;0;0;0;0;0;0;0;0;0;0;0;0;1;1;1;1;0;0;0;0;0;0;0;0;0;0;0;0;0;0;0;0;0;0;0;0;0;0;0;0;0;0;0;0;0;0;0;0;0;0;0;1;1;1;1;1;1;1;1;1;1;1;1;1;1;1;1;1;1;1;0;0;0;0;0;0;0;0;0;0.0004;0.088;0;-0.0884;0;0;0;0;0;0;0;0;0;0;0;0;0;0;0;0;0;0;0;-18.24;0;0;0;0;0.0004;0;0;0;0;0;0;0;-0.0004;-0.0884;0;0;0;0;0;0;0;0;0;-0.7063;0;0.7063;1;1;0;0;0;0
01/09/21 18:00;0;0;90;0;0;90;0;0;0;0;12.36;3.0299;0;0;0;0;0;0;0;0;0;0;0;0;0;1;1;1;1;0;0;0;0;0;0;0;0;0;0;0;0;0;0;0;0;0;0;0;0;0;0;0;0;0;0;0;0;0;0;0;0;0;0;0;1;1;1;1;1;1;1;1;1;1;1;1;1;1;1;1;1;1;1;0;0;0;0;0;0;0;0;0;0.0004;0.088;0;-0.0884;0;0;0;0;0;0;0;0;0;0;0;0;0;0;0;0;0;0;0;-12.36;0;0;0;0;0.0004;0;0;0;0;0;0;0;-0.0004;-0.0884;0;0;0;0;0;0;0;0;0;-0.7063;0;0.7063;1;1;0;0;0;0
01/09/21 19:00;0;0;90;0;0;90;0;0;0;0;10.88;3.3401;0;0;0;0;0;0;0;0;0;0;0;0;0;1;1;1;1;0;0;0;0;0;0;0;0;0;0;0;0;0;0;0;0;0;0;0;0;0;0;0;0;0;0;0;0;0;0;0;0;0;0;0;1;1;1;1;1;1;1;1;1;1;1;1;1;1;1;1;1;1;1;0;0;0;0;0;0;0;0;0;0.0004;0.088;0;-0.0884;0;0;0;0;0;0;0;0;0;0;0;0;0;0;0;0;0;0;0;-10.88;0;0;0;0;0.0004;0;0;0;0;0;0;0;-0.0004;-0.0884;0;0;0;0;0;0;0;0;0;-0.7063;0;0.7063;1;1;0;0;0;0
01/09/21 20:00;0;0;90;0;0;90;0;0;0;0;9.8598;3.55;0;0;0;0;0;0;0;0;0;0;0;0;0;1;1;1;1;0;0;0;0;0;0;0;0;0;0;0;0;0;0;0;0;0;0;0;0;0;0;0;0;0;0;0;0;0;0;0;0;0;0;0;1;1;1;1;1;1;1;1;1;1;1;1;1;1;1;1;1;1;1;0;0;0;0;0;0;0;0;0;0.0004;0.088;0;-0.0884;0;0;0;0;0;0;0;0;0;0;0;0;0;0;0;0;0;0;0;-9.8598;0;0;0;0;0.0004;0;0;0;0;0;0;0;-0.0004;-0.0884;0;0;0;0;0;0;0;0;0;-0.7063;0;0.7063;1;1;0;0;0;0
01/09/21 21:00;0;0;90;0;0;90;0;0;0;0;8.4099;3.69;0;0;0;0;0;0;0;0;0;0;0;0;0;1;1;1;1;0;0;0;0;0;0;0;0;0;0;0;0;0;0;0;0;0;0;0;0;0;0;0;0;0;0;0;0;0;0;0;0;0;0;0;1;1;1;1;1;1;1;1;1;1;1;1;1;1;1;1;1;1;1;0;0;0;0;0;0;0;0;0;0.0004;0.088;0;-0.0884;0;0;0;0;0;0;0;0;0;0;0;0;0;0;0;0;0;0;0;-8.4099;0;0;0;0;0.0004;0;0;0;0;0;0;0;-0.0004;-0.0884;0;0;0;0;0;0;0;0;0;-0.7063;0;0.7063;1;1;0;0;0;0
01/09/21 22:00;0;0;90;0;0;90;0;0;0;0;6.5399;3.86;0;0;0;0;0;0;0;0;0;0;0;0;0;1;1;1;1;0;0;0;0;0;0;0;0;0;0;0;0;0;0;0;0;0;0;0;0;0;0;0;0;0;0;0;0;0;0;0;0;0;0;0;1;1;1;1;1;1;1;1;1;1;1;1;1;1;1;1;1;1;1;0;0;0;0;0;0;0;0;0;0.0004;0.088;0;-0.0884;0;0;0;0;0;0;0;0;0;0;0;0;0;0;0;0;0;0;0;-6.5399;0;0;0;0;0.0004;0;0;0;0;0;0;0;-0.0004;-0.0884;0;0;0;0;0;0;0;0;0;-0.7063;0;0.7063;1;1;0;0;0;0
01/09/21 23:00;0;0;90;0;0;90;0;0;0;0;7.5198;4.1499;0;0;0;0;0;0;0;0;0;0;0;0;0;1;1;1;1;0;0;0;0;0;0;0;0;0;0;0;0;0;0;0;0;0;0;0;0;0;0;0;0;0;0;0;0;0;0;0;0;0;0;0;1;1;1;1;1;1;1;1;1;1;1;1;1;1;1;1;1;1;1;0;0;0;0;0;0;0;0;0;0.0004;0.088;0;-0.0884;0;0;0;0;0;0;0;0;0;0;0;0;0;0;0;0;0;0;0;-7.5198;0;0;0;0;0.0004;0;0;0;0;0;0;0;-0.0004;-0.0884;0;0;0;0;0;0;0;0;0;-0.7063;0;0.7063;1;1;0;0;0;0
02/09/21 00:00;0;0;90;0;0;90;0;0;0;0;7.7903;4.3999;0;0;0;0;0;0;0;0;0;0;0;0;0;1;1;1;1;0;0;0;0;0;0;0;0;0;0;0;0;0;0;0;0;0;0;0;0;0;0;0;0;0;0;0;0;0;0;0;0;0;0;0;1;1;1;1;1;1;1;1;1;1;1;1;1;1;1;1;1;1;1;0;0;0;0;0;0;0;0;0;0.0004;0.088;0;-0.0884;0;0;0;0;0;0;0;0;0;0;0;0;0;0;0;0;0;0;0;-7.7903;0;0;0;0;0.0004;0;0;0;0;0;0;0;-0.0004;-0.0884;0;0;0;0;0;0;0;0;0;-0.7063;0;0.7063;1;1;0;0;0;0
02/09/21 01:00;0;0;90;0;0;90;0;0;0;0;6.73;4.5499;0;0;0;0;0;0;0;0;0;0;0;0;0;1;1;1;1;0;0;0;0;0;0;0;0;0;0;0;0;0;0;0;0;0;0;0;0;0;0;0;0;0;0;0;0;0;0;0;0;0;0;0;1;1;1;1;1;1;1;1;1;1;1;1;1;1;1;1;1;1;1;0;0;0;0;0;0;0;0;0;0.0004;0.088;0;-0.0884;0;0;0;0;0;0;0;0;0;0;0;0;0;0;0;0;0;0;0;-6.73;0;0;0;0;0.0004;0;0;0;0;0;0;0;-0.0004;-0.0884;0;0;0;0;0;0;0;0;0;-0.7063;0;0.7063;1;1;0;0;0;0
02/09/21 02:00;0;0;90;0;0;90;0;0;0;0;6.6097;4.5399;0;0;0;0;0;0;0;0;0;0;0;0;0;1;1;1;1;0;0;0;0;0;0;0;0;0;0;0;0;0;0;0;0;0;0;0;0;0;0;0;0;0;0;0;0;0;0;0;0;0;0;0;1;1;1;1;1;1;1;1;1;1;1;1;1;1;1;1;1;1;1;0;0;0;0;0;0;0;0;0;0.0004;0.088;0;-0.0884;0;0;0;0;0;0;0;0;0;0;0;0;0;0;0;0;0;0;0;-6.6097;0;0;0;0;0.0004;0;0;0;0;0;0;0;-0.0004;-0.0884;0;0;0;0;0;0;0;0;0;-0.7063;0;0.7063;1;1;0;0;0;0
02/09/21 03:00;0;0;90;0;0;90;0;0;0;0;6.0001;4.5;0;0;0;0;0;0;0;0;0;0;0;0;0;1;1;1;1;0;0;0;0;0;0;0;0;0;0;0;0;0;0;0;0;0;0;0;0;0;0;0;0;0;0;0;0;0;0;0;0;0;0;0;1;1;1;1;1;1;1;1;1;1;1;1;1;1;1;1;1;1;1;0;0;0;0;0;0;0;0;0;0.0004;0.088;0;-0.0884;0;0;0;0;0;0;0;0;0;0;0;0;0;0;0;0;0;0;0;-6.0001;0;0;0;0;0.0004;0;0;0;0;0;0;0;-0.0004;-0.0884;0;0;0;0;0;0;0;0;0;-0.7063;0;0.7063;1;1;0;0;0;0
02/09/21 04:00;0;0;90;0;0;90;0;0;0;0;6.9301;4.6199;0;0;0;0;0;0;0;0;0;0;0;0;0;1;1;1;1;0;0;0;0;0;0;0;0;0;0;0;0;0;0;0;0;0;0;0;0;0;0;0;0;0;0;0;0;0;0;0;0;0;0;0;1;1;1;1;1;1;1;1;1;1;1;1;1;1;1;1;1;1;1;0;0;0;0;0;0;0;0;0;0.0004;0.088;0;-0.0884;0;0;0;0;0;0;0;0;0;0;0;0;0;0;0;0;0;0;0;-6.9301;0;0;0;0;0.0004;0;0;0;0;0;0;0;-0.0004;-0.0884;0;0;0;0;0;0;0;0;0;-0.7063;0;0.7063;1;1;0;0;0;0
02/09/21 05:00;0;0;90;0;0;90;0;0;0;0;6.7599;4.82;0;0;0;0;0;0;0;0;0;0;0;0;0;1;1;1;1;0;0;0;0;0;0;0;0;0;0;0;0;0;0;0;0;0;0;0;0;0;0;0;0;0;0;0;0;0;0;0;0;0;0;0;1;1;1;1;1;1;1;1;1;1;1;1;1;1;1;1;1;1;1;0;0;0;0;0;0;0;0;0;0.0004;0.088;0;-0.0884;0;0;0;0;0;0;0;0;0;0;0;0;0;0;0;0;0;0;0;-6.7599;0;0;0;0;0.0004;0;0;0;0;0;0;0;-0.0004;-0.0884;0;0;0;0;0;0;0;0;0;-0.7063;0;0.7063;1;1;0;0;0;0
02/09/21 06:00;4.0934;-77.575;80.031;4.1913;6.0186;-90;-6.0186;23.793;21.2;2.5934;7.1103;5.3201;0;6.2897;20.57;1.3883;0;0.0125;28.261;0;28.261;6.2897;1.3883;20.57;0.0125;0.2226;0.7283;0;0.0004;28.186;0.0752;0;0;0.0648;0.0104;24.777;3.352;2.0226;0.4464;0.8825;0.0005;28.129;0.0564;0.0126;0.0028;0.041;0;24.778;4.2546;0.9391;19.582;0.0016;12.249;9.9463;3.5063;0.0006;0.137;1.97;0.001;2.1063;0;1;0;0;1.1878;0.9973;1;1;0.9968;0.1647;0.8808;0.6778;1;0.9569;0.7762;0.998;0.998;1;0.998;0.998;0.8767;0.952;0.1276;0.0849;0.0788;0.0005;0.01;-0.0049;0.0005;0.0018;0.0004;0;0;0.088;0;-0.0229;0;0;0;0;0;0;0;0;0;0;0;0;0.0015;0.0001;0.069;0.069;0;8.1289;8.1289;1.0186;0.0411;65.532;1052.3;1;0.0039;0.0039;0;0;0;0;0;0;0.0651;-0.0229;0;15.479;17.924;-5.1443;-5.957;94.379;94.379;0.6783;0.5511;-0.1832;0.1272;0.7343;0.1875;1.0826;0;12.234;0;0
02/09/21 07:00;13.903;-69.909;54.355;14.766;23.414;-90;-23.414;195.4;40.098;155.31;12.09;5.4999;0;376.66;19.977;46.717;0;1.5286;444.89;0;444.89;376.66;46.717;19.977;1.5286;0.8467;0.0483;0;0.0034;442.99;1.8964;0;0;0.5972;1.2992;433.19;8.9154;7.3103;0.9067;0.6505;0.0479;442.1;0.886;0.7533;0.0934;0.0388;0.0005;433.24;368.6;45.717;18.691;0.181;13.491;10.955;3.5168;0.1269;0.1815;2.6102;0.0564;2.6647;0;1;0;0;2.2767;0.9957;1;1;0.9701;0.1501;0.9798;0.9806;1;0.9664;0.7908;0.998;0.998;1;0.998;0.998;0.9737;0.9356;0.1184;1.336;1.3104;0.0079;0.009;0.0218;0.0089;0.0316;0.0005;0;0;0.088;0;1.0937;0;0;0;0;0;0;0;0;0;0;0;0;0.0254;0.0041;1.2012;1.2012;0;29.71;29.71;17.62;0.0407;1125.7;1067;1;0.0195;0.0195;0;0;0;0;0;0;1.1817;1.0937;0;17.127;19.833;15.595;18.058;98.378;98.378;10.677;9.5996;8.7406;1.0776;0.859;0.1009;0.0805;0.8186;12.636;0.815;0
02/09/21 08:00;24.988;-59.384;27.532;28.438;60;-90;-60;396.2;69.5;326.7;16.53;5.4801;0;685.8;22.163;83.86;0;18.82;810.64;0;810.64;685.8;83.86;22.163;18.82;0.846;0.0506;0;0.0232;790.24;20.401;0;0;2.7892;17.612;787.17;1.494;0.6509;0.0796;0.6836;0.0799;788.66;1.5805;1.3716;0.1677;0.0387;0.0024;789.55;683.78;83.613;18.651;1.1256;70.158;56.968;22.744;3.7099;0.8523;12.261;2.3799;9.403;0;1;0;0;2.046;0.9748;1;1;0.8742;0.0642;0.9981;0.999;1;0.9646;0.9337;0.998;0.998;1;0.998;0.998;0.971;0.8416;0.0598;2.4344;2.4039;0.0145;-0.002;0.2024;0.0153;0.0543;0.0022;0;0;0.088;0;1.9386;0;0;0;0;0;0;0;0;0;0;0;0;0.0438;0.0128;2.0605;2.0605;0;48.999;48.999;32.469;0.0412;2070.9;994.97;1;0.0339;0.0339;0;0;0;0;0;0;2.0266;1.9386;0;16.124;18.672;15.171;17.567;98.357;98.357;19.455;16.468;15.494;2.9879;0.9739;0.1536;0.0501;0.7964;19.299;0.7874;0
02/09/21 09:00;34.786;-46.455;34.458;43.782;46.218;-90;-46.218;574.3;94.797;479.5;19.2;6.5499;0;693;30.099;85.583;0;16.808;825.49;0;825.49;693;85.583;30.099;16.808;0.8395;0.0568;0;0.0204;807.27;18.221;0;0;2.5947;15.627;801.86;3.7924;2.5199;0.3112;0.8977;0.0636;805.66;1.6145;1.386;0.1712;0.055;0.0024;805.95;689.1;85.101;26.552;1.1157;241.92;196.44;72.44;2.0197;2.6278;37.8;4.0883;38.409;0;1;0;0;1.4374;0.9779;1;1;0.9138;0.0703;0.9953;0.9964;1;0.9673;0.946;0.998;0.998;1;0.998;0.998;0.9714;0.8821;0.0664;2.479;2.5071;0.0151;-0.0022;0.241;0.0158;0.0559;0.0068;0;0;0.088;0;1.993;0;0;0;0;0;0;0;0;0;0;0;0;0.045;0.0139;2.1157;2.1157;0;52.367;52.367;33.168;0.0414;2158.9;980.01;1;0.0347;0.0347;0;0;0;0;0;0;2.081;1.993;0;16.259;18.827;15.316;17.735;98.359;98.359;19.812;16.909;15.928;2.9028;0.9807;0.1465;0.0495;0.804;22.656;0.7773;0
02/09/21 10:00;42.411;-30.074;39.712;61.252;28.748;-90;-28.748;695.1;114.7;580.4;20.67;6.9201;0;661.99;38.79;83.675;0;8.1391;792.6;0;792.6;661.99;83.675;38.79;8.1391;0.8352;0.0592;0;0.0103;783.9;8.7026;0;0;1.6109;7.0916;775.92;6.4043;4.4372;0.5609;1.2138;0.1924;782.33;1.5678;1.324;0.1673;0.0744;0.0021;778.08;656.23;82.947;35.891;0.853;373.16;303.01;114.51;0.5086;3.7041;53.283;2.1563;56.478;0;1;0;0;1.1403;0.989;1;1;0.9585;0.1287;0.9918;0.9933;1;0.9673;0.8159;0.998;0.998;1;0.998;0.998;0.979;0.9253;0.1048;2.3802;2.4558;0.0148;-0.0021;0.2398;0.0154;0.0547;0.0096;0;0;0.088;0;1.9446;0;0;0;0;0;0;0;0;0;0;0;0;0.044;0.0133;2.0662;2.0662;0;52.777;52.777;32.107;0.0414;2113.4;977.71;1;0.0336;0.0336;0;0;0;0;0;0;2.0326;1.9446;0;16.537;19.15;15.564;18.023;98.373;98.373;19.022;16.513;15.541;2.5089;0.972;0.1319;0.0511;0.817;25.351;0.7779;0
02/09/21 11:00;46.648;-10.021;42.532;80.671;9.3291;-90;-9.3291;757.71;125.9;631.81;21.83;6.8;0;640.28;44.301;82.396;0;0.9521;767.92;0;767.92;640.28;82.396;44.301;0.9521;0.8338;0.0589;0;0.0012;766.84;1.0796;0;0;0.2857;0.7939;757.43;7.8821;5.3457;0.6879;1.8131;0.0355;765.31;1.5337;1.2806;0.1648;0.088;0.0003;757.6;633.65;81.543;42.114;0.1224;443.11;359.81;132.96;0.01;4.5556;65.531;0.1743;70.077;0;1;0;0;1.0135;0.9986;1;1;0.9936;0.1661;0.9897;0.9916;1;0.9587;0.7753;0.998;0.998;1;0.998;0.998;0.9863;0.9506;0.1285;2.3061;2.42;0.0146;-0.002;0.2399;0.0152;0.0538;0.0117;0;0;0.088;0;1.9096;0;0;0;0;0;0;0;0;0;0;0;0;0.0433;0.013;2.0305;2.0305;0;53.184;53.184;31.353;0.0414;2081.4;975.52;1;0.0329;0.0329;0;0;0;0;0;0;1.9976;1.9096;0;16.773;19.423;15.775;18.267;98.38;98.38;18.43;16.228;15.261;2.2026;0.9662;0.1195;0.0524;0.8281;26.513;0.7783;0
02/09/21 12:00;46.471;11.662;42.416;79.131;10.869;90;10.869;754.31;129.4;624.91;22.55;6.6199;0;636.32;46.088;84.41;0;1.2856;768.11;0;768.11;636.32;84.41;46.088;1.2856;0.8284;0.0617;0;0.0017;766.65;1.4581;0;0;0.3847;1.0733;757.26;7.8557;5.2695;0.699;1.8395;0.0477;765.12;1.5333;1.2726;0.1688;0.0914;0.0004;757.51;629.78;83.542;43.772;0.1641;439.78;357.1;134.01;0.0187;4.3888;63.131;0.2477;67.501;0;1;0;0;1.0183;0.9981;1;1;0.9917;0.1651;0.9897;0.9917;1;0.9597;0.7747;0.998;0.998;1;0.998;0.998;0.9859;0.9498;0.1277;2.3066;2.4146;0.0145;-0.002;0.2458;0.0151;0.0535;0.0113;0;0;0.088;0;1.8998;0;0;0;0;0;0;0;0;0;0;0;0;0.0431;0.0129;2.0204;2.0204;0;53.916;53.916;31.366;0.0414;2077.2;972.65;1;0.0326;0.0326;0;0;0;0;0;0;1.9878;1.8998;0;16.686;19.322;15.69;18.168;98.384;98.384;18.435;16.147;15.183;2.2874;0.9642;0.1241;0.0523;0.8236;27.688;0.7759;0
02/09/21 13:00;41.929;31.47;39.386;59.833;30.167;90;30.167;685.51;129.6;555.91;23.08;6.2299;0;642.99;46.115;92.689;0;8.8201;790.62;0;790.62;642.99;92.689;46.115;8.8201;0.8133;0.0695;0;0.0112;780.79;9.8302;0;0;2.0716;7.7586;772.82;6.4096;4.1875;0.6036;1.4309;0.1876;779.23;1.5616;1.286;0.1854;0.0881;0.0021;775.24;637.52;91.9;42.524;0.8718;364.62;296.07;111.1;0.714;3.6847;53.003;2.4221;55.973;0;1;0;0;1.1533;0.9876;1;1;0.9551;0.1204;0.9918;0.9935;1;0.9674;0.8229;0.998;0.998;1;0.998;0.998;0.9775;0.9221;0.0988;2.3742;2.4467;0.0147;-0.0021;0.2595;0.0152;0.054;0.0094;0;0;0.088;0;1.9182;0;0;0;0;0;0;0;0;0;0;0;0;0.0435;0.0133;2.0391;2.0391;0;55.121;55.121;32.041;0.0415;2106.1;968.22;1;0.0329;0.0329;0;0;0;0;0;0;2.0062;1.9182;0;16.361;18.946;15.391;17.823;98.386;98.386;18.975;16.297;15.331;2.678;0.9663;0.1411;0.0509;0.8079;30.43;0.7693;0
02/09/21 14:00;34.097;47.559;33.974;42.531;47.469;90;47.469;553.4;135.3;418.1;23.6;5.29;0;618.49;50.532;110.95;0;17.034;797;0;797;618.49;110.95;50.532;17.034;0.776;0.0848;0;0.0214;776.56;20.44;0;0;4.5369;15.903;771;4.0099;2.0743;0.3721;1.5072;0.0563;775.01;1.5531;1.237;0.2219;0.092;0.0023;775.11;615.18;110.35;44.396;1.072;232.29;188.62;70.374;3.7152;2.5856;37.193;4.1123;36.063;0;1;0;0;1.4402;0.9744;1;1;0.9102;0.0664;0.9948;0.9966;1;0.9672;0.9501;0.998;0.998;1;0.998;0.998;0.9674;0.8786;0.0629;2.3934;2.413;0.0145;-0.002;0.26;0.015;0.0531;0.0066;0;0;0.088;0;1.8897;0;0;0;0;0;0;0;0;0;0;0;0;0.0428;0.0129;2.01;2.01;0;55.578;55.578;31.978;0.0415;2078.6;967.01;1;0.0323;0.0323;0;0;0;0;0;0;1.9777;1.8897;0;15.998;18.526;15.04;17.416;98.391;98.391;19.128;16.064;15.102;3.0643;0.9617;0.1602;0.0503;0.7895;38.487;0.7629;0
02/09/21 15:00;24.173;60.264;27.027;27.336;60;90;60;368.79;149.1;219.7;23.3;3.6799;0;477.91;67.233;129.33;0;17.518;691.99;0;691.99;477.91;129.33;67.233;17.518;0.6906;0.1225;0;0.0253;667.08;24.911;0;0;8.479;16.432;663.04;2.7132;0.4453;0.1205;2.0736;0.0738;665.75;1.3342;0.9558;0.2587;0.1175;0.0022;665.9;476.51;128.95;56.563;1.0101;88.529;71.886;30.027;11.245;1.4158;20.366;2.8657;10.537;0;1;0;0;1.8764;0.964;1;1;0.8739;0.062;0.9959;0.9991;1;0.9646;0.9319;0.998;0.998;1;0.998;0.998;0.9582;0.8413;0.0577;2.0781;2.0486;0.0123;0;0.1857;0.013;0.0459;0.0037;0;0;0.088;0;1.6258;0;0;0;0;0;0;0;0;0;0;0;0;0.037;0.0095;1.7415;1.7415;0;50.697;50.697;27.397;0.0413;1763.3;987.64;1;0.0276;0.0276;0;0;0;0;0;0;1.7138;1.6258;0;15.964;18.486;14.904;17.259;98.413;98.413;16.608;13.918;12.994;2.69;0.9242;0.162;0.0556;0.7824;58.531;0.7655;0
02/09/21 16:00;13.016;70.648;56.891;13.767;21.483;90;21.483;163.7;122;41.703;22.13;3.48;0;101.14;101.55;40.719;0;1.0804;244.49;0;244.49;101.14;40.719;101.55;1.0804;0.4137;0.4198;0;0.0044;240.93;3.5622;0;0;2.649;0.9133;233.37;7.0851;2.626;1.0572;3.3657;0.0362;240.45;0.4819;0.2023;0.0814;0.1978;0.0003;233.55;98.314;39.58;95.34;0.1306;63.853;51.848;18.795;0.4714;0.7107;10.223;0.1821;10.463;0;1;0;0;1.4936;0.9854;1;1;0.9739;0.1547;0.9705;0.974;1;0.9659;0.7829;0.998;0.998;1;0.998;0.998;0.9545;0.9388;0.1209;0.7342;0.725;0.0044;0.0167;0.0174;0.0048;0.017;0.0019;0;0;0.088;0;0.5485;0;0;0;0;0;0;0;0;0;0;0;0;0.0137;0.0015;0.6475;0.6475;0;31.677;31.677;9.5473;0.0409;620.62;1043.4;1;0.011;0.011;0;0;0;0;0;0;0.6365;0.5485;0;16.801;19.455;14.231;16.48;98.296;98.296;5.8679;5.1751;4.3836;0.6928;0.7915;0.1181;0.1349;0.7471;63.566;0.7244;0
02/09/21 17:00;3.5719;77.958;81.309;3.6521;5.2349;90;5.2349;1.1916;1.1916;0;19.07;4.18;0;0;1.1891;0;0;0.0005;1.1896;1.1896;0;0;0;0;0;1;1;1;1;0;0;0;0;0;0;0;0;0;0;0;0;0;0;0;0;0;0;0;0;0;0;0;0;0;0;0;0;0;0;0;0;0;0;0;0;1;1;1;1;1;1;1;1;1;1;1;1;1;0;0;1;0;0;0;0;0;0;0;0;0;0;0;0.0004;0.088;0;-0.0884;0;0;0;0;0;0;0;0;0;0;0;0;0;0;0;0;0;0;0;-19.07;0;0;0;0;0.0004;0;0;0;0;0;0;0;-0.0004;-0.0884;0;0;0;0;0;0;0;0;0;-0.7063;0;0.7063;1;1;0;0;0;0
02/09/21 18:00;0;0;90;0;0;90;0;0;0;0;16.62;5.0801;0;0;0;0;0;0;0;0;0;0;0;0;0;1;1;1;1;0;0;0;0;0;0;0;0;0;0;0;0;0;0;0;0;0;0;0;0;0;0;0;0;0;0;0;0;0;0;0;0;0;0;0;1;1;1;1;1;1;1;1;1;1;1;1;1;1;1;1;1;1;1;0;0;0;0;0;0;0;0;0;0.0004;0.088;0;-0.0884;0;0;0;0;0;0;0;0;0;0;0;0;0;0;0;0;0;0;0;-16.62;0;0;0;0;0.0004;0;0;0;0;0;0;0;-0.0004;-0.0884;0;0;0;0;0;0;0;0;0;-0.7063;0;0.7063;1;1;0;0;0;0
02/09/21 19:00;0;0;90;0;0;90;0;0;0;0;16.54;6.1499;0;0;0;0;0;0;0;0;0;0;0;0;0;1;1;1;1;0;0;0;0;0;0;0;0;0;0;0;0;0;0;0;0;0;0;0;0;0;0;0;0;0;0;0;0;0;0;0;0;0;0;0;1;1;1;1;1;1;1;1;1;1;1;1;1;1;1;1;1;1;1;0;0;0;0;0;0;0;0;0;0.0004;0.088;0;-0.0884;0;0;0;0;0;0;0;0;0;0;0;0;0;0;0;0;0;0;0;-16.54;0;0;0;0;0.0004;0;0;0;0;0;0;0;-0.0004;-0.0884;0;0;0;0;0;0;0;0;0;-0.7063;0;0.7063;1;1;0;0;0;0
02/09/21 20:00;0;0;90;0;0;90;0;0;0;0;16.67;6.89;0;0;0;0;0;0;0;0;0;0;0;0;0;1;1;1;1;0;0;0;0;0;0;0;0;0;0;0;0;0;0;0;0;0;0;0;0;0;0;0;0;0;0;0;0;0;0;0;0;0;0;0;1;1;1;1;1;1;1;1;1;1;1;1;1;1;1;1;1;1;1;0;0;0;0;0;0;0;0;0;0.0004;0.088;0;-0.0884;0;0;0;0;0;0;0;0;0;0;0;0;0;0;0;0;0;0;0;-16.67;0;0;0;0;0.0004;0;0;0;0;0;0;0;-0.0004;-0.0884;0;0;0;0;0;0;0;0;0;-0.7063;0;0.7063;1;1;0;0;0;0
02/09/21 21:00;0;0;90;0;0;90;0;0;0;0;17.17;7.0801;0;0;0;0;0;0;0;0;0;0;0;0;0;1;1;1;1;0;0;0;0;0;0;0;0;0;0;0;0;0;0;0;0;0;0;0;0;0;0;0;0;0;0;0;0;0;0;0;0;0;0;0;1;1;1;1;1;1;1;1;1;1;1;1;1;1;1;1;1;1;1;0;0;0;0;0;0;0;0;0;0.0004;0.088;0;-0.0884;0;0;0;0;0;0;0;0;0;0;0;0;0;0;0;0;0;0;0;-17.17;0;0;0;0;0.0004;0;0;0;0;0;0;0;-0.0004;-0.0884;0;0;0;0;0;0;0;0;0;-0.7063;0;0.7063;1;1;0;0;0;0
02/09/21 22:00;0;0;90;0;0;90;0;0;0;0;16.33;7.14;0;0;0;0;0;0;0;0;0;0;0;0;0;1;1;1;1;0;0;0;0;0;0;0;0;0;0;0;0;0;0;0;0;0;0;0;0;0;0;0;0;0;0;0;0;0;0;0;0;0;0;0;1;1;1;1;1;1;1;1;1;1;1;1;1;1;1;1;1;1;1;0;0;0;0;0;0;0;0;0;0.0004;0.088;0;-0.0884;0;0;0;0;0;0;0;0;0;0;0;0;0;0;0;0;0;0;0;-16.33;0;0;0;0;0.0004;0;0;0;0;0;0;0;-0.0004;-0.0884;0;0;0;0;0;0;0;0;0;-0.7063;0;0.7063;1;1;0;0;0;0
02/09/21 23:00;0;0;90;0;0;90;0;0;0;0;16.09;7.4701;0;0;0;0;0;0;0;0;0;0;0;0;0;1;1;1;1;0;0;0;0;0;0;0;0;0;0;0;0;0;0;0;0;0;0;0;0;0;0;0;0;0;0;0;0;0;0;0;0;0;0;0;1;1;1;1;1;1;1;1;1;1;1;1;1;1;1;1;1;1;1;0;0;0;0;0;0;0;0;0;0.0004;0.088;0;-0.0884;0;0;0;0;0;0;0;0;0;0;0;0;0;0;0;0;0;0;0;-16.09;0;0;0;0;0.0004;0;0;0;0;0;0;0;-0.0004;-0.0884;0;0;0;0;0;0;0;0;0;-0.7063;0;0.7063;1;1;0;0;0;0
03/09/21 00:00;0;0;90;0;0;90;0;0;0;0;15.77;7.4001;0;0;0;0;0;0;0;0;0;0;0;0;0;1;1;1;1;0;0;0;0;0;0;0;0;0;0;0;0;0;0;0;0;0;0;0;0;0;0;0;0;0;0;0;0;0;0;0;0;0;0;0;1;1;1;1;1;1;1;1;1;1;1;1;1;1;1;1;1;1;1;0;0;0;0;0;0;0;0;0;0.0004;0.088;0;-0.0884;0;0;0;0;0;0;0;0;0;0;0;0;0;0;0;0;0;0;0;-15.77;0;0;0;0;0.0004;0;0;0;0;0;0;0;-0.0004;-0.0884;0;0;0;0;0;0;0;0;0;-0.7063;0;0.7063;1;1;0;0;0;0
03/09/21 01:00;0;0;90;0;0;90;0;0;0;0;15.61;7.3;0;0;0;0;0;0;0;0;0;0;0;0;0;1;1;1;1;0;0;0;0;0;0;0;0;0;0;0;0;0;0;0;0;0;0;0;0;0;0;0;0;0;0;0;0;0;0;0;0;0;0;0;1;1;1;1;1;1;1;1;1;1;1;1;1;1;1;1;1;1;1;0;0;0;0;0;0;0;0;0;0.0004;0.088;0;-0.0884;0;0;0;0;0;0;0;0;0;0;0;0;0;0;0;0;0;0;0;-15.61;0;0;0;0;0.0004;0;0;0;0;0;0;0;-0.0004;-0.0884;0;0;0;0;0;0;0;0;0;-0.7063;0;0.7063;1;1;0;0;0;0
03/09/21 02:00;0;0;90;0;0;90;0;0;0;0;15.4;7.27;0;0;0;0;0;0;0;0;0;0;0;0;0;1;1;1;1;0;0;0;0;0;0;0;0;0;0;0;0;0;0;0;0;0;0;0;0;0;0;0;0;0;0;0;0;0;0;0;0;0;0;0;1;1;1;1;1;1;1;1;1;1;1;1;1;1;1;1;1;1;1;0;0;0;0;0;0;0;0;0;0.0004;0.088;0;-0.0884;0;0;0;0;0;0;0;0;0;0;0;0;0;0;0;0;0;0;0;-15.4;0;0;0;0;0.0004;0;0;0;0;0;0;0;-0.0004;-0.0884;0;0;0;0;0;0;0;0;0;-0.7063;0;0.7063;1;1;0;0;0;0
03/09/21 03:00;0;0;90;0;0;90;0;0;0;0;15.1;7.3399;0;0;0;0;0;0;0;0;0;0;0;0;0;1;1;1;1;0;0;0;0;0;0;0;0;0;0;0;0;0;0;0;0;0;0;0;0;0;0;0;0;0;0;0;0;0;0;0;0;0;0;0;1;1;1;1;1;1;1;1;1;1;1;1;1;1;1;1;1;1;1;0;0;0;0;0;0;0;0;0;0.0004;0.088;0;-0.0884;0;0;0;0;0;0;0;0;0;0;0;0;0;0;0;0;0;0;0;-15.1;0;0;0;0;0.0004;0;0;0;0;0;0;0;-0.0004;-0.0884;0;0;0;0;0;0;0;0;0;-0.7063;0;0.7063;1;1;0;0;0;0
03/09/21 04:00;0;0;90;0;0;90;0;0;0;0;15.43;7.2;0;0;0;0;0;0;0;0;0;0;0;0;0;1;1;1;1;0;0;0;0;0;0;0;0;0;0;0;0;0;0;0;0;0;0;0;0;0;0;0;0;0;0;0;0;0;0;0;0;0;0;0;1;1;1;1;1;1;1;1;1;1;1;1;1;1;1;1;1;1;1;0;0;0;0;0;0;0;0;0;0.0004;0.088;0;-0.0884;0;0;0;0;0;0;0;0;0;0;0;0;0;0;0;0;0;0;0;-15.43;0;0;0;0;0.0004;0;0;0;0;0;0;0;-0.0004;-0.0884;0;0;0;0;0;0;0;0;0;-0.7063;0;0.7063;1;1;0;0;0;0
03/09/21 05:00;0;0;90;0;0;90;0;0;0;0;15.34;7.2599;0;0;0;0;0;0;0;0;0;0;0;0;0;1;1;1;1;0;0;0;0;0;0;0;0;0;0;0;0;0;0;0;0;0;0;0;0;0;0;0;0;0;0;0;0;0;0;0;0;0;0;0;1;1;1;1;1;1;1;1;1;1;1;1;1;1;1;1;1;1;1;0;0;0;0;0;0;0;0;0;0.0004;0.088;0;-0.0884;0;0;0;0;0;0;0;0;0;0;0;0;0;0;0;0;0;0;0;-15.34;0;0;0;0;0.0004;0;0;0;0;0;0;0;-0.0004;-0.0884;0;0;0;0;0;0;0;0;0;-0.7063;0;0.7063;1;1;0;0;0;0
03/09/21 06:00;4.1754;-77.971;79.829;4.2688;6.1317;-90;-6.1317;21.508;20.402;1.106;15.2;8;0;2.6823;20.114;0.5583;0;0.0117;23.366;0;23.366;2.6823;0.5583;20.114;0.0117;0.1148;0.8613;0;0.0005;23.291;0.0751;0;0;0.0653;0.0098;21.363;1.881;0.8433;0.1755;0.8617;0.0004;23.244;0.0466;0.0054;0.0011;0.0401;0;21.364;1.8336;0.3817;19.147;0.0015;11.971;9.7202;3.4253;0.0007;0.1339;1.9264;0.001;2.0596;0;1;0;0;1.0864;0.9968;1;1;0.9968;0.1648;0.9191;0.685;1;0.9569;0.7762;0.998;0.998;1;0.998;0.998;0.9143;0.9519;0.1276;0.0702;0.0684;0.0004;0.0093;-0.0022;0.0004;0.0015;0.0003;0;0;0.088;0;-0.034;0;0;0;0;0;0;0;0;0;0;0;0;0.0012;0;0.0574;0.0574;0;16.086;16.086;0.8862;0.0415;56.785;1010.6;1;0.0034;0.0034;0;0;0;0;0;0;0.054;-0.034;0;15.58;18.041;-9.2299;-10.688;94.104;94.104;0.5608;0.4586;-0.2717;0.1022;0.7303;0.1822;1.3024;0;11.964;0;0
03/09/21 07:00;14.197;-70.149;53.499;15.055;23.991;-90;-23.991;145.81;86.702;59.105;15.5;8.24;0;143.35;68.106;37.643;0;1.1967;250.29;0;250.29;143.35;37.643;68.106;1.1967;0.5727;0.2769;0;0.0048;247.15;3.1367;0;0;2.117;1.0197;241.22;5.4429;2.5342;0.6655;2.2065;0.0366;246.66;0.4943;0.2867;0.0753;0.132;0.0004;241.39;140.52;36.903;63.65;0.1401;43.583;35.389;12.696;0.4708;0.5034;7.2416;0.1678;7.2742;0;1;0;0;1.7166;0.9875;1;1;0.9689;0.1479;0.9779;0.9823;1;0.9665;0.793;0.998;0.998;1;0.998;0.998;0.9637;0.9346;0.1171;0.7516;0.7423;0.0045;0.0165;0.0008;0.005;0.0179;0.0014;0;0;0.088;0;0.5804;0;0;0;0;0;0;0;0;0;0;0;0;0.0144;0.0015;0.6802;0.6802;0;25.313;25.313;9.8129;0.0407;635.36;1070.6;1;0.0118;0.0118;0;0;0;0;0;0;0.6684;0.5804;0;17.24;19.963;14.711;17.035;98.267;98.267;6.007;5.4362;4.6387;0.5708;0.7975;0.095;0.1328;0.7722;43.217;0.7558;0
03/09/21 08:00;25.303;-59.609;27.244;28.726;60;-90;-60;209.9;177.1;32.798;17.17;8.9901;0;68.223;125.25;21;0;9.9702;224.45;0;224.45;68.223;21;125.25;9.9702;0.304;0.6025;0;0.0444;199.35;25.093;0;0;15.763;9.3302;194.97;3.9897;0.0641;0.0197;3.8635;0.0424;198.96;0.3987;0.1364;0.042;0.219;0.0013;198.55;68.023;20.938;105.41;0.5963;115.36;93.669;39.679;20.943;2.2178;31.902;3.5838;13.177;0;1;0;0;1.0693;0.8882;1;1;0.8742;0.0642;0.9799;0.9991;1;0.9646;0.9337;0.998;0.998;1;0.998;0.998;0.8686;0.8416;0.0598;0.674;0.6653;0.004;0.0172;0.0003;0.0045;0.016;0.0062;0;0;0.088;0;0.5044;0;0;0;0;0;0;0;0;0;0;0;0;0.0129;0.0012;0.603;0.603;0;25.114;25.114;7.9436;0.0407;567.06;1063.4;1;0.0106;0.0106;0;0;0;0;0;0;0.5924;0.5044;0;17.042;19.735;14.255;16.507;98.238;98.238;5.3867;4.8191;4.0309;0.5677;0.7882;0.1054;0.1463;0.7483;109.07;0.6763;0
03/09/21 09:00;35.128;-46.645;34.159;44.056;45.944;-90;-45.944;570.51;96.3;474.21;18.95;9.3101;0;681.95;31.656;84.784;0;16.511;814.91;0;814.91;681.95;84.784;31.656;16.511;0.8369;0.0591;0;0.0203;796.86;18.048;0;0;2.7054;15.343;791.6;3.6624;2.3605;0.2935;0.9441;0.0643;795.26;1.5937;1.3639;0.1696;0.0579;0.0023;795.59;678.23;84.321;27.948;1.1009;242.34;196.78;73.538;2.0807;2.5729;37.01;3.9864;37.502;0;1;0;0;1.4284;0.9779;1;1;0.9145;0.0707;0.9954;0.9965;1;0.9673;0.9448;0.998;0.998;1;0.998;0.998;0.9714;0.8829;0.0667;2.4472;2.4742;0.0149;-0.0021;0.2318;0.0156;0.0554;0.0067;0;0;0.088;0;1.9717;0;0;0;0;0;0;0;0;0;0;0;0;0.0446;0.0135;2.0939;2.0939;0;51.675;51.675;32.725;0.0413;2130.4;982.88;1;0.0342;0.0342;0;0;0;0;0;0;2.0597;1.9717;0;16.3;18.875;15.349;17.773;98.364;98.364;19.558;16.735;15.758;2.8231;0.977;0.1443;0.05;0.8057;23.767;0.7792;0
03/09/21 10:00;42.779;-30.181;39.382;61.485;28.515;-90;-28.515;681.8;117.8;564;20.24;9.34;0;641.86;42.393;82.702;0;7.8574;774.81;0;774.81;641.86;82.702;42.393;7.8574;0.8284;0.0649;0;0.0101;766.24;8.5763;0;0;1.7379;6.8385;758.47;6.234;4.1787;0.5384;1.3284;0.1885;764.71;1.5325;1.2837;0.1654;0.0813;0.002;760.59;636.4;81.998;39.245;0.8284;367.04;298.04;111.27;0.5401;3.734;53.712;2.1166;56.906;0;1;0;0;1.1364;0.9889;1;1;0.959;0.1297;0.9918;0.9935;1;0.9673;0.8146;0.998;0.998;1;0.998;0.998;0.9789;0.9258;0.1054;2.3268;2.404;0.0145;-0.002;0.2247;0.0152;0.0538;0.0097;0;0;0.088;0;1.911;0;0;0;0;0;0;0;0;0;0;0;0;0.0433;0.0128;2.0321;2.0321;0;51.595;51.595;31.355;0.0413;2068.3;982.51;1;0.0331;0.0331;0;0;0;0;0;0;1.999;1.911;0;16.637;19.266;15.646;18.118;98.373;98.373;18.596;16.24;15.273;2.3552;0.9676;0.1267;0.052;0.8213;27.662;0.7808;0
03/09/21 11:00;47.022;-9.9814;42.175;80.826;9.1744;-90;-9.1744;741.2;131;610.2;21.34;9.2399;0;618.11;49.515;82.215;0;0.9008;750.74;0;750.74;618.11;82.215;49.515;0.9008;0.8233;0.0672;0;0.0012;749.68;1.0617;0;0;0.3106;0.7512;740.42;7.7657;5.0316;0.6693;2.0314;0.0335;748.18;1.4994;1.2362;0.1644;0.0984;0.0003;740.58;611.84;81.381;47.074;0.1158;433.65;352.12;130.06;0.0105;4.4622;64.187;0.1632;68.639;0;1;0;0;1.0129;0.9986;1;1;0.9937;0.1661;0.9896;0.9918;1;0.9586;0.7754;0.998;0.998;1;0.998;0.998;0.9862;0.9507;0.1285;2.2545;2.3659;0.0142;-0.0019;0.2243;0.0149;0.0529;0.0115;0;0;0.088;0;1.8745;0;0;0;0;0;0;0;0;0;0;0;0;0.0426;0.0124;1.9949;1.9949;0;51.959;51.959;30.619;0.0414;2034.4;980.55;1;0.0323;0.0323;0;0;0;0;0;0;1.9625;1.8745;0;16.856;19.519;15.84;18.342;98.38;98.38;18.018;15.943;14.981;2.0748;0.9616;0.1152;0.0534;0.8315;29.623;0.7815;0
03/09/21 12:00;46.819;11.867;42.043;79.077;10.923;90;10.923;754.09;131.5;622.59;22.02;8.8599;0;634.08;47.659;84.946;0;1.2979;767.98;0;767.98;634.08;84.946;47.659;1.2979;0.8256;0.0637;0;0.0017;766.5;1.4848;0;0;0.4012;1.0836;757.22;7.7464;5.1127;0.6849;1.9005;0.0482;764.97;1.533;1.2682;0.1699;0.0945;0.0004;757.48;627.7;84.092;45.263;0.1657;439.62;356.97;131.5;0.0197;4.547;65.407;0.2591;69.935;0;1;0;0;1.0184;0.9981;1;1;0.9916;0.1651;0.9899;0.9919;1;0.9597;0.7747;0.998;0.998;1;0.998;0.998;0.986;0.9497;0.1277;2.3063;2.4193;0.0146;-0.002;0.2415;0.0152;0.0538;0.0117;0;0;0.088;0;1.9076;0;0;0;0;0;0;0;0;0;0;0;0;0.0433;0.013;2.0284;2.0284;0;53.369;53.369;31.35;0.0414;2080.9;974.77;1;0.0328;0.0328;0;0;0;0;0;0;1.9956;1.9076;0;16.755;19.402;15.757;18.246;98.381;98.381;18.432;16.211;15.246;2.2203;0.9658;0.1205;0.0524;0.8271;28.636;0.7776;0
03/09/21 13:00;42.225;31.782;39.012;59.871;30.129;90;30.129;352.89;306.2;46.69;22.15;8.2999;0;53.983;270.78;18.272;0;4.5292;347.57;0;347.57;53.983;18.272;270.78;4.5292;0.1553;0.7921;0;0.013;331.44;16.123;0;0;12.139;3.9833;321.83;8.9554;0.3398;0.115;8.404;0.0966;330.78;0.6629;0.108;0.0365;0.5173;0.0011;323.2;53.535;18.12;249.72;0.4482;211.48;171.72;64.14;4.1624;2.4;34.523;1.3736;32.761;0;1;0;0;0.9849;0.9536;1;1;0.9552;0.1205;0.9729;0.9937;1;0.9674;0.8227;0.998;0.998;1;0.998;0.998;0.9259;0.9222;0.099;1.0437;1.0462;0.0063;0.0128;0.0386;0.0069;0.0245;0.0065;0;0;0.088;0;0.8252;0;0;0;0;0;0;0;0;0;0;0;0;0.0198;0.0028;0.9281;0.9281;0;35.326;35.326;13.176;0.0409;896.43;1035.3;1;0.0149;0.0149;0;0;0;0;0;0;0.9132;0.8252;0;16.939;19.615;15.06;17.44;98.393;98.393;8.3416;7.4171;6.5946;0.9245;0.8225;0.1108;0.0986;0.7906;178.63;0.7358;0
03/09/21 14:00;34.338;47.907;33.608;42.632;47.368;90;47.368;240.71;228;12.703;20.32;7.54;0;18.756;188.01;5.6317;0;7.3794;219.78;0;219.78;18.756;5.6317;188.01;7.3794;0.0853;0.889;0;0.0336;196.06;23.717;0;0;16.828;6.8886;189.96;5.7089;0.0589;0.0177;5.6077;0.0246;195.67;0.3921;0.0375;0.0113;0.3424;0.001;192.72;18.659;5.6028;165.24;0.4652;149.57;121.45;48.56;13.708;2.1892;31.491;2.7585;19.973;0;1;0;0;0.9131;0.8921;1;1;0.9105;0.0665;0.9708;0.9969;1;0.9672;0.9497;0.998;0.998;1;0.998;0.998;0.8643;0.8788;0.063;0.66;0.6468;0.0039;0.0174;0.0072;0.0043;0.0154;0.006;0;0;0.088;0;0.481;0;0;0;0;0;0;0;0;0;0;0;0;0.0124;0.0012;0.5792;0.5792;0;28.081;28.081;7.7611;0.0409;551.39;1050.4;1;0.0102;0.0102;0;0;0;0;0;0;0.569;0.481;0;16.717;19.358;13.884;16.077;98.246;98.246;5.2747;4.6287;3.8442;0.646;0.7845;0.1225;0.1487;0.7288;143.06;0.6582;0
03/09/21 15:00;24.371;60.614;26.661;27.47;60;90;60;467.99;78.4;389.59;20.71;6.4;0;843.75;17.56;119.09;0;22.23;1002.6;0;1002.6;843.75;119.09;17.56;22.23;0.8415;0.0397;0;0.0222;979.56;23.066;0;0;2.2145;20.851;976.08;1.5202;0.7754;0.1094;0.5416;0.0937;977.6;1.9591;1.6875;0.2382;0.0307;0.0028;978.5;841.29;118.74;14.773;1.2818;64.812;52.627;20.57;2.9413;0.7844;11.284;2.4176;9.127;0;1;0;0;2.1424;0.977;1;1;0.8739;0.062;0.9984;0.9991;1;0.9646;0.9319;0.998;0.998;1;0.998;0.998;0.9735;0.8413;0.0577;3.0109;2.9709;0.0179;-0.0004;0.3802;0.018;0.0639;0.002;0;0;0.088;0;2.2894;0;0;0;0;0;0;0;0;0;0;0;0;0.0514;0.0192;2.4187;2.4187;0;61.387;61.387;40.677;0.0417;2559.5;945.02;1;0.0413;0.0413;0;0;0;0;0;0;2.3774;2.2894;0;15.303;17.721;14.485;16.773;98.291;98.291;24.063;19.331;18.297;4.7325;1.0336;0.1967;0.043;0.7604;15.287;0.754;0
03/09/21 16:00;13.183;70.993;56.418;13.915;21.763;90;21.763;162;123.6;38.401;20.1;5.4901;0;93.132;104.29;37.494;0;1.0969;236.01;0;236.01;93.132;37.494;104.29;1.0969;0.3946;0.4465;0;0.0046;232.3;3.7056;0;0;2.7774;0.9283;225.15;6.6924;2.288;0.9211;3.447;0.0364;231.84;0.4646;0.1863;0.075;0.203;0.0003;225.34;90.658;36.498;97.859;0.1319;65.637;53.297;19.164;0.5074;0.7422;10.676;0.1961;10.91;0;1;0;0;1.4568;0.9843;1;1;0.9734;0.1538;0.9711;0.9754;1;0.966;0.7838;0.998;0.998;1;0.998;0.998;0.954;0.9384;0.1203;0.7087;0.7012;0.0042;0.0169;0.0108;0.0047;0.0166;0.002;0;0;0.088;0;0.5323;0;0;0;0;0;0;0;0;0;0;0;0;0.0134;0.0014;0.6312;0.6312;0;29.295;29.295;9.1951;0.0408;599.94;1052.1;1;0.0109;0.0109;0;0;0;0;0;0;0.6203;0.5323;0;16.965;19.645;14.307;16.567;98.273;98.273;5.6642;5.0443;4.2539;0.62;0.7904;0.1095;0.1395;0.751;65.373;0.7264;0
03/09/21 17:00;3.7234;78.302;80.938;3.8021;5.4525;90;5.4525;1.6018;1.6018;0;18.4;5.8801;0;0;1.5982;0;0;0.0007;1.5989;1.5989;0;0;0;0;0;1;1;1;1;0;0;0;0;0;0;0;0;0;0;0;0;0;0;0;0;0;0;0;0;0;0;0;0;0;0;0;0;0;0;0;0;0;0;0;0;1;1;1;1;1;1;1;1;1;1;1;1;1;0;0;1;0;0;0;0;0;0;0;0;0;0;0;0.0004;0.088;0;-0.0884;0;0;0;0;0;0;0;0;0;0;0;0;0;0;0;0;0;0;0;-18.4;0;0;0;0;0.0004;0;0;0;0;0;0;0;-0.0004;-0.0884;0;0;0;0;0;0;0;0;0;-0.7063;0;0.7063;1;1;0;0;0;0
03/09/21 18:00;0;0;90;0;0;90;0;0;0;0;17.4;6.4401;0;0;0;0;0;0;0;0;0;0;0;0;0;1;1;1;1;0;0;0;0;0;0;0;0;0;0;0;0;0;0;0;0;0;0;0;0;0;0;0;0;0;0;0;0;0;0;0;0;0;0;0;1;1;1;1;1;1;1;1;1;1;1;1;1;1;1;1;1;1;1;0;0;0;0;0;0;0;0;0;0.0004;0.088;0;-0.0884;0;0;0;0;0;0;0;0;0;0;0;0;0;0;0;0;0;0;0;-17.4;0;0;0;0;0.0004;0;0;0;0;0;0;0;-0.0004;-0.0884;0;0;0;0;0;0;0;0;0;-0.7063;0;0.7063;1;1;0;0;0;0
03/09/21 19:00;0;0;90;0;0;90;0;0;0;0;17.3;6.72;0;0;0;0;0;0;0;0;0;0;0;0;0;1;1;1;1;0;0;0;0;0;0;0;0;0;0;0;0;0;0;0;0;0;0;0;0;0;0;0;0;0;0;0;0;0;0;0;0;0;0;0;1;1;1;1;1;1;1;1;1;1;1;1;1;1;1;1;1;1;1;0;0;0;0;0;0;0;0;0;0.0004;0.088;0;-0.0884;0;0;0;0;0;0;0;0;0;0;0;0;0;0;0;0;0;0;0;-17.3;0;0;0;0;0.0004;0;0;0;0;0;0;0;-0.0004;-0.0884;0;0;0;0;0;0;0;0;0;-0.7063;0;0.7063;1;1;0;0;0;0
03/09/21 20:00;0;0;90;0;0;90;0;0;0;0;17.4;7.0001;0;0;0;0;0;0;0;0;0;0;0;0;0;1;1;1;1;0;0;0;0;0;0;0;0;0;0;0;0;0;0;0;0;0;0;0;0;0;0;0;0;0;0;0;0;0;0;0;0;0;0;0;1;1;1;1;1;1;1;1;1;1;1;1;1;1;1;1;1;1;1;0;0;0;0;0;0;0;0;0;0.0004;0.088;0;-0.0884;0;0;0;0;0;0;0;0;0;0;0;0;0;0;0;0;0;0;0;-17.4;0;0;0;0;0.0004;0;0;0;0;0;0;0;-0.0004;-0.0884;0;0;0;0;0;0;0;0;0;-0.7063;0;0.7063;1;1;0;0;0;0
03/09/21 21:00;0;0;90;0;0;90;0;0;0;0;17.34;7.0999;0;0;0;0;0;0;0;0;0;0;0;0;0;1;1;1;1;0;0;0;0;0;0;0;0;0;0;0;0;0;0;0;0;0;0;0;0;0;0;0;0;0;0;0;0;0;0;0;0;0;0;0;1;1;1;1;1;1;1;1;1;1;1;1;1;1;1;1;1;1;1;0;0;0;0;0;0;0;0;0;0.0004;0.088;0;-0.0884;0;0;0;0;0;0;0;0;0;0;0;0;0;0;0;0;0;0;0;-17.34;0;0;0;0;0.0004;0;0;0;0;0;0;0;-0.0004;-0.0884;0;0;0;0;0;0;0;0;0;-0.7063;0;0.7063;1;1;0;0;0;0
03/09/21 22:00;0;0;90;0;0;90;0;0;0;0;17.1;7.0801;0;0;0;0;0;0;0;0;0;0;0;0;0;1;1;1;1;0;0;0;0;0;0;0;0;0;0;0;0;0;0;0;0;0;0;0;0;0;0;0;0;0;0;0;0;0;0;0;0;0;0;0;1;1;1;1;1;1;1;1;1;1;1;1;1;1;1;1;1;1;1;0;0;0;0;0;0;0;0;0;0.0004;0.088;0;-0.0884;0;0;0;0;0;0;0;0;0;0;0;0;0;0;0;0;0;0;0;-17.1;0;0;0;0;0.0004;0;0;0;0;0;0;0;-0.0004;-0.0884;0;0;0;0;0;0;0;0;0;-0.7063;0;0.7063;1;1;0;0;0;0
03/09/21 23:00;0;0;90;0;0;90;0;0;0;0;15.5;6.97;0;0;0;0;0;0;0;0;0;0;0;0;0;1;1;1;1;0;0;0;0;0;0;0;0;0;0;0;0;0;0;0;0;0;0;0;0;0;0;0;0;0;0;0;0;0;0;0;0;0;0;0;1;1;1;1;1;1;1;1;1;1;1;1;1;1;1;1;1;1;1;0;0;0;0;0;0;0;0;0;0.0004;0.088;0;-0.0884;0;0;0;0;0;0;0;0;0;0;0;0;0;0;0;0;0;0;0;-15.5;0;0;0;0;0.0004;0;0;0;0;0;0;0;-0.0004;-0.0884;0;0;0;0;0;0;0;0;0;-0.7063;0;0.7063;1;1;0;0;0;0
04/09/21 00:00;0;0;90;0;0;90;0;0;0;0;14.94;6.6701;0;0;0;0;0;0;0;0;0;0;0;0;0;1;1;1;1;0;0;0;0;0;0;0;0;0;0;0;0;0;0;0;0;0;0;0;0;0;0;0;0;0;0;0;0;0;0;0;0;0;0;0;1;1;1;1;1;1;1;1;1;1;1;1;1;1;1;1;1;1;1;0;0;0;0;0;0;0;0;0;0.0004;0.088;0;-0.0884;0;0;0;0;0;0;0;0;0;0;0;0;0;0;0;0;0;0;0;-14.94;0;0;0;0;0.0004;0;0;0;0;0;0;0;-0.0004;-0.0884;0;0;0;0;0;0;0;0;0;-0.7063;0;0.7063;1;1;0;0;0;0
04/09/21 01:00;0;0;90;0;0;90;0;0;0;0;14.25;6.6801;0;0;0;0;0;0;0;0;0;0;0;0;0;1;1;1;1;0;0;0;0;0;0;0;0;0;0;0;0;0;0;0;0;0;0;0;0;0;0;0;0;0;0;0;0;0;0;0;0;0;0;0;1;1;1;1;1;1;1;1;1;1;1;1;1;1;1;1;1;1;1;0;0;0;0;0;0;0;0;0;0.0004;0.088;0;-0.0884;0;0;0;0;0;0;0;0;0;0;0;0;0;0;0;0;0;0;0;-14.25;0;0;0;0;0.0004;0;0;0;0;0;0;0;-0.0004;-0.0884;0;0;0;0;0;0;0;0;0;-0.7063;0;0.7063;1;1;0;0;0;0
04/09/21 02:00;0;0;90;0;0;90;0;0;0;0;13.95;6.5201;0;0;0;0;0;0;0;0;0;0;0;0;0;1;1;1;1;0;0;0;0;0;0;0;0;0;0;0;0;0;0;0;0;0;0;0;0;0;0;0;0;0;0;0;0;0;0;0;0;0;0;0;1;1;1;1;1;1;1;1;1;1;1;1;1;1;1;1;1;1;1;0;0;0;0;0;0;0;0;0;0.0004;0.088;0;-0.0884;0;0;0;0;0;0;0;0;0;0;0;0;0;0;0;0;0;0;0;-13.95;0;0;0;0;0.0004;0;0;0;0;0;0;0;-0.0004;-0.0884;0;0;0;0;0;0;0;0;0;-0.7063;0;0.7063;1;1;0;0;0;0
04/09/21 03:00;0;0;90;0;0;90;0;0;0;0;14.1;6.08;0;0;0;0;0;0;0;0;0;0;0;0;0;1;1;1;1;0;0;0;0;0;0;0;0;0;0;0;0;0;0;0;0;0;0;0;0;0;0;0;0;0;0;0;0;0;0;0;0;0;0;0;1;1;1;1;1;1;1;1;1;1;1;1;1;1;1;1;1;1;1;0;0;0;0;0;0;0;0;0;0.0004;0.088;0;-0.0884;0;0;0;0;0;0;0;0;0;0;0;0;0;0;0;0;0;0;0;-14.1;0;0;0;0;0.0004;0;0;0;0;0;0;0;-0.0004;-0.0884;0;0;0;0;0;0;0;0;0;-0.7063;0;0.7063;1;1;0;0;0;0
04/09/21 04:00;0;0;90;0;0;90;0;0;0;0;13.91;5.1701;0;0;0;0;0;0;0;0;0;0;0;0;0;1;1;1;1;0;0;0;0;0;0;0;0;0;0;0;0;0;0;0;0;0;0;0;0;0;0;0;0;0;0;0;0;0;0;0;0;0;0;0;1;1;1;1;1;1;1;1;1;1;1;1;1;1;1;1;1;1;1;0;0;0;0;0;0;0;0;0;0.0004;0.088;0;-0.0884;0;0;0;0;0;0;0;0;0;0;0;0;0;0;0;0;0;0;0;-13.91;0;0;0;0;0.0004;0;0;0;0;0;0;0;-0.0004;-0.0884;0;0;0;0;0;0;0;0;0;-0.7063;0;0.7063;1;1;0;0;0;0
04/09/21 05:00;0;0;90;0;0;90;0;0;0;0;13.9;4.5201;0;0;0;0;0;0;0;0;0;0;0;0;0;1;1;1;1;0;0;0;0;0;0;0;0;0;0;0;0;0;0;0;0;0;0;0;0;0;0;0;0;0;0;0;0;0;0;0;0;0;0;0;1;1;1;1;1;1;1;1;1;1;1;1;1;1;1;1;1;1;1;0;0;0;0;0;0;0;0;0;0.0004;0.088;0;-0.0884;0;0;0;0;0;0;0;0;0;0;0;0;0;0;0;0;0;0;0;-13.9;0;0;0;0;0.0004;0;0;0;0;0;0;0;-0.0004;-0.0884;0;0;0;0;0;0;0;0;0;-0.7063;0;0.7063;1;1;0;0;0;0
04/09/21 06:00;4.4594;-78.22;79.13;4.555;6.5499;-90;-6.5499;0;0;0;13.87;3.9899;0;0;0;0;0;0;0;0;0;0;0;0;0;1;1;1;1;0;0;0;0;0;0;0;0;0;0;0;0;0;0;0;0;0;0;0;0;0;0;0;0;0;0;0;0;0;0;0;0;0;0;0;1;1;1;1;1;1;1;1;1;1;1;1;1;1;1;1;1;1;1;0;0;0;0;0;0;0;0;0;0.0004;0.088;0;-0.0884;0;0;0;0;0;0;0;0;0;0;0;0;0;0;0;0;0;0;0;-13.87;0;0;0;0;0.0004;0;0;0;0;0;0;0;-0.0004;-0.0884;0;0;0;0;0;0;0;0;0;-0.7063;0;0.7063;1;1;0;0;0;0
04/09/21 07:00;14.493;-70.391;52.629;15.345;24.581;-90;-24.581;15.706;15.599;0.1071;13.7;3.9199;0;0.2597;14.887;0.012;0;0.1352;15.294;0;15.294;0.2597;0.012;14.887;0.1352;0.017;0.9822;0;0.0088;14.697;0.5967;0;0;0.4811;0.1155;14.18;0.4884;0.0042;0.0002;0.48;0.004;14.668;0.0294;0.0005;0;0.0288;0;14.217;0.255;0.0118;13.897;0.0156;9.4797;7.6975;2.8125;0.1122;0.1068;1.5364;0.0378;1.5311;0;1;0;0;0.9738;0.961;1;1;0.9677;0.1456;0.9667;0.9838;1;0.9666;0.7954;0.998;0.998;1;0.998;0.998;0.9271;0.9335;0.1156;0.0459;0.0461;0.0003;0.0075;-0.0018;0.0003;0.001;0.0003;0;0;0.088;0;-0.0532;0;0;0;0;0;0;0;0;0;0;0;0;0.0008;0;0.0376;0.0376;0;14.292;14.292;0.5915;0.0417;37.65;999.73;1;0.0029;0.0029;0;0;0;0;0;0;0.0348;-0.0532;0;15.612;18.079;-22.075;-25.563;92.396;92.396;0.3671;0.3008;-0.4253;0.0662;0.7262;0.1805;1.9783;0;9.4791;0;0
04/09/21 08:00;25.621;-59.837;26.957;29.016;60;-90;-60;21;20.9;0.0992;13.6;4.1;0;0.2046;15.673;0.0073;0;0.9975;16.882;0;16.882;0.2046;0.0073;15.673;0.9975;0.0121;0.9874;0;0.0591;13.976;2.9058;0;0;1.9724;0.9335;13.46;0.4879;0.0002;0;0.4834;0.0042;13.948;0.028;0.0004;0;0.0274;0.0001;13.883;0.204;0.0073;13.189;0.0597;13.664;11.095;4.7202;2.6204;0.2705;3.8905;0.4227;1.5405;0;1;0;0;0.8039;0.8279;1;1;0.8742;0.0642;0.965;0.9991;1;0.9646;0.9337;0.998;0.998;1;0.998;0.998;0.7973;0.8416;0.0598;0.0507;0.05;0.0003;0.0079;-0.002;0.0003;0.0011;0.0007;0;0;0.088;0;-0.0501;0;0;0;0;0;0;0;0;0;0;0;0;0.0009;0;0.0408;0.0408;0;14.162;14.162;0.562;0.0418;40.831;999.36;1;0.0029;0.0029;0;0;0;0;0;0;0.0379;-0.0501;0;15.333;17.755;-18.838;-21.814;92.801;92.801;0.4052;0.3261;-0.4007;0.0791;0.7268;0.1951;1.7938;0;13.648;0;0
04/09/21 09:00;35.472;-46.836;33.857;44.331;45.669;-90;-45.669;30.708;30.599;0.1095;13.7;4.3099;0;0.1567;25.987;0.0061;0;0.8787;27.029;0;27.029;0.1567;0.0061;25.987;0.8787;0.0058;0.994;0;0.0325;24.011;3.0178;0;0;2.2016;0.8162;23.184;0.7792;0.0005;0;0.7751;0.0035;23.963;0.048;0.0003;0;0.0476;0.0001;23.515;0.1559;0.0061;22.963;0.0589;19.508;15.84;6.3174;1.67;0.2789;4.0121;0.3311;2.621;0;1;0;0;0.8802;0.8883;1;1;0.9153;0.0711;0.9675;0.9967;1;0.9673;0.9435;0.998;0.998;1;0.998;0.998;0.8577;0.8836;0.067;0.0812;0.0793;0.0005;0.01;-0.003;0.0005;0.0018;0.0007;0;0;0.088;0;-0.0244;0;0;0;0;0;0;0;0;0;0;0;0;0.0014;0.0001;0.0673;0.0673;0;14.659;14.659;0.9593;0.0414;65.902;1021;1;0.0037;0.0037;0;0;0;0;0;0;0.0636;-0.0244;0;15.793;18.288;-5.7249;-6.6293;94.53;94.53;0.6487;0.5378;-0.1949;0.1109;0.7327;0.171;1.1295;0;19.461;0;0
04/09/21 10:00;43.148;-30.288;39.05;61.718;28.282;-90;-28.282;74.31;73.796;0.5131;13.86;4.2;0;0.5827;69.353;0.0467;0;0.8427;70.825;0;70.825;0.5827;0.0467;69.353;0.8427;0.0082;0.9911;0;0.0119;67.286;3.5387;0;0;2.8061;0.7326;64.951;2.201;0.0037;0.0003;2.1765;0.0205;67.152;0.1346;0.0012;0.0001;0.1331;0.0002;65.203;0.5779;0.0463;64.237;0.0894;45.481;36.931;13.727;0.8558;0.5179;7.4501;0.2518;7.1122;0;1;0;0;0.9531;0.95;1;1;0.9595;0.1307;0.9672;0.9937;1;0.9672;0.8133;0.998;0.998;1;0.998;0.998;0.9171;0.9262;0.1061;0.2127;0.2121;0.0013;0.0154;-0.0066;0.0014;0.005;0.0014;0;0;0.088;0;0.0955;0;0;0;0;0;0;0;0;0;0;0;0;0.004;0.0002;0.1899;0.1899;0;16.516;16.516;2.6557;0.0409;179.64;1057;1;0.0064;0.0064;0;0;0;0;0;0;0.1835;0.0955;0;17.007;19.694;8.5558;9.9074;96.651;96.651;1.6998;1.5175;0.7634;0.1823;0.7541;0.1072;0.4436;0.4491;45.185;0.4163;0
04/09/21 11:00;47.399;-9.9395;41.815;80.981;9.0192;-90;-9.0192;34.791;34.703;0.0877;13.1;4.3801;0;0.0888;34.486;0.0031;0;0.0409;34.619;0;34.619;0.0888;0.0031;34.486;0.0409;0.0026;0.9973;0;0.0012;34.374;0.2443;0;0;0.2103;0.0341;32.885;1.4204;0.0007;0;1.4182;0.0015;34.306;0.0687;0.0002;0;0.0686;0;32.891;0.0879;0.0031;32.789;0.0053;20.678;16.79;5.9383;0.0067;0.2303;3.3127;0.0064;3.5363;0;1;0;0;0.995;0.9929;1;1;0.9939;0.166;0.9586;0.9921;1;0.9585;0.7754;0.998;0.998;1;0.998;0.998;0.9499;0.9508;0.1285;0.104;0.106;0.0006;0.0116;-0.0041;0.0007;0.0024;0.0006;0;0;0.088;0;-0.0002;0;0;0;0;0;0;0;0;0;0;0;0;0.002;0.0001;0.0922;0.0922;0;14.453;14.453;1.3536;0.0412;88.917;1036.9;1;0.0044;0.0044;0;0;0;0;0;0;0.0878;-0.0002;0;16.895;19.564;-0.0418;-0.0484;95.199;95.199;0.8308;0.7368;-0.0018;0.094;0.7387;0.1131;0.8891;0;20.625;0;0
04/09/21 12:00;47.168;12.078;41.667;79.022;10.978;90;10.978;119.81;118.6;1.2083;12.75;5.14;0;1.2308;117.37;0.1478;0;0.2083;118.96;0;118.96;1.2308;0.1478;117.37;0.2083;0.0103;0.9884;0;0.0018;117.79;1.1701;0;0;0.9962;0.1739;112.86;4.6945;0.0097;0.0012;4.676;0.0077;117.55;0.2356;0.0025;0.0003;0.2327;0.0001;112.89;1.2187;0.1463;111.46;0.0266;71.319;57.911;20.631;0.0486;0.7863;11.31;0.0374;12.048;0;1;0;0;0.9929;0.9902;1;1;0.9915;0.1651;0.9601;0.9921;1;0.9597;0.7747;0.998;0.998;1;0.998;0.998;0.9487;0.9497;0.1277;0.3572;0.3639;0.0022;0.0177;-0.0101;0.0025;0.0088;0.0022;0;0;0.088;0;0.2373;0;0;0;0;0;0;0;0;0;0;0;0;0.0071;0.0005;0.333;0.333;0;17.341;17.341;4.5907;0.0407;309.71;1075.3;1;0.0077;0.0077;0;0;0;0;0;0;0.3253;0.2373;0;17.761;20.567;12.655;14.655;97.677;97.677;2.8549;2.6617;1.8966;0.1932;0.7651;0.0677;0.268;0.6643;70.531;0.6202;0
04/09/21 13:00;42.521;32.099;38.635;59.909;30.091;90;30.091;146.39;144.3;2.0915;12.3;5.37;0;2.4173;134.27;0.3832;0;1.8743;138.94;0;138.94;2.4173;0.3832;134.27;1.8743;0.0174;0.9798;0;0.0135;131.29;7.6556;0;0;6.0074;1.6481;126.8;4.2251;0.0147;0.0023;4.168;0.0401;131.02;0.2626;0.0048;0.0008;0.2565;0.0005;127.37;2.3978;0.3801;123.84;0.1857;89.827;72.939;27.412;2.055;1.0271;14.775;0.5712;13.747;0;1;0;0;0.9491;0.9449;1;1;0.9553;0.1207;0.9678;0.9939;1;0.9674;0.8225;0.998;0.998;1;0.998;0.998;0.9126;0.9223;0.0991;0.4172;0.4148;0.0025;0.018;-0.0113;0.0028;0.0101;0.0029;0;0;0.088;0;0.2848;0;0;0;0;0;0;0;0;0;0;0;0;0.0081;0.0006;0.3811;0.3811;0;17.453;17.453;5.1526;0.0406;353.14;1079.3;1;0.0083;0.0083;0;0;0;0;0;0;0.3728;0.2848;0;17.401;20.15;13.005;15.059;97.826;97.826;3.3346;3.046;2.2765;0.2886;0.7695;0.0866;0.2308;0.6827;88.553;0.6323;0
04/09/21 14:00;34.579;48.26;33.24;42.732;47.268;90;47.268;114.2;112.8;1.4024;11.84;5.0001;0;2.0667;94.495;0.305;0;3.4872;100.35;0;100.35;2.0667;0.305;94.495;3.4872;0.0206;0.9764;0;0.0347;88.667;11.687;0;0;8.4319;3.2548;85.653;2.837;0.006;0.0009;2.8183;0.0117;88.49;0.1773;0.0041;0.0006;0.1721;0.0005;86.975;2.0565;0.3035;83.073;0.2202;72.469;58.844;23.688;6.8393;1.0632;15.293;1.3218;9.5169;0;1;0;0;0.8788;0.8835;1;1;0.9108;0.0666;0.9679;0.9971;1;0.9672;0.9494;0.998;0.998;1;0.998;0.998;0.8535;0.8791;0.0631;0.3014;0.2942;0.0018;0.017;-0.0104;0.002;0.0071;0.003;0;0;0.088;0;0.1726;0;0;0;0;0;0;0;0;0;0;0;0;0.0057;0.0003;0.2677;0.2677;0;15.328;15.328;3.488;0.0407;249.41;1073.2;1;0.0071;0.0071;0;0;0;0;0;0;0.2606;0.1726;0;16.92;19.594;10.91;12.634;97.356;97.356;2.4085;2.1393;1.3794;0.2692;0.7598;0.1118;0.3155;0.5727;71.832;0.5141;0
04/09/21 15:00;24.568;60.968;26.293;27.603;60;90;60;28.599;28.397;0.2017;11.9;4.35;0;0.4349;21.29;0.0221;0;1.3584;23.105;0;23.105;0.4349;0.0221;21.29;1.3584;0.0188;0.9802;0;0.0588;19.146;3.9592;0;0;2.685;1.2742;18.445;0.6628;0.0004;0;0.6566;0.0057;19.108;0.0383;0.0009;0;0.0372;0.0002;19.019;0.4336;0.022;17.911;0.0783;18.559;15.07;6.4126;3.5596;0.3673;5.2835;0.5739;2.0911;0;1;0;0;0.8079;0.8286;1;1;0.8739;0.062;0.9653;0.9991;1;0.9646;0.9319;0.998;0.998;1;0.998;0.998;0.7983;0.8413;0.0577;0.0694;0.0684;0.0004;0.0093;-0.0031;0.0004;0.0015;0.001;0;0;0.088;0;-0.0338;0;0;0;0;0;0;0;0;0;0;0;0;0.0012;0;0.0576;0.0576;0;12.665;12.665;0.7648;0.0415;56.451;1020.2;1;0.0034;0.0034;0;0;0;0;0;0;0.0542;-0.0338;0;15.812;18.31;-9.2892;-10.757;94.048;94.048;0.5545;0.4603;-0.2704;0.0942;0.7307;0.1699;1.3177;0;18.534;0;0
04/09/21 16:00;13.35;71.341;55.944;14.062;22.044;90;22.044;44.793;44.302;0.4907;11.6;3.0901;0;1.1901;42.615;0.1695;0;0.3111;44.286;0;44.286;1.1901;0.1695;42.615;0.3111;0.0269;0.9693;0;0.007;42.864;1.4221;0;0;1.1585;0.2635;41.332;1.4466;0.0277;0.0039;1.4048;0.0102;42.778;0.0857;0.0024;0.0003;0.0829;0.0001;41.414;1.1601;0.1653;39.969;0.0372;26.756;21.726;7.8705;0.2172;0.2994;4.3071;0.0817;4.3893;0;1;0;0;0.9887;0.9679;1;1;0.9728;0.1528;0.9662;0.9767;1;0.966;0.7847;0.998;0.998;1;0.998;0.998;0.9333;0.9379;0.1196;0.133;0.1338;0.0008;0.0129;-0.0058;0.0009;0.0031;0.0008;0;0;0.088;0;0.0252;0;0;0;0;0;0;0;0;0;0;0;0;0.0025;0.0001;0.1185;0.1185;0;13.295;13.295;1.6945;0.041;112.62;1051.9;1;0.0053;0.0053;0;0;0;0;0;0;0.1132;0.0252;0;16.969;19.65;3.6102;4.1805;95.56;95.56;1.0629;0.9468;0.2014;0.1161;0.7453;0.1092;0.7012;0.1895;26.753;0.1766;0
04/09/21 17:00;3.8747;78.649;80.567;3.9517;5.6699;90;5.6699;8.2045;8.202;0.0025;11.3;2.2499;0;0.0062;8.1817;0.0006;0;0.0038;8.1922;0;8.1922;0.0062;0.0006;8.1817;0.0038;0.0008;0.9992;0;0.0005;8.1655;0.0267;0;0;0.0235;0.0032;7.7942;0.355;0.0021;0.0002;0.3525;0.0001;8.1492;0.0163;0;0;0.0163;0;7.7945;0.0041;0.0004;7.7893;0.0005;4.8633;3.949;1.3908;0.0002;0.0545;0.7833;0.0003;0.8376;0;1;0;0;0.9985;0.9967;1;1;0.9971;0.1638;0.9564;0.6585;1;0.9567;0.7761;0.998;0.998;1;0.998;0.998;0.9514;0.952;0.1269;0.0246;0.0251;0.0002;0.0054;-0.0011;0.0001;0.0005;0.0001;0;0;0.088;0;-0.071;0;0;0;0;0;0;0;0;0;0;0;0;0.0004;0;0.0194;0.0194;0;11.629;11.629;0.3287;0.0422;19.793;982.57;1;0.0024;0.0024;0;0;0;0;0;0;0.017;-0.071;0;15.06;17.439;-54.941;-63.621;87.659;87.659;0.1966;0.1554;-0.567;0.0412;0.7225;0.2095;3.6746;0;4.8633;0;0
04/09/21 18:00;0;0;90;0;0;90;0;0;0;0;10.71;2.1599;0;0;0;0;0;0;0;0;0;0;0;0;0;1;1;1;1;0;0;0;0;0;0;0;0;0;0;0;0;0;0;0;0;0;0;0;0;0;0;0;0;0;0;0;0;0;0;0;0;0;0;0;1;1;1;1;1;1;1;1;1;1;1;1;1;1;1;1;1;1;1;0;0;0;0;0;0;0;0;0;0.0004;0.088;0;-0.0884;0;0;0;0;0;0;0;0;0;0;0;0;0;0;0;0;0;0;0;-10.71;0;0;0;0;0.0004;0;0;0;0;0;0;0;-0.0004;-0.0884;0;0;0;0;0;0;0;0;0;-0.7063;0;0.7063;1;1;0;0;0;0
04/09/21 19:00;0;0;90;0;0;90;0;0;0;0;10.53;2.33;0;0;0;0;0;0;0;0;0;0;0;0;0;1;1;1;1;0;0;0;0;0;0;0;0;0;0;0;0;0;0;0;0;0;0;0;0;0;0;0;0;0;0;0;0;0;0;0;0;0;0;0;1;1;1;1;1;1;1;1;1;1;1;1;1;1;1;1;1;1;1;0;0;0;0;0;0;0;0;0;0.0004;0.088;0;-0.0884;0;0;0;0;0;0;0;0;0;0;0;0;0;0;0;0;0;0;0;-10.53;0;0;0;0;0.0004;0;0;0;0;0;0;0;-0.0004;-0.0884;0;0;0;0;0;0;0;0;0;-0.7063;0;0.7063;1;1;0;0;0;0
04/09/21 20:00;0;0;90;0;0;90;0;0;0;0;9.2202;2.5;0;0;0;0;0;0;0;0;0;0;0;0;0;1;1;1;1;0;0;0;0;0;0;0;0;0;0;0;0;0;0;0;0;0;0;0;0;0;0;0;0;0;0;0;0;0;0;0;0;0;0;0;1;1;1;1;1;1;1;1;1;1;1;1;1;1;1;1;1;1;1;0;0;0;0;0;0;0;0;0;0.0004;0.088;0;-0.0884;0;0;0;0;0;0;0;0;0;0;0;0;0;0;0;0;0;0;0;-9.2202;0;0;0;0;0.0004;0;0;0;0;0;0;0;-0.0004;-0.0884;0;0;0;0;0;0;0;0;0;-0.7063;0;0.7063;1;1;0;0;0;0
04/09/21 21:00;0;0;90;0;0;90;0;0;0;0;9.5998;2.66;0;0;0;0;0;0;0;0;0;0;0;0;0;1;1;1;1;0;0;0;0;0;0;0;0;0;0;0;0;0;0;0;0;0;0;0;0;0;0;0;0;0;0;0;0;0;0;0;0;0;0;0;1;1;1;1;1;1;1;1;1;1;1;1;1;1;1;1;1;1;1;0;0;0;0;0;0;0;0;0;0.0004;0.088;0;-0.0884;0;0;0;0;0;0;0;0;0;0;0;0;0;0;0;0;0;0;0;-9.5998;0;0;0;0;0.0004;0;0;0;0;0;0;0;-0.0004;-0.0884;0;0;0;0;0;0;0;0;0;-0.7063;0;0.7063;1;1;0;0;0;0
04/09/21 22:00;0;0;90;0;0;90;0;0;0;0;8.8001;2.91;0;0;0;0;0;0;0;0;0;0;0;0;0;1;1;1;1;0;0;0;0;0;0;0;0;0;0;0;0;0;0;0;0;0;0;0;0;0;0;0;0;0;0;0;0;0;0;0;0;0;0;0;1;1;1;1;1;1;1;1;1;1;1;1;1;1;1;1;1;1;1;0;0;0;0;0;0;0;0;0;0.0004;0.088;0;-0.0884;0;0;0;0;0;0;0;0;0;0;0;0;0;0;0;0;0;0;0;-8.8001;0;0;0;0;0.0004;0;0;0;0;0;0;0;-0.0004;-0.0884;0;0;0;0;0;0;0;0;0;-0.7063;0;0.7063;1;1;0;0;0;0
04/09/21 23:00;0;0;90;0;0;90;0;0;0;0;8.6599;3.3;0;0;0;0;0;0;0;0;0;0;0;0;0;1;1;1;1;0;0;0;0;0;0;0;0;0;0;0;0;0;0;0;0;0;0;0;0;0;0;0;0;0;0;0;0;0;0;0;0;0;0;0;1;1;1;1;1;1;1;1;1;1;1;1;1;1;1;1;1;1;1;0;0;0;0;0;0;0;0;0;0.0004;0.088;0;-0.0884;0;0;0;0;0;0;0;0;0;0;0;0;0;0;0;0;0;0;0;-8.6599;0;0;0;0;0.0004;0;0;0;0;0;0;0;-0.0004;-0.0884;0;0;0;0;0;0;0;0;0;-0.7063;0;0.7063;1;1;0;0;0;0
05/09/21 00:00;0;0;90;0;0;90;0;0;0;0;7.8003;3.8;0;0;0;0;0;0;0;0;0;0;0;0;0;1;1;1;1;0;0;0;0;0;0;0;0;0;0;0;0;0;0;0;0;0;0;0;0;0;0;0;0;0;0;0;0;0;0;0;0;0;0;0;1;1;1;1;1;1;1;1;1;1;1;1;1;1;1;1;1;1;1;0;0;0;0;0;0;0;0;0;0.0004;0.088;0;-0.0884;0;0;0;0;0;0;0;0;0;0;0;0;0;0;0;0;0;0;0;-7.8003;0;0;0;0;0.0004;0;0;0;0;0;0;0;-0.0004;-0.0884;0;0;0;0;0;0;0;0;0;-0.7063;0;0.7063;1;1;0;0;0;0
05/09/21 01:00;0;0;90;0;0;90;0;0;0;0;7.1003;3.79;0;0;0;0;0;0;0;0;0;0;0;0;0;1;1;1;1;0;0;0;0;0;0;0;0;0;0;0;0;0;0;0;0;0;0;0;0;0;0;0;0;0;0;0;0;0;0;0;0;0;0;0;1;1;1;1;1;1;1;1;1;1;1;1;1;1;1;1;1;1;1;0;0;0;0;0;0;0;0;0;0.0004;0.088;0;-0.0884;0;0;0;0;0;0;0;0;0;0;0;0;0;0;0;0;0;0;0;-7.1003;0;0;0;0;0.0004;0;0;0;0;0;0;0;-0.0004;-0.0884;0;0;0;0;0;0;0;0;0;-0.7063;0;0.7063;1;1;0;0;0;0
05/09/21 02:00;0;0;90;0;0;90;0;0;0;0;7.1302;4.3701;0;0;0;0;0;0;0;0;0;0;0;0;0;1;1;1;1;0;0;0;0;0;0;0;0;0;0;0;0;0;0;0;0;0;0;0;0;0;0;0;0;0;0;0;0;0;0;0;0;0;0;0;1;1;1;1;1;1;1;1;1;1;1;1;1;1;1;1;1;1;1;0;0;0;0;0;0;0;0;0;0.0004;0.088;0;-0.0884;0;0;0;0;0;0;0;0;0;0;0;0;0;0;0;0;0;0;0;-7.1302;0;0;0;0;0.0004;0;0;0;0;0;0;0;-0.0004;-0.0884;0;0;0;0;0;0;0;0;0;-0.7063;0;0.7063;1;1;0;0;0;0
05/09/21 03:00;0;0;90;0;0;90;0;0;0;0;7.1003;4.9;0;0;0;0;0;0;0;0;0;0;0;0;0;1;1;1;1;0;0;0;0;0;0;0;0;0;0;0;0;0;0;0;0;0;0;0;0;0;0;0;0;0;0;0;0;0;0;0;0;0;0;0;1;1;1;1;1;1;1;1;1;1;1;1;1;1;1;1;1;1;1;0;0;0;0;0;0;0;0;0;0.0004;0.088;0;-0.0884;0;0;0;0;0;0;0;0;0;0;0;0;0;0;0;0;0;0;0;-7.1003;0;0;0;0;0.0004;0;0;0;0;0;0;0;-0.0004;-0.0884;0;0;0;0;0;0;0;0;0;-0.7063;0;0.7063;1;1;0;0;0;0
05/09/21 04:00;0;0;90;0;0;90;0;0;0;0;7.1003;5.45;0;0;0;0;0;0;0;0;0;0;0;0;0;1;1;1;1;0;0;0;0;0;0;0;0;0;0;0;0;0;0;0;0;0;0;0;0;0;0;0;0;0;0;0;0;0;0;0;0;0;0;0;1;1;1;1;1;1;1;1;1;1;1;1;1;1;1;1;1;1;1;0;0;0;0;0;0;0;0;0;0.0004;0.088;0;-0.0884;0;0;0;0;0;0;0;0;0;0;0;0;0;0;0;0;0;0;0;-7.1003;0;0;0;0;0.0004;0;0;0;0;0;0;0;-0.0004;-0.0884;0;0;0;0;0;0;0;0;0;-0.7063;0;0.7063;1;1;0;0;0;0
05/09/21 05:00;0;0;90;0;0;90;0;0;0;0;7.2;5.9899;0;0;0;0;0;0;0;0;0;0;0;0;0;1;1;1;1;0;0;0;0;0;0;0;0;0;0;0;0;0;0;0;0;0;0;0;0;0;0;0;0;0;0;0;0;0;0;0;0;0;0;0;1;1;1;1;1;1;1;1;1;1;1;1;1;1;1;1;1;1;1;0;0;0;0;0;0;0;0;0;0.0004;0.088;0;-0.0884;0;0;0;0;0;0;0;0;0;0;0;0;0;0;0;0;0;0;0;-7.2;0;0;0;0;0.0004;0;0;0;0;0;0;0;-0.0004;-0.0884;0;0;0;0;0;0;0;0;0;-0.7063;0;0.7063;1;1;0;0;0;0
05/09/21 06:00;4.5452;-78.618;78.919;4.636;6.6685;-90;-6.6685;1.9925;1.9925;0;7.1003;6.2999;0;0;1.9858;0;0;0.0013;1.9871;1.9871;0;0;0;0;0;1;1;1;1;0;0;0;0;0;0;0;0;0;0;0;0;0;0;0;0;0;0;0;0;0;0;0;0;0;0;0;0;0;0;0;0;0;0;0;0;1;1;1;1;1;1;1;1;1;1;1;1;1;0;0;1;0;0;0;0;0;0;0;0;0;0;0;0.0004;0.088;0;-0.0884;0;0;0;0;0;0;0;0;0;0;0;0;0;0;0;0;0;0;0;-7.1003;0;0;0;0;0.0004;0;0;0;0;0;0;0;-0.0004;-0.0884;0;0;0;0;0;0;0;0;0;-0.7063;0;0.7063;1;1;0;0;0;0
05/09/21 07:00;14.792;-70.635;51.743;15.636;25.184;-90;-25.184;39.909;39.399;0.5097;7.0398;6.3799;0;1.2363;37.471;0.1416;0;0.3604;39.21;0;39.21;1.2363;0.1416;37.471;0.3604;0.0315;0.9649;0;0.0092;37.642;1.5678;0;0;1.2591;0.3087;36.333;1.233;0.0183;0.0021;1.2022;0.0104;37.566;0.0753;0.0025;0.0003;0.0724;0.0001;36.435;1.2155;0.1392;34.938;0.0411;23.947;19.445;7.1204;0.3077;0.2704;3.8894;0.1011;3.8521;0;1;0;0;0.9825;0.96;1;1;0.9664;0.1433;0.9672;0.9852;1;0.9667;0.798;0.998;0.998;1;0.998;0.998;0.9266;0.9324;0.1141;0.1177;0.1179;0.0007;0.0121;-0.0071;0.0008;0.0028;0.0007;0;0;0.088;0;0.0125;0;0;0;0;0;0;0;0;0;0;0;0;0.0022;0.0001;0.1056;0.1056;0;8.5259;8.5259;1.486;0.0409;98.91;1067.2;1;0.005;0.005;0;0;0;0;0;0;0.1005;0.0125;0;17.078;19.776;2.029;2.3496;95.25;95.25;0.941;0.8436;0.1002;0.0974;0.7434;0.1035;0.79;0.1065;23.944;0.0991;0
05/09/21 08:00;25.94;-60.065;26.671;29.306;60;-90;-60;130.71;127.6;3.1085;7.44;6.4401;0;6.3502;95.193;1.3746;0;6.2085;109.13;0;109.13;6.3502;1.3746;95.193;6.2085;0.0582;0.9292;0;0.0569;91.337;17.79;0;0;11.98;5.81;88.184;2.9697;0.0058;0.0013;2.9363;0.0264;91.154;0.1827;0.0127;0.0027;0.1664;0.0008;90.752;6.3317;1.3706;80.111;0.3713;83.506;67.807;28.906;15.916;1.6427;23.63;2.5674;9.3568;0;1;0;0;0.8349;0.837;1;1;0.8742;0.0642;0.9674;0.9991;1;0.9646;0.9337;0.998;0.998;1;0.998;0.998;0.8081;0.8416;0.0598;0.3277;0.3232;0.0019;0.0174;-0.0164;0.0022;0.0079;0.0047;0;0;0.088;0;0.203;0;0;0;0;0;0;0;0;0;0;0;0;0.0064;0.0004;0.2986;0.2986;0;11.017;11.017;3.5768;0.0406;273.27;1092.5;1;0.0075;0.0075;0;0;0;0;0;0;0.291;0.203;0;17.356;20.098;11.802;13.666;97.473;97.473;2.619;2.3861;1.6225;0.2329;0.7636;0.0889;0.2916;0.6195;82.894;0.5331;0
05/09/21 09:00;35.818;-47.028;33.554;44.606;45.394;-90;-45.394;252.19;231.9;20.291;7.4998;6.64;0;28.896;192.3;8.4972;0;7.1339;236.82;0;236.82;28.896;8.4972;192.3;7.1339;0.122;0.8421;0;0.0301;214.05;22.772;0;0;16.148;6.6233;207.74;5.8817;0.0898;0.0264;5.736;0.0295;213.62;0.4281;0.0578;0.017;0.3523;0.001;210.32;28.748;8.4538;170.06;0.4802;154.55;125.5;49.713;12.102;2.1583;31.047;2.5834;21.103;0;1;0;0;0.9391;0.9038;1;1;0.916;0.0716;0.9725;0.9969;1;0.9674;0.9421;0.998;0.998;1;0.998;0.998;0.8772;0.8844;0.0673;0.7112;0.6989;0.0042;0.0169;-0.0226;0.0049;0.0174;0.0062;0;0;0.088;0;0.5567;0;0;0;0;0;0;0;0;0;0;0;0;0.014;0.0014;0.6565;0.6565;0;15.894;15.894;8.394;0.0404;595.44;1102.6;1;0.0118;0.0118;0;0;0;0;0;0;0.6447;0.5567;0;17.586;20.364;14.913;17.269;98.203;98.203;5.6837;5.247;4.4495;0.4367;0.7976;0.0768;0.1403;0.7828;143.64;0.7129;0
05/09/21 10:00;43.52;-30.396;38.717;61.951;28.049;-90;-28.049;172.71;169.8;2.9079;8.3002;6.9901;0;3.295;159.32;0.6029;0;1.9271;165.15;0;165.15;3.295;0.6029;159.32;1.9271;0.02;0.9764;0;0.0117;157.11;8.0353;0;0;6.3618;1.6735;151.72;5.079;0.0202;0.0037;5.0075;0.0476;156.8;0.3142;0.0066;0.0012;0.3059;0.0005;152.29;3.2682;0.598;147.65;0.2056;105.49;85.655;31.992;1.9101;1.1864;17.066;0.5663;16.342;0;1;0;0;0.9563;0.9513;1;1;0.9601;0.1316;0.9676;0.9939;1;0.9672;0.8121;0.998;0.998;1;0.998;0.998;0.9187;0.9267;0.1067;0.4959;0.4947;0.003;0.0181;-0.0188;0.0034;0.0122;0.0034;0;0;0.088;0;0.3654;0;0;0;0;0;0;0;0;0;0;0;0;0.0098;0.0008;0.4627;0.4627;0;14.439;14.439;6.1393;0.0405;421.31;1098.2;1;0.0093;0.0093;0;0;0;0;0;0;0.4534;0.3654;0;17.773;20.58;14.034;16.251;97.983;97.983;3.9636;3.6978;2.9199;0.2658;0.7779;0.067;0.1963;0.7367;103.65;0.6838;0
05/09/21 11:00;47.778;-9.8954;41.454;81.136;8.8637;-90;-8.8637;218.49;214.1;4.3949;9.2003;7.1799;0;4.4481;211.88;0.9543;0;0.2479;217.53;0;217.53;4.4481;0.9543;211.88;0.2479;0.0204;0.9752;0;0.0011;216.07;1.4619;0;0;1.2552;0.2067;206.85;8.7852;0.0343;0.0074;8.7343;0.0092;215.64;0.4321;0.0089;0.0019;0.4213;0.0001;206.89;4.4048;0.9451;201.47;0.0318;129.8;105.4;37.257;0.0382;1.4466;20.808;0.0382;22.217;0;1;0;0;0.9956;0.9933;1;1;0.9941;0.166;0.9593;0.9923;1;0.9584;0.7754;0.998;0.998;1;0.998;0.998;0.9509;0.9509;0.1284;0.6533;0.667;0.004;0.0172;-0.0177;0.0046;0.0165;0.0041;0;0;0.088;0;0.5244;0;0;0;0;0;0;0;0;0;0;0;0;0.0133;0.0013;0.6237;0.6237;0;17.571;17.571;8.3703;0.0405;569.13;1095.8;1;0.0113;0.0113;0;0;0;0;0;0;0.6124;0.5244;0;18.187;21.061;15.293;17.709;98.196;98.196;5.2208;4.9844;4.1912;0.2364;0.7932;0.0453;0.1519;0.8028;126.68;0.7491;0
05/09/21 12:00;47.518;12.294;41.29;78.967;11.033;90;11.033;564.71;294.1;270.6;11.88;7.59;0;275.7;212.04;81.59;0;0.9916;570.32;0;570.32;275.7;81.59;212.04;0.9916;0.4834;0.3735;0;0.0017;567.68;2.643;0;0;1.8151;0.8279;555.35;11.201;2.1018;0.622;8.4399;0.0368;566.55;1.1354;0.5514;0.1632;0.4205;0.0003;555.54;273.05;80.805;201.37;0.1266;331.53;269.2;97.846;0.0896;3.5199;50.633;0.1928;54.063;0;1;0;0;1.0099;0.9954;1;1;0.9914;0.1651;0.9802;0.9924;1;0.9598;0.7747;0.998;0.998;1;0.998;0.998;0.9737;0.9497;0.1277;1.7127;1.78;0.0107;0.0027;0.0594;0.0119;0.0424;0.0097;0;0;0.088;0;1.4876;0;0;0;0;0;0;0;0;0;0;0;0;0.0341;0.0073;1.6017;1.6017;0;34.534;34.534;22.654;0.0408;1527.1;1048.8;1;0.0261;0.0261;0;0;0;0;0;0;1.5756;1.4876;0;17.815;20.629;16.546;19.16;98.371;98.371;13.688;12.8;11.889;0.8873;0.9118;0.0648;0.0666;0.8686;127.44;0.8144;0
05/09/21 13:00;42.817;32.423;38.256;59.944;30.056;90;30.056;445.6;316.8;128.8;12.92;8.1101;0;148.81;253.94;51.475;0;5.692;459.92;0;459.92;148.81;51.475;253.94;5.692;0.3236;0.5645;0;0.0124;443.58;16.345;0;0;11.34;5.0043;433.51;9.1788;0.871;0.3013;7.8845;0.122;442.69;0.8872;0.2976;0.1029;0.4852;0.0014;435.18;147.65;51.071;234.23;0.5644;258.62;210;78.787;3.8712;2.833;40.751;1.6653;39.713;0;1;0;0;1.0321;0.9645;1;1;0.9553;0.1208;0.9793;0.9941;1;0.9674;0.8222;0.998;0.998;1;0.998;0.998;0.9426;0.9224;0.0992;1.3812;1.3966;0.0084;0.0078;0.0274;0.0095;0.0336;0.0079;0;0;0.088;0;1.162;0;0;0;0;0;0;0;0;0;0;0;0;0.027;0.0046;1.2704;1.2704;0;30.565;30.565;17.646;0.0407;1196.9;1061.4;1;0.0204;0.0204;0;0;0;0;0;0;1.25;1.162;0;17.523;20.291;16.027;18.559;98.391;98.391;11.038;10.153;9.2865;0.885;0.8667;0.0802;0.0785;0.8413;167.44;0.789;0
05/09/21 14:00;34.82;48.617;32.869;42.83;47.17;90;47.17;163;160.1;2.8977;14.05;8.2801;0;4.2624;133.96;0.8869;0;4.9578;144.07;0;144.07;4.2624;0.8869;133.96;4.9578;0.0296;0.9643;0;0.0344;127.53;16.544;0;0;11.918;4.6267;123.24;4.0261;0.0115;0.0024;3.9953;0.0169;127.27;0.2551;0.0085;0.0018;0.2441;0.0007;125.11;4.2423;0.8827;117.81;0.3135;103.13;83.739;33.76;9.6263;1.5028;21.617;1.8634;13.493;0;1;0;0;0.8839;0.8852;1;1;0.911;0.0668;0.9684;0.9973;1;0.9672;0.949;0.998;0.998;1;0.998;0.998;0.8554;0.8794;0.0632;0.4326;0.4224;0.0025;0.018;-0.0091;0.0029;0.0102;0.0042;0;0;0.088;0;0.2886;0;0;0;0;0;0;0;0;0;0;0;0;0.0082;0.0006;0.3848;0.3848;0;19.066;19.066;5.0164;0.0407;359.15;1071.5;1;0.0082;0.0082;0;0;0;0;0;0;0.3766;0.2886;0;16.944;19.621;12.706;14.713;97.857;97.857;3.4577;3.0754;2.3062;0.3823;0.7692;0.1106;0.2225;0.667;101.74;0.5996;0
05/09/21 15:00;24.765;61.326;25.922;27.736;60;90;60;386.61;143.8;242.81;13.19;7.68;0;521.32;61.459;132.81;0;18.364;733.95;0;733.95;521.32;132.81;61.459;18.364;0.7103;0.1088;0;0.025;708.97;24.976;0;0;7.7508;17.225;705;2.5575;0.4658;0.1187;1.8956;0.0774;707.56;1.4179;1.0426;0.2656;0.1074;0.0023;707.99;519.81;132.42;51.706;1.0589;89.78;72.901;30.028;10.279;1.3903;19.999;2.9892;11.109;0;1;0;0;1.8984;0.966;1;1;0.8739;0.062;0.9964;0.9991;1;0.9646;0.9319;0.998;0.998;1;0.998;0.998;0.9606;0.8413;0.0577;2.2041;2.1745;0.0131;-0.0009;0.1301;0.0142;0.0504;0.0037;0;0;0.088;0;1.793;0;0;0;0;0;0;0;0;0;0;0;0;0.0406;0.0106;1.9126;1.9126;0;42.109;42.109;28.919;0.041;1868.6;1023.5;1;0.0316;0.0316;0;0;0;0;0;0;1.881;1.793;0;16.531;19.142;15.497;17.945;98.348;98.348;17.615;15.285;14.33;2.3293;0.9559;0.1322;0.0543;0.8135;53.505;0.7972;0
05/09/21 16:00;13.516;71.692;55.469;14.209;22.325;90;22.325;201.3;114;87.303;12.68;5.93;0;211.73;79.313;76.64;0;1.4334;369.12;0;369.12;211.73;76.64;79.313;1.4334;0.5736;0.2188;0;0.0039;365.7;3.4164;0;0;2.2005;1.2159;355.97;9.0015;4.6605;1.6869;2.6076;0.0465;364.97;0.7314;0.4235;0.1533;0.1542;0.0004;356.13;206.65;74.8;74.35;0.1706;50.449;40.965;14.56;0.4235;0.5837;8.3957;0.1632;8.556;0;1;0;0;1.8336;0.9907;1;1;0.9723;0.1518;0.9753;0.9779;1;0.9661;0.7857;0.998;0.998;1;0.998;0.998;0.9644;0.9374;0.119;1.1085;1.0903;0.0066;0.0122;0.0083;0.0074;0.0264;0.0016;0;0;0.088;0;0.899;0;0;0;0;0;0;0;0;0;0;0;0;0.0213;0.003;1.0036;1.0036;0;27.144;27.144;14.464;0.0406;934.53;1073.9;1;0.0166;0.0166;0;0;0;0;0;0;0.987;0.899;0;17.248;19.973;15.451;17.892;98.348;98.348;8.8589;8.0209;7.1851;0.838;0.8358;0.0946;0.0943;0.8111;49.866;0.7975;0
05/09/21 17:00;3.825;79.145;80.689;3.8945;5.5867;90;5.5867;7.3059;7.297;0.009;10.83;4.99;0;0.0217;7.2789;0.0018;0;0.0033;7.3057;0;7.3057;0.0217;0.0018;7.2789;0.0033;0.003;0.9968;0;0.0005;7.2825;0.0232;0;0;0.0205;0.0028;6.9457;0.3222;0.0075;0.0006;0.314;0.0001;7.2679;0.0146;0;0;0.0145;0;6.946;0.0142;0.0012;6.93;0.0004;4.3262;3.5129;1.2371;0.0001;0.0484;0.6969;0.0003;0.7452;0;1;0;0;1;0.9968;1;1;0.9972;0.1638;0.9557;0.6539;1;0.9567;0.7761;0.998;0.998;1;0.998;0.998;0.9507;0.9521;0.1268;0.0219;0.0224;0.0001;0.0051;-0.001;0.0001;0.0005;0.0001;0;0;0.088;0;-0.0732;0;0;0;0;0;0;0;0;0;0;0;0;0.0004;0;0.0171;0.0171;0;11.124;11.124;0.2937;0.0423;17.461;979.01;1;0.0023;0.0023;0;0;0;0;0;0;0.0148;-0.0732;0;14.843;17.188;-63.602;-73.65;86.298;86.298;0.1753;0.1366;-0.5854;0.0387;0.722;0.2208;4.1179;0;4.3262;0;0
05/09/21 18:00;0;0;90;0;0;90;0;0;0;0;9.9501;4.6299;0;0;0;0;0;0;0;0;0;0;0;0;0;1;1;1;1;0;0;0;0;0;0;0;0;0;0;0;0;0;0;0;0;0;0;0;0;0;0;0;0;0;0;0;0;0;0;0;0;0;0;0;1;1;1;1;1;1;1;1;1;1;1;1;1;1;1;1;1;1;1;0;0;0;0;0;0;0;0;0;0.0004;0.088;0;-0.0884;0;0;0;0;0;0;0;0;0;0;0;0;0;0;0;0;0;0;0;-9.9501;0;0;0;0;0.0004;0;0;0;0;0;0;0;-0.0004;-0.0884;0;0;0;0;0;0;0;0;0;-0.7063;0;0.7063;1;1;0;0;0;0
05/09/21 19:00;0;0;90;0;0;90;0;0;0;0;9.09;4.3099;0;0;0;0;0;0;0;0;0;0;0;0;0;1;1;1;1;0;0;0;0;0;0;0;0;0;0;0;0;0;0;0;0;0;0;0;0;0;0;0;0;0;0;0;0;0;0;0;0;0;0;0;1;1;1;1;1;1;1;1;1;1;1;1;1;1;1;1;1;1;1;0;0;0;0;0;0;0;0;0;0.0004;0.088;0;-0.0884;0;0;0;0;0;0;0;0;0;0;0;0;0;0;0;0;0;0;0;-9.09;0;0;0;0;0.0004;0;0;0;0;0;0;0;-0.0004;-0.0884;0;0;0;0;0;0;0;0;0;-0.7063;0;0.7063;1;1;0;0;0;0
05/09/21 20:00;0;0;90;0;0;90;0;0;0;0;8.4099;4.34;0;0;0;0;0;0;0;0;0;0;0;0;0;1;1;1;1;0;0;0;0;0;0;0;0;0;0;0;0;0;0;0;0;0;0;0;0;0;0;0;0;0;0;0;0;0;0;0;0;0;0;0;1;1;1;1;1;1;1;1;1;1;1;1;1;1;1;1;1;1;1;0;0;0;0;0;0;0;0;0;0.0004;0.088;0;-0.0884;0;0;0;0;0;0;0;0;0;0;0;0;0;0;0;0;0;0;0;-8.4099;0;0;0;0;0.0004;0;0;0;0;0;0;0;-0.0004;-0.0884;0;0;0;0;0;0;0;0;0;-0.7063;0;0.7063;1;1;0;0;0;0
05/09/21 21:00;0;0;90;0;0;90;0;0;0;0;7.5902;4.44;0;0;0;0;0;0;0;0;0;0;0;0;0;1;1;1;1;0;0;0;0;0;0;0;0;0;0;0;0;0;0;0;0;0;0;0;0;0;0;0;0;0;0;0;0;0;0;0;0;0;0;0;1;1;1;1;1;1;1;1;1;1;1;1;1;1;1;1;1;1;1;0;0;0;0;0;0;0;0;0;0.0004;0.088;0;-0.0884;0;0;0;0;0;0;0;0;0;0;0;0;0;0;0;0;0;0;0;-7.5902;0;0;0;0;0.0004;0;0;0;0;0;0;0;-0.0004;-0.0884;0;0;0;0;0;0;0;0;0;-0.7063;0;0.7063;1;1;0;0;0;0
05/09/21 22:00;0;0;90;0;0;90;0;0;0;0;7.5497;4.11;0;0;0;0;0;0;0;0;0;0;0;0;0;1;1;1;1;0;0;0;0;0;0;0;0;0;0;0;0;0;0;0;0;0;0;0;0;0;0;0;0;0;0;0;0;0;0;0;0;0;0;0;1;1;1;1;1;1;1;1;1;1;1;1;1;1;1;1;1;1;1;0;0;0;0;0;0;0;0;0;0.0004;0.088;0;-0.0884;0;0;0;0;0;0;0;0;0;0;0;0;0;0;0;0;0;0;0;-7.5497;0;0;0;0;0.0004;0;0;0;0;0;0;0;-0.0004;-0.0884;0;0;0;0;0;0;0;0;0;-0.7063;0;0.7063;1;1;0;0;0;0
05/09/21 23:00;0;0;90;0;0;90;0;0;0;0;7.1302;3.79;0;0;0;0;0;0;0;0;0;0;0;0;0;1;1;1;1;0;0;0;0;0;0;0;0;0;0;0;0;0;0;0;0;0;0;0;0;0;0;0;0;0;0;0;0;0;0;0;0;0;0;0;1;1;1;1;1;1;1;1;1;1;1;1;1;1;1;1;1;1;1;0;0;0;0;0;0;0;0;0;0.0004;0.088;0;-0.0884;0;0;0;0;0;0;0;0;0;0;0;0;0;0;0;0;0;0;0;-7.1302;0;0;0;0;0.0004;0;0;0;0;0;0;0;-0.0004;-0.0884;0;0;0;0;0;0;0;0;0;-0.7063;0;0.7063;1;1;0;0;0;0
06/09/21 00:00;0;0;90;0;0;90;0;0;0;0;6.9999;3.93;0;0;0;0;0;0;0;0;0;0;0;0;0;1;1;1;1;0;0;0;0;0;0;0;0;0;0;0;0;0;0;0;0;0;0;0;0;0;0;0;0;0;0;0;0;0;0;0;0;0;0;0;1;1;1;1;1;1;1;1;1;1;1;1;1;1;1;1;1;1;1;0;0;0;0;0;0;0;0;0;0.0004;0.088;0;-0.0884;0;0;0;0;0;0;0;0;0;0;0;0;0;0;0;0;0;0;0;-6.9999;0;0;0;0;0.0004;0;0;0;0;0;0;0;-0.0004;-0.0884;0;0;0;0;0;0;0;0;0;-0.7063;0;0.7063;1;1;0;0;0;0
06/09/21 01:00;0;0;90;0;0;90;0;0;0;0;6.27;4.18;0;0;0;0;0;0;0;0;0;0;0;0;0;1;1;1;1;0;0;0;0;0;0;0;0;0;0;0;0;0;0;0;0;0;0;0;0;0;0;0;0;0;0;0;0;0;0;0;0;0;0;0;1;1;1;1;1;1;1;1;1;1;1;1;1;1;1;1;1;1;1;0;0;0;0;0;0;0;0;0;0.0004;0.088;0;-0.0884;0;0;0;0;0;0;0;0;0;0;0;0;0;0;0;0;0;0;0;-6.27;0;0;0;0;0.0004;0;0;0;0;0;0;0;-0.0004;-0.0884;0;0;0;0;0;0;0;0;0;-0.7063;0;0.7063;1;1;0;0;0;0
06/09/21 02:00;0;0;90;0;0;90;0;0;0;0;6.0998;4.3899;0;0;0;0;0;0;0;0;0;0;0;0;0;1;1;1;1;0;0;0;0;0;0;0;0;0;0;0;0;0;0;0;0;0;0;0;0;0;0;0;0;0;0;0;0;0;0;0;0;0;0;0;1;1;1;1;1;1;1;1;1;1;1;1;1;1;1;1;1;1;1;0;0;0;0;0;0;0;0;0;0.0004;0.088;0;-0.0884;0;0;0;0;0;0;0;0;0;0;0;0;0;0;0;0;0;0;0;-6.0998;0;0;0;0;0.0004;0;0;0;0;0;0;0;-0.0004;-0.0884;0;0;0;0;0;0;0;0;0;-0.7063;0;0.7063;1;1;0;0;0;0
06/09/21 03:00;0;0;90;0;0;90;0;0;0;0;5.5002;4.6101;0;0;0;0;0;0;0;0;0;0;0;0;0;1;1;1;1;0;0;0;0;0;0;0;0;0;0;0;0;0;0;0;0;0;0;0;0;0;0;0;0;0;0;0;0;0;0;0;0;0;0;0;1;1;1;1;1;1;1;1;1;1;1;1;1;1;1;1;1;1;1;0;0;0;0;0;0;0;0;0;0.0004;0.088;0;-0.0884;0;0;0;0;0;0;0;0;0;0;0;0;0;0;0;0;0;0;0;-5.5002;0;0;0;0;0.0004;0;0;0;0;0;0;0;-0.0004;-0.0884;0;0;0;0;0;0;0;0;0;-0.7063;0;0.7063;1;1;0;0;0;0
06/09/21 04:00;0;0;90;0;0;90;0;0;0;0;4.9199;4.5499;0;0;0;0;0;0;0;0;0;0;0;0;0;1;1;1;1;0;0;0;0;0;0;0;0;0;0;0;0;0;0;0;0;0;0;0;0;0;0;0;0;0;0;0;0;0;0;0;0;0;0;0;1;1;1;1;1;1;1;1;1;1;1;1;1;1;1;1;1;1;1;0;0;0;0;0;0;0;0;0;0.0004;0.088;0;-0.0884;0;0;0;0;0;0;0;0;0;0;0;0;0;0;0;0;0;0;0;-4.9199;0;0;0;0;0.0004;0;0;0;0;0;0;0;-0.0004;-0.0884;0;0;0;0;0;0;0;0;0;-0.7063;0;0.7063;1;1;0;0;0;0
06/09/21 05:00;0;0;90;0;0;90;0;0;0;0;4.3801;4.1;0;0;0;0;0;0;0;0;0;0;0;0;0;1;1;1;1;0;0;0;0;0;0;0;0;0;0;0;0;0;0;0;0;0;0;0;0;0;0;0;0;0;0;0;0;0;0;0;0;0;0;0;1;1;1;1;1;1;1;1;1;1;1;1;1;1;1;1;1;1;1;0;0;0;0;0;0;0;0;0;0.0004;0.088;0;-0.0884;0;0;0;0;0;0;0;0;0;0;0;0;0;0;0;0;0;0;0;-4.3801;0;0;0;0;0.0004;0;0;0;0;0;0;0;-0.0004;-0.0884;0;0;0;0;0;0;0;0;0;-0.7063;0;0.7063;1;1;0;0;0;0
06/09/21 06:00;4.6325;-79.017;78.704;4.7186;6.7896;-90;-6.7896;16.292;15.998;0.2941;5.1;3.5999;0;0.7132;15.899;0.1048;0;0.0109;16.727;0;16.727;0.7132;0.1048;15.899;0.0109;0.0426;0.9511;0;0.0006;16.658;0.0699;0;0;0.0608;0.0091;15.722;0.9024;0.1977;0.029;0.6752;0.0004;16.624;0.0333;0.0014;0.0002;0.0317;0;15.723;0.514;0.0755;15.131;0.0014;9.4686;7.6885;2.71;0.0009;0.1059;1.5235;0.0012;1.6285;0;1;0;0;1.0267;0.9958;1;1;0.9962;0.1651;0.9457;0.7222;1;0.9573;0.7759;0.998;0.998;1;0.998;0.998;0.9399;0.9517;0.1279;0.0502;0.0506;0.0003;0.0079;-0.0035;0.0003;0.0011;0.0003;0;0;0.088;0;-0.048;0;0;0;0;0;0;0;0;0;0;0;0;0.0009;0;0.0431;0.0431;0;5.75;5.75;0.65;0.0413;41.388;1042.3;1;0.0031;0.0031;0;0;0;0;0;0;0.04;-0.048;0;16.36;18.945;-18.197;-21.071;92.761;92.761;0.4015;0.3448;-0.3835;0.0567;0.7283;0.1412;1.814;0;9.467;0;0
06/09/21 07:00;15.092;-70.879;50.842;15.929;25.801;-90;-25.801;50.204;49.497;0.707;6.7001;4.0699;0;1.7146;46.935;0.2418;0;0.4754;49.367;0;49.367;1.7146;0.2418;46.935;0.4754;0.0347;0.9604;0;0.0096;47.319;2.0479;0;0;1.6395;0.4085;45.686;1.5387;0.0234;0.0033;1.4987;0.0133;47.224;0.0946;0.0034;0.0005;0.0906;0.0001;45.82;1.6878;0.238;43.706;0.0535;30.107;24.447;8.9722;0.4198;0.3408;4.9019;0.1347;4.8229;0;1;0;0;0.9833;0.9585;1;1;0.9651;0.1408;0.9674;0.9863;1;0.9668;0.8008;0.998;0.998;1;0.998;0.998;0.9254;0.9312;0.1126;0.1482;0.1483;0.0009;0.0134;-0.0089;0.001;0.0035;0.0009;0;0;0.088;0;0.0405;0;0;0;0;0;0;0;0;0;0;0;0;0.0029;0.0001;0.1345;0.1345;0;8.5632;8.5632;1.8631;0.0408;124.88;1076.7;1;0.0059;0.0059;0;0;0;0;0;0;0.1285;0.0405;0;17.278;20.007;5.2056;6.028;95.577;95.577;1.1848;1.0746;0.3238;0.1102;0.7508;0.093;0.6337;0.2733;30.103;0.2544;0
06/09/21 08:00;26.261;-60.296;26.387;29.598;60;-90;-60;510.91;84.3;426.61;8.9902;4.59;0;863.73;18.01;122.06;0;24.268;1028.1;0;1028.1;863.73;122.06;18.01;24.268;0.8401;0.0411;0;0.0236;1003.1;24.977;0;0;2.2666;22.71;999.52;1.5553;0.7856;0.111;0.5555;0.1031;1001.1;2.0062;1.7275;0.2441;0.0315;0.0031;1002.9;861.21;121.7;15.157;1.4515;98.111;79.666;30.643;3.0171;1.1264;16.202;3.36;14.312;0;1;0;0;2.0122;0.9757;1;1;0.8742;0.0642;0.9984;0.9991;1;0.9646;0.9337;0.998;0.998;1;0.998;0.998;0.9722;0.8416;0.0598;3.0873;3.0547;0.0184;0.0005;0.2693;0.0194;0.0687;0.0029;0;0;0.088;0;2.4652;0;0;0;0;0;0;0;0;0;0;0;0;0.0553;0.0202;2.6001;2.6001;0;50.263;50.263;41.273;0.0413;2630.9;988.31;1;0.0469;0.0469;0;0;0;0;0;0;2.5532;2.4652;0;16.044;18.579;15.211;17.614;98.195;98.195;24.673;20.78;19.702;3.8934;1.0783;0.1578;0.0437;0.7985;15.683;0.7892;0
06/09/21 09:00;36.166;-47.223;33.249;44.882;45.118;-90;-45.118;470.3;187;283.3;10.12;4.82;0;401.47;102.69;94.358;0;13.151;611.67;0;611.67;401.47;94.358;102.69;13.151;0.6563;0.1894;0;0.0215;590.92;20.751;0;0;8.5478;12.204;585.16;4.5728;1.1766;0.2765;3.0636;0.056;589.74;1.1818;0.8029;0.1887;0.1883;0.0019;588.79;399.49;93.892;90.894;0.8894;222.96;181.04;68.435;6.3312;2.6036;37.452;3.6298;33.724;0;1;0;0;1.3006;0.9661;1;1;0.9168;0.072;0.9922;0.9971;1;0.9674;0.9407;0.998;0.998;1;0.998;0.998;0.9567;0.8851;0.0676;1.8368;1.8523;0.0112;0.0019;0.0581;0.0125;0.0442;0.0072;0;0;0.088;0;1.5583;0;0;0;0;0;0;0;0;0;0;0;0;0.0356;0.0078;1.6738;1.6738;0;33.974;33.974;23.855;0.0408;1590.4;1052.4;1;0.0276;0.0276;0;0;0;0;0;0;1.6463;1.5583;0;17.359;20.102;16.161;18.714;98.354;98.354;14.68;13.377;12.454;1.3029;0.9235;0.0888;0.0629;0.8483;76.513;0.8112;0
06/09/21 10:00;43.893;-30.505;38.381;62.184;27.816;-90;-27.816;826.29;136.3;690;11.38;4.8;0;780.14;33.627;113.75;0;9.0706;936.59;0;936.59;780.14;113.75;33.627;9.0706;0.833;0.0456;0;0.0097;927.4;9.1928;0;0;1.3249;7.8678;918.96;6.5828;4.6231;0.6741;1.0585;0.2271;925.55;1.8548;1.5603;0.2275;0.0646;0.0024;921.38;773.96;112.85;31.179;0.9732;445.68;361.89;134.99;0.3937;4.5249;65.089;2.4188;69.22;0;1;0;0;1.1335;0.9902;1;1;0.9606;0.1326;0.9929;0.9941;1;0.9672;0.8108;0.998;0.998;1;0.998;0.998;0.9812;0.9272;0.1073;2.8126;2.9123;0.0175;-0.0009;0.247;0.0185;0.0658;0.0118;0;0;0.088;0;2.3491;0;0;0;0;0;0;0;0;0;0;0;0;0.0529;0.0184;2.4811;2.4811;0;49.293;49.293;37.913;0.0413;2504.2;990.77;1;0.044;0.044;0;0;0;0;0;0;2.4371;2.3491;0;16.805;19.46;15.911;18.424;98.226;98.226;22.478;19.829;18.774;2.6491;1.0552;0.1179;0.0469;0.8352;21.842;0.7939;0
06/09/21 11:00;48.158;-9.849;41.09;81.292;8.7079;-90;-8.7079;526.5;315.6;210.89;13.21;4.59;0;213.35;247.9;67.038;0;0.5766;528.87;0;528.87;213.35;67.038;247.9;0.5766;0.4034;0.4698;0;0.0011;526.96;1.9069;0;0;1.426;0.4809;513.54;12.37;1.6017;0.5033;10.243;0.0214;525.91;1.0539;0.4267;0.1341;0.4929;0.0002;513.63;211.33;66.401;235.74;0.074;310.27;251.94;91.241;0.0417;3.313;47.656;0.0951;50.927;0;1;0;0;1.0045;0.9964;1;1;0.9942;0.1659;0.9765;0.9925;1;0.9584;0.7755;0.998;0.998;1;0.998;0.998;0.971;0.9509;0.1284;1.5882;1.6475;0.0099;0.0043;0.053;0.0111;0.0392;0.0091;0;0;0.088;0;1.3711;0;0;0;0;0;0;0;0;0;0;0;0;0.0316;0.0063;1.4829;1.4829;0;34.159;34.159;20.949;0.0408;1413.4;1049.2;1;0.0238;0.0238;0;0;0;0;0;0;1.4591;1.3711;0;17.787;20.597;16.446;19.044;98.394;98.394;12.693;11.851;10.958;0.8414;0.8936;0.0663;0.0704;0.8633;148.16;0.8088;0
06/09/21 12:00;47.87;12.515;40.91;78.91;11.09;90;11.09;732.7;151.7;581.01;14.34;4.5399;0;592.06;62.957;89.825;0;1.2998;746.14;0;746.14;592.06;89.825;62.957;1.2998;0.7935;0.0861;0;0.0017;744.51;1.6287;0;0;0.5435;1.0852;735.43;7.5992;4.3825;0.6649;2.5035;0.0483;743.03;1.489;1.1841;0.1796;0.1248;0.0004;735.69;586.5;88.98;59.785;0.1659;427.22;346.9;127.67;0.0274;4.4269;63.679;0.2606;68.078;0;1;0;0;1.0183;0.9978;1;1;0.9914;0.1651;0.9898;0.9926;1;0.9598;0.7747;0.998;0.998;1;0.998;0.998;0.9856;0.9496;0.1277;2.2407;2.3501;0.0141;-0.0018;0.1608;0.0152;0.054;0.0118;0;0;0.088;0;1.9183;0;0;0;0;0;0;0;0;0;0;0;0;0.0435;0.0122;2.0401;2.0401;0;44.567;44.567;30.226;0.0411;2017.5;1011.2;1;0.0338;0.0338;0;0;0;0;0;0;2.0063;1.9183;0;17.344;20.084;16.309;18.885;98.343;98.343;17.907;16.304;15.331;1.6033;0.9734;0.0895;0.0544;0.8561;37.844;0.8047;0
06/09/21 13:00;43.114;32.752;37.875;59.979;30.021;90;30.021;716;126.8;589.2;15.14;4.67;0;680.5;42.653;93.642;0;9.1255;825.92;0;825.92;680.5;93.642;42.653;9.1255;0.8239;0.0627;0;0.011;816;9.9229;0;0;1.9013;8.0216;808.48;5.8797;3.8317;0.5273;1.3246;0.1961;814.36;1.632;1.361;0.1873;0.0815;0.0022;810.93;675.3;92.927;39.346;0.9057;380.77;309.19;117.06;0.6497;3.7737;54.283;2.449;57.407;0;1;0;0;1.1535;0.988;1;1;0.9554;0.121;0.9928;0.9944;1;0.9674;0.822;0.998;0.998;1;0.998;0.998;0.9789;0.9225;0.0992;2.4802;2.5569;0.0154;-0.0022;0.2101;0.0163;0.0579;0.0099;0;0;0.088;0;2.0635;0;0;0;0;0;0;0;0;0;0;0;0;0.0466;0.0144;2.1883;2.1883;0;48.473;48.473;33.333;0.0412;2199.1;995.11;1;0.0368;0.0368;0;0;0;0;0;0;2.1515;2.0635;0;16.808;19.463;15.849;18.353;98.317;98.317;19.822;17.489;16.491;2.333;0.9977;0.1177;0.0503;0.832;28.117;0.793;0
06/09/21 14:00;35.06;48.979;32.496;42.927;47.073;90;47.073;583.4;126.5;456.9;15.47;4.6999;0;670.86;43.599;109.58;0;17.676;841.71;0;841.71;670.86;109.58;43.599;17.676;0.797;0.0728;0;0.021;821.35;20.361;0;0;3.8671;16.494;816.4;3.305;1.6711;0.273;1.3003;0.0607;819.71;1.6427;1.3417;0.2192;0.0795;0.0024;820.62;667.85;109.08;38.353;1.1195;244.4;198.45;74.002;3.1148;2.6713;38.426;4.2186;37.983;0;1;0;0;1.4428;0.9758;1;1;0.9113;0.0669;0.996;0.9975;1;0.9672;0.9486;0.998;0.998;1;0.998;0.998;0.9699;0.8797;0.0633;2.5277;2.5526;0.0154;-0.0022;0.2159;0.0163;0.0577;0.007;0;0;0.088;0;2.0571;0;0;0;0;0;0;0;0;0;0;0;0;0.0464;0.0144;2.1818;2.1818;0;49.148;49.148;33.678;0.0413;2197.1;993.02;1;0.0366;0.0366;0;0;0;0;0;0;2.1451;2.0571;0;16.443;19.041;15.504;17.953;98.321;98.321;20.201;17.437;16.441;2.7645;0.996;0.1368;0.0493;0.8138;33.081;0.787;0
06/09/21 15:00;24.961;61.687;25.55;27.867;60;90;60;396.4;138.4;258;15.3;4.1499;0;551.58;56.732;134.17;0;18.829;761.31;0;761.31;551.58;134.17;56.732;18.829;0.7245;0.0993;0;0.0247;736.49;24.816;0;0;7.1546;17.661;732.59;2.4331;0.4858;0.1182;1.7497;0.0794;735.02;1.473;1.1032;0.2683;0.0992;0.0023;735.5;549.99;133.79;47.728;1.0857;88.78;72.089;29.638;9.4892;1.3345;19.196;2.9082;11.041;0;1;0;0;1.9206;0.9674;1;1;0.8739;0.062;0.9967;0.9991;1;0.9646;0.9319;0.998;0.998;1;0.998;0.998;0.9623;0.8413;0.0577;2.2862;2.2557;0.0136;-0.0014;0.1615;0.0146;0.0517;0.0035;0;0;0.088;0;1.839;0;0;0;0;0;0;0;0;0;0;0;0;0.0416;0.0114;1.9592;1.9592;0;45.432;45.432;30.132;0.0411;1940.2;1009.8;1;0.0322;0.0322;0;0;0;0;0;0;1.927;1.839;0;16.325;18.904;15.324;17.744;98.355;98.355;18.271;15.658;14.697;2.6132;0.9608;0.143;0.0526;0.8044;49.389;0.7895;0
06/09/21 16:00;13.683;72.046;54.993;14.355;22.607;90;22.607;188.39;123.1;65.291;14.63;2.76;0;158.35;94.138;61.123;0;1.3752;314.98;0;314.98;158.35;61.123;94.138;1.3752;0.5027;0.3032;0;0.0044;311.15;3.8328;0;0;2.665;1.1679;302.82;7.7064;3.3011;1.2742;3.0869;0.0441;310.53;0.6223;0.3167;0.1222;0.1829;0.0004;303.01;154.73;59.726;88.203;0.1628;59.721;48.493;17.671;0.5258;0.6642;9.5547;0.1926;9.6931;0;1;0;0;1.672;0.9878;1;1;0.9717;0.1508;0.9752;0.9791;1;0.9662;0.7866;0.998;0.998;1;0.998;0.998;0.9614;0.937;0.1184;0.9459;0.9328;0.0056;0.0143;0.0065;0.0063;0.0225;0.0019;0;0;0.088;0;0.753;0;0;0;0;0;0;0;0;0;0;0;0;0.0181;0.0022;0.8553;0.8553;0;26.946;26.946;12.315;0.0407;798.49;1071.2;1;0.0143;0.0143;0;0;0;0;0;0;0.841;0.753;0;17.226;19.947;15.166;17.562;98.33;98.33;7.5596;6.8358;6.0183;0.7238;0.8174;0.0957;0.1081;0.7961;59.278;0.7784;0
06/09/21 17:00;3.9758;79.497;80.319;4.0433;5.8031;90;5.8031;4.5906;4.4965;0.0941;12.51;2.9599;0;0.2283;4.4804;0.011;0;0.0022;4.722;4.722;0;0.2283;0;0;0;1;1;1;1;0;0;0;0;0;0;0;0;0;0;0;0;0;0;0;0;0;0;0;0;0;0;0;0;0;0;0;0;0;0;0;0;0;0;0;0;1;1;1;1;1;1;1;1;1;1;1;0;1;0;0;1;0;0;0;0;0;0;0;0;0;0;0;0.0004;0.088;0;-0.0884;0;0;0;0;0;0;0;0;0;0;0;0;0;0;0;0;0;0;0;-12.51;0;0;0;0;0.0004;0;0;0;0;0;0;0;-0.0004;-0.0884;0;0;0;0;0;0;0;0;0;-0.7063;0;0.7063;1;1;0;0;0;0
06/09/21 18:00;0;0;90;0;0;90;0;0;0;0;8.7702;3.0399;0;0;0;0;0;0;0;0;0;0;0;0;0;1;1;1;1;0;0;0;0;0;0;0;0;0;0;0;0;0;0;0;0;0;0;0;0;0;0;0;0;0;0;0;0;0;0;0;0;0;0;0;1;1;1;1;1;1;1;1;1;1;1;1;1;1;1;1;1;1;1;0;0;0;0;0;0;0;0;0;0.0004;0.088;0;-0.0884;0;0;0;0;0;0;0;0;0;0;0;0;0;0;0;0;0;0;0;-8.7702;0;0;0;0;0.0004;0;0;0;0;0;0;0;-0.0004;-0.0884;0;0;0;0;0;0;0;0;0;-0.7063;0;0.7063;1;1;0;0;0;0
06/09/21 19:00;0;0;90;0;0;90;0;0;0;0;7.0797;3.08;0;0;0;0;0;0;0;0;0;0;0;0;0;1;1;1;1;0;0;0;0;0;0;0;0;0;0;0;0;0;0;0;0;0;0;0;0;0;0;0;0;0;0;0;0;0;0;0;0;0;0;0;1;1;1;1;1;1;1;1;1;1;1;1;1;1;1;1;1;1;1;0;0;0;0;0;0;0;0;0;0.0004;0.088;0;-0.0884;0;0;0;0;0;0;0;0;0;0;0;0;0;0;0;0;0;0;0;-7.0797;0;0;0;0;0.0004;0;0;0;0;0;0;0;-0.0004;-0.0884;0;0;0;0;0;0;0;0;0;-0.7063;0;0.7063;1;1;0;0;0;0
06/09/21 20:00;0;0;90;0;0;90;0;0;0;0;5.9403;3.0901;0;0;0;0;0;0;0;0;0;0;0;0;0;1;1;1;1;0;0;0;0;0;0;0;0;0;0;0;0;0;0;0;0;0;0;0;0;0;0;0;0;0;0;0;0;0;0;0;0;0;0;0;1;1;1;1;1;1;1;1;1;1;1;1;1;1;1;1;1;1;1;0;0;0;0;0;0;0;0;0;0.0004;0.088;0;-0.0884;0;0;0;0;0;0;0;0;0;0;0;0;0;0;0;0;0;0;0;-5.9403;0;0;0;0;0.0004;0;0;0;0;0;0;0;-0.0004;-0.0884;0;0;0;0;0;0;0;0;0;-0.7063;0;0.7063;1;1;0;0;0;0
06/09/21 21:00;0;0;90;0;0;90;0;0;0;0;5.9097;3.06;0;0;0;0;0;0;0;0;0;0;0;0;0;1;1;1;1;0;0;0;0;0;0;0;0;0;0;0;0;0;0;0;0;0;0;0;0;0;0;0;0;0;0;0;0;0;0;0;0;0;0;0;1;1;1;1;1;1;1;1;1;1;1;1;1;1;1;1;1;1;1;0;0;0;0;0;0;0;0;0;0.0004;0.088;0;-0.0884;0;0;0;0;0;0;0;0;0;0;0;0;0;0;0;0;0;0;0;-5.9097;0;0;0;0;0.0004;0;0;0;0;0;0;0;-0.0004;-0.0884;0;0;0;0;0;0;0;0;0;-0.7063;0;0.7063;1;1;0;0;0;0
06/09/21 22:00;0;0;90;0;0;90;0;0;0;0;5.12;2.98;0;0;0;0;0;0;0;0;0;0;0;0;0;1;1;1;1;0;0;0;0;0;0;0;0;0;0;0;0;0;0;0;0;0;0;0;0;0;0;0;0;0;0;0;0;0;0;0;0;0;0;0;1;1;1;1;1;1;1;1;1;1;1;1;1;1;1;1;1;1;1;0;0;0;0;0;0;0;0;0;0.0004;0.088;0;-0.0884;0;0;0;0;0;0;0;0;0;0;0;0;0;0;0;0;0;0;0;-5.12;0;0;0;0;0.0004;0;0;0;0;0;0;0;-0.0004;-0.0884;0;0;0;0;0;0;0;0;0;-0.7063;0;0.7063;1;1;0;0;0;0
06/09/21 23:00;0;0;90;0;0;90;0;0;0;0;4.1201;2.91;0;0;0;0;0;0;0;0;0;0;0;0;0;1;1;1;1;0;0;0;0;0;0;0;0;0;0;0;0;0;0;0;0;0;0;0;0;0;0;0;0;0;0;0;0;0;0;0;0;0;0;0;1;1;1;1;1;1;1;1;1;1;1;1;1;1;1;1;1;1;1;0;0;0;0;0;0;0;0;0;0.0004;0.088;0;-0.0884;0;0;0;0;0;0;0;0;0;0;0;0;0;0;0;0;0;0;0;-4.1201;0;0;0;0;0.0004;0;0;0;0;0;0;0;-0.0004;-0.0884;0;0;0;0;0;0;0;0;0;-0.7063;0;0.7063;1;1;0;0;0;0
07/09/21 00:00;0;0;90;0;0;90;0;0;0;0;4.4499;2.8601;0;0;0;0;0;0;0;0;0;0;0;0;0;1;1;1;1;0;0;0;0;0;0;0;0;0;0;0;0;0;0;0;0;0;0;0;0;0;0;0;0;0;0;0;0;0;0;0;0;0;0;0;1;1;1;1;1;1;1;1;1;1;1;1;1;1;1;1;1;1;1;0;0;0;0;0;0;0;0;0;0.0004;0.088;0;-0.0884;0;0;0;0;0;0;0;0;0;0;0;0;0;0;0;0;0;0;0;-4.4499;0;0;0;0;0.0004;0;0;0;0;0;0;0;-0.0004;-0.0884;0;0;0;0;0;0;0;0;0;-0.7063;0;0.7063;1;1;0;0;0;0
07/09/21 01:00;0;0;90;0;0;90;0;0;0;0;3.2899;2.82;0;0;0;0;0;0;0;0;0;0;0;0;0;1;1;1;1;0;0;0;0;0;0;0;0;0;0;0;0;0;0;0;0;0;0;0;0;0;0;0;0;0;0;0;0;0;0;0;0;0;0;0;1;1;1;1;1;1;1;1;1;1;1;1;1;1;1;1;1;1;1;0;0;0;0;0;0;0;0;0;0.0004;0.088;0;-0.0884;0;0;0;0;0;0;0;0;0;0;0;0;0;0;0;0;0;0;0;-3.2899;0;0;0;0;0.0004;0;0;0;0;0;0;0;-0.0004;-0.0884;0;0;0;0;0;0;0;0;0;-0.7063;0;0.7063;1;1;0;0;0;0
07/09/21 02:00;0;0;90;0;0;90;0;0;0;0;2.7201;2.7701;0;0;0;0;0;0;0;0;0;0;0;0;0;1;1;1;1;0;0;0;0;0;0;0;0;0;0;0;0;0;0;0;0;0;0;0;0;0;0;0;0;0;0;0;0;0;0;0;0;0;0;0;1;1;1;1;1;1;1;1;1;1;1;1;1;1;1;1;1;1;1;0;0;0;0;0;0;0;0;0;0.0004;0.088;0;-0.0884;0;0;0;0;0;0;0;0;0;0;0;0;0;0;0;0;0;0;0;-2.7201;0;0;0;0;0.0004;0;0;0;0;0;0;0;-0.0004;-0.0884;0;0;0;0;0;0;0;0;0;-0.7063;0;0.7063;1;1;0;0;0;0
07/09/21 03:00;0;0;90;0;0;90;0;0;0;0;1.9603;2.65;0;0;0;0;0;0;0;0;0;0;0;0;0;1;1;1;1;0;0;0;0;0;0;0;0;0;0;0;0;0;0;0;0;0;0;0;0;0;0;0;0;0;0;0;0;0;0;0;0;0;0;0;1;1;1;1;1;1;1;1;1;1;1;1;1;1;1;1;1;1;1;0;0;0;0;0;0;0;0;0;0.0004;0.088;0;-0.0884;0;0;0;0;0;0;0;0;0;0;0;0;0;0;0;0;0;0;0;-1.9603;0;0;0;0;0.0004;0;0;0;0;0;0;0;-0.0004;-0.0884;0;0;0;0;0;0;0;0;0;-0.7063;0;0.7063;1;1;0;0;0;0
07/09/21 04:00;0;0;90;0;0;90;0;0;0;0;2.4403;2.49;0;0;0;0;0;0;0;0;0;0;0;0;0;1;1;1;1;0;0;0;0;0;0;0;0;0;0;0;0;0;0;0;0;0;0;0;0;0;0;0;0;0;0;0;0;0;0;0;0;0;0;0;1;1;1;1;1;1;1;1;1;1;1;1;1;1;1;1;1;1;1;0;0;0;0;0;0;0;0;0;0.0004;0.088;0;-0.0884;0;0;0;0;0;0;0;0;0;0;0;0;0;0;0;0;0;0;0;-2.4403;0;0;0;0;0.0004;0;0;0;0;0;0;0;-0.0004;-0.0884;0;0;0;0;0;0;0;0;0;-0.7063;0;0.7063;1;1;0;0;0;0
07/09/21 05:00;0;0;90;0;0;90;0;0;0;0;2.4702;2.3199;0;0;0;0;0;0;0;0;0;0;0;0;0;1;1;1;1;0;0;0;0;0;0;0;0;0;0;0;0;0;0;0;0;0;0;0;0;0;0;0;0;0;0;0;0;0;0;0;0;0;0;0;1;1;1;1;1;1;1;1;1;1;1;1;1;1;1;1;1;1;1;0;0;0;0;0;0;0;0;0;0.0004;0.088;0;-0.0884;0;0;0;0;0;0;0;0;0;0;0;0;0;0;0;0;0;0;0;-2.4702;0;0;0;0;0.0004;0;0;0;0;0;0;0;-0.0004;-0.0884;0;0;0;0;0;0;0;0;0;-0.7063;0;0.7063;1;1;0;0;0;0
07/09/21 06:00;4.9222;-79.269;77.989;5.0094;7.2169;-90;-7.2169;44.695;27.1;17.595;2.3;2.66;0;42.673;22.889;9.9914;0;0.0336;75.587;0;75.587;42.673;9.9914;22.889;0.0336;0.5646;0.3033;0;0.0004;75.463;0.1248;0;0;0.0967;0.0281;60.857;14.455;10.929;2.5588;0.9665;0.0012;75.312;0.1509;0.0853;0.02;0.0456;0;60.859;31.659;7.4126;21.781;0.0043;13.746;11.162;3.9535;0.0017;0.1525;2.1942;0.0021;2.345;0;1;0;0;1.6912;0.9983;1;1;0.9958;0.1653;0.8081;0.7434;1;0.9575;0.7758;0.998;0.998;1;0.998;0.998;0.8051;0.9516;0.128;0.227;0.1879;0.0011;0.0148;-0.0139;0.0013;0.0046;0.0004;0;0;0.088;0;0.0809;0;0;0;0;0;0;0;0;0;0;0;0;0.0037;0.0002;0.1756;0.1756;0;4.7652;4.7652;2.4652;0.0405;158.87;1105.5;1;0.0068;0.0068;0;0;0;0;0;0;0.1689;0.0809;0;14.74;17.069;6.7877;7.86;96.151;96.151;1.8141;1.4037;0.6464;0.4104;0.7573;0.2262;0.4175;0.3563;13.64;0.3487;0
07/09/21 07:00;15.393;-71.125;49.926;16.223;26.432;-90;-26.432;248.4;41.003;207.4;6.4103;2.98;0;503;16.352;57.599;0;2.4668;579.42;0;579.42;503;57.599;16.352;2.4668;0.8681;0.0325;0;0.0043;576.7;2.7194;0;0;0.5937;2.1257;567.86;7.6861;6.3701;0.7294;0.5197;0.0668;575.55;1.1534;1.006;0.1152;0.0315;0.0007;567.93;495.63;56.754;15.207;0.2737;11.661;9.4686;2.8351;0.1598;0.1734;2.4944;0.0709;2.508;0;1;0;0;2.3326;0.9953;1;1;0.9637;0.1383;0.9866;0.9873;1;0.967;0.8038;0.998;0.998;1;0.998;0.998;0.9801;0.93;0.1109;1.74;1.7158;0.0103;0.0035;0.0268;0.0117;0.0416;0.0005;0;0;0.088;0;1.4669;0;0;0;0;0;0;0;0;0;0;0;0;0.0335;0.0068;1.581;1.581;0;29.476;29.476;23.065;0.0406;1475.1;1071.8;1;0.0261;0.0261;0;0;0;0;0;0;1.5549;1.4669;0;17.31;20.044;16.06;18.597;98.348;98.348;13.906;12.636;11.724;1.2704;0.912;0.0914;0.0656;0.8431;10.528;0.8404;0
07/09/21 08:00;26.583;-60.528;26.104;29.89;60;-90;-60;438.1;72.2;365.9;9.2202;5.39;0;734.26;21.327;87.821;0;20.81;864.21;0;864.21;734.26;87.821;21.327;20.81;0.8496;0.0488;0;0.0241;842.05;22.158;0;0;2.684;19.474;838.88;1.486;0.6607;0.079;0.6578;0.0884;840.37;1.6841;1.4685;0.1756;0.0373;0.0027;841.83;732.13;87.566;17.948;1.2447;90.941;73.844;28.794;3.5708;1.069;15.377;2.9486;12.875;0;1;0;0;1.9726;0.9744;1;1;0.8742;0.0642;0.9982;0.9991;1;0.9646;0.9337;0.998;0.998;1;0.998;0.998;0.9707;0.8416;0.0598;2.5952;2.5679;0.0155;-0.0022;0.1672;0.0167;0.0593;0.0029;0;0;0.088;0;2.1196;0;0;0;0;0;0;0;0;0;0;0;0;0.0477;0.0145;2.2463;2.2463;0;43.668;43.668;34.448;0.0411;2210;1016.4;1;0.0388;0.0388;0;0;0;0;0;0;2.2076;2.1196;0;16.489;19.094;15.558;18.016;98.275;98.275;20.741;17.953;16.939;2.7886;1.0131;0.1344;0.0488;0.8167;18.572;0.806;0
07/09/21 09:00;36.516;-47.419;32.943;45.158;44.842;-90;-44.842;604.5;99.6;504.9;10.75;6.34;0;712.07;31.575;88.356;0;16.708;848.71;0;848.71;712.07;88.356;31.575;16.708;0.839;0.0569;0;0.0197;830.61;18.102;0;0;2.6048;15.497;825.73;3.2182;1.9596;0.2431;0.9421;0.0734;828.95;1.6612;1.4241;0.1767;0.0579;0.0024;829.91;708.69;87.936;27.97;1.1356;262.6;213.23;79.083;1.9091;2.8047;40.344;4.1813;41.24;0;1;0;0;1.404;0.9787;1;1;0.9175;0.0725;0.9961;0.9972;1;0.9674;0.9393;0.998;0.998;1;0.998;0.998;0.9729;0.8858;0.068;2.5487;2.5847;0.0156;-0.0022;0.1776;0.0168;0.0594;0.0075;0;0;0.088;0;2.1208;0;0;0;0;0;0;0;0;0;0;0;0;0.0479;0.0147;2.2475;2.2475;0;44.687;44.687;33.937;0.0411;2222.7;1011.1;1;0.0387;0.0387;0;0;0;0;0;0;2.2088;2.1208;0;16.798;19.452;15.852;18.356;98.279;98.279;20.369;17.962;16.949;2.4074;1.0123;0.1182;0.0497;0.8321;23.466;0.8035;0
07/09/21 10:00;44.269;-30.614;38.044;62.417;27.583;-90;-27.583;756.11;124.8;631.31;12.07;6.65;0;712.27;38.788;94.402;0;8.1643;853.62;0;853.62;712.27;94.402;38.788;8.1643;0.8344;0.055;0;0.0096;845.04;8.5817;0;0;1.5079;7.0738;837.3;6.0515;4.0806;0.5408;1.2228;0.2073;843.35;1.6901;1.4245;0.1888;0.0746;0.0022;839.4;706.76;93.672;35.983;0.8811;409.16;332.24;126.44;0.4405;3.996;57.481;2.1027;61.036;0;1;0;0;1.129;0.9899;1;1;0.9611;0.1336;0.9928;0.9943;1;0.9671;0.8096;0.998;0.998;1;0.998;0.998;0.9809;0.9277;0.1079;2.5634;2.6494;0.0159;-0.0021;0.1993;0.0171;0.0605;0.0106;0;0;0.088;0;2.1566;0;0;0;0;0;0;0;0;0;0;0;0;0.0487;0.0154;2.284;2.284;0;46.535;46.535;34.465;0.0412;2277.8;1002.7;1;0.0394;0.0394;0;0;0;0;0;0;2.2446;2.1566;0;16.973;19.655;16.027;18.559;98.275;98.275;20.487;18.254;17.236;2.2332;1.0181;0.109;0.0497;0.8413;25.157;0.8009;0
07/09/21 11:00;48.541;-9.8006;40.725;81.448;8.5521;-90;-8.5521;726.61;152.9;573.71;13.48;6.9201;0;580.16;65.762;87.748;0;0.7675;734.44;0;734.44;580.16;87.748;65.762;0.7675;0.7899;0.0906;0;0.001;733.43;1.0074;0;0;0.3672;0.6402;724.34;7.6238;4.2316;0.64;2.7237;0.0285;731.96;1.4669;1.1603;0.1755;0.1308;0.0003;724.47;574.77;86.932;62.541;0.0985;425.73;345.69;127.51;0.0104;4.3919;63.176;0.1331;67.558;0;1;0;0;1.0108;0.9986;1;1;0.9944;0.1659;0.9896;0.9927;1;0.9583;0.7755;0.998;0.998;1;0.998;0.998;0.9863;0.951;0.1284;2.2055;2.3152;0.0139;-0.0017;0.1474;0.0151;0.0535;0.0118;0;0;0.088;0;1.8987;0;0;0;0;0;0;0;0;0;0;0;0;0.0431;0.0119;2.0202;2.0202;0;43.218;43.218;29.738;0.0411;1986.5;1016.9;1;0.0335;0.0335;0;0;0;0;0;0;1.9867;1.8987;0;17.449;20.206;16.4;18.99;98.34;98.34;17.626;16.145;15.174;1.4811;0.9713;0.084;0.0551;0.8609;39.29;0.8088;0
07/09/21 12:00;48.223;12.742;40.529;78.853;11.147;90;11.147;558.59;306.9;251.69;13.61;7.0199;0;256.53;227.94;78.263;0;1.0011;563.74;0;563.74;256.53;78.263;227.94;1.0011;0.4551;0.4061;0;0.0018;560.92;2.8208;0;0;1.985;0.8358;548.3;11.496;1.8418;0.5619;9.0554;0.0372;559.8;1.1218;0.5131;0.1565;0.4519;0.0003;548.49;254.18;77.544;216.45;0.1278;328.15;266.46;96.72;0.1001;3.4931;50.248;0.195;53.641;0;1;0;0;1.0092;0.995;1;1;0.9913;0.1651;0.9795;0.9928;1;0.9598;0.7747;0.998;0.998;1;0.998;0.998;0.9726;0.9496;0.1277;1.6929;1.7579;0.0106;0.003;0.0679;0.0117;0.0416;0.0096;0;0;0.088;0;1.4595;0;0;0;0;0;0;0;0;0;0;0;0;0.0335;0.0071;1.573;1.573;0;36.005;36.005;22.395;0.0408;1508.5;1042.7;1;0.0254;0.0254;0;0;0;0;0;0;1.5475;1.4595;0;17.7;20.496;16.424;19.018;98.383;98.383;13.53;12.571;11.665;0.9586;0.9065;0.0709;0.067;0.8621;137.04;0.8082;0
07/09/21 13:00;43.41;33.086;37.492;60.012;29.988;90;29.988;771.5;127.3;644.2;14.87;6.95;0;743.77;36.237;102.13;0;9.8115;891.95;0;891.95;743.77;102.13;36.237;9.8115;0.8339;0.0516;0;0.011;881.72;10.236;0;0;1.6125;8.6232;874.04;5.9109;4.0217;0.5523;1.1255;0.2113;879.95;1.7634;1.4875;0.2043;0.0692;0.0024;876.67;738.26;101.38;33.43;0.9746;409.47;332.49;125.91;0.5504;4.0469;58.213;2.6264;61.709;0;1;0;0;1.1561;0.9885;1;1;0.9555;0.1211;0.9933;0.9946;1;0.9674;0.8218;0.998;0.998;1;0.998;0.998;0.9799;0.9225;0.0993;2.6785;2.7632;0.0166;-0.0017;0.2513;0.0175;0.062;0.0105;0;0;0.088;0;2.212;0;0;0;0;0;0;0;0;0;0;0;0;0.0499;0.0167;2.3404;2.3404;0;50.98;50.98;36.11;0.0413;2377.1;984.55;1;0.0404;0.0404;0;0;0;0;0;0;2.3;2.212;0;16.645;19.275;15.732;18.217;98.275;98.275;21.407;18.704;17.678;2.7024;1.026;0.1262;0.0479;0.8258;23.882;0.7874;0
07/09/21 14:00;35.3;49.346;32.121;43.023;46.977;90;46.977;658.8;108.7;550.1;15.01;6.72;0;806.26;26.906;112.43;0;19.884;965.49;0;965.49;806.26;112.43;26.906;19.884;0.8351;0.0485;0;0.0206;944.55;20.931;0;0;2.3794;18.551;939.71;2.9586;1.8318;0.2554;0.8024;0.0689;942.67;1.8891;1.6125;0.2249;0.0491;0.0027;944.33;802.82;111.95;23.675;1.2613;270.27;219.46;81.46;1.911;2.8789;41.412;4.6205;42.38;0;1;0;0;1.4655;0.9783;1;1;0.9116;0.067;0.9969;0.9977;1;0.9672;0.9482;0.998;0.998;1;0.998;0.998;0.9733;0.8799;0.0634;2.8994;2.9315;0.0176;-0.0007;0.2969;0.0183;0.065;0.0074;0;0;0.088;0;2.325;0;0;0;0;0;0;0;0;0;0;0;0;0.0523;0.0187;2.4559;2.4559;0;53.928;53.928;38.918;0.0414;2523.4;973.24;1;0.043;0.043;0;0;0;0;0;0;2.413;2.325;0;16.136;18.686;15.276;17.689;98.251;98.251;23.172;19.628;18.581;3.5439;1.0466;0.1529;0.0452;0.8019;20.397;0.7769;0
07/09/21 15:00;25.156;62.051;25.176;27.997;60;90;60;199.1;185.8;13.294;14.63;6.03;0;28.303;136.12;9.1708;0;9.4571;183.05;0;183.05;28.303;9.1708;136.12;9.4571;0.1546;0.7953;0;0.0517;157.01;26.037;0;0;17.167;8.8707;152.43;4.2707;0.0246;0.008;4.1983;0.0399;156.7;0.314;0.0566;0.0183;0.2379;0.0012;156.18;28.222;9.1445;114.52;0.5453;120.73;98.032;41.648;22.759;2.3679;34.061;3.7451;13.67;0;1;0;0;0.9194;0.8578;1;1;0.8739;0.062;0.9727;0.9991;1;0.9646;0.9319;0.998;0.998;1;0.998;0.998;0.8327;0.8413;0.0577;0.5497;0.5422;0.0033;0.0179;-0.0081;0.0037;0.0131;0.0066;0;0;0.088;0;0.3968;0;0;0;0;0;0;0;0;0;0;0;0;0.0106;0.0009;0.4942;0.4942;0;20.831;20.831;6.2013;0.0407;461.02;1071.9;1;0.0094;0.0094;0;0;0;0;0;0;0.4848;0.3968;0;17.125;19.831;13.75;15.922;98.096;98.096;4.3932;3.9494;3.1709;0.4439;0.7785;0.101;0.1772;0.7218;118.5;0.6335;0
07/09/21 16:00;13.848;72.403;54.515;14.5;22.89;90;22.89;92.203;89.901;2.3022;13.77;3.8101;0;5.5834;85.746;1.5547;0;0.6898;93.573;0;93.573;5.5834;1.5547;85.746;0.6898;0.0597;0.9237;0;0.0074;90.511;3.0629;0;0;2.4764;0.5865;87.362;2.9674;0.1103;0.0307;2.8045;0.0219;90.33;0.181;0.0112;0.0031;0.1665;0.0002;87.543;5.4619;1.5208;80.298;0.0812;54.091;43.922;15.957;0.5008;0.6063;8.7221;0.1811;8.8277;0;1;0;0;1.0149;0.9673;1;1;0.9711;0.1497;0.9671;0.9802;1;0.9663;0.7876;0.998;0.998;1;0.998;0.998;0.9336;0.9365;0.1177;0.281;0.2821;0.0017;0.0168;-0.0079;0.0019;0.0067;0.0017;0;0;0.088;0;0.1605;0;0;0;0;0;0;0;0;0;0;0;0;0.0054;0.0003;0.2554;0.2554;0;17.333;17.333;3.563;0.0408;239.67;1065.5;1;0.0069;0.0069;0;0;0;0;0;0;0.2485;0.1605;0;17.312;20.047;10.878;12.596;97.294;97.294;2.2458;2.0409;1.2824;0.2049;0.7585;0.0912;0.3378;0.571;54.077;0.5338;0
07/09/21 17:00;4.1264;79.85;79.949;4.1918;6.0194;90;6.0194;3.9069;3.8979;0.009;12.33;3.0901;0;0.0219;3.8868;0.0009;0;0.002;3.9116;3.9116;0;0.0219;0;0;0;1;1;1;1;0;0;0;0;0;0;0;0;0;0;0;0;0;0;0;0;0;0;0;0;0;0;0;0;0;0;0;0;0;0;0;0;0;0;0;0;1;1;1;1;1;1;1;1;1;1;1;0;1;0;0;1;0;0;0;0;0;0;0;0;0;0;0;0.0004;0.088;0;-0.0884;0;0;0;0;0;0;0;0;0;0;0;0;0;0;0;0;0;0;0;-12.33;0;0;0;0;0.0004;0;0;0;0;0;0;0;-0.0004;-0.0884;0;0;0;0;0;0;0;0;0;-0.7063;0;0.7063;1;1;0;0;0;0
07/09/21 18:00;0;0;90;0;0;90;0;0;0;0;11.1;2.9599;0;0;0;0;0;0;0;0;0;0;0;0;0;1;1;1;1;0;0;0;0;0;0;0;0;0;0;0;0;0;0;0;0;0;0;0;0;0;0;0;0;0;0;0;0;0;0;0;0;0;0;0;1;1;1;1;1;1;1;1;1;1;1;1;1;1;1;1;1;1;1;0;0;0;0;0;0;0;0;0;0.0004;0.088;0;-0.0884;0;0;0;0;0;0;0;0;0;0;0;0;0;0;0;0;0;0;0;-11.1;0;0;0;0;0.0004;0;0;0;0;0;0;0;-0.0004;-0.0884;0;0;0;0;0;0;0;0;0;-0.7063;0;0.7063;1;1;0;0;0;0
07/09/21 19:00;0;0;90;0;0;90;0;0;0;0;11.1;2.92;0;0;0;0;0;0;0;0;0;0;0;0;0;1;1;1;1;0;0;0;0;0;0;0;0;0;0;0;0;0;0;0;0;0;0;0;0;0;0;0;0;0;0;0;0;0;0;0;0;0;0;0;1;1;1;1;1;1;1;1;1;1;1;1;1;1;1;1;1;1;1;0;0;0;0;0;0;0;0;0;0.0004;0.088;0;-0.0884;0;0;0;0;0;0;0;0;0;0;0;0;0;0;0;0;0;0;0;-11.1;0;0;0;0;0.0004;0;0;0;0;0;0;0;-0.0004;-0.0884;0;0;0;0;0;0;0;0;0;-0.7063;0;0.7063;1;1;0;0;0;0
07/09/21 20:00;0;0;90;0;0;90;0;0;0;0;9.4502;2.97;0;0;0;0;0;0;0;0;0;0;0;0;0;1;1;1;1;0;0;0;0;0;0;0;0;0;0;0;0;0;0;0;0;0;0;0;0;0;0;0;0;0;0;0;0;0;0;0;0;0;0;0;1;1;1;1;1;1;1;1;1;1;1;1;1;1;1;1;1;1;1;0;0;0;0;0;0;0;0;0;0.0004;0.088;0;-0.0884;0;0;0;0;0;0;0;0;0;0;0;0;0;0;0;0;0;0;0;-9.4502;0;0;0;0;0.0004;0;0;0;0;0;0;0;-0.0004;-0.0884;0;0;0;0;0;0;0;0;0;-0.7063;0;0.7063;1;1;0;0;0;0
07/09/21 21:00;0;0;90;0;0;90;0;0;0;0;7.8501;3.0101;0;0;0;0;0;0;0;0;0;0;0;0;0;1;1;1;1;0;0;0;0;0;0;0;0;0;0;0;0;0;0;0;0;0;0;0;0;0;0;0;0;0;0;0;0;0;0;0;0;0;0;0;1;1;1;1;1;1;1;1;1;1;1;1;1;1;1;1;1;1;1;0;0;0;0;0;0;0;0;0;0.0004;0.088;0;-0.0884;0;0;0;0;0;0;0;0;0;0;0;0;0;0;0;0;0;0;0;-7.8501;0;0;0;0;0.0004;0;0;0;0;0;0;0;-0.0004;-0.0884;0;0;0;0;0;0;0;0;0;-0.7063;0;0.7063;1;1;0;0;0;0
07/09/21 22:00;0;0;90;0;0;90;0;0;0;0;6.7699;2.9499;0;0;0;0;0;0;0;0;0;0;0;0;0;1;1;1;1;0;0;0;0;0;0;0;0;0;0;0;0;0;0;0;0;0;0;0;0;0;0;0;0;0;0;0;0;0;0;0;0;0;0;0;1;1;1;1;1;1;1;1;1;1;1;1;1;1;1;1;1;1;1;0;0;0;0;0;0;0;0;0;0.0004;0.088;0;-0.0884;0;0;0;0;0;0;0;0;0;0;0;0;0;0;0;0;0;0;0;-6.7699;0;0;0;0;0.0004;0;0;0;0;0;0;0;-0.0004;-0.0884;0;0;0;0;0;0;0;0;0;-0.7063;0;0.7063;1;1;0;0;0;0
07/09/21 23:00;0;0;90;0;0;90;0;0;0;0;5.1399;2.82;0;0;0;0;0;0;0;0;0;0;0;0;0;1;1;1;1;0;0;0;0;0;0;0;0;0;0;0;0;0;0;0;0;0;0;0;0;0;0;0;0;0;0;0;0;0;0;0;0;0;0;0;1;1;1;1;1;1;1;1;1;1;1;1;1;1;1;1;1;1;1;0;0;0;0;0;0;0;0;0;0.0004;0.088;0;-0.0884;0;0;0;0;0;0;0;0;0;0;0;0;0;0;0;0;0;0;0;-5.1399;0;0;0;0;0.0004;0;0;0;0;0;0;0;-0.0004;-0.0884;0;0;0;0;0;0;0;0;0;-0.7063;0;0.7063;1;1;0;0;0;0
08/09/21 00:00;0;0;90;0;0;90;0;0;0;0;3.5498;2.5599;0;0;0;0;0;0;0;0;0;0;0;0;0;1;1;1;1;0;0;0;0;0;0;0;0;0;0;0;0;0;0;0;0;0;0;0;0;0;0;0;0;0;0;0;0;0;0;0;0;0;0;0;1;1;1;1;1;1;1;1;1;1;1;1;1;1;1;1;1;1;1;0;0;0;0;0;0;0;0;0;0.0004;0.088;0;-0.0884;0;0;0;0;0;0;0;0;0;0;0;0;0;0;0;0;0;0;0;-3.5498;0;0;0;0;0.0004;0;0;0;0;0;0;0;-0.0004;-0.0884;0;0;0;0;0;0;0;0;0;-0.7063;0;0.7063;1;1;0;0;0;0
08/09/21 01:00;0;0;90;0;0;90;0;0;0;0;2.99;2.1;0;0;0;0;0;0;0;0;0;0;0;0;0;1;1;1;1;0;0;0;0;0;0;0;0;0;0;0;0;0;0;0;0;0;0;0;0;0;0;0;0;0;0;0;0;0;0;0;0;0;0;0;1;1;1;1;1;1;1;1;1;1;1;1;1;1;1;1;1;1;1;0;0;0;0;0;0;0;0;0;0.0004;0.088;0;-0.0884;0;0;0;0;0;0;0;0;0;0;0;0;0;0;0;0;0;0;0;-2.99;0;0;0;0;0.0004;0;0;0;0;0;0;0;-0.0004;-0.0884;0;0;0;0;0;0;0;0;0;-0.7063;0;0.7063;1;1;0;0;0;0
08/09/21 02:00;0;0;90;0;0;90;0;0;0;0;3.5099;2.1501;0;0;0;0;0;0;0;0;0;0;0;0;0;1;1;1;1;0;0;0;0;0;0;0;0;0;0;0;0;0;0;0;0;0;0;0;0;0;0;0;0;0;0;0;0;0;0;0;0;0;0;0;1;1;1;1;1;1;1;1;1;1;1;1;1;1;1;1;1;1;1;0;0;0;0;0;0;0;0;0;0.0004;0.088;0;-0.0884;0;0;0;0;0;0;0;0;0;0;0;0;0;0;0;0;0;0;0;-3.5099;0;0;0;0;0.0004;0;0;0;0;0;0;0;-0.0004;-0.0884;0;0;0;0;0;0;0;0;0;-0.7063;0;0.7063;1;1;0;0;0;0
08/09/21 03:00;0;0;90;0;0;90;0;0;0;0;4.3402;1.63;0;0;0;0;0;0;0;0;0;0;0;0;0;1;1;1;1;0;0;0;0;0;0;0;0;0;0;0;0;0;0;0;0;0;0;0;0;0;0;0;0;0;0;0;0;0;0;0;0;0;0;0;1;1;1;1;1;1;1;1;1;1;1;1;1;1;1;1;1;1;1;0;0;0;0;0;0;0;0;0;0.0004;0.088;0;-0.0884;0;0;0;0;0;0;0;0;0;0;0;0;0;0;0;0;0;0;0;-4.3402;0;0;0;0;0.0004;0;0;0;0;0;0;0;-0.0004;-0.0884;0;0;0;0;0;0;0;0;0;-0.7063;0;0.7063;1;1;0;0;0;0
08/09/21 04:00;0;0;90;0;0;90;0;0;0;0;3.72;1.23;0;0;0;0;0;0;0;0;0;0;0;0;0;1;1;1;1;0;0;0;0;0;0;0;0;0;0;0;0;0;0;0;0;0;0;0;0;0;0;0;0;0;0;0;0;0;0;0;0;0;0;0;1;1;1;1;1;1;1;1;1;1;1;1;1;1;1;1;1;1;1;0;0;0;0;0;0;0;0;0;0.0004;0.088;0;-0.0884;0;0;0;0;0;0;0;0;0;0;0;0;0;0;0;0;0;0;0;-3.72;0;0;0;0;0.0004;0;0;0;0;0;0;0;-0.0004;-0.0884;0;0;0;0;0;0;0;0;0;-0.7063;0;0.7063;1;1;0;0;0;0
08/09/21 05:00;0;0;90;0;0;90;0;0;0;0;2.31;1.14;0;0;0;0;0;0;0;0;0;0;0;0;0;1;1;1;1;0;0;0;0;0;0;0;0;0;0;0;0;0;0;0;0;0;0;0;0;0;0;0;0;0;0;0;0;0;0;0;0;0;0;0;1;1;1;1;1;1;1;1;1;1;1;1;1;1;1;1;1;1;1;0;0;0;0;0;0;0;0;0;0.0004;0.088;0;-0.0884;0;0;0;0;0;0;0;0;0;0;0;0;0;0;0;0;0;0;0;-2.31;0;0;0;0;0.0004;0;0;0;0;0;0;0;-0.0004;-0.0884;0;0;0;0;0;0;0;0;0;-0.7063;0;0.7063;1;1;0;0;0;0
08/09/21 06:00;5.0126;-79.67;77.766;5.0948;7.3426;-90;-7.3426;52.294;23.003;29.292;1.8998;1.25;0;71.04;17.218;13.857;0;0.0407;102.16;0;102.16;71.04;13.857;17.218;0.0407;0.6954;0.1689;0;0.0004;102.05;0.1088;0;0;0.0748;0.034;79.903;21.94;17.751;3.4624;0.7257;0.0015;101.84;0.2041;0.1421;0.0277;0.0343;0;79.904;53.147;10.367;16.383;0.0052;10.434;8.4726;3.0168;0.0014;0.1148;1.6508;0.0017;1.7641;0;1;0;0;1.9535;0.9989;1;1;0.9957;0.1654;0.7846;0.7496;1;0.9576;0.7758;0.998;0.998;1;0.998;0.998;0.7822;0.9515;0.128;0.3068;0.2441;0.0015;0.0162;-0.0176;0.0017;0.0061;0.0003;0;0;0.088;0;0.1357;0;0;0;0;0;0;0;0;0;0;0;0;0.0049;0.0003;0.2309;0.2309;0;5.1278;5.1278;3.228;0.0404;207.1;1114.9;1;0.0072;0.0072;0;0;0;0;0;0;0.2237;0.1357;0;14.338;16.603;8.4241;9.7549;96.865;96.865;2.4517;1.8453;1.0842;0.6064;0.7612;0.2473;0.3105;0.4422;10.263;0.4369;0
08/09/21 07:00;15.697;-71.372;48.993;16.518;27.077;-90;-27.077;218.71;51.4;167.31;5.4902;0.9501;0;405.77;26.322;57.118;0;2.2774;491.49;0;491.49;405.77;57.118;26.322;2.2774;0.8256;0.0582;0;0.0046;488.53;2.9618;0;0;0.9934;1.9684;481.05;6.5024;4.9179;0.6923;0.8327;0.0595;487.55;0.9771;0.8115;0.1142;0.0507;0.0006;481.14;400.04;56.312;24.445;0.2488;17.952;14.577;5.5235;0.2795;0.1938;2.7878;0.0855;2.7021;0;1;0;0;2.2472;0.994;1;1;0.9623;0.1357;0.9867;0.9879;1;0.9671;0.807;0.998;0.998;1;0.998;0.998;0.9788;0.9287;0.1093;1.4759;1.455;0.0088;0.0069;-0.0002;0.0101;0.0357;0.0006;0;0;0.088;0;1.2491;0;0;0;0;0;0;0;0;0;0;0;0;0.0288;0.005;1.3593;1.3593;0;24.97;24.97;19.48;0.0405;1248.9;1088.4;1;0.0222;0.0222;0;0;0;0;0;0;1.3371;1.2491;0;17.545;20.316;16.122;18.668;98.363;98.363;11.796;10.864;9.9825;0.9322;0.8811;0.079;0.0747;0.8463;17.017;0.8427;0
08/09/21 08:00;26.908;-60.761;25.821;30.182;59.818;-90;-59.818;425.31;76.298;349.01;9.8099;0.4701;0;694.2;24.571;86.716;0;20.091;825.58;0;825.58;694.2;86.716;24.571;20.091;0.8409;0.0541;0;0.0243;803.69;21.882;0;0;3.0786;18.803;800.55;1.536;0.6179;0.0772;0.7572;0.0837;802.09;1.6074;1.3884;0.1734;0.043;0.0026;803.68;692.19;86.465;20.692;1.2012;93.548;75.961;28.979;4.0683;1.167;16.786;3.1307;13.885;0;1;0;0;1.9411;0.9735;1;1;0.8747;0.0641;0.9981;0.9991;1;0.9647;0.9349;0.998;0.998;1;0.998;0.998;0.9697;0.8421;0.0598;2.4792;2.456;0.0148;-0.0021;0.1513;0.016;0.0569;0.0031;0;0;0.088;0;2.0322;0;0;0;0;0;0;0;0;0;0;0;0;0.0458;0.0133;2.1568;2.1568;0;42.657;42.657;32.847;0.041;2112.4;1021;1;0.0366;0.0366;0;0;0;0;0;0;2.1202;2.0322;0;16.572;19.19;15.615;18.082;98.303;98.303;19.814;17.237;16.241;2.577;0.9958;0.1301;0.0503;0.8197;21.35;0.8074;0
08/09/21 09:00;36.867;-47.617;32.635;45.434;44.566;-90;-44.566;597.8;100.9;496.9;11.99;1.8;0;697.46;33.377;86.905;0;16.331;834.07;0;834.07;697.46;86.905;33.377;16.331;0.8362;0.0596;0;0.0196;816.21;17.868;0;0;2.7288;15.139;811.49;3.0874;1.7939;0.2235;0.996;0.0739;814.57;1.6324;1.3949;0.1738;0.0613;0.0024;815.59;694.27;86.508;29.591;1.1155;261.73;212.53;78.937;1.9753;2.7927;40.172;4.1029;40.99;0;1;0;0;1.3952;0.9786;1;1;0.9182;0.073;0.9962;0.9974;1;0.9674;0.9379;0.998;0.998;1;0.998;0.998;0.9729;0.8866;0.0683;2.5047;2.5412;0.0153;-0.0022;0.1808;0.0164;0.0583;0.0074;0;0;0.088;0;2.0785;0;0;0;0;0;0;0;0;0;0;0;0;0.0469;0.0142;2.204;2.204;0;45.361;45.361;33.371;0.0411;2185.5;1008.5;1;0.0375;0.0375;0;0;0;0;0;0;2.1665;2.0785;0;16.763;19.411;15.808;18.305;98.298;98.298;20.018;17.614;16.611;2.4034;1.0031;0.1201;0.0501;0.8298;24.742;0.8009;0
08/09/21 10:00;44.647;-30.725;37.705;62.649;27.351;-90;-27.351;715.01;120.8;594.21;13.35;2.3199;0;668.99;42.596;85.206;0;7.5933;804.39;0;804.39;668.99;85.206;42.596;7.5933;0.8317;0.0624;0;0.0094;796.18;8.2053;0;0;1.6336;6.5717;788.88;5.712;3.7003;0.4713;1.345;0.1954;794.59;1.5924;1.338;0.1704;0.0819;0.002;790.83;663.95;84.565;39.536;0.8241;388.03;315.08;119.83;0.4694;3.7983;54.638;1.9537;57.967;0;1;0;0;1.125;0.9898;1;1;0.9616;0.1345;0.9928;0.9945;1;0.9671;0.8083;0.998;0.998;1;0.998;0.998;0.9807;0.9281;0.1085;2.4156;2.4971;0.015;-0.0021;0.1816;0.0161;0.0572;0.0101;0;0;0.088;0;2.0351;0;0;0;0;0;0;0;0;0;0;0;0;0.046;0.0137;2.1594;2.1594;0;45.803;45.803;32.454;0.0411;2146.3;1006.1;1;0.0363;0.0363;0;0;0;0;0;0;2.1231;2.0351;0;17.03;19.72;16.049;18.585;98.317;98.317;19.305;17.258;16.265;2.047;0.9938;0.106;0.0515;0.8425;27.585;0.8017;0
08/09/21 11:00;48.925;-9.75;40.358;81.604;8.3964;-90;-8.3964;800.2;131.7;668.49;14.86;2.59;0;675.74;44.927;87.47;0;0.8148;808.95;0;808.95;675.74;87.47;44.927;0.8148;0.8353;0.0565;0;0.001;808.03;0.923;0;0;0.2433;0.6797;799.11;7.2986;4.784;0.6193;1.8651;0.0303;806.41;1.6161;1.3515;0.1749;0.0894;0.0003;799.25;669.6;86.676;42.729;0.1046;468.72;380.6;143.18;0.0067;4.6535;66.938;0.1356;71.585;0;1;0;0;1.0109;0.9989;1;1;0.9946;0.1658;0.9909;0.9929;1;0.9582;0.7755;0.998;0.998;1;0.998;0.998;0.9878;0.9511;0.1283;2.4293;2.5484;0.0153;-0.0022;0.2033;0.0163;0.0579;0.0122;0;0;0.088;0;2.0598;0;0;0;0;0;0;0;0;0;0;0;0;0.0466;0.0143;2.1846;2.1846;0;47.788;47.788;32.928;0.0412;2190.3;997.39;1;0.0368;0.0368;0;0;0;0;0;0;2.1478;2.0598;0;17.131;19.838;16.153;18.704;98.316;98.316;19.415;17.459;16.462;1.9555;0.9973;0.1007;0.0514;0.8479;26.833;0.7984;0
08/09/21 12:00;48.576;12.974;40.146;78.795;11.205;90;11.205;794.49;132.4;662.09;15.84;2.76;0;674.96;45.344;88.303;0;1.4386;810.04;0;810.04;674.96;88.303;45.344;1.4386;0.8332;0.0578;0;0.0018;808.44;1.5994;0;0;0.3983;1.2011;799.66;7.1622;4.695;0.6142;1.7996;0.0534;806.83;1.6169;1.3499;0.1766;0.0899;0.0005;799.95;668.91;87.512;43.057;0.1836;462.81;375.8;138.49;0.0206;4.7834;68.808;0.2906;73.571;0;1;0;0;1.0196;0.998;1;1;0.9912;0.1651;0.9911;0.993;1;0.9599;0.7746;0.998;0.998;1;0.998;0.998;0.9872;0.9495;0.1277;2.4326;2.5544;0.0154;-0.0022;0.2131;0.0163;0.0578;0.0125;0;0;0.088;0;2.056;0;0;0;0;0;0;0;0;0;0;0;0;0.0465;0.0143;2.1806;2.1806;0;48.819;48.819;32.979;0.0412;2195.8;993.1;1;0.0366;0.0366;0;0;0;0;0;0;2.144;2.056;0;17.077;19.775;16.101;18.645;98.322;98.322;19.441;17.428;16.432;2.0135;0.9958;0.1036;0.0512;0.8452;27.266;0.7947;0
08/09/21 13:00;43.707;33.427;37.108;60.044;29.956;90;29.956;723.19;128.9;594.29;16.42;2.91;0;685.92;43.635;94.809;0;9.1779;833.54;0;833.54;685.92;94.809;43.635;9.1779;0.8229;0.0634;0;0.011;823.54;10.003;0;0;1.9383;8.065;816.29;5.5999;3.5549;0.4914;1.3555;0.1981;821.89;1.6471;1.3718;0.1896;0.0834;0.0022;818.75;680.99;94.128;40.257;0.9125;384.85;312.5;118.3;0.6596;3.8152;54.881;2.4618;58.036;0;1;0;0;1.1526;0.988;1;1;0.9556;0.1213;0.9932;0.9948;1;0.9674;0.8216;0.998;0.998;1;0.998;0.998;0.9793;0.9226;0.0994;2.5031;2.5817;0.0155;-0.0022;0.2273;0.0164;0.0581;0.0099;0;0;0.088;0;2.0703;0;0;0;0;0;0;0;0;0;0;0;0;0.0468;0.0147;2.1951;2.1951;0;50.121;50.121;33.701;0.0413;2221;988.36;1;0.0369;0.0369;0;0;0;0;0;0;2.1583;2.0703;0;16.706;19.345;15.756;18.245;98.321;98.321;20.005;17.543;16.546;2.4615;0.9978;0.123;0.0499;0.8271;28.751;0.7882;0
08/09/21 14:00;35.539;49.718;31.744;43.117;46.883;90;46.883;587.5;130.6;456.91;16.8;3.1001;0;668.48;45.904;111.29;0;17.665;843.34;0;843.34;668.48;111.29;45.904;17.665;0.7927;0.0754;0;0.0209;822.81;20.526;0;0;4.0476;16.479;818.14;3.0307;1.3716;0.2283;1.369;0.0618;821.17;1.6456;1.337;0.2226;0.0837;0.0024;822.5;665.78;110.83;40.404;1.1222;247.8;201.21;74.268;3.2337;2.7629;39.744;4.3613;39.273;0;1;0;0;1.4355;0.9757;1;1;0.9118;0.0672;0.9963;0.9979;1;0.9672;0.9478;0.998;0.998;1;0.998;0.998;0.9701;0.8802;0.0635;2.5325;2.5611;0.0154;-0.0022;0.2298;0.0162;0.0575;0.0072;0;0;0.088;0;2.0519;0;0;0;0;0;0;0;0;0;0;0;0;0.0463;0.0145;2.1763;2.1763;0;50.59;50.59;33.79;0.0413;2204.7;987.1;1;0.0364;0.0364;0;0;0;0;0;0;2.1399;2.0519;0;16.37;18.956;15.434;17.873;98.329;98.329;20.24;17.393;16.399;2.8475;0.9939;0.1407;0.0491;0.8102;34.768;0.7826;0
08/09/21 15:00;25.351;62.419;24.801;28.126;60;90;60;403.41;139.3;264.11;17.03;2.7099;0;559.95;56.726;134.98;0;19.162;770.81;0;770.81;559.95;134.98;56.726;19.162;0.7264;0.0985;0;0.0249;745.69;25.128;0;0;7.1539;17.974;741.77;2.4244;0.4787;0.1154;1.7496;0.0808;744.19;1.4914;1.1199;0.27;0.0991;0.0024;744.89;558.35;134.59;47.723;1.1049;92.031;74.729;30.138;9.4883;1.3987;20.12;3.1224;12.03;0;1;0;0;1.9107;0.9674;1;1;0.8739;0.062;0.9967;0.9991;1;0.9646;0.9319;0.998;0.998;1;0.998;0.998;0.9623;0.8413;0.0577;2.3148;2.2859;0.0138;-0.0015;0.1812;0.0146;0.0519;0.0037;0;0;0.088;0;1.8485;0;0;0;0;0;0;0;0;0;0;0;0;0.0418;0.0117;1.9687;1.9687;0;47.594;47.594;30.564;0.0412;1967.5;1000.6;1;0.0322;0.0322;0;0;0;0;0;0;1.9365;1.8485;0;16.202;18.762;15.213;17.616;98.363;98.363;18.5;15.734;14.773;2.7653;0.9608;0.1495;0.0519;0.7986;49.384;0.7833;0
08/09/21 16:00;14.013;72.762;54.036;14.645;23.174;90;23.174;190.7;126.5;64.197;16.1;1.88;0;155.69;97.551;60.264;0;1.4618;314.97;0;314.97;155.69;60.264;97.551;1.4618;0.4943;0.3144;0;0.0046;310.85;4.1181;0;0;2.8736;1.2444;302.96;7.2747;2.9172;1.1292;3.1825;0.0458;310.23;0.6217;0.3114;0.1205;0.1894;0.0004;303.17;152.47;59.015;91.305;0.1711;62.055;50.388;18.392;0.5957;0.6914;9.9457;0.2127;10.041;0;1;0;0;1.6517;0.9869;1;1;0.9705;0.1487;0.9766;0.9812;1;0.9663;0.7887;0.998;0.998;1;0.998;0.998;0.9619;0.936;0.117;0.9459;0.9341;0.0056;0.0143;0.0114;0.0063;0.0224;0.0019;0;0;0.088;0;0.7496;0;0;0;0;0;0;0;0;0;0;0;0;0.018;0.0023;0.8518;0.8518;0;28.436;28.436;12.336;0.0407;800.04;1064.7;1;0.0141;0.0141;0;0;0;0;0;0;0.8376;0.7496;0;17.155;19.865;15.098;17.483;98.339;98.339;7.5593;6.8073;5.991;0.752;0.8163;0.0995;0.108;0.7925;61.618;0.7742;0
08/09/21 17:00;4.0754;80.353;80.075;4.1337;5.9347;90;5.9347;6.8957;6.8957;0;13.65;1.6099;0;0;6.8772;0;0;0.0035;6.8807;6.8807;0;0;0;0;0;1;1;1;1;0;0;0;0;0;0;0;0;0;0;0;0;0;0;0;0;0;0;0;0;0;0;0;0;0;0;0;0;0;0;0;0;0;0;0;0;1;1;1;1;1;1;1;1;1;1;1;1;1;0;0;1;0;0;0;0;0;0;0;0;0;0;0;0.0004;0.088;0;-0.0884;0;0;0;0;0;0;0;0;0;0;0;0;0;0;0;0;0;0;0;-13.65;0;0;0;0;0.0004;0;0;0;0;0;0;0;-0.0004;-0.0884;0;0;0;0;0;0;0;0;0;-0.7063;0;0.7063;1;1;0;0;0;0
08/09/21 18:00;0;0;90;0;0;90;0;0;0;0;9.52;1.06;0;0;0;0;0;0;0;0;0;0;0;0;0;1;1;1;1;0;0;0;0;0;0;0;0;0;0;0;0;0;0;0;0;0;0;0;0;0;0;0;0;0;0;0;0;0;0;0;0;0;0;0;1;1;1;1;1;1;1;1;1;1;1;1;1;1;1;1;1;1;1;0;0;0;0;0;0;0;0;0;0.0004;0.088;0;-0.0884;0;0;0;0;0;0;0;0;0;0;0;0;0;0;0;0;0;0;0;-9.52;0;0;0;0;0.0004;0;0;0;0;0;0;0;-0.0004;-0.0884;0;0;0;0;0;0;0;0;0;-0.7063;0;0.7063;1;1;0;0;0;0
08/09/21 19:00;0;0;90;0;0;90;0;0;0;0;6.1902;0.7101;0;0;0;0;0;0;0;0;0;0;0;0;0;1;1;1;1;0;0;0;0;0;0;0;0;0;0;0;0;0;0;0;0;0;0;0;0;0;0;0;0;0;0;0;0;0;0;0;0;0;0;0;1;1;1;1;1;1;1;1;1;1;1;1;1;1;1;1;1;1;1;0;0;0;0;0;0;0;0;0;0.0004;0.088;0;-0.0884;0;0;0;0;0;0;0;0;0;0;0;0;0;0;0;0;0;0;0;-6.1902;0;0;0;0;0.0004;0;0;0;0;0;0;0;-0.0004;-0.0884;0;0;0;0;0;0;0;0;0;-0.7063;0;0.7063;1;1;0;0;0;0
08/09/21 20:00;0;0;90;0;0;90;0;0;0;0;5.5999;0.85;0;0;0;0;0;0;0;0;0;0;0;0;0;1;1;1;1;0;0;0;0;0;0;0;0;0;0;0;0;0;0;0;0;0;0;0;0;0;0;0;0;0;0;0;0;0;0;0;0;0;0;0;1;1;1;1;1;1;1;1;1;1;1;1;1;1;1;1;1;1;1;0;0;0;0;0;0;0;0;0;0.0004;0.088;0;-0.0884;0;0;0;0;0;0;0;0;0;0;0;0;0;0;0;0;0;0;0;-5.5999;0;0;0;0;0.0004;0;0;0;0;0;0;0;-0.0004;-0.0884;0;0;0;0;0;0;0;0;0;-0.7063;0;0.7063;1;1;0;0;0;0
08/09/21 21:00;0;0;90;0;0;90;0;0;0;0;4.62;1.32;0;0;0;0;0;0;0;0;0;0;0;0;0;1;1;1;1;0;0;0;0;0;0;0;0;0;0;0;0;0;0;0;0;0;0;0;0;0;0;0;0;0;0;0;0;0;0;0;0;0;0;0;1;1;1;1;1;1;1;1;1;1;1;1;1;1;1;1;1;1;1;0;0;0;0;0;0;0;0;0;0.0004;0.088;0;-0.0884;0;0;0;0;0;0;0;0;0;0;0;0;0;0;0;0;0;0;0;-4.62;0;0;0;0;0.0004;0;0;0;0;0;0;0;-0.0004;-0.0884;0;0;0;0;0;0;0;0;0;-0.7063;0;0.7063;1;1;0;0;0;0
08/09/21 22:00;0;0;90;0;0;90;0;0;0;0;3.6402;1.8499;0;0;0;0;0;0;0;0;0;0;0;0;0;1;1;1;1;0;0;0;0;0;0;0;0;0;0;0;0;0;0;0;0;0;0;0;0;0;0;0;0;0;0;0;0;0;0;0;0;0;0;0;1;1;1;1;1;1;1;1;1;1;1;1;1;1;1;1;1;1;1;0;0;0;0;0;0;0;0;0;0.0004;0.088;0;-0.0884;0;0;0;0;0;0;0;0;0;0;0;0;0;0;0;0;0;0;0;-3.6402;0;0;0;0;0.0004;0;0;0;0;0;0;0;-0.0004;-0.0884;0;0;0;0;0;0;0;0;0;-0.7063;0;0.7063;1;1;0;0;0;0
08/09/21 23:00;0;0;90;0;0;90;0;0;0;0;3.4301;2.19;0;0;0;0;0;0;0;0;0;0;0;0;0;1;1;1;1;0;0;0;0;0;0;0;0;0;0;0;0;0;0;0;0;0;0;0;0;0;0;0;0;0;0;0;0;0;0;0;0;0;0;0;1;1;1;1;1;1;1;1;1;1;1;1;1;1;1;1;1;1;1;0;0;0;0;0;0;0;0;0;0.0004;0.088;0;-0.0884;0;0;0;0;0;0;0;0;0;0;0;0;0;0;0;0;0;0;0;-3.4301;0;0;0;0;0.0004;0;0;0;0;0;0;0;-0.0004;-0.0884;0;0;0;0;0;0;0;0;0;-0.7063;0;0.7063;1;1;0;0;0;0
09/09/21 00:00;0;0;90;0;0;90;0;0;0;0;3.01;2.44;0;0;0;0;0;0;0;0;0;0;0;0;0;1;1;1;1;0;0;0;0;0;0;0;0;0;0;0;0;0;0;0;0;0;0;0;0;0;0;0;0;0;0;0;0;0;0;0;0;0;0;0;1;1;1;1;1;1;1;1;1;1;1;1;1;1;1;1;1;1;1;0;0;0;0;0;0;0;0;0;0.0004;0.088;0;-0.0884;0;0;0;0;0;0;0;0;0;0;0;0;0;0;0;0;0;0;0;-3.01;0;0;0;0;0.0004;0;0;0;0;0;0;0;-0.0004;-0.0884;0;0;0;0;0;0;0;0;0;-0.7063;0;0.7063;1;1;0;0;0;0
09/09/21 01:00;0;0;90;0;0;90;0;0;0;0;2.5899;2.67;0;0;0;0;0;0;0;0;0;0;0;0;0;1;1;1;1;0;0;0;0;0;0;0;0;0;0;0;0;0;0;0;0;0;0;0;0;0;0;0;0;0;0;0;0;0;0;0;0;0;0;0;1;1;1;1;1;1;1;1;1;1;1;1;1;1;1;1;1;1;1;0;0;0;0;0;0;0;0;0;0.0004;0.088;0;-0.0884;0;0;0;0;0;0;0;0;0;0;0;0;0;0;0;0;0;0;0;-2.5899;0;0;0;0;0.0004;0;0;0;0;0;0;0;-0.0004;-0.0884;0;0;0;0;0;0;0;0;0;-0.7063;0;0.7063;1;1;0;0;0;0
09/09/21 02:00;0;0;90;0;0;90;0;0;0;0;2.7201;2.7801;0;0;0;0;0;0;0;0;0;0;0;0;0;1;1;1;1;0;0;0;0;0;0;0;0;0;0;0;0;0;0;0;0;0;0;0;0;0;0;0;0;0;0;0;0;0;0;0;0;0;0;0;1;1;1;1;1;1;1;1;1;1;1;1;1;1;1;1;1;1;1;0;0;0;0;0;0;0;0;0;0.0004;0.088;0;-0.0884;0;0;0;0;0;0;0;0;0;0;0;0;0;0;0;0;0;0;0;-2.7201;0;0;0;0;0.0004;0;0;0;0;0;0;0;-0.0004;-0.0884;0;0;0;0;0;0;0;0;0;-0.7063;0;0.7063;1;1;0;0;0;0
09/09/21 03:00;0;0;90;0;0;90;0;0;0;0;2.06;2.82;0;0;0;0;0;0;0;0;0;0;0;0;0;1;1;1;1;0;0;0;0;0;0;0;0;0;0;0;0;0;0;0;0;0;0;0;0;0;0;0;0;0;0;0;0;0;0;0;0;0;0;0;1;1;1;1;1;1;1;1;1;1;1;1;1;1;1;1;1;1;1;0;0;0;0;0;0;0;0;0;0.0004;0.088;0;-0.0884;0;0;0;0;0;0;0;0;0;0;0;0;0;0;0;0;0;0;0;-2.06;0;0;0;0;0.0004;0;0;0;0;0;0;0;-0.0004;-0.0884;0;0;0;0;0;0;0;0;0;-0.7063;0;0.7063;1;1;0;0;0;0
09/09/21 04:00;0;0;90;0;0;90;0;0;0;0;2.3;2.75;0;0;0;0;0;0;0;0;0;0;0;0;0;1;1;1;1;0;0;0;0;0;0;0;0;0;0;0;0;0;0;0;0;0;0;0;0;0;0;0;0;0;0;0;0;0;0;0;0;0;0;0;1;1;1;1;1;1;1;1;1;1;1;1;1;1;1;1;1;1;1;0;0;0;0;0;0;0;0;0;0.0004;0.088;0;-0.0884;0;0;0;0;0;0;0;0;0;0;0;0;0;0;0;0;0;0;0;-2.3;0;0;0;0;0.0004;0;0;0;0;0;0;0;-0.0004;-0.0884;0;0;0;0;0;0;0;0;0;-0.7063;0;0.7063;1;1;0;0;0;0
09/09/21 05:00;0;0;90;0;0;90;0;0;0;0;2.0899;2.6299;0;0;0;0;0;0;0;0;0;0;0;0;0;1;1;1;1;0;0;0;0;0;0;0;0;0;0;0;0;0;0;0;0;0;0;0;0;0;0;0;0;0;0;0;0;0;0;0;0;0;0;0;1;1;1;1;1;1;1;1;1;1;1;1;1;1;1;1;1;1;1;0;0;0;0;0;0;0;0;0;0.0004;0.088;0;-0.0884;0;0;0;0;0;0;0;0;0;0;0;0;0;0;0;0;0;0;0;-2.0899;0;0;0;0;0.0004;0;0;0;0;0;0;0;-0.0004;-0.0884;0;0;0;0;0;0;0;0;0;-0.7063;0;0.7063;1;1;0;0;0;0
09/09/21 06:00;5.1042;-80.072;77.539;5.1814;7.4704;-90;-7.4704;31.099;28.197;2.9016;2.3598;2.92;0;7.0373;27.4;1.6517;0;0.0251;36.114;0;36.114;7.0373;1.6517;27.4;0.0251;0.1949;0.7594;0;0.0007;35.97;0.1434;0;0;0.1225;0.0209;32.627;3.2714;1.7151;0.4026;1.1528;0.0009;35.898;0.0719;0.0141;0.0033;0.0546;0;32.63;5.3081;1.2458;26.07;0.0032;16.353;13.278;4.6853;0.0024;0.1826;2.6272;0.0028;2.8075;0;1;0;0;1.1612;0.996;1;1;0.9955;0.1654;0.9089;0.7558;1;0.9577;0.7757;0.998;0.998;1;0.998;0.998;0.9034;0.9515;0.1281;0.1084;0.1038;0.0006;0.0114;-0.0081;0.0007;0.0025;0.0005;0;0;0.088;0;0.0013;0;0;0;0;0;0;0;0;0;0;0;0;0.002;0.0001;0.0941;0.0941;0;3.6908;3.6908;1.3309;0.0408;86.784;1084;1;0.0048;0.0048;0;0;0;0;0;0;0.0893;0.0013;0;16.524;19.135;0.2248;0.2603;94.905;94.905;0.8667;0.7518;0.0102;0.1149;0.7416;0.1326;0.8556;0.0118;16.335;0.0112;0
09/09/21 07:00;16.002;-71.621;48.043;16.814;27.739;-90;-27.739;205.7;69.001;136.7;3.4201;2.7199;0;331.53;41.153;61.453;0;2.2457;436.38;0;436.38;331.53;61.453;41.153;2.2457;0.7597;0.0995;0;0.0051;432.82;3.5614;0;0;1.6142;1.9472;426.06;5.8977;3.8344;0.7107;1.2961;0.0565;431.96;0.8656;0.6631;0.1229;0.0791;0.0006;426.2;327.04;60.619;38.164;0.2414;27.512;22.339;8.3836;0.475;0.3053;4.392;0.1422;4.2223;0;1;0;0;2.1215;0.9918;1;1;0.9608;0.1329;0.9863;0.9884;1;0.9672;0.8104;0.998;0.998;1;0.998;0.998;0.9763;0.9274;0.1075;1.3105;1.2929;0.0078;0.0093;-0.0199;0.0091;0.0322;0.0009;0;0;0.088;0;1.1153;0;0;0;0;0;0;0;0;0;0;0;0;0.0259;0.004;1.2237;1.2237;0;20.621;20.621;17.2;0.0404;1107.1;1105.4;1;0.0204;0.0204;0;0;0;0;0;0;1.2033;1.1153;0;17.789;20.599;16.213;18.774;98.33;98.33;10.473;9.78;8.9134;0.6933;0.8666;0.0662;0.0827;0.8511;26.718;0.8447;0
09/09/21 08:00;27.233;-60.997;25.538;30.475;59.525;-90;-59.525;359.1;135.1;224;6.2999;2.58;0;441.68;64.905;96.562;0;16.813;619.95;0;619.95;441.68;96.562;64.905;16.813;0.7124;0.1318;0;0.0271;596.14;23.813;0;0;8.0746;15.738;592.41;2.5391;0.3888;0.085;1.9975;0.0678;594.95;1.1923;0.8834;0.1931;0.1137;0.0021;595.97;440.4;96.284;54.719;1.0047;108.34;87.973;34.473;10.551;1.6718;24.048;3.5579;15.169;0;1;0;0;1.7264;0.9616;1;1;0.8756;0.0639;0.9957;0.9991;1;0.9648;0.9368;0.998;0.998;1;0.998;0.998;0.9556;0.8431;0.0598;1.8617;1.8457;0.0111;0.002;0.0346;0.0126;0.0446;0.0047;0;0;0.088;0;1.5761;0;0;0;0;0;0;0;0;0;0;0;0;0.0359;0.0078;1.6923;1.6923;0;30.377;30.377;24.077;0.0406;1585.2;1067.6;1;0.0282;0.0282;0;0;0;0;0;0;1.6641;1.5761;0;17.317;20.052;16.128;18.676;98.334;98.334;14.879;13.525;12.597;1.3538;0.9286;0.091;0.0624;0.8466;56.203;0.8227;0
09/09/21 09:00;37.22;-47.817;32.325;45.71;44.29;-90;-44.29;633.51;104.5;529;10.64;3.86;0;739.03;31.59;94.55;0;17.103;882.27;0;882.27;739.03;94.55;31.59;17.103;0.8376;0.0552;0;0.0194;863.86;18.406;0;0;2.5594;15.847;859.12;3.0161;1.7673;0.2261;0.9429;0.0798;862.13;1.7277;1.4781;0.1891;0.0581;0.0025;863.55;735.78;94.134;28.03;1.1741;278.03;225.76;82.943;1.8305;3.0083;43.273;4.4295;44.451;0;1;0;0;1.3927;0.9791;1;1;0.919;0.0735;0.9965;0.9976;1;0.9675;0.9364;0.998;0.998;1;0.998;0.998;0.9738;0.8873;0.0687;2.6495;2.6921;0.0162;-0.002;0.1972;0.0174;0.0616;0.008;0;0;0.088;0;2.1997;0;0;0;0;0;0;0;0;0;0;0;0;0.0496;0.0159;2.3283;2.3283;0;45.987;45.987;35.347;0.0411;2315.8;1005.4;1;0.0406;0.0406;0;0;0;0;0;0;2.2877;2.1997;0;16.741;19.386;15.816;18.315;98.258;98.258;21.174;18.608;17.58;2.5666;1.0275;0.1212;0.0485;0.8303;23.359;0.8009;0
09/09/21 10:00;45.026;-30.836;37.364;62.882;27.118;-90;-27.118;744.4;122.8;621.6;14.81;4.28;0;698.38;40.537;89.776;0;7.7742;836.46;0;836.46;698.38;89.776;40.537;7.7742;0.8349;0.0578;0;0.0093;828.21;8.2544;0;0;1.5336;6.7209;820.87;5.6874;3.7239;0.4787;1.2821;0.2027;826.55;1.6564;1.3968;0.1796;0.078;0.0021;822.9;693.26;89.118;37.644;0.8485;404.34;328.33;123.38;0.4337;4.0512;58.275;2.0363;61.892;0;1;0;0;1.1237;0.9901;1;1;0.9622;0.1355;0.9931;0.9947;1;0.9671;0.8072;0.998;0.998;1;0.998;0.998;0.9814;0.9286;0.1091;2.5119;2.6013;0.0157;-0.0021;0.2154;0.0166;0.0589;0.0106;0;0;0.088;0;2.0983;0;0;0;0;0;0;0;0;0;0;0;0;0.0474;0.0149;2.224;2.224;0;48.659;48.659;33.848;0.0412;2237.1;994.13;1;0.0377;0.0377;0;0;0;0;0;0;2.1863;2.0983;0;16.867;19.531;15.913;18.427;98.305;98.305;20.075;17.774;16.77;2.3009;1.0046;0.1146;0.05;0.8353;26.213;0.7939;0
09/09/21 11:00;49.311;-9.6974;39.989;81.759;8.2408;-90;-8.2408;785.8;132.6;653.2;16.96;4.6299;0;660.01;47.762;85.472;0;0.7708;794.02;0;794.02;660.01;85.472;47.762;0.7708;0.8312;0.0611;0;0.001;793.13;0.8939;0;0;0.2508;0.6431;784.41;7.1333;4.5306;0.5867;1.9874;0.0286;791.54;1.5863;1.32;0.1709;0.095;0.0003;784.53;654.16;84.715;45.429;0.0989;460.43;373.87;140.6;0.0066;4.5745;65.802;0.1267;70.37;0;1;0;0;1.0105;0.9989;1;1;0.9947;0.1658;0.991;0.9931;1;0.9581;0.7756;0.998;0.998;1;0.998;0.998;0.9879;0.9511;0.1283;2.3844;2.5017;0.0151;-0.0021;0.2133;0.0159;0.0565;0.012;0;0;0.088;0;2.0084;0;0;0;0;0;0;0;0;0;0;0;0;0.0455;0.0138;2.1318;2.1318;0;49.324;49.324;32.364;0.0413;2150.7;991.22;1;0.0353;0.0353;0;0;0;0;0;0;2.0964;2.0084;0;17.031;19.722;16.046;18.581;98.342;98.342;19.056;17.037;16.051;2.0193;0.9857;0.106;0.0517;0.8423;28.518;0.7931;0
09/09/21 12:00;48.931;13.211;39.761;78.737;11.263;90;11.263;703.79;188.4;515.39;18.03;4.8599;0;525.51;92.13;97.25;0;1.2876;716.18;0;716.18;525.51;97.25;92.13;1.2876;0.7338;0.1304;0;0.0018;714.29;1.8913;0;0;0.8163;1.075;704.97;7.8926;3.5374;0.6546;3.6528;0.0478;712.86;1.4286;1.051;0.1945;0.1826;0.0004;705.22;520.92;96.401;87.478;0.1644;410.66;333.45;122.5;0.0423;4.2711;61.437;0.2589;65.666;0;1;0;0;1.0176;0.9974;1;1;0.9911;0.1651;0.9889;0.9933;1;0.9599;0.7746;0.998;0.998;1;0.998;0.998;0.9843;0.9495;0.1276;2.1507;2.2536;0.0136;-0.0014;0.1745;0.0145;0.0513;0.0113;0;0;0.088;0;1.8176;0;0;0;0;0;0;0;0;0;0;0;0;0.0413;0.0113;1.9372;1.9372;0;47.067;47.067;29.037;0.0412;1935.5;1000.9;1;0.0316;0.0316;0;0;0;0;0;0;1.9056;1.8176;0;17.159;19.87;16.1;18.643;98.367;98.367;17.188;15.482;14.526;1.7058;0.9561;0.0992;0.0556;0.8451;55.407;0.7941;0
09/09/21 13:00;44.003;33.773;36.721;60.076;29.924;90;29.924;658;177.7;480.3;18.93;5.05;0;554.19;80.938;104.98;0;8.3336;748.43;0;748.43;554.19;104.98;80.938;8.3336;0.7405;0.1193;0;0.0111;737.52;10.911;0;0;3.5894;7.322;730.08;5.9626;2.7471;0.5204;2.5148;0.1803;736.05;1.475;1.1084;0.21;0.1547;0.002;732.34;550.33;104.25;74.679;0.8293;354.15;287.57;108.73;1.2169;3.5596;51.203;2.2592;53.546;0;1;0;0;1.1374;0.9854;1;1;0.9557;0.1214;0.9919;0.995;1;0.9674;0.8214;0.998;0.998;1;0.998;0.998;0.9755;0.9227;0.0995;2.2475;2.3137;0.0139;-0.0017;0.1954;0.0147;0.0523;0.0093;0;0;0.088;0;1.8555;0;0;0;0;0;0;0;0;0;0;0;0;0.0421;0.0119;1.9757;1.9757;0;49.049;49.049;30.12;0.0413;1989.4;993.11;1;0.0322;0.0322;0;0;0;0;0;0;1.9435;1.8555;0;16.746;19.391;15.727;18.211;98.37;98.37;17.962;15.79;14.829;2.1727;0.9607;0.121;0.0535;0.8256;53.319;0.7853;0
09/09/21 14:00;35.777;50.093;31.364;43.211;46.789;90;46.789;602.7;123.2;479.5;19.29;5.05;0;700.32;40.747;109.29;0;18.054;868.41;0;868.41;700.32;109.29;40.747;18.054;0.8064;0.0677;0;0.0208;847.99;20.421;0;0;3.5824;16.839;843.53;2.7609;1.282;0.2001;1.2151;0.0638;846.29;1.696;1.4006;0.2186;0.0743;0.0024;847.96;697.64;108.87;35.875;1.1487;252.98;205.42;75.722;2.8513;2.7979;40.247;4.4256;40.193;0;1;0;0;1.4409;0.9765;1;1;0.9121;0.0673;0.9967;0.9982;1;0.9672;0.9474;0.998;0.998;1;0.998;0.998;0.9714;0.8804;0.0636;2.6078;2.6388;0.0159;-0.0021;0.271;0.0165;0.0584;0.0072;0;0;0.088;0;2.0847;0;0;0;0;0;0;0;0;0;0;0;0;0.0471;0.0153;2.2096;2.2096;0;54.234;54.234;34.944;0.0414;2272.5;972.33;1;0.0369;0.0369;0;0;0;0;0;0;2.1727;2.0847;0;16.141;18.691;15.229;17.635;98.332;98.332;20.842;17.659;16.661;3.1827;0.9979;0.1527;0.0479;0.7994;30.834;0.7726;0
09/09/21 15:00;25.546;62.791;24.423;28.255;60;90;60;387;158.6;228.4;19.45;4.0501;0;482.25;72.297;131.35;0;18.382;704.27;0;704.27;482.25;131.35;72.297;18.382;0.6847;0.1288;0;0.0261;677.91;26.36;0;0;9.1176;17.243;673.73;2.8239;0.406;0.1106;2.2298;0.0775;676.56;1.3558;0.9645;0.2627;0.1264;0.0023;677.09;480.88;130.97;60.823;1.06;101.79;82.651;33.812;12.091;1.6197;23.299;3.3615;12.827;0;1;0;0;1.8198;0.9626;1;1;0.8739;0.062;0.9958;0.9992;1;0.9646;0.9319;0.998;0.998;1;0.998;0.998;0.9566;0.8413;0.0577;2.1149;2.0884;0.0126;-0.0003;0.163;0.0134;0.0475;0.0043;0;0;0.088;0;1.6829;0;0;0;0;0;0;0;0;0;0;0;0;0.0382;0.0098;1.7999;1.7999;0;47.207;47.207;27.757;0.0412;1795.8;1002.3;1;0.029;0.029;0;0;0;0;0;0;1.7709;1.6829;0;16.212;18.774;15.158;17.553;98.387;98.387;16.903;14.385;13.449;2.5177;0.9353;0.149;0.0553;0.7957;62.939;0.7765;0
09/09/21 16:00;14.178;73.123;53.555;14.789;23.46;90;23.46;178.6;131.4;47.202;18.79;3.5001;0;114.48;107.99;45.48;0;1.4025;269.36;0;269.36;114.48;45.48;107.99;1.4025;0.425;0.4061;0;0.0052;264.92;4.4399;0;0;3.2444;1.1955;257.98;6.4028;2.0361;0.8089;3.5144;0.0434;264.39;0.5298;0.229;0.091;0.2095;0.0004;258.23;112.21;44.58;101.03;0.1632;68.647;55.742;20.34;0.689;0.7672;11.036;0.243;11.115;0;1;0;0;1.5081;0.9835;1;1;0.97;0.1476;0.9758;0.9822;1;0.9664;0.7897;0.998;0.998;1;0.998;0.998;0.9578;0.9355;0.1163;0.8089;0.801;0.0048;0.0159;0.0124;0.0054;0.0191;0.0021;0;0;0.088;0;0.624;0;0;0;0;0;0;0;0;0;0;0;0;0.0154;0.0017;0.7243;0.7243;0;29.315;29.315;10.525;0.0408;685.48;1056.6;1;0.0122;0.0122;0;0;0;0;0;0;0.712;0.624;0;17.058;19.752;14.697;17.018;98.309;98.309;6.4645;5.7884;4.9872;0.6761;0.8012;0.1046;0.1239;0.7715;68.324;0.7485;0
09/09/21 17:00;4.2256;80.711;79.706;4.2815;6.1503;90;6.1503;13.596;13.497;0.0995;15.66;3.93;0;0.2413;13.444;0.0327;0;0.0074;13.726;0;13.726;0.2413;0.0327;13.444;0.0074;0.0176;0.98;0;0.0005;13.676;0.0502;0;0;0.044;0.0062;12.987;0.6611;0.0748;0.0102;0.5758;0.0003;13.648;0.0274;0.0005;0.0001;0.0268;0;12.988;0.166;0.0225;12.798;0.0009;7.9977;6.4942;2.2879;0.0005;0.0895;1.2876;0.0007;1.3767;0;1;0;0;1.0095;0.9963;1;1;0.9967;0.164;0.9516;0.6893;1;0.9569;0.7759;0.998;0.998;1;0.998;0.998;0.9462;0.9519;0.127;0.0412;0.0418;0.0003;0.0072;-0.0013;0.0003;0.0009;0.0002;0;0;0.088;0;-0.0571;0;0;0;0;0;0;0;0;0;0;0;0;0.0007;0;0.0336;0.0336;0;16.203;16.203;0.5435;0.0418;34.074;987.05;1;0.0027;0.0027;0;0;0;0;0;0;0.0309;-0.0571;0;15.544;18;-26.391;-30.561;91.866;91.866;0.3294;0.2688;-0.4564;0.0606;0.7252;0.184;2.2013;0;7.9972;0;0
09/09/21 18:00;0;0;90;0;0;90;0;0;0;0;11.83;4.1301;0;0;0;0;0;0;0;0;0;0;0;0;0;1;1;1;1;0;0;0;0;0;0;0;0;0;0;0;0;0;0;0;0;0;0;0;0;0;0;0;0;0;0;0;0;0;0;0;0;0;0;0;1;1;1;1;1;1;1;1;1;1;1;1;1;1;1;1;1;1;1;0;0;0;0;0;0;0;0;0;0.0004;0.088;0;-0.0884;0;0;0;0;0;0;0;0;0;0;0;0;0;0;0;0;0;0;0;-11.83;0;0;0;0;0.0004;0;0;0;0;0;0;0;-0.0004;-0.0884;0;0;0;0;0;0;0;0;0;-0.7063;0;0.7063;1;1;0;0;0;0
09/09/21 19:00;0;0;90;0;0;90;0;0;0;0;9.7999;4.26;0;0;0;0;0;0;0;0;0;0;0;0;0;1;1;1;1;0;0;0;0;0;0;0;0;0;0;0;0;0;0;0;0;0;0;0;0;0;0;0;0;0;0;0;0;0;0;0;0;0;0;0;1;1;1;1;1;1;1;1;1;1;1;1;1;1;1;1;1;1;1;0;0;0;0;0;0;0;0;0;0.0004;0.088;0;-0.0884;0;0;0;0;0;0;0;0;0;0;0;0;0;0;0;0;0;0;0;-9.7999;0;0;0;0;0.0004;0;0;0;0;0;0;0;-0.0004;-0.0884;0;0;0;0;0;0;0;0;0;-0.7063;0;0.7063;1;1;0;0;0;0
09/09/21 20:00;0;0;90;0;0;90;0;0;0;0;10.04;4.3701;0;0;0;0;0;0;0;0;0;0;0;0;0;1;1;1;1;0;0;0;0;0;0;0;0;0;0;0;0;0;0;0;0;0;0;0;0;0;0;0;0;0;0;0;0;0;0;0;0;0;0;0;1;1;1;1;1;1;1;1;1;1;1;1;1;1;1;1;1;1;1;0;0;0;0;0;0;0;0;0;0.0004;0.088;0;-0.0884;0;0;0;0;0;0;0;0;0;0;0;0;0;0;0;0;0;0;0;-10.04;0;0;0;0;0.0004;0;0;0;0;0;0;0;-0.0004;-0.0884;0;0;0;0;0;0;0;0;0;-0.7063;0;0.7063;1;1;0;0;0;0
09/09/21 21:00;0;0;90;0;0;90;0;0;0;0;11.08;4.5499;0;0;0;0;0;0;0;0;0;0;0;0;0;1;1;1;1;0;0;0;0;0;0;0;0;0;0;0;0;0;0;0;0;0;0;0;0;0;0;0;0;0;0;0;0;0;0;0;0;0;0;0;1;1;1;1;1;1;1;1;1;1;1;1;1;1;1;1;1;1;1;0;0;0;0;0;0;0;0;0;0.0004;0.088;0;-0.0884;0;0;0;0;0;0;0;0;0;0;0;0;0;0;0;0;0;0;0;-11.08;0;0;0;0;0.0004;0;0;0;0;0;0;0;-0.0004;-0.0884;0;0;0;0;0;0;0;0;0;-0.7063;0;0.7063;1;1;0;0;0;0
09/09/21 22:00;0;0;90;0;0;90;0;0;0;0;10.6;4.5;0;0;0;0;0;0;0;0;0;0;0;0;0;1;1;1;1;0;0;0;0;0;0;0;0;0;0;0;0;0;0;0;0;0;0;0;0;0;0;0;0;0;0;0;0;0;0;0;0;0;0;0;1;1;1;1;1;1;1;1;1;1;1;1;1;1;1;1;1;1;1;0;0;0;0;0;0;0;0;0;0.0004;0.088;0;-0.0884;0;0;0;0;0;0;0;0;0;0;0;0;0;0;0;0;0;0;0;-10.6;0;0;0;0;0.0004;0;0;0;0;0;0;0;-0.0004;-0.0884;0;0;0;0;0;0;0;0;0;-0.7063;0;0.7063;1;1;0;0;0;0
09/09/21 23:00;0;0;90;0;0;90;0;0;0;0;11.04;4.1;0;0;0;0;0;0;0;0;0;0;0;0;0;1;1;1;1;0;0;0;0;0;0;0;0;0;0;0;0;0;0;0;0;0;0;0;0;0;0;0;0;0;0;0;0;0;0;0;0;0;0;0;1;1;1;1;1;1;1;1;1;1;1;1;1;1;1;1;1;1;1;0;0;0;0;0;0;0;0;0;0.0004;0.088;0;-0.0884;0;0;0;0;0;0;0;0;0;0;0;0;0;0;0;0;0;0;0;-11.04;0;0;0;0;0.0004;0;0;0;0;0;0;0;-0.0004;-0.0884;0;0;0;0;0;0;0;0;0;-0.7063;0;0.7063;1;1;0;0;0;0
10/09/21 00:00;0;0;90;0;0;90;0;0;0;0;12.84;3.9899;0;0;0;0;0;0;0;0;0;0;0;0;0;1;1;1;1;0;0;0;0;0;0;0;0;0;0;0;0;0;0;0;0;0;0;0;0;0;0;0;0;0;0;0;0;0;0;0;0;0;0;0;1;1;1;1;1;1;1;1;1;1;1;1;1;1;1;1;1;1;1;0;0;0;0;0;0;0;0;0;0.0004;0.088;0;-0.0884;0;0;0;0;0;0;0;0;0;0;0;0;0;0;0;0;0;0;0;-12.84;0;0;0;0;0.0004;0;0;0;0;0;0;0;-0.0004;-0.0884;0;0;0;0;0;0;0;0;0;-0.7063;0;0.7063;1;1;0;0;0;0
10/09/21 01:00;0;0;90;0;0;90;0;0;0;0;12.8;3.6699;0;0;0;0;0;0;0;0;0;0;0;0;0;1;1;1;1;0;0;0;0;0;0;0;0;0;0;0;0;0;0;0;0;0;0;0;0;0;0;0;0;0;0;0;0;0;0;0;0;0;0;0;1;1;1;1;1;1;1;1;1;1;1;1;1;1;1;1;1;1;1;0;0;0;0;0;0;0;0;0;0.0004;0.088;0;-0.0884;0;0;0;0;0;0;0;0;0;0;0;0;0;0;0;0;0;0;0;-12.8;0;0;0;0;0.0004;0;0;0;0;0;0;0;-0.0004;-0.0884;0;0;0;0;0;0;0;0;0;-0.7063;0;0.7063;1;1;0;0;0;0
10/09/21 02:00;0;0;90;0;0;90;0;0;0;0;10.53;3.3401;0;0;0;0;0;0;0;0;0;0;0;0;0;1;1;1;1;0;0;0;0;0;0;0;0;0;0;0;0;0;0;0;0;0;0;0;0;0;0;0;0;0;0;0;0;0;0;0;0;0;0;0;1;1;1;1;1;1;1;1;1;1;1;1;1;1;1;1;1;1;1;0;0;0;0;0;0;0;0;0;0.0004;0.088;0;-0.0884;0;0;0;0;0;0;0;0;0;0;0;0;0;0;0;0;0;0;0;-10.53;0;0;0;0;0.0004;0;0;0;0;0;0;0;-0.0004;-0.0884;0;0;0;0;0;0;0;0;0;-0.7063;0;0.7063;1;1;0;0;0;0
10/09/21 03:00;0;0;90;0;0;90;0;0;0;0;8.36;2.75;0;0;0;0;0;0;0;0;0;0;0;0;0;1;1;1;1;0;0;0;0;0;0;0;0;0;0;0;0;0;0;0;0;0;0;0;0;0;0;0;0;0;0;0;0;0;0;0;0;0;0;0;1;1;1;1;1;1;1;1;1;1;1;1;1;1;1;1;1;1;1;0;0;0;0;0;0;0;0;0;0.0004;0.088;0;-0.0884;0;0;0;0;0;0;0;0;0;0;0;0;0;0;0;0;0;0;0;-8.36;0;0;0;0;0.0004;0;0;0;0;0;0;0;-0.0004;-0.0884;0;0;0;0;0;0;0;0;0;-0.7063;0;0.7063;1;1;0;0;0;0
10/09/21 04:00;0;0;90;0;0;90;0;0;0;0;7.0598;2.34;0;0;0;0;0;0;0;0;0;0;0;0;0;1;1;1;1;0;0;0;0;0;0;0;0;0;0;0;0;0;0;0;0;0;0;0;0;0;0;0;0;0;0;0;0;0;0;0;0;0;0;0;1;1;1;1;1;1;1;1;1;1;1;1;1;1;1;1;1;1;1;0;0;0;0;0;0;0;0;0;0.0004;0.088;0;-0.0884;0;0;0;0;0;0;0;0;0;0;0;0;0;0;0;0;0;0;0;-7.0598;0;0;0;0;0.0004;0;0;0;0;0;0;0;-0.0004;-0.0884;0;0;0;0;0;0;0;0;0;-0.7063;0;0.7063;1;1;0;0;0;0
10/09/21 05:00;0;0;90;0;0;90;0;0;0;0;6.8098;2.11;0;0;0;0;0;0;0;0;0;0;0;0;0;1;1;1;1;0;0;0;0;0;0;0;0;0;0;0;0;0;0;0;0;0;0;0;0;0;0;0;0;0;0;0;0;0;0;0;0;0;0;0;1;1;1;1;1;1;1;1;1;1;1;1;1;1;1;1;1;1;1;0;0;0;0;0;0;0;0;0;0.0004;0.088;0;-0.0884;0;0;0;0;0;0;0;0;0;0;0;0;0;0;0;0;0;0;0;-6.8098;0;0;0;0;0.0004;0;0;0;0;0;0;0;-0.0004;-0.0884;0;0;0;0;0;0;0;0;0;-0.7063;0;0.7063;1;1;0;0;0;0
10/09/21 06:00;5.1969;-80.474;77.31;5.2691;7.5999;-90;-7.5999;54.306;28.197;26.109;7.44;2.44;0;63.321;22.084;14.59;0;0.0453;100.04;0;100.04;63.321;14.59;22.084;0.0453;0.633;0.2212;0;0.0005;99.901;0.1394;0;0;0.1015;0.0378;80.256;19.446;15.049;3.4674;0.9275;0.0017;99.701;0.1998;0.1266;0.0292;0.044;0;80.258;48.145;11.093;21.011;0.0058;13.327;10.821;3.8434;0.0021;0.1472;2.1179;0.0024;2.263;0;1;0;0;1.8422;0.9986;1;1;0.9954;0.1655;0.805;0.7619;1;0.9577;0.7757;0.998;0.998;1;0.998;0.998;0.8022;0.9514;0.1281;0.3004;0.2462;0.0015;0.0162;-0.0128;0.0017;0.006;0.0004;0;0;0.088;0;0.1332;0;0;0;0;0;0;0;0;0;0;0;0;0.0048;0.0003;0.2282;0.2282;0;10.698;10.698;3.2575;0.0406;209.15;1090.9;1;0.007;0.007;0;0;0;0;0;0;0.2212;0.1332;0;14.468;16.754;8.4455;9.7796;96.942;96.942;2.401;1.8235;1.0644;0.5775;0.7591;0.2405;0.3161;0.4433;13.169;0.4364;0
10/09/21 07:00;16.308;-71.87;47.077;17.111;28.416;-90;-28.416;202.59;77.901;124.69;11.81;1.9001;0;302.41;49.147;62.095;0;2.3189;415.98;0;415.98;302.41;62.095;49.147;2.3189;0.727;0.1237;0;0.0056;411.95;4.0208;0;0;2.0036;2.0172;405.52;5.6071;3.327;0.6831;1.5411;0.056;411.13;0.8239;0.6048;0.1242;0.0943;0.0006;405.7;298.48;61.288;45.508;0.2451;32.785;26.621;9.9827;0.6169;0.3677;5.2887;0.1806;5.0395;0;1;0;0;2.0533;0.9903;1;1;0.9592;0.1301;0.9864;0.989;1;0.9672;0.8141;0.998;0.998;1;0.998;0.998;0.9749;0.926;0.1057;1.2492;1.2331;0.0074;0.0101;0.0143;0.0084;0.0298;0.001;0;0;0.088;0;1.0277;0;0;0;0;0;0;0;0;0;0;0;0;0.024;0.0037;1.1342;1.1342;0;28.291;28.291;16.481;0.0406;1058.4;1071.7;1;0.0185;0.0185;0;0;0;0;0;0;1.1157;1.0277;0;17.297;20.029;15.672;18.148;98.366;98.366;9.9834;9.0646;8.2132;0.9188;0.8514;0.092;0.0853;0.8227;32.049;0.8149;0
10/09/21 08:00;27.56;-61.234;25.253;30.769;59.231;-90;-59.231;411.91;92.702;319.2;14.32;1.49;0;623.97;34.287;92.529;0;19.113;769.89;0;769.89;623.97;92.529;34.287;19.113;0.8105;0.0694;0;0.0248;747.76;22.129;0;0;4.2351;17.894;744.52;1.7522;0.5432;0.0805;1.0538;0.0747;746.27;1.4955;1.2479;0.1851;0.0601;0.0024;747.64;622.17;92.263;28.938;1.1416;102.15;82.947;32.503;5.4787;1.2858;18.496;3.1246;14.303;0;1;0;0;1.8691;0.9713;1;1;0.8765;0.0638;0.9977;0.9991;1;0.9649;0.9386;0.998;0.998;1;0.998;0.998;0.967;0.844;0.0597;2.312;2.2908;0.0138;-0.0015;0.1598;0.0148;0.0526;0.0034;0;0;0.088;0;1.8729;0;0;0;0;0;0;0;0;0;0;0;0;0.0424;0.0117;1.9938;1.9938;0;44.928;44.928;30.609;0.0411;1970.5;1011.9;1;0.0329;0.0329;0;0;0;0;0;0;1.9609;1.8729;0;16.429;19.024;15.432;17.87;98.348;98.348;18.477;15.935;14.968;2.5426;0.9665;0.1376;0.0523;0.8101;29.589;0.7958;0
10/09/21 09:00;37.575;-48.019;32.014;45.986;44.014;-90;-44.014;452.3;224.9;227.4;17.18;1.5999;0;316.2;139.96;86.315;0;12.067;554.55;0;554.55;316.2;86.315;139.96;12.067;0.5702;0.2742;0;0.0218;532.14;22.412;0;0;11.237;11.175;525.95;5.1261;0.6987;0.1907;4.1785;0.0581;531.07;1.0643;0.6324;0.1726;0.2575;0.0018;529.42;314.87;85.952;124.29;0.8327;227.56;184.78;70.974;7.9221;2.6791;38.538;3.4792;33.296;0;1;0;0;1.2261;0.9596;1;1;0.9197;0.074;0.9903;0.9978;1;0.9675;0.9348;0.998;0.998;1;0.998;0.998;0.9484;0.888;0.069;1.6653;1.6758;0.0101;0.004;0.0809;0.0111;0.0392;0.0073;0;0;0.088;0;1.3736;0;0;0;0;0;0;0;0;0;0;0;0;0.0316;0.0065;1.4852;1.4852;0;38.715;38.715;21.534;0.0409;1439.4;1031.8;1;0.0235;0.0235;0;0;0;0;0;0;1.4616;1.3736;0;16.989;19.673;15.713;18.195;98.415;98.415;13.309;11.869;10.978;1.4398;0.8915;0.1082;0.067;0.8248;103.24;0.784;0
10/09/21 10:00;45.407;-30.949;37.022;63.114;26.886;-90;-26.886;402.2;320.1;82.1;16.81;2.58;0;92.05;276.96;30.625;0;4.1301;403.76;0;403.76;92.05;30.625;276.96;4.1301;0.228;0.6962;0;0.0102;389.86;13.901;0;0;10.335;3.5666;379.57;9.5123;0.4724;0.1572;8.7735;0.1091;389.08;0.7797;0.1841;0.0612;0.5333;0.0011;380.75;91.393;30.406;257.32;0.4533;237.91;193.19;71.55;2.8635;2.6212;37.705;1.1747;37.462;0;1;0;0;1.0039;0.9656;1;1;0.9627;0.1364;0.9756;0.9949;1;0.967;0.806;0.998;0.998;1;0.998;0.998;0.9401;0.9291;0.1098;1.2125;1.2263;0.0074;0.0102;0.0317;0.0082;0.0292;0.0072;0;0;0.088;0;0.9993;0;0;0;0;0;0;0;0;0;0;0;0;0.0235;0.0037;1.1051;1.1051;0;32.294;32.294;15.484;0.0408;1050.7;1051.7;1;0.0178;0.0178;0;0;0;0;0;0;1.0873;0.9993;0;17.362;20.105;15.7;18.18;98.39;98.39;9.6903;8.8317;7.9862;0.8586;0.8455;0.0886;0.0873;0.8241;178.83;0.7703;0
10/09/21 11:00;49.698;-9.6428;39.619;81.914;8.0856;-90;-8.0856;846.71;139.7;707.01;17.87;3.8901;0;714.11;43.627;96.815;0;0.7996;855.35;0;855.35;714.11;96.815;43.627;0.7996;0.8349;0.0519;0;0.0009;854.46;0.8892;0;0;0.2221;0.6671;845.51;7.2404;4.7477;0.6437;1.8195;0.0297;852.75;1.7089;1.4282;0.1936;0.0868;0.0003;845.64;707.93;95.977;41.499;0.1026;496.18;402.9;151.6;0.0056;4.9239;70.829;0.13;75.747;0;1;0;0;1.0102;0.999;1;1;0.9949;0.1657;0.9915;0.9933;1;0.958;0.7756;0.998;0.998;1;0.998;0.998;0.9885;0.9512;0.1283;2.5686;2.6963;0.0162;-0.002;0.2634;0.0169;0.06;0.0127;0;0;0.088;0;2.1384;0;0;0;0;0;0;0;0;0;0;0;0;0.0484;0.0159;2.2647;2.2647;0;52.856;52.856;34.986;0.0414;2318.9;976.63;1;0.0383;0.0383;0;0;0;0;0;0;2.2264;2.1384;0;16.796;19.449;15.859;18.364;98.308;98.308;20.528;18.099;17.09;2.429;1.0095;0.1183;0.0492;0.8325;26.04;0.7839;0
10/09/21 12:00;49.286;13.453;39.375;78.679;11.321;90;11.321;798.59;134.6;663.99;20;4.2101;0;677.17;46.87;89.004;0;1.4762;814.52;0;814.52;677.17;89.004;46.87;1.4762;0.8314;0.0594;0;0.0018;812.87;1.6514;0;0;0.4189;1.2325;804.35;6.8959;4.4056;0.579;1.8565;0.0548;811.24;1.6257;1.3543;0.178;0.0929;0.0005;804.64;671.41;88.246;44.502;0.1884;465.1;377.66;139.17;0.0221;4.8073;69.151;0.2995;73.936;0;1;0;0;1.0199;0.998;1;1;0.9911;0.1651;0.9915;0.9935;1;0.96;0.7746;0.998;0.998;1;0.998;0.998;0.9875;0.9495;0.1276;2.446;2.5693;0.0155;-0.0022;0.2554;0.0161;0.0571;0.0124;0;0;0.088;0;2.031;0;0;0;0;0;0;0;0;0;0;0;0;0.046;0.0145;2.1545;2.1545;0;53.296;53.296;33.296;0.0414;2209.8;974.97;1;0.0356;0.0356;0;0;0;0;0;0;2.119;2.031;0;16.78;19.431;15.818;18.316;98.349;98.349;19.548;17.219;16.231;2.3295;0.9875;0.1192;0.0505;0.8303;28.192;0.7807;0
10/09/21 13:00;44.299;34.125;36.333;60.106;29.894;90;29.894;724.79;133.3;591.49;20.73;3.96;0;682.27;46.433;96.38;0;9.1614;834.25;0;834.25;682.27;96.38;46.433;9.1614;0.8178;0.0666;0;0.011;824.14;10.104;0;0;2.0559;8.0481;817.17;5.3249;3.2274;0.4559;1.443;0.1986;822.49;1.6483;1.3645;0.1928;0.0888;0.0022;819.63;677.68;95.732;42.845;0.9124;386.15;313.56;118.68;0.6968;3.8317;55.117;2.4576;58.252;0;1;0;0;1.151;0.9879;1;1;0.9557;0.1215;0.9935;0.9953;1;0.9674;0.8212;0.998;0.998;1;0.998;0.998;0.9795;0.9227;0.0996;2.5052;2.5848;0.0156;-0.0022;0.2689;0.0161;0.0572;0.0098;0;0;0.088;0;2.0352;0;0;0;0;0;0;0;0;0;0;0;0;0.046;0.0147;2.1587;2.1587;0;54.593;54.593;33.863;0.0414;2224.7;970.32;1;0.0356;0.0356;0;0;0;0;0;0;2.1232;2.0352;0;16.415;19.008;15.475;17.92;98.352;98.352;20.022;17.252;16.265;2.7694;0.9875;0.1383;0.0493;0.8124;30.582;0.7741;0
10/09/21 14:00;36.015;50.473;30.984;43.303;46.697;90;46.697;592;134.3;457.69;21.13;3.3599;0;667.33;47.987;112.81;0;17.667;845.8;0;845.8;667.33;112.81;47.987;17.667;0.789;0.0776;0;0.0209;825.11;20.683;0;0;4.2069;16.476;820.71;2.7487;1.0732;0.1814;1.431;0.063;823.46;1.6502;1.3347;0.2256;0.0876;0.0024;825.09;664.92;112.41;42.261;1.1258;251.26;204.02;75.408;3.3342;2.7984;40.254;4.3749;39.718;0;1;0;0;1.4287;0.9755;1;1;0.9123;0.0674;0.9967;0.9984;1;0.9672;0.947;0.998;0.998;1;0.998;0.998;0.9703;0.8807;0.0637;2.5399;2.5699;0.0155;-0.0022;0.2726;0.016;0.0567;0.0072;0;0;0.088;0;2.0208;0;0;0;0;0;0;0;0;0;0;0;0;0.0457;0.0146;2.144;2.144;0;55.156;55.156;34.026;0.0415;2213.4;968.65;1;0.0352;0.0352;0;0;0;0;0;0;2.1088;2.0208;0;16.081;18.621;15.157;17.551;98.36;98.36;20.299;17.135;16.151;3.1642;0.9844;0.1559;0.0485;0.7956;36.281;0.7683;0
10/09/21 15:00;25.739;63.165;24.045;28.382;60;90;60;372.8;174.7;198.1;21.12;2.2;0;416.57;86.789;124.03;0;17.708;645.1;0;645.1;416.57;124.03;86.789;17.708;0.6457;0.162;0;0.0274;617.55;27.555;0;0;10.945;16.61;613.11;3.1995;0.3453;0.1028;2.6768;0.0746;616.31;1.2351;0.8331;0.2481;0.1517;0.0022;616.7;415.4;123.68;73.015;1.0211;110.83;89.99;37.19;14.514;1.8268;26.277;3.5892;13.59;0;1;0;0;1.7304;0.9573;1;1;0.8739;0.062;0.9948;0.9992;1;0.9646;0.9319;0.998;0.998;1;0.998;0.998;0.9504;0.8413;0.0577;1.9372;1.9128;0.0115;0.0013;0.144;0.0123;0.0436;0.0048;0;0;0.088;0;1.5376;0;0;0;0;0;0;0;0;0;0;0;0;0.0351;0.0083;1.6519;1.6519;0;46.369;46.369;25.249;0.0412;1644.3;1004.6;1;0.0263;0.0263;0;0;0;0;0;0;1.6256;1.5376;0;16.244;18.81;15.121;17.509;98.411;98.411;15.482;13.202;12.289;2.2805;0.9131;0.1473;0.059;0.7937;75.555;0.7702;0
10/09/21 16:00;14.343;73.487;53.074;14.933;23.746;90;23.746;100.9;97.896;2.9997;20.05;1.41;0;7.2752;92.912;2.128;0;0.8115;103.13;0;103.13;7.2752;2.128;92.912;0.8115;0.0705;0.9088;0;0.0079;99.588;3.5388;0;0;2.8462;0.6926;96.189;3.1998;0.123;0.036;3.016;0.0248;99.389;0.1992;0.0146;0.0043;0.1801;0.0002;96.405;7.1377;2.0877;86.87;0.0939;58.896;47.824;17.426;0.619;0.6617;9.518;0.2157;9.5607;0;1;0;0;1.0221;0.9657;1;1;0.9694;0.1465;0.9678;0.9831;1;0.9664;0.7908;0.998;0.998;1;0.998;0.998;0.9327;0.935;0.1157;0.3097;0.3104;0.0019;0.0172;-0.0011;0.002;0.0073;0.0018;0;0;0.088;0;0.1804;0;0;0;0;0;0;0;0;0;0;0;0;0.0058;0.0004;0.2752;0.2752;0;23.991;23.991;3.9415;0.041;264.22;1041.5;1;0.0068;0.0068;0;0;0;0;0;0;0.2684;0.1804;0;16.927;19.601;11.095;12.847;97.525;97.525;2.475;2.1992;1.4415;0.2759;0.7577;0.1115;0.3061;0.5824;58.877;0.5448;0
10/09/21 17:00;4.1737;81.217;79.833;4.223;6.0649;90;6.0649;10.998;10.903;0.0953;16.96;1.06;0;0.231;10.862;0.0256;0;0.0058;11.124;0;11.124;0.231;0.0256;10.862;0.0058;0.0208;0.9769;0;0.0005;11.084;0.0397;0;0;0.0348;0.0049;10.516;0.5466;0.0727;0.0081;0.4657;0.0002;11.062;0.0222;0.0005;0.0001;0.0217;0;10.516;0.1579;0.0175;10.34;0.0007;6.4606;5.246;1.8481;0.0003;0.0723;1.0402;0.0005;1.1122;0;1;0;0;1.0115;0.9964;1;1;0.9968;0.164;0.9506;0.6848;1;0.9569;0.7759;0.998;0.998;1;0.998;0.998;0.9453;0.9519;0.127;0.0334;0.0339;0.0002;0.0064;-0.0009;0.0002;0.0007;0.0002;0;0;0.088;0;-0.064;0;0;0;0;0;0;0;0;0;0;0;0;0.0006;0;0.0265;0.0265;0;17.402;17.402;0.4424;0.0421;27.291;971.69;1;0.0025;0.0025;0;0;0;0;0;0;0.024;-0.064;0;15.122;17.511;-36.51;-42.278;90.411;90.411;0.267;0.2119;-0.5117;0.055;0.7236;0.2062;2.7104;0;6.4601;0;0
10/09/21 18:00;0;0;90;0;0;90;0;0;0;0;12.05;1.25;0;0;0;0;0;0;0;0;0;0;0;0;0;1;1;1;1;0;0;0;0;0;0;0;0;0;0;0;0;0;0;0;0;0;0;0;0;0;0;0;0;0;0;0;0;0;0;0;0;0;0;0;1;1;1;1;1;1;1;1;1;1;1;1;1;1;1;1;1;1;1;0;0;0;0;0;0;0;0;0;0.0004;0.088;0;-0.0884;0;0;0;0;0;0;0;0;0;0;0;0;0;0;0;0;0;0;0;-12.05;0;0;0;0;0.0004;0;0;0;0;0;0;0;-0.0004;-0.0884;0;0;0;0;0;0;0;0;0;-0.7063;0;0.7063;1;1;0;0;0;0
10/09/21 19:00;0;0;90;0;0;90;0;0;0;0;9.6397;1.6799;0;0;0;0;0;0;0;0;0;0;0;0;0;1;1;1;1;0;0;0;0;0;0;0;0;0;0;0;0;0;0;0;0;0;0;0;0;0;0;0;0;0;0;0;0;0;0;0;0;0;0;0;1;1;1;1;1;1;1;1;1;1;1;1;1;1;1;1;1;1;1;0;0;0;0;0;0;0;0;0;0.0004;0.088;0;-0.0884;0;0;0;0;0;0;0;0;0;0;0;0;0;0;0;0;0;0;0;-9.6397;0;0;0;0;0.0004;0;0;0;0;0;0;0;-0.0004;-0.0884;0;0;0;0;0;0;0;0;0;-0.7063;0;0.7063;1;1;0;0;0;0
10/09/21 20:00;0;0;90;0;0;90;0;0;0;0;8.7901;2.1;0;0;0;0;0;0;0;0;0;0;0;0;0;1;1;1;1;0;0;0;0;0;0;0;0;0;0;0;0;0;0;0;0;0;0;0;0;0;0;0;0;0;0;0;0;0;0;0;0;0;0;0;1;1;1;1;1;1;1;1;1;1;1;1;1;1;1;1;1;1;1;0;0;0;0;0;0;0;0;0;0.0004;0.088;0;-0.0884;0;0;0;0;0;0;0;0;0;0;0;0;0;0;0;0;0;0;0;-8.7901;0;0;0;0;0.0004;0;0;0;0;0;0;0;-0.0004;-0.0884;0;0;0;0;0;0;0;0;0;-0.7063;0;0.7063;1;1;0;0;0;0
10/09/21 21:00;0;0;90;0;0;90;0;0;0;0;8.9603;2.5401;0;0;0;0;0;0;0;0;0;0;0;0;0;1;1;1;1;0;0;0;0;0;0;0;0;0;0;0;0;0;0;0;0;0;0;0;0;0;0;0;0;0;0;0;0;0;0;0;0;0;0;0;1;1;1;1;1;1;1;1;1;1;1;1;1;1;1;1;1;1;1;0;0;0;0;0;0;0;0;0;0.0004;0.088;0;-0.0884;0;0;0;0;0;0;0;0;0;0;0;0;0;0;0;0;0;0;0;-8.9603;0;0;0;0;0.0004;0;0;0;0;0;0;0;-0.0004;-0.0884;0;0;0;0;0;0;0;0;0;-0.7063;0;0.7063;1;1;0;0;0;0
10/09/21 22:00;0;0;90;0;0;90;0;0;0;0;8.1001;2.9;0;0;0;0;0;0;0;0;0;0;0;0;0;1;1;1;1;0;0;0;0;0;0;0;0;0;0;0;0;0;0;0;0;0;0;0;0;0;0;0;0;0;0;0;0;0;0;0;0;0;0;0;1;1;1;1;1;1;1;1;1;1;1;1;1;1;1;1;1;1;1;0;0;0;0;0;0;0;0;0;0.0004;0.088;0;-0.0884;0;0;0;0;0;0;0;0;0;0;0;0;0;0;0;0;0;0;0;-8.1001;0;0;0;0;0.0004;0;0;0;0;0;0;0;-0.0004;-0.0884;0;0;0;0;0;0;0;0;0;-0.7063;0;0.7063;1;1;0;0;0;0
10/09/21 23:00;0;0;90;0;0;90;0;0;0;0;8.3999;3.1999;0;0;0;0;0;0;0;0;0;0;0;0;0;1;1;1;1;0;0;0;0;0;0;0;0;0;0;0;0;0;0;0;0;0;0;0;0;0;0;0;0;0;0;0;0;0;0;0;0;0;0;0;1;1;1;1;1;1;1;1;1;1;1;1;1;1;1;1;1;1;1;0;0;0;0;0;0;0;0;0;0.0004;0.088;0;-0.0884;0;0;0;0;0;0;0;0;0;0;0;0;0;0;0;0;0;0;0;-8.3999;0;0;0;0;0.0004;0;0;0;0;0;0;0;-0.0004;-0.0884;0;0;0;0;0;0;0;0;0;-0.7063;0;0.7063;1;1;0;0;0;0
11/09/21 00:00;0;0;90;0;0;90;0;0;0;0;6.2899;3.4399;0;0;0;0;0;0;0;0;0;0;0;0;0;1;1;1;1;0;0;0;0;0;0;0;0;0;0;0;0;0;0;0;0;0;0;0;0;0;0;0;0;0;0;0;0;0;0;0;0;0;0;0;1;1;1;1;1;1;1;1;1;1;1;1;1;1;1;1;1;1;1;0;0;0;0;0;0;0;0;0;0.0004;0.088;0;-0.0884;0;0;0;0;0;0;0;0;0;0;0;0;0;0;0;0;0;0;0;-6.2899;0;0;0;0;0.0004;0;0;0;0;0;0;0;-0.0004;-0.0884;0;0;0;0;0;0;0;0;0;-0.7063;0;0.7063;1;1;0;0;0;0
11/09/21 01:00;0;0;90;0;0;90;0;0;0;0;6.4302;3.62;0;0;0;0;0;0;0;0;0;0;0;0;0;1;1;1;1;0;0;0;0;0;0;0;0;0;0;0;0;0;0;0;0;0;0;0;0;0;0;0;0;0;0;0;0;0;0;0;0;0;0;0;1;1;1;1;1;1;1;1;1;1;1;1;1;1;1;1;1;1;1;0;0;0;0;0;0;0;0;0;0.0004;0.088;0;-0.0884;0;0;0;0;0;0;0;0;0;0;0;0;0;0;0;0;0;0;0;-6.4302;0;0;0;0;0.0004;0;0;0;0;0;0;0;-0.0004;-0.0884;0;0;0;0;0;0;0;0;0;-0.7063;0;0.7063;1;1;0;0;0;0
11/09/21 02:00;0;0;90;0;0;90;0;0;0;0;6.8603;3.69;0;0;0;0;0;0;0;0;0;0;0;0;0;1;1;1;1;0;0;0;0;0;0;0;0;0;0;0;0;0;0;0;0;0;0;0;0;0;0;0;0;0;0;0;0;0;0;0;0;0;0;0;1;1;1;1;1;1;1;1;1;1;1;1;1;1;1;1;1;1;1;0;0;0;0;0;0;0;0;0;0.0004;0.088;0;-0.0884;0;0;0;0;0;0;0;0;0;0;0;0;0;0;0;0;0;0;0;-6.8603;0;0;0;0;0.0004;0;0;0;0;0;0;0;-0.0004;-0.0884;0;0;0;0;0;0;0;0;0;-0.7063;0;0.7063;1;1;0;0;0;0
11/09/21 03:00;0;0;90;0;0;90;0;0;0;0;7.8801;3.78;0;0;0;0;0;0;0;0;0;0;0;0;0;1;1;1;1;0;0;0;0;0;0;0;0;0;0;0;0;0;0;0;0;0;0;0;0;0;0;0;0;0;0;0;0;0;0;0;0;0;0;0;1;1;1;1;1;1;1;1;1;1;1;1;1;1;1;1;1;1;1;0;0;0;0;0;0;0;0;0;0.0004;0.088;0;-0.0884;0;0;0;0;0;0;0;0;0;0;0;0;0;0;0;0;0;0;0;-7.8801;0;0;0;0;0.0004;0;0;0;0;0;0;0;-0.0004;-0.0884;0;0;0;0;0;0;0;0;0;-0.7063;0;0.7063;1;1;0;0;0;0
11/09/21 04:00;0;0;90;0;0;90;0;0;0;0;6.1198;3.9999;0;0;0;0;0;0;0;0;0;0;0;0;0;1;1;1;1;0;0;0;0;0;0;0;0;0;0;0;0;0;0;0;0;0;0;0;0;0;0;0;0;0;0;0;0;0;0;0;0;0;0;0;1;1;1;1;1;1;1;1;1;1;1;1;1;1;1;1;1;1;1;0;0;0;0;0;0;0;0;0;0.0004;0.088;0;-0.0884;0;0;0;0;0;0;0;0;0;0;0;0;0;0;0;0;0;0;0;-6.1198;0;0;0;0;0.0004;0;0;0;0;0;0;0;-0.0004;-0.0884;0;0;0;0;0;0;0;0;0;-0.7063;0;0.7063;1;1;0;0;0;0
11/09/21 05:00;0;0;90;0;0;90;0;0;0;0;9.5001;4.5201;0;0;0;0;0;0;0;0;0;0;0;0;0;1;1;1;1;0;0;0;0;0;0;0;0;0;0;0;0;0;0;0;0;0;0;0;0;0;0;0;0;0;0;0;0;0;0;0;0;0;0;0;1;1;1;1;1;1;1;1;1;1;1;1;1;1;1;1;1;1;1;0;0;0;0;0;0;0;0;0;0.0004;0.088;0;-0.0884;0;0;0;0;0;0;0;0;0;0;0;0;0;0;0;0;0;0;0;-9.5001;0;0;0;0;0.0004;0;0;0;0;0;0;0;-0.0004;-0.0884;0;0;0;0;0;0;0;0;0;-0.7063;0;0.7063;1;1;0;0;0;0
11/09/21 06:00;5.4924;-80.731;76.577;5.5646;8.0373;-90;-8.0373;56.494;28.098;28.396;9.3997;5.6501;0;68.869;21.823;14.955;0;0.0527;105.7;0;105.7;68.869;14.955;21.823;0.0527;0.6515;0.207;0;0.0005;105.55;0.154;0;0;0.11;0.044;86.029;19.306;15.112;3.2817;0.9108;0.002;105.34;0.2111;0.1377;0.0299;0.0434;0;86.033;53.62;11.644;20.759;0.0068;13.194;10.714;3.6912;0.0026;0.1532;2.2038;0.003;2.3544;0;1;0;0;1.871;0.9985;1;1;0.995;0.1657;0.8167;0.7801;1;0.958;0.7756;0.998;0.998;1;0.998;0.998;0.8139;0.9512;0.1282;0.3174;0.2638;0.0016;0.0165;-0.0116;0.0018;0.0064;0.0004;0;0;0.088;0;0.1482;0;0;0;0;0;0;0;0;0;0;0;0;0.0051;0.0003;0.2432;0.2432;0;12.896;12.896;3.4959;0.0406;224.34;1084.3;1;0.007;0.007;0;0;0;0;0;0;0.2362;0.1482;0;14.598;16.904;8.8956;10.301;97.116;97.116;2.5368;1.944;1.1846;0.5929;0.7594;0.2337;0.2993;0.467;13.025;0.4598;0
11/09/21 07:00;16.615;-72.121;46.092;17.409;29.111;-90;-29.111;256.7;43.098;213.61;11.26;5.8001;0;518.06;18.064;57.76;0;3.0805;596.96;0;596.96;518.06;57.76;18.064;3.0805;0.8678;0.0354;0;0.0052;593.51;3.4542;0;0;0.7654;2.6888;585.68;6.639;5.4017;0.6022;0.564;0.0711;592.32;1.187;1.0361;0.1155;0.0346;0.0008;585.75;511.62;57.042;16.7;0.3198;12.998;10.554;4.1044;0.2472;0.1364;1.9619;0.0706;1.8511;0;1;0;0;2.3255;0.9942;1;1;0.9576;0.1272;0.9888;0.9896;1;0.9673;0.818;0.998;0.998;1;0.998;0.998;0.9811;0.9245;0.1038;1.7927;1.7683;0.0106;0.0029;0.063;0.0118;0.042;0.0004;0;0;0.088;0;1.4826;0;0;0;0;0;0;0;0;0;0;0;0;0.0338;0.0072;1.5966;1.5966;0;35.159;35.159;23.899;0.0408;1521.7;1049.3;1;0.026;0.026;0;0;0;0;0;0;1.5706;1.4826;0;16.967;19.647;15.755;18.244;98.371;98.371;14.327;12.76;11.849;1.5669;0.9111;0.1094;0.0636;0.827;11.834;0.825;0
11/09/21 08:00;27.888;-61.473;24.967;31.062;58.938;-90;-58.938;468.5;77.302;391.2;14.42;5.71;0;758.17;22.344;92.688;0;21.543;894.75;0;894.75;758.17;92.688;22.344;21.543;0.8474;0.049;0;0.0241;871.84;22.912;0;0;2.7401;20.172;868.59;1.4998;0.6525;0.0798;0.6858;0.0817;870.09;1.7437;1.5163;0.1854;0.0392;0.0027;872.03;756.01;92.423;18.879;1.2864;109.13;88.612;33.389;3.5099;1.308;18.816;3.4352;16.614;0;1;0;0;1.9098;0.9744;1;1;0.8774;0.0636;0.9983;0.9991;1;0.9649;0.9403;0.998;0.998;1;0.998;0.998;0.9708;0.8449;0.0597;2.6869;2.6661;0.0161;-0.002;0.2361;0.0169;0.06;0.0034;0;0;0.088;0;2.145;0;0;0;0;0;0;0;0;0;0;0;0;0.0483;0.0156;2.2718;2.2718;0;50.284;50.284;35.864;0.0413;2297;989.02;1;0.0388;0.0388;0;0;0;0;0;0;2.233;2.145;0;16.107;18.651;15.208;17.611;98.293;98.293;21.474;18.156;17.143;3.3176;1.0132;0.1545;0.0472;0.7983;19.216;0.7859;0
11/09/21 09:00;37.93;-48.223;31.702;46.261;43.739;-90;-43.739;643.61;106.2;537.41;18.66;6.18;0;743.82;32.312;95.06;0;16.967;888.16;0;888.16;743.82;95.06;32.312;16.967;0.8375;0.0555;0;0.0191;869.88;18.274;0;0;2.5705;15.704;865.39;2.7497;1.5079;0.1927;0.9649;0.0842;868.14;1.7398;1.4876;0.1901;0.0595;0.0025;869.63;740.82;94.678;28.717;1.1769;285.67;231.97;87.347;1.7934;2.9472;42.395;4.2343;43.549;0;1;0;0;1.38;0.9794;1;1;0.9204;0.0745;0.9968;0.998;1;0.9675;0.9333;0.998;0.998;1;0.998;0.998;0.9744;0.8887;0.0694;2.6671;2.7086;0.0163;-0.0019;0.2807;0.0169;0.0599;0.0076;0;0;0.088;0;2.1387;0;0;0;0;0;0;0;0;0;0;0;0;0.0482;0.0161;2.2649;2.2649;0;54.518;54.518;35.858;0.0414;2332.3;971.09;1;0.0382;0.0382;0;0;0;0;0;0;2.2267;2.1387;0;16.177;18.732;15.275;17.689;98.314;98.314;21.316;18.101;17.092;3.215;1.0086;0.1508;0.0473;0.8019;23.775;0.7742;0
11/09/21 10:00;45.789;-31.063;36.678;63.345;26.655;-90;-26.655;769.41;127;642.41;21.7;7.1799;0;718.8;40.525;94.212;0;7.7681;861.31;0;861.31;718.8;94.212;40.525;7.7681;0.8345;0.0561;0;0.009;853.11;8.1923;0;0;1.4914;6.7009;845.91;5.5033;3.545;0.4646;1.2859;0.2079;851.41;1.7062;1.4376;0.1884;0.0781;0.0021;847.93;713.82;93.559;37.67;0.8573;419.16;340.36;127.81;0.4083;4.203;60.459;2.0239;64.254;0;1;0;0;1.1194;0.9905;1;1;0.9632;0.1374;0.9935;0.9951;1;0.967;0.8048;0.998;0.998;1;0.998;0.998;0.9821;0.9295;0.1104;2.5865;2.6813;0.0161;-0.002;0.3;0.0166;0.0588;0.0107;0;0;0.088;0;2.0933;0;0;0;0;0;0;0;0;0;0;0;0;0.0473;0.0158;2.2181;2.2181;0;56.817;56.817;35.118;0.0415;2307.5;961.25;1;0.0368;0.0368;0;0;0;0;0;0;2.1813;2.0933;0;16.336;18.917;15.417;17.853;98.34;98.34;20.671;17.727;16.729;2.9444;0.9976;0.1424;0.0483;0.8093;26.129;0.7689;0
11/09/21 11:00;50.087;-9.5863;39.247;82.069;7.9307;-90;-7.9307;829.2;136.8;692.41;23.04;8.0599;0;699.09;45.229;92.233;0;0.7534;837.31;0;837.31;699.09;92.233;45.229;0.7534;0.8349;0.0549;0;0.0009;836.46;0.8516;0;0;0.223;0.6286;827.78;7.0078;4.4962;0.5932;1.8905;0.0279;834.78;1.6729;1.3982;0.1845;0.09;0.0002;827.9;693.2;91.455;43.026;0.0966;486.07;394.69;148.48;0.0053;4.8259;69.419;0.1209;74.24;0;1;0;0;1.0098;0.999;1;1;0.9951;0.1656;0.9916;0.9936;1;0.9579;0.7756;0.998;0.998;1;0.998;0.998;0.9886;0.9513;0.1282;2.5144;2.6399;0.0159;-0.0021;0.3013;0.0163;0.0577;0.0122;0;0;0.088;0;2.0531;0;0;0;0;0;0;0;0;0;0;0;0;0.0465;0.0153;2.1769;2.1769;0;57.423;57.423;34.383;0.0415;2271.2;958.48;1;0.0358;0.0358;0;0;0;0;0;0;2.1411;2.0531;0;16.492;19.098;15.555;18.012;98.357;98.357;20.095;17.397;16.408;2.698;0.9891;0.1343;0.0492;0.8165;26.988;0.7688;0
11/09/21 12:00;49.642;13.7;38.987;78.62;11.38;90;11.38;822.19;135.3;686.89;24.49;8.47;0;700.67;44.637;92.03;0;1.5356;838.87;0;838.87;700.67;92.03;44.637;1.5356;0.8353;0.055;0;0.0018;837.18;1.6845;0;0;0.4024;1.2821;828.71;6.801;4.3998;0.5779;1.7662;0.057;835.51;1.6744;1.4013;0.1841;0.0885;0.0005;829.02;694.87;91.268;42.38;0.196;478.72;388.72;143.28;0.0215;4.9461;71.147;0.3123;76.072;0;1;0;0;1.0203;0.998;1;1;0.991;0.1651;0.9919;0.9937;1;0.96;0.7746;0.998;0.998;1;0.998;0.998;0.9879;0.9494;0.1276;2.5191;2.6469;0.0159;-0.0021;0.3166;0.0162;0.0575;0.0124;0;0;0.088;0;2.0452;0;0;0;0;0;0;0;0;0;0;0;0;0.0463;0.0154;2.1686;2.1686;0;58.955;58.955;34.465;0.0416;2277.1;952.33;1;0.0354;0.0354;0;0;0;0;0;0;2.1332;2.0452;0;16.399;18.99;15.466;17.909;98.366;98.366;20.133;17.331;16.345;2.8015;0.9864;0.1391;0.049;0.8119;26.853;0.7634;0
11/09/21 13:00;44.595;34.482;35.943;60.135;29.865;90;29.865;741.81;129.2;612.61;24.72;8.1299;0;706.42;42.766;96.164;0;9.3584;854.7;0;854.7;706.42;96.164;42.766;9.3584;0.8265;0.061;0;0.0109;844.59;10.111;0;0;1.8906;8.22;837.76;5.1465;3.181;0.433;1.3292;0.2033;842.9;1.6892;1.4128;0.1923;0.0818;0.0023;840.26;701.82;95.538;39.464;0.9328;394.86;320.63;121.37;0.6398;3.9127;56.283;2.5069;59.556;0;1;0;0;1.1522;0.9882;1;1;0.9558;0.1216;0.9939;0.9955;1;0.9674;0.8211;0.998;0.998;1;0.998;0.998;0.9802;0.9228;0.0997;2.5667;2.6494;0.0159;-0.0021;0.3229;0.0162;0.0574;0.0098;0;0;0.088;0;2.0443;0;0;0;0;0;0;0;0;0;0;0;0;0.0462;0.0154;2.1676;2.1676;0;59.58;59.58;34.86;0.0416;2280.7;950.43;1;0.0354;0.0354;0;0;0;0;0;0;2.1323;2.0443;0;16.088;18.63;15.173;17.569;98.369;98.369;20.513;17.324;16.338;3.1893;0.9859;0.1555;0.0481;0.7965;28.161;0.759;0
11/09/21 14:00;36.252;50.857;30.601;43.395;46.605;90;46.605;606.9;126.8;480.1;25;7.3;0;698.82;42.72;110.85;0;18.045;870.43;0;870.43;698.82;110.85;42.72;18.045;0.8028;0.0698;0;0.0207;849.87;20.561;0;0;3.7345;16.826;845.71;2.4603;0.9679;0.1535;1.2739;0.0649;848.17;1.6997;1.3976;0.2217;0.078;0.0024;850.15;696.45;110.47;37.634;1.1516;256.32;208.13;76.827;2.9488;2.8319;40.736;4.4365;40.619;0;1;0;0;1.4342;0.9764;1;1;0.9126;0.0676;0.9971;0.9986;1;0.9673;0.9466;0.998;0.998;1;0.998;0.998;0.9716;0.8809;0.0638;2.6139;2.6464;0.0159;-0.0021;0.3285;0.0161;0.0572;0.0071;0;0;0.088;0;2.039;0;0;0;0;0;0;0;0;0;0;0;0;0.0461;0.0154;2.1622;2.1622;0;60.209;60.209;35.209;0.0416;2279.5;948.53;1;0.0352;0.0352;0;0;0;0;0;0;2.127;2.039;0;15.758;18.247;14.86;17.208;98.373;98.373;20.89;17.28;16.296;3.6102;0.9845;0.1728;0.0471;0.7801;32.271;0.7536;0
11/09/21 15:00;25.932;63.542;23.665;28.509;60;90;60;421.01;133.8;287.21;24.54;6.18;0;601.54;51.595;136.15;0;19.998;809.28;0;809.28;601.54;136.15;51.595;19.998;0.7433;0.0885;0;0.0247;784.02;25.265;0;0;6.5068;18.758;780.17;2.2774;0.4907;0.1111;1.5913;0.0843;782.45;1.568;1.2031;0.2723;0.0902;0.0025;783.48;599.85;135.76;43.406;1.1532;94.46;76.701;30.31;8.6307;1.4041;20.198;3.3079;12.971;0;1;0;0;1.9222;0.9688;1;1;0.8739;0.062;0.9971;0.9992;1;0.9646;0.9319;0.998;0.998;1;0.998;0.998;0.964;0.8413;0.0577;2.4303;2.4023;0.0145;-0.002;0.2706;0.0148;0.0526;0.0036;0;0;0.088;0;1.8731;0;0;0;0;0;0;0;0;0;0;0;0;0.0424;0.0128;1.993;1.993;0;56.934;56.934;32.395;0.0415;2071.2;962.23;1;0.0319;0.0319;0;0;0;0;0;0;1.9611;1.8731;0;15.622;18.09;14.682;17.002;98.398;98.398;19.423;15.928;14.97;3.4948;0.9584;0.1799;0.0493;0.7707;44.917;0.7566;0
11/09/21 16:00;14.507;73.853;52.59;15.076;24.034;90;24.034;206.4;126.1;80.302;23.26;5.4199;0;194.75;92.027;72.525;0;1.7;361.01;0;361.01;194.75;72.525;92.027;1.7;0.5395;0.2596;0;0.0047;356.68;4.3268;0;0;2.8741;1.4527;348.64;7.3293;3.1317;1.1662;2.98;0.0513;355.97;0.7134;0.3895;0.1451;0.1783;0.0005;348.87;191.23;71.214;85.995;0.1954;58.952;47.869;17.15;0.6403;0.6827;9.8199;0.2284;9.8623;0;1;0;0;1.749;0.988;1;1;0.9688;0.1454;0.9794;0.9839;1;0.9665;0.792;0.998;0.998;1;0.998;0.998;0.9657;0.9344;0.115;1.0841;1.0714;0.0065;0.0124;0.0481;0.007;0.0249;0.0018;0;0;0.088;0;0.8446;0;0;0;0;0;0;0;0;0;0;0;0;0.0201;0.0029;0.9477;0.9477;0;37.553;37.553;14.293;0.041;920.92;1029.1;1;0.0151;0.0151;0;0;0;0;0;0;0.9326;0.8446;0;16.653;19.284;14.841;17.186;98.404;98.404;8.6641;7.5742;6.75;1.09;0.8242;0.1258;0.0951;0.7791;58.412;0.7635;0
11/09/21 17:00;4.3235;81.578;79.465;4.3704;6.2801;90;6.2801;15.491;15.399;0.0917;19.8;5.38;0;0.2225;15.339;0.0336;0;0.0088;15.604;0;15.604;0.2225;0.0336;15.339;0.0088;0.0143;0.9836;0;0.0006;15.545;0.0593;0;0;0.0519;0.0074;14.78;0.7335;0.0671;0.0101;0.6559;0.0003;15.514;0.0311;0.0004;0.0001;0.0306;0;14.781;0.1549;0.0234;14.601;0.0011;9.1267;7.4109;2.611;0.0006;0.1021;1.4693;0.0009;1.5708;0;1;0;0;1.0073;0.9962;1;1;0.9966;0.1641;0.9527;0.6976;1;0.957;0.7758;0.998;0.998;1;0.998;0.998;0.9472;0.9519;0.127;0.0469;0.0476;0.0003;0.0077;-0.0008;0.0003;0.001;0.0002;0;0;0.088;0;-0.0527;0;0;0;0;0;0;0;0;0;0;0;0;0.0008;0;0.0381;0.0381;0;20.419;20.419;0.6192;0.0419;39.053;974.64;1;0.0028;0.0028;0;0;0;0;0;0;0.0353;-0.0527;0;15.474;17.918;-21.442;-24.83;92.627;92.627;0.3745;0.3042;-0.4215;0.0703;0.7257;0.1877;1.9379;0;9.1262;0;0
11/09/21 18:00;0;0;90;0;0;90;0;0;0;0;15.91;5.4999;0;0;0;0;0;0;0;0;0;0;0;0;0;1;1;1;1;0;0;0;0;0;0;0;0;0;0;0;0;0;0;0;0;0;0;0;0;0;0;0;0;0;0;0;0;0;0;0;0;0;0;0;1;1;1;1;1;1;1;1;1;1;1;1;1;1;1;1;1;1;1;0;0;0;0;0;0;0;0;0;0.0004;0.088;0;-0.0884;0;0;0;0;0;0;0;0;0;0;0;0;0;0;0;0;0;0;0;-15.91;0;0;0;0;0.0004;0;0;0;0;0;0;0;-0.0004;-0.0884;0;0;0;0;0;0;0;0;0;-0.7063;0;0.7063;1;1;0;0;0;0
11/09/21 19:00;0;0;90;0;0;90;0;0;0;0;16.27;5.61;0;0;0;0;0;0;0;0;0;0;0;0;0;1;1;1;1;0;0;0;0;0;0;0;0;0;0;0;0;0;0;0;0;0;0;0;0;0;0;0;0;0;0;0;0;0;0;0;0;0;0;0;1;1;1;1;1;1;1;1;1;1;1;1;1;1;1;1;1;1;1;0;0;0;0;0;0;0;0;0;0.0004;0.088;0;-0.0884;0;0;0;0;0;0;0;0;0;0;0;0;0;0;0;0;0;0;0;-16.27;0;0;0;0;0.0004;0;0;0;0;0;0;0;-0.0004;-0.0884;0;0;0;0;0;0;0;0;0;-0.7063;0;0.7063;1;1;0;0;0;0
11/09/21 20:00;0;0;90;0;0;90;0;0;0;0;14.44;5.92;0;0;0;0;0;0;0;0;0;0;0;0;0;1;1;1;1;0;0;0;0;0;0;0;0;0;0;0;0;0;0;0;0;0;0;0;0;0;0;0;0;0;0;0;0;0;0;0;0;0;0;0;1;1;1;1;1;1;1;1;1;1;1;1;1;1;1;1;1;1;1;0;0;0;0;0;0;0;0;0;0.0004;0.088;0;-0.0884;0;0;0;0;0;0;0;0;0;0;0;0;0;0;0;0;0;0;0;-14.44;0;0;0;0;0.0004;0;0;0;0;0;0;0;-0.0004;-0.0884;0;0;0;0;0;0;0;0;0;-0.7063;0;0.7063;1;1;0;0;0;0
11/09/21 21:00;0;0;90;0;0;90;0;0;0;0;13.94;5.86;0;0;0;0;0;0;0;0;0;0;0;0;0;1;1;1;1;0;0;0;0;0;0;0;0;0;0;0;0;0;0;0;0;0;0;0;0;0;0;0;0;0;0;0;0;0;0;0;0;0;0;0;1;1;1;1;1;1;1;1;1;1;1;1;1;1;1;1;1;1;1;0;0;0;0;0;0;0;0;0;0.0004;0.088;0;-0.0884;0;0;0;0;0;0;0;0;0;0;0;0;0;0;0;0;0;0;0;-13.94;0;0;0;0;0.0004;0;0;0;0;0;0;0;-0.0004;-0.0884;0;0;0;0;0;0;0;0;0;-0.7063;0;0.7063;1;1;0;0;0;0
11/09/21 22:00;0;0;90;0;0;90;0;0;0;0;12.01;5.07;0;0;0;0;0;0;0;0;0;0;0;0;0;1;1;1;1;0;0;0;0;0;0;0;0;0;0;0;0;0;0;0;0;0;0;0;0;0;0;0;0;0;0;0;0;0;0;0;0;0;0;0;1;1;1;1;1;1;1;1;1;1;1;1;1;1;1;1;1;1;1;0;0;0;0;0;0;0;0;0;0.0004;0.088;0;-0.0884;0;0;0;0;0;0;0;0;0;0;0;0;0;0;0;0;0;0;0;-12.01;0;0;0;0;0.0004;0;0;0;0;0;0;0;-0.0004;-0.0884;0;0;0;0;0;0;0;0;0;-0.7063;0;0.7063;1;1;0;0;0;0
11/09/21 23:00;0;0;90;0;0;90;0;0;0;0;12.09;3.88;0;0;0;0;0;0;0;0;0;0;0;0;0;1;1;1;1;0;0;0;0;0;0;0;0;0;0;0;0;0;0;0;0;0;0;0;0;0;0;0;0;0;0;0;0;0;0;0;0;0;0;0;1;1;1;1;1;1;1;1;1;1;1;1;1;1;1;1;1;1;1;0;0;0;0;0;0;0;0;0;0.0004;0.088;0;-0.0884;0;0;0;0;0;0;0;0;0;0;0;0;0;0;0;0;0;0;0;-12.09;0;0;0;0;0.0004;0;0;0;0;0;0;0;-0.0004;-0.0884;0;0;0;0;0;0;0;0;0;-0.7063;0;0.7063;1;1;0;0;0;0
12/09/21 00:00;0;0;90;0;0;90;0;0;0;0;14.58;3.1701;0;0;0;0;0;0;0;0;0;0;0;0;0;1;1;1;1;0;0;0;0;0;0;0;0;0;0;0;0;0;0;0;0;0;0;0;0;0;0;0;0;0;0;0;0;0;0;0;0;0;0;0;1;1;1;1;1;1;1;1;1;1;1;1;1;1;1;1;1;1;1;0;0;0;0;0;0;0;0;0;0.0004;0.088;0;-0.0884;0;0;0;0;0;0;0;0;0;0;0;0;0;0;0;0;0;0;0;-14.58;0;0;0;0;0.0004;0;0;0;0;0;0;0;-0.0004;-0.0884;0;0;0;0;0;0;0;0;0;-0.7063;0;0.7063;1;1;0;0;0;0
12/09/21 01:00;0;0;90;0;0;90;0;0;0;0;11.4;2.6;0;0;0;0;0;0;0;0;0;0;0;0;0;1;1;1;1;0;0;0;0;0;0;0;0;0;0;0;0;0;0;0;0;0;0;0;0;0;0;0;0;0;0;0;0;0;0;0;0;0;0;0;1;1;1;1;1;1;1;1;1;1;1;1;1;1;1;1;1;1;1;0;0;0;0;0;0;0;0;0;0.0004;0.088;0;-0.0884;0;0;0;0;0;0;0;0;0;0;0;0;0;0;0;0;0;0;0;-11.4;0;0;0;0;0.0004;0;0;0;0;0;0;0;-0.0004;-0.0884;0;0;0;0;0;0;0;0;0;-0.7063;0;0.7063;1;1;0;0;0;0
12/09/21 02:00;0;0;90;0;0;90;0;0;0;0;11.39;2.0701;0;0;0;0;0;0;0;0;0;0;0;0;0;1;1;1;1;0;0;0;0;0;0;0;0;0;0;0;0;0;0;0;0;0;0;0;0;0;0;0;0;0;0;0;0;0;0;0;0;0;0;0;1;1;1;1;1;1;1;1;1;1;1;1;1;1;1;1;1;1;1;0;0;0;0;0;0;0;0;0;0.0004;0.088;0;-0.0884;0;0;0;0;0;0;0;0;0;0;0;0;0;0;0;0;0;0;0;-11.39;0;0;0;0;0.0004;0;0;0;0;0;0;0;-0.0004;-0.0884;0;0;0;0;0;0;0;0;0;-0.7063;0;0.7063;1;1;0;0;0;0
12/09/21 03:00;0;0;90;0;0;90;0;0;0;0;8.1599;1.71;0;0;0;0;0;0;0;0;0;0;0;0;0;1;1;1;1;0;0;0;0;0;0;0;0;0;0;0;0;0;0;0;0;0;0;0;0;0;0;0;0;0;0;0;0;0;0;0;0;0;0;0;1;1;1;1;1;1;1;1;1;1;1;1;1;1;1;1;1;1;1;0;0;0;0;0;0;0;0;0;0.0004;0.088;0;-0.0884;0;0;0;0;0;0;0;0;0;0;0;0;0;0;0;0;0;0;0;-8.1599;0;0;0;0;0.0004;0;0;0;0;0;0;0;-0.0004;-0.0884;0;0;0;0;0;0;0;0;0;-0.7063;0;0.7063;1;1;0;0;0;0
12/09/21 04:00;0;0;90;0;0;90;0;0;0;0;9.9302;1.56;0;0;0;0;0;0;0;0;0;0;0;0;0;1;1;1;1;0;0;0;0;0;0;0;0;0;0;0;0;0;0;0;0;0;0;0;0;0;0;0;0;0;0;0;0;0;0;0;0;0;0;0;1;1;1;1;1;1;1;1;1;1;1;1;1;1;1;1;1;1;1;0;0;0;0;0;0;0;0;0;0.0004;0.088;0;-0.0884;0;0;0;0;0;0;0;0;0;0;0;0;0;0;0;0;0;0;0;-9.9302;0;0;0;0;0.0004;0;0;0;0;0;0;0;-0.0004;-0.0884;0;0;0;0;0;0;0;0;0;-0.7063;0;0.7063;1;1;0;0;0;0
12/09/21 05:00;0;0;90;0;0;90;0;0;0;0;10.08;1.49;0;0;0;0;0;0;0;0;0;0;0;0;0;1;1;1;1;0;0;0;0;0;0;0;0;0;0;0;0;0;0;0;0;0;0;0;0;0;0;0;0;0;0;0;0;0;0;0;0;0;0;0;1;1;1;1;1;1;1;1;1;1;1;1;1;1;1;1;1;1;1;0;0;0;0;0;0;0;0;0;0.0004;0.088;0;-0.0884;0;0;0;0;0;0;0;0;0;0;0;0;0;0;0;0;0;0;0;-10.08;0;0;0;0;0.0004;0;0;0;0;0;0;0;-0.0004;-0.0884;0;0;0;0;0;0;0;0;0;-0.7063;0;0.7063;1;1;0;0;0;0
12/09/21 06:00;5.5871;-81.135;76.342;5.6543;8.1704;-90;-8.1704;40.495;33.898;6.597;9.9501;2.0099;0;16;32.037;4.1186;0;0.039;52.194;0;52.194;16;4.1186;32.037;0.039;0.3065;0.6145;0;0.0007;51.995;0.1985;0;0;0.1659;0.0326;46.252;5.6394;3.4225;0.881;1.3344;0.0014;51.891;0.104;0.032;0.0082;0.0637;0;46.256;12.545;3.2293;30.473;0.005;19.166;15.563;5.4982;0.0041;0.2137;3.0741;0.0044;3.2837;0;1;0;0;1.2889;0.9962;1;1;0.9948;0.1657;0.8913;0.7857;1;0.958;0.7756;0.998;0.998;1;0.998;0.998;0.8862;0.9512;0.1283;0.1567;0.1458;0.0009;0.0133;-0.007;0.001;0.0034;0.0006;0;0;0.088;0;0.037;0;0;0;0;0;0;0;0;0;0;0;0;0.0028;0.0001;0.1307;0.1307;0;11.841;11.841;1.8912;0.0409;122.97;1063.1;1;0.0057;0.0057;0;0;0;0;0;0;0.125;0.037;0;15.889;18.399;4.4995;5.2103;95.634;95.634;1.2527;1.0448;0.2959;0.2079;0.7489;0.1659;0.5979;0.2362;19.126;0.2262;0
12/09/21 07:00;16.924;-72.374;45.089;17.707;29.824;-90;-29.824;158.8;114.4;44.397;11.2;3.1999;0;107.67;94.779;31.285;0;1.9979;235.74;0;235.74;107.67;31.285;94.779;1.9979;0.4568;0.4105;0;0.0085;229.81;5.9234;0;0;4.1735;1.7499;224.99;4.3586;1.0597;0.3079;2.947;0.044;229.35;0.4596;0.2153;0.0626;0.1812;0.0005;225.39;106.4;30.915;87.478;0.2036;62.674;50.891;19.011;1.4065;0.7223;10.39;0.3941;9.7061;0;1;0;0;1.4845;0.9749;1;1;0.956;0.1241;0.981;0.9901;1;0.9674;0.8223;0.998;0.998;1;0.998;0.998;0.9544;0.923;0.1019;0.7079;0.7008;0.0042;0.0169;-0.0117;0.0048;0.0172;0.002;0;0;0.088;0;0.5525;0;0;0;0;0;0;0;0;0;0;0;0;0.0138;0.0014;0.6521;0.6521;0;20.319;20.319;9.1194;0.0405;599.2;1088.2;1;0.0116;0.0116;0;0;0;0;0;0;0.6405;0.5525;0;17.547;20.319;14.867;17.216;98.225;98.225;5.6577;5.2113;4.4155;0.4464;0.7958;0.0789;0.1407;0.7804;62.393;0.7555;0
12/09/21 08:00;28.218;-61.714;24.68;31.356;58.644;-90;-58.644;249.81;201.3;48.507;12.1;4.91;0;93.22;141.42;29.343;0;11.383;275.36;0;275.36;93.22;29.343;141.42;11.383;0.3385;0.5549;0;0.0413;247.49;27.877;0;0;17.217;10.66;242.51;4.4809;0.0793;0.025;4.3348;0.0419;246.99;0.495;0.1864;0.0587;0.2484;0.0014;246.53;92.954;29.259;119.62;0.6796;134.7;109.37;45.47;21.791;2.4726;35.567;4.021;16.248;0;1;0;0;1.1023;0.8988;1;1;0.8783;0.0635;0.9819;0.9991;1;0.965;0.942;0.998;0.998;1;0.998;0.998;0.8807;0.8458;0.0597;0.8269;0.8175;0.0049;0.0157;-0.0089;0.0056;0.02;0.007;0;0;0.088;0;0.6542;0;0;0;0;0;0;0;0;0;0;0;0;0.0161;0.0018;0.7552;0.7552;0;21.937;21.937;9.837;0.0406;697.13;1083.3;1;0.013;0.013;0;0;0;0;0;0;0.7422;0.6542;0;17.398;20.147;15.072;17.452;98.28;98.28;6.6087;6.0357;5.2285;0.573;0.8071;0.0867;0.1221;0.7912;121.21;0.7214;0
12/09/21 09:00;38.287;-48.43;31.387;46.536;43.464;-90;-43.464;315.19;268;47.19;12.2;6.0599;0;65.018;218.24;20.792;0;8.2102;312.26;0;312.26;65.018;20.792;218.24;8.2102;0.2082;0.7252;0;0.0263;287.46;24.797;0;0;17.202;7.5945;280.17;6.719;0.1199;0.0383;6.5188;0.042;286.88;0.5749;0.13;0.0416;0.4021;0.0012;283.01;64.768;20.712;194.11;0.5725;187.26;152.05;59.503;11.826;2.4781;35.646;2.841;26.298;0;1;0;0;0.9907;0.9206;1;1;0.9212;0.075;0.9766;0.9982;1;0.9675;0.9317;0.998;0.998;1;0.998;0.998;0.8972;0.8895;0.0697;0.9377;0.9275;0.0056;0.0144;-0.0047;0.0064;0.0226;0.007;0;0;0.088;0;0.7534;0;0;0;0;0;0;0;0;0;0;0;0;0.0182;0.0022;0.8558;0.8558;0;23.568;23.568;11.368;0.0406;791.44;1081.3;1;0.0144;0.0144;0;0;0;0;0;0;0.8414;0.7534;0;17.386;20.132;15.305;17.723;98.315;98.315;7.4942;6.8394;6.0209;0.6548;0.8185;0.0874;0.1092;0.8034;160.18;0.7402;0
12/09/21 10:00;46.172;-31.178;36.332;63.576;26.424;-90;-26.424;400.79;324;76.788;12.92;7.14;0;85.747;282.91;28.472;0;3.978;401.11;0;401.11;85.747;28.472;282.91;3.978;0.2138;0.7152;0;0.0099;387.41;13.696;0;0;10.268;3.4278;377;9.6399;0.4056;0.1347;8.9918;0.1078;386.64;0.7748;0.1715;0.0569;0.5453;0.0011;378.12;85.17;28.28;263.11;0.4414;237.57;192.91;71.319;2.7524;2.6188;37.671;1.1253;37.537;0;1;0;0;1.0008;0.9659;1;1;0.9637;0.1383;0.9751;0.9953;1;0.967;0.8037;0.998;0.998;1;0.998;0.998;0.9399;0.93;0.111;1.2045;1.2183;0.0073;0.0103;0.014;0.0083;0.0295;0.0073;0;0;0.088;0;1.008;0;0;0;0;0;0;0;0;0;0;0;0;0.0237;0.0036;1.1142;1.1142;0;28.247;28.247;15.328;0.0407;1042.6;1068.6;1;0.0182;0.0182;0;0;0;0;0;0;1.096;1.008;0;17.621;20.405;15.942;18.46;98.368;98.368;9.6266;8.9047;8.056;0.7219;0.8486;0.075;0.0882;0.8369;182.15;0.7819;0
12/09/21 11:00;50.477;-9.5281;38.874;82.224;7.7765;-90;-7.7765;315.09;298;17.092;13.42;7.86;0;17.251;291.77;4.9274;0;0.2753;314.22;0;314.22;17.251;4.9274;291.77;0.2753;0.0549;0.9294;0;0.0009;312.6;1.6226;0;0;1.3929;0.2297;299.61;12.371;0.1072;0.0306;12.223;0.0102;311.98;0.6252;0.0345;0.0099;0.5808;0.0001;299.64;17.109;4.8869;277.57;0.0353;186.92;151.78;53.796;0.0305;2.0724;29.811;0.0374;31.853;0;1;0;0;0.9972;0.9948;1;1;0.9952;0.1656;0.9603;0.9938;1;0.9578;0.7757;0.998;0.998;1;0.998;0.998;0.9535;0.9513;0.1282;0.9436;0.9653;0.0058;0.0139;0.002;0.0066;0.0234;0.0058;0;0;0.088;0;0.7837;0;0;0;0;0;0;0;0;0;0;0;0;0.0189;0.0024;0.8865;0.8865;0;25.592;25.592;12.172;0.0406;824.39;1075.4;1;0.0148;0.0148;0;0;0;0;0;0;0.8717;0.7837;0;17.897;20.724;15.822;18.321;98.329;98.329;7.5414;7.085;6.2633;0.4564;0.8217;0.0605;0.109;0.8305;174.05;0.7755;0
12/09/21 12:00;49.998;13.953;38.598;78.561;11.439;90;11.439;275.81;267.1;8.7065;13.41;8.08;0;8.883;262.23;2.29;0;0.5205;273.92;0;273.92;8.883;2.29;262.23;0.5205;0.0324;0.9592;0;0.0019;271.1;2.8192;0;0;2.3847;0.4345;260.11;10.453;0.0538;0.0139;10.366;0.0193;270.56;0.5422;0.0178;0.0046;0.5197;0.0002;260.2;8.8115;2.2716;248.96;0.0664;164.15;133.29;47.281;0.1267;1.8237;26.234;0.0976;27.931;0;1;0;0;0.9932;0.9897;1;1;0.9909;0.1651;0.9614;0.9939;1;0.96;0.7746;0.998;0.998;1;0.998;0.998;0.9496;0.9494;0.1276;0.8226;0.839;0.0051;0.0155;-0.0031;0.0058;0.0204;0.0051;0;0;0.088;0;0.6708;0;0;0;0;0;0;0;0;0;0;0;0;0.0164;0.0019;0.772;0.772;0;23.974;23.974;10.563;0.0406;716.5;1077.4;1;0.0132;0.0132;0;0;0;0;0;0;0.7588;0.6708;0;17.878;20.702;15.535;17.989;98.295;98.295;6.5741;6.1696;5.3611;0.4045;0.8085;0.0615;0.123;0.8155;157.78;0.7609;0
12/09/21 13:00;44.89;34.844;35.552;60.164;29.836;90;29.836;192.71;189.3;3.4076;12.89;7.6;0;3.9283;176.12;0.779;0;2.4266;183.26;0;183.26;3.9283;0.779;176.12;2.4266;0.0214;0.9743;0;0.0132;173.35;9.9052;0;0;7.7741;2.1311;167.46;5.548;0.0168;0.0033;5.4751;0.0528;173.01;0.3467;0.0079;0.0016;0.3367;0.0006;168.21;3.9037;0.7741;162.54;0.2421;118.11;95.903;35.756;2.6172;1.3635;19.614;0.7468;18.36;0;1;0;0;0.951;0.9459;1;1;0.9559;0.1218;0.9679;0.9957;1;0.9674;0.8209;0.998;0.998;1;0.998;0.998;0.9138;0.9229;0.0998;0.5503;0.548;0.0033;0.0179;-0.0105;0.0038;0.0133;0.0038;0;0;0.088;0;0.407;0;0;0;0;0;0;0;0;0;0;0;0;0.0107;0.0009;0.5046;0.5046;0;19.69;19.69;6.8004;0.0406;467.22;1080;1;0.0096;0.0096;0;0;0;0;0;0;0.495;0.407;0;17.468;20.227;14.089;16.315;98.098;98.098;4.3982;4.0329;3.2528;0.3653;0.78;0.0831;0.1773;0.7396;115.95;0.6847;0
12/09/21 14:00;36.488;51.245;30.217;43.485;46.515;90;46.515;307.81;272.8;35.003;11.8;6.73;0;50.865;220.25;17.252;0;9.1186;297.48;0;297.48;50.865;17.252;220.25;9.1186;0.171;0.771;0;0.0307;269.78;27.701;0;0;19.199;8.5014;262.56;6.6801;0.059;0.02;6.5679;0.0331;269.24;0.5396;0.1017;0.0345;0.4021;0.0012;265.84;50.704;17.198;194.08;0.5828;185.16;150.35;59.581;15.08;2.6222;37.719;3.2738;25.261;0;1;0;0;0.9665;0.9069;1;1;0.9128;0.0677;0.9752;0.9988;1;0.9673;0.9462;0.998;0.998;1;0.998;0.998;0.8826;0.8812;0.0639;0.8933;0.8802;0.0053;0.015;-0.008;0.0061;0.0215;0.0074;0;0;0.088;0;0.7116;0;0;0;0;0;0;0;0;0;0;0;0;0.0173;0.002;0.8134;0.8134;0;22.449;22.449;10.649;0.0406;750.66;1083.6;1;0.0138;0.0138;0;0;0;0;0;0;0.7996;0.7116;0;17.346;20.086;15.175;17.572;98.3;98.3;7.1396;6.501;5.6873;0.6385;0.8138;0.0894;0.114;0.7966;166.23;0.7275;0
12/09/21 15:00;26.125;63.922;23.284;28.635;60;90;60;188.8;179.9;8.8998;12.3;5.5601;0;18.566;132.91;5.6082;0;8.9681;166.05;0;166.05;18.566;5.6082;132.91;8.9681;0.1118;0.8544;0;0.054;140.88;25.174;0;0;16.762;8.412;136.44;4.1565;0.0149;0.0045;4.0993;0.0378;140.6;0.2818;0.0371;0.0112;0.2323;0.0011;140.09;18.514;5.5925;111.82;0.5171;117.38;95.31;40.468;22.222;2.3099;33.227;3.646;13.315;0;1;0;0;0.8795;0.8484;1;1;0.8739;0.062;0.9704;0.9992;1;0.9646;0.9319;0.998;0.998;1;0.998;0.998;0.8217;0.8413;0.0577;0.4987;0.492;0.003;0.0181;-0.0127;0.0034;0.012;0.0065;0;0;0.088;0;0.3542;0;0;0;0;0;0;0;0;0;0;0;0;0.0097;0.0008;0.4513;0.4513;0;17.842;17.842;5.5424;0.0406;417.8;1080.1;1;0.009;0.009;0;0;0;0;0;0;0.4422;0.3542;0;17.24;19.964;13.533;15.671;97.998;97.998;3.9853;3.6066;2.8311;0.3786;0.7755;0.095;0.1946;0.7104;115.71;0.6178;0
12/09/21 16:00;14.67;74.221;52.105;15.219;24.323;90;24.323;203.9;129.6;74.302;12.5;3.3401;0;180.2;96.984;68.179;0;1.7194;347.09;0;347.09;180.2;68.179;96.984;1.7194;0.5192;0.2844;0;0.005;342.53;4.5589;0;0;3.0876;1.4713;334.85;6.9897;2.761;1.0446;3.1328;0.0512;341.84;0.6851;0.3604;0.1364;0.1878;0.0005;335.1;177.08;66.998;90.576;0.1964;62.163;50.476;18.138;0.7041;0.7182;10.331;0.2471;10.345;0;1;0;0;1.7022;0.9869;1;1;0.9682;0.1443;0.9796;0.9846;1;0.9666;0.7931;0.998;0.998;1;0.998;0.998;0.9648;0.9339;0.1142;1.0423;1.0311;0.0062;0.013;0.004;0.0071;0.025;0.002;0;0;0.088;0;0.8471;0;0;0;0;0;0;0;0;0;0;0;0;0.0201;0.0027;0.9509;0.9509;0;26.1;26.1;13.599;0.0406;882.87;1077.1;1;0.0158;0.0158;0;0;0;0;0;0;0.9351;0.8471;0;17.38;20.125;15.482;17.928;98.337;98.337;8.3301;7.5997;6.77;0.7304;0.8297;0.0877;0.0996;0.8127;61.661;0.795;0
12/09/21 17:00;4.4733;81.942;79.096;4.5177;6.4954;90;6.4954;7.2083;7.0975;0.1108;11.3;2.8699;0;0.2687;7.0672;0.0181;0;0.0044;7.3585;0;7.3585;0.2687;0.0181;7.0672;0.0044;0.0365;0.961;0;0.0006;7.3295;0.0289;0;0;0.0253;0.0037;6.9303;0.3846;0.0778;0.0052;0.3013;0.0002;7.3149;0.0147;0.0005;0;0.0141;0;6.9308;0.1904;0.0128;6.7266;0.0006;4.2068;3.4159;1.2037;0.0003;0.0471;0.6771;0.0005;0.7238;0;1;0;0;1.0208;0.9961;1;1;0.9964;0.1642;0.9474;0.7098;1;0.9571;0.7757;0.998;0.998;1;0.998;0.998;0.9418;0.9518;0.1271;0.0221;0.0223;0.0001;0.0051;-0.001;0.0001;0.0004;0.0001;0;0;0.088;0;-0.0733;0;0;0;0;0;0;0;0;0;0;0;0;0.0004;0;0.017;0.017;0;11.593;11.593;0.2932;0.0423;17.392;976.8;1;0.0023;0.0023;0;0;0;0;0;0;0.0147;-0.0733;0;14.646;16.959;-63.233;-73.223;86.241;86.241;0.1766;0.1358;-0.5862;0.0408;0.722;0.2312;4.0881;0;4.2062;0;0
12/09/21 18:00;0;0;90;0;0;90;0;0;0;0;7.8103;2.84;0;0;0;0;0;0;0;0;0;0;0;0;0;1;1;1;1;0;0;0;0;0;0;0;0;0;0;0;0;0;0;0;0;0;0;0;0;0;0;0;0;0;0;0;0;0;0;0;0;0;0;0;1;1;1;1;1;1;1;1;1;1;1;1;1;1;1;1;1;1;1;0;0;0;0;0;0;0;0;0;0.0004;0.088;0;-0.0884;0;0;0;0;0;0;0;0;0;0;0;0;0;0;0;0;0;0;0;-7.8103;0;0;0;0;0.0004;0;0;0;0;0;0;0;-0.0004;-0.0884;0;0;0;0;0;0;0;0;0;-0.7063;0;0.7063;1;1;0;0;0;0
12/09/21 19:00;0;0;90;0;0;90;0;0;0;0;6.6403;2.76;0;0;0;0;0;0;0;0;0;0;0;0;0;1;1;1;1;0;0;0;0;0;0;0;0;0;0;0;0;0;0;0;0;0;0;0;0;0;0;0;0;0;0;0;0;0;0;0;0;0;0;0;1;1;1;1;1;1;1;1;1;1;1;1;1;1;1;1;1;1;1;0;0;0;0;0;0;0;0;0;0.0004;0.088;0;-0.0884;0;0;0;0;0;0;0;0;0;0;0;0;0;0;0;0;0;0;0;-6.6403;0;0;0;0;0.0004;0;0;0;0;0;0;0;-0.0004;-0.0884;0;0;0;0;0;0;0;0;0;-0.7063;0;0.7063;1;1;0;0;0;0
12/09/21 20:00;0;0;90;0;0;90;0;0;0;0;7.3901;2.6299;0;0;0;0;0;0;0;0;0;0;0;0;0;1;1;1;1;0;0;0;0;0;0;0;0;0;0;0;0;0;0;0;0;0;0;0;0;0;0;0;0;0;0;0;0;0;0;0;0;0;0;0;1;1;1;1;1;1;1;1;1;1;1;1;1;1;1;1;1;1;1;0;0;0;0;0;0;0;0;0;0.0004;0.088;0;-0.0884;0;0;0;0;0;0;0;0;0;0;0;0;0;0;0;0;0;0;0;-7.3901;0;0;0;0;0.0004;0;0;0;0;0;0;0;-0.0004;-0.0884;0;0;0;0;0;0;0;0;0;-0.7063;0;0.7063;1;1;0;0;0;0
12/09/21 21:00;0;0;90;0;0;90;0;0;0;0;6.8703;2.4601;0;0;0;0;0;0;0;0;0;0;0;0;0;1;1;1;1;0;0;0;0;0;0;0;0;0;0;0;0;0;0;0;0;0;0;0;0;0;0;0;0;0;0;0;0;0;0;0;0;0;0;0;1;1;1;1;1;1;1;1;1;1;1;1;1;1;1;1;1;1;1;0;0;0;0;0;0;0;0;0;0.0004;0.088;0;-0.0884;0;0;0;0;0;0;0;0;0;0;0;0;0;0;0;0;0;0;0;-6.8703;0;0;0;0;0.0004;0;0;0;0;0;0;0;-0.0004;-0.0884;0;0;0;0;0;0;0;0;0;-0.7063;0;0.7063;1;1;0;0;0;0
12/09/21 22:00;0;0;90;0;0;90;0;0;0;0;6.8902;2.2499;0;0;0;0;0;0;0;0;0;0;0;0;0;1;1;1;1;0;0;0;0;0;0;0;0;0;0;0;0;0;0;0;0;0;0;0;0;0;0;0;0;0;0;0;0;0;0;0;0;0;0;0;1;1;1;1;1;1;1;1;1;1;1;1;1;1;1;1;1;1;1;0;0;0;0;0;0;0;0;0;0.0004;0.088;0;-0.0884;0;0;0;0;0;0;0;0;0;0;0;0;0;0;0;0;0;0;0;-6.8902;0;0;0;0;0.0004;0;0;0;0;0;0;0;-0.0004;-0.0884;0;0;0;0;0;0;0;0;0;-0.7063;0;0.7063;1;1;0;0;0;0
12/09/21 23:00;0;0;90;0;0;90;0;0;0;0;3.6402;2.1;0;0;0;0;0;0;0;0;0;0;0;0;0;1;1;1;1;0;0;0;0;0;0;0;0;0;0;0;0;0;0;0;0;0;0;0;0;0;0;0;0;0;0;0;0;0;0;0;0;0;0;0;1;1;1;1;1;1;1;1;1;1;1;1;1;1;1;1;1;1;1;0;0;0;0;0;0;0;0;0;0.0004;0.088;0;-0.0884;0;0;0;0;0;0;0;0;0;0;0;0;0;0;0;0;0;0;0;-3.6402;0;0;0;0;0.0004;0;0;0;0;0;0;0;-0.0004;-0.0884;0;0;0;0;0;0;0;0;0;-0.7063;0;0.7063;1;1;0;0;0;0
13/09/21 00:00;0;0;90;0;0;90;0;0;0;0;3.4102;1.96;0;0;0;0;0;0;0;0;0;0;0;0;0;1;1;1;1;0;0;0;0;0;0;0;0;0;0;0;0;0;0;0;0;0;0;0;0;0;0;0;0;0;0;0;0;0;0;0;0;0;0;0;1;1;1;1;1;1;1;1;1;1;1;1;1;1;1;1;1;1;1;0;0;0;0;0;0;0;0;0;0.0004;0.088;0;-0.0884;0;0;0;0;0;0;0;0;0;0;0;0;0;0;0;0;0;0;0;-3.4102;0;0;0;0;0.0004;0;0;0;0;0;0;0;-0.0004;-0.0884;0;0;0;0;0;0;0;0;0;-0.7063;0;0.7063;1;1;0;0;0;0
13/09/21 01:00;0;0;90;0;0;90;0;0;0;0;3.93;1.86;0;0;0;0;0;0;0;0;0;0;0;0;0;1;1;1;1;0;0;0;0;0;0;0;0;0;0;0;0;0;0;0;0;0;0;0;0;0;0;0;0;0;0;0;0;0;0;0;0;0;0;0;1;1;1;1;1;1;1;1;1;1;1;1;1;1;1;1;1;1;1;0;0;0;0;0;0;0;0;0;0.0004;0.088;0;-0.0884;0;0;0;0;0;0;0;0;0;0;0;0;0;0;0;0;0;0;0;-3.93;0;0;0;0;0.0004;0;0;0;0;0;0;0;-0.0004;-0.0884;0;0;0;0;0;0;0;0;0;-0.7063;0;0.7063;1;1;0;0;0;0
13/09/21 02:00;0;0;90;0;0;90;0;0;0;0;6.0001;1.73;0;0;0;0;0;0;0;0;0;0;0;0;0;1;1;1;1;0;0;0;0;0;0;0;0;0;0;0;0;0;0;0;0;0;0;0;0;0;0;0;0;0;0;0;0;0;0;0;0;0;0;0;1;1;1;1;1;1;1;1;1;1;1;1;1;1;1;1;1;1;1;0;0;0;0;0;0;0;0;0;0.0004;0.088;0;-0.0884;0;0;0;0;0;0;0;0;0;0;0;0;0;0;0;0;0;0;0;-6.0001;0;0;0;0;0.0004;0;0;0;0;0;0;0;-0.0004;-0.0884;0;0;0;0;0;0;0;0;0;-0.7063;0;0.7063;1;1;0;0;0;0
13/09/21 03:00;0;0;90;0;0;90;0;0;0;0;6.4003;1.64;0;0;0;0;0;0;0;0;0;0;0;0;0;1;1;1;1;0;0;0;0;0;0;0;0;0;0;0;0;0;0;0;0;0;0;0;0;0;0;0;0;0;0;0;0;0;0;0;0;0;0;0;1;1;1;1;1;1;1;1;1;1;1;1;1;1;1;1;1;1;1;0;0;0;0;0;0;0;0;0;0.0004;0.088;0;-0.0884;0;0;0;0;0;0;0;0;0;0;0;0;0;0;0;0;0;0;0;-6.4003;0;0;0;0;0.0004;0;0;0;0;0;0;0;-0.0004;-0.0884;0;0;0;0;0;0;0;0;0;-0.7063;0;0.7063;1;1;0;0;0;0
13/09/21 04:00;0;0;90;0;0;90;0;0;0;0;6.0001;1.72;0;0;0;0;0;0;0;0;0;0;0;0;0;1;1;1;1;0;0;0;0;0;0;0;0;0;0;0;0;0;0;0;0;0;0;0;0;0;0;0;0;0;0;0;0;0;0;0;0;0;0;0;1;1;1;1;1;1;1;1;1;1;1;1;1;1;1;1;1;1;1;0;0;0;0;0;0;0;0;0;0.0004;0.088;0;-0.0884;0;0;0;0;0;0;0;0;0;0;0;0;0;0;0;0;0;0;0;-6.0001;0;0;0;0;0.0004;0;0;0;0;0;0;0;-0.0004;-0.0884;0;0;0;0;0;0;0;0;0;-0.7063;0;0.7063;1;1;0;0;0;0
13/09/21 05:00;0;0;90;0;0;90;0;0;0;0;6.2999;1.89;0;0;0;0;0;0;0;0;0;0;0;0;0;1;1;1;1;0;0;0;0;0;0;0;0;0;0;0;0;0;0;0;0;0;0;0;0;0;0;0;0;0;0;0;0;0;0;0;0;0;0;0;1;1;1;1;1;1;1;1;1;1;1;1;1;1;1;1;1;1;1;0;0;0;0;0;0;0;0;0;0.0004;0.088;0;-0.0884;0;0;0;0;0;0;0;0;0;0;0;0;0;0;0;0;0;0;0;-6.2999;0;0;0;0;0.0004;0;0;0;0;0;0;0;-0.0004;-0.0884;0;0;0;0;0;0;0;0;0;-0.7063;0;0.7063;1;1;0;0;0;0
13/09/21 06:00;5.6826;-81.54;76.105;5.7447;8.3049;-90;-8.3049;15.803;15.599;0.2048;6.51;2.4699;0;0.4966;15.493;0.0578;0;0.0157;16.063;0;16.063;0.4966;0.0578;15.493;0.0157;0.0309;0.9655;0;0.001;15.968;0.0955;0;0;0.0824;0.0131;15.176;0.7602;0.1035;0.0121;0.6441;0.0006;15.936;0.0319;0.001;0.0001;0.0308;0;15.178;0.3921;0.0456;14.736;0.002;9.2529;7.5134;2.6516;0.0021;0.1034;1.4869;0.0022;1.5882;0;1;0;0;1.0164;0.9941;1;1;0.9947;0.1658;0.9523;0.7911;1;0.9581;0.7755;0.998;0.998;1;0.998;0.998;0.9447;0.9511;0.1283;0.0482;0.0488;0.0003;0.0078;-0.0031;0.0003;0.0011;0.0003;0;0;0.088;0;-0.0497;0;0;0;0;0;0;0;0;0;0;0;0;0.0009;0;0.0413;0.0413;0;7.1385;7.1385;0.6285;0.0414;39.944;1034.5;1;0.0031;0.0031;0;0;0;0;0;0;0.0383;-0.0497;0;16.319;18.897;-19.639;-22.741;92.617;92.617;0.3855;0.3302;-0.3974;0.0553;0.7277;0.1434;1.8875;0;9.2518;0;0
13/09/21 07:00;17.233;-72.627;44.067;18.005;30.555;-90;-30.555;58.701;57.898;0.803;7.2997;3.21;0;1.9476;53.771;0.2812;0;0.7744;56.774;0;56.774;1.9476;0.2812;53.771;0.7744;0.0343;0.9607;0;0.0136;53.632;3.1415;0;0;2.4608;0.6807;51.823;1.7021;0.018;0.0026;1.6653;0.0162;53.525;0.1073;0.0039;0.0006;0.1026;0.0002;52.061;1.9257;0.2781;49.542;0.0773;35.581;28.892;10.801;0.8677;0.4141;5.9563;0.2379;5.5026;0;1;0;0;0.9672;0.9447;1;1;0.9542;0.121;0.9682;0.9907;1;0.9675;0.827;0.998;0.998;1;0.998;0.998;0.9128;0.9214;0.0999;0.1705;0.1694;0.001;0.0142;-0.0097;0.0011;0.0041;0.0012;0;0;0.088;0;0.0597;0;0;0;0;0;0;0;0;0;0;0;0;0.0033;0.0002;0.154;0.154;0;9.4114;9.4114;2.1116;0.0407;142.84;1078.3;1;0.0063;0.0063;0;0;0;0;0;0;0.1477;0.0597;0;17.209;19.928;6.6698;7.7235;95.893;95.893;1.3626;1.2309;0.4771;0.1317;0.7538;0.0966;0.5533;0.3501;35.577;0.3246;0
13/09/21 08:00;28.548;-61.957;24.392;31.649;58.351;-90;-58.351;198.1;183;15.099;8.0403;3.4299;0;28.774;136.26;8.1422;0;8.9445;182.12;0;182.12;28.774;8.1422;136.26;8.9445;0.158;0.7973;0;0.0491;157.27;24.846;0;0;16.469;8.3775;152.72;4.2342;0.0242;0.0068;4.1712;0.0319;156.96;0.3145;0.0575;0.0163;0.2396;0.0011;156.26;28.693;8.1191;115.38;0.534;120.61;97.938;41.103;20.624;2.2611;32.524;3.5333;14.162;0;1;0;0;0.9193;0.8636;1;1;0.8791;0.0634;0.973;0.9992;1;0.9651;0.9436;0.998;0.998;1;0.998;0.998;0.8386;0.8468;0.0597;0.5469;0.5392;0.0032;0.018;-0.0208;0.0038;0.0134;0.0065;0;0;0.088;0;0.4057;0;0;0;0;0;0;0;0;0;0;0;0;0.0108;0.0009;0.5035;0.5035;0;14.219;14.219;6.1783;0.0405;458.13;1099.1;1;0.0098;0.0098;0;0;0;0;0;0;0.4937;0.4057;0;17.539;20.309;14.133;16.366;98.059;98.059;4.3708;4.0241;3.2427;0.3467;0.7814;0.0793;0.1788;0.7419;116.39;0.6544;0
13/09/21 09:00;38.644;-48.639;31.072;46.81;43.19;-90;-43.19;245.39;232.2;13.194;8.8998;3.32;0;18.097;197.61;4.9722;0;6.3155;227;0;227;18.097;4.9722;197.61;6.3155;0.0797;0.8984;0;0.0278;205.73;21.272;0;0;15.433;5.8385;199.34;5.9762;0.03;0.0083;5.9046;0.0333;205.31;0.4115;0.0362;0.0099;0.3644;0.001;201.61;18.03;4.954;175.91;0.4427;152.05;123.46;48.549;10.478;2.0538;29.543;2.2745;21.119;0;1;0;0;0.925;0.9063;1;1;0.9219;0.0755;0.9709;0.9983;1;0.9675;0.9301;0.998;0.998;1;0.998;0.998;0.8782;0.8902;0.0701;0.6817;0.6695;0.004;0.0172;-0.0192;0.0047;0.0166;0.0059;0;0;0.088;0;0.5264;0;0;0;0;0;0;0;0;0;0;0;0;0.0133;0.0013;0.6257;0.6257;0;16.964;16.964;8.0644;0.0405;570.44;1096.9;1;0.0113;0.0113;0;0;0;0;0;0;0.6144;0.5264;0;17.487;20.249;14.712;17.036;98.195;98.195;5.4479;5.0008;4.2073;0.4471;0.7935;0.0821;0.1457;0.7723;144.69;0.7037;0
13/09/21 10:00;46.557;-31.295;35.986;63.805;26.195;-90;-26.195;605.4;226.4;379;9.9103;3.3;0;422.38;131.93;97.321;0;5.9067;657.54;0;657.54;422.38;97.321;131.93;5.9067;0.6424;0.2096;0;0.009;647.73;9.8059;0;0;4.7218;5.0841;639.72;6.7154;1.9125;0.4407;4.2002;0.162;646.43;1.2955;0.8448;0.1946;0.2544;0.0016;641.28;419.62;96.686;122.75;0.6589;337.91;274.39;102.53;1.2458;3.4808;50.07;1.5647;52.305;0;1;0;0;1.0861;0.9851;1;1;0.9642;0.1393;0.9896;0.9955;1;0.9669;0.8026;0.998;0.998;1;0.998;0.998;0.9729;0.9304;0.1115;1.9746;2.037;0.0123;0.0001;0.0784;0.0136;0.0483;0.0096;0;0;0.088;0;1.7081;0;0;0;0;0;0;0;0;0;0;0;0;0.0389;0.0093;1.8265;1.8265;0;36.026;36.026;26.116;0.0408;1748;1044.9;1;0.0304;0.0304;0;0;0;0;0;0;1.7961;1.7081;0;17.621;20.405;16.48;19.083;98.338;98.338;15.781;14.597;13.652;1.1834;0.946;0.075;0.0599;0.8651;84.822;0.8184;0
13/09/21 11:00;50.868;-9.4681;38.5;82.377;7.6229;-90;-7.6229;595.49;300.2;295.29;11.5;3.4201;0;297.92;214.8;85.199;0;0.4999;598.43;0;598.43;297.92;85.199;214.8;0.4999;0.4978;0.3598;0;0.0008;597.02;1.4096;0;0;0.9924;0.4172;584.49;11.334;1.7861;0.5108;9.0183;0.0185;595.82;1.194;0.5958;0.1704;0.4276;0.0002;584.56;295.54;84.517;204.37;0.0641;350.64;284.72;104.91;0.0206;3.6256;52.153;0.074;55.758;0;1;0;0;1.0049;0.9976;1;1;0.9954;0.1655;0.981;0.994;1;0.9577;0.7757;0.998;0.998;1;0.998;0.998;0.9767;0.9514;0.1281;1.7971;1.8706;0.0113;0.0017;0.0678;0.0125;0.0444;0.01;0;0;0.088;0;1.5636;0;0;0;0;0;0;0;0;0;0;0;0;0.0358;0.008;1.6792;1.6792;0;35.354;35.354;23.855;0.0408;1605;1046.2;1;0.0275;0.0275;0;0;0;0;0;0;1.6516;1.5636;0;17.8;20.612;16.575;19.194;98.36;98.36;14.362;13.42;12.496;0.9423;0.9234;0.0656;0.0643;0.8701;128.1;0.8168;0
13/09/21 12:00;50.355;14.211;38.207;78.502;11.498;90;11.498;523;347.4;175.6;12.63;3.69;0;179.2;285.96;59.741;0;0.9971;525.89;0;525.89;179.2;59.741;285.96;0.9971;0.3407;0.5457;0;0.0019;522.44;3.4554;0;0;2.623;0.8324;508.67;12.721;1.0437;0.348;11.292;0.037;521.39;1.0449;0.3584;0.1195;0.5667;0.0003;508.87;177.8;59.273;271.48;0.1273;308.19;250.25;90.323;0.1409;3.3172;47.716;0.1948;50.892;0;1;0;0;1.0055;0.9934;1;1;0.9908;0.1651;0.9756;0.9942;1;0.9601;0.7746;0.998;0.998;1;0.998;0.998;0.9673;0.9494;0.1276;1.5793;1.6332;0.0098;0.0045;0.048;0.011;0.039;0.0092;0;0;0.088;0;1.3624;0;0;0;0;0;0;0;0;0;0;0;0;0.0314;0.0062;1.4741;1.4741;0;33.367;33.367;20.737;0.0408;1400.9;1052.3;1;0.0237;0.0237;0;0;0;0;0;0;1.4504;1.3624;0;17.782;20.591;16.435;19.031;98.393;98.393;12.621;11.781;10.889;0.8401;0.8927;0.0666;0.0707;0.8627;172.09;0.8078;0
13/09/21 13:00;45.185;35.212;35.159;60.192;29.808;90;29.808;565.51;280.5;285.01;13.33;3.96;0;328.46;184.18;95.972;0;7.1078;615.72;0;615.72;328.46;95.972;184.18;7.1078;0.5335;0.3107;0;0.0115;601.36;14.359;0;0;8.1174;6.2414;592.56;7.5985;1.3288;0.3883;5.7264;0.155;600.16;1.2027;0.6569;0.1919;0.3521;0.0017;594.55;326.48;95.391;169.98;0.7096;315.37;256.08;96.425;2.7291;3.3024;47.504;1.9917;48.078;0;1;0;0;1.0888;0.9767;1;1;0.9559;0.1219;0.9873;0.9959;1;0.9674;0.8207;0.998;0.998;1;0.998;0.998;0.9624;0.9229;0.0998;1.849;1.8909;0.0114;0.0015;0.0832;0.0126;0.0446;0.009;0;0;0.088;0;1.5692;0;0;0;0;0;0;0;0;0;0;0;0;0.0359;0.0081;1.6847;1.6847;0;37.557;37.557;24.227;0.0409;1623.1;1037.9;1;0.0275;0.0275;0;0;0;0;0;0;1.6572;1.5692;0;17.357;20.099;16.167;18.721;98.368;98.368;14.777;13.464;12.541;1.3134;0.923;0.0889;0.0625;0.8487;121.23;0.8023;0
13/09/21 14:00;36.724;51.638;29.832;43.575;46.425;90;46.425;67.199;66.699;0.5;9.78;4.0601;0;0.7254;56.303;0.0598;0;1.9835;59.071;0;59.071;0.7254;0.0598;56.303;1.9835;0.0123;0.9867;0;0.0336;52.328;6.7432;0;0;4.8942;1.849;50.536;1.687;0.0007;0.0001;1.679;0.0073;52.223;0.1047;0.0015;0.0001;0.1028;0.0003;51.286;0.7232;0.0596;49.627;0.127;42.678;34.655;13.881;3.8293;0.6177;8.8861;0.75;5.6746;0;1;0;0;0.879;0.8858;1;1;0.9131;0.0678;0.9677;0.999;1;0.9673;0.9458;0.998;0.998;1;0.998;0.998;0.8555;0.8814;0.064;0.1774;0.1732;0.001;0.0143;-0.0084;0.0012;0.0041;0.0017;0;0;0.088;0;0.0615;0;0;0;0;0;0;0;0;0;0;0;0;0.0033;0.0002;0.1557;0.1557;0;11.844;11.844;2.0641;0.0408;145.96;1066.8;1;0.0062;0.0062;0;0;0;0;0;0;0.1495;0.0615;0;16.723;19.364;6.6046;7.648;96.007;96.007;1.4177;1.2445;0.4915;0.1732;0.753;0.1222;0.5311;0.3467;42.459;0.3116;0
13/09/21 15:00;26.316;64.305;22.902;28.76;60;90;60;218.49;200.6;17.892;10.39;3.85;0;37.176;145.97;12.431;0;10.378;205.95;0;205.95;37.176;12.431;145.97;10.378;0.1805;0.7591;0;0.0504;177.81;28.143;0;0;18.408;9.735;172.87;4.5848;0.0294;0.0098;4.5019;0.0437;177.45;0.3556;0.0744;0.0249;0.2551;0.0013;176.92;37.073;12.396;122.8;0.5985;130.59;106.04;45.019;24.405;2.5496;36.674;4.0493;14.819;0;1;0;0;0.9426;0.8634;1;1;0.8739;0.062;0.9742;0.9992;1;0.9646;0.9319;0.998;0.998;1;0.998;0.998;0.8394;0.8413;0.0577;0.6185;0.6102;0.0037;0.0176;-0.0166;0.0042;0.015;0.0073;0;0;0.088;0;0.4674;0;0;0;0;0;0;0;0;0;0;0;0;0.0121;0.0011;0.5657;0.5657;0;17.395;17.395;7.0045;0.0405;518.92;1090.2;1;0.0104;0.0104;0;0;0;0;0;0;0.5554;0.4674;0;17.426;20.179;14.396;16.671;98.168;98.168;4.9428;4.5215;3.7353;0.4214;0.7861;0.0852;0.159;0.7557;127.07;0.6668;0
13/09/21 16:00;14.834;74.591;51.618;15.361;24.614;90;24.614;198.71;133.8;64.909;11.9;2.5599;0;157.42;103.79;60.794;0;1.7153;323.72;0;323.72;157.42;60.794;103.79;1.7153;0.4863;0.3259;0;0.0053;318.88;4.8377;0;0;3.368;1.4697;311.66;6.5859;2.3018;0.8889;3.3447;0.0504;318.25;0.6378;0.3148;0.1216;0.2008;0.0005;311.93;154.81;59.783;96.877;0.1947;66.541;54.031;19.487;0.786;0.7662;11.022;0.2713;11.002;0;1;0;0;1.6291;0.9851;1;1;0.9676;0.1432;0.9793;0.9853;1;0.9666;0.7943;0.998;0.998;1;0.998;0.998;0.9627;0.9334;0.1135;0.9721;0.9627;0.0058;0.0139;-0.0015;0.0066;0.0234;0.0022;0;0;0.088;0;0.7881;0;0;0;0;0;0;0;0;0;0;0;0;0.0189;0.0024;0.8911;0.8911;0;24.547;24.547;12.647;0.0406;823.83;1081.6;1;0.015;0.015;0;0;0;0;0;0;0.8761;0.7881;0;17.462;20.22;15.444;17.884;98.321;98.321;7.7693;7.1215;6.2987;0.6478;0.8229;0.0834;0.1059;0.8107;66.1;0.7906;0
13/09/21 17:00;4.4204;82.452;79.227;4.4589;6.4093;90;6.4093;20.492;20.202;0.2897;10.35;2.59;0;0.7026;20.083;0.1361;0;0.0122;20.934;0;20.934;0.7026;0.1361;20.083;0.0122;0.0336;0.9599;0;0.0006;20.853;0.0805;0;0;0.0703;0.0102;19.708;1.1041;0.2065;0.04;0.8572;0.0004;20.812;0.0417;0.0014;0.0003;0.04;0;19.709;0.4947;0.0958;19.115;0.0015;11.953;9.7056;3.42;0.0009;0.1337;1.9239;0.0012;2.0568;0;1;0;0;1.0216;0.9962;1;1;0.9965;0.1641;0.9469;0.7055;1;0.9571;0.7758;0.998;0.998;1;0.998;0.998;0.9414;0.9518;0.1271;0.0629;0.0634;0.0004;0.0089;-0.0032;0.0004;0.0014;0.0003;0;0;0.088;0;-0.0374;0;0;0;0;0;0;0;0;0;0;0;0;0.0011;0;0.0539;0.0539;0;11.165;11.165;0.8152;0.0414;52.434;1028.6;1;0.0034;0.0034;0;0;0;0;0;0;0.0506;-0.0374;0;16.343;18.925;-11.344;-13.136;93.76;93.76;0.5024;0.431;-0.2992;0.0714;0.7302;0.1421;1.4534;0;11.951;0;0
13/09/21 18:00;0;0;90;0;0;90;0;0;0;0;8.1001;2.57;0;0;0;0;0;0;0;0;0;0;0;0;0;1;1;1;1;0;0;0;0;0;0;0;0;0;0;0;0;0;0;0;0;0;0;0;0;0;0;0;0;0;0;0;0;0;0;0;0;0;0;0;1;1;1;1;1;1;1;1;1;1;1;1;1;1;1;1;1;1;1;0;0;0;0;0;0;0;0;0;0.0004;0.088;0;-0.0884;0;0;0;0;0;0;0;0;0;0;0;0;0;0;0;0;0;0;0;-8.1001;0;0;0;0;0.0004;0;0;0;0;0;0;0;-0.0004;-0.0884;0;0;0;0;0;0;0;0;0;-0.7063;0;0.7063;1;1;0;0;0;0
13/09/21 19:00;0;0;90;0;0;90;0;0;0;0;7.7498;2.5;0;0;0;0;0;0;0;0;0;0;0;0;0;1;1;1;1;0;0;0;0;0;0;0;0;0;0;0;0;0;0;0;0;0;0;0;0;0;0;0;0;0;0;0;0;0;0;0;0;0;0;0;1;1;1;1;1;1;1;1;1;1;1;1;1;1;1;1;1;1;1;0;0;0;0;0;0;0;0;0;0.0004;0.088;0;-0.0884;0;0;0;0;0;0;0;0;0;0;0;0;0;0;0;0;0;0;0;-7.7498;0;0;0;0;0.0004;0;0;0;0;0;0;0;-0.0004;-0.0884;0;0;0;0;0;0;0;0;0;-0.7063;0;0.7063;1;1;0;0;0;0
13/09/21 20:00;0;0;90;0;0;90;0;0;0;0;8.1001;2.3899;0;0;0;0;0;0;0;0;0;0;0;0;0;1;1;1;1;0;0;0;0;0;0;0;0;0;0;0;0;0;0;0;0;0;0;0;0;0;0;0;0;0;0;0;0;0;0;0;0;0;0;0;1;1;1;1;1;1;1;1;1;1;1;1;1;1;1;1;1;1;1;0;0;0;0;0;0;0;0;0;0.0004;0.088;0;-0.0884;0;0;0;0;0;0;0;0;0;0;0;0;0;0;0;0;0;0;0;-8.1001;0;0;0;0;0.0004;0;0;0;0;0;0;0;-0.0004;-0.0884;0;0;0;0;0;0;0;0;0;-0.7063;0;0.7063;1;1;0;0;0;0
13/09/21 21:00;0;0;90;0;0;90;0;0;0;0;5.7302;2.27;0;0;0;0;0;0;0;0;0;0;0;0;0;1;1;1;1;0;0;0;0;0;0;0;0;0;0;0;0;0;0;0;0;0;0;0;0;0;0;0;0;0;0;0;0;0;0;0;0;0;0;0;1;1;1;1;1;1;1;1;1;1;1;1;1;1;1;1;1;1;1;0;0;0;0;0;0;0;0;0;0.0004;0.088;0;-0.0884;0;0;0;0;0;0;0;0;0;0;0;0;0;0;0;0;0;0;0;-5.7302;0;0;0;0;0.0004;0;0;0;0;0;0;0;-0.0004;-0.0884;0;0;0;0;0;0;0;0;0;-0.7063;0;0.7063;1;1;0;0;0;0
13/09/21 22:00;0;0;90;0;0;90;0;0;0;0;4.5097;2.29;0;0;0;0;0;0;0;0;0;0;0;0;0;1;1;1;1;0;0;0;0;0;0;0;0;0;0;0;0;0;0;0;0;0;0;0;0;0;0;0;0;0;0;0;0;0;0;0;0;0;0;0;1;1;1;1;1;1;1;1;1;1;1;1;1;1;1;1;1;1;1;0;0;0;0;0;0;0;0;0;0.0004;0.088;0;-0.0884;0;0;0;0;0;0;0;0;0;0;0;0;0;0;0;0;0;0;0;-4.5097;0;0;0;0;0.0004;0;0;0;0;0;0;0;-0.0004;-0.0884;0;0;0;0;0;0;0;0;0;-0.7063;0;0.7063;1;1;0;0;0;0
13/09/21 23:00;0;0;90;0;0;90;0;0;0;0;3.2998;2.35;0;0;0;0;0;0;0;0;0;0;0;0;0;1;1;1;1;0;0;0;0;0;0;0;0;0;0;0;0;0;0;0;0;0;0;0;0;0;0;0;0;0;0;0;0;0;0;0;0;0;0;0;1;1;1;1;1;1;1;1;1;1;1;1;1;1;1;1;1;1;1;0;0;0;0;0;0;0;0;0;0.0004;0.088;0;-0.0884;0;0;0;0;0;0;0;0;0;0;0;0;0;0;0;0;0;0;0;-3.2998;0;0;0;0;0.0004;0;0;0;0;0;0;0;-0.0004;-0.0884;0;0;0;0;0;0;0;0;0;-0.7063;0;0.7063;1;1;0;0;0;0
14/09/21 00:00;0;0;90;0;0;90;0;0;0;0;2.7002;2.3199;0;0;0;0;0;0;0;0;0;0;0;0;0;1;1;1;1;0;0;0;0;0;0;0;0;0;0;0;0;0;0;0;0;0;0;0;0;0;0;0;0;0;0;0;0;0;0;0;0;0;0;0;1;1;1;1;1;1;1;1;1;1;1;1;1;1;1;1;1;1;1;0;0;0;0;0;0;0;0;0;0.0004;0.088;0;-0.0884;0;0;0;0;0;0;0;0;0;0;0;0;0;0;0;0;0;0;0;-2.7002;0;0;0;0;0.0004;0;0;0;0;0;0;0;-0.0004;-0.0884;0;0;0;0;0;0;0;0;0;-0.7063;0;0.7063;1;1;0;0;0;0
14/09/21 01:00;0;0;90;0;0;90;0;0;0;0;1.6997;2.2;0;0;0;0;0;0;0;0;0;0;0;0;0;1;1;1;1;0;0;0;0;0;0;0;0;0;0;0;0;0;0;0;0;0;0;0;0;0;0;0;0;0;0;0;0;0;0;0;0;0;0;0;1;1;1;1;1;1;1;1;1;1;1;1;1;1;1;1;1;1;1;0;0;0;0;0;0;0;0;0;0.0004;0.088;0;-0.0884;0;0;0;0;0;0;0;0;0;0;0;0;0;0;0;0;0;0;0;-1.6997;0;0;0;0;0.0004;0;0;0;0;0;0;0;-0.0004;-0.0884;0;0;0;0;0;0;0;0;0;-0.7063;0;0.7063;1;1;0;0;0;0
14/09/21 02:00;0;0;90;0;0;90;0;0;0;0;1.38;2.03;0;0;0;0;0;0;0;0;0;0;0;0;0;1;1;1;1;0;0;0;0;0;0;0;0;0;0;0;0;0;0;0;0;0;0;0;0;0;0;0;0;0;0;0;0;0;0;0;0;0;0;0;1;1;1;1;1;1;1;1;1;1;1;1;1;1;1;1;1;1;1;0;0;0;0;0;0;0;0;0;0.0004;0.088;0;-0.0884;0;0;0;0;0;0;0;0;0;0;0;0;0;0;0;0;0;0;0;-1.38;0;0;0;0;0.0004;0;0;0;0;0;0;0;-0.0004;-0.0884;0;0;0;0;0;0;0;0;0;-0.7063;0;0.7063;1;1;0;0;0;0
14/09/21 03:00;0;0;90;0;0;90;0;0;0;0;0.8003;1.86;0;0;0;0;0;0;0;0;0;0;0;0;0;1;1;1;1;0;0;0;0;0;0;0;0;0;0;0;0;0;0;0;0;0;0;0;0;0;0;0;0;0;0;0;0;0;0;0;0;0;0;0;1;1;1;1;1;1;1;1;1;1;1;1;1;1;1;1;1;1;1;0;0;0;0;0;0;0;0;0;0.0004;0.088;0;-0.0884;0;0;0;0;0;0;0;0;0;0;0;0;0;0;0;0;0;0;0;-0.8003;0;0;0;0;0.0004;0;0;0;0;0;0;0;-0.0004;-0.0884;0;0;0;0;0;0;0;0;0;-0.7063;0;0.7063;1;1;0;0;0;0
14/09/21 04:00;0;0;90;0;0;90;0;0;0;0;0.1801;1.8399;0;0;0;0;0;0;0;0;0;0;0;0;0;1;1;1;1;0;0;0;0;0;0;0;0;0;0;0;0;0;0;0;0;0;0;0;0;0;0;0;0;0;0;0;0;0;0;0;0;0;0;0;1;1;1;1;1;1;1;1;1;1;1;1;1;1;1;1;1;1;1;0;0;0;0;0;0;0;0;0;0.0004;0.088;0;-0.0884;0;0;0;0;0;0;0;0;0;0;0;0;0;0;0;0;0;0;0;-0.1801;0;0;0;0;0.0004;0;0;0;0;0;0;0;-0.0004;-0.0884;0;0;0;0;0;0;0;0;0;-0.7063;0;0.7063;1;1;0;0;0;0
14/09/21 05:00;0;0;90;0;0;90;0;0;0;0;0.2997;1.79;0;0;0;0;0;0;0;0;0;0;0;0;0;1;1;1;1;0;0;0;0;0;0;0;0;0;0;0;0;0;0;0;0;0;0;0;0;0;0;0;0;0;0;0;0;0;0;0;0;0;0;0;1;1;1;1;1;1;1;1;1;1;1;1;1;1;1;1;1;1;1;0;0;0;0;0;0;0;0;0;0.0004;0.088;0;-0.0884;0;0;0;0;0;0;0;0;0;0;0;0;0;0;0;0;0;0;0;-0.2997;0;0;0;0;0.0004;0;0;0;0;0;0;0;-0.0004;-0.0884;0;0;0;0;0;0;0;0;0;-0.7063;0;0.7063;1;1;0;0;0;0
14/09/21 06:00;5.9811;-81.799;75.362;6.0425;8.7488;-90;-8.7488;61.104;33;28.104;0.19;1.7501;0;68.16;26.273;15.942;0;0.0675;110.44;0;110.44;68.16;15.942;26.273;0.0675;0.6172;0.2385;0;0.0006;110.23;0.2086;0;0;0.1523;0.0563;92.732;17.282;13.125;3.0698;1.0849;0.0025;110.01;0.2205;0.1363;0.0319;0.0522;0;92.736;54.899;12.84;24.984;0.0087;15.874;12.889;4.5796;0.0045;0.1754;2.5229;0.0044;2.6938;0;1;0;0;1.8074;0.9981;1;1;0.9942;0.1659;0.8429;0.8071;1;0.9584;0.7754;0.998;0.998;1;0.998;0.998;0.8396;0.9509;0.1284;0.3317;0.2846;0.0017;0.0169;-0.0217;0.002;0.0071;0.0005;0;0;0.088;0;0.1764;0;0;0;0;0;0;0;0;0;0;0;0;0.0058;0.0003;0.272;0.272;0;3.9266;3.9266;3.7366;0.0403;241.63;1125.7;1;0.0076;0.0076;0;0;0;0;0;0;0.2644;0.1764;0;15.624;18.092;10.131;11.731;97.194;97.194;2.6506;2.1739;1.4096;0.4767;0.7643;0.1799;0.2883;0.5318;15.704;0.5229;0
14/09/21 07:00;17.543;-72.882;43.025;18.304;31.307;-90;-31.307;252;56.103;195.89;3.7798;0.7901;0;475.1;27.052;65.305;0;3.4858;570.94;0;570.94;475.1;65.305;27.052;3.4858;0.8321;0.0535;0;0.0061;566.58;4.3619;0;0;1.2868;3.0751;559.87;5.5708;4.1033;0.564;0.8346;0.0689;565.44;1.1332;0.9502;0.1306;0.0515;0.0008;560;470.04;64.611;24.879;0.341;19.086;15.498;5.9788;0.4756;0.2107;3.0311;0.1274;2.7662;0;1;0;0;2.2657;0.9924;1;1;0.9524;0.1178;0.9901;0.9913;1;0.9675;0.832;0.998;0.998;1;0.998;0.998;0.9806;0.9197;0.0978;1.7145;1.693;0.0102;0.0038;0.0087;0.0117;0.0415;0.0006;0;0;0.088;0;1.4624;0;0;0;0;0;0;0;0;0;0;0;0;0.0334;0.0066;1.5766;1.5766;0;26.465;26.465;22.686;0.0405;1454.6;1083.9;1;0.0262;0.0262;0;0;0;0;0;0;1.5504;1.4624;0;17.518;20.285;16.248;18.815;98.335;98.335;13.703;12.6;11.687;1.1021;0.9131;0.0804;0.0666;0.8529;17.994;0.8496;0
14/09/21 08:00;28.878;-62.202;24.102;31.943;58.057;-90;-58.057;490.59;81.001;409.59;7.9798;1.32;0;774.17;23.139;95.894;0;21.948;915.15;0;915.15;774.17;95.894;23.139;21.948;0.8459;0.0493;0;0.024;891.82;23.335;0;0;2.7764;20.559;888.53;1.5064;0.6432;0.0797;0.7075;0.0761;890.03;1.7836;1.5483;0.1918;0.0407;0.0028;892.18;771.98;95.623;19.615;1.3104;123.04;99.907;37.343;3.4453;1.4611;21.017;3.657;19.033;0;1;0;0;1.8654;0.9745;1;1;0.88;0.0633;0.9983;0.9992;1;0.9652;0.9451;0.998;0.998;1;0.998;0.998;0.9709;0.8477;0.0597;2.7482;2.7315;0.0164;-0.0019;0.1856;0.0177;0.0628;0.0039;0;0;0.088;0;2.2499;0;0;0;0;0;0;0;0;0;0;0;0;0.0506;0.0163;2.3799;2.3799;0;44.491;44.491;36.512;0.0411;2351.1;1012.2;1;0.042;0.042;0;0;0;0;0;0;2.3379;2.2499;0;16.497;19.103;15.596;18.059;98.234;98.234;21.964;19.02;17.981;2.9435;1.0392;0.134;0.0473;0.8187;19.699;0.8048;0
14/09/21 09:00;39.003;-48.85;30.755;47.084;42.916;-90;-42.916;647.4;106.6;540.8;10.56;2.43;0;738.44;33.737;92.37;0;16.461;881.01;0;881.01;738.44;92.37;33.737;16.461;0.8382;0.057;0;0.0187;863.19;17.819;0;0;2.6105;15.209;859.14;2.3232;1.0891;0.1362;1.0084;0.0895;861.46;1.7264;1.4769;0.1847;0.0623;0.0025;863.42;735.87;92.049;30.056;1.1601;292.21;237.27;88.605;1.754;3.0576;43.982;4.2767;45.286;0;1;0;0;1.3608;0.9798;1;1;0.9226;0.0761;0.9973;0.9985;1;0.9675;0.9284;0.998;0.998;1;0.998;0.998;0.9752;0.8909;0.0705;2.6457;2.6932;0.0162;-0.002;0.1965;0.0174;0.0616;0.0081;0;0;0.088;0;2.2012;0;0;0;0;0;0;0;0;0;0;0;0;0.0496;0.0159;2.3299;2.3299;0;45.905;45.905;35.345;0.0411;2316.7;1005.7;1;0.0406;0.0406;0;0;0;0;0;0;2.2892;2.2012;0;16.776;19.426;15.85;18.354;98.257;98.257;21.144;18.62;17.592;2.524;1.0279;0.1194;0.0486;0.832;24.642;0.802;0
14/09/21 10:00;46.943;-31.413;35.638;64.034;25.966;-90;-25.966;772.59;127.5;645.1;12.14;3.0299;0;717.53;42.126;92.467;0;7.4092;859.53;0;859.53;717.53;92.467;42.126;7.4092;0.8348;0.0576;0;0.0086;851.67;7.8573;0;0;1.4866;6.3706;844.92;5.0522;3.1031;0.3999;1.3434;0.2057;849.97;1.7033;1.4351;0.1849;0.0813;0.0021;846.83;712.99;91.882;39.215;0.8308;422.93;343.42;128.8;0.3871;4.2494;61.126;1.916;64.989;0;1;0;0;1.1125;0.9909;1;1;0.9647;0.1402;0.9941;0.9957;1;0.9669;0.8016;0.998;0.998;1;0.998;0.998;0.983;0.9309;0.1121;2.5812;2.6794;0.0161;-0.002;0.2053;0.0172;0.0611;0.0112;0;0;0.088;0;2.1778;0;0;0;0;0;0;0;0;0;0;0;0;0.0492;0.0157;2.3056;2.3056;0;46.93;46.93;34.79;0.0412;2303.6;1000.9;1;0.0399;0.0399;0;0;0;0;0;0;2.2658;2.1778;0;17.016;19.705;16.073;18.612;98.27;98.27;20.629;18.427;17.405;2.202;1.0221;0.1067;0.0495;0.8437;27.046;0.8011;0
14/09/21 11:00;51.261;-9.4064;38.124;82.53;7.4701;-90;-7.4701;836.3;137.8;698.49;13.5;3.4;0;704.47;46.468;91.916;0;0.6743;843.53;0;843.53;704.47;91.916;46.468;0.6743;0.8351;0.0559;0;0.0008;842.76;0.7704;0;0;0.2077;0.5627;834.5;6.5799;4.0689;0.5309;1.9551;0.025;841.08;1.6855;1.4089;0.1838;0.0925;0.0002;834.6;698.99;91.201;44.212;0.0864;490.58;398.35;147.55;0.0042;5.0203;72.215;0.105;77.231;0;1;0;0;1.0087;0.9991;1;1;0.9955;0.1654;0.9922;0.9942;1;0.9577;0.7757;0.998;0.998;1;0.998;0.998;0.9893;0.9515;0.1281;2.5331;2.666;0.016;-0.002;0.2133;0.0171;0.0605;0.0132;0;0;0.088;0;2.1563;0;0;0;0;0;0;0;0;0;0;0;0;0.0488;0.0155;2.2835;2.2835;0;47.888;47.888;34.388;0.0412;2291.3;996.59;1;0.0392;0.0392;0;0;0;0;0;0;2.2443;2.1563;0;17.173;19.886;16.216;18.778;98.282;98.282;20.245;18.25;17.233;1.9949;1.0169;0.0985;0.0502;0.8512;27.703;0.8;0
14/09/21 12:00;50.712;14.474;37.816;78.443;11.557;90;11.557;795.51;144;651.51;15.16;3.62;0;664.99;53.928;91.374;0;1.5321;811.82;0;811.82;664.99;91.374;53.928;1.5321;0.8191;0.0683;0;0.0019;810.04;1.778;0;0;0.4989;1.2791;802.01;6.4168;3.7212;0.5113;2.1274;0.0569;808.42;1.6201;1.33;0.1827;0.1069;0.0005;802.32;659.94;90.68;51.195;0.1956;463.15;376.08;138.55;0.0274;4.7901;68.904;0.3133;73.667;0;1;0;0;1.0205;0.9978;1;1;0.9907;0.1651;0.9921;0.9944;1;0.9601;0.7746;0.998;0.998;1;0.998;0.998;0.9879;0.9493;0.1276;2.4379;2.5618;0.0154;-0.0022;0.2082;0.0164;0.0581;0.0126;0;0;0.088;0;2.0671;0;0;0;0;0;0;0;0;0;0;0;0;0.0468;0.0144;2.192;2.192;0;48.219;48.219;33.059;0.0412;2201.9;995.54;1;0.0369;0.0369;0;0;0;0;0;0;2.1551;2.0671;0;17.129;19.835;16.152;18.704;98.315;98.315;19.484;17.519;16.52;1.965;0.9985;0.1009;0.0512;0.8479;32.458;0.7972;0
14/09/21 13:00;45.48;35.585;34.766;60.22;29.78;90;29.78;466;334.6;131.4;15.28;3.7499;0;151.39;269.97;52.469;0;5.8465;479.68;0;479.68;151.39;52.469;269.97;5.8465;0.3156;0.575;0;0.0122;462.67;17.014;0;0;11.881;5.1332;452.44;9.3008;0.5777;0.2002;8.3951;0.1278;461.74;0.9253;0.3028;0.1049;0.5162;0.0014;454.15;150.51;52.164;249.18;0.5841;270.97;220.03;82.468;3.9864;2.969;42.707;1.7066;41.69;0;1;0;0;1.0294;0.9645;1;1;0.956;0.122;0.9799;0.9962;1;0.9674;0.8205;0.998;0.998;1;0.998;0.998;0.9432;0.923;0.0999;1.4405;1.4579;0.0088;0.0069;0.0449;0.0098;0.0347;0.0082;0;0;0.088;0;1.2028;0;0;0;0;0;0;0;0;0;0;0;0;0.0279;0.005;1.3117;1.3117;0;33.741;33.741;18.461;0.0408;1250.4;1049;1;0.0209;0.0209;0;0;0;0;0;0;1.2908;1.2028;0;17.346;20.087;15.907;18.42;98.409;98.409;11.512;10.483;9.6127;1.0296;0.87;0.0894;0.0756;0.835;177.67;0.7828;0
14/09/21 14:00;36.959;52.033;29.445;43.664;46.336;90;46.336;590.39;150.7;439.69;15.88;3.7499;0;636.85;58.579;117.89;0;17.363;830.68;0;830.68;636.85;117.89;58.579;17.363;0.7667;0.0914;0;0.0209;809.42;21.262;0;0;5.0779;16.184;805.22;2.5772;0.6464;0.1197;1.7469;0.0642;807.8;1.6188;1.2737;0.2358;0.107;0.0024;809.58;634.93;117.53;51.648;1.1131;255.56;207.51;77.037;3.9617;2.8615;41.161;4.3617;40.061;0;1;0;0;1.407;0.9744;1;1;0.9133;0.0679;0.9968;0.999;1;0.9673;0.9454;0.998;0.998;1;0.998;0.998;0.9694;0.8817;0.0641;2.4945;2.5251;0.0152;-0.0022;0.2132;0.0161;0.0571;0.0075;0;0;0.088;0;2.0342;0;0;0;0;0;0;0;0;0;0;0;0;0.046;0.0141;2.1582;2.1582;0;49.096;49.096;33.216;0.0413;2173.1;993.16;1;0.036;0.036;0;0;0;0;0;0;2.1222;2.0342;0;16.482;19.086;15.535;17.989;98.33;98.33;19.936;17.249;16.257;2.6876;0.9913;0.1348;0.0497;0.8155;44.14;0.7863;0
14/09/21 15:00;26.507;64.69;22.52;28.885;60;90;60;426.91;139.4;287.51;15.4;3.48;0;595.08;54.808;137.27;0;20.278;807.43;0;807.43;595.08;137.27;54.808;20.278;0.737;0.093;0;0.0251;781.5;25.933;0;0;6.9121;19.021;777.59;2.3444;0.462;0.1066;1.6904;0.0855;779.94;1.563;1.1902;0.2745;0.0958;0.0025;780.97;593.43;136.89;46.11;1.1693;101.06;82.065;32.805;9.168;1.4736;21.198;3.3763;13.503;0;1;0;0;1.8913;0.9679;1;1;0.8739;0.062;0.997;0.9992;1;0.9646;0.9319;0.998;0.998;1;0.998;0.998;0.963;0.8413;0.0577;2.4247;2.3969;0.0144;-0.0019;0.1884;0.0154;0.0545;0.0039;0;0;0.088;0;1.9435;0;0;0;0;0;0;0;0;0;0;0;0;0.0439;0.0127;2.0656;2.0656;0;47.433;47.433;32.033;0.0412;2063.4;1001.1;1;0.0341;0.0341;0;0;0;0;0;0;2.0315;1.9435;0;16.228;18.792;15.269;17.681;98.35;98.35;19.378;16.508;15.532;2.8704;0.9757;0.1481;0.0503;0.8015;47.714;0.7861;0
14/09/21 16:00;14.997;74.962;51.129;15.503;24.907;90;24.907;210.6;131;79.606;14.6;2.3999;0;193.07;96.526;72.184;0;1.8608;363.64;0;363.64;193.07;72.184;96.526;1.8608;0.5309;0.2706;0;0.0051;358.85;4.7887;0;0;3.1922;1.5965;351.27;6.8653;2.699;1.0091;3.1032;0.0539;358.13;0.7177;0.3861;0.1444;0.1867;0.0005;351.52;189.98;71.03;90.044;0.2099;62.115;50.438;18.536;0.7624;0.6947;9.9928;0.2532;9.9251;0;1;0;0;1.7267;0.9868;1;1;0.9669;0.1421;0.9808;0.986;1;0.9667;0.7955;0.998;0.998;1;0.998;0.998;0.966;0.9328;0.1128;1.092;1.0798;0.0065;0.0123;0.0149;0.0073;0.026;0.0019;0;0;0.088;0;0.8828;0;0;0;0;0;0;0;0;0;0;0;0;0.0209;0.0029;0.987;0.987;0;28.895;28.895;14.295;0.0407;925.87;1066;1;0.0162;0.0162;0;0;0;0;0;0;0.9708;0.8828;0;17.218;19.938;15.4;17.833;98.357;98.357;8.7273;7.888;7.0551;0.8393;0.8329;0.0962;0.0954;0.8084;61.579;0.7921;0
14/09/21 17:00;4.57;82.818;78.858;4.606;6.6246;90;6.6246;19.398;19.197;0.2005;12.37;2.6901;0;0.4863;19.098;0.0865;0;0.0123;19.683;0;19.683;0.4863;0.0865;19.098;0.0123;0.0247;0.9709;0;0.0006;19.602;0.0808;0;0;0.0705;0.0103;18.588;0.9749;0.1372;0.0244;0.8129;0.0005;19.563;0.0392;0.001;0.0002;0.0381;0;18.589;0.3482;0.062;18.176;0.0016;11.37;9.2323;3.2537;0.001;0.1272;1.8298;0.0013;1.956;0;1;0;0;1.0147;0.9959;1;1;0.9963;0.1642;0.9502;0.7174;1;0.9572;0.7757;0.998;0.998;1;0.998;0.998;0.9444;0.9518;0.1271;0.0591;0.0598;0.0004;0.0087;-0.0026;0.0004;0.0013;0.0003;0;0;0.088;0;-0.041;0;0;0;0;0;0;0;0;0;0;0;0;0.0011;0;0.0503;0.0503;0;13.141;13.141;0.7709;0.0415;49.415;1017.2;1;0.0032;0.0032;0;0;0;0;0;0;0.047;-0.041;0;16.2;18.759;-13.203;-15.288;93.576;93.576;0.4724;0.4017;-0.3274;0.0707;0.7291;0.1496;1.5434;0;11.369;0;0
14/09/21 18:00;0;0;90;0;0;90;0;0;0;0;8.8699;2.81;0;0;0;0;0;0;0;0;0;0;0;0;0;1;1;1;1;0;0;0;0;0;0;0;0;0;0;0;0;0;0;0;0;0;0;0;0;0;0;0;0;0;0;0;0;0;0;0;0;0;0;0;1;1;1;1;1;1;1;1;1;1;1;1;1;1;1;1;1;1;1;0;0;0;0;0;0;0;0;0;0.0004;0.088;0;-0.0884;0;0;0;0;0;0;0;0;0;0;0;0;0;0;0;0;0;0;0;-8.8699;0;0;0;0;0.0004;0;0;0;0;0;0;0;-0.0004;-0.0884;0;0;0;0;0;0;0;0;0;-0.7063;0;0.7063;1;1;0;0;0;0
14/09/21 19:00;0;0;90;0;0;90;0;0;0;0;5.79;2.8501;0;0;0;0;0;0;0;0;0;0;0;0;0;1;1;1;1;0;0;0;0;0;0;0;0;0;0;0;0;0;0;0;0;0;0;0;0;0;0;0;0;0;0;0;0;0;0;0;0;0;0;0;1;1;1;1;1;1;1;1;1;1;1;1;1;1;1;1;1;1;1;0;0;0;0;0;0;0;0;0;0.0004;0.088;0;-0.0884;0;0;0;0;0;0;0;0;0;0;0;0;0;0;0;0;0;0;0;-5.79;0;0;0;0;0.0004;0;0;0;0;0;0;0;-0.0004;-0.0884;0;0;0;0;0;0;0;0;0;-0.7063;0;0.7063;1;1;0;0;0;0
14/09/21 20:00;0;0;90;0;0;90;0;0;0;0;3;2.7999;0;0;0;0;0;0;0;0;0;0;0;0;0;1;1;1;1;0;0;0;0;0;0;0;0;0;0;0;0;0;0;0;0;0;0;0;0;0;0;0;0;0;0;0;0;0;0;0;0;0;0;0;1;1;1;1;1;1;1;1;1;1;1;1;1;1;1;1;1;1;1;0;0;0;0;0;0;0;0;0;0.0004;0.088;0;-0.0884;0;0;0;0;0;0;0;0;0;0;0;0;0;0;0;0;0;0;0;-3;0;0;0;0;0.0004;0;0;0;0;0;0;0;-0.0004;-0.0884;0;0;0;0;0;0;0;0;0;-0.7063;0;0.7063;1;1;0;0;0;0
14/09/21 21:00;0;0;90;0;0;90;0;0;0;0;2.6397;2.6399;0;0;0;0;0;0;0;0;0;0;0;0;0;1;1;1;1;0;0;0;0;0;0;0;0;0;0;0;0;0;0;0;0;0;0;0;0;0;0;0;0;0;0;0;0;0;0;0;0;0;0;0;1;1;1;1;1;1;1;1;1;1;1;1;1;1;1;1;1;1;1;0;0;0;0;0;0;0;0;0;0.0004;0.088;0;-0.0884;0;0;0;0;0;0;0;0;0;0;0;0;0;0;0;0;0;0;0;-2.6397;0;0;0;0;0.0004;0;0;0;0;0;0;0;-0.0004;-0.0884;0;0;0;0;0;0;0;0;0;-0.7063;0;0.7063;1;1;0;0;0;0
14/09/21 22:00;0;0;90;0;0;90;0;0;0;0;1.9497;2.3801;0;0;0;0;0;0;0;0;0;0;0;0;0;1;1;1;1;0;0;0;0;0;0;0;0;0;0;0;0;0;0;0;0;0;0;0;0;0;0;0;0;0;0;0;0;0;0;0;0;0;0;0;1;1;1;1;1;1;1;1;1;1;1;1;1;1;1;1;1;1;1;0;0;0;0;0;0;0;0;0;0.0004;0.088;0;-0.0884;0;0;0;0;0;0;0;0;0;0;0;0;0;0;0;0;0;0;0;-1.9497;0;0;0;0;0.0004;0;0;0;0;0;0;0;-0.0004;-0.0884;0;0;0;0;0;0;0;0;0;-0.7063;0;0.7063;1;1;0;0;0;0
14/09/21 23:00;0;0;90;0;0;90;0;0;0;0;1.61;2.1;0;0;0;0;0;0;0;0;0;0;0;0;0;1;1;1;1;0;0;0;0;0;0;0;0;0;0;0;0;0;0;0;0;0;0;0;0;0;0;0;0;0;0;0;0;0;0;0;0;0;0;0;1;1;1;1;1;1;1;1;1;1;1;1;1;1;1;1;1;1;1;0;0;0;0;0;0;0;0;0;0.0004;0.088;0;-0.0884;0;0;0;0;0;0;0;0;0;0;0;0;0;0;0;0;0;0;0;-1.61;0;0;0;0;0.0004;0;0;0;0;0;0;0;-0.0004;-0.0884;0;0;0;0;0;0;0;0;0;-0.7063;0;0.7063;1;1;0;0;0;0
15/09/21 00:00;0;0;90;0;0;90;0;0;0;0;1.0901;1.9101;0;0;0;0;0;0;0;0;0;0;0;0;0;1;1;1;1;0;0;0;0;0;0;0;0;0;0;0;0;0;0;0;0;0;0;0;0;0;0;0;0;0;0;0;0;0;0;0;0;0;0;0;1;1;1;1;1;1;1;1;1;1;1;1;1;1;1;1;1;1;1;0;0;0;0;0;0;0;0;0;0.0004;0.088;0;-0.0884;0;0;0;0;0;0;0;0;0;0;0;0;0;0;0;0;0;0;0;-1.0901;0;0;0;0;0.0004;0;0;0;0;0;0;0;-0.0004;-0.0884;0;0;0;0;0;0;0;0;0;-0.7063;0;0.7063;1;1;0;0;0;0
15/09/21 01:00;0;0;90;0;0;90;0;0;0;0;0.6002;2.0601;0;0;0;0;0;0;0;0;0;0;0;0;0;1;1;1;1;0;0;0;0;0;0;0;0;0;0;0;0;0;0;0;0;0;0;0;0;0;0;0;0;0;0;0;0;0;0;0;0;0;0;0;1;1;1;1;1;1;1;1;1;1;1;1;1;1;1;1;1;1;1;0;0;0;0;0;0;0;0;0;0.0004;0.088;0;-0.0884;0;0;0;0;0;0;0;0;0;0;0;0;0;0;0;0;0;0;0;-0.6002;0;0;0;0;0.0004;0;0;0;0;0;0;0;-0.0004;-0.0884;0;0;0;0;0;0;0;0;0;-0.7063;0;0.7063;1;1;0;0;0;0
15/09/21 02:00;0;0;90;0;0;90;0;0;0;0;0.3901;2.35;0;0;0;0;0;0;0;0;0;0;0;0;0;1;1;1;1;0;0;0;0;0;0;0;0;0;0;0;0;0;0;0;0;0;0;0;0;0;0;0;0;0;0;0;0;0;0;0;0;0;0;0;1;1;1;1;1;1;1;1;1;1;1;1;1;1;1;1;1;1;1;0;0;0;0;0;0;0;0;0;0.0004;0.088;0;-0.0884;0;0;0;0;0;0;0;0;0;0;0;0;0;0;0;0;0;0;0;-0.3901;0;0;0;0;0.0004;0;0;0;0;0;0;0;-0.0004;-0.0884;0;0;0;0;0;0;0;0;0;-0.7063;0;0.7063;1;1;0;0;0;0
15/09/21 03:00;0;0;90;0;0;90;0;0;0;0;-0.0898;2.5599;0;0;0;0;0;0;0;0;0;0;0;0;0;1;1;1;1;0;0;0;0;0;0;0;0;0;0;0;0;0;0;0;0;0;0;0;0;0;0;0;0;0;0;0;0;0;0;0;0;0;0;0;1;1;1;1;1;1;1;1;1;1;1;1;1;1;1;1;1;1;1;0;0;0;0;0;0;0;0;0;0.0004;0.088;0;-0.0884;0;0;0;0;0;0;0;0;0;0;0;0;0;0;0;0;0;0;0;0.0898;0;0;0;0;0.0004;0;0;0;0;0;0;0;-0.0004;-0.0884;0;0;0;0;0;0;0;0;0;-0.7063;0;0.7063;1;1;0;0;0;0
15/09/21 04:00;0;0;90;0;0;90;0;0;0;0;-0.3597;2.7099;0;0;0;0;0;0;0;0;0;0;0;0;0;1;1;1;1;0;0;0;0;0;0;0;0;0;0;0;0;0;0;0;0;0;0;0;0;0;0;0;0;0;0;0;0;0;0;0;0;0;0;0;1;1;1;1;1;1;1;1;1;1;1;1;1;1;1;1;1;1;1;0;0;0;0;0;0;0;0;0;0.0004;0.088;0;-0.0884;0;0;0;0;0;0;0;0;0;0;0;0;0;0;0;0;0;0;0;0.3597;0;0;0;0;0.0004;0;0;0;0;0;0;0;-0.0004;-0.0884;0;0;0;0;0;0;0;0;0;-0.7063;0;0.7063;1;1;0;0;0;0
15/09/21 05:00;0;0;90;0;0;90;0;0;0;0;-0.4402;2.83;0;0;0;0;0;0;0;0;0;0;0;0;0;1;1;1;1;0;0;0;0;0;0;0;0;0;0;0;0;0;0;0;0;0;0;0;0;0;0;0;0;0;0;0;0;0;0;0;0;0;0;0;1;1;1;1;1;1;1;1;1;1;1;1;1;1;1;1;1;1;1;0;0;0;0;0;0;0;0;0;0.0004;0.088;0;-0.0884;0;0;0;0;0;0;0;0;0;0;0;0;0;0;0;0;0;0;0;0.4402;0;0;0;0;0.0004;0;0;0;0;0;0;0;-0.0004;-0.0884;0;0;0;0;0;0;0;0;0;-0.7063;0;0.7063;1;1;0;0;0;0
15/09/21 06:00;6.0779;-82.205;75.12;6.1341;8.8859;-90;-8.8859;78.803;19.098;59.705;0.1302;3.5999;0;144.8;11.082;19.278;0;0.0899;175.25;0;175.25;144.8;19.278;11.082;0.0899;0.8263;0.0637;0;0.0005;175.11;0.1409;0;0;0.0659;0.0749;143.51;31.254;27.176;3.6181;0.4567;0.0033;174.76;0.3502;0.2896;0.0386;0.022;0;143.51;117.34;15.621;10.537;0.0115;6.9572;5.6492;1.8993;0.002;0.0839;1.2067;0.0021;1.2885;0;1;0;0;2.2239;0.9992;1;1;0.9941;0.166;0.8212;0.8119;1;0.9585;0.7754;0.998;0.998;1;0.998;0.998;0.8189;0.9509;0.1284;0.5263;0.4348;0.0026;0.018;-0.0298;0.0031;0.011;0.0002;0;0;0.088;0;0.3228;0;0;0;0;0;0;0;0;0;0;0;0;0.0089;0.0006;0.42;0.42;0;5.8981;5.8981;5.7679;0.0402;370.6;1133.3;1;0.0092;0.0092;0;0;0;0;0;0;0.4108;0.3228;0;15.203;17.605;11.683;13.529;97.802;97.802;4.206;3.3566;2.5796;0.8494;0.7771;0.2019;0.1848;0.6133;6.6257;0.6102;0
15/09/21 07:00;17.854;-73.139;41.962;18.602;32.081;-90;-32.081;280.79;46.696;234.09;3.6501;3.2501;0;567.74;18.824;63.826;0;4.0733;654.47;0;654.47;567.74;63.826;18.824;4.0733;0.8675;0.035;0;0.0062;649.93;4.5376;0;0;0.9307;3.6069;642.91;5.7171;4.5512;0.5116;0.5786;0.0757;648.63;1.2999;1.1355;0.1277;0.0358;0.0009;643.01;562.06;63.187;17.278;0.3898;13.867;11.26;4.4304;0.3604;0.1484;2.1353;0.0944;1.9233;0;1;0;0;2.3308;0.9931;1;1;0.9506;0.1145;0.9912;0.992;1;0.9676;0.8374;0.998;0.998;1;0.998;0.998;0.9823;0.9179;0.0957;1.9654;1.9412;0.0117;0.001;0.0322;0.0133;0.0471;0.0004;0;0;0.088;0;1.6709;0;0;0;0;0;0;0;0;0;0;0;0;0.0379;0.0086;1.7891;1.7891;0;29.76;29.76;26.11;0.0406;1669.1;1071.9;1;0.0302;0.0302;0;0;0;0;0;0;1.7589;1.6709;0;17.341;20.081;16.196;18.754;98.314;98.314;15.707;14.298;13.354;1.409;0.9443;0.0897;0.0601;0.8502;12.591;0.8481;0
15/09/21 08:00;29.209;-62.449;23.811;32.236;57.764;-90;-57.764;465.39;82.298;383.09;7.42;1.8301;0;718.21;26.536;89.402;0;20.629;854.78;0;854.78;718.21;89.402;26.536;20.629;0.8402;0.0552;0;0.0241;832.29;22.486;0;0;3.1608;19.325;829.08;1.5427;0.5895;0.0734;0.8103;0.0695;830.63;1.6646;1.4364;0.1788;0.0468;0.0026;832.78;716.18;89.15;22.518;1.232;121.93;99.011;36.275;3.8796;1.5259;21.949;3.6992;19.596;0;1;0;0;1.8367;0.9737;1;1;0.8809;0.0632;0.9981;0.9992;1;0.9653;0.9466;0.998;0.998;1;0.998;0.998;0.9699;0.8486;0.0597;2.5669;2.5545;0.0154;-0.0022;0.1459;0.0168;0.0595;0.0041;0;0;0.088;0;2.1257;0;0;0;0;0;0;0;0;0;0;0;0;0.0479;0.0143;2.2528;2.2528;0;41.402;41.402;33.982;0.041;2196.6;1025.6;1;0.0391;0.0391;0;0;0;0;0;0;2.2137;2.1257;0;16.719;19.36;15.775;18.268;98.263;98.263;20.515;18.004;16.988;2.5102;1.016;0.1224;0.0495;0.8281;22.515;0.8125;0
15/09/21 09:00;39.362;-49.063;30.437;47.357;42.643;-90;-42.643;652.3;107.4;544.9;11.4;0.59;0;740.77;34.096;92.595;0;16.385;883.84;0;883.84;740.77;92.595;34.096;16.385;0.8381;0.0571;0;0.0185;866.1;17.744;0;0;2.6138;15.13;862.18;2.1857;0.955;0.1194;1.0195;0.0918;864.37;1.7322;1.4815;0.1852;0.063;0.0025;866.44;738.33;92.291;30.4;1.161;295.93;240.29;89.793;1.7342;3.0898;44.446;4.2644;45.801;0;1;0;0;1.355;0.9799;1;1;0.9233;0.0766;0.9975;0.9987;1;0.9676;0.9267;0.998;0.998;1;0.998;0.998;0.9755;0.8916;0.0709;2.6542;2.7033;0.0163;-0.0019;0.2068;0.0174;0.0616;0.0082;0;0;0.088;0;2.201;0;0;0;0;0;0;0;0;0;0;0;0;0.0496;0.016;2.3295;2.3295;0;46.9;46.9;35.5;0.0412;2325.7;1001.6;1;0.0405;0.0405;0;0;0;0;0;0;2.289;2.201;0;16.719;19.361;15.797;18.293;98.261;98.261;21.212;18.617;17.59;2.5951;1.027;0.1223;0.0484;0.8292;24.845;0.7992;0
15/09/21 10:00;47.33;-31.533;35.288;64.261;25.739;-90;-25.739;193.8;190.3;3.5039;13.45;0.19;0;3.8899;180.22;0.7431;0;1.8267;186.68;0;186.68;3.8899;0.7431;180.22;1.8267;0.0208;0.9752;0;0.0098;178.84;7.84;0;0;6.271;1.569;172.66;5.8278;0.016;0.0031;5.7573;0.0513;178.48;0.3577;0.0078;0.0015;0.3479;0.0005;173.18;3.8661;0.7386;167.85;0.2059;117.82;95.669;35.117;1.5982;1.3303;19.136;0.5243;18.868;0;1;0;0;0.9633;0.958;1;1;0.9652;0.1411;0.9673;0.9959;1;0.9668;0.8005;0.998;0.998;1;0.998;0.998;0.9249;0.9313;0.1127;0.5606;0.5619;0.0034;0.0179;-0.0092;0.0038;0.0136;0.0037;0;0;0.088;0;0.419;0;0;0;0;0;0;0;0;0;0;0;0;0.011;0.0009;0.5167;0.5167;0;20.464;20.464;7.0142;0.0406;479.31;1078;1;0.0097;0.0097;0;0;0;0;0;0;0.507;0.419;0;17.557;20.331;14.237;16.486;98.122;98.122;4.4804;4.1292;3.3484;0.3511;0.7809;0.0784;0.1743;0.7473;115.55;0.6941;0
15/09/21 11:00;51.654;-9.3432;37.747;82.682;7.3182;-90;-7.3182;312.3;297.2;15.097;13.55;0.5599;0;15.221;291.79;4.2575;0;0.2417;311.51;0;311.51;15.221;4.2575;291.79;0.2417;0.0489;0.9375;0;0.0008;310.04;1.4628;0;0;1.2611;0.2017;297;12.42;0.0846;0.0237;12.303;0.0089;309.42;0.6201;0.0304;0.0085;0.5811;0.0001;297.03;15.106;4.2253;277.64;0.0309;185.24;150.41;53.206;0.0233;2.06;29.632;0.0306;31.669;0;1;0;0;0.9975;0.9953;1;1;0.9957;0.1654;0.9599;0.9944;1;0.9576;0.7758;0.998;0.998;1;0.998;0.998;0.9534;0.9515;0.128;0.9355;0.9571;0.0058;0.014;0.0021;0.0065;0.0232;0.0058;0;0;0.088;0;0.776;0;0;0;0;0;0;0;0;0;0;0;0;0.0187;0.0023;0.8787;0.8787;0;25.617;25.617;12.067;0.0406;817.36;1075;1;0.0147;0.0147;0;0;0;0;0;0;0.864;0.776;0;17.893;20.72;15.802;18.299;98.329;98.329;7.4762;7.0222;6.2015;0.4539;0.8207;0.0607;0.1098;0.8295;173.91;0.7744;0
15/09/21 12:00;51.069;14.742;37.423;78.385;11.615;90;11.615;948.09;156.4;791.69;14.85;0.99;0;808.24;38.514;119.94;0;1.8444;968.55;0;968.55;808.24;119.94;38.514;1.8444;0.8345;0.0417;0;0.0019;966.65;1.8993;0;0;0.3593;1.5399;958.15;6.5676;4.3376;0.6437;1.5178;0.0685;964.71;1.9333;1.6165;0.2399;0.0763;0.0006;958.52;802.29;119.06;36.56;0.2354;551.53;447.84;167.66;0.0201;5.5296;79.54;0.372;85.05;0;1;0;0;1.0216;0.998;1;1;0.9907;0.1651;0.9932;0.9946;1;0.9601;0.7746;0.998;0.998;1;0.998;0.998;0.9893;0.9493;0.1276;2.9085;3.0546;0.0184;0.0004;0.3158;0.019;0.0675;0.0142;0;0;0.088;0;2.4117;0;0;0;0;0;0;0;0;0;0;0;0;0.0544;0.0201;2.5447;2.5447;0;54.553;54.553;39.703;0.0414;2625.2;969.33;1;0.045;0.045;0;0;0;0;0;0;2.4997;2.4117;0;16.667;19.3;15.796;18.291;98.23;98.23;23.245;20.337;19.274;2.9077;1.0632;0.1251;0.0457;0.8292;23.185;0.7811;0
15/09/21 13:00;45.773;35.963;34.371;60.247;29.753;90;29.753;270.81;261.2;9.606;15.28;1.3401;0;11.065;241.57;2.977;0;3.3915;259;0;259;11.065;2.977;241.57;3.3915;0.0427;0.9458;0;0.0131;245.41;13.593;0;0;10.616;2.9774;237.28;7.6377;0.0397;0.0107;7.5131;0.0742;244.92;0.4908;0.0221;0.006;0.4619;0.0008;238.32;11.003;2.9603;222.98;0.3391;165.38;134.29;50.07;3.5553;1.9021;27.362;1.0389;25.709;0;1;0;0;0.9564;0.9475;1;1;0.9561;0.1221;0.9688;0.9964;1;0.9674;0.8204;0.998;0.998;1;0.998;0.998;0.9161;0.923;0.1;0.7778;0.7755;0.0047;0.0162;-0.0002;0.0053;0.0187;0.0053;0;0;0.088;0;0.6086;0;0;0;0;0;0;0;0;0;0;0;0;0.0151;0.0016;0.7087;0.7087;0;24.931;24.931;9.6509;0.0407;661.99;1070.6;1;0.0122;0.0122;0;0;0;0;0;0;0.6966;0.6086;0;17.359;20.101;14.905;17.26;98.28;98.28;6.2161;5.6643;4.8636;0.5518;0.8007;0.0888;0.1288;0.7824;158.95;0.7251;0
15/09/21 14:00;37.193;52.433;29.057;43.752;46.248;90;46.248;704.11;116.2;587.9;15.58;1.5801;0;850.14;27.729;120.63;0;20.633;1019.1;0;1019.1;850.14;120.63;27.729;20.633;0.8342;0.0475;0;0.0202;997.5;21.625;0;0;2.397;19.228;993.63;1.8763;0.8516;0.1208;0.8269;0.077;995.51;1.995;1.7003;0.2413;0.0507;0.0028;998.6;847.59;120.26;24.454;1.3247;293.89;238.64;87.805;1.8661;3.167;45.556;4.9712;46.857;0;1;0;0;1.4474;0.9788;1;1;0.9136;0.0681;0.9981;0.999;1;0.9673;0.945;0.998;0.998;1;0.998;0.998;0.975;0.8819;0.0642;3.0604;3.1037;0.0187;0.001;0.346;0.0192;0.068;0.008;0;0;0.088;0;2.4339;0;0;0;0;0;0;0;0;0;0;0;0;0.0547;0.0208;2.5673;2.5673;0;56.833;56.833;41.253;0.0415;2670.1;961.51;1;0.0454;0.0454;0;0;0;0;0;0;2.5219;2.4339;0;15.98;18.505;15.15;17.544;98.232;98.232;24.459;20.518;19.452;3.9412;1.066;0.1611;0.0436;0.7953;20.876;0.7695;0
15/09/21 15:00;26.697;65.077;22.136;29.009;60;90;60;191.79;183;8.7888;14.66;1.7;0;18.12;135.27;5.448;0;9.1101;167.95;0;167.95;18.12;5.448;135.27;9.1101;0.1079;0.8597;0;0.0542;142.34;25.604;0;0;17.059;8.5452;137.83;4.2284;0.0138;0.0042;4.172;0.0384;142.06;0.2847;0.0362;0.0109;0.2364;0.0011;141.54;18.07;5.433;113.8;0.5253;119.52;97.052;41.217;22.617;2.3508;33.815;3.7079;13.549;0;1;0;0;0.8757;0.8475;1;1;0.8739;0.062;0.9702;0.9992;1;0.9646;0.9319;0.998;0.998;1;0.998;0.998;0.8207;0.8413;0.0577;0.5043;0.4976;0.003;0.0181;-0.0085;0.0034;0.012;0.0066;0;0;0.088;0;0.3556;0;0;0;0;0;0;0;0;0;0;0;0;0.0097;0.0008;0.4525;0.4525;0;20.27;20.27;5.6099;0.0407;422.71;1070.5;1;0.009;0.009;0;0;0;0;0;0;0.4436;0.3556;0;17.093;19.793;13.431;15.552;98.021;98.021;4.0308;3.6166;2.8418;0.4141;0.7749;0.1027;0.1922;0.705;117.76;0.6127;0
15/09/21 16:00;15.159;75.335;50.639;15.645;25.202;90;25.202;222.6;126.7;95.897;14.98;1.4399;0;232.58;88.006;83.177;0;2.0129;405.77;0;405.77;232.58;83.177;88.006;2.0129;0.5732;0.2218;0;0.005;401.08;4.6951;0;0;2.9659;1.7292;393.17;7.1087;3.1146;1.1139;2.8227;0.0575;400.28;0.8022;0.4652;0.1664;0.1701;0.0006;393.41;229;81.896;82.048;0.2255;56.88;46.187;17.015;0.7247;0.6352;9.1368;0.2379;9.0472;0;1;0;0;1.8229;0.9884;1;1;0.9663;0.1409;0.9822;0.9866;1;0.9667;0.7968;0.998;0.998;1;0.998;0.998;0.9689;0.9323;0.112;1.2185;1.2042;0.0072;0.0105;0.0256;0.0081;0.0288;0.0018;0;0;0.088;0;0.9895;0;0;0;0;0;0;0;0;0;0;0;0;0.0232;0.0036;1.0953;1.0953;0;30.998;30.998;16.018;0.0407;1033.9;1059.4;1;0.0178;0.0178;0;0;0;0;0;0;1.0775;0.9895;0;17.123;19.829;15.47;17.914;98.378;98.378;9.7386;8.7537;7.9084;0.9849;0.8453;0.1011;0.0868;0.8121;56.242;0.7986;0
15/09/21 17:00;4.7196;83.185;78.489;4.753;6.8401;90;6.8401;19.105;18.798;0.3065;12.94;1.7501;0;0.7435;18.68;0.1254;0;0.0129;19.562;0;19.562;0.7435;0.1254;18.68;0.0129;0.038;0.9556;0;0.0007;19.478;0.0834;0;0;0.0726;0.0108;18.411;1.0284;0.2013;0.0339;0.7928;0.0005;19.439;0.039;0.0015;0.0003;0.0372;0;18.412;0.5407;0.0912;17.777;0.0016;11.126;9.0341;3.1844;0.0011;0.1244;1.7901;0.0014;1.9134;0;1;0;0;1.0239;0.9957;1;1;0.9961;0.1643;0.9471;0.7288;1;0.9573;0.7756;0.998;0.998;1;0.998;0.998;0.9412;0.9517;0.1272;0.0587;0.0592;0.0004;0.0086;-0.0024;0.0004;0.0013;0.0003;0;0;0.088;0;-0.0416;0;0;0;0;0;0;0;0;0;0;0;0;0.0011;0;0.0496;0.0496;0;13.704;13.704;0.7641;0.0415;48.898;1014.3;1;0.0032;0.0032;0;0;0;0;0;0;0.0464;-0.0416;0;16.083;18.624;-13.493;-15.624;93.544;93.544;0.4695;0.3964;-0.3325;0.0731;0.7289;0.1557;1.5525;0;11.124;0;0
15/09/21 18:00;0;0;90;0;0;90;0;0;0;0;7.7498;1.87;0;0;0;0;0;0;0;0;0;0;0;0;0;1;1;1;1;0;0;0;0;0;0;0;0;0;0;0;0;0;0;0;0;0;0;0;0;0;0;0;0;0;0;0;0;0;0;0;0;0;0;0;1;1;1;1;1;1;1;1;1;1;1;1;1;1;1;1;1;1;1;0;0;0;0;0;0;0;0;0;0.0004;0.088;0;-0.0884;0;0;0;0;0;0;0;0;0;0;0;0;0;0;0;0;0;0;0;-7.7498;0;0;0;0;0.0004;0;0;0;0;0;0;0;-0.0004;-0.0884;0;0;0;0;0;0;0;0;0;-0.7063;0;0.7063;1;1;0;0;0;0
15/09/21 19:00;0;0;90;0;0;90;0;0;0;0;5.2602;1.9001;0;0;0;0;0;0;0;0;0;0;0;0;0;1;1;1;1;0;0;0;0;0;0;0;0;0;0;0;0;0;0;0;0;0;0;0;0;0;0;0;0;0;0;0;0;0;0;0;0;0;0;0;1;1;1;1;1;1;1;1;1;1;1;1;1;1;1;1;1;1;1;0;0;0;0;0;0;0;0;0;0.0004;0.088;0;-0.0884;0;0;0;0;0;0;0;0;0;0;0;0;0;0;0;0;0;0;0;-5.2602;0;0;0;0;0.0004;0;0;0;0;0;0;0;-0.0004;-0.0884;0;0;0;0;0;0;0;0;0;-0.7063;0;0.7063;1;1;0;0;0;0
15/09/21 20:00;0;0;90;0;0;90;0;0;0;0;3.69;1.8399;0;0;0;0;0;0;0;0;0;0;0;0;0;1;1;1;1;0;0;0;0;0;0;0;0;0;0;0;0;0;0;0;0;0;0;0;0;0;0;0;0;0;0;0;0;0;0;0;0;0;0;0;1;1;1;1;1;1;1;1;1;1;1;1;1;1;1;1;1;1;1;0;0;0;0;0;0;0;0;0;0.0004;0.088;0;-0.0884;0;0;0;0;0;0;0;0;0;0;0;0;0;0;0;0;0;0;0;-3.69;0;0;0;0;0.0004;0;0;0;0;0;0;0;-0.0004;-0.0884;0;0;0;0;0;0;0;0;0;-0.7063;0;0.7063;1;1;0;0;0;0
15/09/21 21:00;0;0;90;0;0;90;0;0;0;0;3;1.6899;0;0;0;0;0;0;0;0;0;0;0;0;0;1;1;1;1;0;0;0;0;0;0;0;0;0;0;0;0;0;0;0;0;0;0;0;0;0;0;0;0;0;0;0;0;0;0;0;0;0;0;0;1;1;1;1;1;1;1;1;1;1;1;1;1;1;1;1;1;1;1;0;0;0;0;0;0;0;0;0;0.0004;0.088;0;-0.0884;0;0;0;0;0;0;0;0;0;0;0;0;0;0;0;0;0;0;0;-3;0;0;0;0;0.0004;0;0;0;0;0;0;0;-0.0004;-0.0884;0;0;0;0;0;0;0;0;0;-0.7063;0;0.7063;1;1;0;0;0;0
15/09/21 22:00;0;0;90;0;0;90;0;0;0;0;2.1697;1.65;0;0;0;0;0;0;0;0;0;0;0;0;0;1;1;1;1;0;0;0;0;0;0;0;0;0;0;0;0;0;0;0;0;0;0;0;0;0;0;0;0;0;0;0;0;0;0;0;0;0;0;0;1;1;1;1;1;1;1;1;1;1;1;1;1;1;1;1;1;1;1;0;0;0;0;0;0;0;0;0;0.0004;0.088;0;-0.0884;0;0;0;0;0;0;0;0;0;0;0;0;0;0;0;0;0;0;0;-2.1697;0;0;0;0;0.0004;0;0;0;0;0;0;0;-0.0004;-0.0884;0;0;0;0;0;0;0;0;0;-0.7063;0;0.7063;1;1;0;0;0;0
15/09/21 23:00;0;0;90;0;0;90;0;0;0;0;1.6;2.04;0;0;0;0;0;0;0;0;0;0;0;0;0;1;1;1;1;0;0;0;0;0;0;0;0;0;0;0;0;0;0;0;0;0;0;0;0;0;0;0;0;0;0;0;0;0;0;0;0;0;0;0;1;1;1;1;1;1;1;1;1;1;1;1;1;1;1;1;1;1;1;0;0;0;0;0;0;0;0;0;0.0004;0.088;0;-0.0884;0;0;0;0;0;0;0;0;0;0;0;0;0;0;0;0;0;0;0;-1.6;0;0;0;0;0.0004;0;0;0;0;0;0;0;-0.0004;-0.0884;0;0;0;0;0;0;0;0;0;-0.7063;0;0.7063;1;1;0;0;0;0
16/09/21 00:00;0;0;90;0;0;90;0;0;0;0;1.7702;2.6201;0;0;0;0;0;0;0;0;0;0;0;0;0;1;1;1;1;0;0;0;0;0;0;0;0;0;0;0;0;0;0;0;0;0;0;0;0;0;0;0;0;0;0;0;0;0;0;0;0;0;0;0;1;1;1;1;1;1;1;1;1;1;1;1;1;1;1;1;1;1;1;0;0;0;0;0;0;0;0;0;0.0004;0.088;0;-0.0884;0;0;0;0;0;0;0;0;0;0;0;0;0;0;0;0;0;0;0;-1.7702;0;0;0;0;0.0004;0;0;0;0;0;0;0;-0.0004;-0.0884;0;0;0;0;0;0;0;0;0;-0.7063;0;0.7063;1;1;0;0;0;0
16/09/21 01:00;0;0;90;0;0;90;0;0;0;0;0.6301;3.0101;0;0;0;0;0;0;0;0;0;0;0;0;0;1;1;1;1;0;0;0;0;0;0;0;0;0;0;0;0;0;0;0;0;0;0;0;0;0;0;0;0;0;0;0;0;0;0;0;0;0;0;0;1;1;1;1;1;1;1;1;1;1;1;1;1;1;1;1;1;1;1;0;0;0;0;0;0;0;0;0;0.0004;0.088;0;-0.0884;0;0;0;0;0;0;0;0;0;0;0;0;0;0;0;0;0;0;0;-0.6301;0;0;0;0;0.0004;0;0;0;0;0;0;0;-0.0004;-0.0884;0;0;0;0;0;0;0;0;0;-0.7063;0;0.7063;1;1;0;0;0;0
16/09/21 02:00;0;0;90;0;0;90;0;0;0;0;1.4298;3.3401;0;0;0;0;0;0;0;0;0;0;0;0;0;1;1;1;1;0;0;0;0;0;0;0;0;0;0;0;0;0;0;0;0;0;0;0;0;0;0;0;0;0;0;0;0;0;0;0;0;0;0;0;1;1;1;1;1;1;1;1;1;1;1;1;1;1;1;1;1;1;1;0;0;0;0;0;0;0;0;0;0.0004;0.088;0;-0.0884;0;0;0;0;0;0;0;0;0;0;0;0;0;0;0;0;0;0;0;-1.4298;0;0;0;0;0.0004;0;0;0;0;0;0;0;-0.0004;-0.0884;0;0;0;0;0;0;0;0;0;-0.7063;0;0.7063;1;1;0;0;0;0
16/09/21 03:00;0;0;90;0;0;90;0;0;0;0;0.2399;3.9199;0;0;0;0;0;0;0;0;0;0;0;0;0;1;1;1;1;0;0;0;0;0;0;0;0;0;0;0;0;0;0;0;0;0;0;0;0;0;0;0;0;0;0;0;0;0;0;0;0;0;0;0;1;1;1;1;1;1;1;1;1;1;1;1;1;1;1;1;1;1;1;0;0;0;0;0;0;0;0;0;0.0004;0.088;0;-0.0884;0;0;0;0;0;0;0;0;0;0;0;0;0;0;0;0;0;0;0;-0.2399;0;0;0;0;0.0004;0;0;0;0;0;0;0;-0.0004;-0.0884;0;0;0;0;0;0;0;0;0;-0.7063;0;0.7063;1;1;0;0;0;0
16/09/21 04:00;0;0;90;0;0;90;0;0;0;0;0.4799;4.18;0;0;0;0;0;0;0;0;0;0;0;0;0;1;1;1;1;0;0;0;0;0;0;0;0;0;0;0;0;0;0;0;0;0;0;0;0;0;0;0;0;0;0;0;0;0;0;0;0;0;0;0;1;1;1;1;1;1;1;1;1;1;1;1;1;1;1;1;1;1;1;0;0;0;0;0;0;0;0;0;0.0004;0.088;0;-0.0884;0;0;0;0;0;0;0;0;0;0;0;0;0;0;0;0;0;0;0;-0.4799;0;0;0;0;0.0004;0;0;0;0;0;0;0;-0.0004;-0.0884;0;0;0;0;0;0;0;0;0;-0.7063;0;0.7063;1;1;0;0;0;0
16/09/21 05:00;0;0;90;0;0;90;0;0;0;0;-0.2899;4.2299;0;0;0;0;0;0;0;0;0;0;0;0;0;1;1;1;1;0;0;0;0;0;0;0;0;0;0;0;0;0;0;0;0;0;0;0;0;0;0;0;0;0;0;0;0;0;0;0;0;0;0;0;1;1;1;1;1;1;1;1;1;1;1;1;1;1;1;1;1;1;1;0;0;0;0;0;0;0;0;0;0.0004;0.088;0;-0.0884;0;0;0;0;0;0;0;0;0;0;0;0;0;0;0;0;0;0;0;0.2899;0;0;0;0;0.0004;0;0;0;0;0;0;0;-0.0004;-0.0884;0;0;0;0;0;0;0;0;0;-0.7063;0;0.7063;1;1;0;0;0;0
16/09/21 06:00;6.175;-82.613;74.878;6.2263;9.024;-90;-9.024;79.994;19.803;60.191;0.0797;4.42;0;145.98;11.556;19.826;0;0.0941;177.46;0;177.46;145.98;19.826;11.556;0.0941;0.8226;0.0657;0;0.0005;177.31;0.149;0;0;0.0705;0.0784;146.16;30.79;26.687;3.6245;0.4752;0.0035;176.95;0.3546;0.292;0.0397;0.023;0;146.17;119;16.162;10.988;0.0121;7.2464;5.8841;2.1353;0.0023;0.0772;1.1101;0.0021;1.185;0;1;0;0;2.2184;0.9992;1;1;0.9939;0.166;0.826;0.8168;1;0.9585;0.7754;0.998;0.998;1;0.998;0.998;0.8237;0.9508;0.1285;0.5329;0.4426;0.0027;0.0181;-0.0302;0.0032;0.0112;0.0002;0;0;0.088;0;0.3304;0;0;0;0;0;0;0;0;0;0;0;0;0.009;0.0006;0.4277;0.4277;0;5.9537;5.9537;5.874;0.0402;377.3;1133.7;1;0.0093;0.0093;0;0;0;0;0;0;0.4184;0.3304;0;15.291;17.706;11.812;13.678;97.822;97.822;4.259;3.4186;2.6408;0.8404;0.7778;0.1973;0.1826;0.6201;6.9115;0.6172;0
16/09/21 07:00;18.166;-73.397;40.877;18.901;32.878;-90;-32.878;263.6;57.4;206.2;4.3501;4.6101;0;500.09;27.039;67.924;0;4.011;599.07;0;599.07;500.09;67.924;27.039;4.011;0.8348;0.0518;0;0.0067;594.11;4.9551;0;0;1.3898;3.5653;587.83;5.0915;3.6921;0.5015;0.8282;0.0697;592.92;1.1882;1.0002;0.1358;0.0513;0.0009;588.01;495.4;67.287;24.77;0.375;19.34;15.704;5.5933;0.5628;0.249;3.5818;0.177;3.2681;0;1;0;0;2.2726;0.9917;1;1;0.9486;0.1111;0.9914;0.9926;1;0.9676;0.8432;0.998;0.998;1;0.998;0.998;0.9812;0.9161;0.0935;1.799;1.7786;0.0107;0.0028;0.0198;0.0122;0.0433;0.0007;0;0;0.088;0;1.5314;0;0;0;0;0;0;0;0;0;0;0;0;0.0349;0.0073;1.6469;1.6469;0;28.199;28.199;23.849;0.0406;1528.7;1077.3;1;0.0275;0.0275;0;0;0;0;0;0;1.6194;1.5314;0;17.439;20.194;16.216;18.778;98.331;98.331;14.378;13.162;12.239;1.2159;0.923;0.0846;0.0642;0.8512;18.192;0.8474;0
16/09/21 08:00;29.541;-62.699;23.519;32.528;57.472;-90;-57.472;498.7;82.298;416.4;9.3997;4.1301;0;774.39;23.852;95.357;0;21.902;915.51;0;915.51;774.39;95.357;23.852;21.902;0.8459;0.05;0;0.0239;892.17;23.339;0;0;2.8203;20.519;888.88;1.5044;0.6278;0.0773;0.7275;0.0717;890.38;1.7843;1.5488;0.1907;0.0421;0.0028;892.73;772.22;95.089;20.262;1.3084;130.99;106.36;39.191;3.4259;1.5765;22.678;3.8544;20.828;0;1;0;0;1.8358;0.9745;1;1;0.8818;0.0631;0.9983;0.9992;1;0.9653;0.948;0.998;0.998;1;0.998;0.998;0.9709;0.8495;0.0597;2.7493;2.7366;0.0165;-0.0018;0.2003;0.0177;0.0626;0.0042;0;0;0.088;0;2.2408;0;0;0;0;0;0;0;0;0;0;0;0;0.0504;0.0164;2.3705;2.3705;0;45.97;45.97;36.571;0.0411;2356;1006.1;1;0.0416;0.0416;0;0;0;0;0;0;2.3288;2.2408;0;16.425;19.02;15.527;17.98;98.243;98.243;21.972;18.945;17.909;3.0272;1.0361;0.1378;0.0472;0.8151;20.171;0.8002;0
16/09/21 09:00;39.721;-49.28;30.118;47.629;42.371;-90;-42.371;667.2;110.1;557.1;13.9;3.2501;0;754.07;34.162;95.844;0;16.557;900.63;0;900.63;754.07;95.844;34.162;16.557;0.8373;0.0563;0;0.0184;882.76;17.873;0;0;2.5945;15.279;878.94;2.0547;0.8316;0.1057;1.0219;0.0956;881;1.7655;1.5081;0.1917;0.0631;0.0026;883.22;751.73;95.547;30.483;1.1796;304.02;246.87;93.429;1.7;3.0924;44.483;4.2819;45.876;0;1;0;0;1.3499;0.9802;1;1;0.9241;0.0772;0.9977;0.9989;1;0.9676;0.9251;0.998;0.998;1;0.998;0.998;0.9759;0.8923;0.0712;2.7046;2.7539;0.0166;-0.0018;0.2427;0.0175;0.062;0.0081;0;0;0.088;0;2.2139;0;0;0;0;0;0;0;0;0;0;0;0;0.0499;0.0166;2.3424;2.3424;0;50.188;50.188;36.288;0.0413;2370.3;988.25;1;0.0405;0.0405;0;0;0;0;0;0;2.3019;2.2139;0;16.499;19.105;15.594;18.057;98.27;98.27;21.615;18.721;17.694;2.8946;1.0271;0.1339;0.0475;0.8186;24.834;0.7894;0
16/09/21 10:00;47.718;-31.656;34.938;64.487;25.513;-90;-25.513;802.21;132.4;669.81;15.5;2.66;0;742.18;41.828;97.983;0;7.4312;889.42;0;889.42;742.18;97.983;41.828;7.4312;0.8345;0.0554;0;0.0084;881.61;7.8111;0;0;1.435;6.3761;875.01;4.84;2.9066;0.3837;1.3386;0.2112;879.85;1.7632;1.4844;0.196;0.0808;0.0021;876.96;737.79;97.403;38.974;0.8419;440.3;357.52;132.39;0.3613;4.5313;65.182;1.95;69.352;0;1;0;0;1.1087;0.9912;1;1;0.9657;0.142;0.9945;0.9961;1;0.9668;0.7995;0.998;0.998;1;0.998;0.998;0.9838;0.9318;0.1133;2.6709;2.7787;0.0167;-0.0017;0.2595;0.0175;0.0622;0.0117;0;0;0.088;0;2.2174;0;0;0;0;0;0;0;0;0;0;0;0;0.0501;0.0168;2.3458;2.3458;0;51.671;51.671;36.17;0.0413;2390;981.51;1;0.0404;0.0404;0;0;0;0;0;0;2.3054;2.2174;0;16.731;19.374;15.815;18.313;98.276;98.276;21.346;18.748;17.721;2.5984;1.0265;0.1217;0.0481;0.8302;26.781;0.787;0
16/09/21 11:00;52.048;-9.2785;37.369;82.833;7.1673;-90;-7.1673;709.5;212.3;497.2;15.93;2.2301;0;501.12;113.1;99.53;0;0.5267;714.27;0;714.27;501.12;99.53;113.1;0.5267;0.7016;0.1591;0;0.0007;713.36;0.9121;0;0;0.4725;0.4396;703.93;8.003;2.6736;0.531;4.7789;0.0195;711.93;1.4267;1.0022;0.1991;0.2253;0.0002;704.01;497.44;98.799;107.62;0.0674;416.9;338.52;124.71;0.0083;4.3111;62.013;0.0777;66.316;0;1;0;0;1.0067;0.9987;1;1;0.9958;0.1653;0.9888;0.9947;1;0.9575;0.7758;0.998;0.998;1;0.998;0.998;0.9855;0.9516;0.128;2.145;2.2511;0.0136;-0.0014;0.1567;0.0146;0.0517;0.0115;0;0;0.088;0;1.8316;0;0;0;0;0;0;0;0;0;0;0;0;0.0416;0.0113;1.9516;1.9516;0;44.872;44.872;28.942;0.0411;1932.1;1010.1;1;0.0321;0.0321;0;0;0;0;0;0;1.9196;1.8316;0;17.333;20.071;16.266;18.836;98.356;98.356;17.143;15.598;14.638;1.545;0.9597;0.0901;0.056;0.8539;67.391;0.8018;0
16/09/21 12:00;51.427;15.014;37.029;78.327;11.673;90;11.673;879.7;145.1;734.6;16.49;1.9101;0;750.12;44.061;102.7;0;1.7285;898.61;0;898.61;750.12;102.7;44.061;1.7285;0.8348;0.051;0;0.0019;896.75;1.8577;0;0;0.4146;1.4432;888.78;6.1798;3.8534;0.5276;1.7347;0.0642;894.96;1.7935;1.5002;0.2054;0.0873;0.0006;889.13;744.76;101.97;41.824;0.2206;511.8;415.58;155.5;0.0234;5.1368;73.891;0.3491;79.004;0;1;0;0;1.0215;0.9979;1;1;0.9906;0.1651;0.9931;0.9949;1;0.9602;0.7746;0.998;0.998;1;0.998;0.998;0.9891;0.9492;0.1276;2.6985;2.8337;0.0171;-0.0014;0.2807;0.0178;0.063;0.0132;0;0;0.088;0;2.2461;0;0;0;0;0;0;0;0;0;0;0;0;0.0507;0.0175;2.3751;2.3751;0;53.279;53.279;36.789;0.0414;2436.7;974.75;1;0.041;0.041;0;0;0;0;0;0;2.3341;2.2461;0;16.767;19.416;15.856;18.361;98.274;98.274;21.567;18.982;17.951;2.5845;1.031;0.1198;0.0478;0.8324;26.528;0.7841;0
16/09/21 13:00;46.067;36.347;33.975;60.274;29.726;90;29.726;341.8;312.1;29.694;16.64;1.5901;0;34.194;282.7;10.932;0;4.2731;332.1;0;332.1;34.194;10.932;282.7;4.2731;0.103;0.8641;0;0.0129;315.94;16.156;0;0;12.405;3.7508;306.27;9.0386;0.1147;0.0367;8.7935;0.0937;315.31;0.6319;0.0684;0.0219;0.5406;0.001;307.57;34.011;10.874;260.96;0.4275;206.65;167.8;62.623;4.1477;2.3538;33.859;1.2955;32.065;0;1;0;0;0.9716;0.9514;1;1;0.9561;0.1222;0.9713;0.9966;1;0.9674;0.8202;0.998;0.998;1;0.998;0.998;0.9222;0.9231;0.1001;0.9973;0.9977;0.006;0.0135;0.0146;0.0067;0.0239;0.0065;0;0;0.088;0;0.8018;0;0;0;0;0;0;0;0;0;0;0;0;0.0193;0.0025;0.9047;0.9047;0;29.117;29.117;12.478;0.0407;852.99;1060.6;1;0.0149;0.0149;0;0;0;0;0;0;0.8898;0.8018;0;17.281;20.011;15.315;17.735;98.354;98.354;7.9703;7.23;6.4077;0.7403;0.8223;0.0929;0.1032;0.8039;185.98;0.7469;0
16/09/21 14:00;37.426;52.836;28.668;43.84;46.16;90;46.16;572.79;174.9;397.89;17.04;1.24;0;574.46;76.527;121.96;0;16.725;789.67;0;789.67;574.46;121.96;76.527;16.725;0.7275;0.1181;0;0.0212;767.49;22.181;0;0;6.5971;15.584;762.92;3.0334;0.5677;0.1205;2.2821;0.063;765.96;1.535;1.1489;0.2439;0.1399;0.0023;767.23;572.74;121.6;67.508;1.0754;254.2;206.41;77.058;5.1065;2.8939;41.628;4.3034;39.416;0;1;0;0;1.3786;0.9719;1;1;0.9138;0.0682;0.996;0.999;1;0.9673;0.9446;0.998;0.998;1;0.998;0.998;0.9661;0.8821;0.0643;2.3714;2.3986;0.0144;-0.002;0.1976;0.0153;0.0543;0.0076;0;0;0.088;0;1.9329;0;0;0;0;0;0;0;0;0;0;0;0;0.0437;0.0127;2.0547;2.0547;0;48.497;48.497;31.457;0.0412;2063.4;995.76;1;0.0338;0.0338;0;0;0;0;0;0;2.0209;1.9329;0;16.506;19.113;15.528;17.981;98.357;98.357;18.952;16.421;15.448;2.531;0.9732;0.1335;0.0513;0.8151;57.568;0.7842;0
16/09/21 15:00;26.887;65.467;21.752;29.133;60;90;60;195.7;186.3;9.3964;16.02;0.85;0;19.299;137.58;5.8651;0;9.2956;172.04;0;172.04;19.299;5.8651;137.58;9.2956;0.1122;0.8537;0;0.054;145.97;26.07;0;0;17.351;8.7193;141.38;4.3015;0.0145;0.0044;4.2434;0.0392;145.68;0.2919;0.0386;0.0117;0.2405;0.0012;145.15;19.246;5.849;115.75;0.536;121.7;98.823;41.97;23.004;2.3919;34.407;3.7747;13.795;0;1;0;0;0.8791;0.8485;1;1;0.8739;0.062;0.9705;0.9992;1;0.9646;0.9319;0.998;0.998;1;0.998;0.998;0.8218;0.8413;0.0577;0.5166;0.5097;0.0031;0.018;-0.0059;0.0035;0.0123;0.0067;0;0;0.088;0;0.3644;0;0;0;0;0;0;0;0;0;0;0;0;0.0099;0.0008;0.4614;0.4614;0;21.781;21.781;5.7604;0.0407;433.16;1065.3;1;0.009;0.009;0;0;0;0;0;0;0.4524;0.3644;0;17.014;19.702;13.438;15.561;98.05;98.05;4.129;3.6878;2.9127;0.4412;0.7752;0.1069;0.1877;0.7054;119.78;0.6135;0
16/09/21 16:00;15.321;75.71;50.146;15.786;25.498;90;25.498;111.41;107.6;3.8038;16.91;0.27;0;9.2252;101.27;2.7714;0;1.0309;114.3;0;114.3;9.2252;2.7714;101.27;1.0309;0.0807;0.895;0;0.009;109.94;4.3645;0;0;3.4777;0.8868;106.29;3.424;0.1186;0.0356;3.2407;0.029;109.72;0.2199;0.0185;0.0055;0.1956;0.0003;106.58;9.0882;2.7303;94.361;0.1147;64.861;52.667;19.311;0.8689;0.7331;10.545;0.2821;10.409;0;1;0;0;1.026;0.9618;1;1;0.9657;0.1397;0.9688;0.9871;1;0.9668;0.7981;0.998;0.998;1;0.998;0.998;0.9299;0.9317;0.1113;0.3432;0.3432;0.0021;0.0176;-0.0047;0.0023;0.0081;0.002;0;0;0.088;0;0.2135;0;0;0;0;0;0;0;0;0;0;0;0;0.0066;0.0004;0.3088;0.3088;0;21.251;21.251;4.3409;0.0408;292.23;1056.8;1;0.0073;0.0073;0;0;0;0;0;0;0.3015;0.2135;0;17.14;19.848;11.851;13.723;97.637;97.637;2.7433;2.4682;1.7066;0.275;0.7616;0.1003;0.2776;0.6221;64.837;0.5819;0
16/09/21 17:00;4.6661;83.699;78.621;4.6943;6.754;90;6.754;12.404;12.299;0.1051;14.56;0.5501;0;0.2548;12.245;0.0284;0;0.0082;12.536;0;12.536;0.2548;0.0284;12.245;0.0082;0.0203;0.9774;0;0.0007;12.483;0.0535;0;0;0.0466;0.0068;11.86;0.5984;0.07;0.0078;0.5203;0.0003;12.458;0.025;0.0005;0.0001;0.0244;0;11.861;0.1843;0.0206;11.654;0.001;7.2915;5.9207;2.0868;0.0007;0.0816;1.1734;0.0009;1.2542;0;1;0;0;1.0106;0.9957;1;1;0.9962;0.1642;0.952;0.7248;1;0.9573;0.7756;0.998;0.998;1;0.998;0.998;0.946;0.9517;0.1271;0.0376;0.0382;0.0002;0.0068;-0.0013;0.0002;0.0008;0.0002;0;0;0.088;0;-0.0601;0;0;0;0;0;0;0;0;0;0;0;0;0.0006;0;0.0306;0.0306;0;15.057;15.057;0.4967;0.0419;30.96;987.81;1;0.0027;0.0027;0;0;0;0;0;0;0.0279;-0.0601;0;15.475;17.92;-30.403;-35.206;91.281;91.281;0.3009;0.2444;-0.4802;0.0565;0.7246;0.1876;2.4083;0;7.291;0;0
16/09/21 18:00;0;0;90;0;0;90;0;0;0;0;9.1099;1.0201;0;0;0;0;0;0;0;0;0;0;0;0;0;1;1;1;1;0;0;0;0;0;0;0;0;0;0;0;0;0;0;0;0;0;0;0;0;0;0;0;0;0;0;0;0;0;0;0;0;0;0;0;1;1;1;1;1;1;1;1;1;1;1;1;1;1;1;1;1;1;1;0;0;0;0;0;0;0;0;0;0.0004;0.088;0;-0.0884;0;0;0;0;0;0;0;0;0;0;0;0;0;0;0;0;0;0;0;-9.1099;0;0;0;0;0.0004;0;0;0;0;0;0;0;-0.0004;-0.0884;0;0;0;0;0;0;0;0;0;-0.7063;0;0.7063;1;1;0;0;0;0
16/09/21 19:00;0;0;90;0;0;90;0;0;0;0;6.4003;1.3599;0;0;0;0;0;0;0;0;0;0;0;0;0;1;1;1;1;0;0;0;0;0;0;0;0;0;0;0;0;0;0;0;0;0;0;0;0;0;0;0;0;0;0;0;0;0;0;0;0;0;0;0;1;1;1;1;1;1;1;1;1;1;1;1;1;1;1;1;1;1;1;0;0;0;0;0;0;0;0;0;0.0004;0.088;0;-0.0884;0;0;0;0;0;0;0;0;0;0;0;0;0;0;0;0;0;0;0;-6.4003;0;0;0;0;0.0004;0;0;0;0;0;0;0;-0.0004;-0.0884;0;0;0;0;0;0;0;0;0;-0.7063;0;0.7063;1;1;0;0;0;0
16/09/21 20:00;0;0;90;0;0;90;0;0;0;0;5.4397;1.73;0;0;0;0;0;0;0;0;0;0;0;0;0;1;1;1;1;0;0;0;0;0;0;0;0;0;0;0;0;0;0;0;0;0;0;0;0;0;0;0;0;0;0;0;0;0;0;0;0;0;0;0;1;1;1;1;1;1;1;1;1;1;1;1;1;1;1;1;1;1;1;0;0;0;0;0;0;0;0;0;0.0004;0.088;0;-0.0884;0;0;0;0;0;0;0;0;0;0;0;0;0;0;0;0;0;0;0;-5.4397;0;0;0;0;0.0004;0;0;0;0;0;0;0;-0.0004;-0.0884;0;0;0;0;0;0;0;0;0;-0.7063;0;0.7063;1;1;0;0;0;0
16/09/21 21:00;0;0;90;0;0;90;0;0;0;0;4.6001;2.1699;0;0;0;0;0;0;0;0;0;0;0;0;0;1;1;1;1;0;0;0;0;0;0;0;0;0;0;0;0;0;0;0;0;0;0;0;0;0;0;0;0;0;0;0;0;0;0;0;0;0;0;0;1;1;1;1;1;1;1;1;1;1;1;1;1;1;1;1;1;1;1;0;0;0;0;0;0;0;0;0;0.0004;0.088;0;-0.0884;0;0;0;0;0;0;0;0;0;0;0;0;0;0;0;0;0;0;0;-4.6001;0;0;0;0;0.0004;0;0;0;0;0;0;0;-0.0004;-0.0884;0;0;0;0;0;0;0;0;0;-0.7063;0;0.7063;1;1;0;0;0;0
16/09/21 22:00;0;0;90;0;0;90;0;0;0;0;3.7399;2.6201;0;0;0;0;0;0;0;0;0;0;0;0;0;1;1;1;1;0;0;0;0;0;0;0;0;0;0;0;0;0;0;0;0;0;0;0;0;0;0;0;0;0;0;0;0;0;0;0;0;0;0;0;1;1;1;1;1;1;1;1;1;1;1;1;1;1;1;1;1;1;1;0;0;0;0;0;0;0;0;0;0.0004;0.088;0;-0.0884;0;0;0;0;0;0;0;0;0;0;0;0;0;0;0;0;0;0;0;-3.7399;0;0;0;0;0.0004;0;0;0;0;0;0;0;-0.0004;-0.0884;0;0;0;0;0;0;0;0;0;-0.7063;0;0.7063;1;1;0;0;0;0
16/09/21 23:00;0;0;90;0;0;90;0;0;0;0;3.0898;2.98;0;0;0;0;0;0;0;0;0;0;0;0;0;1;1;1;1;0;0;0;0;0;0;0;0;0;0;0;0;0;0;0;0;0;0;0;0;0;0;0;0;0;0;0;0;0;0;0;0;0;0;0;1;1;1;1;1;1;1;1;1;1;1;1;1;1;1;1;1;1;1;0;0;0;0;0;0;0;0;0;0.0004;0.088;0;-0.0884;0;0;0;0;0;0;0;0;0;0;0;0;0;0;0;0;0;0;0;-3.0898;0;0;0;0;0.0004;0;0;0;0;0;0;0;-0.0004;-0.0884;0;0;0;0;0;0;0;0;0;-0.7063;0;0.7063;1;1;0;0;0;0
17/09/21 00:00;0;0;90;0;0;90;0;0;0;0;3;3.1701;0;0;0;0;0;0;0;0;0;0;0;0;0;1;1;1;1;0;0;0;0;0;0;0;0;0;0;0;0;0;0;0;0;0;0;0;0;0;0;0;0;0;0;0;0;0;0;0;0;0;0;0;1;1;1;1;1;1;1;1;1;1;1;1;1;1;1;1;1;1;1;0;0;0;0;0;0;0;0;0;0.0004;0.088;0;-0.0884;0;0;0;0;0;0;0;0;0;0;0;0;0;0;0;0;0;0;0;-3;0;0;0;0;0.0004;0;0;0;0;0;0;0;-0.0004;-0.0884;0;0;0;0;0;0;0;0;0;-0.7063;0;0.7063;1;1;0;0;0;0
17/09/21 01:00;0;0;90;0;0;90;0;0;0;0;2.0002;3.29;0;0;0;0;0;0;0;0;0;0;0;0;0;1;1;1;1;0;0;0;0;0;0;0;0;0;0;0;0;0;0;0;0;0;0;0;0;0;0;0;0;0;0;0;0;0;0;0;0;0;0;0;1;1;1;1;1;1;1;1;1;1;1;1;1;1;1;1;1;1;1;0;0;0;0;0;0;0;0;0;0.0004;0.088;0;-0.0884;0;0;0;0;0;0;0;0;0;0;0;0;0;0;0;0;0;0;0;-2.0002;0;0;0;0;0.0004;0;0;0;0;0;0;0;-0.0004;-0.0884;0;0;0;0;0;0;0;0;0;-0.7063;0;0.7063;1;1;0;0;0;0
17/09/21 02:00;0;0;90;0;0;90;0;0;0;0;1.6299;3.45;0;0;0;0;0;0;0;0;0;0;0;0;0;1;1;1;1;0;0;0;0;0;0;0;0;0;0;0;0;0;0;0;0;0;0;0;0;0;0;0;0;0;0;0;0;0;0;0;0;0;0;0;1;1;1;1;1;1;1;1;1;1;1;1;1;1;1;1;1;1;1;0;0;0;0;0;0;0;0;0;0.0004;0.088;0;-0.0884;0;0;0;0;0;0;0;0;0;0;0;0;0;0;0;0;0;0;0;-1.6299;0;0;0;0;0.0004;0;0;0;0;0;0;0;-0.0004;-0.0884;0;0;0;0;0;0;0;0;0;-0.7063;0;0.7063;1;1;0;0;0;0
17/09/21 03:00;0;0;90;0;0;90;0;0;0;0;1.0303;3.6601;0;0;0;0;0;0;0;0;0;0;0;0;0;1;1;1;1;0;0;0;0;0;0;0;0;0;0;0;0;0;0;0;0;0;0;0;0;0;0;0;0;0;0;0;0;0;0;0;0;0;0;0;1;1;1;1;1;1;1;1;1;1;1;1;1;1;1;1;1;1;1;0;0;0;0;0;0;0;0;0;0.0004;0.088;0;-0.0884;0;0;0;0;0;0;0;0;0;0;0;0;0;0;0;0;0;0;0;-1.0303;0;0;0;0;0.0004;0;0;0;0;0;0;0;-0.0004;-0.0884;0;0;0;0;0;0;0;0;0;-0.7063;0;0.7063;1;1;0;0;0;0
17/09/21 04:00;0;0;90;0;0;90;0;0;0;0;0.9997;3.9899;0;0;0;0;0;0;0;0;0;0;0;0;0;1;1;1;1;0;0;0;0;0;0;0;0;0;0;0;0;0;0;0;0;0;0;0;0;0;0;0;0;0;0;0;0;0;0;0;0;0;0;0;1;1;1;1;1;1;1;1;1;1;1;1;1;1;1;1;1;1;1;0;0;0;0;0;0;0;0;0;0.0004;0.088;0;-0.0884;0;0;0;0;0;0;0;0;0;0;0;0;0;0;0;0;0;0;0;-0.9997;0;0;0;0;0.0004;0;0;0;0;0;0;0;-0.0004;-0.0884;0;0;0;0;0;0;0;0;0;-0.7063;0;0.7063;1;1;0;0;0;0
17/09/21 05:00;0.1615;-87.37;89.608;0.1616;0.2304;-90;-0.2304;0;0;0;0.8701;4.41;0;0;0;0;0;0;0;0;0;0;0;0;0;1;1;1;1;0;0;0;0;0;0;0;0;0;0;0;0;0;0;0;0;0;0;0;0;0;0;0;0;0;0;0;0;0;0;0;0;0;0;0;1;1;1;1;1;1;1;1;1;1;1;1;1;1;1;1;1;1;1;0;0;0;0;0;0;0;0;0;0.0004;0.088;0;-0.0884;0;0;0;0;0;0;0;0;0;0;0;0;0;0;0;0;0;0;0;-0.8701;0;0;0;0;0.0004;0;0;0;0;0;0;0;-0.0004;-0.0884;0;0;0;0;0;0;0;0;0;-0.7063;0;0.7063;1;1;0;0;0;0
17/09/21 06:00;6.4753;-82.874;74.127;6.5252;9.4732;-90;-9.4732;96.306;15.898;80.408;2.1398;5.31;0;195.01;7.4891;20.269;0;0.1248;222.89;0;222.89;195.01;20.269;7.4891;0.1248;0.8749;0.0342;0;0.0006;222.74;0.1536;0;0;0.0495;0.104;185.76;36.538;32.817;3.411;0.3058;0.0046;222.3;0.4455;0.39;0.0405;0.0149;0;185.76;161.8;16.818;7.1189;0.016;4.9185;3.9938;1.4855;0.0018;0.05;0.7199;0.0016;0.7681;0;1;0;0;2.3144;0.9993;1;1;0.9934;0.1662;0.8356;0.8314;1;0.9588;0.7753;0.998;0.998;1;0.998;0.998;0.8334;0.9506;0.1286;0.6694;0.561;0.0034;0.0179;-0.0308;0.004;0.0142;0.0001;0;0;0.088;0;0.4414;0;0;0;0;0;0;0;0;0;0;0;0;0.0114;0.0009;0.5399;0.5399;0;9.6127;9.6127;7.4729;0.0402;479.27;1126.4;1;0.0104;0.0104;0;0;0;0;0;0;0.5294;0.4414;0;15.365;17.792;12.563;14.548;98.068;98.068;5.3495;4.3146;3.528;1.0349;0.7866;0.1935;0.147;0.6595;4.4836;0.6579;0
17/09/21 07:00;18.477;-73.656;39.768;19.199;33.699;-90;-33.699;280.2;51.599;228.61;6.26;5.1601;0;554.43;22.127;66.555;0;4.4731;647.59;0;647.59;554.43;66.555;22.127;4.4731;0.8562;0.0411;0;0.0069;642.41;5.1742;0;0;1.1825;3.9917;636.2;4.9305;3.7344;0.4483;0.6755;0.0723;641.13;1.2848;1.1089;0.1331;0.0419;0.001;636.36;549.59;65.973;20.228;0.4082;16.234;13.182;4.6529;0.5016;0.2137;3.0733;0.1616;2.7854;0;1;0;0;2.3111;0.992;1;1;0.9466;0.1076;0.9923;0.9933;1;0.9677;0.8496;0.998;0.998;1;0.998;0.998;0.9824;0.9141;0.0913;1.9447;1.9231;0.0116;0.0012;0.0479;0.013;0.0462;0.0006;0;0;0.088;0;1.6395;0;0;0;0;0;0;0;0;0;0;0;0;0.0372;0.0084;1.7569;1.7569;0;32.149;32.149;25.889;0.0407;1654;1062.2;1;0.0293;0.0293;0;0;0;0;0;0;1.7275;1.6395;0;17.21;19.929;16.061;18.598;98.33;98.33;15.542;14.041;13.103;1.501;0.9378;0.0966;0.0603;0.8431;14.979;0.8401;0
17/09/21 08:00;29.873;-62.95;23.225;32.82;57.18;-90;-57.18;487.9;81.599;406.3;11.23;6.0401;0;749.63;25.074;90.55;0;21.228;886.48;0;886.48;749.63;90.55;25.074;21.228;0.8456;0.0522;0;0.0239;863.65;22.832;0;0;2.943;19.889;860.42;1.5043;0.6002;0.0725;0.7639;0.0677;861.92;1.7273;1.4993;0.1811;0.0443;0.0027;864.12;747.53;90.296;21.323;1.2688;131.78;107.01;39.693;3.5366;1.5748;22.653;3.7073;20.691;0;1;0;0;1.8169;0.9742;1;1;0.8826;0.0631;0.9983;0.9992;1;0.9654;0.9493;0.998;0.998;1;0.998;0.998;0.9706;0.8504;0.0598;2.6621;2.6504;0.016;-0.0021;0.2005;0.0171;0.0605;0.0042;0;0;0.088;0;2.1627;0;0;0;0;0;0;0;0;0;0;0;0;0.0487;0.0154;2.2902;2.2902;0;46.649;46.649;35.42;0.0412;2281.9;1003.6;1;0.0396;0.0396;0;0;0;0;0;0;2.2507;2.1627;0;16.389;18.978;15.476;17.921;98.272;98.272;21.276;18.304;17.284;2.972;1.0196;0.1397;0.0479;0.8124;21.134;0.7971;0
17/09/21 09:00;40.081;-49.499;29.797;47.899;42.101;-90;-42.101;661.7;108.9;552.8;16.08;6.2999;0;745.04;34.808;92.908;0;16.22;888.98;0;888.98;745.04;92.908;34.808;16.22;0.8381;0.0574;0;0.0182;871.4;17.578;0;0;2.6188;14.959;867.66;1.9988;0.7653;0.0954;1.0416;0.0964;869.66;1.7428;1.4901;0.1858;0.0644;0.0025;871.87;742.79;92.627;31.083;1.162;303.16;246.17;93.221;1.6943;3.08;44.304;4.2044;45.69;0;1;0;0;1.3435;0.9802;1;1;0.9248;0.0777;0.9977;0.999;1;0.9676;0.9234;0.998;0.998;1;0.998;0.998;0.976;0.893;0.0716;2.6696;2.7194;0.0164;-0.0019;0.2569;0.0171;0.0608;0.008;0;0;0.088;0;2.1698;0;0;0;0;0;0;0;0;0;0;0;0;0.0489;0.0162;2.297;2.297;0;51.955;51.955;35.875;0.0413;2340.9;981.24;1;0.0392;0.0392;0;0;0;0;0;0;2.2578;2.1698;0;16.391;18.981;15.483;17.929;98.292;98.292;21.336;18.358;17.341;2.9778;1.0168;0.1396;0.0477;0.8128;25.244;0.7835;0
17/09/21 10:00;48.106;-31.78;34.586;64.712;25.288;-90;-25.288;779.2;128.3;650.89;17.49;6.2901;0;719.88;43.401;91.485;0;7.0935;861.86;0;861.86;719.88;91.485;43.401;7.0935;0.8353;0.0586;0;0.0082;854.31;7.548;0;0;1.468;6.08;847.99;4.6062;2.6715;0.3395;1.3913;0.2038;852.6;1.7086;1.4398;0.183;0.0839;0.002;849.79;715.77;90.962;40.458;0.8076;428.46;347.91;131.44;0.3633;4.241;61.005;1.7987;64.883;0;1;0;0;1.1061;0.9912;1;1;0.9662;0.1429;0.9946;0.9963;1;0.9668;0.7985;0.998;0.998;1;0.998;0.998;0.9839;0.9322;0.1139;2.5882;2.6881;0.0162;-0.002;0.2599;0.0169;0.0599;0.011;0;0;0.088;0;2.1359;0;0;0;0;0;0;0;0;0;0;0;0;0.0483;0.0158;2.2622;2.2622;0;52.57;52.57;35.08;0.0414;2312.7;978.16;1;0.0383;0.0383;0;0;0;0;0;0;2.2239;2.1359;0;16.65;19.281;15.721;18.204;98.307;98.307;20.685;18.079;17.07;2.6054;1.0093;0.126;0.0488;0.8252;27.75;0.7837;0
17/09/21 11:00;52.443;-9.2124;36.99;82.982;7.0176;-90;-7.0176;831.8;138.7;693.1;18.82;6.18;0;698.33;49.106;90.084;0;0.592;838.12;0;838.12;698.33;90.084;49.106;0.592;0.8332;0.0593;0;0.0007;837.42;0.6924;0;0;0.1982;0.4942;829.62;6.1332;3.5715;0.4607;2.0791;0.0219;835.75;1.6748;1.3967;0.1802;0.0978;0.0002;829.7;693.37;89.444;46.73;0.0757;488.28;396.48;146.82;0.0034;4.9996;71.918;0.0876;76.914;0;1;0;0;1.0076;0.9992;1;1;0.996;0.1652;0.9927;0.9949;1;0.9574;0.7759;0.998;0.998;1;0.998;0.998;0.9899;0.9516;0.1279;2.5169;2.6506;0.016;-0.0021;0.2619;0.0166;0.059;0.0129;0;0;0.088;0;2.0982;0;0;0;0;0;0;0;0;0;0;0;0;0.0475;0.0154;2.2235;2.2235;0;53.157;53.157;34.337;0.0414;2279.5;975.4;1;0.0373;0.0373;0;0;0;0;0;0;2.1862;2.0982;0;16.829;19.488;15.881;18.39;98.324;98.324;20.115;17.77;16.769;2.3448;1.0012;0.1166;0.0498;0.8337;29.252;0.7833;0
17/09/21 12:00;51.785;15.292;36.635;78.269;11.731;90;11.731;856.81;141.2;715.61;19.76;5.9799;0;730.87;45.895;96.845;0;1.7002;875.31;0;875.31;730.87;96.845;45.895;1.7002;0.835;0.0544;0;0.0019;873.46;1.8549;0;0;0.4354;1.4195;865.78;5.9296;3.5862;0.4752;1.8051;0.0631;871.71;1.7469;1.4617;0.1937;0.0909;0.0006;866.12;725.82;96.176;43.564;0.217;498.45;404.74;151.42;0.0248;5.0047;71.991;0.344;76.971;0;1;0;0;1.0216;0.9979;1;1;0.9905;0.1651;0.9932;0.9951;1;0.9602;0.7746;0.998;0.998;1;0.998;0.998;0.9891;0.9492;0.1276;2.6286;2.7604;0.0166;-0.0017;0.2973;0.0171;0.0608;0.0128;0;0;0.088;0;2.1653;0;0;0;0;0;0;0;0;0;0;0;0;0.0489;0.0166;2.292;2.292;0;55.668;55.668;35.908;0.0415;2374.2;965.39;1;0.0387;0.0387;0;0;0;0;0;0;2.2533;2.1653;0;16.611;19.235;15.693;18.172;98.31;98.31;21.007;18.318;17.305;2.6895;1.0128;0.128;0.0482;0.8238;27.637;0.776;0
17/09/21 13:00;46.359;36.735;33.579;60.3;29.7;90;29.7;254.2;247.3;6.9043;19.19;5.8901;0;7.9485;229.43;2.0027;0;3.1724;242.55;0;242.55;7.9485;2.0027;229.43;3.1724;0.0328;0.959;0;0.0131;229.72;12.838;0;0;10.054;2.7843;222.02;7.2385;0.0248;0.0063;7.1377;0.0697;229.26;0.4594;0.0159;0.004;0.4388;0.0008;222.99;7.9078;1.9924;211.8;0.3176;155.47;126.24;47.051;3.3557;1.7902;25.751;0.9725;24.185;0;1;0;0;0.9542;0.9471;1;1;0.9562;0.1223;0.9684;0.9969;1;0.9674;0.82;0.998;0.998;1;0.998;0.998;0.9153;0.9232;0.1001;0.7284;0.7259;0.0044;0.0167;0.0085;0.0049;0.0173;0.0049;0;0;0.088;0;0.5547;0;0;0;0;0;0;0;0;0;0;0;0;0.0139;0.0015;0.6539;0.6539;0;28.25;28.25;9.0603;0.0408;619.74;1055.2;1;0.0112;0.0112;0;0;0;0;0;0;0.6427;0.5547;0;17.102;19.804;14.506;16.798;98.28;98.28;5.8213;5.2261;4.4329;0.5952;0.7932;0.1022;0.1363;0.7615;150.91;0.7054;0
17/09/21 14:00;37.658;53.243;28.279;43.927;46.073;90;46.073;161;158.4;2.6011;18.54;5.6;0;3.7495;133.73;0.7168;0;4.6844;142.88;0;142.88;3.7495;0.7168;133.73;4.6844;0.0262;0.9687;0;0.0328;127.02;15.861;0;0;11.496;4.3643;122.75;4.01;0.0037;0.0007;3.9878;0.0178;126.76;0.254;0.0075;0.0014;0.2445;0.0006;124.5;3.7383;0.7146;118;0.3017;101.78;82.645;33.154;8.8591;1.4521;20.889;1.745;13.482;0;1;0;0;0.8874;0.889;1;1;0.914;0.0683;0.9684;0.999;1;0.9673;0.9442;0.998;0.998;1;0.998;0.998;0.8591;0.8824;0.0644;0.4291;0.419;0.0025;0.018;-0.0022;0.0028;0.0099;0.004;0;0;0.088;0;0.2794;0;0;0;0;0;0;0;0;0;0;0;0;0.008;0.0006;0.3753;0.3753;0;23.556;23.556;5.0157;0.0409;356.52;1052.8;1;0.008;0.008;0;0;0;0;0;0;0.3674;0.2794;0;16.665;19.298;12.404;14.364;97.879;97.879;3.429;2.9997;2.2328;0.4293;0.7669;0.1252;0.2237;0.6511;100.51;0.5869;0
17/09/21 15:00;27.075;65.86;21.368;29.256;60;90;60;104.8;103.3;1.5052;17.85;4.3199;0;3.0796;77.285;0.5153;0;4.9781;85.858;0;85.858;3.0796;0.5153;77.285;4.9781;0.0359;0.9581;0;0.058;71.442;14.416;0;0;9.7466;4.6695;68.891;2.4073;0.0023;0.0004;2.3836;0.021;71.299;0.1429;0.0062;0.001;0.1351;0.0006;70.975;3.0711;0.5139;65.019;0.2871;67.563;54.862;23.367;12.922;1.3333;19.179;2.0834;7.591;0;1;0;0;0.8192;0.8321;1;1;0.8739;0.062;0.9662;0.9993;1;0.9646;0.9319;0.998;0.998;1;0.998;0.998;0.8024;0.8413;0.0577;0.2578;0.2542;0.0015;0.0164;-0.004;0.0017;0.006;0.0036;0;0;0.088;0;0.1295;0;0;0;0;0;0;0;0;0;0;0;0;0.0048;0.0003;0.224;0.224;0;20.675;20.675;2.825;0.041;214.92;1042.3;1;0.0065;0.0065;0;0;0;0;0;0;0.2175;0.1295;0;16.55;19.165;9.5717;11.084;97.12;97.12;2.0606;1.7902;1.0353;0.2704;0.7549;0.1312;0.3663;0.5025;67.281;0.4305;0
17/09/21 16:00;15.483;76.086;49.651;15.928;25.797;90;25.797;39.304;38.901;0.403;17.13;4.1599;0;0.9773;36.921;0.105;0;0.3721;38.376;0;38.376;0.9773;0.105;36.921;0.3721;0.0255;0.9718;0;0.0097;36.763;1.6123;0;0;1.2917;0.3206;35.487;1.2026;0.0122;0.0013;1.1787;0.0103;36.69;0.0735;0.002;0.0002;0.0713;0.0001;35.593;0.9632;0.1035;34.379;0.0411;23.682;19.23;7.0573;0.3301;0.2681;3.8559;0.106;3.7939;0;1;0;0;0.9764;0.958;1;1;0.965;0.1385;0.9672;0.9875;1;0.9669;0.7994;0.998;0.998;1;0.998;0.998;0.9247;0.9312;0.1105;0.1152;0.1153;0.0007;0.012;-0.0027;0.0007;0.0026;0.0007;0;0;0.088;0;0.0066;0;0;0;0;0;0;0;0;0;0;0;0;0.0021;0.0001;0.0991;0.0991;0;18.595;18.595;1.4644;0.0413;96.917;1022.4;1;0.0045;0.0045;0;0;0;0;0;0;0.0946;0.0066;0;16.379;18.967;1.0874;1.2592;95.45;95.45;0.921;0.7919;0.0526;0.1291;0.7393;0.1402;0.8027;0.0571;23.68;0.0531;0
17/09/21 17:00;4.8157;84.069;78.252;4.8415;6.97;90;6.97;3.5944;3.5944;0;16.43;4.6901;0;0;3.5811;0;0;0.0025;3.5836;3.5836;0;0;0;0;0;1;1;1;1;0;0;0;0;0;0;0;0;0;0;0;0;0;0;0;0;0;0;0;0;0;0;0;0;0;0;0;0;0;0;0;0;0;0;0;0;1;1;1;1;1;1;1;1;1;1;1;1;1;0;0;1;0;0;0;0;0;0;0;0;0;0;0;0.0004;0.088;0;-0.0884;0;0;0;0;0;0;0;0;0;0;0;0;0;0;0;0;0;0;0;-16.43;0;0;0;0;0.0004;0;0;0;0;0;0;0;-0.0004;-0.0884;0;0;0;0;0;0;0;0;0;-0.7063;0;0.7063;1;1;0;0;0;0
17/09/21 18:00;0;0;90;0;0;90;0;0;0;0;15.7;5.54;0;0;0;0;0;0;0;0;0;0;0;0;0;1;1;1;1;0;0;0;0;0;0;0;0;0;0;0;0;0;0;0;0;0;0;0;0;0;0;0;0;0;0;0;0;0;0;0;0;0;0;0;1;1;1;1;1;1;1;1;1;1;1;1;1;1;1;1;1;1;1;0;0;0;0;0;0;0;0;0;0.0004;0.088;0;-0.0884;0;0;0;0;0;0;0;0;0;0;0;0;0;0;0;0;0;0;0;-15.7;0;0;0;0;0.0004;0;0;0;0;0;0;0;-0.0004;-0.0884;0;0;0;0;0;0;0;0;0;-0.7063;0;0.7063;1;1;0;0;0;0
17/09/21 19:00;0;0;90;0;0;90;0;0;0;0;15.22;5.62;0;0;0;0;0;0;0;0;0;0;0;0;0;1;1;1;1;0;0;0;0;0;0;0;0;0;0;0;0;0;0;0;0;0;0;0;0;0;0;0;0;0;0;0;0;0;0;0;0;0;0;0;1;1;1;1;1;1;1;1;1;1;1;1;1;1;1;1;1;1;1;0;0;0;0;0;0;0;0;0;0.0004;0.088;0;-0.0884;0;0;0;0;0;0;0;0;0;0;0;0;0;0;0;0;0;0;0;-15.22;0;0;0;0;0.0004;0;0;0;0;0;0;0;-0.0004;-0.0884;0;0;0;0;0;0;0;0;0;-0.7063;0;0.7063;1;1;0;0;0;0
17/09/21 20:00;0;0;90;0;0;90;0;0;0;0;14.5;4.98;0;0;0;0;0;0;0;0;0;0;0;0;0;1;1;1;1;0;0;0;0;0;0;0;0;0;0;0;0;0;0;0;0;0;0;0;0;0;0;0;0;0;0;0;0;0;0;0;0;0;0;0;1;1;1;1;1;1;1;1;1;1;1;1;1;1;1;1;1;1;1;0;0;0;0;0;0;0;0;0;0.0004;0.088;0;-0.0884;0;0;0;0;0;0;0;0;0;0;0;0;0;0;0;0;0;0;0;-14.5;0;0;0;0;0.0004;0;0;0;0;0;0;0;-0.0004;-0.0884;0;0;0;0;0;0;0;0;0;-0.7063;0;0.7063;1;1;0;0;0;0
17/09/21 21:00;0;0;90;0;0;90;0;0;0;0;14.3;5.28;0;0;0;0;0;0;0;0;0;0;0;0;0;1;1;1;1;0;0;0;0;0;0;0;0;0;0;0;0;0;0;0;0;0;0;0;0;0;0;0;0;0;0;0;0;0;0;0;0;0;0;0;1;1;1;1;1;1;1;1;1;1;1;1;1;1;1;1;1;1;1;0;0;0;0;0;0;0;0;0;0.0004;0.088;0;-0.0884;0;0;0;0;0;0;0;0;0;0;0;0;0;0;0;0;0;0;0;-14.3;0;0;0;0;0.0004;0;0;0;0;0;0;0;-0.0004;-0.0884;0;0;0;0;0;0;0;0;0;-0.7063;0;0.7063;1;1;0;0;0;0
17/09/21 22:00;0;0;90;0;0;90;0;0;0;0;14.28;5.69;0;0;0;0;0;0;0;0;0;0;0;0;0;1;1;1;1;0;0;0;0;0;0;0;0;0;0;0;0;0;0;0;0;0;0;0;0;0;0;0;0;0;0;0;0;0;0;0;0;0;0;0;1;1;1;1;1;1;1;1;1;1;1;1;1;1;1;1;1;1;1;0;0;0;0;0;0;0;0;0;0.0004;0.088;0;-0.0884;0;0;0;0;0;0;0;0;0;0;0;0;0;0;0;0;0;0;0;-14.28;0;0;0;0;0.0004;0;0;0;0;0;0;0;-0.0004;-0.0884;0;0;0;0;0;0;0;0;0;-0.7063;0;0.7063;1;1;0;0;0;0
17/09/21 23:00;0;0;90;0;0;90;0;0;0;0;13.64;5.78;0;0;0;0;0;0;0;0;0;0;0;0;0;1;1;1;1;0;0;0;0;0;0;0;0;0;0;0;0;0;0;0;0;0;0;0;0;0;0;0;0;0;0;0;0;0;0;0;0;0;0;0;1;1;1;1;1;1;1;1;1;1;1;1;1;1;1;1;1;1;1;0;0;0;0;0;0;0;0;0;0.0004;0.088;0;-0.0884;0;0;0;0;0;0;0;0;0;0;0;0;0;0;0;0;0;0;0;-13.64;0;0;0;0;0.0004;0;0;0;0;0;0;0;-0.0004;-0.0884;0;0;0;0;0;0;0;0;0;-0.7063;0;0.7063;1;1;0;0;0;0
18/09/21 00:00;0;0;90;0;0;90;0;0;0;0;13.7;5.45;0;0;0;0;0;0;0;0;0;0;0;0;0;1;1;1;1;0;0;0;0;0;0;0;0;0;0;0;0;0;0;0;0;0;0;0;0;0;0;0;0;0;0;0;0;0;0;0;0;0;0;0;1;1;1;1;1;1;1;1;1;1;1;1;1;1;1;1;1;1;1;0;0;0;0;0;0;0;0;0;0.0004;0.088;0;-0.0884;0;0;0;0;0;0;0;0;0;0;0;0;0;0;0;0;0;0;0;-13.7;0;0;0;0;0.0004;0;0;0;0;0;0;0;-0.0004;-0.0884;0;0;0;0;0;0;0;0;0;-0.7063;0;0.7063;1;1;0;0;0;0
18/09/21 01:00;0;0;90;0;0;90;0;0;0;0;13;5.4901;0;0;0;0;0;0;0;0;0;0;0;0;0;1;1;1;1;0;0;0;0;0;0;0;0;0;0;0;0;0;0;0;0;0;0;0;0;0;0;0;0;0;0;0;0;0;0;0;0;0;0;0;1;1;1;1;1;1;1;1;1;1;1;1;1;1;1;1;1;1;1;0;0;0;0;0;0;0;0;0;0.0004;0.088;0;-0.0884;0;0;0;0;0;0;0;0;0;0;0;0;0;0;0;0;0;0;0;-13;0;0;0;0;0.0004;0;0;0;0;0;0;0;-0.0004;-0.0884;0;0;0;0;0;0;0;0;0;-0.7063;0;0.7063;1;1;0;0;0;0
18/09/21 02:00;0;0;90;0;0;90;0;0;0;0;12.8;5.54;0;0;0;0;0;0;0;0;0;0;0;0;0;1;1;1;1;0;0;0;0;0;0;0;0;0;0;0;0;0;0;0;0;0;0;0;0;0;0;0;0;0;0;0;0;0;0;0;0;0;0;0;1;1;1;1;1;1;1;1;1;1;1;1;1;1;1;1;1;1;1;0;0;0;0;0;0;0;0;0;0.0004;0.088;0;-0.0884;0;0;0;0;0;0;0;0;0;0;0;0;0;0;0;0;0;0;0;-12.8;0;0;0;0;0.0004;0;0;0;0;0;0;0;-0.0004;-0.0884;0;0;0;0;0;0;0;0;0;-0.7063;0;0.7063;1;1;0;0;0;0
18/09/21 03:00;0;0;90;0;0;90;0;0;0;0;12.84;5.68;0;0;0;0;0;0;0;0;0;0;0;0;0;1;1;1;1;0;0;0;0;0;0;0;0;0;0;0;0;0;0;0;0;0;0;0;0;0;0;0;0;0;0;0;0;0;0;0;0;0;0;0;1;1;1;1;1;1;1;1;1;1;1;1;1;1;1;1;1;1;1;0;0;0;0;0;0;0;0;0;0.0004;0.088;0;-0.0884;0;0;0;0;0;0;0;0;0;0;0;0;0;0;0;0;0;0;0;-12.84;0;0;0;0;0.0004;0;0;0;0;0;0;0;-0.0004;-0.0884;0;0;0;0;0;0;0;0;0;-0.7063;0;0.7063;1;1;0;0;0;0
18/09/21 04:00;0;0;90;0;0;90;0;0;0;0;12.86;6.2199;0;0;0;0;0;0;0;0;0;0;0;0;0;1;1;1;1;0;0;0;0;0;0;0;0;0;0;0;0;0;0;0;0;0;0;0;0;0;0;0;0;0;0;0;0;0;0;0;0;0;0;0;1;1;1;1;1;1;1;1;1;1;1;1;1;1;1;1;1;1;1;0;0;0;0;0;0;0;0;0;0.0004;0.088;0;-0.0884;0;0;0;0;0;0;0;0;0;0;0;0;0;0;0;0;0;0;0;-12.86;0;0;0;0;0.0004;0;0;0;0;0;0;0;-0.0004;-0.0884;0;0;0;0;0;0;0;0;0;-0.7063;0;0.7063;1;1;0;0;0;0
18/09/21 05:00;0.4597;-87.633;88.885;0.4601;0.6558;-90;-0.6558;0;0;0;13.19;5.6699;0;0;0;0;0;0;0;0;0;0;0;0;0;1;1;1;1;0;0;0;0;0;0;0;0;0;0;0;0;0;0;0;0;0;0;0;0;0;0;0;0;0;0;0;0;0;0;0;0;0;0;0;1;1;1;1;1;1;1;1;1;1;1;1;1;1;1;1;1;1;1;0;0;0;0;0;0;0;0;0;0.0004;0.088;0;-0.0884;0;0;0;0;0;0;0;0;0;0;0;0;0;0;0;0;0;0;0;-13.19;0;0;0;0;0.0004;0;0;0;0;0;0;0;-0.0004;-0.0884;0;0;0;0;0;0;0;0;0;-0.7063;0;0.7063;1;1;0;0;0;0
18/09/21 06:00;6.7759;-83.137;73.372;6.8244;9.9251;-90;-9.9251;15.491;15.299;0.1915;13.34;5.0901;0;0.4644;15.167;0.0444;0;0.022;15.698;0;15.698;0.4644;0.0444;15.167;0.022;0.0296;0.9676;0;0.0014;15.571;0.1268;0;0;0.1084;0.0184;14.845;0.6945;0.0719;0.0069;0.6149;0.0008;15.54;0.0311;0.0009;0.0001;0.0301;0;14.849;0.3916;0.0374;14.413;0.0028;9.0909;7.3818;2.6095;0.0043;0.1014;1.4588;0.0037;1.556;0;1;0;0;1.0133;0.9919;1;1;0.9929;0.1663;0.9553;0.8448;1;0.9591;0.7753;0.998;0.998;1;0.998;0.998;0.9457;0.9503;0.1286;0.0471;0.0478;0.0003;0.0077;-0.0019;0.0003;0.001;0.0003;0;0;0.088;0;-0.0516;0;0;0;0;0;0;0;0;0;0;0;0;0.0008;0;0.0393;0.0393;0;13.958;13.958;0.6185;0.0417;39.141;1003.2;1;0.0029;0.0029;0;0;0;0;0;0;0.0364;-0.0516;0;15.868;18.375;-20.87;-24.167;92.587;92.587;0.3767;0.3138;-0.4127;0.0629;0.7266;0.167;1.9285;0;9.0898;0;0
18/09/21 07:00;18.789;-73.917;38.634;19.498;34.548;-90;-34.548;148.99;127.2;21.792;13.5;5.15;0;52.852;110.2;15.381;0;2.496;180.93;0;180.93;52.852;15.381;110.2;2.496;0.2921;0.6229;0;0.0138;172.57;8.3602;0;0;6.1239;2.2363;168.42;3.8055;0.321;0.0934;3.3539;0.0372;172.22;0.3451;0.1057;0.0308;0.2082;0.0005;169.09;52.425;15.257;100.51;0.222;75.223;61.081;23.238;2.7154;0.9064;13.039;0.6692;11.23;0;1;0;0;1.2144;0.9538;1;1;0.9444;0.104;0.9779;0.9939;1;0.9677;0.8565;0.998;0.998;1;0.998;0.998;0.9309;0.9121;0.0889;0.5433;0.5368;0.0032;0.018;-0.009;0.0037;0.013;0.0025;0;0;0.088;0;0.3965;0;0;0;0;0;0;0;0;0;0;0;0;0.0105;0.0009;0.4939;0.4939;0;20.343;20.343;6.8428;0.0406;458.22;1078;1;0.0095;0.0095;0;0;0;0;0;0;0.4845;0.3965;0;17.319;20.055;13.901;16.097;98.084;98.084;4.3423;3.9476;3.1687;0.3946;0.7789;0.0909;0.1794;0.7297;75.085;0.6924;0
18/09/21 08:00;30.205;-63.203;22.931;33.111;56.889;-90;-56.889;115.51;113.6;1.906;13.79;5.85;0;3.4892;87.584;0.5806;0;4.979;96.633;0;96.633;3.4892;0.5806;87.584;4.979;0.0361;0.9579;0;0.0515;81.763;14.869;0;0;10.204;4.6652;78.916;2.6841;0.0028;0.0005;2.6654;0.0155;81.6;0.1635;0.007;0.0012;0.1548;0.0006;80.953;3.4794;0.579;74.559;0.2978;74.133;60.196;25.276;12.115;1.3524;19.454;2.0372;8.6914;0;1;0;0;0.8366;0.8461;1;1;0.8835;0.063;0.9671;0.9992;1;0.9655;0.9506;0.998;0.998;1;0.998;0.998;0.8167;0.8513;0.0598;0.2902;0.2848;0.0017;0.0169;-0.0083;0.0019;0.0068;0.0037;0;0;0.088;0;0.1614;0;0;0;0;0;0;0;0;0;0;0;0;0.0055;0.0003;0.2563;0.2563;0;17.011;17.011;3.2211;0.0408;241.07;1063;1;0.0069;0.0069;0;0;0;0;0;0;0.2494;0.1614;0;16.823;19.48;10.593;12.267;97.31;97.31;2.3192;2.048;1.2897;0.2711;0.7584;0.1169;0.327;0.5561;73.579;0.4832;0
18/09/21 09:00;40.441;-49.72;29.475;48.168;41.832;-90;-41.832;224.1;216.9;7.2009;14.39;6;0;9.6642;187.71;2.3813;0;5.4265;205.18;0;205.18;9.6642;2.3813;187.71;5.4265;0.0471;0.9413;0;0.0264;186.19;18.992;0;0;13.991;5.0016;180.15;5.665;0.0098;0.0024;5.6195;0.0332;185.82;0.3724;0.0193;0.0048;0.3474;0.0008;182.09;9.635;2.3741;167.75;0.3909;139.85;113.55;44.485;8.9173;1.8531;26.657;1.9421;19.593;0;1;0;0;0.9156;0.9074;1;1;0.9255;0.0783;0.9695;0.999;1;0.9676;0.9216;0.998;0.998;1;0.998;0.998;0.878;0.8937;0.072;0.6162;0.6046;0.0036;0.0176;-0.0071;0.0041;0.0147;0.0052;0;0;0.088;0;0.4556;0;0;0;0;0;0;0;0;0;0;0;0;0.0118;0.0011;0.5536;0.5536;0;21.714;21.714;7.3238;0.0407;515.35;1074.3;1;0.0101;0.0101;0;0;0;0;0;0;0.5436;0.4556;0;17.116;19.82;14.085;16.31;98.183;98.183;4.9243;4.4245;3.6408;0.4998;0.7837;0.1015;0.1591;0.7394;135.81;0.6738;0
18/09/21 10:00;48.495;-31.906;34.234;64.935;25.065;-90;-25.065;819.4;135.2;684.2;15;6.0599;0;755.33;42.099;100.48;0;7.3305;905.24;0;905.24;755.33;100.48;42.099;7.3305;0.8344;0.0546;0;0.0081;897.56;7.6805;0;0;1.4038;6.2767;891.2;4.5647;2.6476;0.3522;1.352;0.213;895.77;1.7951;1.5107;0.201;0.0814;0.0021;893.05;751.17;99.932;39.262;0.8387;450.96;366.18;138.31;0.3417;4.463;64.199;1.853;68.32;0;1;0;0;1.1048;0.9915;1;1;0.9667;0.1438;0.9949;0.9965;1;0.9667;0.7975;0.998;0.998;1;0.998;0.998;0.9845;0.9326;0.1144;2.7184;2.8251;0.017;-0.0014;0.2655;0.0178;0.0632;0.0116;0;0;0.088;0;2.254;0;0;0;0;0;0;0;0;0;0;0;0;0.0509;0.0174;2.3833;2.3833;0;51.845;51.845;36.845;0.0413;2430;980.8;1;0.0413;0.0413;0;0;0;0;0;0;2.342;2.254;0;16.701;19.34;15.795;18.29;98.265;98.265;21.726;19.047;18.014;2.6784;1.0337;0.1233;0.0476;0.8291;26.882;0.7873;0
18/09/21 11:00;52.839;-9.1451;36.611;83.131;6.8692;-90;-6.8692;955.2;157.6;797.61;16.16;6.57;0;803.37;41.22;117.07;0;0.6514;962.31;0;962.31;803.37;117.07;41.22;0.6514;0.8348;0.0435;0;0.0007;961.61;0.7045;0;0;0.1607;0.5438;953.41;6.2762;3.9306;0.5728;1.7488;0.0241;959.69;1.9232;1.6067;0.2341;0.0821;0.0002;953.5;797.83;116.26;39.228;0.0833;560.73;455.31;168.73;0.0026;5.7328;82.464;0.095;88.194;0;1;0;0;1.0074;0.9993;1;1;0.9961;0.1652;0.9935;0.9951;1;0.9573;0.7759;0.998;0.998;1;0.998;0.998;0.9907;0.9517;0.1279;2.8898;3.0457;0.0183;0.0004;0.3274;0.0189;0.067;0.0146;0;0;0.088;0;2.3926;0;0;0;0;0;0;0;0;0;0;0;0;0.054;0.02;2.525;2.525;0;55.704;55.704;39.544;0.0415;2617.3;964.74;1;0.0444;0.0444;0;0;0;0;0;0;2.4806;2.3926;0;16.645;19.275;15.772;18.264;98.24;98.24;23.096;20.18;19.122;2.9154;1.0584;0.1262;0.0458;0.8279;24.548;0.778;0
18/09/21 12:00;52.142;15.575;36.24;78.211;11.789;90;11.789;817.31;145.7;671.61;16.74;7.4801;0;686.08;53.796;93.295;0;1.6377;834.81;0;834.81;686.08;93.295;53.796;1.6377;0.8218;0.0664;0;0.002;832.93;1.8819;0;0;0.5146;1.3673;825.44;5.819;3.2082;0.4363;2.1137;0.0608;831.26;1.6659;1.3722;0.1866;0.1066;0.0005;825.78;681.5;92.673;51.062;0.209;475.56;386.16;144.37;0.0294;4.7817;68.783;0.3317;73.535;0;1;0;0;1.0214;0.9977;1;1;0.9904;0.1651;0.993;0.9953;1;0.9602;0.7746;0.998;0.998;1;0.998;0.998;0.9888;0.9492;0.1276;2.5069;2.6322;0.0158;-0.0021;0.2384;0.0167;0.0591;0.0124;0;0;0.088;0;2.1035;0;0;0;0;0;0;0;0;0;0;0;0;0.0476;0.0152;2.2291;2.2291;0;50.839;50.839;34.099;0.0413;2263.4;984.85;1;0.0376;0.0376;0;0;0;0;0;0;2.1915;2.1035;0;16.939;19.615;15.984;18.509;98.312;98.312;20.035;17.815;16.811;2.2203;1.004;0.1108;0.0501;0.8391;32.401;0.7903;0
18/09/21 13:00;46.651;37.128;33.182;60.327;29.674;90;29.674;627.39;248.1;379.3;15.59;8.1101;0;436.54;142.72;109.75;0;7.8162;696.83;0;696.83;436.54;109.75;142.72;7.8162;0.6265;0.216;0;0.0112;683.73;13.104;0;0;6.2452;6.8591;676.17;6.1923;1.2621;0.3173;4.4409;0.172;682.36;1.3675;0.8731;0.2195;0.273;0.0019;678.32;434.41;109.21;131.76;0.7832;344.37;279.63;105.46;2.0825;3.5369;50.877;2.1513;52.332;0;1;0;0;1.1107;0.9812;1;1;0.9562;0.1225;0.9909;0.9971;1;0.9674;0.8199;0.998;0.998;1;0.998;0.998;0.9703;0.9232;0.1002;2.0926;2.1503;0.0129;-0.0007;0.1383;0.014;0.0496;0.0095;0;0;0.088;0;1.7576;0;0;0;0;0;0;0;0;0;0;0;0;0.04;0.0103;1.8764;1.8764;0;43.358;43.358;27.768;0.0411;1845.1;1017;1;0.0308;0.0308;0;0;0;0;0;0;1.8456;1.7576;0;17.082;19.781;16.001;18.528;98.36;98.36;16.724;14.996;14.047;1.7277;0.9493;0.1033;0.0568;0.8399;93.86;0.7964;0
18/09/21 14:00;37.889;53.652;27.888;44.013;45.987;90;45.987;666.7;115.1;551.6;16.57;8.16;0;793.86;32.981;109.64;0;19.328;955.81;0;955.81;793.86;109.64;32.981;19.328;0.8306;0.0547;0;0.0202;934.98;20.833;0;0;2.8275;18.005;931.18;1.9263;0.7632;0.1054;0.9835;0.0742;933.11;1.87;1.5877;0.2193;0.0603;0.0026;935.83;791.51;109.31;29.109;1.2466;281.84;228.85;85.443;2.1753;2.9817;42.89;4.6452;43.697;0;1;0;0;1.4337;0.9782;1;1;0.9143;0.0685;0.9979;0.999;1;0.9673;0.9438;0.998;0.998;1;0.998;0.998;0.9742;0.8826;0.0645;2.8703;2.909;0.0175;-0.0009;0.3077;0.0181;0.0642;0.0076;0;0;0.088;0;2.2947;0;0;0;0;0;0;0;0;0;0;0;0;0.0517;0.0184;2.4248;2.4248;0;55.175;55.175;38.605;0.0415;2504.1;968.31;1;0.0421;0.0421;0;0;0;0;0;0;2.3827;2.2947;0;16.093;18.635;15.23;17.636;98.265;98.265;22.939;19.379;18.339;3.5607;1.0394;0.1552;0.0453;0.7995;24.77;0.7735;0
18/09/21 15:00;27.263;66.254;20.983;29.379;60;90;60;300.5;228.7;71.8;16.36;7.29;0;146.35;151.71;53.841;0;14.274;366.18;0;366.18;146.35;53.841;151.71;14.274;0.3997;0.4533;0;0.039;333.65;32.522;0;0;19.133;13.389;328.1;4.8842;0.1059;0.0389;4.6792;0.0602;332.99;0.6673;0.2927;0.1077;0.2652;0.0018;332.77;145.95;53.694;127.64;0.8231;148.16;120.3;50.454;25.367;2.7819;40.017;4.6696;17.431;0;1;0;0;1.2185;0.9112;1;1;0.8739;0.062;0.9853;0.9993;1;0.9646;0.9319;0.998;0.998;1;0.998;0.998;0.896;0.8413;0.0577;1.0996;1.0866;0.0065;0.0122;0.0182;0.0073;0.0261;0.0077;0;0;0.088;0;0.8805;0;0;0;0;0;0;0;0;0;0;0;0;0.021;0.0029;0.9846;0.9846;0;29.728;29.728;13.368;0.0407;929.31;1059.5;1;0.0161;0.0161;0;0;0;0;0;0;0.9685;0.8805;0;17.057;19.751;15.254;17.663;98.366;98.366;8.7882;7.8687;7.0368;0.9195;0.8319;0.1046;0.0947;0.8007;132.08;0.7402;0
18/09/21 16:00;15.645;76.464;49.154;16.069;26.099;90;26.099;243.6;119.9;123.7;15.9;4.9201;0;300;75.328;98.29;0;2.3596;475.97;0;475.97;300;98.29;75.328;2.3596;0.6303;0.1632;0;0.005;471.25;4.7205;0;0;2.685;2.0356;462.98;7.3284;3.6641;1.2005;2.3995;0.0644;470.31;0.9425;0.6;0.1966;0.1453;0.0006;463.22;295.73;96.893;70.098;0.259;49.207;39.956;14.215;0.7019;0.5872;8.4463;0.2369;8.3316;0;1;0;0;1.9539;0.9901;1;1;0.9644;0.1373;0.9844;0.9878;1;0.9669;0.8008;0.998;0.998;1;0.998;0.998;0.9727;0.9306;0.1098;1.4293;1.413;0.0085;0.0075;0.0489;0.0094;0.0335;0.0016;0;0;0.088;0;1.1635;0;0;0;0;0;0;0;0;0;0;0;0;0.0269;0.0048;1.2718;1.2718;0;34.806;34.806;18.906;0.0408;1215;1046.7;1;0.0202;0.0202;0;0;0;0;0;0;1.2515;1.1635;0;16.95;19.627;15.507;17.957;98.41;98.41;11.423;10.164;9.299;1.2594;0.8649;0.1103;0.0757;0.814;48.402;0.8034;0
18/09/21 17:00;4.9654;84.439;77.882;4.9888;7.1865;90;7.1865;17.19;17.003;0.1879;14.37;3.6501;0;0.4557;16.909;0.066;0;0.0128;17.443;0;17.443;0.4557;0.066;16.909;0.0128;0.0261;0.9701;0;0.0007;17.361;0.0819;0;0;0.0712;0.0107;16.48;0.8467;0.1153;0.0167;0.7142;0.0005;17.327;0.0347;0.0009;0.0001;0.0337;0;16.481;0.3395;0.0491;16.09;0.0016;10.076;8.1821;2.8847;0.0012;0.1127;1.6209;0.0015;1.7323;0;1;0;0;1.0147;0.9953;1;1;0.9958;0.1644;0.9511;0.7464;1;0.9575;0.7755;0.998;0.998;1;0.998;0.998;0.9448;0.9516;0.1272;0.0524;0.0531;0.0003;0.0081;-0.0019;0.0003;0.0012;0.0003;0;0;0.088;0;-0.0472;0;0;0;0;0;0;0;0;0;0;0;0;0.0009;0;0.0438;0.0438;0;15.056;15.056;0.686;0.0416;43.643;1003.2;1;0.003;0.003;0;0;0;0;0;0;0.0408;-0.0472;0;15.923;18.439;-17.179;-19.893;93.1;93.1;0.4186;0.3499;-0.3775;0.0687;0.7274;0.1641;1.7376;0;10.075;0;0
18/09/21 18:00;0;0;90;0;0;90;0;0;0;0;9.5599;3.54;0;0;0;0;0;0;0;0;0;0;0;0;0;1;1;1;1;0;0;0;0;0;0;0;0;0;0;0;0;0;0;0;0;0;0;0;0;0;0;0;0;0;0;0;0;0;0;0;0;0;0;0;1;1;1;1;1;1;1;1;1;1;1;1;1;1;1;1;1;1;1;0;0;0;0;0;0;0;0;0;0.0004;0.088;0;-0.0884;0;0;0;0;0;0;0;0;0;0;0;0;0;0;0;0;0;0;0;-9.5599;0;0;0;0;0.0004;0;0;0;0;0;0;0;-0.0004;-0.0884;0;0;0;0;0;0;0;0;0;-0.7063;0;0.7063;1;1;0;0;0;0
18/09/21 19:00;0;0;90;0;0;90;0;0;0;0;7.6201;3.38;0;0;0;0;0;0;0;0;0;0;0;0;0;1;1;1;1;0;0;0;0;0;0;0;0;0;0;0;0;0;0;0;0;0;0;0;0;0;0;0;0;0;0;0;0;0;0;0;0;0;0;0;1;1;1;1;1;1;1;1;1;1;1;1;1;1;1;1;1;1;1;0;0;0;0;0;0;0;0;0;0.0004;0.088;0;-0.0884;0;0;0;0;0;0;0;0;0;0;0;0;0;0;0;0;0;0;0;-7.6201;0;0;0;0;0.0004;0;0;0;0;0;0;0;-0.0004;-0.0884;0;0;0;0;0;0;0;0;0;-0.7063;0;0.7063;1;1;0;0;0;0
18/09/21 20:00;0;0;90;0;0;90;0;0;0;0;6.26;3.06;0;0;0;0;0;0;0;0;0;0;0;0;0;1;1;1;1;0;0;0;0;0;0;0;0;0;0;0;0;0;0;0;0;0;0;0;0;0;0;0;0;0;0;0;0;0;0;0;0;0;0;0;1;1;1;1;1;1;1;1;1;1;1;1;1;1;1;1;1;1;1;0;0;0;0;0;0;0;0;0;0.0004;0.088;0;-0.0884;0;0;0;0;0;0;0;0;0;0;0;0;0;0;0;0;0;0;0;-6.26;0;0;0;0;0.0004;0;0;0;0;0;0;0;-0.0004;-0.0884;0;0;0;0;0;0;0;0;0;-0.7063;0;0.7063;1;1;0;0;0;0
18/09/21 21:00;0;0;90;0;0;90;0;0;0;0;5.0003;2.82;0;0;0;0;0;0;0;0;0;0;0;0;0;1;1;1;1;0;0;0;0;0;0;0;0;0;0;0;0;0;0;0;0;0;0;0;0;0;0;0;0;0;0;0;0;0;0;0;0;0;0;0;1;1;1;1;1;1;1;1;1;1;1;1;1;1;1;1;1;1;1;0;0;0;0;0;0;0;0;0;0.0004;0.088;0;-0.0884;0;0;0;0;0;0;0;0;0;0;0;0;0;0;0;0;0;0;0;-5.0003;0;0;0;0;0.0004;0;0;0;0;0;0;0;-0.0004;-0.0884;0;0;0;0;0;0;0;0;0;-0.7063;0;0.7063;1;1;0;0;0;0
18/09/21 22:00;0;0;90;0;0;90;0;0;0;0;5.3899;2.5499;0;0;0;0;0;0;0;0;0;0;0;0;0;1;1;1;1;0;0;0;0;0;0;0;0;0;0;0;0;0;0;0;0;0;0;0;0;0;0;0;0;0;0;0;0;0;0;0;0;0;0;0;1;1;1;1;1;1;1;1;1;1;1;1;1;1;1;1;1;1;1;0;0;0;0;0;0;0;0;0;0.0004;0.088;0;-0.0884;0;0;0;0;0;0;0;0;0;0;0;0;0;0;0;0;0;0;0;-5.3899;0;0;0;0;0.0004;0;0;0;0;0;0;0;-0.0004;-0.0884;0;0;0;0;0;0;0;0;0;-0.7063;0;0.7063;1;1;0;0;0;0
18/09/21 23:00;0;0;90;0;0;90;0;0;0;0;5.56;2.1501;0;0;0;0;0;0;0;0;0;0;0;0;0;1;1;1;1;0;0;0;0;0;0;0;0;0;0;0;0;0;0;0;0;0;0;0;0;0;0;0;0;0;0;0;0;0;0;0;0;0;0;0;1;1;1;1;1;1;1;1;1;1;1;1;1;1;1;1;1;1;1;0;0;0;0;0;0;0;0;0;0.0004;0.088;0;-0.0884;0;0;0;0;0;0;0;0;0;0;0;0;0;0;0;0;0;0;0;-5.56;0;0;0;0;0.0004;0;0;0;0;0;0;0;-0.0004;-0.0884;0;0;0;0;0;0;0;0;0;-0.7063;0;0.7063;1;1;0;0;0;0
19/09/21 00:00;0;0;90;0;0;90;0;0;0;0;3.8203;1.41;0;0;0;0;0;0;0;0;0;0;0;0;0;1;1;1;1;0;0;0;0;0;0;0;0;0;0;0;0;0;0;0;0;0;0;0;0;0;0;0;0;0;0;0;0;0;0;0;0;0;0;0;1;1;1;1;1;1;1;1;1;1;1;1;1;1;1;1;1;1;1;0;0;0;0;0;0;0;0;0;0.0004;0.088;0;-0.0884;0;0;0;0;0;0;0;0;0;0;0;0;0;0;0;0;0;0;0;-3.8203;0;0;0;0;0.0004;0;0;0;0;0;0;0;-0.0004;-0.0884;0;0;0;0;0;0;0;0;0;-0.7063;0;0.7063;1;1;0;0;0;0
19/09/21 01:00;0;0;90;0;0;90;0;0;0;0;2.7301;0.74;0;0;0;0;0;0;0;0;0;0;0;0;0;1;1;1;1;0;0;0;0;0;0;0;0;0;0;0;0;0;0;0;0;0;0;0;0;0;0;0;0;0;0;0;0;0;0;0;0;0;0;0;1;1;1;1;1;1;1;1;1;1;1;1;1;1;1;1;1;1;1;0;0;0;0;0;0;0;0;0;0.0004;0.088;0;-0.0884;0;0;0;0;0;0;0;0;0;0;0;0;0;0;0;0;0;0;0;-2.7301;0;0;0;0;0.0004;0;0;0;0;0;0;0;-0.0004;-0.0884;0;0;0;0;0;0;0;0;0;-0.7063;0;0.7063;1;1;0;0;0;0
19/09/21 02:00;0;0;90;0;0;90;0;0;0;0;2.6497;0.9401;0;0;0;0;0;0;0;0;0;0;0;0;0;1;1;1;1;0;0;0;0;0;0;0;0;0;0;0;0;0;0;0;0;0;0;0;0;0;0;0;0;0;0;0;0;0;0;0;0;0;0;0;1;1;1;1;1;1;1;1;1;1;1;1;1;1;1;1;1;1;1;0;0;0;0;0;0;0;0;0;0.0004;0.088;0;-0.0884;0;0;0;0;0;0;0;0;0;0;0;0;0;0;0;0;0;0;0;-2.6497;0;0;0;0;0.0004;0;0;0;0;0;0;0;-0.0004;-0.0884;0;0;0;0;0;0;0;0;0;-0.7063;0;0.7063;1;1;0;0;0;0
19/09/21 03:00;0;0;90;0;0;90;0;0;0;0;2.0002;1.49;0;0;0;0;0;0;0;0;0;0;0;0;0;1;1;1;1;0;0;0;0;0;0;0;0;0;0;0;0;0;0;0;0;0;0;0;0;0;0;0;0;0;0;0;0;0;0;0;0;0;0;0;1;1;1;1;1;1;1;1;1;1;1;1;1;1;1;1;1;1;1;0;0;0;0;0;0;0;0;0;0.0004;0.088;0;-0.0884;0;0;0;0;0;0;0;0;0;0;0;0;0;0;0;0;0;0;0;-2.0002;0;0;0;0;0.0004;0;0;0;0;0;0;0;-0.0004;-0.0884;0;0;0;0;0;0;0;0;0;-0.7063;0;0.7063;1;1;0;0;0;0
19/09/21 04:00;0;0;90;0;0;90;0;0;0;0;1.5302;2.19;0;0;0;0;0;0;0;0;0;0;0;0;0;1;1;1;1;0;0;0;0;0;0;0;0;0;0;0;0;0;0;0;0;0;0;0;0;0;0;0;0;0;0;0;0;0;0;0;0;0;0;0;1;1;1;1;1;1;1;1;1;1;1;1;1;1;1;1;1;1;1;0;0;0;0;0;0;0;0;0;0.0004;0.088;0;-0.0884;0;0;0;0;0;0;0;0;0;0;0;0;0;0;0;0;0;0;0;-1.5302;0;0;0;0;0.0004;0;0;0;0;0;0;0;-0.0004;-0.0884;0;0;0;0;0;0;0;0;0;-0.7063;0;0.7063;1;1;0;0;0;0
19/09/21 05:00;0.554;-88.041;88.656;0.5543;0.7901;-90;-0.7901;0;0;0;1.12;2.5401;0;0;0;0;0;0;0;0;0;0;0;0;0;1;1;1;1;0;0;0;0;0;0;0;0;0;0;0;0;0;0;0;0;0;0;0;0;0;0;0;0;0;0;0;0;0;0;0;0;0;0;0;1;1;1;1;1;1;1;1;1;1;1;1;1;1;1;1;1;1;1;0;0;0;0;0;0;0;0;0;0.0004;0.088;0;-0.0884;0;0;0;0;0;0;0;0;0;0;0;0;0;0;0;0;0;0;0;-1.12;0;0;0;0;0.0004;0;0;0;0;0;0;0;-0.0004;-0.0884;0;0;0;0;0;0;0;0;0;-0.7063;0;0.7063;1;1;0;0;0;0
19/09/21 06:00;7.0768;-83.4;72.615;7.1235;10.38;-90;-10.38;95.602;17.003;78.6;1.9397;3.5801;0;190.63;8.9398;19.375;0;0.1486;219.09;0;219.09;190.63;19.375;8.9398;0.1486;0.8701;0.0415;0;0.0007;218.9;0.1928;0;0;0.0689;0.1239;188.14;30.324;27.194;2.7641;0.3598;0.0055;218.46;0.4378;0.3813;0.0388;0.0177;0;188.14;163.05;16.573;8.4935;0.0191;5.7882;4.7;1.7348;0.003;0.0598;0.8606;0.0024;0.9174;0;1;0;0;2.2917;0.9991;1;1;0.9923;0.1664;0.8612;0.8571;1;0.9594;0.7752;0.998;0.998;1;0.998;0.998;0.8587;0.9501;0.1287;0.6579;0.5685;0.0034;0.0178;-0.0314;0.0041;0.0144;0.0002;0;0;0.088;0;0.4489;0;0;0;0;0;0;0;0;0;0;0;0;0.0116;0.001;0.5475;0.5475;0;9.5069;9.5069;7.5671;0.0402;485.65;1127.3;1;0.0105;0.0105;0;0;0;0;0;0;0.5369;0.4489;0;15.851;18.355;12.999;15.052;98.079;98.079;5.2582;4.3753;3.5879;0.8829;0.7873;0.1679;0.1497;0.6824;5.3639;0.6804;0
19/09/21 07:00;19.101;-74.179;37.474;19.795;35.425;-90;-35.425;275.01;63.998;211.01;5.2802;3.6799;0;511.76;30.494;73.712;0;4.8366;620.8;0;620.8;511.76;73.712;30.494;4.8366;0.8244;0.0569;0;0.0078;614.69;6.1136;0;0;1.7626;4.351;609.31;4.1507;2.7617;0.3978;0.9254;0.0659;613.46;1.2294;1.0235;0.1474;0.0575;0.001;609.51;507.97;73.167;27.749;0.4187;22.102;17.947;7.0231;0.82;0.2551;3.6692;0.1976;3.1043;0;1;0;0;2.2574;0.9902;1;1;0.9422;0.1004;0.9932;0.9946;1;0.9677;0.8641;0.998;0.998;1;0.998;0.998;0.9815;0.91;0.0866;1.8643;1.8435;0.0111;0.002;0.0324;0.0126;0.0446;0.0007;0;0;0.088;0;1.58;0;0;0;0;0;0;0;0;0;0;0;0;0.0359;0.0078;1.6963;1.6963;0;30.035;30.035;24.755;0.0406;1585;1070.2;1;0.0283;0.0283;0;0;0;0;0;0;1.668;1.58;0;17.334;20.072;16.145;18.696;98.33;98.33;14.899;13.557;12.628;1.342;0.9297;0.0901;0.0624;0.8475;20.92;0.8438;0
19/09/21 08:00;30.537;-63.459;22.635;33.401;56.599;-90;-56.599;489.4;85.497;403.9;10.68;5.05;0;733.71;27.476;90.93;0;20.899;873.02;0;873.02;733.71;90.93;27.476;20.899;0.8404;0.0554;0;0.0239;850.26;22.76;0;0;3.1776;19.582;847.02;1.5421;0.5725;0.071;0.8352;0.0634;848.56;1.7005;1.4674;0.1819;0.0486;0.0026;850.89;731.67;90.677;23.414;1.2508;138.62;112.56;41.253;3.7372;1.6899;24.308;3.869;22.261;0;1;0;0;1.7839;0.9739;1;1;0.8844;0.063;0.9982;0.9992;1;0.9656;0.9518;0.998;0.998;1;0.998;0.998;0.9702;0.8522;0.0598;2.6217;2.614;0.0157;-0.0021;0.1873;0.0169;0.0599;0.0045;0;0;0.088;0;2.1415;0;0;0;0;0;0;0;0;0;0;0;0;0.0482;0.015;2.2686;2.2686;0;45.515;45.515;34.835;0.0411;2249.9;1008.3;1;0.0391;0.0391;0;0;0;0;0;0;2.2295;2.1415;0;16.484;19.089;15.561;18.019;98.275;98.275;20.952;18.131;17.115;2.8218;1.0161;0.1347;0.0485;0.8168;23.008;0.8001;0
19/09/21 09:00;40.801;-49.945;29.152;48.436;41.564;-90;-41.564;662.11;110.5;551.6;14.13;5.8101;0;737.22;36.54;91.818;0;15.837;881.42;0;881.42;737.22;91.818;36.54;15.837;0.8364;0.0594;0;0.018;864.13;17.285;0;0;2.6979;14.588;860.38;2.0274;0.7409;0.0923;1.0944;0.0999;862.4;1.7283;1.4744;0.1836;0.0677;0.0025;864.63;735.01;91.542;32.68;1.1472;306.52;248.9;93.403;1.7017;3.1687;45.581;4.2525;47.048;0;1;0;0;1.3312;0.9804;1;1;0.9262;0.0789;0.9976;0.999;1;0.9676;0.9199;0.998;0.998;1;0.998;0.998;0.9761;0.8944;0.0724;2.6469;2.7003;0.0163;-0.002;0.2328;0.0172;0.0609;0.0083;0;0;0.088;0;2.1742;0;0;0;0;0;0;0;0;0;0;0;0;0.049;0.016;2.3018;2.3018;0;49.636;49.636;35.506;0.0413;2323.8;990.52;1;0.0396;0.0396;0;0;0;0;0;0;2.2622;2.1742;0;16.566;19.183;15.648;18.12;98.281;98.281;21.154;18.396;17.377;2.758;1.0194;0.1304;0.0482;0.8214;26.376;0.7908;0
19/09/21 10:00;48.884;-32.034;33.88;65.157;24.843;-90;-24.843;783.01;129.8;653.21;15.4;6.2299;0;719.82;44.744;91.337;0;6.8836;862.78;0;862.78;719.82;91.337;44.744;6.8836;0.8343;0.0598;0;0.008;855.42;7.359;0;0;1.471;5.8881;849.39;4.3174;2.3745;0.3013;1.4395;0.2021;853.71;1.7108;1.4396;0.1827;0.0865;0.002;851.13;716;90.853;41.747;0.7914;431.81;350.63;132.36;0.3517;4.2802;61.568;1.737;65.497;0;1;0;0;1.1019;0.9915;1;1;0.9671;0.1446;0.9949;0.9967;1;0.9667;0.7965;0.998;0.998;1;0.998;0.998;0.9845;0.933;0.115;2.5909;2.6933;0.0162;-0.002;0.2403;0.0171;0.0605;0.0111;0;0;0.088;0;2.1584;0;0;0;0;0;0;0;0;0;0;0;0;0.0488;0.0159;2.2854;2.2854;0;50.477;50.477;35.077;0.0413;2316.6;986.53;1;0.0391;0.0391;0;0;0;0;0;0;2.2464;2.1584;0;16.804;19.458;15.869;18.376;98.291;98.291;20.707;18.265;17.25;2.4417;1.0154;0.1179;0.049;0.833;28.534;0.7908;0
19/09/21 11:00;53.236;-9.0767;36.23;83.278;6.7221;-90;-6.7221;857.61;141.1;716.51;16.59;6.58;0;721.47;47.991;93.588;0;0.5601;863.61;0;863.61;721.47;93.588;47.991;0.5601;0.8354;0.0562;0;0.0006;862.96;0.6483;0;0;0.1807;0.4676;855.36;5.8675;3.3697;0.4371;2.0401;0.0207;861.23;1.7259;1.4429;0.1872;0.0956;0.0002;855.44;716.65;92.964;45.674;0.0716;503.61;408.93;151.44;0.0027;5.1557;74.163;0.0799;79.316;0;1;0;0;1.007;0.9992;1;1;0.9962;0.1651;0.9932;0.9953;1;0.9572;0.776;0.998;0.998;1;0.998;0.998;0.9905;0.9517;0.1278;2.5934;2.7329;0.0165;-0.0018;0.2581;0.0172;0.0611;0.0133;0;0;0.088;0;2.1757;0;0;0;0;0;0;0;0;0;0;0;0;0.0492;0.0163;2.303;2.303;0;51.957;51.957;35.367;0.0413;2349.8;980.08;1;0.0393;0.0393;0;0;0;0;0;0;2.2637;2.1757;0;16.917;19.589;15.981;18.506;98.292;98.292;20.727;18.406;17.388;2.3209;1.0177;0.112;0.0491;0.8389;28.573;0.7882;0
19/09/21 12:00;52.5;15.863;35.844;78.155;11.845;90;11.845;603.99;325;278.99;17.4;6.6701;0;285.06;238.26;86.004;0;1.2218;610.55;0;610.55;285.06;86.004;238.26;1.2218;0.4669;0.3922;0;0.002;607.23;3.3176;0;0;2.2975;1.0201;594.97;11.047;1.2671;0.3823;9.3524;0.0454;606.02;1.2145;0.5701;0.172;0.4719;0.0004;595.21;283.22;85.449;226.14;0.1559;354.44;287.81;105.57;0.1312;3.7028;53.264;0.2428;56.835;0;1;0;0;1.0109;0.9946;1;1;0.9904;0.1651;0.9818;0.9955;1;0.9603;0.7746;0.998;0.998;1;0.998;0.998;0.9745;0.9491;0.1276;1.8335;1.905;0.0115;0.0014;0.1125;0.0125;0.0442;0.0099;0;0;0.088;0;1.5544;0;0;0;0;0;0;0;0;0;0;0;0;0.0356;0.0082;1.6693;1.6693;0;41.812;41.812;24.412;0.041;1635.1;1020.9;1;0.0269;0.0269;0;0;0;0;0;0;1.6424;1.5544;0;17.344;20.084;16.15;18.702;98.389;98.389;14.653;13.341;12.423;1.3122;0.9182;0.0895;0.0627;0.8478;143.53;0.7958;0
19/09/21 13:00;46.942;37.526;32.784;60.353;29.647;90;29.647;363.5;325.7;37.801;18.11;6.5201;0;43.495;292.78;14.279;0;4.5207;355.08;0;355.08;43.495;14.279;292.78;4.5207;0.1225;0.8373;0;0.0127;338.32;16.76;0;0;12.793;3.9666;328.28;9.3646;0.1156;0.038;9.1113;0.0997;337.64;0.6766;0.087;0.0286;0.56;0.0011;329.64;43.292;14.213;270.32;0.4533;219.02;177.84;66.374;4.2561;2.4853;35.75;1.3643;33.979;0;1;0;0;0.9768;0.9528;1;1;0.9563;0.1226;0.9723;0.9973;1;0.9674;0.8197;0.998;0.998;1;0.998;0.998;0.9245;0.9233;0.1003;1.0663;1.0682;0.0064;0.0125;0.0247;0.0072;0.0254;0.0069;0;0;0.088;0;0.8581;0;0;0;0;0;0;0;0;0;0;0;0;0.0205;0.0029;0.9618;0.9618;0;31.505;31.505;13.395;0.0408;914.32;1051.9;1;0.0156;0.0156;0;0;0;0;0;0;0.9461;0.8581;0;17.183;19.897;15.331;17.753;98.374;98.374;8.5219;7.6865;6.8582;0.8354;0.8283;0.098;0.0972;0.8048;192.51;0.7484;0
19/09/21 14:00;38.119;54.065;27.497;44.1;45.9;90;45.9;661.3;118.8;542.51;18.53;6.2199;0;779.57;35.533;110.49;0;19.104;944.69;0;944.69;779.57;110.49;35.533;19.104;0.8252;0.0578;0;0.0202;923.86;20.832;0;0;3.0381;17.794;920.04;1.9773;0.7389;0.1047;1.0597;0.074;922.01;1.8477;1.5591;0.221;0.065;0.0026;924.65;777.27;110.17;31.371;1.234;280.88;228.07;85.229;2.3281;2.9768;42.82;4.608;43.469;0;1;0;0;1.4285;0.9779;1;1;0.9145;0.0686;0.9979;0.9991;1;0.9673;0.9434;0.998;0.998;1;0.998;0.998;0.9739;0.8829;0.0646;2.8369;2.8752;0.0173;-0.0011;0.3201;0.0178;0.063;0.0076;0;0;0.088;0;2.2529;0;0;0;0;0;0;0;0;0;0;0;0;0.0508;0.018;2.3818;2.3818;0;56.722;56.722;38.192;0.0415;2475.2;962.25;1;0.0409;0.0409;0;0;0;0;0;0;2.3409;2.2529;0;15.994;18.52;15.128;17.518;98.285;98.285;22.673;19.035;18.005;3.6375;1.0298;0.1604;0.0454;0.7941;26.665;0.7681;0
19/09/21 15:00;27.451;66.65;20.599;29.502;60;90;60;429.9;155.2;274.69;18.64;5.1601;0;557.79;65.318;138.31;0;20.42;781.84;0;781.84;557.79;138.31;65.318;20.42;0.7134;0.1097;0;0.0261;754.44;27.392;0;0;8.2375;19.154;750.34;2.5949;0.3961;0.0982;2.0146;0.0861;752.93;1.5089;1.1156;0.2766;0.1142;0.0025;754.12;556.28;137.93;54.952;1.1775;114.06;92.619;37.018;10.925;1.7011;24.47;3.7845;15.246;0;1;0;0;1.8187;0.965;1;1;0.8739;0.062;0.9966;0.9993;1;0.9646;0.9319;0.998;0.998;1;0.998;0.998;0.9597;0.8413;0.0577;2.3479;2.3229;0.014;-0.0017;0.2008;0.0148;0.0524;0.0044;0;0;0.088;0;1.8637;0;0;0;0;0;0;0;0;0;0;0;0;0.0422;0.012;1.9841;1.9841;0;49.608;49.608;30.968;0.0413;2000;992.01;1;0.0323;0.0323;0;0;0;0;0;0;1.9517;1.8637;0;16.098;18.641;15.122;17.511;98.37;98.37;18.764;15.857;14.895;2.9074;0.9618;0.1549;0.0513;0.7938;56.864;0.7756;0
19/09/21 16:00;15.806;76.842;48.654;16.21;26.403;90;26.403;206.3;143;63.308;17.95;3.24;0;153.54;112.34;59.366;0;2.0444;327.29;0;327.29;153.54;59.366;112.34;2.0444;0.4691;0.3495;0;0.0062;321.44;5.8452;0;0;4.0791;1.7661;314.64;6.1636;1.8305;0.7078;3.5704;0.0549;320.8;0.6429;0.3071;0.1187;0.2165;0.0006;314.99;151.4;58.539;104.47;0.2228;72.749;59.072;21.48;1.0899;0.8413;12.102;0.35;11.853;0;1;0;0;1.5864;0.9821;1;1;0.9637;0.1361;0.9808;0.9881;1;0.967;0.8023;0.998;0.998;1;0.998;0.998;0.9613;0.93;0.109;0.9828;0.9742;0.0059;0.0138;0.0201;0.0065;0.0232;0.0023;0;0;0.088;0;0.7788;0;0;0;0;0;0;0;0;0;0;0;0;0.0187;0.0024;0.8813;0.8813;0;30.784;30.784;12.834;0.0408;835.16;1055.3;1;0.0145;0.0145;0;0;0;0;0;0;0.8668;0.7788;0;17.082;19.78;15.096;17.481;98.358;98.358;7.8549;7.0434;6.2245;0.8115;0.819;0.1033;0.1043;0.7924;72.319;0.7711;0
19/09/21 17:00;4.9116;84.955;78.015;4.9306;7.101;90;7.101;21.293;21;0.2925;15.87;3.3599;0;0.7094;20.867;0.1281;0;0.0155;21.72;0;21.72;0.7094;0.1281;20.867;0.0155;0.0327;0.9614;0;0.0007;21.621;0.0992;0;0;0.0862;0.013;20.48;1.0981;0.1822;0.0329;0.8825;0.0006;21.578;0.0432;0.0014;0.0003;0.0416;0;20.481;0.5258;0.095;19.857;0.002;12.434;10.096;3.5595;0.0015;0.139;2.0001;0.0018;2.1377;0;1;0;0;1.0201;0.9954;1;1;0.9959;0.1644;0.9491;0.7426;1;0.9575;0.7755;0.998;0.998;1;0.998;0.998;0.9429;0.9516;0.1272;0.0652;0.0659;0.0004;0.0091;-0.002;0.0004;0.0014;0.0004;0;0;0.088;0;-0.0363;0;0;0;0;0;0;0;0;0;0;0;0;0.0012;0;0.055;0.055;0;16.72;16.72;0.8506;0.0415;54.64;1005.9;1;0.0033;0.0033;0;0;0;0;0;0;0.0517;-0.0363;0;16.052;18.588;-10.614;-12.291;93.987;93.987;0.5213;0.4393;-0.2905;0.082;0.7297;0.1574;1.3998;0;12.432;0;0
19/09/21 18:00;0;0;90;0;0;90;0;0;0;0;10.66;3.5801;0;0;0;0;0;0;0;0;0;0;0;0;0;1;1;1;1;0;0;0;0;0;0;0;0;0;0;0;0;0;0;0;0;0;0;0;0;0;0;0;0;0;0;0;0;0;0;0;0;0;0;0;1;1;1;1;1;1;1;1;1;1;1;1;1;1;1;1;1;1;1;0;0;0;0;0;0;0;0;0;0.0004;0.088;0;-0.0884;0;0;0;0;0;0;0;0;0;0;0;0;0;0;0;0;0;0;0;-10.66;0;0;0;0;0.0004;0;0;0;0;0;0;0;-0.0004;-0.0884;0;0;0;0;0;0;0;0;0;-0.7063;0;0.7063;1;1;0;0;0;0
19/09/21 19:00;0;0;90;0;0;90;0;0;0;0;7.5603;3.8101;0;0;0;0;0;0;0;0;0;0;0;0;0;1;1;1;1;0;0;0;0;0;0;0;0;0;0;0;0;0;0;0;0;0;0;0;0;0;0;0;0;0;0;0;0;0;0;0;0;0;0;0;1;1;1;1;1;1;1;1;1;1;1;1;1;1;1;1;1;1;1;0;0;0;0;0;0;0;0;0;0.0004;0.088;0;-0.0884;0;0;0;0;0;0;0;0;0;0;0;0;0;0;0;0;0;0;0;-7.5603;0;0;0;0;0.0004;0;0;0;0;0;0;0;-0.0004;-0.0884;0;0;0;0;0;0;0;0;0;-0.7063;0;0.7063;1;1;0;0;0;0
19/09/21 20:00;0;0;90;0;0;90;0;0;0;0;9.7201;4.0699;0;0;0;0;0;0;0;0;0;0;0;0;0;1;1;1;1;0;0;0;0;0;0;0;0;0;0;0;0;0;0;0;0;0;0;0;0;0;0;0;0;0;0;0;0;0;0;0;0;0;0;0;1;1;1;1;1;1;1;1;1;1;1;1;1;1;1;1;1;1;1;0;0;0;0;0;0;0;0;0;0.0004;0.088;0;-0.0884;0;0;0;0;0;0;0;0;0;0;0;0;0;0;0;0;0;0;0;-9.7201;0;0;0;0;0.0004;0;0;0;0;0;0;0;-0.0004;-0.0884;0;0;0;0;0;0;0;0;0;-0.7063;0;0.7063;1;1;0;0;0;0
19/09/21 21:00;0;0;90;0;0;90;0;0;0;0;9.7401;4.3199;0;0;0;0;0;0;0;0;0;0;0;0;0;1;1;1;1;0;0;0;0;0;0;0;0;0;0;0;0;0;0;0;0;0;0;0;0;0;0;0;0;0;0;0;0;0;0;0;0;0;0;0;1;1;1;1;1;1;1;1;1;1;1;1;1;1;1;1;1;1;1;0;0;0;0;0;0;0;0;0;0.0004;0.088;0;-0.0884;0;0;0;0;0;0;0;0;0;0;0;0;0;0;0;0;0;0;0;-9.7401;0;0;0;0;0.0004;0;0;0;0;0;0;0;-0.0004;-0.0884;0;0;0;0;0;0;0;0;0;-0.7063;0;0.7063;1;1;0;0;0;0
19/09/21 22:00;0;0;90;0;0;90;0;0;0;0;10.55;4.5;0;0;0;0;0;0;0;0;0;0;0;0;0;1;1;1;1;0;0;0;0;0;0;0;0;0;0;0;0;0;0;0;0;0;0;0;0;0;0;0;0;0;0;0;0;0;0;0;0;0;0;0;1;1;1;1;1;1;1;1;1;1;1;1;1;1;1;1;1;1;1;0;0;0;0;0;0;0;0;0;0.0004;0.088;0;-0.0884;0;0;0;0;0;0;0;0;0;0;0;0;0;0;0;0;0;0;0;-10.55;0;0;0;0;0.0004;0;0;0;0;0;0;0;-0.0004;-0.0884;0;0;0;0;0;0;0;0;0;-0.7063;0;0.7063;1;1;0;0;0;0
19/09/21 23:00;0;0;90;0;0;90;0;0;0;0;11.79;4.43;0;0;0;0;0;0;0;0;0;0;0;0;0;1;1;1;1;0;0;0;0;0;0;0;0;0;0;0;0;0;0;0;0;0;0;0;0;0;0;0;0;0;0;0;0;0;0;0;0;0;0;0;1;1;1;1;1;1;1;1;1;1;1;1;1;1;1;1;1;1;1;0;0;0;0;0;0;0;0;0;0.0004;0.088;0;-0.0884;0;0;0;0;0;0;0;0;0;0;0;0;0;0;0;0;0;0;0;-11.79;0;0;0;0;0.0004;0;0;0;0;0;0;0;-0.0004;-0.0884;0;0;0;0;0;0;0;0;0;-0.7063;0;0.7063;1;1;0;0;0;0
20/09/21 00:00;0;0;90;0;0;90;0;0;0;0;10.82;4.26;0;0;0;0;0;0;0;0;0;0;0;0;0;1;1;1;1;0;0;0;0;0;0;0;0;0;0;0;0;0;0;0;0;0;0;0;0;0;0;0;0;0;0;0;0;0;0;0;0;0;0;0;1;1;1;1;1;1;1;1;1;1;1;1;1;1;1;1;1;1;1;0;0;0;0;0;0;0;0;0;0.0004;0.088;0;-0.0884;0;0;0;0;0;0;0;0;0;0;0;0;0;0;0;0;0;0;0;-10.82;0;0;0;0;0.0004;0;0;0;0;0;0;0;-0.0004;-0.0884;0;0;0;0;0;0;0;0;0;-0.7063;0;0.7063;1;1;0;0;0;0
20/09/21 01:00;0;0;90;0;0;90;0;0;0;0;12.04;3.8299;0;0;0;0;0;0;0;0;0;0;0;0;0;1;1;1;1;0;0;0;0;0;0;0;0;0;0;0;0;0;0;0;0;0;0;0;0;0;0;0;0;0;0;0;0;0;0;0;0;0;0;0;1;1;1;1;1;1;1;1;1;1;1;1;1;1;1;1;1;1;1;0;0;0;0;0;0;0;0;0;0.0004;0.088;0;-0.0884;0;0;0;0;0;0;0;0;0;0;0;0;0;0;0;0;0;0;0;-12.04;0;0;0;0;0.0004;0;0;0;0;0;0;0;-0.0004;-0.0884;0;0;0;0;0;0;0;0;0;-0.7063;0;0.7063;1;1;0;0;0;0
20/09/21 02:00;0;0;90;0;0;90;0;0;0;0;12.06;3.1701;0;0;0;0;0;0;0;0;0;0;0;0;0;1;1;1;1;0;0;0;0;0;0;0;0;0;0;0;0;0;0;0;0;0;0;0;0;0;0;0;0;0;0;0;0;0;0;0;0;0;0;0;1;1;1;1;1;1;1;1;1;1;1;1;1;1;1;1;1;1;1;0;0;0;0;0;0;0;0;0;0.0004;0.088;0;-0.0884;0;0;0;0;0;0;0;0;0;0;0;0;0;0;0;0;0;0;0;-12.06;0;0;0;0;0.0004;0;0;0;0;0;0;0;-0.0004;-0.0884;0;0;0;0;0;0;0;0;0;-0.7063;0;0.7063;1;1;0;0;0;0
20/09/21 03:00;0;0;90;0;0;90;0;0;0;0;11;2.7899;0;0;0;0;0;0;0;0;0;0;0;0;0;1;1;1;1;0;0;0;0;0;0;0;0;0;0;0;0;0;0;0;0;0;0;0;0;0;0;0;0;0;0;0;0;0;0;0;0;0;0;0;1;1;1;1;1;1;1;1;1;1;1;1;1;1;1;1;1;1;1;0;0;0;0;0;0;0;0;0;0.0004;0.088;0;-0.0884;0;0;0;0;0;0;0;0;0;0;0;0;0;0;0;0;0;0;0;-11;0;0;0;0;0.0004;0;0;0;0;0;0;0;-0.0004;-0.0884;0;0;0;0;0;0;0;0;0;-0.7063;0;0.7063;1;1;0;0;0;0
20/09/21 04:00;0;0;90;0;0;90;0;0;0;0;9.3399;2.7001;0;0;0;0;0;0;0;0;0;0;0;0;0;1;1;1;1;0;0;0;0;0;0;0;0;0;0;0;0;0;0;0;0;0;0;0;0;0;0;0;0;0;0;0;0;0;0;0;0;0;0;0;1;1;1;1;1;1;1;1;1;1;1;1;1;1;1;1;1;1;1;0;0;0;0;0;0;0;0;0;0.0004;0.088;0;-0.0884;0;0;0;0;0;0;0;0;0;0;0;0;0;0;0;0;0;0;0;-9.3399;0;0;0;0;0.0004;0;0;0;0;0;0;0;-0.0004;-0.0884;0;0;0;0;0;0;0;0;0;-0.7063;0;0.7063;1;1;0;0;0;0
20/09/21 05:00;0.6484;-88.449;88.427;0.6486;0.9246;-90;-0.9246;0;0;0;8.3999;3.1999;0;0;0;0;0;0;0;0;0;0;0;0;0;1;1;1;1;0;0;0;0;0;0;0;0;0;0;0;0;0;0;0;0;0;0;0;0;0;0;0;0;0;0;0;0;0;0;0;0;0;0;0;1;1;1;1;1;1;1;1;1;1;1;1;1;1;1;1;1;1;1;0;0;0;0;0;0;0;0;0;0.0004;0.088;0;-0.0884;0;0;0;0;0;0;0;0;0;0;0;0;0;0;0;0;0;0;0;-8.3999;0;0;0;0;0.0004;0;0;0;0;0;0;0;-0.0004;-0.0884;0;0;0;0;0;0;0;0;0;-0.7063;0;0.7063;1;1;0;0;0;0
20/09/21 06:00;7.3778;-83.664;71.854;7.4226;10.836;-90;-10.836;38.893;36.798;2.0949;8.84;4.17;0;5.0808;36.032;1.0717;0;0.0659;42.251;0;42.251;5.0808;1.0717;36.032;0.0659;0.1203;0.8544;0;0.0016;41.897;0.3533;0;0;0.2984;0.0549;39.563;2.2502;0.6678;0.1409;1.4391;0.0025;41.814;0.0838;0.0102;0.0021;0.0715;0;39.575;4.4028;0.9287;34.223;0.0085;21.657;17.586;6.2251;0.0142;0.2413;3.4713;0.0111;3.6984;0;1;0;0;1.0863;0.9916;1;1;0.9917;0.1664;0.9462;0.8683;1;0.9596;0.7752;0.998;0.998;1;0.998;0.998;0.9364;0.9498;0.1288;0.1269;0.1265;0.0008;0.0125;-0.0068;0.0008;0.003;0.0007;0;0;0.088;0;0.0198;0;0;0;0;0;0;0;0;0;0;0;0;0.0024;0.0001;0.113;0.113;0;10.459;10.459;1.619;0.0409;106.35;1062.4;1;0.0052;0.0052;0;0;0;0;0;0;0.1078;0.0198;0;16.964;19.644;2.972;3.4415;95.405;95.405;1.014;0.903;0.1582;0.111;0.7448;0.1095;0.7345;0.156;21.645;0.147;0
20/09/21 07:00;19.413;-74.443;36.285;20.093;36.334;-90;-36.334;140.71;126.4;14.307;10.28;4.0799;0;34.699;110.5;9.7134;0;2.599;157.51;0;157.51;34.699;9.7134;110.5;2.599;0.2203;0.718;0;0.0165;148.52;8.9926;0;0;6.6449;2.3477;144.63;3.5853;0.1632;0.0457;3.3444;0.032;148.22;0.297;0.0694;0.0194;0.2077;0.0005;145.4;34.467;9.6483;100.3;0.2187;76.441;62.07;23.789;3.2373;0.9408;13.533;0.765;11.236;0;1;0;0;1.1194;0.9429;1;1;0.9399;0.0967;0.9758;0.9953;1;0.9677;0.8723;0.998;0.998;1;0.998;0.998;0.9183;0.9077;0.0842;0.473;0.4665;0.0028;0.0181;-0.0149;0.0032;0.0114;0.0027;0;0;0.088;0;0.3363;0;0;0;0;0;0;0;0;0;0;0;0;0.0092;0.0007;0.4332;0.4332;0;16.143;16.143;5.8635;0.0405;397.55;1089.7;1;0.0089;0.0089;0;0;0;0;0;0;0.4243;0.3363;0;17.448;20.204;13.544;15.683;97.937;97.937;3.7802;3.4623;2.6875;0.3179;0.7747;0.0841;0.2049;0.711;76.351;0.668;0
20/09/21 08:00;30.868;-63.717;22.339;33.69;56.31;-90;-56.31;206.7;193.2;13.496;12.18;6.7699;0;24.331;147.27;6.7441;0;8.7441;187.09;0;187.09;24.331;6.7441;147.27;8.7441;0.13;0.8339;0;0.0467;161.99;25.1;0;0;16.906;8.1933;157.15;4.5221;0.0187;0.0052;4.4723;0.0259;161.67;0.324;0.0487;0.0135;0.2607;0.0011;160.61;24.264;6.7254;125.64;0.5238;127.41;103.46;42.954;19.647;2.2799;32.795;3.4588;15.428;0;1;0;0;0.9052;0.8658;1;1;0.8852;0.063;0.972;0.9992;1;0.9656;0.9529;0.998;0.998;1;0.998;0.998;0.8399;0.8531;0.0599;0.5618;0.5529;0.0033;0.0179;-0.0128;0.0038;0.0135;0.0065;0;0;0.088;0;0.4112;0;0;0;0;0;0;0;0;0;0;0;0;0.0109;0.0009;0.5088;0.5088;0;18.559;18.559;6.3792;0.0406;470.17;1082.2;1;0.0097;0.0097;0;0;0;0;0;0;0.4992;0.4112;0;17.253;19.978;13.941;16.144;98.101;98.101;4.4903;4.0666;3.2861;0.4236;0.7805;0.0943;0.1738;0.7318;122.93;0.6469;0
20/09/21 09:00;41.161;-50.172;28.829;48.703;41.297;-90;-41.297;120.39;118.9;1.495;12.3;7.7399;0;1.99;103.94;0.2646;0;2.8445;109.04;0;109.04;1.99;0.2646;103.94;2.8445;0.0183;0.9793;0;0.0261;98.816;10.221;0;0;7.6023;2.6184;95.483;3.1352;0.002;0.0003;3.1145;0.0185;98.618;0.1976;0.004;0.0005;0.1927;0.0005;96.492;1.984;0.2638;93.028;0.2072;75.626;61.408;24.138;4.7244;0.9905;14.248;1.0094;10.514;0;1;0;0;0.9057;0.9063;1;1;0.9269;0.0795;0.9682;0.999;1;0.9676;0.9182;0.998;0.998;1;0.998;0.998;0.8757;0.895;0.0728;0.3274;0.3207;0.0019;0.0173;-0.0103;0.0022;0.0077;0.0028;0;0;0.088;0;0.1971;0;0;0;0;0;0;0;0;0;0;0;0;0.0062;0.0004;0.2924;0.2924;0;16.187;16.187;3.8867;0.0407;272.28;1073.8;1;0.0073;0.0073;0;0;0;0;0;0;0.2851;0.1971;0;17.01;19.697;11.466;13.278;97.506;97.506;2.6169;2.3367;1.5751;0.2802;0.7616;0.1071;0.291;0.6019;74.857;0.5483;0
20/09/21 10:00;49.274;-32.165;33.525;65.376;24.624;-90;-24.624;152.1;150;2.0949;11.56;8.1901;0;2.3044;142.89;0.3357;0;1.3139;146.84;0;146.84;2.3044;0.3357;142.89;1.3139;0.0157;0.982;0;0.0089;141.09;5.7538;0;0;4.631;1.1228;136.16;4.6523;0.0071;0.001;4.6051;0.039;140.81;0.2822;0.0046;0.0007;0.2765;0.0004;136.52;2.2927;0.334;133.38;0.1518;92.322;74.965;27.607;1.0833;1.0256;14.753;0.364;14.695;0;1;0;0;0.9655;0.9608;1;1;0.9676;0.1455;0.967;0.9969;1;0.9666;0.7956;0.998;0.998;1;0.998;0.998;0.9272;0.9334;0.1155;0.441;0.4423;0.0027;0.0181;-0.0126;0.003;0.0108;0.0029;0;0;0.088;0;0.3116;0;0;0;0;0;0;0;0;0;0;0;0;0.0087;0.0006;0.4082;0.4082;0;17.088;17.088;5.5274;0.0406;376.74;1083.4;1;0.0086;0.0086;0;0;0;0;0;0;0.3996;0.3116;0;17.633;20.418;13.459;15.585;97.89;97.89;3.5243;3.262;2.4899;0.2622;0.7721;0.0744;0.2191;0.7065;91.005;0.6571;0
20/09/21 11:00;53.632;-9.0072;35.849;83.423;6.5765;-90;-6.5765;134.01;132.6;1.4074;11.7;8;0;1.4168;131.99;0.1717;0;0.0838;133.67;0;133.67;1.4168;0.1717;131.99;0.0838;0.0106;0.9881;0;0.0006;133.12;0.5495;0;0;0.4796;0.0699;127.22;5.6321;0.0063;0.0008;5.622;0.0031;132.85;0.2662;0.0028;0.0003;0.263;0;127.23;1.4076;0.1706;125.63;0.0107;79.495;64.55;22.906;0.0064;0.8791;12.646;0.0089;13.519;0;1;0;0;0.9975;0.9959;1;1;0.9964;0.165;0.9576;0.9955;1;0.9572;0.776;0.998;0.998;1;0.998;0.998;0.9518;0.9518;0.1278;0.4014;0.4099;0.0025;0.018;-0.0121;0.0028;0.01;0.0025;0;0;0.088;0;0.2814;0;0;0;0;0;0;0;0;0;0;0;0;0.008;0.0006;0.3776;0.3776;0;16.867;16.867;5.1668;0.0406;349.07;1081.8;1;0.0083;0.0083;0;0;0;0;0;0;0.3694;0.2814;0;17.922;20.753;13.353;15.462;97.809;97.809;3.208;3.018;2.2486;0.19;0.7694;0.0592;0.2398;0.7009;78.569;0.6546;0
20/09/21 12:00;52.857;16.155;35.448;78.099;11.901;90;11.901;96.892;96.2;0.6911;9.2501;7.51;0;0.7063;95.106;0.0627;0;0.1979;96.073;0;96.073;0.7063;0.0627;95.106;0.1979;0.0074;0.992;0;0.0021;94.983;1.0895;0;0;0.9243;0.1652;91.053;3.7401;0.003;0.0003;3.7295;0.0073;94.793;0.19;0.0014;0.0001;0.1884;0.0001;91.091;0.7019;0.0624;90.264;0.0252;57.736;46.882;16.688;0.0532;0.6383;9.1821;0.0376;9.7672;0;1;0;0;0.9915;0.9887;1;1;0.9903;0.1651;0.9605;0.9958;1;0.9603;0.7746;0.998;0.998;1;0.998;0.998;0.9478;0.9491;0.1276;0.2885;0.2937;0.0018;0.017;-0.0129;0.002;0.0071;0.0018;0;0;0.088;0;0.1756;0;0;0;0;0;0;0;0;0;0;0;0;0.0058;0.0003;0.2708;0.2708;0;12.948;12.948;3.698;0.0406;249.42;1085.6;1;0.0072;0.0072;0;0;0;0;0;0;0.2636;0.1756;0;17.879;20.703;11.592;13.423;97.333;97.333;2.3057;2.164;1.403;0.1417;0.761;0.0615;0.3301;0.6085;57.299;0.5678;0
20/09/21 13:00;47.232;37.928;32.385;60.379;29.621;90;29.621;289.7;277.8;11.9;9.1598;7.4001;0;13.688;256.55;3.8128;0;3.5966;277.65;0;277.65;13.688;3.8128;256.55;3.5966;0.0493;0.937;0;0.013;263.3;14.35;0;0;11.194;3.1554;254.66;8.1069;0.0332;0.0093;7.9849;0.0795;262.77;0.5266;0.0274;0.0076;0.4907;0.0009;255.76;13.628;3.7959;236.88;0.3609;176.69;143.47;53.471;3.7177;2.0284;29.177;1.0982;27.488;0;1;0;0;0.9584;0.9483;1;1;0.9564;0.1227;0.9691;0.9976;1;0.9674;0.8196;0.998;0.998;1;0.998;0.998;0.9172;0.9233;0.1003;0.8338;0.8318;0.005;0.0156;-0.0163;0.0058;0.0205;0.0058;0;0;0.088;0;0.6756;0;0;0;0;0;0;0;0;0;0;0;0;0.0165;0.0018;0.7771;0.7771;0;19.464;19.464;10.305;0.0405;709.83;1094.7;1;0.0134;0.0134;0;0;0;0;0;0;0.7636;0.6756;0;17.754;20.559;15.437;17.875;98.27;98.27;6.6635;6.2103;5.3996;0.4532;0.8107;0.068;0.1217;0.8103;168.65;0.7512;0
20/09/21 14:00;38.348;54.481;27.106;44.186;45.814;90;45.814;356.6;297.1;59.501;10.46;7.3;0;85.369;234.29;30.091;0;10.265;360.02;0;360.02;85.369;30.091;234.29;10.265;0.2371;0.6793;0;0.0285;330.48;29.537;0;0;19.977;9.5596;322.69;7.1352;0.0798;0.0281;6.9872;0.0401;329.82;0.661;0.1707;0.0602;0.4286;0.0014;326.23;85.119;30.002;206.9;0.664;208.78;169.53;66.85;15.223;2.8624;41.175;3.5485;28.815;0;1;0;0;1.0096;0.918;1;1;0.9147;0.0687;0.9784;0.9991;1;0.9673;0.943;0.998;0.998;1;0.998;0.998;0.8963;0.8831;0.0647;1.0811;1.0694;0.0064;0.0125;-0.0055;0.0074;0.0262;0.0081;0;0;0.088;0;0.8858;0;0;0;0;0;0;0;0;0;0;0;0;0.0211;0.0028;0.9903;0.9903;0;23.54;23.54;13.08;0.0405;912.29;1085.5;1;0.0165;0.0165;0;0;0;0;0;0;0.9738;0.8858;0;17.45;20.206;15.608;18.073;98.33;98.33;8.6405;7.9146;7.0792;0.7258;0.8354;0.084;0.0967;0.8193;175.68;0.7547;0
20/09/21 15:00;27.637;67.047;20.214;29.624;60;90;60;332.5;226.5;106;11.8;6.74;0;214.44;141.3;77.07;0;15.794;448.6;0;448.6;214.44;77.07;141.3;15.794;0.478;0.3502;0;0.0352;415.97;32.634;0;0;17.82;14.814;410.51;4.6277;0.1494;0.0537;4.3581;0.0666;415.13;0.8319;0.4289;0.1541;0.247;0.002;415.17;213.86;76.862;118.88;0.9107;147.5;119.77;49.996;23.627;2.6791;38.538;4.6598;17.59;0;1;0;0;1.3492;0.9273;1;1;0.8739;0.062;0.9889;0.9993;1;0.9646;0.9319;0.998;0.998;1;0.998;0.998;0.9151;0.8413;0.0577;1.3471;1.3317;0.008;0.0087;0.0164;0.0091;0.0322;0.0075;0;0;0.088;0;1.1118;0;0;0;0;0;0;0;0;0;0;0;0;0.026;0.0042;1.2196;1.2196;0;28.485;28.485;16.685;0.0406;1140.5;1069.3;1;0.0198;0.0198;0;0;0;0;0;0;1.1998;1.1118;0;17.246;19.97;15.721;18.205;98.377;98.377;10.766;9.7467;8.8852;1.0197;0.8615;0.0947;0.08;0.8253;123.01;0.7754;0
20/09/21 16:00;15.967;77.222;48.152;16.351;26.71;90;26.71;91.793;90.001;1.7922;12.62;5.6599;0;4.3465;84.791;1.0467;0;0.9305;91.114;0;91.114;4.3465;1.0467;84.791;0.9305;0.0477;0.9408;0;0.0102;87.173;3.9413;0;0;3.1363;0.805;84.222;2.7762;0.0505;0.0122;2.6889;0.0246;86.999;0.1743;0.0087;0.0021;0.1633;0.0003;84.488;4.2873;1.0325;78.802;0.1006;54.7;44.417;16.357;0.8565;0.6216;8.9418;0.2659;8.7069;0;1;0;0;0.9926;0.9567;1;1;0.963;0.1348;0.9681;0.9883;1;0.967;0.8037;0.998;0.998;1;0.998;0.998;0.9244;0.9294;0.1082;0.2736;0.2733;0.0016;0.0167;-0.0089;0.0018;0.0066;0.0017;0;0;0.088;0;0.1533;0;0;0;0;0;0;0;0;0;0;0;0;0.0053;0.0003;0.2482;0.2482;0;16.052;16.052;3.4325;0.0408;232.09;1069.5;1;0.0069;0.0069;0;0;0;0;0;0;0.2413;0.1533;0;17.281;20.011;10.674;12.36;97.22;97.22;2.1867;1.9837;1.2252;0.2031;0.7584;0.0929;0.3468;0.5603;54.689;0.522;0
20/09/21 17:00;5.0615;85.326;77.645;5.0783;7.3184;90;7.3184;9.5915;9.4989;0.0926;10.79;5.31;0;0.2245;9.4529;0.0178;0;0.0074;9.7027;0;9.7027;0.2245;0.0178;9.4529;0.0074;0.0231;0.975;0;0.0008;9.6554;0.0472;0;0;0.041;0.0062;9.1776;0.4586;0.0554;0.0044;0.3986;0.0003;9.6361;0.0193;0.0004;0;0.0188;0;9.1785;0.1687;0.0134;8.9945;0.0009;5.6345;4.5752;1.6132;0.0008;0.063;0.9063;0.0009;0.9685;0;1;0;0;1.0116;0.9951;1;1;0.9957;0.1644;0.9524;0.7529;1;0.9576;0.7754;0.998;0.998;1;0.998;0.998;0.9459;0.9515;0.1273;0.0291;0.0296;0.0002;0.0059;-0.0014;0.0002;0.0006;0.0002;0;0;0.088;0;-0.0671;0;0;0;0;0;0;0;0;0;0;0;0;0.0005;0;0.0234;0.0234;0;11.175;11.175;0.3854;0.042;23.557;992.67;1;0.0025;0.0025;0;0;0;0;0;0;0.0209;-0.0671;0;15.289;17.704;-43.884;-50.817;89.283;89.283;0.2329;0.1869;-0.5364;0.046;0.7233;0.1974;3.1062;0;5.6341;0;0
20/09/21 18:00;0;0;90;0;0;90;0;0;0;0;9.9202;5.1099;0;0;0;0;0;0;0;0;0;0;0;0;0;1;1;1;1;0;0;0;0;0;0;0;0;0;0;0;0;0;0;0;0;0;0;0;0;0;0;0;0;0;0;0;0;0;0;0;0;0;0;0;1;1;1;1;1;1;1;1;1;1;1;1;1;1;1;1;1;1;1;0;0;0;0;0;0;0;0;0;0.0004;0.088;0;-0.0884;0;0;0;0;0;0;0;0;0;0;0;0;0;0;0;0;0;0;0;-9.9202;0;0;0;0;0.0004;0;0;0;0;0;0;0;-0.0004;-0.0884;0;0;0;0;0;0;0;0;0;-0.7063;0;0.7063;1;1;0;0;0;0
20/09/21 19:00;0;0;90;0;0;90;0;0;0;0;10.2;5.4901;0;0;0;0;0;0;0;0;0;0;0;0;0;1;1;1;1;0;0;0;0;0;0;0;0;0;0;0;0;0;0;0;0;0;0;0;0;0;0;0;0;0;0;0;0;0;0;0;0;0;0;0;1;1;1;1;1;1;1;1;1;1;1;1;1;1;1;1;1;1;1;0;0;0;0;0;0;0;0;0;0.0004;0.088;0;-0.0884;0;0;0;0;0;0;0;0;0;0;0;0;0;0;0;0;0;0;0;-10.2;0;0;0;0;0.0004;0;0;0;0;0;0;0;-0.0004;-0.0884;0;0;0;0;0;0;0;0;0;-0.7063;0;0.7063;1;1;0;0;0;0
20/09/21 20:00;0;0;90;0;0;90;0;0;0;0;9.1498;4.81;0;0;0;0;0;0;0;0;0;0;0;0;0;1;1;1;1;0;0;0;0;0;0;0;0;0;0;0;0;0;0;0;0;0;0;0;0;0;0;0;0;0;0;0;0;0;0;0;0;0;0;0;1;1;1;1;1;1;1;1;1;1;1;1;1;1;1;1;1;1;1;0;0;0;0;0;0;0;0;0;0.0004;0.088;0;-0.0884;0;0;0;0;0;0;0;0;0;0;0;0;0;0;0;0;0;0;0;-9.1498;0;0;0;0;0.0004;0;0;0;0;0;0;0;-0.0004;-0.0884;0;0;0;0;0;0;0;0;0;-0.7063;0;0.7063;1;1;0;0;0;0
20/09/21 21:00;0;0;90;0;0;90;0;0;0;0;7.6999;4.4699;0;0;0;0;0;0;0;0;0;0;0;0;0;1;1;1;1;0;0;0;0;0;0;0;0;0;0;0;0;0;0;0;0;0;0;0;0;0;0;0;0;0;0;0;0;0;0;0;0;0;0;0;1;1;1;1;1;1;1;1;1;1;1;1;1;1;1;1;1;1;1;0;0;0;0;0;0;0;0;0;0.0004;0.088;0;-0.0884;0;0;0;0;0;0;0;0;0;0;0;0;0;0;0;0;0;0;0;-7.6999;0;0;0;0;0.0004;0;0;0;0;0;0;0;-0.0004;-0.0884;0;0;0;0;0;0;0;0;0;-0.7063;0;0.7063;1;1;0;0;0;0
20/09/21 22:00;0;0;90;0;0;90;0;0;0;0;7.2299;4.7099;0;0;0;0;0;0;0;0;0;0;0;0;0;1;1;1;1;0;0;0;0;0;0;0;0;0;0;0;0;0;0;0;0;0;0;0;0;0;0;0;0;0;0;0;0;0;0;0;0;0;0;0;1;1;1;1;1;1;1;1;1;1;1;1;1;1;1;1;1;1;1;0;0;0;0;0;0;0;0;0;0.0004;0.088;0;-0.0884;0;0;0;0;0;0;0;0;0;0;0;0;0;0;0;0;0;0;0;-7.2299;0;0;0;0;0.0004;0;0;0;0;0;0;0;-0.0004;-0.0884;0;0;0;0;0;0;0;0;0;-0.7063;0;0.7063;1;1;0;0;0;0
20/09/21 23:00;0;0;90;0;0;90;0;0;0;0;5.3599;5.8901;0;0;0;0;0;0;0;0;0;0;0;0;0;1;1;1;1;0;0;0;0;0;0;0;0;0;0;0;0;0;0;0;0;0;0;0;0;0;0;0;0;0;0;0;0;0;0;0;0;0;0;0;1;1;1;1;1;1;1;1;1;1;1;1;1;1;1;1;1;1;1;0;0;0;0;0;0;0;0;0;0.0004;0.088;0;-0.0884;0;0;0;0;0;0;0;0;0;0;0;0;0;0;0;0;0;0;0;-5.3599;0;0;0;0;0.0004;0;0;0;0;0;0;0;-0.0004;-0.0884;0;0;0;0;0;0;0;0;0;-0.7063;0;0.7063;1;1;0;0;0;0
21/09/21 00:00;0;0;90;0;0;90;0;0;0;0;4.6998;6.19;0;0;0;0;0;0;0;0;0;0;0;0;0;1;1;1;1;0;0;0;0;0;0;0;0;0;0;0;0;0;0;0;0;0;0;0;0;0;0;0;0;0;0;0;0;0;0;0;0;0;0;0;1;1;1;1;1;1;1;1;1;1;1;1;1;1;1;1;1;1;1;0;0;0;0;0;0;0;0;0;0.0004;0.088;0;-0.0884;0;0;0;0;0;0;0;0;0;0;0;0;0;0;0;0;0;0;0;-4.6998;0;0;0;0;0.0004;0;0;0;0;0;0;0;-0.0004;-0.0884;0;0;0;0;0;0;0;0;0;-0.7063;0;0.7063;1;1;0;0;0;0
21/09/21 01:00;0;0;90;0;0;90;0;0;0;0;3.7399;6.71;0;0;0;0;0;0;0;0;0;0;0;0;0;1;1;1;1;0;0;0;0;0;0;0;0;0;0;0;0;0;0;0;0;0;0;0;0;0;0;0;0;0;0;0;0;0;0;0;0;0;0;0;1;1;1;1;1;1;1;1;1;1;1;1;1;1;1;1;1;1;1;0;0;0;0;0;0;0;0;0;0.0004;0.088;0;-0.0884;0;0;0;0;0;0;0;0;0;0;0;0;0;0;0;0;0;0;0;-3.7399;0;0;0;0;0.0004;0;0;0;0;0;0;0;-0.0004;-0.0884;0;0;0;0;0;0;0;0;0;-0.7063;0;0.7063;1;1;0;0;0;0
21/09/21 02:00;0;0;90;0;0;90;0;0;0;0;2.7401;6.5;0;0;0;0;0;0;0;0;0;0;0;0;0;1;1;1;1;0;0;0;0;0;0;0;0;0;0;0;0;0;0;0;0;0;0;0;0;0;0;0;0;0;0;0;0;0;0;0;0;0;0;0;1;1;1;1;1;1;1;1;1;1;1;1;1;1;1;1;1;1;1;0;0;0;0;0;0;0;0;0;0.0004;0.088;0;-0.0884;0;0;0;0;0;0;0;0;0;0;0;0;0;0;0;0;0;0;0;-2.7401;0;0;0;0;0.0004;0;0;0;0;0;0;0;-0.0004;-0.0884;0;0;0;0;0;0;0;0;0;-0.7063;0;0.7063;1;1;0;0;0;0
21/09/21 03:00;0;0;90;0;0;90;0;0;0;0;2.9003;6.32;0;0;0;0;0;0;0;0;0;0;0;0;0;1;1;1;1;0;0;0;0;0;0;0;0;0;0;0;0;0;0;0;0;0;0;0;0;0;0;0;0;0;0;0;0;0;0;0;0;0;0;0;1;1;1;1;1;1;1;1;1;1;1;1;1;1;1;1;1;1;1;0;0;0;0;0;0;0;0;0;0.0004;0.088;0;-0.0884;0;0;0;0;0;0;0;0;0;0;0;0;0;0;0;0;0;0;0;-2.9003;0;0;0;0;0.0004;0;0;0;0;0;0;0;-0.0004;-0.0884;0;0;0;0;0;0;0;0;0;-0.7063;0;0.7063;1;1;0;0;0;0
21/09/21 04:00;0;0;90;0;0;90;0;0;0;0;3;6.34;0;0;0;0;0;0;0;0;0;0;0;0;0;1;1;1;1;0;0;0;0;0;0;0;0;0;0;0;0;0;0;0;0;0;0;0;0;0;0;0;0;0;0;0;0;0;0;0;0;0;0;0;1;1;1;1;1;1;1;1;1;1;1;1;1;1;1;1;1;1;1;0;0;0;0;0;0;0;0;0;0.0004;0.088;0;-0.0884;0;0;0;0;0;0;0;0;0;0;0;0;0;0;0;0;0;0;0;-3;0;0;0;0;0.0004;0;0;0;0;0;0;0;-0.0004;-0.0884;0;0;0;0;0;0;0;0;0;-0.7063;0;0.7063;1;1;0;0;0;0
21/09/21 05:00;0.7428;-88.858;88.198;0.7429;1.0591;-90;-1.0591;0;0;0;3.1901;6.2999;0;0;0;0;0;0;0;0;0;0;0;0;0;1;1;1;1;0;0;0;0;0;0;0;0;0;0;0;0;0;0;0;0;0;0;0;0;0;0;0;0;0;0;0;0;0;0;0;0;0;0;0;1;1;1;1;1;1;1;1;1;1;1;1;1;1;1;1;1;1;1;0;0;0;0;0;0;0;0;0;0.0004;0.088;0;-0.0884;0;0;0;0;0;0;0;0;0;0;0;0;0;0;0;0;0;0;0;-3.1901;0;0;0;0;0.0004;0;0;0;0;0;0;0;-0.0004;-0.0884;0;0;0;0;0;0;0;0;0;-0.7063;0;0.7063;1;1;0;0;0;0
21/09/21 06:00;7.6787;-83.929;71.091;7.7214;11.296;-90;-11.296;42.507;39.898;2.609;3.3098;6.59;0;6.3276;38.944;1.39;0;0.0782;46.74;0;46.74;6.3276;1.39;38.944;0.0782;0.1354;0.8349;0;0.0017;46.329;0.411;0;0;0.3458;0.0652;43.755;2.4817;0.767;0.1685;1.5433;0.0029;46.236;0.0927;0.0127;0.0028;0.0772;0;43.768;5.548;1.2187;36.978;0.0101;23.439;19.032;6.7415;0.018;0.2611;3.7551;0.0134;3.9982;0;1;0;0;1.0996;0.9912;1;1;0.9911;0.1665;0.9463;0.8785;1;0.9599;0.7752;0.998;0.998;1;0.998;0.998;0.9361;0.9495;0.1288;0.1404;0.1397;0.0008;0.0131;-0.0102;0.001;0.0034;0.0007;0;0;0.088;0;0.0342;0;0;0;0;0;0;0;0;0;0;0;0;0.0027;0.0001;0.1281;0.1281;0;5.0898;5.0898;1.78;0.0407;117.48;1090.2;1;0.0059;0.0059;0;0;0;0;0;0;0.1222;0.0342;0;17.383;20.129;4.6411;5.3742;95.408;95.408;1.1218;1.0236;0.2733;0.0982;0.7503;0.0875;0.6689;0.2436;23.423;0.2298;0
21/09/21 07:00;19.724;-74.708;35.064;20.389;37.279;-90;-37.279;121.8;115.3;6.5001;3.7798;6.9299;0;15.765;102.05;3.9621;0;2.3639;124.14;0;124.14;15.765;3.9621;102.05;2.3639;0.127;0.8411;0;0.019;115.61;8.5318;0;0;6.3874;2.1444;112.2;3.1862;0.0629;0.0158;3.0815;0.026;115.38;0.2312;0.0315;0.0079;0.1913;0.0004;112.95;15.67;3.9383;92.393;0.1931;71.097;57.731;22.211;3.2649;0.886;12.745;0.7556;10.366;0;1;0;0;1.0193;0.9313;1;1;0.9374;0.0929;0.9724;0.996;1;0.9677;0.8813;0.998;0.998;1;0.998;0.998;0.9037;0.9053;0.0817;0.3728;0.3671;0.0022;0.0177;-0.0221;0.0026;0.0092;0.0026;0;0;0.088;0;0.2508;0;0;0;0;0;0;0;0;0;0;0;0;0.0074;0.0005;0.347;0.347;0;8.3089;8.3089;4.5291;0.0404;311.73;1113.3;1;0.0083;0.0083;0;0;0;0;0;0;0.3388;0.2508;0;17.733;20.534;12.814;14.838;97.619;97.619;2.9795;2.7735;2.0042;0.206;0.7693;0.0691;0.2582;0.6727;71.057;0.6246;0
21/09/21 08:00;31.199;-63.977;22.042;33.977;56.023;-90;-56.023;207.11;194.1;13.009;5.12;6.9901;0;23.277;148.49;6.4162;0;8.6793;186.86;0;186.86;23.277;6.4162;148.49;8.6793;0.1246;0.8411;0;0.0464;161.81;25.053;0;0;16.92;8.1327;156.93;4.5523;0.0177;0.0049;4.5046;0.0252;161.49;0.3236;0.0466;0.0128;0.2631;0.0011;160.36;23.213;6.3985;126.8;0.5204;127.96;103.9;43.143;19.454;2.2712;32.67;3.4245;15.488;0;1;0;0;0.9023;0.8659;1;1;0.8861;0.063;0.9718;0.9992;1;0.9657;0.9539;0.998;0.998;1;0.998;0.998;0.8398;0.8539;0.06;0.5612;0.5519;0.0033;0.0179;-0.0267;0.0039;0.0138;0.0066;0;0;0.088;0;0.4229;0;0;0;0;0;0;0;0;0;0;0;0;0.0111;0.0009;0.5209;0.5209;0;11.452;11.452;6.3323;0.0404;468.74;1111.4;1;0.0101;0.0101;0;0;0;0;0;0;0.5109;0.4229;0;17.685;20.479;14.355;16.623;98.065;98.065;4.4847;4.1634;3.3795;0.3214;0.7839;0.0717;0.1748;0.7536;123.55;0.6663;0
21/09/21 09:00;41.521;-50.403;28.504;48.967;41.033;-90;-41.033;761.4;125.6;635.8;6.8098;7.04;0;842.86;32.437;117.48;0;17.77;1010.6;0;1010.6;842.86;117.48;32.437;17.77;0.8341;0.0497;0;0.0176;991.86;18.697;0;0;2.3503;16.347;987.84;2.0348;0.8282;0.1154;0.9725;0.1187;989.87;1.9837;1.6857;0.235;0.0602;0.0028;992.6;840.35;117.13;29.054;1.3017;353.7;287.2;107.78;1.4464;3.6229;52.114;4.7594;54.29;0;1;0;0;1.3272;0.9815;1;1;0.9275;0.0801;0.9979;0.999;1;0.9676;0.9164;0.998;0.998;1;0.998;0.998;0.9775;0.8957;0.0733;3.0347;3.0995;0.0187;0.001;0.2428;0.0199;0.0704;0.0095;0;0;0.088;0;2.523;0;0;0;0;0;0;0;0;0;0;0;0;0.0567;0.0207;2.6597;2.6597;0;47.507;47.507;40.697;0.0412;2665.5;997.82;1;0.0487;0.0487;0;0;0;0;0;0;2.611;2.523;0;16.696;19.334;15.838;18.34;98.17;98.17;24.253;21.256;20.164;2.9969;1.0923;0.1236;0.045;0.8314;23.309;0.8005;0
21/09/21 10:00;49.663;-32.299;33.17;65.594;24.406;-90;-24.406;772.5;134.9;637.59;8.8799;7.22;0;700.16;49.572;91.157;0;6.5577;847.44;0;847.44;700.16;91.157;49.572;6.5577;0.8262;0.0662;0;0.0077;840.26;7.182;0;0;1.5838;5.5982;834.5;4.0795;2.0195;0.2629;1.6005;0.1966;838.58;1.6805;1.4003;0.1823;0.096;0.0019;836.15;696.74;90.712;46.292;0.761;427.46;347.1;130.89;0.3657;4.2468;61.089;1.6479;64.97;0;1;0;0;1.097;0.9915;1;1;0.968;0.1463;0.9951;0.9971;1;0.9666;0.7947;0.998;0.998;1;0.998;0.998;0.9847;0.9338;0.116;2.5449;2.6472;0.0159;-0.0021;0.1673;0.0173;0.0612;0.0114;0;0;0.088;0;2.1832;0;0;0;0;0;0;0;0;0;0;0;0;0.0493;0.0153;2.3116;2.3116;0;43.133;43.133;34.253;0.041;2274.1;1016.5;1;0.0404;0.0404;0;0;0;0;0;0;2.2712;2.1832;0;17.303;20.037;16.342;18.924;98.252;98.252;20.339;18.474;17.448;1.8646;1.0262;0.0917;0.0505;0.8579;31.532;0.8139;0
21/09/21 11:00;54.03;-8.9369;35.467;83.567;6.4326;-90;-6.4326;623.7;315.6;308.1;10.58;7.29;0;310.05;226.5;88.946;0;0.373;625.87;0;625.87;310.05;88.946;226.5;0.373;0.4954;0.3625;0;0.0006;624.76;1.1056;0;0;0.7941;0.3115;612.15;11.365;1.31;0.3758;9.6656;0.0137;623.52;1.2495;0.6201;0.1779;0.4514;0.0001;612.2;308.12;88.393;215.59;0.0477;367.57;298.47;108.76;0.0098;3.8785;55.791;0.047;59.659;0;1;0;0;1.0035;0.9982;1;1;0.9965;0.1649;0.9818;0.9958;1;0.9571;0.7761;0.998;0.998;1;0.998;0.998;0.9781;0.9518;0.1277;1.8795;1.9615;0.0118;0.0008;0.0724;0.0131;0.0466;0.0107;0;0;0.088;0;1.6428;0;0;0;0;0;0;0;0;0;0;0;0;0.0375;0.0087;1.7599;1.7599;0;35.564;35.564;24.984;0.0408;1682.7;1045.9;1;0.0291;0.0291;0;0;0;0;0;0;1.7308;1.6428;0;17.838;20.656;16.651;19.281;98.347;98.347;15.021;14.065;13.129;0.9558;0.9358;0.0636;0.0623;0.8741;134.79;0.8194;0
21/09/21 12:00;53.215;16.452;35.051;78.044;11.956;90;11.956;819.01;153.1;665.91;12.04;7.2401;0;680.67;58.808;95.725;0;1.6879;836.89;0;836.89;680.67;95.725;58.808;1.6879;0.8133;0.0723;0;0.002;834.91;1.9853;0;0;0.576;1.4093;827.78;5.4583;2.7105;0.3812;2.3039;0.0627;833.24;1.6698;1.3613;0.1914;0.1165;0.0006;828.12;676.6;95.152;55.812;0.2154;476.44;386.87;144.59;0.0339;4.7933;68.949;0.3437;73.709;0;1;0;0;1.0218;0.9976;1;1;0.9902;0.1651;0.9934;0.996;1;0.9604;0.7746;0.998;0.998;1;0.998;0.998;0.9891;0.949;0.1276;2.5132;2.6396;0.0159;-0.0021;0.1945;0.017;0.0604;0.0127;0;0;0.088;0;2.1501;0;0;0;0;0;0;0;0;0;0;0;0;0.0486;0.0152;2.2773;2.2773;0;46.101;46.101;34.061;0.0411;2268.2;1004;1;0.0393;0.0393;0;0;0;0;0;0;2.2381;2.1501;0;17.262;19.989;16.297;18.872;98.276;98.276;20.085;18.2;17.183;1.8851;1.017;0.0939;0.0506;0.8555;35.436;0.8058;0
21/09/21 13:00;47.521;38.335;31.987;60.406;29.594;90;29.594;803.91;133.2;670.71;13.33;7.4199;0;771.33;41.211;102.48;0;9.963;924.99;0;924.99;771.33;102.48;41.211;9.963;0.8339;0.0553;0;0.0108;914.45;10.535;0;0;1.7956;8.7397;909.2;3.4202;1.6921;0.2248;1.2829;0.2205;912.62;1.8289;1.5427;0.205;0.0788;0.0024;911.86;768.1;102.05;38.054;1.0004;428.38;347.85;131.64;0.5977;4.241;61.005;2.6592;64.649;0;1;0;0;1.1506;0.9886;1;1;0.9564;0.1228;0.9963;0.9978;1;0.9674;0.8194;0.998;0.998;1;0.998;0.998;0.9829;0.9234;0.1004;2.7777;2.875;0.0173;-0.0011;0.2603;0.0182;0.0645;0.011;0;0;0.088;0;2.3042;0;0;0;0;0;0;0;0;0;0;0;0;0.0519;0.018;2.4349;2.4349;0;50.89;50.89;37.56;0.0413;2472.9;984.64;1;0.0427;0.0427;0;0;0;0;0;0;2.3922;2.3042;0;16.699;19.337;15.803;18.299;98.245;98.245;22.2;19.46;18.415;2.7396;1.0447;0.1234;0.0471;0.8295;27.087;0.7905;0
21/09/21 14:00;38.576;54.899;26.714;44.272;45.728;90;45.728;451.7;288.5;163.2;13.6;7.51;0;233.79;197.79;79.573;0;12.957;524.1;0;524.1;233.79;79.573;197.79;12.957;0.4461;0.4021;0;0.0247;495.22;28.883;0;0;16.818;12.064;487.99;6.2382;0.2153;0.0733;5.8985;0.0511;494.23;0.9904;0.4676;0.1591;0.3619;0.0018;491.98;233.1;79.341;174.71;0.8394;238.36;193.55;75.149;12.769;3.0444;43.793;3.9858;34.068;0;1;0;0;1.1603;0.9449;1;1;0.915;0.0689;0.9874;0.9991;1;0.9673;0.9426;0.998;0.998;1;0.998;0.998;0.9311;0.8833;0.0648;1.5739;1.5741;0.0095;0.0053;0.047;0.0106;0.0375;0.0084;0;0;0.088;0;1.3091;0;0;0;0;0;0;0;0;0;0;0;0;0.0302;0.0058;1.4197;1.4197;0;33.5;33.5;19.9;0.0408;1350.4;1051.3;1;0.0226;0.0226;0;0;0;0;0;0;1.3971;1.3091;0;17.184;19.899;15.845;18.348;98.406;98.406;12.578;11.346;10.462;1.232;0.8841;0.0979;0.0703;0.8318;148.19;0.7828;0
21/09/21 15:00;27.823;67.447;19.83;29.746;60;90;60;246.41;220;26.41;13.27;7.21;0;53.227;158.13;18.457;0;11.704;241.52;0;241.52;53.227;18.457;158.13;11.704;0.2204;0.7032;0;0.0485;210.6;30.921;0;0;19.942;10.979;205.2;4.9755;0.0364;0.0126;4.8771;0.0493;210.18;0.4212;0.1065;0.0369;0.2764;0.0015;209.67;53.085;18.407;133.04;0.6749;143.82;116.78;49.431;26.44;2.789;40.118;4.4689;16.468;0;1;0;0;0.9802;0.872;1;1;0.8739;0.062;0.9763;0.9993;1;0.9646;0.9319;0.998;0.998;1;0.998;0.998;0.8496;0.8413;0.0577;0.7253;0.7161;0.0043;0.0168;-0.0087;0.0049;0.0175;0.0079;0;0;0.088;0;0.5584;0;0;0;0;0;0;0;0;0;0;0;0;0.0141;0.0014;0.6579;0.6579;0;21.602;21.602;8.3323;0.0406;609.75;1079;1;0.0116;0.0116;0;0;0;0;0;0;0.6464;0.5584;0;17.28;20.01;14.665;16.982;98.243;98.243;5.7965;5.258;4.4624;0.5384;0.7957;0.0929;0.1373;0.7698;137.66;0.6847;0
21/09/21 16:00;16.128;77.602;47.647;16.492;27.019;90;27.019;244.81;127.7;117.11;13.08;5.77;0;284.03;83.285;96.053;0;2.5384;465.9;0;465.9;284.03;96.053;83.285;2.5384;0.6096;0.1842;0;0.0054;460.56;5.3373;0;0;3.138;2.1993;452.63;7.0092;3.2192;1.0887;2.6354;0.0659;459.64;0.9211;0.5681;0.1921;0.1603;0.0007;452.9;280.24;94.773;77.351;0.2725;54.591;44.328;16.463;0.8764;0.6127;8.8139;0.269;8.5502;0;1;0;0;1.9031;0.9885;1;1;0.9623;0.1336;0.9848;0.9886;1;0.9671;0.8053;0.998;0.998;1;0.998;0.998;0.9715;0.9288;0.1073;1.3991;1.3827;0.0083;0.008;0.0318;0.0093;0.0331;0.0017;0;0;0.088;0;1.1509;0;0;0;0;0;0;0;0;0;0;0;0;0.0267;0.0046;1.2592;1.2592;0;31.514;31.514;18.435;0.0407;1188.1;1059.9;1;0.0202;0.0202;0;0;0;0;0;0;1.2389;1.1509;0;17.145;19.853;15.671;18.147;98.392;98.392;11.182;10.063;9.1983;1.1183;0.8651;0.1;0.0774;0.8226;53.823;0.8111;0
21/09/21 17:00;5.0077;85.843;77.778;5.0208;7.2337;90;7.2337;30.005;29.501;0.5037;10.98;4.2101;0;1.2215;29.259;0.3037;0;0.0227;30.807;0;30.807;1.2215;0.3037;29.259;0.0227;0.0397;0.9505;0;0.0007;30.664;0.1435;0;0;0.1246;0.019;28.985;1.6175;0.3056;0.076;1.2351;0.0008;30.602;0.0613;0.0024;0.0006;0.0583;0;28.988;0.9134;0.2271;27.841;0.0029;17.439;14.161;4.9931;0.0022;0.195;2.8049;0.0027;2.9977;0;1;0;0;1.0267;0.9953;1;1;0.9957;0.1644;0.9471;0.7493;1;0.9575;0.7755;0.998;0.998;1;0.998;0.998;0.9408;0.9515;0.1272;0.0925;0.0932;0.0006;0.0109;-0.0044;0.0006;0.0021;0.0005;0;0;0.088;0;-0.011;0;0;0;0;0;0;0;0;0;0;0;0;0.0017;0.0001;0.0811;0.0811;0;12.173;12.173;1.1929;0.0412;77.913;1041.3;1;0.0042;0.0042;0;0;0;0;0;0;0.077;-0.011;0;16.706;19.346;-2.2694;-2.6279;94.88;94.88;0.7394;0.6484;-0.0881;0.091;0.7365;0.123;0.9961;0;17.436;0;0
21/09/21 18:00;0;0;90;0;0;90;0;0;0;0;9.6902;4.25;0;0;0;0;0;0;0;0;0;0;0;0;0;1;1;1;1;0;0;0;0;0;0;0;0;0;0;0;0;0;0;0;0;0;0;0;0;0;0;0;0;0;0;0;0;0;0;0;0;0;0;0;1;1;1;1;1;1;1;1;1;1;1;1;1;1;1;1;1;1;1;0;0;0;0;0;0;0;0;0;0.0004;0.088;0;-0.0884;0;0;0;0;0;0;0;0;0;0;0;0;0;0;0;0;0;0;0;-9.6902;0;0;0;0;0.0004;0;0;0;0;0;0;0;-0.0004;-0.0884;0;0;0;0;0;0;0;0;0;-0.7063;0;0.7063;1;1;0;0;0;0
21/09/21 19:00;0;0;90;0;0;90;0;0;0;0;8.1899;4.12;0;0;0;0;0;0;0;0;0;0;0;0;0;1;1;1;1;0;0;0;0;0;0;0;0;0;0;0;0;0;0;0;0;0;0;0;0;0;0;0;0;0;0;0;0;0;0;0;0;0;0;0;1;1;1;1;1;1;1;1;1;1;1;1;1;1;1;1;1;1;1;0;0;0;0;0;0;0;0;0;0.0004;0.088;0;-0.0884;0;0;0;0;0;0;0;0;0;0;0;0;0;0;0;0;0;0;0;-8.1899;0;0;0;0;0.0004;0;0;0;0;0;0;0;-0.0004;-0.0884;0;0;0;0;0;0;0;0;0;-0.7063;0;0.7063;1;1;0;0;0;0
21/09/21 20:00;0;0;90;0;0;90;0;0;0;0;8.5003;3.7401;0;0;0;0;0;0;0;0;0;0;0;0;0;1;1;1;1;0;0;0;0;0;0;0;0;0;0;0;0;0;0;0;0;0;0;0;0;0;0;0;0;0;0;0;0;0;0;0;0;0;0;0;1;1;1;1;1;1;1;1;1;1;1;1;1;1;1;1;1;1;1;0;0;0;0;0;0;0;0;0;0.0004;0.088;0;-0.0884;0;0;0;0;0;0;0;0;0;0;0;0;0;0;0;0;0;0;0;-8.5003;0;0;0;0;0.0004;0;0;0;0;0;0;0;-0.0004;-0.0884;0;0;0;0;0;0;0;0;0;-0.7063;0;0.7063;1;1;0;0;0;0
21/09/21 21:00;0;0;90;0;0;90;0;0;0;0;8.0702;3.47;0;0;0;0;0;0;0;0;0;0;0;0;0;1;1;1;1;0;0;0;0;0;0;0;0;0;0;0;0;0;0;0;0;0;0;0;0;0;0;0;0;0;0;0;0;0;0;0;0;0;0;0;1;1;1;1;1;1;1;1;1;1;1;1;1;1;1;1;1;1;1;0;0;0;0;0;0;0;0;0;0.0004;0.088;0;-0.0884;0;0;0;0;0;0;0;0;0;0;0;0;0;0;0;0;0;0;0;-8.0702;0;0;0;0;0.0004;0;0;0;0;0;0;0;-0.0004;-0.0884;0;0;0;0;0;0;0;0;0;-0.7063;0;0.7063;1;1;0;0;0;0
21/09/21 22:00;0;0;90;0;0;90;0;0;0;0;6.9002;3.39;0;0;0;0;0;0;0;0;0;0;0;0;0;1;1;1;1;0;0;0;0;0;0;0;0;0;0;0;0;0;0;0;0;0;0;0;0;0;0;0;0;0;0;0;0;0;0;0;0;0;0;0;1;1;1;1;1;1;1;1;1;1;1;1;1;1;1;1;1;1;1;0;0;0;0;0;0;0;0;0;0.0004;0.088;0;-0.0884;0;0;0;0;0;0;0;0;0;0;0;0;0;0;0;0;0;0;0;-6.9002;0;0;0;0;0.0004;0;0;0;0;0;0;0;-0.0004;-0.0884;0;0;0;0;0;0;0;0;0;-0.7063;0;0.7063;1;1;0;0;0;0
21/09/21 23:00;0;0;90;0;0;90;0;0;0;0;4.86;3.21;0;0;0;0;0;0;0;0;0;0;0;0;0;1;1;1;1;0;0;0;0;0;0;0;0;0;0;0;0;0;0;0;0;0;0;0;0;0;0;0;0;0;0;0;0;0;0;0;0;0;0;0;1;1;1;1;1;1;1;1;1;1;1;1;1;1;1;1;1;1;1;0;0;0;0;0;0;0;0;0;0.0004;0.088;0;-0.0884;0;0;0;0;0;0;0;0;0;0;0;0;0;0;0;0;0;0;0;-4.86;0;0;0;0;0.0004;0;0;0;0;0;0;0;-0.0004;-0.0884;0;0;0;0;0;0;0;0;0;-0.7063;0;0.7063;1;1;0;0;0;0
22/09/21 00:00;0;0;90;0;0;90;0;0;0;0;4.0397;3.0399;0;0;0;0;0;0;0;0;0;0;0;0;0;1;1;1;1;0;0;0;0;0;0;0;0;0;0;0;0;0;0;0;0;0;0;0;0;0;0;0;0;0;0;0;0;0;0;0;0;0;0;0;1;1;1;1;1;1;1;1;1;1;1;1;1;1;1;1;1;1;1;0;0;0;0;0;0;0;0;0;0.0004;0.088;0;-0.0884;0;0;0;0;0;0;0;0;0;0;0;0;0;0;0;0;0;0;0;-4.0397;0;0;0;0;0.0004;0;0;0;0;0;0;0;-0.0004;-0.0884;0;0;0;0;0;0;0;0;0;-0.7063;0;0.7063;1;1;0;0;0;0
22/09/21 01:00;0;0;90;0;0;90;0;0;0;0;2.6802;2.9301;0;0;0;0;0;0;0;0;0;0;0;0;0;1;1;1;1;0;0;0;0;0;0;0;0;0;0;0;0;0;0;0;0;0;0;0;0;0;0;0;0;0;0;0;0;0;0;0;0;0;0;0;1;1;1;1;1;1;1;1;1;1;1;1;1;1;1;1;1;1;1;0;0;0;0;0;0;0;0;0;0.0004;0.088;0;-0.0884;0;0;0;0;0;0;0;0;0;0;0;0;0;0;0;0;0;0;0;-2.6802;0;0;0;0;0.0004;0;0;0;0;0;0;0;-0.0004;-0.0884;0;0;0;0;0;0;0;0;0;-0.7063;0;0.7063;1;1;0;0;0;0
22/09/21 02:00;0;0;90;0;0;90;0;0;0;0;1.1998;2.82;0;0;0;0;0;0;0;0;0;0;0;0;0;1;1;1;1;0;0;0;0;0;0;0;0;0;0;0;0;0;0;0;0;0;0;0;0;0;0;0;0;0;0;0;0;0;0;0;0;0;0;0;1;1;1;1;1;1;1;1;1;1;1;1;1;1;1;1;1;1;1;0;0;0;0;0;0;0;0;0;0.0004;0.088;0;-0.0884;0;0;0;0;0;0;0;0;0;0;0;0;0;0;0;0;0;0;0;-1.1998;0;0;0;0;0.0004;0;0;0;0;0;0;0;-0.0004;-0.0884;0;0;0;0;0;0;0;0;0;-0.7063;0;0.7063;1;1;0;0;0;0
22/09/21 03:00;0;0;90;0;0;90;0;0;0;0;0.8003;2.6201;0;0;0;0;0;0;0;0;0;0;0;0;0;1;1;1;1;0;0;0;0;0;0;0;0;0;0;0;0;0;0;0;0;0;0;0;0;0;0;0;0;0;0;0;0;0;0;0;0;0;0;0;1;1;1;1;1;1;1;1;1;1;1;1;1;1;1;1;1;1;1;0;0;0;0;0;0;0;0;0;0.0004;0.088;0;-0.0884;0;0;0;0;0;0;0;0;0;0;0;0;0;0;0;0;0;0;0;-0.8003;0;0;0;0;0.0004;0;0;0;0;0;0;0;-0.0004;-0.0884;0;0;0;0;0;0;0;0;0;-0.7063;0;0.7063;1;1;0;0;0;0
22/09/21 04:00;0;0;90;0;0;90;0;0;0;0;0.67;2.42;0;0;0;0;0;0;0;0;0;0;0;0;0;1;1;1;1;0;0;0;0;0;0;0;0;0;0;0;0;0;0;0;0;0;0;0;0;0;0;0;0;0;0;0;0;0;0;0;0;0;0;0;1;1;1;1;1;1;1;1;1;1;1;1;1;1;1;1;1;1;1;0;0;0;0;0;0;0;0;0;0.0004;0.088;0;-0.0884;0;0;0;0;0;0;0;0;0;0;0;0;0;0;0;0;0;0;0;-0.67;0;0;0;0;0.0004;0;0;0;0;0;0;0;-0.0004;-0.0884;0;0;0;0;0;0;0;0;0;-0.7063;0;0.7063;1;1;0;0;0;0
22/09/21 05:00;1.0415;-89.124;87.473;1.0416;1.4853;-90;-1.4853;0;0;0;1.4298;2.18;0;0;0;0;0;0;0;0;0;0;0;0;0;1;1;1;1;0;0;0;0;0;0;0;0;0;0;0;0;0;0;0;0;0;0;0;0;0;0;0;0;0;0;0;0;0;0;0;0;0;0;0;1;1;1;1;1;1;1;1;1;1;1;1;1;1;1;1;1;1;1;0;0;0;0;0;0;0;0;0;0.0004;0.088;0;-0.0884;0;0;0;0;0;0;0;0;0;0;0;0;0;0;0;0;0;0;0;-1.4298;0;0;0;0;0.0004;0;0;0;0;0;0;0;-0.0004;-0.0884;0;0;0;0;0;0;0;0;0;-0.7063;0;0.7063;1;1;0;0;0;0
22/09/21 06:00;7.9793;-84.194;70.326;8.0199;11.758;-90;-11.758;70.598;45;25.598;4.3102;2.58;0;62.081;38.491;14.797;0;0.1407;115.51;0;115.51;62.081;14.797;38.491;0.1407;0.5375;0.3344;0;0.0012;115.03;0.4828;0;0;0.3655;0.1173;104.68;10.12;6.9459;1.6555;1.5133;0.0053;114.8;0.2301;0.1242;0.0296;0.0763;0;104.69;55.011;13.112;36.536;0.0181;23.336;18.949;6.7399;0.0206;0.2583;3.715;0.0147;3.9527;0;1;0;0;1.6362;0.9958;1;1;0.9905;0.1665;0.9118;0.8879;1;0.9602;0.7752;0.998;0.998;1;0.998;0.998;0.9062;0.9492;0.1288;0.3469;0.3232;0.0019;0.0174;-0.0192;0.0023;0.008;0.0007;0;0;0.088;0;0.2094;0;0;0;0;0;0;0;0;0;0;0;0;0.0065;0.0004;0.3052;0.3052;0;8.5396;8.5396;4.2293;0.0404;274.89;1110.3;1;0.0078;0.0078;0;0;0;0;0;0;0.2974;0.2094;0;16.762;19.41;11.501;13.318;97.447;97.447;2.7722;2.4393;1.6737;0.3329;0.7656;0.1201;0.2762;0.6038;23.181;0.5896;0
22/09/21 07:00;20.035;-74.975;33.81;20.685;38.262;-90;-38.262;319.2;53.302;265.89;6.51;3.62;0;644.87;20.428;73.767;0;6.5138;745.58;0;745.58;644.87;73.767;20.428;6.5138;0.8649;0.0361;0;0.0087;738.31;7.2651;0;0;1.3313;5.9338;733.81;3.0197;2.1008;0.2403;0.6155;0.063;736.83;1.4766;1.2897;0.1475;0.0382;0.0012;733.98;641.48;73.38;18.443;0.5158;15.791;12.822;5.163;0.7161;0.1813;2.6073;0.1619;2.0725;0;1;0;0;2.3358;0.9903;1;1;0.9348;0.089;0.9959;0.9967;1;0.9677;0.8911;0.998;0.998;1;0.998;0.998;0.9842;0.9028;0.0792;2.239;2.2161;0.0133;-0.0012;0.0885;0.0148;0.0525;0.0005;0;0;0.088;0;1.8728;0;0;0;0;0;0;0;0;0;0;0;0;0.0423;0.011;1.9944;1.9944;0;36.469;36.469;29.959;0.0408;1905.6;1046.6;1;0.0336;0.0336;0;0;0;0;0;0;1.9608;1.8728;0;16.969;19.65;15.934;18.451;98.314;98.314;17.894;15.939;14.967;1.9546;0.9721;0.1092;0.0543;0.8364;14.339;0.8343;0
22/09/21 08:00;31.53;-64.239;21.743;34.264;55.736;-90;-55.736;518.6;86.103;432.5;8.9298;4.04;0;768.2;26.372;92.997;0;21.53;909.1;0;909.1;768.2;92.997;26.372;21.53;0.845;0.0527;0;0.0237;885.95;23.156;0;0;2.9828;20.174;882.67;1.5059;0.5758;0.0697;0.7992;0.0611;884.17;1.7719;1.5364;0.186;0.0468;0.0027;886.75;766.09;92.741;22.543;1.2923;153.38;124.55;45.207;3.3981;1.8506;26.62;4.0785;25.073;0;1;0;0;1.753;0.9745;1;1;0.8869;0.063;0.9983;0.9992;1;0.9658;0.9548;0.998;0.998;1;0.998;0.998;0.9709;0.8548;0.06;2.73;2.7269;0.0164;-0.0019;0.1923;0.0176;0.0626;0.0049;0;0;0.088;0;2.2386;0;0;0;0;0;0;0;0;0;0;0;0;0.0504;0.0163;2.3682;2.3682;0;45.222;45.222;36.293;0.0411;2347;1009;1;0.0417;0.0417;0;0;0;0;0;0;2.3266;2.2386;0;16.525;19.136;15.621;18.088;98.241;98.241;21.818;18.927;17.891;2.8914;1.0362;0.1325;0.0475;0.82;21.873;0.8024;0
22/09/21 09:00;41.881;-50.637;28.178;49.23;40.77;-90;-40.77;695.1;114.6;580.5;10.92;3.9099;0;766.5;36.317;96.744;0;16.024;915.59;0;915.59;766.5;96.744;36.317;16.024;0.8372;0.0572;0;0.0175;898.25;17.338;0;0;2.6067;14.731;894.41;2.038;0.7445;0.094;1.0894;0.1101;896.45;1.7965;1.533;0.1935;0.0674;0.0026;898.73;764.22;96.456;32.554;1.1804;325.62;264.4;99.322;1.5833;3.3449;48.115;4.3143;49.877;0;1;0;0;1.3172;0.9811;1;1;0.9282;0.0807;0.9977;0.999;1;0.9676;0.9147;0.998;0.998;1;0.998;0.998;0.9769;0.8964;0.0737;2.7495;2.8083;0.0169;-0.0015;0.2233;0.018;0.0638;0.0088;0;0;0.088;0;2.28;0;0;0;0;0;0;0;0;0;0;0;0;0.0514;0.0172;2.4105;2.4105;0;47.773;47.773;36.853;0.0412;2416;997.69;1;0.0424;0.0424;0;0;0;0;0;0;2.368;2.28;0;16.701;19.339;15.797;18.293;98.239;98.239;21.974;19.264;18.222;2.7096;1.0425;0.1233;0.0474;0.8293;26.039;0.7979;0
22/09/21 10:00;50.053;-32.436;32.814;65.81;24.19;-90;-24.19;844.89;139.4;705.49;12.24;4.11;0;773.4;43.102;103.4;0;7.0478;926.95;0;926.95;773.4;103.4;43.102;7.0478;0.8344;0.0541;0;0.0076;919.58;7.3684;0;0;1.3576;6.0108;913.79;3.9542;2.0699;0.2767;1.3941;0.2134;917.74;1.8392;1.5468;0.2068;0.0835;0.0021;915.55;769.79;102.91;40.267;0.8216;467.44;379.56;143.16;0.3084;4.6367;66.697;1.7637;71.025;0;1;0;0;1.0971;0.9921;1;1;0.9685;0.1471;0.9957;0.9973;1;0.9665;0.7938;0.998;0.998;1;0.998;0.998;0.9858;0.9342;0.1166;2.7836;2.8981;0.0174;-0.001;0.2527;0.0184;0.0653;0.0121;0;0;0.088;0;2.3309;0;0;0;0;0;0;0;0;0;0;0;0;0.0526;0.0182;2.4624;2.4624;0;49.96;49.96;37.72;0.0413;2492.1;988.09;1;0.0435;0.0435;0;0;0;0;0;0;2.4189;2.3309;0;16.851;19.514;15.952;18.472;98.234;98.234;22.247;19.679;18.628;2.5674;1.0509;0.1154;0.0472;0.8374;27.382;0.7946;0
22/09/21 11:00;54.427;-8.8658;35.085;83.71;6.2903;-90;-6.2903;787.5;174.1;613.4;13.96;4.51;0;617.11;77.333;97.12;0;0.4504;792.02;0;792.02;617.11;97.12;77.333;0.4504;0.7792;0.0982;0;0.0006;791.38;0.6377;0;0;0.2615;0.3761;783.61;6.1812;2.4697;0.3887;3.3062;0.0166;789.79;1.5828;1.2342;0.1942;0.1541;0.0001;783.67;613.41;96.537;73.611;0.0575;462.89;375.87;138.87;0.0031;4.7598;68.468;0.0596;73.225;0;1;0;0;1.0057;0.9992;1;1;0.9966;0.1649;0.9922;0.996;1;0.957;0.7761;0.998;0.998;1;0.998;0.998;0.9894;0.9519;0.1277;2.3784;2.5047;0.0151;-0.0022;0.1858;0.0161;0.0572;0.0126;0;0;0.088;0;2.0358;0;0;0;0;0;0;0;0;0;0;0;0;0.0461;0.0138;2.1601;2.1601;0;46.208;46.208;32.248;0.0412;2151.8;1003.9;1;0.0363;0.0363;0;0;0;0;0;0;2.1238;2.0358;0;17.301;20.034;16.306;18.881;98.319;98.319;19.008;17.263;16.27;1.7449;0.9935;0.0918;0.0523;0.8559;46.011;0.8039;0
22/09/21 12:00;53.571;16.754;34.654;77.99;12.01;90;12.01;381.1;346.6;34.501;14.83;4.8401;0;35.273;332;11.172;0;0.7925;379.24;0;379.24;35.273;11.172;332;0.7925;0.093;0.8775;0;0.0021;375.3;3.9383;0;0;3.2766;0.6617;361.35;13.198;0.1323;0.0419;12.994;0.0294;374.55;0.7506;0.0705;0.0223;0.6574;0.0003;361.5;35.07;11.108;315.07;0.1011;226.46;183.88;65.619;0.1922;2.4919;35.844;0.1539;38.144;0;1;0;0;0.9951;0.9896;1;1;0.9901;0.1651;0.9648;0.9962;1;0.9604;0.7746;0.998;0.998;1;0.998;0.998;0.9528;0.949;0.1276;1.1388;1.1644;0.007;0.0111;0.0187;0.0079;0.028;0.0069;0;0;0.088;0;0.9536;0;0;0;0;0;0;0;0;0;0;0;0;0.0225;0.0033;1.0588;1.0588;0;29.541;29.541;14.711;0.0407;996.7;1062.3;1;0.0173;0.0173;0;0;0;0;0;0;1.0416;0.9536;0;17.711;20.509;15.951;18.471;98.371;98.371;9.1017;8.4621;7.6209;0.6396;0.8412;0.0703;0.0924;0.8373;200.09;0.782;0
22/09/21 13:00;47.809;38.746;31.588;60.433;29.568;90;29.568;313.39;296.6;16.797;14.34;4.9301;0;19.312;272.66;5.684;0;3.8771;301.54;0;301.54;19.312;5.684;272.66;3.8771;0.064;0.9171;0;0.0129;286.27;15.264;0;0;11.863;3.4006;277.08;8.624;0.0379;0.0111;8.4891;0.086;285.7;0.5725;0.0386;0.0114;0.5216;0.001;278.26;19.235;5.6615;251.79;0.3896;190.67;154.82;57.705;3.9267;2.1831;31.403;1.1801;29.66;0;1;0;0;0.9622;0.9494;1;1;0.9565;0.1229;0.9698;0.998;1;0.9674;0.8192;0.998;0.998;1;0.998;0.998;0.9189;0.9234;0.1005;0.9055;0.9043;0.0054;0.0147;0.0019;0.0062;0.0219;0.0061;0;0;0.088;0;0.7263;0;0;0;0;0;0;0;0;0;0;0;0;0.0176;0.0021;0.8283;0.8283;0;25.603;25.603;11.263;0.0406;771.98;1072.9;1;0.0139;0.0139;0;0;0;0;0;0;0.8143;0.7263;0;17.425;20.177;15.281;17.695;98.321;98.321;7.2369;6.6194;5.805;0.6175;0.8144;0.0853;0.1125;0.8021;179.18;0.7441;0
22/09/21 14:00;38.803;55.321;26.322;44.358;45.642;90;45.642;688.2;116.2;572;14.9;4.7799;0;818.16;32.467;111.55;0;19.67;981.84;0;981.84;818.16;111.55;32.467;19.67;0.8333;0.0531;0;0.02;960.78;21.066;0;0;2.7532;18.313;956.96;1.8902;0.7424;0.1012;0.9683;0.0783;958.85;1.9216;1.6363;0.2231;0.0594;0.0027;961.69;815.78;111.22;28.686;1.2763;292.84;237.78;88.884;2.0869;3.0798;44.302;4.7301;45.295;0;1;0;0;1.4267;0.9785;1;1;0.9152;0.069;0.998;0.9991;1;0.9673;0.9422;0.998;0.998;1;0.998;0.998;0.9747;0.8835;0.0649;2.9485;2.9899;0.018;-0.0002;0.3094;0.0186;0.0661;0.0079;0;0;0.088;0;2.3656;0;0;0;0;0;0;0;0;0;0;0;0;0.0532;0.0194;2.4975;2.4975;0;54.554;54.554;39.654;0.0414;2573.2;970.6;1;0.0439;0.0439;0;0;0;0;0;0;2.4536;2.3656;0;16.136;18.685;15.284;17.699;98.242;98.242;23.564;19.96;18.906;3.6041;1.0542;0.1529;0.0447;0.8023;24.306;0.7761;0
22/09/21 15:00;28.008;67.847;19.446;29.868;60;90;60;215.1;202;13.096;14.7;4.35;0;26.296;148.39;8.3166;0;10.217;193.22;0;193.22;26.296;8.3166;148.39;10.217;0.1361;0.8209;0;0.0529;164.93;28.298;0;0;18.714;9.5836;159.95;4.6431;0.0176;0.0056;4.5768;0.0431;164.6;0.3299;0.0526;0.0166;0.2594;0.0013;164.05;26.226;8.2944;124.84;0.5892;132.22;107.36;45.556;24.811;2.5896;37.251;4.1002;15.029;0;1;0;0;0.8983;0.8535;1;1;0.8739;0.062;0.9718;0.9993;1;0.9646;0.9319;0.998;0.998;1;0.998;0.998;0.8278;0.8413;0.0577;0.5802;0.5726;0.0034;0.0178;-0.0078;0.0039;0.0139;0.0073;0;0;0.088;0;0.4243;0;0;0;0;0;0;0;0;0;0;0;0;0.0112;0.001;0.522;0.522;0;21.207;21.207;6.5066;0.0407;486.9;1072;1;0.0097;0.0097;0;0;0;0;0;0;0.5123;0.4243;0;17.136;19.844;13.929;16.129;98.141;98.141;4.6374;4.1715;3.3907;0.4658;0.7808;0.1005;0.1684;0.7312;129.19;0.6389;0
22/09/21 16:00;16.288;77.983;47.139;16.633;27.332;90;27.332;99.705;97.597;2.1074;14.5;2.7899;0;5.1111;91.64;1.3076;0;1.0575;99.116;0;99.116;5.1111;1.3076;91.64;1.0575;0.0516;0.9352;0;0.0107;94.682;4.4346;0;0;3.517;0.9176;91.501;2.9913;0.0564;0.0144;2.8935;0.027;94.492;0.1894;0.0102;0.0026;0.1762;0.0003;91.806;5.0444;1.2906;85.053;0.1126;59.354;48.195;17.79;1.0036;0.6766;9.7325;0.3049;9.4056;0;1;0;0;0.9941;0.9553;1;1;0.9616;0.1323;0.9683;0.9889;1;0.9671;0.8068;0.998;0.998;1;0.998;0.998;0.9232;0.9281;0.1065;0.2976;0.297;0.0018;0.017;-0.0073;0.002;0.0071;0.0019;0;0;0.088;0;0.1735;0;0;0;0;0;0;0;0;0;0;0;0;0.0057;0.0003;0.2685;0.2685;0;18.233;18.233;3.7328;0.0408;252.48;1063.6;1;0.007;0.007;0;0;0;0;0;0;0.2615;0.1735;0;17.186;19.901;11.107;12.861;97.399;97.399;2.3788;2.146;1.3869;0.2327;0.7591;0.0978;0.3191;0.583;59.341;0.5431;0
22/09/21 17:00;5.1579;86.214;77.406;5.1691;7.4523;90;7.4523;10.607;10.603;0.0039;13.9;2.3999;0;0.0093;10.558;0.0008;0;0.0085;10.577;0;10.577;0.0093;0.0008;10.558;0.0085;0.0009;0.999;0;0.0008;10.523;0.0543;0;0;0.0472;0.0071;10.055;0.4471;0.0022;0.0002;0.4443;0.0003;10.502;0.021;0;0;0.021;0;10.056;0.0071;0.0006;10.046;0.0011;6.2945;5.1111;1.8023;0.0009;0.0704;1.0124;0.0011;1.0818;0;1;0;0;0.9971;0.9949;1;1;0.9955;0.1645;0.9574;0.7593;1;0.9576;0.7754;0.998;0.998;1;0.998;0.998;0.9506;0.9515;0.1273;0.0318;0.0324;0.0002;0.0062;-0.0012;0.0002;0.0007;0.0002;0;0;0.088;0;-0.065;0;0;0;0;0;0;0;0;0;0;0;0;0.0005;0;0.0256;0.0256;0;14.323;14.323;0.4224;0.042;26.028;983.13;1;0.0025;0.0025;0;0;0;0;0;0;0.023;-0.065;0;15.347;17.772;-38.956;-45.11;90.066;90.066;0.2538;0.2045;-0.5191;0.0493;0.7236;0.1944;2.8506;0;6.2944;0;0
22/09/21 18:00;0;0;90;0;0;90;0;0;0;0;12.47;2.2201;0;0;0;0;0;0;0;0;0;0;0;0;0;1;1;1;1;0;0;0;0;0;0;0;0;0;0;0;0;0;0;0;0;0;0;0;0;0;0;0;0;0;0;0;0;0;0;0;0;0;0;0;1;1;1;1;1;1;1;1;1;1;1;1;1;1;1;1;1;1;1;0;0;0;0;0;0;0;0;0;0.0004;0.088;0;-0.0884;0;0;0;0;0;0;0;0;0;0;0;0;0;0;0;0;0;0;0;-12.47;0;0;0;0;0.0004;0;0;0;0;0;0;0;-0.0004;-0.0884;0;0;0;0;0;0;0;0;0;-0.7063;0;0.7063;1;1;0;0;0;0
22/09/21 19:00;0;0;90;0;0;90;0;0;0;0;10.92;1.9001;0;0;0;0;0;0;0;0;0;0;0;0;0;1;1;1;1;0;0;0;0;0;0;0;0;0;0;0;0;0;0;0;0;0;0;0;0;0;0;0;0;0;0;0;0;0;0;0;0;0;0;0;1;1;1;1;1;1;1;1;1;1;1;1;1;1;1;1;1;1;1;0;0;0;0;0;0;0;0;0;0.0004;0.088;0;-0.0884;0;0;0;0;0;0;0;0;0;0;0;0;0;0;0;0;0;0;0;-10.92;0;0;0;0;0.0004;0;0;0;0;0;0;0;-0.0004;-0.0884;0;0;0;0;0;0;0;0;0;-0.7063;0;0.7063;1;1;0;0;0;0
22/09/21 20:00;0;0;90;0;0;90;0;0;0;0;7.4799;1.5801;0;0;0;0;0;0;0;0;0;0;0;0;0;1;1;1;1;0;0;0;0;0;0;0;0;0;0;0;0;0;0;0;0;0;0;0;0;0;0;0;0;0;0;0;0;0;0;0;0;0;0;0;1;1;1;1;1;1;1;1;1;1;1;1;1;1;1;1;1;1;1;0;0;0;0;0;0;0;0;0;0.0004;0.088;0;-0.0884;0;0;0;0;0;0;0;0;0;0;0;0;0;0;0;0;0;0;0;-7.4799;0;0;0;0;0.0004;0;0;0;0;0;0;0;-0.0004;-0.0884;0;0;0;0;0;0;0;0;0;-0.7063;0;0.7063;1;1;0;0;0;0
22/09/21 21:00;0;0;90;0;0;90;0;0;0;0;6.1902;1.38;0;0;0;0;0;0;0;0;0;0;0;0;0;1;1;1;1;0;0;0;0;0;0;0;0;0;0;0;0;0;0;0;0;0;0;0;0;0;0;0;0;0;0;0;0;0;0;0;0;0;0;0;1;1;1;1;1;1;1;1;1;1;1;1;1;1;1;1;1;1;1;0;0;0;0;0;0;0;0;0;0.0004;0.088;0;-0.0884;0;0;0;0;0;0;0;0;0;0;0;0;0;0;0;0;0;0;0;-6.1902;0;0;0;0;0.0004;0;0;0;0;0;0;0;-0.0004;-0.0884;0;0;0;0;0;0;0;0;0;-0.7063;0;0.7063;1;1;0;0;0;0
22/09/21 22:00;0;0;90;0;0;90;0;0;0;0;5.0501;1.3699;0;0;0;0;0;0;0;0;0;0;0;0;0;1;1;1;1;0;0;0;0;0;0;0;0;0;0;0;0;0;0;0;0;0;0;0;0;0;0;0;0;0;0;0;0;0;0;0;0;0;0;0;1;1;1;1;1;1;1;1;1;1;1;1;1;1;1;1;1;1;1;0;0;0;0;0;0;0;0;0;0.0004;0.088;0;-0.0884;0;0;0;0;0;0;0;0;0;0;0;0;0;0;0;0;0;0;0;-5.0501;0;0;0;0;0.0004;0;0;0;0;0;0;0;-0.0004;-0.0884;0;0;0;0;0;0;0;0;0;-0.7063;0;0.7063;1;1;0;0;0;0
22/09/21 23:00;0;0;90;0;0;90;0;0;0;0;4.7098;1.38;0;0;0;0;0;0;0;0;0;0;0;0;0;1;1;1;1;0;0;0;0;0;0;0;0;0;0;0;0;0;0;0;0;0;0;0;0;0;0;0;0;0;0;0;0;0;0;0;0;0;0;0;1;1;1;1;1;1;1;1;1;1;1;1;1;1;1;1;1;1;1;0;0;0;0;0;0;0;0;0;0.0004;0.088;0;-0.0884;0;0;0;0;0;0;0;0;0;0;0;0;0;0;0;0;0;0;0;-4.7098;0;0;0;0;0.0004;0;0;0;0;0;0;0;-0.0004;-0.0884;0;0;0;0;0;0;0;0;0;-0.7063;0;0.7063;1;1;0;0;0;0
23/09/21 00:00;0;0;90;0;0;90;0;0;0;0;4.4499;1.33;0;0;0;0;0;0;0;0;0;0;0;0;0;1;1;1;1;0;0;0;0;0;0;0;0;0;0;0;0;0;0;0;0;0;0;0;0;0;0;0;0;0;0;0;0;0;0;0;0;0;0;0;1;1;1;1;1;1;1;1;1;1;1;1;1;1;1;1;1;1;1;0;0;0;0;0;0;0;0;0;0.0004;0.088;0;-0.0884;0;0;0;0;0;0;0;0;0;0;0;0;0;0;0;0;0;0;0;-4.4499;0;0;0;0;0.0004;0;0;0;0;0;0;0;-0.0004;-0.0884;0;0;0;0;0;0;0;0;0;-0.7063;0;0.7063;1;1;0;0;0;0
23/09/21 01:00;0;0;90;0;0;90;0;0;0;0;3.7399;1.3599;0;0;0;0;0;0;0;0;0;0;0;0;0;1;1;1;1;0;0;0;0;0;0;0;0;0;0;0;0;0;0;0;0;0;0;0;0;0;0;0;0;0;0;0;0;0;0;0;0;0;0;0;1;1;1;1;1;1;1;1;1;1;1;1;1;1;1;1;1;1;1;0;0;0;0;0;0;0;0;0;0.0004;0.088;0;-0.0884;0;0;0;0;0;0;0;0;0;0;0;0;0;0;0;0;0;0;0;-3.7399;0;0;0;0;0.0004;0;0;0;0;0;0;0;-0.0004;-0.0884;0;0;0;0;0;0;0;0;0;-0.7063;0;0.7063;1;1;0;0;0;0
23/09/21 02:00;0;0;90;0;0;90;0;0;0;0;3.0299;1.4;0;0;0;0;0;0;0;0;0;0;0;0;0;1;1;1;1;0;0;0;0;0;0;0;0;0;0;0;0;0;0;0;0;0;0;0;0;0;0;0;0;0;0;0;0;0;0;0;0;0;0;0;1;1;1;1;1;1;1;1;1;1;1;1;1;1;1;1;1;1;1;0;0;0;0;0;0;0;0;0;0.0004;0.088;0;-0.0884;0;0;0;0;0;0;0;0;0;0;0;0;0;0;0;0;0;0;0;-3.0299;0;0;0;0;0.0004;0;0;0;0;0;0;0;-0.0004;-0.0884;0;0;0;0;0;0;0;0;0;-0.7063;0;0.7063;1;1;0;0;0;0
23/09/21 03:00;0;0;90;0;0;90;0;0;0;0;4.3801;1.49;0;0;0;0;0;0;0;0;0;0;0;0;0;1;1;1;1;0;0;0;0;0;0;0;0;0;0;0;0;0;0;0;0;0;0;0;0;0;0;0;0;0;0;0;0;0;0;0;0;0;0;0;1;1;1;1;1;1;1;1;1;1;1;1;1;1;1;1;1;1;1;0;0;0;0;0;0;0;0;0;0.0004;0.088;0;-0.0884;0;0;0;0;0;0;0;0;0;0;0;0;0;0;0;0;0;0;0;-4.3801;0;0;0;0;0.0004;0;0;0;0;0;0;0;-0.0004;-0.0884;0;0;0;0;0;0;0;0;0;-0.7063;0;0.7063;1;1;0;0;0;0
23/09/21 04:00;0;0;90;0;0;90;0;0;0;0;3.46;1.62;0;0;0;0;0;0;0;0;0;0;0;0;0;1;1;1;1;0;0;0;0;0;0;0;0;0;0;0;0;0;0;0;0;0;0;0;0;0;0;0;0;0;0;0;0;0;0;0;0;0;0;0;1;1;1;1;1;1;1;1;1;1;1;1;1;1;1;1;1;1;1;0;0;0;0;0;0;0;0;0;0.0004;0.088;0;-0.0884;0;0;0;0;0;0;0;0;0;0;0;0;0;0;0;0;0;0;0;-3.46;0;0;0;0;0.0004;0;0;0;0;0;0;0;-0.0004;-0.0884;0;0;0;0;0;0;0;0;0;-0.7063;0;0.7063;1;1;0;0;0;0
23/09/21 05:00;1.1356;-89.533;87.245;1.1356;1.6195;-90;-1.6195;0;0;0;1.7303;1.8201;0;0;0;0;0;0;0;0;0;0;0;0;0;1;1;1;1;0;0;0;0;0;0;0;0;0;0;0;0;0;0;0;0;0;0;0;0;0;0;0;0;0;0;0;0;0;0;0;0;0;0;0;1;1;1;1;1;1;1;1;1;1;1;1;1;1;1;1;1;1;1;0;0;0;0;0;0;0;0;0;0.0004;0.088;0;-0.0884;0;0;0;0;0;0;0;0;0;0;0;0;0;0;0;0;0;0;0;-1.7303;0;0;0;0;0.0004;0;0;0;0;0;0;0;-0.0004;-0.0884;0;0;0;0;0;0;0;0;0;-0.7063;0;0.7063;1;1;0;0;0;0
23/09/21 06:00;8.2796;-84.461;69.558;8.3179;12.222;-90;-12.222;79.193;41.302;37.891;2.9801;2.2399;0;91.897;32.939;19.368;0;0.1705;144.37;0;144.37;91.897;19.368;32.939;0.1705;0.6365;0.2293;0;0.0012;143.9;0.476;0;0;0.3339;0.1421;130.86;12.752;9.4659;1.995;1.2846;0.0064;143.61;0.2878;0.1838;0.0387;0.0652;0.0001;130.87;82.247;17.334;31.255;0.022;20.088;16.312;5.8211;0.0204;0.2212;3.1824;0.014;3.3833;0;1;0;0;1.8231;0.9967;1;1;0.9899;0.1665;0.9112;0.8968;1;0.9605;0.7752;0.998;0.998;1;0.998;0.998;0.9064;0.9489;0.1288;0.4336;0.4009;0.0024;0.0179;-0.0241;0.0028;0.01;0.0006;0;0;0.088;0;0.2858;0;0;0;0;0;0;0;0;0;0;0;0;0.0081;0.0005;0.3825;0.3825;0;8.2546;8.2546;5.2745;0.0403;341.58;1119.8;1;0.0087;0.0087;0;0;0;0;0;0;0.3738;0.2858;0;16.808;19.463;12.559;14.543;97.725;97.725;3.465;3.0571;2.2843;0.4079;0.7728;0.1177;0.223;0.6592;19.863;0.6485;0
23/09/21 07:00;20.346;-75.243;32.518;20.98;39.288;-90;-39.288;206.4;138.5;67.902;4.9498;2.0099;0;164.68;105.22;48.206;0;4.4319;322.54;0;322.54;164.68;48.206;105.22;4.4319;0.5106;0.34;0;0.0137;311.34;11.198;0;0;7.1432;4.0546;306.98;3.7347;0.4123;0.1207;3.1647;0.037;310.72;0.6227;0.3294;0.0964;0.1961;0.0008;307.88;163.94;47.989;94.714;0.3396;74.926;60.84;23.67;4.0304;0.955;13.737;0.8944;10.661;0;1;0;0;1.5627;0.9653;1;1;0.9321;0.0851;0.988;0.9975;1;0.9677;0.9018;0.998;0.998;1;0.998;0.998;0.9518;0.9002;0.0766;0.9686;0.9563;0.0058;0.014;-0.0258;0.0067;0.0239;0.0028;0;0;0.088;0;0.8038;0;0;0;0;0;0;0;0;0;0;0;0;0.0192;0.0023;0.9073;0.9073;0;17.333;17.333;12.383;0.0403;817.63;1109.7;1;0.0156;0.0156;0;0;0;0;0;0;0.8918;0.8038;0;17.846;20.665;15.808;18.306;98.283;98.283;7.7409;7.2515;6.4237;0.4894;0.8278;0.0632;0.1069;0.8298;74.496;0.8042;0
23/09/21 08:00;31.86;-64.504;21.444;34.549;55.451;-90;-55.451;358.6;210;148.59;7.6401;2.0601;0;262.02;130.51;76.602;0;14.747;483.88;0;483.88;262.02;76.602;130.51;14.747;0.5415;0.3002;0;0.0305;455.41;28.47;0;0;14.652;13.818;450.26;4.2428;0.1937;0.0566;3.9515;0.0411;454.5;0.9108;0.524;0.1532;0.2317;0.0019;454.46;261.3;76.392;111.67;0.8862;161;130.73;51.861;16.492;2.4962;35.906;4.201;21.91;0;1;0;0;1.3494;0.9412;1;1;0.8877;0.063;0.9907;0.9993;1;0.9658;0.9557;0.998;0.998;1;0.998;0.998;0.9305;0.8557;0.0601;1.4531;1.4445;0.0087;0.0071;0.0045;0.01;0.0354;0.0071;0;0;0.088;0;1.2286;0;0;0;0;0;0;0;0;0;0;0;0;0.0285;0.0049;1.3384;1.3384;0;25.892;25.892;18.252;0.0405;1237.1;1081.8;1;0.0218;0.0218;0;0;0;0;0;0;1.3166;1.2286;0;17.546;20.318;16.106;18.651;98.37;98.37;11.613;10.696;9.8186;0.9168;0.8776;0.0789;0.0756;0.8455;107.9;0.801;0
23/09/21 09:00;42.24;-50.874;27.851;49.491;40.509;-90;-40.509;727.8;120.1;607.7;10.44;2.81;0;799.29;35.487;104.93;0;16.573;956.28;0;956.28;799.29;104.93;35.487;16.573;0.8358;0.0544;0;0.0173;938.53;17.749;0;0;2.5232;15.225;934.6;2.0503;0.7674;0.1007;1.0651;0.1171;936.65;1.8771;1.5986;0.2099;0.0659;0.0027;939.03;796.92;104.62;31.833;1.2278;341.87;277.6;105.52;1.5137;3.4214;49.215;4.425;51.123;0;1;0;0;1.3139;0.9814;1;1;0.9289;0.0813;0.9978;0.999;1;0.9676;0.9129;0.998;0.998;1;0.998;0.998;0.9773;0.897;0.0741;2.8717;2.932;0.0177;-0.0007;0.2455;0.0187;0.0663;0.009;0;0;0.088;0;2.371;0;0;0;0;0;0;0;0;0;0;0;0;0.0534;0.0187;2.5036;2.5036;0;48.989;48.989;38.549;0.0412;2522.5;992.5;1;0.0446;0.0446;0;0;0;0;0;0;2.459;2.371;0;16.608;19.232;15.728;18.213;98.217;98.217;22.951;20.009;18.949;2.9419;1.06;0.1282;0.0462;0.8256;25.387;0.795;0
23/09/21 10:00;50.443;-32.575;32.457;66.024;23.976;-90;-23.976;810.2;133.5;676.7;14.55;3.2699;0;740.6;45.352;94.232;0;6.6413;886.83;0;886.83;740.6;94.232;45.352;6.6413;0.8351;0.0586;0;0.0075;879.76;7.0669;0;0;1.4083;5.6586;874.27;3.733;1.8278;0.2326;1.4695;0.203;878;1.7595;1.4812;0.1885;0.0879;0.002;875.97;737.29;93.811;42.386;0.7776;449.04;364.62;135.76;0.3143;4.5702;65.741;1.6979;69.997;0;1;0;0;1.0946;0.992;1;1;0.9689;0.148;0.9957;0.9975;1;0.9665;0.793;0.998;0.998;1;0.998;0.998;0.9858;0.9346;0.1171;2.6631;2.7769;0.0167;-0.0017;0.2493;0.0176;0.0624;0.0119;0;0;0.088;0;2.2249;0;0;0;0;0;0;0;0;0;0;0;0;0.0502;0.0168;2.3536;2.3536;0;50.659;50.659;36.109;0.0413;2388.2;985.53;1;0.0407;0.0407;0;0;0;0;0;0;2.3129;2.2249;0;16.836;19.496;15.915;18.429;98.27;98.27;21.284;18.81;17.781;2.4737;1.0288;0.1162;0.0483;0.8354;28.776;0.7915;0
23/09/21 11:00;54.825;-8.794;34.702;83.85;6.1498;-90;-6.1498;717.1;242;475.1;16.66;3.64;0;477.85;138.24;103.96;0;0.392;720.44;0;720.44;477.85;103.96;138.24;0.392;0.6633;0.1924;0;0.0005;719.66;0.7783;0;0;0.4508;0.3274;710.09;8.1338;1.8056;0.3928;5.9209;0.0144;718.22;1.4393;0.9557;0.2079;0.2756;0.0001;710.13;475.09;103.36;131.59;0.05;421.97;342.64;125.97;0.0048;4.38;63.005;0.0493;67.38;0;1;0;0;1.0047;0.9989;1;1;0.9967;0.1648;0.9887;0.9962;1;0.9569;0.7762;0.998;0.998;1;0.998;0.998;0.9856;0.9519;0.1276;2.1635;2.2717;0.0137;-0.0015;0.1662;0.0147;0.052;0.0116;0;0;0.088;0;1.8415;0;0;0;0;0;0;0;0;0;0;0;0;0.0418;0.0115;1.9617;1.9617;0;45.879;45.879;29.219;0.0411;1950.4;1005.8;1;0.0322;0.0322;0;0;0;0;0;0;1.9295;1.8415;0;17.273;20.002;16.215;18.777;98.359;98.359;17.29;15.678;14.717;1.6125;0.9606;0.0933;0.0556;0.8512;82.23;0.7989;0
23/09/21 12:00;53.928;17.06;34.256;77.937;12.063;90;12.063;548.2;368.3;179.9;18.18;3.88;0;183.96;304.66;61.597;0;1.15;551.37;0;551.37;183.96;61.597;304.66;1.15;0.3336;0.5546;0;0.0021;547.38;3.9894;0;0;3.0292;0.9602;533.47;12.82;0.6473;0.2167;11.913;0.0427;546.29;1.0948;0.3679;0.1232;0.6033;0.0004;533.7;182.95;61.257;289.11;0.1468;323.02;262.29;95.333;0.1793;3.4356;49.42;0.2283;52.677;0;1;0;0;1.0058;0.9928;1;1;0.9901;0.1651;0.9765;0.9965;1;0.9604;0.7746;0.998;0.998;1;0.998;0.998;0.9675;0.949;0.1276;1.6558;1.7116;0.0103;0.0035;0.0907;0.0112;0.0399;0.0093;0;0;0.088;0;1.3959;0;0;0;0;0;0;0;0;0;0;0;0;0.0321;0.0068;1.5078;1.5078;0;40.045;40.045;21.865;0.041;1469.3;1026.2;1;0.0239;0.0239;0;0;0;0;0;0;1.4839;1.3959;0;17.348;20.088;16.06;18.598;98.416;98.416;13.233;12.05;11.156;1.1825;0.8942;0.0894;0.0676;0.8431;183.64;0.7901;0
23/09/21 13:00;48.096;39.162;31.189;60.46;29.54;90;29.54;446.31;353.7;92.61;18.27;3.9701;0;106.45;300.47;37.173;0;5.5116;449.6;0;449.6;106.45;37.173;300.47;5.5116;0.2368;0.6806;0;0.0123;431.71;17.888;0;0;13.054;4.8335;421.12;9.7268;0.1839;0.0642;9.3563;0.1224;430.85;0.8634;0.2129;0.0743;0.5748;0.0014;422.75;106.05;37.034;277.48;0.5542;263.44;213.92;79.988;4.3137;2.9274;42.109;1.6272;40.723;0;1;0;0;1.0074;0.9602;1;1;0.9566;0.123;0.9774;0.9983;1;0.9674;0.8191;0.998;0.998;1;0.998;0.998;0.9367;0.9235;0.1006;1.3502;1.3621;0.0082;0.0083;0.0505;0.0091;0.0321;0.008;0;0;0.088;0;1.1082;0;0;0;0;0;0;0;0;0;0;0;0;0.0259;0.0044;1.2155;1.2155;0;35.485;35.485;17.215;0.0409;1168.2;1040.5;1;0.0193;0.0193;0;0;0;0;0;0;1.1962;1.1082;0;17.15;19.86;15.637;18.107;98.414;98.414;10.79;9.7144;8.857;1.076;0.8574;0.0997;0.0795;0.8208;197.42;0.767;0
23/09/21 14:00;39.029;55.745;25.929;44.443;45.557;90;45.557;449.8;294.5;155.3;19.69;3.88;0;221.8;204.99;76.222;0;12.811;515.81;0;515.81;221.8;76.222;204.99;12.811;0.43;0.4222;0;0.0248;486.55;29.26;0;0;17.335;11.925;479.15;6.4314;0.1982;0.0681;6.1135;0.0515;485.58;0.9731;0.4436;0.1524;0.3753;0.0018;483.13;221.15;76.002;181.16;0.8325;239.73;194.66;75.665;13.063;3.0709;44.174;3.9764;34.182;0;1;0;0;1.1468;0.9433;1;1;0.9154;0.0691;0.9868;0.9991;1;0.9674;0.9418;0.998;0.998;1;0.998;0.998;0.9289;0.8838;0.065;1.549;1.5483;0.0093;0.0057;0.0783;0.0102;0.0361;0.0083;0;0;0.088;0;1.2563;0;0;0;0;0;0;0;0;0;0;0;0;0.0291;0.0056;1.3656;1.3656;0;39.327;39.327;19.637;0.041;1329.2;1027.4;1;0.0213;0.0213;0;0;0;0;0;0;1.3443;1.2563;0;16.795;19.448;15.451;17.892;98.44;98.44;12.38;10.914;10.041;1.4653;0.8736;0.1184;0.0706;0.8111;153.34;0.7622;0
23/09/21 15:00;28.193;68.249;19.063;29.99;60;90;60;508.51;100.9;407.61;20.04;3.4299;0;815.46;27.697;127.97;0;24.154;995.28;0;995.28;815.46;127.97;27.697;24.154;0.8193;0.0521;0;0.0243;969.13;26.149;0;0;3.4929;22.656;965.62;1.576;0.5359;0.0841;0.8542;0.1018;967.19;1.9383;1.6309;0.2559;0.0484;0.003;969.09;813.29;127.63;23.301;1.3928;108.6;88.183;34.632;4.6365;1.2847;18.48;3.4787;15.129;0;1;0;0;1.9573;0.9737;1;1;0.8739;0.062;0.9984;0.9993;1;0.9646;0.9319;0.998;0.998;1;0.998;0.998;0.9702;0.8413;0.0577;2.9888;2.9578;0.0178;-0.0005;0.3664;0.018;0.0639;0.0032;0;0;0.088;0;2.289;0;0;0;0;0;0;0;0;0;0;0;0;0.0515;0.019;2.4184;2.4184;0;60.242;60.242;40.202;0.0416;2547.8;949.25;1;0.0414;0.0414;0;0;0;0;0;0;2.377;2.289;0;15.415;17.85;14.59;16.894;98.287;98.287;23.887;19.328;18.294;4.5585;1.0344;0.1908;0.0433;0.7659;24.112;0.7554;0
23/09/21 16:00;16.449;78.365;46.628;16.775;27.649;90;27.649;242.7;134.5;108.2;19.47;2.2201;0;262.4;91.214;91.593;0;2.6328;447.84;0;447.84;262.4;91.593;91.214;2.6328;0.5859;0.2096;0;0.0059;441.99;5.8536;0;0;3.5656;2.288;434.36;6.7415;2.818;0.9836;2.8739;0.0659;441.11;0.884;0.5248;0.1832;0.1753;0.0007;434.69;259.06;90.426;84.599;0.2782;59.899;48.638;17.597;1.0403;0.7078;10.181;0.3285;9.8488;0;1;0;0;1.8453;0.9869;1;1;0.9609;0.131;0.9847;0.9892;1;0.9671;0.8085;0.998;0.998;1;0.998;0.998;0.9699;0.9275;0.1057;1.3449;1.3307;0.008;0.0087;0.0578;0.0088;0.0312;0.0019;0;0;0.088;0;1.0782;0;0;0;0;0;0;0;0;0;0;0;0;0.0251;0.0043;1.1849;1.1849;0;37.25;37.25;17.78;0.0409;1144.5;1035.3;1;0.0187;0.0187;0;0;0;0;0;0;1.1662;1.0782;0;16.784;19.435;15.272;17.685;98.418;98.418;10.748;9.4697;8.6166;1.2785;0.8531;0.1189;0.0794;0.8017;59.184;0.7883;0
23/09/21 17:00;5.3084;86.586;77.034;5.3178;7.6718;90;7.6718;28.501;27.998;0.5031;18.77;2.33;0;1.2201;27.761;0.2713;0;0.0242;29.277;0;29.277;1.2201;0.2713;27.761;0.0242;0.0417;0.9491;0;0.0008;29.127;0.1503;0;0;0.1301;0.0202;27.559;1.5095;0.2813;0.0626;1.1646;0.0009;29.068;0.0583;0.0024;0.0005;0.0553;0;27.562;0.9363;0.2082;26.411;0.0031;16.56;13.447;4.743;0.0027;0.1851;2.6624;0.0031;2.8448;0;1;0;0;1.0272;0.9949;1;1;0.9953;0.1646;0.9481;0.7689;1;0.9578;0.7753;0.998;0.998;1;0.998;0.998;0.9413;0.9514;0.1273;0.0879;0.0886;0.0005;0.0106;-0.0017;0.0006;0.002;0.0005;0;0;0.088;0;-0.0173;0;0;0;0;0;0;0;0;0;0;0;0;0.0016;0.0001;0.0745;0.0745;0;19.913;19.913;1.1425;0.0415;74.117;1005.4;1;0.0038;0.0038;0;0;0;0;0;0;0.0707;-0.0173;0;16.146;18.697;-3.7412;-4.3323;94.922;94.922;0.7026;0.5955;-0.138;0.1071;0.7335;0.1524;1.044;0;16.557;0;0
23/09/21 18:00;0;0;90;0;0;90;0;0;0;0;13.35;2.59;0;0;0;0;0;0;0;0;0;0;0;0;0;1;1;1;1;0;0;0;0;0;0;0;0;0;0;0;0;0;0;0;0;0;0;0;0;0;0;0;0;0;0;0;0;0;0;0;0;0;0;0;1;1;1;1;1;1;1;1;1;1;1;1;1;1;1;1;1;1;1;0;0;0;0;0;0;0;0;0;0.0004;0.088;0;-0.0884;0;0;0;0;0;0;0;0;0;0;0;0;0;0;0;0;0;0;0;-13.35;0;0;0;0;0.0004;0;0;0;0;0;0;0;-0.0004;-0.0884;0;0;0;0;0;0;0;0;0;-0.7063;0;0.7063;1;1;0;0;0;0
23/09/21 19:00;0;0;90;0;0;90;0;0;0;0;9.6703;2.92;0;0;0;0;0;0;0;0;0;0;0;0;0;1;1;1;1;0;0;0;0;0;0;0;0;0;0;0;0;0;0;0;0;0;0;0;0;0;0;0;0;0;0;0;0;0;0;0;0;0;0;0;1;1;1;1;1;1;1;1;1;1;1;1;1;1;1;1;1;1;1;0;0;0;0;0;0;0;0;0;0.0004;0.088;0;-0.0884;0;0;0;0;0;0;0;0;0;0;0;0;0;0;0;0;0;0;0;-9.6703;0;0;0;0;0.0004;0;0;0;0;0;0;0;-0.0004;-0.0884;0;0;0;0;0;0;0;0;0;-0.7063;0;0.7063;1;1;0;0;0;0
23/09/21 20:00;0;0;90;0;0;90;0;0;0;0;9.3;3.1701;0;0;0;0;0;0;0;0;0;0;0;0;0;1;1;1;1;0;0;0;0;0;0;0;0;0;0;0;0;0;0;0;0;0;0;0;0;0;0;0;0;0;0;0;0;0;0;0;0;0;0;0;1;1;1;1;1;1;1;1;1;1;1;1;1;1;1;1;1;1;1;0;0;0;0;0;0;0;0;0;0.0004;0.088;0;-0.0884;0;0;0;0;0;0;0;0;0;0;0;0;0;0;0;0;0;0;0;-9.3;0;0;0;0;0.0004;0;0;0;0;0;0;0;-0.0004;-0.0884;0;0;0;0;0;0;0;0;0;-0.7063;0;0.7063;1;1;0;0;0;0
23/09/21 21:00;0;0;90;0;0;90;0;0;0;0;11.63;3.31;0;0;0;0;0;0;0;0;0;0;0;0;0;1;1;1;1;0;0;0;0;0;0;0;0;0;0;0;0;0;0;0;0;0;0;0;0;0;0;0;0;0;0;0;0;0;0;0;0;0;0;0;1;1;1;1;1;1;1;1;1;1;1;1;1;1;1;1;1;1;1;0;0;0;0;0;0;0;0;0;0.0004;0.088;0;-0.0884;0;0;0;0;0;0;0;0;0;0;0;0;0;0;0;0;0;0;0;-11.63;0;0;0;0;0.0004;0;0;0;0;0;0;0;-0.0004;-0.0884;0;0;0;0;0;0;0;0;0;-0.7063;0;0.7063;1;1;0;0;0;0
23/09/21 22:00;0;0;90;0;0;90;0;0;0;0;11.1;3.4;0;0;0;0;0;0;0;0;0;0;0;0;0;1;1;1;1;0;0;0;0;0;0;0;0;0;0;0;0;0;0;0;0;0;0;0;0;0;0;0;0;0;0;0;0;0;0;0;0;0;0;0;1;1;1;1;1;1;1;1;1;1;1;1;1;1;1;1;1;1;1;0;0;0;0;0;0;0;0;0;0.0004;0.088;0;-0.0884;0;0;0;0;0;0;0;0;0;0;0;0;0;0;0;0;0;0;0;-11.1;0;0;0;0;0.0004;0;0;0;0;0;0;0;-0.0004;-0.0884;0;0;0;0;0;0;0;0;0;-0.7063;0;0.7063;1;1;0;0;0;0
23/09/21 23:00;0;0;90;0;0;90;0;0;0;0;9.7999;3.5001;0;0;0;0;0;0;0;0;0;0;0;0;0;1;1;1;1;0;0;0;0;0;0;0;0;0;0;0;0;0;0;0;0;0;0;0;0;0;0;0;0;0;0;0;0;0;0;0;0;0;0;0;1;1;1;1;1;1;1;1;1;1;1;1;1;1;1;1;1;1;1;0;0;0;0;0;0;0;0;0;0.0004;0.088;0;-0.0884;0;0;0;0;0;0;0;0;0;0;0;0;0;0;0;0;0;0;0;-9.7999;0;0;0;0;0.0004;0;0;0;0;0;0;0;-0.0004;-0.0884;0;0;0;0;0;0;0;0;0;-0.7063;0;0.7063;1;1;0;0;0;0
24/09/21 00:00;0;0;90;0;0;90;0;0;0;0;9.1598;3.5999;0;0;0;0;0;0;0;0;0;0;0;0;0;1;1;1;1;0;0;0;0;0;0;0;0;0;0;0;0;0;0;0;0;0;0;0;0;0;0;0;0;0;0;0;0;0;0;0;0;0;0;0;1;1;1;1;1;1;1;1;1;1;1;1;1;1;1;1;1;1;1;0;0;0;0;0;0;0;0;0;0.0004;0.088;0;-0.0884;0;0;0;0;0;0;0;0;0;0;0;0;0;0;0;0;0;0;0;-9.1598;0;0;0;0;0.0004;0;0;0;0;0;0;0;-0.0004;-0.0884;0;0;0;0;0;0;0;0;0;-0.7063;0;0.7063;1;1;0;0;0;0
24/09/21 01:00;0;0;90;0;0;90;0;0;0;0;7.5497;3.72;0;0;0;0;0;0;0;0;0;0;0;0;0;1;1;1;1;0;0;0;0;0;0;0;0;0;0;0;0;0;0;0;0;0;0;0;0;0;0;0;0;0;0;0;0;0;0;0;0;0;0;0;1;1;1;1;1;1;1;1;1;1;1;1;1;1;1;1;1;1;1;0;0;0;0;0;0;0;0;0;0.0004;0.088;0;-0.0884;0;0;0;0;0;0;0;0;0;0;0;0;0;0;0;0;0;0;0;-7.5497;0;0;0;0;0.0004;0;0;0;0;0;0;0;-0.0004;-0.0884;0;0;0;0;0;0;0;0;0;-0.7063;0;0.7063;1;1;0;0;0;0
24/09/21 02:00;0;0;90;0;0;90;0;0;0;0;6.98;3.8201;0;0;0;0;0;0;0;0;0;0;0;0;0;1;1;1;1;0;0;0;0;0;0;0;0;0;0;0;0;0;0;0;0;0;0;0;0;0;0;0;0;0;0;0;0;0;0;0;0;0;0;0;1;1;1;1;1;1;1;1;1;1;1;1;1;1;1;1;1;1;1;0;0;0;0;0;0;0;0;0;0.0004;0.088;0;-0.0884;0;0;0;0;0;0;0;0;0;0;0;0;0;0;0;0;0;0;0;-6.98;0;0;0;0;0.0004;0;0;0;0;0;0;0;-0.0004;-0.0884;0;0;0;0;0;0;0;0;0;-0.7063;0;0.7063;1;1;0;0;0;0
24/09/21 03:00;0;0;90;0;0;90;0;0;0;0;6.52;3.88;0;0;0;0;0;0;0;0;0;0;0;0;0;1;1;1;1;0;0;0;0;0;0;0;0;0;0;0;0;0;0;0;0;0;0;0;0;0;0;0;0;0;0;0;0;0;0;0;0;0;0;0;1;1;1;1;1;1;1;1;1;1;1;1;1;1;1;1;1;1;1;0;0;0;0;0;0;0;0;0;0.0004;0.088;0;-0.0884;0;0;0;0;0;0;0;0;0;0;0;0;0;0;0;0;0;0;0;-6.52;0;0;0;0;0.0004;0;0;0;0;0;0;0;-0.0004;-0.0884;0;0;0;0;0;0;0;0;0;-0.7063;0;0.7063;1;1;0;0;0;0
24/09/21 04:00;0;0;90;0;0;90;0;0;0;0;8.0097;3.9001;0;0;0;0;0;0;0;0;0;0;0;0;0;1;1;1;1;0;0;0;0;0;0;0;0;0;0;0;0;0;0;0;0;0;0;0;0;0;0;0;0;0;0;0;0;0;0;0;0;0;0;0;1;1;1;1;1;1;1;1;1;1;1;1;1;1;1;1;1;1;1;0;0;0;0;0;0;0;0;0;0.0004;0.088;0;-0.0884;0;0;0;0;0;0;0;0;0;0;0;0;0;0;0;0;0;0;0;-8.0097;0;0;0;0;0.0004;0;0;0;0;0;0;0;-0.0004;-0.0884;0;0;0;0;0;0;0;0;0;-0.7063;0;0.7063;1;1;0;0;0;0
24/09/21 05:00;1.2293;-89.944;87.018;1.2293;1.7531;-90;-1.7531;0;0;0;8.4903;4.18;0;0;0;0;0;0;0;0;0;0;0;0;0;1;1;1;1;0;0;0;0;0;0;0;0;0;0;0;0;0;0;0;0;0;0;0;0;0;0;0;0;0;0;0;0;0;0;0;0;0;0;0;1;1;1;1;1;1;1;1;1;1;1;1;1;1;1;1;1;1;1;0;0;0;0;0;0;0;0;0;0.0004;0.088;0;-0.0884;0;0;0;0;0;0;0;0;0;0;0;0;0;0;0;0;0;0;0;-8.4903;0;0;0;0;0.0004;0;0;0;0;0;0;0;-0.0004;-0.0884;0;0;0;0;0;0;0;0;0;-0.7063;0;0.7063;1;1;0;0;0;0
24/09/21 06:00;8.5794;-84.728;68.789;8.6153;12.688;-90;-12.688;109.61;20.9;88.708;9.1099;5.3201;0;215.14;11.629;22.137;0;0.2543;249.16;0;249.16;215.14;22.137;11.629;0.2543;0.8635;0.0477;0;0.001;248.82;0.3375;0;0;0.1255;0.2119;225.43;22.893;20.341;2.093;0.4498;0.0095;248.33;0.4976;0.4303;0.0443;0.023;0.0001;225.44;194.37;19.999;11.031;0.0328;7.5022;6.0917;2.2427;0.0083;0.0782;1.1249;0.0054;1.1948;0;1;0;0;2.2732;0.9986;1;1;0.9892;0.1665;0.9078;0.9053;1;0.9608;0.7753;0.998;0.998;1;0.998;0.998;0.9048;0.9485;0.1288;0.7482;0.6814;0.0041;0.0171;-0.0164;0.0047;0.0168;0.0002;0;0;0.088;0;0.5405;0;0;0;0;0;0;0;0;0;0;0;0;0.0135;0.0013;0.64;0.64;0;18.231;18.231;9.1209;0.0405;583.27;1097.3;1;0.0115;0.0115;0;0;0;0;0;0;0.6285;0.5405;0;16.295;18.869;13.761;15.935;98.203;98.203;5.9799;5.115;4.3198;0.8649;0.7952;0.1446;0.133;0.7224;7.0228;0.72;0
24/09/21 07:00;20.655;-75.513;31.184;21.274;40.363;-90;-40.363;319;58.098;260.9;12.6;5.36;0;632.76;23.381;76.539;0;7.2138;739.89;0;739.89;632.76;76.539;23.381;7.2138;0.8552;0.0413;0;0.0097;731.62;8.2784;0;0;1.6536;6.6248;728.17;1.9776;1.0918;0.1321;0.7019;0.0518;730.15;1.4632;1.2655;0.1531;0.0435;0.0012;728.39;630.4;76.254;20.982;0.5361;18.139;14.729;5.9448;0.9841;0.2178;3.1327;0.2135;2.3664;0;1;0;0;2.3194;0.9888;1;1;0.9293;0.0817;0.9973;0.9983;1;0.9676;0.912;0.998;0.998;1;0.998;0.998;0.9842;0.8974;0.0743;2.2219;2.2004;0.0132;-0.0011;0.1345;0.0144;0.051;0.0006;0;0;0.088;0;1.8159;0;0;0;0;0;0;0;0;0;0;0;0;0.0411;0.0108;1.9359;1.9359;0;42.477;42.477;29.877;0.041;1892.2;1023.1;1;0.032;0.032;0;0;0;0;0;0;1.9039;1.8159;0;16.598;19.22;15.569;18.028;98.345;98.345;17.757;15.472;14.512;2.2857;0.9594;0.1287;0.054;0.8173;16.706;0.8147;0
24/09/21 08:00;32.19;-64.772;21.144;34.832;55.168;-90;-55.168;524.6;88.298;436.3;14.58;6.03;0;763.87;27.643;92.985;0;21.371;905.87;0;905.87;763.87;92.985;27.643;21.371;0.8432;0.0541;0;0.0236;882.77;23.105;0;0;3.0804;20.024;879.48;1.5192;0.5568;0.0678;0.8362;0.0585;881;1.7655;1.5277;0.186;0.0491;0.0027;883.72;761.79;92.731;23.677;1.286;160.63;130.43;46.767;3.4352;1.9675;28.302;4.2369;26.835;0;1;0;0;1.7268;0.9745;1;1;0.8886;0.063;0.9983;0.9993;1;0.9659;0.9565;0.998;0.998;1;0.998;0.998;0.9709;0.8565;0.0602;2.7203;2.7213;0.0164;-0.0019;0.2469;0.0172;0.0611;0.0051;0;0;0.088;0;2.1834;0;0;0;0;0;0;0;0;0;0;0;0;0.0492;0.0162;2.3111;2.3111;0;50.913;50.913;36.332;0.0413;2343.8;986.02;1;0.0397;0.0397;0;0;0;0;0;0;2.2714;2.1834;0;16.184;18.741;15.29;17.705;98.283;98.283;21.741;18.47;17.45;3.2706;1.0204;0.1504;0.0469;0.8026;22.784;0.7843;0
24/09/21 09:00;42.598;-51.114;27.524;49.75;40.25;-90;-40.25;696.29;114.9;581.39;18.63;7.3399;0;761.75;37.395;94.969;0;15.662;909.78;0;909.78;761.75;94.969;37.395;15.662;0.8373;0.0583;0;0.0172;892.76;17.013;0;0;2.6339;14.379;888.93;2.0495;0.7227;0.0901;1.123;0.1137;890.98;1.7855;1.5235;0.1899;0.0695;0.0026;893.12;759.51;94.689;33.568;1.1668;329.06;267.19;101.62;1.5599;3.2966;47.421;4.1946;49.157;0;1;0;0;1.3066;0.9813;1;1;0.9296;0.0819;0.9977;0.999;1;0.9676;0.9112;0.998;0.998;1;0.998;0.998;0.9771;0.8977;0.0745;2.7321;2.79;0.0168;-0.0016;0.2986;0.0173;0.0615;0.0084;0;0;0.088;0;2.1949;0;0;0;0;0;0;0;0;0;0;0;0;0.0495;0.017;2.3225;2.3225;0;55.493;55.493;36.862;0.0415;2401.8;966.98;1;0.0395;0.0395;0;0;0;0;0;0;2.2829;2.1949;0;16.194;18.752;15.305;17.723;98.299;98.299;21.835;18.561;17.542;3.2736;1.0191;0.1499;0.0467;0.8034;26.694;0.7732;0
24/09/21 10:00;50.832;-32.718;32.099;66.235;23.765;-90;-23.765;817.41;134.6;682.8;20.4;8.23;0;746.06;45.527;95.126;0;6.5844;893.3;0;893.3;746.06;95.126;45.527;6.5844;0.8352;0.0583;0;0.0074;886.3;6.9987;0;0;1.3938;5.6049;880.95;3.5816;1.6856;0.2149;1.4779;0.2032;884.53;1.7726;1.4921;0.1903;0.0883;0.002;882.63;742.89;94.721;42.567;0.7743;453.58;368.3;137.08;0.3057;4.6187;66.438;1.6792;70.751;0;1;0;0;1.0928;0.9922;1;1;0.9694;0.1488;0.996;0.9977;1;0.9664;0.7921;0.998;0.998;1;0.998;0.998;0.9862;0.935;0.1176;2.6826;2.7984;0.0168;-0.0016;0.3144;0.0173;0.0613;0.0117;0;0;0.088;0;2.185;0;0;0;0;0;0;0;0;0;0;0;0;0.0494;0.0171;2.3121;2.3121;0;56.977;56.977;36.577;0.0415;2407.4;960.41;1;0.0391;0.0391;0;0;0;0;0;0;2.273;2.185;0;16.419;19.013;15.516;17.967;98.309;98.309;21.439;18.478;17.462;2.9611;1.0158;0.1381;0.0474;0.8145;28.852;0.7715;0
24/09/21 11:00;55.222;-8.7218;34.319;83.989;6.0113;-90;-6.0113;871.5;144.2;727.3;21.8;8.66;0;731.32;50.288;94.292;0;0.4553;876.35;0;876.35;731.32;94.292;50.288;0.4553;0.8345;0.0579;0;0.0005;875.82;0.5384;0;0;0.1581;0.3803;868.95;5.1095;2.5999;0.3352;2.1577;0.0167;874.06;1.7516;1.4626;0.1886;0.1003;0.0001;869.01;727.25;93.769;47.872;0.0581;512.23;415.93;156.72;0.0016;5.0693;72.92;0.0554;77.987;0;1;0;0;1.0056;0.9994;1;1;0.9969;0.1647;0.9942;0.9964;1;0.9569;0.7762;0.998;0.998;1;0.998;0.998;0.9916;0.952;0.1276;2.6317;2.7711;0.0167;-0.0017;0.3206;0.017;0.0605;0.0128;0;0;0.088;0;2.1535;0;0;0;0;0;0;0;0;0;0;0;0;0.0487;0.0168;2.2797;2.2797;0;57.907;57.907;36.107;0.0416;2383.4;956.5;1;0.0382;0.0382;0;0;0;0;0;0;2.2415;2.1535;0;16.502;19.109;15.588;18.051;98.323;98.323;21.032;18.219;17.211;2.813;1.0088;0.1337;0.048;0.8183;29.907;0.7703;0
24/09/21 12:00;54.284;17.371;33.859;77.885;12.115;90;12.115;865.4;145;720.4;22.93;8.6701;0;736.81;49.95;96.639;0;1.8311;885.23;0;885.23;736.81;96.639;49.95;1.8311;0.8323;0.0585;0;0.0021;883.2;2.0291;0;0;0.5002;1.5289;876.68;4.7585;2.4215;0.3176;1.9514;0.068;881.44;1.7664;1.4736;0.1933;0.0989;0.0006;877.06;732.92;96.128;47.399;0.2336;503.04;408.47;152.8;0.0303;5.0517;72.667;0.3751;77.688;0;1;0;0;1.0229;0.9977;1;1;0.99;0.1651;0.9946;0.9967;1;0.9605;0.7746;0.998;0.998;1;0.998;0.998;0.9903;0.9489;0.1276;2.6584;2.7948;0.0168;-0.0016;0.3383;0.0171;0.0606;0.0127;0;0;0.088;0;2.1588;0;0;0;0;0;0;0;0;0;0;0;0;0.0488;0.017;2.285;2.285;0;59.403;59.403;36.473;0.0416;2403.7;950.63;1;0.0382;0.0382;0;0;0;0;0;0;2.2468;2.1588;0;16.375;18.961;15.47;17.914;98.327;98.327;21.246;18.262;17.253;2.9837;1.0088;0.1404;0.0475;0.8121;30.113;0.7651;0
24/09/21 13:00;48.382;39.581;30.79;60.487;29.513;90;29.513;436.31;354.2;82.102;23.6;8.5901;0;94.344;304.51;32.828;0;5.3782;437.06;0;437.06;94.344;32.828;304.51;5.3782;0.2159;0.709;0;0.0123;419.13;17.926;0;0;13.21;4.716;408.5;9.7933;0.141;0.0491;9.4835;0.1197;418.29;0.8383;0.1887;0.0657;0.5826;0.0013;410.09;94.014;32.713;281.23;0.5412;258.53;209.93;78.455;4.3576;2.8835;41.478;1.5933;40.003;0;1;0;0;1.0017;0.959;1;1;0.9566;0.1231;0.9766;0.9985;1;0.9674;0.8189;0.998;0.998;1;0.998;0.998;0.9347;0.9236;0.1006;1.3125;1.3226;0.008;0.0088;0.0722;0.0086;0.0306;0.0077;0;0;0.088;0;1.0516;0;0;0;0;0;0;0;0;0;0;0;0;0.0247;0.0042;1.1577;1.1577;0;40.37;40.37;16.771;0.0411;1135.2;1019.8;1;0.0181;0.0181;0;0;0;0;0;0;1.1396;1.0516;0;16.803;19.458;15.263;17.675;98.436;98.436;10.489;9.2524;8.4045;1.237;0.848;0.1179;0.0808;0.8012;200.04;0.7481;0
24/09/21 14:00;39.254;56.171;25.537;44.529;45.471;90;45.471;667.3;127.6;539.7;23.35;8.41;0;769.61;40.549;113.98;0;18.938;943.07;0;943.07;769.61;113.98;40.549;18.938;0.8161;0.0631;0;0.0201;922.03;21.045;0;0;3.4198;17.626;918.12;2.064;0.6775;0.1003;1.2094;0.0768;920.18;1.8441;1.5392;0.228;0.0743;0.0026;922.72;767.39;113.65;35.846;1.2325;287.41;233.37;87.438;2.5715;3.0435;43.78;4.6026;44.252;0;1;0;0;1.4133;0.9777;1;1;0.9157;0.0693;0.9978;0.9991;1;0.9674;0.9413;0.998;0.998;1;0.998;0.998;0.9735;0.884;0.0651;2.832;2.8714;0.0173;-0.0011;0.3702;0.0174;0.0617;0.0076;0;0;0.088;0;2.2036;0;0;0;0;0;0;0;0;0;0;0;0;0.0497;0.018;2.3308;2.3308;0;61.617;61.617;38.267;0.0417;2471.6;943.01;1;0.0392;0.0392;0;0;0;0;0;0;2.2916;2.2036;0;15.678;18.155;14.823;17.165;98.32;98.32;22.634;18.628;17.611;4.0061;1.0162;0.177;0.0449;0.7781;30.309;0.752;0
24/09/21 15:00;28.377;68.652;18.68;30.112;59.888;90;59.888;468.79;136;332.79;22.3;7.54;0;663.34;49.602;139.4;0;22.192;874.53;0;874.53;663.34;139.4;49.602;22.192;0.7585;0.0821;0;0.0254;847.48;27.056;0;0;6.2385;20.818;843.64;2.1383;0.4271;0.0898;1.529;0.0924;845.78;1.695;1.3267;0.2788;0.0867;0.0027;847.52;661.58;139.03;41.748;1.2793;116.49;94.591;36.744;8.2427;1.6169;23.258;3.874;16.632;0;1;0;0;1.8655;0.9691;1;1;0.8742;0.0619;0.9975;0.9994;1;0.9647;0.9326;0.998;0.998;1;0.998;0.998;0.9647;0.8417;0.0576;2.6262;2.6017;0.0157;-0.0021;0.2962;0.016;0.0569;0.0041;0;0;0.088;0;2.0309;0;0;0;0;0;0;0;0;0;0;0;0;0.0458;0.0149;2.1541;2.1541;0;57.339;57.339;35.039;0.0415;2242.5;960.59;1;0.0352;0.0352;0;0;0;0;0;0;2.1189;2.0309;0;15.626;18.094;14.732;17.059;98.364;98.364;20.989;17.216;16.231;3.773;0.985;0.1798;0.0469;0.7733;43.125;0.7582;0
24/09/21 16:00;16.609;78.747;46.113;16.916;27.969;90;27.969;239.4;139.2;100.2;21.84;6.01;0;243.01;97.327;86.912;0;2.6563;429.9;0;429.9;243.01;86.912;97.327;2.6563;0.5653;0.2326;0;0.0062;423.72;6.1871;0;0;3.8752;2.3119;416.3;6.5693;2.5368;0.9073;3.06;0.0652;422.87;0.8474;0.486;0.1738;0.1869;0.0007;416.64;239.99;85.831;90.204;0.2784;63.948;51.926;19.317;1.1555;0.7241;10.415;0.3434;9.9839;0;1;0;0;1.7958;0.9856;1;1;0.9602;0.1296;0.9845;0.9895;1;0.9672;0.8102;0.998;0.998;1;0.998;0.998;0.9684;0.9268;0.1048;1.291;1.2768;0.0077;0.0095;0.0631;0.0084;0.0297;0.002;0;0;0.088;0;1.0228;0;0;0;0;0;0;0;0;0;0;0;0;0.0239;0.004;1.1286;1.1286;0;38.908;38.908;17.068;0.041;1098.3;1027.6;1;0.0178;0.0178;0;0;0;0;0;0;1.1108;1.0228;0;16.654;19.285;15.093;17.477;98.424;98.424;10.318;9.0199;8.1745;1.2977;0.8455;0.1258;0.0819;0.7923;63.282;0.7782;0
24/09/21 17:00;5.255;87.103;77.166;5.2617;7.5889;90;7.5889;32.408;31.803;0.6047;19.6;4.9399;0;1.4666;31.51;0.374;0;0.027;33.378;0;33.378;1.4666;0.374;31.51;0.027;0.0439;0.9449;0;0.0008;33.21;0.1676;0;0;0.1451;0.0225;31.389;1.7551;0.3431;0.0875;1.3235;0.001;33.144;0.0664;0.0029;0.0007;0.0627;0;31.392;1.1206;0.2858;29.979;0.0034;18.794;15.26;5.3825;0.003;0.2101;3.0217;0.0034;3.2289;0;1;0;0;1.0299;0.995;1;1;0.9954;0.1645;0.947;0.7656;1;0.9577;0.7754;0.998;0.998;1;0.998;0.998;0.9404;0.9514;0.1273;0.1002;0.1009;0.0006;0.0113;-0.0015;0.0006;0.0022;0.0005;0;0;0.088;0;-0.0068;0;0;0;0;0;0;0;0;0;0;0;0;0.0018;0.0001;0.0852;0.0852;0;20.9;20.9;1.3;0.0414;84.654;1006.9;1;0.0041;0.0041;0;0;0;0;0;0;0.0812;-0.0068;0;16.201;18.76;-1.2953;-1.5;95.24;95.24;0.8011;0.6813;-0.0545;0.1198;0.7357;0.1496;0.9184;0;18.79;0;0
24/09/21 18:00;0;0;90;0;0;90;0;0;0;0;16.34;4.7099;0;0;0;0;0;0;0;0;0;0;0;0;0;1;1;1;1;0;0;0;0;0;0;0;0;0;0;0;0;0;0;0;0;0;0;0;0;0;0;0;0;0;0;0;0;0;0;0;0;0;0;0;1;1;1;1;1;1;1;1;1;1;1;1;1;1;1;1;1;1;1;0;0;0;0;0;0;0;0;0;0.0004;0.088;0;-0.0884;0;0;0;0;0;0;0;0;0;0;0;0;0;0;0;0;0;0;0;-16.34;0;0;0;0;0.0004;0;0;0;0;0;0;0;-0.0004;-0.0884;0;0;0;0;0;0;0;0;0;-0.7063;0;0.7063;1;1;0;0;0;0
24/09/21 19:00;0;0;90;0;0;90;0;0;0;0;12.13;4.75;0;0;0;0;0;0;0;0;0;0;0;0;0;1;1;1;1;0;0;0;0;0;0;0;0;0;0;0;0;0;0;0;0;0;0;0;0;0;0;0;0;0;0;0;0;0;0;0;0;0;0;0;1;1;1;1;1;1;1;1;1;1;1;1;1;1;1;1;1;1;1;0;0;0;0;0;0;0;0;0;0.0004;0.088;0;-0.0884;0;0;0;0;0;0;0;0;0;0;0;0;0;0;0;0;0;0;0;-12.13;0;0;0;0;0.0004;0;0;0;0;0;0;0;-0.0004;-0.0884;0;0;0;0;0;0;0;0;0;-0.7063;0;0.7063;1;1;0;0;0;0
24/09/21 20:00;0;0;90;0;0;90;0;0;0;0;9.4901;4.2;0;0;0;0;0;0;0;0;0;0;0;0;0;1;1;1;1;0;0;0;0;0;0;0;0;0;0;0;0;0;0;0;0;0;0;0;0;0;0;0;0;0;0;0;0;0;0;0;0;0;0;0;1;1;1;1;1;1;1;1;1;1;1;1;1;1;1;1;1;1;1;0;0;0;0;0;0;0;0;0;0.0004;0.088;0;-0.0884;0;0;0;0;0;0;0;0;0;0;0;0;0;0;0;0;0;0;0;-9.4901;0;0;0;0;0.0004;0;0;0;0;0;0;0;-0.0004;-0.0884;0;0;0;0;0;0;0;0;0;-0.7063;0;0.7063;1;1;0;0;0;0
24/09/21 21:00;0;0;90;0;0;90;0;0;0;0;13.26;3.87;0;0;0;0;0;0;0;0;0;0;0;0;0;1;1;1;1;0;0;0;0;0;0;0;0;0;0;0;0;0;0;0;0;0;0;0;0;0;0;0;0;0;0;0;0;0;0;0;0;0;0;0;1;1;1;1;1;1;1;1;1;1;1;1;1;1;1;1;1;1;1;0;0;0;0;0;0;0;0;0;0.0004;0.088;0;-0.0884;0;0;0;0;0;0;0;0;0;0;0;0;0;0;0;0;0;0;0;-13.26;0;0;0;0;0.0004;0;0;0;0;0;0;0;-0.0004;-0.0884;0;0;0;0;0;0;0;0;0;-0.7063;0;0.7063;1;1;0;0;0;0
24/09/21 22:00;0;0;90;0;0;90;0;0;0;0;12.96;3.6699;0;0;0;0;0;0;0;0;0;0;0;0;0;1;1;1;1;0;0;0;0;0;0;0;0;0;0;0;0;0;0;0;0;0;0;0;0;0;0;0;0;0;0;0;0;0;0;0;0;0;0;0;1;1;1;1;1;1;1;1;1;1;1;1;1;1;1;1;1;1;1;0;0;0;0;0;0;0;0;0;0.0004;0.088;0;-0.0884;0;0;0;0;0;0;0;0;0;0;0;0;0;0;0;0;0;0;0;-12.96;0;0;0;0;0.0004;0;0;0;0;0;0;0;-0.0004;-0.0884;0;0;0;0;0;0;0;0;0;-0.7063;0;0.7063;1;1;0;0;0;0
24/09/21 23:00;0;0;90;0;0;90;0;0;0;0;11.42;3.5801;0;0;0;0;0;0;0;0;0;0;0;0;0;1;1;1;1;0;0;0;0;0;0;0;0;0;0;0;0;0;0;0;0;0;0;0;0;0;0;0;0;0;0;0;0;0;0;0;0;0;0;0;1;1;1;1;1;1;1;1;1;1;1;1;1;1;1;1;1;1;1;0;0;0;0;0;0;0;0;0;0.0004;0.088;0;-0.0884;0;0;0;0;0;0;0;0;0;0;0;0;0;0;0;0;0;0;0;-11.42;0;0;0;0;0.0004;0;0;0;0;0;0;0;-0.0004;-0.0884;0;0;0;0;0;0;0;0;0;-0.7063;0;0.7063;1;1;0;0;0;0
25/09/21 00:00;0;0;90;0;0;90;0;0;0;0;10.29;3.53;0;0;0;0;0;0;0;0;0;0;0;0;0;1;1;1;1;0;0;0;0;0;0;0;0;0;0;0;0;0;0;0;0;0;0;0;0;0;0;0;0;0;0;0;0;0;0;0;0;0;0;0;1;1;1;1;1;1;1;1;1;1;1;1;1;1;1;1;1;1;1;0;0;0;0;0;0;0;0;0;0.0004;0.088;0;-0.0884;0;0;0;0;0;0;0;0;0;0;0;0;0;0;0;0;0;0;0;-10.29;0;0;0;0;0.0004;0;0;0;0;0;0;0;-0.0004;-0.0884;0;0;0;0;0;0;0;0;0;-0.7063;0;0.7063;1;1;0;0;0;0
25/09/21 01:00;0;0;90;0;0;90;0;0;0;0;8.8699;3.56;0;0;0;0;0;0;0;0;0;0;0;0;0;1;1;1;1;0;0;0;0;0;0;0;0;0;0;0;0;0;0;0;0;0;0;0;0;0;0;0;0;0;0;0;0;0;0;0;0;0;0;0;1;1;1;1;1;1;1;1;1;1;1;1;1;1;1;1;1;1;1;0;0;0;0;0;0;0;0;0;0.0004;0.088;0;-0.0884;0;0;0;0;0;0;0;0;0;0;0;0;0;0;0;0;0;0;0;-8.8699;0;0;0;0;0.0004;0;0;0;0;0;0;0;-0.0004;-0.0884;0;0;0;0;0;0;0;0;0;-0.7063;0;0.7063;1;1;0;0;0;0
25/09/21 02:00;0;0;90;0;0;90;0;0;0;0;6.5;3.4299;0;0;0;0;0;0;0;0;0;0;0;0;0;1;1;1;1;0;0;0;0;0;0;0;0;0;0;0;0;0;0;0;0;0;0;0;0;0;0;0;0;0;0;0;0;0;0;0;0;0;0;0;1;1;1;1;1;1;1;1;1;1;1;1;1;1;1;1;1;1;1;0;0;0;0;0;0;0;0;0;0.0004;0.088;0;-0.0884;0;0;0;0;0;0;0;0;0;0;0;0;0;0;0;0;0;0;0;-6.5;0;0;0;0;0.0004;0;0;0;0;0;0;0;-0.0004;-0.0884;0;0;0;0;0;0;0;0;0;-0.7063;0;0.7063;1;1;0;0;0;0
25/09/21 03:00;0;0;90;0;0;90;0;0;0;0;6.03;3.24;0;0;0;0;0;0;0;0;0;0;0;0;0;1;1;1;1;0;0;0;0;0;0;0;0;0;0;0;0;0;0;0;0;0;0;0;0;0;0;0;0;0;0;0;0;0;0;0;0;0;0;0;1;1;1;1;1;1;1;1;1;1;1;1;1;1;1;1;1;1;1;0;0;0;0;0;0;0;0;0;0.0004;0.088;0;-0.0884;0;0;0;0;0;0;0;0;0;0;0;0;0;0;0;0;0;0;0;-6.03;0;0;0;0;0.0004;0;0;0;0;0;0;0;-0.0004;-0.0884;0;0;0;0;0;0;0;0;0;-0.7063;0;0.7063;1;1;0;0;0;0
25/09/21 04:00;0;0;90;0;0;90;0;0;0;0;5.3699;3.0901;0;0;0;0;0;0;0;0;0;0;0;0;0;1;1;1;1;0;0;0;0;0;0;0;0;0;0;0;0;0;0;0;0;0;0;0;0;0;0;0;0;0;0;0;0;0;0;0;0;0;0;0;1;1;1;1;1;1;1;1;1;1;1;1;1;1;1;1;1;1;1;0;0;0;0;0;0;0;0;0;0.0004;0.088;0;-0.0884;0;0;0;0;0;0;0;0;0;0;0;0;0;0;0;0;0;0;0;-5.3699;0;0;0;0;0.0004;0;0;0;0;0;0;0;-0.0004;-0.0884;0;0;0;0;0;0;0;0;0;-0.7063;0;0.7063;1;1;0;0;0;0
25/09/21 05:00;1.5269;-90.211;86.295;1.5269;2.1784;-90;-2.1784;0;0;0;4.4997;3.3499;0;0;0;0;0;0;0;0;0;0;0;0;0;1;1;1;1;0;0;0;0;0;0;0;0;0;0;0;0;0;0;0;0;0;0;0;0;0;0;0;0;0;0;0;0;0;0;0;0;0;0;0;1;1;1;1;1;1;1;1;1;1;1;1;1;1;1;1;1;1;1;0;0;0;0;0;0;0;0;0;0.0004;0.088;0;-0.0884;0;0;0;0;0;0;0;0;0;0;0;0;0;0;0;0;0;0;0;-4.4997;0;0;0;0;0.0004;0;0;0;0;0;0;0;-0.0004;-0.0884;0;0;0;0;0;0;0;0;0;-0.7063;0;0.7063;1;1;0;0;0;0
25/09/21 06:00;8.8786;-84.996;68.018;8.912;13.157;-90;-13.157;120.8;19.903;100.9;5.5102;4.4799;0;244.71;10.217;23.162;0;0.3012;278.39;0;278.39;244.71;23.162;10.217;0.3012;0.879;0.0378;0;0.0011;278.02;0.3683;0;0;0.1172;0.2511;253.82;23.642;21.229;2.0094;0.3918;0.0112;277.46;0.556;0.4894;0.0463;0.0202;0.0001;253.83;222.99;21.106;9.6874;0.0388;6.7199;5.4566;2.0291;0.0083;0.0688;0.9895;0.0053;1.0499;0;1;0;0;2.3045;0.9987;1;1;0.9885;0.1664;0.9148;0.9131;1;0.9611;0.7754;0.998;0.998;1;0.998;0.998;0.9118;0.9482;0.1288;0.836;0.7666;0.0046;0.0163;-0.0251;0.0054;0.0191;0.0002;0;0;0.088;0;0.6281;0;0;0;0;0;0;0;0;0;0;0;0;0.0154;0.0016;0.7291;0.7291;0;15.749;15.749;10.239;0.0403;656.16;1111.1;1;0.0129;0.0129;0;0;0;0;0;0;0.7161;0.6281;0;16.613;19.238;14.313;16.574;98.225;98.225;6.6813;5.8268;5.02;0.8546;0.8067;0.1279;0.1207;0.7514;6.1787;0.7494;0
25/09/21 07:00;20.964;-75.785;29.805;21.566;41.493;-90;-41.493;333.59;56.302;277.29;7.8302;4.91;0;672.51;21.228;77.678;0;7.9535;779.37;0;779.37;672.51;77.678;21.228;7.9535;0.8629;0.0374;0;0.0102;770.48;8.8882;0;0;1.5635;7.3247;767.48;1.4572;0.691;0.0798;0.6359;0.0505;768.94;1.541;1.345;0.1554;0.0393;0.0013;767.69;670.47;77.443;18.989;0.577;16.83;13.666;5.5644;0.9826;0.2034;2.9262;0.2088;2.147;0;1;0;0;2.3363;0.9886;1;1;0.9263;0.0791;0.9981;0.999;1;0.9676;0.9195;0.998;0.998;1;0.998;0.998;0.9847;0.8945;0.0725;2.3404;2.3184;0.014;-0.0017;0.115;0.0153;0.0544;0.0006;0;0;0.088;0;1.9423;0;0;0;0;0;0;0;0;0;0;0;0;0.0438;0.0119;2.0651;2.0651;0;39.233;39.233;31.403;0.0409;1992.9;1036.2;1;0.0348;0.0348;0;0;0;0;0;0;2.0303;1.9423;0;16.809;19.464;15.809;18.307;98.315;98.315;18.705;16.504;15.523;2.2006;0.9813;0.1176;0.0525;0.8299;15.314;0.8276;0
25/09/21 08:00;32.518;-65.042;20.843;35.114;54.886;-90;-54.886;550.41;90.799;459.61;9.8498;4.8501;0;799.04;26.635;99.064;0;22.212;946.95;0;946.95;799.04;99.064;26.635;22.212;0.8438;0.0516;0;0.0235;923.19;23.757;0;0;2.9462;20.811;919.83;1.5101;0.5741;0.0712;0.805;0.0598;921.34;1.8464;1.5981;0.1981;0.0474;0.0028;924.21;796.86;98.794;22.836;1.3385;169.98;138.03;49.744;3.2513;2.0407;29.354;4.3746;28.144;0;1;0;0;1.7204;0.9749;1;1;0.8894;0.0631;0.9984;0.9993;1;0.966;0.9572;0.998;0.998;1;0.998;0.998;0.9714;0.8574;0.0603;2.8437;2.8455;0.0171;-0.0013;0.226;0.0182;0.0646;0.0054;0;0;0.088;0;2.3144;0;0;0;0;0;0;0;0;0;0;0;0;0.0521;0.0177;2.4458;2.4458;0;47.75;47.75;37.901;0.0412;2449.7;998.39;1;0.0433;0.0433;0;0;0;0;0;0;2.4024;2.3144;0;16.384;18.973;15.505;17.954;98.228;98.228;22.727;19.547;18.497;3.18;1.0497;0.1399;0.0462;0.8139;21.885;0.7954;0
25/09/21 09:00;42.955;-51.358;27.195;50.006;39.994;-90;-39.994;689.2;116.5;572.7;11.54;4.8501;0;747.53;39.415;93.808;0;15.313;896.07;0;896.07;747.53;93.808;39.415;15.313;0.8342;0.0611;0;0.0171;879.27;16.799;0;0;2.7502;14.049;875.42;2.0873;0.7008;0.0879;1.1843;0.1143;877.51;1.7585;1.4951;0.1876;0.0733;0.0025;879.54;745.34;93.533;35.407;1.1474;327.44;265.88;101.16;1.6083;3.2815;47.203;4.111;48.876;0;1;0;0;1.3002;0.9813;1;1;0.9302;0.0826;0.9976;0.9991;1;0.9676;0.9094;0.998;0.998;1;0.998;0.998;0.977;0.8983;0.0749;2.6909;2.7486;0.0165;-0.0018;0.217;0.0176;0.0625;0.0086;0;0;0.088;0;2.232;0;0;0;0;0;0;0;0;0;0;0;0;0.0503;0.0165;2.3612;2.3612;0;47.606;47.606;36.066;0.0412;2364.7;998.54;1;0.0412;0.0412;0;0;0;0;0;0;2.32;2.232;0;16.716;19.357;15.801;18.297;98.254;98.254;21.506;18.871;17.838;2.6348;1.0328;0.1225;0.048;0.8295;28.075;0.798;0
25/09/21 10:00;51.221;-32.864;31.741;66.444;23.556;-90;-23.556;960.69;158.5;802.19;12.43;5.06;0;875.11;37.17;130.6;0;7.6049;1050.5;0;1050.5;875.11;130.6;37.17;7.6049;0.8331;0.0426;0;0.0072;1042.9;7.5896;0;0;1.1219;6.4677;1037.3;3.5077;1.7943;0.2678;1.2088;0.2369;1040.8;2.0858;1.7502;0.2612;0.0721;0.0023;1039.2;871.57;130.07;34.768;0.8981;532.79;432.63;161.03;0.2424;5.4168;77.919;1.9317;83.093;0;1;0;0;1.0935;0.9928;1;1;0.9698;0.1495;0.9966;0.9979;1;0.9664;0.7913;0.998;0.998;1;0.998;0.998;0.9875;0.9354;0.1181;3.1546;3.2943;0.0198;0.0038;0.3502;0.0204;0.0725;0.0138;0;0;0.088;0;2.5945;0;0;0;0;0;0;0;0;0;0;0;0;0.0584;0.0233;2.7321;2.7321;0;55.449;55.449;43.02;0.0415;2829.4;965.58;1;0.0495;0.0495;0;0;0;0;0;0;2.6825;2.5945;0;16.498;19.105;15.668;18.143;98.187;98.187;25.212;21.835;20.735;3.377;1.0991;0.1339;0.0436;0.8225;23.529;0.7792;0
25/09/21 11:00;55.62;-8.6493;33.936;84.125;5.8748;-90;-5.8748;1050;173.2;876.81;13.13;5.38;0;881.44;38.038;135.77;0;0.5239;1055.8;0;1055.8;881.44;135.77;38.038;0.5239;0.8349;0.0365;0;0.0005;1055.2;0.5529;0;0;0.1153;0.4376;1048.1;5.0427;2.9363;0.4523;1.6349;0.0193;1053.1;2.1104;1.7629;0.2715;0.0758;0.0002;1048.1;876.74;135.05;36.212;0.0668;617.12;501.1;189.09;0.0011;6.0892;87.591;0.0624;93.68;0;1;0;0;1.0055;0.9995;1;1;0.997;0.1646;0.9952;0.9967;1;0.9568;0.7763;0.998;0.998;1;0.998;0.998;0.9927;0.952;0.1275;3.1705;3.3415;0.0201;0.0046;0.3692;0.0206;0.0732;0.0154;0;0;0.088;0;2.6175;0;0;0;0;0;0;0;0;0;0;0;0;0.0589;0.0239;2.7555;2.7555;0;56.639;56.639;43.51;0.0415;2868.4;960.62;1;0.05;0.05;0;0;0;0;0;0;2.7055;2.6175;0;16.556;19.172;15.727;18.212;98.187;98.187;25.338;22.022;20.919;3.3169;1.1026;0.1309;0.0435;0.8256;22.617;0.7773;0
25/09/21 12:00;54.639;17.686;33.461;77.834;12.166;90;12.166;851.71;149.8;701.91;14.84;5.52;0;718.03;54.546;96.81;0;1.8172;871.21;0;871.21;718.03;96.81;54.546;1.8172;0.8242;0.0647;0;0.0021;869.14;2.0674;0;0;0.5501;1.5172;862.72;4.6855;2.1932;0.2957;2.1291;0.0675;867.4;1.7383;1.4361;0.1936;0.108;0.0006;863.09;714.4;96.321;51.759;0.2319;495.1;402.02;150.34;0.0335;4.9756;71.572;0.3727;76.514;0;1;0;0;1.0229;0.9976;1;1;0.9899;0.165;0.9946;0.9969;1;0.9605;0.7746;0.998;0.998;1;0.998;0.998;0.9903;0.9489;0.1276;2.6162;2.7504;0.0166;-0.0018;0.2451;0.0174;0.0618;0.013;0;0;0.088;0;2.2038;0;0;0;0;0;0;0;0;0;0;0;0;0.0498;0.0165;2.332;2.332;0;50.467;50.467;35.627;0.0413;2364.8;986.11;1;0.0402;0.0402;0;0;0;0;0;0;2.2918;2.2038;0;16.98;19.663;16.047;18.582;98.276;98.276;20.909;18.637;17.613;2.2717;1.0246;0.1086;0.049;0.8424;32.888;0.7935;0
25/09/21 13:00;48.666;40.005;30.391;60.515;29.485;90;29.485;824.91;136;688.91;15.16;5.52;0;791.41;41.538;105.21;0;10.15;948.31;0;948.31;791.41;105.21;41.538;10.15;0.8345;0.0545;0;0.0107;937.61;10.698;0;0;1.7992;8.8986;933.08;2.6518;0.9989;0.1328;1.2939;0.2263;935.73;1.8752;1.5828;0.2104;0.0795;0.0025;935.79;788.83;104.87;38.365;1.0222;439.89;357.19;135.15;0.5948;4.355;62.645;2.7057;66.405;0;1;0;0;1.1496;0.9887;1;1;0.9567;0.1233;0.9972;0.9987;1;0.9674;0.8188;0.998;0.998;1;0.998;0.998;0.9839;0.9236;0.1007;2.8478;2.9506;0.0178;-0.0006;0.2975;0.0185;0.0654;0.0112;0;0;0.088;0;2.338;0;0;0;0;0;0;0;0;0;0;0;0;0.0527;0.0189;2.4692;2.4692;0;53.8;53.8;38.64;0.0414;2537.8;972.98;1;0.0433;0.0433;0;0;0;0;0;0;2.426;2.338;0;16.518;19.127;15.64;18.11;98.248;98.248;22.759;19.734;18.685;3.0252;1.0491;0.1329;0.0461;0.821;27.282;0.7823;0
25/09/21 14:00;39.478;56.599;25.145;44.615;45.385;90;45.385;676.89;125.2;551.69;14.77;5.45;0;785.5;38.693;113.54;0;19.141;956.88;0;956.88;785.5;113.54;38.693;19.141;0.8209;0.0604;0;0.02;935.81;21.067;0;0;3.2543;17.812;931.93;2.0117;0.6809;0.0984;1.1541;0.0784;933.94;1.8716;1.571;0.2271;0.0709;0.0027;936.57;783.25;113.22;34.214;1.2477;291.46;236.66;88.662;2.4381;3.0759;44.245;4.6428;44.883;0;1;0;0;1.4136;0.978;1;1;0.9159;0.0694;0.9978;0.9991;1;0.9674;0.9409;0.998;0.998;1;0.998;0.998;0.9739;0.8842;0.0652;2.8735;2.9141;0.0175;-0.0008;0.2892;0.0183;0.0647;0.0079;0;0;0.088;0;2.3159;0;0;0;0;0;0;0;0;0;0;0;0;0.0521;0.0185;2.4467;2.4467;0;53.347;53.347;38.577;0.0414;2508.3;975.46;1;0.0428;0.0428;0;0;0;0;0;0;2.4039;2.3159;0;16.22;18.783;15.353;17.779;98.251;98.251;22.965;19.554;18.509;3.411;1.0452;0.1485;0.0455;0.806;28.899;0.779;0
25/09/21 15:00;28.56;69.057;18.298;30.234;59.766;90;59.766;480;129.2;350.8;14.74;5.2;0;696.68;44.816;138.2;0;22.639;902.33;0;902.33;696.68;138.2;44.816;22.639;0.7721;0.0748;0;0.0251;875.47;26.858;0;0;5.6199;21.238;871.72;2.0003;0.4394;0.0872;1.3807;0.093;873.72;1.7509;1.3934;0.2764;0.0784;0.0028;875.56;694.85;137.83;37.737;1.3047;116.75;94.8;36.805;7.3939;1.5654;22.518;3.8388;16.69;0;1;0;0;1.8798;0.9702;1;1;0.8746;0.0619;0.9977;0.9994;1;0.9647;0.9335;0.998;0.998;1;0.998;0.998;0.9661;0.842;0.0576;2.7097;2.6846;0.0162;-0.002;0.2421;0.017;0.0603;0.0041;0;0;0.088;0;2.1556;0;0;0;0;0;0;0;0;0;0;0;0;0.0485;0.0158;2.2826;2.2826;0;50.747;50.747;36.007;0.0413;2312.7;986.98;1;0.039;0.039;0;0;0;0;0;0;2.2436;2.1556;0;16.047;18.582;15.154;17.548;98.292;98.292;21.656;18.242;17.227;3.4135;1.015;0.1576;0.0469;0.7955;38.908;0.7809;0
25/09/21 16:00;16.769;79.129;45.595;17.058;28.293;90;28.293;254.81;131.4;123.41;14.15;3.85;0;299.3;84.763;100.05;0;2.8918;487.01;0;487.01;299.3;100.05;84.763;2.8918;0.6146;0.18;0;0.0059;481.05;5.9585;0;0;3.4376;2.5208;473.31;6.7772;3.0339;1.0142;2.6595;0.0696;480.08;0.9621;0.5986;0.2001;0.1627;0.0007;473.62;295.66;98.84;78.504;0.3006;56.037;45.502;16.983;1.0477;0.6331;9.1073;0.308;8.6927;0;1;0;0;1.9113;0.9878;1;1;0.9594;0.1283;0.9859;0.9898;1;0.9672;0.8119;0.998;0.998;1;0.998;0.998;0.9719;0.9262;0.1039;1.4625;1.4457;0.0087;0.0071;0.0431;0.0097;0.0344;0.0017;0;0;0.088;0;1.1994;0;0;0;0;0;0;0;0;0;0;0;0;0.0277;0.005;1.3082;1.3082;0;33.454;33.454;19.304;0.0408;1242.9;1052.6;1;0.0209;0.0209;0;0;0;0;0;0;1.2874;1.1994;0;17.041;19.733;15.623;18.091;98.405;98.405;11.688;10.455;9.5853;1.2328;0.8701;0.1055;0.0744;0.8201;55.23;0.8088;0
25/09/21 17:00;5.406;87.475;76.792;5.4112;7.8101;90;7.8101;38.405;37.597;0.8084;12.32;3.0399;0;1.9607;37.187;0.5743;0;0.0338;39.755;0;39.755;1.9607;0.5743;37.187;0.0338;0.0493;0.9362;0;0.0009;39.548;0.2077;0;0;0.1794;0.0283;37.341;2.1276;0.4404;0.129;1.557;0.0012;39.469;0.0791;0.0039;0.0011;0.074;0;37.345;1.5164;0.4442;35.376;0.0043;22.189;18.018;6.3562;0.004;0.248;3.5669;0.0044;3.8109;0;1;0;0;1.0352;0.9948;1;1;0.9952;0.1646;0.9461;0.775;1;0.9578;0.7753;0.998;0.998;1;0.998;0.998;0.9393;0.9513;0.1274;0.1194;0.12;0.0007;0.0122;-0.0049;0.0008;0.0028;0.0007;0;0;0.088;0;0.0126;0;0;0;0;0;0;0;0;0;0;0;0;0.0022;0.0001;0.1054;0.1054;0;13.854;13.854;1.5337;0.0411;100.85;1045;1;0.0048;0.0048;0;0;0;0;0;0;0.1006;0.0126;0;16.817;19.474;2.0026;2.3189;95.405;95.405;0.9541;0.8423;0.1003;0.1118;0.742;0.1172;0.7777;0.1051;22.184;0.0985;0
25/09/21 18:00;0;0;90;0;0;90;0;0;0;0;9.4197;3.15;0;0;0;0;0;0;0;0;0;0;0;0;0;1;1;1;1;0;0;0;0;0;0;0;0;0;0;0;0;0;0;0;0;0;0;0;0;0;0;0;0;0;0;0;0;0;0;0;0;0;0;0;1;1;1;1;1;1;1;1;1;1;1;1;1;1;1;1;1;1;1;0;0;0;0;0;0;0;0;0;0.0004;0.088;0;-0.0884;0;0;0;0;0;0;0;0;0;0;0;0;0;0;0;0;0;0;0;-9.4197;0;0;0;0;0.0004;0;0;0;0;0;0;0;-0.0004;-0.0884;0;0;0;0;0;0;0;0;0;-0.7063;0;0.7063;1;1;0;0;0;0
25/09/21 19:00;0;0;90;0;0;90;0;0;0;0;8.0403;3.3;0;0;0;0;0;0;0;0;0;0;0;0;0;1;1;1;1;0;0;0;0;0;0;0;0;0;0;0;0;0;0;0;0;0;0;0;0;0;0;0;0;0;0;0;0;0;0;0;0;0;0;0;1;1;1;1;1;1;1;1;1;1;1;1;1;1;1;1;1;1;1;0;0;0;0;0;0;0;0;0;0.0004;0.088;0;-0.0884;0;0;0;0;0;0;0;0;0;0;0;0;0;0;0;0;0;0;0;-8.0403;0;0;0;0;0.0004;0;0;0;0;0;0;0;-0.0004;-0.0884;0;0;0;0;0;0;0;0;0;-0.7063;0;0.7063;1;1;0;0;0;0
25/09/21 20:00;0;0;90;0;0;90;0;0;0;0;5.0302;3.3599;0;0;0;0;0;0;0;0;0;0;0;0;0;1;1;1;1;0;0;0;0;0;0;0;0;0;0;0;0;0;0;0;0;0;0;0;0;0;0;0;0;0;0;0;0;0;0;0;0;0;0;0;1;1;1;1;1;1;1;1;1;1;1;1;1;1;1;1;1;1;1;0;0;0;0;0;0;0;0;0;0.0004;0.088;0;-0.0884;0;0;0;0;0;0;0;0;0;0;0;0;0;0;0;0;0;0;0;-5.0302;0;0;0;0;0.0004;0;0;0;0;0;0;0;-0.0004;-0.0884;0;0;0;0;0;0;0;0;0;-0.7063;0;0.7063;1;1;0;0;0;0
25/09/21 21:00;0;0;90;0;0;90;0;0;0;0;4.1401;3.31;0;0;0;0;0;0;0;0;0;0;0;0;0;1;1;1;1;0;0;0;0;0;0;0;0;0;0;0;0;0;0;0;0;0;0;0;0;0;0;0;0;0;0;0;0;0;0;0;0;0;0;0;1;1;1;1;1;1;1;1;1;1;1;1;1;1;1;1;1;1;1;0;0;0;0;0;0;0;0;0;0.0004;0.088;0;-0.0884;0;0;0;0;0;0;0;0;0;0;0;0;0;0;0;0;0;0;0;-4.1401;0;0;0;0;0.0004;0;0;0;0;0;0;0;-0.0004;-0.0884;0;0;0;0;0;0;0;0;0;-0.7063;0;0.7063;1;1;0;0;0;0
25/09/21 22:00;0;0;90;0;0;90;0;0;0;0;2.3598;3.05;0;0;0;0;0;0;0;0;0;0;0;0;0;1;1;1;1;0;0;0;0;0;0;0;0;0;0;0;0;0;0;0;0;0;0;0;0;0;0;0;0;0;0;0;0;0;0;0;0;0;0;0;1;1;1;1;1;1;1;1;1;1;1;1;1;1;1;1;1;1;1;0;0;0;0;0;0;0;0;0;0.0004;0.088;0;-0.0884;0;0;0;0;0;0;0;0;0;0;0;0;0;0;0;0;0;0;0;-2.3598;0;0;0;0;0.0004;0;0;0;0;0;0;0;-0.0004;-0.0884;0;0;0;0;0;0;0;0;0;-0.7063;0;0.7063;1;1;0;0;0;0
25/09/21 23:00;0;0;90;0;0;90;0;0;0;0;1.1001;2.7199;0;0;0;0;0;0;0;0;0;0;0;0;0;1;1;1;1;0;0;0;0;0;0;0;0;0;0;0;0;0;0;0;0;0;0;0;0;0;0;0;0;0;0;0;0;0;0;0;0;0;0;0;1;1;1;1;1;1;1;1;1;1;1;1;1;1;1;1;1;1;1;0;0;0;0;0;0;0;0;0;0.0004;0.088;0;-0.0884;0;0;0;0;0;0;0;0;0;0;0;0;0;0;0;0;0;0;0;-1.1001;0;0;0;0;0.0004;0;0;0;0;0;0;0;-0.0004;-0.0884;0;0;0;0;0;0;0;0;0;-0.7063;0;0.7063;1;1;0;0;0;0
26/09/21 00:00;0;0;90;0;0;90;0;0;0;0;0.8003;2.5301;0;0;0;0;0;0;0;0;0;0;0;0;0;1;1;1;1;0;0;0;0;0;0;0;0;0;0;0;0;0;0;0;0;0;0;0;0;0;0;0;0;0;0;0;0;0;0;0;0;0;0;0;1;1;1;1;1;1;1;1;1;1;1;1;1;1;1;1;1;1;1;0;0;0;0;0;0;0;0;0;0.0004;0.088;0;-0.0884;0;0;0;0;0;0;0;0;0;0;0;0;0;0;0;0;0;0;0;-0.8003;0;0;0;0;0.0004;0;0;0;0;0;0;0;-0.0004;-0.0884;0;0;0;0;0;0;0;0;0;-0.7063;0;0.7063;1;1;0;0;0;0
26/09/21 01:00;0;0;90;0;0;90;0;0;0;0;0.2;2.6101;0;0;0;0;0;0;0;0;0;0;0;0;0;1;1;1;1;0;0;0;0;0;0;0;0;0;0;0;0;0;0;0;0;0;0;0;0;0;0;0;0;0;0;0;0;0;0;0;0;0;0;0;1;1;1;1;1;1;1;1;1;1;1;1;1;1;1;1;1;1;1;0;0;0;0;0;0;0;0;0;0.0004;0.088;0;-0.0884;0;0;0;0;0;0;0;0;0;0;0;0;0;0;0;0;0;0;0;-0.2;0;0;0;0;0.0004;0;0;0;0;0;0;0;-0.0004;-0.0884;0;0;0;0;0;0;0;0;0;-0.7063;0;0.7063;1;1;0;0;0;0
26/09/21 02:00;0;0;90;0;0;90;0;0;0;0;-0.0001;2.8799;0;0;0;0;0;0;0;0;0;0;0;0;0;1;1;1;1;0;0;0;0;0;0;0;0;0;0;0;0;0;0;0;0;0;0;0;0;0;0;0;0;0;0;0;0;0;0;0;0;0;0;0;1;1;1;1;1;1;1;1;1;1;1;1;1;1;1;1;1;1;1;0;0;0;0;0;0;0;0;0;0.0004;0.088;0;-0.0884;0;0;0;0;0;0;0;0;0;0;0;0;0;0;0;0;0;0;0;0.0001;0;0;0;0;0.0004;0;0;0;0;0;0;0;-0.0004;-0.0884;0;0;0;0;0;0;0;0;0;-0.7063;0;0.7063;1;1;0;0;0;0
26/09/21 03:00;0;0;90;0;0;90;0;0;0;0;-0.5;3.2501;0;0;0;0;0;0;0;0;0;0;0;0;0;1;1;1;1;0;0;0;0;0;0;0;0;0;0;0;0;0;0;0;0;0;0;0;0;0;0;0;0;0;0;0;0;0;0;0;0;0;0;0;1;1;1;1;1;1;1;1;1;1;1;1;1;1;1;1;1;1;1;0;0;0;0;0;0;0;0;0;0.0004;0.088;0;-0.0884;0;0;0;0;0;0;0;0;0;0;0;0;0;0;0;0;0;0;0;0.5;0;0;0;0;0.0004;0;0;0;0;0;0;0;-0.0004;-0.0884;0;0;0;0;0;0;0;0;0;-0.7063;0;0.7063;1;1;0;0;0;0
26/09/21 04:00;0;0;90;0;0;90;0;0;0;0;-0.5;3.6699;0;0;0;0;0;0;0;0;0;0;0;0;0;1;1;1;1;0;0;0;0;0;0;0;0;0;0;0;0;0;0;0;0;0;0;0;0;0;0;0;0;0;0;0;0;0;0;0;0;0;0;0;1;1;1;1;1;1;1;1;1;1;1;1;1;1;1;1;1;1;1;0;0;0;0;0;0;0;0;0;0.0004;0.088;0;-0.0884;0;0;0;0;0;0;0;0;0;0;0;0;0;0;0;0;0;0;0;0.5;0;0;0;0;0.0004;0;0;0;0;0;0;0;-0.0004;-0.0884;0;0;0;0;0;0;0;0;0;-0.7063;0;0.7063;1;1;0;0;0;0
26/09/21 05:00;1.6194;-90.622;86.07;1.6195;2.3107;-90;-2.3107;0;0;0;-0.74;4.04;0;0;0;0;0;0;0;0;0;0;0;0;0;1;1;1;1;0;0;0;0;0;0;0;0;0;0;0;0;0;0;0;0;0;0;0;0;0;0;0;0;0;0;0;0;0;0;0;0;0;0;0;1;1;1;1;1;1;1;1;1;1;1;1;1;1;1;1;1;1;1;0;0;0;0;0;0;0;0;0;0.0004;0.088;0;-0.0884;0;0;0;0;0;0;0;0;0;0;0;0;0;0;0;0;0;0;0;0.74;0;0;0;0;0.0004;0;0;0;0;0;0;0;-0.0004;-0.0884;0;0;0;0;0;0;0;0;0;-0.7063;0;0.7063;1;1;0;0;0;0
26/09/21 06:00;9.1769;-85.266;67.245;9.2078;13.627;-90;-13.627;142.7;23.601;119.1;1.1998;4.8;0;288.85;10.522;31.357;0;0.3816;331.11;0;331.11;288.85;31.357;10.522;0.3816;0.8724;0.0329;0;0.0012;330.66;0.4463;0;0;0.1281;0.3181;304.1;25.901;22.99;2.4958;0.4001;0.0142;330;0.6613;0.5777;0.0627;0.0208;0.0001;304.11;265.28;28.799;9.9726;0.0491;7.0197;5.7;2.1349;0.0097;0.0709;1.0203;0.0059;1.0815;0;1;0;0;2.3203;0.9987;1;1;0.9878;0.1664;0.9215;0.9202;1;0.9614;0.7754;0.998;0.998;1;0.998;0.998;0.9184;0.9478;0.1287;0.9943;0.9181;0.0055;0.0145;-0.0374;0.0065;0.0232;0.0002;0;0;0.088;0;0.7811;0;0;0;0;0;0;0;0;0;0;0;0;0.0187;0.0022;0.8846;0.8846;0;13.428;13.428;12.228;0.0402;785.73;1125.8;1;0.0154;0.0154;0;0;0;0;0;0;0.8691;0.7811;0;16.947;19.624;14.965;17.329;98.255;98.255;7.9466;7.0693;6.2427;0.8773;0.8266;0.1104;0.104;0.7856;6.3728;0.7838;0
26/09/21 07:00;21.272;-76.058;28.372;21.858;42.689;-90;-42.689;344.59;56.901;287.69;6.2899;6.0599;0;697.73;20.648;80.278;0;8.6735;807.33;0;807.33;697.73;80.278;20.648;8.6735;0.8642;0.0363;0;0.0107;797.73;9.595;0;0;1.5853;8.0098;794.71;1.4266;0.6824;0.0785;0.6173;0.0483;796.14;1.5955;1.3955;0.1606;0.0381;0.0013;794.93;695.65;80.038;18.407;0.614;16.623;13.498;5.5299;1.0537;0.2041;2.9364;0.2192;2.0868;0;1;0;0;2.3429;0.9881;1;1;0.9232;0.0765;0.9982;0.999;1;0.9676;0.927;0.998;0.998;1;0.998;0.998;0.9844;0.8915;0.0708;2.4244;2.4004;0.0145;-0.002;0.1152;0.0159;0.0564;0.0006;0;0;0.088;0;2.0171;0;0;0;0;0;0;0;0;0;0;0;0;0.0454;0.0127;2.1417;2.1417;0;38.794;38.794;32.504;0.0409;2062.9;1038.2;1;0.0366;0.0366;0;0;0;0;0;0;2.1051;2.0171;0;16.828;19.487;15.849;18.353;98.292;98.292;19.376;17.116;16.121;2.2597;0.9956;0.1166;0.0514;0.832;15.051;0.8297;0
26/09/21 08:00;32.845;-65.314;20.541;35.394;54.606;-90;-54.606;558.01;92.103;465.9;10.19;5.77;0;804.4;26.896;100.21;0;22.307;953.82;0;953.82;804.4;100.21;26.896;22.307;0.8434;0.0516;0;0.0234;929.96;23.852;0;0;2.9532;20.899;926.59;1.512;0.5696;0.071;0.8122;0.0593;928.1;1.8599;1.6088;0.2004;0.0479;0.0028;930.93;802.22;99.937;23.083;1.3463;174.81;141.95;51.531;3.2247;2.0666;29.727;4.3395;28.569;0;1;0;0;1.7093;0.975;1;1;0.8902;0.0631;0.9984;0.9993;1;0.966;0.9578;0.998;0.998;1;0.998;0.998;0.9715;0.8582;0.0604;2.8643;2.8665;0.0173;-0.0012;0.2341;0.0183;0.065;0.0054;0;0;0.088;0;2.3259;0;0;0;0;0;0;0;0;0;0;0;0;0.0523;0.0179;2.4575;2.4575;0;48.389;48.389;38.199;0.0412;2467.9;995.76;1;0.0436;0.0436;0;0;0;0;0;0;2.4139;2.3259;0;16.344;18.926;15.469;17.913;98.227;98.227;22.892;19.64;18.589;3.2514;1.0515;0.142;0.0459;0.812;22.033;0.7935;0
26/09/21 09:00;43.311;-51.606;26.866;50.261;39.739;-90;-39.739;734.4;121.2;613.2;12.93;4.9499;0;797.44;36.9;103.36;0;16.119;953.82;0;953.82;797.44;103.36;36.9;16.119;0.8361;0.0556;0;0.0169;936.5;17.323;0;0;2.5496;14.773;932.56;2.0688;0.7385;0.0957;1.1091;0.1254;934.63;1.873;1.5949;0.2067;0.0687;0.0027;936.87;795.11;103.06;33.173;1.2176;349.31;283.64;107.91;1.4736;3.4853;50.135;4.3159;52.146;0;1;0;0;1.2988;0.9818;1;1;0.9309;0.0835;0.9978;0.9991;1;0.9676;0.9066;0.998;0.998;1;0.998;0.998;0.9777;0.899;0.0755;2.8643;2.9274;0.0176;-0.0007;0.271;0.0185;0.0655;0.009;0;0;0.088;0;2.3435;0;0;0;0;0;0;0;0;0;0;0;0;0.0528;0.0186;2.4752;2.4752;0;51.474;51.474;38.544;0.0413;2518.9;982.63;1;0.0437;0.0437;0;0;0;0;0;0;2.4315;2.3435;0;16.462;19.062;15.586;18.048;98.236;98.236;22.892;19.782;18.729;3.11;1.0523;0.1359;0.046;0.8182;26.227;0.7872;0
26/09/21 10:00;51.61;-33.014;31.382;66.651;23.349;-90;-23.349;851.4;140.5;710.89;14.45;4.28;0;774.3;45.094;101.82;0;6.6237;927.84;0;927.84;774.3;101.82;45.094;6.6237;0.8345;0.0557;0;0.0071;920.87;6.97;0;0;1.3419;5.6281;915.74;3.2902;1.4255;0.1875;1.4691;0.2081;919.03;1.8417;1.5486;0.2036;0.0875;0.002;917.42;771.33;101.43;42.196;0.7855;473.41;384.41;142.98;0.2844;4.8243;69.395;1.6805;73.935;0;1;0;0;1.0898;0.9925;1;1;0.9702;0.1503;0.9964;0.9982;1;0.9664;0.7905;0.998;0.998;1;0.998;0.998;0.987;0.9357;0.1186;2.7863;2.9095;0.0175;-0.0009;0.2781;0.0183;0.0649;0.0125;0;0;0.088;0;2.3175;0;0;0;0;0;0;0;0;0;0;0;0;0.0523;0.0184;2.4484;2.4484;0;52.325;52.325;37.875;0.0414;2501.9;978.6;1;0.0429;0.0429;0;0;0;0;0;0;2.4055;2.3175;0;16.739;19.384;15.844;18.347;98.248;98.248;22.268;19.567;18.521;2.7009;1.0462;0.1213;0.047;0.8317;28.511;0.7876;0
26/09/21 11:00;56.017;-8.5766;33.552;84.26;5.7404;-90;-5.7404;968;159.7;808.3;16.14;3.8399;0;812.37;45.387;114.77;0;0.4612;972.99;0;972.99;812.37;114.77;45.387;0.4612;0.8349;0.0471;0;0.0005;972.48;0.5178;0;0;0.1326;0.3853;965.68;4.852;2.5244;0.3567;1.954;0.0169;970.53;1.945;1.6247;0.2295;0.0905;0.0002;965.73;808.22;114.19;43.209;0.0588;569.07;462.09;174.23;0.0012;5.6239;80.898;0.0533;86.52;0;1;0;0;1.0052;0.9995;1;1;0.9971;0.1646;0.995;0.9969;1;0.9567;0.7763;0.998;0.998;1;0.998;0.998;0.9925;0.952;0.1275;2.9219;3.0792;0.0185;0.0007;0.3365;0.0191;0.0676;0.0143;0;0;0.088;0;2.4147;0;0;0;0;0;0;0;0;0;0;0;0;0.0544;0.0205;2.5476;2.5476;0;56.21;56.21;40.07;0.0415;2646;962.79;1;0.0449;0.0449;0;0;0;0;0;0;2.5027;2.4147;0;16.61;19.233;15.743;18.23;98.236;98.236;23.352;20.36;19.298;2.9915;1.0624;0.1281;0.0455;0.8264;26.981;0.778;0
26/09/21 12:00;54.994;18.005;33.064;77.785;12.215;90;12.215;985.89;162.7;823.19;15.79;3.5099;0;842.26;42.264;122.73;0;2.1205;1009.4;0;1009.4;842.26;122.73;42.264;2.1205;0.8344;0.044;0;0.0021;1007.2;2.1997;0;0;0.4292;1.7705;1000.7;4.4507;2.3773;0.3464;1.6482;0.0787;1005.2;2.0144;1.6845;0.2455;0.0837;0.0007;1001.1;838.2;122.14;40.103;0.2706;572.69;465.03;174.12;0.0265;5.7405;82.575;0.4362;88.289;0;1;0;0;1.0238;0.9978;1;1;0.9898;0.165;0.9956;0.9972;1;0.9605;0.7746;0.998;0.998;1;0.998;0.998;0.9914;0.9489;0.1276;3.0312;3.1894;0.0192;0.0022;0.3612;0.0196;0.0697;0.0145;0;0;0.088;0;2.4904;0;0;0;0;0;0;0;0;0;0;0;0;0.0561;0.0219;2.6251;2.6251;0;57.355;57.355;41.565;0.0415;2739.6;958.19;1;0.0467;0.0467;0;0;0;0;0;0;2.5784;2.4904;0;16.498;19.104;15.651;18.124;98.221;98.221;24.225;20.98;19.903;3.2455;1.0765;0.134;0.0444;0.8216;25.487;0.7742;0
26/09/21 13:00;48.95;40.432;29.992;60.544;29.456;90;29.456;806.8;138.8;668;16.43;3.1801;0;767.17;45.467;103.58;0;9.908;926.13;0;926.13;767.17;103.58;45.467;9.908;0.8284;0.0598;0;0.0107;915.47;10.652;0;0;1.9664;8.6856;911.11;2.538;0.7932;0.1071;1.4165;0.2213;913.64;1.8309;1.5343;0.2072;0.087;0.0024;913.75;764.84;103.27;41.997;0.9986;430.78;349.79;132.33;0.6486;4.2705;61.43;2.6433;65.052;0;1;0;0;1.1479;0.9885;1;1;0.9568;0.1234;0.9972;0.999;1;0.9674;0.8186;0.998;0.998;1;0.998;0.998;0.9838;0.9237;0.1008;2.7812;2.8816;0.0173;-0.0011;0.2945;0.018;0.0638;0.011;0;0;0.088;0;2.2788;0;0;0;0;0;0;0;0;0;0;0;0;0.0514;0.0181;2.4086;2.4086;0;54.171;54.171;37.741;0.0414;2478.9;971.63;1;0.0417;0.0417;0;0;0;0;0;0;2.3668;2.2788;0;16.498;19.104;15.609;18.075;98.267;98.267;22.227;19.25;18.213;2.9775;1.0369;0.134;0.0467;0.8194;29.856;0.7806;0
26/09/21 14:00;39.701;57.029;24.753;44.701;45.299;90;45.299;695.49;120.2;575.29;16.6;2.84;0;817.86;34.739;112.9;0;19.596;985.1;0;985.1;817.86;112.9;34.739;19.596;0.8302;0.0552;0;0.0199;963.95;21.147;0;0;2.9137;18.233;960.11;1.9113;0.6979;0.0963;1.0361;0.081;962.02;1.9279;1.6357;0.2258;0.0637;0.0027;964.84;815.53;112.58;30.725;1.2794;298.74;242.57;90.832;2.1753;3.1346;45.09;4.7319;46.049;0;1;0;0;1.4164;0.9785;1;1;0.9161;0.0696;0.998;0.9991;1;0.9674;0.9405;0.998;0.998;1;0.998;0.998;0.9746;0.8845;0.0653;2.9582;3.0011;0.0181;-0.0001;0.3308;0.0186;0.0658;0.008;0;0;0.088;0;2.3559;0;0;0;0;0;0;0;0;0;0;0;0;0.053;0.0195;2.4874;2.4874;0;56.447;56.447;39.847;0.0415;2582.6;963.15;1;0.0435;0.0435;0;0;0;0;0;0;2.4439;2.3559;0;16.018;18.548;15.171;17.568;98.253;98.253;23.642;19.879;18.829;3.763;1.0507;0.1592;0.0444;0.7964;25.924;0.77;0
26/09/21 15:00;28.742;69.462;17.915;30.356;59.644;90;59.644;481;131.7;349.3;16.6;2.5301;0;691.16;46.308;138.86;0;22.602;898.94;0;898.94;691.16;138.86;46.308;22.602;0.7689;0.0767;0;0.0251;871.94;26.995;0;0;5.7897;21.205;868.17;2.03;0.4268;0.0858;1.4258;0.0916;870.2;1.7439;1.3823;0.2777;0.081;0.0028;872.02;689.35;138.5;39.011;1.3023;119.06;96.679;37.733;7.5841;1.5864;22.82;3.8542;16.822;0;1;0;0;1.8689;0.97;1;1;0.875;0.0618;0.9977;0.9994;1;0.9647;0.9343;0.998;0.998;1;0.998;0.998;0.9658;0.8424;0.0576;2.6995;2.6745;0.0161;-0.002;0.2581;0.0168;0.0596;0.0041;0;0;0.088;0;2.1319;0;0;0;0;0;0;0;0;0;0;0;0;0.048;0.0157;2.2581;2.2581;0;52.513;52.513;35.913;0.0414;2304.5;979.88;1;0.0382;0.0382;0;0;0;0;0;0;2.2199;2.1319;0;15.935;18.452;15.044;17.421;98.307;98.307;21.575;18.047;17.038;3.5277;1.0088;0.1635;0.0468;0.7897;40.145;0.775;0
26/09/21 16:00;16.929;79.512;45.073;17.2;28.621;90;28.621;255.9;133.3;122.6;16.17;1.54;0;297.35;86.497;99.857;0;2.9706;486.68;0;486.68;297.35;99.857;86.497;2.9706;0.611;0.1838;0;0.0061;480.51;6.1667;0;0;3.5731;2.5936;472.86;6.6837;2.9236;0.9818;2.7083;0.0701;479.55;0.961;0.5947;0.1997;0.1658;0.0008;473.21;293.83;98.675;80.049;0.3061;57.284;46.515;16.857;1.1129;0.6827;9.8204;0.3418;9.3902;0;1;0;0;1.9018;0.9873;1;1;0.9587;0.1269;0.9861;0.9901;1;0.9673;0.8137;0.998;0.998;1;0.998;0.998;0.9716;0.9255;0.1031;1.4615;1.4459;0.0087;0.0071;0.0536;0.0096;0.0342;0.0019;0;0;0.088;0;1.1899;0;0;0;0;0;0;0;0;0;0;0;0;0.0275;0.005;1.2984;1.2984;0;35.488;35.488;19.318;0.0409;1243.5;1044.2;1;0.0206;0.0206;0;0;0;0;0;0;1.2779;1.1899;0;16.925;19.599;15.509;17.96;98.415;98.415;11.68;10.377;9.5094;1.303;0.8678;0.1116;0.0743;0.8141;56.482;0.802;0
26/09/21 17:00;5.5574;87.846;76.416;5.5613;8.0325;90;8.0325;39.694;38.901;0.7937;13.79;1.64;0;1.9249;38.477;0.5672;0;0.037;41.006;0;41.006;1.9249;0.5672;38.477;0.037;0.0469;0.9392;0;0.0009;40.781;0.2253;0;0;0.1944;0.0309;38.555;2.1445;0.4151;0.1223;1.6058;0.0014;40.699;0.0816;0.0038;0.0011;0.0766;0;38.56;1.506;0.4438;36.6;0.0047;22.969;18.651;6.5809;0.0046;0.2566;3.6916;0.005;3.9436;0;1;0;0;1.033;0.9945;1;1;0.9949;0.1647;0.9473;0.7839;1;0.958;0.7752;0.998;0.998;1;0.998;0.998;0.9402;0.9512;0.1274;0.1231;0.1239;0.0007;0.0124;-0.0044;0.0008;0.0029;0.0007;0;0;0.088;0;0.0155;0;0;0;0;0;0;0;0;0;0;0;0;0.0023;0.0001;0.1084;0.1084;0;15.375;15.375;1.5849;0.0411;104.24;1039.8;1;0.0049;0.0049;0;0;0;0;0;0;0.1035;0.0155;0;16.768;19.417;2.3987;2.7777;95.494;95.494;0.9841;0.8663;0.1239;0.1179;0.7423;0.1198;0.7543;0.1259;22.964;0.118;0
26/09/21 18:00;0;0;90;0;0;90;0;0;0;0;10.13;2.18;0;0;0;0;0;0;0;0;0;0;0;0;0;1;1;1;1;0;0;0;0;0;0;0;0;0;0;0;0;0;0;0;0;0;0;0;0;0;0;0;0;0;0;0;0;0;0;0;0;0;0;0;1;1;1;1;1;1;1;1;1;1;1;1;1;1;1;1;1;1;1;0;0;0;0;0;0;0;0;0;0.0004;0.088;0;-0.0884;0;0;0;0;0;0;0;0;0;0;0;0;0;0;0;0;0;0;0;-10.13;0;0;0;0;0.0004;0;0;0;0;0;0;0;-0.0004;-0.0884;0;0;0;0;0;0;0;0;0;-0.7063;0;0.7063;1;1;0;0;0;0
26/09/21 19:00;0;0;90;0;0;90;0;0;0;0;7.2;2.8501;0;0;0;0;0;0;0;0;0;0;0;0;0;1;1;1;1;0;0;0;0;0;0;0;0;0;0;0;0;0;0;0;0;0;0;0;0;0;0;0;0;0;0;0;0;0;0;0;0;0;0;0;1;1;1;1;1;1;1;1;1;1;1;1;1;1;1;1;1;1;1;0;0;0;0;0;0;0;0;0;0.0004;0.088;0;-0.0884;0;0;0;0;0;0;0;0;0;0;0;0;0;0;0;0;0;0;0;-7.2;0;0;0;0;0.0004;0;0;0;0;0;0;0;-0.0004;-0.0884;0;0;0;0;0;0;0;0;0;-0.7063;0;0.7063;1;1;0;0;0;0
26/09/21 20:00;0;0;90;0;0;90;0;0;0;0;9.9701;3.8101;0;0;0;0;0;0;0;0;0;0;0;0;0;1;1;1;1;0;0;0;0;0;0;0;0;0;0;0;0;0;0;0;0;0;0;0;0;0;0;0;0;0;0;0;0;0;0;0;0;0;0;0;1;1;1;1;1;1;1;1;1;1;1;1;1;1;1;1;1;1;1;0;0;0;0;0;0;0;0;0;0.0004;0.088;0;-0.0884;0;0;0;0;0;0;0;0;0;0;0;0;0;0;0;0;0;0;0;-9.9701;0;0;0;0;0.0004;0;0;0;0;0;0;0;-0.0004;-0.0884;0;0;0;0;0;0;0;0;0;-0.7063;0;0.7063;1;1;0;0;0;0
26/09/21 21:00;0;0;90;0;0;90;0;0;0;0;10.58;4.7799;0;0;0;0;0;0;0;0;0;0;0;0;0;1;1;1;1;0;0;0;0;0;0;0;0;0;0;0;0;0;0;0;0;0;0;0;0;0;0;0;0;0;0;0;0;0;0;0;0;0;0;0;1;1;1;1;1;1;1;1;1;1;1;1;1;1;1;1;1;1;1;0;0;0;0;0;0;0;0;0;0.0004;0.088;0;-0.0884;0;0;0;0;0;0;0;0;0;0;0;0;0;0;0;0;0;0;0;-10.58;0;0;0;0;0.0004;0;0;0;0;0;0;0;-0.0004;-0.0884;0;0;0;0;0;0;0;0;0;-0.7063;0;0.7063;1;1;0;0;0;0
26/09/21 22:00;0;0;90;0;0;90;0;0;0;0;9.9801;5.22;0;0;0;0;0;0;0;0;0;0;0;0;0;1;1;1;1;0;0;0;0;0;0;0;0;0;0;0;0;0;0;0;0;0;0;0;0;0;0;0;0;0;0;0;0;0;0;0;0;0;0;0;1;1;1;1;1;1;1;1;1;1;1;1;1;1;1;1;1;1;1;0;0;0;0;0;0;0;0;0;0.0004;0.088;0;-0.0884;0;0;0;0;0;0;0;0;0;0;0;0;0;0;0;0;0;0;0;-9.9801;0;0;0;0;0.0004;0;0;0;0;0;0;0;-0.0004;-0.0884;0;0;0;0;0;0;0;0;0;-0.7063;0;0.7063;1;1;0;0;0;0
26/09/21 23:00;0;0;90;0;0;90;0;0;0;0;8.2397;5.15;0;0;0;0;0;0;0;0;0;0;0;0;0;1;1;1;1;0;0;0;0;0;0;0;0;0;0;0;0;0;0;0;0;0;0;0;0;0;0;0;0;0;0;0;0;0;0;0;0;0;0;0;1;1;1;1;1;1;1;1;1;1;1;1;1;1;1;1;1;1;1;0;0;0;0;0;0;0;0;0;0.0004;0.088;0;-0.0884;0;0;0;0;0;0;0;0;0;0;0;0;0;0;0;0;0;0;0;-8.2397;0;0;0;0;0.0004;0;0;0;0;0;0;0;-0.0004;-0.0884;0;0;0;0;0;0;0;0;0;-0.7063;0;0.7063;1;1;0;0;0;0
27/09/21 00:00;0;0;90;0;0;90;0;0;0;0;7.66;4.7799;0;0;0;0;0;0;0;0;0;0;0;0;0;1;1;1;1;0;0;0;0;0;0;0;0;0;0;0;0;0;0;0;0;0;0;0;0;0;0;0;0;0;0;0;0;0;0;0;0;0;0;0;1;1;1;1;1;1;1;1;1;1;1;1;1;1;1;1;1;1;1;0;0;0;0;0;0;0;0;0;0.0004;0.088;0;-0.0884;0;0;0;0;0;0;0;0;0;0;0;0;0;0;0;0;0;0;0;-7.66;0;0;0;0;0.0004;0;0;0;0;0;0;0;-0.0004;-0.0884;0;0;0;0;0;0;0;0;0;-0.7063;0;0.7063;1;1;0;0;0;0
27/09/21 01:00;0;0;90;0;0;90;0;0;0;0;7.89;4.4501;0;0;0;0;0;0;0;0;0;0;0;0;0;1;1;1;1;0;0;0;0;0;0;0;0;0;0;0;0;0;0;0;0;0;0;0;0;0;0;0;0;0;0;0;0;0;0;0;0;0;0;0;1;1;1;1;1;1;1;1;1;1;1;1;1;1;1;1;1;1;1;0;0;0;0;0;0;0;0;0;0.0004;0.088;0;-0.0884;0;0;0;0;0;0;0;0;0;0;0;0;0;0;0;0;0;0;0;-7.89;0;0;0;0;0.0004;0;0;0;0;0;0;0;-0.0004;-0.0884;0;0;0;0;0;0;0;0;0;-0.7063;0;0.7063;1;1;0;0;0;0
27/09/21 02:00;0;0;90;0;0;90;0;0;0;0;7.67;4.41;0;0;0;0;0;0;0;0;0;0;0;0;0;1;1;1;1;0;0;0;0;0;0;0;0;0;0;0;0;0;0;0;0;0;0;0;0;0;0;0;0;0;0;0;0;0;0;0;0;0;0;0;1;1;1;1;1;1;1;1;1;1;1;1;1;1;1;1;1;1;1;0;0;0;0;0;0;0;0;0;0.0004;0.088;0;-0.0884;0;0;0;0;0;0;0;0;0;0;0;0;0;0;0;0;0;0;0;-7.67;0;0;0;0;0.0004;0;0;0;0;0;0;0;-0.0004;-0.0884;0;0;0;0;0;0;0;0;0;-0.7063;0;0.7063;1;1;0;0;0;0
27/09/21 03:00;0;0;90;0;0;90;0;0;0;0;6.3298;4.64;0;0;0;0;0;0;0;0;0;0;0;0;0;1;1;1;1;0;0;0;0;0;0;0;0;0;0;0;0;0;0;0;0;0;0;0;0;0;0;0;0;0;0;0;0;0;0;0;0;0;0;0;1;1;1;1;1;1;1;1;1;1;1;1;1;1;1;1;1;1;1;0;0;0;0;0;0;0;0;0;0.0004;0.088;0;-0.0884;0;0;0;0;0;0;0;0;0;0;0;0;0;0;0;0;0;0;0;-6.3298;0;0;0;0;0.0004;0;0;0;0;0;0;0;-0.0004;-0.0884;0;0;0;0;0;0;0;0;0;-0.7063;0;0.7063;1;1;0;0;0;0
27/09/21 04:00;0;0;90;0;0;90;0;0;0;0;6.8198;4.57;0;0;0;0;0;0;0;0;0;0;0;0;0;1;1;1;1;0;0;0;0;0;0;0;0;0;0;0;0;0;0;0;0;0;0;0;0;0;0;0;0;0;0;0;0;0;0;0;0;0;0;0;1;1;1;1;1;1;1;1;1;1;1;1;1;1;1;1;1;1;1;0;0;0;0;0;0;0;0;0;0.0004;0.088;0;-0.0884;0;0;0;0;0;0;0;0;0;0;0;0;0;0;0;0;0;0;0;-6.8198;0;0;0;0;0.0004;0;0;0;0;0;0;0;-0.0004;-0.0884;0;0;0;0;0;0;0;0;0;-0.7063;0;0.7063;1;1;0;0;0;0
27/09/21 05:00;1.7111;-91.033;85.847;1.7114;2.4422;-90;-2.4422;0;0;0;6.74;4.56;0;0;0;0;0;0;0;0;0;0;0;0;0;1;1;1;1;0;0;0;0;0;0;0;0;0;0;0;0;0;0;0;0;0;0;0;0;0;0;0;0;0;0;0;0;0;0;0;0;0;0;0;1;1;1;1;1;1;1;1;1;1;1;1;1;1;1;1;1;1;1;0;0;0;0;0;0;0;0;0;0.0004;0.088;0;-0.0884;0;0;0;0;0;0;0;0;0;0;0;0;0;0;0;0;0;0;0;-6.74;0;0;0;0;0.0004;0;0;0;0;0;0;0;-0.0004;-0.0884;0;0;0;0;0;0;0;0;0;-0.7063;0;0.7063;1;1;0;0;0;0
27/09/21 06:00;9.4742;-85.535;66.471;9.5025;14.1;-90;-14.1;131.1;21.599;109.5;8.2298;5.4199;0;265.56;10.898;25.548;0;0.3752;302.38;0;302.38;265.56;25.548;10.898;0.3752;0.8782;0.0373;0;0.0012;301.93;0.4534;0;0;0.1405;0.3129;279.64;21.687;19.396;1.866;0.4108;0.014;301.33;0.6039;0.5311;0.0511;0.0215;0.0001;279.65;245.64;23.631;10.325;0.0483;7.1993;5.8458;2.1782;0.0114;0.0736;1.0583;0.0067;1.1205;0;1;0;0;2.3066;0.9985;1;1;0.9871;0.1662;0.928;0.9268;1;0.9617;0.7756;0.998;0.998;1;0.998;0.998;0.9248;0.9474;0.1287;0.9081;0.8445;0.0051;0.0154;-0.0163;0.0059;0.0209;0.0002;0;0;0.088;0;0.6929;0;0;0;0;0;0;0;0;0;0;0;0;0.0168;0.0019;0.7947;0.7947;0;19.538;19.538;11.308;0.0404;723.22;1098.8;1;0.0137;0.0137;0;0;0;0;0;0;0.7809;0.6929;0;16.672;19.305;14.537;16.834;98.271;98.271;7.2572;6.3512;5.538;0.9061;0.8131;0.1249;0.112;0.7631;6.6112;0.7611;0
27/09/21 07:00;21.578;-76.332;26.88;22.147;43.96;-90;-43.96;347.89;57.799;290.09;11.31;5.8801;0;703.56;20.959;81.066;0;9.2596;814.84;0;814.84;703.56;81.066;20.959;9.2596;0.8634;0.0371;0;0.0114;804.59;10.253;0;0;1.6796;8.5738;801.58;1.3976;0.6519;0.0751;0.6257;0.0448;802.98;1.6092;1.4071;0.1621;0.0386;0.0014;801.82;701.5;80.829;18.615;0.6396;17.037;13.834;5.69;1.1831;0.2145;3.0851;0.2409;2.1165;0;1;0;0;2.3422;0.9874;1;1;0.9199;0.0741;0.9983;0.9991;1;0.9675;0.9345;0.998;0.998;1;0.998;0.998;0.9837;0.8882;0.0691;2.447;2.4215;0.0146;-0.002;0.1628;0.0157;0.0558;0.0006;0;0;0.088;0;1.9927;0;0;0;0;0;0;0;0;0;0;0;0;0.0449;0.013;2.1161;2.1161;0;44.243;44.243;32.933;0.0411;2084.7;1015.1;1;0.0354;0.0354;0;0;0;0;0;0;2.0807;1.9927;0;16.474;19.077;15.513;17.964;98.325;98.325;19.556;16.912;15.926;2.644;0.9866;0.1352;0.0504;0.8144;15.452;0.812;0
27/09/21 08:00;33.171;-65.589;20.238;35.671;54.329;-90;-54.329;566.89;93.5;473.39;13.51;5.23;0;811.81;27.062;101.71;0;22.45;963.03;0;963.03;811.81;101.71;27.062;22.45;0.843;0.0514;0;0.0233;939.05;23.981;0;0;2.9495;21.031;935.66;1.5127;0.5664;0.071;0.8165;0.0589;937.17;1.8781;1.6236;0.2034;0.0482;0.0028;940.02;809.62;101.44;23.248;1.3571;179.99;146.15;53.376;3.187;2.0985;30.185;4.3641;29.097;0;1;0;0;1.6988;0.9751;1;1;0.891;0.0632;0.9984;0.9993;1;0.9661;0.9584;0.998;0.998;1;0.998;0.998;0.9716;0.8591;0.0605;2.892;2.8949;0.0174;-0.001;0.2756;0.0182;0.0646;0.0054;0;0;0.088;0;2.3135;0;0;0;0;0;0;0;0;0;0;0;0;0.052;0.0183;2.4443;2.4443;0;52.205;52.205;38.695;0.0414;2492.9;980.5;1;0.0429;0.0429;0;0;0;0;0;0;2.4015;2.3135;0;16.101;18.645;15.239;17.647;98.247;98.247;23.113;19.535;18.489;3.5776;1.0458;0.1548;0.0452;0.8;22.103;0.7816;0
27/09/21 09:00;43.667;-51.857;26.537;50.513;39.487;-90;-39.487;593.7;192.2;401.49;15.51;4.42;0;520.23;97.678;106.17;0;12.873;736.95;0;736.95;520.23;106.17;97.678;12.873;0.7059;0.15;0;0.0175;718.48;18.469;0;0;6.6833;11.786;713.43;3.6142;0.4759;0.0971;2.937;0.1042;717.04;1.437;1.0405;0.2123;0.182;0.0022;717.11;518.71;105.86;87.876;0.9802;295.7;240.11;90.949;3.8093;3.1428;45.208;3.6826;44.541;0;1;0;0;1.2413;0.9749;1;1;0.9316;0.0844;0.995;0.9991;1;0.9677;0.9039;0.998;0.998;1;0.998;0.998;0.9681;0.8996;0.0761;2.2131;2.2552;0.0136;-0.0014;0.1567;0.0146;0.0518;0.0084;0;0;0.088;0;1.8383;0;0;0;0;0;0;0;0;0;0;0;0;0.0417;0.0113;1.9585;1.9585;0;44.841;44.841;29.331;0.0411;1937.1;1011.1;1;0.0322;0.0322;0;0;0;0;0;0;1.9263;1.8383;0;16.859;19.522;15.824;18.323;98.354;98.354;17.687;15.652;14.691;2.0346;0.9609;0.115;0.0543;0.8306;69.276;0.7942;0
27/09/21 10:00;51.997;-33.167;31.023;66.855;23.145;-90;-23.145;893.3;147.4;745.9;15.29;3.8299;0;811.19;43.288;111.25;0;6.8304;972.56;0;972.56;811.19;111.25;43.288;6.8304;0.8341;0.0515;0;0.007;965.49;7.0687;0;0;1.2702;5.7986;960.42;3.1343;1.3234;0.1815;1.4129;0.2165;963.56;1.931;1.6224;0.2225;0.084;0.0021;962.15;808.24;110.85;40.521;0.8132;497.06;403.61;150.09;0.2647;5.0652;72.86;1.7282;77.661;0;1;0;0;1.0887;0.9927;1;1;0.9707;0.1511;0.9967;0.9984;1;0.9663;0.7897;0.998;0.998;1;0.998;0.998;0.9875;0.9361;0.1191;2.9206;3.0515;0.0184;0.0004;0.3215;0.019;0.0673;0.0129;0;0;0.088;0;2.4048;0;0;0;0;0;0;0;0;0;0;0;0;0.0542;0.0201;2.5376;2.5376;0;55.106;55.106;39.816;0.0415;2623.2;967.4;1;0.0448;0.0448;0;0;0;0;0;0;2.4928;2.4048;0;16.552;19.167;15.686;18.164;98.234;98.234;23.341;20.281;19.219;3.0606;1.0614;0.1311;0.0455;0.8234;27.339;0.7797;0
27/09/21 11:00;56.414;-8.5039;33.168;84.392;5.6082;-90;-5.6082;332.69;316.9;15.795;15.6;3.62;0;15.871;311.75;4.4264;0;0.1513;332.19;0;332.19;15.871;4.4264;311.75;0.1513;0.0478;0.9389;0;0.0005;331.19;1.0039;0;0;0.8775;0.1264;317.02;13.508;0.0458;0.0128;13.444;0.0056;330.53;0.6624;0.0317;0.0089;0.6217;0;317.03;15.794;4.4048;296.8;0.0193;197.16;160.1;56.631;0.0062;2.1915;31.523;0.0121;33.709;0;1;0;0;0.9985;0.997;1;1;0.9972;0.1645;0.9591;0.9971;1;0.9567;0.7764;0.998;0.998;1;0.998;0.998;0.9543;0.9521;0.1274;0.9976;1.0213;0.0061;0.0131;0.0127;0.0069;0.0246;0.0061;0;0;0.088;0;0.826;0;0;0;0;0;0;0;0;0;0;0;0;0.0198;0.0026;0.9293;0.9293;0;28.506;28.506;12.906;0.0407;873.36;1064.1;1;0.0153;0.0153;0;0;0;0;0;0;0.914;0.826;0;17.746;20.55;15.773;18.265;98.352;98.352;7.9727;7.4271;6.6014;0.5456;0.8257;0.0684;0.1036;0.828;185.29;0.7731;0
27/09/21 12:00;55.347;18.328;32.667;77.737;12.263;90;12.263;429.1;373.1;55.996;16.17;3.63;0;57.303;350.44;19.055;0;0.9301;427.73;0;427.73;57.303;19.055;350.44;0.9301;0.134;0.8215;0;0.0022;423.37;4.3585;0;0;3.5818;0.7766;408.63;13.887;0.1485;0.0494;13.655;0.0345;422.52;0.8467;0.1146;0.0381;0.6937;0.0003;408.82;57.04;18.968;332.51;0.1187;254.64;206.77;74.04;0.219;2.7856;40.07;0.1834;42.636;0;1;0;0;0.9968;0.9898;1;1;0.9898;0.165;0.9671;0.9974;1;0.9606;0.7746;0.998;0.998;1;0.998;0.998;0.9554;0.9488;0.1276;1.2845;1.3158;0.0079;0.0089;0.0365;0.0088;0.0313;0.0077;0;0;0.088;0;1.0782;0;0;0;0;0;0;0;0;0;0;0;0;0.0252;0.0042;1.1852;1.1852;0;32.84;32.84;16.67;0.0408;1127.9;1050.8;1;0.019;0.019;0;0;0;0;0;0;1.1662;1.0782;0;17.578;20.355;15.991;18.517;98.398;98.398;10.265;9.472;8.617;0.7934;0.8551;0.0773;0.0833;0.8394;211.35;0.7844;0
27/09/21 13:00;49.232;40.863;29.594;60.573;29.427;90;29.427;855.69;141.2;714.49;17.24;3.48;0;820.33;40.728;112.13;0;10.488;983.68;0;983.68;820.33;112.13;40.728;10.488;0.8339;0.0521;0;0.0107;972.73;10.951;0;0;1.7587;9.1928;968.33;2.4551;0.8369;0.1144;1.2691;0.2347;970.78;1.9455;1.6407;0.2243;0.0779;0.0026;971.12;817.85;111.79;37.623;1.0579;456.31;370.52;140.19;0.5794;4.5153;64.951;2.7931;68.887;0;1;0;0;1.1496;0.9889;1;1;0.9568;0.1235;0.9975;0.999;1;0.9674;0.8184;0.998;0.998;1;0.998;0.998;0.9844;0.9237;0.1009;2.954;3.0618;0.0184;0.0005;0.3484;0.0189;0.0669;0.0114;0;0;0.088;0;2.391;0;0;0;0;0;0;0;0;0;0;0;0;0.0539;0.0203;2.5232;2.5232;0;57.462;57.462;40.222;0.0415;2632.6;958.46;1;0.0442;0.0442;0;0;0;0;0;0;2.479;2.391;0;16.272;18.843;15.419;17.855;98.247;98.247;23.608;20.165;19.109;3.4428;1.0567;0.1458;0.0448;0.8094;26.74;0.7713;0
27/09/21 14:00;39.922;57.461;24.362;44.787;45.213;90;45.213;317.91;288.3;29.604;17.86;3.1099;0;42.022;237.39;13.841;0;8.9251;302.18;0;302.18;42.022;13.841;237.39;8.9251;0.1391;0.8151;0;0.0295;274.02;28.159;0;0;19.856;8.3031;266.31;7.165;0.0353;0.0116;7.0809;0.0372;273.47;0.548;0.084;0.0277;0.4351;0.0012;269.52;41.903;13.802;210.02;0.5836;193.45;157.08;62.067;14.736;2.6851;38.625;3.2102;26.573;0;1;0;0;0.9505;0.9068;1;1;0.9164;0.0697;0.9738;0.9992;1;0.9674;0.94;0.998;0.998;1;0.998;0.998;0.8813;0.8847;0.0654;0.9074;0.8932;0.0054;0.0148;0.0118;0.006;0.0214;0.0074;0;0;0.088;0;0.7056;0;0;0;0;0;0;0;0;0;0;0;0;0.0172;0.0021;0.807;0.807;0;28.717;28.717;10.857;0.0408;762.28;1058.7;1;0.0134;0.0134;0;0;0;0;0;0;0.7936;0.7056;0;16.941;19.618;14.812;17.152;98.336;98.336;7.2523;6.4496;5.639;0.8027;0.8106;0.1107;0.1118;0.7775;177.02;0.7096;0
27/09/21 15:00;28.924;69.867;17.533;30.479;59.521;90;59.521;278.6;237;41.6;17.47;2.51;0;82.016;167.34;29.466;0;13.043;291.87;0;291.87;82.016;29.466;167.34;13.043;0.281;0.618;0;0.0447;258.77;33.098;0;0;20.861;12.237;252.98;5.269;0.0496;0.0178;5.1495;0.0522;258.25;0.5175;0.164;0.0589;0.293;0.0016;257.78;81.803;29.389;141.04;0.7513;155.67;126.4;53.045;27.19;2.9558;42.518;4.7939;18.284;0;1;0;0;1.0476;0.8866;1;1;0.8753;0.0617;0.9796;0.9994;1;0.9648;0.935;0.998;0.998;1;0.998;0.998;0.8668;0.8428;0.0576;0.8765;0.866;0.0052;0.0152;0.0086;0.0059;0.0208;0.0082;0;0;0.088;0;0.6824;0;0;0;0;0;0;0;0;0;0;0;0;0.0167;0.002;0.7835;0.7835;0;27.779;27.779;10.309;0.0408;738.29;1061.3;1;0.0131;0.0131;0;0;0;0;0;0;0.7704;0.6824;0;17.03;19.72;14.832;17.175;98.324;98.324;7.0048;6.262;5.4537;0.7429;0.8082;0.1061;0.1154;0.7786;144.87;0.702;0
27/09/21 16:00;17.089;79.894;44.548;17.342;28.953;90;28.953;192.1;155.6;36.501;17.94;1.62;0;88.525;132.59;34.368;0;2.2809;257.77;0;257.77;88.525;34.368;132.59;2.2809;0.3434;0.5232;0;0.0088;250.19;7.5738;0;0;5.5791;1.9947;244.33;5.3664;0.8432;0.3274;4.1431;0.0527;249.69;0.5004;0.177;0.0687;0.254;0.0006;244.84;87.504;33.972;122.62;0.233;87.023;70.662;26.284;1.7753;0.9987;14.366;0.5111;13.59;0;1;0;0;1.3418;0.9706;1;1;0.9579;0.1255;0.9785;0.9905;1;0.9673;0.8156;0.998;0.998;1;0.998;0.998;0.9479;0.9248;0.1022;0.7741;0.7677;0.0046;0.0163;0.008;0.0052;0.0183;0.0028;0;0;0.088;0;0.5963;0;0;0;0;0;0;0;0;0;0;0;0;0.0148;0.0016;0.6962;0.6962;0;27.9;27.9;9.9601;0.0408;656.59;1060.3;1;0.0119;0.0119;0;0;0;0;0;0;0.6843;0.5963;0;17.133;19.84;14.675;16.993;98.291;98.291;6.1864;5.564;4.7656;0.6224;0.7984;0.1006;0.1291;0.7703;86.774;0.7395;0
27/09/21 17:00;5.5049;88.361;76.546;5.5071;7.952;90;7.952;22.094;21.798;0.2953;15.3;1.3599;0;0.7162;21.645;0.1193;0;0.0202;22.5;0;22.5;0.7162;0.1193;21.645;0.0202;0.0318;0.9629;0;0.0009;22.376;0.1244;0;0;0.1076;0.0169;21.243;1.0879;0.1566;0.0261;0.9044;0.0007;22.331;0.0448;0.0014;0.0002;0.0431;0;21.246;0.5581;0.093;20.59;0.0026;12.918;10.489;3.7006;0.0025;0.1444;2.0764;0.0027;2.2183;0;1;0;0;1.0184;0.9945;1;1;0.995;0.1646;0.9513;0.7809;1;0.9579;0.7752;0.998;0.998;1;0.998;0.998;0.9441;0.9513;0.1274;0.0676;0.0684;0.0004;0.0093;-0.0022;0.0004;0.0015;0.0004;0;0;0.088;0;-0.0341;0;0;0;0;0;0;0;0;0;0;0;0;0.0012;0;0.0573;0.0573;0;16.182;16.182;0.8814;0.0415;56.738;1009.9;1;0.0034;0.0034;0;0;0;0;0;0;0.0539;-0.0341;0;16.155;18.707;-9.6078;-11.126;94.104;94.104;0.54;0.4579;-0.2724;0.0821;0.7303;0.152;1.3524;0;12.916;0;0
27/09/21 18:00;0;0;90;0;0;90;0;0;0;0;11.92;1.24;0;0;0;0;0;0;0;0;0;0;0;0;0;1;1;1;1;0;0;0;0;0;0;0;0;0;0;0;0;0;0;0;0;0;0;0;0;0;0;0;0;0;0;0;0;0;0;0;0;0;0;0;1;1;1;1;1;1;1;1;1;1;1;1;1;1;1;1;1;1;1;0;0;0;0;0;0;0;0;0;0.0004;0.088;0;-0.0884;0;0;0;0;0;0;0;0;0;0;0;0;0;0;0;0;0;0;0;-11.92;0;0;0;0;0.0004;0;0;0;0;0;0;0;-0.0004;-0.0884;0;0;0;0;0;0;0;0;0;-0.7063;0;0.7063;1;1;0;0;0;0
27/09/21 19:00;0;0;90;0;0;90;0;0;0;0;9.32;1.63;0;0;0;0;0;0;0;0;0;0;0;0;0;1;1;1;1;0;0;0;0;0;0;0;0;0;0;0;0;0;0;0;0;0;0;0;0;0;0;0;0;0;0;0;0;0;0;0;0;0;0;0;1;1;1;1;1;1;1;1;1;1;1;1;1;1;1;1;1;1;1;0;0;0;0;0;0;0;0;0;0.0004;0.088;0;-0.0884;0;0;0;0;0;0;0;0;0;0;0;0;0;0;0;0;0;0;0;-9.32;0;0;0;0;0.0004;0;0;0;0;0;0;0;-0.0004;-0.0884;0;0;0;0;0;0;0;0;0;-0.7063;0;0.7063;1;1;0;0;0;0
27/09/21 20:00;0;0;90;0;0;90;0;0;0;0;7.6999;2.0799;0;0;0;0;0;0;0;0;0;0;0;0;0;1;1;1;1;0;0;0;0;0;0;0;0;0;0;0;0;0;0;0;0;0;0;0;0;0;0;0;0;0;0;0;0;0;0;0;0;0;0;0;1;1;1;1;1;1;1;1;1;1;1;1;1;1;1;1;1;1;1;0;0;0;0;0;0;0;0;0;0.0004;0.088;0;-0.0884;0;0;0;0;0;0;0;0;0;0;0;0;0;0;0;0;0;0;0;-7.6999;0;0;0;0;0.0004;0;0;0;0;0;0;0;-0.0004;-0.0884;0;0;0;0;0;0;0;0;0;-0.7063;0;0.7063;1;1;0;0;0;0
27/09/21 21:00;0;0;90;0;0;90;0;0;0;0;7.7199;2.4501;0;0;0;0;0;0;0;0;0;0;0;0;0;1;1;1;1;0;0;0;0;0;0;0;0;0;0;0;0;0;0;0;0;0;0;0;0;0;0;0;0;0;0;0;0;0;0;0;0;0;0;0;1;1;1;1;1;1;1;1;1;1;1;1;1;1;1;1;1;1;1;0;0;0;0;0;0;0;0;0;0.0004;0.088;0;-0.0884;0;0;0;0;0;0;0;0;0;0;0;0;0;0;0;0;0;0;0;-7.7199;0;0;0;0;0.0004;0;0;0;0;0;0;0;-0.0004;-0.0884;0;0;0;0;0;0;0;0;0;-0.7063;0;0.7063;1;1;0;0;0;0
27/09/21 22:00;0;0;90;0;0;90;0;0;0;0;7.8501;2.7001;0;0;0;0;0;0;0;0;0;0;0;0;0;1;1;1;1;0;0;0;0;0;0;0;0;0;0;0;0;0;0;0;0;0;0;0;0;0;0;0;0;0;0;0;0;0;0;0;0;0;0;0;1;1;1;1;1;1;1;1;1;1;1;1;1;1;1;1;1;1;1;0;0;0;0;0;0;0;0;0;0.0004;0.088;0;-0.0884;0;0;0;0;0;0;0;0;0;0;0;0;0;0;0;0;0;0;0;-7.8501;0;0;0;0;0.0004;0;0;0;0;0;0;0;-0.0004;-0.0884;0;0;0;0;0;0;0;0;0;-0.7063;0;0.7063;1;1;0;0;0;0
27/09/21 23:00;0;0;90;0;0;90;0;0;0;0;6.5299;2.91;0;0;0;0;0;0;0;0;0;0;0;0;0;1;1;1;1;0;0;0;0;0;0;0;0;0;0;0;0;0;0;0;0;0;0;0;0;0;0;0;0;0;0;0;0;0;0;0;0;0;0;0;1;1;1;1;1;1;1;1;1;1;1;1;1;1;1;1;1;1;1;0;0;0;0;0;0;0;0;0;0.0004;0.088;0;-0.0884;0;0;0;0;0;0;0;0;0;0;0;0;0;0;0;0;0;0;0;-6.5299;0;0;0;0;0.0004;0;0;0;0;0;0;0;-0.0004;-0.0884;0;0;0;0;0;0;0;0;0;-0.7063;0;0.7063;1;1;0;0;0;0
28/09/21 00:00;0;0;90;0;0;90;0;0;0;0;4.8002;3.1001;0;0;0;0;0;0;0;0;0;0;0;0;0;1;1;1;1;0;0;0;0;0;0;0;0;0;0;0;0;0;0;0;0;0;0;0;0;0;0;0;0;0;0;0;0;0;0;0;0;0;0;0;1;1;1;1;1;1;1;1;1;1;1;1;1;1;1;1;1;1;1;0;0;0;0;0;0;0;0;0;0.0004;0.088;0;-0.0884;0;0;0;0;0;0;0;0;0;0;0;0;0;0;0;0;0;0;0;-4.8002;0;0;0;0;0.0004;0;0;0;0;0;0;0;-0.0004;-0.0884;0;0;0;0;0;0;0;0;0;-0.7063;0;0.7063;1;1;0;0;0;0
28/09/21 01:00;0;0;90;0;0;90;0;0;0;0;5.3599;3.21;0;0;0;0;0;0;0;0;0;0;0;0;0;1;1;1;1;0;0;0;0;0;0;0;0;0;0;0;0;0;0;0;0;0;0;0;0;0;0;0;0;0;0;0;0;0;0;0;0;0;0;0;1;1;1;1;1;1;1;1;1;1;1;1;1;1;1;1;1;1;1;0;0;0;0;0;0;0;0;0;0.0004;0.088;0;-0.0884;0;0;0;0;0;0;0;0;0;0;0;0;0;0;0;0;0;0;0;-5.3599;0;0;0;0;0.0004;0;0;0;0;0;0;0;-0.0004;-0.0884;0;0;0;0;0;0;0;0;0;-0.7063;0;0.7063;1;1;0;0;0;0
28/09/21 02:00;0;0;90;0;0;90;0;0;0;0;4.9903;3.2601;0;0;0;0;0;0;0;0;0;0;0;0;0;1;1;1;1;0;0;0;0;0;0;0;0;0;0;0;0;0;0;0;0;0;0;0;0;0;0;0;0;0;0;0;0;0;0;0;0;0;0;0;1;1;1;1;1;1;1;1;1;1;1;1;1;1;1;1;1;1;1;0;0;0;0;0;0;0;0;0;0.0004;0.088;0;-0.0884;0;0;0;0;0;0;0;0;0;0;0;0;0;0;0;0;0;0;0;-4.9903;0;0;0;0;0.0004;0;0;0;0;0;0;0;-0.0004;-0.0884;0;0;0;0;0;0;0;0;0;-0.7063;0;0.7063;1;1;0;0;0;0
28/09/21 03:00;0;0;90;0;0;90;0;0;0;0;4.9498;3.37;0;0;0;0;0;0;0;0;0;0;0;0;0;1;1;1;1;0;0;0;0;0;0;0;0;0;0;0;0;0;0;0;0;0;0;0;0;0;0;0;0;0;0;0;0;0;0;0;0;0;0;0;1;1;1;1;1;1;1;1;1;1;1;1;1;1;1;1;1;1;1;0;0;0;0;0;0;0;0;0;0.0004;0.088;0;-0.0884;0;0;0;0;0;0;0;0;0;0;0;0;0;0;0;0;0;0;0;-4.9498;0;0;0;0;0.0004;0;0;0;0;0;0;0;-0.0004;-0.0884;0;0;0;0;0;0;0;0;0;-0.7063;0;0.7063;1;1;0;0;0;0
28/09/21 04:00;0;0;90;0;0;90;0;0;0;0;4.9099;3.6699;0;0;0;0;0;0;0;0;0;0;0;0;0;1;1;1;1;0;0;0;0;0;0;0;0;0;0;0;0;0;0;0;0;0;0;0;0;0;0;0;0;0;0;0;0;0;0;0;0;0;0;0;1;1;1;1;1;1;1;1;1;1;1;1;1;1;1;1;1;1;1;0;0;0;0;0;0;0;0;0;0.0004;0.088;0;-0.0884;0;0;0;0;0;0;0;0;0;0;0;0;0;0;0;0;0;0;0;-4.9099;0;0;0;0;0.0004;0;0;0;0;0;0;0;-0.0004;-0.0884;0;0;0;0;0;0;0;0;0;-0.7063;0;0.7063;1;1;0;0;0;0
28/09/21 05:00;1.8019;-91.445;85.626;1.8025;2.5725;-90;-2.5725;0;0;0;4.18;4.35;0;0;0;0;0;0;0;0;0;0;0;0;0;1;1;1;1;0;0;0;0;0;0;0;0;0;0;0;0;0;0;0;0;0;0;0;0;0;0;0;0;0;0;0;0;0;0;0;0;0;0;0;1;1;1;1;1;1;1;1;1;1;1;1;1;1;1;1;1;1;1;0;0;0;0;0;0;0;0;0;0.0004;0.088;0;-0.0884;0;0;0;0;0;0;0;0;0;0;0;0;0;0;0;0;0;0;0;-4.18;0;0;0;0;0.0004;0;0;0;0;0;0;0;-0.0004;-0.0884;0;0;0;0;0;0;0;0;0;-0.7063;0;0.7063;1;1;0;0;0;0
28/09/21 06:00;9.7704;-85.806;65.696;9.7962;14.575;-90;-14.575;150.9;24.898;126.01;6.1802;5.36;0;305.6;11.169;32.854;0;0.4613;350.09;0;350.09;305.6;32.854;11.169;0.4613;0.8729;0.0332;0;0.0013;349.55;0.537;0;0;0.1523;0.3847;325.72;23.129;20.491;2.203;0.4173;0.0172;348.85;0.6991;0.6112;0.0657;0.022;0.0002;325.73;284.5;30.586;10.577;0.0593;7.4703;6.0659;1.7587;0.0132;0.109;1.5683;0.0102;1.6642;0;1;0;0;2.3199;0.9985;1;1;0.9864;0.1661;0.9337;0.9328;1;0.962;0.7757;0.998;0.998;1;0.998;0.998;0.9304;0.947;0.1286;1.0513;0.9844;0.0059;0.0136;-0.0197;0.0069;0.0244;0.0003;0;0;0.088;0;0.8268;0;0;0;0;0;0;0;0;0;0;0;0;0.0197;0.0025;0.9307;0.9307;0;19.336;19.336;13.156;0.0404;842.94;1104.1;1;0.0159;0.0159;0;0;0;0;0;0;0.9148;0.8268;0;16.864;19.528;14.982;17.349;98.295;98.295;8.4021;7.4379;6.6078;0.9642;0.8301;0.1148;0.0988;0.7865;6.7866;0.7838;0
28/09/21 07:00;21.884;-76.608;25.317;22.435;45.322;-90;-45.322;333.1;65.801;267.3;11.86;5.6699;0;648.28;26.588;83.863;0;9.3946;768.13;0;768.13;648.28;83.863;26.588;9.3946;0.844;0.0468;0;0.0122;757.18;10.949;0;0;2.2277;8.721;754.2;1.4712;0.5658;0.0732;0.7931;0.0391;755.67;1.5144;1.2966;0.1677;0.0487;0.0013;754.53;646.42;83.622;23.519;0.6331;21.326;17.317;7.0893;1.6664;0.2827;4.066;0.3319;2.6823;0;1;0;0;2.306;0.9857;1;1;0.9162;0.0717;0.9981;0.9991;1;0.9674;0.9418;0.998;0.998;1;0.998;0.998;0.9819;0.8846;0.0674;2.3067;2.2811;0.0137;-0.0015;0.142;0.0149;0.0528;0.0008;0;0;0.088;0;1.883;0;0;0;0;0;0;0;0;0;0;0;0;0.0425;0.0116;2.0043;2.0043;0;42.812;42.812;30.952;0.041;1962.1;1021.5;1;0.0333;0.0333;0;0;0;0;0;0;1.971;1.883;0;16.553;19.168;15.551;18.007;98.337;98.337;18.435;16.019;15.049;2.4166;0.9696;0.1311;0.0526;0.8163;19.847;0.8131;0
28/09/21 08:00;33.495;-65.867;19.935;35.947;54.053;-90;-54.053;474.69;138.1;336.59;16.39;6.26;0;573.37;60.61;105.14;0;18.623;757.74;0;757.74;573.37;105.14;60.61;18.623;0.7567;0.1046;0;0.0246;733.74;24.002;0;0;6.5575;17.444;729.93;2.3419;0.394;0.0723;1.8273;0.0483;732.27;1.4675;1.1467;0.2103;0.1081;0.0024;734.12;571.83;104.85;52.117;1.1277;169.28;137.45;50.717;7.0036;2.2002;31.649;4.1901;26.845;0;1;0;0;1.5963;0.9683;1;1;0.8918;0.0633;0.9968;0.9993;1;0.9661;0.9589;0.998;0.998;1;0.998;0.998;0.9633;0.8599;0.0606;2.2755;2.2778;0.0137;-0.0015;0.1712;0.0147;0.052;0.0058;0;0;0.088;0;1.8482;0;0;0;0;0;0;0;0;0;0;0;0;0.0419;0.0116;1.9685;1.9685;0;46.437;46.437;30.048;0.0412;1958.8;1004.9;1;0.0323;0.0323;0;0;0;0;0;0;1.9362;1.8482;0;16.48;19.083;15.473;17.917;98.359;98.359;18.186;15.732;14.771;2.4535;0.9615;0.1349;0.0529;0.8122;49.357;0.7876;0
28/09/21 09:00;44.02;-52.112;26.207;50.762;39.238;-90;-39.238;768.71;126.8;641.91;18.68;6.11;0;828.77;36.355;110.81;0;16.466;992.4;0;992.4;828.77;110.81;36.355;16.466;0.8351;0.0532;0;0.0166;974.88;17.524;0;0;2.4633;15.061;970.85;2.0808;0.7487;0.1001;1.0936;0.1385;972.93;1.9498;1.6575;0.2216;0.0678;0.0028;975.38;826.37;110.49;32.73;1.2638;367.95;298.78;112.58;1.3903;3.7316;53.678;4.5335;56.019;0;1;0;0;1.291;0.9823;1;1;0.9322;0.0853;0.9979;0.9991;1;0.9677;0.9013;0.998;0.998;1;0.998;0.998;0.9783;0.9003;0.0768;2.9802;3.0509;0.0184;0.0004;0.3646;0.0187;0.0662;0.0094;0;0;0.088;0;2.3683;0;0;0;0;0;0;0;0;0;0;0;0;0.0533;0.0201;2.4998;2.4998;0;59.06;59.06;40.38;0.0416;2624.1;952.62;1;0.0435;0.0435;0;0;0;0;0;0;2.4563;2.3683;0;15.979;18.503;15.139;17.53;98.26;98.26;23.818;19.978;18.927;3.8395;1.0509;0.1612;0.0441;0.7947;25.729;0.7637;0
28/09/21 10:00;52.384;-33.324;30.664;67.056;22.944;-90;-22.944;844.3;139.1;705.21;19.72;5.3201;0;765.79;46.445;98.536;0;6.3454;917.12;0;917.12;765.79;98.536;46.445;6.3454;0.835;0.0576;0;0.0069;910.39;6.726;0;0;1.3438;5.3822;905.62;2.9503;1.0888;0.1401;1.5186;0.2028;908.57;1.8208;1.5316;0.1971;0.0902;0.0019;907.17;763.17;98.199;43.492;0.7585;470.61;382.14;144.93;0.275;4.6141;66.372;1.5525;70.711;0;1;0;0;1.0862;0.9927;1;1;0.9711;0.1518;0.9968;0.9986;1;0.9663;0.789;0.998;0.998;1;0.998;0.998;0.9875;0.9364;0.1195;2.7541;2.8722;0.0173;-0.0011;0.3261;0.0177;0.0628;0.0117;0;0;0.088;0;2.2408;0;0;0;0;0;0;0;0;0;0;0;0;0.0506;0.0179;2.3693;2.3693;0;57.332;57.332;37.612;0.0415;2470.5;959.01;1;0.0405;0.0405;0;0;0;0;0;0;2.3288;2.2408;0;16.388;18.977;15.5;17.948;98.292;98.292;22.011;18.935;17.909;3.0755;1.0267;0.1397;0.0466;0.8136;29.3;0.7718;0
28/09/21 11:00;56.811;-8.4313;32.785;84.522;5.4784;-90;-5.4784;1014.8;167.4;847.4;20.55;4.4799;0;851.29;43.096;124.78;0;0.4404;1019.6;0;1019.6;851.29;124.78;43.096;0.4404;0.8349;0.0427;0;0.0004;1019.1;0.4848;0;0;0.1169;0.368;1012.6;4.4736;2.2641;0.3319;1.8614;0.0162;1017.1;2.0382;1.7026;0.2496;0.086;0.0001;1012.7;847.32;124.2;41.032;0.0561;596.74;484.55;182.75;0.0008;5.8943;84.788;0.0479;90.681;0;1;0;0;1.0047;0.9995;1;1;0.9973;0.1644;0.9956;0.9973;1;0.9566;0.7764;0.998;0.998;1;0.998;0.998;0.9931;0.9521;0.1274;3.0619;3.2288;0.0194;0.0028;0.4285;0.0194;0.069;0.0146;0;0;0.088;0;2.4637;0;0;0;0;0;0;0;0;0;0;0;0;0.0555;0.0224;2.5971;2.5971;0;62.8;62.8;42.25;0.0417;2773.7;936.34;1;0.0454;0.0454;0;0;0;0;0;0;2.5517;2.4637;0;16.158;18.711;15.328;17.75;98.251;98.251;24.47;20.756;19.69;3.7143;1.0663;0.1518;0.0436;0.8046;25.61;0.7575;0
28/09/21 12:00;55.7;18.656;32.27;77.691;12.309;90;12.309;575.61;372.3;203.3;20.98;3.7599;0;208.09;301.66;68.717;0;1.2571;579.72;0;579.72;208.09;68.717;301.66;1.2571;0.3589;0.5225;0;0.0022;575.57;4.1526;0;0;3.1029;1.0497;561.97;12.444;0.4909;0.1621;11.745;0.0467;574.42;1.1511;0.4162;0.1374;0.5971;0.0004;562.22;207.18;68.418;286.21;0.1604;338.83;275.13;100.2;0.1913;3.5907;51.65;0.2526;55.05;0;1;0;0;1.0071;0.9928;1;1;0.9897;0.165;0.9783;0.9976;1;0.9606;0.7746;0.998;0.998;1;0.998;0.998;0.9694;0.9488;0.1276;1.7409;1.8022;0.0108;0.0025;0.1212;0.0117;0.0414;0.0096;0;0;0.088;0;1.4516;0;0;0;0;0;0;0;0;0;0;0;0;0.0333;0.0074;1.5643;1.5643;0;44.087;44.087;23.107;0.0411;1547.2;1011;1;0.0247;0.0247;0;0;0;0;0;0;1.5396;1.4516;0;17.118;19.822;15.884;18.394;98.421;98.421;13.913;12.502;11.601;1.4113;0.9007;0.1014;0.0647;0.8338;181.96;0.7817;0
28/09/21 13:00;49.513;41.298;29.196;60.603;29.397;90;29.397;808.6;141.8;666.8;21.85;3.3401;0;765.34;47.44;104.56;0;9.8911;927.23;0;927.23;765.34;104.56;47.44;9.8911;0.8254;0.0618;0;0.0107;916.52;10.713;0;0;2.0452;8.6683;912.11;2.5758;0.7703;0.1052;1.4785;0.2218;914.69;1.833;1.5307;0.2091;0.0908;0.0024;914.75;763.04;104.24;43.826;0.9985;432.11;350.87;132.72;0.672;4.2864;61.658;2.6383;65.272;0;1;0;0;1.1467;0.9884;1;1;0.9569;0.1236;0.9972;0.999;1;0.9674;0.8182;0.998;0.998;1;0.998;0.998;0.9837;0.9238;0.101;2.7845;2.8851;0.0174;-0.0011;0.3532;0.0176;0.0625;0.0107;0;0;0.088;0;2.2285;0;0;0;0;0;0;0;0;0;0;0;0;0.0503;0.0181;2.3564;2.3564;0;59.81;59.81;37.96;0.0416;2481.9;949.46;1;0.0399;0.0399;0;0;0;0;0;0;2.3165;2.2285;0;16.122;18.668;15.246;17.655;98.306;98.306;22.254;18.833;17.81;3.4209;1.0224;0.1537;0.0459;0.8003;31.14;0.7624;0
28/09/21 14:00;40.143;57.895;23.971;44.874;45.126;90;45.126;456.99;303.8;153.19;22.82;3.14;0;217.12;213.97;74.972;0;12.783;518.84;0;518.84;217.12;74.972;213.97;12.783;0.4185;0.437;0;0.0246;489.11;29.737;0;0;17.846;11.891;481.45;6.6776;0.1794;0.062;6.3824;0.0538;488.13;0.9782;0.4342;0.1499;0.3922;0.0018;485.48;216.51;74.76;189.34;0.8372;245.66;199.48;77.217;13.196;3.1552;45.387;4.0319;35.346;0;1;0;0;1.1353;0.9427;1;1;0.9166;0.0698;0.9863;0.9992;1;0.9674;0.9396;0.998;0.998;1;0.998;0.998;0.9279;0.8849;0.0655;1.5581;1.5579;0.0094;0.0055;0.097;0.0101;0.0359;0.0084;0;0;0.088;0;1.248;0;0;0;0;0;0;0;0;0;0;0;0;0.0289;0.0057;1.3569;1.3569;0;42.605;42.605;19.785;0.0411;1337.8;1014.3;1;0.021;0.021;0;0;0;0;0;0;1.336;1.248;0;16.591;19.211;15.258;17.669;98.456;98.456;12.452;10.845;9.9739;1.6076;0.8708;0.1291;0.0699;0.801;159.42;0.7517;0
28/09/21 15:00;29.106;70.273;17.152;30.601;59.399;90;59.399;141.9;139.4;2.5012;20.89;2.8799;0;4.9134;104.78;1.0318;0;6.6181;117.35;0;117.35;4.9134;1.0318;104.78;6.6181;0.0419;0.9493;0;0.0564;98.114;19.233;0;0;13.023;6.21;94.666;3.2522;0.0029;0.0006;3.2225;0.0261;97.918;0.1962;0.0098;0.0021;0.1835;0.0008;97.412;4.9007;1.0291;88.355;0.3812;91.166;74.027;31.458;16.9;1.7689;25.445;2.7466;10.314;0;1;0;0;0.827;0.8361;1;1;0.8757;0.0617;0.9668;0.9994;1;0.9648;0.9358;0.998;0.998;1;0.998;0.998;0.8067;0.8432;0.0576;0.3524;0.347;0.0021;0.0176;-0.0003;0.0023;0.0081;0.0048;0;0;0.088;0;0.2104;0;0;0;0;0;0;0;0;0;0;0;0;0.0066;0.0004;0.3054;0.3054;0;24.773;24.773;3.8823;0.041;294.29;1037.9;1;0.0071;0.0071;0;0;0;0;0;0;0.2984;0.2104;0;16.511;19.12;11.372;13.168;97.684;97.684;2.8163;2.441;1.6812;0.3753;0.7598;0.1333;0.2698;0.597;90.579;0.5136;0
28/09/21 16:00;17.248;80.277;44.018;17.484;29.29;90;29.29;36.608;36.3;0.3082;19.08;2.0601;0;0.7474;33.953;0.067;0;0.4446;35.212;0;35.212;0.7474;0.067;33.953;0.4446;0.0212;0.9769;0;0.0126;33.368;1.8447;0;0;1.4553;0.3895;32.225;1.0764;0.0069;0.0006;1.0588;0.01;33.301;0.0667;0.0015;0.0001;0.065;0.0001;32.359;0.739;0.0663;31.374;0.045;22.273;18.085;6.7264;0.4732;0.2569;3.6952;0.1348;3.4789;0;1;0;0;0.9619;0.9476;1;1;0.9571;0.1241;0.9677;0.9908;1;0.9674;0.8176;0.998;0.998;1;0.998;0.998;0.9151;0.924;0.1012;0.1057;0.1053;0.0006;0.0115;-0.0018;0.0007;0.0024;0.0007;0;0;0.088;0;-0.003;0;0;0;0;0;0;0;0;0;0;0;0;0.0019;0.0001;0.0892;0.0892;0;20.414;20.414;1.3336;0.0414;88.307;1010.3;1;0.0042;0.0042;0;0;0;0;0;0;0.085;-0.003;0;16.074;18.613;-0.5325;-0.6166;95.318;95.318;0.8451;0.7131;-0.0236;0.132;0.7367;0.1562;0.8717;0;22.271;0;0
28/09/21 17:00;5.657;88.732;76.168;5.6584;8.1766;90;8.1766;18.792;18.599;0.1935;18.65;2.41;0;0.4693;18.478;0.0649;0;0.0181;19.03;0;19.03;0.4693;0.0649;18.478;0.0181;0.0247;0.9719;0;0.001;18.919;0.1113;0;0;0.0961;0.0152;17.999;0.8824;0.0985;0.0136;0.7695;0.0007;18.881;0.0378;0.0009;0.0001;0.0368;0;18.001;0.3699;0.0511;17.575;0.0023;11.032;8.9581;3.161;0.0024;0.1233;1.7731;0.0025;1.8939;0;1;0;0;1.0126;0.9942;1;1;0.9948;0.1647;0.9533;0.7896;1;0.9581;0.7752;0.998;0.998;1;0.998;0.998;0.9458;0.9512;0.1274;0.0571;0.058;0.0003;0.0085;-0.0012;0.0004;0.0012;0.0003;0;0;0.088;0;-0.0437;0;0;0;0;0;0;0;0;0;0;0;0;0.001;0;0.0473;0.0473;0;19.401;19.401;0.7508;0.0417;47.877;988.27;1;0.0031;0.0031;0;0;0;0;0;0;0.0443;-0.0437;0;15.772;18.264;-14.582;-16.885;93.537;93.537;0.4567;0.3781;-0.3496;0.0786;0.7277;0.172;1.5934;0;11.031;0;0
28/09/21 18:00;0;0;90;0;0;90;0;0;0;0;15.02;2.89;0;0;0;0;0;0;0;0;0;0;0;0;0;1;1;1;1;0;0;0;0;0;0;0;0;0;0;0;0;0;0;0;0;0;0;0;0;0;0;0;0;0;0;0;0;0;0;0;0;0;0;0;1;1;1;1;1;1;1;1;1;1;1;1;1;1;1;1;1;1;1;0;0;0;0;0;0;0;0;0;0.0004;0.088;0;-0.0884;0;0;0;0;0;0;0;0;0;0;0;0;0;0;0;0;0;0;0;-15.02;0;0;0;0;0.0004;0;0;0;0;0;0;0;-0.0004;-0.0884;0;0;0;0;0;0;0;0;0;-0.7063;0;0.7063;1;1;0;0;0;0
28/09/21 19:00;0;0;90;0;0;90;0;0;0;0;13.53;3.4201;0;0;0;0;0;0;0;0;0;0;0;0;0;1;1;1;1;0;0;0;0;0;0;0;0;0;0;0;0;0;0;0;0;0;0;0;0;0;0;0;0;0;0;0;0;0;0;0;0;0;0;0;1;1;1;1;1;1;1;1;1;1;1;1;1;1;1;1;1;1;1;0;0;0;0;0;0;0;0;0;0.0004;0.088;0;-0.0884;0;0;0;0;0;0;0;0;0;0;0;0;0;0;0;0;0;0;0;-13.53;0;0;0;0;0.0004;0;0;0;0;0;0;0;-0.0004;-0.0884;0;0;0;0;0;0;0;0;0;-0.7063;0;0.7063;1;1;0;0;0;0
28/09/21 20:00;0;0;90;0;0;90;0;0;0;0;13.31;3.6601;0;0;0;0;0;0;0;0;0;0;0;0;0;1;1;1;1;0;0;0;0;0;0;0;0;0;0;0;0;0;0;0;0;0;0;0;0;0;0;0;0;0;0;0;0;0;0;0;0;0;0;0;1;1;1;1;1;1;1;1;1;1;1;1;1;1;1;1;1;1;1;0;0;0;0;0;0;0;0;0;0.0004;0.088;0;-0.0884;0;0;0;0;0;0;0;0;0;0;0;0;0;0;0;0;0;0;0;-13.31;0;0;0;0;0.0004;0;0;0;0;0;0;0;-0.0004;-0.0884;0;0;0;0;0;0;0;0;0;-0.7063;0;0.7063;1;1;0;0;0;0
28/09/21 21:00;0;0;90;0;0;90;0;0;0;0;13.77;3.9899;0;0;0;0;0;0;0;0;0;0;0;0;0;1;1;1;1;0;0;0;0;0;0;0;0;0;0;0;0;0;0;0;0;0;0;0;0;0;0;0;0;0;0;0;0;0;0;0;0;0;0;0;1;1;1;1;1;1;1;1;1;1;1;1;1;1;1;1;1;1;1;0;0;0;0;0;0;0;0;0;0.0004;0.088;0;-0.0884;0;0;0;0;0;0;0;0;0;0;0;0;0;0;0;0;0;0;0;-13.77;0;0;0;0;0.0004;0;0;0;0;0;0;0;-0.0004;-0.0884;0;0;0;0;0;0;0;0;0;-0.7063;0;0.7063;1;1;0;0;0;0
28/09/21 22:00;0;0;90;0;0;90;0;0;0;0;13.22;3.9701;0;0;0;0;0;0;0;0;0;0;0;0;0;1;1;1;1;0;0;0;0;0;0;0;0;0;0;0;0;0;0;0;0;0;0;0;0;0;0;0;0;0;0;0;0;0;0;0;0;0;0;0;1;1;1;1;1;1;1;1;1;1;1;1;1;1;1;1;1;1;1;0;0;0;0;0;0;0;0;0;0.0004;0.088;0;-0.0884;0;0;0;0;0;0;0;0;0;0;0;0;0;0;0;0;0;0;0;-13.22;0;0;0;0;0.0004;0;0;0;0;0;0;0;-0.0004;-0.0884;0;0;0;0;0;0;0;0;0;-0.7063;0;0.7063;1;1;0;0;0;0
28/09/21 23:00;0;0;90;0;0;90;0;0;0;0;14.02;4.0699;0;0;0;0;0;0;0;0;0;0;0;0;0;1;1;1;1;0;0;0;0;0;0;0;0;0;0;0;0;0;0;0;0;0;0;0;0;0;0;0;0;0;0;0;0;0;0;0;0;0;0;0;1;1;1;1;1;1;1;1;1;1;1;1;1;1;1;1;1;1;1;0;0;0;0;0;0;0;0;0;0.0004;0.088;0;-0.0884;0;0;0;0;0;0;0;0;0;0;0;0;0;0;0;0;0;0;0;-14.02;0;0;0;0;0.0004;0;0;0;0;0;0;0;-0.0004;-0.0884;0;0;0;0;0;0;0;0;0;-0.7063;0;0.7063;1;1;0;0;0;0
29/09/21 00:00;0;0;90;0;0;90;0;0;0;0;14.64;4.1499;0;0;0;0;0;0;0;0;0;0;0;0;0;1;1;1;1;0;0;0;0;0;0;0;0;0;0;0;0;0;0;0;0;0;0;0;0;0;0;0;0;0;0;0;0;0;0;0;0;0;0;0;1;1;1;1;1;1;1;1;1;1;1;1;1;1;1;1;1;1;1;0;0;0;0;0;0;0;0;0;0.0004;0.088;0;-0.0884;0;0;0;0;0;0;0;0;0;0;0;0;0;0;0;0;0;0;0;-14.64;0;0;0;0;0.0004;0;0;0;0;0;0;0;-0.0004;-0.0884;0;0;0;0;0;0;0;0;0;-0.7063;0;0.7063;1;1;0;0;0;0
29/09/21 01:00;0;0;90;0;0;90;0;0;0;0;13.24;4.27;0;0;0;0;0;0;0;0;0;0;0;0;0;1;1;1;1;0;0;0;0;0;0;0;0;0;0;0;0;0;0;0;0;0;0;0;0;0;0;0;0;0;0;0;0;0;0;0;0;0;0;0;1;1;1;1;1;1;1;1;1;1;1;1;1;1;1;1;1;1;1;0;0;0;0;0;0;0;0;0;0.0004;0.088;0;-0.0884;0;0;0;0;0;0;0;0;0;0;0;0;0;0;0;0;0;0;0;-13.24;0;0;0;0;0.0004;0;0;0;0;0;0;0;-0.0004;-0.0884;0;0;0;0;0;0;0;0;0;-0.7063;0;0.7063;1;1;0;0;0;0
29/09/21 02:00;0;0;90;0;0;90;0;0;0;0;13.37;4.33;0;0;0;0;0;0;0;0;0;0;0;0;0;1;1;1;1;0;0;0;0;0;0;0;0;0;0;0;0;0;0;0;0;0;0;0;0;0;0;0;0;0;0;0;0;0;0;0;0;0;0;0;1;1;1;1;1;1;1;1;1;1;1;1;1;1;1;1;1;1;1;0;0;0;0;0;0;0;0;0;0.0004;0.088;0;-0.0884;0;0;0;0;0;0;0;0;0;0;0;0;0;0;0;0;0;0;0;-13.37;0;0;0;0;0.0004;0;0;0;0;0;0;0;-0.0004;-0.0884;0;0;0;0;0;0;0;0;0;-0.7063;0;0.7063;1;1;0;0;0;0
29/09/21 03:00;0;0;90;0;0;90;0;0;0;0;13.61;4.4601;0;0;0;0;0;0;0;0;0;0;0;0;0;1;1;1;1;0;0;0;0;0;0;0;0;0;0;0;0;0;0;0;0;0;0;0;0;0;0;0;0;0;0;0;0;0;0;0;0;0;0;0;1;1;1;1;1;1;1;1;1;1;1;1;1;1;1;1;1;1;1;0;0;0;0;0;0;0;0;0;0.0004;0.088;0;-0.0884;0;0;0;0;0;0;0;0;0;0;0;0;0;0;0;0;0;0;0;-13.61;0;0;0;0;0.0004;0;0;0;0;0;0;0;-0.0004;-0.0884;0;0;0;0;0;0;0;0;0;-0.7063;0;0.7063;1;1;0;0;0;0
29/09/21 04:00;0;0;90;0;0;90;0;0;0;0;13.8;4.65;0;0;0;0;0;0;0;0;0;0;0;0;0;1;1;1;1;0;0;0;0;0;0;0;0;0;0;0;0;0;0;0;0;0;0;0;0;0;0;0;0;0;0;0;0;0;0;0;0;0;0;0;1;1;1;1;1;1;1;1;1;1;1;1;1;1;1;1;1;1;1;0;0;0;0;0;0;0;0;0;0.0004;0.088;0;-0.0884;0;0;0;0;0;0;0;0;0;0;0;0;0;0;0;0;0;0;0;-13.8;0;0;0;0;0.0004;0;0;0;0;0;0;0;-0.0004;-0.0884;0;0;0;0;0;0;0;0;0;-0.7063;0;0.7063;1;1;0;0;0;0
29/09/21 05:00;2.096;-91.714;84.911;2.097;2.9943;-90;-2.9943;0;0;0;13.7;4.67;0;0;0;0;0;0;0;0;0;0;0;0;0;1;1;1;1;0;0;0;0;0;0;0;0;0;0;0;0;0;0;0;0;0;0;0;0;0;0;0;0;0;0;0;0;0;0;0;0;0;0;0;1;1;1;1;1;1;1;1;1;1;1;1;1;1;1;1;1;1;1;0;0;0;0;0;0;0;0;0;0.0004;0.088;0;-0.0884;0;0;0;0;0;0;0;0;0;0;0;0;0;0;0;0;0;0;0;-13.7;0;0;0;0;0.0004;0;0;0;0;0;0;0;-0.0004;-0.0884;0;0;0;0;0;0;0;0;0;-0.7063;0;0.7063;1;1;0;0;0;0
29/09/21 06:00;10.065;-86.078;64.921;10.089;15.052;-90;-15.052;6.6027;6.4989;0.1038;14;5.0001;0;0.2518;6.3846;0.0069;0;0.0215;6.6648;6.6648;0;0.2518;0;0;0;1;1;1;1;0;0;0;0;0;0;0;0;0;0;0;0;0;0;0;0;0;0;0;0;0;0;0;0;0;0;0;0;0;0;0;0;0;0;0;0;1;1;1;1;1;1;1;1;1;1;1;0;1;0;0;1;0;0;0;0;0;0;0;0;0;0;0;0.0004;0.088;0;-0.0884;0;0;0;0;0;0;0;0;0;0;0;0;0;0;0;0;0;0;0;-14;0;0;0;0;0.0004;0;0;0;0;0;0;0;-0.0004;-0.0884;0;0;0;0;0;0;0;0;0;-0.7063;0;0.7063;1;1;0;0;0;0
29/09/21 07:00;22.187;-76.886;23.67;22.722;46.796;-90;-46.796;12.893;12.893;0;14.16;4.98;0;0;10.86;0;0;0.3863;11.246;0;11.246;0;0;10.86;0.3863;0;1;0;0.0344;9.9332;1.3127;0;0;0.9532;0.3595;9.5881;0.3253;0;0;0.3239;0.0014;9.9133;0.0199;0;0;0.0198;0.0001;9.7359;0;0;9.5627;0.0254;8.2187;6.6736;2.6715;0.7592;0.1205;1.733;0.1478;1.0943;0;1;0;0;0.8723;0.8833;1;1;0.9122;0.0695;0.9672;1;1;0.9672;0.9485;0.998;1;1;0.998;0.998;0.8526;0.8806;0.0658;0.0338;0.033;0.0002;0.0063;-0.0012;0.0002;0.0007;0.0003;0;0;0.088;0;-0.0646;0;0;0;0;0;0;0;0;0;0;0;0;0.0006;0;0.0259;0.0259;0;14.563;14.563;0.4033;0.0421;26.445;980.65;1;0.0025;0.0025;0;0;0;0;0;0;0.0234;-0.0646;0;14.628;16.939;-36.447;-42.205;90.184;90.184;0.2699;0.2073;-0.5164;0.0626;0.7236;0.2321;2.6811;0;8.2187;0;0
29/09/21 08:00;33.818;-66.147;19.632;36.221;53.779;-90;-53.779;80.092;79.298;0.7941;14.4;5.0101;0;1.344;63.011;0.1402;0;3.1127;67.608;0;67.608;1.344;0.1402;63.011;3.1127;0.0199;0.978;0;0.046;57.925;9.6828;0;0;6.7673;2.9155;55.902;1.9073;0.0009;0.0001;1.8983;0.008;57.81;0.1159;0.0027;0.0003;0.1125;0.0004;57.157;1.3404;0.1399;54.233;0.1888;51.43;41.761;17.27;7.1485;0.8738;12.57;1.2548;6.2949;0;1;0;0;0.8441;0.8568;1;1;0.8926;0.0634;0.967;0.9993;1;0.9662;0.9593;0.998;0.998;1;0.998;0.998;0.8269;0.8607;0.0607;0.203;0.1987;0.0012;0.0151;-0.0061;0.0013;0.0047;0.0024;0;0;0.088;0;0.0819;0;0;0;0;0;0;0;0;0;0;0;0;0.0038;0.0002;0.1761;0.1761;0;16.69;16.69;2.29;0.041;167.65;1050.4;1;0.0062;0.0062;0;0;0;0;0;0;0.1699;0.0819;0;16.523;19.133;7.6849;8.8989;96.484;96.484;1.6226;1.4073;0.6546;0.2153;0.7528;0.1327;0.4639;0.4034;51.162;0.3541;0
29/09/21 09:00;44.372;-52.371;25.876;51.009;38.991;-90;-38.991;84.8;84.101;0.6991;14.58;5.22;0;0.8994;74.679;0.0792;0;1.7945;77.452;0;77.452;0.8994;0.0792;74.679;1.7945;0.0116;0.9874;0;0.0232;70.801;6.6507;0;0;5.0109;1.6397;68.396;2.2638;0.0008;0.0001;2.2472;0.0157;70.66;0.1416;0.0018;0.0002;0.1393;0.0003;69.018;0.8968;0.079;67.281;0.1388;53.101;43.118;16.761;2.7869;0.6732;9.6833;0.6222;7.5697;0;1;0;0;0.9134;0.9141;1;1;0.9329;0.0863;0.968;0.9991;1;0.9677;0.8986;0.998;0.998;1;0.998;0.998;0.8831;0.9009;0.0774;0.2326;0.2283;0.0014;0.0158;-0.0064;0.0015;0.0054;0.0018;0;0;0.088;0;0.1097;0;0;0;0;0;0;0;0;0;0;0;0;0.0043;0.0002;0.2041;0.2041;0;17.377;17.377;2.797;0.0409;193.39;1055.5;1;0.0064;0.0064;0;0;0;0;0;0;0.1977;0.1097;0;16.719;19.36;8.9835;10.403;96.843;96.843;1.8589;1.6314;0.8766;0.2275;0.7548;0.1224;0.4061;0.4716;52.742;0.4312;0
29/09/21 10:00;52.77;-33.485;30.305;67.255;22.745;-90;-22.745;114.49;113.4;1.0897;14.78;5.54;0;1.1816;108.88;0.1232;0;0.8458;111.03;0;111.03;1.1816;0.1232;108.88;0.8458;0.0106;0.9882;0;0.0076;107.21;3.8236;0;0;3.1067;0.7168;103.4;3.5955;0.0014;0.0001;3.5666;0.0273;107;0.2144;0.0024;0.0002;0.2116;0.0003;103.63;1.1778;0.1228;102;0.1015;69.282;56.257;20.535;0.6215;0.7691;11.063;0.2262;11.211;0;1;0;0;0.9698;0.9656;1;1;0.9715;0.1525;0.9664;0.9988;1;0.9662;0.7883;0.998;0.998;1;0.998;0.998;0.9313;0.9368;0.12;0.3334;0.3354;0.002;0.0175;-0.0073;0.0023;0.008;0.0021;0;0;0.088;0;0.2086;0;0;0;0;0;0;0;0;0;0;0;0;0.0065;0.0004;0.304;0.304;0;18.995;18.995;4.2158;0.0408;285.39;1065.1;1;0.0073;0.0073;0;0;0;0;0;0;0.2966;0.2086;0;17.367;20.11;11.92;13.803;97.589;97.589;2.6648;2.4293;1.6675;0.2355;0.7619;0.0884;0.2859;0.6257;68.614;0.5823;0
29/09/21 11:00;57.207;-8.3591;32.402;84.649;5.3509;-90;-5.3509;241.19;236.6;4.5904;14.7;5.87;0;4.6104;235.14;0.9503;0;0.0999;240.8;0;240.8;4.6104;0.9503;235.14;0.0999;0.0191;0.9769;0;0.0004;240.11;0.6979;0;0;0.6144;0.0834;229.44;10.189;0.0112;0.0023;10.172;0.0037;239.63;0.4802;0.0092;0.0019;0.4691;0;229.44;4.59;0.9461;223.89;0.0127;142.97;116.09;40.945;0.0034;1.5968;22.969;0.0069;24.562;0;1;0;0;0.9984;0.9971;1;1;0.9974;0.1643;0.9575;0.9976;1;0.9565;0.7765;0.998;0.998;1;0.998;0.998;0.9528;0.9521;0.1273;0.7231;0.7395;0.0045;0.0166;-0.0026;0.005;0.0179;0.0045;0;0;0.088;0;0.5779;0;0;0;0;0;0;0;0;0;0;0;0;0.0144;0.0015;0.6777;0.6777;0;24.027;24.027;9.3271;0.0407;631.48;1073.2;1;0.0118;0.0118;0;0;0;0;0;0;0.6659;0.5779;0;17.853;20.673;15.224;17.63;98.262;98.262;5.7793;5.4162;4.6187;0.3631;0.7974;0.0628;0.138;0.7992;139.71;0.7459;0
29/09/21 12:00;56.052;18.987;31.874;77.646;12.354;90;12.354;576;375.1;200.9;16.69;5.71;0;205.66;305;68.103;0;1.2671;580.03;0;580.03;205.66;68.103;305;1.2671;0.3546;0.528;0;0.0022;575.82;4.2145;0;0;3.1564;1.058;562.17;12.495;0.4376;0.1449;11.865;0.047;574.66;1.1516;0.4113;0.1362;0.6037;0.0004;562.42;204.81;67.822;289.37;0.1617;339.1;275.35;100.25;0.196;3.5956;51.722;0.2549;55.122;0;1;0;0;1.007;0.9927;1;1;0.9897;0.165;0.9783;0.9979;1;0.9606;0.7746;0.998;0.998;1;0.998;0.998;0.9692;0.9488;0.1276;1.7418;1.803;0.0109;0.0025;0.0932;0.0119;0.0421;0.0097;0;0;0.088;0;1.4778;0;0;0;0;0;0;0;0;0;0;0;0;0.0339;0.0074;1.5914;1.5914;0;39.721;39.721;23.031;0.041;1547.6;1028.3;1;0.0255;0.0255;0;0;0;0;0;0;1.5658;1.4778;0;17.404;20.154;16.163;18.716;98.396;98.396;13.921;12.718;11.811;1.2026;0.9073;0.0864;0.0652;0.8484;184;0.7953;0
29/09/21 13:00;49.793;41.736;28.798;60.634;29.366;90;29.366;267.1;260.1;6.9989;17.05;4.96;0;8.0309;241.75;2.003;0;3.2605;255.05;0;255.05;8.0309;2.003;241.75;3.2605;0.0315;0.9607;0;0.0128;241.79;13.262;0;0;10.405;2.857;233.68;7.6187;0.008;0.002;7.5355;0.0733;241.3;0.4836;0.0161;0.004;0.4627;0.0008;234.68;8.0068;1.997;223.35;0.3294;163.28;132.58;49.35;3.4;1.8763;26.989;0.9944;25.466;0;1;0;0;0.9549;0.948;1;1;0.957;0.1238;0.9684;0.999;1;0.9674;0.818;0.998;0.998;1;0.998;0.998;0.9162;0.9239;0.101;0.7659;0.7637;0.0046;0.0163;0.0043;0.0052;0.0183;0.0052;0;0;0.088;0;0.5936;0;0;0;0;0;0;0;0;0;0;0;0;0.0148;0.0016;0.6935;0.6935;0;26.569;26.569;9.5188;0.0407;652;1063.6;1;0.0119;0.0119;0;0;0;0;0;0;0.6816;0.5936;0;17.248;19.973;14.763;17.096;98.285;98.285;6.1211;5.5421;4.7437;0.579;0.7984;0.0946;0.1304;0.775;158.65;0.7181;0
29/09/21 14:00;40.362;58.331;23.581;44.961;45.039;90;45.039;212.6;208;4.5953;16.2;4.2;0;6.5032;176.57;1.5296;0;5.9252;190.52;0;190.52;6.5032;1.5296;176.57;5.9252;0.0341;0.9578;0;0.0311;170.33;20.196;0;0;14.686;5.5105;164.69;5.2987;0.0053;0.0012;5.267;0.0252;169.99;0.3407;0.013;0.0031;0.3238;0.0008;166.89;6.4849;1.5253;156.29;0.3887;133.83;108.67;43.127;10.816;1.8857;27.125;2.2048;18.195;0;1;0;0;0.8962;0.894;1;1;0.9168;0.07;0.9688;0.9992;1;0.9674;0.9391;0.998;0.998;1;0.998;0.998;0.8644;0.8852;0.0656;0.5721;0.5599;0.0034;0.0179;-0.0042;0.0038;0.0135;0.0053;0;0;0.088;0;0.411;0;0;0;0;0;0;0;0;0;0;0;0;0.0109;0.0009;0.5085;0.5085;0;22.908;22.908;6.7072;0.0407;476.92;1066.2;1;0.0095;0.0095;0;0;0;0;0;0;0.499;0.411;0;16.931;19.606;13.684;15.846;98.131;98.131;4.5726;4.0639;3.2847;0.5087;0.7792;0.1112;0.1704;0.7183;131.45;0.6492;0
29/09/21 15:00;29.286;70.68;16.772;30.724;59.276;90;59.276;201.5;193.5;8.001;16.6;2.9599;0;15.66;144.43;4.5366;0;9.3625;173.99;0;173.99;15.66;4.5366;144.43;9.3625;0.09;0.8839;0;0.0538;147.31;26.682;0;0;17.896;8.7857;142.52;4.4874;0.0091;0.0026;4.4392;0.0365;147.01;0.2946;0.0313;0.0091;0.2531;0.0012;146.35;15.62;4.5249;121.84;0.5391;126.7;102.88;43.525;23.122;2.4474;35.205;3.8269;14.53;0;1;0;0;0.8635;0.8466;1;1;0.8761;0.0616;0.9695;0.9994;1;0.9648;0.9366;0.998;0.998;1;0.998;0.998;0.8192;0.8436;0.0576;0.5225;0.515;0.0031;0.018;-0.0048;0.0035;0.0124;0.0068;0;0;0.088;0;0.3682;0;0;0;0;0;0;0;0;0;0;0;0;0.01;0.0008;0.4652;0.4652;0;22.41;22.41;5.8097;0.0408;437.66;1063;1;0.009;0.009;0;0;0;0;0;0;0.4562;0.3682;0;16.962;19.642;13.425;15.546;98.063;98.063;4.1757;3.7181;2.9428;0.4576;0.7753;0.1096;0.1857;0.7047;124.67;0.612;0
29/09/21 16:00;17.408;80.659;43.483;17.627;29.632;90;29.632;50.809;50.302;0.5073;15.76;2.59;0;1.2304;46.954;0.1515;0;0.6313;48.968;0;48.968;1.2304;0.1515;46.954;0.6313;0.0251;0.9718;0;0.0129;46.364;2.604;0;0;2.0501;0.5539;44.783;1.4876;0.011;0.0013;1.4613;0.0139;46.271;0.0927;0.0025;0.0003;0.0898;0.0002;44.975;1.217;0.1499;43.353;0.0633;30.873;25.069;9.3366;0.6814;0.3569;5.1339;0.1921;4.8095;0;1;0;0;0.9637;0.9468;1;1;0.9563;0.1226;0.9679;0.9911;1;0.9674;0.8196;0.998;0.998;1;0.998;0.998;0.9146;0.9233;0.1003;0.147;0.1463;0.0009;0.0134;-0.004;0.001;0.0034;0.001;0;0;0.088;0;0.0345;0;0;0;0;0;0;0;0;0;0;0;0;0.0027;0.0001;0.1279;0.1279;0;17.601;17.601;1.8409;0.0411;123.36;1036.8;1;0.0054;0.0054;0;0;0;0;0;0;0.1225;0.0345;0;16.569;19.187;4.4712;5.1775;95.789;95.789;1.1752;1.0222;0.2758;0.1531;0.7463;0.1302;0.6351;0.2347;30.87;0.2176;0
29/09/21 17:00;5.8097;89.101;75.789;5.8104;8.4026;90;8.4026;31.392;30.898;0.4939;14.9;3.64;0;1.1979;30.623;0.2678;0;0.032;32.12;0;32.12;1.1979;0.2678;30.623;0.032;0.0373;0.9544;0;0.001;31.927;0.1934;0;0;0.1666;0.0267;30.295;1.5676;0.2414;0.054;1.271;0.0012;31.863;0.0639;0.0024;0.0005;0.0609;0;30.3;0.9541;0.2133;29.124;0.0041;18.293;14.854;5.2427;0.0044;0.2043;2.9392;0.0046;3.1391;0;1;0;0;1.0232;0.994;1;1;0.9946;0.1648;0.9508;0.798;1;0.9582;0.7751;0.998;0.998;1;0.998;0.998;0.9432;0.9511;0.1275;0.0965;0.0975;0.0006;0.0111;-0.0032;0.0006;0.0022;0.0005;0;0;0.088;0;-0.0084;0;0;0;0;0;0;0;0;0;0;0;0;0.0018;0.0001;0.0837;0.0837;0;16.15;16.15;1.2503;0.0413;81.611;1025.9;1;0.0041;0.0041;0;0;0;0;0;0;0.0796;-0.0084;0;16.536;19.148;-1.6601;-1.9223;95.064;95.064;0.7709;0.6691;-0.0672;0.1017;0.7363;0.132;0.9552;0;18.29;0;0
29/09/21 18:00;0;0;90;0;0;90;0;0;0;0;14.42;4.34;0;0;0;0;0;0;0;0;0;0;0;0;0;1;1;1;1;0;0;0;0;0;0;0;0;0;0;0;0;0;0;0;0;0;0;0;0;0;0;0;0;0;0;0;0;0;0;0;0;0;0;0;1;1;1;1;1;1;1;1;1;1;1;1;1;1;1;1;1;1;1;0;0;0;0;0;0;0;0;0;0.0004;0.088;0;-0.0884;0;0;0;0;0;0;0;0;0;0;0;0;0;0;0;0;0;0;0;-14.42;0;0;0;0;0.0004;0;0;0;0;0;0;0;-0.0004;-0.0884;0;0;0;0;0;0;0;0;0;-0.7063;0;0.7063;1;1;0;0;0;0
29/09/21 19:00;0;0;90;0;0;90;0;0;0;0;13.78;4.6101;0;0;0;0;0;0;0;0;0;0;0;0;0;1;1;1;1;0;0;0;0;0;0;0;0;0;0;0;0;0;0;0;0;0;0;0;0;0;0;0;0;0;0;0;0;0;0;0;0;0;0;0;1;1;1;1;1;1;1;1;1;1;1;1;1;1;1;1;1;1;1;0;0;0;0;0;0;0;0;0;0.0004;0.088;0;-0.0884;0;0;0;0;0;0;0;0;0;0;0;0;0;0;0;0;0;0;0;-13.78;0;0;0;0;0.0004;0;0;0;0;0;0;0;-0.0004;-0.0884;0;0;0;0;0;0;0;0;0;-0.7063;0;0.7063;1;1;0;0;0;0
29/09/21 20:00;0;0;90;0;0;90;0;0;0;0;12.84;4.6001;0;0;0;0;0;0;0;0;0;0;0;0;0;1;1;1;1;0;0;0;0;0;0;0;0;0;0;0;0;0;0;0;0;0;0;0;0;0;0;0;0;0;0;0;0;0;0;0;0;0;0;0;1;1;1;1;1;1;1;1;1;1;1;1;1;1;1;1;1;1;1;0;0;0;0;0;0;0;0;0;0.0004;0.088;0;-0.0884;0;0;0;0;0;0;0;0;0;0;0;0;0;0;0;0;0;0;0;-12.84;0;0;0;0;0.0004;0;0;0;0;0;0;0;-0.0004;-0.0884;0;0;0;0;0;0;0;0;0;-0.7063;0;0.7063;1;1;0;0;0;0
29/09/21 21:00;0;0;90;0;0;90;0;0;0;0;12.31;4.8401;0;0;0;0;0;0;0;0;0;0;0;0;0;1;1;1;1;0;0;0;0;0;0;0;0;0;0;0;0;0;0;0;0;0;0;0;0;0;0;0;0;0;0;0;0;0;0;0;0;0;0;0;1;1;1;1;1;1;1;1;1;1;1;1;1;1;1;1;1;1;1;0;0;0;0;0;0;0;0;0;0.0004;0.088;0;-0.0884;0;0;0;0;0;0;0;0;0;0;0;0;0;0;0;0;0;0;0;-12.31;0;0;0;0;0.0004;0;0;0;0;0;0;0;-0.0004;-0.0884;0;0;0;0;0;0;0;0;0;-0.7063;0;0.7063;1;1;0;0;0;0
29/09/21 22:00;0;0;90;0;0;90;0;0;0;0;12.13;4.5499;0;0;0;0;0;0;0;0;0;0;0;0;0;1;1;1;1;0;0;0;0;0;0;0;0;0;0;0;0;0;0;0;0;0;0;0;0;0;0;0;0;0;0;0;0;0;0;0;0;0;0;0;1;1;1;1;1;1;1;1;1;1;1;1;1;1;1;1;1;1;1;0;0;0;0;0;0;0;0;0;0.0004;0.088;0;-0.0884;0;0;0;0;0;0;0;0;0;0;0;0;0;0;0;0;0;0;0;-12.13;0;0;0;0;0.0004;0;0;0;0;0;0;0;-0.0004;-0.0884;0;0;0;0;0;0;0;0;0;-0.7063;0;0.7063;1;1;0;0;0;0
29/09/21 23:00;0;0;90;0;0;90;0;0;0;0;12.9;4.72;0;0;0;0;0;0;0;0;0;0;0;0;0;1;1;1;1;0;0;0;0;0;0;0;0;0;0;0;0;0;0;0;0;0;0;0;0;0;0;0;0;0;0;0;0;0;0;0;0;0;0;0;1;1;1;1;1;1;1;1;1;1;1;1;1;1;1;1;1;1;1;0;0;0;0;0;0;0;0;0;0.0004;0.088;0;-0.0884;0;0;0;0;0;0;0;0;0;0;0;0;0;0;0;0;0;0;0;-12.9;0;0;0;0;0.0004;0;0;0;0;0;0;0;-0.0004;-0.0884;0;0;0;0;0;0;0;0;0;-0.7063;0;0.7063;1;1;0;0;0;0
30/09/21 00:00;0;0;90;0;0;90;0;0;0;0;13.2;5.2401;0;0;0;0;0;0;0;0;0;0;0;0;0;1;1;1;1;0;0;0;0;0;0;0;0;0;0;0;0;0;0;0;0;0;0;0;0;0;0;0;0;0;0;0;0;0;0;0;0;0;0;0;1;1;1;1;1;1;1;1;1;1;1;1;1;1;1;1;1;1;1;0;0;0;0;0;0;0;0;0;0.0004;0.088;0;-0.0884;0;0;0;0;0;0;0;0;0;0;0;0;0;0;0;0;0;0;0;-13.2;0;0;0;0;0.0004;0;0;0;0;0;0;0;-0.0004;-0.0884;0;0;0;0;0;0;0;0;0;-0.7063;0;0.7063;1;1;0;0;0;0
30/09/21 01:00;0;0;90;0;0;90;0;0;0;0;12.6;5.87;0;0;0;0;0;0;0;0;0;0;0;0;0;1;1;1;1;0;0;0;0;0;0;0;0;0;0;0;0;0;0;0;0;0;0;0;0;0;0;0;0;0;0;0;0;0;0;0;0;0;0;0;1;1;1;1;1;1;1;1;1;1;1;1;1;1;1;1;1;1;1;0;0;0;0;0;0;0;0;0;0.0004;0.088;0;-0.0884;0;0;0;0;0;0;0;0;0;0;0;0;0;0;0;0;0;0;0;-12.6;0;0;0;0;0.0004;0;0;0;0;0;0;0;-0.0004;-0.0884;0;0;0;0;0;0;0;0;0;-0.7063;0;0.7063;1;1;0;0;0;0
30/09/21 02:00;0;0;90;0;0;90;0;0;0;0;12.22;6.08;0;0;0;0;0;0;0;0;0;0;0;0;0;1;1;1;1;0;0;0;0;0;0;0;0;0;0;0;0;0;0;0;0;0;0;0;0;0;0;0;0;0;0;0;0;0;0;0;0;0;0;0;1;1;1;1;1;1;1;1;1;1;1;1;1;1;1;1;1;1;1;0;0;0;0;0;0;0;0;0;0.0004;0.088;0;-0.0884;0;0;0;0;0;0;0;0;0;0;0;0;0;0;0;0;0;0;0;-12.22;0;0;0;0;0.0004;0;0;0;0;0;0;0;-0.0004;-0.0884;0;0;0;0;0;0;0;0;0;-0.7063;0;0.7063;1;1;0;0;0;0
30/09/21 03:00;0;0;90;0;0;90;0;0;0;0;12.2;5.63;0;0;0;0;0;0;0;0;0;0;0;0;0;1;1;1;1;0;0;0;0;0;0;0;0;0;0;0;0;0;0;0;0;0;0;0;0;0;0;0;0;0;0;0;0;0;0;0;0;0;0;0;1;1;1;1;1;1;1;1;1;1;1;1;1;1;1;1;1;1;1;0;0;0;0;0;0;0;0;0;0.0004;0.088;0;-0.0884;0;0;0;0;0;0;0;0;0;0;0;0;0;0;0;0;0;0;0;-12.2;0;0;0;0;0.0004;0;0;0;0;0;0;0;-0.0004;-0.0884;0;0;0;0;0;0;0;0;0;-0.7063;0;0.7063;1;1;0;0;0;0
30/09/21 04:00;0;0;90;0;0;90;0;0;0;0;12.2;5.0999;0;0;0;0;0;0;0;0;0;0;0;0;0;1;1;1;1;0;0;0;0;0;0;0;0;0;0;0;0;0;0;0;0;0;0;0;0;0;0;0;0;0;0;0;0;0;0;0;0;0;0;0;1;1;1;1;1;1;1;1;1;1;1;1;1;1;1;1;1;1;1;0;0;0;0;0;0;0;0;0;0.0004;0.088;0;-0.0884;0;0;0;0;0;0;0;0;0;0;0;0;0;0;0;0;0;0;0;-12.2;0;0;0;0;0.0004;0;0;0;0;0;0;0;-0.0004;-0.0884;0;0;0;0;0;0;0;0;0;-0.7063;0;0.7063;1;1;0;0;0;0
30/09/21 05:00;2.1846;-92.126;84.696;2.1861;3.1221;-90;-3.1221;0;0;0;12.2;4.8501;0;0;0;0;0;0;0;0;0;0;0;0;0;1;1;1;1;0;0;0;0;0;0;0;0;0;0;0;0;0;0;0;0;0;0;0;0;0;0;0;0;0;0;0;0;0;0;0;0;0;0;0;1;1;1;1;1;1;1;1;1;1;1;1;1;1;1;1;1;1;1;0;0;0;0;0;0;0;0;0;0.0004;0.088;0;-0.0884;0;0;0;0;0;0;0;0;0;0;0;0;0;0;0;0;0;0;0;-12.2;0;0;0;0;0.0004;0;0;0;0;0;0;0;-0.0004;-0.0884;0;0;0;0;0;0;0;0;0;-0.7063;0;0.7063;1;1;0;0;0;0
30/09/21 06:00;10.359;-86.35;64.145;10.379;15.53;-90;-15.53;53.798;51.4;2.3987;12.4;5.0999;0;5.8176;49.969;1.2171;0;0.1866;57.19;0;57.19;5.8176;1.2171;49.969;0.1866;0.1017;0.877;0;0.0033;56.276;0.9141;0;0;0.7584;0.1557;53.924;2.239;0.3297;0.069;1.8334;0.0069;56.163;0.1126;0.0116;0.0024;0.0984;0.0001;53.964;5.4762;1.1457;47.278;0.0239;30.481;24.751;8.8252;0.0732;0.3389;4.8756;0.0393;5.1414;0;1;0;0;1.063;0.984;1;1;0.9848;0.1657;0.9601;0.9432;1;0.9627;0.7761;0.998;0.998;1;0.998;0.998;0.9429;0.9462;0.1283;0.1717;0.1728;0.001;0.0143;-0.0066;0.0011;0.0041;0.0009;0;0;0.088;0;0.0604;0;0;0;0;0;0;0;0;0;0;0;0;0.0033;0.0002;0.1545;0.1545;0;14.606;14.606;2.206;0.0409;146.08;1057.5;1;0.0061;0.0061;0;0;0;0;0;0;0.1484;0.0604;0;17.135;19.842;6.6957;7.7534;96.044;96.044;1.3726;1.2346;0.4824;0.138;0.7521;0.1005;0.548;0.3515;30.467;0.3304;0
30/09/21 07:00;22.489;-77.166;21.921;23.006;48.414;-90;-48.414;144.6;136.2;8.3966;13;5.3399;0;20.364;111.48;5.3071;0;4.619;141.77;0;141.77;20.364;5.3071;111.48;4.619;0.1436;0.8189;0;0.0326;127.18;14.588;0;0;10.281;4.3077;123.57;3.3609;0.0154;0.004;3.3273;0.0142;126.93;0.2544;0.0407;0.0106;0.2024;0.0006;125.24;20.308;5.2924;97.669;0.2965;85.743;69.623;28.035;8.7665;1.3012;18.717;1.6718;11.252;0;1;0;0;0.9805;0.8971;1;1;0.9078;0.0674;0.9735;0.9992;1;0.9671;0.9544;0.998;0.998;1;0.998;0.998;0.8716;0.8761;0.0642;0.4257;0.4167;0.0025;0.018;-0.0105;0.0028;0.0101;0.0037;0;0;0.088;0;0.2851;0;0;0;0;0;0;0;0;0;0;0;0;0.0081;0.0006;0.3814;0.3814;0;18.025;18.025;5.0249;0.0407;354.44;1076;1;0.0083;0.0083;0;0;0;0;0;0;0.3731;0.2851;0;17.065;19.761;12.758;14.773;97.835;97.835;3.4025;3.0479;2.2786;0.3546;0.7693;0.1042;0.2261;0.6697;85.691;0.6095;0
30/09/21 08:00;34.138;-66.43;19.327;36.492;53.508;-90;-53.508;367.09;234.3;132.79;15.04;5.3399;0;223.29;154.47;68.233;0;14.134;460.12;0;460.12;223.29;68.233;154.47;14.134;0.4853;0.3664;0;0.0307;430.42;29.705;0;0;16.468;13.237;424.68;4.8804;0.1488;0.0455;4.65;0.0361;429.56;0.8608;0.4466;0.1365;0.276;0.0018;428.96;222.69;68.051;133.07;0.8591;178.82;145.2;57.446;17.217;2.7108;38.994;4.284;24.488;0;1;0;0;1.2534;0.9354;1;1;0.8934;0.0635;0.9886;0.9993;1;0.9662;0.9597;0.998;0.998;1;0.998;0.998;0.923;0.8615;0.0608;1.3817;1.3742;0.0083;0.0081;0.0357;0.0093;0.0328;0.0075;0;0;0.088;0;1.1337;0;0;0;0;0;0;0;0;0;0;0;0;0.0264;0.0045;1.2416;1.2416;0;32.354;32.354;17.314;0.0408;1178.2;1053.8;1;0.0199;0.0199;0;0;0;0;0;0;1.2217;1.1337;0;17.118;19.823;15.631;18.1;98.398;98.398;11.043;9.9232;9.0609;1.1198;0.8622;0.1014;0.0781;0.8205;125.06;0.7716;0
30/09/21 09:00;44.723;-52.634;25.545;51.253;38.747;-90;-38.747;395.91;315.4;80.505;15.54;5.06;0;103.22;257.19;33.863;0;8.2776;402.55;0;402.55;103.22;33.863;257.19;8.2776;0.2564;0.6595;0;0.0206;377.91;24.647;0;0;17.091;7.5559;369.21;7.9382;0.0909;0.0298;7.7426;0.0748;377.15;0.7558;0.2064;0.0677;0.4802;0.0014;371.93;102.93;33.766;231.88;0.6454;231.94;188.33;72.455;9.3939;2.8088;40.403;2.7138;33.818;0;1;0;0;1.0168;0.9388;1;1;0.9335;0.0872;0.979;0.9991;1;0.9677;0.8961;0.998;0.998;1;0.998;0.998;0.9172;0.9016;0.078;1.2089;1.2054;0.0073;0.0105;0.0238;0.0081;0.0289;0.0078;0;0;0.088;0;0.9864;0;0;0;0;0;0;0;0;0;0;0;0;0.0233;0.0035;1.0921;1.0921;0;30.583;30.583;15.042;0.0407;1032;1058.3;1;0.0177;0.0177;0;0;0;0;0;0;1.0744;0.9864;0;17.21;19.929;15.545;18;98.38;98.38;9.6613;8.7283;7.8835;0.9331;0.8447;0.0966;0.0874;0.816;181.27;0.759;0
30/09/21 10:00;53.155;-33.651;29.945;67.451;22.549;-90;-22.549;417.1;357;60.106;17.12;4.7701;0;65.082;324.48;21.25;0;3.0293;413.84;0;413.84;65.082;21.25;324.48;3.0293;0.1573;0.7914;0;0.0073;402.14;11.696;0;0;9.1305;2.5652;390.5;10.835;0.0672;0.0219;10.648;0.0984;401.34;0.8043;0.1302;0.0425;0.6307;0.0009;391.3;64.884;21.185;304.07;0.3648;248.56;201.83;73.671;1.7954;2.7311;39.286;0.8034;40.221;0;1;0;0;0.9922;0.9717;1;1;0.9719;0.1532;0.973;0.999;1;0.9662;0.7876;0.998;0.998;1;0.998;0.998;0.9436;0.9371;0.1204;1.2427;1.2614;0.0076;0.0097;0.036;0.0085;0.03;0.0075;0;0;0.088;0;1.0279;0;0;0;0;0;0;0;0;0;0;0;0;0.0242;0.0039;1.1341;1.1341;0;33.057;33.057;15.937;0.0408;1081.1;1049;1;0.0182;0.0182;0;0;0;0;0;0;1.1159;1.0279;0;17.385;20.131;15.757;18.246;98.396;98.396;9.9321;9.0638;8.2151;0.8683;0.8487;0.0874;0.0855;0.8271;204.25;0.7722;0
30/09/21 11:00;57.603;-8.2874;32.018;84.774;5.2259;-90;-5.2259;351.99;332.2;19.796;17.94;4.51;0;19.878;325.82;5.7242;0;0.139;351.56;0;351.56;19.878;5.7242;325.82;0.139;0.0565;0.9272;0;0.0004;350.62;0.9364;0;0;0.8202;0.1162;335.75;14.178;0.044;0.0127;14.116;0.0051;349.92;0.7012;0.0398;0.0114;0.65;0;335.75;19.795;5.7001;310.23;0.0177;208.54;169.34;59.863;0.004;2.3202;33.376;0.0092;35.692;0;1;0;0;0.9988;0.9973;1;1;0.9975;0.1643;0.9595;0.9978;1;0.9565;0.7765;0.998;0.998;1;0.998;0.998;0.955;0.9522;0.1273;1.0557;1.0816;0.0065;0.0123;0.0255;0.0073;0.0258;0.0064;0;0;0.088;0;0.8704;0;0;0;0;0;0;0;0;0;0;0;0;0.0207;0.0029;0.9742;0.9742;0;31.639;31.639;13.699;0.0408;926.14;1051.9;1;0.0158;0.0158;0;0;0;0;0;0;0.9584;0.8704;0;17.579;20.356;15.705;18.186;98.375;98.375;8.4375;7.7858;6.956;0.6516;0.8298;0.0772;0.0983;0.8244;193.55;0.7697;0
30/09/21 12:00;56.404;19.323;31.478;77.603;12.397;90;12.397;287.1;279.5;7.5984;17.49;4.25;0;7.7798;274.4;1.9107;0;0.636;284.73;0;284.73;7.7798;1.9107;274.4;0.636;0.0273;0.966;0;0.0022;281.34;3.3875;0;0;2.8564;0.531;270.07;10.709;0.0148;0.0036;10.667;0.0236;280.77;0.5627;0.0156;0.0038;0.5431;0.0002;270.19;7.7495;1.9033;260.33;0.0811;171.05;138.89;49.345;0.1784;1.8985;27.309;0.1252;29.03;0;1;0;0;0.9917;0.9881;1;1;0.9896;0.165;0.9619;0.9981;1;0.9606;0.7746;0.998;0.998;1;0.998;0.998;0.9485;0.9487;0.1276;0.855;0.8714;0.0052;0.0151;0.0109;0.0059;0.0209;0.0053;0;0;0.088;0;0.6882;0;0;0;0;0;0;0;0;0;0;0;0;0.0168;0.002;0.7894;0.7894;0;28.497;28.497;11.007;0.0408;744.41;1060.4;1;0.0132;0.0132;0;0;0;0;0;0;0.7762;0.6882;0;17.587;20.365;15.332;17.754;98.327;98.327;6.8334;6.3086;5.4998;0.5248;0.8088;0.0768;0.1184;0.8048;165.56;0.7509;0
30/09/21 13:00;50.071;42.177;28.402;60.665;29.335;90;29.335;516.1;360.5;155.6;18.8;3.9001;0;178.49;287.28;61.415;0;6.2869;533.47;0;533.47;178.49;61.415;287.28;6.2869;0.3346;0.5503;0;0.0118;515.62;17.851;0;0;12.343;5.508;505.26;9.3328;0.1748;0.0601;8.9563;0.1416;514.59;1.0312;0.357;0.1228;0.5499;0.0016;507.08;177.96;61.232;265.43;0.6357;299.2;242.95;90.978;4.0258;3.2593;46.883;1.8174;46.117;0;1;0;0;1.0337;0.9665;1;1;0.957;0.1239;0.9819;0.999;1;0.9674;0.8179;0.998;0.998;1;0.998;0.998;0.9471;0.9239;0.1011;1.602;1.6261;0.0098;0.0046;0.0832;0.0107;0.0379;0.0088;0;0;0.088;0;1.3239;0;0;0;0;0;0;0;0;0;0;0;0;0.0306;0.0061;1.4344;1.4344;0;39.505;39.505;20.705;0.041;1396;1027.5;1;0.0225;0.0225;0;0;0;0;0;0;1.4119;1.3239;0;17.056;19.751;15.742;18.229;98.432;98.432;12.803;11.463;10.58;1.3399;0.8831;0.1047;0.069;0.8264;188.49;0.7754;0
30/09/21 14:00;40.581;58.767;23.192;45.048;44.952;90;44.952;782.69;129.1;653.59;19.41;3.4201;0;923.54;29.17;134.15;0;21.734;1108.6;0;1108.6;923.54;134.15;29.17;21.734;0.8331;0.0459;0;0.0196;1086;22.629;0;0;2.4193;20.21;1082;1.809;0.7383;0.1072;0.8702;0.0933;1083.8;2.1719;1.8471;0.2683;0.0535;0.003;1087.4;920.95;133.77;25.827;1.4279;336.26;273.04;101.03;1.7802;3.5639;51.265;5.3844;53.049;0;1;0;0;1.4164;0.9796;1;1;0.9171;0.0701;0.9983;0.9992;1;0.9674;0.9387;0.998;0.998;1;0.998;0.998;0.976;0.8854;0.0657;3.3291;3.3831;0.0204;0.0054;0.4706;0.0202;0.0717;0.0087;0;0;0.088;0;2.568;0;0;0;0;0;0;0;0;0;0;0;0;0.0577;0.0246;2.7038;2.7038;0;64.628;64.628;45.219;0.0418;2911.2;928.75;1;0.0478;0.0478;0;0;0;0;0;0;2.656;2.568;0;15.472;17.916;14.695;17.016;98.233;98.233;26.606;21.609;20.524;4.9973;1.0851;0.1878;0.0408;0.7714;21.699;0.7456;0
30/09/21 15:00;29.466;71.086;16.392;30.847;59.153;90;59.153;236;218.8;17.195;19.36;2.6399;0;33.534;161.26;10.917;0;10.924;216.64;0;216.64;33.534;10.917;161.26;10.924;0.1548;0.7948;0;0.0504;186.46;30.174;0;0;19.922;10.252;181.07;5.021;0.0189;0.0062;4.9539;0.042;186.09;0.3729;0.0671;0.0218;0.2827;0.0013;185.39;33.448;10.889;136.1;0.6289;143.56;116.57;49.211;25.626;2.7425;39.45;4.3168;16.567;0;1;0;0;0.918;0.8607;1;1;0.8765;0.0615;0.973;0.9994;1;0.9649;0.9374;0.998;0.998;1;0.998;0.998;0.8358;0.844;0.0576;0.6506;0.6415;0.0039;0.0174;0.004;0.0043;0.0153;0.0076;0;0;0.088;0;0.4774;0;0;0;0;0;0;0;0;0;0;0;0;0.0123;0.0012;0.5756;0.5756;0;26.752;26.752;7.3924;0.0408;546.08;1054;1;0.0101;0.0101;0;0;0;0;0;0;0.5654;0.4774;0;16.853;19.516;13.98;16.188;98.238;98.238;5.1993;4.5998;3.8155;0.5995;0.7844;0.1153;0.1509;0.7338;139;0.6458;0
30/09/21 16:00;17.568;81.04;42.944;17.771;29.98;90;29.98;289.31;117.2;172.11;19.34;1.7401;0;417.41;63.719;118.63;0;3.6773;603.43;0;603.43;417.41;118.63;63.719;3.6773;0.6917;0.1117;0;0.0061;597.37;6.0659;0;0;2.8341;3.2318;589.51;6.6625;3.5852;1.0189;1.9792;0.0792;596.17;1.1947;0.8348;0.2373;0.1218;0.0009;589.81;412.99;117.37;58.784;0.3654;43.075;34.977;12.588;0.9635;0.5273;7.5852;0.2963;7.149;0;1;0;0;2.0858;0.9899;1;1;0.9555;0.1212;0.9888;0.9914;1;0.9674;0.8218;0.998;0.998;1;0.998;0.998;0.9769;0.9225;0.0994;1.8121;1.7924;0.0108;0.0026;0.1172;0.0116;0.0413;0.0014;0;0;0.088;0;1.4541;0;0;0;0;0;0;0;0;0;0;0;0;0.0332;0.0074;1.5669;1.5669;0;43.564;43.564;24.224;0.0411;1542.8;1015.6;1;0.0248;0.0248;0;0;0;0;0;0;1.5421;1.4541;0;16.472;19.074;15.286;17.701;98.416;98.416;14.482;12.523;11.621;1.9597;0.9017;0.1353;0.0623;0.8024;41.992;0.7949;0
30/09/21 17:00;5.7583;89.614;75.917;5.7585;8.3253;90;8.3253;44.695;43.704;0.9916;17.28;2.21;0;2.405;43.159;0.7667;0;0.0447;46.375;0;46.375;2.405;0.7667;43.159;0.0447;0.0519;0.9316;0;0.001;46.107;0.2687;0;0;0.2313;0.0374;43.571;2.4432;0.4914;0.1567;1.7935;0.0017;46.014;0.0922;0.0048;0.0015;0.0859;0;43.577;1.9088;0.6085;41.048;0.0057;25.78;20.933;7.3883;0.006;0.288;4.1421;0.0063;4.4241;0;1;0;0;1.0376;0.9942;1;1;0.9946;0.1647;0.9469;0.7953;1;0.9581;0.7751;0.998;0.998;1;0.998;0.998;0.9395;0.9511;0.1274;0.1393;0.14;0.0008;0.0131;-0.0031;0.0009;0.0032;0.0008;0;0;0.088;0;0.0284;0;0;0;0;0;0;0;0;0;0;0;0;0.0026;0.0001;0.1215;0.1215;0;19.074;19.074;1.794;0.0412;118.07;1029.2;1;0.0051;0.0051;0;0;0;0;0;0;0.1164;0.0284;0;16.622;19.248;3.8804;4.4934;95.764;95.764;1.113;0.9711;0.2267;0.1419;0.7444;0.1275;0.6688;0.2037;25.773;0.1909;0
30/09/21 18:00;0;0;90;0;0;90;0;0;0;0;13.67;2.58;0;0;0;0;0;0;0;0;0;0;0;0;0;1;1;1;1;0;0;0;0;0;0;0;0;0;0;0;0;0;0;0;0;0;0;0;0;0;0;0;0;0;0;0;0;0;0;0;0;0;0;0;1;1;1;1;1;1;1;1;1;1;1;1;1;1;1;1;1;1;1;0;0;0;0;0;0;0;0;0;0.0004;0.088;0;-0.0884;0;0;0;0;0;0;0;0;0;0;0;0;0;0;0;0;0;0;0;-13.67;0;0;0;0;0.0004;0;0;0;0;0;0;0;-0.0004;-0.0884;0;0;0;0;0;0;0;0;0;-0.7063;0;0.7063;1;1;0;0;0;0
30/09/21 19:00;0;0;90;0;0;90;0;0;0;0;14.02;2.76;0;0;0;0;0;0;0;0;0;0;0;0;0;1;1;1;1;0;0;0;0;0;0;0;0;0;0;0;0;0;0;0;0;0;0;0;0;0;0;0;0;0;0;0;0;0;0;0;0;0;0;0;1;1;1;1;1;1;1;1;1;1;1;1;1;1;1;1;1;1;1;0;0;0;0;0;0;0;0;0;0.0004;0.088;0;-0.0884;0;0;0;0;0;0;0;0;0;0;0;0;0;0;0;0;0;0;0;-14.02;0;0;0;0;0.0004;0;0;0;0;0;0;0;-0.0004;-0.0884;0;0;0;0;0;0;0;0;0;-0.7063;0;0.7063;1;1;0;0;0;0
30/09/21 20:00;0;0;90;0;0;90;0;0;0;0;12.11;2.8699;0;0;0;0;0;0;0;0;0;0;0;0;0;1;1;1;1;0;0;0;0;0;0;0;0;0;0;0;0;0;0;0;0;0;0;0;0;0;0;0;0;0;0;0;0;0;0;0;0;0;0;0;1;1;1;1;1;1;1;1;1;1;1;1;1;1;1;1;1;1;1;0;0;0;0;0;0;0;0;0;0.0004;0.088;0;-0.0884;0;0;0;0;0;0;0;0;0;0;0;0;0;0;0;0;0;0;0;-12.11;0;0;0;0;0.0004;0;0;0;0;0;0;0;-0.0004;-0.0884;0;0;0;0;0;0;0;0;0;-0.7063;0;0.7063;1;1;0;0;0;0
30/09/21 21:00;0;0;90;0;0;90;0;0;0;0;11.69;3.0201;0;0;0;0;0;0;0;0;0;0;0;0;0;1;1;1;1;0;0;0;0;0;0;0;0;0;0;0;0;0;0;0;0;0;0;0;0;0;0;0;0;0;0;0;0;0;0;0;0;0;0;0;1;1;1;1;1;1;1;1;1;1;1;1;1;1;1;1;1;1;1;0;0;0;0;0;0;0;0;0;0.0004;0.088;0;-0.0884;0;0;0;0;0;0;0;0;0;0;0;0;0;0;0;0;0;0;0;-11.69;0;0;0;0;0.0004;0;0;0;0;0;0;0;-0.0004;-0.0884;0;0;0;0;0;0;0;0;0;-0.7063;0;0.7063;1;1;0;0;0;0
30/09/21 22:00;0;0;90;0;0;90;0;0;0;0;10.64;3.21;0;0;0;0;0;0;0;0;0;0;0;0;0;1;1;1;1;0;0;0;0;0;0;0;0;0;0;0;0;0;0;0;0;0;0;0;0;0;0;0;0;0;0;0;0;0;0;0;0;0;0;0;1;1;1;1;1;1;1;1;1;1;1;1;1;1;1;1;1;1;1;0;0;0;0;0;0;0;0;0;0.0004;0.088;0;-0.0884;0;0;0;0;0;0;0;0;0;0;0;0;0;0;0;0;0;0;0;-10.64;0;0;0;0;0.0004;0;0;0;0;0;0;0;-0.0004;-0.0884;0;0;0;0;0;0;0;0;0;-0.7063;0;0.7063;1;1;0;0;0;0
30/09/21 23:00;0;0;90;0;0;90;0;0;0;0;11.27;3.06;0;0;0;0;0;0;0;0;0;0;0;0;0;1;1;1;1;0;0;0;0;0;0;0;0;0;0;0;0;0;0;0;0;0;0;0;0;0;0;0;0;0;0;0;0;0;0;0;0;0;0;0;1;1;1;1;1;1;1;1;1;1;1;1;1;1;1;1;1;1;1;0;0;0;0;0;0;0;0;0;0.0004;0.088;0;-0.0884;0;0;0;0;0;0;0;0;0;0;0;0;0;0;0;0;0;0;0;-11.27;0;0;0;0;0.0004;0;0;0;0;0;0;0;-0.0004;-0.0884;0;0;0;0;0;0;0;0;0;-0.7063;0;0.7063;1;1;0;0;0;0
01/10/21 00:00;0;0;90;0;0;90;0;0;0;0;11.1;2.84;0;0;0;0;0;0;0;0;0;0;0;0;0;1;1;1;1;0;0;0;0;0;0;0;0;0;0;0;0;0;0;0;0;0;0;0;0;0;0;0;0;0;0;0;0;0;0;0;0;0;0;0;1;1;1;1;1;1;1;1;1;1;1;1;1;1;1;1;1;1;1;0;0;0;0;0;0;0;0;0;0.0004;0.088;0;-0.0884;0;0;0;0;0;0;0;0;0;0;0;0;0;0;0;0;0;0;0;-11.1;0;0;0;0;0.0004;0;0;0;0;0;0;0;-0.0004;-0.0884;0;0;0;0;0;0;0;0;0;-0.7063;0;0.7063;1;1;0;0;0;0
01/10/21 01:00;0;0;90;0;0;90;0;0;0;0;10.96;2.6299;0;0;0;0;0;0;0;0;0;0;0;0;0;1;1;1;1;0;0;0;0;0;0;0;0;0;0;0;0;0;0;0;0;0;0;0;0;0;0;0;0;0;0;0;0;0;0;0;0;0;0;0;1;1;1;1;1;1;1;1;1;1;1;1;1;1;1;1;1;1;1;0;0;0;0;0;0;0;0;0;0.0004;0.088;0;-0.0884;0;0;0;0;0;0;0;0;0;0;0;0;0;0;0;0;0;0;0;-10.96;0;0;0;0;0.0004;0;0;0;0;0;0;0;-0.0004;-0.0884;0;0;0;0;0;0;0;0;0;-0.7063;0;0.7063;1;1;0;0;0;0
01/10/21 02:00;0;0;90;0;0;90;0;0;0;0;11.5;2.3899;0;0;0;0;0;0;0;0;0;0;0;0;0;1;1;1;1;0;0;0;0;0;0;0;0;0;0;0;0;0;0;0;0;0;0;0;0;0;0;0;0;0;0;0;0;0;0;0;0;0;0;0;1;1;1;1;1;1;1;1;1;1;1;1;1;1;1;1;1;1;1;0;0;0;0;0;0;0;0;0;0.0004;0.088;0;-0.0884;0;0;0;0;0;0;0;0;0;0;0;0;0;0;0;0;0;0;0;-11.5;0;0;0;0;0.0004;0;0;0;0;0;0;0;-0.0004;-0.0884;0;0;0;0;0;0;0;0;0;-0.7063;0;0.7063;1;1;0;0;0;0
01/10/21 03:00;0;0;90;0;0;90;0;0;0;0;10.42;2.0799;0;0;0;0;0;0;0;0;0;0;0;0;0;1;1;1;1;0;0;0;0;0;0;0;0;0;0;0;0;0;0;0;0;0;0;0;0;0;0;0;0;0;0;0;0;0;0;0;0;0;0;0;1;1;1;1;1;1;1;1;1;1;1;1;1;1;1;1;1;1;1;0;0;0;0;0;0;0;0;0;0.0004;0.088;0;-0.0884;0;0;0;0;0;0;0;0;0;0;0;0;0;0;0;0;0;0;0;-10.42;0;0;0;0;0.0004;0;0;0;0;0;0;0;-0.0004;-0.0884;0;0;0;0;0;0;0;0;0;-0.7063;0;0.7063;1;1;0;0;0;0
01/10/21 04:00;0;0;90;0;0;90;0;0;0;0;10.02;1.64;0;0;0;0;0;0;0;0;0;0;0;0;0;1;1;1;1;0;0;0;0;0;0;0;0;0;0;0;0;0;0;0;0;0;0;0;0;0;0;0;0;0;0;0;0;0;0;0;0;0;0;0;1;1;1;1;1;1;1;1;1;1;1;1;1;1;1;1;1;1;1;0;0;0;0;0;0;0;0;0;0.0004;0.088;0;-0.0884;0;0;0;0;0;0;0;0;0;0;0;0;0;0;0;0;0;0;0;-10.02;0;0;0;0;0.0004;0;0;0;0;0;0;0;-0.0004;-0.0884;0;0;0;0;0;0;0;0;0;-0.7063;0;0.7063;1;1;0;0;0;0
01/10/21 05:00;2.2718;-92.539;84.483;2.274;3.2482;-90;-3.2482;0.5079;0.4988;0.0091;9.5001;1;0;0.022;0.4983;0.0002;0;0.0001;0.5206;0.5206;0;0.022;0;0;0;1;1;1;1;0;0;0;0;0;0;0;0;0;0;0;0;0;0;0;0;0;0;0;0;0;0;0;0;0;0;0;0;0;0;0;0;0;0;0;0;1;1;1;1;1;1;1;1;1;1;1;0;1;0;0;1;0;0;0;0;0;0;0;0;0;0;0;0.0004;0.088;0;-0.0884;0;0;0;0;0;0;0;0;0;0;0;0;0;0;0;0;0;0;0;-9.5001;0;0;0;0;0.0004;0;0;0;0;0;0;0;-0.0004;-0.0884;0;0;0;0;0;0;0;0;0;-0.7063;0;0.7063;1;1;0;0;0;0
01/10/21 06:00;10.651;-86.623;63.369;10.669;16.011;-90;-16.011;140.1;28.703;111.4;10.52;0.67;0;270.17;15.737;30.693;0;0.5435;317.15;0;317.15;270.17;30.693;15.737;0.5435;0.8519;0.0513;0;0.0017;316.44;0.705;0;0;0.2514;0.4535;299.81;16.315;14.118;1.6038;0.5727;0.0201;316.12;0.3164;0.2702;0.0307;0.0155;0.0001;299.83;255.79;29.058;14.897;0.0697;10.22;8.2273;2.8191;0.0258;0.1342;1.9298;0.0173;2.0382;0;1;0;0;2.2637;0.9978;1;1;0.984;0.1654;0.9484;0.9477;1;0.963;0.7763;0.999;0.999;1;0.999;0.999;0.9453;0.9466;0.1283;0.9524;0.9071;0.0055;0.0147;-0.0075;0.0063;0.0222;0.0004;0;0;0.088;0;0.7433;0;0;0;0;0;0;0;0;0;0;0;0;0.0179;0.0021;0.8456;0.8456;0;22.67;22.67;12.15;0.0405;776.96;1088.4;1;0.0144;0.0144;0;0;0;0;0;0;0.8313;0.7433;0;16.914;19.586;14.867;17.216;98.303;98.303;7.6115;6.7582;5.9402;0.8533;0.818;0.1121;0.1075;0.7804;9.6125;0.7769;0
01/10/21 07:00;22.79;-77.447;20.044;23.289;50.223;-90;-50.223;358.5;63.799;294.7;13.27;1.22;0;714.73;23.197;86.113;0;12.913;836.95;0;836.95;714.73;86.113;23.197;12.913;0.854;0.0431;0;0.0154;822.63;14.323;0;0;2.2562;12.067;820.53;1.2832;0.4943;0.0596;0.6944;0.0349;821.81;0.8226;0.7147;0.0861;0.0209;0.0008;820.92;713.52;85.967;20.225;0.8106;19.771;15.916;6.9801;2.075;0.2919;4.1994;0.3971;2.4162;0;1;0;0;2.3346;0.9829;1;1;0.9027;0.0655;0.9984;0.9993;1;0.9668;0.9587;0.999;0.999;1;0.999;0.999;0.9804;0.8719;0.0628;2.5134;2.4814;0.0149;-0.0021;0.1916;0.0159;0.0565;0.0008;0;0;0.088;0;2.0207;0;0;0;0;0;0;0;0;0;0;0;0;0.0455;0.0136;2.1446;2.1446;0;47.06;47.06;33.79;0.0412;2137.8;1003.2;1;0.0359;0.0359;0;0;0;0;0;0;2.1087;2.0207;0;16.255;18.823;15.316;17.735;98.325;98.325;20.087;17.139;16.149;2.9474;0.9903;0.1467;0.0493;0.804;18.153;0.801;0
01/10/21 08:00;34.457;-66.716;19.022;36.761;53.239;-90;-53.239;561.8;94.697;467.1;15.11;2.11;0;780.48;29.979;95.556;0;22.558;928.58;0;928.58;780.48;95.556;29.979;22.558;0.8405;0.0566;0;0.0243;904.28;24.297;0;0;3.173;21.124;901.84;1.5352;0.5123;0.0627;0.9028;0.0574;903.38;0.9043;0.7805;0.0956;0.0268;0.0014;906.33;779.19;95.398;25.876;1.3752;189.05;152.18;58.266;3.288;2.2666;32.604;4.4909;31.582;0;1;0;0;1.6529;0.9738;1;1;0.8942;0.0636;0.9983;0.9993;1;0.9663;0.9599;0.999;0.999;1;0.999;0.999;0.9712;0.8632;0.061;2.7885;2.7985;0.0168;-0.0016;0.2687;0.0176;0.0624;0.0059;0;0;0.088;0;2.2325;0;0;0;0;0;0;0;0;0;0;0;0;0.0503;0.0171;2.3613;2.3613;0;52.413;52.413;37.302;0.0414;2410.1;979.75;1;0.0408;0.0408;0;0;0;0;0;0;2.3205;2.2325;0;16.131;18.679;15.251;17.661;98.273;98.273;22.286;18.871;17.842;3.4146;1.0292;0.1532;0.0462;0.8006;24.202;0.7801;0
01/10/21 09:00;45.072;-52.901;25.213;51.494;38.506;-90;-38.506;356.99;308.6;48.398;17.04;3.0201;0;61.847;261.29;19.72;0;7.7631;350.62;0;350.62;61.847;19.72;261.29;7.7631;0.1764;0.7674;0;0.0221;326.34;24.276;0;0;17.197;7.0791;318;8.021;0.0538;0.0172;7.8773;0.0727;326.02;0.3263;0.0618;0.0197;0.2441;0.0007;320.55;61.731;19.683;235.97;0.6105;214.15;172.39;69.598;9.3414;2.6988;38.821;2.5516;32.178;0;1;0;0;0.9821;0.9308;1;1;0.9342;0.0881;0.9754;0.9991;1;0.9677;0.8936;0.999;0.999;1;0.999;0.999;0.907;0.9031;0.0786;1.0529;1.0473;0.0063;0.0128;0.0186;0.0071;0.0251;0.0075;0;0;0.088;0;0.8435;0;0;0;0;0;0;0;0;0;0;0;0;0.0202;0.0028;0.947;0.947;0;30.002;30.002;12.962;0.0408;895.56;1057.5;1;0.0155;0.0155;0;0;0;0;0;0;0.9315;0.8435;0;17.135;19.841;15.262;17.673;98.364;98.364;8.4149;7.5688;6.7416;0.8461;0.8271;0.1005;0.0983;0.8012;183.78;0.7398;0
01/10/21 10:00;53.539;-33.821;29.585;67.643;22.357;-90;-22.357;771.5;171;600.5;17.67;3.61;0;649.3;74.688;100.99;0;5.7991;830.78;0;830.78;649.3;100.99;74.688;5.7991;0.7816;0.0969;0;0.007;823.8;6.9794;0;0;2.0729;4.9065;819.56;3.4137;0.6629;0.1031;2.4577;0.19;822.98;0.8238;0.6493;0.101;0.0726;0.0009;820.99;647.99;100.78;70.085;0.7017;433.02;348.58;136.24;0.4019;4.5473;65.411;1.4293;69.557;0;1;0;0;1.0768;0.9916;1;1;0.9722;0.1539;0.9959;0.999;1;0.9661;0.7869;0.999;0.999;1;0.999;0.999;0.9865;0.9384;0.121;2.4948;2.6106;0.0157;-0.0021;0.243;0.0165;0.0584;0.0118;0;0;0.088;0;2.0803;0;0;0;0;0;0;0;0;0;0;0;0;0.0471;0.015;2.2053;2.2053;0;51.546;51.546;33.876;0.0413;2245.4;982.15;1;0.037;0.037;0;0;0;0;0;0;2.1683;2.0803;0;16.839;19.499;15.885;18.394;98.323;98.323;19.939;17.625;16.626;2.314;0.9988;0.1161;0.0501;0.8339;46.967;0.7874;0
01/10/21 11:00;57.998;-8.2164;31.635;84.896;5.1035;-90;-5.1035;852.51;165.1;687.41;18.45;3.88;0;690.14;67.071;98.287;0;0.338;855.84;0;855.84;690.14;98.287;67.071;0.338;0.8064;0.0788;0;0.0004;855.39;0.4451;0;0;0.1627;0.2825;850.04;4.4949;1.3739;0.1957;2.9129;0.0124;854.54;0.8554;0.6901;0.0983;0.0669;0.0001;850.08;688.08;97.993;63.928;0.0431;501.65;403.83;156.48;0.0008;5.3257;76.608;0.0319;81.933;0;1;0;0;1.0039;0.9995;1;1;0.9976;0.1642;0.9947;0.998;1;0.9564;0.7766;0.999;0.999;1;0.999;0.999;0.9932;0.9531;0.1274;2.5701;2.7218;0.0164;-0.0019;0.2735;0.017;0.0604;0.0137;0;0;0.088;0;2.1513;0;0;0;0;0;0;0;0;0;0;0;0;0.0487;0.0162;2.2778;2.2778;0;53.646;53.646;35.196;0.0414;2340.4;973.25;1;0.0386;0.0386;0;0;0;0;0;0;2.2393;2.1513;0;16.884;19.551;15.946;18.465;98.307;98.307;20.54;18.204;17.193;2.3358;1.0115;0.1137;0.0492;0.837;39.837;0.7845;0
01/10/21 12:00;56.754;19.662;31.083;77.561;12.439;90;12.439;389.5;357.2;32.297;18.53;3.93;0;33.074;343.04;10.333;0;0.9143;387.36;0;387.36;33.074;10.333;343.04;0.9143;0.0854;0.8879;0;0.0024;383.01;4.3544;0;0;3.591;0.7634;369.18;13.445;0.0552;0.0172;13.339;0.034;382.62;0.383;0.0331;0.0103;0.3394;0.0002;369.36;32.985;10.306;325.77;0.1167;231.58;186.42;69.599;0.2259;2.6447;38.043;0.1785;40.462;0;1;0;0;0.9945;0.9888;1;1;0.9895;0.165;0.9649;0.9983;1;0.9607;0.7746;0.999;0.999;1;0.999;0.999;0.9531;0.9497;0.1277;1.1632;1.1927;0.0072;0.0107;0.0365;0.008;0.0283;0.0073;0;0;0.088;0;0.9634;0;0;0;0;0;0;0;0;0;0;0;0;0.0228;0.0035;1.0686;1.0686;0;33.61;33.61;15.079;0.0408;1022.1;1045.5;1;0.0172;0.0172;0;0;0;0;0;0;1.0514;0.9634;0;17.5;20.264;15.778;18.27;98.394;98.394;9.2966;8.5402;7.6997;0.7565;0.8404;0.0814;0.0904;0.8282;207;0.7715;0
01/10/21 13:00;50.348;42.621;28.006;60.698;29.302;90;29.302;589.5;329.2;260.3;19.68;3.87;0;298.49;231.93;93.357;0;7.5424;631.32;0;631.32;298.49;93.357;231.93;7.5424;0.4728;0.3793;0;0.0119;614.77;16.554;0;0;9.9471;6.6069;606.36;7.7885;0.2885;0.0902;7.2394;0.1704;614.15;0.6148;0.2985;0.0934;0.222;0.0009;608.46;297.9;93.174;214.53;0.7641;333.08;268.13;105.37;3.2382;3.6511;52.519;2.0928;52.932;0;1;0;0;1.071;0.9738;1;1;0.9571;0.124;0.9873;0.999;1;0.9674;0.8177;0.999;0.999;1;0.999;0.999;0.9605;0.9249;0.1013;1.8959;1.9433;0.0117;0.001;0.134;0.0126;0.0446;0.0097;0;0;0.088;0;1.5703;0;0;0;0;0;0;0;0;0;0;0;0;0.0359;0.0086;1.6852;1.6852;0;44.615;44.615;24.936;0.0411;1668;1010.3;1;0.027;0.027;0;0;0;0;0;0;1.6583;1.5703;0;16.934;19.609;15.778;18.271;98.398;98.398;15.152;13.469;12.549;1.6832;0.919;0.1111;0.0607;0.8283;152.14;0.7797;0
01/10/21 14:00;40.798;59.205;22.803;45.136;44.864;90;44.864;748.51;123.5;625.01;19.52;3.7;0;881.8;31.684;121.92;0;21.797;1057.2;0;1057.2;881.8;121.92;31.684;21.797;0.8341;0.0506;0;0.0206;1034.3;22.886;0;0;2.6203;20.265;1031.4;1.8305;0.6939;0.0959;0.9462;0.0945;1033.3;1.0343;0.8818;0.1219;0.0291;0.0015;1036.8;880.22;121.7;28.089;1.4359;323.15;260.14;100.8;1.9202;3.5553;51.141;5.3413;52.776;0;1;0;0;1.4124;0.9784;1;1;0.9173;0.0703;0.9982;0.9992;1;0.9674;0.9382;0.999;0.999;1;0.999;0.999;0.9756;0.8865;0.0659;3.1748;3.2305;0.0194;0.0028;0.4258;0.0195;0.0691;0.0088;0;0;0.088;0;2.4733;0;0;0;0;0;0;0;0;0;0;0;0;0.0556;0.0225;2.607;2.607;0;62.548;62.548;43.028;0.0417;2778.1;938.41;1;0.0457;0.0457;0;0;0;0;0;0;2.5613;2.4733;0;15.643;18.114;14.841;17.185;98.247;98.247;25.373;20.835;19.767;4.5375;1.0686;0.1788;0.0421;0.7791;23.551;0.7518;0
01/10/21 15:00;29.646;71.493;16.014;30.971;59.029;90;59.029;226.99;213.2;13.79;18.62;3.22;0;26.798;158.17;8.4494;0;11.018;204.43;0;204.43;26.798;8.4494;158.17;11.018;0.1311;0.8276;0;0.0539;174.61;29.821;0;0;19.48;10.341;169.51;4.9222;0.0148;0.0047;4.8608;0.0419;174.44;0.1746;0.0268;0.0084;0.1387;0.0007;173.86;26.756;8.4362;133.69;0.6349;139.81;112.55;49.662;24.947;2.7126;39.02;4.3491;16.786;0;1;0;0;0.9006;0.8541;1;1;0.8768;0.0615;0.9718;0.9994;1;0.9649;0.9381;0.999;0.999;1;0.999;0.999;0.8292;0.8452;0.0576;0.6139;0.6059;0.0036;0.0176;0.0012;0.0041;0.0145;0.0075;0;0;0.088;0;0.4469;0;0;0;0;0;0;0;0;0;0;0;0;0.0117;0.0011;0.5447;0.5447;0;25.537;25.537;6.9174;0.0408;515.5;1056.5;1;0.0098;0.0098;0;0;0;0;0;0;0.5349;0.4469;0;16.901;19.571;13.866;16.057;98.202;98.202;4.9063;4.3529;3.5713;0.5535;0.7815;0.1128;0.1593;0.7279;136.14;0.6369;0
01/10/21 16:00;17.727;81.422;42.399;17.915;30.333;90;30.333;87.202;85.797;1.4059;17.46;2.0601;0;3.4096;79.654;0.7028;0;1.1937;84.96;0;84.96;3.4096;0.7028;79.654;1.1937;0.0401;0.9516;0;0.0141;80.3;4.6604;0;0;3.6095;1.0509;77.689;2.5311;0.0282;0.0058;2.4719;0.0251;80.22;0.0803;0.0034;0.0007;0.076;0.0001;78.047;3.378;0.6963;73.497;0.1176;52.63;42.367;16.556;1.2533;0.6312;9.0791;0.3588;8.457;0;1;0;0;0.9743;0.9451;1;1;0.9547;0.1196;0.9684;0.9917;1;0.9675;0.824;0.999;0.999;1;0.999;0.999;0.9144;0.9227;0.0985;0.2551;0.2542;0.0015;0.0164;-0.0041;0.0017;0.006;0.0017;0;0;0.088;0;0.1314;0;0;0;0;0;0;0;0;0;0;0;0;0.0048;0.0003;0.2259;0.2259;0;20.641;20.641;3.1814;0.041;215.83;1046.9;1;0.0065;0.0065;0;0;0;0;0;0;0.2194;0.1314;0;16.87;19.535;9.8134;11.364;97.118;97.118;2.039;1.8057;1.0504;0.2333;0.7553;0.1144;0.3704;0.5151;52.622;0.477;0
01/10/21 17:00;5.912;89.982;75.534;5.912;8.554;90;8.554;22.699;22.497;0.2025;15.49;1.81;0;0.4912;22.339;0.0785;0;0.0253;22.934;0;22.934;0.4912;0.0785;22.339;0.0253;0.0214;0.9752;0;0.0011;22.788;0.1463;0;0;0.1252;0.0211;21.726;1.0388;0.0964;0.0154;0.9261;0.0009;22.765;0.0228;0.0005;0.0001;0.0222;0;21.73;0.3943;0.063;21.266;0.0032;13.348;10.745;3.9684;0.0035;0.1546;2.2243;0.0037;2.3755;0;1;0;0;1.0104;0.9936;1;1;0.9944;0.1648;0.9544;0.8035;1;0.9583;0.7751;0.999;0.999;1;0.999;0.999;0.9473;0.9519;0.1276;0.0689;0.0701;0.0004;0.0094;-0.0022;0.0004;0.0016;0.0004;0;0;0.088;0;-0.0326;0;0;0;0;0;0;0;0;0;0;0;0;0.0012;0;0.0588;0.0588;0;16.391;16.391;0.9013;0.0415;58.245;1010;1;0.0034;0.0034;0;0;0;0;0;0;0.0554;-0.0326;0;16.272;18.843;-9.014;-10.438;94.191;94.191;0.5504;0.4702;-0.2604;0.0803;0.7306;0.1458;1.3274;0;13.347;0;0
01/10/21 18:00;0;0;90;0;0;90;0;0;0;0;14;1.9199;0;0;0;0;0;0;0;0;0;0;0;0;0;1;1;1;1;0;0;0;0;0;0;0;0;0;0;0;0;0;0;0;0;0;0;0;0;0;0;0;0;0;0;0;0;0;0;0;0;0;0;0;1;1;1;1;1;1;1;1;1;1;1;1;1;1;1;1;1;1;1;0;0;0;0;0;0;0;0;0;0.0004;0.088;0;-0.0884;0;0;0;0;0;0;0;0;0;0;0;0;0;0;0;0;0;0;0;-14;0;0;0;0;0.0004;0;0;0;0;0;0;0;-0.0004;-0.0884;0;0;0;0;0;0;0;0;0;-0.7063;0;0.7063;1;1;0;0;0;0
01/10/21 19:00;0;0;90;0;0;90;0;0;0;0;13.7;2.05;0;0;0;0;0;0;0;0;0;0;0;0;0;1;1;1;1;0;0;0;0;0;0;0;0;0;0;0;0;0;0;0;0;0;0;0;0;0;0;0;0;0;0;0;0;0;0;0;0;0;0;0;1;1;1;1;1;1;1;1;1;1;1;1;1;1;1;1;1;1;1;0;0;0;0;0;0;0;0;0;0.0004;0.088;0;-0.0884;0;0;0;0;0;0;0;0;0;0;0;0;0;0;0;0;0;0;0;-13.7;0;0;0;0;0.0004;0;0;0;0;0;0;0;-0.0004;-0.0884;0;0;0;0;0;0;0;0;0;-0.7063;0;0.7063;1;1;0;0;0;0
01/10/21 20:00;0;0;90;0;0;90;0;0;0;0;13.71;2.1501;0;0;0;0;0;0;0;0;0;0;0;0;0;1;1;1;1;0;0;0;0;0;0;0;0;0;0;0;0;0;0;0;0;0;0;0;0;0;0;0;0;0;0;0;0;0;0;0;0;0;0;0;1;1;1;1;1;1;1;1;1;1;1;1;1;1;1;1;1;1;1;0;0;0;0;0;0;0;0;0;0.0004;0.088;0;-0.0884;0;0;0;0;0;0;0;0;0;0;0;0;0;0;0;0;0;0;0;-13.71;0;0;0;0;0.0004;0;0;0;0;0;0;0;-0.0004;-0.0884;0;0;0;0;0;0;0;0;0;-0.7063;0;0.7063;1;1;0;0;0;0
01/10/21 21:00;0;0;90;0;0;90;0;0;0;0;13.53;2.12;0;0;0;0;0;0;0;0;0;0;0;0;0;1;1;1;1;0;0;0;0;0;0;0;0;0;0;0;0;0;0;0;0;0;0;0;0;0;0;0;0;0;0;0;0;0;0;0;0;0;0;0;1;1;1;1;1;1;1;1;1;1;1;1;1;1;1;1;1;1;1;0;0;0;0;0;0;0;0;0;0.0004;0.088;0;-0.0884;0;0;0;0;0;0;0;0;0;0;0;0;0;0;0;0;0;0;0;-13.53;0;0;0;0;0.0004;0;0;0;0;0;0;0;-0.0004;-0.0884;0;0;0;0;0;0;0;0;0;-0.7063;0;0.7063;1;1;0;0;0;0
01/10/21 22:00;0;0;90;0;0;90;0;0;0;0;13.43;1.9299;0;0;0;0;0;0;0;0;0;0;0;0;0;1;1;1;1;0;0;0;0;0;0;0;0;0;0;0;0;0;0;0;0;0;0;0;0;0;0;0;0;0;0;0;0;0;0;0;0;0;0;0;1;1;1;1;1;1;1;1;1;1;1;1;1;1;1;1;1;1;1;0;0;0;0;0;0;0;0;0;0.0004;0.088;0;-0.0884;0;0;0;0;0;0;0;0;0;0;0;0;0;0;0;0;0;0;0;-13.43;0;0;0;0;0.0004;0;0;0;0;0;0;0;-0.0004;-0.0884;0;0;0;0;0;0;0;0;0;-0.7063;0;0.7063;1;1;0;0;0;0
01/10/21 23:00;0;0;90;0;0;90;0;0;0;0;13.1;1.8201;0;0;0;0;0;0;0;0;0;0;0;0;0;1;1;1;1;0;0;0;0;0;0;0;0;0;0;0;0;0;0;0;0;0;0;0;0;0;0;0;0;0;0;0;0;0;0;0;0;0;0;0;1;1;1;1;1;1;1;1;1;1;1;1;1;1;1;1;1;1;1;0;0;0;0;0;0;0;0;0;0.0004;0.088;0;-0.0884;0;0;0;0;0;0;0;0;0;0;0;0;0;0;0;0;0;0;0;-13.1;0;0;0;0;0.0004;0;0;0;0;0;0;0;-0.0004;-0.0884;0;0;0;0;0;0;0;0;0;-0.7063;0;0.7063;1;1;0;0;0;0
02/10/21 00:00;0;0;90;0;0;90;0;0;0;0;13.1;1.7401;0;0;0;0;0;0;0;0;0;0;0;0;0;1;1;1;1;0;0;0;0;0;0;0;0;0;0;0;0;0;0;0;0;0;0;0;0;0;0;0;0;0;0;0;0;0;0;0;0;0;0;0;1;1;1;1;1;1;1;1;1;1;1;1;1;1;1;1;1;1;1;0;0;0;0;0;0;0;0;0;0.0004;0.088;0;-0.0884;0;0;0;0;0;0;0;0;0;0;0;0;0;0;0;0;0;0;0;-13.1;0;0;0;0;0.0004;0;0;0;0;0;0;0;-0.0004;-0.0884;0;0;0;0;0;0;0;0;0;-0.7063;0;0.7063;1;1;0;0;0;0
02/10/21 01:00;0;0;90;0;0;90;0;0;0;0;12.98;1.7;0;0;0;0;0;0;0;0;0;0;0;0;0;1;1;1;1;0;0;0;0;0;0;0;0;0;0;0;0;0;0;0;0;0;0;0;0;0;0;0;0;0;0;0;0;0;0;0;0;0;0;0;1;1;1;1;1;1;1;1;1;1;1;1;1;1;1;1;1;1;1;0;0;0;0;0;0;0;0;0;0.0004;0.088;0;-0.0884;0;0;0;0;0;0;0;0;0;0;0;0;0;0;0;0;0;0;0;-12.98;0;0;0;0;0.0004;0;0;0;0;0;0;0;-0.0004;-0.0884;0;0;0;0;0;0;0;0;0;-0.7063;0;0.7063;1;1;0;0;0;0
02/10/21 02:00;0;0;90;0;0;90;0;0;0;0;12.9;1.5999;0;0;0;0;0;0;0;0;0;0;0;0;0;1;1;1;1;0;0;0;0;0;0;0;0;0;0;0;0;0;0;0;0;0;0;0;0;0;0;0;0;0;0;0;0;0;0;0;0;0;0;0;1;1;1;1;1;1;1;1;1;1;1;1;1;1;1;1;1;1;1;0;0;0;0;0;0;0;0;0;0.0004;0.088;0;-0.0884;0;0;0;0;0;0;0;0;0;0;0;0;0;0;0;0;0;0;0;-12.9;0;0;0;0;0.0004;0;0;0;0;0;0;0;-0.0004;-0.0884;0;0;0;0;0;0;0;0;0;-0.7063;0;0.7063;1;1;0;0;0;0
02/10/21 03:00;0;0;90;0;0;90;0;0;0;0;12.89;1.46;0;0;0;0;0;0;0;0;0;0;0;0;0;1;1;1;1;0;0;0;0;0;0;0;0;0;0;0;0;0;0;0;0;0;0;0;0;0;0;0;0;0;0;0;0;0;0;0;0;0;0;0;1;1;1;1;1;1;1;1;1;1;1;1;1;1;1;1;1;1;1;0;0;0;0;0;0;0;0;0;0.0004;0.088;0;-0.0884;0;0;0;0;0;0;0;0;0;0;0;0;0;0;0;0;0;0;0;-12.89;0;0;0;0;0.0004;0;0;0;0;0;0;0;-0.0004;-0.0884;0;0;0;0;0;0;0;0;0;-0.7063;0;0.7063;1;1;0;0;0;0
02/10/21 04:00;0;0;90;0;0;90;0;0;0;0;12.8;1.3501;0;0;0;0;0;0;0;0;0;0;0;0;0;1;1;1;1;0;0;0;0;0;0;0;0;0;0;0;0;0;0;0;0;0;0;0;0;0;0;0;0;0;0;0;0;0;0;0;0;0;0;0;1;1;1;1;1;1;1;1;1;1;1;1;1;1;1;1;1;1;1;0;0;0;0;0;0;0;0;0;0.0004;0.088;0;-0.0884;0;0;0;0;0;0;0;0;0;0;0;0;0;0;0;0;0;0;0;-12.8;0;0;0;0;0.0004;0;0;0;0;0;0;0;-0.0004;-0.0884;0;0;0;0;0;0;0;0;0;-0.7063;0;0.7063;1;1;0;0;0;0
02/10/21 05:00;2.3576;-92.952;84.274;2.3607;3.3727;-90;-3.3727;0.9963;0.9963;0;12.7;1.2899;0;0;0.9954;0;0;0.0002;0.9956;0.9956;0;0;0;0;0;1;1;1;1;0;0;0;0;0;0;0;0;0;0;0;0;0;0;0;0;0;0;0;0;0;0;0;0;0;0;0;0;0;0;0;0;0;0;0;0;1;1;1;1;1;1;1;1;1;1;1;1;1;0;0;1;0;0;0;0;0;0;0;0;0;0;0;0.0004;0.088;0;-0.0884;0;0;0;0;0;0;0;0;0;0;0;0;0;0;0;0;0;0;0;-12.7;0;0;0;0;0.0004;0;0;0;0;0;0;0;-0.0004;-0.0884;0;0;0;0;0;0;0;0;0;-0.7063;0;0.7063;1;1;0;0;0;0
02/10/21 06:00;10.941;-86.897;62.593;10.957;16.493;-90;-16.493;54.209;52.297;1.9111;12.9;1.54;0;4.6349;50.845;0.9337;0;0.223;56.636;0;56.636;4.6349;0.9337;50.845;0.223;0.0818;0.9017;0;0.0039;55.596;1.0402;0;0;0.854;0.1862;53.43;2.11;0.2235;0.045;1.8333;0.0082;55.54;0.0556;0.0046;0.0009;0.05;0;53.479;4.4068;0.8877;48.107;0.0286;31.126;25.057;9.3644;0.0922;0.3589;5.1621;0.0483;5.4288;0;1;0;0;1.0448;0.9816;1;1;0.9832;0.1652;0.962;0.9517;1;0.9633;0.7766;0.999;0.999;1;0.999;0.999;0.9434;0.9462;0.1281;0.1701;0.172;0.001;0.0143;-0.0063;0.0011;0.004;0.001;0;0;0.088;0;0.0592;0;0;0;0;0;0;0;0;0;0;0;0;0.0033;0.0002;0.1533;0.1533;0;15.087;15.087;2.1869;0.0409;145.33;1055;1;0.0061;0.0061;0;0;0;0;0;0;0.1472;0.0592;0;17.174;19.887;6.6363;7.6847;96.037;96.037;1.3593;1.2254;0.4735;0.1339;0.7519;0.0985;0.5531;0.3484;31.115;0.3261;0
02/10/21 07:00;23.088;-77.729;18;23.569;52.307;-90;-52.307;191.4;161.3;30.097;14.3;1.7;0;72.993;122.67;21.951;0;7.4373;225.05;0;225.05;72.993;21.951;122.67;7.4373;0.3243;0.5781;0;0.033;205.44;19.617;0;0;12.656;6.961;201.47;3.7638;0.0453;0.0136;3.686;0.0188;205.23;0.2054;0.073;0.022;0.11;0.0005;203.81;72.875;21.915;106.22;0.4569;98.26;79.099;33.957;12.628;1.649;23.721;2.3476;12.742;0;1;0;0;1.1758;0.9128;1;1;0.8968;0.064;0.9817;0.9994;1;0.9665;0.9604;0.999;0.999;1;0.999;0.999;0.8952;0.8659;0.0614;0.6758;0.6639;0.004;0.0172;-0.006;0.0045;0.0161;0.0046;0;0;0.088;0;0.5103;0;0;0;0;0;0;0;0;0;0;0;0;0.013;0.0012;0.6091;0.6091;0;22.488;22.488;8.188;0.0406;566.49;1075.3;1;0.0108;0.0108;0;0;0;0;0;0;0.5983;0.5103;0;17.17;19.882;14.384;16.656;98.222;98.222;5.4013;4.8681;4.0783;0.5331;0.7899;0.0987;0.1462;0.7551;98.068;0.6998;0
02/10/21 08:00;34.774;-67.004;18.717;37.027;52.973;-90;-52.973;308.2;249.2;58.995;14.81;2.1;0;97.968;184.54;31.295;0;12.26;326.06;0;326.06;97.968;31.295;184.54;12.26;0.3005;0.6036;0;0.0376;295.19;30.87;0;0;19.39;11.48;289.23;5.668;0.0633;0.0202;5.5534;0.0311;294.9;0.2952;0.098;0.0313;0.1651;0.0008;293.48;97.807;31.243;159.43;0.749;173.36;139.56;58.817;19.856;2.8231;40.609;4.2563;23.576;0;1;0;0;1.058;0.9053;1;1;0.8949;0.0637;0.9808;0.9994;1;0.9663;0.9602;0.999;0.999;1;0.999;0.999;0.887;0.8639;0.0611;0.9792;0.9696;0.0058;0.0138;0.0054;0.0066;0.0234;0.0079;0;0;0.088;0;0.7825;0;0;0;0;0;0;0;0;0;0;0;0;0.0189;0.0024;0.8852;0.8852;0;26.573;26.573;11.763;0.0407;827.26;1070.1;1;0.0147;0.0147;0;0;0;0;0;0;0.8705;0.7825;0;17.222;19.943;15.224;17.629;98.337;98.337;7.8255;7.0747;6.2538;0.7507;0.821;0.0959;0.1049;0.7992;148.56;0.731;0
02/10/21 09:00;45.418;-53.173;24.881;51.732;38.268;-90;-38.268;785.19;129.5;655.69;16.1;2.4699;0;835.14;37.793;111.01;0;16.872;1000.8;0;1000.8;835.14;111.01;37.793;16.872;0.8345;0.0546;0;0.0169;982.99;17.834;0;0;2.4635;15.37;979.89;2.1155;0.717;0.0953;1.1399;0.1633;982;0.983;0.8351;0.111;0.0353;0.0015;984.42;833.59;110.81;34.154;1.337;381.17;306.84;122.41;1.3267;3.9048;56.169;4.5277;58.747;0;1;0;0;1.2746;0.9822;1;1;0.9348;0.089;0.9978;0.9991;1;0.9677;0.8911;0.999;0.999;1;0.999;0.999;0.9791;0.9037;0.0792;3.0055;3.0834;0.0186;0.0008;0.3432;0.019;0.0675;0.0099;0;0;0.088;0;2.4164;0;0;0;0;0;0;0;0;0;0;0;0;0.0544;0.0205;2.5494;2.5494;0;56.78;56.78;40.68;0.0415;2651.8;961.39;1;0.0449;0.0449;0;0;0;0;0;0;2.5044;2.4164;0;16.159;18.712;15.317;17.736;98.237;98.237;24.02;20.375;19.312;3.645;1.0624;0.1517;0.0442;0.804;26.53;0.7716;0
02/10/21 10:00;53.921;-33.996;29.225;67.833;22.167;-90;-22.167;314.8;300.6;14.198;16.2;2.7701;0;15.332;285.77;4.169;0;2.3268;307.6;0;307.6;15.332;4.169;285.77;2.3268;0.0498;0.9366;0;0.0076;297.81;9.7907;0;0;7.8237;1.9671;288;9.517;0.0155;0.0042;9.4205;0.0768;297.51;0.2978;0.0153;0.0042;0.278;0.0004;288.61;15.301;4.1606;268.25;0.2825;189.58;152.61;57.967;1.4864;2.1853;31.434;0.6089;32.133;0;1;0;0;0.9771;0.9682;1;1;0.9726;0.1546;0.968;0.999;1;0.9661;0.7863;0.999;0.999;1;0.999;0.999;0.9363;0.9387;0.1214;0.9237;0.9355;0.0056;0.0143;0.0097;0.0063;0.0225;0.0061;0;0;0.088;0;0.7485;0;0;0;0;0;0;0;0;0;0;0;0;0.0181;0.0023;0.8506;0.8506;0;27.927;27.927;11.726;0.0407;799.18;1064.3;1;0.0141;0.0141;0;0;0;0;0;0;0.8365;0.7485;0;17.541;20.313;15.435;17.874;98.34;98.34;7.3824;6.7978;5.9817;0.5846;0.8162;0.0792;0.1106;0.8103;179.52;0.7527;0
02/10/21 11:00;58.392;-8.1464;31.253;85.016;4.9838;-90;-4.9838;855.6;166.5;689.1;17.52;3.23;0;691.71;67.878;98.865;0;0.3235;858.78;0;858.78;691.71;98.865;67.878;0.3235;0.8055;0.0794;0;0.0004;858.35;0.429;0;0;0.1586;0.2704;853.13;4.3612;1.2225;0.1747;2.9522;0.0118;857.49;0.8584;0.6917;0.0989;0.0677;0.0001;853.16;689.8;98.591;64.7;0.0412;503.53;405.34;157.06;0.0006;5.3462;76.903;0.0293;82.249;0;1;0;0;1.0037;0.9995;1;1;0.9977;0.1641;0.9949;0.9982;1;0.9564;0.7766;0.999;0.999;1;0.999;0.999;0.9934;0.9532;0.1273;2.5789;2.7318;0.0164;-0.0019;0.2664;0.0172;0.0608;0.0138;0;0;0.088;0;2.1666;0;0;0;0;0;0;0;0;0;0;0;0;0.049;0.0163;2.2937;2.2937;0;52.82;52.82;35.3;0.0414;2348.8;976.53;1;0.039;0.039;0;0;0;0;0;0;2.2546;2.1666;0;16.943;19.619;16.004;18.533;98.298;98.298;20.611;18.331;17.316;2.2798;1.0152;0.1106;0.0493;0.8401;40.31;0.7873;0
02/10/21 12:00;57.102;20.005;30.688;77.522;12.478;90;12.478;1082.2;178.6;903.6;19.1;3.86;0;925.46;37.632;143.92;0;2.5562;1109.6;0;1109.6;925.46;143.92;37.632;2.5562;0.8341;0.0362;0;0.0023;1107;2.5305;0;0;0.396;2.1345;1102.8;3.0943;1.3302;0.2069;1.4622;0.095;1105.9;1.107;0.9255;0.1439;0.0372;0.0004;1103.4;923.2;143.57;35.736;0.3264;628.06;505.59;198.18;0.0257;6.522;93.817;0.5226;100.31;0;1;0;0;1.0253;0.9977;1;1;0.9895;0.165;0.9972;0.9986;1;0.9607;0.7746;0.999;0.999;1;0.999;0.999;0.9939;0.9496;0.1277;3.332;3.521;0.0212;0.0083;0.4966;0.021;0.0743;0.016;0;0;0.088;0;2.6594;0;0;0;0;0;0;0;0;0;0;0;0;0.0599;0.0265;2.7973;2.7973;0;65.214;65.214;46.114;0.0418;3026.5;924.27;1;0.0499;0.0499;0;0;0;0;0;0;2.7474;2.6594;0;15.993;18.519;15.204;17.606;98.217;98.217;26.63;22.356;21.254;4.2737;1.1019;0.1605;0.0414;0.7981;22.711;0.7506;0
02/10/21 13:00;50.623;43.067;27.611;60.732;29.268;90;29.268;864.09;142.5;721.6;20.04;4.42;0;827.19;42.358;111.48;0;11.031;992.07;0;992.07;827.19;111.48;42.358;11.031;0.8338;0.0538;0;0.0111;980.59;11.474;0;0;1.8133;9.6611;977.14;2.4665;0.7881;0.1062;1.3224;0.2498;979.61;0.9806;0.8272;0.1115;0.0405;0.0014;980.04;825.58;111.27;39.182;1.1186;461.49;371.5;147.02;0.5915;4.7382;68.157;2.891;72.304;0;1;0;0;1.1481;0.9884;1;1;0.9572;0.1242;0.9975;0.999;1;0.9674;0.8175;0.999;0.999;1;0.999;0.999;0.985;0.925;0.1014;2.9792;3.0954;0.0186;0.0009;0.3884;0.0188;0.0667;0.0118;0;0;0.088;0;2.384;0;0;0;0;0;0;0;0;0;0;0;0;0.0537;0.0207;2.5157;2.5157;0;60.739;60.739;40.699;0.0417;2660.4;945.61;1;0.0437;0.0437;0;0;0;0;0;0;2.472;2.384;0;16.086;18.628;15.244;17.653;98.263;98.263;23.81;20.106;19.053;3.704;1.0525;0.1556;0.0442;0.8002;27.78;0.7611;0
02/10/21 14:00;41.014;59.644;22.416;45.225;44.775;90;44.775;719.91;122.9;597.01;18.61;4.8501;0;841;35.189;115.15;0;20.886;1012.2;0;1012.2;841;115.15;35.189;20.886;0.8308;0.0554;0;0.0206;989.9;22.317;0;0;2.9018;19.415;987.03;1.882;0.6505;0.0891;1.0509;0.0915;988.91;0.9899;0.841;0.1151;0.0323;0.0015;992.17;839.51;114.94;31.204;1.3781;312.58;251.62;97.622;2.1173;3.4483;49.603;5.1419;50.934;0;1;0;0;1.406;0.978;1;1;0.9175;0.0704;0.9981;0.9992;1;0.9674;0.9378;0.999;0.999;1;0.999;0.999;0.9751;0.8868;0.066;3.0397;3.0929;0.0186;0.0009;0.3764;0.0189;0.067;0.0086;0;0;0.088;0;2.3958;0;0;0;0;0;0;0;0;0;0;0;0;0.0539;0.0207;2.5279;2.5279;0;59.686;59.686;41.075;0.0416;2660.1;950.3;1;0.0441;0.0441;0;0;0;0;0;0;2.4838;2.3958;0;15.843;18.345;15.015;17.386;98.255;98.255;24.293;20.203;19.147;4.0903;1.0559;0.1684;0.0435;0.7882;26.135;0.7603;0
02/10/21 15:00;29.825;71.9;15.636;31.095;58.905;90;58.905;316.4;249;67.399;19.74;4.6901;0;130.5;170.1;47.768;0;15.299;363.67;0;363.67;130.5;47.768;170.1;15.299;0.3589;0.5098;0;0.0421;328.42;35.245;0;0;20.886;14.359;322.71;5.3781;0.0704;0.0258;5.2246;0.0574;328.09;0.3284;0.1305;0.0478;0.1492;0.0009;327.85;130.3;47.694;143.84;0.8815;165.12;132.92;57.944;26.629;3.0654;44.094;5.1401;20.531;0;1;0;0;1.1494;0.9031;1;1;0.8772;0.0614;0.9836;0.9995;1;0.965;0.9389;0.999;0.999;1;0.999;0.999;0.8874;0.8456;0.0576;1.0921;1.0804;0.0065;0.0123;0.0305;0.0072;0.0256;0.0084;0;0;0.088;0;0.8627;0;0;0;0;0;0;0;0;0;0;0;0;0.0206;0.0029;0.9664;0.9664;0;32.925;32.925;13.185;0.0409;924.48;1045.3;1;0.0156;0.0156;0;0;0;0;0;0;0.9507;0.8627;0;16.857;19.52;15.049;17.427;98.384;98.384;8.728;7.7232;6.895;1.0048;0.8281;0.1151;0.0949;0.79;146.19;0.7242;0
02/10/21 16:00;17.887;81.802;41.85;18.06;30.691;90;30.691;163.31;149;14.312;18.25;3.24;0;34.712;133.84;12.311;0;2.2875;183.15;0;183.15;34.712;12.311;133.84;2.2875;0.1895;0.7433;0;0.0125;174.95;8.1966;0;0;6.1793;2.0173;170.21;4.5667;0.2763;0.098;4.1456;0.0469;174.78;0.175;0.0347;0.0123;0.1277;0.0003;170.83;34.401;12.201;123.39;0.223;88.736;71.433;27.968;2.1935;1.0659;15.333;0.6213;14.205;0;1;0;0;1.1215;0.9552;1;1;0.9538;0.1181;0.9739;0.992;1;0.9675;0.8263;0.999;0.999;1;0.999;0.999;0.9294;0.9219;0.0975;0.55;0.5469;0.0033;0.0179;0.0004;0.0037;0.013;0.0029;0;0;0.088;0;0.3969;0;0;0;0;0;0;0;0;0;0;0;0;0.0105;0.0009;0.4942;0.4942;0;25.194;25.194;6.9437;0.0408;466.92;1058.4;1;0.0093;0.0093;0;0;0;0;0;0;0.4849;0.3969;0;17.117;19.821;13.748;15.919;98.123;98.123;4.3956;3.9496;3.1722;0.4461;0.7774;0.1015;0.1769;0.7217;88.641;0.6791;0
02/10/21 17:00;5.8617;90.492;75.659;5.8619;8.4794;90;8.4794;20.707;20.501;0.2053;17.08;2.3999;0;0.4979;20.359;0.0731;0;0.0226;20.953;0;20.953;0.4979;0.0731;20.359;0.0226;0.0238;0.9728;0;0.0011;20.822;0.1314;0;0;0.1125;0.0189;19.841;0.9594;0.0991;0.0145;0.8449;0.0008;20.801;0.0208;0.0005;0.0001;0.0202;0;19.845;0.3983;0.0585;19.382;0.0029;12.163;9.7914;3.6159;0.0031;0.1409;2.027;0.0032;2.1649;0;1;0;0;1.0119;0.9937;1;1;0.9945;0.1648;0.9539;0.8008;1;0.9582;0.7751;0.999;0.999;1;0.999;0.999;0.9469;0.952;0.1276;0.0629;0.064;0.0004;0.009;-0.0017;0.0004;0.0014;0.0004;0;0;0.088;0;-0.0382;0;0;0;0;0;0;0;0;0;0;0;0;0.0011;0;0.053;0.053;0;17.905;17.905;0.8253;0.0416;53.057;999.27;1;0.0032;0.0032;0;0;0;0;0;0;0.0498;-0.0382;0;16.052;18.587;-11.57;-13.397;93.903;93.903;0.5029;0.4237;-0.3054;0.0791;0.7291;0.1574;1.4499;0;12.162;0;0
02/10/21 18:00;0;0;90;0;0;90;0;0;0;0;16.24;2.4601;0;0;0;0;0;0;0;0;0;0;0;0;0;1;1;1;1;0;0;0;0;0;0;0;0;0;0;0;0;0;0;0;0;0;0;0;0;0;0;0;0;0;0;0;0;0;0;0;0;0;0;0;1;1;1;1;1;1;1;1;1;1;1;1;1;1;1;1;1;1;1;0;0;0;0;0;0;0;0;0;0.0004;0.088;0;-0.0884;0;0;0;0;0;0;0;0;0;0;0;0;0;0;0;0;0;0;0;-16.24;0;0;0;0;0.0004;0;0;0;0;0;0;0;-0.0004;-0.0884;0;0;0;0;0;0;0;0;0;-0.7063;0;0.7063;1;1;0;0;0;0
02/10/21 19:00;0;0;90;0;0;90;0;0;0;0;15.65;2.4799;0;0;0;0;0;0;0;0;0;0;0;0;0;1;1;1;1;0;0;0;0;0;0;0;0;0;0;0;0;0;0;0;0;0;0;0;0;0;0;0;0;0;0;0;0;0;0;0;0;0;0;0;1;1;1;1;1;1;1;1;1;1;1;1;1;1;1;1;1;1;1;0;0;0;0;0;0;0;0;0;0.0004;0.088;0;-0.0884;0;0;0;0;0;0;0;0;0;0;0;0;0;0;0;0;0;0;0;-15.65;0;0;0;0;0.0004;0;0;0;0;0;0;0;-0.0004;-0.0884;0;0;0;0;0;0;0;0;0;-0.7063;0;0.7063;1;1;0;0;0;0
02/10/21 20:00;0;0;90;0;0;90;0;0;0;0;13.9;2.4601;0;0;0;0;0;0;0;0;0;0;0;0;0;1;1;1;1;0;0;0;0;0;0;0;0;0;0;0;0;0;0;0;0;0;0;0;0;0;0;0;0;0;0;0;0;0;0;0;0;0;0;0;1;1;1;1;1;1;1;1;1;1;1;1;1;1;1;1;1;1;1;0;0;0;0;0;0;0;0;0;0.0004;0.088;0;-0.0884;0;0;0;0;0;0;0;0;0;0;0;0;0;0;0;0;0;0;0;-13.9;0;0;0;0;0.0004;0;0;0;0;0;0;0;-0.0004;-0.0884;0;0;0;0;0;0;0;0;0;-0.7063;0;0.7063;1;1;0;0;0;0
02/10/21 21:00;0;0;90;0;0;90;0;0;0;0;11.44;2.44;0;0;0;0;0;0;0;0;0;0;0;0;0;1;1;1;1;0;0;0;0;0;0;0;0;0;0;0;0;0;0;0;0;0;0;0;0;0;0;0;0;0;0;0;0;0;0;0;0;0;0;0;1;1;1;1;1;1;1;1;1;1;1;1;1;1;1;1;1;1;1;0;0;0;0;0;0;0;0;0;0.0004;0.088;0;-0.0884;0;0;0;0;0;0;0;0;0;0;0;0;0;0;0;0;0;0;0;-11.44;0;0;0;0;0.0004;0;0;0;0;0;0;0;-0.0004;-0.0884;0;0;0;0;0;0;0;0;0;-0.7063;0;0.7063;1;1;0;0;0;0
02/10/21 22:00;0;0;90;0;0;90;0;0;0;0;12.93;2.4601;0;0;0;0;0;0;0;0;0;0;0;0;0;1;1;1;1;0;0;0;0;0;0;0;0;0;0;0;0;0;0;0;0;0;0;0;0;0;0;0;0;0;0;0;0;0;0;0;0;0;0;0;1;1;1;1;1;1;1;1;1;1;1;1;1;1;1;1;1;1;1;0;0;0;0;0;0;0;0;0;0.0004;0.088;0;-0.0884;0;0;0;0;0;0;0;0;0;0;0;0;0;0;0;0;0;0;0;-12.93;0;0;0;0;0.0004;0;0;0;0;0;0;0;-0.0004;-0.0884;0;0;0;0;0;0;0;0;0;-0.7063;0;0.7063;1;1;0;0;0;0
02/10/21 23:00;0;0;90;0;0;90;0;0;0;0;12.02;2.3999;0;0;0;0;0;0;0;0;0;0;0;0;0;1;1;1;1;0;0;0;0;0;0;0;0;0;0;0;0;0;0;0;0;0;0;0;0;0;0;0;0;0;0;0;0;0;0;0;0;0;0;0;1;1;1;1;1;1;1;1;1;1;1;1;1;1;1;1;1;1;1;0;0;0;0;0;0;0;0;0;0.0004;0.088;0;-0.0884;0;0;0;0;0;0;0;0;0;0;0;0;0;0;0;0;0;0;0;-12.02;0;0;0;0;0.0004;0;0;0;0;0;0;0;-0.0004;-0.0884;0;0;0;0;0;0;0;0;0;-0.7063;0;0.7063;1;1;0;0;0;0
03/10/21 00:00;0;0;90;0;0;90;0;0;0;0;11.88;2.35;0;0;0;0;0;0;0;0;0;0;0;0;0;1;1;1;1;0;0;0;0;0;0;0;0;0;0;0;0;0;0;0;0;0;0;0;0;0;0;0;0;0;0;0;0;0;0;0;0;0;0;0;1;1;1;1;1;1;1;1;1;1;1;1;1;1;1;1;1;1;1;0;0;0;0;0;0;0;0;0;0.0004;0.088;0;-0.0884;0;0;0;0;0;0;0;0;0;0;0;0;0;0;0;0;0;0;0;-11.88;0;0;0;0;0.0004;0;0;0;0;0;0;0;-0.0004;-0.0884;0;0;0;0;0;0;0;0;0;-0.7063;0;0.7063;1;1;0;0;0;0
03/10/21 01:00;0;0;90;0;0;90;0;0;0;0;9.0201;2.27;0;0;0;0;0;0;0;0;0;0;0;0;0;1;1;1;1;0;0;0;0;0;0;0;0;0;0;0;0;0;0;0;0;0;0;0;0;0;0;0;0;0;0;0;0;0;0;0;0;0;0;0;1;1;1;1;1;1;1;1;1;1;1;1;1;1;1;1;1;1;1;0;0;0;0;0;0;0;0;0;0.0004;0.088;0;-0.0884;0;0;0;0;0;0;0;0;0;0;0;0;0;0;0;0;0;0;0;-9.0201;0;0;0;0;0.0004;0;0;0;0;0;0;0;-0.0004;-0.0884;0;0;0;0;0;0;0;0;0;-0.7063;0;0.7063;1;1;0;0;0;0
03/10/21 02:00;0;0;90;0;0;90;0;0;0;0;10.9;2.12;0;0;0;0;0;0;0;0;0;0;0;0;0;1;1;1;1;0;0;0;0;0;0;0;0;0;0;0;0;0;0;0;0;0;0;0;0;0;0;0;0;0;0;0;0;0;0;0;0;0;0;0;1;1;1;1;1;1;1;1;1;1;1;1;1;1;1;1;1;1;1;0;0;0;0;0;0;0;0;0;0.0004;0.088;0;-0.0884;0;0;0;0;0;0;0;0;0;0;0;0;0;0;0;0;0;0;0;-10.9;0;0;0;0;0.0004;0;0;0;0;0;0;0;-0.0004;-0.0884;0;0;0;0;0;0;0;0;0;-0.7063;0;0.7063;1;1;0;0;0;0
03/10/21 03:00;0;0;90;0;0;90;0;0;0;0;11.35;1.8301;0;0;0;0;0;0;0;0;0;0;0;0;0;1;1;1;1;0;0;0;0;0;0;0;0;0;0;0;0;0;0;0;0;0;0;0;0;0;0;0;0;0;0;0;0;0;0;0;0;0;0;0;1;1;1;1;1;1;1;1;1;1;1;1;1;1;1;1;1;1;1;0;0;0;0;0;0;0;0;0;0.0004;0.088;0;-0.0884;0;0;0;0;0;0;0;0;0;0;0;0;0;0;0;0;0;0;0;-11.35;0;0;0;0;0.0004;0;0;0;0;0;0;0;-0.0004;-0.0884;0;0;0;0;0;0;0;0;0;-0.7063;0;0.7063;1;1;0;0;0;0
03/10/21 04:00;0;0;90;0;0;90;0;0;0;0;11.4;1.46;0;0;0;0;0;0;0;0;0;0;0;0;0;1;1;1;1;0;0;0;0;0;0;0;0;0;0;0;0;0;0;0;0;0;0;0;0;0;0;0;0;0;0;0;0;0;0;0;0;0;0;0;1;1;1;1;1;1;1;1;1;1;1;1;1;1;1;1;1;1;1;0;0;0;0;0;0;0;0;0;0.0004;0.088;0;-0.0884;0;0;0;0;0;0;0;0;0;0;0;0;0;0;0;0;0;0;0;-11.4;0;0;0;0;0.0004;0;0;0;0;0;0;0;-0.0004;-0.0884;0;0;0;0;0;0;0;0;0;-0.7063;0;0.7063;1;1;0;0;0;0
03/10/21 05:00;2.646;-93.222;83.572;2.6502;3.7885;-90;-3.7885;2.3051;2.3017;0.0034;11.4;1.4499;0;0.0082;2.299;0.0003;0;0.0005;2.3081;2.3081;0;0.0082;0;0;0;1;1;1;1;0;0;0;0;0;0;0;0;0;0;0;0;0;0;0;0;0;0;0;0;0;0;0;0;0;0;0;0;0;0;0;0;0;0;0;0;1;1;1;1;1;1;1;1;1;1;1;0;1;0;0;1;0;0;0;0;0;0;0;0;0;0;0;0.0004;0.088;0;-0.0884;0;0;0;0;0;0;0;0;0;0;0;0;0;0;0;0;0;0;0;-11.4;0;0;0;0;0.0004;0;0;0;0;0;0;0;-0.0004;-0.0884;0;0;0;0;0;0;0;0;0;-0.7063;0;0.7063;1;1;0;0;0;0
03/10/21 06:00;11.229;-87.172;61.817;11.243;16.976;-90;-16.976;42.605;41.801;0.8041;11.5;1.5999;0;1.9501;40.767;0.3059;0;0.1857;43.208;0;43.208;1.9501;0.3059;40.767;0.1857;0.0451;0.9478;0;0.0043;42.334;0.8739;0;0;0.7189;0.1551;40.729;1.5636;0.087;0.0136;1.4562;0.0068;42.292;0.0423;0.002;0.0003;0.04;0;40.77;1.8612;0.2919;38.552;0.0237;25;20.125;7.528;0.0818;0.2883;4.1473;0.0417;4.3538;0;1;0;0;1.0142;0.9798;1;1;0.9824;0.1648;0.963;0.9554;1;0.9636;0.7769;0.999;0.999;1;0.999;0.999;0.9426;0.9457;0.1279;0.1298;0.1315;0.0008;0.0128;-0.0057;0.0009;0.0031;0.0008;0;0;0.088;0;0.0232;0;0;0;0;0;0;0;0;0;0;0;0;0.0025;0.0001;0.1164;0.1164;0;13.17;13.17;1.6699;0.041;110.68;1051.8;1;0.0052;0.0052;0;0;0;0;0;0;0.1112;0.0232;0;17.091;19.791;3.4073;3.9455;95.532;95.532;1.037;0.9303;0.1855;0.1067;0.7449;0.1029;0.7183;0.1789;24.996;0.1669;0
03/10/21 07:00;23.384;-78.013;15.725;23.848;54.835;-90;-54.835;108.5;106.3;2.1972;11.59;2.05;0;5.3288;83.42;1.0428;0;4.6009;94.393;0;94.393;5.3288;1.0428;83.42;4.6009;0.0565;0.9325;0;0.0487;80.867;13.526;0;0;9.2151;4.3107;78.247;2.5391;0.0029;0.0006;2.5233;0.0124;80.786;0.0809;0.0053;0.001;0.0742;0.0003;80.065;5.3205;1.0412;71.608;0.2776;68.521;55.159;23.939;10.133;1.2194;17.541;1.8179;8.6268;0;1;0;0;0.87;0.8567;1;1;0.8895;0.0631;0.9686;0.9995;1;0.966;0.9573;0.999;0.999;1;0.999;0.999;0.829;0.8584;0.0603;0.2835;0.2781;0.0017;0.0168;-0.0104;0.0019;0.0067;0.0034;0;0;0.088;0;0.1574;0;0;0;0;0;0;0;0;0;0;0;0;0.0054;0.0003;0.2523;0.2523;0;14.778;14.778;3.188;0.0407;235.38;1072.1;1;0.007;0.007;0;0;0;0;0;0;0.2454;0.1574;0;16.959;19.638;10.577;12.248;97.243;97.243;2.2654;2.0167;1.2579;0.2487;0.7589;0.1098;0.335;0.5552;68.508;0.4874;0
03/10/21 08:00;35.089;-67.296;18.411;37.29;52.71;-90;-52.71;309.7;251.3;58.404;12.98;3.1001;0;96.4;186.79;30.792;0;12.207;326.19;0;326.19;96.4;30.792;186.79;12.207;0.2955;0.6101;0;0.0374;295.28;30.914;0;0;19.486;11.428;289.25;5.7295;0.0612;0.0196;5.6178;0.0309;294.98;0.2953;0.0964;0.0308;0.1673;0.0008;293.49;96.243;30.742;161.52;0.7473;174.83;140.74;59.303;19.751;2.8301;40.709;4.2396;23.788;0;1;0;0;1.0533;0.9052;1;1;0.8957;0.0638;0.9806;0.9994;1;0.9664;0.9603;0.999;0.999;1;0.999;0.999;0.8868;0.8647;0.0612;0.9796;0.9698;0.0058;0.0138;-0.0009;0.0067;0.0236;0.008;0;0;0.088;0;0.7885;0;0;0;0;0;0;0;0;0;0;0;0;0.019;0.0024;0.8914;0.8914;0;24.726;24.726;11.746;0.0406;827.19;1077.6;1;0.0149;0.0149;0;0;0;0;0;0;0.8765;0.7885;0;17.336;20.074;15.334;17.757;98.327;98.327;7.8286;7.1242;6.3017;0.7044;0.8225;0.09;0.1051;0.805;149.96;0.7362;0
03/10/21 09:00;45.763;-53.448;24.549;51.967;38.033;-90;-38.033;538.2;273.5;264.7;15.01;3.69;0;336.05;178.47;93.735;0;11.428;619.69;0;619.69;336.05;93.735;178.47;11.428;0.5423;0.3064;0;0.0184;597.76;21.924;0;0;11.523;10.4;591.3;5.8638;0.2847;0.0794;5.3855;0.1142;597.17;0.5978;0.3361;0.0937;0.1669;0.001;594.65;335.43;93.562;161.4;0.9124;287.22;231.21;92.68;6.1172;3.2463;46.697;3.3432;43.826;0;1;0;0;1.1514;0.9646;1;1;0.9354;0.0899;0.9902;0.9992;1;0.9677;0.8888;0.999;0.999;1;0.999;0.999;0.9542;0.9043;0.0798;1.8609;1.8895;0.0114;0.0015;0.0942;0.0125;0.0442;0.0088;0;0;0.088;0;1.5579;0;0;0;0;0;0;0;0;0;0;0;0;0.0356;0.0081;1.6731;1.6731;0;39.219;39.219;24.209;0.0409;1622.2;1031.4;1;0.0272;0.0272;0;0;0;0;0;0;1.6459;1.5579;0;17.127;19.833;15.948;18.468;98.377;98.377;14.873;13.371;12.451;1.5013;0.9203;0.1009;0.0619;0.8372;125.04;0.7925;0
03/10/21 10:00;54.301;-34.176;28.866;68.019;21.981;-90;-21.981;468.4;371.6;96.803;16.78;4.27;0;104.39;326.9;34.902;0;3.4048;469.6;0;469.6;104.39;34.902;326.9;3.4048;0.2223;0.7034;0;0.0073;457.9;11.705;0;0;8.8291;2.8762;446.39;11.047;0.104;0.0348;10.795;0.1132;457.44;0.4579;0.1044;0.0349;0.3181;0.0005;447.26;104.18;34.833;306.96;0.4148;277.17;223.12;85.304;1.6492;3.1249;44.95;0.8737;46.426;0;1;0;0;1.0026;0.9751;1;1;0.973;0.1552;0.9758;0.999;1;0.966;0.7856;0.999;0.999;1;0.999;0.999;0.9506;0.939;0.1218;1.4102;1.4419;0.0087;0.0071;0.051;0.0096;0.0341;0.0086;0;0;0.088;0;1.1819;0;0;0;0;0;0;0;0;0;0;0;0;0.0275;0.0049;1.2903;1.2903;0;35.015;35.015;18.235;0.0408;1236.7;1043.4;1;0.0205;0.0205;0;0;0;0;0;0;1.2699;1.1819;0;17.431;20.184;15.966;18.488;98.415;98.415;11.27;10.312;9.4457;0.958;0.8667;0.085;0.0769;0.8381;205.16;0.7821;0
03/10/21 11:00;58.785;-8.0775;30.871;85.133;4.8668;-90;-4.8668;957.2;157.9;799.3;17.47;4.58;0;802.19;49.981;108.22;0;0.3451;960.73;0;960.73;802.19;108.22;49.981;0.3451;0.835;0.0524;0;0.0004;960.33;0.401;0;0;0.1125;0.2885;955.78;3.5952;1.2387;0.1671;2.1767;0.0126;959.37;0.9603;0.8022;0.1082;0.0499;0.0001;955.81;800.15;107.94;47.642;0.0439;563.26;453.43;175.95;0.0004;5.9639;85.789;0.0302;91.752;0;1;0;0;1.0037;0.9996;1;1;0.9977;0.1641;0.9963;0.9985;1;0.9563;0.7767;0.999;0.999;1;0.999;0.999;0.9948;0.9532;0.1273;2.8851;3.0596;0.0184;0.0005;0.3448;0.0189;0.0669;0.0151;0;0;0.088;0;2.3887;0;0;0;0;0;0;0;0;0;0;0;0;0.0539;0.0202;2.5209;2.5209;0;57.16;57.16;39.69;0.0415;2628.8;958.94;1;0.0442;0.0442;0;0;0;0;0;0;2.4767;2.3887;0;16.645;19.275;15.773;18.264;98.248;98.248;23.058;20.147;19.091;2.9106;1.0563;0.1262;0.0458;0.828;29.677;0.7761;0
03/10/21 12:00;57.45;20.351;30.295;77.485;12.515;90;12.515;340.9;325;15.897;18.3;4.43;0;16.284;316.71;4.5876;0;0.8101;338.4;0;338.4;16.284;4.5876;316.71;0.8101;0.0481;0.9383;0;0.0024;334.37;4.0264;0;0;3.35;0.6764;321.68;12.354;0.0197;0.0055;12.298;0.0301;334.04;0.3344;0.0163;0.0046;0.3134;0.0001;321.84;16.248;4.5775;300.75;0.1034;202.97;163.39;60.838;0.2133;2.3296;33.511;0.1583;35.627;0;1;0;0;0.9927;0.9881;1;1;0.9894;0.165;0.963;0.9988;1;0.9607;0.7747;0.999;0.999;1;0.999;0.999;0.9506;0.9496;0.1277;1.0162;1.04;0.0063;0.0129;0.0238;0.007;0.0248;0.0064;0;0;0.088;0;0.833;0;0;0;0;0;0;0;0;0;0;0;0;0.0199;0.0027;0.9362;0.9362;0;31.427;31.427;13.127;0.0408;890.15;1051.8;1;0.0153;0.0153;0;0;0;0;0;0;0.921;0.833;0;17.551;20.324;15.615;18.082;98.371;98.371;8.1215;7.4825;6.6573;0.639;0.8252;0.0787;0.1016;0.8197;191.16;0.7631;0
03/10/21 13:00;50.897;43.517;27.218;60.767;29.233;90;29.233;409.89;357.6;52.292;18.45;4.03;0;59.924;318.34;20.177;0;5.2204;403.67;0;403.67;59.924;20.177;318.34;5.2204;0.1485;0.8016;0;0.0129;385.49;18.173;0;0;13.602;4.5714;374.97;10.134;0.0563;0.019;9.9406;0.1185;385.11;0.3855;0.0599;0.0202;0.3047;0.0006;376.51;59.808;20.138;294.5;0.5299;245.76;197.84;77.178;4.4073;2.862;41.169;1.5358;39.624;0;1;0;0;0.9848;0.955;1;1;0.9573;0.1243;0.9737;0.9991;1;0.9673;0.8173;0.999;0.999;1;0.999;0.999;0.9289;0.9251;0.1015;1.2122;1.2208;0.0073;0.0103;0.038;0.0082;0.0289;0.0079;0;0;0.088;0;0.9878;0;0;0;0;0;0;0;0;0;0;0;0;0.0233;0.0036;1.0933;1.0933;0;33.766;33.766;15.317;0.0408;1046.1;1045.1;1;0.0175;0.0175;0;0;0;0;0;0;1.0758;0.9878;0;17.181;19.896;15.523;17.975;98.397;98.397;9.688;8.7377;7.8944;0.9502;0.8433;0.0981;0.0871;0.8149;208.73;0.7571;0
03/10/21 14:00;41.229;60.084;22.03;45.314;44.686;90;44.686;401.3;320.5;80.802;19.06;3.5701;0;113.65;249.62;40.382;0;11.598;415.25;0;415.25;113.65;40.382;249.62;11.598;0.2737;0.6291;0;0.0279;383.95;31.304;0;0;20.524;10.78;375.94;7.6235;0.0864;0.0307;7.4551;0.0513;383.56;0.3839;0.1136;0.0404;0.2291;0.0008;379.8;113.45;40.311;221.41;0.7666;231.55;186.4;76.284;14.882;3.162;45.485;3.8662;33.764;0;1;0;0;1.0348;0.9246;1;1;0.9178;0.0706;0.9801;0.9992;1;0.9674;0.9373;0.999;0.999;1;0.999;0.999;0.9053;0.887;0.0661;1.247;1.2398;0.0075;0.01;0.0415;0.0083;0.0293;0.0087;0;0;0.088;0;1.0016;0;0;0;0;0;0;0;0;0;0;0;0;0.0236;0.0037;1.1073;1.1073;0;34.424;34.424;15.364;0.0409;1062.3;1042.4;1;0.0177;0.0177;0;0;0;0;0;0;1.0896;1.0016;0;16.916;19.588;15.301;17.718;98.402;98.402;9.966;8.8495;8.0048;1.1165;0.8447;0.112;0.0848;0.8032;185.24;0.7423;0
03/10/21 15:00;30.003;72.306;15.26;31.22;58.78;90;58.78;428.3;204.3;223.99;19.78;3.48;0;432.15;104.33;129.01;0;20.63;686.13;0;686.13;432.15;129.01;104.33;20.63;0.6298;0.1821;0;0.0301;653.99;32.136;0;0;12.772;19.364;649.76;3.5748;0.2276;0.0679;3.2029;0.0764;653.34;0.654;0.4322;0.129;0.0916;0.0013;654.47;431.49;128.81;88.267;1.1886;150.16;120.88;50.778;16.214;2.3921;34.41;4.7109;20.588;0;1;0;0;1.602;0.9532;1;1;0.8776;0.0614;0.9945;0.9995;1;0.965;0.9396;0.999;0.999;1;0.999;0.999;0.947;0.846;0.0576;2.0604;2.0437;0.0123;0.0001;0.1548;0.0131;0.0466;0.0063;0;0;0.088;0;1.6473;0;0;0;0;0;0;0;0;0;0;0;0;0.0375;0.0094;1.7636;1.7636;0;46.537;46.537;26.757;0.0412;1755.6;1004.6;1;0.0284;0.0284;0;0;0;0;0;0;1.7353;1.6473;0;16.306;18.882;15.23;17.636;98.391;98.391;16.467;14.095;13.165;2.372;0.9302;0.144;0.0565;0.7995;89.543;0.7705;0
03/10/21 16:00;18.047;82.182;41.294;18.205;31.056;90;31.056;102.79;100.8;1.9943;19.19;1.9901;0;4.8368;93.132;1.1499;0;1.4734;100.59;0;100.59;4.8368;1.1499;93.132;1.4734;0.0481;0.9405;0;0.0146;94.91;5.683;0;0;4.3813;1.3017;91.86;2.9544;0.0369;0.0088;2.8793;0.0294;94.815;0.0949;0.0048;0.0011;0.0888;0.0002;92.306;4.795;1.14;85.783;0.1422;61.851;49.79;19.515;1.5899;0.7456;10.725;0.4456;9.8809;0;1;0;0;0.9786;0.9435;1;1;0.953;0.1166;0.9688;0.9924;1;0.9675;0.8287;0.999;0.999;1;0.999;0.999;0.9132;0.9211;0.0965;0.3021;0.3006;0.0018;0.0171;-0.0023;0.002;0.007;0.002;0;0;0.088;0;0.1721;0;0;0;0;0;0;0;0;0;0;0;0;0.0057;0.0004;0.2669;0.2669;0;22.952;22.952;3.7625;0.041;255.66;1043.9;1;0.0068;0.0068;0;0;0;0;0;0;0.2601;0.1721;0;16.831;19.49;10.854;12.569;97.461;97.461;2.4142;2.133;1.3755;0.2812;0.7575;0.1165;0.3137;0.5698;61.839;0.5276;0
03/10/21 17:00;6.0164;90.857;75.274;6.0171;8.7109;90;8.7109;2.5981;2.5981;0;17.86;1;0;0;2.5831;0;0;0.003;2.5861;2.5861;0;0;0;0;0;1;1;1;1;0;0;0;0;0;0;0;0;0;0;0;0;0;0;0;0;0;0;0;0;0;0;0;0;0;0;0;0;0;0;0;0;0;0;0;0;1;1;1;1;1;1;1;1;1;1;1;1;1;0;0;1;0;0;0;0;0;0;0;0;0;0;0;0.0004;0.088;0;-0.0884;0;0;0;0;0;0;0;0;0;0;0;0;0;0;0;0;0;0;0;-17.86;0;0;0;0;0.0004;0;0;0;0;0;0;0;-0.0004;-0.0884;0;0;0;0;0;0;0;0;0;-0.7063;0;0.7063;1;1;0;0;0;0
03/10/21 18:00;0;0;90;0;0;90;0;0;0;0;16.6;1.4;0;0;0;0;0;0;0;0;0;0;0;0;0;1;1;1;1;0;0;0;0;0;0;0;0;0;0;0;0;0;0;0;0;0;0;0;0;0;0;0;0;0;0;0;0;0;0;0;0;0;0;0;1;1;1;1;1;1;1;1;1;1;1;1;1;1;1;1;1;1;1;0;0;0;0;0;0;0;0;0;0.0004;0.088;0;-0.0884;0;0;0;0;0;0;0;0;0;0;0;0;0;0;0;0;0;0;0;-16.6;0;0;0;0;0.0004;0;0;0;0;0;0;0;-0.0004;-0.0884;0;0;0;0;0;0;0;0;0;-0.7063;0;0.7063;1;1;0;0;0;0
03/10/21 19:00;0;0;90;0;0;90;0;0;0;0;15.87;2.1501;0;0;0;0;0;0;0;0;0;0;0;0;0;1;1;1;1;0;0;0;0;0;0;0;0;0;0;0;0;0;0;0;0;0;0;0;0;0;0;0;0;0;0;0;0;0;0;0;0;0;0;0;1;1;1;1;1;1;1;1;1;1;1;1;1;1;1;1;1;1;1;0;0;0;0;0;0;0;0;0;0.0004;0.088;0;-0.0884;0;0;0;0;0;0;0;0;0;0;0;0;0;0;0;0;0;0;0;-15.87;0;0;0;0;0.0004;0;0;0;0;0;0;0;-0.0004;-0.0884;0;0;0;0;0;0;0;0;0;-0.7063;0;0.7063;1;1;0;0;0;0
03/10/21 20:00;0;0;90;0;0;90;0;0;0;0;15.07;2.6101;0;0;0;0;0;0;0;0;0;0;0;0;0;1;1;1;1;0;0;0;0;0;0;0;0;0;0;0;0;0;0;0;0;0;0;0;0;0;0;0;0;0;0;0;0;0;0;0;0;0;0;0;1;1;1;1;1;1;1;1;1;1;1;1;1;1;1;1;1;1;1;0;0;0;0;0;0;0;0;0;0.0004;0.088;0;-0.0884;0;0;0;0;0;0;0;0;0;0;0;0;0;0;0;0;0;0;0;-15.07;0;0;0;0;0.0004;0;0;0;0;0;0;0;-0.0004;-0.0884;0;0;0;0;0;0;0;0;0;-0.7063;0;0.7063;1;1;0;0;0;0
03/10/21 21:00;0;0;90;0;0;90;0;0;0;0;14.4;2.9401;0;0;0;0;0;0;0;0;0;0;0;0;0;1;1;1;1;0;0;0;0;0;0;0;0;0;0;0;0;0;0;0;0;0;0;0;0;0;0;0;0;0;0;0;0;0;0;0;0;0;0;0;1;1;1;1;1;1;1;1;1;1;1;1;1;1;1;1;1;1;1;0;0;0;0;0;0;0;0;0;0.0004;0.088;0;-0.0884;0;0;0;0;0;0;0;0;0;0;0;0;0;0;0;0;0;0;0;-14.4;0;0;0;0;0.0004;0;0;0;0;0;0;0;-0.0004;-0.0884;0;0;0;0;0;0;0;0;0;-0.7063;0;0.7063;1;1;0;0;0;0
03/10/21 22:00;0;0;90;0;0;90;0;0;0;0;14.06;3.0201;0;0;0;0;0;0;0;0;0;0;0;0;0;1;1;1;1;0;0;0;0;0;0;0;0;0;0;0;0;0;0;0;0;0;0;0;0;0;0;0;0;0;0;0;0;0;0;0;0;0;0;0;1;1;1;1;1;1;1;1;1;1;1;1;1;1;1;1;1;1;1;0;0;0;0;0;0;0;0;0;0.0004;0.088;0;-0.0884;0;0;0;0;0;0;0;0;0;0;0;0;0;0;0;0;0;0;0;-14.06;0;0;0;0;0.0004;0;0;0;0;0;0;0;-0.0004;-0.0884;0;0;0;0;0;0;0;0;0;-0.7063;0;0.7063;1;1;0;0;0;0
03/10/21 23:00;0;0;90;0;0;90;0;0;0;0;14.1;2.84;0;0;0;0;0;0;0;0;0;0;0;0;0;1;1;1;1;0;0;0;0;0;0;0;0;0;0;0;0;0;0;0;0;0;0;0;0;0;0;0;0;0;0;0;0;0;0;0;0;0;0;0;1;1;1;1;1;1;1;1;1;1;1;1;1;1;1;1;1;1;1;0;0;0;0;0;0;0;0;0;0.0004;0.088;0;-0.0884;0;0;0;0;0;0;0;0;0;0;0;0;0;0;0;0;0;0;0;-14.1;0;0;0;0;0.0004;0;0;0;0;0;0;0;-0.0004;-0.0884;0;0;0;0;0;0;0;0;0;-0.7063;0;0.7063;1;1;0;0;0;0
04/10/21 00:00;0;0;90;0;0;90;0;0;0;0;13.7;2.4699;0;0;0;0;0;0;0;0;0;0;0;0;0;1;1;1;1;0;0;0;0;0;0;0;0;0;0;0;0;0;0;0;0;0;0;0;0;0;0;0;0;0;0;0;0;0;0;0;0;0;0;0;1;1;1;1;1;1;1;1;1;1;1;1;1;1;1;1;1;1;1;0;0;0;0;0;0;0;0;0;0.0004;0.088;0;-0.0884;0;0;0;0;0;0;0;0;0;0;0;0;0;0;0;0;0;0;0;-13.7;0;0;0;0;0.0004;0;0;0;0;0;0;0;-0.0004;-0.0884;0;0;0;0;0;0;0;0;0;-0.7063;0;0.7063;1;1;0;0;0;0
04/10/21 01:00;0;0;90;0;0;90;0;0;0;0;14;2.13;0;0;0;0;0;0;0;0;0;0;0;0;0;1;1;1;1;0;0;0;0;0;0;0;0;0;0;0;0;0;0;0;0;0;0;0;0;0;0;0;0;0;0;0;0;0;0;0;0;0;0;0;1;1;1;1;1;1;1;1;1;1;1;1;1;1;1;1;1;1;1;0;0;0;0;0;0;0;0;0;0.0004;0.088;0;-0.0884;0;0;0;0;0;0;0;0;0;0;0;0;0;0;0;0;0;0;0;-14;0;0;0;0;0.0004;0;0;0;0;0;0;0;-0.0004;-0.0884;0;0;0;0;0;0;0;0;0;-0.7063;0;0.7063;1;1;0;0;0;0
04/10/21 02:00;0;0;90;0;0;90;0;0;0;0;13.92;1.3599;0;0;0;0;0;0;0;0;0;0;0;0;0;1;1;1;1;0;0;0;0;0;0;0;0;0;0;0;0;0;0;0;0;0;0;0;0;0;0;0;0;0;0;0;0;0;0;0;0;0;0;0;1;1;1;1;1;1;1;1;1;1;1;1;1;1;1;1;1;1;1;0;0;0;0;0;0;0;0;0;0.0004;0.088;0;-0.0884;0;0;0;0;0;0;0;0;0;0;0;0;0;0;0;0;0;0;0;-13.92;0;0;0;0;0.0004;0;0;0;0;0;0;0;-0.0004;-0.0884;0;0;0;0;0;0;0;0;0;-0.7063;0;0.7063;1;1;0;0;0;0
04/10/21 03:00;0;0;90;0;0;90;0;0;0;0;13.55;1.4;0;0;0;0;0;0;0;0;0;0;0;0;0;1;1;1;1;0;0;0;0;0;0;0;0;0;0;0;0;0;0;0;0;0;0;0;0;0;0;0;0;0;0;0;0;0;0;0;0;0;0;0;1;1;1;1;1;1;1;1;1;1;1;1;1;1;1;1;1;1;1;0;0;0;0;0;0;0;0;0;0.0004;0.088;0;-0.0884;0;0;0;0;0;0;0;0;0;0;0;0;0;0;0;0;0;0;0;-13.55;0;0;0;0;0.0004;0;0;0;0;0;0;0;-0.0004;-0.0884;0;0;0;0;0;0;0;0;0;-0.7063;0;0.7063;1;1;0;0;0;0
04/10/21 04:00;0;0;90;0;0;90;0;0;0;0;13.31;3.1001;0;0;0;0;0;0;0;0;0;0;0;0;0;1;1;1;1;0;0;0;0;0;0;0;0;0;0;0;0;0;0;0;0;0;0;0;0;0;0;0;0;0;0;0;0;0;0;0;0;0;0;0;1;1;1;1;1;1;1;1;1;1;1;1;1;1;1;1;1;1;1;0;0;0;0;0;0;0;0;0;0.0004;0.088;0;-0.0884;0;0;0;0;0;0;0;0;0;0;0;0;0;0;0;0;0;0;0;-13.31;0;0;0;0;0.0004;0;0;0;0;0;0;0;-0.0004;-0.0884;0;0;0;0;0;0;0;0;0;-0.7063;0;0.7063;1;1;0;0;0;0
04/10/21 05:00;2.7285;-93.636;83.37;2.734;3.909;-90;-3.909;1.6995;1.6995;0;11.67;5.0101;0;0;1.6975;0;0;0.0004;1.6979;1.6979;0;0;0;0;0;1;1;1;1;0;0;0;0;0;0;0;0;0;0;0;0;0;0;0;0;0;0;0;0;0;0;0;0;0;0;0;0;0;0;0;0;0;0;0;0;1;1;1;1;1;1;1;1;1;1;1;1;1;0;0;1;0;0;0;0;0;0;0;0;0;0;0;0.0004;0.088;0;-0.0884;0;0;0;0;0;0;0;0;0;0;0;0;0;0;0;0;0;0;0;-11.67;0;0;0;0;0.0004;0;0;0;0;0;0;0;-0.0004;-0.0884;0;0;0;0;0;0;0;0;0;-0.7063;0;0.7063;1;1;0;0;0;0
04/10/21 06:00;11.516;-87.448;61.042;11.527;17.462;-90;-17.462;57.608;55.597;2.0108;10.86;6.1399;0;4.8767;53.916;0.9918;0;0.2655;60.05;0;60.05;4.8767;0.9918;53.916;0.2655;0.0812;0.9023;0;0.0044;58.831;1.2187;0;0;0.9969;0.2218;56.613;2.16;0.2015;0.041;1.9078;0.0097;58.773;0.0588;0.0049;0.001;0.0529;0;56.672;4.6703;0.9498;50.959;0.0339;33.136;26.674;9.9888;0.1195;0.3821;5.4968;0.0592;5.7594;0;1;0;0;1.0424;0.9797;1;1;0.9815;0.1645;0.9632;0.9586;1;0.9639;0.7772;0.999;0.999;1;0.999;0.999;0.9428;0.9451;0.1277;0.1803;0.1823;0.0011;0.0146;-0.0079;0.0012;0.0043;0.0011;0;0;0.088;0;0.07;0;0;0;0;0;0;0;0;0;0;0;0;0.0035;0.0002;0.1642;0.1642;0;13.172;13.172;2.3118;0.0408;154.1;1065.6;1;0.0063;0.0063;0;0;0;0;0;0;0.158;0.07;0;17.348;20.088;7.3895;8.5569;96.185;96.185;1.4412;1.3124;0.559;0.1288;0.7534;0.0894;0.5227;0.3879;33.124;0.363;0
04/10/21 07:00;23.678;-78.299;13.099;24.124;58.281;-90;-58.281;401.81;66.3;335.51;11.5;6.2101;0;813.7;19.721;98.1;0;19.055;950.58;0;950.58;813.7;98.1;19.721;19.055;0.856;0.0408;0;0.02;930.35;20.227;0;0;2.3795;17.848;928.33;1.0839;0.3678;0.0443;0.6042;0.0676;929.42;0.9303;0.8137;0.0981;0.0173;0.0012;929.08;812.52;97.957;16.72;1.1388;18.674;15.033;6.1192;2.9768;0.3726;5.3601;0.7488;2.756;0;1;0;0;2.3658;0.9787;1;1;0.8793;0.0634;0.9988;0.9995;1;0.9651;0.944;0.999;0.999;1;0.999;0.999;0.9766;0.8478;0.0598;2.8546;2.8096;0.0169;-0.0015;0.2438;0.0179;0.0633;0.001;0;0;0.088;0;2.27;0;0;0;0;0;0;0;0;0;0;0;0;0.051;0.0173;2.4;2.4;0;49.816;49.816;38.316;0.0413;2421.6;991.1;1;0.042;0.042;0;0;0;0;0;0;2.358;2.27;0;16.016;18.547;15.149;17.542;98.249;98.249;22.814;19.181;18.142;3.6329;1.0391;0.1592;0.0455;0.7952;16.832;0.7919;0
04/10/21 08:00;35.401;-67.59;18.105;37.551;52.449;-90;-52.449;639.6;105.5;534.1;12.84;5.92;0;876.35;27.737;116.55;0;24.979;1045.6;0;1045.6;876.35;116.55;27.737;24.979;0.8381;0.0504;0;0.0239;1019.4;26.254;0;0;2.8728;23.381;1016.8;1.5172;0.5475;0.0728;0.8337;0.0632;1018.3;1.0194;0.8763;0.1165;0.0249;0.0016;1022.1;874.92;116.36;24.006;1.5327;219.96;177.07;65.621;2.8883;2.7173;39.088;5.3224;38.917;0;1;0;0;1.6348;0.9749;1;1;0.8964;0.064;0.9985;0.9994;1;0.9664;0.9604;0.999;0.999;1;0.999;0.999;0.9725;0.8655;0.0614;3.14;3.161;0.019;0.0018;0.3314;0.0197;0.0697;0.0069;0;0;0.088;0;2.4995;0;0;0;0;0;0;0;0;0;0;0;0;0.0562;0.0216;2.6347;2.6347;0;54.993;54.993;42.153;0.0415;2719.6;968.8;1;0.0472;0.0472;0;0;0;0;0;0;2.5875;2.4995;0;15.985;18.51;15.164;17.56;98.207;98.207;25.095;21.057;19.976;4.0378;1.0808;0.1609;0.0431;0.796;22.207;0.7744;0
04/10/21 09:00;46.105;-53.728;24.217;52.199;37.801;-90;-37.801;714.5;130.4;584.1;13.67;6.01;0;739.23;47.63;97.684;0;14.994;899.54;0;899.54;739.23;97.684;47.63;14.994;0.8218;0.0696;0;0.0167;882.86;16.678;0;0;3.0462;13.632;879.68;2.2918;0.6177;0.0816;1.4379;0.1545;881.98;0.8829;0.7392;0.0977;0.0446;0.0014;883.73;737.87;97.505;43.101;1.206;351.2;282.72;112.83;1.6017;3.6196;52.066;4.0441;54.084;0;1;0;0;1.259;0.9815;1;1;0.936;0.0908;0.9974;0.9992;1;0.9677;0.8864;0.999;0.999;1;0.999;0.999;0.9779;0.9049;0.0804;2.7013;2.7715;0.0167;-0.0017;0.2422;0.0176;0.0624;0.0094;0;0;0.088;0;2.2289;0;0;0;0;0;0;0;0;0;0;0;0;0.0503;0.0168;2.3578;2.3578;0;49.983;49.983;36.313;0.0413;2384.6;988.76;1;0.0409;0.0409;0;0;0;0;0;0;2.3169;2.2289;0;16.627;19.254;15.718;18.201;98.265;98.265;21.589;18.843;17.813;2.7455;1.0302;0.1272;0.0477;0.8251;33.306;0.7908;0
04/10/21 10:00;54.68;-34.361;28.506;68.203;21.797;-90;-21.797;884.51;145.9;738.61;15.04;6.3099;0;795.49;47.683;103.87;0;6.324;953.37;0;953.37;795.49;103.87;47.683;6.324;0.8344;0.0566;0;0.0066;946.76;6.6089;0;0;1.2706;5.3382;943.14;2.6738;0.7825;0.1022;1.5774;0.2117;945.81;0.9468;0.7955;0.1039;0.0464;0.001;944.68;793.91;103.67;44.789;0.7731;495.95;399.24;156.14;0.2348;5.1869;74.611;1.5432;79.563;0;1;0;0;1.0778;0.9931;1;1;0.9734;0.1559;0.9972;0.999;1;0.966;0.785;0.999;0.999;1;0.999;0.999;0.9893;0.9393;0.1222;2.863;3.0026;0.0181;-0.0001;0.3058;0.0188;0.0665;0.0133;0;0;0.088;0;2.375;0;0;0;0;0;0;0;0;0;0;0;0;0.0536;0.0195;2.5071;2.5071;0;54.106;54.106;39.066;0.0414;2581.2;971.3;1;0.0442;0.0442;0;0;0;0;0;0;2.463;2.375;0;16.682;19.318;15.803;18.299;98.239;98.239;22.881;20.037;18.981;2.8438;1.0562;0.1243;0.0462;0.8296;29.896;0.7836;0
04/10/21 11:00;59.177;-8.0099;30.49;85.247;4.7527;-90;-4.7527;431.4;380.9;50.505;15.07;6.71;0;50.679;363.91;16.415;0;0.1483;431.15;0;431.15;50.679;16.415;363.91;0.1483;0.1175;0.8444;0;0.0003;430.24;0.9135;0;0;0.7895;0.124;413.85;15.964;0.067;0.0217;15.87;0.0054;429.81;0.4302;0.0507;0.0164;0.3631;0;413.85;50.562;16.377;346.89;0.0189;255.39;205.59;76.373;0.0018;2.9252;42.079;0.0072;45.002;0;1;0;0;0.9994;0.9979;1;1;0.9978;0.164;0.9629;0.9987;1;0.9563;0.7767;0.999;0.999;1;0.999;0.999;0.9599;0.9532;0.1272;1.2948;1.3352;0.008;0.0086;0.0327;0.009;0.0319;0.0081;0;0;0.088;0;1.0994;0;0;0;0;0;0;0;0;0;0;0;0;0.0257;0.0043;1.2068;1.2068;0;31.939;31.939;16.869;0.0408;1144.2;1054.7;1;0.0194;0.0194;0;0;0;0;0;0;1.1874;1.0994;0;17.756;20.561;16.176;18.731;98.395;98.395;10.348;9.6446;8.7865;0.7031;0.8581;0.0679;0.0829;0.8491;216.05;0.7913;0
04/10/21 12:00;57.797;20.7;29.902;77.449;12.551;90;12.551;448.81;387.3;61.504;15.98;7.4001;0;63.01;362.36;21.061;0;1.0725;447.51;0;447.51;63.01;21.061;362.36;1.0725;0.1408;0.8121;0;0.0024;442.76;4.7467;0;0;3.8511;0.8956;428.13;14.189;0.065;0.0217;14.062;0.0398;442.32;0.4428;0.063;0.0211;0.3585;0.0002;428.34;62.882;21.018;344.09;0.1369;266.3;214.37;80.384;0.2466;3.0177;43.409;0.2112;46.18;0;1;0;0;0.9971;0.9894;1;1;0.9894;0.165;0.9679;0.999;1;0.9607;0.7747;0.999;0.999;1;0.999;0.999;0.9567;0.9496;0.1277;1.3439;1.3816;0.0083;0.008;0.0412;0.0093;0.0329;0.0083;0;0;0.088;0;1.1348;0;0;0;0;0;0;0;0;0;0;0;0;0.0265;0.0046;1.2426;1.2426;0;33.45;33.45;17.47;0.0408;1184.5;1049;1;0.0198;0.0198;0;0;0;0;0;0;1.2228;1.1348;0;17.615;20.397;16.086;18.628;98.405;98.405;10.74;9.931;9.0693;0.8092;0.8617;0.0753;0.0802;0.8444;218.74;0.7873;0
04/10/21 13:00;51.17;43.969;26.825;60.803;29.197;90;29.197;760.79;190.2;570.6;17.3;8.2701;0;653.64;82.844;116.54;0;9.6661;862.69;0;862.69;653.64;116.54;82.844;9.6661;0.7577;0.1072;0;0.0112;850.7;11.996;0;0;3.5327;8.4629;846.33;3.5203;0.605;0.1079;2.5874;0.2199;849.85;0.8507;0.6536;0.1165;0.0793;0.0012;848.88;652.38;116.32;76.644;0.9821;410.63;330.56;130.64;1.1441;4.2682;61.397;2.5571;64.521;0;1;0;0;1.1339;0.9861;1;1;0.9574;0.1245;0.9959;0.9991;1;0.9673;0.817;0.999;0.999;1;0.999;0.999;0.981;0.9252;0.1016;2.5907;2.6862;0.0162;-0.002;0.2572;0.0169;0.0599;0.011;0;0;0.088;0;2.1366;0;0;0;0;0;0;0;0;0;0;0;0;0.0483;0.0158;2.2629;2.2629;0;52.303;52.303;35.004;0.0414;2310.9;979.22;1;0.0383;0.0383;0;0;0;0;0;0;2.2246;2.1366;0;16.64;19.268;15.711;18.193;98.306;98.306;20.705;18.085;17.075;2.6196;1.0096;0.1265;0.0488;0.8247;54.305;0.783;0
04/10/21 14:00;41.443;60.524;21.645;45.404;44.596;90;44.596;546.6;267.1;279.5;17.04;8.49;0;392.5;158.14;115.67;0;15.738;682.05;0;682.05;392.5;115.67;158.14;15.738;0.5755;0.2549;0;0.0231;654.47;27.589;0;0;12.965;14.624;648.64;5.1731;0.2932;0.0864;4.7233;0.0703;653.81;0.6545;0.3925;0.1157;0.1452;0.0011;653.09;391.82;115.47;140.31;1.0419;270.62;217.85;86.801;9.365;3.3266;47.851;4.4505;41.813;0;1;0;0;1.2478;0.9596;1;1;0.918;0.0707;0.9921;0.9993;1;0.9674;0.9368;0.999;0.999;1;0.999;0.999;0.951;0.8872;0.0662;2.0482;2.0679;0.0124;-0.0001;0.1355;0.0134;0.0477;0.0089;0;0;0.088;0;1.6848;0;0;0;0;0;0;0;0;0;0;0;0;0.0384;0.0096;1.8021;1.8021;0;43.688;43.688;26.648;0.0411;1775;1015.2;1;0.0293;0.0293;0;0;0;0;0;0;1.7728;1.6848;0;16.761;19.409;15.67;18.145;98.373;98.373;16.369;14.402;13.465;1.9671;0.9377;0.1202;0.0573;0.8225;117.26;0.7815;0
04/10/21 15:00;30.181;72.712;14.886;31.345;58.655;90;58.655;155.69;152.7;2.9885;16.21;7.2599;0;5.745;115.56;1.2743;0;7.4702;130.05;0;130.05;5.745;1.2743;115.56;7.4702;0.0442;0.946;0;0.0574;108.94;21.115;0;0;14.103;7.0121;105.25;3.5766;0.003;0.0007;3.5457;0.0273;108.83;0.1089;0.0057;0.0013;0.1015;0.0005;108.29;5.7363;1.2724;97.814;0.4304;99.809;80.347;35.607;17.819;1.9271;27.72;3.0337;11.828;0;1;0;0;0.8353;0.8376;1;1;0.878;0.0613;0.9671;0.9995;1;0.965;0.9403;0.999;0.999;1;0.999;0.999;0.8093;0.8464;0.0576;0.3906;0.3846;0.0023;0.0179;-0.0063;0.0026;0.0092;0.0053;0;0;0.088;0;0.2499;0;0;0;0;0;0;0;0;0;0;0;0;0.0074;0.0005;0.3456;0.3456;0;20.506;20.506;4.2961;0.0408;326.2;1059.6;1;0.0077;0.0077;0;0;0;0;0;0;0.3379;0.2499;0;16.859;19.523;12.191;14.116;97.768;97.768;3.1213;2.7624;1.9974;0.3589;0.7649;0.115;0.2451;0.6399;99.038;0.5519;0
04/10/21 16:00;18.206;82.56;40.733;18.351;31.428;90;31.428;205;165.1;39.895;12.11;5.21;0;96.756;138.73;37.337;0;3.0074;275.83;0;275.83;96.756;37.337;138.73;3.0074;0.3508;0.5138;0;0.0109;266.51;9.312;0;0;6.6504;2.6616;260.93;5.3189;0.7069;0.2728;4.2809;0.0583;266.25;0.2665;0.0968;0.0373;0.1321;0.0003;261.61;95.952;37.027;127.66;0.2871;92.627;74.565;29.31;2.4678;1.1167;16.064;0.6844;14.713;0;1;0;0;1.3455;0.9662;1;1;0.9521;0.115;0.98;0.9927;1;0.9676;0.8312;0.999;0.999;1;0.999;0.999;0.946;0.9202;0.0955;0.8283;0.8218;0.0049;0.0157;-0.0067;0.0057;0.0201;0.0032;0;0;0.088;0;0.66;0;0;0;0;0;0;0;0;0;0;0;0;0.0162;0.0018;0.7611;0.7611;0;22.695;22.695;10.585;0.0406;702.62;1083.2;1;0.0131;0.0131;0;0;0;0;0;0;0.748;0.66;0;17.504;20.269;15.18;17.578;98.282;98.282;6.6198;6.0827;5.2749;0.5372;0.8078;0.0811;0.122;0.7968;92.357;0.7635;0
04/10/21 17:00;6.1718;91.221;74.886;6.1732;8.9444;90;8.9444;12.697;12.697;0;12.8;4.3001;0;0;12.62;0;0;0.0154;12.636;0;12.636;0;0;12.62;0.0154;0;1;0;0.0012;12.547;0.089;0;0;0.0761;0.0129;12.013;0.5206;0;0;0.5201;0.0006;12.534;0.0125;0;0;0.0125;0;12.016;0;0;12.012;0.002;7.5465;6.0749;2.2443;0.0024;0.0874;1.2572;0.0024;1.3423;0;1;0;0;0.9951;0.993;1;1;0.994;0.1649;0.9585;1;1;0.9585;0.775;0.999;1;1;0.999;0.999;0.9508;0.9518;0.1277;0.0379;0.0388;0.0002;0.0069;-0.0016;0.0002;0.0008;0.0002;0;0;0.088;0;-0.0593;0;0;0;0;0;0;0;0;0;0;0;0;0.0007;0;0.0314;0.0314;0;13.302;13.302;0.5023;0.0418;31.486;996.19;1;0.0027;0.0027;0;0;0;0;0;0;0.0287;-0.0593;0;15.747;18.234;-29.79;-34.496;91.383;91.383;0.3033;0.2507;-0.4742;0.0526;0.7249;0.1734;2.3904;0;7.5465;0;0
04/10/21 18:00;0;0;90;0;0;90;0;0;0;0;10.88;4.7601;0;0;0;0;0;0;0;0;0;0;0;0;0;1;1;1;1;0;0;0;0;0;0;0;0;0;0;0;0;0;0;0;0;0;0;0;0;0;0;0;0;0;0;0;0;0;0;0;0;0;0;0;1;1;1;1;1;1;1;1;1;1;1;1;1;1;1;1;1;1;1;0;0;0;0;0;0;0;0;0;0.0004;0.088;0;-0.0884;0;0;0;0;0;0;0;0;0;0;0;0;0;0;0;0;0;0;0;-10.88;0;0;0;0;0.0004;0;0;0;0;0;0;0;-0.0004;-0.0884;0;0;0;0;0;0;0;0;0;-0.7063;0;0.7063;1;1;0;0;0;0
04/10/21 19:00;0;0;90;0;0;90;0;0;0;0;9.2003;4.2;0;0;0;0;0;0;0;0;0;0;0;0;0;1;1;1;1;0;0;0;0;0;0;0;0;0;0;0;0;0;0;0;0;0;0;0;0;0;0;0;0;0;0;0;0;0;0;0;0;0;0;0;1;1;1;1;1;1;1;1;1;1;1;1;1;1;1;1;1;1;1;0;0;0;0;0;0;0;0;0;0.0004;0.088;0;-0.0884;0;0;0;0;0;0;0;0;0;0;0;0;0;0;0;0;0;0;0;-9.2003;0;0;0;0;0.0004;0;0;0;0;0;0;0;-0.0004;-0.0884;0;0;0;0;0;0;0;0;0;-0.7063;0;0.7063;1;1;0;0;0;0
04/10/21 20:00;0;0;90;0;0;90;0;0;0;0;9.3997;3.3499;0;0;0;0;0;0;0;0;0;0;0;0;0;1;1;1;1;0;0;0;0;0;0;0;0;0;0;0;0;0;0;0;0;0;0;0;0;0;0;0;0;0;0;0;0;0;0;0;0;0;0;0;1;1;1;1;1;1;1;1;1;1;1;1;1;1;1;1;1;1;1;0;0;0;0;0;0;0;0;0;0.0004;0.088;0;-0.0884;0;0;0;0;0;0;0;0;0;0;0;0;0;0;0;0;0;0;0;-9.3997;0;0;0;0;0.0004;0;0;0;0;0;0;0;-0.0004;-0.0884;0;0;0;0;0;0;0;0;0;-0.7063;0;0.7063;1;1;0;0;0;0
04/10/21 21:00;0;0;90;0;0;90;0;0;0;0;9.1199;3.16;0;0;0;0;0;0;0;0;0;0;0;0;0;1;1;1;1;0;0;0;0;0;0;0;0;0;0;0;0;0;0;0;0;0;0;0;0;0;0;0;0;0;0;0;0;0;0;0;0;0;0;0;1;1;1;1;1;1;1;1;1;1;1;1;1;1;1;1;1;1;1;0;0;0;0;0;0;0;0;0;0.0004;0.088;0;-0.0884;0;0;0;0;0;0;0;0;0;0;0;0;0;0;0;0;0;0;0;-9.1199;0;0;0;0;0.0004;0;0;0;0;0;0;0;-0.0004;-0.0884;0;0;0;0;0;0;0;0;0;-0.7063;0;0.7063;1;1;0;0;0;0
04/10/21 22:00;0;0;90;0;0;90;0;0;0;0;9.0002;3.2799;0;0;0;0;0;0;0;0;0;0;0;0;0;1;1;1;1;0;0;0;0;0;0;0;0;0;0;0;0;0;0;0;0;0;0;0;0;0;0;0;0;0;0;0;0;0;0;0;0;0;0;0;1;1;1;1;1;1;1;1;1;1;1;1;1;1;1;1;1;1;1;0;0;0;0;0;0;0;0;0;0.0004;0.088;0;-0.0884;0;0;0;0;0;0;0;0;0;0;0;0;0;0;0;0;0;0;0;-9.0002;0;0;0;0;0.0004;0;0;0;0;0;0;0;-0.0004;-0.0884;0;0;0;0;0;0;0;0;0;-0.7063;0;0.7063;1;1;0;0;0;0
04/10/21 23:00;0;0;90;0;0;90;0;0;0;0;7.2997;4.18;0;0;0;0;0;0;0;0;0;0;0;0;0;1;1;1;1;0;0;0;0;0;0;0;0;0;0;0;0;0;0;0;0;0;0;0;0;0;0;0;0;0;0;0;0;0;0;0;0;0;0;0;1;1;1;1;1;1;1;1;1;1;1;1;1;1;1;1;1;1;1;0;0;0;0;0;0;0;0;0;0.0004;0.088;0;-0.0884;0;0;0;0;0;0;0;0;0;0;0;0;0;0;0;0;0;0;0;-7.2997;0;0;0;0;0.0004;0;0;0;0;0;0;0;-0.0004;-0.0884;0;0;0;0;0;0;0;0;0;-0.7063;0;0.7063;1;1;0;0;0;0
05/10/21 00:00;0;0;90;0;0;90;0;0;0;0;8.6997;4.33;0;0;0;0;0;0;0;0;0;0;0;0;0;1;1;1;1;0;0;0;0;0;0;0;0;0;0;0;0;0;0;0;0;0;0;0;0;0;0;0;0;0;0;0;0;0;0;0;0;0;0;0;1;1;1;1;1;1;1;1;1;1;1;1;1;1;1;1;1;1;1;0;0;0;0;0;0;0;0;0;0.0004;0.088;0;-0.0884;0;0;0;0;0;0;0;0;0;0;0;0;0;0;0;0;0;0;0;-8.6997;0;0;0;0;0.0004;0;0;0;0;0;0;0;-0.0004;-0.0884;0;0;0;0;0;0;0;0;0;-0.7063;0;0.7063;1;1;0;0;0;0
05/10/21 01:00;0;0;90;0;0;90;0;0;0;0;9.0301;4.01;0;0;0;0;0;0;0;0;0;0;0;0;0;1;1;1;1;0;0;0;0;0;0;0;0;0;0;0;0;0;0;0;0;0;0;0;0;0;0;0;0;0;0;0;0;0;0;0;0;0;0;0;1;1;1;1;1;1;1;1;1;1;1;1;1;1;1;1;1;1;1;0;0;0;0;0;0;0;0;0;0.0004;0.088;0;-0.0884;0;0;0;0;0;0;0;0;0;0;0;0;0;0;0;0;0;0;0;-9.0301;0;0;0;0;0.0004;0;0;0;0;0;0;0;-0.0004;-0.0884;0;0;0;0;0;0;0;0;0;-0.7063;0;0.7063;1;1;0;0;0;0
05/10/21 02:00;0;0;90;0;0;90;0;0;0;0;8.7702;4.25;0;0;0;0;0;0;0;0;0;0;0;0;0;1;1;1;1;0;0;0;0;0;0;0;0;0;0;0;0;0;0;0;0;0;0;0;0;0;0;0;0;0;0;0;0;0;0;0;0;0;0;0;1;1;1;1;1;1;1;1;1;1;1;1;1;1;1;1;1;1;1;0;0;0;0;0;0;0;0;0;0.0004;0.088;0;-0.0884;0;0;0;0;0;0;0;0;0;0;0;0;0;0;0;0;0;0;0;-8.7702;0;0;0;0;0.0004;0;0;0;0;0;0;0;-0.0004;-0.0884;0;0;0;0;0;0;0;0;0;-0.7063;0;0.7063;1;1;0;0;0;0
05/10/21 03:00;0;0;90;0;0;90;0;0;0;0;8.9703;5.1799;0;0;0;0;0;0;0;0;0;0;0;0;0;1;1;1;1;0;0;0;0;0;0;0;0;0;0;0;0;0;0;0;0;0;0;0;0;0;0;0;0;0;0;0;0;0;0;0;0;0;0;0;1;1;1;1;1;1;1;1;1;1;1;1;1;1;1;1;1;1;1;0;0;0;0;0;0;0;0;0;0.0004;0.088;0;-0.0884;0;0;0;0;0;0;0;0;0;0;0;0;0;0;0;0;0;0;0;-8.9703;0;0;0;0;0.0004;0;0;0;0;0;0;0;-0.0004;-0.0884;0;0;0;0;0;0;0;0;0;-0.7063;0;0.7063;1;1;0;0;0;0
05/10/21 04:00;0;0;90;0;0;90;0;0;0;0;8.7303;5.7499;0;0;0;0;0;0;0;0;0;0;0;0;0;1;1;1;1;0;0;0;0;0;0;0;0;0;0;0;0;0;0;0;0;0;0;0;0;0;0;0;0;0;0;0;0;0;0;0;0;0;0;0;1;1;1;1;1;1;1;1;1;1;1;1;1;1;1;1;1;1;1;0;0;0;0;0;0;0;0;0;0.0004;0.088;0;-0.0884;0;0;0;0;0;0;0;0;0;0;0;0;0;0;0;0;0;0;0;-8.7303;0;0;0;0;0.0004;0;0;0;0;0;0;0;-0.0004;-0.0884;0;0;0;0;0;0;0;0;0;-0.7063;0;0.7063;1;1;0;0;0;0
05/10/21 05:00;2.8091;-94.049;83.174;2.8161;4.0273;-90;-4.0273;2.5981;2.5981;0;9.5001;6.09;0;0;2.5949;0;0;0.0006;2.5955;2.5955;0;0;0;0;0;1;1;1;1;0;0;0;0;0;0;0;0;0;0;0;0;0;0;0;0;0;0;0;0;0;0;0;0;0;0;0;0;0;0;0;0;0;0;0;0;1;1;1;1;1;1;1;1;1;1;1;1;1;0;0;1;0;0;0;0;0;0;0;0;0;0;0;0.0004;0.088;0;-0.0884;0;0;0;0;0;0;0;0;0;0;0;0;0;0;0;0;0;0;0;-9.5001;0;0;0;0;0.0004;0;0;0;0;0;0;0;-0.0004;-0.0884;0;0;0;0;0;0;0;0;0;-0.7063;0;0.7063;1;1;0;0;0;0
05/10/21 06:00;11.8;-87.724;60.267;11.809;17.948;-90;-17.948;69.895;65.402;4.4927;9.31;6.96;0;10.896;62.787;2.5434;0;0.3401;76.567;0;76.567;10.896;2.5434;62.787;0.3401;0.1423;0.8245;0;0.0044;75.067;1.5001;0;0;1.2158;0.2843;72.263;2.7291;0.4182;0.0976;2.2008;0.0124;74.992;0.0751;0.0109;0.0025;0.0616;0.0001;72.337;10.467;2.4432;59.309;0.0433;38.68;31.137;11.675;0.1533;0.446;6.4157;0.0739;6.7084;0;1;0;0;1.0955;0.9804;1;1;0.9806;0.164;0.9636;0.9616;1;0.9642;0.7776;0.999;0.999;1;0.999;0.999;0.9438;0.9446;0.1274;0.2299;0.2314;0.0014;0.0159;-0.0108;0.0016;0.0056;0.0012;0;0;0.088;0;0.117;0;0;0;0;0;0;0;0;0;0;0;0;0.0045;0.0002;0.2118;0.2118;0;12.25;12.25;2.9404;0.0407;196.14;1079.6;1;0.0067;0.0067;0;0;0;0;0;0;0.205;0.117;0;17.544;20.315;9.694;11.225;96.814;96.814;1.8376;1.6923;0.9351;0.1453;0.7572;0.0791;0.4121;0.5089;38.653;0.4788;0
05/10/21 07:00;23.969;-78.587;11.814;24.397;60;-90;-60;348.59;87.5;261.1;10.05;7.8099;0;629.09;34.842;98.891;0;17.43;780.25;0;780.25;629.09;98.891;34.842;17.43;0.8063;0.067;0;0.0223;759.55;20.696;0;0;4.3848;16.311;757.35;1.4467;0.2565;0.0403;1.0758;0.0741;758.79;0.7596;0.6291;0.0989;0.0305;0.0011;758.53;628.2;98.752;29.351;1.0436;33.79;27.201;11.901;5.8293;0.6492;9.3384;1.1861;4.1583;0;1;0;0;2.2383;0.9735;1;1;0.8742;0.0642;0.9981;0.9996;1;0.9646;0.9337;0.999;0.999;1;0.999;0.999;0.9706;0.8424;0.0599;2.3431;2.3043;0.0139;-0.0016;0.1293;0.0151;0.0537;0.0018;0;0;0.088;0;1.915;0;0;0;0;0;0;0;0;0;0;0;0;0.0432;0.0118;2.0371;2.0371;0;41.086;41.086;31.036;0.041;1980.5;1028.5;1;0.0341;0.0341;0;0;0;0;0;0;2.003;1.915;0;16.562;19.178;15.569;18.029;98.326;98.326;18.726;16.28;15.305;2.4456;0.9758;0.1306;0.0521;0.8173;30.34;0.81;0
05/10/21 08:00;35.71;-67.886;17.798;37.808;52.192;-90;-52.192;488.5;164.2;324.31;11.22;8.02;0;529.03;78.725;108.62;0;18.904;735.27;0;735.27;529.03;108.62;78.725;18.904;0.7195;0.1328;0;0.0257;709.48;25.788;0;0;8.0958;17.692;705.97;2.8044;0.3249;0.0667;2.3649;0.0479;708.77;0.7095;0.529;0.1086;0.0706;0.0012;710.53;528.17;108.44;68.194;1.1626;192.13;154.66;59.779;8.0449;2.5725;37.004;4.5644;31.532;0;1;0;0;1.5052;0.9649;1;1;0.8972;0.0641;0.996;0.9994;1;0.9665;0.9604;0.999;0.999;1;0.999;0.999;0.9601;0.8662;0.0615;2.208;2.2181;0.0134;-0.0012;0.1172;0.0146;0.0519;0.007;0;0;0.088;0;1.8419;0;0;0;0;0;0;0;0;0;0;0;0;0.0418;0.011;1.9626;1.9626;0;40.131;40.131;28.911;0.041;1904.3;1030.6;1;0.0327;0.0327;0;0;0;0;0;0;1.9299;1.8419;0;16.932;19.607;15.891;18.401;98.334;98.334;17.647;15.685;14.72;1.9617;0.9647;0.1112;0.0547;0.8342;62.86;0.8039;0
05/10/21 09:00;46.445;-54.013;23.884;52.428;37.572;-90;-37.572;710.59;135.5;575.09;12.58;8;0;725.59;51.109;99.014;0;14.739;890.45;0;890.45;725.59;99.014;51.109;14.739;0.8149;0.0739;0;0.0166;873.83;16.625;0;0;3.2381;13.387;870.57;2.3798;0.598;0.0816;1.5438;0.1565;872.95;0.8738;0.7256;0.099;0.0479;0.0014;874.55;724.26;98.833;46.28;1.1941;350.91;282.48;112.74;1.6831;3.6213;52.091;3.9796;54.029;0;1;0;0;1.2531;0.9813;1;1;0.9366;0.0917;0.9973;0.9992;1;0.9677;0.8842;0.999;0.999;1;0.999;0.999;0.9777;0.9055;0.081;2.674;2.7439;0.0165;-0.0018;0.2251;0.0175;0.0622;0.0095;0;0;0.088;0;2.2195;0;0;0;0;0;0;0;0;0;0;0;0;0.0501;0.0164;2.3483;2.3483;0;48.472;48.472;35.892;0.0412;2360.4;994.88;1;0.0408;0.0408;0;0;0;0;0;0;2.3075;2.2195;0;16.73;19.373;15.812;18.31;98.262;98.262;21.371;18.768;17.739;2.6028;1.0295;0.1218;0.0482;0.83;35.672;0.7952;0
05/10/21 10:00;55.057;-34.551;28.147;68.382;21.618;-90;-21.618;717;238.7;478.3;13.11;8.0301;0;514.49;132.23;109.34;0;5.0431;761.1;0;761.1;514.49;109.34;132.23;5.0431;0.676;0.1804;0;0.0066;753.37;7.7308;0;0;3.477;4.2539;747.46;5.1576;0.4997;0.1062;4.3818;0.17;752.62;0.7534;0.5145;0.1093;0.1287;0.0008;748.7;513.47;109.13;124.24;0.6185;406.82;327.49;127.42;0.6288;4.3262;62.23;1.2395;65.928;0;1;0;0;1.0615;0.9898;1;1;0.9737;0.1565;0.9931;0.999;1;0.9659;0.7844;0.999;0.999;1;0.999;0.999;0.9821;0.9396;0.1226;2.2856;2.3862;0.0144;-0.0019;0.1569;0.0155;0.055;0.0116;0;0;0.088;0;1.9553;0;0;0;0;0;0;0;0;0;0;0;0;0.0443;0.0126;2.0779;2.0779;0;43.811;43.811;30.701;0.0411;2048.5;1014.3;1;0.0346;0.0346;0;0;0;0;0;0;2.0433;1.9553;0;17.319;20.055;16.297;18.872;98.335;98.335;18.266;16.606;15.627;1.66;0.9797;0.0909;0.0536;0.8555;82.824;0.8061;0
05/10/21 11:00;59.568;-7.9438;30.109;85.359;4.6414;-90;-4.6414;1000.5;165.1;835.4;14.25;8.09;0;838.15;48.273;117.13;0;0.3281;1003.9;0;1003.9;838.15;117.13;48.273;0.3281;0.8349;0.0484;0;0.0003;1003.5;0.3753;0;0;0.1009;0.2743;999.34;3.1697;0.9212;0.1287;2.1078;0.012;1002.5;1.0035;0.8382;0.1171;0.0482;0.0001;999.36;836.39;116.89;46.016;0.0417;588.85;474.03;183.97;0.0002;6.2329;89.657;0.0261;95.89;0;1;0;0;1.0034;0.9996;1;1;0.9979;0.1639;0.9968;0.9989;1;0.9562;0.7767;0.999;0.999;1;0.999;0.999;0.9955;0.9532;0.1272;3.0147;3.199;0.0193;0.0023;0.3433;0.0198;0.0704;0.0159;0;0;0.088;0;2.5139;0;0;0;0;0;0;0;0;0;0;0;0;0.0567;0.022;2.6494;2.6494;0;55.701;55.701;41.451;0.0415;2747.3;964.36;1;0.0475;0.0475;0;0;0;0;0;0;2.6019;2.5139;0;16.742;19.387;15.886;18.395;98.208;98.208;24.093;21.174;20.091;2.9193;1.0827;0.1212;0.0449;0.8339;28.655;0.7816;0
05/10/21 12:00;58.142;21.053;29.511;77.416;12.584;90;12.584;1153.1;190.3;962.81;15.03;8.1201;0;986.51;32.463;161.32;0;2.7702;1183.1;0;1183.1;986.51;161.32;32.463;2.7702;0.8339;0.0298;0;0.0023;1180.4;2.6597;0;0;0.3466;2.3132;1176.7;2.5307;1.0046;0.1643;1.259;0.1029;1179.2;1.1804;0.9865;0.1613;0.0321;0.0005;1177.3;984.52;160.99;30.825;0.3537;668.9;538.46;211.16;0.023;6.9399;99.827;0.5683;106.74;0;1;0;0;1.026;0.9978;1;1;0.9893;0.165;0.9979;0.999;1;0.9608;0.7747;0.999;0.999;1;0.999;0.999;0.9946;0.9496;0.1277;3.5527;3.7562;0.0226;0.0142;0.5151;0.0224;0.0795;0.017;0;0;0.088;0;2.662;0;0;0;0;0;0;0;0;0;0;0;0;0.0641;0.03;2.9913;2.8022;0;64.201;64.201;49.171;0.0418;2807.7;998.03;1;0.2413;0.0522;0;0;0.1891;0;0;0;2.75;2.662;0;15.026;17.399;14.274;16.529;91.933;98.136;28.393;22.395;21.275;5.998;1.1208;0.2112;0.0395;0.7493;19.598;0.7048;0
05/10/21 13:00;51.441;44.423;26.434;60.84;29.16;90;29.16;320.31;305.6;14.712;14.34;8.0301;0;16.847;282.3;4.8053;0;4.0594;308.01;0;308.01;16.847;4.8053;282.3;4.0594;0.0547;0.9297;0;0.0132;292.45;15.567;0;0;12.014;3.5535;283.22;8.9313;0.0154;0.0044;8.819;0.0926;292.15;0.2924;0.0168;0.0048;0.2703;0.0005;284.43;16.815;4.7961;261.2;0.4128;195.03;157;61.117;3.8741;2.3041;33.143;1.2116;31.573;0;1;0;0;0.9616;0.9495;1;1;0.9574;0.1246;0.9694;0.9991;1;0.9673;0.8168;0.999;0.999;1;0.999;0.999;0.9195;0.9252;0.1017;0.925;0.9266;0.0056;0.0144;0.0028;0.0063;0.0224;0.0065;0;0;0.088;0;0.7461;0;0;0;0;0;0;0;0;0;0;0;0;0.0181;0.0022;0.8483;0.8483;0;25.853;25.853;11.513;0.0407;790.9;1072.5;1;0.0142;0.0142;0;0;0;0;0;0;0.8341;0.7461;0;17.47;20.23;15.366;17.793;98.327;98.327;7.3923;6.7793;5.9626;0.613;0.8167;0.0829;0.1105;0.8066;185.01;0.7465;0
05/10/21 14:00;41.655;60.965;21.262;45.495;44.505;90;44.505;158.99;156.6;2.3919;14.12;7.69;0;3.3539;133.79;0.5767;0;4.56;142.28;0;142.28;3.3539;0.5767;133.79;4.56;0.0236;0.9724;0;0.032;127.11;15.172;0;0;10.936;4.2367;122.96;4.0197;0.0025;0.0004;3.9963;0.0206;126.98;0.1271;0.0034;0.0006;0.1229;0.0003;124.61;3.348;0.5757;118.74;0.3024;100.31;80.751;33.667;7.8654;1.4217;20.451;1.6487;14.007;0;1;0;0;0.8949;0.8934;1;1;0.9183;0.0709;0.9683;0.9993;1;0.9674;0.9363;0.999;0.999;1;0.999;0.999;0.8642;0.8875;0.0663;0.4273;0.4184;0.0025;0.018;-0.0089;0.0028;0.0101;0.004;0;0;0.088;0;0.285;0;0;0;0;0;0;0;0;0;0;0;0;0.0081;0.0006;0.3812;0.3812;0;19.125;19.125;5.0053;0.0407;355.86;1071.1;1;0.0082;0.0082;0;0;0;0;0;0;0.373;0.285;0;16.995;19.679;12.705;14.712;97.847;97.847;3.4148;3.0463;2.2775;0.3684;0.7689;0.1079;0.2252;0.6669;99.121;0.6021;0
05/10/21 15:00;30.358;73.117;14.512;31.471;58.529;90;58.529;212.11;203.1;9.0096;13.73;6.98;0;17.258;152.55;5.0615;0;10.137;185.01;0;185.01;17.258;5.0615;152.55;10.137;0.0933;0.8794;0;0.0548;156.93;28.075;0;0;18.559;9.5162;152.05;4.7257;0.0086;0.0025;4.6779;0.0366;156.78;0.1569;0.0173;0.0051;0.134;0.0006;156.12;17.232;5.0539;129.18;0.584;133.04;107.1;47.176;23.343;2.5608;36.836;4.0643;16.054;0;1;0;0;0.8722;0.8483;1;1;0.8783;0.0613;0.9699;0.9995;1;0.9651;0.9411;0.999;0.999;1;0.999;0.999;0.8219;0.8468;0.0576;0.5556;0.5479;0.0033;0.0179;-0.01;0.0038;0.0133;0.0072;0;0;0.088;0;0.4032;0;0;0;0;0;0;0;0;0;0;0;0;0.0107;0.0009;0.5007;0.5007;0;19.911;19.911;6.1812;0.0407;465.59;1075.5;1;0.0095;0.0095;0;0;0;0;0;0;0.4912;0.4032;0;17.169;19.882;13.826;16.01;98.1;98.1;4.4402;4.0019;3.2226;0.4383;0.7793;0.0987;0.1755;0.7258;130.55;0.6316;0
05/10/21 16:00;18.366;82.938;40.165;18.497;31.807;90;31.807;112.7;110.3;2.3923;13.5;5.0999;0;5.8021;101.46;1.4824;0;1.6923;110.43;0;110.43;5.8021;1.4824;101.46;1.6923;0.0525;0.934;0;0.0153;103.97;6.4574;0;0;4.9569;1.5005;100.66;3.2078;0.0405;0.0103;3.1251;0.0319;103.87;0.104;0.0058;0.0015;0.0965;0.0002;101.18;5.7558;1.4706;93.277;0.1598;67.743;54.533;21.44;1.8808;0.8214;11.815;0.5162;10.756;0;1;0;0;0.9799;0.9415;1;1;0.9511;0.1134;0.9691;0.993;1;0.9676;0.8338;0.999;0.999;1;0.999;0.999;0.9115;0.9194;0.0944;0.3316;0.3297;0.002;0.0174;-0.0089;0.0022;0.0079;0.0023;0;0;0.088;0;0.2046;0;0;0;0;0;0;0;0;0;0;0;0;0.0064;0.0004;0.2999;0.2999;0;17.6;17.6;4.1003;0.0407;280.29;1069.9;1;0.0073;0.0073;0;0;0;0;0;0;0.2926;0.2046;0;17.227;19.948;11.751;13.607;97.555;97.555;2.6504;2.3967;1.6348;0.2537;0.7619;0.0957;0.2875;0.6168;67.728;0.5711;0
05/10/21 17:00;6.1234;91.727;75.007;6.1262;8.874;90;8.874;47;45.998;1.0022;13;3.3301;0;2.4305;45.409;0.7649;0;0.0563;48.661;0;48.661;2.4305;0.7649;45.409;0.0563;0.0499;0.9343;0;0.0012;48.344;0.3174;0;0;0.2704;0.047;45.827;2.4685;0.4511;0.142;1.8733;0.0021;48.295;0.0483;0.0024;0.0008;0.0451;0;45.835;1.9769;0.6222;43.22;0.0072;27.155;21.86;8.0766;0.0082;0.3144;4.5232;0.0083;4.8294;0;1;0;0;1.0353;0.9935;1;1;0.994;0.1649;0.9489;0.8142;1;0.9585;0.775;0.999;0.999;1;0.999;0.999;0.9418;0.9518;0.1277;0.1461;0.1476;0.0009;0.0134;-0.0055;0.001;0.0034;0.0009;0;0;0.088;0;0.037;0;0;0;0;0;0;0;0;0;0;0;0;0.0028;0.0001;0.1306;0.1306;0;14.879;14.879;1.8789;0.041;124.46;1049.4;1;0.0056;0.0056;0;0;0;0;0;0;0.125;0.037;0;17.027;19.717;4.8277;5.5904;95.731;95.731;1.1679;1.0438;0.296;0.124;0.7479;0.1062;0.6404;0.2534;27.149;0.2369;0
05/10/21 18:00;0.005;96.024;89.995;0;0;90;0;0;0;0;11.9;3.1701;0;0;0;0;0;0;0;0;0;0;0;0;0;1;1;1;1;0;0;0;0;0;0;0;0;0;0;0;0;0;0;0;0;0;0;0;0;0;0;0;0;0;0;0;0;0;0;0;0;0;0;0;1;1;1;1;1;1;1;1;1;1;1;1;1;1;1;1;1;1;1;0;0;0;0;0;0;0;0;0;0.0004;0.088;0;-0.0884;0;0;0;0;0;0;0;0;0;0;0;0;0;0;0;0;0;0;0;-11.9;0;0;0;0;0.0004;0;0;0;0;0;0;0;-0.0004;-0.0884;0;0;0;0;0;0;0;0;0;-0.7063;0;0.7063;1;1;0;0;0;0
05/10/21 19:00;0;0;90;0;0;90;0;0;0;0;8.3999;3.0901;0;0;0;0;0;0;0;0;0;0;0;0;0;1;1;1;1;0;0;0;0;0;0;0;0;0;0;0;0;0;0;0;0;0;0;0;0;0;0;0;0;0;0;0;0;0;0;0;0;0;0;0;1;1;1;1;1;1;1;1;1;1;1;1;1;1;1;1;1;1;1;0;0;0;0;0;0;0;0;0;0.0004;0.088;0;-0.0884;0;0;0;0;0;0;0;0;0;0;0;0;0;0;0;0;0;0;0;-8.3999;0;0;0;0;0.0004;0;0;0;0;0;0;0;-0.0004;-0.0884;0;0;0;0;0;0;0;0;0;-0.7063;0;0.7063;1;1;0;0;0;0
05/10/21 20:00;0;0;90;0;0;90;0;0;0;0;5.9197;2.9599;0;0;0;0;0;0;0;0;0;0;0;0;0;1;1;1;1;0;0;0;0;0;0;0;0;0;0;0;0;0;0;0;0;0;0;0;0;0;0;0;0;0;0;0;0;0;0;0;0;0;0;0;1;1;1;1;1;1;1;1;1;1;1;1;1;1;1;1;1;1;1;0;0;0;0;0;0;0;0;0;0.0004;0.088;0;-0.0884;0;0;0;0;0;0;0;0;0;0;0;0;0;0;0;0;0;0;0;-5.9197;0;0;0;0;0.0004;0;0;0;0;0;0;0;-0.0004;-0.0884;0;0;0;0;0;0;0;0;0;-0.7063;0;0.7063;1;1;0;0;0;0
05/10/21 21:00;0;0;90;0;0;90;0;0;0;0;5.4098;2.75;0;0;0;0;0;0;0;0;0;0;0;0;0;1;1;1;1;0;0;0;0;0;0;0;0;0;0;0;0;0;0;0;0;0;0;0;0;0;0;0;0;0;0;0;0;0;0;0;0;0;0;0;1;1;1;1;1;1;1;1;1;1;1;1;1;1;1;1;1;1;1;0;0;0;0;0;0;0;0;0;0.0004;0.088;0;-0.0884;0;0;0;0;0;0;0;0;0;0;0;0;0;0;0;0;0;0;0;-5.4098;0;0;0;0;0.0004;0;0;0;0;0;0;0;-0.0004;-0.0884;0;0;0;0;0;0;0;0;0;-0.7063;0;0.7063;1;1;0;0;0;0
05/10/21 22:00;0;0;90;0;0;90;0;0;0;0;4.9398;2.5599;0;0;0;0;0;0;0;0;0;0;0;0;0;1;1;1;1;0;0;0;0;0;0;0;0;0;0;0;0;0;0;0;0;0;0;0;0;0;0;0;0;0;0;0;0;0;0;0;0;0;0;0;1;1;1;1;1;1;1;1;1;1;1;1;1;1;1;1;1;1;1;0;0;0;0;0;0;0;0;0;0.0004;0.088;0;-0.0884;0;0;0;0;0;0;0;0;0;0;0;0;0;0;0;0;0;0;0;-4.9398;0;0;0;0;0.0004;0;0;0;0;0;0;0;-0.0004;-0.0884;0;0;0;0;0;0;0;0;0;-0.7063;0;0.7063;1;1;0;0;0;0
05/10/21 23:00;0;0;90;0;0;90;0;0;0;0;4.5802;2.4601;0;0;0;0;0;0;0;0;0;0;0;0;0;1;1;1;1;0;0;0;0;0;0;0;0;0;0;0;0;0;0;0;0;0;0;0;0;0;0;0;0;0;0;0;0;0;0;0;0;0;0;0;1;1;1;1;1;1;1;1;1;1;1;1;1;1;1;1;1;1;1;0;0;0;0;0;0;0;0;0;0.0004;0.088;0;-0.0884;0;0;0;0;0;0;0;0;0;0;0;0;0;0;0;0;0;0;0;-4.5802;0;0;0;0;0.0004;0;0;0;0;0;0;0;-0.0004;-0.0884;0;0;0;0;0;0;0;0;0;-0.7063;0;0.7063;1;1;0;0;0;0
06/10/21 00:00;0;0;90;0;0;90;0;0;0;0;3.5598;2.21;0;0;0;0;0;0;0;0;0;0;0;0;0;1;1;1;1;0;0;0;0;0;0;0;0;0;0;0;0;0;0;0;0;0;0;0;0;0;0;0;0;0;0;0;0;0;0;0;0;0;0;0;1;1;1;1;1;1;1;1;1;1;1;1;1;1;1;1;1;1;1;0;0;0;0;0;0;0;0;0;0.0004;0.088;0;-0.0884;0;0;0;0;0;0;0;0;0;0;0;0;0;0;0;0;0;0;0;-3.5598;0;0;0;0;0.0004;0;0;0;0;0;0;0;-0.0004;-0.0884;0;0;0;0;0;0;0;0;0;-0.7063;0;0.7063;1;1;0;0;0;0
06/10/21 01:00;0;0;90;0;0;90;0;0;0;0;3.1901;1.8499;0;0;0;0;0;0;0;0;0;0;0;0;0;1;1;1;1;0;0;0;0;0;0;0;0;0;0;0;0;0;0;0;0;0;0;0;0;0;0;0;0;0;0;0;0;0;0;0;0;0;0;0;1;1;1;1;1;1;1;1;1;1;1;1;1;1;1;1;1;1;1;0;0;0;0;0;0;0;0;0;0.0004;0.088;0;-0.0884;0;0;0;0;0;0;0;0;0;0;0;0;0;0;0;0;0;0;0;-3.1901;0;0;0;0;0.0004;0;0;0;0;0;0;0;-0.0004;-0.0884;0;0;0;0;0;0;0;0;0;-0.7063;0;0.7063;1;1;0;0;0;0
06/10/21 02:00;0;0;90;0;0;90;0;0;0;0;2.53;1.2899;0;0;0;0;0;0;0;0;0;0;0;0;0;1;1;1;1;0;0;0;0;0;0;0;0;0;0;0;0;0;0;0;0;0;0;0;0;0;0;0;0;0;0;0;0;0;0;0;0;0;0;0;1;1;1;1;1;1;1;1;1;1;1;1;1;1;1;1;1;1;1;0;0;0;0;0;0;0;0;0;0.0004;0.088;0;-0.0884;0;0;0;0;0;0;0;0;0;0;0;0;0;0;0;0;0;0;0;-2.53;0;0;0;0;0.0004;0;0;0;0;0;0;0;-0.0004;-0.0884;0;0;0;0;0;0;0;0;0;-0.7063;0;0.7063;1;1;0;0;0;0
06/10/21 03:00;0;0;90;0;0;90;0;0;0;0;1.83;0.5599;0;0;0;0;0;0;0;0;0;0;0;0;0;1;1;1;1;0;0;0;0;0;0;0;0;0;0;0;0;0;0;0;0;0;0;0;0;0;0;0;0;0;0;0;0;0;0;0;0;0;0;0;1;1;1;1;1;1;1;1;1;1;1;1;1;1;1;1;1;1;1;0;0;0;0;0;0;0;0;0;0.0004;0.088;0;-0.0884;0;0;0;0;0;0;0;0;0;0;0;0;0;0;0;0;0;0;0;-1.83;0;0;0;0;0.0004;0;0;0;0;0;0;0;-0.0004;-0.0884;0;0;0;0;0;0;0;0;0;-0.7063;0;0.7063;1;1;0;0;0;0
06/10/21 04:00;0;0;90;0;0;90;0;0;0;0;1.8998;0.4799;0;0;0;0;0;0;0;0;0;0;0;0;0;1;1;1;1;0;0;0;0;0;0;0;0;0;0;0;0;0;0;0;0;0;0;0;0;0;0;0;0;0;0;0;0;0;0;0;0;0;0;0;1;1;1;1;1;1;1;1;1;1;1;1;1;1;1;1;1;1;1;0;0;0;0;0;0;0;0;0;0.0004;0.088;0;-0.0884;0;0;0;0;0;0;0;0;0;0;0;0;0;0;0;0;0;0;0;-1.8998;0;0;0;0;0.0004;0;0;0;0;0;0;0;-0.0004;-0.0884;0;0;0;0;0;0;0;0;0;-0.7063;0;0.7063;1;1;0;0;0;0
06/10/21 05:00;3.0917;-94.32;82.484;3.1005;4.4371;-90;-4.4371;6.6027;6.5986;0.0041;1.6997;0.93;0;0.0098;6.5884;0.0009;0;0.002;6.6011;6.6011;0;0.0098;0;0;0;1;1;1;1;0;0;0;0;0;0;0;0;0;0;0;0;0;0;0;0;0;0;0;0;0;0;0;0;0;0;0;0;0;0;0;0;0;0;0;0;1;1;1;1;1;1;1;1;1;1;1;0;1;0;0;1;0;0;0;0;0;0;0;0;0;0;0;0.0004;0.088;0;-0.0884;0;0;0;0;0;0;0;0;0;0;0;0;0;0;0;0;0;0;0;-1.6997;0;0;0;0;0.0004;0;0;0;0;0;0;0;-0.0004;-0.0884;0;0;0;0;0;0;0;0;0;-0.7063;0;0.7063;1;1;0;0;0;0
06/10/21 06:00;12.082;-88.002;59.494;12.089;18.437;-90;-18.437;155.01;41.901;113.11;3.7299;1.6099;0;274.31;24.733;40.057;0;0.7956;339.9;0;339.9;274.31;40.057;24.733;0.7956;0.807;0.0751;0;0.0023;338.73;1.1664;0;0;0.501;0.6654;326.41;11.982;9.6812;1.4137;0.8587;0.0289;338.4;0.3387;0.2743;0.0401;0.0242;0.0001;326.45;264.36;38.603;23.349;0.1011;15.893;12.794;4.6235;0.0665;0.1948;2.8016;0.0344;2.9298;0;1;0;0;2.1928;0.9966;1;1;0.9797;0.1636;0.9646;0.9647;1;0.9645;0.778;0.999;0.999;1;0.999;0.999;0.9603;0.944;0.1271;1.0207;0.9891;0.006;0.0136;-0.0282;0.007;0.0248;0.0006;0;0;0.088;0;0.8389;0;0;0;0;0;0;0;0;0;0;0;0;0.0199;0.0025;0.9431;0.9431;0;16.887;16.887;13.157;0.0403;846.71;1113.8;1;0.0162;0.0162;0;0;0;0;0;0;0.9269;0.8389;0;17.601;20.381;15.656;18.13;98.283;98.283;8.1576;7.5371;6.7044;0.6205;0.8327;0.0761;0.1021;0.8219;15.258;0.8168;0
06/10/21 07:00;24.258;-78.876;11.436;24.668;60;-90;-60;388.6;66.998;321.6;6.9002;1.31;0;767.24;21.557;91.264;0;19.43;899.49;0;899.49;767.24;91.264;21.557;19.43;0.853;0.0456;0;0.0216;878.6;20.896;0;0;2.713;18.183;876.63;1.087;0.3028;0.036;0.6656;0.0826;877.72;0.8786;0.7672;0.0913;0.0188;0.0012;877.74;766.17;91.137;18.16;1.1633;26.387;21.242;8.8656;3.6089;0.4735;6.8107;1.107;3.6753;0;1;0;0;2.3147;0.9768;1;1;0.8742;0.0642;0.9988;0.9996;1;0.9646;0.9337;0.999;0.999;1;0.999;0.999;0.9746;0.8424;0.0599;2.7012;2.658;0.016;-0.0021;0.1655;0.0173;0.0615;0.0013;0;0;0.088;0;2.2043;0;0;0;0;0;0;0;0;0;0;0;0;0.0495;0.0155;2.3333;2.3333;0;42.875;42.875;35.974;0.041;2288.3;1019.7;1;0.041;0.041;0;0;0;0;0;0;2.2923;2.2043;0;16.456;19.055;15.546;18.002;98.241;98.241;21.588;18.648;17.617;2.9398;1.0312;0.1362;0.0478;0.8161;18.772;0.8115;0
06/10/21 08:00;36.017;-68.186;17.491;38.063;51.937;-90;-51.937;608.09;100.3;507.79;11.54;2.4799;0;823.63;30.002;102.48;0;23.319;979.43;0;979.43;823.63;102.48;30.002;23.319;0.8409;0.0544;0;0.0238;954.55;24.884;0;0;3.0635;21.82;952.07;1.519;0.4971;0.0619;0.9008;0.0593;953.59;0.9545;0.8236;0.1025;0.0269;0.0015;956.82;822.31;102.31;26.011;1.4375;214.88;172.98;66.482;3.018;2.513;36.149;4.7501;35.644;0;1;0;0;1.6107;0.9746;1;1;0.8979;0.0643;0.9984;0.9994;1;0.9665;0.9604;0.999;0.999;1;0.999;0.999;0.9721;0.867;0.0616;2.9412;2.9581;0.0178;-0.0005;0.2674;0.0187;0.0664;0.0065;0;0;0.088;0;2.3767;0;0;0;0;0;0;0;0;0;0;0;0;0.0534;0.019;2.5093;2.5093;0;50.872;50.872;39.331;0.0413;2546.4;985.45;1;0.0446;0.0446;0;0;0;0;0;0;2.4647;2.3767;0;16.252;18.82;15.394;17.826;98.223;98.223;23.506;20.054;18.995;3.452;1.0596;0.1469;0.0451;0.8081;23.892;0.7863;0
06/10/21 09:00;46.782;-54.302;23.552;52.653;37.347;-90;-37.347;775.89;128;647.9;15.73;3.1001;0;814.99;40.378;104.41;0;15.908;975.69;0;975.69;814.99;104.41;40.378;15.908;0.8353;0.0577;0;0.0163;958.72;16.969;0;0;2.5344;14.434;955.62;2.1412;0.6623;0.0849;1.2202;0.1738;957.76;0.9587;0.815;0.1044;0.0378;0.0015;960;813.51;104.22;36.586;1.298;381.8;307.35;121.42;1.3037;3.9874;57.357;4.3792;60.041;0;1;0;0;1.2575;0.9826;1;1;0.9372;0.0926;0.9978;0.9992;1;0.9677;0.8819;0.999;0.999;1;0.999;0.999;0.9794;0.9061;0.0816;2.93;3.0123;0.0181;0;0.3202;0.0187;0.0664;0.0102;0;0;0.088;0;2.3736;0;0;0;0;0;0;0;0;0;0;0;0;0.0535;0.0197;2.5056;2.5056;0;55.355;55.355;39.625;0.0415;2591.1;966.99;1;0.044;0.044;0;0;0;0;0;0;2.4616;2.3736;0;16.291;18.864;15.432;17.87;98.243;98.243;23.417;20.025;18.97;3.3918;1.055;0.1448;0.0451;0.8101;28.13;0.7759;0
06/10/21 10:00;55.432;-34.747;27.788;68.559;21.441;-90;-21.441;893.81;147.5;746.31;17.77;3.32;0;801.79;48.258;104.76;0;6.1857;961;0;961;801.79;104.76;48.258;6.1857;0.8343;0.0567;0;0.0064;954.53;6.4663;0;0;1.2524;5.2139;950.9;2.6811;0.7688;0.1005;1.6019;0.2099;953.58;0.9545;0.8018;0.1048;0.047;0.001;952.4;800.22;104.56;45.357;0.761;502.06;404.16;157.97;0.2238;5.2559;75.604;1.5033;80.636;0;1;0;0;1.0752;0.9933;1;1;0.974;0.1571;0.9972;0.999;1;0.9659;0.7838;0.999;0.999;1;0.999;0.999;0.9895;0.9399;0.123;2.8859;3.0279;0.0182;0.0002;0.3425;0.0187;0.0662;0.0133;0;0;0.088;0;2.3642;0;0;0;0;0;0;0;0;0;0;0;0;0.0533;0.0198;2.4958;2.4958;0;57.261;57.261;39.491;0.0415;2602.7;958.91;1;0.0436;0.0436;0;0;0;0;0;0;2.4522;2.3642;0;16.475;19.077;15.606;18.072;98.255;98.255;23.064;19.946;18.895;3.118;1.0514;0.1352;0.0456;0.8192;30.2;0.7737;0
06/10/21 11:00;59.958;-7.8795;29.73;85.467;4.5331;-90;-4.5331;982.81;162.2;820.6;19.02;3.4;0;823.18;49.966;112.51;0;0.3074;985.96;0;985.96;823.18;112.51;49.966;0.3074;0.8349;0.051;0;0.0003;985.6;0.3578;0;0;0.1007;0.2571;981.46;3.1555;0.8445;0.1154;2.1844;0.0112;984.62;0.9856;0.8232;0.1125;0.0499;0.0001;981.49;821.51;112.28;47.631;0.0391;578.51;465.7;180.71;0.0002;6.1252;88.109;0.0231;94.234;0;1;0;0;1.0032;0.9996;1;1;0.998;0.1638;0.9968;0.999;1;0.9562;0.7768;0.999;0.999;1;0.999;0.999;0.9954;0.9533;0.1271;2.9608;3.1419;0.0189;0.0015;0.3843;0.0192;0.068;0.0153;0;0;0.088;0;2.426;0;0;0;0;0;0;0;0;0;0;0;0;0.0547;0.0212;2.5588;2.5588;0;59.87;59.87;40.85;0.0416;2698.2;948.32;1;0.0448;0.0448;0;0;0;0;0;0;2.514;2.426;0;16.463;19.064;15.609;18.074;98.249;98.249;23.663;20.45;19.388;3.2132;1.0615;0.1358;0.0449;0.8194;29.656;0.768;0
06/10/21 12:00;58.485;21.409;29.121;77.384;12.616;90;12.616;1037.7;171.2;866.5;19.41;3.24;0;887.93;43.737;130.07;0;2.5053;1064.2;0;1064.2;887.93;130.07;43.737;2.5053;0.8343;0.0435;0;0.0024;1061.7;2.5608;0;0;0.4689;2.092;1057.8;2.8113;0.8922;0.1307;1.6953;0.093;1060.6;1.0617;0.8879;0.1301;0.0433;0.0004;1058.3;886.15;129.81;41.53;0.3199;602.15;484.73;189.94;0.0309;6.2577;90.015;0.5141;96.242;0;1;0;0;1.0256;0.9976;1;1;0.9893;0.165;0.9973;0.999;1;0.9608;0.7747;0.999;0.999;1;0.999;0.999;0.994;0.9495;0.1277;3.1959;3.3773;0.0203;0.0053;0.4571;0.0203;0.0719;0.0154;0;0;0.088;0;2.5689;0;0;0;0;0;0;0;0;0;0;0;0;0.0579;0.0244;2.7048;2.7048;0;63.578;63.578;44.168;0.0418;2902.3;931.96;1;0.0479;0.0479;0;0;0;0;0;0;2.6569;2.5689;0;16.123;18.67;15.313;17.732;98.23;98.23;25.542;21.617;20.531;3.9251;1.086;0.1537;0.0425;0.8038;26.407;0.7559;0
06/10/21 13:00;51.71;44.88;26.045;60.879;29.121;90;29.121;798.69;167.4;631.29;19.87;3.0299;0;722.63;64.816;112.42;0;10.096;909.97;0;909.97;722.63;112.42;64.816;10.096;0.7941;0.0823;0;0.0111;898.38;11.588;0;0;2.7525;8.8359;894.48;3.0066;0.6494;0.101;2.0253;0.2308;897.48;0.8984;0.7226;0.1124;0.0621;0.0013;897.13;721.26;112.21;59.976;1.0278;429.35;345.62;136.66;0.8877;4.4384;63.845;2.6564;67.396;0;1;0;0;1.1393;0.9873;1;1;0.9575;0.1248;0.9966;0.9991;1;0.9673;0.8166;0.999;0.999;1;0.999;0.999;0.983;0.9253;0.1018;2.7326;2.8367;0.0171;-0.0014;0.3189;0.0175;0.0621;0.0113;0;0;0.088;0;2.2158;0;0;0;0;0;0;0;0;0;0;0;0;0.05;0.0175;2.3436;2.3436;0;57.009;57.009;37.139;0.0415;2440.3;960.38;1;0.0399;0.0399;0;0;0;0;0;0;2.3038;2.2158;0;16.338;18.919;15.447;17.887;98.298;98.298;21.839;18.73;17.708;3.1088;1.022;0.1423;0.0468;0.8109;42.466;0.7704;0
06/10/21 14:00;41.867;61.406;20.88;45.587;44.413;90;44.413;771.5;127.3;644.2;20.6;2.9499;0;901.85;32.289;125.47;0;22.041;1081.7;0;1081.7;901.85;125.47;32.289;22.041;0.8338;0.0502;0;0.0204;1058.5;23.106;0;0;2.6313;20.474;1055.7;1.8052;0.6498;0.0904;0.9645;0.1005;1057.5;1.0585;0.9018;0.1255;0.0297;0.0016;1061.3;900.3;125.26;28.664;1.4642;336.22;270.66;103.87;1.8901;3.7577;54.053;5.5958;55.92;0;1;0;0;1.402;0.9786;1;1;0.9185;0.0711;0.9983;0.9993;1;0.9674;0.9358;0.999;0.999;1;0.999;0.999;0.976;0.8877;0.0664;3.2482;3.3104;0.0199;0.0041;0.4619;0.0198;0.0701;0.0092;0;0;0.088;0;2.511;0;0;0;0;0;0;0;0;0;0;0;0;0.0565;0.0236;2.6453;2.6453;0;64.72;64.72;44.12;0.0418;2848.2;928.76;1;0.0464;0.0464;0;0;0;0;0;0;2.599;2.511;0;15.514;17.965;14.726;17.053;98.247;98.247;25.96;21.142;20.068;4.8181;1.0739;0.1856;0.0414;0.773;23.902;0.7452;0
06/10/21 15:00;30.535;73.522;14.141;31.597;58.403;90;58.403;540.7;113.7;427;21.31;2.81;0;814.96;33.525;133.04;0;25.74;1007.3;0;1007.3;814.96;133.04;33.525;25.74;0.8091;0.0588;0;0.0256;979.03;28.23;0;0;4.0658;24.164;976.47;1.5817;0.3977;0.0649;1.0275;0.0917;978.05;0.979;0.815;0.133;0.0295;0.0016;980.88;813.75;132.84;28.403;1.4828;136.38;109.79;42.903;5.0965;1.7558;25.256;4.4114;21.916;0;1;0;0;1.8629;0.972;1;1;0.8787;0.0612;0.9984;0.9995;1;0.9651;0.9418;0.999;0.999;1;0.999;0.999;0.9694;0.8472;0.0576;3.0248;3.0076;0.0181;0;0.3917;0.0182;0.0645;0.0044;0;0;0.088;0;2.3095;0;0;0;0;0;0;0;0;0;0;0;0;0.0519;0.0196;2.4392;2.4392;0;62.024;62.024;40.714;0.0417;2589.3;942.06;1;0.0418;0.0418;0;0;0;0;0;0;2.3975;2.3095;0;15.362;17.789;14.545;16.843;98.288;98.288;24.174;19.494;18.457;4.6798;1.037;0.1936;0.0429;0.7635;28.648;0.7494;0
06/10/21 16:00;18.526;83.314;39.591;18.644;32.192;90;32.192;244.4;163.4;80.999;19.88;2.03;0;196.45;122.79;73.689;0;3.7573;396.68;0;396.68;196.45;73.689;122.79;3.7573;0.4952;0.319;0;0.0095;387.23;9.4524;0;0;6.1149;3.3375;381.2;5.6375;1.3042;0.4892;3.7756;0.0685;386.84;0.3872;0.1964;0.0737;0.1167;0.0004;381.85;194.94;73.126;112.78;0.3508;82.746;66.61;26.314;2.3734;1.0001;14.386;0.6444;13.012;0;1;0;0;1.6231;0.9762;1;1;0.9502;0.1117;0.9854;0.9934;1;0.9676;0.8365;0.999;0.999;1;0.999;0.999;0.961;0.9185;0.0934;1.1912;1.1804;0.0071;0.0109;0.044;0.0078;0.0278;0.0027;0;0;0.088;0;0.9495;0;0;0;0;0;0;0;0;0;0;0;0;0.0224;0.0034;1.0543;1.0543;0;35.472;35.472;15.592;0.0409;1014.1;1039.7;1;0.0169;0.0169;0;0;0;0;0;0;1.0375;0.9495;0;16.861;19.525;15.184;17.583;98.401;98.401;9.5204;8.4264;7.5883;1.094;0.838;0.1149;0.088;0.7971;82.2;0.776;0
06/10/21 17:00;6.2801;92.087;74.615;6.2842;9.1108;90;9.1108;13.596;13.596;0;17.98;2.3899;0;0;13.51;0;0;0.0172;13.527;0;13.527;0;0;13.51;0.0172;0;1;0;0.0013;13.429;0.0984;0;0;0.084;0.0143;12.86;0.556;0;0;0.5553;0.0006;13.416;0.0134;0;0;0.0134;0;12.862;0;0;12.858;0.0022;8.0817;6.5058;2.4039;0.0027;0.0936;1.3462;0.0027;1.437;0;1;0;0;0.995;0.9927;1;1;0.9938;0.1649;0.9586;1;1;0.9586;0.7749;0.999;1;1;0.999;0.999;0.9506;0.9517;0.1277;0.0406;0.0416;0.0003;0.0071;-0.001;0.0002;0.0009;0.0002;0;0;0.088;0;-0.0576;0;0;0;0;0;0;0;0;0;0;0;0;0.0007;0;0.0331;0.0331;0;18.519;18.519;0.5393;0.0419;33.874;976.41;1;0.0027;0.0027;0;0;0;0;0;0;0.0304;-0.0576;0;15.51;17.961;-27.022;-31.291;91.84;91.84;0.3247;0.2643;-0.4605;0.0603;0.7249;0.1858;2.2327;0;8.0817;0;0
06/10/21 18:00;0.1644;96.381;89.601;0.1654;0.2358;90;0.2358;0;0;0;13.43;2.67;0;0;0;0;0;0;0;0;0;0;0;0;0;1;1;1;1;0;0;0;0;0;0;0;0;0;0;0;0;0;0;0;0;0;0;0;0;0;0;0;0;0;0;0;0;0;0;0;0;0;0;0;1;1;1;1;1;1;1;1;1;1;1;1;1;1;1;1;1;1;1;0;0;0;0;0;0;0;0;0;0.0004;0.088;0;-0.0884;0;0;0;0;0;0;0;0;0;0;0;0;0;0;0;0;0;0;0;-13.43;0;0;0;0;0.0004;0;0;0;0;0;0;0;-0.0004;-0.0884;0;0;0;0;0;0;0;0;0;-0.7063;0;0.7063;1;1;0;0;0;0
06/10/21 19:00;0;0;90;0;0;90;0;0;0;0;12.94;3.1701;0;0;0;0;0;0;0;0;0;0;0;0;0;1;1;1;1;0;0;0;0;0;0;0;0;0;0;0;0;0;0;0;0;0;0;0;0;0;0;0;0;0;0;0;0;0;0;0;0;0;0;0;1;1;1;1;1;1;1;1;1;1;1;1;1;1;1;1;1;1;1;0;0;0;0;0;0;0;0;0;0.0004;0.088;0;-0.0884;0;0;0;0;0;0;0;0;0;0;0;0;0;0;0;0;0;0;0;-12.94;0;0;0;0;0.0004;0;0;0;0;0;0;0;-0.0004;-0.0884;0;0;0;0;0;0;0;0;0;-0.7063;0;0.7063;1;1;0;0;0;0
06/10/21 20:00;0;0;90;0;0;90;0;0;0;0;11.91;3.47;0;0;0;0;0;0;0;0;0;0;0;0;0;1;1;1;1;0;0;0;0;0;0;0;0;0;0;0;0;0;0;0;0;0;0;0;0;0;0;0;0;0;0;0;0;0;0;0;0;0;0;0;1;1;1;1;1;1;1;1;1;1;1;1;1;1;1;1;1;1;1;0;0;0;0;0;0;0;0;0;0.0004;0.088;0;-0.0884;0;0;0;0;0;0;0;0;0;0;0;0;0;0;0;0;0;0;0;-11.91;0;0;0;0;0.0004;0;0;0;0;0;0;0;-0.0004;-0.0884;0;0;0;0;0;0;0;0;0;-0.7063;0;0.7063;1;1;0;0;0;0
06/10/21 21:00;0;0;90;0;0;90;0;0;0;0;11.99;3.87;0;0;0;0;0;0;0;0;0;0;0;0;0;1;1;1;1;0;0;0;0;0;0;0;0;0;0;0;0;0;0;0;0;0;0;0;0;0;0;0;0;0;0;0;0;0;0;0;0;0;0;0;1;1;1;1;1;1;1;1;1;1;1;1;1;1;1;1;1;1;1;0;0;0;0;0;0;0;0;0;0.0004;0.088;0;-0.0884;0;0;0;0;0;0;0;0;0;0;0;0;0;0;0;0;0;0;0;-11.99;0;0;0;0;0.0004;0;0;0;0;0;0;0;-0.0004;-0.0884;0;0;0;0;0;0;0;0;0;-0.7063;0;0.7063;1;1;0;0;0;0
06/10/21 22:00;0;0;90;0;0;90;0;0;0;0;12.25;4.64;0;0;0;0;0;0;0;0;0;0;0;0;0;1;1;1;1;0;0;0;0;0;0;0;0;0;0;0;0;0;0;0;0;0;0;0;0;0;0;0;0;0;0;0;0;0;0;0;0;0;0;0;1;1;1;1;1;1;1;1;1;1;1;1;1;1;1;1;1;1;1;0;0;0;0;0;0;0;0;0;0.0004;0.088;0;-0.0884;0;0;0;0;0;0;0;0;0;0;0;0;0;0;0;0;0;0;0;-12.25;0;0;0;0;0.0004;0;0;0;0;0;0;0;-0.0004;-0.0884;0;0;0;0;0;0;0;0;0;-0.7063;0;0.7063;1;1;0;0;0;0
06/10/21 23:00;0;0;90;0;0;90;0;0;0;0;12.23;5.3301;0;0;0;0;0;0;0;0;0;0;0;0;0;1;1;1;1;0;0;0;0;0;0;0;0;0;0;0;0;0;0;0;0;0;0;0;0;0;0;0;0;0;0;0;0;0;0;0;0;0;0;0;1;1;1;1;1;1;1;1;1;1;1;1;1;1;1;1;1;1;1;0;0;0;0;0;0;0;0;0;0.0004;0.088;0;-0.0884;0;0;0;0;0;0;0;0;0;0;0;0;0;0;0;0;0;0;0;-12.23;0;0;0;0;0.0004;0;0;0;0;0;0;0;-0.0004;-0.0884;0;0;0;0;0;0;0;0;0;-0.7063;0;0.7063;1;1;0;0;0;0
07/10/21 00:00;0;0;90;0;0;90;0;0;0;0;13.15;6.19;0;0;0;0;0;0;0;0;0;0;0;0;0;1;1;1;1;0;0;0;0;0;0;0;0;0;0;0;0;0;0;0;0;0;0;0;0;0;0;0;0;0;0;0;0;0;0;0;0;0;0;0;1;1;1;1;1;1;1;1;1;1;1;1;1;1;1;1;1;1;1;0;0;0;0;0;0;0;0;0;0.0004;0.088;0;-0.0884;0;0;0;0;0;0;0;0;0;0;0;0;0;0;0;0;0;0;0;-13.15;0;0;0;0;0.0004;0;0;0;0;0;0;0;-0.0004;-0.0884;0;0;0;0;0;0;0;0;0;-0.7063;0;0.7063;1;1;0;0;0;0
07/10/21 01:00;0;0;90;0;0;90;0;0;0;0;13.4;6.9201;0;0;0;0;0;0;0;0;0;0;0;0;0;1;1;1;1;0;0;0;0;0;0;0;0;0;0;0;0;0;0;0;0;0;0;0;0;0;0;0;0;0;0;0;0;0;0;0;0;0;0;0;1;1;1;1;1;1;1;1;1;1;1;1;1;1;1;1;1;1;1;0;0;0;0;0;0;0;0;0;0.0004;0.088;0;-0.0884;0;0;0;0;0;0;0;0;0;0;0;0;0;0;0;0;0;0;0;-13.4;0;0;0;0;0.0004;0;0;0;0;0;0;0;-0.0004;-0.0884;0;0;0;0;0;0;0;0;0;-0.7063;0;0.7063;1;1;0;0;0;0
07/10/21 02:00;0;0;90;0;0;90;0;0;0;0;11.78;6.95;0;0;0;0;0;0;0;0;0;0;0;0;0;1;1;1;1;0;0;0;0;0;0;0;0;0;0;0;0;0;0;0;0;0;0;0;0;0;0;0;0;0;0;0;0;0;0;0;0;0;0;0;1;1;1;1;1;1;1;1;1;1;1;1;1;1;1;1;1;1;1;0;0;0;0;0;0;0;0;0;0.0004;0.088;0;-0.0884;0;0;0;0;0;0;0;0;0;0;0;0;0;0;0;0;0;0;0;-11.78;0;0;0;0;0.0004;0;0;0;0;0;0;0;-0.0004;-0.0884;0;0;0;0;0;0;0;0;0;-0.7063;0;0.7063;1;1;0;0;0;0
07/10/21 03:00;0;0;90;0;0;90;0;0;0;0;10.76;6.42;0;0;0;0;0;0;0;0;0;0;0;0;0;1;1;1;1;0;0;0;0;0;0;0;0;0;0;0;0;0;0;0;0;0;0;0;0;0;0;0;0;0;0;0;0;0;0;0;0;0;0;0;1;1;1;1;1;1;1;1;1;1;1;1;1;1;1;1;1;1;1;0;0;0;0;0;0;0;0;0;0.0004;0.088;0;-0.0884;0;0;0;0;0;0;0;0;0;0;0;0;0;0;0;0;0;0;0;-10.76;0;0;0;0;0.0004;0;0;0;0;0;0;0;-0.0004;-0.0884;0;0;0;0;0;0;0;0;0;-0.7063;0;0.7063;1;1;0;0;0;0
07/10/21 04:00;0;0;90;0;0;90;0;0;0;0;10.1;5.1701;0;0;0;0;0;0;0;0;0;0;0;0;0;1;1;1;1;0;0;0;0;0;0;0;0;0;0;0;0;0;0;0;0;0;0;0;0;0;0;0;0;0;0;0;0;0;0;0;0;0;0;0;1;1;1;1;1;1;1;1;1;1;1;1;1;1;1;1;1;1;1;0;0;0;0;0;0;0;0;0;0.0004;0.088;0;-0.0884;0;0;0;0;0;0;0;0;0;0;0;0;0;0;0;0;0;0;0;-10.1;0;0;0;0;0.0004;0;0;0;0;0;0;0;-0.0004;-0.0884;0;0;0;0;0;0;0;0;0;-0.7063;0;0.7063;1;1;0;0;0;0
07/10/21 05:00;3.1682;-94.734;82.297;3.1791;4.5505;-90;-4.5505;6.9934;6.9934;0;9.2302;3.96;0;0;6.9824;0;0;0.0022;6.9846;6.9846;0;0;0;0;0;1;1;1;1;0;0;0;0;0;0;0;0;0;0;0;0;0;0;0;0;0;0;0;0;0;0;0;0;0;0;0;0;0;0;0;0;0;0;0;0;1;1;1;1;1;1;1;1;1;1;1;1;1;0;0;1;0;0;0;0;0;0;0;0;0;0;0;0.0004;0.088;0;-0.0884;0;0;0;0;0;0;0;0;0;0;0;0;0;0;0;0;0;0;0;-9.2302;0;0;0;0;0.0004;0;0;0;0;0;0;0;-0.0004;-0.0884;0;0;0;0;0;0;0;0;0;-0.7063;0;0.7063;1;1;0;0;0;0
07/10/21 06:00;12.361;-88.28;58.723;12.366;18.926;-90;-18.926;173;33;140;12.02;4.1301;0;339.53;16.8;38.158;0;0.9352;395.43;0;395.43;339.53;38.158;16.8;0.9352;0.8587;0.0449;0;0.0024;394.29;1.1383;0;0;0.3556;0.7827;381.11;12.788;10.946;1.2301;0.5778;0.0338;393.9;0.3943;0.3395;0.0382;0.0164;0.0002;381.13;328.25;36.89;15.85;0.1186;11.149;8.9753;3.5032;0.0496;0.1199;1.7254;0.0226;1.7957;0;1;0;0;2.2857;0.9971;1;1;0.9788;0.1631;0.9675;0.9677;1;0.9648;0.7784;0.999;0.999;1;0.999;0.999;0.9638;0.9435;0.1268;1.1875;1.1516;0.0069;0.0113;0.0102;0.0079;0.0279;0.0003;0;0;0.088;0;0.9558;0;0;0;0;0;0;0;0;0;0;0;0;0.0225;0.0033;1.0613;1.0613;0;27.504;27.504;15.484;0.0406;988.07;1074.1;1;0.0175;0.0175;0;0;0;0;0;0;1.0438;0.9558;0;17.026;19.716;15.334;17.757;98.355;98.355;9.4903;8.482;7.6391;1.0083;0.8428;0.1062;0.0888;0.8049;10.386;0.8023;0
07/10/21 07:00;24.544;-79.166;11.059;24.936;60;-90;-60;390.3;68.901;321.4;14.95;5.1899;0;759.35;22.527;91.823;0;19.515;893.22;0;893.22;759.35;91.823;22.527;19.515;0.8501;0.0471;0;0.0218;872.12;21.097;0;0;2.835;18.262;870.14;1.1034;0.2898;0.035;0.6956;0.083;871.25;0.8721;0.7594;0.0918;0.0197;0.0013;871.27;758.3;91.696;18.977;1.1684;30.645;24.669;10.739;3.7711;0.4937;7.1024;1.1211;3.8251;0;1;0;0;2.2885;0.9764;1;1;0.8742;0.0642;0.9987;0.9996;1;0.9646;0.9337;0.999;0.999;1;0.999;0.999;0.9742;0.8424;0.0599;2.6823;2.6391;0.0159;-0.0021;0.2395;0.0167;0.0592;0.0013;0;0;0.088;0;2.1195;0;0;0;0;0;0;0;0;0;0;0;0;0.0477;0.0153;2.2456;2.2456;0;50.896;50.896;35.946;0.0413;2275;987.06;1;0.0381;0.0381;0;0;0;0;0;0;2.2075;2.1195;0;15.948;18.468;15.053;17.431;98.304;98.304;21.437;17.947;16.939;3.4905;1.0076;0.1628;0.047;0.7902;19.617;0.7855;0
07/10/21 08:00;36.321;-68.488;17.184;38.315;51.685;-90;-51.685;601.39;99.3;502.09;15.8;5.85;0;809.85;30.726;98.982;0;22.854;962.41;0;962.41;809.85;98.982;30.726;22.854;0.8415;0.0557;0;0.0237;937.92;24.497;0;0;3.1154;21.382;935.46;1.5193;0.4802;0.0587;0.9221;0.0584;936.98;0.9379;0.8099;0.099;0.0276;0.0015;940.31;808.56;98.824;26.661;1.4123;214.97;173.05;65.525;3.0387;2.5792;37.101;4.8491;36.642;0;1;0;0;1.6003;0.9745;1;1;0.8986;0.0644;0.9984;0.9994;1;0.9666;0.9603;0.999;0.999;1;0.999;0.999;0.972;0.8677;0.0618;2.8901;2.9103;0.0175;-0.0009;0.3014;0.0181;0.0644;0.0066;0;0;0.088;0;2.3025;0;0;0;0;0;0;0;0;0;0;0;0;0.0518;0.0184;2.4329;2.4329;0;54.563;54.563;38.763;0.0414;2505.7;970.92;1;0.0423;0.0423;0;0;0;0;0;0;2.3905;2.3025;0;16.036;18.569;15.177;17.575;98.26;98.26;23.098;19.444;18.402;3.6545;1.0416;0.1582;0.0451;0.7967;24.406;0.7743;0
07/10/21 09:00;47.116;-54.595;23.22;52.875;37.125;-90;-37.125;771.69;127.1;644.6;16.58;6.56;0;808.46;40.966;102.23;0;15.641;967.3;0;967.3;808.46;102.23;40.966;15.641;0.8358;0.0585;0;0.0162;950.57;16.726;0;0;2.5477;14.179;947.48;2.144;0.6478;0.0819;1.2387;0.1756;949.62;0.9506;0.8085;0.1022;0.0384;0.0015;951.78;807;102.05;37.142;1.2852;380.94;306.66;121.14;1.2959;3.9779;57.221;4.3045;59.903;0;1;0;0;1.2535;0.9827;1;1;0.9378;0.0935;0.9977;0.9992;1;0.9677;0.8798;0.999;0.999;1;0.999;0.999;0.9795;0.9066;0.0822;2.9048;2.9873;0.018;-0.0002;0.3233;0.0185;0.0657;0.0101;0;0;0.088;0;2.3483;0;0;0;0;0;0;0;0;0;0;0;0;0.0529;0.0193;2.4797;2.4797;0;55.884;55.884;39.304;0.0415;2569.7;964.95;1;0.0433;0.0433;0;0;0;0;0;0;2.4363;2.3483;0;16.262;18.831;15.401;17.834;98.253;98.253;23.215;19.818;18.768;3.3976;1.0495;0.1464;0.0452;0.8084;28.488;0.7742;0
07/10/21 10:00;55.804;-34.949;27.43;68.732;21.268;-90;-21.268;858.7;145.6;713.1;17.18;7.3101;0;765.22;52.244;98.201;0;5.8484;921.51;0;921.51;765.22;98.201;52.244;5.8484;0.8304;0.063;0;0.0063;915.25;6.2645;0;0;1.3383;4.9262;911.58;2.7541;0.7243;0.0929;1.7372;0.1997;914.33;0.9152;0.7652;0.0982;0.0509;0.0009;913;763.73;98.009;49.117;0.7216;483.02;388.83;151.9;0.2351;5.0633;72.833;1.4191;77.661;0;1;0;0;1.0731;0.9932;1;1;0.9744;0.1577;0.997;0.9991;1;0.9658;0.7833;0.999;0.999;1;0.999;0.999;0.9892;0.9402;0.1234;2.7673;2.9034;0.0175;-0.0009;0.3049;0.0181;0.0641;0.0129;0;0;0.088;0;2.287;0;0;0;0;0;0;0;0;0;0;0;0;0.0516;0.0183;2.4169;2.4169;0;54.966;54.966;37.785;0.0415;2496.6;968.08;1;0.0419;0.0419;0;0;0;0;0;0;2.375;2.287;0;16.638;19.266;15.744;18.231;98.268;98.268;22.116;19.316;18.278;2.8006;1.0379;0.1266;0.0469;0.8264;32.665;0.7803;0
07/10/21 11:00;60.347;-7.8173;29.351;85.572;4.4279;-90;-4.4279;952.29;157.1;795.19;17.82;7.6;0;797.57;52.223;105.11;0;0.2842;955.19;0;955.19;797.57;105.11;52.223;0.2842;0.835;0.055;0;0.0003;954.85;0.3392;0;0;0.1015;0.2377;950.69;3.2104;0.8078;0.1065;2.2857;0.0104;953.9;0.9549;0.7976;0.1051;0.0521;0;950.71;795.97;104.9;49.784;0.0361;560.61;451.29;175.08;0.0001;5.9385;85.422;0.0201;91.361;0;1;0;0;1.003;0.9996;1;1;0.9981;0.1638;0.9966;0.999;1;0.9561;0.7768;0.999;0.999;1;0.999;0.999;0.9953;0.9533;0.1271;2.8684;3.0435;0.0183;0.0003;0.3446;0.0188;0.0665;0.015;0;0;0.088;0;2.3745;0;0;0;0;0;0;0;0;0;0;0;0;0.0536;0.02;2.5063;2.5063;0;57.303;57.303;39.484;0.0415;2615.1;958.41;1;0.0438;0.0438;0;0;0;0;0;0;2.4625;2.3745;0;16.645;19.275;15.77;18.261;98.252;98.252;22.925;20.031;18.977;2.894;1.0534;0.1262;0.046;0.8278;30.993;0.7759;0
07/10/21 12:00;58.827;21.767;28.732;77.355;12.645;90;12.645;971.1;160.2;810.91;18.56;7.3901;0;831.06;48.912;113.44;0;2.3553;995.77;0;995.77;831.06;113.44;48.912;2.3553;0.8346;0.0515;0;0.0024;993.27;2.4931;0;0;0.5264;1.9667;989.36;2.9188;0.8239;0.1125;1.8949;0.0875;992.28;0.9933;0.8311;0.1134;0.0484;0.0004;989.84;829.41;113.21;46.442;0.3007;563.6;453.7;177.69;0.0348;5.8628;84.334;0.4835;90.162;0;1;0;0;1.0254;0.9975;1;1;0.9892;0.165;0.9971;0.999;1;0.9608;0.7747;0.999;0.999;1;0.999;0.999;0.9936;0.9495;0.1277;2.9903;3.1591;0.019;0.0017;0.3848;0.0193;0.0684;0.0147;0;0;0.088;0;2.4415;0;0;0;0;0;0;0;0;0;0;0;0;0.055;0.0215;2.5747;2.5747;0;59.734;59.734;41.174;0.0416;2713.2;948.96;1;0.0452;0.0452;0;0;0;0;0;0;2.5295;2.4415;0;16.403;18.994;15.554;18.011;98.244;98.244;23.898;20.577;19.513;3.321;1.0647;0.139;0.0446;0.8165;29.533;0.7678;0
07/10/21 13:00;51.978;45.338;25.657;60.919;29.081;90;29.081;877.49;144.4;733.09;18.23;7.0801;0;838.84;43.509;112.1;0;11.062;1005.5;0;1005.5;838.84;112.1;43.509;11.062;0.8342;0.0543;0;0.011;993.98;11.523;0;0;1.8436;9.6796;990.53;2.4553;0.7426;0.0992;1.3598;0.2536;992.99;0.994;0.8388;0.1121;0.0417;0.0014;993.43;837.26;111.88;40.264;1.1274;469.39;377.86;149.5;0.5941;4.8217;69.359;2.8942;73.586;0;1;0;0;1.1459;0.9885;1;1;0.9576;0.125;0.9975;0.9991;1;0.9673;0.8164;0.999;0.999;1;0.999;0.999;0.9851;0.9254;0.1019;3.0195;3.1383;0.0189;0.0015;0.379;0.0192;0.068;0.0121;0;0;0.088;0;2.4307;0;0;0;0;0;0;0;0;0;0;0;0;0.0548;0.0212;2.5637;2.5637;0;59.443;59.443;41.213;0.0416;2697;950.57;1;0.045;0.045;0;0;0;0;0;0;2.5187;2.4307;0;16.174;18.729;15.335;17.758;98.245;98.245;24.132;20.489;19.426;3.6431;1.0629;0.151;0.044;0.805;28.498;0.7655;0
07/10/21 14:00;42.077;61.847;20.5;45.68;44.32;90;44.32;644.41;187.9;456.51;18.37;6.73;0;638.08;81.125;130.43;0;18.337;867.97;0;867.97;638.08;130.43;81.125;18.337;0.7351;0.1146;0;0.0211;844.35;23.622;0;0;6.591;17.031;840.45;3.0516;0.4514;0.0923;2.4235;0.0844;843.51;0.8443;0.6381;0.1304;0.0745;0.0013;845.33;636.99;130.21;72.036;1.2203;294.51;237.08;92.055;4.7055;3.4203;49.199;4.8722;47.914;0;1;0;0;1.3469;0.9728;1;1;0.9188;0.0712;0.9964;0.9993;1;0.9675;0.9353;0.999;0.999;1;0.999;0.999;0.9683;0.888;0.0666;2.6065;2.6498;0.016;-0.0021;0.2618;0.0166;0.0589;0.0088;0;0;0.088;0;2.1014;0;0;0;0;0;0;0;0;0;0;0;0;0.0475;0.0154;2.2268;2.2268;0;53.155;53.155;34.785;0.0414;2280.9;976.3;1;0.0374;0.0374;0;0;0;0;0;0;2.1894;2.1014;0;16.275;18.846;15.359;17.785;98.322;98.322;20.831;17.797;16.795;3.0346;1.002;0.1457;0.0481;0.8062;60.003;0.7734;0
07/10/21 15:00;30.712;73.926;13.771;31.725;58.275;90;58.275;522;131.3;390.7;17.57;6.25;0;743.01;44.306;139.26;0;24.752;951.33;0;951.33;743.01;139.26;44.306;24.752;0.781;0.0726;0;0.026;922.73;28.593;0;0;5.3562;23.237;919.95;1.8634;0.3531;0.0662;1.3571;0.087;921.81;0.9227;0.743;0.1393;0.039;0.0015;924.11;741.91;139.05;37.554;1.4259;139.74;112.49;45.786;6.6811;1.775;25.533;4.1666;20.627;0;1;0;0;1.8225;0.9699;1;1;0.8791;0.0612;0.998;0.9995;1;0.9651;0.9425;0.999;0.999;1;0.999;0.999;0.967;0.8476;0.0576;2.8568;2.8372;0.0171;-0.0014;0.3059;0.0176;0.0624;0.0045;0;0;0.088;0;2.2346;0;0;0;0;0;0;0;0;0;0;0;0;0.0503;0.0176;2.3631;2.3631;0;55.726;55.726;38.156;0.0415;2444.2;966.82;1;0.0405;0.0405;0;0;0;0;0;0;2.3226;2.2346;0;15.758;18.247;14.901;17.255;98.286;98.286;22.832;18.886;17.859;3.9459;1.0271;0.1728;0.045;0.7822;37.805;0.7668;0
07/10/21 16:00;18.687;83.689;39.01;18.793;32.586;90;32.586;213.49;169.3;44.195;16.65;4.64;0;107.19;140.29;41.291;0;3.3607;292.13;0;292.13;107.19;41.291;140.29;3.3607;0.3669;0.4917;0;0.0115;282.01;10.113;0;0;7.1219;2.9909;276.43;5.3007;0.6752;0.2601;4.3061;0.0593;281.73;0.282;0.1072;0.0413;0.1332;0.0004;277.19;106.4;40.989;128.73;0.3101;94.485;76.061;30.045;2.8273;1.1497;16.538;0.7596;14.86;0;1;0;0;1.3683;0.9654;1;1;0.9492;0.11;0.9812;0.9937;1;0.9676;0.8394;0.999;0.999;1;0.999;0.999;0.9463;0.9176;0.0923;0.8773;0.8697;0.0052;0.0151;0.009;0.0059;0.0209;0.0032;0;0;0.088;0;0.6904;0;0;0;0;0;0;0;0;0;0;0;0;0.0168;0.002;0.7916;0.7916;0;27.908;27.908;11.259;0.0407;743.8;1064.3;1;0.0133;0.0133;0;0;0;0;0;0;0.7784;0.6904;0;17.191;19.906;14.991;17.36;98.322;98.322;7.011;6.3267;5.5173;0.6843;0.8094;0.0976;0.1155;0.7869;94.185;0.7549;0
07/10/21 17:00;6.4374;92.446;74.222;6.4433;9.3498;90;9.3498;83.491;71.502;11.989;15.24;3.1199;0;29.077;65.49;13.518;0;0.1109;108.2;0;108.2;29.077;13.518;65.49;0.1109;0.2687;0.6063;0;0.001;107.68;0.5179;0;0;0.4253;0.0926;97.634;9.9365;4.9494;2.3011;2.6819;0.0041;107.57;0.1077;0.0291;0.0135;0.0651;0;97.648;24.098;11.204;62.318;0.0142;39.283;31.622;11.703;0.0146;0.4538;6.5276;0.0139;6.9668;0;1;0;0;1.2959;0.9952;1;1;0.9935;0.165;0.9076;0.8296;1;0.9587;0.7749;0.999;0.999;1;0.999;0.999;0.9024;0.9516;0.1277;0.3249;0.3079;0.0019;0.0172;-0.0065;0.0021;0.0073;0.0013;0;0;0.088;0;0.1834;0;0;0;0;0;0;0;0;0;0;0;0;0.0059;0.0004;0.2784;0.2784;0;19.223;19.223;3.9837;0.0408;262.12;1062.1;1;0.007;0.007;0;0;0;0;0;0;0.2714;0.1834;0;16.323;18.902;10.751;12.449;97.471;97.471;2.5967;2.225;1.4654;0.3717;0.7596;0.1431;0.2925;0.5643;39.196;0.5399;0
07/10/21 18:00;0.1216;96.88;89.705;0.1225;0.1746;90;0.1746;0;0;0;12.46;2.84;0;0;0;0;0;0;0;0;0;0;0;0;0;1;1;1;1;0;0;0;0;0;0;0;0;0;0;0;0;0;0;0;0;0;0;0;0;0;0;0;0;0;0;0;0;0;0;0;0;0;0;0;1;1;1;1;1;1;1;1;1;1;1;1;1;1;1;1;1;1;1;0;0;0;0;0;0;0;0;0;0.0004;0.088;0;-0.0884;0;0;0;0;0;0;0;0;0;0;0;0;0;0;0;0;0;0;0;-12.46;0;0;0;0;0.0004;0;0;0;0;0;0;0;-0.0004;-0.0884;0;0;0;0;0;0;0;0;0;-0.7063;0;0.7063;1;1;0;0;0;0
07/10/21 19:00;0;0;90;0;0;90;0;0;0;0;11.11;2.76;0;0;0;0;0;0;0;0;0;0;0;0;0;1;1;1;1;0;0;0;0;0;0;0;0;0;0;0;0;0;0;0;0;0;0;0;0;0;0;0;0;0;0;0;0;0;0;0;0;0;0;0;1;1;1;1;1;1;1;1;1;1;1;1;1;1;1;1;1;1;1;0;0;0;0;0;0;0;0;0;0.0004;0.088;0;-0.0884;0;0;0;0;0;0;0;0;0;0;0;0;0;0;0;0;0;0;0;-11.11;0;0;0;0;0.0004;0;0;0;0;0;0;0;-0.0004;-0.0884;0;0;0;0;0;0;0;0;0;-0.7063;0;0.7063;1;1;0;0;0;0
07/10/21 20:00;0;0;90;0;0;90;0;0;0;0;7.0598;2.7801;0;0;0;0;0;0;0;0;0;0;0;0;0;1;1;1;1;0;0;0;0;0;0;0;0;0;0;0;0;0;0;0;0;0;0;0;0;0;0;0;0;0;0;0;0;0;0;0;0;0;0;0;1;1;1;1;1;1;1;1;1;1;1;1;1;1;1;1;1;1;1;0;0;0;0;0;0;0;0;0;0.0004;0.088;0;-0.0884;0;0;0;0;0;0;0;0;0;0;0;0;0;0;0;0;0;0;0;-7.0598;0;0;0;0;0.0004;0;0;0;0;0;0;0;-0.0004;-0.0884;0;0;0;0;0;0;0;0;0;-0.7063;0;0.7063;1;1;0;0;0;0
07/10/21 21:00;0;0;90;0;0;90;0;0;0;0;6.1497;2.76;0;0;0;0;0;0;0;0;0;0;0;0;0;1;1;1;1;0;0;0;0;0;0;0;0;0;0;0;0;0;0;0;0;0;0;0;0;0;0;0;0;0;0;0;0;0;0;0;0;0;0;0;1;1;1;1;1;1;1;1;1;1;1;1;1;1;1;1;1;1;1;0;0;0;0;0;0;0;0;0;0.0004;0.088;0;-0.0884;0;0;0;0;0;0;0;0;0;0;0;0;0;0;0;0;0;0;0;-6.1497;0;0;0;0;0.0004;0;0;0;0;0;0;0;-0.0004;-0.0884;0;0;0;0;0;0;0;0;0;-0.7063;0;0.7063;1;1;0;0;0;0
07/10/21 22:00;0;0;90;0;0;90;0;0;0;0;4.9398;2.6399;0;0;0;0;0;0;0;0;0;0;0;0;0;1;1;1;1;0;0;0;0;0;0;0;0;0;0;0;0;0;0;0;0;0;0;0;0;0;0;0;0;0;0;0;0;0;0;0;0;0;0;0;1;1;1;1;1;1;1;1;1;1;1;1;1;1;1;1;1;1;1;0;0;0;0;0;0;0;0;0;0.0004;0.088;0;-0.0884;0;0;0;0;0;0;0;0;0;0;0;0;0;0;0;0;0;0;0;-4.9398;0;0;0;0;0.0004;0;0;0;0;0;0;0;-0.0004;-0.0884;0;0;0;0;0;0;0;0;0;-0.7063;0;0.7063;1;1;0;0;0;0
07/10/21 23:00;0;0;90;0;0;90;0;0;0;0;3.7997;2.3999;0;0;0;0;0;0;0;0;0;0;0;0;0;1;1;1;1;0;0;0;0;0;0;0;0;0;0;0;0;0;0;0;0;0;0;0;0;0;0;0;0;0;0;0;0;0;0;0;0;0;0;0;1;1;1;1;1;1;1;1;1;1;1;1;1;1;1;1;1;1;1;0;0;0;0;0;0;0;0;0;0.0004;0.088;0;-0.0884;0;0;0;0;0;0;0;0;0;0;0;0;0;0;0;0;0;0;0;-3.7997;0;0;0;0;0.0004;0;0;0;0;0;0;0;-0.0004;-0.0884;0;0;0;0;0;0;0;0;0;-0.7063;0;0.7063;1;1;0;0;0;0
08/10/21 00:00;0;0;90;0;0;90;0;0;0;0;3.6003;2.19;0;0;0;0;0;0;0;0;0;0;0;0;0;1;1;1;1;0;0;0;0;0;0;0;0;0;0;0;0;0;0;0;0;0;0;0;0;0;0;0;0;0;0;0;0;0;0;0;0;0;0;0;1;1;1;1;1;1;1;1;1;1;1;1;1;1;1;1;1;1;1;0;0;0;0;0;0;0;0;0;0.0004;0.088;0;-0.0884;0;0;0;0;0;0;0;0;0;0;0;0;0;0;0;0;0;0;0;-3.6003;0;0;0;0;0.0004;0;0;0;0;0;0;0;-0.0004;-0.0884;0;0;0;0;0;0;0;0;0;-0.7063;0;0.7063;1;1;0;0;0;0
08/10/21 01:00;0;0;90;0;0;90;0;0;0;0;3.0499;1.8399;0;0;0;0;0;0;0;0;0;0;0;0;0;1;1;1;1;0;0;0;0;0;0;0;0;0;0;0;0;0;0;0;0;0;0;0;0;0;0;0;0;0;0;0;0;0;0;0;0;0;0;0;1;1;1;1;1;1;1;1;1;1;1;1;1;1;1;1;1;1;1;0;0;0;0;0;0;0;0;0;0.0004;0.088;0;-0.0884;0;0;0;0;0;0;0;0;0;0;0;0;0;0;0;0;0;0;0;-3.0499;0;0;0;0;0.0004;0;0;0;0;0;0;0;-0.0004;-0.0884;0;0;0;0;0;0;0;0;0;-0.7063;0;0.7063;1;1;0;0;0;0
08/10/21 02:00;0;0;90;0;0;90;0;0;0;0;2.3997;1.3401;0;0;0;0;0;0;0;0;0;0;0;0;0;1;1;1;1;0;0;0;0;0;0;0;0;0;0;0;0;0;0;0;0;0;0;0;0;0;0;0;0;0;0;0;0;0;0;0;0;0;0;0;1;1;1;1;1;1;1;1;1;1;1;1;1;1;1;1;1;1;1;0;0;0;0;0;0;0;0;0;0.0004;0.088;0;-0.0884;0;0;0;0;0;0;0;0;0;0;0;0;0;0;0;0;0;0;0;-2.3997;0;0;0;0;0.0004;0;0;0;0;0;0;0;-0.0004;-0.0884;0;0;0;0;0;0;0;0;0;-0.7063;0;0.7063;1;1;0;0;0;0
08/10/21 03:00;0;0;90;0;0;90;0;0;0;0;2.0999;0.9401;0;0;0;0;0;0;0;0;0;0;0;0;0;1;1;1;1;0;0;0;0;0;0;0;0;0;0;0;0;0;0;0;0;0;0;0;0;0;0;0;0;0;0;0;0;0;0;0;0;0;0;0;1;1;1;1;1;1;1;1;1;1;1;1;1;1;1;1;1;1;1;0;0;0;0;0;0;0;0;0;0.0004;0.088;0;-0.0884;0;0;0;0;0;0;0;0;0;0;0;0;0;0;0;0;0;0;0;-2.0999;0;0;0;0;0.0004;0;0;0;0;0;0;0;-0.0004;-0.0884;0;0;0;0;0;0;0;0;0;-0.7063;0;0.7063;1;1;0;0;0;0
08/10/21 04:00;0;0;90;0;0;90;0;0;0;0;2.0999;1.09;0;0;0;0;0;0;0;0;0;0;0;0;0;1;1;1;1;0;0;0;0;0;0;0;0;0;0;0;0;0;0;0;0;0;0;0;0;0;0;0;0;0;0;0;0;0;0;0;0;0;0;0;1;1;1;1;1;1;1;1;1;1;1;1;1;1;1;1;1;1;1;0;0;0;0;0;0;0;0;0;0.0004;0.088;0;-0.0884;0;0;0;0;0;0;0;0;0;0;0;0;0;0;0;0;0;0;0;-2.0999;0;0;0;0;0.0004;0;0;0;0;0;0;0;-0.0004;-0.0884;0;0;0;0;0;0;0;0;0;-0.7063;0;0.7063;1;1;0;0;0;0
08/10/21 05:00;3.2426;-95.148;82.115;3.2557;4.6612;-90;-4.6612;9.0055;8.9003;0.1051;1.6;1.5299;0;0.255;8.8736;0.0292;0;0.003;9.1607;0;9.1607;0.255;0.0292;8.8736;0.003;0.0278;0.969;0;0.0003;9.1396;0.0212;0;0;0.0187;0.0025;8.628;0.5025;0.1032;0.0118;0.3874;0.0001;9.1304;0.0091;0.0003;0;0.0089;0;8.6281;0.1515;0.0174;8.4587;0.0004;5.2681;4.2409;1.5619;0;0.0612;0.8807;0.0001;0.9419;0;1;0;0;1.0172;0.9977;1;1;0.9979;0.1639;0.945;0.5949;1;0.9562;0.7767;0.999;0.999;1;0.999;0.999;0.9418;0.9532;0.1272;0.0275;0.0278;0.0002;0.0058;-0.0022;0.0002;0.0006;0.0002;0;0;0.088;0;-0.0679;0;0;0;0;0;0;0;0;0;0;0;0;0.0005;0;0.0227;0.0227;0;1.9603;1.9603;0.3603;0.0418;21.994;1031;1;0.0025;0.0025;0;0;0;0;0;0;0.0201;-0.0679;0;15.702;18.183;-47;-54.425;88.767;88.767;0.2199;0.1812;-0.5424;0.0386;0.7237;0.1757;3.2915;0;5.2676;0;0
08/10/21 06:00;12.638;-88.558;57.953;12.642;19.416;-90;-19.416;181.11;32.502;148.6;5.5501;2.3999;0;360.41;15.95;39.01;0;1.03;416.4;0;416.4;360.41;39.01;15.95;1.03;0.8655;0.0408;0;0.0025;415.18;1.2149;0;0;0.3523;0.8626;402.42;12.341;10.612;1.1486;0.5433;0.037;414.77;0.4152;0.3604;0.039;0.0156;0.0002;402.45;349.43;37.822;15.039;0.1303;10.69;8.6052;3.3752;0.0515;0.1142;1.6425;0.0229;1.7052;0;1;0;0;2.2992;0.9971;1;1;0.9779;0.1625;0.9702;0.9705;1;0.9651;0.7789;0.999;0.999;1;0.999;0.999;0.9664;0.9429;0.1265;1.2504;1.2156;0.0073;0.0104;-0.0136;0.0085;0.0301;0.0003;0;0;0.088;0;1.0377;0;0;0;0;0;0;0;0;0;0;0;0;0.0242;0.0036;1.1448;1.1448;0;21.817;21.817;16.267;0.0404;1041.1;1099.6;1;0.0191;0.0191;0;0;0;0;0;0;1.1257;1.0377;0;17.441;20.196;15.809;18.306;98.33;98.33;9.9935;9.1493;8.2932;0.8442;0.8561;0.0845;0.0857;0.8299;9.8828;0.8274;0
08/10/21 07:00;24.827;-79.458;10.685;25.201;60;-90;-60;398;68.901;329.1;7.7797;1.5001;0;770.19;22.165;92.085;0;19.9;904.34;0;904.34;770.19;92.085;22.165;19.9;0.8517;0.0465;0;0.022;882.92;21.412;0;0;2.7895;18.623;880.95;1.0869;0.284;0.034;0.6844;0.0846;882.04;0.8829;0.7702;0.0921;0.0194;0.0013;882.08;769.13;91.959;18.672;1.1915;33.957;27.335;12.315;3.7106;0.4897;7.0438;1.1221;3.8228;0;1;0;0;2.2722;0.9763;1;1;0.8742;0.0642;0.9988;0.9996;1;0.9646;0.9337;0.999;0.999;1;0.999;0.999;0.9741;0.8424;0.0599;2.7157;2.6716;0.0161;-0.002;0.1766;0.0174;0.0616;0.0013;0;0;0.088;0;2.2064;0;0;0;0;0;0;0;0;0;0;0;0;0.0496;0.0157;2.3354;2.3354;0;43.964;43.964;36.185;0.0411;2300.5;1015.2;1;0.041;0.041;0;0;0;0;0;0;2.2944;2.2064;0;16.382;18.97;15.477;17.922;98.245;98.245;21.704;18.664;17.633;3.0399;1.0308;0.1401;0.0475;0.8124;19.301;0.8077;0
08/10/21 08:00;36.621;-68.793;16.877;38.563;51.437;-90;-51.437;608.8;100.3;508.5;11.64;1.38;0;815.72;30.847;99.932;0;22.929;969.43;0;969.43;815.72;99.932;30.847;22.929;0.8414;0.0555;0;0.0237;944.87;24.554;0;0;3.1059;21.448;942.41;1.5174;0.4751;0.0582;0.9252;0.0589;943.93;0.9449;0.8157;0.0999;0.0277;0.0015;947.28;814.43;99.774;26.788;1.4204;219.54;176.73;67.137;2.9999;2.6131;37.588;4.8651;37.202;0;1;0;0;1.5924;0.9747;1;1;0.8993;0.0646;0.9984;0.9994;1;0.9666;0.9602;0.999;0.999;1;0.999;0.999;0.9721;0.8684;0.0619;2.9112;2.9323;0.0177;-0.0007;0.2619;0.0186;0.0659;0.0068;0;0;0.088;0;2.3584;0;0;0;0;0;0;0;0;0;0;0;0;0.053;0.0187;2.4905;2.4905;0;50.562;50.562;38.922;0.0413;2524.1;986.68;1;0.0442;0.0442;0;0;0;0;0;0;2.4464;2.3584;0;16.297;18.872;15.432;17.87;98.227;98.227;23.266;19.904;18.848;3.3621;1.0562;0.1445;0.0454;0.8101;24.439;0.7872;0
08/10/21 09:00;47.447;-54.893;22.887;53.093;36.907;-90;-36.907;777.2;128;649.21;15.05;1.5999;0;811.91;41.218;102.79;0;15.574;971.48;0;971.48;811.91;102.79;41.218;15.574;0.8357;0.0585;0;0.016;954.84;16.645;0;0;2.5399;14.105;951.74;2.1489;0.6412;0.0812;1.2469;0.1796;953.89;0.9548;0.8119;0.1028;0.0387;0.0015;956.02;810.45;102.6;37.392;1.2886;384.71;309.69;122.34;1.2778;4.0154;57.76;4.2835;60.498;0;1;0;0;1.25;0.9829;1;1;0.9384;0.0944;0.9977;0.9992;1;0.9677;0.8777;0.999;0.999;1;0.999;0.999;0.9797;0.9072;0.0827;2.9174;3.0012;0.0181;-0.0001;0.3098;0.0187;0.0664;0.0103;0;0;0.088;0;2.3731;0;0;0;0;0;0;0;0;0;0;0;0;0.0534;0.0195;2.5051;2.5051;0;54.485;54.485;39.435;0.0414;2581.6;970.39;1;0.0441;0.0441;0;0;0;0;0;0;2.4611;2.3731;0;16.358;18.942;15.496;17.944;98.24;98.24;23.316;20.021;18.965;3.2945;1.0557;0.1413;0.0453;0.8134;28.612;0.7788;0
08/10/21 10:00;56.175;-35.157;27.072;68.901;21.099;-90;-21.099;891.7;146.9;744.79;16.42;1.8499;0;798.31;49.233;102.86;0;5.9779;956.38;0;956.38;798.31;102.86;49.233;5.9779;0.8347;0.0577;0;0.0063;950.1;6.2769;0;0;1.2451;5.0318;946.47;2.687;0.7458;0.0961;1.6398;0.2053;949.15;0.9501;0.7983;0.1029;0.048;0.0009;947.91;796.77;102.66;46.3;0.7398;501.76;403.92;157.78;0.2153;5.2585;75.641;1.4471;80.684;0;1;0;0;1.0725;0.9934;1;1;0.9747;0.1583;0.9972;0.9991;1;0.9658;0.7828;0.999;0.999;1;0.999;0.999;0.9896;0.9404;0.1238;2.872;3.0145;0.0181;0;0.3239;0.0187;0.0663;0.0134;0;0;0.088;0;2.369;0;0;0;0;0;0;0;0;0;0;0;0;0.0534;0.0197;2.5009;2.5009;0;55.675;55.675;39.255;0.0415;2591.3;965.11;1;0.0438;0.0438;0;0;0;0;0;0;2.457;2.369;0;16.588;19.209;15.714;18.196;98.247;98.247;22.953;19.987;18.933;2.966;1.0537;0.1292;0.0459;0.8249;30.756;0.7788;0
08/10/21 11:00;60.734;-7.7573;28.973;85.674;4.3257;-90;-4.3257;941;155;786;17.67;2.1599;0;788.25;53.167;102.04;0;0.2681;943.73;0;943.73;788.25;102.04;53.167;0.2681;0.8352;0.0566;0;0.0003;943.41;0.3239;0;0;0.0997;0.2242;939.23;3.2295;0.7881;0.102;2.3297;0.0098;942.46;0.9434;0.7882;0.102;0.0531;0;939.25;786.67;101.84;50.684;0.0341;554.02;445.99;173;0.0001;5.8699;84.436;0.0177;90.305;0;1;0;0;1.0029;0.9997;1;1;0.9981;0.1637;0.9966;0.999;1;0.9561;0.7769;0.999;0.999;1;0.999;0.999;0.9952;0.9533;0.1271;2.834;3.0069;0.0181;0;0.3336;0.0186;0.0659;0.0149;0;0;0.088;0;2.3519;0;0;0;0;0;0;0;0;0;0;0;0;0.0531;0.0195;2.4832;2.4832;0;56.657;56.657;38.987;0.0415;2584;960.98;1;0.0433;0.0433;0;0;0;0;0;0;2.4399;2.3519;0;16.692;19.329;15.809;18.307;98.256;98.256;22.65;19.846;18.796;2.8038;1.0494;0.1238;0.0463;0.8299;31.549;0.7778;0
08/10/21 12:00;59.168;22.129;28.344;77.329;12.671;90;12.671;927.99;154.2;773.79;18.77;2.4799;0;793.11;52.308;103.77;0;2.2602;951.45;0;951.45;793.11;103.77;52.308;2.2602;0.8336;0.0574;0;0.0024;949;2.4523;0;0;0.5649;1.8873;945.06;2.9867;0.7757;0.1015;2.0255;0.0839;948.05;0.949;0.7931;0.1038;0.0517;0.0004;945.53;791.54;103.57;49.666;0.2886;538.63;433.6;169.77;0.0374;5.607;80.655;0.4643;86.225;0;1;0;0;1.0253;0.9974;1;1;0.9892;0.165;0.9968;0.999;1;0.9608;0.7747;0.999;0.999;1;0.999;0.999;0.9933;0.9495;0.1277;2.8572;3.0179;0.0182;0.0001;0.3498;0.0185;0.0658;0.0142;0;0;0.088;0;2.3476;0;0;0;0;0;0;0;0;0;0;0;0;0.053;0.0197;2.4787;2.4787;0;58.044;58.044;39.274;0.0416;2593.6;955.69;1;0.0431;0.0431;0;0;0;0;0;0;2.4356;2.3476;0;16.526;19.137;15.652;18.125;98.263;98.263;22.835;19.81;18.762;3.0252;1.0474;0.1325;0.0459;0.8216;31.587;0.7726;0
08/10/21 13:00;52.244;45.798;25.27;60.961;29.039;90;29.039;834.21;152.3;681.9;19.19;2.73;0;779.95;53.036;109.47;0;10.487;952.94;0;952.94;779.95;109.47;53.036;10.487;0.8185;0.0667;0;0.011;941.53;11.417;0;0;2.2421;9.1744;937.91;2.6746;0.6801;0.0955;1.658;0.2411;940.59;0.9415;0.7799;0.1095;0.0508;0.0013;940.66;778.49;109.27;49.085;1.07;447.41;360.17;142.44;0.7199;4.6095;66.305;2.749;70.195;0;1;0;0;1.1423;0.988;1;1;0.9577;0.1251;0.9972;0.9991;1;0.9673;0.8161;0.999;0.999;1;0.999;0.999;0.9842;0.9255;0.102;2.8617;2.9729;0.0179;-0.0004;0.3461;0.0183;0.0648;0.0116;0;0;0.088;0;2.3131;0;0;0;0;0;0;0;0;0;0;0;0;0.0522;0.0192;2.4433;2.4433;0;58.17;58.17;38.981;0.0416;2556.6;955.7;1;0.0422;0.0422;0;0;0;0;0;0;2.4011;2.3131;0;16.265;18.834;15.398;17.831;98.273;98.273;22.871;19.527;18.486;3.3436;1.0405;0.1462;0.0455;0.8083;34.729;0.7683;0
08/10/21 14:00;42.287;62.288;20.122;45.773;44.227;90;44.227;685.9;155;530.9;19.64;2.82;0;740.88;56.551;124.35;0;19.44;941.22;0;941.22;740.88;124.35;56.551;19.44;0.7871;0.0807;0;0.0207;918.59;22.632;0;0;4.5803;18.052;915.29;2.3807;0.5144;0.0863;1.6895;0.0905;917.67;0.9186;0.7409;0.1244;0.052;0.0014;920.15;739.62;124.14;50.229;1.296;306.8;246.97;97.453;3.2581;3.3549;48.26;4.8596;48.356;0;1;0;0;1.3722;0.976;1;1;0.919;0.0714;0.9974;0.9993;1;0.9675;0.9348;0.999;0.999;1;0.999;0.999;0.9724;0.8882;0.0667;2.8265;2.8731;0.0173;-0.0011;0.3296;0.0177;0.0627;0.0085;0;0;0.088;0;2.2415;0;0;0;0;0;0;0;0;0;0;0;0;0.0505;0.018;2.37;2.37;0;57.664;57.664;38.024;0.0415;2473;958.35;1;0.0405;0.0405;0;0;0;0;0;0;2.3295;2.2415;0;15.973;18.496;15.107;17.494;98.292;98.292;22.589;18.941;17.914;3.6486;1.0268;0.1615;0.0455;0.793;41.791;0.7637;0
08/10/21 15:00;30.888;74.328;13.404;31.853;58.147;90;58.147;485.59;168.7;316.89;19.86;2.73;0;600.47;70.906;143.78;0;22.933;838.09;0;838.09;600.47;143.78;70.906;22.933;0.7165;0.112;0;0.0274;808.01;30.075;0;0;8.5446;21.531;804.61;2.5946;0.2777;0.0665;2.1707;0.0796;807.2;0.808;0.6005;0.1438;0.0624;0.0014;809.17;599.6;143.57;60.128;1.3211;147.81;118.99;48.173;10.605;2.1243;30.557;4.558;22.077;0;1;0;0;1.7259;0.9641;1;1;0.8795;0.0611;0.9968;0.9995;1;0.9652;0.9432;0.999;0.999;1;0.999;0.999;0.9601;0.848;0.0576;2.5168;2.5015;0.0151;-0.0021;0.2476;0.0157;0.0556;0.0055;0;0;0.088;0;1.9832;0;0;0;0;0;0;0;0;0;0;0;0;0.0448;0.0138;2.1056;2.1056;0;53.163;53.163;33.303;0.0414;2154.9;977.09;1;0.0344;0.0344;0;0;0;0;0;0;2.0712;1.9832;0;15.938;18.455;15.011;17.382;98.366;98.366;20.114;16.828;15.85;3.2863;0.9782;0.1634;0.0486;0.788;60.412;0.767;0
08/10/21 16:00;18.847;84.062;38.421;18.941;32.988;90;32.988;237.5;169;68.502;19.46;1.8;0;166.14;131.37;63.327;0;3.8289;364.66;0;364.66;166.14;63.327;131.37;3.8289;0.4556;0.3707;0;0.0105;354.45;10.214;0;0;6.7995;3.414;348.64;5.4573;0.9894;0.3771;4.0255;0.0653;354.1;0.3545;0.1661;0.0633;0.1246;0.0004;349.39;164.98;62.887;120.42;0.3491;88.924;71.584;28.14;2.7618;1.0974;15.786;0.7479;14.122;0;1;0;0;1.5354;0.972;1;1;0.9482;0.1083;0.9846;0.994;1;0.9677;0.8424;0.999;0.999;1;0.999;0.999;0.9561;0.9167;0.0912;1.0951;1.0856;0.0065;0.0122;0.0337;0.0072;0.0256;0.003;0;0;0.088;0;0.8699;0;0;0;0;0;0;0;0;0;0;0;0;0.0207;0.003;0.9737;0.9737;0;33.707;33.707;14.247;0.0409;931.71;1045;1;0.0157;0.0157;0;0;0;0;0;0;0.9579;0.8699;0;16.938;19.613;15.133;17.524;98.385;98.385;8.7519;7.7815;6.9525;0.9704;0.829;0.1109;0.0947;0.7944;88.46;0.7695;0
08/10/21 17:00;6.5955;92.803;73.825;6.6033;9.5909;90;9.5909;66.203;62.602;3.6012;17.62;1.6899;0;8.7339;60.744;3.4684;0;0.0925;73.039;0;73.039;8.7339;3.4684;60.744;0.0925;0.1196;0.8329;0;0.0013;72.55;0.4888;0;0;0.4115;0.0773;68.007;4.4701;1.4233;0.5652;2.4781;0.0034;72.477;0.0725;0.0087;0.0035;0.0603;0;68.021;7.3018;2.8997;57.794;0.0118;36.401;29.303;10.837;0.015;0.421;6.0566;0.0138;6.4627;0;1;0;0;1.1033;0.9933;1;1;0.9932;0.165;0.9383;0.8369;1;0.9589;0.7748;0.999;0.999;1;0.999;0.999;0.9311;0.9514;0.1277;0.2193;0.2176;0.0013;0.0156;-0.0037;0.0014;0.0051;0.0011;0;0;0.088;0;0.0983;0;0;0;0;0;0;0;0;0;0;0;0;0.0041;0.0002;0.1925;0.1925;0;20.409;20.409;2.7885;0.041;184.66;1042.3;1;0.0062;0.0062;0;0;0;0;0;0;0.1863;0.0983;0;16.718;19.359;8.5338;9.8819;96.765;96.765;1.7529;1.5383;0.7853;0.2146;0.7531;0.1224;0.4296;0.448;36.376;0.4218;0
08/10/21 18:00;0.283;97.233;89.314;0.2852;0.4066;90;0.4066;0;0;0;13.59;1.9901;0;0;0;0;0;0;0;0;0;0;0;0;0;1;1;1;1;0;0;0;0;0;0;0;0;0;0;0;0;0;0;0;0;0;0;0;0;0;0;0;0;0;0;0;0;0;0;0;0;0;0;0;1;1;1;1;1;1;1;1;1;1;1;1;1;1;1;1;1;1;1;0;0;0;0;0;0;0;0;0;0.0004;0.088;0;-0.0884;0;0;0;0;0;0;0;0;0;0;0;0;0;0;0;0;0;0;0;-13.59;0;0;0;0;0.0004;0;0;0;0;0;0;0;-0.0004;-0.0884;0;0;0;0;0;0;0;0;0;-0.7063;0;0.7063;1;1;0;0;0;0
08/10/21 19:00;0;0;90;0;0;90;0;0;0;0;9.8598;2.3801;0;0;0;0;0;0;0;0;0;0;0;0;0;1;1;1;1;0;0;0;0;0;0;0;0;0;0;0;0;0;0;0;0;0;0;0;0;0;0;0;0;0;0;0;0;0;0;0;0;0;0;0;1;1;1;1;1;1;1;1;1;1;1;1;1;1;1;1;1;1;1;0;0;0;0;0;0;0;0;0;0.0004;0.088;0;-0.0884;0;0;0;0;0;0;0;0;0;0;0;0;0;0;0;0;0;0;0;-9.8598;0;0;0;0;0.0004;0;0;0;0;0;0;0;-0.0004;-0.0884;0;0;0;0;0;0;0;0;0;-0.7063;0;0.7063;1;1;0;0;0;0
08/10/21 20:00;0;0;90;0;0;90;0;0;0;0;8.5103;2.6399;0;0;0;0;0;0;0;0;0;0;0;0;0;1;1;1;1;0;0;0;0;0;0;0;0;0;0;0;0;0;0;0;0;0;0;0;0;0;0;0;0;0;0;0;0;0;0;0;0;0;0;0;1;1;1;1;1;1;1;1;1;1;1;1;1;1;1;1;1;1;1;0;0;0;0;0;0;0;0;0;0.0004;0.088;0;-0.0884;0;0;0;0;0;0;0;0;0;0;0;0;0;0;0;0;0;0;0;-8.5103;0;0;0;0;0.0004;0;0;0;0;0;0;0;-0.0004;-0.0884;0;0;0;0;0;0;0;0;0;-0.7063;0;0.7063;1;1;0;0;0;0
08/10/21 21:00;0;0;90;0;0;90;0;0;0;0;7.7697;2.82;0;0;0;0;0;0;0;0;0;0;0;0;0;1;1;1;1;0;0;0;0;0;0;0;0;0;0;0;0;0;0;0;0;0;0;0;0;0;0;0;0;0;0;0;0;0;0;0;0;0;0;0;1;1;1;1;1;1;1;1;1;1;1;1;1;1;1;1;1;1;1;0;0;0;0;0;0;0;0;0;0.0004;0.088;0;-0.0884;0;0;0;0;0;0;0;0;0;0;0;0;0;0;0;0;0;0;0;-7.7697;0;0;0;0;0.0004;0;0;0;0;0;0;0;-0.0004;-0.0884;0;0;0;0;0;0;0;0;0;-0.7063;0;0.7063;1;1;0;0;0;0
08/10/21 22:00;0;0;90;0;0;90;0;0;0;0;7.6301;3.0201;0;0;0;0;0;0;0;0;0;0;0;0;0;1;1;1;1;0;0;0;0;0;0;0;0;0;0;0;0;0;0;0;0;0;0;0;0;0;0;0;0;0;0;0;0;0;0;0;0;0;0;0;1;1;1;1;1;1;1;1;1;1;1;1;1;1;1;1;1;1;1;0;0;0;0;0;0;0;0;0;0.0004;0.088;0;-0.0884;0;0;0;0;0;0;0;0;0;0;0;0;0;0;0;0;0;0;0;-7.6301;0;0;0;0;0.0004;0;0;0;0;0;0;0;-0.0004;-0.0884;0;0;0;0;0;0;0;0;0;-0.7063;0;0.7063;1;1;0;0;0;0
08/10/21 23:00;0;0;90;0;0;90;0;0;0;0;6.5997;3.24;0;0;0;0;0;0;0;0;0;0;0;0;0;1;1;1;1;0;0;0;0;0;0;0;0;0;0;0;0;0;0;0;0;0;0;0;0;0;0;0;0;0;0;0;0;0;0;0;0;0;0;0;1;1;1;1;1;1;1;1;1;1;1;1;1;1;1;1;1;1;1;0;0;0;0;0;0;0;0;0;0.0004;0.088;0;-0.0884;0;0;0;0;0;0;0;0;0;0;0;0;0;0;0;0;0;0;0;-6.5997;0;0;0;0;0.0004;0;0;0;0;0;0;0;-0.0004;-0.0884;0;0;0;0;0;0;0;0;0;-0.7063;0;0.7063;1;1;0;0;0;0
09/10/21 00:00;0;0;90;0;0;90;0;0;0;0;5.8;3.4299;0;0;0;0;0;0;0;0;0;0;0;0;0;1;1;1;1;0;0;0;0;0;0;0;0;0;0;0;0;0;0;0;0;0;0;0;0;0;0;0;0;0;0;0;0;0;0;0;0;0;0;0;1;1;1;1;1;1;1;1;1;1;1;1;1;1;1;1;1;1;1;0;0;0;0;0;0;0;0;0;0.0004;0.088;0;-0.0884;0;0;0;0;0;0;0;0;0;0;0;0;0;0;0;0;0;0;0;-5.8;0;0;0;0;0.0004;0;0;0;0;0;0;0;-0.0004;-0.0884;0;0;0;0;0;0;0;0;0;-0.7063;0;0.7063;1;1;0;0;0;0
09/10/21 01:00;0;0;90;0;0;90;0;0;0;0;4.8401;3.61;0;0;0;0;0;0;0;0;0;0;0;0;0;1;1;1;1;0;0;0;0;0;0;0;0;0;0;0;0;0;0;0;0;0;0;0;0;0;0;0;0;0;0;0;0;0;0;0;0;0;0;0;1;1;1;1;1;1;1;1;1;1;1;1;1;1;1;1;1;1;1;0;0;0;0;0;0;0;0;0;0.0004;0.088;0;-0.0884;0;0;0;0;0;0;0;0;0;0;0;0;0;0;0;0;0;0;0;-4.8401;0;0;0;0;0.0004;0;0;0;0;0;0;0;-0.0004;-0.0884;0;0;0;0;0;0;0;0;0;-0.7063;0;0.7063;1;1;0;0;0;0
09/10/21 02:00;0;0;90;0;0;90;0;0;0;0;4.5802;3.78;0;0;0;0;0;0;0;0;0;0;0;0;0;1;1;1;1;0;0;0;0;0;0;0;0;0;0;0;0;0;0;0;0;0;0;0;0;0;0;0;0;0;0;0;0;0;0;0;0;0;0;0;1;1;1;1;1;1;1;1;1;1;1;1;1;1;1;1;1;1;1;0;0;0;0;0;0;0;0;0;0.0004;0.088;0;-0.0884;0;0;0;0;0;0;0;0;0;0;0;0;0;0;0;0;0;0;0;-4.5802;0;0;0;0;0.0004;0;0;0;0;0;0;0;-0.0004;-0.0884;0;0;0;0;0;0;0;0;0;-0.7063;0;0.7063;1;1;0;0;0;0
09/10/21 03:00;0;0;90;0;0;90;0;0;0;0;3.9599;3.93;0;0;0;0;0;0;0;0;0;0;0;0;0;1;1;1;1;0;0;0;0;0;0;0;0;0;0;0;0;0;0;0;0;0;0;0;0;0;0;0;0;0;0;0;0;0;0;0;0;0;0;0;1;1;1;1;1;1;1;1;1;1;1;1;1;1;1;1;1;1;1;0;0;0;0;0;0;0;0;0;0.0004;0.088;0;-0.0884;0;0;0;0;0;0;0;0;0;0;0;0;0;0;0;0;0;0;0;-3.9599;0;0;0;0;0.0004;0;0;0;0;0;0;0;-0.0004;-0.0884;0;0;0;0;0;0;0;0;0;-0.7063;0;0.7063;1;1;0;0;0;0
09/10/21 04:00;0;0;90;0;0;90;0;0;0;0;3.2001;4.02;0;0;0;0;0;0;0;0;0;0;0;0;0;1;1;1;1;0;0;0;0;0;0;0;0;0;0;0;0;0;0;0;0;0;0;0;0;0;0;0;0;0;0;0;0;0;0;0;0;0;0;0;1;1;1;1;1;1;1;1;1;1;1;1;1;1;1;1;1;1;1;0;0;0;0;0;0;0;0;0;0.0004;0.088;0;-0.0884;0;0;0;0;0;0;0;0;0;0;0;0;0;0;0;0;0;0;0;-3.2001;0;0;0;0;0.0004;0;0;0;0;0;0;0;-0.0004;-0.0884;0;0;0;0;0;0;0;0;0;-0.7063;0;0.7063;1;1;0;0;0;0
09/10/21 05:00;3.5182;-95.42;81.441;3.5339;5.0636;-90;-5.0636;10.607;10.397;0.2105;3.46;4.5201;0;0.5105;10.351;0.063;0;0.0041;10.928;0;10.928;0.5105;0.063;10.351;0.0041;0.0467;0.9475;0;0.0004;10.9;0.0283;0;0;0.0248;0.0035;10.224;0.6652;0.1917;0.0237;0.4497;0.0002;10.889;0.0109;0.0005;0.0001;0.0103;0;10.224;0.3183;0.0393;9.8657;0.0005;6.1486;4.9496;1.8233;0.0001;0.0714;1.0275;0.0002;1.0989;0;1;0;0;1.0303;0.9974;1;1;0.9976;0.1642;0.9389;0.6241;1;0.9564;0.7766;0.999;0.999;1;0.999;0.999;0.9355;0.9532;0.1274;0.0328;0.033;0.0002;0.0063;-0.0024;0.0002;0.0007;0.0002;0;0;0.088;0;-0.0635;0;0;0;0;0;0;0;0;0;0;0;0;0.0006;0;0.0272;0.0272;0;3.8858;3.8858;0.4258;0.0416;26.367;1030.5;1;0.0027;0.0027;0;0;0;0;0;0;0.0245;-0.0635;0;15.773;18.265;-36.856;-42.679;90.191;90.191;0.2623;0.2172;-0.5074;0.0451;0.7246;0.172;2.7627;0;6.1474;0;0
09/10/21 06:00;12.912;-88.838;57.185;12.914;19.908;-90;-19.908;192.3;32.003;160.3;6.6602;4.9499;0;388.76;14.828;40.546;0;1.1492;445.29;0;445.29;388.76;40.546;14.828;1.1492;0.8731;0.0359;0;0.0026;443.98;1.3046;0;0;0.3415;0.9631;431.45;12.09;10.458;1.0907;0.5003;0.041;443.54;0.444;0.3888;0.0405;0.0145;0.0002;431.47;377.92;39.415;13.972;0.1449;10.076;8.111;3.2032;0.0523;0.1065;1.5313;0.0226;1.5855;0;1;0;0;2.3156;0.9971;1;1;0.977;0.1619;0.9727;0.9731;1;0.9654;0.7794;0.999;0.999;1;0.999;0.999;0.9689;0.9422;0.1261;1.3372;1.3028;0.0078;0.0091;-0.004;0.009;0.032;0.0003;0;0;0.088;0;1.1105;0;0;0;0;0;0;0;0;0;0;0;0;0.0258;0.0041;1.2186;1.2186;0;24.128;24.128;17.468;0.0405;1117.3;1090.6;1;0.0201;0.0201;0;0;0;0;0;0;1.1985;1.1105;0;17.36;20.103;15.82;18.319;98.349;98.349;10.687;9.7389;8.8748;0.948;0.8641;0.0887;0.0809;0.8304;9.2085;0.8283;0
09/10/21 07:00;25.108;-79.752;10.313;25.464;60;-90;-60;393.7;73.298;320.4;10.01;4.3899;0;742.9;24.745;93.45;0;19.685;880.78;0;880.78;742.9;93.45;24.745;19.685;0.8435;0.0504;0;0.0223;859.24;21.536;0;0;3.1142;18.421;857.24;1.1454;0.2644;0.0333;0.764;0.0837;858.38;0.8592;0.7429;0.0935;0.0216;0.0013;858.42;741.89;93.324;20.845;1.1786;39.101;31.477;14.496;4.1419;0.5349;7.694;1.1783;4.087;0;1;0;0;2.2372;0.9755;1;1;0.8742;0.0642;0.9987;0.9996;1;0.9646;0.9337;0.999;0.999;1;0.999;0.999;0.9733;0.8424;0.0599;2.645;2.6017;0.0157;-0.0021;0.184;0.0168;0.0597;0.0014;0;0;0.088;0;2.1362;0;0;0;0;0;0;0;0;0;0;0;0;0.0481;0.0149;2.2632;2.2632;0;45.258;45.258;35.248;0.0411;2240.7;1010.1;1;0.039;0.039;0;0;0;0;0;0;2.2242;2.1362;0;16.3;18.876;15.385;17.816;98.275;98.275;21.139;18.088;17.072;3.0509;1.0153;0.1443;0.048;0.8076;21.548;0.8024;0
09/10/21 08:00;36.919;-69.101;16.57;38.808;51.192;-90;-51.192;497.7;176.7;321;14.99;5.14;0;512.2;87.793;109.72;0;18.579;728.29;0;728.29;512.2;109.72;87.793;18.579;0.7033;0.1461;0;0.0255;702.14;26.155;0;0;8.7789;17.376;698.4;3.0359;0.2929;0.0627;2.6322;0.0481;701.44;0.7021;0.5122;0.1097;0.079;0.0012;703.03;511.39;109.55;76.303;1.1538;203.97;164.2;63.705;8.3856;2.7053;38.915;4.6249;33.235;0;1;0;0;1.4633;0.9641;1;1;0.9;0.0648;0.9957;0.9994;1;0.9667;0.96;0.999;0.999;1;0.999;0.999;0.959;0.8691;0.0621;2.1871;2.1995;0.0132;-0.0011;0.1438;0.0143;0.0507;0.0072;0;0;0.088;0;1.8;0;0;0;0;0;0;0;0;0;0;0;0;0.0409;0.0108;1.9196;1.9196;0;43.676;43.676;28.686;0.0411;1888.6;1016.4;1;0.0316;0.0316;0;0;0;0;0;0;1.888;1.8;0;16.72;19.361;15.678;18.155;98.354;98.354;17.479;15.341;14.385;2.1378;0.9558;0.1223;0.0547;0.823;69.382;0.7914;0
09/10/21 09:00;47.775;-55.196;22.555;53.307;36.693;-90;-36.693;786.8;129.8;657;19.98;5.94;0;819.35;41.388;104.58;0;15.59;980.91;0;980.91;819.35;104.58;41.388;15.59;0.8353;0.0581;0;0.0159;964.28;16.633;0;0;2.5273;14.106;961.16;2.1563;0.6377;0.0814;1.2528;0.1844;963.31;0.9643;0.8193;0.1046;0.0389;0.0015;965.44;817.89;104.4;37.569;1.2987;390.45;314.31;124.16;1.2577;4.073;58.589;4.2847;61.404;0;1;0;0;1.2467;0.983;1;1;0.9389;0.0952;0.9978;0.9992;1;0.9677;0.8757;0.999;0.999;1;0.999;0.999;0.9799;0.9077;0.0833;2.9457;3.0313;0.0182;0.0002;0.3725;0.0185;0.0655;0.0102;0;0;0.088;0;2.3428;0;0;0;0;0;0;0;0;0;0;0;0;0.0528;0.0199;2.4735;2.4735;0;59.988;59.988;40.008;0.0416;2606.8;948.86;1;0.0428;0.0428;0;0;0;0;0;0;2.4308;2.3428;0;15.997;18.524;15.151;17.544;98.271;98.271;23.542;19.768;18.723;3.7734;1.045;0.1603;0.0444;0.7953;28.681;0.7613;0
09/10/21 10:00;56.542;-35.371;26.715;69.067;20.933;-90;-20.933;897.79;148.1;749.69;22.01;6.3899;0;802.67;49.499;103.76;0;5.9256;961.85;0;961.85;802.67;103.76;49.499;5.9256;0.8345;0.0576;0;0.0062;955.63;6.2207;0;0;1.2361;4.9846;951.99;2.6917;0.7399;0.0957;1.6514;0.2047;954.68;0.9556;0.8027;0.1038;0.0483;0.0009;953.42;801.13;103.56;46.564;0.7354;505.59;407;158.95;0.2103;5.3009;76.251;1.4316;81.342;0;1;0;0;1.0714;0.9935;1;1;0.975;0.1588;0.9972;0.9991;1;0.9657;0.7822;0.999;0.999;1;0.999;0.999;0.9897;0.9407;0.1241;2.8884;3.0323;0.0183;0.0002;0.3911;0.0184;0.0651;0.0132;0;0;0.088;0;2.3237;0;0;0;0;0;0;0;0;0;0;0;0;0.0524;0.0199;2.4538;2.4538;0;61.691;61.691;39.682;0.0417;2605.8;941.66;1;0.0421;0.0421;0;0;0;0;0;0;2.4117;2.3237;0;16.183;18.74;15.325;17.746;98.284;98.284;23.084;19.611;18.571;3.4738;1.0397;0.1505;0.045;0.8045;30.896;0.7594;0
09/10/21 11:00;61.119;-7.6998;28.596;85.773;4.2267;-90;-4.2267;946.39;155.8;790.59;23.55;6.6101;0;792.75;53.291;102.72;0;0.2574;949.01;0;949.01;792.75;102.72;53.291;0.2574;0.8353;0.0564;0;0.0003;948.7;0.3117;0;0;0.0965;0.2153;944.52;3.2307;0.7823;0.1014;2.3377;0.0094;947.75;0.9487;0.7927;0.1027;0.0532;0;944.54;791.17;102.51;50.804;0.0327;557.24;448.58;174;0;5.9041;84.928;0.0159;90.832;0;1;0;0;1.0028;0.9997;1;1;0.9982;0.1637;0.9966;0.999;1;0.956;0.7769;0.999;0.999;1;0.999;0.999;0.9953;0.9533;0.127;2.8499;3.0239;0.0182;0.0001;0.4039;0.0182;0.0646;0.0146;0;0;0.088;0;2.303;0;0;0;0;0;0;0;0;0;0;0;0;0.052;0.0197;2.4325;2.4325;0;62.962;62.962;39.412;0.0417;2597.6;936.45;1;0.0414;0.0414;0;0;0;0;0;0;2.391;2.303;0;16.26;18.828;15.395;17.826;98.296;98.296;22.776;19.44;18.406;3.3359;1.0346;0.1465;0.0454;0.8081;31.619;0.7574;0
09/10/21 12:00;59.507;22.492;27.959;77.304;12.696;90;12.696;937.99;154.9;783.1;25.38;6.88;0;802.72;51.748;105.08;0;2.2934;961.84;0;961.84;802.72;105.08;51.748;2.2934;0.8346;0.0562;0;0.0024;959.37;2.4757;0;0;0.5607;1.915;955.44;2.9639;0.7744;0.1014;2.003;0.0852;958.41;0.9594;0.8027;0.1051;0.0512;0.0004;955.91;801.14;104.87;49.133;0.2928;544.39;438.23;171.59;0.0373;5.666;81.503;0.4714;87.132;0;1;0;0;1.0254;0.9974;1;1;0.9892;0.165;0.9969;0.999;1;0.9608;0.7747;0.999;0.999;1;0.999;0.999;0.9933;0.9495;0.1277;2.8884;3.0509;0.0184;0.0004;0.4335;0.0182;0.0645;0.0139;0;0;0.088;0;2.3009;0;0;0;0;0;0;0;0;0;0;0;0;0.052;0.0201;2.4301;2.4301;0;65.326;65.326;39.946;0.0418;2621.3;927.04;1;0.0412;0.0412;0;0;0;0;0;0;2.3889;2.3009;0;16.027;18.559;15.175;17.572;98.306;98.306;23.084;19.421;18.389;3.6632;1.0322;0.1587;0.0447;0.7966;31.251;0.7491;0
09/10/21 13:00;52.508;46.259;24.886;61.004;28.996;90;28.996;850.79;148.1;702.69;26.17;6.8401;0;803.39;49.292;109.2;0;10.664;972.55;0;972.55;803.39;109.2;49.292;10.664;0.8261;0.0616;0;0.011;961.14;11.407;0;0;2.0789;9.3276;957.61;2.5709;0.6899;0.0938;1.5414;0.2458;960.18;0.9611;0.8034;0.1092;0.0472;0.0013;960.4;801.9;109;45.624;1.0893;456.04;367.11;145.2;0.6658;4.6933;67.512;2.7917;71.539;0;1;0;0;1.1431;0.9883;1;1;0.9578;0.1253;0.9973;0.9991;1;0.9673;0.8159;0.999;0.999;1;0.999;0.999;0.9846;0.9256;0.1021;2.9206;3.0349;0.0183;0.0002;0.4413;0.018;0.0639;0.0115;0;0;0.088;0;2.2817;0;0;0;0;0;0;0;0;0;0;0;0;0.0515;0.0199;2.4103;2.4103;0;66.237;66.237;40.067;0.0418;2609.3;923.77;1;0.0406;0.0406;0;0;0;0;0;0;2.3697;2.2817;0;15.722;18.206;14.883;17.234;98.316;98.316;23.341;19.264;18.236;4.0776;1.0278;0.1747;0.044;0.7813;32.268;0.7427;0
09/10/21 14:00;42.495;62.728;19.746;45.868;44.132;90;44.132;699.4;148;551.4;26.55;6.11;0;768.25;51.557;122.57;0;19.742;962.11;0;962.11;768.25;122.57;51.557;19.742;0.7985;0.0741;0;0.0205;939.62;22.492;0;0;4.1628;18.329;936.44;2.2402;0.5235;0.0835;1.5404;0.0928;938.68;0.9396;0.7682;0.1226;0.0474;0.0014;941.36;766.96;122.36;45.806;1.3186;311.94;251.11;99.03;2.9491;3.3911;48.779;4.9118;49.221;0;1;0;0;1.3756;0.9766;1;1;0.9193;0.0716;0.9976;0.9993;1;0.9675;0.9342;0.999;0.999;1;0.999;0.999;0.9733;0.8885;0.0668;2.8892;2.9381;0.0177;-0.0007;0.422;0.0175;0.062;0.0083;0;0;0.088;0;2.2155;0;0;0;0;0;0;0;0;0;0;0;0;0.05;0.0187;2.3425;2.3425;0;65.714;65.714;39.164;0.0418;2527.2;926.92;1;0.0391;0.0391;0;0;0;0;0;0;2.3035;2.2155;0;15.445;17.885;14.608;16.915;98.333;98.333;23.091;18.721;17.706;4.3694;1.0154;0.1892;0.044;0.7668;38.068;0.7388;0
09/10/21 15:00;31.064;74.73;13.038;31.981;58.019;90;58.019;506.9;151.6;355.31;27.04;4.6901;0;670.84;57.806;143.52;0;23.843;896.01;0;896.01;670.84;143.52;57.806;23.843;0.7487;0.0911;0;0.0266;866.68;29.329;0;0;6.9436;22.386;863.6;2.2168;0.3018;0.0646;1.7687;0.0817;865.82;0.8667;0.6708;0.1435;0.0509;0.0015;868.07;669.87;143.32;49.043;1.3736;146.37;117.83;47.357;8.5788;2.0011;28.784;4.4689;22.207;0;1;0;0;1.7676;0.9673;1;1;0.8799;0.0611;0.9974;0.9995;1;0.9652;0.9438;0.999;0.999;1;0.999;0.999;0.9638;0.8484;0.0576;2.6907;2.6752;0.0161;-0.002;0.3597;0.0161;0.0571;0.005;0;0;0.088;0;2.0385;0;0;0;0;0;0;0;0;0;0;0;0;0.046;0.0157;2.1615;2.1615;0;63.079;63.079;36.039;0.0417;2305.2;937.66;1;0.0349;0.0349;0;0;0;0;0;0;2.1265;2.0385;0;15.303;17.72;14.432;16.712;98.384;98.384;21.504;17.274;16.292;4.2299;0.9825;0.1967;0.0457;0.7576;49.178;0.7398;0
09/10/21 16:00;19.008;84.434;37.824;19.091;33.398;90;33.398;293.8;140.9;152.9;26.1;2.9599;0;370.82;85.076;116.82;0;4.8517;577.57;0;577.57;370.82;116.82;85.076;4.8517;0.642;0.1557;0;0.0084;568.75;8.8247;0;0;4.4902;4.3345;562.76;5.4163;2.079;0.655;2.6026;0.0798;568.18;0.5687;0.3708;0.1168;0.0806;0.0005;563.25;368.37;116.05;77.903;0.4369;58.448;47.051;18.774;1.8669;0.7066;10.164;0.4909;9.004;0;1;0;0;1.9659;0.9847;1;1;0.9472;0.1066;0.9905;0.9944;1;0.9677;0.8456;0.999;0.999;1;0.999;0.999;0.9744;0.9157;0.09;1.7345;1.7179;0.0103;0.0035;0.1481;0.0109;0.0386;0.0018;0;0;0.088;0;1.3562;0;0;0;0;0;0;0;0;0;0;0;0;0.0311;0.0068;1.4667;1.4667;0;49.341;49.341;23.241;0.0413;1478.7;991.86;1;0.0225;0.0225;0;0;0;0;0;0;1.4442;1.3562;0;16.109;18.653;14.895;17.248;98.467;98.467;13.862;11.722;10.838;2.1402;0.883;0.1544;0.0637;0.7819;57.463;0.7717;0
09/10/21 17:00;6.7542;93.157;73.427;6.7644;9.8343;90;9.8343;52.997;51.799;1.1987;23.07;2.7199;0;2.9073;51.036;0.9324;0;0.0779;54.954;0;54.954;2.9073;0.9324;51.036;0.0779;0.0529;0.9301;0;0.0014;54.529;0.4255;0;0;0.3605;0.065;51.798;2.6759;0.4535;0.1455;2.074;0.0029;54.474;0.0545;0.0029;0.0009;0.0507;0;51.811;2.4508;0.786;48.551;0.0099;30.588;24.624;9.107;0.0139;0.3539;5.0906;0.0125;5.4306;0;1;0;0;1.0369;0.9923;1;1;0.9929;0.165;0.9509;0.8438;1;0.959;0.7748;0.999;0.999;1;0.999;0.999;0.9426;0.9513;0.1277;0.165;0.1668;0.001;0.0141;0.0001;0.0011;0.0038;0.0009;0;0;0.088;0;0.0491;0;0;0;0;0;0;0;0;0;0;0;0;0.003;0.0002;0.1426;0.1426;0;25.209;25.209;2.1395;0.0413;141.13;1010.5;1;0.0055;0.0055;0;0;0;0;0;0;0.1371;0.0491;0;16.462;19.062;5.6676;6.563;96.138;96.138;1.3189;1.1397;0.3924;0.1792;0.7473;0.1359;0.5666;0.2975;30.581;0.2782;0
09/10/21 18:00;0.4452;97.584;88.92;0.4492;0.6403;90;0.6403;0;0;0;17.93;1.62;0;0;0;0;0;0;0;0;0;0;0;0;0;1;1;1;1;0;0;0;0;0;0;0;0;0;0;0;0;0;0;0;0;0;0;0;0;0;0;0;0;0;0;0;0;0;0;0;0;0;0;0;1;1;1;1;1;1;1;1;1;1;1;1;1;1;1;1;1;1;1;0;0;0;0;0;0;0;0;0;0.0004;0.088;0;-0.0884;0;0;0;0;0;0;0;0;0;0;0;0;0;0;0;0;0;0;0;-17.93;0;0;0;0;0.0004;0;0;0;0;0;0;0;-0.0004;-0.0884;0;0;0;0;0;0;0;0;0;-0.7063;0;0.7063;1;1;0;0;0;0
09/10/21 19:00;0;0;90;0;0;90;0;0;0;0;17.21;0.8701;0;0;0;0;0;0;0;0;0;0;0;0;0;1;1;1;1;0;0;0;0;0;0;0;0;0;0;0;0;0;0;0;0;0;0;0;0;0;0;0;0;0;0;0;0;0;0;0;0;0;0;0;1;1;1;1;1;1;1;1;1;1;1;1;1;1;1;1;1;1;1;0;0;0;0;0;0;0;0;0;0.0004;0.088;0;-0.0884;0;0;0;0;0;0;0;0;0;0;0;0;0;0;0;0;0;0;0;-17.21;0;0;0;0;0.0004;0;0;0;0;0;0;0;-0.0004;-0.0884;0;0;0;0;0;0;0;0;0;-0.7063;0;0.7063;1;1;0;0;0;0
09/10/21 20:00;0;0;90;0;0;90;0;0;0;0;16.1;1.48;0;0;0;0;0;0;0;0;0;0;0;0;0;1;1;1;1;0;0;0;0;0;0;0;0;0;0;0;0;0;0;0;0;0;0;0;0;0;0;0;0;0;0;0;0;0;0;0;0;0;0;0;1;1;1;1;1;1;1;1;1;1;1;1;1;1;1;1;1;1;1;0;0;0;0;0;0;0;0;0;0.0004;0.088;0;-0.0884;0;0;0;0;0;0;0;0;0;0;0;0;0;0;0;0;0;0;0;-16.1;0;0;0;0;0.0004;0;0;0;0;0;0;0;-0.0004;-0.0884;0;0;0;0;0;0;0;0;0;-0.7063;0;0.7063;1;1;0;0;0;0
09/10/21 21:00;0;0;90;0;0;90;0;0;0;0;14.14;2.67;0;0;0;0;0;0;0;0;0;0;0;0;0;1;1;1;1;0;0;0;0;0;0;0;0;0;0;0;0;0;0;0;0;0;0;0;0;0;0;0;0;0;0;0;0;0;0;0;0;0;0;0;1;1;1;1;1;1;1;1;1;1;1;1;1;1;1;1;1;1;1;0;0;0;0;0;0;0;0;0;0.0004;0.088;0;-0.0884;0;0;0;0;0;0;0;0;0;0;0;0;0;0;0;0;0;0;0;-14.14;0;0;0;0;0.0004;0;0;0;0;0;0;0;-0.0004;-0.0884;0;0;0;0;0;0;0;0;0;-0.7063;0;0.7063;1;1;0;0;0;0
09/10/21 22:00;0;0;90;0;0;90;0;0;0;0;14.74;3.22;0;0;0;0;0;0;0;0;0;0;0;0;0;1;1;1;1;0;0;0;0;0;0;0;0;0;0;0;0;0;0;0;0;0;0;0;0;0;0;0;0;0;0;0;0;0;0;0;0;0;0;0;1;1;1;1;1;1;1;1;1;1;1;1;1;1;1;1;1;1;1;0;0;0;0;0;0;0;0;0;0.0004;0.088;0;-0.0884;0;0;0;0;0;0;0;0;0;0;0;0;0;0;0;0;0;0;0;-14.74;0;0;0;0;0.0004;0;0;0;0;0;0;0;-0.0004;-0.0884;0;0;0;0;0;0;0;0;0;-0.7063;0;0.7063;1;1;0;0;0;0
09/10/21 23:00;0;0;90;0;0;90;0;0;0;0;12.25;3.53;0;0;0;0;0;0;0;0;0;0;0;0;0;1;1;1;1;0;0;0;0;0;0;0;0;0;0;0;0;0;0;0;0;0;0;0;0;0;0;0;0;0;0;0;0;0;0;0;0;0;0;0;1;1;1;1;1;1;1;1;1;1;1;1;1;1;1;1;1;1;1;0;0;0;0;0;0;0;0;0;0.0004;0.088;0;-0.0884;0;0;0;0;0;0;0;0;0;0;0;0;0;0;0;0;0;0;0;-12.25;0;0;0;0;0.0004;0;0;0;0;0;0;0;-0.0004;-0.0884;0;0;0;0;0;0;0;0;0;-0.7063;0;0.7063;1;1;0;0;0;0
10/10/21 00:00;0;0;90;0;0;90;0;0;0;0;11.44;3.8399;0;0;0;0;0;0;0;0;0;0;0;0;0;1;1;1;1;0;0;0;0;0;0;0;0;0;0;0;0;0;0;0;0;0;0;0;0;0;0;0;0;0;0;0;0;0;0;0;0;0;0;0;1;1;1;1;1;1;1;1;1;1;1;1;1;1;1;1;1;1;1;0;0;0;0;0;0;0;0;0;0.0004;0.088;0;-0.0884;0;0;0;0;0;0;0;0;0;0;0;0;0;0;0;0;0;0;0;-11.44;0;0;0;0;0.0004;0;0;0;0;0;0;0;-0.0004;-0.0884;0;0;0;0;0;0;0;0;0;-0.7063;0;0.7063;1;1;0;0;0;0
10/10/21 01:00;0;0;90;0;0;90;0;0;0;0;14.7;3.16;0;0;0;0;0;0;0;0;0;0;0;0;0;1;1;1;1;0;0;0;0;0;0;0;0;0;0;0;0;0;0;0;0;0;0;0;0;0;0;0;0;0;0;0;0;0;0;0;0;0;0;0;1;1;1;1;1;1;1;1;1;1;1;1;1;1;1;1;1;1;1;0;0;0;0;0;0;0;0;0;0.0004;0.088;0;-0.0884;0;0;0;0;0;0;0;0;0;0;0;0;0;0;0;0;0;0;0;-14.7;0;0;0;0;0.0004;0;0;0;0;0;0;0;-0.0004;-0.0884;0;0;0;0;0;0;0;0;0;-0.7063;0;0.7063;1;1;0;0;0;0
10/10/21 02:00;0;0;90;0;0;90;0;0;0;0;13;3.9001;0;0;0;0;0;0;0;0;0;0;0;0;0;1;1;1;1;0;0;0;0;0;0;0;0;0;0;0;0;0;0;0;0;0;0;0;0;0;0;0;0;0;0;0;0;0;0;0;0;0;0;0;1;1;1;1;1;1;1;1;1;1;1;1;1;1;1;1;1;1;1;0;0;0;0;0;0;0;0;0;0.0004;0.088;0;-0.0884;0;0;0;0;0;0;0;0;0;0;0;0;0;0;0;0;0;0;0;-13;0;0;0;0;0.0004;0;0;0;0;0;0;0;-0.0004;-0.0884;0;0;0;0;0;0;0;0;0;-0.7063;0;0.7063;1;1;0;0;0;0
10/10/21 03:00;0;0;90;0;0;90;0;0;0;0;12.2;5.3;0;0;0;0;0;0;0;0;0;0;0;0;0;1;1;1;1;0;0;0;0;0;0;0;0;0;0;0;0;0;0;0;0;0;0;0;0;0;0;0;0;0;0;0;0;0;0;0;0;0;0;0;1;1;1;1;1;1;1;1;1;1;1;1;1;1;1;1;1;1;1;0;0;0;0;0;0;0;0;0;0.0004;0.088;0;-0.0884;0;0;0;0;0;0;0;0;0;0;0;0;0;0;0;0;0;0;0;-12.2;0;0;0;0;0.0004;0;0;0;0;0;0;0;-0.0004;-0.0884;0;0;0;0;0;0;0;0;0;-0.7063;0;0.7063;1;1;0;0;0;0
10/10/21 04:00;0;0;90;0;0;90;0;0;0;0;12.01;5.68;0;0;0;0;0;0;0;0;0;0;0;0;0;1;1;1;1;0;0;0;0;0;0;0;0;0;0;0;0;0;0;0;0;0;0;0;0;0;0;0;0;0;0;0;0;0;0;0;0;0;0;0;1;1;1;1;1;1;1;1;1;1;1;1;1;1;1;1;1;1;1;0;0;0;0;0;0;0;0;0;0.0004;0.088;0;-0.0884;0;0;0;0;0;0;0;0;0;0;0;0;0;0;0;0;0;0;0;-12.01;0;0;0;0;0.0004;0;0;0;0;0;0;0;-0.0004;-0.0884;0;0;0;0;0;0;0;0;0;-0.7063;0;0.7063;1;1;0;0;0;0
10/10/21 05:00;3.5876;-95.834;81.271;3.6063;5.1684;-90;-5.1684;3.9069;3.8979;0.009;12.82;5.52;0;0.0219;3.8896;0.001;0;0.0016;3.914;3.914;0;0.0219;0;0;0;1;1;1;1;0;0;0;0;0;0;0;0;0;0;0;0;0;0;0;0;0;0;0;0;0;0;0;0;0;0;0;0;0;0;0;0;0;0;0;0;1;1;1;1;1;1;1;1;1;1;1;0;1;0;0;1;0;0;0;0;0;0;0;0;0;0;0;0.0004;0.088;0;-0.0884;0;0;0;0;0;0;0;0;0;0;0;0;0;0;0;0;0;0;0;-12.82;0;0;0;0;0.0004;0;0;0;0;0;0;0;-0.0004;-0.0884;0;0;0;0;0;0;0;0;0;-0.7063;0;0.7063;1;1;0;0;0;0
10/10/21 06:00;13.183;-89.118;56.419;13.184;20.4;-90;-20.4;78.002;73.497;4.5045;13.37;5.0901;0;10.925;70.169;2.5624;0;0.4892;84.145;0;84.145;10.925;2.5624;70.169;0.4892;0.1298;0.8397;0;0.0058;82.053;2.092;0;0;1.6813;0.4107;79.268;2.7026;0.2687;0.063;2.3537;0.0172;81.971;0.0821;0.0109;0.0026;0.0685;0.0001;79.383;10.645;2.4968;66.065;0.0613;43.708;35.185;13.271;0.2693;0.5051;7.2661;0.1141;7.5019;0;1;0;0;1.0788;0.9751;1;1;0.976;0.1605;0.967;0.9754;1;0.9656;0.7806;0.999;0.999;1;0.999;0.999;0.942;0.9415;0.1252;0.2527;0.2544;0.0015;0.0164;-0.0078;0.0017;0.0061;0.0014;0;0;0.088;0;0.1353;0;0;0;0;0;0;0;0;0;0;0;0;0.0049;0.0003;0.23;0.23;0;16.604;16.604;3.2342;0.0408;216.02;1064.7;1;0.0067;0.0067;0;0;0;0;0;0;0.2233;0.1353;0;17.34;20.079;10.199;11.81;97.077;97.077;2.0195;1.8382;1.0812;0.1813;0.757;0.0898;0.3749;0.5354;43.681;0.5029;0
10/10/21 07:00;25.385;-80.047;9.9425;25.723;60;-90;-60;175.3;162.3;13.003;16.9;4.6001;0;29.875;119.04;8.2318;0;8.7652;165.91;0;165.91;29.875;8.2318;119.04;8.7652;0.1801;0.7703;0;0.0528;142.73;23.183;0;0;14.981;8.2025;138.86;3.7258;0.0102;0.0028;3.6755;0.0373;142.58;0.1427;0.0299;0.0082;0.1041;0.0006;142.22;29.835;8.2208;100.28;0.5248;104.61;84.21;37.47;19.903;2.0897;30.06;3.3636;12.246;0;1;0;0;0.9464;0.8603;1;1;0.8742;0.0642;0.9739;0.9997;1;0.9646;0.9337;0.999;0.999;1;0.999;0.999;0.8369;0.8424;0.0599;0.4982;0.4917;0.003;0.0181;-0.0043;0.0033;0.0118;0.0058;0;0;0.088;0;0.3471;0;0;0;0;0;0;0;0;0;0;0;0;0.0095;0.0008;0.4439;0.4439;0;22.563;22.563;5.6624;0.0408;418.13;1061.5;1;0.0088;0.0088;0;0;0;0;0;0;0.4351;0.3471;0;16.971;19.652;13.271;15.367;98.023;98.023;3.9819;3.5473;2.7739;0.4345;0.7734;0.1091;0.1942;0.6966;103.66;0.6134;0
10/10/21 08:00;37.213;-69.412;16.263;39.049;50.951;-90;-50.951;416.4;247;169.4;19;3.5099;0;268.89;160.27;79.927;0;15.407;524.49;0;524.49;268.89;79.927;160.27;15.407;0.5127;0.3349;0;0.0294;494.17;30.323;0;0;15.916;14.407;488.64;5.039;0.1509;0.0449;4.803;0.0402;493.68;0.4942;0.2689;0.0799;0.1443;0.001;493.19;268.47;79.802;139.4;0.9593;202.98;163.4;66.155;15.053;2.9487;42.416;4.5553;30.312;0;1;0;0;1.2596;0.9422;1;1;0.9007;0.0649;0.9898;0.9994;1;0.9667;0.9597;0.999;0.999;1;0.999;0.999;0.9316;0.8698;0.0623;1.5751;1.5749;0.0095;0.0053;0.0779;0.0104;0.0368;0.008;0;0;0.088;0;1.2819;0;0;0;0;0;0;0;0;0;0;0;0;0.0296;0.0058;1.3916;1.3916;0;39.019;39.019;20.019;0.041;1352.2;1029.1;1;0.0217;0.0217;0;0;0;0;0;0;1.3699;1.2819;0;16.831;19.49;15.504;17.953;98.439;98.439;12.588;11.122;10.245;1.4661;0.8769;0.1165;0.0697;0.8139;126.34;0.7674;0
10/10/21 09:00;48.1;-55.504;22.224;53.518;36.482;-90;-36.482;442.5;336.8;105.7;18.78;2.1401;0;131.46;272.4;43.292;0;8.6711;455.82;0;455.82;131.46;43.292;272.4;8.6711;0.2884;0.6166;0;0.019;431.5;24.323;0;0;16.485;7.838;422.58;8.489;0.1008;0.0332;8.2498;0.1051;431.07;0.4315;0.1315;0.0433;0.2559;0.0008;425.27;131.22;43.216;247.41;0.7271;257.25;207.09;83.194;8.093;3.0656;44.097;2.6942;39.069;0;1;0;0;1.0301;0.9466;1;1;0.9395;0.0961;0.9803;0.9992;1;0.9677;0.8737;0.999;0.999;1;0.999;0.999;0.9271;0.9083;0.0839;1.3688;1.3738;0.0083;0.0081;0.0538;0.0091;0.0324;0.0084;0;0;0.088;0;1.1159;0;0;0;0;0;0;0;0;0;0;0;0;0.0261;0.0045;1.2233;1.2233;0;36.063;36.063;17.283;0.0409;1178.3;1038.1;1;0.0194;0.0194;0;0;0;0;0;0;1.2039;1.1159;0;17.024;19.714;15.53;17.983;98.417;98.417;10.94;9.7764;8.9183;1.1634;0.858;0.1063;0.0784;0.8152;188.45;0.7602;0
10/10/21 10:00;56.908;-35.591;26.359;69.229;20.771;-90;-20.771;600.3;356.1;244.2;20.13;2.82;0;261.18;271.44;80.794;0;3.9017;617.31;0;617.31;261.18;80.794;271.44;3.9017;0.4231;0.446;0;0.0063;607.33;9.9745;0;0;6.6945;3.28;597.21;9.5172;0.2376;0.0735;9.0706;0.1356;606.73;0.6073;0.2612;0.0808;0.2647;0.0006;598.19;260.68;80.64;255.41;0.4855;348.72;280.72;107.17;1.114;3.8787;55.794;0.9751;58.559;0;1;0;0;1.0283;0.9838;1;1;0.9753;0.1593;0.9843;0.9991;1;0.9657;0.7817;0.999;0.999;1;0.999;0.999;0.9674;0.9409;0.1244;1.8538;1.9193;0.0116;0.0012;0.133;0.0124;0.044;0.0103;0;0;0.088;0;1.5484;0;0;0;0;0;0;0;0;0;0;0;0;0.0355;0.0084;1.663;1.663;0;44.692;44.692;24.562;0.0411;1647.2;1009.6;1;0.0266;0.0266;0;0;0;0;0;0;1.6364;1.5484;0;17.089;19.789;15.912;18.426;98.403;98.403;14.815;13.291;12.375;1.5247;0.9155;0.1029;0.0618;0.8353;169.29;0.7823;0
10/10/21 11:00;61.503;-7.6451;28.221;85.869;4.131;-90;-4.131;296.91;289.3;7.6065;19.8;3.9199;0;7.6263;287.1;1.8271;0;0.0771;296.63;0;296.63;7.6263;1.8271;287.1;0.0771;0.0257;0.9681;0;0.0003;296.07;0.5662;0;0;0.5017;0.0645;283.15;12.619;0.0074;0.0018;12.607;0.0028;295.77;0.2961;0.0076;0.0018;0.2866;0;283.15;7.6113;1.8235;273.71;0.0098;175.88;141.58;52.221;-0.0004;2.0389;29.329;0.0008;31.368;0;1;0;0;0.9991;0.9981;1;1;0.9983;0.1636;0.9573;0.999;1;0.956;0.777;0.999;0.999;1;0.999;0.999;0.9546;0.9533;0.127;0.8908;0.9147;0.0055;0.0146;0.0208;0.0061;0.0217;0.0056;0;0;0.088;0;0.7192;0;0;0;0;0;0;0;0;0;0;0;0;0.0175;0.0022;0.8207;0.8207;0;31.364;31.364;11.564;0.0408;782.39;1049;1;0.0135;0.0135;0;0;0;0;0;0;0.8072;0.7192;0;17.552;20.325;15.381;17.811;98.355;98.355;7.1192;6.5594;5.7482;0.5598;0.8112;0.0786;0.1139;0.8074;170.33;0.7518;0
10/10/21 12:00;59.844;22.859;27.574;77.282;12.718;90;12.718;269.4;263.9;5.4987;19.12;5.15;0;5.637;259.46;1.2522;0;0.661;267.01;0;267.01;5.637;1.2522;259.46;0.661;0.0211;0.9742;0;0.0025;263.64;3.3714;0;0;2.8194;0.5519;253.3;10.07;0.0054;0.0012;10.039;0.0245;263.37;0.2636;0.0056;0.0013;0.2566;0.0001;253.43;5.626;1.2497;246.34;0.0844;160.59;129.28;48.054;0.1853;1.8496;26.605;0.1301;28.269;0;1;0;0;0.9911;0.9874;1;1;0.9891;0.165;0.9618;0.999;1;0.9608;0.7747;0.999;0.999;1;0.999;0.999;0.9487;0.9495;0.1277;0.8018;0.8194;0.0049;0.0157;0.0131;0.0055;0.0195;0.0051;0;0;0.088;0;0.6377;0;0;0;0;0;0;0;0;0;0;0;0;0.0157;0.0018;0.7381;0.7381;0;29.457;29.457;10.337;0.0408;699.97;1054.5;1;0.0124;0.0124;0;0;0;0;0;0;0.7257;0.6377;0;17.536;20.306;15.15;17.544;98.318;98.318;6.4082;5.8989;5.0964;0.5093;0.8025;0.0795;0.1252;0.7953;156.7;0.7401;0
10/10/21 13:00;52.771;46.722;24.504;61.049;28.951;90;28.951;255.9;250.4;5.504;18.86;5.44;0;6.2901;233.57;1.4397;0;3.1979;244.5;0;244.5;6.2901;1.4397;233.57;3.1979;0.0257;0.9684;0;0.0131;231.88;12.623;0;0;9.8268;2.7965;224.26;7.3863;0.0053;0.0012;7.3058;0.0739;231.65;0.2319;0.0063;0.0014;0.2237;0.0004;225.21;6.2785;1.437;216.22;0.327;156.45;125.94;48.962;3.1263;1.8537;26.665;0.9555;25.393;0;1;0;0;0.9554;0.9484;1;1;0.9579;0.1255;0.9681;0.9992;1;0.9673;0.8156;0.999;0.999;1;0.999;0.999;0.9172;0.9257;0.1023;0.7342;0.7345;0.0044;0.0166;0.0079;0.0049;0.0175;0.0051;0;0;0.088;0;0.563;0;0;0;0;0;0;0;0;0;0;0;0;0.0141;0.0015;0.6624;0.6624;0;28.009;28.009;9.1491;0.0408;627.04;1056.4;1;0.0114;0.0114;0;0;0;0;0;0;0.651;0.563;0;17.187;19.902;14.608;16.916;98.282;98.282;5.868;5.2941;4.4998;0.5739;0.7943;0.0978;0.1354;0.7668;152.86;0.709;0
10/10/21 14:00;42.703;63.169;19.372;45.963;44.037;90;44.037;180.79;177.8;2.9928;17.59;5.6501;0;4.1631;152.32;0.7943;0;5.0822;162.36;0;162.36;4.1631;0.7943;152.32;5.0822;0.0256;0.9695;0;0.0313;145.38;16.977;0;0;12.26;4.7176;140.66;4.5788;0.0028;0.0005;4.5513;0.0242;145.24;0.1454;0.0042;0.0008;0.1401;0.0004;142.48;4.1561;0.793;135.37;0.3401;113.9;91.69;38.181;8.6345;1.5982;22.989;1.8242;15.952;0;1;0;0;0.898;0.8954;1;1;0.9195;0.0717;0.9685;0.9993;1;0.9675;0.9337;0.999;0.999;1;0.999;0.999;0.8663;0.8887;0.0669;0.4876;0.4776;0.0029;0.0181;-0.0029;0.0032;0.0114;0.0044;0;0;0.088;0;0.334;0;0;0;0;0;0;0;0;0;0;0;0;0.0092;0.0007;0.4306;0.4306;0;23.328;23.328;5.7388;0.0408;406.67;1058.8;1;0.0086;0.0086;0;0;0;0;0;0;0.422;0.334;0;16.824;19.481;13.049;15.111;98.001;98.001;3.8966;3.4412;2.6692;0.4554;0.7721;0.1169;0.1981;0.685;112.37;0.6193;0
10/10/21 15:00;31.239;75.13;12.675;32.111;57.889;90;57.889;44.695;44.402;0.2933;16.24;5.3301;0;0.5517;33.988;0.0344;0;2.0937;36.668;0;36.668;0.5517;0.0344;33.988;2.0937;0.015;0.984;0;0.0571;30.633;6.0353;0;0;4.0694;1.9658;29.555;1.0467;0.0002;0;1.0394;0.0071;30.602;0.0306;0.0006;0;0.0299;0.0001;30.416;0.551;0.0343;28.849;0.1206;28.944;23.3;10.269;5.0011;0.5517;7.9363;0.8602;3.4869;0;1;0;0;0.8204;0.8354;1;1;0.8803;0.0611;0.9658;0.9996;1;0.9652;0.9445;0.999;0.999;1;0.999;0.999;0.806;0.8488;0.0576;0.1101;0.1083;0.0007;0.0117;-0.003;0.0007;0.0025;0.0015;0;0;0.088;0;0;0;0;0;0;0;0;0;0;0;0;0;0;0.002;0.0001;0.0924;0.0924;0;17.462;17.462;1.2215;0.0413;90.532;1020.2;1;0.0043;0.0043;0;0;0;0;0;0;0.088;0;0;15.978;18.502;0.0066;0.0077;95.322;95.322;0.88;0.7381;0.0003;0.1419;0.7378;0.1612;0.8384;0.0003;28.873;0.0003;0
10/10/21 16:00;19.168;84.803;37.219;19.242;33.818;90;33.818;22.699;22.604;0.0957;13.33;4.34;0;0.232;20.687;0.0116;0;0.384;21.315;0;21.315;0.232;0.0116;20.687;0.384;0.0109;0.9886;0;0.018;19.857;1.4573;0;0;1.1135;0.3438;19.198;0.6392;0.0012;0.0001;0.6318;0.0061;19.838;0.0199;0.0002;0;0.0196;0;19.322;0.2305;0.0115;18.922;0.0341;14.017;11.284;4.4736;0.4737;0.173;2.489;0.1233;2.1884;0;1;0;0;0.939;0.9316;1;1;0.9462;0.1048;0.9678;0.9947;1;0.9677;0.8489;0.999;0.999;1;0.999;0.999;0.9007;0.9147;0.0889;0.064;0.0634;0.0004;0.0089;-0.0025;0.0004;0.0014;0.0004;0;0;0.088;0;-0.0381;0;0;0;0;0;0;0;0;0;0;0;0;0.0011;0;0.0532;0.0532;0;14.126;14.126;0.7965;0.0415;52.451;1014.6;1;0.0033;0.0033;0;0;0;0;0;0;0.0499;-0.0381;0;15.838;18.34;-11.333;-13.123;93.81;93.81;0.5116;0.4253;-0.3043;0.0863;0.7296;0.1686;1.4263;0;14.017;0;0
10/10/21 17:00;6.9137;93.51;73.026;6.9265;10.08;90;10.08;20.609;20.402;0.2074;12.94;3.4399;0;0.5029;20.219;0.062;0;0.0318;20.816;0;20.816;0.5029;0.062;20.219;0.0318;0.0242;0.9729;0;0.0015;20.64;0.1754;0;0;0.1488;0.0266;19.716;0.9039;0.0751;0.0093;0.8184;0.0012;20.62;0.0206;0.0005;0.0001;0.0201;0;19.721;0.4273;0.0527;19.232;0.0041;12.123;9.7593;3.6101;0.0061;0.1403;2.0175;0.0053;2.1517;0;1;0;0;1.01;0.9916;1;1;0.9926;0.1651;0.9562;0.8505;1;0.9592;0.7748;0.999;0.999;1;0.999;0.999;0.9472;0.9512;0.1278;0.0625;0.0637;0.0004;0.009;-0.0026;0.0004;0.0014;0.0004;0;0;0.088;0;-0.0377;0;0;0;0;0;0;0;0;0;0;0;0;0.0011;0;0.0536;0.0536;0;13.758;13.758;0.8173;0.0415;52.666;1017.2;1;0.0033;0.0033;0;0;0;0;0;0;0.0503;-0.0377;0;16.325;18.905;-11.503;-13.32;93.816;93.816;0.4996;0.4281;-0.3016;0.0714;0.7298;0.143;1.4608;0;12.122;0;0
10/10/21 18:00;0.406;98.076;89.015;0.41;0.5845;90;0.5845;0;0;0;12.82;2.68;0;0;0;0;0;0;0;0;0;0;0;0;0;1;1;1;1;0;0;0;0;0;0;0;0;0;0;0;0;0;0;0;0;0;0;0;0;0;0;0;0;0;0;0;0;0;0;0;0;0;0;0;1;1;1;1;1;1;1;1;1;1;1;1;1;1;1;1;1;1;1;0;0;0;0;0;0;0;0;0;0.0004;0.088;0;-0.0884;0;0;0;0;0;0;0;0;0;0;0;0;0;0;0;0;0;0;0;-12.82;0;0;0;0;0.0004;0;0;0;0;0;0;0;-0.0004;-0.0884;0;0;0;0;0;0;0;0;0;-0.7063;0;0.7063;1;1;0;0;0;0
10/10/21 19:00;0;0;90;0;0;90;0;0;0;0;11.92;2.43;0;0;0;0;0;0;0;0;0;0;0;0;0;1;1;1;1;0;0;0;0;0;0;0;0;0;0;0;0;0;0;0;0;0;0;0;0;0;0;0;0;0;0;0;0;0;0;0;0;0;0;0;1;1;1;1;1;1;1;1;1;1;1;1;1;1;1;1;1;1;1;0;0;0;0;0;0;0;0;0;0.0004;0.088;0;-0.0884;0;0;0;0;0;0;0;0;0;0;0;0;0;0;0;0;0;0;0;-11.92;0;0;0;0;0.0004;0;0;0;0;0;0;0;-0.0004;-0.0884;0;0;0;0;0;0;0;0;0;-0.7063;0;0.7063;1;1;0;0;0;0
10/10/21 20:00;0;0;90;0;0;90;0;0;0;0;11.7;2.6399;0;0;0;0;0;0;0;0;0;0;0;0;0;1;1;1;1;0;0;0;0;0;0;0;0;0;0;0;0;0;0;0;0;0;0;0;0;0;0;0;0;0;0;0;0;0;0;0;0;0;0;0;1;1;1;1;1;1;1;1;1;1;1;1;1;1;1;1;1;1;1;0;0;0;0;0;0;0;0;0;0.0004;0.088;0;-0.0884;0;0;0;0;0;0;0;0;0;0;0;0;0;0;0;0;0;0;0;-11.7;0;0;0;0;0.0004;0;0;0;0;0;0;0;-0.0004;-0.0884;0;0;0;0;0;0;0;0;0;-0.7063;0;0.7063;1;1;0;0;0;0
10/10/21 21:00;0;0;90;0;0;90;0;0;0;0;10.35;2.9599;0;0;0;0;0;0;0;0;0;0;0;0;0;1;1;1;1;0;0;0;0;0;0;0;0;0;0;0;0;0;0;0;0;0;0;0;0;0;0;0;0;0;0;0;0;0;0;0;0;0;0;0;1;1;1;1;1;1;1;1;1;1;1;1;1;1;1;1;1;1;1;0;0;0;0;0;0;0;0;0;0.0004;0.088;0;-0.0884;0;0;0;0;0;0;0;0;0;0;0;0;0;0;0;0;0;0;0;-10.35;0;0;0;0;0.0004;0;0;0;0;0;0;0;-0.0004;-0.0884;0;0;0;0;0;0;0;0;0;-0.7063;0;0.7063;1;1;0;0;0;0
10/10/21 22:00;0;0;90;0;0;90;0;0;0;0;8.8899;3.21;0;0;0;0;0;0;0;0;0;0;0;0;0;1;1;1;1;0;0;0;0;0;0;0;0;0;0;0;0;0;0;0;0;0;0;0;0;0;0;0;0;0;0;0;0;0;0;0;0;0;0;0;1;1;1;1;1;1;1;1;1;1;1;1;1;1;1;1;1;1;1;0;0;0;0;0;0;0;0;0;0.0004;0.088;0;-0.0884;0;0;0;0;0;0;0;0;0;0;0;0;0;0;0;0;0;0;0;-8.8899;0;0;0;0;0.0004;0;0;0;0;0;0;0;-0.0004;-0.0884;0;0;0;0;0;0;0;0;0;-0.7063;0;0.7063;1;1;0;0;0;0
10/10/21 23:00;0;0;90;0;0;90;0;0;0;0;7.1601;3.1801;0;0;0;0;0;0;0;0;0;0;0;0;0;1;1;1;1;0;0;0;0;0;0;0;0;0;0;0;0;0;0;0;0;0;0;0;0;0;0;0;0;0;0;0;0;0;0;0;0;0;0;0;1;1;1;1;1;1;1;1;1;1;1;1;1;1;1;1;1;1;1;0;0;0;0;0;0;0;0;0;0.0004;0.088;0;-0.0884;0;0;0;0;0;0;0;0;0;0;0;0;0;0;0;0;0;0;0;-7.1601;0;0;0;0;0.0004;0;0;0;0;0;0;0;-0.0004;-0.0884;0;0;0;0;0;0;0;0;0;-0.7063;0;0.7063;1;1;0;0;0;0
11/10/21 00:00;0;0;90;0;0;90;0;0;0;0;6.6901;2.65;0;0;0;0;0;0;0;0;0;0;0;0;0;1;1;1;1;0;0;0;0;0;0;0;0;0;0;0;0;0;0;0;0;0;0;0;0;0;0;0;0;0;0;0;0;0;0;0;0;0;0;0;1;1;1;1;1;1;1;1;1;1;1;1;1;1;1;1;1;1;1;0;0;0;0;0;0;0;0;0;0.0004;0.088;0;-0.0884;0;0;0;0;0;0;0;0;0;0;0;0;0;0;0;0;0;0;0;-6.6901;0;0;0;0;0.0004;0;0;0;0;0;0;0;-0.0004;-0.0884;0;0;0;0;0;0;0;0;0;-0.7063;0;0.7063;1;1;0;0;0;0
11/10/21 01:00;0;0;90;0;0;90;0;0;0;0;6.1603;2.2499;0;0;0;0;0;0;0;0;0;0;0;0;0;1;1;1;1;0;0;0;0;0;0;0;0;0;0;0;0;0;0;0;0;0;0;0;0;0;0;0;0;0;0;0;0;0;0;0;0;0;0;0;1;1;1;1;1;1;1;1;1;1;1;1;1;1;1;1;1;1;1;0;0;0;0;0;0;0;0;0;0.0004;0.088;0;-0.0884;0;0;0;0;0;0;0;0;0;0;0;0;0;0;0;0;0;0;0;-6.1603;0;0;0;0;0.0004;0;0;0;0;0;0;0;-0.0004;-0.0884;0;0;0;0;0;0;0;0;0;-0.7063;0;0.7063;1;1;0;0;0;0
11/10/21 02:00;0;0;90;0;0;90;0;0;0;0;4.86;1.9801;0;0;0;0;0;0;0;0;0;0;0;0;0;1;1;1;1;0;0;0;0;0;0;0;0;0;0;0;0;0;0;0;0;0;0;0;0;0;0;0;0;0;0;0;0;0;0;0;0;0;0;0;1;1;1;1;1;1;1;1;1;1;1;1;1;1;1;1;1;1;1;0;0;0;0;0;0;0;0;0;0.0004;0.088;0;-0.0884;0;0;0;0;0;0;0;0;0;0;0;0;0;0;0;0;0;0;0;-4.86;0;0;0;0;0.0004;0;0;0;0;0;0;0;-0.0004;-0.0884;0;0;0;0;0;0;0;0;0;-0.7063;0;0.7063;1;1;0;0;0;0
11/10/21 03:00;0;0;90;0;0;90;0;0;0;0;4.6001;1.9101;0;0;0;0;0;0;0;0;0;0;0;0;0;1;1;1;1;0;0;0;0;0;0;0;0;0;0;0;0;0;0;0;0;0;0;0;0;0;0;0;0;0;0;0;0;0;0;0;0;0;0;0;1;1;1;1;1;1;1;1;1;1;1;1;1;1;1;1;1;1;1;0;0;0;0;0;0;0;0;0;0.0004;0.088;0;-0.0884;0;0;0;0;0;0;0;0;0;0;0;0;0;0;0;0;0;0;0;-4.6001;0;0;0;0;0.0004;0;0;0;0;0;0;0;-0.0004;-0.0884;0;0;0;0;0;0;0;0;0;-0.7063;0;0.7063;1;1;0;0;0;0
11/10/21 04:00;0;0;90;0;0;90;0;0;0;0;4.1002;1.87;0;0;0;0;0;0;0;0;0;0;0;0;0;1;1;1;1;0;0;0;0;0;0;0;0;0;0;0;0;0;0;0;0;0;0;0;0;0;0;0;0;0;0;0;0;0;0;0;0;0;0;0;1;1;1;1;1;1;1;1;1;1;1;1;1;1;1;1;1;1;1;0;0;0;0;0;0;0;0;0;0.0004;0.088;0;-0.0884;0;0;0;0;0;0;0;0;0;0;0;0;0;0;0;0;0;0;0;-4.1002;0;0;0;0;0.0004;0;0;0;0;0;0;0;-0.0004;-0.0884;0;0;0;0;0;0;0;0;0;-0.7063;0;0.7063;1;1;0;0;0;0
11/10/21 05:00;3.6546;-96.248;81.107;3.6764;5.27;-90;-5.27;15.999;15.499;0.4999;3.7299;1.9101;0;1.2123;15.378;0.2144;0;0.0068;16.811;0;16.811;1.2123;0.2144;15.378;0.0068;0.0721;0.9151;0;0.0004;16.767;0.0449;0;0;0.0392;0.0057;15.567;1.1832;0.4388;0.0776;0.6666;0.0002;16.75;0.0168;0.0012;0.0002;0.0153;0;15.567;0.7723;0.1366;14.657;0.0009;9.1387;7.3566;2.7106;0.0002;0.1061;1.5268;0.0004;1.6327;0;1;0;0;1.0508;0.9973;1;1;0.9974;0.1643;0.9294;0.6377;1;0.9565;0.7765;0.999;0.999;1;0.999;0.999;0.926;0.9531;0.1274;0.0505;0.0501;0.0003;0.0079;-0.0037;0.0003;0.0011;0.0003;0;0;0.088;0;-0.0482;0;0;0;0;0;0;0;0;0;0;0;0;0.0009;0;0.0429;0.0429;0;4.3729;4.3729;0.643;0.0413;40.969;1048.1;1;0.0031;0.0031;0;0;0;0;0;0;0.0398;-0.0482;0;16.202;18.762;-18.186;-21.059;92.7;92.7;0.4035;0.3432;-0.3852;0.0603;0.7283;0.1495;1.8052;0;9.1358;0;0
11/10/21 06:00;13.451;-89.399;55.657;13.452;20.894;-90;-20.894;159.4;65.103;94.3;5.3799;1.73;0;228.7;44.396;46.559;0;1.0482;320.71;0;320.71;228.7;46.559;44.396;1.0482;0.7131;0.1417;0;0.0033;318.72;1.9869;0;0;1.1053;0.8816;310.69;7.7149;5.1487;1.0482;1.4817;0.0363;318.4;0.3187;0.2287;0.0466;0.0433;0.0002;310.76;223.33;45.465;41.766;0.1302;28.261;22.75;8.6861;0.1863;0.3206;4.6112;0.0768;4.7455;0;1;0;0;2.0119;0.9938;1;1;0.9751;0.1589;0.9758;0.9775;1;0.9657;0.7821;0.999;0.999;1;0.999;0.999;0.9688;0.9408;0.1242;0.9631;0.9457;0.0057;0.0142;-0.0236;0.0066;0.0236;0.0009;0;0;0.088;0;0.7936;0;0;0;0;0;0;0;0;0;0;0;0;0.019;0.0023;0.897;0.897;0;17.918;17.918;12.538;0.0404;809.46;1108.2;1;0.0154;0.0154;0;0;0;0;0;0;0.8816;0.7936;0;17.744;20.547;15.699;18.179;98.283;98.283;7.697;7.1692;6.3429;0.5277;0.8264;0.0686;0.1074;0.8241;27.705;0.8153;0
11/10/21 07:00;25.658;-80.343;9.5748;25.979;60;-90;-60;323.9;142.5;181.41;7.9997;1.8399;0;413.11;74.305;98.89;0;16.195;602.5;0;602.5;413.11;98.89;74.305;16.195;0.6857;0.1502;0;0.0269;577.99;24.507;0;0;9.3512;15.156;574.88;2.5323;0.1365;0.0327;2.2943;0.0689;577.41;0.578;0.4131;0.0989;0.065;0.001;577.57;412.56;98.758;62.595;0.9696;79.462;63.967;28.174;12.426;1.4311;20.586;2.6844;9.5908;0;1;0;0;1.8601;0.9593;1;1;0.8742;0.0642;0.9956;0.9997;1;0.9646;0.9337;0.999;0.999;1;0.999;0.999;0.9542;0.8424;0.0599;1.8093;1.783;0.0107;0.0027;0.0398;0.0121;0.0429;0.004;0;0;0.088;0;1.5139;0;0;0;0;0;0;0;0;0;0;0;0;0.0346;0.0073;1.6288;1.6288;0;31.386;31.386;23.387;0.0407;1531.8;1063.4;1;0.0269;0.0269;0;0;0;0;0;0;1.6019;1.5139;0;17.15;19.859;15.94;18.458;98.349;98.349;14.46;13.017;12.099;1.4425;0.9182;0.0998;0.0635;0.8367;64.704;0.8159;0
11/10/21 08:00;37.503;-69.726;15.956;39.287;50.713;-90;-50.713;513;172.2;340.8;10.85;2.12;0;538.21;83.361;110.73;0;18.817;751.12;0;751.12;538.21;110.73;83.361;18.817;0.7165;0.136;0;0.0251;725.31;25.814;0;0;8.2229;17.591;721.68;2.9042;0.2963;0.061;2.4973;0.0496;724.58;0.7253;0.5382;0.1107;0.0751;0.0012;726.13;537.38;110.56;72.566;1.1746;210.21;169.22;66.892;7.706;2.6468;38.073;4.4491;33.014;0;1;0;0;1.4642;0.9656;1;1;0.9014;0.0651;0.996;0.9994;1;0.9667;0.9595;0.999;0.999;1;0.999;0.999;0.9608;0.8705;0.0624;2.2556;2.2673;0.0136;-0.0014;0.1219;0.0149;0.053;0.0072;0;0;0.088;0;1.8826;0;0;0;0;0;0;0;0;0;0;0;0;0.0426;0.0114;2.004;2.004;0;40.411;40.411;29.56;0.041;1946.2;1029.7;1;0.0335;0.0335;0;0;0;0;0;0;1.9706;1.8826;0;16.925;19.599;15.899;18.411;98.329;98.329;18.027;16.016;15.045;2.0106;0.9709;0.1115;0.0539;0.8346;65.559;0.8041;0
11/10/21 09:00;48.421;-55.817;21.892;53.725;36.275;-90;-36.275;378.6;328.2;50.4;12.4;2.5301;0;62.516;281.87;19.951;0;7.3379;371.67;0;371.67;62.516;19.951;281.87;7.3379;0.1682;0.7781;0;0.0197;348.14;23.534;0;0;16.908;6.6267;339.1;8.6947;0.0472;0.0151;8.5413;0.0911;347.79;0.3481;0.0625;0.02;0.265;0.0007;341.46;62.406;19.916;256.16;0.6193;227.32;182.99;73.284;8.2121;2.7928;40.173;2.3601;34.754;0;1;0;0;0.9817;0.9367;1;1;0.94;0.0969;0.975;0.9992;1;0.9677;0.8717;0.999;0.999;1;0.999;0.999;0.9124;0.9088;0.0844;1.1161;1.1131;0.0067;0.0118;0.0046;0.0076;0.0271;0.0079;0;0;0.088;0;0.9177;0;0;0;0;0;0;0;0;0;0;0;0;0.0218;0.0031;1.0226;1.0226;0;26.171;26.171;13.772;0.0406;950.98;1075.3;1;0.0169;0.0169;0;0;0;0;0;0;1.0057;0.9177;0;17.453;20.21;15.663;18.137;98.349;98.349;8.9202;8.1723;7.3341;0.7479;0.8382;0.0838;0.094;0.8222;194.67;0.7606;0
11/10/21 10:00;57.27;-35.818;26.003;69.387;20.613;-90;-20.613;921.99;152.1;769.9;13.98;2.84;0;822.56;49.216;108.18;0;5.9027;985.86;0;985.86;822.56;108.18;49.216;5.9027;0.8344;0.0559;0;0.006;979.7;6.1581;0;0;1.199;4.9591;976.03;2.6886;0.7381;0.0971;1.6473;0.2062;978.72;0.9797;0.8226;0.1082;0.048;0.0009;977.44;821;107.97;46.321;0.7365;519.94;418.55;164.49;0.1977;5.3831;77.433;1.4139;82.619;0;1;0;0;1.0693;0.9938;1;1;0.9756;0.1599;0.9973;0.9991;1;0.9657;0.7813;0.999;0.999;1;0.999;0.999;0.99;0.9412;0.1248;2.9605;3.1072;0.0187;0.0011;0.3196;0.0194;0.0687;0.0138;0;0;0.088;0;2.4556;0;0;0;0;0;0;0;0;0;0;0;0;0.0553;0.0208;2.5898;2.5898;0;54.42;54.42;40.44;0.0414;2670.3;969.85;1;0.0462;0.0462;0;0;0;0;0;0;2.5436;2.4556;0;16.664;19.297;15.801;18.297;98.218;98.218;23.661;20.698;19.625;2.9629;1.0722;0.1252;0.0453;0.8295;30.67;0.7834;0
11/10/21 11:00;61.885;-7.5935;27.847;85.961;4.0386;-90;-4.0386;282.29;276;6.2917;15.14;2.59;0;6.3074;274.23;1.4357;0;0.0701;282.04;0;282.04;6.3074;1.4357;274.23;0.0701;0.0224;0.9725;0;0.0002;281.52;0.5216;0;0;0.463;0.0586;269.18;12.064;0.0061;0.0014;12.054;0.0026;281.24;0.2815;0.0063;0.0014;0.2738;0;269.18;6.295;1.4329;261.44;0.0089;167.22;134.61;49.637;-0.0006;1.9394;27.898;0.0003;29.838;0;1;0;0;0.9991;0.9982;1;1;0.9983;0.1635;0.9571;0.999;1;0.9559;0.777;0.999;0.999;1;0.999;0.999;0.9544;0.9534;0.1269;0.847;0.8695;0.0052;0.0151;0.0034;0.0059;0.021;0.0054;0;0;0.088;0;0.6932;0;0;0;0;0;0;0;0;0;0;0;0;0.0169;0.002;0.7946;0.7946;0;26.088;26.088;10.948;0.0407;742.57;1070;1;0.0134;0.0134;0;0;0;0;0;0;0.7812;0.6932;0;17.872;20.695;15.591;18.054;98.315;98.315;6.769;6.3503;5.54;0.4187;0.8103;0.0619;0.1197;0.8184;162.68;0.762;0
11/10/21 12:00;60.18;23.227;27.192;77.263;12.737;90;12.737;335.1;322.3;12.796;15;2.11;0;13.119;314.92;3.5451;0;0.8247;332.41;0;332.41;13.119;3.5451;314.92;0.8247;0.0395;0.9499;0;0.0025;328.29;4.1196;0;0;3.431;0.6886;315.73;12.226;0.0123;0.0033;12.18;0.0306;327.96;0.3283;0.0131;0.0035;0.3115;0.0001;315.9;13.094;3.5382;299;0.1053;199.62;160.7;59.814;0.2261;2.2935;32.991;0.1627;35.058;0;1;0;0;0.992;0.9876;1;1;0.9891;0.165;0.9627;0.9991;1;0.9609;0.7747;0.999;0.999;1;0.999;0.999;0.9498;0.9494;0.1277;0.9982;1.021;0.0061;0.0131;0.0103;0.0069;0.0246;0.0064;0;0;0.088;0;0.8276;0;0;0;0;0;0;0;0;0;0;0;0;0.0198;0.0026;0.931;0.931;0;27.846;27.846;12.847;0.0407;872.73;1066.7;1;0.0154;0.0154;0;0;0;0;0;0;0.9156;0.8276;0;17.767;20.574;15.794;18.289;98.349;98.349;7.9778;7.4404;6.6143;0.5374;0.8262;0.0674;0.1036;0.8291;190.21;0.7717;0
11/10/21 13:00;53.032;47.186;24.123;61.096;28.904;90;28.904;707.09;267;440.09;16.1;1.7501;0;502.72;150.06;122.2;0;8.8085;783.78;0;783.78;502.72;122.2;150.06;8.8085;0.6414;0.2027;0;0.0112;769.78;13.998;0;0;6.297;7.7012;763.6;5.4194;0.4185;0.1017;4.6949;0.2043;769.01;0.7698;0.5027;0.1222;0.1438;0.0011;765.96;501.79;121.98;138.92;0.9019;388.84;313.01;123.36;1.999;4.1236;59.316;2.3627;61.44;0;1;0;0;1.1085;0.9821;1;1;0.958;0.1257;0.993;0.9992;1;0.9673;0.8154;0.999;0.999;1;0.999;0.999;0.9742;0.9258;0.1024;2.3537;2.432;0.0146;-0.002;0.1922;0.0156;0.0553;0.0109;0;0;0.088;0;1.9654;0;0;0;0;0;0;0;0;0;0;0;0;0.0445;0.0131;2.0879;2.0879;0;47.561;47.561;31.461;0.0412;2090.4;998.81;1;0.0345;0.0345;0;0;0;0;0;0;2.0534;1.9654;0;16.899;19.568;15.907;18.42;98.349;98.349;18.811;16.686;15.708;2.1244;0.9787;0.1129;0.052;0.835;98.171;0.7903;0
11/10/21 14:00;42.909;63.608;19;46.06;43.94;90;43.94;220.19;215.6;4.5909;16.41;1.8201;0;6.3756;184.52;1.4686;0;6.164;198.52;0;198.52;6.3756;1.4686;184.52;6.164;0.0321;0.9605;0;0.031;178;20.524;0;0;14.804;5.7207;172.27;5.5486;0.0042;0.001;5.5139;0.0296;177.82;0.178;0.0064;0.0015;0.1697;0.0004;174.51;6.3651;1.4662;164.03;0.4132;138.44;111.44;46.08;10.381;1.9562;28.139;2.2344;19.714;0;1;0;0;0.9016;0.8966;1;1;0.9198;0.0719;0.9688;0.9993;1;0.9675;0.9331;0.999;0.999;1;0.999;0.999;0.8678;0.889;0.067;0.5962;0.5849;0.0035;0.0178;-0.0033;0.004;0.0141;0.0055;0;0;0.088;0;0.4334;0;0;0;0;0;0;0;0;0;0;0;0;0.0113;0.001;0.5311;0.5311;0;23.426;23.426;7.0165;0.0407;498.37;1065.7;1;0.0097;0.0097;0;0;0;0;0;0;0.5214;0.4334;0;16.971;19.652;13.848;16.036;98.167;98.167;4.7646;4.2447;3.4636;0.5199;0.7811;0.1091;0.1639;0.7269;136.01;0.6572;0
11/10/21 15:00;31.414;75.529;12.314;32.242;57.758;90;57.758;404.8;242.8;161.99;16.2;1.9999;0;303.65;144.08;102.89;0;18.884;569.5;0;569.5;303.65;102.89;144.08;18.884;0.5332;0.2862;0;0.0332;534.58;34.926;0;0;17.194;17.732;529.4;4.6396;0.129;0.0437;4.4037;0.0631;534.04;0.5346;0.3036;0.1029;0.1269;0.0012;534.62;303.22;102.74;122.36;1.0882;172.29;138.7;58.236;21.034;2.9044;41.778;5.2191;23.649;0;1;0;0;1.4069;0.9387;1;1;0.8807;0.061;0.9913;0.9996;1;0.9653;0.9452;0.999;0.999;1;0.999;0.999;0.9296;0.8492;0.0576;1.7102;1.6983;0.0102;0.0037;0.0768;0.0113;0.0399;0.0079;0;0;0.088;0;1.3976;0;0;0;0;0;0;0;0;0;0;0;0;0.0321;0.0067;1.5097;1.5097;0;37.86;37.86;21.66;0.0409;1458.3;1035.3;1;0.0241;0.0241;0;0;0;0;0;0;1.4856;1.3976;0;16.816;19.473;15.568;18.027;98.405;98.405;13.668;12.066;11.17;1.6025;0.8957;0.1172;0.0655;0.8172;122.21;0.7747;0
11/10/21 16:00;19.33;85.171;36.605;19.393;34.247;90;34.247;98.005;96.4;1.6051;17.04;1.6601;0;3.8927;87.732;0.8247;0;1.6993;94.149;0;94.149;3.8927;0.8247;87.732;1.6993;0.0413;0.9499;0;0.018;87.808;6.3412;0;0;4.817;1.5242;84.996;2.7241;0.0191;0.004;2.6752;0.0258;87.72;0.0878;0.0039;0.0008;0.0829;0.0002;85.536;3.8698;0.8198;80.157;0.1491;59.649;48.018;19.073;2.0978;0.7393;10.635;0.5402;9.2763;0;1;0;0;0.9607;0.9326;1;1;0.9451;0.103;0.9689;0.9951;1;0.9677;0.8524;0.999;0.999;1;0.999;0.999;0.9028;0.9137;0.0877;0.2827;0.28;0.0017;0.0168;-0.0046;0.0019;0.0066;0.002;0;0;0.088;0;0.1553;0;0;0;0;0;0;0;0;0;0;0;0;0.0053;0.0003;0.25;0.25;0;20.517;20.517;3.4769;0.0409;237.89;1051;1;0.0067;0.0067;0;0;0;0;0;0;0.2433;0.1553;0;16.847;19.508;10.464;12.117;97.309;97.309;2.2596;1.9983;1.2412;0.2613;0.7571;0.1156;0.335;0.5493;59.64;0.5065;0
11/10/21 17:00;7.0739;93.86;72.622;7.0898;10.328;90;10.328;28.892;28.596;0.2952;14.5;1.4201;0;0.7159;28.315;0.1209;0;0.0468;29.199;0;29.199;0.7159;0.1209;28.315;0.0468;0.0245;0.9713;0;0.0016;28.943;0.2561;0;0;0.217;0.0391;27.651;1.2628;0.1023;0.0173;1.1415;0.0017;28.914;0.0289;0.0007;0.0001;0.0281;0;27.659;0.6129;0.1035;26.929;0.006;16.989;13.676;5.0604;0.0093;0.1965;2.8265;0.0079;3.0137;0;1;0;0;1.0106;0.9912;1;1;0.9923;0.1651;0.9563;0.8569;1;0.9593;0.7747;0.999;0.999;1;0.999;0.999;0.947;0.951;0.1278;0.0877;0.0893;0.0005;0.0106;-0.0031;0.0006;0.002;0.0005;0;0;0.088;0;-0.0155;0;0;0;0;0;0;0;0;0;0;0;0;0.0016;0.0001;0.0764;0.0764;0;15.642;15.642;1.1421;0.0413;74.584;1024.1;1;0.0039;0.0039;0;0;0;0;0;0;0.0725;-0.0155;0;16.594;19.216;-3.3783;-3.912;94.853;94.853;0.7008;0.6104;-0.1243;0.0903;0.7347;0.1289;1.0484;0;16.987;0;0
11/10/21 18:00;0.5703;98.422;88.617;0.5765;0.8218;90;0.8218;0;0;0;13.02;1.78;0;0;0;0;0;0;0;0;0;0;0;0;0;1;1;1;1;0;0;0;0;0;0;0;0;0;0;0;0;0;0;0;0;0;0;0;0;0;0;0;0;0;0;0;0;0;0;0;0;0;0;0;1;1;1;1;1;1;1;1;1;1;1;1;1;1;1;1;1;1;1;0;0;0;0;0;0;0;0;0;0.0004;0.088;0;-0.0884;0;0;0;0;0;0;0;0;0;0;0;0;0;0;0;0;0;0;0;-13.02;0;0;0;0;0.0004;0;0;0;0;0;0;0;-0.0004;-0.0884;0;0;0;0;0;0;0;0;0;-0.7063;0;0.7063;1;1;0;0;0;0
11/10/21 19:00;0;0;90;0;0;90;0;0;0;0;9.31;3.1801;0;0;0;0;0;0;0;0;0;0;0;0;0;1;1;1;1;0;0;0;0;0;0;0;0;0;0;0;0;0;0;0;0;0;0;0;0;0;0;0;0;0;0;0;0;0;0;0;0;0;0;0;1;1;1;1;1;1;1;1;1;1;1;1;1;1;1;1;1;1;1;0;0;0;0;0;0;0;0;0;0.0004;0.088;0;-0.0884;0;0;0;0;0;0;0;0;0;0;0;0;0;0;0;0;0;0;0;-9.31;0;0;0;0;0.0004;0;0;0;0;0;0;0;-0.0004;-0.0884;0;0;0;0;0;0;0;0;0;-0.7063;0;0.7063;1;1;0;0;0;0
11/10/21 20:00;0;0;90;0;0;90;0;0;0;0;8.4903;4.73;0;0;0;0;0;0;0;0;0;0;0;0;0;1;1;1;1;0;0;0;0;0;0;0;0;0;0;0;0;0;0;0;0;0;0;0;0;0;0;0;0;0;0;0;0;0;0;0;0;0;0;0;1;1;1;1;1;1;1;1;1;1;1;1;1;1;1;1;1;1;1;0;0;0;0;0;0;0;0;0;0.0004;0.088;0;-0.0884;0;0;0;0;0;0;0;0;0;0;0;0;0;0;0;0;0;0;0;-8.4903;0;0;0;0;0.0004;0;0;0;0;0;0;0;-0.0004;-0.0884;0;0;0;0;0;0;0;0;0;-0.7063;0;0.7063;1;1;0;0;0;0
11/10/21 21:00;0;0;90;0;0;90;0;0;0;0;12.32;5.68;0;0;0;0;0;0;0;0;0;0;0;0;0;1;1;1;1;0;0;0;0;0;0;0;0;0;0;0;0;0;0;0;0;0;0;0;0;0;0;0;0;0;0;0;0;0;0;0;0;0;0;0;1;1;1;1;1;1;1;1;1;1;1;1;1;1;1;1;1;1;1;0;0;0;0;0;0;0;0;0;0.0004;0.088;0;-0.0884;0;0;0;0;0;0;0;0;0;0;0;0;0;0;0;0;0;0;0;-12.32;0;0;0;0;0.0004;0;0;0;0;0;0;0;-0.0004;-0.0884;0;0;0;0;0;0;0;0;0;-0.7063;0;0.7063;1;1;0;0;0;0
11/10/21 22:00;0;0;90;0;0;90;0;0;0;0;11.88;5.4299;0;0;0;0;0;0;0;0;0;0;0;0;0;1;1;1;1;0;0;0;0;0;0;0;0;0;0;0;0;0;0;0;0;0;0;0;0;0;0;0;0;0;0;0;0;0;0;0;0;0;0;0;1;1;1;1;1;1;1;1;1;1;1;1;1;1;1;1;1;1;1;0;0;0;0;0;0;0;0;0;0.0004;0.088;0;-0.0884;0;0;0;0;0;0;0;0;0;0;0;0;0;0;0;0;0;0;0;-11.88;0;0;0;0;0.0004;0;0;0;0;0;0;0;-0.0004;-0.0884;0;0;0;0;0;0;0;0;0;-0.7063;0;0.7063;1;1;0;0;0;0
11/10/21 23:00;0;0;90;0;0;90;0;0;0;0;10.74;5.36;0;0;0;0;0;0;0;0;0;0;0;0;0;1;1;1;1;0;0;0;0;0;0;0;0;0;0;0;0;0;0;0;0;0;0;0;0;0;0;0;0;0;0;0;0;0;0;0;0;0;0;0;1;1;1;1;1;1;1;1;1;1;1;1;1;1;1;1;1;1;1;0;0;0;0;0;0;0;0;0;0.0004;0.088;0;-0.0884;0;0;0;0;0;0;0;0;0;0;0;0;0;0;0;0;0;0;0;-10.74;0;0;0;0;0.0004;0;0;0;0;0;0;0;-0.0004;-0.0884;0;0;0;0;0;0;0;0;0;-0.7063;0;0.7063;1;1;0;0;0;0
12/10/21 00:00;0;0;90;0;0;90;0;0;0;0;10.37;5.3201;0;0;0;0;0;0;0;0;0;0;0;0;0;1;1;1;1;0;0;0;0;0;0;0;0;0;0;0;0;0;0;0;0;0;0;0;0;0;0;0;0;0;0;0;0;0;0;0;0;0;0;0;1;1;1;1;1;1;1;1;1;1;1;1;1;1;1;1;1;1;1;0;0;0;0;0;0;0;0;0;0.0004;0.088;0;-0.0884;0;0;0;0;0;0;0;0;0;0;0;0;0;0;0;0;0;0;0;-10.37;0;0;0;0;0.0004;0;0;0;0;0;0;0;-0.0004;-0.0884;0;0;0;0;0;0;0;0;0;-0.7063;0;0.7063;1;1;0;0;0;0
12/10/21 01:00;0;0;90;0;0;90;0;0;0;0;10.39;5.0999;0;0;0;0;0;0;0;0;0;0;0;0;0;1;1;1;1;0;0;0;0;0;0;0;0;0;0;0;0;0;0;0;0;0;0;0;0;0;0;0;0;0;0;0;0;0;0;0;0;0;0;0;1;1;1;1;1;1;1;1;1;1;1;1;1;1;1;1;1;1;1;0;0;0;0;0;0;0;0;0;0.0004;0.088;0;-0.0884;0;0;0;0;0;0;0;0;0;0;0;0;0;0;0;0;0;0;0;-10.39;0;0;0;0;0.0004;0;0;0;0;0;0;0;-0.0004;-0.0884;0;0;0;0;0;0;0;0;0;-0.7063;0;0.7063;1;1;0;0;0;0
12/10/21 02:00;0;0;90;0;0;90;0;0;0;0;9.9402;5.13;0;0;0;0;0;0;0;0;0;0;0;0;0;1;1;1;1;0;0;0;0;0;0;0;0;0;0;0;0;0;0;0;0;0;0;0;0;0;0;0;0;0;0;0;0;0;0;0;0;0;0;0;1;1;1;1;1;1;1;1;1;1;1;1;1;1;1;1;1;1;1;0;0;0;0;0;0;0;0;0;0.0004;0.088;0;-0.0884;0;0;0;0;0;0;0;0;0;0;0;0;0;0;0;0;0;0;0;-9.9402;0;0;0;0;0.0004;0;0;0;0;0;0;0;-0.0004;-0.0884;0;0;0;0;0;0;0;0;0;-0.7063;0;0.7063;1;1;0;0;0;0
12/10/21 03:00;0;0;90;0;0;90;0;0;0;0;9.8298;5.04;0;0;0;0;0;0;0;0;0;0;0;0;0;1;1;1;1;0;0;0;0;0;0;0;0;0;0;0;0;0;0;0;0;0;0;0;0;0;0;0;0;0;0;0;0;0;0;0;0;0;0;0;1;1;1;1;1;1;1;1;1;1;1;1;1;1;1;1;1;1;1;0;0;0;0;0;0;0;0;0;0.0004;0.088;0;-0.0884;0;0;0;0;0;0;0;0;0;0;0;0;0;0;0;0;0;0;0;-9.8298;0;0;0;0;0.0004;0;0;0;0;0;0;0;-0.0004;-0.0884;0;0;0;0;0;0;0;0;0;-0.7063;0;0.7063;1;1;0;0;0;0
12/10/21 04:00;0;0;90;0;0;90;0;0;0;0;8.1998;4.99;0;0;0;0;0;0;0;0;0;0;0;0;0;1;1;1;1;0;0;0;0;0;0;0;0;0;0;0;0;0;0;0;0;0;0;0;0;0;0;0;0;0;0;0;0;0;0;0;0;0;0;0;1;1;1;1;1;1;1;1;1;1;1;1;1;1;1;1;1;1;1;0;0;0;0;0;0;0;0;0;0.0004;0.088;0;-0.0884;0;0;0;0;0;0;0;0;0;0;0;0;0;0;0;0;0;0;0;-8.1998;0;0;0;0;0.0004;0;0;0;0;0;0;0;-0.0004;-0.0884;0;0;0;0;0;0;0;0;0;-0.7063;0;0.7063;1;1;0;0;0;0
12/10/21 05:00;3.922;-96.52;80.451;3.9474;5.6636;-90;-5.6636;9.1031;9.0001;0.103;9.7201;5.5799;0;0.2499;8.9683;0.0239;0;0.0044;9.2465;0;9.2465;0.2499;0.0239;8.9683;0.0044;0.027;0.9704;0;0.0005;9.2172;0.0294;0;0;0.0256;0.0037;8.7287;0.4793;0.0842;0.0081;0.3869;0.0002;9.208;0.0092;0.0002;0;0.0089;0;8.729;0.1654;0.0158;8.5468;0.0006;5.3314;4.2918;1.5815;0.0002;0.0619;0.8906;0.0003;0.9523;0;1;0;0;1.0158;0.9968;1;1;0.9971;0.1645;0.9479;0.6628;1;0.9567;0.7763;0.999;0.999;1;0.999;0.999;0.944;0.953;0.1276;0.0278;0.0282;0.0002;0.0058;-0.0014;0.0002;0.0006;0.0001;0;0;0.088;0;-0.0682;0;0;0;0;0;0;0;0;0;0;0;0;0.0005;0;0.0223;0.0223;0;10.087;10.087;0.3666;0.042;22.363;995.06;1;0.0025;0.0025;0;0;0;0;0;0;0.0198;-0.0682;0;15.267;17.679;-46.81;-54.205;88.842;88.842;0.2219;0.1778;-0.5453;0.0441;0.7231;0.1986;3.2586;0;5.3308;0;0
12/10/21 06:00;13.716;-89.68;54.897;13.716;21.388;-90;-21.388;108.3;89.801;18.498;10.61;6.25;0;44.864;81.791;12.353;0;0.7458;139.75;0;139.75;44.864;12.353;81.791;0.7458;0.321;0.5906;0;0.0053;137.01;2.7427;0;0;2.1142;0.6285;132.95;3.9229;0.9261;0.255;2.7165;0.0254;136.87;0.137;0.0449;0.0124;0.0797;0.0001;133.1;43.893;12.085;76.881;0.0918;51.287;41.286;15.634;0.3735;0.5924;8.5218;0.1504;8.7407;0;1;0;0;1.2904;0.9804;1;1;0.9742;0.1573;0.9713;0.9793;1;0.9659;0.7837;0.999;0.999;1;0.999;0.999;0.9513;0.94;0.1231;0.4197;0.4189;0.0025;0.018;-0.0136;0.0029;0.0102;0.0017;0;0;0.088;0;0.2919;0;0;0;0;0;0;0;0;0;0;0;0;0.0082;0.0006;0.3883;0.3883;0;16.004;16.004;5.3935;0.0406;357.12;1087.4;1;0.0084;0.0084;0;0;0;0;0;0;0.3799;0.2919;0;17.627;20.412;13.249;15.342;97.826;97.826;3.3541;3.1035;2.3328;0.2505;0.7708;0.0747;0.2298;0.6955;51.171;0.6651;0
12/10/21 07:00;25.929;-80.641;9.2096;26.232;60;-90;-60;182.1;167.8;14.299;11.66;7.0199;0;32.281;122.86;9.0063;0;9.1051;173.25;0;173.25;32.281;9.0063;122.86;9.1051;0.1863;0.7617;0;0.0526;149.27;23.982;0;0;15.462;8.5206;145.28;3.8453;0.0103;0.0029;3.7934;0.0387;149.12;0.1493;0.0323;0.009;0.1074;0.0006;148.76;32.239;8.9944;103.5;0.5451;108.33;87.209;38.793;20.542;2.1603;31.076;3.4865;12.694;0;1;0;0;0.9514;0.8616;1;1;0.8742;0.0642;0.9742;0.9997;1;0.9646;0.9337;0.999;0.999;1;0.999;0.999;0.8385;0.8424;0.0599;0.5203;0.5136;0.0031;0.018;-0.0137;0.0035;0.0126;0.0061;0;0;0.088;0;0.3757;0;0;0;0;0;0;0;0;0;0;0;0;0.0101;0.0008;0.473;0.473;0;17.556;17.556;5.8964;0.0406;436.51;1083.6;1;0.0093;0.0093;0;0;0;0;0;0;0.4637;0.3757;0;17.32;20.056;13.757;15.931;98.034;98.034;4.1581;3.7804;3.0028;0.3776;0.7776;0.0908;0.187;0.7222;106.99;0.6367;0
12/10/21 08:00;37.79;-70.042;15.649;39.521;50.479;-90;-50.479;258.7;240.4;18.295;13.6;7.06;0;28.75;192.42;8.1997;0;9.4072;238.78;0;238.78;28.75;8.1997;192.42;9.4072;0.1204;0.8453;0;0.0394;211.13;27.647;0;0;18.854;8.7927;205.11;5.8074;0.0155;0.0044;5.7624;0.0251;210.92;0.2111;0.0287;0.0082;0.1736;0.0006;208.63;28.705;8.1871;167.63;0.5888;159.32;128.26;54.24;17.495;2.5334;36.443;3.5168;21.481;0;1;0;0;0.923;0.8842;1;1;0.902;0.0653;0.9725;0.9995;1;0.9668;0.9591;0.999;0.999;1;0.999;0.999;0.859;0.8712;0.0626;0.7171;0.7052;0.0042;0.0169;-0.0077;0.0048;0.0172;0.0071;0;0;0.088;0;0.548;0;0;0;0;0;0;0;0;0;0;0;0;0.0138;0.0014;0.6474;0.6474;0;21.931;21.931;8.3311;0.0406;600.77;1077.7;1;0.0114;0.0114;0;0;0;0;0;0;0.636;0.548;0;17.2;19.917;14.559;16.86;98.239;98.239;5.7307;5.1743;4.3799;0.5565;0.7944;0.0971;0.1386;0.7643;150.97;0.6859;0
12/10/21 09:00;48.739;-56.134;21.562;53.928;36.072;-90;-36.072;794.61;130.8;663.81;15.71;6.5499;0;821.27;42.339;103.89;0;15.235;982.73;0;982.73;821.27;103.89;42.339;15.235;0.8357;0.0586;0;0.0155;966.47;16.263;0;0;2.5175;13.746;963.34;2.1656;0.611;0.0773;1.2837;0.1936;965.5;0.9665;0.8213;0.1039;0.0398;0.0015;967.46;819.84;103.71;38.498;1.294;397.38;319.89;127.76;1.2136;4.0502;58.261;4.129;61.097;0;1;0;0;1.2367;0.9835;1;1;0.9405;0.0977;0.9978;0.9993;1;0.9677;0.8699;0.999;0.999;1;0.999;0.999;0.9803;0.9093;0.0849;2.9511;3.0367;0.0183;0.0003;0.3261;0.0188;0.0668;0.0103;0;0;0.088;0;2.3899;0;0;0;0;0;0;0;0;0;0;0;0;0.0538;0.02;2.5223;2.5223;0;55.665;55.665;39.955;0.0415;2611.9;965.72;1;0.0444;0.0444;0;0;0;0;0;0;2.4779;2.3899;0;16.282;18.854;15.427;17.864;98.24;98.24;23.586;20.158;19.1;3.4271;1.0581;0.1453;0.0449;0.8098;29.194;0.7754;0
12/10/21 10:00;57.629;-36.052;25.649;69.541;20.459;-90;-20.459;837.1;167;670.1;16.73;6.08;0;715.21;68.446;102.81;0;5.2801;891.75;0;891.75;715.21;102.81;68.446;5.2801;0.802;0.0827;0;0.0059;885.66;6.0809;0;0;1.6475;4.4334;881.57;3.2039;0.633;0.091;2.2945;0.1854;884.78;0.8857;0.7152;0.1028;0.0668;0.0008;882.84;713.86;102.61;64.437;0.6605;473.41;381.09;149.53;0.2667;4.9223;70.805;1.2647;75.46;0;1;0;0;1.0653;0.9932;1;1;0.9759;0.1604;0.9964;0.9991;1;0.9656;0.7808;0.999;0.999;1;0.999;0.999;0.9886;0.9414;0.1251;2.6779;2.8083;0.0169;-0.0015;0.2777;0.0176;0.0624;0.0127;0;0;0.088;0;2.2265;0;0;0;0;0;0;0;0;0;0;0;0;0.0503;0.0172;2.355;2.355;0;53.219;53.219;36.489;0.0414;2415.1;975.12;1;0.0405;0.0405;0;0;0;0;0;0;2.3145;2.2265;0;16.753;19.4;15.839;18.341;98.28;98.28;21.402;18.821;17.794;2.5805;1.0271;0.1206;0.048;0.8314;42.621;0.7848;0
12/10/21 11:00;62.265;-7.5451;27.475;86.051;3.9494;-90;-3.9494;1002.6;165.4;837.19;17.81;5.8199;0;839.19;51.604;114.01;0;0.2381;1005;0;1005;839.19;114.01;51.604;0.2381;0.835;0.0516;0;0.0002;1004.8;0.2834;0;0;0.0842;0.1992;1000.6;3.1827;0.7956;0.1081;2.2704;0.0087;1003.7;1.0048;0.8392;0.114;0.0515;0;1000.6;837.55;113.78;49.198;0.0302;590.44;475.31;184.41;-0.0001;6.2533;89.951;0.0115;96.205;0;1;0;0;1.0024;0.9997;1;1;0.9984;0.1635;0.9968;0.9991;1;0.9559;0.777;0.999;0.999;1;0.999;0.999;0.9956;0.9534;0.1269;3.0181;3.2033;0.0193;0.0024;0.3866;0.0196;0.0694;0.0157;0;0;0.088;0;2.4783;0;0;0;0;0;0;0;0;0;0;0;0;0.0559;0.022;2.6125;2.6125;0;59.44;59.44;41.631;0.0416;2750.3;949.89;1;0.0462;0.0462;0;0;0;0;0;0;2.5663;2.4783;0;16.49;19.095;15.643;18.114;98.233;98.233;24.121;20.879;19.807;3.2418;1.0722;0.1344;0.0445;0.8211;30.609;0.7696;0
12/10/21 12:00;60.514;23.598;26.812;77.245;12.755;90;12.755;957.7;157.6;800.11;17.9;5.6401;0;820.35;51.642;107.97;0;2.3632;982.33;0;982.33;820.35;107.97;51.642;2.3632;0.8351;0.055;0;0.0024;979.79;2.5372;0;0;0.5639;1.9733;975.87;2.9434;0.759;0.0999;1.9968;0.0877;978.81;0.9798;0.8203;0.108;0.0511;0.0004;976.35;818.77;107.77;49.03;0.3017;555.72;447.35;175.18;0.0378;5.7828;83.183;0.4867;88.928;0;1;0;0;1.0257;0.9974;1;1;0.9891;0.165;0.997;0.9991;1;0.9609;0.7747;0.999;0.999;1;0.999;0.999;0.9934;0.9494;0.1277;2.9499;3.116;0.0188;0.0012;0.3656;0.0191;0.0678;0.0146;0;0;0.088;0;2.4207;0;0;0;0;0;0;0;0;0;0;0;0;0.0546;0.0209;2.5536;2.5536;0;58.47;58.47;40.569;0.0416;2676.9;953.91;1;0.0448;0.0448;0;0;0;0;0;0;2.5087;2.4207;0;16.49;19.095;15.633;18.102;98.244;98.244;23.576;20.408;19.347;3.1677;1.0616;0.1344;0.045;0.8206;31.193;0.7717;0
12/10/21 13:00;53.292;47.651;23.745;61.144;28.856;90;28.856;902.5;149;753.5;18.15;5.4101;0;860.33;44.259;116.24;0;11.206;1032;0;1032;860.33;116.24;44.259;11.206;0.8336;0.0537;0;0.0109;1020.4;11.647;0;0;1.8524;9.7951;1016.9;2.446;0.7049;0.0952;1.3852;0.2607;1019.4;1.0204;0.8603;0.1162;0.0424;0.0014;1019.8;858.76;116.03;40.979;1.1489;483.57;389.27;153.96;0.5884;4.9692;71.48;2.9253;75.861;0;1;0;0;1.1435;0.9887;1;1;0.9581;0.1259;0.9976;0.9992;1;0.9673;0.8151;0.999;0.999;1;0.999;0.999;0.9854;0.9259;0.1025;3.0992;3.2224;0.0194;0.0027;0.401;0.0196;0.0695;0.0124;0;0;0.088;0;2.4853;0;0;0;0;0;0;0;0;0;0;0;0;0.056;0.0223;2.6195;2.6195;0;60.499;60.499;42.349;0.0416;2767.9;946.37;1;0.0462;0.0462;0;0;0;0;0;0;2.5733;2.4853;0;16.101;18.645;15.276;17.69;98.235;98.235;24.769;20.935;19.862;3.8337;1.0728;0.1548;0.0433;0.8019;28.946;0.7624;0
12/10/21 14:00;43.114;64.047;18.631;46.158;43.842;90;43.842;767.4;127;640.4;18.22;5.14;0;887.9;34.845;119.95;0;21.391;1064.1;0;1064.1;887.9;119.95;34.845;21.391;0.8344;0.0528;0;0.0201;1041.4;22.635;0;0;2.7865;19.849;1038.6;1.7932;0.5708;0.0771;1.0414;0.1039;1040.4;1.0414;0.8879;0.1199;0.0321;0.0015;1043.9;886.44;119.75;30.985;1.4368;339.05;272.94;107.45;1.9505;3.6165;52.022;5.2416;53.688;0;1;0;0;1.3866;0.9787;1;1;0.92;0.0721;0.9983;0.9994;1;0.9675;0.9326;0.999;0.999;1;0.999;0.999;0.9761;0.8892;0.0672;3.1954;3.2536;0.0196;0.0031;0.4166;0.0197;0.0699;0.009;0;0;0.088;0;2.5022;0;0;0;0;0;0;0;0;0;0;0;0;0.0563;0.0228;2.6367;2.6367;0;61.51;61.51;43.29;0.0417;2797.4;942.55;1;0.0465;0.0465;0;0;0;0;0;0;2.5902;2.5022;0;15.719;18.202;14.917;17.273;98.235;98.235;25.538;21.073;19.997;4.4654;1.0753;0.1749;0.0421;0.783;25.662;0.7554;0
12/10/21 15:00;31.589;75.925;11.955;32.373;57.627;90;57.627;240.3;225.9;14.395;16.93;4.8599;0;26.885;169.96;8.429;0;11.163;216.44;0;216.44;26.885;8.429;169.96;11.163;0.1242;0.8368;0;0.0516;185.74;30.699;0;0;20.216;10.483;180.31;5.2434;0.0111;0.0035;5.192;0.0368;185.55;0.1857;0.0269;0.0084;0.1497;0.0007;184.7;26.847;8.4171;144.4;0.6434;148.37;119.44;52.291;24.609;2.7841;40.048;4.3864;18.223;0;1;0;0;0.9007;0.8582;1;1;0.8811;0.061;0.9717;0.9996;1;0.9653;0.9458;0.999;0.999;1;0.999;0.999;0.8331;0.8496;0.0576;0.65;0.6407;0.0039;0.0174;-0.0017;0.0043;0.0154;0.0078;0;0;0.088;0;0.4817;0;0;0;0;0;0;0;0;0;0;0;0;0.0124;0.0012;0.58;0.58;0;24.276;24.276;7.3462;0.0407;545.23;1063.8;1;0.0103;0.0103;0;0;0;0;0;0;0.5697;0.4817;0;16.999;19.685;14.118;16.349;98.224;98.224;5.1945;4.6354;3.8498;0.5591;0.7856;0.1076;0.1512;0.7411;143.95;0.6509;0
12/10/21 16:00;19.491;85.537;35.981;19.546;34.687;90;34.687;157.1;148.6;8.4995;16.24;4.25;0;20.614;132.89;6.6742;0;2.792;162.97;0;162.97;20.614;6.6742;132.89;2.792;0.1265;0.8326;0;0.0171;153.01;9.9534;0;0;7.4439;2.5095;148.65;4.2101;0.0934;0.0302;4.0458;0.0406;152.86;0.153;0.0206;0.0067;0.1254;0.0003;149.49;20.5;6.6373;121.27;0.2416;90.695;73.01;29.061;3.3199;1.1286;16.235;0.8457;14.044;0;1;0;0;1.0374;0.9389;1;1;0.944;0.1012;0.9725;0.9955;1;0.9677;0.856;0.999;0.999;1;0.999;0.999;0.9122;0.9126;0.0865;0.4894;0.4845;0.0029;0.0181;-0.0047;0.0033;0.0116;0.0031;0;0;0.088;0;0.3433;0;0;0;0;0;0;0;0;0;0;0;0;0.0094;0.0007;0.4401;0.4401;0;22.297;22.297;6.0564;0.0407;413.15;1065.2;1;0.0088;0.0088;0;0;0;0;0;0;0.4313;0.3433;0;17.131;19.837;13.364;15.476;98.007;98.007;3.9112;3.5172;2.7438;0.394;0.7734;0.1007;0.1977;0.7015;90.64;0.6528;0
12/10/21 17:00;7.2348;94.208;72.216;7.2541;10.579;90;10.579;65.695;63.1;2.5945;15.35;3.2799;0;6.2923;61.627;2.292;0;0.1117;70.323;0;70.323;6.2923;2.292;61.627;0.1117;0.0895;0.8779;0;0.0016;69.738;0.5849;0;0;0.4917;0.0932;66.016;3.6525;0.8607;0.3135;2.4741;0.0041;69.668;0.0697;0.0063;0.0023;0.0611;0;66.034;5.4253;1.9762;58.6;0.0143;37.013;29.795;11.031;0.0222;0.4278;6.1544;0.0184;6.56;0;1;0;0;1.0705;0.9917;1;1;0.992;0.1651;0.9476;0.8631;1;0.9595;0.7747;0.999;0.999;1;0.999;0.999;0.9388;0.9509;0.1278;0.2112;0.2119;0.0013;0.0154;-0.0054;0.0014;0.005;0.0012;0;0;0.088;0;0.0945;0;0;0;0;0;0;0;0;0;0;0;0;0.004;0.0002;0.1888;0.1888;0;18.052;18.052;2.7023;0.0409;179.62;1051.1;1;0.0063;0.0063;0;0;0;0;0;0;0.1825;0.0945;0;17.031;19.721;8.5249;9.8717;96.668;96.668;1.6878;1.5088;0.7553;0.1789;0.7536;0.106;0.4465;0.4475;36.995;0.42;0
12/10/21 18:00;0.5335;98.908;88.706;0.54;0.7698;90;0.7698;0;0;0;13.24;3.94;0;0;0;0;0;0;0;0;0;0;0;0;0;1;1;1;1;0;0;0;0;0;0;0;0;0;0;0;0;0;0;0;0;0;0;0;0;0;0;0;0;0;0;0;0;0;0;0;0;0;0;0;1;1;1;1;1;1;1;1;1;1;1;1;1;1;1;1;1;1;1;0;0;0;0;0;0;0;0;0;0.0004;0.088;0;-0.0884;0;0;0;0;0;0;0;0;0;0;0;0;0;0;0;0;0;0;0;-13.24;0;0;0;0;0.0004;0;0;0;0;0;0;0;-0.0004;-0.0884;0;0;0;0;0;0;0;0;0;-0.7063;0;0.7063;1;1;0;0;0;0
12/10/21 19:00;0;0;90;0;0;90;0;0;0;0;12.35;4.65;0;0;0;0;0;0;0;0;0;0;0;0;0;1;1;1;1;0;0;0;0;0;0;0;0;0;0;0;0;0;0;0;0;0;0;0;0;0;0;0;0;0;0;0;0;0;0;0;0;0;0;0;1;1;1;1;1;1;1;1;1;1;1;1;1;1;1;1;1;1;1;0;0;0;0;0;0;0;0;0;0.0004;0.088;0;-0.0884;0;0;0;0;0;0;0;0;0;0;0;0;0;0;0;0;0;0;0;-12.35;0;0;0;0;0.0004;0;0;0;0;0;0;0;-0.0004;-0.0884;0;0;0;0;0;0;0;0;0;-0.7063;0;0.7063;1;1;0;0;0;0
12/10/21 20:00;0;0;90;0;0;90;0;0;0;0;13.3;5.2501;0;0;0;0;0;0;0;0;0;0;0;0;0;1;1;1;1;0;0;0;0;0;0;0;0;0;0;0;0;0;0;0;0;0;0;0;0;0;0;0;0;0;0;0;0;0;0;0;0;0;0;0;1;1;1;1;1;1;1;1;1;1;1;1;1;1;1;1;1;1;1;0;0;0;0;0;0;0;0;0;0.0004;0.088;0;-0.0884;0;0;0;0;0;0;0;0;0;0;0;0;0;0;0;0;0;0;0;-13.3;0;0;0;0;0.0004;0;0;0;0;0;0;0;-0.0004;-0.0884;0;0;0;0;0;0;0;0;0;-0.7063;0;0.7063;1;1;0;0;0;0
12/10/21 21:00;0;0;90;0;0;90;0;0;0;0;13.61;5.61;0;0;0;0;0;0;0;0;0;0;0;0;0;1;1;1;1;0;0;0;0;0;0;0;0;0;0;0;0;0;0;0;0;0;0;0;0;0;0;0;0;0;0;0;0;0;0;0;0;0;0;0;1;1;1;1;1;1;1;1;1;1;1;1;1;1;1;1;1;1;1;0;0;0;0;0;0;0;0;0;0.0004;0.088;0;-0.0884;0;0;0;0;0;0;0;0;0;0;0;0;0;0;0;0;0;0;0;-13.61;0;0;0;0;0.0004;0;0;0;0;0;0;0;-0.0004;-0.0884;0;0;0;0;0;0;0;0;0;-0.7063;0;0.7063;1;1;0;0;0;0
12/10/21 22:00;0;0;90;0;0;90;0;0;0;0;13.23;5.5799;0;0;0;0;0;0;0;0;0;0;0;0;0;1;1;1;1;0;0;0;0;0;0;0;0;0;0;0;0;0;0;0;0;0;0;0;0;0;0;0;0;0;0;0;0;0;0;0;0;0;0;0;1;1;1;1;1;1;1;1;1;1;1;1;1;1;1;1;1;1;1;0;0;0;0;0;0;0;0;0;0.0004;0.088;0;-0.0884;0;0;0;0;0;0;0;0;0;0;0;0;0;0;0;0;0;0;0;-13.23;0;0;0;0;0.0004;0;0;0;0;0;0;0;-0.0004;-0.0884;0;0;0;0;0;0;0;0;0;-0.7063;0;0.7063;1;1;0;0;0;0
12/10/21 23:00;0;0;90;0;0;90;0;0;0;0;12.75;5.77;0;0;0;0;0;0;0;0;0;0;0;0;0;1;1;1;1;0;0;0;0;0;0;0;0;0;0;0;0;0;0;0;0;0;0;0;0;0;0;0;0;0;0;0;0;0;0;0;0;0;0;0;1;1;1;1;1;1;1;1;1;1;1;1;1;1;1;1;1;1;1;0;0;0;0;0;0;0;0;0;0.0004;0.088;0;-0.0884;0;0;0;0;0;0;0;0;0;0;0;0;0;0;0;0;0;0;0;-12.75;0;0;0;0;0.0004;0;0;0;0;0;0;0;-0.0004;-0.0884;0;0;0;0;0;0;0;0;0;-0.7063;0;0.7063;1;1;0;0;0;0
13/10/21 00:00;0;0;90;0;0;90;0;0;0;0;11.33;6.17;0;0;0;0;0;0;0;0;0;0;0;0;0;1;1;1;1;0;0;0;0;0;0;0;0;0;0;0;0;0;0;0;0;0;0;0;0;0;0;0;0;0;0;0;0;0;0;0;0;0;0;0;1;1;1;1;1;1;1;1;1;1;1;1;1;1;1;1;1;1;1;0;0;0;0;0;0;0;0;0;0.0004;0.088;0;-0.0884;0;0;0;0;0;0;0;0;0;0;0;0;0;0;0;0;0;0;0;-11.33;0;0;0;0;0.0004;0;0;0;0;0;0;0;-0.0004;-0.0884;0;0;0;0;0;0;0;0;0;-0.7063;0;0.7063;1;1;0;0;0;0
13/10/21 01:00;0;0;90;0;0;90;0;0;0;0;11.36;5.8999;0;0;0;0;0;0;0;0;0;0;0;0;0;1;1;1;1;0;0;0;0;0;0;0;0;0;0;0;0;0;0;0;0;0;0;0;0;0;0;0;0;0;0;0;0;0;0;0;0;0;0;0;1;1;1;1;1;1;1;1;1;1;1;1;1;1;1;1;1;1;1;0;0;0;0;0;0;0;0;0;0.0004;0.088;0;-0.0884;0;0;0;0;0;0;0;0;0;0;0;0;0;0;0;0;0;0;0;-11.36;0;0;0;0;0.0004;0;0;0;0;0;0;0;-0.0004;-0.0884;0;0;0;0;0;0;0;0;0;-0.7063;0;0.7063;1;1;0;0;0;0
13/10/21 02:00;0;0;90;0;0;90;0;0;0;0;9.7999;5.54;0;0;0;0;0;0;0;0;0;0;0;0;0;1;1;1;1;0;0;0;0;0;0;0;0;0;0;0;0;0;0;0;0;0;0;0;0;0;0;0;0;0;0;0;0;0;0;0;0;0;0;0;1;1;1;1;1;1;1;1;1;1;1;1;1;1;1;1;1;1;1;0;0;0;0;0;0;0;0;0;0.0004;0.088;0;-0.0884;0;0;0;0;0;0;0;0;0;0;0;0;0;0;0;0;0;0;0;-9.7999;0;0;0;0;0.0004;0;0;0;0;0;0;0;-0.0004;-0.0884;0;0;0;0;0;0;0;0;0;-0.7063;0;0.7063;1;1;0;0;0;0
13/10/21 03:00;0;0;90;0;0;90;0;0;0;0;9.52;5.4801;0;0;0;0;0;0;0;0;0;0;0;0;0;1;1;1;1;0;0;0;0;0;0;0;0;0;0;0;0;0;0;0;0;0;0;0;0;0;0;0;0;0;0;0;0;0;0;0;0;0;0;0;1;1;1;1;1;1;1;1;1;1;1;1;1;1;1;1;1;1;1;0;0;0;0;0;0;0;0;0;0.0004;0.088;0;-0.0884;0;0;0;0;0;0;0;0;0;0;0;0;0;0;0;0;0;0;0;-9.52;0;0;0;0;0.0004;0;0;0;0;0;0;0;-0.0004;-0.0884;0;0;0;0;0;0;0;0;0;-0.7063;0;0.7063;1;1;0;0;0;0
13/10/21 04:00;0;0;90;0;0;90;0;0;0;0;10.88;5.5099;0;0;0;0;0;0;0;0;0;0;0;0;0;1;1;1;1;0;0;0;0;0;0;0;0;0;0;0;0;0;0;0;0;0;0;0;0;0;0;0;0;0;0;0;0;0;0;0;0;0;0;0;1;1;1;1;1;1;1;1;1;1;1;1;1;1;1;1;1;1;1;0;0;0;0;0;0;0;0;0;0.0004;0.088;0;-0.0884;0;0;0;0;0;0;0;0;0;0;0;0;0;0;0;0;0;0;0;-10.88;0;0;0;0;0.0004;0;0;0;0;0;0;0;-0.0004;-0.0884;0;0;0;0;0;0;0;0;0;-0.7063;0;0.7063;1;1;0;0;0;0
13/10/21 05:00;3.9833;-96.934;80.301;4.0125;5.7583;-90;-5.7583;6.8957;6.7982;0.0975;11.72;5.8999;0;0.2366;6.7741;0.0168;0;0.0035;7.031;0;7.031;0.2366;0.0168;6.7741;0.0035;0.0336;0.964;0;0.0005;7.0082;0.0228;0;0;0.0199;0.0029;6.6252;0.376;0.0784;0.0056;0.2919;0.0001;7.0012;0.007;0.0002;0;0.0068;0;6.6255;0.1579;0.0112;6.4556;0.0004;4.0276;3.2423;1.1948;0.0002;0.0468;0.6728;0.0003;0.7194;0;1;0;0;1.0196;0.9968;1;1;0.9971;0.1646;0.9463;0.6682;1;0.9567;0.7763;0.999;0.999;1;0.999;0.999;0.9423;0.953;0.1276;0.0211;0.0214;0.0001;0.005;-0.0009;0.0001;0.0004;0.0001;0;0;0.088;0;-0.0742;0;0;0;0;0;0;0;0;0;0;0;0;0.0003;0;0.0162;0.0162;0;12;12;0.2807;0.0424;16.605;972.7;1;0.0023;0.0023;0;0;0;0;0;0;0.0138;-0.0742;0;14.572;16.875;-66.913;-77.484;85.671;85.671;0.1687;0.1291;-0.5927;0.0397;0.7218;0.235;4.2775;0;4.0271;0;0
13/10/21 06:00;13.978;-89.962;54.14;13.978;21.882;-90;-21.882;134.11;90.4;43.705;12.28;6.41;0;106;75.687;28.824;0;0.9662;211.47;0;211.47;106;28.824;75.687;0.9662;0.5012;0.3625;0;0.0046;208.63;2.8454;0;0;2.0295;0.8159;203.33;5.0917;2.0109;0.5468;2.5017;0.0322;208.42;0.2086;0.106;0.0288;0.0737;0.0002;203.48;103.88;28.249;71.082;0.1179;47.747;38.436;14.606;0.3757;0.55;7.9121;0.1476;8.0864;0;1;0;0;1.5769;0.9865;1;1;0.9732;0.1556;0.9756;0.981;1;0.966;0.7853;0.999;0.999;1;0.999;0.999;0.9615;0.9392;0.1221;0.6351;0.6295;0.0038;0.0175;-0.0101;0.0043;0.0153;0.0016;0;0;0.088;0;0.485;0;0;0;0;0;0;0;0;0;0;0;0;0.0124;0.0011;0.5836;0.5836;0;20.53;20.53;8.2494;0.0406;538.33;1084.1;1;0.0106;0.0106;0;0;0;0;0;0;0.573;0.485;0;17.506;20.271;14.549;16.848;98.191;98.191;5.0754;4.664;3.8763;0.4114;0.7877;0.0811;0.1552;0.7638;47.474;0.7429;0
13/10/21 07:00;26.195;-80.941;8.8471;26.481;60;-90;-60;176.01;164.5;11.504;13.4;7.2499;0;25.75;121.04;6.9723;0;8.8003;162.56;0;162.56;25.75;6.9723;121.04;8.8003;0.1584;0.7987;0;0.0541;139.1;23.468;0;0;15.233;8.2355;135.17;3.7847;0.0079;0.0021;3.7373;0.0374;138.96;0.1391;0.0258;0.007;0.1058;0.0006;138.61;25.717;6.9632;101.97;0.5269;106.59;85.809;38.149;20.238;2.1287;30.621;3.435;12.511;0;1;0;0;0.9236;0.8556;1;1;0.8742;0.0642;0.9728;0.9997;1;0.9646;0.9337;0.999;0.999;1;0.999;0.999;0.8315;0.8424;0.0599;0.4882;0.482;0.0029;0.0181;-0.0106;0.0033;0.0117;0.006;0;0;0.088;0;0.3436;0;0;0;0;0;0;0;0;0;0;0;0;0.0094;0.0007;0.4405;0.4405;0;18.897;18.897;5.4962;0.0407;409.55;1075.5;1;0.0089;0.0089;0;0;0;0;0;0;0.4316;0.3436;0;17.189;19.905;13.409;15.527;97.985;97.985;3.9015;3.5204;2.7462;0.3811;0.7742;0.0977;0.1984;0.7039;105.4;0.6169;0
13/10/21 08:00;38.074;-70.361;15.342;39.752;50.248;-90;-50.248;702.19;115.9;586.29;15.52;7.7299;0;916.86;29.376;125.2;0;25.317;1096.8;0;1096.8;916.86;125.2;29.376;25.317;0.836;0.0499;0;0.0231;1070.2;26.517;0;0;2.8592;23.658;1067.7;1.4994;0.4854;0.0663;0.8794;0.0683;1069.2;1.0702;0.9169;0.1252;0.0265;0.0017;1073.1;915.45;125.01;25.61;1.5888;261.79;210.74;80.3;2.6346;3.0391;43.716;5.4671;44.12;0;1;0;0;1.5619;0.9758;1;1;0.9027;0.0655;0.9986;0.9995;1;0.9668;0.9588;0.999;0.999;1;0.999;0.999;0.9735;0.8718;0.0628;3.2935;3.3243;0.02;0.0043;0.407;0.0203;0.0718;0.0076;0;0;0.088;0;2.5752;0;0;0;0;0;0;0;0;0;0;0;0;0.0578;0.0237;2.7118;2.7118;0;59.967;59.967;44.447;0.0416;2858.4;948.7;1;0.0485;0.0485;0;0;0;0;0;0;2.6632;2.5752;0;15.685;18.163;14.895;17.248;98.21;98.21;26.322;21.672;20.581;4.6495;1.0912;0.1766;0.0415;0.7819;22.994;0.7592;0
13/10/21 09:00;49.053;-56.457;21.231;54.127;35.873;-90;-35.873;790.51;130.4;660.11;15.79;7.7;0;814.63;43.081;102.19;0;14.995;974.9;0;974.9;814.63;102.19;43.081;14.995;0.8356;0.0596;0;0.0154;958.84;16.057;0;0;2.5396;13.517;955.71;2.1734;0.5968;0.0749;1.3069;0.1948;957.88;0.9588;0.8146;0.1022;0.0405;0.0015;959.77;813.22;102.01;39.194;1.2816;396.4;319.1;127.44;1.2116;4.041;58.128;4.0622;60.957;0;1;0;0;1.2333;0.9835;1;1;0.9411;0.0986;0.9977;0.9993;1;0.9677;0.8681;0.999;0.999;1;0.999;0.999;0.9803;0.9098;0.0855;2.9276;3.0133;0.0181;0;0.321;0.0187;0.0664;0.0103;0;0;0.088;0;2.3736;0;0;0;0;0;0;0;0;0;0;0;0;0.0535;0.0197;2.5056;2.5056;0;55.42;55.42;39.63;0.0415;2591.8;966.7;1;0.044;0.044;0;0;0;0;0;0;2.4616;2.3736;0;16.304;18.879;15.445;17.885;98.244;98.244;23.397;20.024;18.969;3.3731;1.055;0.1442;0.0451;0.8107;29.659;0.7761;0
13/10/21 10:00;57.986;-36.293;25.295;69.692;20.308;-90;-20.308;285.11;277.7;7.4087;16.64;7.2401;0;7.8998;267.36;1.8799;0;1.7723;278.91;0;278.91;7.8998;1.8799;267.36;1.7723;0.0283;0.9649;0;0.0064;271.06;7.847;0;0;6.3598;1.4872;261.75;9.0477;0.0069;0.0016;8.9766;0.0625;270.79;0.2711;0.0079;0.0019;0.261;0.0003;262.19;7.885;1.8763;251.76;0.2222;171.52;138.07;52.115;1.0092;1.9767;28.434;0.4431;29.401;0;1;0;0;0.9783;0.9719;1;1;0.9762;0.1608;0.9666;0.9991;1;0.9656;0.7804;0.999;0.999;1;0.999;0.999;0.9385;0.9417;0.1254;0.8376;0.8496;0.0051;0.0154;0.007;0.0058;0.0204;0.0055;0;0;0.088;0;0.6712;0;0;0;0;0;0;0;0;0;0;0;0;0.0164;0.0019;0.7722;0.7722;0;27.299;27.299;10.659;0.0407;725.5;1064.4;1;0.013;0.013;0;0;0;0;0;0;0.7592;0.6712;0;17.563;20.337;15.265;17.677;98.315;98.315;6.6939;6.1713;5.364;0.5226;0.8073;0.0781;0.1206;0.8013;166.36;0.7445;0
13/10/21 11:00;62.643;-7.5003;27.104;86.136;3.8637;-90;-3.8637;406.4;374.3;32.099;18.26;6.6199;0;32.173;364.06;9.8515;0;0.0924;406.17;0;406.17;32.173;9.8515;364.06;0.0924;0.0792;0.8965;0;0.0002;405.52;0.6519;0;0;0.5746;0.0773;389.04;16.074;0.0301;0.0092;16.032;0.0034;405.11;0.4055;0.0322;0.0099;0.3635;0;389.04;32.11;9.8324;347.09;0.0117;240.61;193.69;71.721;-0.0011;2.771;39.859;-0.0003;42.632;0;1;0;0;0.9994;0.9984;1;1;0.9984;0.1634;0.9603;0.9991;1;0.9559;0.7771;0.999;0.999;1;0.999;0.999;0.9578;0.9534;0.1269;1.2197;1.2558;0.0076;0.0098;0.0408;0.0084;0.0297;0.0076;0;0;0.088;0;1.0182;0;0;0;0;0;0;0;0;0;0;0;0;0.0239;0.0038;1.1242;1.1242;0;34.153;34.153;15.893;0.0409;1076.5;1044.3;1;0.018;0.018;0;0;0;0;0;0;1.1062;1.0182;0;17.558;20.331;15.903;18.415;98.401;98.401;9.7481;8.9845;8.1376;0.7636;0.8469;0.0783;0.0869;0.8348;215.92;0.7776;0
13/10/21 12:00;60.845;23.97;26.433;77.231;12.769;90;12.769;462.21;400.6;61.608;17.79;6.2199;0;63.17;375.37;21.054;0;1.1431;460.73;0;460.73;63.17;21.054;375.37;1.1431;0.1371;0.8172;0;0.0025;455.67;5.0612;0;0;4.1066;0.9545;440.59;14.629;0.0576;0.0192;14.51;0.0424;455.22;0.4557;0.0632;0.0211;0.3713;0.0002;440.82;63.049;21.014;356.38;0.1459;274.32;220.83;82.803;0.272;3.1098;44.734;0.2273;47.571;0;1;0;0;0.9968;0.989;1;1;0.9891;0.1649;0.9679;0.9991;1;0.9609;0.7747;0.999;0.999;1;0.999;0.999;0.9563;0.9494;0.1277;1.3836;1.422;0.0086;0.0074;0.0543;0.0095;0.0336;0.0085;0;0;0.088;0;1.1603;0;0;0;0;0;0;0;0;0;0;0;0;0.027;0.0048;1.2684;1.2684;0;35.801;35.801;18.011;0.0409;1219.7;1039.9;1;0.0201;0.0201;0;0;0;0;0;0;1.2483;1.1603;0;17.464;20.223;15.976;18.5;98.418;98.418;11.058;10.137;9.2735;0.9205;0.8637;0.0832;0.0781;0.8387;226.74;0.7818;0
13/10/21 13:00;53.55;48.116;23.369;61.193;28.807;90;28.807;145.1;143.4;1.7001;16.82;6.08;0;1.9402;134.32;0.2513;0;1.7956;138.31;0;138.31;1.9402;0.2513;134.32;1.7956;0.014;0.9842;0;0.013;131.14;7.1755;0;0;5.6063;1.5692;126.76;4.2488;0.0016;0.0002;4.2051;0.0419;131;0.1311;0.0019;0.0003;0.1287;0.0002;127.29;1.9367;0.2509;124.38;0.1843;88.842;71.517;27.942;1.7669;1.0432;15.005;0.5301;14.282;0;1;0;0;0.9532;0.9481;1;1;0.9583;0.1261;0.9676;0.9992;1;0.9673;0.8148;0.999;0.999;1;0.999;0.999;0.9165;0.926;0.1027;0.4153;0.415;0.0025;0.018;-0.0045;0.0028;0.0099;0.0029;0;0;0.088;0;0.2789;0;0;0;0;0;0;0;0;0;0;0;0;0.008;0.0006;0.3749;0.3749;0;21.991;21.991;5.1708;0.0408;353.54;1060.4;1;0.008;0.008;0;0;0;0;0;0;0.3669;0.2789;0;17.195;19.912;12.791;14.811;97.858;97.858;3.3195;2.9963;2.2288;0.3232;0.7675;0.0974;0.2312;0.6714;87.82;0.621;0
13/10/21 14:00;43.318;64.484;18.264;46.257;43.743;90;43.743;144.5;142.6;1.8998;15.6;5.9099;0;2.6297;122.56;0.3971;0;4.0106;129.6;0;129.6;2.6297;0.3971;122.56;4.0106;0.0203;0.9766;0;0.0309;116.11;13.489;0;0;9.7687;3.7207;112.31;3.6847;0.0017;0.0003;3.6631;0.0197;115.99;0.1161;0.0026;0.0004;0.1128;0.0003;113.75;2.6254;0.3965;109.02;0.2699;91.125;73.355;30.47;6.7895;1.2758;18.352;1.4415;12.839;0;1;0;0;0.8969;0.8959;1;1;0.9203;0.0723;0.9682;0.9994;1;0.9675;0.932;0.999;0.999;1;0.999;0.999;0.8666;0.8895;0.0673;0.3892;0.3813;0.0023;0.0178;-0.0067;0.0026;0.0091;0.0035;0;0;0.088;0;0.249;0;0;0;0;0;0;0;0;0;0;0;0;0.0074;0.0005;0.3447;0.3447;0;20.18;20.18;4.5798;0.0408;324.19;1063.4;1;0.0077;0.0077;0;0;0;0;0;0;0.337;0.249;0;16.874;19.54;12.188;14.113;97.754;97.754;3.1104;2.7551;1.9899;0.3553;0.7652;0.1142;0.246;0.6398;90.18;0.5785;0
13/10/21 15:00;31.763;76.321;11.6;32.505;57.495;90;57.495;97.81;96.699;1.1104;16.87;5.0801;0;2.0664;74.218;0.2758;0;4.5249;81.085;0;81.085;2.0664;0.2758;74.218;4.5249;0.0255;0.9711;0;0.0558;68.037;13.048;0;0;8.7985;4.249;65.688;2.2817;0.0008;0.0001;2.266;0.0147;67.969;0.068;0.0021;0.0003;0.0654;0.0003;67.531;2.0635;0.2754;63.088;0.2608;63.063;50.765;22.348;10.659;1.1883;17.093;1.8432;7.6228;0;1;0;0;0.829;0.8391;1;1;0.8815;0.061;0.9664;0.9996;1;0.9653;0.9465;0.999;0.999;1;0.999;0.999;0.8101;0.85;0.0576;0.2435;0.2394;0.0014;0.0161;-0.0048;0.0016;0.0056;0.0032;0;0;0.088;0;0.1171;0;0;0;0;0;0;0;0;0;0;0;0;0.0045;0.0003;0.2115;0.2115;0;19.562;19.562;2.6925;0.041;202.37;1045;1;0.0064;0.0064;0;0;0;0;0;0;0.2051;0.1171;0;16.544;19.158;9.16;10.607;96.979;96.979;1.946;1.6901;0.9357;0.2559;0.7544;0.1315;0.3876;0.4808;62.765;0.4153;0
13/10/21 16:00;19.652;85.9;35.348;19.699;35.137;90;35.137;208;174.8;33.205;16.2;4.51;0;80.53;147.48;30.412;0;3.7904;262.21;0;262.21;80.53;30.412;147.48;3.7904;0.3071;0.5769;0;0.0145;250.36;11.844;0;0;8.4302;3.4139;245.12;4.9976;0.335;0.1265;4.4834;0.0527;250.11;0.2504;0.0805;0.0304;0.139;0.0004;246.09;80.115;30.255;134.42;0.3234;101.17;81.441;32.417;3.8515;1.2685;18.247;0.9779;15.664;0;1;0;0;1.2606;0.9548;1;1;0.9428;0.0993;0.98;0.9958;1;0.9677;0.8599;0.999;0.999;1;0.999;0.999;0.9348;0.9115;0.0853;0.7874;0.7797;0.0047;0.0162;0.0033;0.0053;0.0188;0.0035;0;0;0.088;0;0.611;0;0;0;0;0;0;0;0;0;0;0;0;0.0151;0.0016;0.7112;0.7112;0;26.178;26.178;9.9776;0.0407;666.45;1067.2;1;0.0122;0.0122;0;0;0;0;0;0;0.699;0.611;0;17.207;19.925;14.783;17.118;98.287;98.287;6.293;5.6841;4.8834;0.6089;0.8007;0.0968;0.1272;0.776;100.94;0.7376;0
13/10/21 17:00;7.3965;94.553;71.807;7.4196;10.832;90;10.832;27.505;27.2;0.3049;15.56;4.58;0;0.7395;26.911;0.1135;0;0.049;27.813;0;27.813;0.7395;0.1135;26.911;0.049;0.0266;0.9693;0;0.0018;27.549;0.2643;0;0;0.2234;0.0409;26.332;1.1893;0.0968;0.0149;1.0758;0.0018;27.521;0.0275;0.0007;0.0001;0.0267;0;26.341;0.642;0.0986;25.585;0.0063;16.167;13.015;4.8187;0.0106;0.1869;2.6887;0.0086;2.865;0;1;0;0;1.0112;0.9905;1;1;0.9917;0.1651;0.9568;0.869;1;0.9596;0.7747;0.999;0.999;1;0.999;0.999;0.9467;0.9507;0.1278;0.0835;0.085;0.0005;0.0104;-0.0026;0.0005;0.0019;0.0005;0;0;0.088;0;-0.0196;0;0;0;0;0;0;0;0;0;0;0;0;0.0015;0.0001;0.0722;0.0722;0;16.649;16.649;1.0894;0.0414;70.957;1017.5;1;0.0038;0.0038;0;0;0;0;0;0;0.0684;-0.0196;0;16.468;19.069;-4.4676;-5.1734;94.752;94.752;0.6675;0.577;-0.1565;0.0905;0.7336;0.1355;1.099;0;16.166;0;0
13/10/21 18:00;0.6999;99.249;88.302;0.7091;1.0109;90;1.0109;0;0;0;15;5.1701;0;0;0;0;0;0;0;0;0;0;0;0;0;1;1;1;1;0;0;0;0;0;0;0;0;0;0;0;0;0;0;0;0;0;0;0;0;0;0;0;0;0;0;0;0;0;0;0;0;0;0;0;1;1;1;1;1;1;1;1;1;1;1;1;1;1;1;1;1;1;1;0;0;0;0;0;0;0;0;0;0.0004;0.088;0;-0.0884;0;0;0;0;0;0;0;0;0;0;0;0;0;0;0;0;0;0;0;-15;0;0;0;0;0.0004;0;0;0;0;0;0;0;-0.0004;-0.0884;0;0;0;0;0;0;0;0;0;-0.7063;0;0.7063;1;1;0;0;0;0
13/10/21 19:00;0;0;90;0;0;90;0;0;0;0;15.3;5.37;0;0;0;0;0;0;0;0;0;0;0;0;0;1;1;1;1;0;0;0;0;0;0;0;0;0;0;0;0;0;0;0;0;0;0;0;0;0;0;0;0;0;0;0;0;0;0;0;0;0;0;0;1;1;1;1;1;1;1;1;1;1;1;1;1;1;1;1;1;1;1;0;0;0;0;0;0;0;0;0;0.0004;0.088;0;-0.0884;0;0;0;0;0;0;0;0;0;0;0;0;0;0;0;0;0;0;0;-15.3;0;0;0;0;0.0004;0;0;0;0;0;0;0;-0.0004;-0.0884;0;0;0;0;0;0;0;0;0;-0.7063;0;0.7063;1;1;0;0;0;0
13/10/21 20:00;0;0;90;0;0;90;0;0;0;0;14.7;5.4101;0;0;0;0;0;0;0;0;0;0;0;0;0;1;1;1;1;0;0;0;0;0;0;0;0;0;0;0;0;0;0;0;0;0;0;0;0;0;0;0;0;0;0;0;0;0;0;0;0;0;0;0;1;1;1;1;1;1;1;1;1;1;1;1;1;1;1;1;1;1;1;0;0;0;0;0;0;0;0;0;0.0004;0.088;0;-0.0884;0;0;0;0;0;0;0;0;0;0;0;0;0;0;0;0;0;0;0;-14.7;0;0;0;0;0.0004;0;0;0;0;0;0;0;-0.0004;-0.0884;0;0;0;0;0;0;0;0;0;-0.7063;0;0.7063;1;1;0;0;0;0
13/10/21 21:00;0;0;90;0;0;90;0;0;0;0;14.6;5.45;0;0;0;0;0;0;0;0;0;0;0;0;0;1;1;1;1;0;0;0;0;0;0;0;0;0;0;0;0;0;0;0;0;0;0;0;0;0;0;0;0;0;0;0;0;0;0;0;0;0;0;0;1;1;1;1;1;1;1;1;1;1;1;1;1;1;1;1;1;1;1;0;0;0;0;0;0;0;0;0;0.0004;0.088;0;-0.0884;0;0;0;0;0;0;0;0;0;0;0;0;0;0;0;0;0;0;0;-14.6;0;0;0;0;0.0004;0;0;0;0;0;0;0;-0.0004;-0.0884;0;0;0;0;0;0;0;0;0;-0.7063;0;0.7063;1;1;0;0;0;0
13/10/21 22:00;0;0;90;0;0;90;0;0;0;0;14.78;5.0999;0;0;0;0;0;0;0;0;0;0;0;0;0;1;1;1;1;0;0;0;0;0;0;0;0;0;0;0;0;0;0;0;0;0;0;0;0;0;0;0;0;0;0;0;0;0;0;0;0;0;0;0;1;1;1;1;1;1;1;1;1;1;1;1;1;1;1;1;1;1;1;0;0;0;0;0;0;0;0;0;0.0004;0.088;0;-0.0884;0;0;0;0;0;0;0;0;0;0;0;0;0;0;0;0;0;0;0;-14.78;0;0;0;0;0.0004;0;0;0;0;0;0;0;-0.0004;-0.0884;0;0;0;0;0;0;0;0;0;-0.7063;0;0.7063;1;1;0;0;0;0
13/10/21 23:00;0;0;90;0;0;90;0;0;0;0;14.9;4.01;0;0;0;0;0;0;0;0;0;0;0;0;0;1;1;1;1;0;0;0;0;0;0;0;0;0;0;0;0;0;0;0;0;0;0;0;0;0;0;0;0;0;0;0;0;0;0;0;0;0;0;0;1;1;1;1;1;1;1;1;1;1;1;1;1;1;1;1;1;1;1;0;0;0;0;0;0;0;0;0;0.0004;0.088;0;-0.0884;0;0;0;0;0;0;0;0;0;0;0;0;0;0;0;0;0;0;0;-14.9;0;0;0;0;0.0004;0;0;0;0;0;0;0;-0.0004;-0.0884;0;0;0;0;0;0;0;0;0;-0.7063;0;0.7063;1;1;0;0;0;0
14/10/21 00:00;0;0;90;0;0;90;0;0;0;0;11;3.2699;0;0;0;0;0;0;0;0;0;0;0;0;0;1;1;1;1;0;0;0;0;0;0;0;0;0;0;0;0;0;0;0;0;0;0;0;0;0;0;0;0;0;0;0;0;0;0;0;0;0;0;0;1;1;1;1;1;1;1;1;1;1;1;1;1;1;1;1;1;1;1;0;0;0;0;0;0;0;0;0;0.0004;0.088;0;-0.0884;0;0;0;0;0;0;0;0;0;0;0;0;0;0;0;0;0;0;0;-11;0;0;0;0;0.0004;0;0;0;0;0;0;0;-0.0004;-0.0884;0;0;0;0;0;0;0;0;0;-0.7063;0;0.7063;1;1;0;0;0;0
14/10/21 01:00;0;0;90;0;0;90;0;0;0;0;10.54;3.4901;0;0;0;0;0;0;0;0;0;0;0;0;0;1;1;1;1;0;0;0;0;0;0;0;0;0;0;0;0;0;0;0;0;0;0;0;0;0;0;0;0;0;0;0;0;0;0;0;0;0;0;0;1;1;1;1;1;1;1;1;1;1;1;1;1;1;1;1;1;1;1;0;0;0;0;0;0;0;0;0;0.0004;0.088;0;-0.0884;0;0;0;0;0;0;0;0;0;0;0;0;0;0;0;0;0;0;0;-10.54;0;0;0;0;0.0004;0;0;0;0;0;0;0;-0.0004;-0.0884;0;0;0;0;0;0;0;0;0;-0.7063;0;0.7063;1;1;0;0;0;0
14/10/21 02:00;0;0;90;0;0;90;0;0;0;0;9.7201;2.3701;0;0;0;0;0;0;0;0;0;0;0;0;0;1;1;1;1;0;0;0;0;0;0;0;0;0;0;0;0;0;0;0;0;0;0;0;0;0;0;0;0;0;0;0;0;0;0;0;0;0;0;0;1;1;1;1;1;1;1;1;1;1;1;1;1;1;1;1;1;1;1;0;0;0;0;0;0;0;0;0;0.0004;0.088;0;-0.0884;0;0;0;0;0;0;0;0;0;0;0;0;0;0;0;0;0;0;0;-9.7201;0;0;0;0;0.0004;0;0;0;0;0;0;0;-0.0004;-0.0884;0;0;0;0;0;0;0;0;0;-0.7063;0;0.7063;1;1;0;0;0;0
14/10/21 03:00;0;0;90;0;0;90;0;0;0;0;10.54;1.5001;0;0;0;0;0;0;0;0;0;0;0;0;0;1;1;1;1;0;0;0;0;0;0;0;0;0;0;0;0;0;0;0;0;0;0;0;0;0;0;0;0;0;0;0;0;0;0;0;0;0;0;0;1;1;1;1;1;1;1;1;1;1;1;1;1;1;1;1;1;1;1;0;0;0;0;0;0;0;0;0;0.0004;0.088;0;-0.0884;0;0;0;0;0;0;0;0;0;0;0;0;0;0;0;0;0;0;0;-10.54;0;0;0;0;0.0004;0;0;0;0;0;0;0;-0.0004;-0.0884;0;0;0;0;0;0;0;0;0;-0.7063;0;0.7063;1;1;0;0;0;0
14/10/21 04:00;0;0;90;0;0;90;0;0;0;0;9.3;1.3;0;0;0;0;0;0;0;0;0;0;0;0;0;1;1;1;1;0;0;0;0;0;0;0;0;0;0;0;0;0;0;0;0;0;0;0;0;0;0;0;0;0;0;0;0;0;0;0;0;0;0;0;1;1;1;1;1;1;1;1;1;1;1;1;1;1;1;1;1;1;1;0;0;0;0;0;0;0;0;0;0.0004;0.088;0;-0.0884;0;0;0;0;0;0;0;0;0;0;0;0;0;0;0;0;0;0;0;-9.3;0;0;0;0;0.0004;0;0;0;0;0;0;0;-0.0004;-0.0884;0;0;0;0;0;0;0;0;0;-0.7063;0;0.7063;1;1;0;0;0;0
14/10/21 05:00;4.0417;-97.347;80.158;4.075;5.8493;-90;-5.8493;21.508;20.202;1.3055;8.6698;1.24;0;3.1662;19.878;0.659;0;0.0112;23.715;0;23.715;3.1662;0.659;19.878;0.0112;0.1335;0.8387;0;0.0005;23.646;0.0692;0;0;0.0598;0.0094;21.518;2.1042;1.0332;0.2151;0.8555;0.0004;23.622;0.0236;0.0032;0.0007;0.0198;0;21.519;2.1298;0.4433;18.943;0.0014;11.827;9.5206;3.5098;0.0005;0.1373;1.9743;0.0009;2.1111;0;1;0;0;1.1026;0.9971;1;1;0.997;0.1646;0.9109;0.6733;1;0.9568;0.7763;0.999;0.999;1;0.999;0.999;0.9074;0.953;0.1277;0.0712;0.069;0.0004;0.0093;-0.0039;0.0004;0.0016;0.0004;0;0;0.088;0;-0.0321;0;0;0;0;0;0;0;0;0;0;0;0;0.0013;0;0.0594;0.0594;0;9.5575;9.5575;0.8876;0.0413;57.161;1039.6;1;0.0036;0.0036;0;0;0;0;0;0;0.0559;-0.0321;0;15.896;18.408;-8.5945;-9.9522;94.016;94.016;0.5692;0.4749;-0.2568;0.0942;0.7317;0.1655;1.2856;0;11.819;0;0
14/10/21 06:00;14.236;-90.244;53.387;14.236;22.378;-90;-22.378;46.805;46.098;0.707;10.04;1.86;0;1.7148;44.27;0.2334;0;0.3525;46.57;0;46.57;1.7148;0.2334;44.27;0.3525;0.0368;0.9582;0;0.0076;45.041;1.5287;0;0;1.2305;0.2982;43.494;1.5021;0.03;0.0041;1.4565;0.0115;44.996;0.045;0.0017;0.0002;0.043;0.0001;43.586;1.6831;0.2291;41.54;0.0426;27.845;22.416;8.5053;0.2383;0.3228;4.644;0.0915;4.7286;0;1;0;0;0.995;0.9672;1;1;0.9722;0.1538;0.9666;0.9825;1;0.9661;0.787;0.999;0.999;1;0.999;0.999;0.934;0.9383;0.1209;0.1399;0.1411;0.0008;0.0132;-0.0068;0.0009;0.0033;0.0009;0;0;0.088;0;0.0324;0;0;0;0;0;0;0;0;0;0;0;0;0.0027;0.0001;0.1259;0.1259;0;11.82;11.82;1.7798;0.0409;118.77;1060.4;1;0.0055;0.0055;0;0;0;0;0;0;0.1204;0.0324;0;17.156;19.867;4.4138;5.1111;95.596;95.596;1.1177;1.0066;0.259;0.1111;0.7476;0.0994;0.6689;0.2317;27.841;0.2156;0
14/10/21 07:00;26.458;-81.241;8.4874;26.727;60;-90;-60;137.09;133.6;3.4963;10.78;2.5301;0;7.7612;99.627;1.69;0;6.8547;115.93;0;115.93;7.7612;1.69;99.627;6.8547;0.0669;0.9185;0;0.0591;96.98;18.953;0;0;12.538;6.4147;93.775;3.108;0.0023;0.0005;3.0761;0.0291;96.883;0.097;0.0078;0.0017;0.0871;0.0004;96.577;7.7512;1.6878;83.926;0.4104;87.135;70.143;31.205;16.657;1.7462;25.118;2.8013;10.207;0;1;0;0;0.8456;0.8365;1;1;0.8742;0.0642;0.9679;0.9997;1;0.9646;0.9337;0.999;0.999;1;0.999;0.999;0.8089;0.8424;0.0599;0.3481;0.3438;0.0021;0.0176;-0.013;0.0024;0.0084;0.0049;0;0;0.088;0;0.2188;0;0;0;0;0;0;0;0;0;0;0;0;0.0067;0.0004;0.3144;0.3144;0;14.593;14.593;3.8127;0.0407;291.12;1079.8;1;0.0076;0.0076;0;0;0;0;0;0;0.3068;0.2188;0;17.201;19.919;11.971;13.862;97.587;97.587;2.7824;2.5124;1.7485;0.27;0.7639;0.097;0.2746;0.6284;86.755;0.5407;0
14/10/21 08:00;38.353;-70.682;15.036;39.978;50.022;-90;-50.022;390.3;270.9;119.4;12.68;2.66;0;185.84;191.39;58.919;0;13.953;450.1;0;450.1;185.84;58.919;191.39;13.953;0.4129;0.4562;0;0.031;418.56;31.543;0;0;18.507;13.036;412.24;5.8928;0.0964;0.0306;5.7277;0.0381;418.14;0.4186;0.1858;0.0589;0.1729;0.0009;416.65;185.56;58.829;166.98;0.878;206.3;166.07;68.387;16.86;3.0239;43.497;4.4037;29.661;0;1;0;0;1.1532;0.9299;1;1;0.9033;0.0657;0.9859;0.9995;1;0.9668;0.9584;0.999;0.999;1;0.999;0.999;0.9159;0.8725;0.0629;1.3516;1.3466;0.0081;0.0085;0.0211;0.0092;0.0325;0.0085;0;0;0.088;0;1.1204;0;0;0;0;0;0;0;0;0;0;0;0;0.0262;0.0043;1.2283;1.2283;0;29.449;29.449;16.769;0.0407;1153.2;1065.1;1;0.0199;0.0199;0;0;0;0;0;0;1.2084;1.1204;0;17.311;20.046;15.791;18.286;98.383;98.383;10.802;9.8164;8.9544;0.9859;0.8621;0.0913;0.0798;0.8289;149.47;0.773;0
14/10/21 09:00;49.363;-56.784;20.902;54.322;35.679;-90;-35.679;519;327.3;191.69;15.22;2.34;0;235.99;242.18;73.915;0;9.7414;561.82;0;561.82;235.99;73.915;242.18;9.7414;0.42;0.4484;0;0.0173;538.89;22.929;0;0;14.155;8.7736;530.65;7.7039;0.1702;0.0533;7.3511;0.1292;538.35;0.5389;0.236;0.0739;0.228;0.001;533.57;235.58;73.788;220.45;0.8376;291.05;234.3;93.598;6.6663;3.3406;48.053;2.9194;44.728;0;1;0;0;1.0825;0.9592;1;1;0.9416;0.0994;0.9857;0.9993;1;0.9677;0.8663;0.999;0.999;1;0.999;0.999;0.9445;0.9103;0.086;1.6872;1.7084;0.0103;0.0036;0.0715;0.0114;0.0403;0.0091;0;0;0.088;0;1.4106;0;0;0;0;0;0;0;0;0;0;0;0;0.0324;0.0067;1.523;1.523;0;36.913;36.913;21.694;0.0409;1466.2;1038.8;1;0.0244;0.0244;0;0;0;0;0;0;1.4986;1.4106;0;17.197;19.914;15.928;18.444;98.398;98.398;13.484;12.172;11.274;1.3117;0.8983;0.0973;0.0666;0.8361;166.47;0.7858;0
14/10/21 10:00;58.339;-36.542;24.943;69.838;20.162;-90;-20.162;919.01;151.6;767.41;17.2;2.74;0;817.5;50.738;105.73;0;5.6315;979.61;0;979.61;817.5;105.73;50.738;5.6315;0.8345;0.0575;0;0.0057;973.69;5.9161;0;0;1.193;4.7231;970.02;2.7005;0.7036;0.091;1.7061;0.1997;972.72;0.9737;0.8175;0.1057;0.0495;0.0009;971.36;815.98;105.54;47.79;0.7078;519.41;418.12;164.19;0.1878;5.3854;77.467;1.3427;82.665;0;1;0;0;1.0659;0.994;1;1;0.9765;0.1613;0.9972;0.9991;1;0.9655;0.78;0.999;0.999;1;0.999;0.999;0.9902;0.9419;0.1257;2.9418;3.0889;0.0186;0.0008;0.3517;0.019;0.0675;0.0136;0;0;0.088;0;2.4101;0;0;0;0;0;0;0;0;0;0;0;0;0.0543;0.0206;2.5428;2.5428;0;57.494;57.494;40.293;0.0415;2654.5;957.91;1;0.0447;0.0447;0;0;0;0;0;0;2.4981;2.4101;0;16.466;19.068;15.607;18.073;98.243;98.243;23.511;20.322;19.262;3.1887;1.0604;0.1356;0.0451;0.8193;31.548;0.7735;0
14/10/21 11:00;63.019;-7.4595;26.734;86.219;3.7815;-90;-3.7815;815.71;245.1;570.61;18.3;3.4299;0;571.85;130.99;114.21;0;0.1776;817.23;0;817.23;571.85;114.21;130.99;0.1776;0.6997;0.1605;0;0.0002;816.89;0.3487;0;0;0.2001;0.1486;809.66;6.4126;0.5275;0.1054;5.7732;0.0065;816.07;0.8169;0.5719;0.1142;0.1308;0;809.66;570.75;113.99;124.89;0.0225;480.76;387.02;149.26;-0.0004;5.1498;74.077;0.0058;79.228;0;1;0;0;1.0019;0.9996;1;1;0.9985;0.1634;0.9921;0.9991;1;0.9558;0.7771;0.999;0.999;1;0.999;0.999;0.9907;0.9534;0.1268;2.4542;2.5948;0.0156;-0.0022;0.2437;0.0164;0.058;0.0133;0;0;0.088;0;2.0638;0;0;0;0;0;0;0;0;0;0;0;0;0.0467;0.0148;2.1884;2.1884;0;51.773;51.773;33.473;0.0413;2231;980.9;1;0.0365;0.0365;0;0;0;0;0;0;2.1518;2.0638;0;16.987;19.67;16.02;18.551;98.331;98.331;19.614;17.489;16.494;2.1242;0.9952;0.1083;0.0507;0.841;77.684;0.7875;0
14/10/21 12:00;61.175;24.344;26.057;77.219;12.781;90;12.781;397.39;368.7;28.695;18.97;3.96;0;29.424;355.47;8.9923;0;0.9846;394.87;0;394.87;29.424;8.9923;355.47;0.9846;0.0745;0.9027;0;0.0025;390.15;4.7173;0;0;3.8951;0.8222;375.95;13.809;0.0265;0.0081;13.738;0.0366;389.76;0.3902;0.0294;0.009;0.3516;0.0002;376.15;29.368;8.9752;337.48;0.1257;236.43;190.32;71.031;0.2585;2.7035;38.89;0.1951;41.335;0;1;0;0;0.9937;0.9881;1;1;0.989;0.1649;0.9646;0.9991;1;0.9609;0.7747;0.999;0.999;1;0.999;0.999;0.9521;0.9494;0.1277;1.1858;1.2149;0.0073;0.0104;0.0403;0.0081;0.0287;0.0074;0;0;0.088;0;0.9806;0;0;0;0;0;0;0;0;0;0;0;0;0.0231;0.0036;1.086;1.086;0;34.333;34.333;15.364;0.0409;1041.3;1042.9;1;0.0174;0.0174;0;0;0;0;0;0;1.0686;0.9806;0;17.447;20.203;15.754;18.242;98.4;98.4;9.4769;8.6793;7.8371;0.7976;0.8422;0.0842;0.0889;0.827;214.73;0.7702;0
14/10/21 13:00;53.806;48.582;22.995;61.245;28.755;90;28.755;695.8;288.3;407.5;19.09;4.3099;0;464.82;171.33;120.59;0;8.5803;765.31;0;765.31;464.82;120.59;171.33;8.5803;0.6074;0.2351;0;0.0112;750.69;14.627;0;0;7.1304;7.4962;743.91;6.0307;0.3688;0.0957;5.3653;0.2009;749.94;0.7507;0.4648;0.1206;0.1642;0.0011;746.22;463.99;120.37;158.67;0.8821;385;309.93;122.01;2.2412;4.1082;59.095;2.3102;60.962;0;1;0;0;1.0999;0.9809;1;1;0.9584;0.1263;0.992;0.9992;1;0.9673;0.8145;0.999;0.999;1;0.999;0.999;0.972;0.9261;0.1028;2.2982;2.3721;0.0143;-0.0019;0.2065;0.0151;0.0535;0.0107;0;0;0.088;0;1.8974;0;0;0;0;0;0;0;0;0;0;0;0;0.043;0.0125;2.0184;2.0184;0;49.798;49.798;30.708;0.0413;2039.5;989.65;1;0.033;0.033;0;0;0;0;0;0;1.9854;1.8974;0;16.73;19.373;15.728;18.212;98.367;98.367;18.368;16.131;15.164;2.2365;0.9666;0.1218;0.0526;0.8256;111.98;0.7805;0
14/10/21 14:00;43.521;64.921;17.9;46.357;43.643;90;43.643;835.1;137.8;697.3;20.8;4.1301;0;963.58;31.431;140.03;0;23.078;1158.1;0;1158.1;963.58;140.03;31.431;23.078;0.832;0.0471;0;0.0199;1134.2;23.902;0;0;2.4969;21.405;1131.3;1.7358;0.5952;0.0865;0.9395;0.1146;1133.1;1.1342;0.9636;0.14;0.0289;0.0017;1137;962.03;139.8;27.966;1.5562;368.93;296.99;116.91;1.7331;3.9106;56.253;5.6362;58.43;0;1;0;0;1.3868;0.9794;1;1;0.9206;0.0725;0.9985;0.9994;1;0.9675;0.9314;0.999;0.999;1;0.999;0.999;0.9769;0.8897;0.0674;3.4778;3.5431;0.0213;0.0088;0.5382;0.0208;0.0738;0.0094;0;0;0.088;0;2.6471;0;0;0;0;0;0;0;0;0;0;0;0;0.0595;0.0269;2.7844;2.7844;0;68.228;68.228;47.428;0.0419;3049.6;913.03;1;0.0492;0.0492;0;0;0;0;0;0;2.7351;2.6471;0;15.251;17.661;14.5;16.79;98.232;98.232;27.795;22.253;21.156;5.5423;1.0968;0.1994;0.0395;0.7611;23.106;0.7344;0
14/10/21 15:00;31.937;76.714;11.247;32.639;57.361;90;57.361;592.19;103.9;488.29;20.6;3.2799;0;905.36;26.362;129.13;0;27.28;1088.1;0;1088.1;905.36;129.13;26.362;27.28;0.832;0.0493;0;0.0251;1059.4;28.732;0;0;3.1147;25.618;1057;1.2937;0.3514;0.0501;0.8045;0.0878;1058.3;1.0594;0.9054;0.1291;0.0232;0.0017;1061.7;904.1;128.95;22.42;1.5728;155.75;125.38;48.445;3.7614;1.907;27.432;4.6983;25.578;0;1;0;0;1.8375;0.9736;1;1;0.8818;0.0609;0.9988;0.9996;1;0.9654;0.9471;0.999;0.999;1;0.999;0.999;0.9714;0.8505;0.0577;3.2676;3.2557;0.0196;0.0032;0.4552;0.0194;0.069;0.0047;0;0;0.088;0;2.4728;0;0;0;0;0;0;0;0;0;0;0;0;0.0555;0.0228;2.6062;2.6062;0;64.779;64.779;44.18;0.0418;2803.3;929.68;1;0.0455;0.0455;0;0;0;0;0;0;2.5608;2.4728;0;15.194;17.594;14.416;16.693;98.256;98.256;26.115;20.829;19.762;5.2861;1.0666;0.2024;0.0408;0.7567;22.261;0.7427;0
14/10/21 16:00;19.814;86.262;34.704;19.853;35.599;90;35.599;95.7;94.098;1.6017;18.51;1.9801;0;3.8845;85.012;0.7831;0;1.7886;91.469;0;91.469;3.8845;0.7831;85.012;1.7886;0.0425;0.949;0;0.0196;84.894;6.5743;0;0;4.96;1.6143;82.187;2.6221;0.0147;0.003;2.5807;0.0237;84.809;0.0849;0.0039;0.0008;0.0801;0.0002;82.766;3.8659;0.7793;77.392;0.1504;58.41;47.02;18.785;2.3219;0.7343;10.562;0.5788;8.9748;0;1;0;0;0.9558;0.9281;1;1;0.9417;0.0974;0.9691;0.9962;1;0.9677;0.8639;0.999;0.999;1;0.999;0.999;0.8985;0.9104;0.0841;0.2747;0.2716;0.0016;0.0167;-0.0031;0.0018;0.0064;0.002;0;0;0.088;0;0.1462;0;0;0;0;0;0;0;0;0;0;0;0;0.0051;0.0003;0.2408;0.2408;0;21.877;21.877;3.3672;0.041;230.64;1044;1;0.0066;0.0066;0;0;0;0;0;0;0.2342;0.1462;0;16.699;19.337;10.139;11.741;97.263;97.263;2.1952;1.9244;1.1684;0.2709;0.756;0.1234;0.3444;0.5322;58.401;0.4899;0
14/10/21 17:00;7.5589;94.896;71.395;7.5863;11.088;90;11.088;20.804;20.601;0.2032;17.5;1.08;0;0.4928;20.386;0.056;0;0.0388;20.974;0;20.974;0.4928;0.056;20.386;0.0388;0.0235;0.9738;0;0.0019;20.765;0.2084;0;0;0.1759;0.0324;19.863;0.8817;0.0617;0.007;0.8115;0.0014;20.745;0.0208;0.0005;0.0001;0.0202;0;19.87;0.4306;0.049;19.378;0.005;12.255;9.8656;3.6539;0.0088;0.1417;2.0377;0.0069;2.1706;0;1;0;0;1.0081;0.9901;1;1;0.9914;0.1651;0.9575;0.8746;1;0.9598;0.7747;0.999;0.999;1;0.999;0.999;0.947;0.9506;0.1278;0.063;0.0641;0.0004;0.009;-0.0016;0.0004;0.0014;0.0004;0;0;0.088;0;-0.0382;0;0;0;0;0;0;0;0;0;0;0;0;0.0011;0;0.053;0.053;0;18.326;18.326;0.8265;0.0416;53.145;997.49;1;0.0032;0.0032;0;0;0;0;0;0;0.0498;-0.0382;0;16.034;18.567;-11.558;-13.384;93.916;93.916;0.5034;0.4237;-0.3054;0.0797;0.7291;0.1583;1.4484;0;12.254;0;0
14/10/21 18:00;0.8673;99.586;87.896;0.8796;1.254;90;1.254;0;0;0;14.71;1.9299;0;0;0;0;0;0;0;0;0;0;0;0;0;1;1;1;1;0;0;0;0;0;0;0;0;0;0;0;0;0;0;0;0;0;0;0;0;0;0;0;0;0;0;0;0;0;0;0;0;0;0;0;1;1;1;1;1;1;1;1;1;1;1;1;1;1;1;1;1;1;1;0;0;0;0;0;0;0;0;0;0.0004;0.088;0;-0.0884;0;0;0;0;0;0;0;0;0;0;0;0;0;0;0;0;0;0;0;-14.71;0;0;0;0;0.0004;0;0;0;0;0;0;0;-0.0004;-0.0884;0;0;0;0;0;0;0;0;0;-0.7063;0;0.7063;1;1;0;0;0;0
14/10/21 19:00;0;0;90;0;0;90;0;0;0;0;12.74;2.73;0;0;0;0;0;0;0;0;0;0;0;0;0;1;1;1;1;0;0;0;0;0;0;0;0;0;0;0;0;0;0;0;0;0;0;0;0;0;0;0;0;0;0;0;0;0;0;0;0;0;0;0;1;1;1;1;1;1;1;1;1;1;1;1;1;1;1;1;1;1;1;0;0;0;0;0;0;0;0;0;0.0004;0.088;0;-0.0884;0;0;0;0;0;0;0;0;0;0;0;0;0;0;0;0;0;0;0;-12.74;0;0;0;0;0.0004;0;0;0;0;0;0;0;-0.0004;-0.0884;0;0;0;0;0;0;0;0;0;-0.7063;0;0.7063;1;1;0;0;0;0
14/10/21 20:00;0;0;90;0;0;90;0;0;0;0;12.74;2.9301;0;0;0;0;0;0;0;0;0;0;0;0;0;1;1;1;1;0;0;0;0;0;0;0;0;0;0;0;0;0;0;0;0;0;0;0;0;0;0;0;0;0;0;0;0;0;0;0;0;0;0;0;1;1;1;1;1;1;1;1;1;1;1;1;1;1;1;1;1;1;1;0;0;0;0;0;0;0;0;0;0.0004;0.088;0;-0.0884;0;0;0;0;0;0;0;0;0;0;0;0;0;0;0;0;0;0;0;-12.74;0;0;0;0;0.0004;0;0;0;0;0;0;0;-0.0004;-0.0884;0;0;0;0;0;0;0;0;0;-0.7063;0;0.7063;1;1;0;0;0;0
14/10/21 21:00;0;0;90;0;0;90;0;0;0;0;10.89;2.21;0;0;0;0;0;0;0;0;0;0;0;0;0;1;1;1;1;0;0;0;0;0;0;0;0;0;0;0;0;0;0;0;0;0;0;0;0;0;0;0;0;0;0;0;0;0;0;0;0;0;0;0;1;1;1;1;1;1;1;1;1;1;1;1;1;1;1;1;1;1;1;0;0;0;0;0;0;0;0;0;0.0004;0.088;0;-0.0884;0;0;0;0;0;0;0;0;0;0;0;0;0;0;0;0;0;0;0;-10.89;0;0;0;0;0.0004;0;0;0;0;0;0;0;-0.0004;-0.0884;0;0;0;0;0;0;0;0;0;-0.7063;0;0.7063;1;1;0;0;0;0
14/10/21 22:00;0;0;90;0;0;90;0;0;0;0;10.5;1.5901;0;0;0;0;0;0;0;0;0;0;0;0;0;1;1;1;1;0;0;0;0;0;0;0;0;0;0;0;0;0;0;0;0;0;0;0;0;0;0;0;0;0;0;0;0;0;0;0;0;0;0;0;1;1;1;1;1;1;1;1;1;1;1;1;1;1;1;1;1;1;1;0;0;0;0;0;0;0;0;0;0.0004;0.088;0;-0.0884;0;0;0;0;0;0;0;0;0;0;0;0;0;0;0;0;0;0;0;-10.5;0;0;0;0;0.0004;0;0;0;0;0;0;0;-0.0004;-0.0884;0;0;0;0;0;0;0;0;0;-0.7063;0;0.7063;1;1;0;0;0;0
14/10/21 23:00;0;0;90;0;0;90;0;0;0;0;10.13;1.14;0;0;0;0;0;0;0;0;0;0;0;0;0;1;1;1;1;0;0;0;0;0;0;0;0;0;0;0;0;0;0;0;0;0;0;0;0;0;0;0;0;0;0;0;0;0;0;0;0;0;0;0;1;1;1;1;1;1;1;1;1;1;1;1;1;1;1;1;1;1;1;0;0;0;0;0;0;0;0;0;0.0004;0.088;0;-0.0884;0;0;0;0;0;0;0;0;0;0;0;0;0;0;0;0;0;0;0;-10.13;0;0;0;0;0.0004;0;0;0;0;0;0;0;-0.0004;-0.0884;0;0;0;0;0;0;0;0;0;-0.7063;0;0.7063;1;1;0;0;0;0
15/10/21 00:00;0;0;90;0;0;90;0;0;0;0;8.9603;0.9401;0;0;0;0;0;0;0;0;0;0;0;0;0;1;1;1;1;0;0;0;0;0;0;0;0;0;0;0;0;0;0;0;0;0;0;0;0;0;0;0;0;0;0;0;0;0;0;0;0;0;0;0;1;1;1;1;1;1;1;1;1;1;1;1;1;1;1;1;1;1;1;0;0;0;0;0;0;0;0;0;0.0004;0.088;0;-0.0884;0;0;0;0;0;0;0;0;0;0;0;0;0;0;0;0;0;0;0;-8.9603;0;0;0;0;0.0004;0;0;0;0;0;0;0;-0.0004;-0.0884;0;0;0;0;0;0;0;0;0;-0.7063;0;0.7063;1;1;0;0;0;0
15/10/21 01:00;0;0;90;0;0;90;0;0;0;0;7.42;1.0201;0;0;0;0;0;0;0;0;0;0;0;0;0;1;1;1;1;0;0;0;0;0;0;0;0;0;0;0;0;0;0;0;0;0;0;0;0;0;0;0;0;0;0;0;0;0;0;0;0;0;0;0;1;1;1;1;1;1;1;1;1;1;1;1;1;1;1;1;1;1;1;0;0;0;0;0;0;0;0;0;0.0004;0.088;0;-0.0884;0;0;0;0;0;0;0;0;0;0;0;0;0;0;0;0;0;0;0;-7.42;0;0;0;0;0.0004;0;0;0;0;0;0;0;-0.0004;-0.0884;0;0;0;0;0;0;0;0;0;-0.7063;0;0.7063;1;1;0;0;0;0
15/10/21 02:00;0;0;90;0;0;90;0;0;0;0;6.8198;1.0201;0;0;0;0;0;0;0;0;0;0;0;0;0;1;1;1;1;0;0;0;0;0;0;0;0;0;0;0;0;0;0;0;0;0;0;0;0;0;0;0;0;0;0;0;0;0;0;0;0;0;0;0;1;1;1;1;1;1;1;1;1;1;1;1;1;1;1;1;1;1;1;0;0;0;0;0;0;0;0;0;0.0004;0.088;0;-0.0884;0;0;0;0;0;0;0;0;0;0;0;0;0;0;0;0;0;0;0;-6.8198;0;0;0;0;0.0004;0;0;0;0;0;0;0;-0.0004;-0.0884;0;0;0;0;0;0;0;0;0;-0.7063;0;0.7063;1;1;0;0;0;0
15/10/21 03:00;0;0;90;0;0;90;0;0;0;0;7.42;1.15;0;0;0;0;0;0;0;0;0;0;0;0;0;1;1;1;1;0;0;0;0;0;0;0;0;0;0;0;0;0;0;0;0;0;0;0;0;0;0;0;0;0;0;0;0;0;0;0;0;0;0;0;1;1;1;1;1;1;1;1;1;1;1;1;1;1;1;1;1;1;1;0;0;0;0;0;0;0;0;0;0.0004;0.088;0;-0.0884;0;0;0;0;0;0;0;0;0;0;0;0;0;0;0;0;0;0;0;-7.42;0;0;0;0;0.0004;0;0;0;0;0;0;0;-0.0004;-0.0884;0;0;0;0;0;0;0;0;0;-0.7063;0;0.7063;1;1;0;0;0;0
15/10/21 04:00;0;0;90;0;0;90;0;0;0;0;7.7598;1.56;0;0;0;0;0;0;0;0;0;0;0;0;0;1;1;1;1;0;0;0;0;0;0;0;0;0;0;0;0;0;0;0;0;0;0;0;0;0;0;0;0;0;0;0;0;0;0;0;0;0;0;0;1;1;1;1;1;1;1;1;1;1;1;1;1;1;1;1;1;1;1;0;0;0;0;0;0;0;0;0;0.0004;0.088;0;-0.0884;0;0;0;0;0;0;0;0;0;0;0;0;0;0;0;0;0;0;0;-7.7598;0;0;0;0;0.0004;0;0;0;0;0;0;0;-0.0004;-0.0884;0;0;0;0;0;0;0;0;0;-0.7063;0;0.7063;1;1;0;0;0;0
15/10/21 05:00;4.2997;-97.619;79.523;4.3379;6.2325;-90;-6.2325;6.9934;6.8979;0.0955;7.6002;1.9001;0;0.2315;6.8712;0.0155;0;0.0041;7.1223;0;7.1223;0.2315;0.0155;6.8712;0.0041;0.0325;0.9653;0;0.0006;7.0959;0.0263;0;0;0.0229;0.0035;6.7193;0.3695;0.0704;0.0047;0.2943;0.0002;7.0888;0.0071;0.0002;0;0.0068;0;6.7197;0.1609;0.0107;6.5472;0.0005;4.0883;3.2911;1.2132;0.0003;0.0475;0.6826;0.0004;0.7298;0;1;0;0;1.0184;0.9963;1;1;0.9967;0.1648;0.9479;0.6956;1;0.957;0.7761;0.999;0.999;1;0.999;0.999;0.9434;0.9528;0.1278;0.0214;0.0217;0.0001;0.005;-0.0012;0.0001;0.0004;0.0001;0;0;0.088;0;-0.0737;0;0;0;0;0;0;0;0;0;0;0;0;0.0004;0;0.0167;0.0167;0;7.8839;7.8839;0.2837;0.0422;16.824;991.81;1;0.0023;0.0023;0;0;0;0;0;0;0.0143;-0.0737;0;14.862;17.21;-65.608;-75.972;85.936;85.936;0.1709;0.1334;-0.5887;0.0376;0.7221;0.2198;4.2241;0;4.0878;0;0
15/10/21 06:00;14.49;-90.527;52.638;14.491;22.873;-90;-22.873;45.906;45.3;0.6066;8.9397;2.3099;0;1.4711;43.442;0.1933;0;0.361;45.468;0;45.468;1.4711;0.1933;43.442;0.361;0.0324;0.9634;0;0.0079;43.911;1.5568;0;0;1.2507;0.3061;42.406;1.4613;0.0238;0.0031;1.4228;0.0116;43.867;0.0439;0.0015;0.0002;0.0422;0.0001;42.501;1.4458;0.19;40.727;0.0432;27.398;22.055;8.3823;0.253;0.318;4.574;0.095;4.639;0;1;0;0;0.9904;0.9658;1;1;0.9712;0.1521;0.9667;0.9838;1;0.9662;0.7887;0.999;0.999;1;0.999;0.999;0.9327;0.9375;0.1198;0.1365;0.1377;0.0008;0.013;-0.0072;0.0009;0.0033;0.0009;0;0;0.088;0;0.0298;0;0;0;0;0;0;0;0;0;0;0;0;0.0026;0.0001;0.1233;0.1233;0;10.674;10.674;1.7341;0.0409;115.81;1064.3;1;0.0055;0.0055;0;0;0;0;0;0;0.1178;0.0298;0;17.198;19.915;4.1522;4.8081;95.534;95.534;1.0912;0.9851;0.2378;0.1061;0.7473;0.0972;0.6848;0.218;27.395;0.2027;0
15/10/21 07:00;26.717;-81.543;8.1307;26.97;60;-90;-60;197.01;178.3;18.708;10.4;3.06;0;41.192;129.69;11.857;0;9.8503;192.58;0;192.58;41.192;11.857;129.69;9.8503;0.2139;0.7245;0;0.0511;167.05;25.539;0;0;16.321;9.218;162.82;4.061;0.0116;0.0033;4.0042;0.0419;166.88;0.167;0.0412;0.0119;0.1134;0.0006;166.54;41.139;11.841;109.25;0.5898;115.26;92.781;41.212;21.683;2.2912;32.957;3.7235;13.565;0;1;0;0;0.9776;0.8674;1;1;0.8742;0.0642;0.9757;0.9997;1;0.9646;0.9337;0.999;0.999;1;0.999;0.999;0.8454;0.8424;0.0599;0.5783;0.5711;0.0034;0.0178;-0.0164;0.004;0.0141;0.0065;0;0;0.088;0;0.4314;0;0;0;0;0;0;0;0;0;0;0;0;0.0113;0.001;0.5294;0.5294;0;16.999;16.999;6.5985;0.0405;485.68;1089.9;1;0.01;0.01;0;0;0;0;0;0;0.5194;0.4314;0;17.437;20.191;14.21;16.455;98.119;98.119;4.622;4.2306;3.4477;0.3915;0.7829;0.0847;0.1694;0.7459;112.93;0.6612;0
15/10/21 08:00;38.628;-71.006;14.73;40.201;49.799;-90;-49.799;400.6;270.5;130.09;10.88;3.5801;0;201.55;188.89;63.387;0;14.202;468.03;0;468.03;201.55;63.387;188.89;14.202;0.4306;0.4339;0;0.0303;436.62;31.413;0;0;18.147;13.266;430.35;5.8253;0.1024;0.0322;5.6513;0.0393;436.18;0.4366;0.2016;0.0634;0.1707;0.0009;434.82;201.25;63.291;164.92;0.8961;209.5;168.64;68.946;16.384;3.0552;43.948;4.4654;30.62;0;1;0;0;1.1683;0.9329;1;1;0.9039;0.0659;0.9866;0.9995;1;0.9669;0.958;0.999;0.999;1;0.999;0.999;0.9195;0.8731;0.0631;1.4055;1.4023;0.0084;0.0077;0.0166;0.0096;0.034;0.0086;0;0;0.088;0;1.1765;0;0;0;0;0;0;0;0;0;0;0;0;0.0274;0.0047;1.2853;1.2853;0;28.366;28.366;17.486;0.0406;1200.8;1070.4;1;0.0208;0.0208;0;0;0;0;0;0;1.2645;1.1765;0;17.421;20.174;15.947;18.466;98.381;98.381;11.233;10.272;9.4028;0.9603;0.8697;0.0855;0.0774;0.8371;147.19;0.7821;0
15/10/21 09:00;49.669;-57.116;20.573;54.512;35.488;-90;-35.488;189.7;186.5;3.1998;11.53;3.94;0;3.9298;168.66;0.6978;0;3.5239;176.81;0;176.81;3.9298;0.6978;168.66;3.5239;0.0222;0.9738;0;0.0199;163.87;12.947;0;0;9.7758;3.171;158.53;5.1736;0.0028;0.0005;5.1226;0.0477;163.7;0.1639;0.0039;0.0007;0.1589;0.0004;159.67;3.9231;0.6966;153.61;0.3048;117.63;94.694;38.098;4.5572;1.4537;20.911;1.139;17.808;0;1;0;0;0.9321;0.9268;1;1;0.942;0.1001;0.9684;0.9993;1;0.9677;0.8646;0.999;0.999;1;0.999;0.999;0.8966;0.9107;0.0865;0.531;0.525;0.0032;0.018;-0.0133;0.0036;0.0128;0.0041;0;0;0.088;0;0.3879;0;0;0;0;0;0;0;0;0;0;0;0;0.0103;0.0008;0.4854;0.4854;0;17.962;17.962;6.4315;0.0406;447.26;1085.2;1;0.0094;0.0094;0;0;0;0;0;0;0.4759;0.3879;0;17.413;20.164;13.917;16.116;98.054;98.054;4.2435;3.8789;3.1002;0.3646;0.7788;0.0859;0.1835;0.7306;115.76;0.6711;0
15/10/21 10:00;58.688;-36.797;24.592;69.98;20.02;-90;-20.02;846.81;170.2;676.61;12.77;4.3999;0;720.12;70.182;104.12;0;5.1168;899.54;0;899.54;720.12;104.12;70.182;5.1168;0.8005;0.0837;0;0.0057;893.62;5.9207;0;0;1.6315;4.2892;889.48;3.2452;0.6111;0.0884;2.3635;0.1823;892.73;0.8936;0.7201;0.1041;0.0686;0.0008;890.7;718.79;103.93;66.118;0.6446;479.86;386.29;151.46;0.2524;4.9956;71.859;1.2197;76.603;0;1;0;0;1.0623;0.9934;1;1;0.9768;0.1618;0.9964;0.9992;1;0.9655;0.7795;0.999;0.999;1;0.999;0.999;0.9888;0.9421;0.126;2.7013;2.8342;0.0171;-0.0014;0.2424;0.018;0.064;0.0131;0;0;0.088;0;2.2818;0;0;0;0;0;0;0;0;0;0;0;0;0.0515;0.0175;2.4121;2.4121;0;49.472;49.472;36.702;0.0413;2436.6;989.95;1;0.0423;0.0423;0;0;0;0;0;0;2.3698;2.2818;0;17.01;19.698;16.092;18.634;98.247;98.247;21.589;19.278;18.236;2.3114;1.0413;0.1071;0.0482;0.8447;43.607;0.797;0
15/10/21 11:00;63.393;-7.4228;26.367;86.297;3.7027;-90;-3.7027;626.9;399.1;227.81;13.12;4.99;0;228.28;324.95;73.957;0;0.1309;627.33;0;627.33;228.28;73.957;324.95;0.1309;0.3639;0.5182;0;0.0002;626.74;0.5905;0;0;0.481;0.1095;611.5;14.614;0.2077;0.0673;14.334;0.0048;626.11;0.6267;0.2283;0.074;0.3245;0;611.5;227.85;73.816;309.82;0.0166;370.3;298.09;113.75;-0.0013;4.0458;58.197;0.0008;62.244;0;1;0;0;1.0007;0.9991;1;1;0.9985;0.1633;0.9767;0.9991;1;0.9558;0.7772;0.999;0.999;1;0.999;0.999;0.9748;0.9534;0.1268;1.8839;1.9645;0.0118;0.0008;0.0903;0.013;0.0462;0.011;0;0;0.088;0;1.6288;0;0;0;0;0;0;0;0;0;0;0;0;0.0372;0.0087;1.7454;1.7454;0;38.13;38.13;25.011;0.0409;1685.3;1035.6;1;0.0286;0.0286;0;0;0;0;0;0;1.7168;1.6288;0;17.65;20.438;16.47;19.072;98.36;98.36;15.056;13.949;13.017;1.1067;0.932;0.0735;0.0619;0.8646;192.7;0.8084;0
15/10/21 12:00;61.503;24.719;25.683;77.21;12.79;90;12.79;167.2;165.1;2.0952;10.17;5.5899;0;2.1485;162.77;0.2929;0;0.4149;165.63;0;165.63;2.1485;0.2929;162.77;0.4149;0.013;0.9853;0;0.0025;163.5;2.1322;0;0;1.7858;0.3464;157.02;6.3071;0.0019;0.0003;6.2896;0.0154;163.33;0.1635;0.0021;0.0003;0.161;0.0001;157.11;2.1445;0.2924;154.53;0.053;99.706;80.263;30.04;0.1187;1.1353;16.33;0.0807;17.347;0;1;0;0;0.9906;0.9871;1;1;0.989;0.1649;0.9614;0.9991;1;0.9609;0.7747;0.999;0.999;1;0.999;0.999;0.9481;0.9494;0.1277;0.4974;0.5076;0.0031;0.018;-0.0154;0.0035;0.0125;0.0032;0;0;0.088;0;0.3746;0;0;0;0;0;0;0;0;0;0;0;0;0.01;0.0008;0.4719;0.4719;0;16.533;16.533;6.3632;0.0405;432.66;1090.7;1;0.0094;0.0094;0;0;0;0;0;0;0.4626;0.3746;0;18.075;20.93;14.346;16.612;98.017;98.017;3.9751;3.7716;2.9935;0.2035;0.7781;0.0512;0.1957;0.7531;98.327;0.7013;0
15/10/21 13:00;54.06;49.048;22.625;61.298;28.702;90;28.702;457.21;383.8;73.41;12.14;6.0501;0;83.693;336.51;28.795;0;5.6175;454.62;0;454.62;83.693;28.795;336.51;5.6175;0.1841;0.7526;0;0.0124;435.75;18.87;0;0;13.964;4.9066;424.55;10.762;0.0653;0.0225;10.542;0.132;435.31;0.4357;0.0837;0.0288;0.3226;0.0007;426.18;83.544;28.744;311.69;0.5783;272.37;219.26;85.443;4.3709;3.1444;45.232;1.6291;44.005;0;1;0;0;0.9943;0.9585;1;1;0.9585;0.1266;0.9753;0.9992;1;0.9673;0.8142;0.999;0.999;1;0.999;0.999;0.9339;0.9262;0.1029;1.3652;1.379;0.0083;0.008;0.0214;0.0094;0.0333;0.0088;0;0;0.088;0;1.1501;0;0;0;0;0;0;0;0;0;0;0;0;0.0268;0.0045;1.2584;1.2584;0;29.406;29.406;17.266;0.0407;1180.9;1065.6;1;0.0203;0.0203;0;0;0;0;0;0;1.2381;1.1501;0;17.56;20.334;16.048;18.583;98.385;98.385;10.911;10.057;9.1916;0.8535;0.8658;0.0782;0.0793;0.8424;219.86;0.784;0
15/10/21 14:00;43.724;65.356;17.538;46.458;43.542;90;43.542;459.49;336.7;122.79;12.43;6.2801;0;169.4;252.94;59.892;0;12.642;494.87;0;494.87;169.4;59.892;252.94;12.642;0.3423;0.5367;0;0.0255;463.12;31.748;0;0;20.025;11.723;454.9;7.7638;0.1025;0.0362;7.5615;0.0635;462.66;0.4631;0.1694;0.0599;0.2329;0.0009;458.97;169.12;59.796;225.12;0.8542;257.91;207.62;84.316;13.792;3.3832;48.666;4.0722;38.257;0;1;0;0;1.077;0.9358;1;1;0.9208;0.0727;0.9832;0.9994;1;0.9675;0.9308;0.999;0.999;1;0.999;0.999;0.9192;0.89;0.0676;1.4861;1.485;0.0089;0.0065;0.0311;0.0101;0.0357;0.0094;0;0;0.088;0;1.2397;0;0;0;0;0;0;0;0;0;0;0;0;0.0288;0.0052;1.3493;1.3493;0;30.947;30.947;18.517;0.0407;1272.5;1060.4;1;0.0216;0.0216;0;0;0;0;0;0;1.3277;1.2397;0;17.296;20.029;15.891;18.401;98.398;98.398;11.877;10.784;9.9075;1.0934;0.8761;0.0921;0.0738;0.8342;185.78;0.777;0
15/10/21 15:00;32.111;77.104;10.896;32.773;57.227;90;57.227;482;195.3;286.7;13.29;5.7499;0;529.63;91.592;141.23;0;22.109;784.56;0;784.56;529.63;141.23;91.592;22.109;0.6751;0.1449;0;0.0282;753.02;31.547;0;0;10.785;20.762;749.15;3.116;0.1991;0.0531;2.7935;0.0703;752.26;0.753;0.5296;0.1412;0.0808;0.0013;754.18;528.9;141.04;77.933;1.275;165.12;132.92;53.062;12.942;2.493;35.861;5.0303;25.412;0;1;0;0;1.6277;0.9598;1;1;0.8822;0.0609;0.9959;0.9996;1;0.9654;0.9477;0.999;0.999;1;0.999;0.999;0.9549;0.8509;0.0577;2.356;2.3471;0.0141;-0.0018;0.1565;0.0152;0.0541;0.0067;0;0;0.088;0;1.9245;0;0;0;0;0;0;0;0;0;0;0;0;0.0435;0.0122;2.0465;2.0465;0;44.067;44.067;30.777;0.0411;2017.2;1014.6;1;0.034;0.034;0;0;0;0;0;0;2.0125;1.9245;0;16.547;19.162;15.561;18.019;98.339;98.339;18.83;16.356;15.381;2.4736;0.975;0.1314;0.0518;0.8169;77.224;0.7898;0
15/10/21 16:00;19.977;86.62;34.048;20.009;36.074;90;36.074;459.49;75.799;383.69;13.79;4.4601;0;930.57;12.669;149.85;0;8.8102;1101.9;0;1101.9;930.57;149.85;12.669;8.8102;0.8445;0.0195;0;0.008;1093.2;8.7236;0;0;0.7546;7.969;1087.9;4.1688;3.1644;0.5096;0.3841;0.1107;1092.1;1.0932;0.9306;0.1499;0.0119;0.0008;1088;926.47;149.19;11.518;0.7296;10.918;8.7893;3.8524;0.3642;0.1106;1.5904;0.0893;1.3367;0;1;0;0;2.3981;0.9921;1;1;0.9404;0.0955;0.9962;0.9966;1;0.9677;0.8682;0.999;0.999;1;0.999;0.999;0.9873;0.9092;0.0828;3.309;3.2803;0.0197;0.0036;0.3909;0.0201;0.0711;0.0003;0;0;0.088;0;2.5578;0;0;0;0;0;0;0;0;0;0;0;0;0.0573;0.0232;2.6941;2.6941;0;59.047;59.047;45.257;0.0416;2823.8;954.07;1;0.0483;0.0483;0;0;0;0;0;0;2.6458;2.5578;0;15.51;17.96;14.725;17.052;98.208;98.208;26.445;21.531;20.442;4.9145;1.089;0.1858;0.0412;0.773;8.7358;0.7721;0
15/10/21 17:00;7.7221;95.236;70.981;7.7541;11.346;90;11.346;139.59;71.402;68.192;12.17;3.22;0;165.39;44.661;63.785;0;0.2728;274.1;0;274.1;165.39;63.785;44.661;0.2728;0.6034;0.1639;0;0.001;273.48;0.6284;0;0;0.4006;0.2278;243.94;29.264;19.834;7.6495;1.77;0.0101;273.2;0.2735;0.1654;0.0638;0.0443;0;243.96;145.39;56.072;42.446;0.0349;27.328;21.999;8.2321;0.021;0.3105;4.4665;0.0161;4.756;0;1;0;0;1.9636;0.9977;1;1;0.991;0.1651;0.8929;0.88;1;0.96;0.7746;0.999;0.999;1;0.999;0.999;0.8899;0.9504;0.1278;0.8231;0.7442;0.0045;0.0165;-0.0078;0.0051;0.0181;0.0009;0;0;0.088;0;0.5906;0;0;0;0;0;0;0;0;0;0;0;0;0.0146;0.0015;0.6907;0.6907;0;22.065;22.065;9.8956;0.0406;637.09;1084.1;1;0.0121;0.0121;0;0;0;0;0;0;0.6786;0.5906;0;15.985;18.51;13.669;15.828;98.251;98.251;6.5785;5.52;4.7201;1.0585;0.7999;0.1609;0.1216;0.7175;26.865;0.7089;0
15/10/21 18:00;0.8342;100.06;87.976;0.8472;1.2079;90;1.2079;0;0;0;10.8;3.24;0;0;0;0;0;0;0;0;0;0;0;0;0;1;1;1;1;0;0;0;0;0;0;0;0;0;0;0;0;0;0;0;0;0;0;0;0;0;0;0;0;0;0;0;0;0;0;0;0;0;0;0;1;1;1;1;1;1;1;1;1;1;1;1;1;1;1;1;1;1;1;0;0;0;0;0;0;0;0;0;0.0004;0.088;0;-0.0884;0;0;0;0;0;0;0;0;0;0;0;0;0;0;0;0;0;0;0;-10.8;0;0;0;0;0.0004;0;0;0;0;0;0;0;-0.0004;-0.0884;0;0;0;0;0;0;0;0;0;-0.7063;0;0.7063;1;1;0;0;0;0
15/10/21 19:00;0;0;90;0;0;90;0;0;0;0;10.18;3.9999;0;0;0;0;0;0;0;0;0;0;0;0;0;1;1;1;1;0;0;0;0;0;0;0;0;0;0;0;0;0;0;0;0;0;0;0;0;0;0;0;0;0;0;0;0;0;0;0;0;0;0;0;1;1;1;1;1;1;1;1;1;1;1;1;1;1;1;1;1;1;1;0;0;0;0;0;0;0;0;0;0.0004;0.088;0;-0.0884;0;0;0;0;0;0;0;0;0;0;0;0;0;0;0;0;0;0;0;-10.18;0;0;0;0;0.0004;0;0;0;0;0;0;0;-0.0004;-0.0884;0;0;0;0;0;0;0;0;0;-0.7063;0;0.7063;1;1;0;0;0;0
15/10/21 20:00;0;0;90;0;0;90;0;0;0;0;10.11;5.3301;0;0;0;0;0;0;0;0;0;0;0;0;0;1;1;1;1;0;0;0;0;0;0;0;0;0;0;0;0;0;0;0;0;0;0;0;0;0;0;0;0;0;0;0;0;0;0;0;0;0;0;0;1;1;1;1;1;1;1;1;1;1;1;1;1;1;1;1;1;1;1;0;0;0;0;0;0;0;0;0;0.0004;0.088;0;-0.0884;0;0;0;0;0;0;0;0;0;0;0;0;0;0;0;0;0;0;0;-10.11;0;0;0;0;0.0004;0;0;0;0;0;0;0;-0.0004;-0.0884;0;0;0;0;0;0;0;0;0;-0.7063;0;0.7063;1;1;0;0;0;0
15/10/21 21:00;0;0;90;0;0;90;0;0;0;0;10.85;6.9201;0;0;0;0;0;0;0;0;0;0;0;0;0;1;1;1;1;0;0;0;0;0;0;0;0;0;0;0;0;0;0;0;0;0;0;0;0;0;0;0;0;0;0;0;0;0;0;0;0;0;0;0;1;1;1;1;1;1;1;1;1;1;1;1;1;1;1;1;1;1;1;0;0;0;0;0;0;0;0;0;0.0004;0.088;0;-0.0884;0;0;0;0;0;0;0;0;0;0;0;0;0;0;0;0;0;0;0;-10.85;0;0;0;0;0.0004;0;0;0;0;0;0;0;-0.0004;-0.0884;0;0;0;0;0;0;0;0;0;-0.7063;0;0.7063;1;1;0;0;0;0
15/10/21 22:00;0;0;90;0;0;90;0;0;0;0;10.3;7.38;0;0;0;0;0;0;0;0;0;0;0;0;0;1;1;1;1;0;0;0;0;0;0;0;0;0;0;0;0;0;0;0;0;0;0;0;0;0;0;0;0;0;0;0;0;0;0;0;0;0;0;0;1;1;1;1;1;1;1;1;1;1;1;1;1;1;1;1;1;1;1;0;0;0;0;0;0;0;0;0;0.0004;0.088;0;-0.0884;0;0;0;0;0;0;0;0;0;0;0;0;0;0;0;0;0;0;0;-10.3;0;0;0;0;0.0004;0;0;0;0;0;0;0;-0.0004;-0.0884;0;0;0;0;0;0;0;0;0;-0.7063;0;0.7063;1;1;0;0;0;0
15/10/21 23:00;0;0;90;0;0;90;0;0;0;0;10.2;7.1699;0;0;0;0;0;0;0;0;0;0;0;0;0;1;1;1;1;0;0;0;0;0;0;0;0;0;0;0;0;0;0;0;0;0;0;0;0;0;0;0;0;0;0;0;0;0;0;0;0;0;0;0;1;1;1;1;1;1;1;1;1;1;1;1;1;1;1;1;1;1;1;0;0;0;0;0;0;0;0;0;0.0004;0.088;0;-0.0884;0;0;0;0;0;0;0;0;0;0;0;0;0;0;0;0;0;0;0;-10.2;0;0;0;0;0.0004;0;0;0;0;0;0;0;-0.0004;-0.0884;0;0;0;0;0;0;0;0;0;-0.7063;0;0.7063;1;1;0;0;0;0
16/10/21 00:00;0;0;90;0;0;90;0;0;0;0;10.1;7.4199;0;0;0;0;0;0;0;0;0;0;0;0;0;1;1;1;1;0;0;0;0;0;0;0;0;0;0;0;0;0;0;0;0;0;0;0;0;0;0;0;0;0;0;0;0;0;0;0;0;0;0;0;1;1;1;1;1;1;1;1;1;1;1;1;1;1;1;1;1;1;1;0;0;0;0;0;0;0;0;0;0.0004;0.088;0;-0.0884;0;0;0;0;0;0;0;0;0;0;0;0;0;0;0;0;0;0;0;-10.1;0;0;0;0;0.0004;0;0;0;0;0;0;0;-0.0004;-0.0884;0;0;0;0;0;0;0;0;0;-0.7063;0;0.7063;1;1;0;0;0;0
16/10/21 01:00;0;0;90;0;0;90;0;0;0;0;9.9402;7.8899;0;0;0;0;0;0;0;0;0;0;0;0;0;1;1;1;1;0;0;0;0;0;0;0;0;0;0;0;0;0;0;0;0;0;0;0;0;0;0;0;0;0;0;0;0;0;0;0;0;0;0;0;1;1;1;1;1;1;1;1;1;1;1;1;1;1;1;1;1;1;1;0;0;0;0;0;0;0;0;0;0.0004;0.088;0;-0.0884;0;0;0;0;0;0;0;0;0;0;0;0;0;0;0;0;0;0;0;-9.9402;0;0;0;0;0.0004;0;0;0;0;0;0;0;-0.0004;-0.0884;0;0;0;0;0;0;0;0;0;-0.7063;0;0.7063;1;1;0;0;0;0
16/10/21 02:00;0;0;90;0;0;90;0;0;0;0;9.5998;8.2801;0;0;0;0;0;0;0;0;0;0;0;0;0;1;1;1;1;0;0;0;0;0;0;0;0;0;0;0;0;0;0;0;0;0;0;0;0;0;0;0;0;0;0;0;0;0;0;0;0;0;0;0;1;1;1;1;1;1;1;1;1;1;1;1;1;1;1;1;1;1;1;0;0;0;0;0;0;0;0;0;0.0004;0.088;0;-0.0884;0;0;0;0;0;0;0;0;0;0;0;0;0;0;0;0;0;0;0;-9.5998;0;0;0;0;0.0004;0;0;0;0;0;0;0;-0.0004;-0.0884;0;0;0;0;0;0;0;0;0;-0.7063;0;0.7063;1;1;0;0;0;0
16/10/21 03:00;0;0;90;0;0;90;0;0;0;0;9.2003;8.42;0;0;0;0;0;0;0;0;0;0;0;0;0;1;1;1;1;0;0;0;0;0;0;0;0;0;0;0;0;0;0;0;0;0;0;0;0;0;0;0;0;0;0;0;0;0;0;0;0;0;0;0;1;1;1;1;1;1;1;1;1;1;1;1;1;1;1;1;1;1;1;0;0;0;0;0;0;0;0;0;0.0004;0.088;0;-0.0884;0;0;0;0;0;0;0;0;0;0;0;0;0;0;0;0;0;0;0;-9.2003;0;0;0;0;0.0004;0;0;0;0;0;0;0;-0.0004;-0.0884;0;0;0;0;0;0;0;0;0;-0.7063;0;0.7063;1;1;0;0;0;0
16/10/21 04:00;0;0;90;0;0;90;0;0;0;0;9.3997;8.2999;0;0;0;0;0;0;0;0;0;0;0;0;0;1;1;1;1;0;0;0;0;0;0;0;0;0;0;0;0;0;0;0;0;0;0;0;0;0;0;0;0;0;0;0;0;0;0;0;0;0;0;0;1;1;1;1;1;1;1;1;1;1;1;1;1;1;1;1;1;1;1;0;0;0;0;0;0;0;0;0;0.0004;0.088;0;-0.0884;0;0;0;0;0;0;0;0;0;0;0;0;0;0;0;0;0;0;0;-9.3997;0;0;0;0;0.0004;0;0;0;0;0;0;0;-0.0004;-0.0884;0;0;0;0;0;0;0;0;0;-0.7063;0;0.7063;1;1;0;0;0;0
16/10/21 05:00;4.3519;-98.032;79.395;4.3948;6.3157;-90;-6.3157;2.5981;2.5981;0;9.4197;8.2199;0;0;2.5902;0;0;0.0016;2.5918;2.5918;0;0;0;0;0;1;1;1;1;0;0;0;0;0;0;0;0;0;0;0;0;0;0;0;0;0;0;0;0;0;0;0;0;0;0;0;0;0;0;0;0;0;0;0;0;1;1;1;1;1;1;1;1;1;1;1;1;1;0;0;1;0;0;0;0;0;0;0;0;0;0;0;0.0004;0.088;0;-0.0884;0;0;0;0;0;0;0;0;0;0;0;0;0;0;0;0;0;0;0;-9.4197;0;0;0;0;0.0004;0;0;0;0;0;0;0;-0.0004;-0.0884;0;0;0;0;0;0;0;0;0;-0.7063;0;0.7063;1;1;0;0;0;0
16/10/21 06:00;14.741;-90.811;51.893;14.743;23.368;-90;-23.368;13.498;13.397;0.1016;9.54;8.24;0;0.2464;12.844;0.0094;0;0.1107;13.21;0;13.21;0.2464;0.0094;12.844;0.1107;0.0187;0.9806;0;0.0084;12.733;0.4768;0;0;0.3827;0.0941;12.295;0.4261;0.0037;0.0001;0.4188;0.0035;12.721;0.0127;0.0002;0;0.0125;0;12.324;0.2425;0.0093;12.03;0.0131;8.122;6.5382;2.489;0.0808;0.0944;1.3575;0.0297;1.3711;0;1;0;0;0.9786;0.9639;1;1;0.9702;0.1502;0.9665;0.985;1;0.9664;0.7906;0.999;0.999;1;0.999;0.999;0.9307;0.9366;0.1187;0.0397;0.04;0.0002;0.007;-0.0021;0.0002;0.0009;0.0002;0;0;0.088;0;-0.058;0;0;0;0;0;0;0;0;0;0;0;0;0.0007;0;0.0328;0.0328;0;10.053;10.053;0.5125;0.0417;32.414;1011.8;1;0.0028;0.0028;0;0;0;0;0;0;0.03;-0.058;0;15.749;18.237;-27.84;-32.238;91.548;91.548;0.317;0.2621;-0.4633;0.0549;0.7255;0.1733;2.2882;0;8.1215;0;0
16/10/21 07:00;26.973;-81.846;7.7773;27.209;60;-90;-60;91.109;89.801;1.308;9.76;8.6199;0;2.8573;67.21;0.4104;0;4.5555;75.033;0;75.033;2.8573;0.4104;67.21;4.5555;0.0381;0.9565;0;0.0607;62.312;12.721;0;0;8.4583;4.2631;60.154;2.0954;0.0008;0.0001;2.0752;0.0194;62.25;0.0623;0.0029;0.0004;0.0588;0.0003;62.034;2.8536;0.4098;56.618;0.2727;58.681;47.239;21.037;11.237;1.1758;16.914;1.8802;6.8522;0;1;0;0;0.8236;0.8305;1;1;0.8742;0.0642;0.9663;0.9997;1;0.9646;0.9337;0.999;0.999;1;0.999;0.999;0.8017;0.8424;0.0599;0.2253;0.2225;0.0013;0.0157;-0.0104;0.0015;0.0054;0.0033;0;0;0.088;0;0.1066;0;0;0;0;0;0;0;0;0;0;0;0;0.0043;0.0002;0.2012;0.2012;0;12.213;12.213;2.4527;0.0408;187.56;1072.6;1;0.0066;0.0066;0;0;0;0;0;0;0.1946;0.1066;0;17.009;19.696;9.0109;10.434;96.72;96.72;1.8008;1.6078;0.8518;0.193;0.756;0.1072;0.4198;0.473;58.526;0.4047;0
16/10/21 08:00;38.898;-71.333;14.424;40.42;49.58;-90;-49.58;305.31;268;37.306;11.03;9.19;0;57.537;211.36;17.813;0;10.735;297.45;0;297.45;57.537;17.813;211.36;10.735;0.1934;0.7467;0;0.0361;267.25;30.203;0;0;20.177;10.025;260.59;6.3896;0.0286;0.0089;6.322;0.0302;266.98;0.2672;0.0575;0.0178;0.1912;0.0007;264.45;57.451;17.786;184.67;0.6792;182.29;146.74;61.467;18.053;2.8093;40.411;3.8638;25.166;0;1;0;0;0.9743;0.8985;1;1;0.9045;0.0661;0.9761;0.9995;1;0.9669;0.9575;0.999;0.999;1;0.999;0.999;0.8761;0.8737;0.0633;0.8932;0.8817;0.0053;0.015;-0.0107;0.0061;0.0216;0.008;0;0;0.088;0;0.715;0;0;0;0;0;0;0;0;0;0;0;0;0.0174;0.002;0.8169;0.8169;0;21.591;21.591;10.562;0.0405;751.67;1086.7;1;0.0139;0.0139;0;0;0;0;0;0;0.803;0.715;0;17.421;20.173;15.248;17.657;98.297;98.297;7.1388;6.5285;5.714;0.6103;0.8145;0.0855;0.1141;0.8004;164.35;0.7265;0
16/10/21 09:00;49.97;-57.453;20.245;54.699;35.301;-90;-35.301;362.41;325.8;36.607;12.99;9.51;0;44.854;285.59;13.844;0;6.6637;350.95;0;350.95;44.854;13.844;285.59;6.6637;0.1278;0.8327;0;0.019;328.54;22.408;0;0;16.417;5.9913;319.4;8.8118;0.0313;0.0097;8.6788;0.092;328.21;0.3285;0.0449;0.0138;0.2692;0.0007;321.54;44.778;13.821;260.22;0.5797;219.55;176.74;70.519;7.5783;2.6912;38.711;2.1372;33.824;0;1;0;0;0.9684;0.9362;1;1;0.9425;0.1009;0.9732;0.9993;1;0.9677;0.863;0.999;0.999;1;0.999;0.999;0.9101;0.9112;0.087;1.0539;1.05;0.0063;0.0127;0.0036;0.0072;0.0255;0.0076;0;0;0.088;0;0.8598;0;0;0;0;0;0;0;0;0;0;0;0;0.0205;0.0028;0.9638;0.9638;0;25.964;25.964;12.974;0.0406;896.63;1074.9;1;0.016;0.016;0;0;0;0;0;0;0.9478;0.8598;0;17.422;20.174;15.542;17.998;98.341;98.341;8.4228;7.703;6.8719;0.7198;0.8311;0.0855;0.0987;0.8159;195.73;0.7536;0
16/10/21 10:00;59.034;-37.061;24.242;70.119;19.881;-90;-19.881;184.8;182.2;2.6007;14;9.59;0;2.7655;176.38;0.4263;0;1.1014;180.67;0;180.67;2.7655;0.4263;176.38;1.1014;0.0153;0.9823;0;0.0061;175.69;4.9764;0;0;4.0534;0.923;169.52;5.9965;0.0023;0.0004;5.9545;0.0393;175.52;0.1757;0.0028;0.0004;0.1723;0.0002;169.79;2.7604;0.4255;166.2;0.1389;111.21;89.526;33.996;0.6161;1.2659;18.209;0.2682;18.859;0;1;0;0;0.9777;0.9725;1;1;0.977;0.162;0.9658;0.9992;1;0.9654;0.7794;0.999;0.999;1;0.999;0.999;0.9383;0.9423;0.1261;0.5426;0.5498;0.0033;0.0179;-0.0081;0.0038;0.0133;0.0036;0;0;0.088;0;0.4069;0;0;0;0;0;0;0;0;0;0;0;0;0.0107;0.0009;0.5044;0.5044;0;20.89;20.89;6.8905;0.0406;468.97;1075.6;1;0.0096;0.0096;0;0;0;0;0;0;0.4949;0.4069;0;17.71;20.508;14.285;16.542;98.106;98.106;4.3361;4.0312;3.2516;0.3049;0.7796;0.0703;0.1798;0.7499;109.52;0.6973;0
16/10/21 11:00;63.764;-7.3906;26.001;86.373;3.6274;-90;-3.6274;1029.9;169.9;860.01;15.71;9.53;0;861.73;51.683;118.4;0;0.2063;1032;0;1032;861.73;118.4;51.683;0.2063;0.835;0.0503;0;0.0002;1031.8;0.2468;0;0;0.0742;0.1726;1027.6;3.1684;0.7732;0.1062;2.2815;0.0075;1030.7;1.0318;0.8617;0.1184;0.0516;0;1027.6;860.1;118.17;49.276;0.0262;606.67;488.37;192.79;-0.0002;6.2097;89.324;0.0057;95.534;0;1;0;0;1.0021;0.9998;1;1;0.9986;0.1633;0.9969;0.9991;1;0.9557;0.7772;0.999;0.999;1;0.999;0.999;0.9957;0.9534;0.1268;3.0992;3.2833;0.0198;0.0036;0.384;0.0201;0.0714;0.0156;0;0;0.088;0;2.552;0;0;0;0;0;0;0;0;0;0;0;0;0.0575;0.0231;2.6881;2.6881;0;58.43;58.43;42.721;0.0416;2818.5;953.74;1;0.0481;0.0481;0;0;0;0;0;0;2.64;2.552;0;16.523;19.134;15.687;18.165;98.21;98.21;24.769;21.483;20.396;3.2852;1.0878;0.1326;0.0439;0.8234;30.646;0.7733;0
16/10/21 12:00;61.829;25.096;25.311;77.203;12.797;90;12.797;505.81;415.4;90.408;17.14;9.4701;0;92.711;379.72;31.691;0;1.2564;505.38;0;505.38;92.711;31.691;379.72;1.2564;0.1834;0.7538;0;0.0025;500.16;5.2187;0;0;4.1696;1.0491;484.84;14.826;0.081;0.0277;14.671;0.0466;499.66;0.5002;0.0927;0.0317;0.3756;0.0002;485.09;92.538;31.631;360.51;0.1604;299.66;241.22;90.772;0.2774;3.3749;48.546;0.2508;51.644;0;1;0;0;0.9992;0.9897;1;1;0.989;0.1649;0.9703;0.9991;1;0.9609;0.7747;0.999;0.999;1;0.999;0.999;0.9593;0.9494;0.1276;1.5177;1.5634;0.0094;0.0055;0.066;0.0104;0.0368;0.0092;0;0;0.088;0;1.281;0;0;0;0;0;0;0;0;0;0;0;0;0.0296;0.0057;1.3908;1.3908;0;36.97;36.97;19.83;0.0409;1341.4;1036.8;1;0.0218;0.0218;0;0;0;0;0;0;1.369;1.281;0;17.458;20.216;16.079;18.619;98.43;98.43;12.129;11.115;10.238;1.0137;0.8779;0.0836;0.0724;0.844;229.39;0.7874;0
16/10/21 13:00;54.313;49.514;22.256;61.354;28.646;90;28.646;573.4;377.7;195.7;17.72;9.43;0;223;292.61;75.223;0;7.0186;597.85;0;597.85;223;75.223;292.61;7.0186;0.373;0.5012;0;0.0117;579.61;18.233;0;0;12.104;6.1287;569.47;9.5639;0.1713;0.0578;9.1694;0.1655;579.03;0.5796;0.223;0.0752;0.2805;0.0009;571.45;222.6;75.09;271.05;0.7236;330.46;266.02;103.56;3.7758;3.7224;53.545;1.9825;53.491;0;1;0;0;1.0426;0.9695;1;1;0.9586;0.1268;0.9835;0.9992;1;0.9673;0.8139;0.999;0.999;1;0.999;0.999;0.9525;0.9263;0.1031;1.7953;1.834;0.011;0.0021;0.1036;0.012;0.0426;0.01;0;0;0.088;0;1.4968;0;0;0;0;0;0;0;0;0;0;0;0;0.0343;0.0077;1.6106;1.6106;0;41.075;41.075;23.355;0.041;1574.1;1023.1;1;0.0258;0.0258;0;0;0;0;0;0;1.5848;1.4968;0;17.09;19.789;15.882;18.391;98.398;98.398;14.348;12.872;11.962;1.4766;0.9095;0.1029;0.0634;0.8337;191.1;0.7813;0
16/10/21 14:00;43.925;65.789;17.18;46.561;43.439;90;43.439;286.3;273.9;12.398;17.33;9.26;0;17.075;233.33;4.8905;0;7.8415;263.13;0;263.13;17.075;4.8905;233.33;7.8415;0.0649;0.9165;0;0.0298;237.46;25.679;0;0;18.408;7.2701;230.19;7.0288;0.0101;0.0029;6.9759;0.0398;237.22;0.2375;0.0171;0.0049;0.2149;0.0006;232.99;17.048;4.8827;207.73;0.5309;178.15;143.41;59.092;12.619;2.4827;35.712;2.8015;25.576;0;1;0;0;0.9191;0.9024;1;1;0.9211;0.0729;0.9704;0.9994;1;0.9675;0.9302;0.999;0.999;1;0.999;0.999;0.8748;0.8903;0.0677;0.7902;0.777;0.0047;0.0162;0.0047;0.0053;0.0187;0.0069;0;0;0.088;0;0.6039;0;0;0;0;0;0;0;0;0;0;0;0;0.015;0.0016;0.704;0.704;0;26.708;26.708;9.3787;0.0407;662.62;1062.4;1;0.012;0.012;0;0;0;0;0;0;0.6919;0.6039;0;16.971;19.652;14.56;16.86;98.291;98.291;6.3152;5.6261;4.8266;0.6891;0.7994;0.1091;0.1266;0.7643;171.21;0.6938;0
16/10/21 15:00;32.284;77.493;10.549;32.908;57.092;90;57.092;476.7;203.4;273.3;17.44;8.73;0;503.04;98.698;138.96;0;21.771;762.47;0;762.47;503.04;138.96;98.698;21.771;0.6597;0.158;0;0.0286;730.44;32.027;0;0;11.582;20.446;726.4;3.3107;0.1831;0.0506;3.0086;0.0684;729.71;0.7304;0.503;0.139;0.0871;0.0013;731.27;502.35;138.77;84.02;1.2558;168.47;135.62;55.447;13.829;2.4993;35.952;4.8719;24.622;0;1;0;0;1.5995;0.958;1;1;0.8827;0.0609;0.9955;0.9996;1;0.9654;0.9484;0.999;0.999;1;0.999;0.999;0.9527;0.8513;0.0577;2.2897;2.2783;0.0137;-0.0015;0.1788;0.0146;0.0518;0.0066;0;0;0.088;0;1.8409;0;0;0;0;0;0;0;0;0;0;0;0;0.0417;0.0116;1.961;1.961;0;47.366;47.366;29.926;0.0412;1959.3;1000.9;1;0.0321;0.0321;0;0;0;0;0;0;1.9289;1.8409;0;16.315;18.893;15.316;17.736;98.364;98.364;18.299;15.672;14.713;2.6269;0.9597;0.1436;0.0524;0.804;83.088;0.7766;0
16/10/21 16:00;20.139;86.976;33.381;20.165;36.561;90;36.561;322.59;137.4;185.19;17.23;7.5699;0;449.14;75.548;130.02;0;6.3478;661.06;0;661.06;449.14;130.02;75.548;6.3478;0.6794;0.1239;0;0.0096;650.71;10.349;0;0;4.5952;5.7542;645.95;4.1064;1.3523;0.3915;2.2872;0.0755;650.06;0.6507;0.4491;0.13;0.071;0.0006;646.5;447.34;129.5;68.595;0.5175;53.468;43.041;17.445;2.2621;0.6649;9.5638;0.5514;7.9665;0;1;0;0;2.0492;0.9843;1;1;0.9392;0.0935;0.9937;0.997;1;0.9677;0.8727;0.999;0.999;1;0.999;0.999;0.9771;0.908;0.0815;1.9852;1.9674;0.0118;0.0008;0.1297;0.0128;0.0453;0.0018;0;0;0.088;0;1.6041;0;0;0;0;0;0;0;0;0;0;0;0;0.0365;0.0088;1.7199;1.7199;0;43.77;43.77;26.54;0.0411;1692.5;1016.2;1;0.0278;0.0278;0;0;0;0;0;0;1.6921;1.6041;0;16.505;19.112;15.394;17.825;98.386;98.386;15.865;13.746;12.82;2.1199;0.9252;0.1336;0.0583;0.8081;52.298;0.7994;0
16/10/21 17:00;7.8861;95.572;70.564;7.923;11.607;90;11.607;87.007;78.799;8.2082;15.83;5.6501;0;19.907;74.608;8.2935;0;0.1779;102.99;0;102.99;19.907;8.2935;74.608;0.1779;0.1933;0.7262;0;0.0017;102.14;0.8439;0;0;0.6953;0.1486;95.854;6.1876;2.2853;0.9521;2.9436;0.0066;102.04;0.1021;0.0199;0.0083;0.0739;0;95.882;17.602;7.3332;70.896;0.0227;44.969;36.2;13.426;0.0381;0.519;7.4653;0.0286;7.9462;0;1;0;0;1.1837;0.9918;1;1;0.9907;0.1651;0.9394;0.8851;1;0.9601;0.7746;0.999;0.999;1;0.999;0.999;0.9307;0.9502;0.1278;0.3093;0.3045;0.0018;0.0171;-0.0058;0.002;0.0072;0.0014;0;0;0.088;0;0.1795;0;0;0;0;0;0;0;0;0;0;0;0;0.0058;0.0004;0.2745;0.2745;0;19.744;19.744;3.9136;0.0408;259.18;1059.1;1;0.007;0.007;0;0;0;0;0;0;0.2675;0.1795;0;16.909;19.58;11.058;12.805;97.456;97.456;2.4717;2.1939;1.4348;0.2778;0.7591;0.1124;0.3071;0.5805;44.912;0.5506;0
16/10/21 18:00;1.0037;100.39;87.565;1.0204;1.455;90;1.455;0;0;0;13.9;4.66;0;0;0;0;0;0;0;0;0;0;0;0;0;1;1;1;1;0;0;0;0;0;0;0;0;0;0;0;0;0;0;0;0;0;0;0;0;0;0;0;0;0;0;0;0;0;0;0;0;0;0;0;1;1;1;1;1;1;1;1;1;1;1;1;1;1;1;1;1;1;1;0;0;0;0;0;0;0;0;0;0.0004;0.088;0;-0.0884;0;0;0;0;0;0;0;0;0;0;0;0;0;0;0;0;0;0;0;-13.9;0;0;0;0;0.0004;0;0;0;0;0;0;0;-0.0004;-0.0884;0;0;0;0;0;0;0;0;0;-0.7063;0;0.7063;1;1;0;0;0;0
16/10/21 19:00;0;0;90;0;0;90;0;0;0;0;12.64;4.2299;0;0;0;0;0;0;0;0;0;0;0;0;0;1;1;1;1;0;0;0;0;0;0;0;0;0;0;0;0;0;0;0;0;0;0;0;0;0;0;0;0;0;0;0;0;0;0;0;0;0;0;0;1;1;1;1;1;1;1;1;1;1;1;1;1;1;1;1;1;1;1;0;0;0;0;0;0;0;0;0;0.0004;0.088;0;-0.0884;0;0;0;0;0;0;0;0;0;0;0;0;0;0;0;0;0;0;0;-12.64;0;0;0;0;0.0004;0;0;0;0;0;0;0;-0.0004;-0.0884;0;0;0;0;0;0;0;0;0;-0.7063;0;0.7063;1;1;0;0;0;0
16/10/21 20:00;0;0;90;0;0;90;0;0;0;0;11.04;3.9701;0;0;0;0;0;0;0;0;0;0;0;0;0;1;1;1;1;0;0;0;0;0;0;0;0;0;0;0;0;0;0;0;0;0;0;0;0;0;0;0;0;0;0;0;0;0;0;0;0;0;0;0;1;1;1;1;1;1;1;1;1;1;1;1;1;1;1;1;1;1;1;0;0;0;0;0;0;0;0;0;0.0004;0.088;0;-0.0884;0;0;0;0;0;0;0;0;0;0;0;0;0;0;0;0;0;0;0;-11.04;0;0;0;0;0.0004;0;0;0;0;0;0;0;-0.0004;-0.0884;0;0;0;0;0;0;0;0;0;-0.7063;0;0.7063;1;1;0;0;0;0
16/10/21 21:00;0;0;90;0;0;90;0;0;0;0;10.12;3.4901;0;0;0;0;0;0;0;0;0;0;0;0;0;1;1;1;1;0;0;0;0;0;0;0;0;0;0;0;0;0;0;0;0;0;0;0;0;0;0;0;0;0;0;0;0;0;0;0;0;0;0;0;1;1;1;1;1;1;1;1;1;1;1;1;1;1;1;1;1;1;1;0;0;0;0;0;0;0;0;0;0.0004;0.088;0;-0.0884;0;0;0;0;0;0;0;0;0;0;0;0;0;0;0;0;0;0;0;-10.12;0;0;0;0;0.0004;0;0;0;0;0;0;0;-0.0004;-0.0884;0;0;0;0;0;0;0;0;0;-0.7063;0;0.7063;1;1;0;0;0;0
16/10/21 22:00;0;0;90;0;0;90;0;0;0;0;7.6002;3.3599;0;0;0;0;0;0;0;0;0;0;0;0;0;1;1;1;1;0;0;0;0;0;0;0;0;0;0;0;0;0;0;0;0;0;0;0;0;0;0;0;0;0;0;0;0;0;0;0;0;0;0;0;1;1;1;1;1;1;1;1;1;1;1;1;1;1;1;1;1;1;1;0;0;0;0;0;0;0;0;0;0.0004;0.088;0;-0.0884;0;0;0;0;0;0;0;0;0;0;0;0;0;0;0;0;0;0;0;-7.6002;0;0;0;0;0.0004;0;0;0;0;0;0;0;-0.0004;-0.0884;0;0;0;0;0;0;0;0;0;-0.7063;0;0.7063;1;1;0;0;0;0
16/10/21 23:00;0;0;90;0;0;90;0;0;0;0;7.5902;3.14;0;0;0;0;0;0;0;0;0;0;0;0;0;1;1;1;1;0;0;0;0;0;0;0;0;0;0;0;0;0;0;0;0;0;0;0;0;0;0;0;0;0;0;0;0;0;0;0;0;0;0;0;1;1;1;1;1;1;1;1;1;1;1;1;1;1;1;1;1;1;1;0;0;0;0;0;0;0;0;0;0.0004;0.088;0;-0.0884;0;0;0;0;0;0;0;0;0;0;0;0;0;0;0;0;0;0;0;-7.5902;0;0;0;0;0.0004;0;0;0;0;0;0;0;-0.0004;-0.0884;0;0;0;0;0;0;0;0;0;-0.7063;0;0.7063;1;1;0;0;0;0
17/10/21 00:00;0;0;90;0;0;90;0;0;0;0;7.2;2.82;0;0;0;0;0;0;0;0;0;0;0;0;0;1;1;1;1;0;0;0;0;0;0;0;0;0;0;0;0;0;0;0;0;0;0;0;0;0;0;0;0;0;0;0;0;0;0;0;0;0;0;0;1;1;1;1;1;1;1;1;1;1;1;1;1;1;1;1;1;1;1;0;0;0;0;0;0;0;0;0;0.0004;0.088;0;-0.0884;0;0;0;0;0;0;0;0;0;0;0;0;0;0;0;0;0;0;0;-7.2;0;0;0;0;0.0004;0;0;0;0;0;0;0;-0.0004;-0.0884;0;0;0;0;0;0;0;0;0;-0.7063;0;0.7063;1;1;0;0;0;0
17/10/21 01:00;0;0;90;0;0;90;0;0;0;0;6.1902;2.7199;0;0;0;0;0;0;0;0;0;0;0;0;0;1;1;1;1;0;0;0;0;0;0;0;0;0;0;0;0;0;0;0;0;0;0;0;0;0;0;0;0;0;0;0;0;0;0;0;0;0;0;0;1;1;1;1;1;1;1;1;1;1;1;1;1;1;1;1;1;1;1;0;0;0;0;0;0;0;0;0;0.0004;0.088;0;-0.0884;0;0;0;0;0;0;0;0;0;0;0;0;0;0;0;0;0;0;0;-6.1902;0;0;0;0;0.0004;0;0;0;0;0;0;0;-0.0004;-0.0884;0;0;0;0;0;0;0;0;0;-0.7063;0;0.7063;1;1;0;0;0;0
17/10/21 02:00;0;0;90;0;0;90;0;0;0;0;4.5802;2.6399;0;0;0;0;0;0;0;0;0;0;0;0;0;1;1;1;1;0;0;0;0;0;0;0;0;0;0;0;0;0;0;0;0;0;0;0;0;0;0;0;0;0;0;0;0;0;0;0;0;0;0;0;1;1;1;1;1;1;1;1;1;1;1;1;1;1;1;1;1;1;1;0;0;0;0;0;0;0;0;0;0.0004;0.088;0;-0.0884;0;0;0;0;0;0;0;0;0;0;0;0;0;0;0;0;0;0;0;-4.5802;0;0;0;0;0.0004;0;0;0;0;0;0;0;-0.0004;-0.0884;0;0;0;0;0;0;0;0;0;-0.7063;0;0.7063;1;1;0;0;0;0
17/10/21 03:00;0;0;90;0;0;90;0;0;0;0;3.9699;2.5301;0;0;0;0;0;0;0;0;0;0;0;0;0;1;1;1;1;0;0;0;0;0;0;0;0;0;0;0;0;0;0;0;0;0;0;0;0;0;0;0;0;0;0;0;0;0;0;0;0;0;0;0;1;1;1;1;1;1;1;1;1;1;1;1;1;1;1;1;1;1;1;0;0;0;0;0;0;0;0;0;0.0004;0.088;0;-0.0884;0;0;0;0;0;0;0;0;0;0;0;0;0;0;0;0;0;0;0;-3.9699;0;0;0;0;0.0004;0;0;0;0;0;0;0;-0.0004;-0.0884;0;0;0;0;0;0;0;0;0;-0.7063;0;0.7063;1;1;0;0;0;0
17/10/21 04:00;0;0;90;0;0;90;0;0;0;0;3.2699;2.26;0;0;0;0;0;0;0;0;0;0;0;0;0;1;1;1;1;0;0;0;0;0;0;0;0;0;0;0;0;0;0;0;0;0;0;0;0;0;0;0;0;0;0;0;0;0;0;0;0;0;0;0;1;1;1;1;1;1;1;1;1;1;1;1;1;1;1;1;1;1;1;0;0;0;0;0;0;0;0;0;0.0004;0.088;0;-0.0884;0;0;0;0;0;0;0;0;0;0;0;0;0;0;0;0;0;0;0;-3.2699;0;0;0;0;0.0004;0;0;0;0;0;0;0;-0.0004;-0.0884;0;0;0;0;0;0;0;0;0;-0.7063;0;0.7063;1;1;0;0;0;0
17/10/21 05:00;4.4008;-98.445;79.275;4.4488;6.3946;-90;-6.3946;37.194;26.501;10.692;3.5398;2.1501;0;25.932;23.75;6.4933;0;0.0231;56.199;0;56.199;25.932;6.4933;23.75;0.0231;0.4614;0.423;0;0.0004;56.097;0.1018;0;0;0.0825;0.0193;45.434;10.606;7.67;1.9205;1.015;0.0009;56.041;0.0561;0.0259;0.0065;0.0237;0;45.436;18.236;4.5663;22.629;0.003;14.198;11.43;4.2251;0.001;0.1641;2.3598;0.0015;2.5229;0;1;0;0;1.511;0.9982;1;1;0.9965;0.1649;0.8107;0.7039;1;0.9571;0.7761;0.999;0.999;1;0.999;0.999;0.8085;0.9528;0.1279;0.1688;0.1418;0.0009;0.0132;-0.0102;0.001;0.0034;0.0005;0;0;0.088;0;0.0363;0;0;0;0;0;0;0;0;0;0;0;0;0.0028;0.0001;0.1302;0.1302;0;5.3878;5.3878;1.8479;0.0407;119.4;1090.7;1;0.006;0.006;0;0;0;0;0;0;0.1243;0.0363;0;14.7;17.022;4.0945;4.7414;95.43;95.43;1.3488;1.0408;0.2899;0.308;0.7509;0.2284;0.5567;0.2149;14.133;0.2084;0
17/10/21 06:00;14.989;-91.095;51.153;14.991;23.864;-90;-23.864;210.6;48.2;162.4;7.7498;1.89;0;393.87;25.134;53.219;0;1.8004;474.03;0;474.03;393.87;53.219;25.134;1.8004;0.8309;0.0568;0;0.0038;471.72;2.3079;0;0;0.7746;1.5333;464.1;7.1411;5.5234;0.7463;0.816;0.0554;471.25;0.4717;0.3939;0.0532;0.0244;0.0003;464.17;387.95;52.419;23.519;0.2115;16.841;13.557;5.3215;0.1708;0.1855;2.6678;0.0613;2.6824;0;1;0;0;2.2508;0.9951;1;1;0.9692;0.1484;0.9848;0.986;1;0.9665;0.7925;0.999;0.999;1;0.999;0.999;0.9791;0.9357;0.1175;1.4235;1.4036;0.0084;0.0077;0.0078;0.0097;0.0343;0.0005;0;0;0.088;0;1.1938;0;0;0;0;0;0;0;0;0;0;0;0;0.0276;0.0047;1.3031;1.3031;0;26.571;26.571;18.822;0.0406;1205.1;1081.2;1;0.0213;0.0213;0;0;0;0;0;0;1.2818;1.1938;0;17.438;20.193;15.976;18.5;98.368;98.368;11.377;10.414;9.5408;0.9626;0.8732;0.0846;0.0768;0.8386;15.938;0.8351;0
17/10/21 07:00;27.224;-82.15;7.4272;27.444;60;-90;-60;451.8;74.701;377.09;11.11;2.5301;0;817.4;22.543;96.771;0;22.59;959.3;0;959.3;817.4;96.771;22.543;22.59;0.8521;0.047;0;0.0235;935.33;23.977;0;0;2.837;21.14;933.36;1.0264;0.2095;0.0248;0.696;0.0961;934.39;0.9353;0.8174;0.0968;0.0197;0.0015;935.91;816.37;96.649;18.99;1.3525;66.286;53.36;21.922;3.7745;0.8682;12.488;2.5437;9.5817;0;1;0;0;2.1233;0.975;1;1;0.8742;0.0642;0.9989;0.9997;1;0.9646;0.9337;0.999;0.999;1;0.999;0.999;0.973;0.8424;0.0599;2.8808;2.8452;0.0171;-0.0013;0.2449;0.0181;0.0642;0.0023;0;0;0.088;0;2.2998;0;0;0;0;0;0;0;0;0;0;0;0;0.0517;0.0177;2.4306;2.4306;0;49.628;49.628;38.518;0.0413;2451.4;991.5;1;0.0428;0.0428;0;0;0;0;0;0;2.3878;2.2998;0;16.073;18.612;15.208;17.611;98.24;98.24;23.023;19.425;18.38;3.5978;1.0453;0.1563;0.0454;0.7983;19.631;0.7906;0
17/10/21 08:00;39.165;-71.662;14.119;40.634;49.366;-90;-49.366;659.1;108.8;550.3;13.32;2.82;0;845.02;33.081;105.54;0;22.988;1006.6;0;1006.6;845.02;105.54;33.081;22.988;0.8395;0.0557;0;0.0228;982.03;24.6;0;0;3.1382;21.462;979.53;1.5179;0.4117;0.0514;0.9892;0.0655;981.04;0.982;0.845;0.1055;0.0299;0.0015;984.73;843.76;105.38;28.924;1.4583;254.68;205.02;77.762;2.7887;2.9945;43.074;5.202;43.28;0;1;0;0;1.5273;0.9756;1;1;0.9051;0.0664;0.9985;0.9995;1;0.9669;0.957;0.999;0.999;1;0.999;0.999;0.9731;0.8743;0.0634;3.0229;3.0567;0.0184;0.0005;0.3088;0.0191;0.0677;0.0077;0;0;0.088;0;2.4262;0;0;0;0;0;0;0;0;0;0;0;0;0.0546;0.0202;2.5597;2.5597;0;53.887;53.887;40.568;0.0414;2630.3;973.16;1;0.0455;0.0455;0;0;0;0;0;0;2.5142;2.4262;0;16.131;18.679;15.29;17.705;98.222;98.222;24.159;20.457;19.39;3.7018;1.067;0.1532;0.0442;0.8026;25.667;0.7777;0
17/10/21 09:00;50.267;-57.795;19.917;54.881;35.119;-90;-35.119;835.91;137.9;698;15.12;3.0399;0;853.35;42.865;110.94;0;15.217;1022.4;0;1022.4;853.35;110.94;42.865;15.217;0.8347;0.0568;0;0.0149;1006.3;16.114;0;0;2.4441;13.67;1003.1;2.1803;0.5865;0.0762;1.3034;0.2142;1005.2;1.0063;0.8533;0.1109;0.0404;0.0015;1007.3;851.91;110.75;39.077;1.3313;422.44;340.06;134.34;1.121;4.391;63.163;4.206;66.433;0;1;0;0;1.2231;0.9842;1;1;0.943;0.1017;0.9978;0.9993;1;0.9677;0.8614;0.999;0.999;1;0.999;0.999;0.9811;0.9116;0.0875;3.0702;3.167;0.0191;0.0019;0.352;0.0196;0.0694;0.0111;0;0;0.088;0;2.482;0;0;0;0;0;0;0;0;0;0;0;0;0.0559;0.0216;2.6165;2.6165;0;56.763;56.763;41.643;0.0415;2722.3;961.14;1;0.0466;0.0466;0;0;0;0;0;0;2.57;2.482;0;16.235;18.8;15.4;17.833;98.22;98.22;24.537;20.911;19.836;3.6256;1.0755;0.1478;0.0438;0.8084;29.335;0.7727;0
17/10/21 10:00;59.376;-37.332;23.894;70.253;19.747;-90;-19.747;843.31;178.9;664.41;15.86;3.2699;0;705.93;76.44;106.4;0;4.9593;893.72;0;893.72;705.93;106.4;76.44;4.9593;0.7899;0.0911;0;0.0055;887.83;5.8922;0;0;1.7369;4.1553;883.51;3.4344;0.582;0.0877;2.5873;0.1773;886.94;0.8878;0.7059;0.1064;0.0747;0.0008;884.69;704.64;106.2;72.041;0.6259;478.69;385.35;150.99;0.2619;4.9902;71.782;1.178;76.51;0;1;0;0;1.0598;0.9934;1;1;0.9773;0.1621;0.9961;0.9992;1;0.9653;0.7792;0.999;0.999;1;0.999;0.999;0.9886;0.9425;0.1262;2.6839;2.8159;0.017;-0.0015;0.2702;0.0177;0.0628;0.0129;0;0;0.088;0;2.24;0;0;0;0;0;0;0;0;0;0;0;0;0.0506;0.0173;2.3689;2.3689;0;52.404;52.404;36.544;0.0414;2421.4;978.31;1;0.0409;0.0409;0;0;0;0;0;0;2.328;2.24;0;16.815;19.471;15.899;18.411;98.272;98.272;21.449;18.933;17.902;2.5169;1.0304;0.1173;0.048;0.8346;47.435;0.7873;0
17/10/21 11:00;64.133;-7.3633;25.638;86.444;3.5557;-90;-3.5557;1068.7;176.3;892.4;17.08;3.38;0;894.12;49.489;127.01;0;0.2057;1070.8;0;1070.8;894.12;127.01;49.489;0.2057;0.835;0.0464;0;0.0002;1070.6;0.2411;0;0;0.0689;0.1721;1066.4;3.0971;0.791;0.1124;2.1862;0.0075;1069.5;1.0706;0.8941;0.127;0.0494;0;1066.4;892.43;126.77;47.184;0.0261;629.54;506.78;200.11;-0.0002;6.4404;92.642;0.0048;99.083;0;1;0;0;1.002;0.9998;1;1;0.9986;0.1632;0.9971;0.9991;1;0.9557;0.7772;0.999;0.999;1;0.999;0.999;0.9959;0.9534;0.1267;3.2157;3.4072;0.0205;0.0059;0.4359;0.0206;0.0731;0.016;0;0;0.088;0;2.6143;0;0;0;0;0;0;0;0;0;0;0;0;0.0589;0.0248;2.7515;2.7515;0;61.532;61.532;44.452;0.0417;2926.8;940.1;1;0.0493;0.0493;0;0;0;0;0;0;2.7023;2.6143;0;16.3;18.875;15.487;17.934;98.21;98.21;25.7;21.99;20.893;3.7097;1.0969;0.1443;0.0427;0.813;29.343;0.7635;0
17/10/21 12:00;62.153;25.474;24.942;77.199;12.801;90;12.801;1059.7;174.9;884.79;17.78;3.38;0;907.34;47.415;130.12;0;2.6338;1087.5;0;1087.5;907.34;130.12;47.415;2.6338;0.8343;0.046;0;0.0024;1084.8;2.7203;0;0;0.5209;2.1993;1080.9;2.8225;0.7809;0.112;1.8318;0.0978;1083.7;1.0848;0.9073;0.1301;0.0469;0.0004;1081.4;905.66;129.88;45.016;0.3362;614.65;494.8;193.87;0.0353;6.3887;91.899;0.5434;98.253;0;1;0;0;1.0263;0.9975;1;1;0.989;0.1649;0.9974;0.9991;1;0.9609;0.7747;0.999;0.999;1;0.999;0.999;0.9939;0.9494;0.1276;3.2658;3.4509;0.0208;0.0068;0.4581;0.0208;0.0736;0.0158;0;0;0.088;0;2.6328;0;0;0;0;0;0;0;0;0;0;0;0;0.0593;0.0254;2.7703;2.7703;0;62.887;62.887;45.108;0.0417;2965.3;934.25;1;0.0495;0.0495;0;0;0;0;0;0;2.7208;2.6328;0;16.16;18.713;15.358;17.784;98.212;98.212;26.1;22.141;21.041;3.9598;1.0992;0.1517;0.0421;0.8062;28.644;0.7582;0
17/10/21 13:00;54.564;49.98;21.891;61.411;28.589;90;28.589;926.19;152.8;773.39;18.6;3.3401;0;880.78;44.741;119.76;0;11.293;1056.6;0;1056.6;880.78;119.76;44.741;11.293;0.8336;0.053;0;0.0107;1044.9;11.703;0;0;1.8449;9.8581;1041.4;2.4255;0.6653;0.0905;1.4025;0.2672;1043.8;1.0449;0.8808;0.1198;0.0429;0.0014;1044.4;879.24;119.55;41.45;1.166;497.24;400.28;156.4;0.5759;5.2322;75.264;2.9941;79.92;0;1;0;0;1.1408;0.9889;1;1;0.9588;0.127;0.9977;0.9992;1;0.9673;0.8136;0.999;0.999;1;0.999;0.999;0.9856;0.9265;0.1033;3.1729;3.3043;0.0199;0.004;0.429;0.02;0.0708;0.013;0;0;0.088;0;2.532;0;0;0;0;0;0;0;0;0;0;0;0;0.057;0.0234;2.6672;2.6672;0;62.026;62.026;43.425;0.0417;2839.5;939.32;1;0.0472;0.0472;0;0;0;0;0;0;2.62;2.532;0;16.014;18.544;15.202;17.604;98.231;98.231;25.358;21.317;20.236;4.0413;1.0805;0.1594;0.0426;0.798;29.209;0.7576;0
17/10/21 14:00;44.125;66.221;16.824;46.665;43.335;90;43.335;783.1;129.6;653.5;19.26;3.1801;0;898.46;35.761;121.25;0;21.351;1076.8;0;1076.8;898.46;121.25;35.761;21.351;0.8344;0.053;0;0.0198;1054.2;22.602;0;0;2.8115;19.791;1051.4;1.771;0.5216;0.0704;1.0693;0.1097;1053.2;1.0542;0.8985;0.1213;0.0329;0.0016;1056.8;897.04;121.06;31.847;1.4486;349.53;281.37;109.74;1.9232;3.7894;54.508;5.4337;56.375;0;1;0;0;1.3751;0.979;1;1;0.9214;0.0731;0.9983;0.9994;1;0.9675;0.9296;0.999;0.999;1;0.999;0.999;0.9764;0.8906;0.0678;3.2337;3.298;0.0199;0.0039;0.4415;0.0198;0.0703;0.0094;0;0;0.088;0;2.5185;0;0;0;0;0;0;0;0;0;0;0;0;0.0566;0.0234;2.6532;2.6532;0;63.144;63.144;43.884;0.0417;2836.6;935.35;1;0.0467;0.0467;0;0;0;0;0;0;2.6065;2.5185;0;15.63;18.1;14.837;17.18;98.238;98.238;25.844;21.205;20.128;4.6392;1.0769;0.1795;0.0417;0.7788;26.217;0.7504;0
17/10/21 15:00;32.457;77.879;10.205;33.045;56.955;90;56.955;581.51;114.6;466.91;19.3;2.7999;0;856.24;32.695;132.56;0;26.441;1047.9;0;1047.9;856.24;132.56;32.695;26.441;0.8171;0.0564;0;0.0252;1019.3;28.655;0;0;3.8233;24.832;1016.8;1.4264;0.3015;0.0467;0.9961;0.082;1018.3;1.0193;0.8562;0.1326;0.0289;0.0016;1021.4;855.09;132.38;27.846;1.5257;160.97;129.58;50.739;4.5471;1.9701;28.34;4.5889;25.763;0;1;0;0;1.8021;0.9727;1;1;0.8831;0.0609;0.9986;0.9996;1;0.9655;0.949;0.999;0.999;1;0.999;0.999;0.9703;0.8517;0.0577;3.147;3.1362;0.0189;0.0014;0.4041;0.019;0.0673;0.0049;0;0;0.088;0;2.4128;0;0;0;0;0;0;0;0;0;0;0;0;0.0542;0.0212;2.5451;2.5451;0;61.688;61.688;42.388;0.0417;2698.4;943.2;1;0.0443;0.0443;0;0;0;0;0;0;2.5008;2.4128;0;15.407;17.841;14.606;16.913;98.258;98.258;25.151;20.341;19.283;4.8098;1.0577;0.1912;0.0421;0.7667;27.482;0.7515;0
17/10/21 16:00;20.302;87.329;32.702;20.322;37.062;90;37.062;325.8;137.6;188.2;19.2;1.94;0;456.43;75.058;131.23;0;6.5815;669.3;0;669.3;456.43;131.23;75.058;6.5815;0.6819;0.122;0;0.0098;658.66;10.642;0;0;4.6632;5.9792;654.12;3.8791;1.1929;0.343;2.2695;0.0737;658;0.6587;0.4564;0.1312;0.0704;0.0006;654.69;454.78;130.76;68.055;0.528;53.357;42.952;17.448;2.3549;0.6672;9.5978;0.5677;7.9102;0;1;0;0;2.0543;0.9841;1;1;0.9379;0.0915;0.9941;0.9974;1;0.9677;0.8775;0.999;0.999;1;0.999;0.999;0.9773;0.9067;0.0802;2.0099;1.9921;0.012;0.0005;0.148;0.0128;0.0455;0.0018;0;0;0.088;0;1.6102;0;0;0;0;0;0;0;0;0;0;0;0;0.0366;0.009;1.7259;1.7259;0;46.127;46.127;26.927;0.0412;1713.6;1007.2;1;0.0277;0.0277;0;0;0;0;0;0;1.6982;1.6102;0;16.358;18.942;15.261;17.672;98.394;98.394;16.063;13.793;12.868;2.2701;0.9248;0.1413;0.0576;0.8011;52.169;0.7926;0
17/10/21 17:00;8.0508;95.906;70.144;8.0932;11.871;90;11.871;90.094;81.001;9.0928;18.78;1.1901;0;22.052;76.363;9.247;0;0.1927;107.85;0;107.85;22.052;9.247;76.363;0.1927;0.2045;0.7098;0;0.0018;106.95;0.9;0;0;0.7391;0.1609;100.4;6.4461;2.4236;1.0163;2.999;0.0072;106.85;0.107;0.0221;0.0092;0.0756;0;100.43;19.607;8.2215;72.549;0.0246;46.066;37.083;13.73;0.0423;0.5334;7.6723;0.0312;8.1634;0;1;0;0;1.1971;0.9917;1;1;0.9903;0.1651;0.9397;0.89;1;0.9603;0.7746;0.999;0.999;1;0.999;0.999;0.9309;0.9501;0.1277;0.3239;0.3187;0.0019;0.0173;-0.0025;0.0021;0.0075;0.0015;0;0;0.088;0;0.1895;0;0;0;0;0;0;0;0;0;0;0;0;0.006;0.0004;0.2844;0.2844;0;22.889;22.889;4.1084;0.0409;271.44;1047.8;1;0.0069;0.0069;0;0;0;0;0;0;0.2775;0.1895;0;16.729;19.371;11.144;12.904;97.557;97.557;2.5885;2.2731;1.5142;0.3154;0.7588;0.1219;0.2932;0.585;46.003;0.5554;0
17/10/21 18:00;0.9732;100.87;87.639;0.991;1.413;90;1.413;0;0;0;14.4;0.3999;0;0;0;0;0;0;0;0;0;0;0;0;0;1;1;1;1;0;0;0;0;0;0;0;0;0;0;0;0;0;0;0;0;0;0;0;0;0;0;0;0;0;0;0;0;0;0;0;0;0;0;0;1;1;1;1;1;1;1;1;1;1;1;1;1;1;1;1;1;1;1;0;0;0;0;0;0;0;0;0;0.0004;0.088;0;-0.0884;0;0;0;0;0;0;0;0;0;0;0;0;0;0;0;0;0;0;0;-14.4;0;0;0;0;0.0004;0;0;0;0;0;0;0;-0.0004;-0.0884;0;0;0;0;0;0;0;0;0;-0.7063;0;0.7063;1;1;0;0;0;0
17/10/21 19:00;0;0;90;0;0;90;0;0;0;0;10.31;0.58;0;0;0;0;0;0;0;0;0;0;0;0;0;1;1;1;1;0;0;0;0;0;0;0;0;0;0;0;0;0;0;0;0;0;0;0;0;0;0;0;0;0;0;0;0;0;0;0;0;0;0;0;1;1;1;1;1;1;1;1;1;1;1;1;1;1;1;1;1;1;1;0;0;0;0;0;0;0;0;0;0.0004;0.088;0;-0.0884;0;0;0;0;0;0;0;0;0;0;0;0;0;0;0;0;0;0;0;-10.31;0;0;0;0;0.0004;0;0;0;0;0;0;0;-0.0004;-0.0884;0;0;0;0;0;0;0;0;0;-0.7063;0;0.7063;1;1;0;0;0;0
17/10/21 20:00;0;0;90;0;0;90;0;0;0;0;8.0303;1.1801;0;0;0;0;0;0;0;0;0;0;0;0;0;1;1;1;1;0;0;0;0;0;0;0;0;0;0;0;0;0;0;0;0;0;0;0;0;0;0;0;0;0;0;0;0;0;0;0;0;0;0;0;1;1;1;1;1;1;1;1;1;1;1;1;1;1;1;1;1;1;1;0;0;0;0;0;0;0;0;0;0.0004;0.088;0;-0.0884;0;0;0;0;0;0;0;0;0;0;0;0;0;0;0;0;0;0;0;-8.0303;0;0;0;0;0.0004;0;0;0;0;0;0;0;-0.0004;-0.0884;0;0;0;0;0;0;0;0;0;-0.7063;0;0.7063;1;1;0;0;0;0
17/10/21 21:00;0;0;90;0;0;90;0;0;0;0;7.1402;1.7401;0;0;0;0;0;0;0;0;0;0;0;0;0;1;1;1;1;0;0;0;0;0;0;0;0;0;0;0;0;0;0;0;0;0;0;0;0;0;0;0;0;0;0;0;0;0;0;0;0;0;0;0;1;1;1;1;1;1;1;1;1;1;1;1;1;1;1;1;1;1;1;0;0;0;0;0;0;0;0;0;0.0004;0.088;0;-0.0884;0;0;0;0;0;0;0;0;0;0;0;0;0;0;0;0;0;0;0;-7.1402;0;0;0;0;0.0004;0;0;0;0;0;0;0;-0.0004;-0.0884;0;0;0;0;0;0;0;0;0;-0.7063;0;0.7063;1;1;0;0;0;0
17/10/21 22:00;0;0;90;0;0;90;0;0;0;0;6.5997;2.1699;0;0;0;0;0;0;0;0;0;0;0;0;0;1;1;1;1;0;0;0;0;0;0;0;0;0;0;0;0;0;0;0;0;0;0;0;0;0;0;0;0;0;0;0;0;0;0;0;0;0;0;0;1;1;1;1;1;1;1;1;1;1;1;1;1;1;1;1;1;1;1;0;0;0;0;0;0;0;0;0;0.0004;0.088;0;-0.0884;0;0;0;0;0;0;0;0;0;0;0;0;0;0;0;0;0;0;0;-6.5997;0;0;0;0;0.0004;0;0;0;0;0;0;0;-0.0004;-0.0884;0;0;0;0;0;0;0;0;0;-0.7063;0;0.7063;1;1;0;0;0;0
17/10/21 23:00;0;0;90;0;0;90;0;0;0;0;6.28;2.41;0;0;0;0;0;0;0;0;0;0;0;0;0;1;1;1;1;0;0;0;0;0;0;0;0;0;0;0;0;0;0;0;0;0;0;0;0;0;0;0;0;0;0;0;0;0;0;0;0;0;0;0;1;1;1;1;1;1;1;1;1;1;1;1;1;1;1;1;1;1;1;0;0;0;0;0;0;0;0;0;0.0004;0.088;0;-0.0884;0;0;0;0;0;0;0;0;0;0;0;0;0;0;0;0;0;0;0;-6.28;0;0;0;0;0.0004;0;0;0;0;0;0;0;-0.0004;-0.0884;0;0;0;0;0;0;0;0;0;-0.7063;0;0.7063;1;1;0;0;0;0
18/10/21 00:00;0;0;90;0;0;90;0;0;0;0;5.4902;2.52;0;0;0;0;0;0;0;0;0;0;0;0;0;1;1;1;1;0;0;0;0;0;0;0;0;0;0;0;0;0;0;0;0;0;0;0;0;0;0;0;0;0;0;0;0;0;0;0;0;0;0;0;1;1;1;1;1;1;1;1;1;1;1;1;1;1;1;1;1;1;1;0;0;0;0;0;0;0;0;0;0.0004;0.088;0;-0.0884;0;0;0;0;0;0;0;0;0;0;0;0;0;0;0;0;0;0;0;-5.4902;0;0;0;0;0.0004;0;0;0;0;0;0;0;-0.0004;-0.0884;0;0;0;0;0;0;0;0;0;-0.7063;0;0.7063;1;1;0;0;0;0
18/10/21 01:00;0;0;90;0;0;90;0;0;0;0;4.8999;2.57;0;0;0;0;0;0;0;0;0;0;0;0;0;1;1;1;1;0;0;0;0;0;0;0;0;0;0;0;0;0;0;0;0;0;0;0;0;0;0;0;0;0;0;0;0;0;0;0;0;0;0;0;1;1;1;1;1;1;1;1;1;1;1;1;1;1;1;1;1;1;1;0;0;0;0;0;0;0;0;0;0.0004;0.088;0;-0.0884;0;0;0;0;0;0;0;0;0;0;0;0;0;0;0;0;0;0;0;-4.8999;0;0;0;0;0.0004;0;0;0;0;0;0;0;-0.0004;-0.0884;0;0;0;0;0;0;0;0;0;-0.7063;0;0.7063;1;1;0;0;0;0
18/10/21 02:00;0;0;90;0;0;90;0;0;0;0;4.7603;2.6399;0;0;0;0;0;0;0;0;0;0;0;0;0;1;1;1;1;0;0;0;0;0;0;0;0;0;0;0;0;0;0;0;0;0;0;0;0;0;0;0;0;0;0;0;0;0;0;0;0;0;0;0;1;1;1;1;1;1;1;1;1;1;1;1;1;1;1;1;1;1;1;0;0;0;0;0;0;0;0;0;0.0004;0.088;0;-0.0884;0;0;0;0;0;0;0;0;0;0;0;0;0;0;0;0;0;0;0;-4.7603;0;0;0;0;0.0004;0;0;0;0;0;0;0;-0.0004;-0.0884;0;0;0;0;0;0;0;0;0;-0.7063;0;0.7063;1;1;0;0;0;0
18/10/21 03:00;0;0;90;0;0;90;0;0;0;0;4.5203;2.74;0;0;0;0;0;0;0;0;0;0;0;0;0;1;1;1;1;0;0;0;0;0;0;0;0;0;0;0;0;0;0;0;0;0;0;0;0;0;0;0;0;0;0;0;0;0;0;0;0;0;0;0;1;1;1;1;1;1;1;1;1;1;1;1;1;1;1;1;1;1;1;0;0;0;0;0;0;0;0;0;0.0004;0.088;0;-0.0884;0;0;0;0;0;0;0;0;0;0;0;0;0;0;0;0;0;0;0;-4.5203;0;0;0;0;0.0004;0;0;0;0;0;0;0;-0.0004;-0.0884;0;0;0;0;0;0;0;0;0;-0.7063;0;0.7063;1;1;0;0;0;0
18/10/21 04:00;0;0;90;0;0;90;0;0;0;0;3.7399;2.8501;0;0;0;0;0;0;0;0;0;0;0;0;0;1;1;1;1;0;0;0;0;0;0;0;0;0;0;0;0;0;0;0;0;0;0;0;0;0;0;0;0;0;0;0;0;0;0;0;0;0;0;0;1;1;1;1;1;1;1;1;1;1;1;1;1;1;1;1;1;1;1;0;0;0;0;0;0;0;0;0;0.0004;0.088;0;-0.0884;0;0;0;0;0;0;0;0;0;0;0;0;0;0;0;0;0;0;0;-3.7399;0;0;0;0;0.0004;0;0;0;0;0;0;0;-0.0004;-0.0884;0;0;0;0;0;0;0;0;0;-0.7063;0;0.7063;1;1;0;0;0;0
18/10/21 05:00;4.6484;-98.717;78.665;4.7025;6.766;-90;-6.766;26.196;24.2;1.9961;3.8403;2.57;0;4.8412;23.685;1.0475;0;0.0182;29.592;0;29.592;4.8412;1.0475;23.685;0.0182;0.1636;0.801;0;0.0006;29.487;0.1053;0;0;0.0901;0.0152;26.822;2.635;1.3376;0.2894;1.0073;0.0007;29.457;0.0295;0.0048;0.001;0.0236;0;26.824;3.4987;0.757;22.564;0.0023;14.115;11.362;4.1918;0.0013;0.1637;2.3541;0.0018;2.5164;0;1;0;0;1.1296;0.9964;1;1;0.9962;0.1651;0.9105;0.7234;1;0.9573;0.776;0.999;0.999;1;0.999;0.999;0.9064;0.9527;0.128;0.0889;0.0858;0.0005;0.0104;-0.0063;0.0006;0.002;0.0004;0;0;0.088;0;-0.0158;0;0;0;0;0;0;0;0;0;0;0;0;0.0016;0.0001;0.0764;0.0764;0;4.9387;4.9387;1.0984;0.041;71.39;1069.9;1;0.0042;0.0042;0;0;0;0;0;0;0.0722;-0.0158;0;16.374;18.96;-3.3869;-3.9219;94.528;94.528;0.7102;0.6104;-0.1263;0.0998;0.7367;0.1405;1.0373;0;14.103;0;0
18/10/21 06:00;15.232;-91.379;50.418;15.236;24.359;-90;-24.359;222.91;43.597;179.31;7.2;3.39;0;434.88;21.055;52.291;0;1.9844;510.21;0;510.21;434.88;52.291;21.055;1.9844;0.8524;0.0452;0;0.0039;507.85;2.3643;0;0;0.6707;1.6937;500.19;7.1507;5.7223;0.6881;0.6807;0.0597;507.34;0.5078;0.4349;0.0523;0.0204;0.0003;500.26;428.73;51.551;19.683;0.2307;14.373;11.57;3.8342;0.1541;0.2048;2.9462;0.0697;2.9969;0;1;0;0;2.2889;0.9954;1;1;0.9681;0.1465;0.9859;0.9868;1;0.9666;0.7945;0.999;0.999;1;0.999;0.999;0.9804;0.9348;0.1163;1.5322;1.5129;0.0091;0.0061;0.0132;0.0104;0.0369;0.0006;0;0;0.088;0;1.2908;0;0;0;0;0;0;0;0;0;0;0;0;0.0297;0.0054;1.4016;1.4016;0;27.494;27.494;20.294;0.0406;1299.7;1078.4;1;0.0227;0.0227;0;0;0;0;0;0;1.3788;1.2908;0;17.426;20.179;16.049;18.585;98.377;98.377;12.245;11.201;10.316;1.0437;0.885;0.0852;0.0723;0.8425;13.389;0.8389;0
18/10/21 07:00;27.47;-82.455;7.0806;27.675;60;-90;-60;456.7;75.4;381.3;11.82;3.1001;0;820.29;22.679;97.155;0;22.835;962.96;0;962.96;820.29;97.155;22.679;22.835;0.8518;0.0473;0;0.0237;938.73;24.223;0;0;2.8541;21.369;936.77;1.0215;0.2004;0.0237;0.7002;0.0971;937.8;0.9387;0.8203;0.0972;0.0198;0.0015;939.34;819.27;97.035;19.105;1.3672;69.783;56.175;23.488;3.7972;0.8758;12.599;2.5689;9.6771;0;1;0;0;2.1085;0.9748;1;1;0.8742;0.0642;0.9989;0.9998;1;0.9646;0.9337;0.999;0.999;1;0.999;0.999;0.9728;0.8424;0.0599;2.8918;2.8558;0.0172;-0.0012;0.2547;0.0181;0.0642;0.0023;0;0;0.088;0;2.3004;0;0;0;0;0;0;0;0;0;0;0;0;0.0517;0.0178;2.4311;2.4311;0;50.507;50.507;38.687;0.0413;2460.7;987.97;1;0.0427;0.0427;0;0;0;0;0;0;2.3884;2.3004;0;16.015;18.545;15.154;17.548;98.243;98.243;23.111;19.429;18.385;3.6817;1.0446;0.1593;0.0452;0.7955;19.749;0.7878;0
18/10/21 08:00;39.427;-71.994;13.814;40.845;49.155;-90;-49.155;660.31;108.7;551.61;16.35;3.31;0;843.43;33.319;104.6;0;22.846;1004.2;0;1004.2;843.43;104.6;33.319;22.846;0.8399;0.0559;0;0.0228;979.73;24.466;0;0;3.1412;21.325;977.23;1.5141;0.4021;0.0499;0.9961;0.0661;978.75;0.9797;0.8434;0.1046;0.0302;0.0015;982.34;842.18;104.45;29.151;1.4533;256.84;206.76;79.351;2.7674;2.9565;42.528;5.1108;42.717;0;1;0;0;1.5208;0.9756;1;1;0.9057;0.0666;0.9985;0.9995;1;0.967;0.9565;0.999;0.999;1;0.999;0.999;0.9732;0.8749;0.0636;3.0156;3.0484;0.0184;0.0004;0.341;0.0188;0.0667;0.0075;0;0;0.088;0;2.3894;0;0;0;0;0;0;0;0;0;0;0;0;0.0537;0.0201;2.5217;2.5217;0;56.924;56.924;40.574;0.0415;2623.2;961.32;1;0.0443;0.0443;0;0;0;0;0;0;2.4774;2.3894;0;15.93;18.446;15.094;17.479;98.245;98.245;24.101;20.153;19.096;3.9473;1.057;0.1638;0.0439;0.7924;25.798;0.768;0
18/10/21 09:00;50.56;-58.142;19.591;55.059;34.941;-90;-34.941;830.3;137;693.3;19.35;3.6699;0;845.76;43.564;108.71;0;14.967;1013;0;1013;845.76;108.71;43.564;14.967;0.8349;0.0578;0;0.0148;997.1;15.899;0;0;2.4643;13.434;993.92;2.1852;0.5718;0.0735;1.3254;0.2146;996.11;0.9971;0.8458;0.1087;0.0411;0.0015;998.06;844.34;108.53;39.734;1.3166;420.57;338.56;133.73;1.1196;4.3727;62.899;4.1344;66.152;0;1;0;0;1.22;0.9843;1;1;0.9434;0.1024;0.9978;0.9993;1;0.9677;0.8599;0.999;0.999;1;0.999;0.999;0.9812;0.9121;0.088;3.042;3.1386;0.0189;0.0015;0.3938;0.0191;0.0676;0.0109;0;0;0.088;0;2.4186;0;0;0;0;0;0;0;0;0;0;0;0;0.0545;0.0212;2.5512;2.5512;0;60.749;60.749;41.399;0.0417;2697.6;945.73;1;0.0446;0.0446;0;0;0;0;0;0;2.5066;2.4186;0;15.976;18.5;15.146;17.539;98.253;98.253;24.312;20.389;19.33;3.923;1.0594;0.1614;0.0436;0.7951;29.773;0.7597;0
18/10/21 10:00;59.714;-37.611;23.547;70.383;19.617;-90;-19.617;965.2;159.3;805.9;21.22;3.95;0;855.56;50.075;114.37;0;5.6024;1025.6;0;1025.6;855.56;114.37;50.075;5.6024;0.8342;0.0543;0;0.0055;1019.8;5.8186;0;0;1.1254;4.6932;1016.1;2.688;0.6952;0.0929;1.6992;0.2007;1018.8;1.0198;0.8556;0.1144;0.0489;0.0009;1017.4;854.01;114.16;47.202;0.7077;546.73;440.11;172.76;0.1683;5.6713;81.58;1.3261;87.083;0;1;0;0;1.0626;0.9943;1;1;0.9775;0.1623;0.9974;0.9992;1;0.9653;0.7791;0.999;0.999;1;0.999;0.999;0.9907;0.9426;0.1263;3.0799;3.2363;0.0195;0.0029;0.4393;0.0194;0.0689;0.014;0;0;0.088;0;2.4611;0;0;0;0;0;0;0;0;0;0;0;0;0.0555;0.0225;2.5944;2.5944;0;63.645;63.645;42.425;0.0418;2781;932.87;1;0.0453;0.0453;0;0;0;0;0;0;2.5491;2.4611;0;16.047;18.582;15.223;17.627;98.256;98.256;24.615;20.734;19.669;3.8805;1.065;0.1577;0.0433;0.7991;31.056;0.7542;0
18/10/21 11:00;64.5;-7.341;25.276;86.512;3.4876;-90;-3.4876;991.79;163.7;828.09;22.22;4.03;0;829.63;54.819;109.03;0;0.1837;993.66;0;993.66;829.63;109.03;54.819;0.1837;0.8349;0.0554;0;0.0002;993.43;0.2279;0;0;0.0742;0.1537;989.19;3.2488;0.7236;0.0951;2.4234;0.0067;992.44;0.9934;0.8296;0.109;0.0547;0;989.2;828.08;108.83;52.267;0.0233;584.29;470.35;185.61;-0.0002;5.9853;86.097;0.0034;92.082;0;1;0;0;1.0019;0.9998;1;1;0.9986;0.1632;0.9967;0.9991;1;0.9557;0.7773;0.999;0.999;1;0.999;0.999;0.9955;0.9534;0.1267;2.984;3.1609;0.019;0.0018;0.428;0.019;0.0673;0.0148;0;0;0.088;0;2.4035;0;0;0;0;0;0;0;0;0;0;0;0;0.0542;0.0215;2.5353;2.5353;0;63.516;63.516;41.296;0.0417;2715.1;933.77;1;0.0439;0.0439;0;0;0;0;0;0;2.4915;2.4035;0;16.186;18.743;15.344;17.768;98.27;98.27;23.848;20.262;19.208;3.5856;1.0538;0.1504;0.0442;0.8055;32.502;0.7564;0
18/10/21 12:00;62.475;25.852;24.575;77.198;12.802;90;12.802;835.69;236.9;598.79;23.49;3.88;0;614.05;119.49;118.86;0;2.0774;854.48;0;854.48;614.05;118.86;119.49;2.0774;0.7186;0.1423;0;0.0024;851.44;3.0477;0;0;1.3129;1.7348;845.27;5.3148;0.5207;0.1008;4.6162;0.0771;850.58;0.8514;0.6141;0.1189;0.1182;0.0003;845.7;612.92;118.64;113.44;0.2652;486.17;391.36;152.48;0.0878;5.113;73.549;0.4267;78.574;0;1;0;0;1.0225;0.9964;1;1;0.989;0.1649;0.9938;0.9992;1;0.9609;0.7747;0.999;0.999;1;0.999;0.999;0.9892;0.9494;0.1276;2.566;2.7022;0.0163;-0.002;0.3199;0.0166;0.0588;0.0129;0;0;0.088;0;2.0918;0;0;0;0;0;0;0;0;0;0;0;0;0.0473;0.016;2.2164;2.2164;0;58.634;58.634;35.144;0.0416;2324.3;953.57;1;0.0366;0.0366;0;0;0;0;0;0;2.1798;2.0918;0;16.454;19.054;15.529;17.982;98.348;98.348;20.508;17.713;16.717;2.7942;0.9959;0.1363;0.0486;0.8152;72.184;0.7658;0
18/10/21 13:00;54.813;50.446;21.528;61.47;28.53;90;28.53;699.69;298.3;401.39;23.63;3.6799;0;456.87;180.47;120.83;0;8.4966;766.67;0;766.67;456.87;120.83;180.47;8.4966;0.5959;0.2465;0;0.0111;751.84;14.833;0;0;7.4176;7.4151;744.8;6.2906;0.3394;0.0898;5.6596;0.2018;751.09;0.7518;0.4569;0.1208;0.1731;0.0011;747.12;456.07;120.62;167.22;0.8786;388.3;312.58;121.9;2.2972;4.2212;60.72;2.317;62.644;0;1;0;0;1.0957;0.9807;1;1;0.9589;0.1273;0.9916;0.9993;1;0.9673;0.8132;0.999;0.999;1;0.999;0.999;0.9715;0.9266;0.1034;2.3023;2.3782;0.0143;-0.0019;0.2471;0.0148;0.0526;0.0108;0;0;0.088;0;1.8656;0;0;0;0;0;0;0;0;0;0;0;0;0.0424;0.0125;1.9856;1.9856;0;54.495;54.495;30.865;0.0414;2046.2;970.36;1;0.0319;0.0319;0;0;0;0;0;0;1.9536;1.8656;0;16.429;19.024;15.437;17.875;98.391;98.391;18.4;15.869;14.91;2.5315;0.9586;0.1376;0.0521;0.8103;117.78;0.765;0
18/10/21 14:00;44.324;66.65;16.472;46.771;43.229;90;43.229;518.6;323.9;194.7;24.05;3.4901;0;267.22;223.43;89.761;0;14.074;594.48;0;594.48;267.22;89.761;223.43;14.074;0.4495;0.3995;0;0.0237;563.93;30.546;0;0;17.503;13.043;556.41;6.9575;0.1519;0.051;6.6815;0.0732;563.37;0.5639;0.2672;0.0898;0.2059;0.001;560.71;266.8;89.62;199.03;0.9569;277.28;223.21;89.883;11.886;3.4958;50.286;4.3004;41.897;0;1;0;0;1.1463;0.9486;1;1;0.9217;0.0733;0.9877;0.9994;1;0.9675;0.929;0.999;0.999;1;0.999;0.999;0.936;0.8908;0.068;1.7852;1.7948;0.0108;0.0026;0.1393;0.0115;0.0408;0.0092;0;0;0.088;0;1.4284;0;0;0;0;0;0;0;0;0;0;0;0;0.0328;0.0074;1.5404;1.5404;0;46.984;46.984;22.934;0.0412;1541;999.62;1;0.024;0.024;0;0;0;0;0;0;1.5164;1.4284;0;16.438;19.035;15.243;17.65;98.44;98.44;14.268;12.311;11.416;1.9562;0.8954;0.1371;0.0628;0.8001;163.64;0.7525;0
18/10/21 15:00;32.63;78.263;9.8646;33.182;56.818;90;56.818;638.51;105.4;533.11;24.06;3.4299;0;974.06;23.125;137.97;0;28.905;1164.1;0;1164.1;974.06;137.97;23.125;28.905;0.8368;0.0447;0;0.0248;1134.2;29.841;0;0;2.6948;27.146;1131.9;1.1713;0.3316;0.047;0.7042;0.0886;1133.1;1.1342;0.9741;0.138;0.0204;0.0018;1137;972.75;137.78;19.706;1.6684;171.76;138.27;52.142;3.1914;2.1243;30.557;5.0925;29.49;0;1;0;0;1.8231;0.9744;1;1;0.8835;0.0608;0.999;0.9997;1;0.9655;0.9496;0.999;0.999;1;0.999;0.999;0.9724;0.8521;0.0577;3.4957;3.4889;0.021;0.0076;0.5734;0.0202;0.0717;0.0051;0;0;0.088;0;2.5712;0;0;0;0;0;0;0;0;0;0;0;0;0.0577;0.0261;2.7062;2.7062;0;71.646;71.646;47.586;0.042;3005.8;900.32;1;0.047;0.047;0;0;0;0;0;0;2.6592;2.5712;0;14.748;17.078;14.012;16.226;98.263;98.263;27.937;21.628;20.549;6.3093;1.0789;0.2258;0.0386;0.7355;19.408;0.7214;0
18/10/21 16:00;20.465;87.679;32.008;20.481;37.577;90;37.577;72.2;71.402;0.7977;22.5;3;0;1.9347;63.889;0.2863;0;1.4979;67.608;0;67.608;1.9347;0.2863;63.889;1.4979;0.0286;0.9671;0;0.0222;62.189;5.4194;0;0;4.0555;1.3639;60.177;1.9501;0.0043;0.0006;1.9295;0.0157;62.127;0.0622;0.0019;0.0003;0.0598;0.0001;60.678;1.9285;0.2854;57.845;0.1182;44.598;35.902;14.467;2.1006;0.5739;8.2556;0.501;6.7289;0;1;0;0;0.9364;0.9198;1;1;0.9365;0.0895;0.9686;0.9978;1;0.9677;0.8826;0.999;0.999;1;0.999;0.999;0.8901;0.9054;0.0789;0.203;0.2002;0.0012;0.0151;0;0.0013;0.0046;0.0015;0;0;0.088;0;0.0788;0;0;0;0;0;0;0;0;0;0;0;0;0.0037;0.0002;0.1726;0.1726;0;24.981;24.981;2.4806;0.0412;169.54;1018.1;1;0.0058;0.0058;0;0;0;0;0;0;0.1668;0.0788;0;16.195;18.754;7.3912;8.5588;96.622;96.622;1.6226;1.3795;0.6296;0.2432;0.7499;0.1499;0.4622;0.388;44.594;0.3555;0
18/10/21 17:00;8.2162;96.237;69.721;8.2645;12.138;90;12.138;37.995;37.497;0.498;19.3;3.9801;0;1.2077;36.984;0.2296;0;0.0849;38.506;0;38.506;1.2077;0.2296;36.984;0.0849;0.0314;0.9627;0;0.0022;38.064;0.4425;0;0;0.3716;0.0709;36.426;1.5998;0.1268;0.0241;1.4457;0.0032;38.026;0.0381;0.0012;0.0002;0.0366;0;36.442;1.0797;0.2053;35.13;0.0108;22.3;17.952;6.6584;0.0223;0.2576;3.7048;0.016;3.9401;0;1;0;0;1.0135;0.9885;1;1;0.99;0.1651;0.9579;0.8949;1;0.9605;0.7746;0.999;0.999;1;0.999;0.999;0.946;0.9499;0.1277;0.1156;0.1176;0.0007;0.0121;-0.0018;0.0007;0.0026;0.0007;0;0;0.088;0;0.0078;0;0;0;0;0;0;0;0;0;0;0;0;0.0021;0.0001;0.1003;0.1003;0;20.806;20.806;1.5055;0.0413;98.89;1013.9;1;0.0045;0.0045;0;0;0;0;0;0;0.0958;0.0078;0;16.518;19.128;1.2832;1.4859;95.533;95.533;0.9242;0.8013;0.0622;0.1228;0.7391;0.1329;0.7997;0.0674;22.297;0.0628;0
18/10/21 18:00;1.1447;101.19;87.223;1.1669;1.6641;90;1.6641;0;0;0;17.68;5.7399;0;0;0;0;0;0;0;0;0;0;0;0;0;1;1;1;1;0;0;0;0;0;0;0;0;0;0;0;0;0;0;0;0;0;0;0;0;0;0;0;0;0;0;0;0;0;0;0;0;0;0;0;1;1;1;1;1;1;1;1;1;1;1;1;1;1;1;1;1;1;1;0;0;0;0;0;0;0;0;0;0.0004;0.088;0;-0.0884;0;0;0;0;0;0;0;0;0;0;0;0;0;0;0;0;0;0;0;-17.68;0;0;0;0;0.0004;0;0;0;0;0;0;0;-0.0004;-0.0884;0;0;0;0;0;0;0;0;0;-0.7063;0;0.7063;1;1;0;0;0;0
18/10/21 19:00;0;0;90;0;0;90;0;0;0;0;16.58;6.0599;0;0;0;0;0;0;0;0;0;0;0;0;0;1;1;1;1;0;0;0;0;0;0;0;0;0;0;0;0;0;0;0;0;0;0;0;0;0;0;0;0;0;0;0;0;0;0;0;0;0;0;0;1;1;1;1;1;1;1;1;1;1;1;1;1;1;1;1;1;1;1;0;0;0;0;0;0;0;0;0;0.0004;0.088;0;-0.0884;0;0;0;0;0;0;0;0;0;0;0;0;0;0;0;0;0;0;0;-16.58;0;0;0;0;0.0004;0;0;0;0;0;0;0;-0.0004;-0.0884;0;0;0;0;0;0;0;0;0;-0.7063;0;0.7063;1;1;0;0;0;0
18/10/21 20:00;0;0;90;0;0;90;0;0;0;0;15.32;5.12;0;0;0;0;0;0;0;0;0;0;0;0;0;1;1;1;1;0;0;0;0;0;0;0;0;0;0;0;0;0;0;0;0;0;0;0;0;0;0;0;0;0;0;0;0;0;0;0;0;0;0;0;1;1;1;1;1;1;1;1;1;1;1;1;1;1;1;1;1;1;1;0;0;0;0;0;0;0;0;0;0.0004;0.088;0;-0.0884;0;0;0;0;0;0;0;0;0;0;0;0;0;0;0;0;0;0;0;-15.32;0;0;0;0;0.0004;0;0;0;0;0;0;0;-0.0004;-0.0884;0;0;0;0;0;0;0;0;0;-0.7063;0;0.7063;1;1;0;0;0;0
18/10/21 21:00;0;0;90;0;0;90;0;0;0;0;14.74;3.05;0;0;0;0;0;0;0;0;0;0;0;0;0;1;1;1;1;0;0;0;0;0;0;0;0;0;0;0;0;0;0;0;0;0;0;0;0;0;0;0;0;0;0;0;0;0;0;0;0;0;0;0;1;1;1;1;1;1;1;1;1;1;1;1;1;1;1;1;1;1;1;0;0;0;0;0;0;0;0;0;0.0004;0.088;0;-0.0884;0;0;0;0;0;0;0;0;0;0;0;0;0;0;0;0;0;0;0;-14.74;0;0;0;0;0.0004;0;0;0;0;0;0;0;-0.0004;-0.0884;0;0;0;0;0;0;0;0;0;-0.7063;0;0.7063;1;1;0;0;0;0
18/10/21 22:00;0;0;90;0;0;90;0;0;0;0;15.28;1.5001;0;0;0;0;0;0;0;0;0;0;0;0;0;1;1;1;1;0;0;0;0;0;0;0;0;0;0;0;0;0;0;0;0;0;0;0;0;0;0;0;0;0;0;0;0;0;0;0;0;0;0;0;1;1;1;1;1;1;1;1;1;1;1;1;1;1;1;1;1;1;1;0;0;0;0;0;0;0;0;0;0.0004;0.088;0;-0.0884;0;0;0;0;0;0;0;0;0;0;0;0;0;0;0;0;0;0;0;-15.28;0;0;0;0;0.0004;0;0;0;0;0;0;0;-0.0004;-0.0884;0;0;0;0;0;0;0;0;0;-0.7063;0;0.7063;1;1;0;0;0;0
18/10/21 23:00;0;0;90;0;0;90;0;0;0;0;14.17;1.49;0;0;0;0;0;0;0;0;0;0;0;0;0;1;1;1;1;0;0;0;0;0;0;0;0;0;0;0;0;0;0;0;0;0;0;0;0;0;0;0;0;0;0;0;0;0;0;0;0;0;0;0;1;1;1;1;1;1;1;1;1;1;1;1;1;1;1;1;1;1;1;0;0;0;0;0;0;0;0;0;0.0004;0.088;0;-0.0884;0;0;0;0;0;0;0;0;0;0;0;0;0;0;0;0;0;0;0;-14.17;0;0;0;0;0.0004;0;0;0;0;0;0;0;-0.0004;-0.0884;0;0;0;0;0;0;0;0;0;-0.7063;0;0.7063;1;1;0;0;0;0
19/10/21 00:00;0;0;90;0;0;90;0;0;0;0;12.13;1.7699;0;0;0;0;0;0;0;0;0;0;0;0;0;1;1;1;1;0;0;0;0;0;0;0;0;0;0;0;0;0;0;0;0;0;0;0;0;0;0;0;0;0;0;0;0;0;0;0;0;0;0;0;1;1;1;1;1;1;1;1;1;1;1;1;1;1;1;1;1;1;1;0;0;0;0;0;0;0;0;0;0.0004;0.088;0;-0.0884;0;0;0;0;0;0;0;0;0;0;0;0;0;0;0;0;0;0;0;-12.13;0;0;0;0;0.0004;0;0;0;0;0;0;0;-0.0004;-0.0884;0;0;0;0;0;0;0;0;0;-0.7063;0;0.7063;1;1;0;0;0;0
19/10/21 01:00;0;0;90;0;0;90;0;0;0;0;12.48;2.0799;0;0;0;0;0;0;0;0;0;0;0;0;0;1;1;1;1;0;0;0;0;0;0;0;0;0;0;0;0;0;0;0;0;0;0;0;0;0;0;0;0;0;0;0;0;0;0;0;0;0;0;0;1;1;1;1;1;1;1;1;1;1;1;1;1;1;1;1;1;1;1;0;0;0;0;0;0;0;0;0;0.0004;0.088;0;-0.0884;0;0;0;0;0;0;0;0;0;0;0;0;0;0;0;0;0;0;0;-12.48;0;0;0;0;0.0004;0;0;0;0;0;0;0;-0.0004;-0.0884;0;0;0;0;0;0;0;0;0;-0.7063;0;0.7063;1;1;0;0;0;0
19/10/21 02:00;0;0;90;0;0;90;0;0;0;0;11.28;2.35;0;0;0;0;0;0;0;0;0;0;0;0;0;1;1;1;1;0;0;0;0;0;0;0;0;0;0;0;0;0;0;0;0;0;0;0;0;0;0;0;0;0;0;0;0;0;0;0;0;0;0;0;1;1;1;1;1;1;1;1;1;1;1;1;1;1;1;1;1;1;1;0;0;0;0;0;0;0;0;0;0.0004;0.088;0;-0.0884;0;0;0;0;0;0;0;0;0;0;0;0;0;0;0;0;0;0;0;-11.28;0;0;0;0;0.0004;0;0;0;0;0;0;0;-0.0004;-0.0884;0;0;0;0;0;0;0;0;0;-0.7063;0;0.7063;1;1;0;0;0;0
19/10/21 03:00;0;0;90;0;0;90;0;0;0;0;10.31;2.3999;0;0;0;0;0;0;0;0;0;0;0;0;0;1;1;1;1;0;0;0;0;0;0;0;0;0;0;0;0;0;0;0;0;0;0;0;0;0;0;0;0;0;0;0;0;0;0;0;0;0;0;0;1;1;1;1;1;1;1;1;1;1;1;1;1;1;1;1;1;1;1;0;0;0;0;0;0;0;0;0;0.0004;0.088;0;-0.0884;0;0;0;0;0;0;0;0;0;0;0;0;0;0;0;0;0;0;0;-10.31;0;0;0;0;0.0004;0;0;0;0;0;0;0;-0.0004;-0.0884;0;0;0;0;0;0;0;0;0;-0.7063;0;0.7063;1;1;0;0;0;0
19/10/21 04:00;0;0;90;0;0;90;0;0;0;0;9.08;2.4601;0;0;0;0;0;0;0;0;0;0;0;0;0;1;1;1;1;0;0;0;0;0;0;0;0;0;0;0;0;0;0;0;0;0;0;0;0;0;0;0;0;0;0;0;0;0;0;0;0;0;0;0;1;1;1;1;1;1;1;1;1;1;1;1;1;1;1;1;1;1;1;0;0;0;0;0;0;0;0;0;0.0004;0.088;0;-0.0884;0;0;0;0;0;0;0;0;0;0;0;0;0;0;0;0;0;0;0;-9.08;0;0;0;0;0.0004;0;0;0;0;0;0;0;-0.0004;-0.0884;0;0;0;0;0;0;0;0;0;-0.7063;0;0.7063;1;1;0;0;0;0
19/10/21 05:00;4.6904;-99.129;78.561;4.7503;6.8361;-90;-6.8361;35.905;27.499;8.4055;8.1001;3.2799;0;20.386;25.361;4.965;0;0.0255;50.738;0;50.738;20.386;4.965;25.361;0.0255;0.4018;0.5004;0;0.0005;50.618;0.1194;0;0;0.0981;0.0213;42.565;8.0029;5.5683;1.3562;1.0775;0.0009;50.568;0.0506;0.0204;0.005;0.0253;0;42.567;14.797;3.6038;24.161;0.0033;15.154;12.199;4.5076;0.0015;0.1752;2.5208;0.002;2.6946;0;1;0;0;1.4131;0.9976;1;1;0.9961;0.1651;0.8417;0.7266;1;0.9573;0.7759;0.999;0.999;1;0.999;0.999;0.8389;0.9526;0.128;0.1524;0.1335;0.0008;0.0128;-0.0074;0.0009;0.0032;0.0005;0;0;0.088;0;0.0267;0;0;0;0;0;0;0;0;0;0;0;0;0.0025;0.0001;0.1201;0.1201;0;9.8394;9.8394;1.7393;0.0409;112.43;1068.3;1;0.0054;0.0054;0;0;0;0;0;0;0.1147;0.0267;0;15.017;17.39;3.3336;3.8602;95.465;95.465;1.2177;0.9599;0.2131;0.2578;0.7468;0.2117;0.6133;0.175;15.103;0.1687;0
19/10/21 06:00;15.471;-91.663;49.688;15.477;24.854;-90;-24.854;264.11;43.597;220.51;9.0999;3.69;0;534.8;16.686;63.301;0;2.4461;617.23;0;617.23;534.8;63.301;16.686;2.4461;0.8664;0.031;0;0.004;614.59;2.6414;0;0;0.5489;2.0924;605.87;8.1081;6.7053;0.7937;0.5373;0.0719;613.98;0.6146;0.5348;0.0633;0.0161;0.0004;605.92;527.56;62.444;15.584;0.2814;11.85;9.5391;3.8522;0.1313;0.1242;1.7868;0.0452;1.7796;0;1;0;0;2.3371;0.9957;1;1;0.9671;0.1446;0.9868;0.9874;1;0.9667;0.7966;0.999;0.999;1;0.999;0.999;0.9816;0.9339;0.1151;1.8536;1.8287;0.011;0.0022;0.0562;0.0123;0.0437;0.0003;0;0;0.088;0;1.5448;0;0;0;0;0;0;0;0;0;0;0;0;0.0352;0.0077;1.6601;1.6601;0;33.792;33.792;24.692;0.0408;1573.3;1055.2;1;0.0273;0.0273;0;0;0;0;0;0;1.6328;1.5448;0;17.062;19.757;15.876;18.385;98.353;98.353;14.814;13.268;12.346;1.546;0.9218;0.1044;0.0622;0.8334;10.642;0.8316;0
19/10/21 07:00;27.713;-82.762;6.7378;27.902;60;-90;-60;476.39;78.599;397.79;11.18;4.2901;0;849.48;22.431;103.98;0;23.82;999.71;0;999.71;849.48;103.98;22.431;23.82;0.8497;0.0463;0;0.0238;974.6;25.113;0;0;2.8229;22.291;972.61;1.0155;0.1975;0.0242;0.6926;0.1013;973.62;0.9746;0.8495;0.104;0.0196;0.0015;975.23;848.43;103.85;18.896;1.4261;74.81;60.222;25.371;3.756;0.906;13.033;2.6184;10.183;0;1;0;0;2.0985;0.9749;1;1;0.8742;0.0642;0.999;0.9998;1;0.9646;0.9337;0.999;0.999;1;0.999;0.999;0.9729;0.8424;0.0599;3.0021;2.9647;0.0178;-0.0004;0.2733;0.0187;0.0664;0.0023;0;0;0.088;0;2.3813;0;0;0;0;0;0;0;0;0;0;0;0;0.0535;0.0191;2.514;2.514;0;51.377;51.377;40.197;0.0413;2554.3;984.25;1;0.0447;0.0447;0;0;0;0;0;0;2.4693;2.3813;0;15.953;18.473;15.111;17.498;98.223;98.223;23.993;20.092;19.032;3.9011;1.0603;0.1626;0.0442;0.7932;19.533;0.7855;0
19/10/21 08:00;39.684;-72.327;13.511;41.051;48.949;-90;-48.949;684.61;113;571.61;13.43;4.81;0;870.39;32.923;111.55;0;23.501;1038.4;0;1038.4;870.39;111.55;32.923;23.501;0.8382;0.0543;0;0.0226;1013.3;25.016;0;0;3.085;21.931;1010.8;1.5109;0.4058;0.052;0.9841;0.0691;1012.3;1.0133;0.8704;0.1116;0.0298;0.0016;1016.1;869.11;111.39;28.824;1.499;267.42;215.27;82.718;2.6952;3.0596;44.011;5.2507;44.375;0;1;0;0;1.5167;0.9759;1;1;0.9063;0.0668;0.9985;0.9995;1;0.967;0.9559;0.999;0.999;1;0.999;0.999;0.9735;0.8755;0.0638;3.1182;3.1531;0.019;0.0017;0.3346;0.0196;0.0695;0.0078;0;0;0.088;0;2.4887;0;0;0;0;0;0;0;0;0;0;0;0;0.0559;0.0214;2.6236;2.6236;0;55.346;55.346;41.916;0.0415;2712.4;967.28;1;0.0469;0.0469;0;0;0;0;0;0;2.5767;2.4887;0;16.029;18.561;15.204;17.606;98.212;98.212;24.921;20.968;19.89;3.9526;1.0783;0.1586;0.0433;0.7981;25.44;0.7736;0
19/10/21 09:00;50.847;-58.494;19.266;55.232;34.768;-90;-34.768;849.79;140.2;709.59;15.02;5.05;0;863.8;43.069;113.11;0;15.171;1035.2;0;1035.2;863.8;113.11;43.069;15.171;0.8345;0.0563;0;0.0147;1019.1;16.024;0;0;2.4173;13.607;1015.9;2.1819;0.5743;0.0752;1.3111;0.2213;1018.1;1.0191;0.8638;0.1131;0.0407;0.0016;1020.1;862.37;112.92;39.3;1.3417;431.07;347.01;137.05;1.0882;4.4791;64.431;4.1857;67.821;0;1;0;0;1.2181;0.9845;1;1;0.9439;0.1031;0.9979;0.9993;1;0.9677;0.8584;0.999;0.999;1;0.999;0.999;0.9814;0.9125;0.0884;3.1086;3.2083;0.0193;0.0024;0.3616;0.0198;0.0701;0.0113;0;0;0.088;0;2.5099;0;0;0;0;0;0;0;0;0;0;0;0;0.0565;0.0221;2.6451;2.6451;0;57.213;57.213;42.193;0.0415;2757.3;959.3;1;0.0472;0.0472;0;0;0;0;0;0;2.5979;2.5099;0;16.21;18.77;15.381;17.811;98.215;98.215;24.844;21.14;20.059;3.704;1.0807;0.1491;0.0435;0.8074;29.395;0.7715;0
19/10/21 10:00;60.048;-37.899;23.202;70.508;19.492;-90;-19.492;969.5;160;809.5;16.79;5.1799;0;858.72;50.257;114.84;0;5.5562;1029.4;0;1029.4;858.72;114.84;50.257;5.5562;0.8342;0.0542;0;0.0054;1023.6;5.771;0;0;1.1174;4.6536;1019.9;2.6883;0.6875;0.0919;1.7095;0.1993;1022.6;1.0236;0.8587;0.1148;0.0491;0.0009;1021.2;857.17;114.63;47.381;0.7023;549.46;442.32;173.6;0.1651;5.7006;82.001;1.3128;87.536;0;1;0;0;1.0618;0.9944;1;1;0.9778;0.1624;0.9974;0.9992;1;0.9652;0.7789;0.999;0.999;1;0.999;0.999;0.9908;0.9428;0.1264;3.0912;3.2486;0.0196;0.0031;0.3893;0.0199;0.0704;0.0143;0;0;0.088;0;2.5176;0;0;0;0;0;0;0;0;0;0;0;0;0.0567;0.0226;2.6528;2.6528;0;59.218;59.218;42.428;0.0416;2789.6;950.96;1;0.0472;0.0472;0;0;0;0;0;0;2.6056;2.5176;0;16.348;18.931;15.515;17.966;98.222;98.222;24.705;21.201;20.121;3.5038;1.0803;0.1418;0.0437;0.8144;31.151;0.7686;0
19/10/21 11:00;64.864;-7.3243;24.917;86.577;3.4232;-90;-3.4232;699.1;367.7;331.4;18.26;5.2599;0;332;269.98;97.658;0;0.1247;699.75;0;699.75;332;97.658;269.98;0.1247;0.4744;0.386;0;0.0002;699.29;0.4597;0;0;0.3553;0.1044;686.28;12.316;0.2855;0.084;11.943;0.0045;698.6;0.6993;0.332;0.0977;0.2696;0;686.28;331.38;97.476;257.41;0.0158;412.66;332.19;127.99;-0.0013;4.4287;63.705;-0.0008;68.135;0;1;0;0;1.0009;0.9993;1;1;0.9987;0.1631;0.9824;0.9991;1;0.9557;0.7773;0.999;0.999;1;0.999;0.999;0.9807;0.9534;0.1267;2.1014;2.2013;0.0133;-0.0011;0.1662;0.0142;0.0502;0.0117;0;0;0.088;0;1.7767;0;0;0;0;0;0;0;0;0;0;0;0;0.0404;0.0108;1.8956;1.8956;0;46.516;46.516;28.256;0.0412;1889.6;1003.2;1;0.0309;0.0309;0;0;0;0;0;0;1.8647;1.7767;0;17.185;19.899;16.107;18.651;98.371;98.371;16.794;15.15;14.2;1.6445;0.9501;0.0979;0.0566;0.8455;160.06;0.7916;0
19/10/21 12:00;62.795;26.231;24.211;77.2;12.801;90;12.801;976.1;160.9;815.21;19.5;5.53;0;835.98;53.417;109.53;0;2.4259;1001.4;0;1001.4;835.98;109.53;53.417;2.4259;0.8349;0.0558;0;0.0024;998.74;2.6126;0;0;0.5868;2.0257;994.8;2.9437;0.6984;0.0915;2.0637;0.0901;997.75;0.9987;0.836;0.1095;0.0528;0.0004;995.3;834.45;109.33;50.714;0.3097;566.34;455.9;178.53;0.0396;5.8937;84.778;0.5002;90.632;0;1;0;0;1.0259;0.9974;1;1;0.989;0.1649;0.997;0.9992;1;0.9609;0.7747;0.999;0.999;1;0.999;0.999;0.9935;0.9494;0.1276;3.0071;3.1765;0.0191;0.002;0.4006;0.0193;0.0684;0.0147;0;0;0.088;0;2.4426;0;0;0;0;0;0;0;0;0;0;0;0;0.0551;0.0217;2.5757;2.5757;0;60.942;60.942;41.442;0.0417;2727.7;944.27;1;0.0451;0.0451;0;0;0;0;0;0;2.5306;2.4426;0;16.317;18.895;15.474;17.918;98.248;98.248;24.033;20.585;19.521;3.4478;1.0639;0.1435;0.0443;0.8123;32.269;0.7639;0
19/10/21 13:00;55.06;50.91;21.169;61.531;28.469;90;28.469;414.31;371.1;43.211;20.12;5.84;0;49.155;335.35;16.115;0;5.0101;405.63;0;405.63;49.155;16.115;335.35;5.0101;0.1212;0.8391;0;0.0124;387.52;18.107;0;0;13.736;4.3711;376.45;10.688;0.0359;0.0118;10.521;0.1194;387.14;0.3875;0.0492;0.0161;0.3216;0.0006;377.92;49.07;16.088;310.77;0.5189;249.36;200.73;77.93;4.2342;2.913;41.903;1.4667;40.581;0;1;0;0;0.9791;0.9554;1;1;0.959;0.1275;0.9724;0.9993;1;0.9673;0.8129;0.999;0.999;1;0.999;0.999;0.9281;0.9267;0.1036;1.2181;1.2266;0.0074;0.0102;0.0458;0.0081;0.0289;0.0079;0;0;0.088;0;0.9859;0;0;0;0;0;0;0;0;0;0;0;0;0.0233;0.0037;1.0913;1.0913;0;35.519;35.519;15.399;0.0409;1051.4;1037.9;1;0.0174;0.0174;0;0;0;0;0;0;1.0739;0.9859;0;17.066;19.762;15.418;17.854;98.407;98.407;9.7351;8.7215;7.8792;1.0137;0.8422;0.1041;0.0865;0.8094;218.76;0.7513;0
19/10/21 14:00;44.522;67.078;16.123;46.877;43.123;90;43.123;224.49;219.9;4.5915;19.25;5.9601;0;6.2907;189.3;1.4288;0;6.0637;203.08;0;203.08;6.2907;1.4288;189.3;6.0637;0.031;0.962;0;0.0299;182.69;20.395;0;0;14.776;5.6182;176.81;5.6978;0.0035;0.0008;5.6616;0.0319;182.51;0.1827;0.0063;0.0014;0.1745;0.0004;178.99;6.2809;1.4265;168.69;0.4132;140.99;113.49;46.766;9.9834;1.9645;28.258;2.1801;20.239;0;1;0;0;0.9046;0.8996;1;1;0.9219;0.0735;0.9688;0.9994;1;0.9675;0.9283;0.999;0.999;1;0.999;0.999;0.8706;0.8911;0.0681;0.6099;0.5987;0.0036;0.0177;0.0032;0.004;0.0143;0.0054;0;0;0.088;0;0.4403;0;0;0;0;0;0;0;0;0;0;0;0;0.0115;0.001;0.538;0.538;0;26.468;26.468;7.2182;0.0408;510.28;1054.3;1;0.0097;0.0097;0;0;0;0;0;0;0.5283;0.4403;0;16.805;19.46;13.753;15.926;98.197;98.197;4.874;4.2997;3.5189;0.5743;0.7808;0.1178;0.1602;0.722;138.52;0.6539;0
19/10/21 15:00;32.803;78.643;9.5272;33.321;56.679;90;56.679;298.7;261.6;37.102;18.48;5.86;0;67.541;192.6;23.62;0;13.462;297.22;0;297.22;67.541;23.62;192.6;13.462;0.2272;0.6933;0;0.0453;262.22;35.008;0;0;22.365;12.643;256.02;5.9327;0.0222;0.0078;5.8619;0.0408;261.95;0.2622;0.0675;0.0236;0.1702;0.0008;260.99;67.452;23.589;164.2;0.7773;174.07;140.12;60.668;26.295;3.143;45.21;4.9692;22.058;0;1;0;0;0.995;0.8822;1;1;0.8839;0.0608;0.9774;0.9997;1;0.9655;0.9501;0.999;0.999;1;0.999;0.999;0.8614;0.8526;0.0577;0.8926;0.8814;0.0053;0.015;0.0123;0.0059;0.0211;0.0087;0;0;0.088;0;0.6928;0;0;0;0;0;0;0;0;0;0;0;0;0.017;0.002;0.7941;0.7941;0;28.922;28.922;10.442;0.0408;751.57;1056.5;1;0.0132;0.0132;0;0;0;0;0;0;0.7808;0.6928;0;16.948;19.625;14.787;17.123;98.335;98.335;7.1334;6.3462;5.5372;0.7872;0.809;0.1104;0.1134;0.7762;161.39;0.6969;0
19/10/21 16:00;20.629;88.027;31.3;20.64;38.109;90;38.109;325.6;144.1;181.5;19.07;5.0999;0;440.19;80.709;130.39;0;6.9405;658.23;0;658.23;440.19;130.39;80.709;6.9405;0.6687;0.1332;0;0.0105;646.67;11.57;0;0;5.236;6.3338;642.49;3.5269;0.7901;0.2341;2.4347;0.0679;646.02;0.6467;0.4402;0.1304;0.0755;0.0006;643.15;438.96;130.03;72.963;0.5381;57.734;46.476;18.944;2.7858;0.7332;10.547;0.6567;8.4948;0;1;0;0;2.0216;0.9824;1;1;0.9351;0.0874;0.9945;0.9982;1;0.9677;0.8879;0.999;0.999;1;0.999;0.999;0.9761;0.904;0.0775;1.9767;1.9593;0.0118;0.0008;0.1413;0.0126;0.0448;0.0019;0;0;0.088;0;1.5859;0;0;0;0;0;0;0;0;0;0;0;0;0.0361;0.0087;1.7012;1.7012;0;45.506;45.506;26.436;0.0411;1685.5;1009.3;1;0.0273;0.0273;0;0;0;0;0;0;1.6739;1.5859;0;16.395;18.985;15.284;17.698;98.396;98.396;15.798;13.596;12.674;2.202;0.9213;0.1394;0.0583;0.8023;56.581;0.7928;0
19/10/21 17:00;8.3825;96.564;69.295;8.437;12.408;90;12.408;90.191;82.098;8.093;17.9;3.29;0;19.628;77.877;8.0054;0;0.2107;105.72;0;105.72;19.628;8.0054;77.877;0.2107;0.1857;0.7386;0;0.002;104.73;0.9878;0;0;0.8119;0.1759;98.824;5.8046;1.9654;0.8016;3.0298;0.0078;104.63;0.1047;0.0196;0.008;0.0771;0;98.86;17.643;7.1958;73.958;0.0269;47.045;37.871;14.061;0.0508;0.5427;7.806;0.0357;8.2979;0;1;0;0;1.1722;0.9907;1;1;0.9896;0.165;0.9445;0.8998;1;0.9606;0.7746;0.999;0.999;1;0.999;0.999;0.9348;0.9497;0.1277;0.3175;0.3142;0.0019;0.0173;-0.0035;0.0021;0.0074;0.0015;0;0;0.088;0;0.1863;0;0;0;0;0;0;0;0;0;0;0;0;0.006;0.0004;0.2812;0.2812;0;21.941;21.941;4.0412;0.0409;267.56;1051.1;1;0.007;0.007;0;0;0;0;0;0;0.2743;0.1863;0;16.876;19.542;11.178;12.944;97.528;97.528;2.5373;2.2477;1.4888;0.2896;0.7589;0.1141;0.2991;0.5868;46.989;0.556;0
19/10/21 18:00;1.1168;101.65;87.29;1.1403;1.6262;90;1.6262;0;0;0;13.87;3.31;0;0;0;0;0;0;0;0;0;0;0;0;0;1;1;1;1;0;0;0;0;0;0;0;0;0;0;0;0;0;0;0;0;0;0;0;0;0;0;0;0;0;0;0;0;0;0;0;0;0;0;0;1;1;1;1;1;1;1;1;1;1;1;1;1;1;1;1;1;1;1;0;0;0;0;0;0;0;0;0;0.0004;0.088;0;-0.0884;0;0;0;0;0;0;0;0;0;0;0;0;0;0;0;0;0;0;0;-13.87;0;0;0;0;0.0004;0;0;0;0;0;0;0;-0.0004;-0.0884;0;0;0;0;0;0;0;0;0;-0.7063;0;0.7063;1;1;0;0;0;0
19/10/21 19:00;0;0;90;0;0;90;0;0;0;0;10.38;3.47;0;0;0;0;0;0;0;0;0;0;0;0;0;1;1;1;1;0;0;0;0;0;0;0;0;0;0;0;0;0;0;0;0;0;0;0;0;0;0;0;0;0;0;0;0;0;0;0;0;0;0;0;1;1;1;1;1;1;1;1;1;1;1;1;1;1;1;1;1;1;1;0;0;0;0;0;0;0;0;0;0.0004;0.088;0;-0.0884;0;0;0;0;0;0;0;0;0;0;0;0;0;0;0;0;0;0;0;-10.38;0;0;0;0;0.0004;0;0;0;0;0;0;0;-0.0004;-0.0884;0;0;0;0;0;0;0;0;0;-0.7063;0;0.7063;1;1;0;0;0;0
19/10/21 20:00;0;0;90;0;0;90;0;0;0;0;7.7199;3.3;0;0;0;0;0;0;0;0;0;0;0;0;0;1;1;1;1;0;0;0;0;0;0;0;0;0;0;0;0;0;0;0;0;0;0;0;0;0;0;0;0;0;0;0;0;0;0;0;0;0;0;0;1;1;1;1;1;1;1;1;1;1;1;1;1;1;1;1;1;1;1;0;0;0;0;0;0;0;0;0;0.0004;0.088;0;-0.0884;0;0;0;0;0;0;0;0;0;0;0;0;0;0;0;0;0;0;0;-7.7199;0;0;0;0;0.0004;0;0;0;0;0;0;0;-0.0004;-0.0884;0;0;0;0;0;0;0;0;0;-0.7063;0;0.7063;1;1;0;0;0;0
19/10/21 21:00;0;0;90;0;0;90;0;0;0;0;6.72;3.08;0;0;0;0;0;0;0;0;0;0;0;0;0;1;1;1;1;0;0;0;0;0;0;0;0;0;0;0;0;0;0;0;0;0;0;0;0;0;0;0;0;0;0;0;0;0;0;0;0;0;0;0;1;1;1;1;1;1;1;1;1;1;1;1;1;1;1;1;1;1;1;0;0;0;0;0;0;0;0;0;0.0004;0.088;0;-0.0884;0;0;0;0;0;0;0;0;0;0;0;0;0;0;0;0;0;0;0;-6.72;0;0;0;0;0.0004;0;0;0;0;0;0;0;-0.0004;-0.0884;0;0;0;0;0;0;0;0;0;-0.7063;0;0.7063;1;1;0;0;0;0
19/10/21 22:00;0;0;90;0;0;90;0;0;0;0;7.2399;2.9499;0;0;0;0;0;0;0;0;0;0;0;0;0;1;1;1;1;0;0;0;0;0;0;0;0;0;0;0;0;0;0;0;0;0;0;0;0;0;0;0;0;0;0;0;0;0;0;0;0;0;0;0;1;1;1;1;1;1;1;1;1;1;1;1;1;1;1;1;1;1;1;0;0;0;0;0;0;0;0;0;0.0004;0.088;0;-0.0884;0;0;0;0;0;0;0;0;0;0;0;0;0;0;0;0;0;0;0;-7.2399;0;0;0;0;0.0004;0;0;0;0;0;0;0;-0.0004;-0.0884;0;0;0;0;0;0;0;0;0;-0.7063;0;0.7063;1;1;0;0;0;0
19/10/21 23:00;0;0;90;0;0;90;0;0;0;0;6.96;2.81;0;0;0;0;0;0;0;0;0;0;0;0;0;1;1;1;1;0;0;0;0;0;0;0;0;0;0;0;0;0;0;0;0;0;0;0;0;0;0;0;0;0;0;0;0;0;0;0;0;0;0;0;1;1;1;1;1;1;1;1;1;1;1;1;1;1;1;1;1;1;1;0;0;0;0;0;0;0;0;0;0.0004;0.088;0;-0.0884;0;0;0;0;0;0;0;0;0;0;0;0;0;0;0;0;0;0;0;-6.96;0;0;0;0;0.0004;0;0;0;0;0;0;0;-0.0004;-0.0884;0;0;0;0;0;0;0;0;0;-0.7063;0;0.7063;1;1;0;0;0;0
20/10/21 00:00;0;0;90;0;0;90;0;0;0;0;5.6697;2.65;0;0;0;0;0;0;0;0;0;0;0;0;0;1;1;1;1;0;0;0;0;0;0;0;0;0;0;0;0;0;0;0;0;0;0;0;0;0;0;0;0;0;0;0;0;0;0;0;0;0;0;0;1;1;1;1;1;1;1;1;1;1;1;1;1;1;1;1;1;1;1;0;0;0;0;0;0;0;0;0;0.0004;0.088;0;-0.0884;0;0;0;0;0;0;0;0;0;0;0;0;0;0;0;0;0;0;0;-5.6697;0;0;0;0;0.0004;0;0;0;0;0;0;0;-0.0004;-0.0884;0;0;0;0;0;0;0;0;0;-0.7063;0;0.7063;1;1;0;0;0;0
20/10/21 01:00;0;0;90;0;0;90;0;0;0;0;4.63;2.4699;0;0;0;0;0;0;0;0;0;0;0;0;0;1;1;1;1;0;0;0;0;0;0;0;0;0;0;0;0;0;0;0;0;0;0;0;0;0;0;0;0;0;0;0;0;0;0;0;0;0;0;0;1;1;1;1;1;1;1;1;1;1;1;1;1;1;1;1;1;1;1;0;0;0;0;0;0;0;0;0;0.0004;0.088;0;-0.0884;0;0;0;0;0;0;0;0;0;0;0;0;0;0;0;0;0;0;0;-4.63;0;0;0;0;0.0004;0;0;0;0;0;0;0;-0.0004;-0.0884;0;0;0;0;0;0;0;0;0;-0.7063;0;0.7063;1;1;0;0;0;0
20/10/21 02:00;0;0;90;0;0;90;0;0;0;0;6.0001;2.19;0;0;0;0;0;0;0;0;0;0;0;0;0;1;1;1;1;0;0;0;0;0;0;0;0;0;0;0;0;0;0;0;0;0;0;0;0;0;0;0;0;0;0;0;0;0;0;0;0;0;0;0;1;1;1;1;1;1;1;1;1;1;1;1;1;1;1;1;1;1;1;0;0;0;0;0;0;0;0;0;0.0004;0.088;0;-0.0884;0;0;0;0;0;0;0;0;0;0;0;0;0;0;0;0;0;0;0;-6.0001;0;0;0;0;0.0004;0;0;0;0;0;0;0;-0.0004;-0.0884;0;0;0;0;0;0;0;0;0;-0.7063;0;0.7063;1;1;0;0;0;0
20/10/21 03:00;0;0;90;0;0;90;0;0;0;0;4.7297;1.9101;0;0;0;0;0;0;0;0;0;0;0;0;0;1;1;1;1;0;0;0;0;0;0;0;0;0;0;0;0;0;0;0;0;0;0;0;0;0;0;0;0;0;0;0;0;0;0;0;0;0;0;0;1;1;1;1;1;1;1;1;1;1;1;1;1;1;1;1;1;1;1;0;0;0;0;0;0;0;0;0;0.0004;0.088;0;-0.0884;0;0;0;0;0;0;0;0;0;0;0;0;0;0;0;0;0;0;0;-4.7297;0;0;0;0;0.0004;0;0;0;0;0;0;0;-0.0004;-0.0884;0;0;0;0;0;0;0;0;0;-0.7063;0;0.7063;1;1;0;0;0;0
20/10/21 04:00;0;0;90;0;0;90;0;0;0;0;4.1102;1.8301;0;0;0;0;0;0;0;0;0;0;0;0;0;1;1;1;1;0;0;0;0;0;0;0;0;0;0;0;0;0;0;0;0;0;0;0;0;0;0;0;0;0;0;0;0;0;0;0;0;0;0;0;1;1;1;1;1;1;1;1;1;1;1;1;1;1;1;1;1;1;1;0;0;0;0;0;0;0;0;0;0.0004;0.088;0;-0.0884;0;0;0;0;0;0;0;0;0;0;0;0;0;0;0;0;0;0;0;-4.1102;0;0;0;0;0.0004;0;0;0;0;0;0;0;-0.0004;-0.0884;0;0;0;0;0;0;0;0;0;-0.7063;0;0.7063;1;1;0;0;0;0
20/10/21 05:00;4.7288;-99.54;78.467;4.7948;6.9015;-90;-6.9015;39.108;29.501;9.6068;3.6601;1.87;0;23.299;26.915;6.0351;0;0.0283;56.278;0;56.278;23.299;6.0351;26.915;0.0283;0.414;0.4788;0;0.0005;56.148;0.1294;0;0;0.1057;0.0237;47.02;9.0721;6.2974;1.6312;1.1425;0.001;56.092;0.0561;0.0233;0.006;0.0268;0;47.022;16.979;4.3979;25.64;0.0036;16.089;12.952;4.7868;0.0016;0.186;2.6754;0.0022;2.8598;0;1;0;0;1.439;0.9977;1;1;0.9961;0.1652;0.8383;0.7294;1;0.9573;0.7759;0.999;0.999;1;0.999;0.999;0.8355;0.9526;0.128;0.169;0.1473;0.0009;0.0134;-0.0105;0.001;0.0036;0.0005;0;0;0.088;0;0.0412;0;0;0;0;0;0;0;0;0;0;0;0;0.0029;0.0001;0.1354;0.1354;0;5.572;5.572;1.9119;0.0407;124.04;1091.2;1;0.0061;0.0061;0;0;0;0;0;0;0.1292;0.0412;0;15.258;17.668;4.649;5.3835;95.482;95.482;1.3507;1.0818;0.3296;0.2689;0.7522;0.1991;0.5569;0.244;16.03;0.2357;0
20/10/21 06:00;15.706;-91.948;48.964;15.715;25.348;-90;-25.348;238.91;41.801;197.11;8.84;2.76;0;478.04;18.818;53.431;0;2.3001;552.59;0;552.59;478.04;53.431;18.818;2.3001;0.8651;0.0382;0;0.0042;549.98;2.611;0;0;0.6389;1.972;542.32;7.1083;5.7914;0.6473;0.6036;0.066;549.43;0.55;0.478;0.0534;0.0182;0.0003;542.39;471.77;52.73;17.558;0.2618;13.11;10.554;3.4081;0.1586;0.1938;2.7876;0.0738;2.8228;0;1;0;0;2.313;0.9953;1;1;0.966;0.1426;0.9871;0.9879;1;0.9668;0.7987;0.999;0.999;1;0.999;0.999;0.9814;0.933;0.1138;1.6594;1.6395;0.0099;0.0045;0.0339;0.0111;0.0395;0.0005;0;0;0.088;0;1.3896;0;0;0;0;0;0;0;0;0;0;0;0;0.0318;0.0063;1.502;1.502;0;30.898;30.898;22.058;0.0407;1409.8;1065.4;1;0.0245;0.0245;0;0;0;0;0;0;1.4776;1.3896;0;17.243;19.967;15.952;18.472;98.371;98.371;13.262;12.004;11.105;1.2579;0.8988;0.0948;0.0678;0.8374;12.037;0.8342;0
20/10/21 07:00;27.951;-83.069;6.3991;28.125;60;-90;-60;460.39;77.003;383.39;12.54;4.09;0;812.86;23.559;96.662;0;23.02;956.1;0;956.1;812.86;96.662;23.559;23.02;0.8502;0.0487;0;0.0241;931.6;24.507;0;0;2.9649;21.542;929.64;1.0261;0.1795;0.0213;0.7274;0.0979;930.66;0.9316;0.8129;0.0967;0.0206;0.0015;932.46;811.87;96.544;19.846;1.3782;76.317;61.435;25.101;3.9444;0.9824;14.131;2.8218;11.169;0;1;0;0;2.0767;0.9744;1;1;0.8742;0.0642;0.9989;0.9998;1;0.9646;0.9337;0.999;0.999;1;0.999;0.999;0.9723;0.8424;0.0599;2.8712;2.8383;0.0171;-0.0014;0.2576;0.018;0.0637;0.0026;0;0;0.088;0;2.2817;0;0;0;0;0;0;0;0;0;0;0;0;0.0513;0.0176;2.4119;2.4119;0;50.946;50.946;38.406;0.0413;2445.6;986.2;1;0.0422;0.0422;0;0;0;0;0;0;2.3697;2.2817;0;16.002;18.531;15.139;17.53;98.251;98.251;22.946;19.276;18.235;3.6708;1.0405;0.16;0.0453;0.7947;20.515;0.786;0
20/10/21 08:00;39.937;-72.664;13.208;41.253;48.747;-90;-48.747;666.21;109.6;556.61;15.55;4.8;0;844.14;33.861;104.32;0;22.692;1005;0;1005;844.14;104.32;33.861;22.692;0.8399;0.0563;0;0.0226;980.69;24.326;0;0;3.154;21.172;978.2;1.512;0.3847;0.0475;1.0119;0.0678;979.71;0.9807;0.8441;0.1043;0.0307;0.0015;983.28;842.91;104.17;29.664;1.4514;262.36;211.2;81.331;2.7323;2.9958;43.094;5.0877;43.357;0;1;0;0;1.5086;0.9758;1;1;0.9069;0.067;0.9985;0.9995;1;0.967;0.9554;0.999;0.999;1;0.999;0.999;0.9733;0.8761;0.064;3.0181;3.0524;0.0184;0.0004;0.3329;0.0189;0.067;0.0076;0;0;0.088;0;2.4004;0;0;0;0;0;0;0;0;0;0;0;0;0.054;0.0202;2.533;2.533;0;56.138;56.138;40.588;0.0415;2626.6;964.36;1;0.0446;0.0446;0;0;0;0;0;0;2.4884;2.4004;0;15.988;18.514;15.151;17.545;98.239;98.239;24.12;20.244;19.184;3.8767;1.0599;0.1607;0.0439;0.7953;26.113;0.7706;0
20/10/21 09:00;51.13;-58.851;18.942;55.401;34.599;-90;-34.599;833.31;137.5;695.8;18.02;5.07;0;845.29;44.261;108.06;0;14.737;1012.4;0;1012.4;845.29;108.06;44.261;14.737;0.835;0.0583;0;0.0146;996.68;15.672;0;0;2.4653;13.207;993.49;2.19;0.5525;0.0706;1.3482;0.2187;995.68;0.9967;0.8453;0.1081;0.0418;0.0015;997.56;843.9;107.88;40.405;1.31;423.76;341.13;134.72;1.0996;4.4058;63.376;4.0645;66.682;0;1;0;0;1.2149;0.9845;1;1;0.9443;0.1038;0.9978;0.9993;1;0.9677;0.857;0.999;0.999;1;0.999;0.999;0.9814;0.9129;0.0889;3.0401;3.1381;0.0189;0.0015;0.378;0.0192;0.068;0.0111;0;0;0.088;0;2.4325;0;0;0;0;0;0;0;0;0;0;0;0;0.0548;0.0212;2.5655;2.5655;0;59.353;59.353;41.333;0.0416;2697.4;951.12;1;0.0451;0.0451;0;0;0;0;0;0;2.5205;2.4325;0;16.076;18.616;15.243;17.651;98.244;98.244;24.296;20.504;19.44;3.7926;1.0634;0.1561;0.0438;0.8001;30.169;0.7643;0
20/10/21 10:00;60.378;-38.194;22.858;70.63;19.37;-90;-19.37;946.8;156.2;790.6;20.21;5.0801;0;838.04;51.863;109;0;5.3593;1004.3;0;1004.3;838.04;109;51.863;5.3593;0.8345;0.057;0;0.0053;998.63;5.6291;0;0;1.1411;4.488;994.92;2.7078;0.661;0.086;1.7683;0.1925;997.63;0.9986;0.838;0.109;0.0507;0.0009;996.19;836.54;108.8;48.903;0.6779;536.99;432.28;169.62;0.1667;5.5741;80.182;1.2642;85.589;0;1;0;0;1.0607;0.9944;1;1;0.978;0.1626;0.9973;0.9992;1;0.9651;0.7788;0.999;0.999;1;0.999;0.999;0.9907;0.9429;0.1265;3.0158;3.1694;0.0191;0.0019;0.4081;0.0192;0.068;0.0139;0;0;0.088;0;2.4302;0;0;0;0;0;0;0;0;0;0;0;0;0.0548;0.0216;2.5629;2.5629;0;61.683;61.683;41.473;0.0417;2722;941.56;1;0.0447;0.0447;0;0;0;0;0;0;2.5182;2.4302;0;16.189;18.747;15.351;17.776;98.255;98.255;24.102;20.483;19.422;3.6196;1.0608;0.1502;0.044;0.8058;32.128;0.7604;0
20/10/21 11:00;65.225;-7.3133;24.56;86.638;3.3624;-90;-3.3624;896.79;196.3;700.5;21.17;4.9201;0;701.7;86.602;109.81;0;0.1544;898.27;0;898.27;701.7;109.81;86.602;0.1544;0.7812;0.0966;0;0.0002;898.03;0.2402;0;0;0.111;0.1292;892.61;4.5266;0.5947;0.0931;3.8332;0.0056;897.13;0.898;0.7017;0.1098;0.0865;0;892.61;700.41;109.61;82.572;0.0196;528.49;425.44;167.38;-0.0004;5.4462;78.342;0.0012;83.788;0;1;0;0;1.0016;0.9997;1;1;0.9987;0.1631;0.995;0.9992;1;0.9556;0.7773;0.999;0.999;1;0.999;0.999;0.9937;0.9535;0.1266;2.6975;2.8536;0.0172;-0.0013;0.3336;0.0175;0.0622;0.0137;0;0;0.088;0;2.2151;0;0;0;0;0;0;0;0;0;0;0;0;0.0501;0.0177;2.3429;2.3429;0;58.271;58.271;37.1;0.0416;2453.5;954.9;1;0.0397;0.0397;0;0;0;0;0;0;2.3031;2.2151;0;16.545;19.159;15.643;18.115;98.304;98.304;21.559;18.724;17.703;2.8344;1.0208;0.1315;0.0474;0.8212;51.34;0.7708;0
20/10/21 12:00;63.112;26.61;23.85;77.204;12.796;90;12.796;704.69;362.3;342.39;21.36;4.74;0;351.11;258.37;103.24;0;1.7501;714.48;0;714.48;351.11;103.24;258.37;1.7501;0.4914;0.3641;0;0.0024;710.18;4.2983;0;0;2.8368;1.4615;699.05;10.422;0.289;0.085;9.9827;0.065;709.47;0.7102;0.3511;0.1032;0.2555;0.0003;699.4;350.47;103.05;245.3;0.2234;412.73;332.25;127.8;0.1889;4.4552;64.087;0.3557;68.353;0;1;0;0;1.0139;0.994;1;1;0.989;0.1649;0.9853;0.9992;1;0.9609;0.7747;0.999;0.999;1;0.999;0.999;0.9784;0.9494;0.1276;2.1456;2.2416;0.0135;-0.0013;0.1989;0.0142;0.0504;0.0116;0;0;0.088;0;1.7838;0;0;0;0;0;0;0;0;0;0;0;0;0.0406;0.0112;1.9025;1.9025;0;50.23;50.23;28.87;0.0413;1926.4;987.61;1;0.0307;0.0307;0;0;0;0;0;0;1.8718;1.7838;0;16.892;19.56;15.838;18.34;98.386;98.386;17.147;15.205;14.256;1.9427;0.9487;0.1133;0.0553;0.8314;156.08;0.7791;0
20/10/21 13:00;55.306;51.374;20.813;61.594;28.406;90;28.406;878.71;156.9;721.81;22.76;4.56;0;820.61;53.754;113.35;0;10.58;998.29;0;998.29;820.61;113.35;53.754;10.58;0.822;0.0644;0;0.0106;986.87;11.422;0;0;2.194;9.2277;983.27;2.611;0.5893;0.0814;1.687;0.2532;985.89;0.9869;0.8206;0.1133;0.0516;0.0014;986.08;819.2;113.15;49.821;1.0976;473.36;381.05;148.83;0.676;4.9932;71.825;2.8048;76.142;0;1;0;0;1.1361;0.9886;1;1;0.9592;0.1278;0.9974;0.9993;1;0.9672;0.8125;0.999;0.999;1;0.999;0.999;0.985;0.9268;0.1037;2.9979;3.1214;0.0188;0.0012;0.4262;0.0187;0.0664;0.0123;0;0;0.088;0;2.3722;0;0;0;0;0;0;0;0;0;0;0;0;0.0535;0.021;2.5032;2.5032;0;63.82;63.82;41.059;0.0418;2682.4;933.21;1;0.0431;0.0431;0;0;0;0;0;0;2.4602;2.3722;0;15.907;18.42;15.074;17.455;98.279;98.279;23.959;20.006;18.958;3.9532;1.0475;0.165;0.0437;0.7913;35.051;0.7508;0
20/10/21 14:00;44.72;67.502;15.777;46.986;43.014;90;43.014;837.7;138.2;699.5;22.67;4.3801;0;956.67;33.545;136.01;0;22.519;1148.7;0;1148.7;956.67;136.01;33.545;22.519;0.8328;0.0488;0;0.0196;1125.3;23.469;0;0;2.6089;20.86;1122.4;1.7182;0.5208;0.074;1.0034;0.1199;1124.2;1.1253;0.9567;0.136;0.0309;0.0017;1128.2;955.19;135.8;29.902;1.5378;375.15;301.99;117.82;1.7593;4.0449;58.184;5.7261;60.47;0;1;0;0;1.3713;0.9796;1;1;0.9222;0.0737;0.9985;0.9995;1;0.9675;0.9277;0.999;0.999;1;0.999;0.999;0.9771;0.8914;0.0683;3.4497;3.5206;0.0212;0.0083;0.5547;0.0206;0.0729;0.0097;0;0;0.088;0;2.6119;0;0;0;0;0;0;0;0;0;0;0;0;0.0587;0.0265;2.748;2.748;0;69.784;69.784;47.114;0.042;3030.3;906.86;1;0.0482;0.0482;0;0;0;0;0;0;2.6999;2.6119;0;15.175;17.573;14.423;16.702;98.247;98.247;27.57;21.962;20.874;5.6075;1.0884;0.2034;0.0395;0.7571;24.523;0.7295;0
20/10/21 15:00;32.975;79.021;9.1934;33.46;56.54;90;56.54;457.4;231.5;225.9;23.19;4.2101;0;409.72;125.62;126.14;0;20.521;682;0;682;409.72;126.14;125.62;20.521;0.6008;0.2143;0;0.0301;648.19;33.808;0;0;14.535;19.273;643.49;4.0529;0.13;0.04;3.8214;0.0615;647.54;0.6482;0.4097;0.1261;0.1111;0.0012;648.65;409.18;125.97;107.16;1.1853;180.69;145.46;59.748;17.004;2.8036;40.329;5.1604;26.128;0;1;0;0;1.491;0.9504;1;1;0.8843;0.0608;0.9937;0.9997;1;0.9656;0.9507;0.999;0.999;1;0.999;0.999;0.9435;0.853;0.0578;2.048;2.0387;0.0123;0.0001;0.1779;0.0129;0.0459;0.0073;0;0;0.088;0;1.6203;0;0;0;0;0;0;0;0;0;0;0;0;0.037;0.0094;1.7359;1.7359;0;49.761;49.761;26.571;0.0413;1752.4;990.57;1;0.0276;0.0276;0;0;0;0;0;0;1.7083;1.6203;0;16.147;18.697;15.071;17.452;98.411;98.411;16.368;13.873;12.949;2.4947;0.9238;0.1524;0.0564;0.7911;105.1;0.7576;0
20/10/21 16:00;20.793;88.371;30.577;20.8;38.657;90;38.657;345.1;129.4;215.7;22.76;3.5999;0;523.13;64.547;138.03;0;7.561;733.26;0;733.26;523.13;138.03;64.547;7.561;0.7134;0.0983;0;0.0103;722.07;11.197;0;0;4.2811;6.916;718.42;2.9211;0.718;0.1894;1.9452;0.0686;721.35;0.7221;0.5231;0.138;0.0603;0.0006;719.02;521.89;137.7;58.26;0.5758;46.794;37.669;15.009;2.3402;0.6221;8.948;0.5939;7.2298;0;1;0;0;2.1248;0.9847;1;1;0.9337;0.0853;0.996;0.9986;1;0.9677;0.8936;0.999;0.999;1;0.999;0.999;0.9798;0.9026;0.0762;2.202;2.1845;0.0132;-0.001;0.2117;0.0137;0.0487;0.0016;0;0;0.088;0;1.7292;0;0;0;0;0;0;0;0;0;0;0;0;0.0392;0.0107;1.8467;1.8467;0;52.485;52.485;29.725;0.0414;1882.8;980.82;1;0.0295;0.0295;0;0;0;0;0;0;1.8172;1.7292;0;15.976;18.5;14.959;17.323;98.402;98.402;17.598;14.759;13.82;2.8397;0.9392;0.1614;0.0534;0.7853;45.458;0.7782;0
20/10/21 17:00;8.5494;96.887;68.866;8.6106;12.681;90;12.681;47.703;47.003;0.7006;20.79;2.68;0;1.6992;46.271;0.3889;0;0.1164;48.476;0;48.476;1.6992;0.3889;46.271;0.1164;0.0351;0.9569;0;0.0024;47.878;0.5975;0;0;0.5003;0.0972;45.835;1.9951;0.1622;0.0371;1.7915;0.0043;47.83;0.0479;0.0017;0.0004;0.0458;0;45.858;1.5353;0.3514;43.934;0.0149;27.946;22.497;8.3509;0.0327;0.3226;4.641;0.0224;4.931;0;1;0;0;1.0162;0.9877;1;1;0.9892;0.165;0.9583;0.9044;1;0.9608;0.7747;0.999;0.999;1;0.999;0.999;0.9455;0.9495;0.1277;0.1456;0.1479;0.0009;0.0134;-0.0013;0.0009;0.0033;0.0008;0;0;0.088;0;0.0337;0;0;0;0;0;0;0;0;0;0;0;0;0.0027;0.0001;0.1269;0.1269;0;22.682;22.682;1.8919;0.0413;124.9;1015.9;1;0.0052;0.0052;0;0;0;0;0;0;0.1217;0.0337;0;16.605;19.228;4.4127;5.1098;95.927;95.927;1.1634;1.0141;0.2695;0.1493;0.7446;0.1284;0.64;0.2316;27.942;0.2161;0
20/10/21 18:00;1.2904;101.97;86.869;1.3191;1.8814;90;1.8814;0;0;0;17.4;2.98;0;0;0;0;0;0;0;0;0;0;0;0;0;1;1;1;1;0;0;0;0;0;0;0;0;0;0;0;0;0;0;0;0;0;0;0;0;0;0;0;0;0;0;0;0;0;0;0;0;0;0;0;1;1;1;1;1;1;1;1;1;1;1;1;1;1;1;1;1;1;1;0;0;0;0;0;0;0;0;0;0.0004;0.088;0;-0.0884;0;0;0;0;0;0;0;0;0;0;0;0;0;0;0;0;0;0;0;-17.4;0;0;0;0;0.0004;0;0;0;0;0;0;0;-0.0004;-0.0884;0;0;0;0;0;0;0;0;0;-0.7063;0;0.7063;1;1;0;0;0;0
20/10/21 19:00;0;0;90;0;0;90;0;0;0;0;14.88;3.5001;0;0;0;0;0;0;0;0;0;0;0;0;0;1;1;1;1;0;0;0;0;0;0;0;0;0;0;0;0;0;0;0;0;0;0;0;0;0;0;0;0;0;0;0;0;0;0;0;0;0;0;0;1;1;1;1;1;1;1;1;1;1;1;1;1;1;1;1;1;1;1;0;0;0;0;0;0;0;0;0;0.0004;0.088;0;-0.0884;0;0;0;0;0;0;0;0;0;0;0;0;0;0;0;0;0;0;0;-14.88;0;0;0;0;0.0004;0;0;0;0;0;0;0;-0.0004;-0.0884;0;0;0;0;0;0;0;0;0;-0.7063;0;0.7063;1;1;0;0;0;0
20/10/21 20:00;0;0;90;0;0;90;0;0;0;0;13.9;4.01;0;0;0;0;0;0;0;0;0;0;0;0;0;1;1;1;1;0;0;0;0;0;0;0;0;0;0;0;0;0;0;0;0;0;0;0;0;0;0;0;0;0;0;0;0;0;0;0;0;0;0;0;1;1;1;1;1;1;1;1;1;1;1;1;1;1;1;1;1;1;1;0;0;0;0;0;0;0;0;0;0.0004;0.088;0;-0.0884;0;0;0;0;0;0;0;0;0;0;0;0;0;0;0;0;0;0;0;-13.9;0;0;0;0;0.0004;0;0;0;0;0;0;0;-0.0004;-0.0884;0;0;0;0;0;0;0;0;0;-0.7063;0;0.7063;1;1;0;0;0;0
20/10/21 21:00;0;0;90;0;0;90;0;0;0;0;12.68;4.2201;0;0;0;0;0;0;0;0;0;0;0;0;0;1;1;1;1;0;0;0;0;0;0;0;0;0;0;0;0;0;0;0;0;0;0;0;0;0;0;0;0;0;0;0;0;0;0;0;0;0;0;0;1;1;1;1;1;1;1;1;1;1;1;1;1;1;1;1;1;1;1;0;0;0;0;0;0;0;0;0;0.0004;0.088;0;-0.0884;0;0;0;0;0;0;0;0;0;0;0;0;0;0;0;0;0;0;0;-12.68;0;0;0;0;0.0004;0;0;0;0;0;0;0;-0.0004;-0.0884;0;0;0;0;0;0;0;0;0;-0.7063;0;0.7063;1;1;0;0;0;0
20/10/21 22:00;0;0;90;0;0;90;0;0;0;0;11.73;4.2299;0;0;0;0;0;0;0;0;0;0;0;0;0;1;1;1;1;0;0;0;0;0;0;0;0;0;0;0;0;0;0;0;0;0;0;0;0;0;0;0;0;0;0;0;0;0;0;0;0;0;0;0;1;1;1;1;1;1;1;1;1;1;1;1;1;1;1;1;1;1;1;0;0;0;0;0;0;0;0;0;0.0004;0.088;0;-0.0884;0;0;0;0;0;0;0;0;0;0;0;0;0;0;0;0;0;0;0;-11.73;0;0;0;0;0.0004;0;0;0;0;0;0;0;-0.0004;-0.0884;0;0;0;0;0;0;0;0;0;-0.7063;0;0.7063;1;1;0;0;0;0
20/10/21 23:00;0;0;90;0;0;90;0;0;0;0;12.98;4.17;0;0;0;0;0;0;0;0;0;0;0;0;0;1;1;1;1;0;0;0;0;0;0;0;0;0;0;0;0;0;0;0;0;0;0;0;0;0;0;0;0;0;0;0;0;0;0;0;0;0;0;0;1;1;1;1;1;1;1;1;1;1;1;1;1;1;1;1;1;1;1;0;0;0;0;0;0;0;0;0;0.0004;0.088;0;-0.0884;0;0;0;0;0;0;0;0;0;0;0;0;0;0;0;0;0;0;0;-12.98;0;0;0;0;0.0004;0;0;0;0;0;0;0;-0.0004;-0.0884;0;0;0;0;0;0;0;0;0;-0.7063;0;0.7063;1;1;0;0;0;0
21/10/21 00:00;0;0;90;0;0;90;0;0;0;0;11.5;3.96;0;0;0;0;0;0;0;0;0;0;0;0;0;1;1;1;1;0;0;0;0;0;0;0;0;0;0;0;0;0;0;0;0;0;0;0;0;0;0;0;0;0;0;0;0;0;0;0;0;0;0;0;1;1;1;1;1;1;1;1;1;1;1;1;1;1;1;1;1;1;1;0;0;0;0;0;0;0;0;0;0.0004;0.088;0;-0.0884;0;0;0;0;0;0;0;0;0;0;0;0;0;0;0;0;0;0;0;-11.5;0;0;0;0;0.0004;0;0;0;0;0;0;0;-0.0004;-0.0884;0;0;0;0;0;0;0;0;0;-0.7063;0;0.7063;1;1;0;0;0;0
21/10/21 01:00;0;0;90;0;0;90;0;0;0;0;11.01;3.54;0;0;0;0;0;0;0;0;0;0;0;0;0;1;1;1;1;0;0;0;0;0;0;0;0;0;0;0;0;0;0;0;0;0;0;0;0;0;0;0;0;0;0;0;0;0;0;0;0;0;0;0;1;1;1;1;1;1;1;1;1;1;1;1;1;1;1;1;1;1;1;0;0;0;0;0;0;0;0;0;0.0004;0.088;0;-0.0884;0;0;0;0;0;0;0;0;0;0;0;0;0;0;0;0;0;0;0;-11.01;0;0;0;0;0.0004;0;0;0;0;0;0;0;-0.0004;-0.0884;0;0;0;0;0;0;0;0;0;-0.7063;0;0.7063;1;1;0;0;0;0
21/10/21 02:00;0;0;90;0;0;90;0;0;0;0;12.3;3.16;0;0;0;0;0;0;0;0;0;0;0;0;0;1;1;1;1;0;0;0;0;0;0;0;0;0;0;0;0;0;0;0;0;0;0;0;0;0;0;0;0;0;0;0;0;0;0;0;0;0;0;0;1;1;1;1;1;1;1;1;1;1;1;1;1;1;1;1;1;1;1;0;0;0;0;0;0;0;0;0;0.0004;0.088;0;-0.0884;0;0;0;0;0;0;0;0;0;0;0;0;0;0;0;0;0;0;0;-12.3;0;0;0;0;0.0004;0;0;0;0;0;0;0;-0.0004;-0.0884;0;0;0;0;0;0;0;0;0;-0.7063;0;0.7063;1;1;0;0;0;0
21/10/21 03:00;0;0;90;0;0;90;0;0;0;0;10.61;3.0901;0;0;0;0;0;0;0;0;0;0;0;0;0;1;1;1;1;0;0;0;0;0;0;0;0;0;0;0;0;0;0;0;0;0;0;0;0;0;0;0;0;0;0;0;0;0;0;0;0;0;0;0;1;1;1;1;1;1;1;1;1;1;1;1;1;1;1;1;1;1;1;0;0;0;0;0;0;0;0;0;0.0004;0.088;0;-0.0884;0;0;0;0;0;0;0;0;0;0;0;0;0;0;0;0;0;0;0;-10.61;0;0;0;0;0.0004;0;0;0;0;0;0;0;-0.0004;-0.0884;0;0;0;0;0;0;0;0;0;-0.7063;0;0.7063;1;1;0;0;0;0
21/10/21 04:00;0;0;90;0;0;90;0;0;0;0;9.9801;3.2501;0;0;0;0;0;0;0;0;0;0;0;0;0;1;1;1;1;0;0;0;0;0;0;0;0;0;0;0;0;0;0;0;0;0;0;0;0;0;0;0;0;0;0;0;0;0;0;0;0;0;0;0;1;1;1;1;1;1;1;1;1;1;1;1;1;1;1;1;1;1;1;0;0;0;0;0;0;0;0;0;0.0004;0.088;0;-0.0884;0;0;0;0;0;0;0;0;0;0;0;0;0;0;0;0;0;0;0;-9.9801;0;0;0;0;0.0004;0;0;0;0;0;0;0;-0.0004;-0.0884;0;0;0;0;0;0;0;0;0;-0.7063;0;0.7063;1;1;0;0;0;0
21/10/21 05:00;4.9651;-99.811;77.883;5.0384;7.2596;-90;-7.2596;72.298;11.9;60.397;9.0301;4.0799;0;146.48;5.8688;14.571;0;0.058;166.98;0;166.98;146.48;14.571;5.8688;0.058;0.8772;0.0355;0;0.0003;166.9;0.0734;0;0;0.025;0.0484;125.68;41.057;37.115;3.692;0.2479;0.0021;166.74;0.1669;0.1465;0.0146;0.0058;0;125.68;109.22;10.864;5.59;0.0074;3.8229;3.0774;1.0106;0.0005;0.0524;0.7543;0.0006;0.8063;0;1;0;0;2.3096;0.9996;1;1;0.9957;0.1653;0.7538;0.7464;1;0.9575;0.7758;0.999;0.999;1;0.999;0.999;0.7527;0.9525;0.1281;0.5014;0.3801;0.0023;0.0178;-0.015;0.0026;0.0093;0.0001;0;0;0.088;0;0.2587;0;0;0;0;0;0;0;0;0;0;0;0;0.0075;0.0005;0.3549;0.3549;0;14.123;14.123;5.0931;0.0405;324.44;1093.8;1;0.0082;0.0082;0;0;0;0;0;0;0.3467;0.2587;0;13.482;15.612;9.8293;11.382;97.703;97.703;4.0075;2.8362;2.0678;1.1713;0.7684;0.2923;0.1918;0.516;3.4975;0.5142;0
21/10/21 06:00;15.937;-92.232;48.246;15.949;25.842;-90;-25.842;256.8;42.399;214.4;13.49;5.0199;0;519.99;17.526;58.089;0;2.568;598.17;0;598.17;519.99;58.089;17.526;2.568;0.8693;0.0336;0;0.0043;595.35;2.8205;0;0;0.6137;2.2067;587.36;7.3926;6.0814;0.6794;0.56;0.0718;594.75;0.5953;0.52;0.0581;0.0169;0.0004;587.41;513.38;57.351;16.335;0.2891;12.411;9.9911;4.0307;0.1582;0.1317;1.8944;0.0524;1.8679;0;1;0;0;2.3293;0.9953;1;1;0.965;0.1407;0.9876;0.9883;1;0.9669;0.801;0.999;0.999;1;0.999;0.999;0.9819;0.9321;0.1126;1.7963;1.7732;0.0107;0.0028;0.0778;0.0118;0.0418;0.0004;0;0;0.088;0;1.4735;0;0;0;0;0;0;0;0;0;0;0;0;0.0336;0.0072;1.5871;1.5871;0;37.504;37.504;24.014;0.0409;1526.2;1039.9;1;0.0257;0.0257;0;0;0;0;0;0;1.5615;1.4735;0;16.832;19.491;15.626;18.095;98.384;98.384;14.356;12.684;11.776;1.6716;0.9083;0.1164;0.0633;0.8203;11.243;0.8183;0
21/10/21 07:00;28.184;-83.377;6.0646;28.344;60;-90;-60;425.4;96.6;328.81;17.39;5.5601;0;692.27;35.961;102.43;0;21.27;851.93;0;851.93;692.27;102.43;35.961;21.27;0.8126;0.0672;0;0.025;827.5;24.431;0;0;4.5256;19.905;825.31;1.3671;0.1449;0.0214;1.1103;0.0904;826.68;0.8275;0.6923;0.1024;0.0314;0.0014;828.22;691.43;102.31;30.293;1.2735;82.706;66.578;27.926;6.0173;1.1309;16.267;2.909;11.381;0;1;0;0;2.0026;0.9713;1;1;0.8742;0.0642;0.9983;0.9998;1;0.9646;0.9337;0.999;0.999;1;0.999;0.999;0.9687;0.8424;0.0599;2.5584;2.5288;0.0152;-0.0022;0.2352;0.016;0.0566;0.0029;0;0;0.088;0;2.0217;0;0;0;0;0;0;0;0;0;0;0;0;0.0456;0.0141;2.1453;2.1453;0;51.502;51.502;34.112;0.0413;2179.3;984.39;1;0.0355;0.0355;0;0;0;0;0;0;2.1097;2.0217;0;15.974;18.498;15.054;17.432;98.344;98.344;20.446;17.145;16.158;3.3013;0.9873;0.1615;0.0483;0.7903;31.315;0.7791;0
21/10/21 08:00;40.184;-73.002;12.905;41.45;48.55;-90;-48.55;295.5;267.4;28.098;18.1;4.72;0;42.446;215.21;12.726;0;9.9889;280.37;0;280.37;42.446;12.726;215.21;9.9889;0.1514;0.8032;0;0.0356;251.12;29.245;0;0;19.928;9.3173;244.39;6.4852;0.0189;0.0057;6.4303;0.0303;250.87;0.2511;0.0424;0.0127;0.1953;0.0007;248.01;42.385;12.708;188.65;0.6406;179.53;144.52;60.533;17.089;2.7221;39.157;3.623;24.79;0;1;0;0;0.9488;0.8957;1;1;0.9074;0.0672;0.9741;0.9996;1;0.967;0.9548;0.999;0.999;1;0.999;0.999;0.8717;0.8766;0.0641;0.8419;0.8295;0.005;0.0156;0.0091;0.0056;0.0199;0.0075;0;0;0.088;0;0.6484;0;0;0;0;0;0;0;0;0;0;0;0;0.016;0.0018;0.749;0.749;0;28.064;28.064;9.9639;0.0408;707.33;1059;1;0.0126;0.0126;0;0;0;0;0;0;0.7364;0.6484;0;16.948;19.626;14.671;16.989;98.315;98.315;6.7288;5.9864;5.1822;0.7424;0.8042;0.1103;0.1195;0.7702;165.64;0.6973;0
21/10/21 09:00;51.408;-59.212;18.62;55.566;34.434;-90;-34.434;499.11;352.3;146.81;19.36;3.8;0;178;277.76;58.043;0;8.7455;522.54;0;522.54;178;58.043;277.76;8.7455;0.3406;0.5483;0;0.0167;499.36;23.187;0;0;15.355;7.8314;490.11;8.7488;0.1144;0.0373;8.4653;0.1319;498.86;0.4994;0.178;0.058;0.2624;0.0009;492.73;177.71;57.948;253.67;0.7813;286.92;230.97;92.297;6.7678;3.3041;47.528;2.6271;44.065;0;1;0;0;1.047;0.9556;1;1;0.9447;0.1045;0.9825;0.9994;1;0.9677;0.8556;0.999;0.999;1;0.999;0.999;0.9379;0.9133;0.0893;1.5692;1.5843;0.0095;0.0052;0.0808;0.0104;0.037;0.0089;0;0;0.088;0;1.2871;0;0;0;0;0;0;0;0;0;0;0;0;0.0298;0.0059;1.3969;1.3969;0;39.446;39.446;20.086;0.041;1359.9;1027.2;1;0.0218;0.0218;0;0;0;0;0;0;1.3751;1.2871;0;16.958;19.637;15.625;18.094;98.441;98.441;12.541;11.164;10.286;1.3773;0.8773;0.1098;0.07;0.8202;189.08;0.7679;0
21/10/21 10:00;60.704;-38.499;22.517;70.747;19.253;-90;-19.253;524.7;404.4;120.3;20.3;3.1199;0;127.43;353.86;42.748;0;2.9345;526.97;0;526.97;127.43;42.748;353.86;2.9345;0.2418;0.6771;0;0.0056;516.81;10.164;0;0;7.7071;2.457;503.96;12.33;0.099;0.0332;12.093;0.1056;516.29;0.5168;0.1274;0.0427;0.3462;0.0005;504.67;127.2;42.672;333.72;0.3715;309.93;249.49;95.065;1.105;3.4669;49.87;0.7076;52.232;0;1;0;0;1.0043;0.9807;1;1;0.9782;0.1627;0.9761;0.9992;1;0.965;0.7787;0.999;0.999;1;0.999;0.999;0.9563;0.9431;0.1266;1.5825;1.6251;0.0098;0.0046;0.0916;0.0106;0.0377;0.0093;0;0;0.088;0;1.3147;0;0;0;0;0;0;0;0;0;0;0;0;0.0304;0.0061;1.4249;1.4249;0;40.977;40.977;20.677;0.041;1395;1021.4;1;0.0222;0.0222;0;0;0;0;0;0;1.4027;1.3147;0;17.153;19.863;15.826;18.327;98.442;98.442;12.647;11.388;10.507;1.2594;0.8808;0.0996;0.0696;0.8308;219.09;0.7758;0
21/10/21 11:00;65.583;-7.3085;24.206;86.695;3.3053;-90;-3.3053;700.39;372.9;327.49;21.07;2.59;0;328.04;275.64;97.189;0;0.1165;700.99;0;700.99;328.04;97.189;275.64;0.1165;0.468;0.3934;0;0.0002;700.55;0.4419;0;0;0.3444;0.0975;687.28;12.567;0.274;0.0812;12.208;0.0042;699.85;0.7005;0.328;0.0972;0.2753;0;687.28;327.44;97.011;262.82;0.0148;413.45;332.83;128.16;-0.0014;4.4419;63.895;-0.0018;68.338;0;1;0;0;1.0008;0.9994;1;1;0.9988;0.1631;0.982;0.9992;1;0.9556;0.7773;0.999;0.999;1;0.999;0.999;0.9804;0.9535;0.1266;2.1051;2.2047;0.0133;-0.0011;0.1895;0.014;0.0497;0.0116;0;0;0.088;0;1.7585;0;0;0;0;0;0;0;0;0;0;0;0;0.04;0.0108;1.8768;1.8768;0;49.436;49.436;28.366;0.0413;1894;990.9;1;0.0303;0.0303;0;0;0;0;0;0;1.8465;1.7585;0;16.984;19.668;15.914;18.428;98.387;98.387;16.824;15;14.054;1.8242;0.9453;0.1084;0.0562;0.8354;163.4;0.782;0
21/10/21 12:00;63.427;26.989;23.492;77.211;12.789;90;12.789;932.6;172.9;759.7;21.44;2.05;0;779.03;65.821;108.95;0;2.3136;956.12;0;956.12;779.03;108.95;65.821;2.3136;0.8148;0.0713;0;0.0024;953.46;2.654;0;0;0.722;1.932;949.16;3.3491;0.6315;0.0883;2.5434;0.0859;952.51;0.9535;0.779;0.109;0.0651;0.0004;949.64;777.62;108.76;62.49;0.2953;541.38;435.81;170.5;0.0485;5.6447;81.197;0.4766;86.793;0;1;0;0;1.0252;0.9972;1;1;0.989;0.1649;0.9965;0.9992;1;0.9609;0.7747;0.999;0.999;1;0.999;0.999;0.9927;0.9494;0.1277;2.8712;3.0314;0.0182;0.0002;0.3833;0.0184;0.0653;0.0141;0;0;0.088;0;2.3292;0;0;0;0;0;0;0;0;0;0;0;0;0.0526;0.0198;2.4595;2.4595;0;60.981;60.981;39.541;0.0417;2604.7;944.25;1;0.0423;0.0423;0;0;0;0;0;0;2.4172;2.3292;0;16.318;18.896;15.454;17.895;98.28;98.28;22.947;19.656;18.615;3.2907;1.0414;0.1434;0.0454;0.8112;39.761;0.7627;0
21/10/21 13:00;55.55;51.837;20.46;61.659;28.341;90;28.341;465.51;391.7;73.81;21.27;1.56;0;83.862;344.38;28.819;0;5.5798;462.64;0;462.64;83.862;28.819;344.38;5.5798;0.1813;0.7564;0;0.0121;443.77;18.87;0;0;14.005;4.8652;432.3;11.026;0.0592;0.0203;10.812;0.1341;443.33;0.4438;0.0839;0.0288;0.3304;0.0007;433.92;83.719;28.77;319.23;0.5799;277.4;223.31;86.701;4.2807;3.2122;46.207;1.6159;45.138;0;1;0;0;0.9938;0.9592;1;1;0.9593;0.1281;0.9751;0.9993;1;0.9672;0.8122;0.999;0.999;1;0.999;0.999;0.9344;0.927;0.1039;1.3893;1.4043;0.0085;0.0077;0.0696;0.0092;0.0327;0.0087;0;0;0.088;0;1.1295;0;0;0;0;0;0;0;0;0;0;0;0;0.0264;0.0047;1.2369;1.2369;0;38.991;38.991;17.721;0.041;1205;1026.5;1;0.0194;0.0194;0;0;0;0;0;0;1.2175;1.1295;0;16.96;19.64;15.488;17.935;98.433;98.433;11.103;9.8854;9.0272;1.218;0.8582;0.1097;0.0773;0.813;224.46;0.7565;0
21/10/21 14:00;44.916;67.925;15.434;47.095;42.905;90;42.905;870.5;143.6;726.9;22.31;1.06;0;992.37;31.746;146.02;0;23.287;1193.4;0;1193.4;992.37;146.02;31.746;23.287;0.8315;0.0461;0;0.0195;1169.4;24.026;0;0;2.4598;21.566;1166.5;1.6815;0.5285;0.0778;0.9497;0.1255;1168.2;1.1694;0.9924;0.146;0.0293;0.0017;1172.5;990.85;145.79;28.307;1.5938;389.96;313.92;122.47;1.651;4.1935;60.321;5.9149;62.864;0;1;0;0;1.371;0.9799;1;1;0.9225;0.0739;0.9986;0.9995;1;0.9675;0.927;0.999;0.999;1;0.999;0.999;0.9775;0.8917;0.0684;3.5839;3.6585;0.022;0.0116;0.5964;0.0212;0.0752;0.01;0;0;0.088;0;2.662;0;0;0;0;0;0;0;0;0;0;0;0;0.0605;0.0286;2.8331;2.8002;0;71.345;71.345;49.035;0.042;3002.6;932.6;1;0.0831;0.0502;0;0;0.0329;0;0;0;2.75;2.662;0;14.884;17.236;14.15;16.385;97.068;98.207;28.642;22.379;21.275;6.263;1.1045;0.2187;0.0386;0.7428;23.185;0.7157;0
21/10/21 15:00;33.148;79.396;8.8632;33.601;56.399;90;56.399;533.1;166.2;366.9;22.61;0.5401;0;662.98;66.424;145.78;0;23.808;899;0;899;662.98;145.78;66.424;23.808;0.7375;0.1004;0;0.0265;868.98;30.018;0;0;7.658;22.36;865.78;2.3374;0.2028;0.0446;2.0196;0.0705;868.11;0.869;0.663;0.1458;0.0588;0.0014;870.63;662.12;145.59;56.688;1.3758;171.23;137.84;54.527;8.9156;2.3249;33.442;4.8542;26.851;0;1;0;0;1.6864;0.9666;1;1;0.8847;0.0608;0.9973;0.9997;1;0.9656;0.9513;0.999;0.999;1;0.999;0.999;0.963;0.8534;0.0578;2.6997;2.6927;0.0162;-0.002;0.3186;0.0165;0.0586;0.0059;0;0;0.088;0;2.0912;0;0;0;0;0;0;0;0;0;0;0;0;0.0472;0.0159;2.2159;2.2159;0;58.606;58.606;35.996;0.0416;2319.8;955.18;1;0.0366;0.0366;0;0;0;0;0;0;2.1792;2.0912;0;15.636;18.106;14.756;17.088;98.347;98.347;21.576;17.709;16.713;3.8667;0.9961;0.1792;0.0462;0.7746;55.486;0.7536;0
21/10/21 16:00;20.957;88.711;29.837;20.962;39.223;90;39.223;244.3;188.2;56.103;21.9;0.12;0;136.07;148.04;51.796;0;5.5043;341.41;0;341.41;136.07;51.796;148.04;5.5043;0.3985;0.4497;0;0.0161;326.32;15.088;0;0;10.042;5.0464;321.3;4.6966;0.1401;0.0533;4.4572;0.046;326;0.3263;0.1361;0.0518;0.138;0.0005;322.6;135.79;51.69;133.41;0.4115;105.14;84.639;34.409;5.6387;1.378;19.821;1.2996;15.561;0;1;0;0;1.3975;0.9558;1;1;0.9322;0.0832;0.9856;0.999;1;0.9677;0.8995;0.999;0.999;1;0.999;0.999;0.9411;0.9011;0.0748;1.0253;1.0134;0.0061;0.0132;0.0364;0.0067;0.0238;0.0037;0;0;0.088;0;0.7992;0;0;0;0;0;0;0;0;0;0;0;0;0.0191;0.0026;0.9017;0.9017;0;35.051;35.051;13.151;0.0409;869.39;1037.2;1;0.0145;0.0145;0;0;0;0;0;0;0.8872;0.7992;0;16.754;19.401;14.849;17.195;98.387;98.387;8.1938;7.2064;6.3869;0.9875;0.8195;0.1205;0.1;0.7795;104.76;0.747;0
21/10/21 17:00;8.7171;97.208;68.435;8.7854;12.956;90;12.956;57.1;56.003;1.0967;20.57;0.7999;0;2.6598;55.001;0.711;0;0.1454;58.517;0;58.517;2.6598;0.711;55.001;0.1454;0.0455;0.9424;0;0.0025;57.779;0.738;0;0;0.6166;0.1214;55.29;2.431;0.242;0.0647;2.1189;0.0054;57.721;0.0578;0.0027;0.0007;0.0544;0;55.318;2.4152;0.6456;52.211;0.0186;33.249;26.765;9.9398;0.042;0.3838;5.5203;0.0282;5.8621;0;1;0;0;1.0248;0.9874;1;1;0.9888;0.1649;0.9579;0.9089;1;0.961;0.7747;0.999;0.999;1;0.999;0.999;0.9449;0.9493;0.1276;0.1757;0.1783;0.0011;0.0145;-0.0014;0.0011;0.0041;0.001;0;0;0.088;0;0.0607;0;0;0;0;0;0;0;0;0;0;0;0;0.0033;0.0002;0.1544;0.1544;0;22.847;22.847;2.2773;0.0412;150.91;1023.3;1;0.0058;0.0058;0;0;0;0;0;0;0.1487;0.0607;0;16.74;19.385;6.5769;7.6159;96.274;96.274;1.4044;1.2341;0.4849;0.1703;0.7493;0.1212;0.5335;0.3452;33.242;0.3225;0
21/10/21 18:00;1.4648;102.28;86.446;1.4991;2.1387;90;2.1387;0;0;0;18.13;1.57;0;0;0;0;0;0;0;0;0;0;0;0;0;1;1;1;1;0;0;0;0;0;0;0;0;0;0;0;0;0;0;0;0;0;0;0;0;0;0;0;0;0;0;0;0;0;0;0;0;0;0;0;1;1;1;1;1;1;1;1;1;1;1;1;1;1;1;1;1;1;1;0;0;0;0;0;0;0;0;0;0.0004;0.088;0;-0.0884;0;0;0;0;0;0;0;0;0;0;0;0;0;0;0;0;0;0;0;-18.13;0;0;0;0;0.0004;0;0;0;0;0;0;0;-0.0004;-0.0884;0;0;0;0;0;0;0;0;0;-0.7063;0;0.7063;1;1;0;0;0;0
21/10/21 19:00;0;0;90;0;0;90;0;0;0;0;15;2.12;0;0;0;0;0;0;0;0;0;0;0;0;0;1;1;1;1;0;0;0;0;0;0;0;0;0;0;0;0;0;0;0;0;0;0;0;0;0;0;0;0;0;0;0;0;0;0;0;0;0;0;0;1;1;1;1;1;1;1;1;1;1;1;1;1;1;1;1;1;1;1;0;0;0;0;0;0;0;0;0;0.0004;0.088;0;-0.0884;0;0;0;0;0;0;0;0;0;0;0;0;0;0;0;0;0;0;0;-15;0;0;0;0;0.0004;0;0;0;0;0;0;0;-0.0004;-0.0884;0;0;0;0;0;0;0;0;0;-0.7063;0;0.7063;1;1;0;0;0;0
21/10/21 20:00;0;0;90;0;0;90;0;0;0;0;15.1;2.58;0;0;0;0;0;0;0;0;0;0;0;0;0;1;1;1;1;0;0;0;0;0;0;0;0;0;0;0;0;0;0;0;0;0;0;0;0;0;0;0;0;0;0;0;0;0;0;0;0;0;0;0;1;1;1;1;1;1;1;1;1;1;1;1;1;1;1;1;1;1;1;0;0;0;0;0;0;0;0;0;0.0004;0.088;0;-0.0884;0;0;0;0;0;0;0;0;0;0;0;0;0;0;0;0;0;0;0;-15.1;0;0;0;0;0.0004;0;0;0;0;0;0;0;-0.0004;-0.0884;0;0;0;0;0;0;0;0;0;-0.7063;0;0.7063;1;1;0;0;0;0
21/10/21 21:00;0;0;90;0;0;90;0;0;0;0;14.88;2.9599;0;0;0;0;0;0;0;0;0;0;0;0;0;1;1;1;1;0;0;0;0;0;0;0;0;0;0;0;0;0;0;0;0;0;0;0;0;0;0;0;0;0;0;0;0;0;0;0;0;0;0;0;1;1;1;1;1;1;1;1;1;1;1;1;1;1;1;1;1;1;1;0;0;0;0;0;0;0;0;0;0.0004;0.088;0;-0.0884;0;0;0;0;0;0;0;0;0;0;0;0;0;0;0;0;0;0;0;-14.88;0;0;0;0;0.0004;0;0;0;0;0;0;0;-0.0004;-0.0884;0;0;0;0;0;0;0;0;0;-0.7063;0;0.7063;1;1;0;0;0;0
21/10/21 22:00;0;0;90;0;0;90;0;0;0;0;13.74;3.2501;0;0;0;0;0;0;0;0;0;0;0;0;0;1;1;1;1;0;0;0;0;0;0;0;0;0;0;0;0;0;0;0;0;0;0;0;0;0;0;0;0;0;0;0;0;0;0;0;0;0;0;0;1;1;1;1;1;1;1;1;1;1;1;1;1;1;1;1;1;1;1;0;0;0;0;0;0;0;0;0;0.0004;0.088;0;-0.0884;0;0;0;0;0;0;0;0;0;0;0;0;0;0;0;0;0;0;0;-13.74;0;0;0;0;0.0004;0;0;0;0;0;0;0;-0.0004;-0.0884;0;0;0;0;0;0;0;0;0;-0.7063;0;0.7063;1;1;0;0;0;0
21/10/21 23:00;0;0;90;0;0;90;0;0;0;0;13.6;3.72;0;0;0;0;0;0;0;0;0;0;0;0;0;1;1;1;1;0;0;0;0;0;0;0;0;0;0;0;0;0;0;0;0;0;0;0;0;0;0;0;0;0;0;0;0;0;0;0;0;0;0;0;1;1;1;1;1;1;1;1;1;1;1;1;1;1;1;1;1;1;1;0;0;0;0;0;0;0;0;0;0.0004;0.088;0;-0.0884;0;0;0;0;0;0;0;0;0;0;0;0;0;0;0;0;0;0;0;-13.6;0;0;0;0;0.0004;0;0;0;0;0;0;0;-0.0004;-0.0884;0;0;0;0;0;0;0;0;0;-0.7063;0;0.7063;1;1;0;0;0;0
22/10/21 00:00;0;0;90;0;0;90;0;0;0;0;13.73;3.85;0;0;0;0;0;0;0;0;0;0;0;0;0;1;1;1;1;0;0;0;0;0;0;0;0;0;0;0;0;0;0;0;0;0;0;0;0;0;0;0;0;0;0;0;0;0;0;0;0;0;0;0;1;1;1;1;1;1;1;1;1;1;1;1;1;1;1;1;1;1;1;0;0;0;0;0;0;0;0;0;0.0004;0.088;0;-0.0884;0;0;0;0;0;0;0;0;0;0;0;0;0;0;0;0;0;0;0;-13.73;0;0;0;0;0.0004;0;0;0;0;0;0;0;-0.0004;-0.0884;0;0;0;0;0;0;0;0;0;-0.7063;0;0.7063;1;1;0;0;0;0
22/10/21 01:00;0;0;90;0;0;90;0;0;0;0;15.17;3.7;0;0;0;0;0;0;0;0;0;0;0;0;0;1;1;1;1;0;0;0;0;0;0;0;0;0;0;0;0;0;0;0;0;0;0;0;0;0;0;0;0;0;0;0;0;0;0;0;0;0;0;0;1;1;1;1;1;1;1;1;1;1;1;1;1;1;1;1;1;1;1;0;0;0;0;0;0;0;0;0;0.0004;0.088;0;-0.0884;0;0;0;0;0;0;0;0;0;0;0;0;0;0;0;0;0;0;0;-15.17;0;0;0;0;0.0004;0;0;0;0;0;0;0;-0.0004;-0.0884;0;0;0;0;0;0;0;0;0;-0.7063;0;0.7063;1;1;0;0;0;0
22/10/21 02:00;0;0;90;0;0;90;0;0;0;0;13.57;3.6799;0;0;0;0;0;0;0;0;0;0;0;0;0;1;1;1;1;0;0;0;0;0;0;0;0;0;0;0;0;0;0;0;0;0;0;0;0;0;0;0;0;0;0;0;0;0;0;0;0;0;0;0;1;1;1;1;1;1;1;1;1;1;1;1;1;1;1;1;1;1;1;0;0;0;0;0;0;0;0;0;0.0004;0.088;0;-0.0884;0;0;0;0;0;0;0;0;0;0;0;0;0;0;0;0;0;0;0;-13.57;0;0;0;0;0.0004;0;0;0;0;0;0;0;-0.0004;-0.0884;0;0;0;0;0;0;0;0;0;-0.7063;0;0.7063;1;1;0;0;0;0
22/10/21 03:00;0;0;90;0;0;90;0;0;0;0;12.57;3.7401;0;0;0;0;0;0;0;0;0;0;0;0;0;1;1;1;1;0;0;0;0;0;0;0;0;0;0;0;0;0;0;0;0;0;0;0;0;0;0;0;0;0;0;0;0;0;0;0;0;0;0;0;1;1;1;1;1;1;1;1;1;1;1;1;1;1;1;1;1;1;1;0;0;0;0;0;0;0;0;0;0.0004;0.088;0;-0.0884;0;0;0;0;0;0;0;0;0;0;0;0;0;0;0;0;0;0;0;-12.57;0;0;0;0;0.0004;0;0;0;0;0;0;0;-0.0004;-0.0884;0;0;0;0;0;0;0;0;0;-0.7063;0;0.7063;1;1;0;0;0;0
22/10/21 04:00;0;0;90;0;0;90;0;0;0;0;11.5;3.8;0;0;0;0;0;0;0;0;0;0;0;0;0;1;1;1;1;0;0;0;0;0;0;0;0;0;0;0;0;0;0;0;0;0;0;0;0;0;0;0;0;0;0;0;0;0;0;0;0;0;0;0;1;1;1;1;1;1;1;1;1;1;1;1;1;1;1;1;1;1;1;0;0;0;0;0;0;0;0;0;0.0004;0.088;0;-0.0884;0;0;0;0;0;0;0;0;0;0;0;0;0;0;0;0;0;0;0;-11.5;0;0;0;0;0.0004;0;0;0;0;0;0;0;-0.0004;-0.0884;0;0;0;0;0;0;0;0;0;-0.7063;0;0.7063;1;1;0;0;0;0
22/10/21 05:00;4.996;-100.22;77.807;5.0761;7.3152;-90;-7.3152;41.491;31.803;9.6883;10.97;4.5;0;23.497;29.126;6.2046;0;0.0338;58.861;0;58.861;23.497;6.2046;29.126;0.0338;0.3992;0.4954;0;0.0006;58.707;0.154;0;0;0.1258;0.0282;49.955;8.6933;5.9037;1.5589;1.2294;0.0013;58.648;0.0587;0.0235;0.0062;0.029;0;49.958;17.57;4.6395;27.742;0.0043;17.419;14.023;5.1835;0.0023;0.2013;2.8962;0.0029;3.0952;0;1;0;0;1.4186;0.9974;1;1;0.9957;0.1654;0.8518;0.7485;1;0.9576;0.7758;0.999;0.999;1;0.999;0.999;0.8487;0.9525;0.1282;0.1768;0.1566;0.0009;0.0138;-0.0069;0.001;0.0037;0.0006;0;0;0.088;0;0.0464;0;0;0;0;0;0;0;0;0;0;0;0;0.003;0.0001;0.1404;0.1404;0;13.013;13.013;2.0427;0.0409;132.27;1061.3;1;0.006;0.006;0;0;0;0;0;0;0.1344;0.0464;0;15.129;17.519;5.0016;5.7917;95.748;95.748;1.4127;1.1219;0.3709;0.2908;0.751;0.2058;0.5316;0.2626;17.359;0.2532;0
22/10/21 06:00;16.164;-92.517;47.534;16.178;26.334;-90;-26.334;235.9;49.098;186.8;16.08;4.25;0;453.05;23.964;57.776;0;2.4481;537.24;0;537.24;453.05;57.776;23.964;2.4481;0.8433;0.0492;0;0.0046;534.26;2.9736;0;0;0.865;2.1086;527.14;6.5916;5.1102;0.6517;0.7629;0.0667;533.73;0.5343;0.453;0.0578;0.0231;0.0003;527.21;447.48;57.067;22.313;0.2725;16.452;13.244;5.266;0.2309;0.181;2.603;0.0752;2.5531;0;1;0;0;2.2774;0.9945;1;1;0.9639;0.1387;0.9876;0.9887;1;0.9669;0.8033;0.999;0.999;1;0.999;0.999;0.9812;0.9311;0.1113;1.6133;1.5934;0.0096;0.0051;0.071;0.0106;0.0374;0.0005;0;0;0.088;0;1.3127;0;0;0;0;0;0;0;0;0;0;0;0;0.0301;0.006;1.4232;1.4232;0;37.644;37.644;21.564;0.0409;1371.5;1037.6;1;0.0225;0.0225;0;0;0;0;0;0;1.4007;1.3127;0;16.805;19.46;15.501;17.949;98.422;98.422;12.894;11.374;10.491;1.5196;0.8828;0.1179;0.0685;0.8137;15.42;0.8107;0
22/10/21 07:00;28.413;-83.685;5.7348;28.559;60;-90;-60;455.1;81.699;373.4;18.61;3.54;0;780.81;26.506;96.94;0;22.755;927.02;0;927.02;780.81;96.94;26.506;22.755;0.8423;0.0531;0;0.0245;902.39;24.63;0;0;3.3357;21.294;900.39;1.0888;0.1545;0.0192;0.8184;0.0968;901.48;0.9024;0.7808;0.0969;0.0232;0.0015;903.51;779.88;96.824;22.328;1.3624;82.695;66.57;26.83;4.437;1.0991;15.81;3.1112;12.472;0;1;0;0;2.037;0.9734;1;1;0.8742;0.0642;0.9988;0.9998;1;0.9646;0.9337;0.999;0.999;1;0.999;0.999;0.9713;0.8424;0.0599;2.7838;2.7546;0.0166;-0.0018;0.2996;0.0171;0.0606;0.0028;0;0;0.088;0;2.1675;0;0;0;0;0;0;0;0;0;0;0;0;0.0488;0.0166;2.2943;2.2943;0;55.963;55.963;37.352;0.0415;2374.3;966.31;1;0.0388;0.0388;0;0;0;0;0;0;2.2555;2.1675;0;15.7;18.181;14.833;17.176;98.308;98.308;22.248;18.336;17.323;3.912;1.0135;0.1758;0.0456;0.7786;23.081;0.7688;0
22/10/21 08:00;40.427;-73.342;12.604;41.643;48.357;-90;-48.357;655.09;111.3;543.79;20.85;2.66;0;818.36;36.464;101.56;0;21.979;978.37;0;978.37;818.36;101.56;36.464;21.979;0.8365;0.0597;0;0.0225;954.51;23.854;0;0;3.357;20.497;952;1.5573;0.3559;0.0442;1.0894;0.0678;953.56;0.9545;0.8184;0.1016;0.0331;0.0015;957.12;817.19;101.42;31.984;1.4133;261.85;210.79;80.414;2.8609;3.048;43.845;5.1203;44.032;0;1;0;0;1.4935;0.9756;1;1;0.9079;0.0675;0.9984;0.9996;1;0.9671;0.9542;0.999;0.999;1;0.999;0.999;0.9731;0.8772;0.0643;2.938;2.9752;0.0179;-0.0003;0.3712;0.0181;0.0642;0.0076;0;0;0.088;0;2.2961;0;0;0;0;0;0;0;0;0;0;0;0;0.0517;0.0192;2.4256;2.4256;0;60.493;60.493;39.643;0.0416;2560.3;947.4;1;0.0416;0.0416;0;0;0;0;0;0;2.3841;2.2961;0;15.727;18.212;14.887;17.239;98.287;98.287;23.481;19.385;18.35;4.0954;1.0354;0.1744;0.0441;0.7815;28.013;0.7561;0
22/10/21 09:00;51.681;-59.578;18.299;55.726;34.274;-90;-34.274;823.31;136.2;687.11;22.54;2.2201;0;831.49;45.614;104.37;0;14.296;995.77;0;995.77;831.49;104.37;45.614;14.296;0.835;0.0602;0;0.0144;980.48;15.296;0;0;2.5033;12.792;977.3;2.2009;0.525;0.0659;1.391;0.219;979.5;0.9805;0.8315;0.1044;0.0431;0.0015;981.09;830.14;104.2;41.677;1.2835;420.38;338.41;136.44;1.097;4.1892;60.26;3.7928;63.352;0;1;0;0;1.2095;0.9846;1;1;0.9451;0.1052;0.9978;0.9994;1;0.9677;0.8543;0.999;0.999;1;0.999;0.999;0.9814;0.9137;0.0898;2.9903;3.082;0.0186;0.0008;0.4156;0.0185;0.0657;0.0103;0;0;0.088;0;2.3485;0;0;0;0;0;0;0;0;0;0;0;0;0.0529;0.0205;2.4791;2.4791;0;63.333;63.333;40.793;0.0417;2649.1;935.83;1;0.0426;0.0426;0;0;0;0;0;0;2.4365;2.3485;0;15.793;18.288;14.961;17.325;98.283;98.283;23.899;19.813;18.769;4.0857;1.0434;0.171;0.0437;0.7854;31.014;0.7513;0
22/10/21 10:00;61.025;-38.811;22.177;70.86;19.14;-90;-19.14;933.89;154.3;779.59;23.64;1.94;0;825.21;53.359;105.24;0;5.1626;988.97;0;988.97;825.21;105.24;53.359;5.1626;0.8344;0.0592;0;0.0052;983.5;5.4726;0;0;1.1508;4.3219;979.79;2.7254;0.6315;0.0805;1.8274;0.186;982.52;0.9835;0.8252;0.1052;0.0522;0.0008;981.03;823.75;105.06;50.328;0.6539;530.27;426.87;165.23;0.1644;5.6518;81.299;1.2441;86.786;0;1;0;0;1.059;0.9945;1;1;0.9784;0.1628;0.9972;0.9992;1;0.965;0.7786;0.999;0.999;1;0.999;0.999;0.9907;0.9432;0.1267;2.9699;3.1262;0.0188;0.0013;0.4354;0.0187;0.0663;0.0139;0;0;0.088;0;2.3665;0;0;0;0;0;0;0;0;0;0;0;0;0.0534;0.0211;2.4973;2.4973;0;64.579;64.579;40.94;0.0418;2686.1;929.7;1;0.0428;0.0428;0;0;0;0;0;0;2.4545;2.3665;0;16.019;18.549;15.179;17.578;98.285;98.285;23.735;19.959;18.913;3.7768;1.0457;0.1591;0.0441;0.7968;33.02;0.7506;0
22/10/21 11:00;65.938;-7.3102;23.854;86.748;3.2518;-90;-3.2518;1001.3;164.9;836.4;24.19;1.6601;0;837.75;55.637;109.4;0;0.1612;1002.9;0;1002.9;837.75;109.4;55.637;0.1612;0.8353;0.0556;0;0.0002;1002.7;0.2028;0;0;0.0679;0.1349;998.49;3.2508;0.6896;0.09;2.4653;0.0058;1001.7;1.0027;0.8378;0.1094;0.0556;0;998.49;836.22;109.2;53.049;0.0204;589.99;474.94;187.41;-0.0003;6.0444;86.946;0.0003;92.991;0;1;0;0;1.0016;0.9998;1;1;0.9988;0.163;0.9968;0.9992;1;0.9556;0.7774;0.999;0.999;1;0.999;0.999;0.9956;0.9535;0.1266;3.0118;3.1906;0.0192;0.0022;0.46;0.019;0.0673;0.0148;0;0;0.088;0;2.4007;0;0;0;0;0;0;0;0;0;0;0;0;0.0542;0.0219;2.5322;2.5322;0;65.96;65.96;41.77;0.0418;2742.3;923.4;1;0.0435;0.0435;0;0;0;0;0;0;2.4887;2.4007;0;16.016;18.546;15.184;17.583;98.282;98.282;24.071;20.237;19.186;3.8335;1.051;0.1593;0.0437;0.7971;32.98;0.7485;0
22/10/21 12:00;63.739;27.368;23.137;77.221;12.779;90;12.779;996.4;164.1;832.3;24.9;1.2899;0;853.44;53.307;112.92;0;2.468;1022.1;0;1022.1;853.44;112.92;53.307;2.468;0.835;0.0546;0;0.0024;1019.5;2.6449;0;0;0.584;2.0609;1015.5;2.9234;0.6814;0.0902;2.0602;0.0916;1018.5;1.0195;0.8534;0.1129;0.0527;0.0004;1016.1;851.91;112.72;50.61;0.315;578.13;465.39;182.26;0.0393;6.0155;86.531;0.5086;92.508;0;1;0;0;1.0258;0.9974;1;1;0.989;0.1649;0.9971;0.9992;1;0.9609;0.7747;0.999;0.999;1;0.999;0.999;0.9936;0.9494;0.1277;3.0695;3.2427;0.0195;0.003;0.4846;0.0191;0.0679;0.0146;0;0;0.088;0;2.4247;0;0;0;0;0;0;0;0;0;0;0;0;0.0547;0.0226;2.5566;2.5566;0;67.436;67.436;42.536;0.0419;2787.9;917.03;1;0.0439;0.0439;0;0;0;0;0;0;2.5127;2.4247;0;15.867;18.374;15.048;17.426;98.282;98.282;24.531;20.433;19.378;4.0987;1.0543;0.1671;0.043;0.7899;32.2;0.7429;0
22/10/21 13:00;55.791;52.298;20.11;61.726;28.275;90;28.275;911.99;151.8;760.2;25.58;0.91;0;863.18;47.866;114.56;0;10.881;1036.5;0;1036.5;863.18;114.56;47.866;10.881;0.8328;0.0567;0;0.0105;1025.1;11.424;0;0;1.9393;9.4845;1021.6;2.4445;0.599;0.0795;1.5035;0.2626;1024;1.0251;0.8632;0.1146;0.0459;0.0014;1024.5;861.72;114.37;44.378;1.1327;491.11;395.34;154.39;0.5927;5.1747;74.435;2.8773;79.018;0;1;0;0;1.1365;0.989;1;1;0.9595;0.1284;0.9976;0.9993;1;0.9672;0.8118;0.999;0.999;1;0.999;0.999;0.9856;0.9271;0.1041;3.1126;3.2425;0.0195;0.003;0.496;0.0191;0.0676;0.0125;0;0;0.088;0;2.4162;0;0;0;0;0;0;0;0;0;0;0;0;0.0545;0.0226;2.5478;2.5478;0;68.405;68.405;42.825;0.0419;2789.3;913.43;1;0.0436;0.0436;0;0;0;0;0;0;2.5042;2.4162;0;15.593;18.057;14.788;17.124;98.288;98.288;24.876;20.362;19.31;4.5138;1.0519;0.1815;0.0423;0.7763;31.185;0.7367;0
22/10/21 14:00;45.111;68.344;15.096;47.206;42.794;90;42.794;735.79;157.1;578.69;26.06;0.66;0;788.62;55.754;126.44;0;19.587;990.41;0;990.41;788.62;126.44;55.754;19.587;0.7963;0.0761;0;0.0198;967.97;22.439;0;0;4.3037;18.135;964.75;2.2517;0.4108;0.0659;1.6682;0.1069;967;0.968;0.7886;0.1264;0.0515;0.0015;969.83;787.42;126.25;49.731;1.3436;336.7;271.05;106.16;2.8686;3.6876;53.044;5.0777;53.863;0;1;0;0;1.346;0.9773;1;1;0.9228;0.0741;0.9977;0.9995;1;0.9675;0.9263;0.999;0.999;1;0.999;0.999;0.9741;0.892;0.0686;2.9742;3.0328;0.0183;0.0002;0.4431;0.018;0.0638;0.009;0;0;0.088;0;2.2805;0;0;0;0;0;0;0;0;0;0;0;0;0.0514;0.0199;2.4091;2.4091;0;66.433;66.433;40.373;0.0418;2608.8;923.43;1;0.0406;0.0406;0;0;0;0;0;0;2.3685;2.2805;0;15.43;17.868;14.607;16.915;98.316;98.316;23.77;19.253;18.226;4.5163;1.0275;0.19;0.0432;0.7668;40.68;0.7372;0
22/10/21 15:00;33.32;79.767;8.5368;33.743;56.257;90;56.257;541.79;161.1;380.7;26;0.6;0;685.36;62.505;145.33;0;24.084;917.28;0;917.28;685.36;145.33;62.505;24.084;0.7472;0.0944;0;0.0263;887.48;29.8;0;0;7.1799;22.62;884.38;2.2147;0.2019;0.0428;1.8994;0.0705;886.6;0.8875;0.6854;0.1453;0.0553;0.0015;889.42;684.47;145.15;53.37;1.3924;172.72;139.04;53.654;8.3157;2.3887;34.36;5.0341;28.433;0;1;0;0;1.6931;0.9675;1;1;0.8851;0.0608;0.9975;0.9997;1;0.9656;0.9518;0.999;0.999;1;0.999;0.999;0.9641;0.8539;0.0578;2.7546;2.7513;0.0166;-0.0018;0.3679;0.0166;0.0588;0.0059;0;0;0.088;0;2.0989;0;0;0;0;0;0;0;0;0;0;0;0;0.0474;0.0166;2.2234;2.2234;0;62.901;62.901;36.9;0.0417;2369.7;938.24;1;0.0364;0.0364;0;0;0;0;0;0;2.1869;2.0989;0;15.376;17.805;14.515;16.809;98.361;98.361;22.015;17.769;16.775;4.2457;0.9946;0.1929;0.0452;0.762;52.131;0.7412;0
22/10/21 16:00;21.122;89.049;29.08;21.124;39.808;90;39.808;315.5;161.3;154.2;25.6;0.7101;0;373.98;98.482;121.05;0;7.3137;600.82;0;600.82;373.98;121.05;98.482;7.3137;0.6224;0.1761;0;0.0122;587.26;13.555;0;0;6.8345;6.721;583.16;3.5149;0.3753;0.1215;2.9625;0.0557;586.68;0.5873;0.374;0.121;0.0916;0.0006;584.06;373.23;120.8;88.594;0.5364;71.038;57.186;23.418;3.9474;0.9289;13.362;0.8991;10.344;0;1;0;0;1.9043;0.9774;1;1;0.9306;0.081;0.994;0.999;1;0.9676;0.9059;0.999;0.999;1;0.999;0.999;0.9706;0.8996;0.0733;1.8043;1.7873;0.0108;0.0026;0.1561;0.0113;0.0402;0.0024;0;0;0.088;0;1.4126;0;0;0;0;0;0;0;0;0;0;0;0;0.0323;0.0074;1.5242;1.5242;0;49.687;49.687;24.087;0.0413;1537.9;991.09;1;0.0236;0.0236;0;0;0;0;0;0;1.5006;1.4126;0;16.093;18.635;14.915;17.271;98.454;98.454;14.42;12.181;11.289;2.2385;0.8917;0.1552;0.0618;0.7829;70.038;0.7701;0
22/10/21 17:00;8.8854;97.524;68;8.9614;13.235;90;13.235;97.302;87.4;9.9019;24.4;1.1001;0;24.015;82.242;9.8256;0;0.2584;116.34;0;116.34;24.015;9.8256;82.242;0.2584;0.2064;0.7091;0;0.0022;115.17;1.1715;0;0;0.9557;0.2158;108.96;6.095;2.0813;0.8516;3.1524;0.0096;115.05;0.1152;0.024;0.0098;0.0813;0;109;21.91;8.9642;78.052;0.033;49.818;40.104;14.91;0.0679;0.5743;8.2604;0.0446;8.7668;0;1;0;0;1.1957;0.9899;1;1;0.9884;0.1648;0.947;0.9132;1;0.9612;0.7747;0.999;0.999;1;0.999;0.999;0.9366;0.9491;0.1276;0.3494;0.3457;0.0021;0.0176;0.0049;0.0022;0.008;0.0015;0;0;0.088;0;0.2076;0;0;0;0;0;0;0;0;0;0;0;0;0.0064;0.0004;0.3025;0.3025;0;28.878;28.878;4.4778;0.0411;294.8;1026.2;1;0.0069;0.0069;0;0;0;0;0;0;0.2956;0.2076;0;16.496;19.102;11.32;13.109;97.711;97.711;2.7922;2.4179;1.6593;0.3743;0.7587;0.134;0.2717;0.5942;49.75;0.5643;0
22/10/21 18:00;1.4406;102.73;86.504;1.4769;2.1069;90;2.1069;0;0;0;19.55;1.7401;0;0;0;0;0;0;0;0;0;0;0;0;0;1;1;1;1;0;0;0;0;0;0;0;0;0;0;0;0;0;0;0;0;0;0;0;0;0;0;0;0;0;0;0;0;0;0;0;0;0;0;0;1;1;1;1;1;1;1;1;1;1;1;1;1;1;1;1;1;1;1;0;0;0;0;0;0;0;0;0;0.0004;0.088;0;-0.0884;0;0;0;0;0;0;0;0;0;0;0;0;0;0;0;0;0;0;0;-19.55;0;0;0;0;0.0004;0;0;0;0;0;0;0;-0.0004;-0.0884;0;0;0;0;0;0;0;0;0;-0.7063;0;0.7063;1;1;0;0;0;0
22/10/21 19:00;0;0;90;0;0;90;0;0;0;0;15.84;2.33;0;0;0;0;0;0;0;0;0;0;0;0;0;1;1;1;1;0;0;0;0;0;0;0;0;0;0;0;0;0;0;0;0;0;0;0;0;0;0;0;0;0;0;0;0;0;0;0;0;0;0;0;1;1;1;1;1;1;1;1;1;1;1;1;1;1;1;1;1;1;1;0;0;0;0;0;0;0;0;0;0.0004;0.088;0;-0.0884;0;0;0;0;0;0;0;0;0;0;0;0;0;0;0;0;0;0;0;-15.84;0;0;0;0;0.0004;0;0;0;0;0;0;0;-0.0004;-0.0884;0;0;0;0;0;0;0;0;0;-0.7063;0;0.7063;1;1;0;0;0;0
22/10/21 20:00;0;0;90;0;0;90;0;0;0;0;14.99;2.84;0;0;0;0;0;0;0;0;0;0;0;0;0;1;1;1;1;0;0;0;0;0;0;0;0;0;0;0;0;0;0;0;0;0;0;0;0;0;0;0;0;0;0;0;0;0;0;0;0;0;0;0;1;1;1;1;1;1;1;1;1;1;1;1;1;1;1;1;1;1;1;0;0;0;0;0;0;0;0;0;0.0004;0.088;0;-0.0884;0;0;0;0;0;0;0;0;0;0;0;0;0;0;0;0;0;0;0;-14.99;0;0;0;0;0.0004;0;0;0;0;0;0;0;-0.0004;-0.0884;0;0;0;0;0;0;0;0;0;-0.7063;0;0.7063;1;1;0;0;0;0
22/10/21 21:00;0;0;90;0;0;90;0;0;0;0;14.65;3.1899;0;0;0;0;0;0;0;0;0;0;0;0;0;1;1;1;1;0;0;0;0;0;0;0;0;0;0;0;0;0;0;0;0;0;0;0;0;0;0;0;0;0;0;0;0;0;0;0;0;0;0;0;1;1;1;1;1;1;1;1;1;1;1;1;1;1;1;1;1;1;1;0;0;0;0;0;0;0;0;0;0.0004;0.088;0;-0.0884;0;0;0;0;0;0;0;0;0;0;0;0;0;0;0;0;0;0;0;-14.65;0;0;0;0;0.0004;0;0;0;0;0;0;0;-0.0004;-0.0884;0;0;0;0;0;0;0;0;0;-0.7063;0;0.7063;1;1;0;0;0;0
22/10/21 22:00;0;0;90;0;0;90;0;0;0;0;12.81;3.39;0;0;0;0;0;0;0;0;0;0;0;0;0;1;1;1;1;0;0;0;0;0;0;0;0;0;0;0;0;0;0;0;0;0;0;0;0;0;0;0;0;0;0;0;0;0;0;0;0;0;0;0;1;1;1;1;1;1;1;1;1;1;1;1;1;1;1;1;1;1;1;0;0;0;0;0;0;0;0;0;0.0004;0.088;0;-0.0884;0;0;0;0;0;0;0;0;0;0;0;0;0;0;0;0;0;0;0;-12.81;0;0;0;0;0.0004;0;0;0;0;0;0;0;-0.0004;-0.0884;0;0;0;0;0;0;0;0;0;-0.7063;0;0.7063;1;1;0;0;0;0
22/10/21 23:00;0;0;90;0;0;90;0;0;0;0;12.01;3.6501;0;0;0;0;0;0;0;0;0;0;0;0;0;1;1;1;1;0;0;0;0;0;0;0;0;0;0;0;0;0;0;0;0;0;0;0;0;0;0;0;0;0;0;0;0;0;0;0;0;0;0;0;1;1;1;1;1;1;1;1;1;1;1;1;1;1;1;1;1;1;1;0;0;0;0;0;0;0;0;0;0.0004;0.088;0;-0.0884;0;0;0;0;0;0;0;0;0;0;0;0;0;0;0;0;0;0;0;-12.01;0;0;0;0;0.0004;0;0;0;0;0;0;0;-0.0004;-0.0884;0;0;0;0;0;0;0;0;0;-0.7063;0;0.7063;1;1;0;0;0;0
23/10/21 00:00;0;0;90;0;0;90;0;0;0;0;12.94;4.0601;0;0;0;0;0;0;0;0;0;0;0;0;0;1;1;1;1;0;0;0;0;0;0;0;0;0;0;0;0;0;0;0;0;0;0;0;0;0;0;0;0;0;0;0;0;0;0;0;0;0;0;0;1;1;1;1;1;1;1;1;1;1;1;1;1;1;1;1;1;1;1;0;0;0;0;0;0;0;0;0;0.0004;0.088;0;-0.0884;0;0;0;0;0;0;0;0;0;0;0;0;0;0;0;0;0;0;0;-12.94;0;0;0;0;0.0004;0;0;0;0;0;0;0;-0.0004;-0.0884;0;0;0;0;0;0;0;0;0;-0.7063;0;0.7063;1;1;0;0;0;0
23/10/21 01:00;0;0;90;0;0;90;0;0;0;0;11.6;4.26;0;0;0;0;0;0;0;0;0;0;0;0;0;1;1;1;1;0;0;0;0;0;0;0;0;0;0;0;0;0;0;0;0;0;0;0;0;0;0;0;0;0;0;0;0;0;0;0;0;0;0;0;1;1;1;1;1;1;1;1;1;1;1;1;1;1;1;1;1;1;1;0;0;0;0;0;0;0;0;0;0.0004;0.088;0;-0.0884;0;0;0;0;0;0;0;0;0;0;0;0;0;0;0;0;0;0;0;-11.6;0;0;0;0;0.0004;0;0;0;0;0;0;0;-0.0004;-0.0884;0;0;0;0;0;0;0;0;0;-0.7063;0;0.7063;1;1;0;0;0;0
23/10/21 02:00;0;0;90;0;0;90;0;0;0;0;11.86;4.01;0;0;0;0;0;0;0;0;0;0;0;0;0;1;1;1;1;0;0;0;0;0;0;0;0;0;0;0;0;0;0;0;0;0;0;0;0;0;0;0;0;0;0;0;0;0;0;0;0;0;0;0;1;1;1;1;1;1;1;1;1;1;1;1;1;1;1;1;1;1;1;0;0;0;0;0;0;0;0;0;0.0004;0.088;0;-0.0884;0;0;0;0;0;0;0;0;0;0;0;0;0;0;0;0;0;0;0;-11.86;0;0;0;0;0.0004;0;0;0;0;0;0;0;-0.0004;-0.0884;0;0;0;0;0;0;0;0;0;-0.7063;0;0.7063;1;1;0;0;0;0
23/10/21 03:00;0;0;90;0;0;90;0;0;0;0;10.78;3.64;0;0;0;0;0;0;0;0;0;0;0;0;0;1;1;1;1;0;0;0;0;0;0;0;0;0;0;0;0;0;0;0;0;0;0;0;0;0;0;0;0;0;0;0;0;0;0;0;0;0;0;0;1;1;1;1;1;1;1;1;1;1;1;1;1;1;1;1;1;1;1;0;0;0;0;0;0;0;0;0;0.0004;0.088;0;-0.0884;0;0;0;0;0;0;0;0;0;0;0;0;0;0;0;0;0;0;0;-10.78;0;0;0;0;0.0004;0;0;0;0;0;0;0;-0.0004;-0.0884;0;0;0;0;0;0;0;0;0;-0.7063;0;0.7063;1;1;0;0;0;0
23/10/21 04:00;0;0;90;0;0;90;0;0;0;0;12.99;3.4;0;0;0;0;0;0;0;0;0;0;0;0;0;1;1;1;1;0;0;0;0;0;0;0;0;0;0;0;0;0;0;0;0;0;0;0;0;0;0;0;0;0;0;0;0;0;0;0;0;0;0;0;1;1;1;1;1;1;1;1;1;1;1;1;1;1;1;1;1;1;1;0;0;0;0;0;0;0;0;0;0.0004;0.088;0;-0.0884;0;0;0;0;0;0;0;0;0;0;0;0;0;0;0;0;0;0;0;-12.99;0;0;0;0;0.0004;0;0;0;0;0;0;0;-0.0004;-0.0884;0;0;0;0;0;0;0;0;0;-0.7063;0;0.7063;1;1;0;0;0;0
23/10/21 05:00;5.2241;-100.49;77.243;5.3124;7.6638;-90;-7.6638;5.9971;5.9971;0;13.6;3.5999;0;0;5.9703;0;0;0.0054;5.9757;5.9757;0;0;0;0;0;1;1;1;1;0;0;0;0;0;0;0;0;0;0;0;0;0;0;0;0;0;0;0;0;0;0;0;0;0;0;0;0;0;0;0;0;0;0;0;0;1;1;1;1;1;1;1;1;1;1;1;1;1;0;0;1;0;0;0;0;0;0;0;0;0;0;0;0.0004;0.088;0;-0.0884;0;0;0;0;0;0;0;0;0;0;0;0;0;0;0;0;0;0;0;-13.6;0;0;0;0;0.0004;0;0;0;0;0;0;0;-0.0004;-0.0884;0;0;0;0;0;0;0;0;0;-0.7063;0;0.7063;1;1;0;0;0;0
23/10/21 06:00;16.386;-92.802;46.83;16.404;26.825;-90;-26.825;69.602;68.302;1.2994;14.26;3.1701;0;3.1515;64.412;0.5514;0;0.749;68.864;0;68.864;3.1515;0.5514;64.412;0.749;0.0458;0.9462;0;0.0109;65.823;3.0414;0;0;2.3948;0.6466;63.653;2.1035;0.0343;0.006;2.0434;0.0199;65.757;0.0658;0.0032;0.0006;0.062;0.0001;63.865;3.1141;0.5449;59.912;0.0824;41.582;33.474;12.903;0.6606;0.4888;7.0316;0.2119;6.8598;0;1;0;0;0.9894;0.9558;1;1;0.9628;0.1367;0.968;0.9891;1;0.967;0.8057;0.999;0.999;1;0.999;0.999;0.9243;0.9301;0.11;0.2068;0.2072;0.0012;0.0153;-0.0062;0.0014;0.0049;0.0013;0;0;0.088;0;0.0908;0;0;0;0;0;0;0;0;0;0;0;0;0.0039;0.0002;0.1851;0.1851;0;16.864;16.864;2.604;0.0409;175.47;1054.7;1;0.0063;0.0063;0;0;0;0;0;0;0.1788;0.0908;0;17.048;19.742;8.3616;9.6825;96.596;96.596;1.6527;1.4791;0.7254;0.1737;0.7536;0.1051;0.456;0.4389;41.575;0.4078;0
23/10/21 07:00;28.637;-83.995;5.4098;28.77;60;-90;-60;148.4;144.8;3.6048;17.55;3.4901;0;7.4881;108.01;1.635;0;7.4202;124.55;0;124.55;7.4881;1.635;108.01;7.4202;0.0601;0.9268;0;0.0596;104.02;20.537;0;0;13.593;6.9439;100.54;3.3682;0.0014;0.0003;3.3349;0.0316;103.91;0.104;0.0075;0.0016;0.0944;0.0005;103.59;7.4792;1.6331;90.987;0.4443;94.703;76.236;33.905;18.059;1.8956;27.267;3.0434;11.104;0;1;0;0;0.8393;0.8351;1;1;0.8742;0.0642;0.9676;0.9998;1;0.9646;0.9337;0.999;0.999;1;0.999;0.999;0.8072;0.8424;0.0599;0.374;0.3695;0.0022;0.0178;-0.0045;0.0025;0.0088;0.0052;0;0;0.088;0;0.2345;0;0;0;0;0;0;0;0;0;0;0;0;0.0071;0.0005;0.3299;0.3299;0;21.66;21.66;4.1098;0.0409;313.3;1053.1;1;0.0075;0.0075;0;0;0;0;0;0;0.3225;0.2345;0;16.804;19.459;11.941;13.828;97.732;97.732;2.9893;2.6369;1.8738;0.3524;0.7631;0.1179;0.2553;0.6268;94.054;0.5386;0
23/10/21 08:00;40.664;-73.684;12.304;41.832;48.169;-90;-48.169;672.3;111;561.3;19.5;4.1401;0;841.6;34.923;103.61;0;22.392;1002.5;0;1002.5;841.6;103.61;34.923;22.392;0.8395;0.0572;0;0.0223;978.45;24.073;0;0;3.197;20.876;975.96;1.5147;0.3573;0.044;1.0432;0.0702;977.48;0.9785;0.8416;0.1036;0.0317;0.0015;981.17;840.41;103.46;30.651;1.4437;269.36;216.84;82.77;2.7036;3.1168;44.834;5.205;45.248;0;1;0;0;1.4912;0.976;1;1;0.9085;0.0677;0.9985;0.9996;1;0.9671;0.9536;0.999;0.999;1;0.999;0.999;0.9735;0.8777;0.0645;3.0106;3.0497;0.0184;0.0004;0.3762;0.0186;0.0659;0.0078;0;0;0.088;0;2.3581;0;0;0;0;0;0;0;0;0;0;0;0;0.0531;0.0201;2.4893;2.4893;0;60.129;60.129;40.629;0.0416;2623.7;948.76;1;0.0431;0.0431;0;0;0;0;0;0;2.4461;2.3581;0;15.751;18.239;14.921;17.279;98.267;98.267;24.061;19.894;18.846;4.1665;1.0481;0.1732;0.0436;0.7833;26.78;0.7579;0
23/10/21 09:00;51.948;-59.948;17.979;55.881;34.119;-90;-34.119;802.7;140.8;661.89;22.44;4.43;0;799.51;50.514;103.31;0;13.816;967.15;0;967.15;799.51;103.31;50.514;13.816;0.8267;0.0665;0;0.0143;952.05;15.106;0;0;2.7525;12.354;948.78;2.3162;0.496;0.0641;1.5413;0.2148;951.09;0.952;0.7995;0.1033;0.0478;0.0015;952.45;798.21;103.15;46.172;1.2462;411.3;331.1;133.45;1.1956;4.1092;59.109;3.6695;62.023;0;1;0;0;1.2049;0.9844;1;1;0.9455;0.1058;0.9976;0.9994;1;0.9677;0.853;0.999;0.999;1;0.999;0.999;0.981;0.9141;0.0902;2.9044;2.9933;0.018;-0.0002;0.3896;0.0181;0.0642;0.0102;0;0;0.088;0;2.293;0;0;0;0;0;0;0;0;0;0;0;0;0.0517;0.0194;2.4223;2.4223;0;61.998;61.998;39.558;0.0417;2574.1;941.03;1;0.0413;0.0413;0;0;0;0;0;0;2.381;2.293;0;15.888;18.398;15.04;17.416;98.294;98.294;23.212;19.359;18.325;3.8528;1.0335;0.166;0.0445;0.7895;34.304;0.7549;0
23/10/21 10:00;61.341;-39.133;21.84;70.968;19.032;-90;-19.032;736.81;296.8;440;23.46;4.81;0;465.44;184.07;113.78;0;4.0275;767.32;0;767.32;465.44;113.78;184.07;4.0275;0.6066;0.2451;0;0.0052;760.02;7.3034;0;0;3.9323;3.3711;752.36;6.8993;0.3508;0.0857;6.3175;0.1452;759.26;0.76;0.4654;0.1138;0.1801;0.0007;753.33;464.63;113.58;173.64;0.5105;423.76;341.13;131.18;0.5526;4.6;66.17;0.9706;70.217;0;1;0;0;1.0414;0.9905;1;1;0.9786;0.163;0.9909;0.9992;1;0.9649;0.7785;0.999;0.999;1;0.999;0.999;0.9805;0.9433;0.1267;2.3043;2.4084;0.0145;-0.002;0.2514;0.015;0.0532;0.0118;0;0;0.088;0;1.8884;0;0;0;0;0;0;0;0;0;0;0;0;0.0429;0.0128;2.0088;2.0088;0;54.642;54.642;31.182;0.0414;2071.8;969.56;1;0.0324;0.0324;0;0;0;0;0;0;1.9764;1.8884;0;16.607;19.23;15.612;18.078;98.389;98.389;18.416;16.054;15.092;2.3618;0.9619;0.1282;0.0522;0.8195;113.86;0.7698;0
23/10/21 11:00;66.29;-7.3188;23.505;86.798;3.2022;-90;-3.2022;546.7;430.5;116.19;23.61;5.29;0;116.38;390.71;39.545;0;0.0854;546.72;0;546.72;116.38;39.545;390.71;0.0854;0.2129;0.7148;0;0.0002;546.18;0.5373;0;0;0.4659;0.0714;528.18;17.451;0.0944;0.0321;17.321;0.0031;545.64;0.5462;0.1164;0.0395;0.3902;0;528.18;116.17;39.473;372.54;0.0108;323.29;260.25;97.862;-0.0021;3.626;52.159;-0.0039;55.787;0;1;0;0;1;0.999;1;1;0.9988;0.163;0.968;0.9992;1;0.9556;0.7774;0.999;0.999;1;0.999;0.999;0.9661;0.9535;0.1266;1.6418;1.7008;0.0102;0.0037;0.1223;0.011;0.0388;0.0096;0;0;0.088;0;1.3565;0;0;0;0;0;0;0;0;0;0;0;0;0.0313;0.0067;1.4672;1.4672;0;45.356;45.356;21.746;0.0412;1460.2;1004.8;1;0.0227;0.0227;0;0;0;0;0;0;1.4445;1.3565;0;17.024;19.713;15.739;18.226;98.451;98.451;13.121;11.726;10.841;1.3955;0.8849;0.1064;0.0674;0.8262;231.59;0.7711;0
23/10/21 12:00;64.05;27.747;22.785;77.234;12.766;90;12.766;454.2;404.7;49.501;25.67;5.5899;0;50.756;383.79;16.509;0;1.1228;452.18;0;452.18;50.756;16.509;383.79;1.1228;0.1122;0.8512;0;0.0025;447.05;5.1348;0;0;4.1972;0.9376;431.67;14.931;0.0399;0.013;14.836;0.0417;446.6;0.447;0.0508;0.0165;0.3796;0.0002;431.89;50.665;16.48;364.38;0.1433;269.83;217.21;81.294;0.2779;3.0695;44.154;0.2228;46.946;0;1;0;0;0.9956;0.9886;1;1;0.9891;0.1649;0.9666;0.9992;1;0.9609;0.7747;0.999;0.999;1;0.999;0.999;0.9546;0.9494;0.1277;1.3579;1.3939;0.0084;0.0078;0.0913;0.009;0.0319;0.0081;0;0;0.088;0;1.1003;0;0;0;0;0;0;0;0;0;0;0;0;0.0257;0.0046;1.207;1.207;0;43.432;43.432;17.762;0.0411;1196.8;1008.5;1;0.0187;0.0187;0;0;0;0;0;0;1.1883;1.1003;0;16.932;19.607;15.436;17.875;98.455;98.455;10.852;9.646;8.7936;1.2063;0.8524;0.1112;0.0785;0.8103;231.82;0.7551;0
23/10/21 13:00;56.032;52.757;19.764;61.794;28.206;90;28.206;584.9;387.9;197;25.8;5.7399;0;223.55;302.23;75.563;0;6.9453;608.29;0;608.29;223.55;75.563;302.23;6.9453;0.3675;0.5083;0;0.0114;590.04;18.249;0;0;12.197;6.0518;579.58;9.8697;0.1525;0.0515;9.4975;0.1683;589.45;0.59;0.2235;0.0756;0.29;0.0009;581.53;223.17;75.436;280.25;0.7243;337.69;271.84;105.69;3.695;3.8021;54.691;1.9513;54.798;0;1;0;0;1.04;0.97;1;1;0.9596;0.1286;0.9833;0.9993;1;0.9672;0.8114;0.999;0.999;1;0.999;0.999;0.9528;0.9273;0.1043;1.8267;1.8668;0.0112;0.0018;0.1632;0.0118;0.042;0.0099;0;0;0.088;0;1.4725;0;0;0;0;0;0;0;0;0;0;0;0;0.0338;0.0079;1.5852;1.5852;0;49.741;49.741;23.941;0.0413;1602.2;989.37;1;0.0247;0.0247;0;0;0;0;0;0;1.5605;1.4725;0;16.531;19.143;15.356;17.782;98.442;98.442;14.599;12.669;11.768;1.9303;0.9007;0.1322;0.0617;0.8061;196.82;0.7552;0
23/10/21 14:00;45.306;68.761;14.761;47.318;42.682;90;42.682;655.41;231.5;423.9;26.14;5.7399;0;576.64;114.29;135.71;0;17.36;844;0;844;576.64;135.71;114.29;17.36;0.6832;0.156;0;0.0206;819.14;24.857;0;0;8.7881;16.069;814.44;3.8788;0.2937;0.0691;3.4201;0.0959;818.32;0.8191;0.5766;0.1357;0.1055;0.0013;819.17;575.77;135.51;101.97;1.1936;314.7;253.33;100.07;5.8216;3.5952;51.716;4.7217;49.49;0;1;0;0;1.2878;0.9705;1;1;0.9231;0.0744;0.9953;0.9995;1;0.9675;0.9256;0.999;0.999;1;0.999;0.999;0.965;0.8923;0.0688;2.5345;2.5763;0.0155;-0.0022;0.3185;0.0157;0.0557;0.009;0;0;0.088;0;1.9827;0;0;0;0;0;0;0;0;0;0;0;0;0.0449;0.0146;2.1045;2.1045;0;60.043;60.043;33.904;0.0416;2218.3;948.68;1;0.0338;0.0338;0;0;0;0;0;0;2.0707;1.9827;0;15.818;18.316;14.902;17.256;98.394;98.394;20.256;16.819;15.846;3.437;0.9733;0.1697;0.0481;0.7823;83.305;0.748;0
23/10/21 15:00;33.492;80.135;8.2143;33.886;56.114;90;56.114;241.9;229.9;11.999;24.28;5.5601;0;21.522;176.22;6.4799;0;10.703;214.93;0;214.93;21.522;6.4799;176.22;10.703;0.1001;0.8697;0;0.0498;184.71;30.221;0;0;20.168;10.052;179.13;5.3914;0.0061;0.0018;5.3525;0.031;184.52;0.1847;0.0215;0.0065;0.1561;0.0007;183.34;21.494;6.4716;150.55;0.6191;150.86;121.45;52.79;23.221;2.7385;39.392;4.212;18.91;0;1;0;0;0.8885;0.8594;1;1;0.8856;0.0608;0.9708;0.9997;1;0.9657;0.9523;0.999;0.999;1;0.999;0.999;0.8334;0.8543;0.0578;0.6454;0.6353;0.0038;0.0174;0.0152;0.0042;0.0149;0.0074;0;0;0.088;0;0.4615;0;0;0;0;0;0;0;0;0;0;0;0;0.012;0.0012;0.5592;0.5592;0;31.624;31.624;7.3444;0.041;540.79;1034;1;0.0097;0.0097;0;0;0;0;0;0;0.5495;0.4615;0;16.505;19.112;13.62;15.772;98.261;98.261;5.1583;4.4691;3.6881;0.6892;0.781;0.1336;0.1514;0.715;146.74;0.6287;0
23/10/21 16:00;21.286;89.382;28.303;21.288;40.415;90;40.415;195.4;176.9;18.503;23.49;4.91;0;44.874;150.06;15.803;0;4.6629;215.4;0;215.4;44.874;15.803;150.06;4.6629;0.2083;0.7183;0;0.0216;200.45;14.944;0;0;10.651;4.2929;195.65;4.6007;0.0438;0.0154;4.5085;0.033;200.25;0.2005;0.0449;0.0158;0.1394;0.0004;197.08;44.785;15.772;134.76;0.3367;107.39;86.446;35.284;6.3332;1.4356;20.65;1.4264;15.753;0;1;0;0;1.1023;0.9306;1;1;0.929;0.0794;0.977;0.999;1;0.9676;0.9108;0.999;0.999;1;0.999;0.999;0.9083;0.898;0.0722;0.6468;0.6371;0.0038;0.0174;0.015;0.0042;0.0149;0.0039;0;0;0.088;0;0.4669;0;0;0;0;0;0;0;0;0;0;0;0;0.012;0.0012;0.5647;0.5647;0;31.505;31.505;8.0148;0.041;544.07;1037.9;1;0.0098;0.0098;0;0;0;0;0;0;0.5549;0.4669;0;16.631;19.258;13.75;15.922;98.259;98.259;5.1695;4.513;3.7311;0.6565;0.7819;0.127;0.1512;0.7218;107.26;0.6734;0
23/10/21 17:00;9.0545;97.837;67.563;9.1384;13.517;90;13.517;103.2;90.799;12.402;21.04;3.48;0;30.079;84.442;12.542;0;0.2858;127.35;0;127.35;30.079;12.542;84.442;0.2858;0.2362;0.6653;0;0.0022;126.09;1.2554;0;0;1.0167;0.2388;119.22;6.7488;2.4828;1.0352;3.2202;0.0106;125.97;0.1261;0.0301;0.0125;0.0834;0;119.27;27.566;11.494;80.121;0.0365;51.213;41.227;15.337;0.0752;0.5901;8.4878;0.0483;9.0026;0;1;0;0;1.234;0.9901;1;1;0.988;0.1648;0.9464;0.9174;1;0.9614;0.7748;0.999;0.999;1;0.999;0.999;0.9362;0.9488;0.1275;0.3824;0.3771;0.0023;0.0178;0.0013;0.0025;0.0088;0.0016;0;0;0.088;0;0.2398;0;0;0;0;0;0;0;0;0;0;0;0;0.0071;0.0005;0.3352;0.3352;0;25.922;25.922;4.8826;0.041;321.7;1042;1;0.0074;0.0074;0;0;0;0;0;0;0.3278;0.2398;0;16.699;19.337;11.945;13.832;97.784;97.784;3.0564;2.6792;1.9165;0.3772;0.7627;0.1234;0.2495;0.627;51.127;0.5972;0
23/10/21 18:00;1.6169;103.04;86.076;1.6597;2.3683;90;2.3683;0;0;0;18.93;3.8;0;0;0;0;0;0;0;0;0;0;0;0;0;1;1;1;1;0;0;0;0;0;0;0;0;0;0;0;0;0;0;0;0;0;0;0;0;0;0;0;0;0;0;0;0;0;0;0;0;0;0;0;1;1;1;1;1;1;1;1;1;1;1;1;1;1;1;1;1;1;1;0;0;0;0;0;0;0;0;0;0.0004;0.088;0;-0.0884;0;0;0;0;0;0;0;0;0;0;0;0;0;0;0;0;0;0;0;-18.93;0;0;0;0;0.0004;0;0;0;0;0;0;0;-0.0004;-0.0884;0;0;0;0;0;0;0;0;0;-0.7063;0;0.7063;1;1;0;0;0;0
23/10/21 19:00;0;0;90;0;0;90;0;0;0;0;17.04;4.6199;0;0;0;0;0;0;0;0;0;0;0;0;0;1;1;1;1;0;0;0;0;0;0;0;0;0;0;0;0;0;0;0;0;0;0;0;0;0;0;0;0;0;0;0;0;0;0;0;0;0;0;0;1;1;1;1;1;1;1;1;1;1;1;1;1;1;1;1;1;1;1;0;0;0;0;0;0;0;0;0;0.0004;0.088;0;-0.0884;0;0;0;0;0;0;0;0;0;0;0;0;0;0;0;0;0;0;0;-17.04;0;0;0;0;0.0004;0;0;0;0;0;0;0;-0.0004;-0.0884;0;0;0;0;0;0;0;0;0;-0.7063;0;0.7063;1;1;0;0;0;0
23/10/21 20:00;0;0;90;0;0;90;0;0;0;0;15.62;4.6801;0;0;0;0;0;0;0;0;0;0;0;0;0;1;1;1;1;0;0;0;0;0;0;0;0;0;0;0;0;0;0;0;0;0;0;0;0;0;0;0;0;0;0;0;0;0;0;0;0;0;0;0;1;1;1;1;1;1;1;1;1;1;1;1;1;1;1;1;1;1;1;0;0;0;0;0;0;0;0;0;0.0004;0.088;0;-0.0884;0;0;0;0;0;0;0;0;0;0;0;0;0;0;0;0;0;0;0;-15.62;0;0;0;0;0.0004;0;0;0;0;0;0;0;-0.0004;-0.0884;0;0;0;0;0;0;0;0;0;-0.7063;0;0.7063;1;1;0;0;0;0
23/10/21 21:00;0;0;90;0;0;90;0;0;0;0;14.5;4.49;0;0;0;0;0;0;0;0;0;0;0;0;0;1;1;1;1;0;0;0;0;0;0;0;0;0;0;0;0;0;0;0;0;0;0;0;0;0;0;0;0;0;0;0;0;0;0;0;0;0;0;0;1;1;1;1;1;1;1;1;1;1;1;1;1;1;1;1;1;1;1;0;0;0;0;0;0;0;0;0;0.0004;0.088;0;-0.0884;0;0;0;0;0;0;0;0;0;0;0;0;0;0;0;0;0;0;0;-14.5;0;0;0;0;0.0004;0;0;0;0;0;0;0;-0.0004;-0.0884;0;0;0;0;0;0;0;0;0;-0.7063;0;0.7063;1;1;0;0;0;0
23/10/21 22:00;0;0;90;0;0;90;0;0;0;0;13.08;4.3199;0;0;0;0;0;0;0;0;0;0;0;0;0;1;1;1;1;0;0;0;0;0;0;0;0;0;0;0;0;0;0;0;0;0;0;0;0;0;0;0;0;0;0;0;0;0;0;0;0;0;0;0;1;1;1;1;1;1;1;1;1;1;1;1;1;1;1;1;1;1;1;0;0;0;0;0;0;0;0;0;0.0004;0.088;0;-0.0884;0;0;0;0;0;0;0;0;0;0;0;0;0;0;0;0;0;0;0;-13.08;0;0;0;0;0.0004;0;0;0;0;0;0;0;-0.0004;-0.0884;0;0;0;0;0;0;0;0;0;-0.7063;0;0.7063;1;1;0;0;0;0
23/10/21 23:00;0;0;90;0;0;90;0;0;0;0;11.72;4.3001;0;0;0;0;0;0;0;0;0;0;0;0;0;1;1;1;1;0;0;0;0;0;0;0;0;0;0;0;0;0;0;0;0;0;0;0;0;0;0;0;0;0;0;0;0;0;0;0;0;0;0;0;1;1;1;1;1;1;1;1;1;1;1;1;1;1;1;1;1;1;1;0;0;0;0;0;0;0;0;0;0.0004;0.088;0;-0.0884;0;0;0;0;0;0;0;0;0;0;0;0;0;0;0;0;0;0;0;-11.72;0;0;0;0;0.0004;0;0;0;0;0;0;0;-0.0004;-0.0884;0;0;0;0;0;0;0;0;0;-0.7063;0;0.7063;1;1;0;0;0;0
24/10/21 00:00;0;0;90;0;0;90;0;0;0;0;9.8797;4.2901;0;0;0;0;0;0;0;0;0;0;0;0;0;1;1;1;1;0;0;0;0;0;0;0;0;0;0;0;0;0;0;0;0;0;0;0;0;0;0;0;0;0;0;0;0;0;0;0;0;0;0;0;1;1;1;1;1;1;1;1;1;1;1;1;1;1;1;1;1;1;1;0;0;0;0;0;0;0;0;0;0.0004;0.088;0;-0.0884;0;0;0;0;0;0;0;0;0;0;0;0;0;0;0;0;0;0;0;-9.8797;0;0;0;0;0.0004;0;0;0;0;0;0;0;-0.0004;-0.0884;0;0;0;0;0;0;0;0;0;-0.7063;0;0.7063;1;1;0;0;0;0
24/10/21 01:00;0;0;90;0;0;90;0;0;0;0;8.9098;4.2101;0;0;0;0;0;0;0;0;0;0;0;0;0;1;1;1;1;0;0;0;0;0;0;0;0;0;0;0;0;0;0;0;0;0;0;0;0;0;0;0;0;0;0;0;0;0;0;0;0;0;0;0;1;1;1;1;1;1;1;1;1;1;1;1;1;1;1;1;1;1;1;0;0;0;0;0;0;0;0;0;0.0004;0.088;0;-0.0884;0;0;0;0;0;0;0;0;0;0;0;0;0;0;0;0;0;0;0;-8.9098;0;0;0;0;0.0004;0;0;0;0;0;0;0;-0.0004;-0.0884;0;0;0;0;0;0;0;0;0;-0.7063;0;0.7063;1;1;0;0;0;0
24/10/21 02:00;0;0;90;0;0;90;0;0;0;0;7.4101;4.33;0;0;0;0;0;0;0;0;0;0;0;0;0;1;1;1;1;0;0;0;0;0;0;0;0;0;0;0;0;0;0;0;0;0;0;0;0;0;0;0;0;0;0;0;0;0;0;0;0;0;0;0;1;1;1;1;1;1;1;1;1;1;1;1;1;1;1;1;1;1;1;0;0;0;0;0;0;0;0;0;0.0004;0.088;0;-0.0884;0;0;0;0;0;0;0;0;0;0;0;0;0;0;0;0;0;0;0;-7.4101;0;0;0;0;0.0004;0;0;0;0;0;0;0;-0.0004;-0.0884;0;0;0;0;0;0;0;0;0;-0.7063;0;0.7063;1;1;0;0;0;0
24/10/21 03:00;0;0;90;0;0;90;0;0;0;0;7.2898;4.6101;0;0;0;0;0;0;0;0;0;0;0;0;0;1;1;1;1;0;0;0;0;0;0;0;0;0;0;0;0;0;0;0;0;0;0;0;0;0;0;0;0;0;0;0;0;0;0;0;0;0;0;0;1;1;1;1;1;1;1;1;1;1;1;1;1;1;1;1;1;1;1;0;0;0;0;0;0;0;0;0;0.0004;0.088;0;-0.0884;0;0;0;0;0;0;0;0;0;0;0;0;0;0;0;0;0;0;0;-7.2898;0;0;0;0;0.0004;0;0;0;0;0;0;0;-0.0004;-0.0884;0;0;0;0;0;0;0;0;0;-0.7063;0;0.7063;1;1;0;0;0;0
24/10/21 04:00;0;0;90;0;0;90;0;0;0;0;6.5698;4.57;0;0;0;0;0;0;0;0;0;0;0;0;0;1;1;1;1;0;0;0;0;0;0;0;0;0;0;0;0;0;0;0;0;0;0;0;0;0;0;0;0;0;0;0;0;0;0;0;0;0;0;0;1;1;1;1;1;1;1;1;1;1;1;1;1;1;1;1;1;1;1;0;0;0;0;0;0;0;0;0;0.0004;0.088;0;-0.0884;0;0;0;0;0;0;0;0;0;0;0;0;0;0;0;0;0;0;0;-6.5698;0;0;0;0;0.0004;0;0;0;0;0;0;0;-0.0004;-0.0884;0;0;0;0;0;0;0;0;0;-0.7063;0;0.7063;1;1;0;0;0;0
24/10/21 05:00;5.247;-100.9;77.186;5.3428;7.7089;-90;-7.7089;49.696;30;19.696;6.1397;5.12;0;47.768;25.219;11.319;0;0.0449;84.35;0;84.35;47.768;11.319;25.219;0.0449;0.5663;0.2995;0;0.0005;84.194;0.1562;0;0;0.1187;0.0375;69.183;14.927;11.211;2.6565;1.0585;0.0017;84.11;0.0842;0.0478;0.0113;0.0251;0;69.186;36.509;8.6512;24.016;0.0058;15.161;12.205;4.5249;0.0025;0.1744;2.5087;0.003;2.6805;0;1;0;0;1.6973;0.9981;1;1;0.9953;0.1655;0.8225;0.7651;1;0.9578;0.7757;0.999;0.999;1;0.999;0.999;0.8202;0.9523;0.1283;0.2533;0.2137;0.0013;0.0155;-0.0125;0.0015;0.0052;0.0005;0;0;0.088;0;0.1031;0;0;0;0;0;0;0;0;0;0;0;0;0.0042;0.0002;0.1979;0.1979;0;8.9482;8.9482;2.8084;0.0406;181.12;1092.5;1;0.0068;0.0068;0;0;0;0;0;0;0.1911;0.1031;0;14.881;17.232;7.7528;8.9775;96.573;96.573;2.0244;1.5814;0.8239;0.4431;0.7575;0.2189;0.3742;0.407;15.042;0.3981;0
24/10/21 06:00;16.603;-93.086;46.133;16.626;27.315;-90;-27.315;229.1;62.502;166.6;7.9;5.5601;0;404.05;34.162;63.84;0;2.5546;504.61;0;504.61;404.05;63.84;34.162;2.5546;0.8007;0.0728;0;0.0051;501.09;3.518;0;0;1.3074;2.2106;494.55;6.0405;4.2267;0.6678;1.08;0.0659;500.59;0.5011;0.4041;0.0638;0.0329;0.0003;494.67;399.42;63.108;31.742;0.2778;23.064;18.566;7.3246;0.3738;0.2607;3.7499;0.1177;3.6368;0;1;0;0;2.2026;0.993;1;1;0.9617;0.1347;0.9879;0.9895;1;0.9671;0.8082;0.999;0.999;1;0.999;0.999;0.9801;0.9292;0.1087;1.5153;1.4978;0.009;0.0063;0.0156;0.0103;0.0364;0.0007;0;0;0.088;0;1.2743;0;0;0;0;0;0;0;0;0;0;0;0;0.0293;0.0053;1.3848;1.3848;0;27.974;27.974;20.074;0.0406;1286.7;1076.2;1;0.0224;0.0224;0;0;0;0;0;0;1.3623;1.2743;0;17.408;20.159;16.02;18.551;98.38;98.38;12.111;11.067;10.184;1.0436;0.8825;0.0862;0.0729;0.841;22.119;0.8363;0
24/10/21 07:00;28.856;-84.305;5.0902;28.976;60;-90;-60;489.4;80.702;408.7;10.68;5.85;0;843.52;23.502;101.88;0;24.47;993.37;0;993.37;843.52;101.88;23.502;24.47;0.8491;0.0483;0;0.0246;967.52;25.857;0;0;2.9577;22.899;965.55;0.9958;0.1482;0.0179;0.7257;0.104;966.55;0.9675;0.8435;0.1019;0.0205;0.0016;968.76;842.52;101.77;19.798;1.4651;90.632;72.959;29.775;3.9353;1.1202;16.114;3.2072;13.299;0;1;0;0;2.0298;0.974;1;1;0.8742;0.0642;0.999;0.9998;1;0.9646;0.9337;0.999;0.999;1;0.999;0.999;0.972;0.8424;0.0599;2.9831;2.9518;0.0178;-0.0005;0.2635;0.0187;0.0663;0.0029;0;0;0.088;0;2.3781;0;0;0;0;0;0;0;0;0;0;0;0;0.0534;0.019;2.5107;2.5107;0;50.558;50.558;39.878;0.0413;2542.7;987.41;1;0.0447;0.0447;0;0;0;0;0;0;2.4661;2.3781;0;16.033;18.566;15.186;17.585;98.221;98.221;23.841;20.066;19.005;3.7752;1.0603;0.1583;0.0445;0.7972;20.466;0.7876;0
24/10/21 08:00;40.896;-74.028;12.005;42.015;47.985;-90;-47.985;696;114.8;581.2;12.6;5.9099;0;868.33;34.377;109.98;0;23.015;1035.7;0;1035.7;868.33;109.98;34.377;23.015;0.8384;0.0554;0;0.0222;1011.1;24.581;0;0;3.1295;21.452;1008.6;1.5054;0.3597;0.0456;1.0268;0.0733;1010.1;1.0111;0.8683;0.11;0.0312;0.0016;1013.9;867.1;109.82;30.189;1.4878;279.73;225.18;86.023;2.6266;3.2206;46.327;5.3435;46.921;0;1;0;0;1.4881;0.9763;1;1;0.909;0.0679;0.9985;0.9996;1;0.9671;0.953;0.999;0.999;1;0.999;0.999;0.9738;0.8782;0.0646;3.1102;3.1516;0.019;0.0016;0.3237;0.0197;0.0697;0.0082;0;0;0.088;0;2.4969;0;0;0;0;0;0;0;0;0;0;0;0;0.0561;0.0214;2.6321;2.6321;0;54.391;54.391;41.791;0.0414;2710.9;970.92;1;0.0472;0.0472;0;0;0;0;0;0;2.5849;2.4969;0;16.122;18.669;15.293;17.709;98.206;98.206;24.857;21.036;19.955;3.8209;1.0807;0.1537;0.0435;0.8028;26.314;0.7768;0
24/10/21 09:00;52.21;-60.324;17.661;56.032;33.968;-90;-33.968;879.7;145.1;734.6;15.28;5.92;0;885.76;43.605;117.47;0;15.012;1061.8;0;1061.8;885.76;117.47;43.605;15.012;0.8342;0.0552;0;0.0141;1046.1;15.773;0;0;2.3595;13.414;1042.8;2.1793;0.5398;0.0716;1.3312;0.2367;1045;1.0461;0.8858;0.1175;0.0412;0.0016;1046.9;884.33;117.28;39.873;1.3602;449.98;362.24;144.52;1.0173;4.5733;65.785;4.0659;69.341;0;1;0;0;1.2071;0.9851;1;1;0.9459;0.1065;0.9979;0.9994;1;0.9677;0.8518;0.999;0.999;1;0.999;0.999;0.9821;0.9144;0.0906;3.1887;3.2919;0.0198;0.0038;0.3875;0.0202;0.0715;0.0115;0;0;0.088;0;2.5604;0;0;0;0;0;0;0;0;0;0;0;0;0.0576;0.0232;2.6967;2.6967;0;58.645;58.645;43.364;0.0416;2827.9;953.63;1;0.0483;0.0483;0;0;0;0;0;0;2.6484;2.5604;0;16.111;18.656;15.296;17.713;98.208;98.208;25.484;21.552;20.463;3.9319;1.0895;0.1543;0.0428;0.803;29.579;0.7674;0
24/10/21 10:00;61.652;-39.463;21.505;71.072;18.928;-90;-18.928;1087.6;179.5;908.11;17.25;6.0599;0;960.01;44.48;141.43;0;5.8807;1151.8;0;1151.8;960.01;141.43;44.48;5.8807;0.8335;0.0437;0;0.0051;1145.9;5.8632;0;0;0.9415;4.9217;1142.2;2.5593;0.7124;0.105;1.5297;0.2123;1144.8;1.1459;0.96;0.1414;0.0435;0.001;1143.7;958.34;141.19;41.965;0.7458;617.47;497.06;192.48;0.1322;6.5725;94.543;1.4124;100.98;0;1;0;0;1.059;0.9949;1;1;0.9788;0.1631;0.9978;0.9993;1;0.9648;0.7784;0.999;0.999;1;0.999;0.999;0.9917;0.9435;0.1268;3.4589;3.6439;0.0219;0.0112;0.5107;0.0217;0.077;0.0161;0;0;0.088;0;2.662;0;0;0;0;0;0;0;0;0;0;0;0;0.062;0.0283;2.895;2.8016;0;65.009;65.009;47.759;0.0418;2867.2;977.12;1;0.145;0.0516;0;0;0.0935;0;0;0;2.75;2.662;0;15.43;17.867;14.661;16.977;94.99;98.159;27.643;22.39;21.275;5.2532;1.1156;0.19;0.0404;0.7696;27.499;0.7251;0
24/10/21 11:00;66.639;-7.3347;23.159;86.844;3.1562;-90;-3.1562;1088;179.5;908.5;18.36;6.27;0;909.88;51.152;128.51;0;0.165;1089.7;0;1089.7;909.88;128.51;51.152;0.165;0.835;0.0471;0;0.0002;1089.5;0.1978;0;0;0.0597;0.1381;1085.3;3.1045;0.7271;0.1027;2.2687;0.006;1088.4;1.0895;0.9099;0.1285;0.0511;0;1085.3;908.24;128.28;48.772;0.0209;641.08;516.07;203.76;-0.0002;6.5599;94.362;-0.0008;100.92;0;1;0;0;1.0016;0.9998;1;1;0.9988;0.163;0.9971;0.9992;1;0.9556;0.7774;0.999;0.999;1;0.999;0.999;0.996;0.9535;0.1266;3.2724;3.4678;0.0209;0.0071;0.4702;0.0208;0.0737;0.0162;0;0;0.088;0;2.6363;0;0;0;0;0;0;0;0;0;0;0;0;0.0594;0.0257;2.7738;2.7738;0;63.682;63.682;45.322;0.0418;2980;930.82;1;0.0495;0.0495;0;0;0;0;0;0;2.7243;2.6363;0;16.148;18.699;15.347;17.772;98.215;98.215;26.153;22.169;21.07;3.9843;1.099;0.1523;0.042;0.8056;30.318;0.7566;0
24/10/21 12:00;64.357;28.125;22.436;77.25;12.75;90;12.75;1034.5;170.7;863.79;19.36;6.49;0;885.63;51.912;121.13;0;2.551;1061.2;0;1061.2;885.63;121.13;51.912;2.551;0.8345;0.0513;0;0.0024;1058.5;2.6967;0;0;0.5665;2.1302;1054.6;2.8815;0.6857;0.0938;2.0073;0.0947;1057.5;1.0585;0.8856;0.1211;0.0513;0.0004;1055.1;884.06;120.91;49.287;0.3256;600.22;483.17;189.25;0.038;6.243;89.803;0.5254;96.008;0;1;0;0;1.0258;0.9975;1;1;0.9891;0.165;0.9973;0.9992;1;0.9609;0.7747;0.999;0.999;1;0.999;0.999;0.9937;0.9494;0.1277;3.1869;3.3672;0.0203;0.0051;0.4534;0.0202;0.0717;0.0154;0;0;0.088;0;2.5633;0;0;0;0;0;0;0;0;0;0;0;0;0.0577;0.0243;2.6991;2.6991;0;63.386;63.386;44.026;0.0417;2893.4;932.83;1;0.0478;0.0478;0;0;0;0;0;0;2.6513;2.5633;0;16.134;18.683;15.323;17.743;98.23;98.23;25.469;21.571;20.486;3.8984;1.0851;0.1531;0.0426;0.8043;31.355;0.7564;0
24/10/21 13:00;56.27;53.215;19.421;61.865;28.135;90;28.135;928.79;153;775.79;19.72;6.6701;0;879.74;46.962;116.9;0;10.975;1054.6;0;1054.6;879.74;116.9;46.962;10.975;0.8342;0.0549;0;0.0104;1043.1;11.447;0;0;1.8876;9.5594;1039.7;2.4114;0.5896;0.0783;1.4764;0.2671;1042.1;1.0431;0.8797;0.1169;0.0451;0.0014;1042.6;878.27;116.71;43.553;1.1466;500.53;402.92;157.32;0.5716;5.2739;75.863;2.8971;80.565;0;1;0;0;1.1354;0.9891;1;1;0.9598;0.1289;0.9977;0.9993;1;0.9672;0.8111;0.999;0.999;1;0.999;0.999;0.9859;0.9274;0.1045;3.1669;3.3001;0.0199;0.0039;0.4414;0.0198;0.0704;0.013;0;0;0.088;0;2.5169;0;0;0;0;0;0;0;0;0;0;0;0;0.0567;0.0234;2.6516;2.6516;0;63.113;63.113;43.393;0.0417;2836.5;934.82;1;0.0467;0.0467;0;0;0;0;0;0;2.6049;2.5169;0;15.95;18.47;15.14;17.532;98.239;98.239;25.31;21.192;20.115;4.1184;1.0764;0.1627;0.0425;0.7948;30.568;0.7541;0
24/10/21 14:00;45.499;69.175;14.43;47.432;42.568;90;42.568;783.49;136.3;647.2;19.87;6.74;0;878.78;40.776;121.3;0;20.647;1061.5;0;1061.5;878.78;121.3;40.776;20.647;0.8279;0.0579;0;0.0195;1039.3;22.23;0;0;3.1232;19.107;1036.4;1.8339;0.4376;0.0604;1.2204;0.1155;1038.2;1.0393;0.8788;0.1213;0.0377;0.0015;1041.9;877.46;121.12;36.395;1.4229;355.89;286.49;110.88;2.0617;3.9213;56.406;5.4672;58.266;0;1;0;0;1.3548;0.9791;1;1;0.9234;0.0746;0.9982;0.9995;1;0.9676;0.9249;0.999;0.999;1;0.999;0.999;0.9764;0.8926;0.0689;3.1877;3.2569;0.0196;0.0032;0.436;0.0196;0.0695;0.0097;0;0;0.088;0;2.4867;0;0;0;0;0;0;0;0;0;0;0;0;0.0559;0.0228;2.6206;2.6206;0;63.126;63.126;43.256;0.0417;2800.9;935.66;1;0.046;0.046;0;0;0;0;0;0;2.5747;2.4867;0;15.661;18.135;14.861;17.208;98.246;98.246;25.476;20.944;19.874;4.5318;1.0707;0.1779;0.042;0.7801;29.692;0.7502;0
24/10/21 15:00;33.664;80.5;7.8958;34.03;55.97;90;55.97;576.6;136.2;440.4;19.5;6.5499;0;786.97;45.258;139.67;0;25.392;997.29;0;997.29;786.97;139.67;45.258;25.392;0.7891;0.0708;0;0.0255;968.28;29.009;0;0;5.1603;23.849;965.61;1.6991;0.2144;0.0381;1.3739;0.0727;967.31;0.9683;0.787;0.1397;0.0401;0.0015;970.36;785.97;139.49;38.683;1.4695;175.99;141.67;55.602;5.9154;2.2072;31.749;4.7464;28.041;0;1;0;0;1.7296;0.9709;1;1;0.886;0.0608;0.9982;0.9997;1;0.9657;0.9528;0.999;0.999;1;0.999;0.999;0.9682;0.8547;0.0579;2.9949;2.9895;0.018;-0.0002;0.3642;0.0183;0.0647;0.0055;0;0;0.088;0;2.3173;0;0;0;0;0;0;0;0;0;0;0;0;0.0521;0.0194;2.4475;2.4475;0;59.683;59.683;40.183;0.0416;2573.7;950.96;1;0.0422;0.0422;0;0;0;0;0;0;2.4053;2.3173;0;15.568;18.028;14.74;17.069;98.277;98.277;23.935;19.56;18.52;4.3744;1.0404;0.1828;0.0435;0.7738;37.626;0.7558;0
24/10/21 16:00;21.452;89.712;27.505;21.452;41.044;90;41.044;345.8;141.7;204.1;18.62;5.8299;0;495;74.184;138.54;0;8.4995;716.22;0;716.22;495;138.54;74.184;8.4995;0.6911;0.1154;0;0.0119;703;13.224;0;0;5.3865;7.8376;699.41;2.8835;0.4698;0.1315;2.226;0.0562;702.3;0.703;0.495;0.1385;0.0688;0.0007;700.15;494.04;138.27;66.503;0.6052;54.592;43.946;18.161;3.303;0.7207;10.367;0.735;7.7846;0;1;0;0;2.0712;0.9815;1;1;0.9274;0.0779;0.9959;0.999;1;0.9676;0.9151;0.999;0.999;1;0.999;0.999;0.9765;0.8965;0.0712;2.1508;2.1306;0.0128;-0.0006;0.168;0.0137;0.0484;0.0019;0;0;0.088;0;1.7195;0;0;0;0;0;0;0;0;0;0;0;0;0.039;0.0102;1.8372;1.8372;0;47.438;47.438;28.818;0.0412;1833.7;1001.9;1;0.0297;0.0297;0;0;0;0;0;0;1.8075;1.7195;0;16.272;18.843;15.23;17.635;98.381;98.381;17.189;14.683;13.742;2.5063;0.941;0.1458;0.0547;0.7995;53.312;0.7909;0
24/10/21 17:00;9.2242;98.146;67.122;9.3166;13.802;90;13.802;114.3;95.203;19.094;16.98;3.69;0;46.309;85.756;19.866;0;0.33;152.26;0;152.26;46.309;19.866;85.756;0.33;0.3041;0.5654;0;0.0022;150.91;1.3451;0;0;1.0694;0.2757;142.3;8.4661;3.6394;1.5613;3.2532;0.0122;150.76;0.1509;0.0463;0.0199;0.0847;0.0001;142.35;42.623;18.285;81.348;0.0421;52.105;41.944;15.619;0.0824;0.5997;8.6267;0.0518;9.144;0;1;0;0;1.3321;0.9912;1;1;0.9875;0.1647;0.9438;0.9213;1;0.9615;0.7748;0.999;0.999;1;0.999;0.999;0.9346;0.9486;0.1275;0.4572;0.4469;0.0027;0.0181;-0.0036;0.003;0.0107;0.0017;0;0;0.088;0;0.3088;0;0;0;0;0;0;0;0;0;0;0;0;0.0086;0.0007;0.4052;0.4052;0;22.782;22.782;5.8024;0.0408;381.58;1061.9;1;0.0084;0.0084;0;0;0;0;0;0;0.3968;0.3088;0;16.881;19.548;12.866;14.899;97.935;97.935;3.6542;3.2382;2.4681;0.416;0.7702;0.1138;0.2108;0.6754;51.971;0.6479;0
24/10/21 18:00;1.5951;103.48;86.129;1.6403;2.3405;90;2.3405;0;0;0;14.8;3.5099;0;0;0;0;0;0;0;0;0;0;0;0;0;1;1;1;1;0;0;0;0;0;0;0;0;0;0;0;0;0;0;0;0;0;0;0;0;0;0;0;0;0;0;0;0;0;0;0;0;0;0;0;1;1;1;1;1;1;1;1;1;1;1;1;1;1;1;1;1;1;1;0;0;0;0;0;0;0;0;0;0.0004;0.088;0;-0.0884;0;0;0;0;0;0;0;0;0;0;0;0;0;0;0;0;0;0;0;-14.8;0;0;0;0;0.0004;0;0;0;0;0;0;0;-0.0004;-0.0884;0;0;0;0;0;0;0;0;0;-0.7063;0;0.7063;1;1;0;0;0;0
24/10/21 19:00;0;0;90;0;0;90;0;0;0;0;12.72;3.93;0;0;0;0;0;0;0;0;0;0;0;0;0;1;1;1;1;0;0;0;0;0;0;0;0;0;0;0;0;0;0;0;0;0;0;0;0;0;0;0;0;0;0;0;0;0;0;0;0;0;0;0;1;1;1;1;1;1;1;1;1;1;1;1;1;1;1;1;1;1;1;0;0;0;0;0;0;0;0;0;0.0004;0.088;0;-0.0884;0;0;0;0;0;0;0;0;0;0;0;0;0;0;0;0;0;0;0;-12.72;0;0;0;0;0.0004;0;0;0;0;0;0;0;-0.0004;-0.0884;0;0;0;0;0;0;0;0;0;-0.7063;0;0.7063;1;1;0;0;0;0
24/10/21 20:00;0;0;90;0;0;90;0;0;0;0;11.46;4.5;0;0;0;0;0;0;0;0;0;0;0;0;0;1;1;1;1;0;0;0;0;0;0;0;0;0;0;0;0;0;0;0;0;0;0;0;0;0;0;0;0;0;0;0;0;0;0;0;0;0;0;0;1;1;1;1;1;1;1;1;1;1;1;1;1;1;1;1;1;1;1;0;0;0;0;0;0;0;0;0;0.0004;0.088;0;-0.0884;0;0;0;0;0;0;0;0;0;0;0;0;0;0;0;0;0;0;0;-11.46;0;0;0;0;0.0004;0;0;0;0;0;0;0;-0.0004;-0.0884;0;0;0;0;0;0;0;0;0;-0.7063;0;0.7063;1;1;0;0;0;0
24/10/21 21:00;0;0;90;0;0;90;0;0;0;0;10.03;4.6101;0;0;0;0;0;0;0;0;0;0;0;0;0;1;1;1;1;0;0;0;0;0;0;0;0;0;0;0;0;0;0;0;0;0;0;0;0;0;0;0;0;0;0;0;0;0;0;0;0;0;0;0;1;1;1;1;1;1;1;1;1;1;1;1;1;1;1;1;1;1;1;0;0;0;0;0;0;0;0;0;0.0004;0.088;0;-0.0884;0;0;0;0;0;0;0;0;0;0;0;0;0;0;0;0;0;0;0;-10.03;0;0;0;0;0.0004;0;0;0;0;0;0;0;-0.0004;-0.0884;0;0;0;0;0;0;0;0;0;-0.7063;0;0.7063;1;1;0;0;0;0
24/10/21 22:00;0;0;90;0;0;90;0;0;0;0;9.7301;4.4699;0;0;0;0;0;0;0;0;0;0;0;0;0;1;1;1;1;0;0;0;0;0;0;0;0;0;0;0;0;0;0;0;0;0;0;0;0;0;0;0;0;0;0;0;0;0;0;0;0;0;0;0;1;1;1;1;1;1;1;1;1;1;1;1;1;1;1;1;1;1;1;0;0;0;0;0;0;0;0;0;0.0004;0.088;0;-0.0884;0;0;0;0;0;0;0;0;0;0;0;0;0;0;0;0;0;0;0;-9.7301;0;0;0;0;0.0004;0;0;0;0;0;0;0;-0.0004;-0.0884;0;0;0;0;0;0;0;0;0;-0.7063;0;0.7063;1;1;0;0;0;0
24/10/21 23:00;0;0;90;0;0;90;0;0;0;0;8.5701;4.1599;0;0;0;0;0;0;0;0;0;0;0;0;0;1;1;1;1;0;0;0;0;0;0;0;0;0;0;0;0;0;0;0;0;0;0;0;0;0;0;0;0;0;0;0;0;0;0;0;0;0;0;0;1;1;1;1;1;1;1;1;1;1;1;1;1;1;1;1;1;1;1;0;0;0;0;0;0;0;0;0;0.0004;0.088;0;-0.0884;0;0;0;0;0;0;0;0;0;0;0;0;0;0;0;0;0;0;0;-8.5701;0;0;0;0;0.0004;0;0;0;0;0;0;0;-0.0004;-0.0884;0;0;0;0;0;0;0;0;0;-0.7063;0;0.7063;1;1;0;0;0;0
25/10/21 00:00;0;0;90;0;0;90;0;0;0;0;7.2698;3.5199;0;0;0;0;0;0;0;0;0;0;0;0;0;1;1;1;1;0;0;0;0;0;0;0;0;0;0;0;0;0;0;0;0;0;0;0;0;0;0;0;0;0;0;0;0;0;0;0;0;0;0;0;1;1;1;1;1;1;1;1;1;1;1;1;1;1;1;1;1;1;1;0;0;0;0;0;0;0;0;0;0.0004;0.088;0;-0.0884;0;0;0;0;0;0;0;0;0;0;0;0;0;0;0;0;0;0;0;-7.2698;0;0;0;0;0.0004;0;0;0;0;0;0;0;-0.0004;-0.0884;0;0;0;0;0;0;0;0;0;-0.7063;0;0.7063;1;1;0;0;0;0
25/10/21 01:00;0;0;90;0;0;90;0;0;0;0;5.7302;2.7701;0;0;0;0;0;0;0;0;0;0;0;0;0;1;1;1;1;0;0;0;0;0;0;0;0;0;0;0;0;0;0;0;0;0;0;0;0;0;0;0;0;0;0;0;0;0;0;0;0;0;0;0;1;1;1;1;1;1;1;1;1;1;1;1;1;1;1;1;1;1;1;0;0;0;0;0;0;0;0;0;0.0004;0.088;0;-0.0884;0;0;0;0;0;0;0;0;0;0;0;0;0;0;0;0;0;0;0;-5.7302;0;0;0;0;0.0004;0;0;0;0;0;0;0;-0.0004;-0.0884;0;0;0;0;0;0;0;0;0;-0.7063;0;0.7063;1;1;0;0;0;0
25/10/21 02:00;0;0;90;0;0;90;0;0;0;0;4.4698;2.29;0;0;0;0;0;0;0;0;0;0;0;0;0;1;1;1;1;0;0;0;0;0;0;0;0;0;0;0;0;0;0;0;0;0;0;0;0;0;0;0;0;0;0;0;0;0;0;0;0;0;0;0;1;1;1;1;1;1;1;1;1;1;1;1;1;1;1;1;1;1;1;0;0;0;0;0;0;0;0;0;0.0004;0.088;0;-0.0884;0;0;0;0;0;0;0;0;0;0;0;0;0;0;0;0;0;0;0;-4.4698;0;0;0;0;0.0004;0;0;0;0;0;0;0;-0.0004;-0.0884;0;0;0;0;0;0;0;0;0;-0.7063;0;0.7063;1;1;0;0;0;0
25/10/21 03:00;0;0;90;0;0;90;0;0;0;0;3.92;2.0601;0;0;0;0;0;0;0;0;0;0;0;0;0;1;1;1;1;0;0;0;0;0;0;0;0;0;0;0;0;0;0;0;0;0;0;0;0;0;0;0;0;0;0;0;0;0;0;0;0;0;0;0;1;1;1;1;1;1;1;1;1;1;1;1;1;1;1;1;1;1;1;0;0;0;0;0;0;0;0;0;0.0004;0.088;0;-0.0884;0;0;0;0;0;0;0;0;0;0;0;0;0;0;0;0;0;0;0;-3.92;0;0;0;0;0.0004;0;0;0;0;0;0;0;-0.0004;-0.0884;0;0;0;0;0;0;0;0;0;-0.7063;0;0.7063;1;1;0;0;0;0
25/10/21 04:00;0;0;90;0;0;90;0;0;0;0;3.2998;2.0099;0;0;0;0;0;0;0;0;0;0;0;0;0;1;1;1;1;0;0;0;0;0;0;0;0;0;0;0;0;0;0;0;0;0;0;0;0;0;0;0;0;0;0;0;0;0;0;0;0;0;0;0;1;1;1;1;1;1;1;1;1;1;1;1;1;1;1;1;1;1;1;0;0;0;0;0;0;0;0;0;0.0004;0.088;0;-0.0884;0;0;0;0;0;0;0;0;0;0;0;0;0;0;0;0;0;0;0;-3.2998;0;0;0;0;0.0004;0;0;0;0;0;0;0;-0.0004;-0.0884;0;0;0;0;0;0;0;0;0;-0.7063;0;0.7063;1;1;0;0;0;0
25/10/21 05:00;5.4665;-101.17;76.642;5.5714;8.0474;-90;-8.0474;53.505;31.197;22.308;3.5099;2.9;0;54.103;25.796;12.791;0;0.0527;92.742;0;92.742;54.103;12.791;25.796;0.0527;0.5834;0.2787;0;0.0006;92.568;0.1742;0;0;0.1303;0.044;76.6;15.875;11.967;2.8292;1.0775;0.002;92.476;0.0926;0.0541;0.0128;0.0257;0;76.604;42.082;9.9493;24.562;0.0068;15.531;12.503;4.639;0.0031;0.1785;2.567;0.0035;2.7423;0;1;0;0;1.7333;0.9981;1;1;0.9949;0.1657;0.8283;0.7786;1;0.958;0.7756;0.999;0.999;1;0.999;0.999;0.8259;0.9522;0.1284;0.2785;0.2361;0.0014;0.016;-0.0158;0.0016;0.0058;0.0005;0;0;0.088;0;0.1265;0;0;0;0;0;0;0;0;0;0;0;0;0.0047;0.0002;0.2216;0.2216;0;6.6098;6.6098;3.0999;0.0405;200.25;1106.7;1;0.0071;0.0071;0;0;0;0;0;0;0.2145;0.1265;0;15.158;17.553;8.6539;10.021;96.8;96.8;2.2258;1.7711;1.0111;0.4547;0.76;0.2043;0.3414;0.4543;15.396;0.4451;0
25/10/21 06:00;16.816;-93.371;45.443;16.843;27.803;-90;-27.803;266.2;44.202;222;5.7102;3.1199;0;538.4;18.576;59.391;0;3.0732;619.44;0;619.44;538.4;59.391;18.576;3.0732;0.8692;0.0349;0;0.005;616.05;3.3969;0;0;0.7314;2.6655;608.75;6.675;5.4152;0.5974;0.5854;0.0771;615.43;0.616;0.5384;0.0594;0.0178;0.0004;608.82;532.45;58.734;17.242;0.3302;13.273;10.685;4.3313;0.2167;0.1426;2.0508;0.067;1.9767;0;1;0;0;2.327;0.9945;1;1;0.9606;0.1327;0.9892;0.9899;1;0.9672;0.8107;0.999;0.999;1;0.999;0.999;0.9827;0.9282;0.1074;1.8602;1.838;0.0111;0.0021;0.035;0.0125;0.0444;0.0004;0;0;0.088;0;1.5729;0;0;0;0;0;0;0;0;0;0;0;0;0.0358;0.0077;1.689;1.689;0;30.451;30.451;24.741;0.0406;1580.6;1068.6;1;0.0282;0.0282;0;0;0;0;0;0;1.6609;1.5729;0;17.297;20.03;16.108;18.652;98.333;98.333;14.867;13.499;12.571;1.3678;0.9283;0.092;0.0624;0.8456;12.065;0.8435;0
25/10/21 07:00;29.07;-84.615;4.7764;29.178;60;-90;-60;490.2;80.702;409.5;8.6399;3.3;0;839.88;23.698;100.71;0;24.51;988.8;0;988.8;839.88;100.71;23.698;24.51;0.8494;0.0488;0;0.0248;962.88;25.919;0;0;2.9824;22.937;960.93;0.991;0.1384;0.0166;0.7317;0.1042;961.92;0.9629;0.8399;0.1007;0.0207;0.0016;964.14;838.9;100.59;19.963;1.4675;93.315;75.118;31.017;3.9681;1.1245;16.176;3.2156;13.332;0;1;0;0;2.0171;0.9738;1;1;0.8742;0.0642;0.999;0.9998;1;0.9646;0.9337;0.999;0.999;1;0.999;0.999;0.9718;0.8424;0.0599;2.9694;2.938;0.0177;-0.0007;0.2383;0.0188;0.0666;0.003;0;0;0.088;0;2.3887;0;0;0;0;0;0;0;0;0;0;0;0;0.0536;0.0188;2.5219;2.5219;0;48.252;48.252;39.612;0.0412;2530.5;996.61;1;0.0452;0.0452;0;0;0;0;0;0;2.4767;2.3887;0;16.179;18.735;15.325;17.746;98.208;98.208;23.731;20.155;19.091;3.5761;1.0645;0.1507;0.0449;0.8045;20.636;0.7947;0
25/10/21 08:00;41.123;-74.374;11.707;42.195;47.805;-90;-47.805;698.91;115.3;583.61;10.73;3.5099;0;868.92;34.631;109.97;0;22.949;1036.5;0;1036.5;868.92;109.97;34.631;22.949;0.8383;0.0556;0;0.0221;1012;24.521;0;0;3.1356;21.385;1009.4;1.504;0.351;0.0444;1.0343;0.0743;1010.9;1.012;0.8689;0.11;0.0315;0.0016;1014.8;867.7;109.82;30.43;1.4874;282.3;227.25;86.927;2.612;3.2403;46.611;5.3336;47.239;0;1;0;0;1.483;0.9763;1;1;0.9095;0.0681;0.9985;0.9996;1;0.9671;0.9524;0.999;0.999;1;0.999;0.999;0.9739;0.8787;0.0648;3.1125;3.1546;0.019;0.0017;0.3027;0.0198;0.0703;0.0084;0;0;0.088;0;2.5188;0;0;0;0;0;0;0;0;0;0;0;0;0.0566;0.0215;2.6548;2.6548;0;52.49;52.49;41.76;0.0414;2713.6;978.32;1;0.048;0.048;0;0;0;0;0;0;2.6068;2.5188;0;16.248;18.815;15.416;17.851;98.192;98.192;24.875;21.217;20.13;3.6585;1.0869;0.1471;0.0437;0.8092;26.463;0.7829;0
25/10/21 09:00;52.466;-60.703;17.345;56.178;33.822;-90;-33.822;868;143.2;724.8;12.99;3.69;0;872.44;44.588;113.74;0;14.689;1045.5;0;1045.5;872.44;113.74;44.588;14.689;0.8345;0.0567;0;0.0141;1029.9;15.512;0;0;2.3964;13.116;1026.7;2.187;0.5222;0.0681;1.362;0.2348;1028.9;1.0299;0.8724;0.1137;0.0422;0.0016;1030.7;871.04;113.56;40.787;1.3368;444.87;358.12;142.86;1.0248;4.5239;65.075;3.9766;68.574;0;1;0;0;1.2044;0.9852;1;1;0.9463;0.1071;0.9979;0.9994;1;0.9677;0.8506;0.999;0.999;1;0.999;0.999;0.9821;0.9148;0.091;3.1395;3.2416;0.0195;0.003;0.3463;0.0201;0.0713;0.0115;0;0;0.088;0;2.5534;0;0;0;0;0;0;0;0;0;0;0;0;0.0574;0.0226;2.6899;2.6899;0;55.575;55.575;42.585;0.0415;2785.8;965.58;1;0.0485;0.0485;0;0;0;0;0;0;2.6414;2.5534;0;16.322;18.9;15.493;17.941;98.197;98.197;25.091;21.497;20.407;3.5936;1.0909;0.1432;0.0435;0.8133;30.212;0.7771;0
25/10/21 10:00;61.958;-39.803;21.172;71.172;18.828;-90;-18.828;989.29;163.2;826.09;14.94;3.8901;0;872.79;51.506;116.51;0;5.2934;1046.1;0;1046.1;872.79;116.51;51.506;5.2934;0.8343;0.0543;0;0.0051;1040.6;5.5103;0;0;1.0806;4.4296;1036.9;2.6888;0.6376;0.0851;1.7747;0.1913;1039.6;1.0406;0.8728;0.1165;0.0504;0.0009;1038.1;871.28;116.31;48.6;0.6716;562.29;452.64;175.2;0.15;5.9923;86.196;1.2695;92.039;0;1;0;0;1.0574;0.9947;1;1;0.979;0.1632;0.9974;0.9993;1;0.9648;0.7783;0.999;0.999;1;0.999;0.999;0.9912;0.9436;0.1269;3.1414;3.3085;0.0199;0.0041;0.3822;0.0203;0.072;0.0151;0;0;0.088;0;2.5766;0;0;0;0;0;0;0;0;0;0;0;0;0.058;0.0234;2.7134;2.7134;0;58.033;58.033;43.093;0.0416;2840.2;955.34;1;0.0488;0.0488;0;0;0;0;0;0;2.6646;2.5766;0;16.454;19.053;15.625;18.093;98.202;98.202;25.106;21.685;20.592;3.4211;1.0931;0.1363;0.0435;0.8202;31.829;0.7725;0
25/10/21 11:00;66.985;-7.3581;22.815;86.886;3.114;-90;-3.114;1069.9;176.5;893.39;16.41;4.2201;0;894.71;52.778;123.87;0;0.158;1071.5;0;1071.5;894.71;123.87;52.778;0.158;0.835;0.0494;0;0.0001;1071.3;0.1926;0;0;0.0604;0.1322;1067.1;3.1494;0.7044;0.0975;2.3418;0.0057;1070.2;1.0713;0.8947;0.1239;0.0527;0;1067.1;893.11;123.65;50.323;0.02;630.43;507.5;197.13;-0.0002;6.6619;95.829;-0.003;102.49;0;1;0;0;1.0015;0.9998;1;1;0.9989;0.1629;0.9971;0.9992;1;0.9555;0.7774;0.999;0.999;1;0.999;0.999;0.9959;0.9535;0.1265;3.2178;3.416;0.0206;0.006;0.4289;0.0207;0.0735;0.0166;0;0;0.088;0;2.6279;0;0;0;0;0;0;0;0;0;0;0;0;0.0592;0.0249;2.7656;2.7656;0;60.866;60.866;44.456;0.0417;2933.7;942.7;1;0.0497;0.0497;0;0;0;0;0;0;2.7159;2.6279;0;16.373;18.96;15.558;18.016;98.204;98.204;25.716;22.103;21.002;3.6136;1.1003;0.1405;0.0428;0.8167;31.281;0.7654;0
25/10/21 12:00;64.663;28.502;22.091;77.268;12.732;90;12.732;1092.3;180.2;912.1;17.66;4.72;0;935.09;48.311;134.6;0;2.6857;1120.7;0;1120.7;935.09;134.6;48.311;2.6857;0.8344;0.0455;0;0.0024;1117.9;2.7686;0;0;0.5259;2.2427;1114;2.7839;0.7128;0.1026;1.8687;0.0997;1116.8;1.1179;0.9351;0.1346;0.0478;0.0004;1114.6;933.44;134.36;45.868;0.3429;633.67;510.11;199.87;0.0353;6.5864;94.742;0.553;101.29;0;1;0;0;1.026;0.9975;1;1;0.9891;0.165;0.9975;0.9992;1;0.9609;0.7747;0.999;0.999;1;0.999;0.999;0.994;0.9494;0.1277;3.3654;3.5567;0.0214;0.0091;0.4886;0.0213;0.0754;0.0162;0;0;0.088;0;2.662;0;0;0;0;0;0;0;0;0;0;0;0;0.0607;0.027;2.8371;2.8011;0;64.204;64.204;46.544;0.0418;2911.4;962.1;1;0.0871;0.0511;0;0;0.0359;0;0;0;2.75;2.662;0;15.856;18.361;15.068;17.449;96.931;98.175;26.896;22.387;21.275;4.5099;1.1118;0.1677;0.0413;0.791;29.178;0.7439;0
25/10/21 13:00;56.507;53.67;19.083;61.938;28.062;90;28.062;950.91;156.9;794.01;18.64;5.14;0;899.78;46.168;122.22;0;11.179;1079.3;0;1079.3;899.78;122.22;46.168;11.179;0.8336;0.0531;0;0.0104;1067.8;11.582;0;0;1.8481;9.734;1064.3;2.3984;0.5925;0.0805;1.4521;0.2733;1066.7;1.0678;0.8998;0.1222;0.0443;0.0014;1067.2;898.29;122.01;42.824;1.1701;512.56;412.61;161.08;0.557;5.3999;77.675;2.948;82.518;0;1;0;0;1.1351;0.9893;1;1;0.96;0.1292;0.9978;0.9993;1;0.9672;0.8107;0.999;0.999;1;0.999;0.999;0.9861;0.9276;0.1047;3.2413;3.3782;0.0203;0.0053;0.4509;0.0203;0.072;0.0133;0;0;0.088;0;2.5773;0;0;0;0;0;0;0;0;0;0;0;0;0.058;0.0244;2.7135;2.7135;0;63.06;63.06;44.42;0.0417;2903.9;934.45;1;0.0482;0.0482;0;0;0;0;0;0;2.6653;2.5773;0;15.948;18.468;15.148;17.541;98.225;98.225;25.904;21.686;20.598;4.2179;1.0883;0.1628;0.042;0.7952;30.037;0.7545;0
25/10/21 14:00;45.692;69.585;14.103;47.547;42.453;90;42.453;798.81;134.1;664.71;19.02;5.31;0;900.89;38.382;121.89;0;20.942;1082.1;0;1082.1;900.89;121.89;38.382;20.942;0.8325;0.0548;0;0.0194;1059.8;22.304;0;0;2.9283;19.375;1057;1.7653;0.4384;0.0593;1.149;0.1187;1058.7;1.0598;0.9009;0.1219;0.0355;0.0016;1062.3;899.55;121.7;34.27;1.4467;362.91;292.14;115.64;1.9232;3.8198;54.947;5.326;56.843;0;1;0;0;1.3546;0.9794;1;1;0.9237;0.0748;0.9983;0.9995;1;0.9676;0.9242;0.999;0.999;1;0.999;0.999;0.9768;0.8928;0.0691;3.2495;3.3154;0.02;0.0042;0.4437;0.0199;0.0707;0.0094;0;0;0.088;0;2.5319;0;0;0;0;0;0;0;0;0;0;0;0;0.0569;0.0236;2.667;2.667;0;63.137;63.137;44.117;0.0417;2851.6;935.24;1;0.0471;0.0471;0;0;0;0;0;0;2.6199;2.5319;0;15.635;18.105;14.843;17.188;98.235;98.235;25.97;21.314;20.235;4.656;1.0795;0.1793;0.0416;0.7792;27.921;0.7506;0
25/10/21 15:00;33.835;80.861;7.5814;34.175;55.825;90;55.825;576.51;139.2;437.31;19.13;5.23;0;778.52;47.064;140.51;0;25.267;991.36;0;991.36;778.52;140.51;47.064;25.267;0.7853;0.073;0;0.0255;962.28;29.077;0;0;5.3462;23.731;959.58;1.7401;0.2037;0.0368;1.428;0.0716;961.32;0.9623;0.7785;0.1405;0.0417;0.0015;964.53;777.54;140.33;40.248;1.4631;178.22;143.47;55.078;6.0952;2.3218;33.398;4.9525;29.624;0;1;0;0;1.7196;0.9707;1;1;0.8864;0.0608;0.9982;0.9997;1;0.9657;0.9533;0.999;0.999;1;0.999;0.999;0.9679;0.8552;0.0579;2.9771;2.9755;0.0179;-0.0003;0.3557;0.0182;0.0646;0.0058;0;0;0.088;0;2.3122;0;0;0;0;0;0;0;0;0;0;0;0;0.052;0.0192;2.4423;2.4423;0;59.041;59.041;39.911;0.0416;2561.6;953.42;1;0.0421;0.0421;0;0;0;0;0;0;2.4002;2.3122;0;15.628;18.097;14.796;17.133;98.276;98.276;23.793;19.519;18.479;4.2736;1.0399;0.1796;0.0437;0.7767;39.065;0.7576;0
25/10/21 16:00;21.617;90.038;26.685;21.617;41.698;90;41.698;344.9;145.8;199.11;18.69;4.6801;0;482.89;77.648;137.97;0;8.7375;707.24;0;707.24;482.89;137.97;77.648;8.7375;0.6828;0.1221;0;0.0124;693.4;13.84;0;0;5.7702;8.0698;689.75;2.9526;0.4446;0.127;2.3272;0.0538;692.71;0.6934;0.4829;0.138;0.0719;0.0007;690.56;481.96;137.7;69.479;0.6133;57.369;46.182;19.121;3.6499;0.7667;11.028;0.8027;8.1448;0;1;0;0;2.0505;0.9804;1;1;0.9257;0.0764;0.9957;0.9991;1;0.9676;0.9194;0.999;0.999;1;0.999;0.999;0.9753;0.8948;0.0702;2.1238;2.1031;0.0127;-0.0004;0.1634;0.0135;0.0478;0.002;0;0;0.088;0;1.6983;0;0;0;0;0;0;0;0;0;0;0;0;0.0385;0.01;1.8156;1.8156;0;47.103;47.103;28.413;0.0412;1809.6;1003.3;1;0.0294;0.0294;0;0;0;0;0;0;1.7863;1.6983;0;16.285;18.858;15.233;17.639;98.383;98.383;16.974;14.511;13.573;2.4632;0.9379;0.1451;0.0553;0.7996;56.115;0.7904;0
25/10/21 17:00;9.3946;98.45;66.679;9.4958;14.089;90;14.089;116.31;96.6;19.709;17.51;2.9401;0;47.801;86.853;20.423;0;0.3499;155.43;0;155.43;47.801;20.423;86.853;0.3499;0.3075;0.5611;0;0.0023;154.01;1.4137;0;0;1.1214;0.2923;145.46;8.3943;3.5761;1.5279;3.2773;0.013;153.86;0.154;0.0478;0.0204;0.0857;0.0001;145.52;44.177;18.874;82.368;0.0446;52.824;42.524;15.843;0.0899;0.6079;8.7444;0.0553;9.2624;0;1;0;0;1.3363;0.9909;1;1;0.9871;0.1646;0.9454;0.9251;1;0.9617;0.7749;0.999;0.999;1;0.999;0.999;0.9359;0.9484;0.1274;0.4667;0.4567;0.0027;0.0181;-0.0026;0.0031;0.0109;0.0017;0;0;0.088;0;0.317;0;0;0;0;0;0;0;0;0;0;0;0;0.0088;0.0007;0.4134;0.4134;0;23.444;23.444;5.9337;0.0408;390.02;1060;1;0.0084;0.0084;0;0;0;0;0;0;0.405;0.317;0;16.873;19.538;12.937;14.981;97.96;97.96;3.7302;3.3039;2.5332;0.4263;0.7707;0.1143;0.2066;0.6791;52.687;0.6517;0
25/10/21 18:00;1.7732;103.78;85.696;1.8257;2.6058;90;2.6058;0;0;0;14.06;2.9;0;0;0;0;0;0;0;0;0;0;0;0;0;1;1;1;1;0;0;0;0;0;0;0;0;0;0;0;0;0;0;0;0;0;0;0;0;0;0;0;0;0;0;0;0;0;0;0;0;0;0;0;1;1;1;1;1;1;1;1;1;1;1;1;1;1;1;1;1;1;1;0;0;0;0;0;0;0;0;0;0.0004;0.088;0;-0.0884;0;0;0;0;0;0;0;0;0;0;0;0;0;0;0;0;0;0;0;-14.06;0;0;0;0;0.0004;0;0;0;0;0;0;0;-0.0004;-0.0884;0;0;0;0;0;0;0;0;0;-0.7063;0;0.7063;1;1;0;0;0;0
25/10/21 19:00;0;0;90;0;0;90;0;0;0;0;10.41;2.9;0;0;0;0;0;0;0;0;0;0;0;0;0;1;1;1;1;0;0;0;0;0;0;0;0;0;0;0;0;0;0;0;0;0;0;0;0;0;0;0;0;0;0;0;0;0;0;0;0;0;0;0;1;1;1;1;1;1;1;1;1;1;1;1;1;1;1;1;1;1;1;0;0;0;0;0;0;0;0;0;0.0004;0.088;0;-0.0884;0;0;0;0;0;0;0;0;0;0;0;0;0;0;0;0;0;0;0;-10.41;0;0;0;0;0.0004;0;0;0;0;0;0;0;-0.0004;-0.0884;0;0;0;0;0;0;0;0;0;-0.7063;0;0.7063;1;1;0;0;0;0
25/10/21 20:00;0;0;90;0;0;90;0;0;0;0;6.28;2.89;0;0;0;0;0;0;0;0;0;0;0;0;0;1;1;1;1;0;0;0;0;0;0;0;0;0;0;0;0;0;0;0;0;0;0;0;0;0;0;0;0;0;0;0;0;0;0;0;0;0;0;0;1;1;1;1;1;1;1;1;1;1;1;1;1;1;1;1;1;1;1;0;0;0;0;0;0;0;0;0;0.0004;0.088;0;-0.0884;0;0;0;0;0;0;0;0;0;0;0;0;0;0;0;0;0;0;0;-6.28;0;0;0;0;0.0004;0;0;0;0;0;0;0;-0.0004;-0.0884;0;0;0;0;0;0;0;0;0;-0.7063;0;0.7063;1;1;0;0;0;0
25/10/21 21:00;0;0;90;0;0;90;0;0;0;0;7.0099;2.8601;0;0;0;0;0;0;0;0;0;0;0;0;0;1;1;1;1;0;0;0;0;0;0;0;0;0;0;0;0;0;0;0;0;0;0;0;0;0;0;0;0;0;0;0;0;0;0;0;0;0;0;0;1;1;1;1;1;1;1;1;1;1;1;1;1;1;1;1;1;1;1;0;0;0;0;0;0;0;0;0;0.0004;0.088;0;-0.0884;0;0;0;0;0;0;0;0;0;0;0;0;0;0;0;0;0;0;0;-7.0099;0;0;0;0;0.0004;0;0;0;0;0;0;0;-0.0004;-0.0884;0;0;0;0;0;0;0;0;0;-0.7063;0;0.7063;1;1;0;0;0;0
25/10/21 22:00;0;0;90;0;0;90;0;0;0;0;5.9602;2.7999;0;0;0;0;0;0;0;0;0;0;0;0;0;1;1;1;1;0;0;0;0;0;0;0;0;0;0;0;0;0;0;0;0;0;0;0;0;0;0;0;0;0;0;0;0;0;0;0;0;0;0;0;1;1;1;1;1;1;1;1;1;1;1;1;1;1;1;1;1;1;1;0;0;0;0;0;0;0;0;0;0.0004;0.088;0;-0.0884;0;0;0;0;0;0;0;0;0;0;0;0;0;0;0;0;0;0;0;-5.9602;0;0;0;0;0.0004;0;0;0;0;0;0;0;-0.0004;-0.0884;0;0;0;0;0;0;0;0;0;-0.7063;0;0.7063;1;1;0;0;0;0
25/10/21 23:00;0;0;90;0;0;90;0;0;0;0;5.4098;2.68;0;0;0;0;0;0;0;0;0;0;0;0;0;1;1;1;1;0;0;0;0;0;0;0;0;0;0;0;0;0;0;0;0;0;0;0;0;0;0;0;0;0;0;0;0;0;0;0;0;0;0;0;1;1;1;1;1;1;1;1;1;1;1;1;1;1;1;1;1;1;1;0;0;0;0;0;0;0;0;0;0.0004;0.088;0;-0.0884;0;0;0;0;0;0;0;0;0;0;0;0;0;0;0;0;0;0;0;-5.4098;0;0;0;0;0.0004;0;0;0;0;0;0;0;-0.0004;-0.0884;0;0;0;0;0;0;0;0;0;-0.7063;0;0.7063;1;1;0;0;0;0
26/10/21 00:00;0;0;90;0;0;90;0;0;0;0;4.1501;2.44;0;0;0;0;0;0;0;0;0;0;0;0;0;1;1;1;1;0;0;0;0;0;0;0;0;0;0;0;0;0;0;0;0;0;0;0;0;0;0;0;0;0;0;0;0;0;0;0;0;0;0;0;1;1;1;1;1;1;1;1;1;1;1;1;1;1;1;1;1;1;1;0;0;0;0;0;0;0;0;0;0.0004;0.088;0;-0.0884;0;0;0;0;0;0;0;0;0;0;0;0;0;0;0;0;0;0;0;-4.1501;0;0;0;0;0.0004;0;0;0;0;0;0;0;-0.0004;-0.0884;0;0;0;0;0;0;0;0;0;-0.7063;0;0.7063;1;1;0;0;0;0
26/10/21 01:00;0;0;90;0;0;90;0;0;0;0;3.5298;2.0601;0;0;0;0;0;0;0;0;0;0;0;0;0;1;1;1;1;0;0;0;0;0;0;0;0;0;0;0;0;0;0;0;0;0;0;0;0;0;0;0;0;0;0;0;0;0;0;0;0;0;0;0;1;1;1;1;1;1;1;1;1;1;1;1;1;1;1;1;1;1;1;0;0;0;0;0;0;0;0;0;0.0004;0.088;0;-0.0884;0;0;0;0;0;0;0;0;0;0;0;0;0;0;0;0;0;0;0;-3.5298;0;0;0;0;0.0004;0;0;0;0;0;0;0;-0.0004;-0.0884;0;0;0;0;0;0;0;0;0;-0.7063;0;0.7063;1;1;0;0;0;0
26/10/21 02:00;0;0;90;0;0;90;0;0;0;0;3.0598;1.56;0;0;0;0;0;0;0;0;0;0;0;0;0;1;1;1;1;0;0;0;0;0;0;0;0;0;0;0;0;0;0;0;0;0;0;0;0;0;0;0;0;0;0;0;0;0;0;0;0;0;0;0;1;1;1;1;1;1;1;1;1;1;1;1;1;1;1;1;1;1;1;0;0;0;0;0;0;0;0;0;0.0004;0.088;0;-0.0884;0;0;0;0;0;0;0;0;0;0;0;0;0;0;0;0;0;0;0;-3.0598;0;0;0;0;0.0004;0;0;0;0;0;0;0;-0.0004;-0.0884;0;0;0;0;0;0;0;0;0;-0.7063;0;0.7063;1;1;0;0;0;0
26/10/21 03:00;0;0;90;0;0;90;0;0;0;0;2.53;0.9401;0;0;0;0;0;0;0;0;0;0;0;0;0;1;1;1;1;0;0;0;0;0;0;0;0;0;0;0;0;0;0;0;0;0;0;0;0;0;0;0;0;0;0;0;0;0;0;0;0;0;0;0;1;1;1;1;1;1;1;1;1;1;1;1;1;1;1;1;1;1;1;0;0;0;0;0;0;0;0;0;0.0004;0.088;0;-0.0884;0;0;0;0;0;0;0;0;0;0;0;0;0;0;0;0;0;0;0;-2.53;0;0;0;0;0.0004;0;0;0;0;0;0;0;-0.0004;-0.0884;0;0;0;0;0;0;0;0;0;-0.7063;0;0.7063;1;1;0;0;0;0
26/10/21 04:00;0;0;90;0;0;90;0;0;0;0;3.9899;0.45;0;0;0;0;0;0;0;0;0;0;0;0;0;1;1;1;1;0;0;0;0;0;0;0;0;0;0;0;0;0;0;0;0;0;0;0;0;0;0;0;0;0;0;0;0;0;0;0;0;0;0;0;1;1;1;1;1;1;1;1;1;1;1;1;1;1;1;1;1;1;1;0;0;0;0;0;0;0;0;0;0.0004;0.088;0;-0.0884;0;0;0;0;0;0;0;0;0;0;0;0;0;0;0;0;0;0;0;-3.9899;0;0;0;0;0.0004;0;0;0;0;0;0;0;-0.0004;-0.0884;0;0;0;0;0;0;0;0;0;-0.7063;0;0.7063;1;1;0;0;0;0
26/10/21 05:00;5.4812;-101.58;76.605;5.5942;8.0813;-90;-8.0813;58.291;27.998;30.293;3.1097;0.5699;0;73.47;21.484;15.539;0;0.0579;110.55;0;110.55;73.47;15.539;21.484;0.0579;0.6646;0.1949;0;0.0005;110.39;0.1575;0;0;0.1093;0.0483;89.774;20.509;16.186;3.4235;0.8969;0.0022;110.28;0.1104;0.0735;0.0155;0.0214;0;89.777;57.21;12.1;20.456;0.0074;13.003;10.467;3.8959;0.0027;0.1486;2.138;0.003;2.2839;0;1;0;0;1.8965;0.9986;1;1;0.9949;0.1657;0.814;0.7795;1;0.958;0.7756;0.999;0.999;1;0.999;0.999;0.8121;0.9522;0.1284;0.332;0.2749;0.0017;0.0167;-0.0182;0.0019;0.0068;0.0004;0;0;0.088;0;0.1644;0;0;0;0;0;0;0;0;0;0;0;0;0.0055;0.0003;0.2598;0.2598;0;6.737;6.737;3.6273;0.0404;233.53;1112.4;1;0.0074;0.0074;0;0;0;0;0;0;0.2524;0.1644;0;14.907;17.261;9.4314;10.921;97.146;97.146;2.6532;2.0761;1.3136;0.5771;0.7626;0.2175;0.2874;0.4951;12.823;0.488;0
26/10/21 06:00;17.024;-93.655;44.762;17.056;28.289;-90;-28.289;265.3;45.499;219.8;6.6303;0.74;0;533.08;19.605;59.78;0;3.1686;615.63;0;615.63;533.08;59.78;19.605;3.1686;0.8659;0.037;0;0.0051;612.08;3.5483;0;0;0.7936;2.7547;605.05;6.42;5.1495;0.5775;0.6159;0.0772;611.47;0.6121;0.5331;0.0598;0.0188;0.0004;605.12;527.39;59.143;18.177;0.3363;13.972;11.247;4.5548;0.2429;0.1513;2.1769;0.0739;2.0854;0;1;0;0;2.3205;0.9942;1;1;0.9595;0.1306;0.9895;0.9903;1;0.9672;0.8134;0.999;0.999;1;0.999;0.999;0.9828;0.9272;0.1061;1.8487;1.8272;0.011;0.0022;0.0398;0.0124;0.044;0.0004;0;0;0.088;0;1.5584;0;0;0;0;0;0;0;0;0;0;0;0;0.0355;0.0077;1.6742;1.6742;0;31.237;31.237;24.607;0.0407;1571.4;1065.4;1;0.0278;0.0278;0;0;0;0;0;0;1.6464;1.5584;0;17.251;19.976;16.058;18.594;98.339;98.339;14.775;13.38;12.454;1.3953;0.9255;0.0944;0.0626;0.8429;12.774;0.8407;0
26/10/21 07:00;29.279;-84.925;4.4689;29.375;60;-90;-60;496.71;81.899;414.81;11.7;1.94;0;845.6;23.831;102.18;0;24.835;996.44;0;996.44;845.6;102.18;23.831;24.835;0.8486;0.0488;0;0.0249;970.2;26.24;0;0;2.9991;23.241;968.25;0.9876;0.1304;0.0158;0.7358;0.1056;969.23;0.9702;0.8456;0.1022;0.0208;0.0016;971.76;844.62;102.06;20.075;1.487;96.811;77.933;31.16;3.9903;1.2247;17.617;3.5135;14.851;0;1;0;0;2.0061;0.9737;1;1;0.8742;0.0642;0.999;0.9998;1;0.9646;0.9337;0.999;0.999;1;0.999;0.999;0.9717;0.8424;0.0599;2.9923;2.964;0.0178;-0.0004;0.2769;0.0187;0.0663;0.0032;0;0;0.088;0;2.3765;0;0;0;0;0;0;0;0;0;0;0;0;0.0534;0.0191;2.509;2.509;0;51.728;51.728;40.028;0.0413;2553.2;982.7;1;0.0445;0.0445;0;0;0;0;0;0;2.4645;2.3765;0;15.973;18.497;15.13;17.52;98.226;98.226;23.915;20.052;18.993;3.8624;1.059;0.1615;0.0443;0.7942;20.752;0.7838;0
26/10/21 08:00;41.344;-74.721;11.411;42.369;47.631;-90;-47.631;712.31;117.5;594.81;16.1;2.44;0;882.63;34.446;113.28;0;23.228;1053.6;0;1053.6;882.63;113.28;34.446;23.228;0.8377;0.0547;0;0.022;1028.8;24.743;0;0;3.1023;21.641;1026.3;1.4972;0.3475;0.0446;1.0286;0.0765;1027.8;1.0288;0.8826;0.1133;0.0313;0.0016;1031.7;881.4;113.13;30.284;1.5094;288.81;232.49;90.041;2.5655;3.2359;46.548;5.3315;47.218;0;1;0;0;1.4791;0.9765;1;1;0.9099;0.0683;0.9985;0.9996;1;0.9671;0.9518;0.999;0.999;1;0.999;0.999;0.9741;0.8792;0.065;3.1639;3.2054;0.0193;0.0024;0.3792;0.0196;0.0696;0.0081;0;0;0.088;0;2.4942;0;0;0;0;0;0;0;0;0;0;0;0;0.0561;0.0221;2.6288;2.6288;0;58.781;58.781;42.681;0.0416;2756.2;953.81;1;0.0467;0.0467;0;0;0;0;0;0;2.5822;2.4942;0;15.828;18.329;15.017;17.39;98.225;98.225;25.286;21.01;19.933;4.2765;1.0763;0.1691;0.0426;0.7883;26.278;0.7631;0
26/10/21 09:00;52.717;-61.087;17.03;56.32;33.681;-90;-33.681;881.21;145.4;735.81;17.41;2.5499;0;884.23;44.314;116.6;0;14.792;1059.9;0;1059.9;884.23;116.6;44.314;14.792;0.8342;0.0558;0;0.014;1044.4;15.565;0;0;2.366;13.199;1041.1;2.182;0.5196;0.0685;1.3543;0.2396;1043.3;1.0444;0.8842;0.1166;0.0419;0.0016;1045.1;882.83;116.41;40.551;1.3519;452.19;364.01;145.19;1.0041;4.597;66.126;4.0002;69.719;0;1;0;0;1.2028;0.9853;1;1;0.9466;0.1077;0.9979;0.9994;1;0.9677;0.8495;0.999;0.999;1;0.999;0.999;0.9823;0.9151;0.0914;3.183;3.2873;0.0198;0.0037;0.4122;0.02;0.0708;0.0115;0;0;0.088;0;2.5338;0;0;0;0;0;0;0;0;0;0;0;0;0.057;0.0232;2.6692;2.6692;0;60.78;60.78;43.37;0.0417;2824.8;944.92;1;0.0474;0.0474;0;0;0;0;0;0;2.6218;2.5338;0;15.975;18.499;15.165;17.56;98.224;98.224;25.438;21.332;20.25;4.1062;1.0821;0.1614;0.0425;0.796;29.994;0.7605;0
26/10/21 10:00;62.259;-40.151;20.841;71.267;18.733;-90;-18.733;990.6;163.4;827.2;18.7;2.5301;0;873.47;51.793;116.36;0;5.2474;1046.9;0;1046.9;873.47;116.36;51.793;5.2474;0.8344;0.0545;0;0.005;1041.4;5.468;0;0;1.0774;4.3906;1037.7;2.6896;0.6282;0.0837;1.7879;0.1898;1040.4;1.0414;0.8735;0.1164;0.0507;0.0009;1038.9;871.97;116.16;48.877;0.6661;563.26;453.43;175.49;0.1482;6.0035;86.357;1.2566;92.213;0;1;0;0;1.0568;0.9948;1;1;0.9792;0.1633;0.9974;0.9993;1;0.9647;0.7782;0.999;0.999;1;0.999;0.999;0.9912;0.9437;0.1269;3.1438;3.3112;0.0199;0.0041;0.4292;0.02;0.0709;0.0149;0;0;0.088;0;2.5362;0;0;0;0;0;0;0;0;0;0;0;0;0.0571;0.0235;2.6715;2.6715;0;61.967;61.967;43.268;0.0417;2844.5;939.18;1;0.0473;0.0473;0;0;0;0;0;0;2.6242;2.5362;0;16.188;18.746;15.368;17.796;98.23;98.23;25.125;21.35;20.269;3.7744;1.0813;0.1502;0.043;0.8067;31.993;0.7598;0
26/10/21 11:00;67.327;-7.3896;22.475;86.924;3.0756;-90;-3.0756;1036.3;171;865.29;19.72;2.41;0;866.54;55.251;115.88;0;0.1493;1037.8;0;1037.8;866.54;115.88;55.251;0.1493;0.835;0.0534;0;0.0001;1037.6;0.187;0;0;0.0621;0.1249;1033.4;3.2197;0.672;0.0899;2.4524;0.0054;1036.6;1.0376;0.8665;0.1159;0.0552;0;1033.4;865;115.67;52.681;0.0189;610.66;491.58;190.9;-0.0003;6.4558;92.864;-0.0034;99.32;0;1;0;0;1.0015;0.9998;1;1;0.9989;0.1629;0.9969;0.9992;1;0.9555;0.7774;0.999;0.999;1;0.999;0.999;0.9957;0.9535;0.1265;3.1166;3.3082;0.0199;0.004;0.4392;0.0199;0.0706;0.016;0;0;0.088;0;2.5233;0;0;0;0;0;0;0;0;0;0;0;0;0.0569;0.0235;2.6582;2.6582;0;62.839;62.839;43.119;0.0417;2841.8;935.39;1;0.0469;0.0469;0;0;0;0;0;0;2.6113;2.5233;0;16.248;18.815;15.424;17.86;98.237;98.237;24.908;21.244;20.166;3.6635;1.0778;0.1471;0.0433;0.8096;32.746;0.7588;0
26/10/21 12:00;64.965;28.877;21.749;77.29;12.71;90;12.71;1016.6;167.7;848.9;21.16;2.3199;0;870.22;53.66;116.23;0;2.4912;1042.6;0;1042.6;870.22;116.23;53.66;2.4912;0.8347;0.0539;0;0.0024;1039.9;2.6628;0;0;0.5825;2.0803;1036;2.9093;0.6531;0.0872;2.0764;0.0925;1038.9;1.0399;0.8702;0.1162;0.0531;0.0004;1036.5;868.7;116.02;50.948;0.318;589.94;474.9;185.98;0.0388;6.1383;88.297;0.5124;94.396;0;1;0;0;1.0256;0.9974;1;1;0.9891;0.165;0.9972;0.9992;1;0.9608;0.7747;0.999;0.999;1;0.999;0.999;0.9937;0.9495;0.1277;3.1309;3.308;0.0199;0.004;0.4583;0.0198;0.0701;0.0151;0;0;0.088;0;2.5065;0;0;0;0;0;0;0;0;0;0;0;0;0.0565;0.0235;2.6407;2.6407;0;64.446;64.446;43.286;0.0418;2842.9;928.89;1;0.0463;0.0463;0;0;0;0;0;0;2.5945;2.5065;0;16.067;18.606;15.25;17.66;98.248;98.248;25.022;21.105;20.032;3.9177;1.073;0.1566;0.0429;0.8005;32.407;0.7528;0
26/10/21 13:00;56.741;54.123;18.748;62.013;27.987;90;27.987;932.7;153.8;778.9;22.21;2.42;0;882.05;47.478;117.06;0;10.908;1057.5;0;1057.5;882.05;117.06;47.478;10.908;0.8341;0.0552;0;0.0103;1046.1;11.387;0;0;1.8924;9.4943;1042.7;2.4083;0.5706;0.0757;1.4941;0.2679;1045.1;1.0461;0.8821;0.1171;0.0456;0.0014;1045.5;880.6;116.87;44.046;1.1439;503.21;405.08;158.12;0.5674;5.3042;76.298;2.8751;81.035;0;1;0;0;1.1338;0.9892;1;1;0.9601;0.1296;0.9977;0.9994;1;0.9672;0.8103;0.999;0.999;1;0.999;0.999;0.986;0.9277;0.1049;3.1757;3.3099;0.0199;0.0041;0.4751;0.0197;0.0698;0.013;0;0;0.088;0;2.4949;0;0;0;0;0;0;0;0;0;0;0;0;0.0562;0.0235;2.6287;2.6287;0;65.825;65.825;43.615;0.0418;2846.3;923.56;1;0.0458;0.0458;0;0;0;0;0;0;2.5829;2.4949;0;15.769;18.26;14.966;17.33;98.257;98.257;25.38;21.009;19.939;4.3714;1.0695;0.1722;0.0421;0.7856;30.874;0.7454;0
26/10/21 14:00;45.884;69.991;13.779;47.663;42.337;90;42.337;787.5;137.8;649.7;23.34;2.5499;0;878.92;41.582;121.73;0;20.538;1062.8;0;1062.8;878.92;121.73;41.582;20.538;0.827;0.0585;0;0.0193;1040.6;22.156;0;0;3.1596;18.996;1037.7;1.8386;0.4179;0.0579;1.245;0.1179;1039.6;1.0406;0.8789;0.1217;0.0384;0.0015;1043;877.62;121.55;37.139;1.4222;359.33;289.26;114.56;2.0634;3.7885;54.495;5.2391;56.221;0;1;0;0;1.3495;0.9792;1;1;0.924;0.0751;0.9982;0.9995;1;0.9676;0.9235;0.999;0.999;1;0.999;0.999;0.9764;0.8932;0.0692;3.1915;3.2562;0.0196;0.0032;0.4789;0.0193;0.0684;0.0092;0;0;0.088;0;2.4472;0;0;0;0;0;0;0;0;0;0;0;0;0.0551;0.0228;2.5798;2.5798;0;66.783;66.783;43.443;0.0419;2802.3;920.6;1;0.0446;0.0446;0;0;0;0;0;0;2.5352;2.4472;0;15.399;17.831;14.607;16.915;98.272;98.272;25.506;20.617;19.558;4.8889;1.0595;0.1917;0.0415;0.7668;30.218;0.7384;0
26/10/21 15:00;34.007;81.218;7.2713;34.321;55.679;90;55.679;588.91;132;456.91;22.82;2.52;0;810.38;42.37;138.01;0;25.687;1016.4;0;1016.4;810.38;138.01;42.37;25.687;0.7973;0.067;0;0.0253;987.52;28.92;0;0;4.7948;24.125;984.94;1.595;0.2033;0.0346;1.285;0.0721;986.54;0.9875;0.8104;0.138;0.0376;0.0016;989.9;809.36;137.84;36.253;1.4883;180.71;145.47;55.821;5.4376;2.3076;33.195;4.9579;30.065;0;1;0;0;1.726;0.9715;1;1;0.8868;0.0608;0.9984;0.9997;1;0.9658;0.9538;0.999;0.999;1;0.999;0.999;0.969;0.8556;0.0579;3.0524;3.0514;0.0184;0.0004;0.4184;0.0183;0.0649;0.0057;0;0;0.088;0;2.3231;0;0;0;0;0;0;0;0;0;0;0;0;0.0523;0.0202;2.4529;2.4529;0;63.954;63.954;41.134;0.0418;2625.4;934.3;1;0.0419;0.0419;0;0;0;0;0;0;2.4111;2.3231;0;15.309;17.727;14.498;16.789;98.292;98.292;24.395;19.604;18.566;4.7906;1.0381;0.1964;0.0426;0.7611;35.112;0.7429;0
26/10/21 16:00;21.783;90.361;25.84;21.784;42.378;90;42.378;355.9;138.8;217.1;22.31;2.04;0;526.53;69.728;142.1;0;9.2993;747.66;0;747.66;526.53;142.1;69.728;9.2993;0.7042;0.1057;0;0.0124;733.76;13.908;0;0;5.306;8.6021;730.29;2.7368;0.4695;0.1267;2.0875;0.0531;733.02;0.7338;0.5265;0.1421;0.0644;0.0007;731.04;525.54;141.84;62.27;0.6434;52.041;41.893;17.422;3.4654;0.7005;10.076;0.7529;7.3108;0;1;0;0;2.1008;0.9814;1;1;0.9239;0.075;0.9963;0.9991;1;0.9676;0.9237;0.999;0.999;1;0.999;0.999;0.9768;0.893;0.0692;2.2452;2.223;0.0134;-0.0012;0.2156;0.014;0.0495;0.0018;0;0;0.088;0;1.7608;0;0;0;0;0;0;0;0;0;0;0;0;0.0399;0.0111;1.8789;1.8789;0;52.525;52.525;30.215;0.0414;1916.1;980.61;1;0.0301;0.0301;0;0;0;0;0;0;1.8488;1.7608;0;15.942;18.461;14.94;17.3;98.397;98.397;17.944;15.017;14.072;2.9274;0.944;0.1631;0.0526;0.7842;50.69;0.7764;0
26/10/21 17:00;9.5656;98.751;66.233;9.6761;14.38;90;14.38;119.49;98.303;21.19;21.88;1.6899;0;51.393;87.859;21.937;0;0.3744;161.56;0;161.56;51.393;21.937;87.859;0.3744;0.3181;0.5461;0;0.0023;160.08;1.487;0;0;1.1742;0.3128;151.38;8.5328;3.6595;1.5621;3.2974;0.0138;159.92;0.1601;0.0514;0.0219;0.0867;0.0001;151.44;47.682;20.353;83.301;0.0477;53.498;43.066;16.055;0.0978;0.6155;8.8535;0.0589;9.3712;0;1;0;0;1.3521;0.9908;1;1;0.9866;0.1645;0.9466;0.9287;1;0.9619;0.7749;0.999;0.999;1;0.999;0.999;0.937;0.9481;0.1273;0.4852;0.4748;0.0029;0.0181;0.0053;0.0031;0.0111;0.0017;0;0;0.088;0;0.3266;0;0;0;0;0;0;0;0;0;0;0;0;0.009;0.0007;0.4229;0.4229;0;28.077;28.077;6.1973;0.0409;405.69;1042.5;1;0.0084;0.0084;0;0;0;0;0;0;0.4146;0.3266;0;16.606;19.229;12.822;14.848;98.023;98.023;3.8775;3.38;2.6099;0.4975;0.7701;0.1283;0.1986;0.6731;53.35;0.6465;0
26/10/21 18:00;1.7538;104.21;85.743;1.8091;2.582;90;2.582;0;0;0;16.67;1.71;0;0;0;0;0;0;0;0;0;0;0;0;0;1;1;1;1;0;0;0;0;0;0;0;0;0;0;0;0;0;0;0;0;0;0;0;0;0;0;0;0;0;0;0;0;0;0;0;0;0;0;0;1;1;1;1;1;1;1;1;1;1;1;1;1;1;1;1;1;1;1;0;0;0;0;0;0;0;0;0;0.0004;0.088;0;-0.0884;0;0;0;0;0;0;0;0;0;0;0;0;0;0;0;0;0;0;0;-16.67;0;0;0;0;0.0004;0;0;0;0;0;0;0;-0.0004;-0.0884;0;0;0;0;0;0;0;0;0;-0.7063;0;0.7063;1;1;0;0;0;0
26/10/21 19:00;0;0;90;0;0;90;0;0;0;0;10.14;1.7501;0;0;0;0;0;0;0;0;0;0;0;0;0;1;1;1;1;0;0;0;0;0;0;0;0;0;0;0;0;0;0;0;0;0;0;0;0;0;0;0;0;0;0;0;0;0;0;0;0;0;0;0;1;1;1;1;1;1;1;1;1;1;1;1;1;1;1;1;1;1;1;0;0;0;0;0;0;0;0;0;0.0004;0.088;0;-0.0884;0;0;0;0;0;0;0;0;0;0;0;0;0;0;0;0;0;0;0;-10.14;0;0;0;0;0.0004;0;0;0;0;0;0;0;-0.0004;-0.0884;0;0;0;0;0;0;0;0;0;-0.7063;0;0.7063;1;1;0;0;0;0
26/10/21 20:00;0;0;90;0;0;90;0;0;0;0;8.1001;1.88;0;0;0;0;0;0;0;0;0;0;0;0;0;1;1;1;1;0;0;0;0;0;0;0;0;0;0;0;0;0;0;0;0;0;0;0;0;0;0;0;0;0;0;0;0;0;0;0;0;0;0;0;1;1;1;1;1;1;1;1;1;1;1;1;1;1;1;1;1;1;1;0;0;0;0;0;0;0;0;0;0.0004;0.088;0;-0.0884;0;0;0;0;0;0;0;0;0;0;0;0;0;0;0;0;0;0;0;-8.1001;0;0;0;0;0.0004;0;0;0;0;0;0;0;-0.0004;-0.0884;0;0;0;0;0;0;0;0;0;-0.7063;0;0.7063;1;1;0;0;0;0
26/10/21 21:00;0;0;90;0;0;90;0;0;0;0;6.5299;1.9801;0;0;0;0;0;0;0;0;0;0;0;0;0;1;1;1;1;0;0;0;0;0;0;0;0;0;0;0;0;0;0;0;0;0;0;0;0;0;0;0;0;0;0;0;0;0;0;0;0;0;0;0;1;1;1;1;1;1;1;1;1;1;1;1;1;1;1;1;1;1;1;0;0;0;0;0;0;0;0;0;0.0004;0.088;0;-0.0884;0;0;0;0;0;0;0;0;0;0;0;0;0;0;0;0;0;0;0;-6.5299;0;0;0;0;0.0004;0;0;0;0;0;0;0;-0.0004;-0.0884;0;0;0;0;0;0;0;0;0;-0.7063;0;0.7063;1;1;0;0;0;0
26/10/21 22:00;0;0;90;0;0;90;0;0;0;0;5.3998;2.13;0;0;0;0;0;0;0;0;0;0;0;0;0;1;1;1;1;0;0;0;0;0;0;0;0;0;0;0;0;0;0;0;0;0;0;0;0;0;0;0;0;0;0;0;0;0;0;0;0;0;0;0;1;1;1;1;1;1;1;1;1;1;1;1;1;1;1;1;1;1;1;0;0;0;0;0;0;0;0;0;0.0004;0.088;0;-0.0884;0;0;0;0;0;0;0;0;0;0;0;0;0;0;0;0;0;0;0;-5.3998;0;0;0;0;0.0004;0;0;0;0;0;0;0;-0.0004;-0.0884;0;0;0;0;0;0;0;0;0;-0.7063;0;0.7063;1;1;0;0;0;0
26/10/21 23:00;0;0;90;0;0;90;0;0;0;0;5.3998;2.42;0;0;0;0;0;0;0;0;0;0;0;0;0;1;1;1;1;0;0;0;0;0;0;0;0;0;0;0;0;0;0;0;0;0;0;0;0;0;0;0;0;0;0;0;0;0;0;0;0;0;0;0;1;1;1;1;1;1;1;1;1;1;1;1;1;1;1;1;1;1;1;0;0;0;0;0;0;0;0;0;0.0004;0.088;0;-0.0884;0;0;0;0;0;0;0;0;0;0;0;0;0;0;0;0;0;0;0;-5.3998;0;0;0;0;0.0004;0;0;0;0;0;0;0;-0.0004;-0.0884;0;0;0;0;0;0;0;0;0;-0.7063;0;0.7063;1;1;0;0;0;0
27/10/21 00:00;0;0;90;0;0;90;0;0;0;0;4.9697;2.7701;0;0;0;0;0;0;0;0;0;0;0;0;0;1;1;1;1;0;0;0;0;0;0;0;0;0;0;0;0;0;0;0;0;0;0;0;0;0;0;0;0;0;0;0;0;0;0;0;0;0;0;0;1;1;1;1;1;1;1;1;1;1;1;1;1;1;1;1;1;1;1;0;0;0;0;0;0;0;0;0;0.0004;0.088;0;-0.0884;0;0;0;0;0;0;0;0;0;0;0;0;0;0;0;0;0;0;0;-4.9697;0;0;0;0;0.0004;0;0;0;0;0;0;0;-0.0004;-0.0884;0;0;0;0;0;0;0;0;0;-0.7063;0;0.7063;1;1;0;0;0;0
27/10/21 01:00;0;0;90;0;0;90;0;0;0;0;4.9697;3.06;0;0;0;0;0;0;0;0;0;0;0;0;0;1;1;1;1;0;0;0;0;0;0;0;0;0;0;0;0;0;0;0;0;0;0;0;0;0;0;0;0;0;0;0;0;0;0;0;0;0;0;0;1;1;1;1;1;1;1;1;1;1;1;1;1;1;1;1;1;1;1;0;0;0;0;0;0;0;0;0;0.0004;0.088;0;-0.0884;0;0;0;0;0;0;0;0;0;0;0;0;0;0;0;0;0;0;0;-4.9697;0;0;0;0;0.0004;0;0;0;0;0;0;0;-0.0004;-0.0884;0;0;0;0;0;0;0;0;0;-0.7063;0;0.7063;1;1;0;0;0;0
27/10/21 02:00;0;0;90;0;0;90;0;0;0;0;3.6003;3.2601;0;0;0;0;0;0;0;0;0;0;0;0;0;1;1;1;1;0;0;0;0;0;0;0;0;0;0;0;0;0;0;0;0;0;0;0;0;0;0;0;0;0;0;0;0;0;0;0;0;0;0;0;1;1;1;1;1;1;1;1;1;1;1;1;1;1;1;1;1;1;1;0;0;0;0;0;0;0;0;0;0.0004;0.088;0;-0.0884;0;0;0;0;0;0;0;0;0;0;0;0;0;0;0;0;0;0;0;-3.6003;0;0;0;0;0.0004;0;0;0;0;0;0;0;-0.0004;-0.0884;0;0;0;0;0;0;0;0;0;-0.7063;0;0.7063;1;1;0;0;0;0
27/10/21 03:00;0;0;90;0;0;90;0;0;0;0;2.4097;3.38;0;0;0;0;0;0;0;0;0;0;0;0;0;1;1;1;1;0;0;0;0;0;0;0;0;0;0;0;0;0;0;0;0;0;0;0;0;0;0;0;0;0;0;0;0;0;0;0;0;0;0;0;1;1;1;1;1;1;1;1;1;1;1;1;1;1;1;1;1;1;1;0;0;0;0;0;0;0;0;0;0.0004;0.088;0;-0.0884;0;0;0;0;0;0;0;0;0;0;0;0;0;0;0;0;0;0;0;-2.4097;0;0;0;0;0.0004;0;0;0;0;0;0;0;-0.0004;-0.0884;0;0;0;0;0;0;0;0;0;-0.7063;0;0.7063;1;1;0;0;0;0
27/10/21 04:00;0;0;90;0;0;90;0;0;0;0;1.7203;3.4201;0;0;0;0;0;0;0;0;0;0;0;0;0;1;1;1;1;0;0;0;0;0;0;0;0;0;0;0;0;0;0;0;0;0;0;0;0;0;0;0;0;0;0;0;0;0;0;0;0;0;0;0;1;1;1;1;1;1;1;1;1;1;1;1;1;1;1;1;1;1;1;0;0;0;0;0;0;0;0;0;0.0004;0.088;0;-0.0884;0;0;0;0;0;0;0;0;0;0;0;0;0;0;0;0;0;0;0;-1.7203;0;0;0;0;0.0004;0;0;0;0;0;0;0;-0.0004;-0.0884;0;0;0;0;0;0;0;0;0;-0.7063;0;0.7063;1;1;0;0;0;0
27/10/21 05:00;5.4917;-101.98;76.579;5.6132;8.1095;-90;-8.1095;65.206;26.003;39.204;3.4002;3.9099;0;95.08;18.229;18.632;0;0.0652;132.01;0;132.01;95.08;18.632;18.229;0.0652;0.7203;0.1386;0;0.0005;131.86;0.1476;0;0;0.0932;0.0544;105.98;25.745;20.888;4.0932;0.7607;0.0024;131.73;0.1319;0.0951;0.0186;0.0181;0;105.98;74.097;14.52;17.357;0.0084;11.111;8.9441;3.3426;0.0023;0.1261;1.8141;0.0025;1.9379;0;1;0;0;2.0244;0.9989;1;1;0.9949;0.1657;0.8046;0.7801;1;0.958;0.7756;0.999;0.999;1;0.999;0.999;0.8029;0.9522;0.1284;0.3964;0.323;0.0019;0.0174;-0.0202;0.0023;0.008;0.0004;0;0;0.088;0;0.2106;0;0;0;0;0;0;0;0;0;0;0;0;0.0065;0.0004;0.3064;0.3064;0;7.6786;7.6786;4.2784;0.0404;274.9;1114.7;1;0.0078;0.0078;0;0;0;0;0;0;0.2986;0.2106;0;14.726;17.052;10.12;11.718;97.439;97.439;3.1681;2.449;1.683;0.7192;0.766;0.227;0.2418;0.5312;10.881;0.5258;0
27/10/21 06:00;17.227;-93.939;44.09;17.265;28.773;-90;-28.773;275.59;45.499;230.09;8.0403;4.1301;0;558.04;18.769;61.833;0;3.4027;642.05;0;642.05;558.04;61.833;18.769;3.4027;0.8692;0.0345;0;0.0053;638.3;3.7457;0;0;0.7806;2.9652;631.25;6.4127;5.1715;0.573;0.5878;0.0804;637.67;0.6383;0.558;0.0618;0.018;0.0004;631.33;552.32;61.198;17.383;0.3567;13.521;10.884;4.4302;0.2467;0.1457;2.0965;0.0739;1.9956;0;1;0;0;2.3297;0.9942;1;1;0.9584;0.1286;0.9899;0.9907;1;0.9673;0.8161;0.999;0.999;1;0.999;0.999;0.9832;0.9261;0.1048;1.9281;1.9059;0.0115;0.0014;0.0583;0.0128;0.0455;0.0004;0;0;0.088;0;1.6143;0;0;0;0;0;0;0;0;0;0;0;0;0.0367;0.0083;1.731;1.731;0;33.763;33.763;25.723;0.0407;1639.6;1055.7;1;0.0287;0.0287;0;0;0;0;0;0;1.7023;1.6143;0;17.103;19.804;15.949;18.469;98.341;98.341;15.409;13.834;12.901;1.5752;0.9329;0.1022;0.0605;0.8372;12.268;0.8352;0
27/10/21 07:00;29.482;-85.236;4.1684;29.567;60;-90;-60;499.89;82.398;417.49;12.81;3.08;0;846.05;23.99;102.16;0;24.995;997.19;0;997.19;846.05;102.16;23.99;24.995;0.8484;0.0491;0;0.0251;970.78;26.409;0;0;3.0191;23.39;968.83;0.9834;0.1217;0.0147;0.7407;0.1063;969.81;0.9708;0.846;0.1022;0.021;0.0016;972.36;845.08;102.04;20.209;1.4965;99.745;80.295;32.459;4.017;1.2326;17.731;3.5361;14.947;0;1;0;0;1.9948;0.9735;1;1;0.8742;0.0642;0.999;0.9999;1;0.9646;0.9337;0.999;0.999;1;0.999;0.999;0.9716;0.8424;0.0599;2.9946;2.966;0.0179;-0.0004;0.2895;0.0186;0.066;0.0032;0;0;0.088;0;2.3669;0;0;0;0;0;0;0;0;0;0;0;0;0.0532;0.0191;2.499;2.499;0;52.901;52.901;40.091;0.0414;2555.1;978.06;1;0.0441;0.0441;0;0;0;0;0;0;2.4549;2.3669;0;15.898;18.409;15.057;17.436;98.234;98.234;23.933;19.972;18.916;3.9604;1.0561;0.1655;0.0441;0.7904;20.89;0.78;0
27/10/21 08:00;41.56;-75.069;11.116;42.539;47.461;-90;-47.461;712.19;117.5;594.69;18.83;2.7899;0;879.6;34.808;112.36;0;23.069;1049.8;0;1049.8;879.6;112.36;34.808;23.069;0.8378;0.0551;0;0.022;1025.2;24.606;0;0;3.1187;21.487;1022.7;1.497;0.3374;0.0431;1.0394;0.0772;1024.2;1.0252;0.8796;0.1124;0.0317;0.0016;1028;878.39;112.2;30.619;1.5029;290.17;233.58;90.567;2.5606;3.2434;46.656;5.3021;47.338;0;1;0;0;1.4741;0.9766;1;1;0.9104;0.0686;0.9985;0.9996;1;0.9672;0.9512;0.999;0.999;1;0.999;0.999;0.9742;0.8796;0.0651;3.1527;3.1946;0.0192;0.0022;0.4087;0.0194;0.0686;0.0081;0;0;0.088;0;2.4577;0;0;0;0;0;0;0;0;0;0;0;0;0.0553;0.022;2.5912;2.5912;0;61.455;61.455;42.625;0.0417;2746.6;943.41;1;0.0455;0.0455;0;0;0;0;0;0;2.5457;2.4577;0;15.657;18.131;14.851;17.197;98.245;98.245;25.196;20.709;19.642;4.4873;1.0667;0.1781;0.0423;0.7796;26.511;0.7545;0
27/10/21 09:00;52.962;-61.474;16.717;56.456;33.544;-90;-33.544;875.21;144.4;730.81;21.3;2.7199;0;876.83;44.97;114.4;0;14.575;1050.8;0;1050.8;876.83;114.4;44.97;14.575;0.8345;0.0567;0;0.0139;1035.4;15.383;0;0;2.3857;12.997;1032.2;2.1859;0.5058;0.066;1.3751;0.239;1034.4;1.0354;0.8768;0.1144;0.0426;0.0016;1036.1;875.45;114.22;41.166;1.3375;449.86;362.14;144.42;1.0047;4.575;65.809;3.9395;69.379;0;1;0;0;1.2006;0.9854;1;1;0.9469;0.1083;0.9979;0.9994;1;0.9677;0.8484;0.999;0.999;1;0.999;0.999;0.9823;0.9154;0.0918;3.1555;3.2594;0.0196;0.0032;0.4516;0.0195;0.0691;0.0112;0;0;0.088;0;2.4731;0;0;0;0;0;0;0;0;0;0;0;0;0.0557;0.0228;2.6066;2.6066;0;64.425;64.425;43.126;0.0418;2802.9;929.96;1;0.0455;0.0455;0;0;0;0;0;0;2.5611;2.4731;0;15.736;18.222;14.93;17.289;98.256;98.256;25.219;20.832;19.765;4.3868;1.0667;0.1739;0.0423;0.7838;30.407;0.7486;0
27/10/21 10:00;62.555;-40.508;20.513;71.358;18.642;-90;-18.642;982.9;162.2;820.7;22.97;2.8601;0;866.14;52.602;114.17;0;5.1567;1038.1;0;1038.1;866.14;114.17;52.602;5.1567;0.8344;0.0556;0;0.005;1032.7;5.3996;0;0;1.0854;4.3142;1028.9;2.6997;0.6131;0.0808;1.8191;0.1867;1031.6;1.0327;0.8661;0.1142;0.0515;0.0008;1030.2;864.66;113.98;49.646;0.6549;559.14;450.11;174.18;0.1479;5.9608;85.744;1.2331;91.557;0;1;0;0;1.0561;0.9948;1;1;0.9794;0.1634;0.9974;0.9993;1;0.9647;0.7781;0.999;0.999;1;0.999;0.999;0.9912;0.9438;0.127;3.1173;3.2835;0.0198;0.0036;0.4737;0.0195;0.0692;0.0145;0;0;0.088;0;2.4712;0;0;0;0;0;0;0;0;0;0;0;0;0.0557;0.0232;2.6044;2.6044;0;66.018;66.018;43.047;0.0418;2822.7;922.65;1;0.0452;0.0452;0;0;0;0;0;0;2.5592;2.4712;0;15.915;18.43;15.101;17.487;98.264;98.264;24.914;20.814;19.75;4.0995;1.0647;0.1645;0.0427;0.7927;32.479;0.7466;0
27/10/21 11:00;67.665;-7.4294;22.137;86.959;3.0409;-90;-3.0409;1018.9;168;850.9;24.35;3.0299;0;852.1;56.5;111.62;0;0.1435;1020.4;0;1020.4;852.1;111.62;56.5;0.1435;0.8351;0.0555;0;0.0001;1020.2;0.1826;0;0;0.0624;0.1201;1015.9;3.2501;0.6509;0.0853;2.5087;0.0052;1019.2;1.0202;0.8521;0.1116;0.0564;0;1015.9;850.6;111.42;53.873;0.0181;600.44;483.35;187.68;-0.0003;6.3492;91.331;-0.0037;97.68;0;1;0;0;1.0014;0.9998;1;1;0.9989;0.1629;0.9968;0.9992;1;0.9555;0.7775;0.999;0.999;1;0.999;0.999;0.9956;0.9535;0.1265;3.0642;3.2524;0.0196;0.0031;0.4795;0.0193;0.0683;0.0154;0;0;0.088;0;2.4372;0;0;0;0;0;0;0;0;0;0;0;0;0.055;0.0227;2.5695;2.5695;0;66.882;66.882;42.532;0.0419;2795.6;919.11;1;0.0443;0.0443;0;0;0;0;0;0;2.5252;2.4372;0;15.975;18.498;15.152;17.546;98.277;98.277;24.489;20.535;19.478;3.9533;1.0572;0.1614;0.0432;0.7954;33.485;0.7454;0
27/10/21 12:00;65.265;29.251;21.411;77.314;12.686;90;12.686;1016.9;168.1;848.79;25.16;3.21;0;870.03;54.133;116.13;0;2.4825;1042.8;0;1042.8;870.03;116.13;54.133;2.4825;0.8343;0.0543;0;0.0024;1040.1;2.6587;0;0;0.5858;2.0729;1036.2;2.9164;0.6428;0.0858;2.0956;0.0922;1039.1;1.0401;0.87;0.1161;0.0535;0.0004;1036.7;868.52;115.93;51.398;0.3169;590.16;475.08;186.04;0.0389;6.141;88.336;0.5102;94.438;0;1;0;0;1.0255;0.9975;1;1;0.9892;0.165;0.9972;0.9993;1;0.9608;0.7747;0.999;0.999;1;0.999;0.999;0.9937;0.9495;0.1277;3.1315;3.3086;0.0199;0.0041;0.5081;0.0194;0.0689;0.0148;0;0;0.088;0;2.4616;0;0;0;0;0;0;0;0;0;0;0;0;0.0555;0.0235;2.5943;2.5943;0;68.603;68.603;43.443;0.0419;2845;911.86;1;0.0447;0.0447;0;0;0;0;0;0;2.5496;2.4616;0;15.782;18.275;14.975;17.341;98.278;98.278;25.027;20.734;19.673;4.2932;1.0604;0.1715;0.0424;0.7861;32.69;0.7392;0
27/10/21 13:00;56.974;54.573;18.417;62.09;27.91;90;27.91;928.21;154.2;774.01;26.56;3.38;0;875.89;48.536;116.18;0;10.797;1051.4;0;1051.4;875.89;116.18;48.536;10.797;0.8331;0.0564;0;0.0103;1040.1;11.32;0;0;1.9261;9.3943;1036.6;2.425;0.5566;0.0738;1.5281;0.2664;1039;1.0401;0.8759;0.1162;0.0466;0.0014;1039.5;874.45;115.99;45.035;1.1345;501.17;403.45;157.46;0.5744;5.2847;76.019;2.8441;80.729;0;1;0;0;1.1327;0.9892;1;1;0.9603;0.1299;0.9977;0.9994;1;0.9672;0.8099;0.999;0.999;1;0.999;0.999;0.9859;0.9279;0.1051;3.1574;3.291;0.0198;0.0038;0.5231;0.0192;0.0681;0.0127;0;0;0.088;0;2.4343;0;0;0;0;0;0;0;0;0;0;0;0;0.0549;0.0233;2.5662;2.5662;0;70.075;70.075;43.515;0.042;2831.4;906.33;1;0.0439;0.0439;0;0;0;0;0;0;2.5223;2.4343;0;15.483;17.929;14.688;17.008;98.291;98.291;25.234;20.509;19.455;4.7247;1.0538;0.1872;0.0418;0.771;31.546;0.7314;0
27/10/21 14:00;46.074;70.394;13.461;47.781;42.219;90;42.219;782.69;141;641.69;27.68;3.39;0;866.46;43.863;122.34;0;20.304;1053;0;1053;866.46;122.34;43.863;20.304;0.8229;0.0609;0;0.0193;1030.9;22.094;0;0;3.3194;18.775;1028;1.8908;0.4025;0.0568;1.3135;0.1181;1029.8;1.0309;0.8665;0.1223;0.0405;0.0015;1033.1;865.2;122.16;39.189;1.4095;358.43;288.54;114.32;2.1555;3.7821;54.404;5.1913;56.03;0;1;0;0;1.3453;0.979;1;1;0.9243;0.0753;0.9982;0.9995;1;0.9676;0.9227;0.999;0.999;1;0.999;0.999;0.9762;0.8935;0.0694;3.1621;3.2264;0.0194;0.0027;0.5223;0.0188;0.0666;0.009;0;0;0.088;0;2.381;0;0;0;0;0;0;0;0;0;0;0;0;0.0536;0.0225;2.5115;2.5115;0;70.86;70.86;43.179;0.042;2777.9;904.09;1;0.0425;0.0425;0;0;0;0;0;0;2.469;2.381;0;15.13;17.521;14.344;16.61;98.308;98.308;25.271;20.072;19.029;5.1996;1.043;0.2058;0.0413;0.753;31.842;0.7249;0
27/10/21 15:00;34.178;81.571;6.9655;34.468;55.532;90;55.532;442.91;259.5;183.41;27.48;3.1199;0;324.08;155.34;107.97;0;19.225;606.61;0;606.61;324.08;107.97;155.34;19.225;0.5342;0.2878;0;0.0317;571.04;35.567;0;0;17.511;18.056;565.6;4.866;0.0779;0.026;4.7087;0.0534;570.47;0.571;0.3241;0.108;0.1378;0.0012;570.93;323.68;107.83;132.98;1.1146;195.77;157.59;65.242;19.732;3.0895;44.441;5.3224;27.798;0;1;0;0;1.3696;0.9414;1;1;0.8873;0.0608;0.9915;0.9998;1;0.9658;0.9543;0.999;0.999;1;0.999;0.999;0.9324;0.8561;0.058;1.8216;1.8133;0.0109;0.0024;0.166;0.0114;0.0406;0.008;0;0;0.088;0;1.4221;0;0;0;0;0;0;0;0;0;0;0;0;0.0327;0.0075;1.5338;1.5338;0;50.868;50.868;23.388;0.0413;1557.2;984.94;1;0.0236;0.0236;0;0;0;0;0;0;1.5101;1.4221;0;16.039;18.573;14.872;17.221;98.458;98.458;14.559;12.258;11.366;2.3008;0.8923;0.158;0.0613;0.7807;128.52;0.7401;0
27/10/21 16:00;21.949;90.679;24.968;21.951;43.089;90;43.089;142.8;139;3.7989;27.12;2.0099;0;9.2134;119.37;2.471;0;3.8513;134.91;0;134.91;9.2134;2.471;119.37;3.8513;0.0683;0.9134;0;0.0285;122.03;12.875;0;0;9.3073;3.5681;118.31;3.6008;0.0079;0.0021;3.5704;0.0203;121.91;0.122;0.0092;0.0025;0.1101;0.0003;119.66;9.1962;2.4664;106.39;0.2626;87.348;70.315;28.995;6.2785;1.2218;17.575;1.3492;12.518;0;1;0;0;0.9448;0.9046;1;1;0.922;0.0735;0.9705;0.9991;1;0.9675;0.9281;0.999;0.999;1;0.999;0.999;0.877;0.8912;0.0682;0.4051;0.3975;0.0024;0.0179;0.0102;0.0026;0.0091;0.0032;0;0;0.088;0;0.2489;0;0;0;0;0;0;0;0;0;0;0;0;0.0073;0.0005;0.3442;0.3442;0;31.991;31.991;4.8712;0.0412;338.49;1016.8;1;0.0073;0.0073;0;0;0;0;0;0;0.3369;0.2489;0;16.184;18.741;11.704;13.553;97.887;97.887;3.2378;2.7507;1.9893;0.4871;0.7614;0.1505;0.2352;0.6144;87.324;0.5598;0
27/10/21 17:00;9.7372;99.047;65.784;9.8574;14.675;90;14.675;53.603;52.696;0.9064;23.58;1.08;0;2.1984;51.637;0.494;0;0.1749;54.504;0;54.504;2.1984;0.494;51.637;0.1749;0.0403;0.9506;0;0.0032;53.644;0.8602;0;0;0.714;0.1461;51.474;2.1162;0.149;0.0335;1.9273;0.0065;53.59;0.0536;0.0022;0.0005;0.0509;0;51.51;2.0472;0.46;48.944;0.0222;31.393;25.271;9.4112;0.0618;0.3621;5.2082;0.0365;5.5085;0;1;0;0;1.0168;0.9842;1;1;0.9862;0.1643;0.9605;0.9322;1;0.9621;0.775;0.999;0.999;1;0.999;0.999;0.9444;0.9479;0.1272;0.1637;0.1661;0.001;0.0141;0.0004;0.0011;0.0037;0.0009;0;0;0.088;0;0.0482;0;0;0;0;0;0;0;0;0;0;0;0;0.003;0.0002;0.1417;0.1417;0;25.707;25.707;2.1271;0.0413;140.56;1008.1;1;0.0055;0.0055;0;0;0;0;0;0;0.1362;0.0482;0;16.492;19.098;5.614;6.5009;96.144;96.144;1.3081;1.1325;0.3855;0.1756;0.747;0.1343;0.571;0.2947;31.387;0.275;0
27/10/21 18:00;1.9335;104.5;85.306;1.9971;2.8512;90;2.8512;0;0;0;20.41;1.2899;0;0;0;0;0;0;0;0;0;0;0;0;0;1;1;1;1;0;0;0;0;0;0;0;0;0;0;0;0;0;0;0;0;0;0;0;0;0;0;0;0;0;0;0;0;0;0;0;0;0;0;0;1;1;1;1;1;1;1;1;1;1;1;1;1;1;1;1;1;1;1;0;0;0;0;0;0;0;0;0;0.0004;0.088;0;-0.0884;0;0;0;0;0;0;0;0;0;0;0;0;0;0;0;0;0;0;0;-20.41;0;0;0;0;0.0004;0;0;0;0;0;0;0;-0.0004;-0.0884;0;0;0;0;0;0;0;0;0;-0.7063;0;0.7063;1;1;0;0;0;0
27/10/21 19:00;0;0;90;0;0;90;0;0;0;0;15.9;2.04;0;0;0;0;0;0;0;0;0;0;0;0;0;1;1;1;1;0;0;0;0;0;0;0;0;0;0;0;0;0;0;0;0;0;0;0;0;0;0;0;0;0;0;0;0;0;0;0;0;0;0;0;1;1;1;1;1;1;1;1;1;1;1;1;1;1;1;1;1;1;1;0;0;0;0;0;0;0;0;0;0.0004;0.088;0;-0.0884;0;0;0;0;0;0;0;0;0;0;0;0;0;0;0;0;0;0;0;-15.9;0;0;0;0;0.0004;0;0;0;0;0;0;0;-0.0004;-0.0884;0;0;0;0;0;0;0;0;0;-0.7063;0;0.7063;1;1;0;0;0;0
27/10/21 20:00;0;0;90;0;0;90;0;0;0;0;14.54;2.7099;0;0;0;0;0;0;0;0;0;0;0;0;0;1;1;1;1;0;0;0;0;0;0;0;0;0;0;0;0;0;0;0;0;0;0;0;0;0;0;0;0;0;0;0;0;0;0;0;0;0;0;0;1;1;1;1;1;1;1;1;1;1;1;1;1;1;1;1;1;1;1;0;0;0;0;0;0;0;0;0;0.0004;0.088;0;-0.0884;0;0;0;0;0;0;0;0;0;0;0;0;0;0;0;0;0;0;0;-14.54;0;0;0;0;0.0004;0;0;0;0;0;0;0;-0.0004;-0.0884;0;0;0;0;0;0;0;0;0;-0.7063;0;0.7063;1;1;0;0;0;0
27/10/21 21:00;0;0;90;0;0;90;0;0;0;0;14.91;3.31;0;0;0;0;0;0;0;0;0;0;0;0;0;1;1;1;1;0;0;0;0;0;0;0;0;0;0;0;0;0;0;0;0;0;0;0;0;0;0;0;0;0;0;0;0;0;0;0;0;0;0;0;1;1;1;1;1;1;1;1;1;1;1;1;1;1;1;1;1;1;1;0;0;0;0;0;0;0;0;0;0.0004;0.088;0;-0.0884;0;0;0;0;0;0;0;0;0;0;0;0;0;0;0;0;0;0;0;-14.91;0;0;0;0;0.0004;0;0;0;0;0;0;0;-0.0004;-0.0884;0;0;0;0;0;0;0;0;0;-0.7063;0;0.7063;1;1;0;0;0;0
27/10/21 22:00;0;0;90;0;0;90;0;0;0;0;14.9;3.71;0;0;0;0;0;0;0;0;0;0;0;0;0;1;1;1;1;0;0;0;0;0;0;0;0;0;0;0;0;0;0;0;0;0;0;0;0;0;0;0;0;0;0;0;0;0;0;0;0;0;0;0;1;1;1;1;1;1;1;1;1;1;1;1;1;1;1;1;1;1;1;0;0;0;0;0;0;0;0;0;0.0004;0.088;0;-0.0884;0;0;0;0;0;0;0;0;0;0;0;0;0;0;0;0;0;0;0;-14.9;0;0;0;0;0.0004;0;0;0;0;0;0;0;-0.0004;-0.0884;0;0;0;0;0;0;0;0;0;-0.7063;0;0.7063;1;1;0;0;0;0
27/10/21 23:00;0;0;90;0;0;90;0;0;0;0;15.66;3.96;0;0;0;0;0;0;0;0;0;0;0;0;0;1;1;1;1;0;0;0;0;0;0;0;0;0;0;0;0;0;0;0;0;0;0;0;0;0;0;0;0;0;0;0;0;0;0;0;0;0;0;0;1;1;1;1;1;1;1;1;1;1;1;1;1;1;1;1;1;1;1;0;0;0;0;0;0;0;0;0;0.0004;0.088;0;-0.0884;0;0;0;0;0;0;0;0;0;0;0;0;0;0;0;0;0;0;0;-15.66;0;0;0;0;0.0004;0;0;0;0;0;0;0;-0.0004;-0.0884;0;0;0;0;0;0;0;0;0;-0.7063;0;0.7063;1;1;0;0;0;0
28/10/21 00:00;0;0;90;0;0;90;0;0;0;0;14.47;4.04;0;0;0;0;0;0;0;0;0;0;0;0;0;1;1;1;1;0;0;0;0;0;0;0;0;0;0;0;0;0;0;0;0;0;0;0;0;0;0;0;0;0;0;0;0;0;0;0;0;0;0;0;1;1;1;1;1;1;1;1;1;1;1;1;1;1;1;1;1;1;1;0;0;0;0;0;0;0;0;0;0.0004;0.088;0;-0.0884;0;0;0;0;0;0;0;0;0;0;0;0;0;0;0;0;0;0;0;-14.47;0;0;0;0;0.0004;0;0;0;0;0;0;0;-0.0004;-0.0884;0;0;0;0;0;0;0;0;0;-0.7063;0;0.7063;1;1;0;0;0;0
28/10/21 01:00;0;0;90;0;0;90;0;0;0;0;10.26;3.94;0;0;0;0;0;0;0;0;0;0;0;0;0;1;1;1;1;0;0;0;0;0;0;0;0;0;0;0;0;0;0;0;0;0;0;0;0;0;0;0;0;0;0;0;0;0;0;0;0;0;0;0;1;1;1;1;1;1;1;1;1;1;1;1;1;1;1;1;1;1;1;0;0;0;0;0;0;0;0;0;0.0004;0.088;0;-0.0884;0;0;0;0;0;0;0;0;0;0;0;0;0;0;0;0;0;0;0;-10.26;0;0;0;0;0.0004;0;0;0;0;0;0;0;-0.0004;-0.0884;0;0;0;0;0;0;0;0;0;-0.7063;0;0.7063;1;1;0;0;0;0
28/10/21 02:00;0;0;90;0;0;90;0;0;0;0;9.3299;3.77;0;0;0;0;0;0;0;0;0;0;0;0;0;1;1;1;1;0;0;0;0;0;0;0;0;0;0;0;0;0;0;0;0;0;0;0;0;0;0;0;0;0;0;0;0;0;0;0;0;0;0;0;1;1;1;1;1;1;1;1;1;1;1;1;1;1;1;1;1;1;1;0;0;0;0;0;0;0;0;0;0.0004;0.088;0;-0.0884;0;0;0;0;0;0;0;0;0;0;0;0;0;0;0;0;0;0;0;-9.3299;0;0;0;0;0.0004;0;0;0;0;0;0;0;-0.0004;-0.0884;0;0;0;0;0;0;0;0;0;-0.7063;0;0.7063;1;1;0;0;0;0
28/10/21 03:00;0;0;90;0;0;90;0;0;0;0;8.6698;3.46;0;0;0;0;0;0;0;0;0;0;0;0;0;1;1;1;1;0;0;0;0;0;0;0;0;0;0;0;0;0;0;0;0;0;0;0;0;0;0;0;0;0;0;0;0;0;0;0;0;0;0;0;1;1;1;1;1;1;1;1;1;1;1;1;1;1;1;1;1;1;1;0;0;0;0;0;0;0;0;0;0.0004;0.088;0;-0.0884;0;0;0;0;0;0;0;0;0;0;0;0;0;0;0;0;0;0;0;-8.6698;0;0;0;0;0.0004;0;0;0;0;0;0;0;-0.0004;-0.0884;0;0;0;0;0;0;0;0;0;-0.7063;0;0.7063;1;1;0;0;0;0
28/10/21 04:00;0;0;90;0;0;90;0;0;0;0;8.6997;3.48;0;0;0;0;0;0;0;0;0;0;0;0;0;1;1;1;1;0;0;0;0;0;0;0;0;0;0;0;0;0;0;0;0;0;0;0;0;0;0;0;0;0;0;0;0;0;0;0;0;0;0;0;1;1;1;1;1;1;1;1;1;1;1;1;1;1;1;1;1;1;1;0;0;0;0;0;0;0;0;0;0.0004;0.088;0;-0.0884;0;0;0;0;0;0;0;0;0;0;0;0;0;0;0;0;0;0;0;-8.6997;0;0;0;0;0.0004;0;0;0;0;0;0;0;-0.0004;-0.0884;0;0;0;0;0;0;0;0;0;-0.7063;0;0.7063;1;1;0;0;0;0
28/10/21 05:00;5.6978;-102.25;76.067;5.8296;8.4312;-90;-8.4312;42.507;35.601;6.906;9.32;4.04;0;16.749;33.633;4.3295;0;0.0459;54.758;0;54.758;16.749;4.3295;33.633;0.0459;0.3059;0.6151;0;0.0008;54.536;0.2217;0;0;0.1834;0.0383;48.701;5.7803;3.4817;0.9;1.3969;0.0017;54.482;0.0545;0.0167;0.0043;0.0335;0;48.706;13.251;3.4251;32.02;0.0059;20.132;16.206;5.9918;0.0049;0.2328;3.3484;0.0053;3.5762;0;1;0;0;1.2882;0.996;1;1;0.9945;0.1658;0.8939;0.7919;1;0.9582;0.7755;0.999;0.999;1;0.999;0.999;0.8894;0.952;0.1285;0.1644;0.1538;0.0009;0.0137;-0.0077;0.001;0.0036;0.0006;0;0;0.088;0;0.0445;0;0;0;0;0;0;0;0;0;0;0;0;0.0029;0.0001;0.1385;0.1385;0;11.309;11.309;1.9892;0.0408;129.76;1067.5;1;0.006;0.006;0;0;0;0;0;0;0.1325;0.0445;0;16.048;18.583;5.1605;5.9757;95.685;95.685;1.3142;1.1071;0.356;0.2071;0.7511;0.1576;0.5715;0.2709;20.09;0.259;0
28/10/21 06:00;17.425;-94.222;43.426;17.469;29.254;-90;-29.254;270.4;47.502;222.9;13.52;4.26;0;540.59;20.61;61.814;0;3.4487;626.46;0;626.46;540.59;61.814;20.61;3.4487;0.8629;0.0384;0;0.0055;622.57;3.8924;0;0;0.8801;3.0123;615.87;6.0717;4.8002;0.5489;0.6436;0.079;621.94;0.6226;0.5406;0.0618;0.0197;0.0004;615.96;535.25;61.204;19.067;0.3571;14.732;11.859;4.8113;0.2868;0.161;2.3162;0.0846;2.1904;0;1;0;0;2.3168;0.9938;1;1;0.9573;0.1266;0.9902;0.9911;1;0.9673;0.8189;0.999;0.999;1;0.999;0.999;0.9831;0.9251;0.1035;1.8813;1.8601;0.0112;0.0018;0.0895;0.0123;0.0436;0.0004;0;0;0.088;0;1.5432;0;0;0;0;0;0;0;0;0;0;0;0;0.0351;0.0079;1.6581;1.6581;0;38.721;38.721;25.201;0.0409;1600.9;1035.7;1;0.0269;0.0269;0;0;0;0;0;0;1.6312;1.5432;0;16.79;19.443;15.626;18.095;98.375;98.375;15.035;13.252;12.333;1.7835;0.9186;0.1186;0.0611;0.8203;13.515;0.818;0
28/10/21 07:00;29.681;-85.547;3.8757;29.755;60;-90;-60;531.01;87.599;443.41;17.75;3.6699;0;893.42;23.29;113.93;0;26.55;1057.2;0;1057.2;893.42;113.93;23.29;26.55;0.8451;0.0471;0;0.0251;1029.4;27.777;0;0;2.9311;24.846;1027.4;0.9667;0.1195;0.0152;0.7191;0.1129;1028.4;1.0294;0.8934;0.1139;0.0204;0.0017;1031.1;892.41;113.8;19.62;1.5896;106.92;86.069;34.795;3.9004;1.2948;18.625;3.6558;16.019;0;1;0;0;1.9909;0.9737;1;1;0.8742;0.0642;0.9991;0.9999;1;0.9646;0.9337;0.999;0.999;1;0.999;0.999;0.9718;0.8424;0.0599;3.1748;3.1448;0.0189;0.0016;0.3921;0.0191;0.0678;0.0032;0;0;0.088;0;2.433;0;0;0;0;0;0;0;0;0;0;0;0;0.0546;0.0214;2.566;2.566;0;60.539;60.539;42.789;0.0416;2706.9;947.95;1;0.045;0.045;0;0;0;0;0;0;2.521;2.433;0;15.397;17.829;14.599;16.905;98.247;98.247;25.373;20.507;19.444;4.8656;1.0628;0.1918;0.0419;0.7664;20.281;0.7564;0
28/10/21 08:00;41.77;-75.419;10.822;42.704;47.296;-90;-47.296;369.01;298.5;70.509;22.03;4.2901;0;103.96;231.36;33.581;0;11.874;380.78;0;380.78;103.96;33.581;231.36;11.874;0.273;0.6388;0;0.0312;349.1;31.682;0;0;20.625;11.058;341.75;6.9998;0.0388;0.0125;6.9081;0.0404;348.75;0.3491;0.104;0.0336;0.2107;0.0008;345.78;103.82;33.535;203.62;0.7755;212.78;171.29;70.862;16.781;3.058;43.988;4.0256;30.265;0;1;0;0;1.0319;0.9168;1;1;0.9109;0.0688;0.9799;0.9996;1;0.9672;0.9505;0.999;0.999;1;0.999;0.999;0.8975;0.8801;0.0653;1.1435;1.1342;0.0068;0.0115;0.0445;0.0075;0.0266;0.0083;0;0;0.088;0;0.9002;0;0;0;0;0;0;0;0;0;0;0;0;0.0214;0.0032;1.0043;1.0043;0;36.025;36.025;13.994;0.0409;971.62;1033.6;1;0.016;0.016;0;0;0;0;0;0;0.9882;0.9002;0;16.73;19.374;14.997;17.367;98.404;98.404;9.1387;8.026;7.1947;1.1127;0.8314;0.1218;0.091;0.7873;175.93;0.7246;0
28/10/21 09:00;53.201;-61.866;16.407;56.588;33.412;-90;-33.412;832.7;140.4;692.3;24.6;5.0001;0;829.37;48.529;104.83;0;13.762;996.48;0;996.48;829.37;104.83;48.529;13.762;0.8323;0.0625;0;0.0138;981.66;14.823;0;0;2.5586;12.264;978.44;2.242;0.4695;0.0593;1.4847;0.2284;980.68;0.9817;0.8294;0.1048;0.046;0.0015;982.16;828.07;104.66;44.439;1.2678;429.28;345.57;137.79;1.0692;4.3746;62.927;3.7222;66.233;0;1;0;0;1.1967;0.9851;1;1;0.9473;0.1088;0.9977;0.9994;1;0.9677;0.8473;0.999;0.999;1;0.999;0.999;0.9819;0.9157;0.0921;2.9924;3.0908;0.0186;0.0009;0.4411;0.0184;0.0653;0.0107;0;0;0.088;0;2.3327;0;0;0;0;0;0;0;0;0;0;0;0;0.0526;0.0206;2.4626;2.4626;0;65.515;65.515;40.915;0.0418;2657.7;926.6;1;0.0419;0.0419;0;0;0;0;0;0;2.4207;2.3327;0;15.677;18.154;14.85;17.196;98.298;98.298;23.916;19.681;18.643;4.2342;1.0384;0.177;0.0434;0.7795;32.781;0.7443;0
28/10/21 10:00;62.845;-40.875;20.188;71.445;18.555;-90;-18.555;942.8;157.9;784.9;25.97;5.4299;0;827.94;55.998;105.91;0;4.901;994.75;0;994.75;827.94;105.91;55.998;4.901;0.8323;0.0612;0;0.0049;989.5;5.2464;0;0;1.1465;4.0998;985.75;2.7679;0.5768;0.0738;1.9398;0.1776;988.51;0.9895;0.8279;0.1059;0.0549;0.0008;986.92;826.54;105.73;52.857;0.6227;536.71;432.05;167.15;0.1548;5.7255;82.359;1.1704;87.929;0;1;0;0;1.0551;0.9947;1;1;0.9795;0.1635;0.9972;0.9993;1;0.9646;0.7781;0.999;0.999;1;0.999;0.999;0.9909;0.9439;0.1271;2.9872;3.1461;0.0189;0.0016;0.4685;0.0186;0.066;0.0139;0;0;0.088;0;2.354;0;0;0;0;0;0;0;0;0;0;0;0;0.0531;0.0213;2.4842;2.4842;0;67.25;67.25;41.28;0.0419;2704.7;918.45;1;0.0422;0.0422;0;0;0;0;0;0;2.442;2.354;0;15.842;18.345;15.011;17.383;98.3;98.3;23.874;19.854;18.813;4.0204;1.0408;0.1684;0.0436;0.788;34.564;0.742;0
28/10/21 11:00;68;-7.4781;21.803;86.99;3.01;-90;-3.01;309;301.6;7.399;26.2;5.68;0;7.4093;299.66;1.7373;0;0.0426;308.85;0;308.85;7.4093;1.7373;299.66;0.0426;0.024;0.9704;0;0.0001;308.48;0.362;0;0;0.3263;0.0357;294.86;13.318;0.0056;0.0013;13.309;0.0015;308.18;0.3085;0.0074;0.0017;0.2993;0;294.86;7.3963;1.7343;285.72;0.0054;182.97;147.29;54.302;-0.0017;2.1226;30.533;-0.0036;32.658;0;1;0;0;0.9995;0.9988;1;1;0.9989;0.1629;0.9568;0.9992;1;0.9555;0.7775;0.999;0.999;1;0.999;0.999;0.9547;0.9535;0.1265;0.9275;0.9524;0.0057;0.0141;0.0455;0.0062;0.022;0.0057;0;0;0.088;0;0.7319;0;0;0;0;0;0;0;0;0;0;0;0;0.0177;0.0023;0.8332;0.8332;0;38.31;38.31;12.11;0.0411;816.49;1020.4;1;0.0133;0.0133;0;0;0;0;0;0;0.8199;0.7319;0;17.113;19.817;15.032;17.407;98.402;98.402;7.4123;6.6587;5.849;0.7536;0.8097;0.1017;0.1092;0.7891;177.59;0.7347;0
28/10/21 12:00;65.563;29.623;21.077;77.341;12.659;90;12.659;937.41;184.8;752.61;27.5;5.1899;0;771.36;73.769;112.86;0;2.2787;960.27;0;960.27;771.36;112.86;73.769;2.2787;0.8033;0.0792;0;0.0024;957.57;2.6981;0;0;0.7954;1.9027;953.03;3.5849;0.561;0.0821;2.8572;0.0846;956.62;0.9576;0.7714;0.1129;0.073;0.0004;953.5;770.03;112.67;70.043;0.2909;544.48;438.3;171.39;0.0523;5.6832;81.75;0.4674;87.381;0;1;0;0;1.0244;0.9972;1;1;0.9892;0.165;0.9963;0.9993;1;0.9608;0.7747;0.999;0.999;1;0.999;0.999;0.9925;0.9495;0.1277;2.8837;3.0442;0.0183;0.0003;0.4556;0.018;0.0638;0.0138;0;0;0.088;0;2.2747;0;0;0;0;0;0;0;0;0;0;0;0;0.0514;0.02;2.4029;2.4029;0;67.415;67.415;39.915;0.0419;2616.6;918.34;1;0.0403;0.0403;0;0;0;0;0;0;2.3627;2.2747;0;15.874;18.382;15.027;17.4;98.323;98.323;23.047;19.204;18.179;3.8422;1.0253;0.1667;0.0445;0.7888;44.544;0.7415;0
28/10/21 13:00;57.205;55.02;18.09;62.169;27.831;90;27.831;582.5;398;184.5;26.33;5.3;0;208.64;315.65;71.207;0;6.738;602.23;0;602.23;208.64;71.207;315.65;6.738;0.3464;0.5353;0;0.0112;583.9;18.33;0;0;12.47;5.8606;573.03;10.285;0.1302;0.0444;9.9433;0.167;583.32;0.5839;0.2086;0.0712;0.3032;0.0009;574.92;208.3;71.091;292.94;0.7095;337.71;271.85;105.56;3.6831;3.8104;54.811;1.8889;54.939;0;1;0;0;1.0339;0.9696;1;1;0.9605;0.1302;0.9824;0.9994;1;0.9672;0.8094;0.999;0.999;1;0.999;0.999;0.9515;0.928;0.1053;1.8085;1.8472;0.0111;0.002;0.1633;0.0117;0.0415;0.0099;0;0;0.088;0;1.4542;0;0;0;0;0;0;0;0;0;0;0;0;0.0334;0.0078;1.5665;1.5665;0;50.007;50.007;23.677;0.0413;1585.3;988.11;1;0.0243;0.0243;0;0;0;0;0;0;1.5422;1.4542;0;16.501;19.107;15.318;17.737;98.447;98.447;14.454;12.519;11.622;1.9342;0.8977;0.1338;0.0621;0.8041;205.05;0.7528;0
28/10/21 14:00;46.264;70.793;13.146;47.901;42.099;90;42.099;344.2;318.1;26.097;26.72;5.13;0;35.172;269.85;11.162;0;8.881;325.07;0;325.07;35.172;11.162;269.85;8.881;0.1082;0.8575;0;0.0273;296.52;28.547;0;0;20.337;8.2099;288.07;8.1556;0.016;0.0051;8.0822;0.0523;296.22;0.2965;0.0352;0.0112;0.2495;0.0007;291.15;35.12;11.146;241.18;0.6181;211.06;169.91;69.594;13.104;2.8484;40.973;3.0833;30.717;0;1;0;0;0.9444;0.9122;1;1;0.9246;0.0756;0.9725;0.9995;1;0.9676;0.922;0.999;0.999;1;0.999;0.999;0.8862;0.8938;0.0696;0.9762;0.9633;0.0058;0.0139;0.0468;0.0063;0.0223;0.0076;0;0;0.088;0;0.7389;0;0;0;0;0;0;0;0;0;0;0;0;0.0179;0.0024;0.8403;0.8403;0;38.556;38.556;11.835;0.0411;824.95;1018.6;1;0.0134;0.0134;0;0;0;0;0;0;0.8269;0.7389;0;16.398;18.988;14.419;16.697;98.406;98.406;7.8016;6.7154;5.905;1.0862;0.8103;0.1392;0.1039;0.7569;195.7;0.6916;0
28/10/21 15:00;34.349;81.92;6.6642;34.616;55.384;90;55.384;215.6;209.3;6.3067;25.8;4.65;0;11.102;162.77;2.9686;0;9.3126;186.16;0;186.16;11.102;2.9686;162.77;9.3126;0.0596;0.9244;0;0.05;159.13;27.025;0;0;18.279;8.7461;154.01;4.9605;0.0026;0.0007;4.9317;0.0256;158.97;0.1591;0.0111;0.003;0.1445;0.0006;157.72;11.088;2.965;139.42;0.5403;136.68;110.02;47.765;20.48;2.4486;35.223;3.7042;17.192;0;1;0;0;0.8634;0.8548;1;1;0.8877;0.0608;0.9688;0.9998;1;0.9658;0.9547;0.999;0.999;1;0.999;0.999;0.8273;0.8565;0.058;0.559;0.5493;0.0033;0.0179;0.0142;0.0036;0.0128;0.0066;0;0;0.088;0;0.3829;0;0;0;0;0;0;0;0;0;0;0;0;0.0103;0.0009;0.4797;0.4797;0;32.126;32.126;6.3258;0.0411;467.37;1026.5;1;0.0088;0.0088;0;0;0;0;0;0;0.4709;0.3829;0;16.348;18.931;13.049;15.111;98.164;98.164;4.4678;3.8341;3.0605;0.6336;0.7737;0.1418;0.1732;0.685;134.46;0.6;0
28/10/21 16:00;22.116;90.993;24.066;22.119;43.832;90;43.832;63.995;63.4;0.5957;24.79;3.8399;0;1.4446;54.505;0.1754;0;1.7831;57.908;0;57.908;1.4446;0.1754;54.505;1.7831;0.0249;0.972;0;0.0308;51.897;6.0116;0;0;4.3572;1.6545;50.206;1.6389;0.0012;0.0001;1.6289;0.0087;51.845;0.0519;0.0014;0.0002;0.0501;0.0001;50.85;1.442;0.175;48.469;0.1198;40.14;32.312;13.368;3.0405;0.5687;8.1809;0.6446;5.7092;0;1;0;0;0.9049;0.8962;1;1;0.9201;0.0721;0.9684;0.9992;1;0.9675;0.9325;0.999;0.999;1;0.999;0.999;0.867;0.8893;0.0672;0.1739;0.1704;0.001;0.0142;0.0012;0.0011;0.0038;0.0015;0;0;0.088;0;0.0509;0;0;0;0;0;0;0;0;0;0;0;0;0.0031;0.0002;0.1444;0.1444;0;26.867;26.867;2.0774;0.0414;143.99;1002.5;1;0.0055;0.0055;0;0;0;0;0;0;0.1389;0.0509;0;15.813;18.311;5.5748;6.4555;96.217;96.217;1.3898;1.1537;0.4067;0.2361;0.7469;0.1699;0.5374;0.2926;40.136;0.2647;0
28/10/21 17:00;9.9093;99.339;65.332;10.04;14.972;90;14.972;50.204;49.397;0.8067;23.8;3.7499;0;1.9566;48.395;0.4048;0;0.1704;50.926;0;50.926;1.9566;0.4048;48.395;0.1704;0.0384;0.9536;0;0.0033;50.092;0.8347;0;0;0.6922;0.1424;48.087;1.9548;0.1262;0.0261;1.7962;0.0063;50.042;0.0501;0.002;0.0004;0.0477;0;48.123;1.8284;0.3783;45.859;0.0217;29.452;23.709;8.8342;0.0622;0.3397;4.886;0.036;5.1634;0;1;0;0;1.0144;0.9836;1;1;0.9857;0.1642;0.9609;0.9354;1;0.9623;0.7751;0.999;0.999;1;0.999;0.999;0.9442;0.9476;0.1271;0.1529;0.1552;0.0009;0.0137;0.0005;0.001;0.0035;0.0009;0;0;0.088;0;0.0387;0;0;0;0;0;0;0;0;0;0;0;0;0.0028;0.0001;0.1319;0.1319;0;25.789;25.789;1.989;0.0414;131.24;1004.8;1;0.0052;0.0052;0;0;0;0;0;0;0.1267;0.0387;0;16.426;19.021;4.8177;5.5787;96.065;96.065;1.2222;1.0539;0.3091;0.1684;0.7448;0.1378;0.6093;0.2529;29.447;0.2359;0
28/10/21 18:00;1.9162;104.93;85.348;1.9831;2.8311;90;2.8311;0;0;0;21.91;5.37;0;0;0;0;0;0;0;0;0;0;0;0;0;1;1;1;1;0;0;0;0;0;0;0;0;0;0;0;0;0;0;0;0;0;0;0;0;0;0;0;0;0;0;0;0;0;0;0;0;0;0;0;1;1;1;1;1;1;1;1;1;1;1;1;1;1;1;1;1;1;1;0;0;0;0;0;0;0;0;0;0.0004;0.088;0;-0.0884;0;0;0;0;0;0;0;0;0;0;0;0;0;0;0;0;0;0;0;-21.91;0;0;0;0;0.0004;0;0;0;0;0;0;0;-0.0004;-0.0884;0;0;0;0;0;0;0;0;0;-0.7063;0;0.7063;1;1;0;0;0;0
28/10/21 19:00;0;0;90;0;0;90;0;0;0;0;19.21;6.9101;0;0;0;0;0;0;0;0;0;0;0;0;0;1;1;1;1;0;0;0;0;0;0;0;0;0;0;0;0;0;0;0;0;0;0;0;0;0;0;0;0;0;0;0;0;0;0;0;0;0;0;0;1;1;1;1;1;1;1;1;1;1;1;1;1;1;1;1;1;1;1;0;0;0;0;0;0;0;0;0;0.0004;0.088;0;-0.0884;0;0;0;0;0;0;0;0;0;0;0;0;0;0;0;0;0;0;0;-19.21;0;0;0;0;0.0004;0;0;0;0;0;0;0;-0.0004;-0.0884;0;0;0;0;0;0;0;0;0;-0.7063;0;0.7063;1;1;0;0;0;0
28/10/21 20:00;0;0;90;0;0;90;0;0;0;0;18.7;6.9299;0;0;0;0;0;0;0;0;0;0;0;0;0;1;1;1;1;0;0;0;0;0;0;0;0;0;0;0;0;0;0;0;0;0;0;0;0;0;0;0;0;0;0;0;0;0;0;0;0;0;0;0;1;1;1;1;1;1;1;1;1;1;1;1;1;1;1;1;1;1;1;0;0;0;0;0;0;0;0;0;0.0004;0.088;0;-0.0884;0;0;0;0;0;0;0;0;0;0;0;0;0;0;0;0;0;0;0;-18.7;0;0;0;0;0.0004;0;0;0;0;0;0;0;-0.0004;-0.0884;0;0;0;0;0;0;0;0;0;-0.7063;0;0.7063;1;1;0;0;0;0
28/10/21 21:00;0;0;90;0;0;90;0;0;0;0;19.1;6.48;0;0;0;0;0;0;0;0;0;0;0;0;0;1;1;1;1;0;0;0;0;0;0;0;0;0;0;0;0;0;0;0;0;0;0;0;0;0;0;0;0;0;0;0;0;0;0;0;0;0;0;0;1;1;1;1;1;1;1;1;1;1;1;1;1;1;1;1;1;1;1;0;0;0;0;0;0;0;0;0;0.0004;0.088;0;-0.0884;0;0;0;0;0;0;0;0;0;0;0;0;0;0;0;0;0;0;0;-19.1;0;0;0;0;0.0004;0;0;0;0;0;0;0;-0.0004;-0.0884;0;0;0;0;0;0;0;0;0;-0.7063;0;0.7063;1;1;0;0;0;0
28/10/21 22:00;0;0;90;0;0;90;0;0;0;0;19.86;5.5799;0;0;0;0;0;0;0;0;0;0;0;0;0;1;1;1;1;0;0;0;0;0;0;0;0;0;0;0;0;0;0;0;0;0;0;0;0;0;0;0;0;0;0;0;0;0;0;0;0;0;0;0;1;1;1;1;1;1;1;1;1;1;1;1;1;1;1;1;1;1;1;0;0;0;0;0;0;0;0;0;0.0004;0.088;0;-0.0884;0;0;0;0;0;0;0;0;0;0;0;0;0;0;0;0;0;0;0;-19.86;0;0;0;0;0.0004;0;0;0;0;0;0;0;-0.0004;-0.0884;0;0;0;0;0;0;0;0;0;-0.7063;0;0.7063;1;1;0;0;0;0
28/10/21 23:00;0;0;90;0;0;90;0;0;0;0;19.9;7.03;0;0;0;0;0;0;0;0;0;0;0;0;0;1;1;1;1;0;0;0;0;0;0;0;0;0;0;0;0;0;0;0;0;0;0;0;0;0;0;0;0;0;0;0;0;0;0;0;0;0;0;0;1;1;1;1;1;1;1;1;1;1;1;1;1;1;1;1;1;1;1;0;0;0;0;0;0;0;0;0;0.0004;0.088;0;-0.0884;0;0;0;0;0;0;0;0;0;0;0;0;0;0;0;0;0;0;0;-19.9;0;0;0;0;0.0004;0;0;0;0;0;0;0;-0.0004;-0.0884;0;0;0;0;0;0;0;0;0;-0.7063;0;0.7063;1;1;0;0;0;0
29/10/21 00:00;0;0;90;0;0;90;0;0;0;0;18.6;6.66;0;0;0;0;0;0;0;0;0;0;0;0;0;1;1;1;1;0;0;0;0;0;0;0;0;0;0;0;0;0;0;0;0;0;0;0;0;0;0;0;0;0;0;0;0;0;0;0;0;0;0;0;1;1;1;1;1;1;1;1;1;1;1;1;1;1;1;1;1;1;1;0;0;0;0;0;0;0;0;0;0.0004;0.088;0;-0.0884;0;0;0;0;0;0;0;0;0;0;0;0;0;0;0;0;0;0;0;-18.6;0;0;0;0;0.0004;0;0;0;0;0;0;0;-0.0004;-0.0884;0;0;0;0;0;0;0;0;0;-0.7063;0;0.7063;1;1;0;0;0;0
29/10/21 01:00;0;0;90;0;0;90;0;0;0;0;18.14;6.66;0;0;0;0;0;0;0;0;0;0;0;0;0;1;1;1;1;0;0;0;0;0;0;0;0;0;0;0;0;0;0;0;0;0;0;0;0;0;0;0;0;0;0;0;0;0;0;0;0;0;0;0;1;1;1;1;1;1;1;1;1;1;1;1;1;1;1;1;1;1;1;0;0;0;0;0;0;0;0;0;0.0004;0.088;0;-0.0884;0;0;0;0;0;0;0;0;0;0;0;0;0;0;0;0;0;0;0;-18.14;0;0;0;0;0.0004;0;0;0;0;0;0;0;-0.0004;-0.0884;0;0;0;0;0;0;0;0;0;-0.7063;0;0.7063;1;1;0;0;0;0
29/10/21 02:00;0;0;90;0;0;90;0;0;0;0;18.4;6.27;0;0;0;0;0;0;0;0;0;0;0;0;0;1;1;1;1;0;0;0;0;0;0;0;0;0;0;0;0;0;0;0;0;0;0;0;0;0;0;0;0;0;0;0;0;0;0;0;0;0;0;0;1;1;1;1;1;1;1;1;1;1;1;1;1;1;1;1;1;1;1;0;0;0;0;0;0;0;0;0;0.0004;0.088;0;-0.0884;0;0;0;0;0;0;0;0;0;0;0;0;0;0;0;0;0;0;0;-18.4;0;0;0;0;0.0004;0;0;0;0;0;0;0;-0.0004;-0.0884;0;0;0;0;0;0;0;0;0;-0.7063;0;0.7063;1;1;0;0;0;0
29/10/21 03:00;0;0;90;0;0;90;0;0;0;0;17.82;5.63;0;0;0;0;0;0;0;0;0;0;0;0;0;1;1;1;1;0;0;0;0;0;0;0;0;0;0;0;0;0;0;0;0;0;0;0;0;0;0;0;0;0;0;0;0;0;0;0;0;0;0;0;1;1;1;1;1;1;1;1;1;1;1;1;1;1;1;1;1;1;1;0;0;0;0;0;0;0;0;0;0.0004;0.088;0;-0.0884;0;0;0;0;0;0;0;0;0;0;0;0;0;0;0;0;0;0;0;-17.82;0;0;0;0;0.0004;0;0;0;0;0;0;0;-0.0004;-0.0884;0;0;0;0;0;0;0;0;0;-0.7063;0;0.7063;1;1;0;0;0;0
29/10/21 04:00;0;0;90;0;0;90;0;0;0;0;18.89;4.88;0;0;0;0;0;0;0;0;0;0;0;0;0;1;1;1;1;0;0;0;0;0;0;0;0;0;0;0;0;0;0;0;0;0;0;0;0;0;0;0;0;0;0;0;0;0;0;0;0;0;0;0;1;1;1;1;1;1;1;1;1;1;1;1;1;1;1;1;1;1;1;0;0;0;0;0;0;0;0;0;0.0004;0.088;0;-0.0884;0;0;0;0;0;0;0;0;0;0;0;0;0;0;0;0;0;0;0;-18.89;0;0;0;0;0.0004;0;0;0;0;0;0;0;-0.0004;-0.0884;0;0;0;0;0;0;0;0;0;-0.7063;0;0.7063;1;1;0;0;0;0
29/10/21 05:00;5.6995;-102.65;76.063;5.8404;8.4473;-90;-8.4473;24.203;23.701;0.5024;16.83;4.9399;0;1.2185;23.486;0.2095;0;0.0263;24.941;0;24.941;1.2185;0.2095;23.486;0.0263;0.0489;0.9427;0;0.0011;24.79;0.1504;0;0;0.1285;0.0219;23.493;1.2729;0.2532;0.0435;0.9752;0.001;24.766;0.0248;0.0012;0.0002;0.0234;0;23.496;0.9641;0.1658;22.359;0.0034;14.032;11.296;4.1716;0.0035;0.1626;2.3383;0.0037;2.4973;0;1;0;0;1.0305;0.994;1;1;0.9945;0.1658;0.9486;0.792;1;0.9582;0.7755;0.999;0.999;1;0.999;0.999;0.9419;0.952;0.1285;0.0749;0.0757;0.0005;0.0098;-0.002;0.0005;0.0017;0.0004;0;0;0.088;0;-0.028;0;0;0;0;0;0;0;0;0;0;0;0;0.0013;0.0001;0.0635;0.0635;0;17.804;17.804;0.9745;0.0415;63.023;1007.4;1;0.0035;0.0035;0;0;0;0;0;0;0.06;-0.028;0;16.148;18.699;-7.1302;-8.2566;94.453;94.453;0.5986;0.5074;-0.224;0.0912;0.7314;0.1523;1.222;0;14.029;0;0
29/10/21 06:00;17.618;-94.505;42.773;17.669;29.733;-90;-29.733;111.5;105;6.5024;15.7;7.0099;0;15.77;96.571;3.9418;0;1.468;117.75;0;117.75;15.77;3.9418;96.571;1.468;0.1339;0.8326;0;0.0125;112.23;5.517;0;0;4.2318;1.2852;108.91;3.2074;0.134;0.0335;3.0073;0.0325;112.12;0.1122;0.0158;0.0039;0.0923;0.0002;109.33;15.62;3.9044;89.239;0.1501;63.573;51.176;19.955;1.4179;0.759;10.918;0.4133;10.259;0;1;0;0;1.056;0.9531;1;1;0.9562;0.1245;0.9714;0.9915;1;0.9674;0.8218;0.999;0.999;1;0.999;0.999;0.925;0.9241;0.1022;0.3536;0.3523;0.0021;0.0176;-0.0062;0.0024;0.0084;0.0021;0;0;0.088;0;0.2232;0;0;0;0;0;0;0;0;0;0;0;0;0.0068;0.0004;0.3187;0.3187;0;20.142;20.142;4.4426;0.0408;299.95;1062.4;1;0.0075;0.0075;0;0;0;0;0;0;0.3112;0.2232;0;17.168;19.88;12.025;13.925;97.66;97.66;2.826;2.5468;1.7839;0.2792;0.7629;0.0988;0.27;0.6313;63.533;0.5903;0
29/10/21 07:00;29.874;-85.857;3.5918;29.939;60;-90;-60;186.01;177.4;8.6076;15.4;8.5299;0;17.247;131.39;4.4258;0;9.3004;162.37;0;162.37;17.247;4.4258;131.39;9.3004;0.1062;0.8665;0;0.0573;137.13;25.239;0;0;16.536;8.7034;132.89;4.0992;0.0021;0.0005;4.0569;0.0395;136.99;0.1371;0.0172;0.0044;0.1149;0.0006;136.63;17.228;4.4208;110.69;0.5568;116.34;93.655;41.602;21.969;2.3179;33.342;3.7407;13.691;0;1;0;0;0.8729;0.8446;1;1;0.8742;0.0642;0.9701;0.9999;1;0.9646;0.9337;0.999;0.999;1;0.999;0.999;0.8185;0.8424;0.0599;0.4876;0.4818;0.0029;0.0181;-0.0073;0.0033;0.0116;0.0065;0;0;0.088;0;0.3399;0;0;0;0;0;0;0;0;0;0;0;0;0.0094;0.0007;0.4367;0.4367;0;20.813;20.813;5.4132;0.0407;409.23;1067;1;0.0088;0.0088;0;0;0;0;0;0;0.4279;0.3399;0;17.06;19.755;13.28;15.378;97.996;97.996;3.8968;3.4898;2.7166;0.407;0.7732;0.1044;0.1984;0.6971;114.42;0.6042;0
29/10/21 08:00;41.975;-75.77;10.53;42.864;47.136;-90;-47.136;503.99;254.1;249.9;16.76;9.3299;0;367.35;156.01;100.56;0;16.115;640.03;0;640.03;367.35;100.56;156.01;16.115;0.574;0.2689;0;0.0252;611.19;28.842;0;0;13.839;15.003;605.69;4.8835;0.1335;0.0365;4.6579;0.0556;610.58;0.6112;0.3674;0.1006;0.1422;0.0011;610.19;366.85;100.42;137.37;1.0551;244.77;197.04;79.183;11.185;3.1415;45.189;4.4969;37.145;0;1;0;0;1.2699;0.9549;1;1;0.9113;0.069;0.992;0.9996;1;0.9672;0.9499;0.999;0.999;1;0.999;0.999;0.9464;0.8805;0.0655;1.922;1.9331;0.0116;0.0011;0.1127;0.0127;0.0449;0.0084;0;0;0.088;0;1.5817;0;0;0;0;0;0;0;0;0;0;0;0;0.0361;0.0085;1.6971;1.6971;0;41.606;41.606;24.846;0.041;1659.9;1022.4;1;0.0274;0.0274;0;0;0;0;0;0;1.6697;1.5817;0;16.821;19.478;15.677;18.153;98.383;98.383;15.361;13.563;12.641;1.7973;0.9227;0.117;0.0601;0.8229;118.45;0.7816;0
29/10/21 09:00;53.434;-62.261;16.098;56.715;33.285;-90;-33.285;857.61;141.2;716.41;18.14;9.75;0;857;46.318;108.55;0;14.069;1025.9;0;1025.9;857;108.55;46.318;14.069;0.8353;0.0589;0;0.0137;1011;14.958;0;0;2.4274;12.53;1007.8;2.1903;0.4761;0.0603;1.4178;0.2362;1010;1.011;0.857;0.1086;0.0439;0.0015;1011.6;855.66;108.38;42.429;1.301;442.24;356.01;141.94;1.0075;4.5013;64.75;3.7988;68.244;0;1;0;0;1.1963;0.9854;1;1;0.9476;0.1094;0.9978;0.9994;1;0.9677;0.8464;0.999;0.999;1;0.999;0.999;0.9823;0.916;0.0925;3.0809;3.1833;0.0192;0.0021;0.3917;0.0194;0.0688;0.0113;0;0;0.088;0;2.46;0;0;0;0;0;0;0;0;0;0;0;0;0.0554;0.0218;2.5937;2.5937;0;60.094;60.094;41.954;0.0416;2735.5;948.17;1;0.0457;0.0457;0;0;0;0;0;0;2.548;2.46;0;16.038;18.571;15.211;17.614;98.24;98.24;24.622;20.729;19.661;3.8936;1.0682;0.1581;0.0434;0.7985;31.258;0.7625;0
29/10/21 10:00;63.13;-41.25;19.865;71.527;18.473;-90;-18.473;997.3;164.6;832.7;19.05;9.92;0;877.94;52.507;116.72;0;5.139;1052.3;0;1052.3;877.94;116.72;52.507;5.139;0.8343;0.0548;0;0.0049;1046.9;5.3656;0;0;1.0671;4.2985;1043.2;2.69;0.6018;0.08;1.8218;0.1864;1045.9;1.0469;0.8779;0.1167;0.0514;0.0008;1044.4;876.46;116.52;49.567;0.6532;567.69;456.99;176.83;0.1431;6.0527;87.066;1.2257;92.975;0;1;0;0;1.0552;0.9949;1;1;0.9797;0.1635;0.9974;0.9993;1;0.9645;0.778;0.999;0.999;1;0.999;0.999;0.9913;0.944;0.1271;3.1601;3.3293;0.02;0.0044;0.4387;0.0201;0.0712;0.015;0;0;0.088;0;2.5435;0;0;0;0;0;0;0;0;0;0;0;0;0.0573;0.0237;2.6789;2.6789;0;62.57;62.57;43.52;0.0417;2860.4;936.53;1;0.0474;0.0474;0;0;0;0;0;0;2.6315;2.5435;0;16.149;18.7;15.333;17.755;98.231;98.231;25.255;21.409;20.327;3.8458;1.0821;0.1523;0.0428;0.8049;32.397;0.7579;0
29/10/21 11:00;68.331;-7.5359;21.473;87.017;2.9829;-90;-2.9829;859.8;256;603.8;19.61;9.84;0;604.61;136.07;120;0;0.1165;860.8;0;860.8;604.61;120;136.07;0.1165;0.7024;0.1582;0;0.0001;860.56;0.2437;0;0;0.1462;0.0975;853.11;6.5862;0.448;0.0889;6.0451;0.0042;859.7;0.8606;0.6046;0.12;0.1359;0;853.11;603.56;119.79;129.74;0.0147;506.96;408.11;157.56;-0.0007;5.4196;77.959;-0.0044;83.38;0;1;0;0;1.0012;0.9997;1;1;0.9989;0.1628;0.9923;0.9993;1;0.9555;0.7775;0.999;0.999;1;0.999;0.999;0.9911;0.9535;0.1265;2.585;2.7338;0.0165;-0.0018;0.2877;0.017;0.0604;0.0139;0;0;0.088;0;2.149;0;0;0;0;0;0;0;0;0;0;0;0;0.0486;0.0163;2.2754;2.2754;0;54.972;54.972;35.362;0.0415;2350.8;967.92;1;0.0384;0.0384;0;0;0;0;0;0;2.237;2.149;0;16.768;19.417;15.837;18.339;98.313;98.313;20.659;18.185;17.175;2.4745;1.01;0.1198;0.0489;0.8313;80.64;0.7785;0
29/10/21 12:00;65.858;29.993;20.747;77.371;12.629;90;12.629;964.6;173.1;791.5;21.06;9.7001;0;811.13;64.138;110.86;0;2.3337;988.45;0;988.45;811.13;110.86;64.138;2.3337;0.8206;0.0672;0;0.0024;985.82;2.6375;0;0;0.6888;1.9487;981.6;3.2322;0.5807;0.0794;2.4855;0.0867;984.83;0.9858;0.8111;0.1109;0.0634;0.0004;982.08;809.73;110.67;60.9;0.2979;560.11;450.89;176.43;0.0452;5.8379;83.977;0.4785;89.769;0;1;0;0;1.0247;0.9973;1;1;0.9893;0.165;0.9967;0.9993;1;0.9608;0.7747;0.999;0.999;1;0.999;0.999;0.9931;0.9495;0.1277;2.9683;3.1349;0.0189;0.0014;0.4073;0.019;0.0672;0.0145;0;0;0.088;0;2.3995;0;0;0;0;0;0;0;0;0;0;0;0;0.0541;0.0211;2.5314;2.5314;0;61.987;61.987;40.927;0.0417;2692.3;940.27;1;0.0439;0.0439;0;0;0;0;0;0;2.4875;2.3995;0;16.246;18.813;15.399;17.832;98.264;98.264;23.723;20.231;19.177;3.4915;1.0544;0.1472;0.0444;0.8084;38.725;0.76;0
29/10/21 13:00;57.434;55.464;17.767;62.25;27.75;90;27.75;1026.7;169.4;857.3;20.57;9.34;0;968.72;42.643;140.29;0;11.808;1163.5;0;1163.5;968.72;140.29;42.643;11.808;0.8326;0.0468;0;0.0101;1151.5;11.944;0;0;1.6767;10.267;1148;2.3181;0.5939;0.086;1.344;0.2941;1150.4;1.1515;0.9687;0.1403;0.041;0.0015;1151;967.15;140.06;39.581;1.2459;554.12;446.06;177.73;0.4953;5.5978;80.522;2.9969;85.625;0;1;0;0;1.1332;0.9897;1;1;0.9607;0.1305;0.998;0.9994;1;0.9672;0.809;0.999;0.999;1;0.999;0.999;0.9868;0.9282;0.1055;3.4939;3.6366;0.0219;0.011;0.5584;0.0213;0.0756;0.0135;0;0;0.088;0;2.662;0;0;0;0;0;0;0;0;0;0;0;0;0.0609;0.0282;2.8458;2.8007;0;68.72;68.72;48.15;0.0419;2954.8;947.84;1;0.0958;0.0507;0;0;0.0452;0;0;0;2.75;2.662;0;15.27;17.683;14.514;16.807;96.633;98.191;27.923;22.383;21.275;5.54;1.1083;0.1984;0.0397;0.7619;27.687;0.7244;0
29/10/21 14:00;46.453;71.188;12.836;48.021;41.979;90;41.979;375.81;335.9;39.91;20.87;8.74;0;53.687;281.18;17.926;0;9.6435;362.44;0;362.44;53.687;17.926;281.18;9.6435;0.1481;0.8024;0;0.0266;332.42;30.014;0;0;21.102;8.9124;323.58;8.5125;0.0238;0.0079;8.4233;0.0576;332.09;0.3324;0.0537;0.0179;0.2601;0.0007;326.88;53.609;17.9;251.4;0.6729;227.56;183.18;74.908;13.521;3.0395;43.722;3.3001;33.241;0;1;0;0;0.9644;0.9172;1;1;0.925;0.0758;0.9744;0.9996;1;0.9676;0.9212;0.999;0.999;1;0.999;0.999;0.8928;0.8941;0.0698;1.0884;1.0767;0.0065;0.0124;0.0349;0.0072;0.0254;0.0083;0;0;0.088;0;0.8553;0;0;0;0;0;0;0;0;0;0;0;0;0.0204;0.0029;0.9587;0.9587;0;34.104;34.104;13.234;0.0409;921.6;1040.3;1;0.0154;0.0154;0;0;0;0;0;0;0.9433;0.8553;0;16.78;19.431;14.97;17.335;98.39;98.39;8.6985;7.6621;6.8354;1.0365;0.8267;0.1192;0.095;0.7858;203.7;0.7207;0
29/10/21 15:00;34.52;82.264;6.3674;34.765;55.235;90;55.235;280.4;257.8;22.597;20.06;8.0599;0;39.629;196.59;12.989;0;12.051;261.26;0;261.26;39.629;12.989;196.59;12.051;0.1517;0.7986;0;0.0461;227.95;33.308;0;0;21.99;11.318;221.72;5.9977;0.0087;0.0029;5.9533;0.0329;227.72;0.2279;0.0396;0.013;0.1746;0.0007;226.32;39.58;12.973;168.47;0.6997;170.54;137.28;59.215;24.5;3.0118;43.323;4.602;21.834;0;1;0;0;0.9317;0.8725;1;1;0.8881;0.0608;0.9737;0.9998;1;0.9659;0.9551;0.999;0.999;1;0.999;0.999;0.8487;0.857;0.0581;0.7846;0.773;0.0047;0.0162;0.0114;0.0052;0.0184;0.0083;0;0;0.088;0;0.5927;0;0;0;0;0;0;0;0;0;0;0;0;0.0148;0.0016;0.6924;0.6924;0;29.115;29.115;9.0549;0.0408;658.53;1051.5;1;0.0117;0.0117;0;0;0;0;0;0;0.6807;0.5927;0;16.813;19.47;14.392;16.665;98.304;98.304;6.2702;5.534;4.7369;0.7361;0.7972;0.1174;0.1271;0.7555;162.12;0.672;0
29/10/21 16:00;22.283;91.302;23.13;22.288;44.611;90;44.611;144.3;140.6;3.6997;18.8;7.35;0;8.9728;119.5;2.3972;0;4.1575;135.03;0;135.03;8.9728;2.3972;119.5;4.1575;0.0665;0.9158;0;0.0308;121.36;13.666;0;0;9.802;3.8635;117.65;3.5968;0.0072;0.0019;3.5692;0.0185;121.24;0.1214;0.009;0.0024;0.1097;0.0003;119.13;8.9567;2.3929;106.02;0.2752;88.644;71.358;29.611;7.0836;1.2741;18.327;1.4835;12.518;0;1;0;0;0.9357;0.8988;1;1;0.918;0.0707;0.9703;0.9992;1;0.9674;0.9369;0.999;0.999;1;0.999;0.999;0.8713;0.8872;0.0662;0.4055;0.3974;0.0024;0.0179;-0.002;0.0027;0.0094;0.0035;0;0;0.088;0;0.2597;0;0;0;0;0;0;0;0;0;0;0;0;0.0076;0.0005;0.3555;0.3555;0;23.61;23.61;4.8093;0.0409;338.22;1051;1;0.0077;0.0077;0;0;0;0;0;0;0.3477;0.2597;0;16.699;19.338;12.202;14.13;97.825;97.825;3.2407;2.8408;2.0758;0.3999;0.7651;0.1234;0.2361;0.6405;88.621;0.5814;0
29/10/21 17:00;10.082;99.627;64.877;10.223;15.272;90;15.272;110.8;98.203;12.597;17.96;6.19;0;30.552;91.467;12.349;0;0.3913;134.76;0;134.76;30.552;12.349;91.467;0.3913;0.2267;0.6816;0;0.0029;133.08;1.6799;0;0;1.3528;0.3271;126.92;6.0231;1.8752;0.7579;3.3756;0.0144;132.95;0.1331;0.0306;0.0123;0.0901;0.0001;126.99;28.646;11.578;86.649;0.0497;55.804;44.922;16.761;0.1262;0.6426;9.244;0.0716;9.7604;0;1;0;0;1.2162;0.9875;1;1;0.9852;0.164;0.9547;0.9386;1;0.9625;0.7752;0.999;0.999;1;0.999;0.999;0.9419;0.9473;0.127;0.4047;0.402;0.0024;0.0179;-0.0027;0.0027;0.0095;0.0018;0;0;0.088;0;0.2663;0;0;0;0;0;0;0;0;0;0;0;0;0.0077;0.0006;0.3621;0.3621;0;23.143;23.143;5.1827;0.0408;342.92;1055.9;1;0.0079;0.0079;0;0;0;0;0;0;0.3543;0.2663;0;17.046;19.738;12.534;14.514;97.831;97.831;3.2342;2.8939;2.1279;0.3403;0.7661;0.1052;0.2369;0.6579;55.717;0.6258;0
29/10/21 18:00;2.0974;105.2;84.908;2.1734;3.1039;90;3.1039;0;0;0;15.76;4.8501;0;0;0;0;0;0;0;0;0;0;0;0;0;1;1;1;1;0;0;0;0;0;0;0;0;0;0;0;0;0;0;0;0;0;0;0;0;0;0;0;0;0;0;0;0;0;0;0;0;0;0;0;1;1;1;1;1;1;1;1;1;1;1;1;1;1;1;1;1;1;1;0;0;0;0;0;0;0;0;0;0.0004;0.088;0;-0.0884;0;0;0;0;0;0;0;0;0;0;0;0;0;0;0;0;0;0;0;-15.76;0;0;0;0;0.0004;0;0;0;0;0;0;0;-0.0004;-0.0884;0;0;0;0;0;0;0;0;0;-0.7063;0;0.7063;1;1;0;0;0;0
29/10/21 19:00;0;0;90;0;0;90;0;0;0;0;13.39;4.19;0;0;0;0;0;0;0;0;0;0;0;0;0;1;1;1;1;0;0;0;0;0;0;0;0;0;0;0;0;0;0;0;0;0;0;0;0;0;0;0;0;0;0;0;0;0;0;0;0;0;0;0;1;1;1;1;1;1;1;1;1;1;1;1;1;1;1;1;1;1;1;0;0;0;0;0;0;0;0;0;0.0004;0.088;0;-0.0884;0;0;0;0;0;0;0;0;0;0;0;0;0;0;0;0;0;0;0;-13.39;0;0;0;0;0.0004;0;0;0;0;0;0;0;-0.0004;-0.0884;0;0;0;0;0;0;0;0;0;-0.7063;0;0.7063;1;1;0;0;0;0
29/10/21 20:00;0;0;90;0;0;90;0;0;0;0;11.77;3.9801;0;0;0;0;0;0;0;0;0;0;0;0;0;1;1;1;1;0;0;0;0;0;0;0;0;0;0;0;0;0;0;0;0;0;0;0;0;0;0;0;0;0;0;0;0;0;0;0;0;0;0;0;1;1;1;1;1;1;1;1;1;1;1;1;1;1;1;1;1;1;1;0;0;0;0;0;0;0;0;0;0.0004;0.088;0;-0.0884;0;0;0;0;0;0;0;0;0;0;0;0;0;0;0;0;0;0;0;-11.77;0;0;0;0;0.0004;0;0;0;0;0;0;0;-0.0004;-0.0884;0;0;0;0;0;0;0;0;0;-0.7063;0;0.7063;1;1;0;0;0;0
29/10/21 21:00;0;0;90;0;0;90;0;0;0;0;11.27;4.12;0;0;0;0;0;0;0;0;0;0;0;0;0;1;1;1;1;0;0;0;0;0;0;0;0;0;0;0;0;0;0;0;0;0;0;0;0;0;0;0;0;0;0;0;0;0;0;0;0;0;0;0;1;1;1;1;1;1;1;1;1;1;1;1;1;1;1;1;1;1;1;0;0;0;0;0;0;0;0;0;0.0004;0.088;0;-0.0884;0;0;0;0;0;0;0;0;0;0;0;0;0;0;0;0;0;0;0;-11.27;0;0;0;0;0.0004;0;0;0;0;0;0;0;-0.0004;-0.0884;0;0;0;0;0;0;0;0;0;-0.7063;0;0.7063;1;1;0;0;0;0
29/10/21 22:00;0;0;90;0;0;90;0;0;0;0;10.73;4.28;0;0;0;0;0;0;0;0;0;0;0;0;0;1;1;1;1;0;0;0;0;0;0;0;0;0;0;0;0;0;0;0;0;0;0;0;0;0;0;0;0;0;0;0;0;0;0;0;0;0;0;0;1;1;1;1;1;1;1;1;1;1;1;1;1;1;1;1;1;1;1;0;0;0;0;0;0;0;0;0;0.0004;0.088;0;-0.0884;0;0;0;0;0;0;0;0;0;0;0;0;0;0;0;0;0;0;0;-10.73;0;0;0;0;0.0004;0;0;0;0;0;0;0;-0.0004;-0.0884;0;0;0;0;0;0;0;0;0;-0.7063;0;0.7063;1;1;0;0;0;0
29/10/21 23:00;0;0;90;0;0;90;0;0;0;0;10.27;4.35;0;0;0;0;0;0;0;0;0;0;0;0;0;1;1;1;1;0;0;0;0;0;0;0;0;0;0;0;0;0;0;0;0;0;0;0;0;0;0;0;0;0;0;0;0;0;0;0;0;0;0;0;1;1;1;1;1;1;1;1;1;1;1;1;1;1;1;1;1;1;1;0;0;0;0;0;0;0;0;0;0.0004;0.088;0;-0.0884;0;0;0;0;0;0;0;0;0;0;0;0;0;0;0;0;0;0;0;-10.27;0;0;0;0;0.0004;0;0;0;0;0;0;0;-0.0004;-0.0884;0;0;0;0;0;0;0;0;0;-0.7063;0;0.7063;1;1;0;0;0;0
30/10/21 00:00;0;0;90;0;0;90;0;0;0;0;9.0002;4.25;0;0;0;0;0;0;0;0;0;0;0;0;0;1;1;1;1;0;0;0;0;0;0;0;0;0;0;0;0;0;0;0;0;0;0;0;0;0;0;0;0;0;0;0;0;0;0;0;0;0;0;0;1;1;1;1;1;1;1;1;1;1;1;1;1;1;1;1;1;1;1;0;0;0;0;0;0;0;0;0;0.0004;0.088;0;-0.0884;0;0;0;0;0;0;0;0;0;0;0;0;0;0;0;0;0;0;0;-9.0002;0;0;0;0;0.0004;0;0;0;0;0;0;0;-0.0004;-0.0884;0;0;0;0;0;0;0;0;0;-0.7063;0;0.7063;1;1;0;0;0;0
30/10/21 01:00;0;0;90;0;0;90;0;0;0;0;7.6899;3.93;0;0;0;0;0;0;0;0;0;0;0;0;0;1;1;1;1;0;0;0;0;0;0;0;0;0;0;0;0;0;0;0;0;0;0;0;0;0;0;0;0;0;0;0;0;0;0;0;0;0;0;0;1;1;1;1;1;1;1;1;1;1;1;1;1;1;1;1;1;1;1;0;0;0;0;0;0;0;0;0;0.0004;0.088;0;-0.0884;0;0;0;0;0;0;0;0;0;0;0;0;0;0;0;0;0;0;0;-7.6899;0;0;0;0;0.0004;0;0;0;0;0;0;0;-0.0004;-0.0884;0;0;0;0;0;0;0;0;0;-0.7063;0;0.7063;1;1;0;0;0;0
30/10/21 02:00;0;0;90;0;0;90;0;0;0;0;6.3697;3.5099;0;0;0;0;0;0;0;0;0;0;0;0;0;1;1;1;1;0;0;0;0;0;0;0;0;0;0;0;0;0;0;0;0;0;0;0;0;0;0;0;0;0;0;0;0;0;0;0;0;0;0;0;1;1;1;1;1;1;1;1;1;1;1;1;1;1;1;1;1;1;1;0;0;0;0;0;0;0;0;0;0.0004;0.088;0;-0.0884;0;0;0;0;0;0;0;0;0;0;0;0;0;0;0;0;0;0;0;-6.3697;0;0;0;0;0.0004;0;0;0;0;0;0;0;-0.0004;-0.0884;0;0;0;0;0;0;0;0;0;-0.7063;0;0.7063;1;1;0;0;0;0
30/10/21 03:00;0;0;90;0;0;90;0;0;0;0;4.2797;3.13;0;0;0;0;0;0;0;0;0;0;0;0;0;1;1;1;1;0;0;0;0;0;0;0;0;0;0;0;0;0;0;0;0;0;0;0;0;0;0;0;0;0;0;0;0;0;0;0;0;0;0;0;1;1;1;1;1;1;1;1;1;1;1;1;1;1;1;1;1;1;1;0;0;0;0;0;0;0;0;0;0.0004;0.088;0;-0.0884;0;0;0;0;0;0;0;0;0;0;0;0;0;0;0;0;0;0;0;-4.2797;0;0;0;0;0.0004;0;0;0;0;0;0;0;-0.0004;-0.0884;0;0;0;0;0;0;0;0;0;-0.7063;0;0.7063;1;1;0;0;0;0
30/10/21 04:00;0;0;90;0;0;90;0;0;0;0;4.1501;2.92;0;0;0;0;0;0;0;0;0;0;0;0;0;1;1;1;1;0;0;0;0;0;0;0;0;0;0;0;0;0;0;0;0;0;0;0;0;0;0;0;0;0;0;0;0;0;0;0;0;0;0;0;1;1;1;1;1;1;1;1;1;1;1;1;1;1;1;1;1;1;1;0;0;0;0;0;0;0;0;0;0.0004;0.088;0;-0.0884;0;0;0;0;0;0;0;0;0;0;0;0;0;0;0;0;0;0;0;-4.1501;0;0;0;0;0.0004;0;0;0;0;0;0;0;-0.0004;-0.0884;0;0;0;0;0;0;0;0;0;-0.7063;0;0.7063;1;1;0;0;0;0
30/10/21 05:00;5.8961;-102.92;75.574;6.048;8.7572;-90;-8.7572;69.699;26.102;43.597;4.1501;3.8;0;105.74;18.019;19.348;0;0.0813;143.18;0;143.18;105.74;19.348;18.019;0.0813;0.7385;0.1264;0;0.0006;143.01;0.1724;0;0;0.1046;0.0678;117.46;25.409;20.846;3.8146;0.7447;0.003;142.87;0.143;0.1057;0.0193;0.0179;0;117.46;84.783;15.514;17.152;0.0104;11.023;8.8736;3.3226;0.0031;0.1248;1.7946;0.0032;1.9163;0;1;0;0;2.0543;0.9988;1;1;0.9942;0.1659;0.8222;0.8026;1;0.9584;0.7754;0.999;0.999;1;0.999;0.999;0.8203;0.9519;0.1285;0.43;0.3576;0.0022;0.0177;-0.0208;0.0025;0.0089;0.0004;0;0;0.088;0;0.243;0;0;0;0;0;0;0;0;0;0;0;0;0.0072;0.0005;0.3391;0.3391;0;8.8919;8.8919;4.7418;0.0404;304.61;1113.3;1;0.0082;0.0082;0;0;0;0;0;0;0.331;0.243;0;15.025;17.399;10.764;12.464;97.588;97.588;3.4364;2.7104;1.9417;0.7261;0.7687;0.2113;0.2237;0.565;10.77;0.5598;0
30/10/21 06:00;17.806;-94.787;42.129;17.864;30.208;-90;-30.208;287.9;47.402;240.5;7.7797;4.18;0;583.28;19.159;65.112;0;3.9095;671.46;0;671.46;583.28;65.112;19.159;3.9095;0.8687;0.0344;0;0.0058;667.17;4.2916;0;0;0.861;3.4306;660.55;5.945;4.7372;0.5288;0.5951;0.0839;666.5;0.6672;0.5833;0.0651;0.0183;0.0005;660.64;577.96;64.518;17.685;0.3946;13.956;11.234;4.5984;0.2981;0.1516;2.1808;0.0854;2.0343;0;1;0;0;2.3323;0.9936;1;1;0.9551;0.1225;0.9911;0.9919;1;0.9674;0.8247;0.999;0.999;1;0.999;0.999;0.9838;0.923;0.1009;2.0164;1.9944;0.012;0.0005;0.0676;0.0134;0.0475;0.0004;0;0;0.088;0;1.6875;0;0;0;0;0;0;0;0;0;0;0;0;0.0383;0.009;1.8056;1.8056;0;34.714;34.714;26.935;0.0408;1715.6;1052.4;1;0.0301;0.0301;0;0;0;0;0;0;1.7755;1.6875;0;17.059;19.754;15.943;18.462;98.333;98.333;16.115;14.431;13.487;1.6844;0.9439;0.1045;0.0586;0.8369;12.646;0.8349;0
30/10/21 07:00;30.062;-86.168;3.316;30.117;59.883;-90;-59.883;516.91;85.298;431.61;11.42;3.9801;0;860.17;24.308;105.48;0;25.754;1015.7;0;1015.7;860.17;105.48;24.308;25.754;0.8469;0.0493;0;0.0254;988.56;27.153;0;0;3.0505;24.102;986.6;0.9687;0.0984;0.0121;0.7501;0.1081;987.57;0.9886;0.8602;0.1055;0.0213;0.0017;990.45;859.21;105.36;20.486;1.5415;109.47;88.12;34.872;4.042;1.3777;19.818;3.8502;17.153;0;1;0;0;1.965;0.9733;1;1;0.8745;0.0641;0.999;0.9999;1;0.9647;0.9345;0.999;0.999;1;0.999;0.999;0.9713;0.8428;0.0599;3.0502;3.0249;0.0182;0.0001;0.2878;0.019;0.0675;0.0036;0;0;0.088;0;2.4209;0;0;0;0;0;0;0;0;0;0;0;0;0.0544;0.0199;2.5545;2.5545;0;52.225;52.225;40.805;0.0414;2605.2;980.53;1;0.0456;0.0456;0;0;0;0;0;0;2.5089;2.4209;0;15.954;18.474;15.12;17.508;98.216;98.216;24.377;20.415;19.348;3.9616;1.0675;0.1625;0.0438;0.7937;21.138;0.7823;0
30/10/21 08:00;42.174;-76.121;10.24;43.019;46.981;-90;-46.981;723.8;119.4;604.39;12.99;3.8201;0;885.89;35.323;113.46;0;22.999;1057.7;0;1057.7;885.89;113.46;35.323;22.999;0.8376;0.0551;0;0.0217;1033.1;24.526;0;0;3.1184;21.407;1030.6;1.4883;0.313;0.0401;1.0546;0.0806;1032.1;1.0331;0.8859;0.1135;0.0322;0.0016;1035.9;884.69;113.31;31.118;1.5095;298.55;240.33;93.444;2.5087;3.312;47.642;5.3001;48.445;0;1;0;0;1.4613;0.9768;1;1;0.9117;0.0692;0.9986;0.9996;1;0.9672;0.9493;0.999;0.999;1;0.999;0.999;0.9744;0.8809;0.0656;3.1762;3.2205;0.0194;0.0026;0.346;0.02;0.0708;0.0084;0;0;0.088;0;2.5378;0;0;0;0;0;0;0;0;0;0;0;0;0.057;0.0223;2.6739;2.6739;0;55.743;55.743;42.753;0.0415;2769.4;965.51;1;0.0481;0.0481;0;0;0;0;0;0;2.6258;2.5378;0;16.037;18.571;15.221;17.626;98.201;98.201;25.384;21.37;20.282;4.0141;1.0877;0.1581;0.0429;0.799;26.78;0.7729;0
30/10/21 09:00;53.661;-62.66;15.792;56.837;33.163;-90;-33.163;891.31;147.1;744.2;14.85;4.0501;0;889.01;45.222;116.91;0;14.518;1065.7;0;1065.7;889.01;116.91;45.222;14.518;0.8342;0.0561;0;0.0136;1050.4;15.279;0;0;2.3563;12.922;1047.2;2.1795;0.4845;0.0637;1.3849;0.2464;1049.3;1.0504;0.889;0.1169;0.0429;0.0016;1051.1;887.63;116.73;41.438;1.3474;459.84;370.17;147.57;0.9715;4.6762;67.266;3.9142;70.97;0;1;0;0;1.1956;0.9857;1;1;0.9479;0.1099;0.9979;0.9995;1;0.9677;0.8454;0.999;0.999;1;0.999;0.999;0.9826;0.9163;0.0928;3.2002;3.3075;0.0199;0.004;0.3862;0.0203;0.0719;0.0118;0;0;0.088;0;2.5753;0;0;0;0;0;0;0;0;0;0;0;0;0.0579;0.0234;2.712;2.712;0;58.384;58.384;43.534;0.0416;2841;954.57;1;0.0487;0.0487;0;0;0;0;0;0;2.6633;2.5753;0;16.144;18.694;15.33;17.752;98.204;98.204;25.576;21.674;20.581;3.9017;1.0926;0.1526;0.0427;0.8047;30.491;0.7684;0
30/10/21 10:00;63.408;-41.635;19.546;71.604;18.396;-90;-18.396;1009.5;166.6;842.91;15.16;4.4699;0;888.31;52.141;119.18;0;5.1588;1064.8;0;1064.8;888.31;119.18;52.141;5.1588;0.8343;0.0538;0;0.0048;1059.4;5.3669;0;0;1.0522;4.3147;1055.7;2.6785;0.5991;0.0804;1.8118;0.1873;1058.4;1.0594;0.8883;0.1192;0.0511;0.0008;1056.9;886.82;118.98;49.226;0.656;574.79;462.71;179.03;0.14;6.1283;88.153;1.2289;94.142;0;1;0;0;1.0548;0.995;1;1;0.9798;0.1636;0.9975;0.9993;1;0.9645;0.7779;0.999;0.999;1;0.999;0.999;0.9914;0.9441;0.1272;3.1975;3.3691;0.0203;0.0051;0.4015;0.0206;0.073;0.0154;0;0;0.088;0;2.6126;0;0;0;0;0;0;0;0;0;0;0;0;0.0588;0.0243;2.7501;2.7501;0;59.075;59.075;43.915;0.0416;2892.6;950.73;1;0.0495;0.0495;0;0;0;0;0;0;2.7006;2.6126;0;16.384;18.972;15.565;18.024;98.199;98.199;25.555;21.979;20.88;3.5761;1.0992;0.1399;0.043;0.8171;32.16;0.7694;0
30/10/21 11:00;68.658;-7.6033;21.145;87.041;2.9595;-90;-2.9595;1039.8;171.6;868.21;16.5;4.97;0;869.37;56.374;115.34;0;0.1387;1041.2;0;1041.2;869.37;115.34;56.374;0.1387;0.8349;0.0543;0;0.0001;1041;0.176;0;0;0.0599;0.1161;1036.8;3.2286;0.6343;0.0842;2.505;0.005;1040;1.041;0.8694;0.1153;0.0563;0;1036.8;867.86;115.14;53.753;0.0175;612.78;493.29;191.55;-0.0003;6.479;93.198;-0.0047;99.677;0;1;0;0;1.0014;0.9998;1;1;0.9989;0.1628;0.9969;0.9993;1;0.9555;0.7775;0.999;0.999;1;0.999;0.999;0.9957;0.9535;0.1265;3.1268;3.3191;0.02;0.0042;0.4026;0.0202;0.0718;0.0162;0;0;0.088;0;2.5664;0;0;0;0;0;0;0;0;0;0;0;0;0.0578;0.0236;2.7027;2.7027;0;59.647;59.647;43.147;0.0416;2849.2;948.58;1;0.0483;0.0483;0;0;0;0;0;0;2.6544;2.5664;0;16.466;19.067;15.636;18.106;98.212;98.212;24.989;21.6;20.51;3.3895;1.0895;0.1356;0.0436;0.8208;33.409;0.7692;0
30/10/21 12:00;66.15;30.36;20.42;77.404;12.596;90;12.596;1039.7;171.5;868.21;17.36;5.5899;0;889.62;53.609;120.13;0;2.5024;1065.9;0;1065.9;889.62;120.13;53.609;2.5024;0.8346;0.0526;0;0.0023;1063.2;2.6627;0;0;0.5732;2.0895;1059.3;2.8831;0.6269;0.0846;2.0787;0.0929;1062.1;1.0632;0.8896;0.1201;0.053;0.0004;1059.8;888.1;119.93;50.904;0.3195;603.51;485.83;190.26;0.0376;6.2792;90.323;0.513;96.565;0;1;0;0;1.0252;0.9975;1;1;0.9893;0.165;0.9973;0.9993;1;0.9608;0.7747;0.999;0.999;1;0.999;0.999;0.9938;0.9495;0.1277;3.2008;3.3823;0.0204;0.0054;0.4326;0.0205;0.0726;0.0156;0;0;0.088;0;2.5956;0;0;0;0;0;0;0;0;0;0;0;0;0.0585;0.0245;2.7324;2.7324;0;61.513;61.513;44.152;0.0417;2905.4;940.43;1;0.0488;0.0488;0;0;0;0;0;0;2.6836;2.5956;0;16.262;18.831;15.448;17.888;98.214;98.214;25.581;21.837;20.744;3.7436;1.0933;0.1463;0.0427;0.8109;32.365;0.7625;0
30/10/21 13:00;57.662;55.905;17.449;62.333;27.667;90;27.667;948.99;156.2;792.79;17.66;6.09;0;895.14;47.757;119.17;0;10.851;1072.9;0;1072.9;895.14;119.17;47.757;10.851;0.8343;0.0546;0;0.0101;1061.6;11.299;0;0;1.8689;9.4306;1058.2;2.3884;0.539;0.0718;1.506;0.2716;1060.6;1.0616;0.8951;0.1192;0.0459;0.0014;1060.9;893.71;118.98;44.336;1.1473;513.16;413.09;164.51;0.5484;5.1947;74.724;2.7557;79.371;0;1;0;0;1.1306;0.9895;1;1;0.9609;0.1309;0.9977;0.9994;1;0.9671;0.8086;0.999;0.999;1;0.999;0.999;0.9863;0.9284;0.1057;3.222;3.3529;0.0202;0.0048;0.4322;0.0203;0.0719;0.0129;0;0;0.088;0;2.5725;0;0;0;0;0;0;0;0;0;0;0;0;0.0579;0.0241;2.7087;2.7087;0;61.777;61.777;44.117;0.0417;2881.6;940.01;1;0.0482;0.0482;0;0;0;0;0;0;2.6605;2.5725;0;16.015;18.545;15.21;17.613;98.22;98.22;25.75;21.648;20.559;4.102;1.0886;0.1593;0.0423;0.7984;30.991;0.7589;0
30/10/21 14:00;46.642;71.579;12.53;48.143;41.857;90;41.857;815.1;136.3;678.8;17.86;6.33;0;911.37;38.963;123.03;0;20.8;1094.2;0;1094.2;911.37;123.03;38.963;20.8;0.8329;0.0546;0;0.019;1072;22.129;0;0;2.9116;19.218;1069.2;1.7405;0.3941;0.0532;1.1674;0.1258;1071;1.072;0.9114;0.123;0.0361;0.0016;1074.5;910.07;122.86;34.848;1.4551;374.22;301.25;119.37;1.8598;3.9221;56.418;5.3078;58.48;0;1;0;0;1.3424;0.9798;1;1;0.9253;0.0761;0.9984;0.9996;1;0.9676;0.9204;0.999;0.999;1;0.999;0.999;0.9772;0.8944;0.07;3.2858;3.3553;0.0202;0.0049;0.4407;0.0202;0.0717;0.0097;0;0;0.088;0;2.5698;0;0;0;0;0;0;0;0;0;0;0;0;0.0578;0.0242;2.7059;2.7059;0;62.464;62.464;44.604;0.0417;2885.7;937.7;1;0.0481;0.0481;0;0;0;0;0;0;2.6578;2.5698;0;15.688;18.166;14.899;17.253;98.223;98.223;26.26;21.626;20.538;4.6344;1.0876;0.1765;0.0414;0.7821;28.197;0.753;0
30/10/21 15:00;34.69;82.605;6.0754;34.915;55.085;90;55.085;671.7;110.9;560.8;17.51;6.43;0;979.8;25.322;137.49;0;28.725;1171.3;0;1171.3;979.8;137.49;25.322;28.725;0.8365;0.0461;0;0.0245;1141.5;29.798;0;0;2.8213;26.976;1139.3;1.0783;0.2054;0.0288;0.7664;0.0776;1140.4;1.1415;0.9798;0.1375;0.0225;0.0017;1144.8;978.62;137.32;21.711;1.669;201.91;162.54;60.683;3.1325;2.4967;35.915;5.4872;35.279;0;1;0;0;1.7438;0.9746;1;1;0.8886;0.0609;0.9991;0.9998;1;0.9659;0.9556;0.999;0.999;1;0.999;0.999;0.9727;0.8574;0.0581;3.5175;3.5237;0.0212;0.0083;0.4962;0.021;0.0744;0.0061;0;0;0.088;0;2.662;0;0;0;0;0;0;0;0;0;0;0;0;0.0599;0.0266;2.8099;2.8004;0;65.152;65.152;47.642;0.0418;2978.8;940.12;1;0.0599;0.0504;0;0;0.0095;0;0;0;2.75;2.662;0;15.166;17.562;14.417;16.694;97.867;98.199;28.112;22.381;21.275;5.731;1.1064;0.2039;0.0394;0.7568;20.848;0.7398;0
30/10/21 16:00;22.45;91.607;22.157;22.458;45.432;90;45.432;389.5;119.8;269.7;16.69;6.25;0;654.1;50.092;147.77;0;11.617;863.58;0;863.58;654.1;147.77;50.092;11.617;0.7574;0.0715;0;0.0135;848.55;15.031;0;0;4.2194;10.811;845.54;2.1559;0.5001;0.113;1.4955;0.0474;847.7;0.8485;0.6541;0.1478;0.0459;0.0008;846.2;652.94;147.51;44.331;0.7573;39.048;31.434;13.317;3.1644;0.5463;7.8588;0.6527;5.2408;0;1;0;0;2.2171;0.9826;1;1;0.9158;0.0693;0.9975;0.9992;1;0.9674;0.9412;0.999;0.999;1;0.999;0.999;0.9791;0.885;0.0652;2.5933;2.5652;0.0154;-0.0022;0.2398;0.0162;0.0574;0.0014;0;0;0.088;0;2.0521;0;0;0;0;0;0;0;0;0;0;0;0;0.0462;0.0145;2.1764;2.1764;0;51.642;51.642;34.952;0.0413;2211.5;984.13;1;0.0363;0.0363;0;0;0;0;0;0;2.1401;2.0521;0;15.987;18.513;15.074;17.455;98.332;98.332;20.726;17.394;16.4;3.3322;0.9934;0.1608;0.0479;0.7913;37.428;0.7859;0
30/10/21 17:00;10.255;99.91;64.42;10.407;15.576;90;15.576;135.71;104.8;30.905;15.43;4.3199;0;74.954;90.016;31.775;0;0.4984;197.24;0;197.24;74.954;31.775;90.016;0.4984;0.38;0.4589;0;0.0025;195.45;1.793;0;0;1.3762;0.4167;185.7;9.5565;4.379;1.8563;3.3029;0.0183;195.26;0.1955;0.075;0.0318;0.0886;0.0001;185.77;70.5;29.887;85.248;0.0633;55.11;44.364;16.585;0.1333;0.6331;9.1072;0.074;9.6071;0;1;0;0;1.4535;0.9909;1;1;0.9847;0.1639;0.9511;0.9415;1;0.9627;0.7753;0.999;0.999;1;0.999;0.999;0.9415;0.947;0.1269;0.5923;0.5787;0.0035;0.0178;-0.0042;0.0039;0.0139;0.0018;0;0;0.088;0;0.432;0;0;0;0;0;0;0;0;0;0;0;0;0.0112;0.001;0.5298;0.5298;0;22.985;22.985;7.5555;0.0407;494.75;1070.8;1;0.0098;0.0098;0;0;0;0;0;0;0.52;0.432;0;17.039;19.73;13.894;16.089;98.155;98.155;4.7338;4.234;3.4526;0.4998;0.7814;0.1056;0.1651;0.7293;54.894;0.705;0
30/10/21 18:00;2.0822;105.62;84.945;2.1619;3.0875;90;3.0875;0;0;0;13.71;3.3401;0;0;0;0;0;0;0;0;0;0;0;0;0;1;1;1;1;0;0;0;0;0;0;0;0;0;0;0;0;0;0;0;0;0;0;0;0;0;0;0;0;0;0;0;0;0;0;0;0;0;0;0;1;1;1;1;1;1;1;1;1;1;1;1;1;1;1;1;1;1;1;0;0;0;0;0;0;0;0;0;0.0004;0.088;0;-0.0884;0;0;0;0;0;0;0;0;0;0;0;0;0;0;0;0;0;0;0;-13.71;0;0;0;0;0.0004;0;0;0;0;0;0;0;-0.0004;-0.0884;0;0;0;0;0;0;0;0;0;-0.7063;0;0.7063;1;1;0;0;0;0
30/10/21 19:00;0;0;90;0;0;90;0;0;0;0;12.04;3.29;0;0;0;0;0;0;0;0;0;0;0;0;0;1;1;1;1;0;0;0;0;0;0;0;0;0;0;0;0;0;0;0;0;0;0;0;0;0;0;0;0;0;0;0;0;0;0;0;0;0;0;0;1;1;1;1;1;1;1;1;1;1;1;1;1;1;1;1;1;1;1;0;0;0;0;0;0;0;0;0;0.0004;0.088;0;-0.0884;0;0;0;0;0;0;0;0;0;0;0;0;0;0;0;0;0;0;0;-12.04;0;0;0;0;0.0004;0;0;0;0;0;0;0;-0.0004;-0.0884;0;0;0;0;0;0;0;0;0;-0.7063;0;0.7063;1;1;0;0;0;0
30/10/21 20:00;0;0;90;0;0;90;0;0;0;0;10.58;3.3;0;0;0;0;0;0;0;0;0;0;0;0;0;1;1;1;1;0;0;0;0;0;0;0;0;0;0;0;0;0;0;0;0;0;0;0;0;0;0;0;0;0;0;0;0;0;0;0;0;0;0;0;1;1;1;1;1;1;1;1;1;1;1;1;1;1;1;1;1;1;1;0;0;0;0;0;0;0;0;0;0.0004;0.088;0;-0.0884;0;0;0;0;0;0;0;0;0;0;0;0;0;0;0;0;0;0;0;-10.58;0;0;0;0;0.0004;0;0;0;0;0;0;0;-0.0004;-0.0884;0;0;0;0;0;0;0;0;0;-0.7063;0;0.7063;1;1;0;0;0;0
30/10/21 21:00;0;0;90;0;0;90;0;0;0;0;4.8501;3.2799;0;0;0;0;0;0;0;0;0;0;0;0;0;1;1;1;1;0;0;0;0;0;0;0;0;0;0;0;0;0;0;0;0;0;0;0;0;0;0;0;0;0;0;0;0;0;0;0;0;0;0;0;1;1;1;1;1;1;1;1;1;1;1;1;1;1;1;1;1;1;1;0;0;0;0;0;0;0;0;0;0.0004;0.088;0;-0.0884;0;0;0;0;0;0;0;0;0;0;0;0;0;0;0;0;0;0;0;-4.8501;0;0;0;0;0.0004;0;0;0;0;0;0;0;-0.0004;-0.0884;0;0;0;0;0;0;0;0;0;-0.7063;0;0.7063;1;1;0;0;0;0
30/10/21 22:00;0;0;90;0;0;90;0;0;0;0;4.4598;3.1999;0;0;0;0;0;0;0;0;0;0;0;0;0;1;1;1;1;0;0;0;0;0;0;0;0;0;0;0;0;0;0;0;0;0;0;0;0;0;0;0;0;0;0;0;0;0;0;0;0;0;0;0;1;1;1;1;1;1;1;1;1;1;1;1;1;1;1;1;1;1;1;0;0;0;0;0;0;0;0;0;0.0004;0.088;0;-0.0884;0;0;0;0;0;0;0;0;0;0;0;0;0;0;0;0;0;0;0;-4.4598;0;0;0;0;0.0004;0;0;0;0;0;0;0;-0.0004;-0.0884;0;0;0;0;0;0;0;0;0;-0.7063;0;0.7063;1;1;0;0;0;0
30/10/21 23:00;0;0;90;0;0;90;0;0;0;0;3.0399;3.1199;0;0;0;0;0;0;0;0;0;0;0;0;0;1;1;1;1;0;0;0;0;0;0;0;0;0;0;0;0;0;0;0;0;0;0;0;0;0;0;0;0;0;0;0;0;0;0;0;0;0;0;0;1;1;1;1;1;1;1;1;1;1;1;1;1;1;1;1;1;1;1;0;0;0;0;0;0;0;0;0;0.0004;0.088;0;-0.0884;0;0;0;0;0;0;0;0;0;0;0;0;0;0;0;0;0;0;0;-3.0399;0;0;0;0;0.0004;0;0;0;0;0;0;0;-0.0004;-0.0884;0;0;0;0;0;0;0;0;0;-0.7063;0;0.7063;1;1;0;0;0;0
31/10/21 00:00;0;0;90;0;0;90;0;0;0;0;2.4403;2.9499;0;0;0;0;0;0;0;0;0;0;0;0;0;1;1;1;1;0;0;0;0;0;0;0;0;0;0;0;0;0;0;0;0;0;0;0;0;0;0;0;0;0;0;0;0;0;0;0;0;0;0;0;1;1;1;1;1;1;1;1;1;1;1;1;1;1;1;1;1;1;1;0;0;0;0;0;0;0;0;0;0.0004;0.088;0;-0.0884;0;0;0;0;0;0;0;0;0;0;0;0;0;0;0;0;0;0;0;-2.4403;0;0;0;0;0.0004;0;0;0;0;0;0;0;-0.0004;-0.0884;0;0;0;0;0;0;0;0;0;-0.7063;0;0.7063;1;1;0;0;0;0
31/10/21 01:00;0;0;90;0;0;90;0;0;0;0;2.06;2.73;0;0;0;0;0;0;0;0;0;0;0;0;0;1;1;1;1;0;0;0;0;0;0;0;0;0;0;0;0;0;0;0;0;0;0;0;0;0;0;0;0;0;0;0;0;0;0;0;0;0;0;0;1;1;1;1;1;1;1;1;1;1;1;1;1;1;1;1;1;1;1;0;0;0;0;0;0;0;0;0;0.0004;0.088;0;-0.0884;0;0;0;0;0;0;0;0;0;0;0;0;0;0;0;0;0;0;0;-2.06;0;0;0;0;0.0004;0;0;0;0;0;0;0;-0.0004;-0.0884;0;0;0;0;0;0;0;0;0;-0.7063;0;0.7063;1;1;0;0;0;0
31/10/21 02:00;0;0;90;0;0;90;0;0;0;0;1.4498;2.5401;0;0;0;0;0;0;0;0;0;0;0;0;0;1;1;1;1;0;0;0;0;0;0;0;0;0;0;0;0;0;0;0;0;0;0;0;0;0;0;0;0;0;0;0;0;0;0;0;0;0;0;0;1;1;1;1;1;1;1;1;1;1;1;1;1;1;1;1;1;1;1;0;0;0;0;0;0;0;0;0;0.0004;0.088;0;-0.0884;0;0;0;0;0;0;0;0;0;0;0;0;0;0;0;0;0;0;0;-1.4498;0;0;0;0;0.0004;0;0;0;0;0;0;0;-0.0004;-0.0884;0;0;0;0;0;0;0;0;0;-0.7063;0;0.7063;1;1;0;0;0;0
31/10/21 03:00;0;0;90;0;0;90;0;0;0;0;1.5003;2.18;0;0;0;0;0;0;0;0;0;0;0;0;0;1;1;1;1;0;0;0;0;0;0;0;0;0;0;0;0;0;0;0;0;0;0;0;0;0;0;0;0;0;0;0;0;0;0;0;0;0;0;0;1;1;1;1;1;1;1;1;1;1;1;1;1;1;1;1;1;1;1;0;0;0;0;0;0;0;0;0;0.0004;0.088;0;-0.0884;0;0;0;0;0;0;0;0;0;0;0;0;0;0;0;0;0;0;0;-1.5003;0;0;0;0;0.0004;0;0;0;0;0;0;0;-0.0004;-0.0884;0;0;0;0;0;0;0;0;0;-0.7063;0;0.7063;1;1;0;0;0;0
31/10/21 04:00;0;0;90;0;0;90;0;0;0;0;0.7797;1.65;0;0;0;0;0;0;0;0;0;0;0;0;0;1;1;1;1;0;0;0;0;0;0;0;0;0;0;0;0;0;0;0;0;0;0;0;0;0;0;0;0;0;0;0;0;0;0;0;0;0;0;0;1;1;1;1;1;1;1;1;1;1;1;1;1;1;1;1;1;1;1;0;0;0;0;0;0;0;0;0;0.0004;0.088;0;-0.0884;0;0;0;0;0;0;0;0;0;0;0;0;0;0;0;0;0;0;0;-0.7797;0;0;0;0;0.0004;0;0;0;0;0;0;0;-0.0004;-0.0884;0;0;0;0;0;0;0;0;0;-0.7063;0;0.7063;1;1;0;0;0;0
31/10/21 05:00;5.8888;-103.32;75.592;6.0503;8.7606;-90;-8.7606;74.603;25.297;49.305;1.6399;1.32;0;119.58;16.45;21.222;0;0.087;157.34;0;157.34;119.58;21.222;16.45;0.087;0.76;0.1051;0;0.0006;157.17;0.1682;0;0;0.0956;0.0726;128.52;28.498;23.622;4.1923;0.6799;0.0032;157.01;0.1572;0.1196;0.0212;0.0164;0;128.52;95.838;17.009;15.658;0.0112;10.117;8.1443;3.0589;0.0028;0.1139;1.6384;0.0029;1.7494;0;1;0;0;2.109;0.9989;1;1;0.9942;0.1659;0.8185;0.8023;1;0.9584;0.7754;0.999;0.999;1;0.999;0.999;0.8168;0.9519;0.1285;0.4725;0.3905;0.0024;0.0179;-0.0255;0.0028;0.0098;0.0003;0;0;0.088;0;0.2778;0;0;0;0;0;0;0;0;0;0;0;0;0.0079;0.0005;0.3745;0.3745;0;6.8146;6.8146;5.1747;0.0403;332.72;1125.5;1;0.0087;0.0087;0;0;0;0;0;0;0.3658;0.2778;0;15.098;17.483;11.2;12.97;97.684;97.684;3.7761;2.9928;2.2202;0.7834;0.7726;0.2074;0.2046;0.5879;9.8327;0.5834;0
31/10/21 06:00;17.989;-95.068;41.496;18.055;30.679;-90;-30.679;285.5;48.2;237.3;6.9501;1.24;0;575.51;20.035;64.653;0;3.9959;664.2;0;664.2;575.51;64.653;20.035;3.9959;0.8665;0.0362;0;0.006;659.76;4.4373;0;0;0.9228;3.5145;653.44;5.6661;4.4614;0.5012;0.6207;0.0828;659.1;0.6598;0.5755;0.0647;0.0191;0.0005;653.53;570.48;64.087;18.472;0.3982;14.561;11.721;4.7938;0.3288;0.1596;2.2955;0.0929;2.1263;0;1;0;0;2.3265;0.9933;1;1;0.9539;0.1205;0.9914;0.9922;1;0.9675;0.8278;0.999;0.999;1;0.999;0.999;0.9838;0.922;0.0996;1.9946;1.9732;0.0119;0.0007;0.059;0.0133;0.0472;0.0004;0;0;0.088;0;1.6759;0;0;0;0;0;0;0;0;0;0;0;0;0.038;0.0088;1.7938;1.7938;0;33.57;33.57;26.62;0.0407;1697.3;1056.9;1;0.03;0.03;0;0;0;0;0;0;1.7639;1.6759;0;17.132;19.839;16.006;18.534;98.33;98.33;15.941;14.336;13.393;1.6046;0.9427;0.1007;0.0591;0.8402;13.267;0.838;0
31/10/21 07:00;30.244;-86.478;3.0421;30.291;59.709;-90;-59.709;512.51;84.4;428.11;11.76;1.3501;0;848.77;24.645;102.37;0;25.401;1001.2;0;1001.2;848.77;102.37;24.645;25.401;0.8478;0.05;0;0.0254;974.33;26.854;0;0;3.0798;23.774;972.39;0.9644;0.0891;0.0107;0.7599;0.1046;973.36;0.9743;0.8488;0.1024;0.0216;0.0016;976.2;847.83;102.26;20.784;1.5198;110.88;89.259;35.636;4.0556;1.3726;19.744;3.8032;17.061;0;1;0;0;1.9535;0.9732;1;1;0.875;0.064;0.999;0.9999;1;0.9647;0.9356;0.999;0.999;1;0.999;0.999;0.9712;0.8433;0.0598;3.0066;2.9818;0.018;-0.0003;0.2811;0.0188;0.0666;0.0036;0;0;0.088;0;2.3884;0;0;0;0;0;0;0;0;0;0;0;0;0.0536;0.0193;2.5212;2.5212;0;51.968;51.968;40.208;0.0413;2568.3;981.64;1;0.0448;0.0448;0;0;0;0;0;0;2.4764;2.3884;0;15.974;18.498;15.133;17.524;98.224;98.224;24.028;20.149;19.088;3.8793;1.0612;0.1614;0.0442;0.7944;21.388;0.7828;0
31/10/21 08:00;42.366;-76.474;9.9514;43.17;46.83;-90;-46.83;720.1;118.8;601.31;15;0.8701;0;878.9;35.785;111.53;0;22.744;1049;0;1049;878.9;111.53;35.785;22.744;0.8379;0.0558;0;0.0217;1024.6;24.309;0;0;3.1445;21.165;1022.1;1.4894;0.3018;0.0383;1.0684;0.0809;1023.6;1.0246;0.8789;0.1115;0.0326;0.0016;1027.5;877.72;111.38;31.539;1.4963;298.33;240.16;92.317;2.5134;3.3788;48.602;5.4212;49.468;0;1;0;0;1.4567;0.9768;1;1;0.9121;0.0694;0.9985;0.9997;1;0.9672;0.9487;0.999;0.999;1;0.999;0.999;0.9744;0.8814;0.0658;3.15;3.1973;0.0192;0.0023;0.3632;0.0197;0.0698;0.0085;0;0;0.088;0;2.5013;0;0;0;0;0;0;0;0;0;0;0;0;0.0562;0.022;2.6363;2.6363;0;57.459;57.459;42.46;0.0415;2749.4;958.86;1;0.047;0.047;0;0;0;0;0;0;2.5893;2.5013;0;15.943;18.462;15.127;17.516;98.217;98.217;25.175;21.069;19.99;4.1057;1.0789;0.1631;0.0429;0.7941;27.091;0.7674;0
31/10/21 09:00;53.881;-63.062;15.488;56.954;33.046;-90;-33.046;886.21;146.2;740;16.73;1.2099;0;882.81;45.772;115.01;0;14.336;1057.9;0;1057.9;882.81;115.01;45.772;14.336;0.8345;0.0568;0;0.0136;1042.8;15.125;0;0;2.3716;12.753;1039.6;2.1815;0.4718;0.0615;1.4024;0.2458;1041.8;1.0428;0.8828;0.115;0.0434;0.0016;1043.4;881.45;114.83;41.955;1.3351;457.84;368.56;146.91;0.9714;4.6573;66.994;3.863;70.68;0;1;0;0;1.1938;0.9857;1;1;0.9482;0.1104;0.9979;0.9995;1;0.9677;0.8445;0.999;0.999;1;0.999;0.999;0.9827;0.9166;0.0931;3.1769;3.284;0.0198;0.0036;0.4027;0.02;0.0709;0.0117;0;0;0.088;0;2.5394;0;0;0;0;0;0;0;0;0;0;0;0;0.0571;0.0231;2.675;2.675;0;60.007;60.007;43.277;0.0416;2821.3;948.15;1;0.0476;0.0476;0;0;0;0;0;0;2.6274;2.5394;0;16.04;18.574;15.227;17.632;98.219;98.219;25.39;21.379;20.295;4.0114;1.084;0.158;0.0427;0.7993;30.834;0.7631;0
31/10/21 10:00;63.681;-42.028;19.229;71.677;18.323;-90;-18.323;993.49;163.9;829.59;17.89;1.55;0;873.9;53.324;115.02;0;5.0371;1047.3;0;1047.3;873.9;115.02;53.324;5.0371;0.8344;0.0557;0;0.0048;1042;5.2815;0;0;1.0689;4.2125;1038.3;2.6947;0.5799;0.0763;1.8555;0.183;1041;1.042;0.8739;0.115;0.0523;0.0008;1039.5;872.45;114.83;50.347;0.6407;565.91;455.55;176.25;0.1412;6.0352;86.815;1.1985;92.709;0;1;0;0;1.0541;0.995;1;1;0.98;0.1637;0.9974;0.9993;1;0.9645;0.7779;0.999;0.999;1;0.999;0.999;0.9914;0.9442;0.1272;3.145;3.3138;0.0199;0.0041;0.4198;0.0201;0.0712;0.015;0;0;0.088;0;2.5469;0;0;0;0;0;0;0;0;0;0;0;0;0.0574;0.0235;2.6826;2.6826;0;61.153;61.153;43.263;0.0417;2846.2;942.53;1;0.0477;0.0477;0;0;0;0;0;0;2.6349;2.5469;0;16.249;18.816;15.427;17.865;98.224;98.224;25.135;21.439;20.355;3.6955;1.0842;0.147;0.0431;0.8098;32.88;0.7625;0
31/10/21 11:00;68.981;-7.6807;20.822;87.06;2.9399;-90;-2.9399;1041.7;171.9;869.8;19.04;1.4;0;870.95;56.569;115.44;0;0.1371;1043.1;0;1043.1;870.95;115.44;56.569;0.1371;0.835;0.0544;0;0.0001;1042.9;0.1743;0;0;0.0595;0.1148;1038.7;3.2279;0.6258;0.0829;2.5142;0.005;1041.9;1.0429;0.8709;0.1154;0.0565;0;1038.7;869.45;115.25;53.939;0.0173;613.9;494.19;191.9;-0.0003;6.491;93.37;-0.0049;99.861;0;1;0;0;1.0013;0.9998;1;1;0.9989;0.1628;0.9969;0.9993;1;0.9555;0.7775;0.999;0.999;1;0.999;0.999;0.9957;0.9535;0.1265;3.1324;3.3251;0.02;0.0043;0.4357;0.0201;0.0711;0.0161;0;0;0.088;0;2.5415;0;0;0;0;0;0;0;0;0;0;0;0;0.0573;0.0237;2.6769;2.6769;0;62.363;62.363;43.323;0.0417;2856.2;937.23;1;0.0474;0.0474;0;0;0;0;0;0;2.6295;2.5415;0;16.28;18.851;15.456;17.898;98.231;98.231;25.034;21.394;20.312;3.6408;1.0818;0.1454;0.0432;0.8114;33.524;0.7604;0
31/10/21 12:00;66.439;30.724;20.098;77.44;12.56;90;12.56;1021.8;168.3;853.5;21;1.49;0;874.42;54.84;115.56;0;2.4454;1047.3;0;1047.3;874.42;115.56;54.84;2.4454;0.835;0.0547;0;0.0023;1044.6;2.6255;0;0;0.5836;2.0419;1040.7;2.9052;0.6064;0.0801;2.1278;0.0908;1043.6;1.0446;0.8744;0.1156;0.0543;0.0004;1041.2;872.94;115.37;52.075;0.3122;593.21;477.53;186.99;0.038;6.1737;88.806;0.5007;94.942;0;1;0;0;1.0249;0.9975;1;1;0.9894;0.165;0.9972;0.9993;1;0.9607;0.7747;0.999;0.999;1;0.999;0.999;0.9937;0.9496;0.1277;3.145;3.3232;0.02;0.0043;0.4608;0.0199;0.0705;0.0152;0;0;0.088;0;2.5176;0;0;0;0;0;0;0;0;0;0;0;0;0.0567;0.0237;2.6521;2.6521;0;64.484;64.484;43.484;0.0418;2856;928.62;1;0.0465;0.0465;0;0;0;0;0;0;2.6056;2.5176;0;16.065;18.603;15.25;17.659;98.246;98.246;25.134;21.196;20.121;3.9385;1.0751;0.1567;0.0428;0.8005;33.105;0.7527;0
31/10/21 13:00;57.887;56.341;17.135;62.418;27.582;90;27.582;941.51;156;785.51;21.16;1.4499;0;886.23;48.919;117.49;0;10.701;1063.3;0;1063.3;886.23;117.49;48.919;10.701;0.8334;0.0561;0;0.0101;1052.1;11.201;0;0;1.905;9.2962;1048.7;2.4062;0.524;0.0695;1.5435;0.2692;1051.1;1.0521;0.8862;0.1175;0.047;0.0014;1051.4;884.82;117.3;45.423;1.1338;509.54;410.18;163.32;0.5556;5.161;74.239;2.7159;78.845;0;1;0;0;1.1294;0.9895;1;1;0.9611;0.1312;0.9977;0.9994;1;0.9671;0.8081;0.999;0.999;1;0.999;0.999;0.9862;0.9285;0.106;3.1932;3.3232;0.02;0.0043;0.467;0.0198;0.0703;0.0126;0;0;0.088;0;2.5144;0;0;0;0;0;0;0;0;0;0;0;0;0.0566;0.0237;2.6488;2.6488;0;64.998;64.998;43.837;0.0418;2857.6;926.94;1;0.0464;0.0464;0;0;0;0;0;0;2.6024;2.5144;0;15.802;18.299;15;17.37;98.248;98.248;25.52;21.169;20.095;4.3508;1.0741;0.1705;0.0421;0.7874;31.728;0.7483;0
31/10/21 14:00;46.829;71.965;12.229;48.266;41.734;90;41.734;795.61;142.2;653.41;22.02;1.16;0;875.59;44.092;122.88;0;20.189;1062.8;0;1062.8;875.59;122.88;44.092;20.189;0.8239;0.0605;0;0.019;1040.8;21.928;0;0;3.2807;18.647;1037.9;1.8665;0.3695;0.0519;1.3214;0.1238;1039.8;1.0408;0.8756;0.1229;0.0408;0.0015;1043.1;874.34;122.71;39.449;1.416;367.31;295.68;117.25;2.0826;3.8613;55.544;5.1743;57.322;0;1;0;0;1.3358;0.9794;1;1;0.9256;0.0763;0.9982;0.9996;1;0.9676;0.9196;0.999;0.999;1;0.999;0.999;0.9766;0.8947;0.0701;3.1914;3.2588;0.0196;0.0032;0.4632;0.0194;0.0688;0.0094;0;0;0.088;0;2.4636;0;0;0;0;0;0;0;0;0;0;0;0;0.0554;0.0229;2.5968;2.5968;0;65.422;65.422;43.402;0.0418;2803.8;926.16;1;0.0451;0.0451;0;0;0;0;0;0;2.5516;2.4636;0;15.5;17.949;14.706;17.029;98.262;98.262;25.506;20.753;19.689;4.7528;1.064;0.1863;0.0417;0.7719;31.874;0.7429;0
31/10/21 15:00;34.861;82.94;5.7881;35.066;54.934;90;54.934;592.09;143.2;448.89;22.28;0.8701;0;781.34;49.01;140.9;0;25.193;996.44;0;996.44;781.34;140.9;49.01;25.193;0.7841;0.0745;0;0.0253;967.34;29.098;0;0;5.4389;23.659;964.64;1.7344;0.1561;0.0281;1.4828;0.0675;966.38;0.9673;0.7813;0.1409;0.0436;0.0015;969.78;780.4;140.73;42.045;1.4649;191.73;154.34;58.955;5.9971;2.4807;35.684;5.1365;32.168;0;1;0;0;1.6829;0.9708;1;1;0.889;0.0609;0.9982;0.9998;1;0.9659;0.956;0.999;0.999;1;0.999;0.999;0.9681;0.8579;0.0581;2.9923;2.9961;0.018;-0.0002;0.3955;0.0181;0.0641;0.0061;0;0;0.088;0;2.2939;0;0;0;0;0;0;0;0;0;0;0;0;0.0516;0.0195;2.4232;2.4232;0;62.517;62.517;40.237;0.0417;2578.5;939.79;1;0.0413;0.0413;0;0;0;0;0;0;2.3819;2.2939;0;15.427;17.864;14.604;16.911;98.295;98.295;23.915;19.367;18.333;4.548;1.0334;0.1902;0.0432;0.7666;40.285;0.7466;0
31/10/21 16:00;22.617;91.908;21.142;22.628;46.3;90;46.3;363.5;148;215.5;21.96;0.98;0;522.65;74.656;144.78;0;11.237;753.32;0;753.32;522.65;144.78;74.656;11.237;0.6938;0.114;0;0.0149;736.38;16.937;0;0;6.4642;10.472;732.89;2.7572;0.3813;0.1056;2.2285;0.0418;735.65;0.7364;0.5226;0.1448;0.0682;0.0008;734;521.75;144.53;65.895;0.7215;57.583;46.354;19.096;5.0327;0.8647;12.439;1.1092;8.2707;0;1;0;0;2.0724;0.9775;1;1;0.9134;0.068;0.9963;0.9993;1;0.9673;0.9453;0.999;0.999;1;0.999;0.999;0.9729;0.8826;0.0642;2.2622;2.2369;0.0135;-0.0013;0.2149;0.0141;0.0499;0.0022;0;0;0.088;0;1.7738;0;0;0;0;0;0;0;0;0;0;0;0;0.0402;0.0112;1.8922;1.8922;0;52.276;52.276;30.316;0.0414;1927.8;981.54;1;0.0304;0.0304;0;0;0;0;0;0;1.8618;1.7738;0;15.934;18.451;14.937;17.297;98.394;98.394;18.08;15.123;14.176;2.9571;0.9462;0.1636;0.0523;0.7841;56.234;0.7745;0
31/10/21 17:00;10.429;100.19;63.96;10.592;15.883;90;15.883;130.61;105.8;24.809;21.21;1.23;0;60.169;93.542;25.314;0;0.4986;179.52;0;179.52;60.169;25.314;93.542;0.4986;0.3352;0.5238;0;0.0028;177.63;1.8949;0;0;1.4779;0.417;169.27;8.1848;3.3465;1.4079;3.4121;0.0183;177.45;0.1776;0.0602;0.0253;0.0921;0.0001;169.35;56.763;23.88;88.559;0.0632;57.283;46.112;17.239;0.1484;0.6587;9.4745;0.0808;9.9848;0;1;0;0;1.3745;0.9894;1;1;0.9842;0.1637;0.9539;0.9443;1;0.9629;0.7755;0.999;0.999;1;0.999;0.999;0.9429;0.9467;0.1268;0.5391;0.53;0.0032;0.018;0.006;0.0035;0.0125;0.0018;0;0;0.088;0;0.3772;0;0;0;0;0;0;0;0;0;0;0;0;0.0101;0.0009;0.4741;0.4741;0;28.133;28.133;6.9227;0.0409;453.08;1046.4;1;0.0089;0.0089;0;0;0;0;0;0;0.4652;0.3772;0;16.754;19.401;13.328;15.434;98.113;98.113;4.3086;3.7892;3.0145;0.5193;0.7748;0.1205;0.1798;0.6996;57.11;0.6731;0
31/10/21 18:00;2.2646;105.89;84.501;2.3545;3.3637;90;3.3637;0;0;0;16.97;1.1999;0;0;0;0;0;0;0;0;0;0;0;0;0;1;1;1;1;0;0;0;0;0;0;0;0;0;0;0;0;0;0;0;0;0;0;0;0;0;0;0;0;0;0;0;0;0;0;0;0;0;0;0;1;1;1;1;1;1;1;1;1;1;1;1;1;1;1;1;1;1;1;0;0;0;0;0;0;0;0;0;0.0004;0.088;0;-0.0884;0;0;0;0;0;0;0;0;0;0;0;0;0;0;0;0;0;0;0;-16.97;0;0;0;0;0.0004;0;0;0;0;0;0;0;-0.0004;-0.0884;0;0;0;0;0;0;0;0;0;-0.7063;0;0.7063;1;1;0;0;0;0
31/10/21 19:00;0;0;90;0;0;90;0;0;0;0;11;1.41;0;0;0;0;0;0;0;0;0;0;0;0;0;1;1;1;1;0;0;0;0;0;0;0;0;0;0;0;0;0;0;0;0;0;0;0;0;0;0;0;0;0;0;0;0;0;0;0;0;0;0;0;1;1;1;1;1;1;1;1;1;1;1;1;1;1;1;1;1;1;1;0;0;0;0;0;0;0;0;0;0.0004;0.088;0;-0.0884;0;0;0;0;0;0;0;0;0;0;0;0;0;0;0;0;0;0;0;-11;0;0;0;0;0.0004;0;0;0;0;0;0;0;-0.0004;-0.0884;0;0;0;0;0;0;0;0;0;-0.7063;0;0.7063;1;1;0;0;0;0
31/10/21 20:00;0;0;90;0;0;90;0;0;0;0;9.5001;1.4499;0;0;0;0;0;0;0;0;0;0;0;0;0;1;1;1;1;0;0;0;0;0;0;0;0;0;0;0;0;0;0;0;0;0;0;0;0;0;0;0;0;0;0;0;0;0;0;0;0;0;0;0;1;1;1;1;1;1;1;1;1;1;1;1;1;1;1;1;1;1;1;0;0;0;0;0;0;0;0;0;0.0004;0.088;0;-0.0884;0;0;0;0;0;0;0;0;0;0;0;0;0;0;0;0;0;0;0;-9.5001;0;0;0;0;0.0004;0;0;0;0;0;0;0;-0.0004;-0.0884;0;0;0;0;0;0;0;0;0;-0.7063;0;0.7063;1;1;0;0;0;0
31/10/21 21:00;0;0;90;0;0;90;0;0;0;0;7.8402;1.5199;0;0;0;0;0;0;0;0;0;0;0;0;0;1;1;1;1;0;0;0;0;0;0;0;0;0;0;0;0;0;0;0;0;0;0;0;0;0;0;0;0;0;0;0;0;0;0;0;0;0;0;0;1;1;1;1;1;1;1;1;1;1;1;1;1;1;1;1;1;1;1;0;0;0;0;0;0;0;0;0;0.0004;0.088;0;-0.0884;0;0;0;0;0;0;0;0;0;0;0;0;0;0;0;0;0;0;0;-7.8402;0;0;0;0;0.0004;0;0;0;0;0;0;0;-0.0004;-0.0884;0;0;0;0;0;0;0;0;0;-0.7063;0;0.7063;1;1;0;0;0;0
31/10/21 22:00;0;0;90;0;0;90;0;0;0;0;7.43;1.8301;0;0;0;0;0;0;0;0;0;0;0;0;0;1;1;1;1;0;0;0;0;0;0;0;0;0;0;0;0;0;0;0;0;0;0;0;0;0;0;0;0;0;0;0;0;0;0;0;0;0;0;0;1;1;1;1;1;1;1;1;1;1;1;1;1;1;1;1;1;1;1;0;0;0;0;0;0;0;0;0;0.0004;0.088;0;-0.0884;0;0;0;0;0;0;0;0;0;0;0;0;0;0;0;0;0;0;0;-7.43;0;0;0;0;0.0004;0;0;0;0;0;0;0;-0.0004;-0.0884;0;0;0;0;0;0;0;0;0;-0.7063;0;0.7063;1;1;0;0;0;0
31/10/21 23:00;0;0;90;0;0;90;0;0;0;0;5.4397;2.21;0;0;0;0;0;0;0;0;0;0;0;0;0;1;1;1;1;0;0;0;0;0;0;0;0;0;0;0;0;0;0;0;0;0;0;0;0;0;0;0;0;0;0;0;0;0;0;0;0;0;0;0;1;1;1;1;1;1;1;1;1;1;1;1;1;1;1;1;1;1;1;0;0;0;0;0;0;0;0;0;0.0004;0.088;0;-0.0884;0;0;0;0;0;0;0;0;0;0;0;0;0;0;0;0;0;0;0;-5.4397;0;0;0;0;0.0004;0;0;0;0;0;0;0;-0.0004;-0.0884;0;0;0;0;0;0;0;0;0;-0.7063;0;0.7063;1;1;0;0;0;0
01/11/21 00:00;0;0;90;0;0;90;0;0;0;0;5.0601;2.5499;0;0;0;0;0;0;0;0;0;0;0;0;0;1;1;1;1;0;0;0;0;0;0;0;0;0;0;0;0;0;0;0;0;0;0;0;0;0;0;0;0;0;0;0;0;0;0;0;0;0;0;0;1;1;1;1;1;1;1;1;1;1;1;1;1;1;1;1;1;1;1;0;0;0;0;0;0;0;0;0;0.0004;0.088;0;-0.0884;0;0;0;0;0;0;0;0;0;0;0;0;0;0;0;0;0;0;0;-5.0601;0;0;0;0;0.0004;0;0;0;0;0;0;0;-0.0004;-0.0884;0;0;0;0;0;0;0;0;0;-0.7063;0;0.7063;1;1;0;0;0;0
01/11/21 01:00;0;0;90;0;0;90;0;0;0;0;4.5097;2.8799;0;0;0;0;0;0;0;0;0;0;0;0;0;1;1;1;1;0;0;0;0;0;0;0;0;0;0;0;0;0;0;0;0;0;0;0;0;0;0;0;0;0;0;0;0;0;0;0;0;0;0;0;1;1;1;1;1;1;1;1;1;1;1;1;1;1;1;1;1;1;1;0;0;0;0;0;0;0;0;0;0.0004;0.088;0;-0.0884;0;0;0;0;0;0;0;0;0;0;0;0;0;0;0;0;0;0;0;-4.5097;0;0;0;0;0.0004;0;0;0;0;0;0;0;-0.0004;-0.0884;0;0;0;0;0;0;0;0;0;-0.7063;0;0.7063;1;1;0;0;0;0
01/11/21 02:00;0;0;90;0;0;90;0;0;0;0;5.33;3.1099;0;0;0;0;0;0;0;0;0;0;0;0;0;1;1;1;1;0;0;0;0;0;0;0;0;0;0;0;0;0;0;0;0;0;0;0;0;0;0;0;0;0;0;0;0;0;0;0;0;0;0;0;1;1;1;1;1;1;1;1;1;1;1;1;1;1;1;1;1;1;1;0;0;0;0;0;0;0;0;0;0.0004;0.088;0;-0.0884;0;0;0;0;0;0;0;0;0;0;0;0;0;0;0;0;0;0;0;-5.33;0;0;0;0;0.0004;0;0;0;0;0;0;0;-0.0004;-0.0884;0;0;0;0;0;0;0;0;0;-0.7063;0;0.7063;1;1;0;0;0;0
01/11/21 03:00;0;0;90;0;0;90;0;0;0;0;3.9101;3.29;0;0;0;0;0;0;0;0;0;0;0;0;0;1;1;1;1;0;0;0;0;0;0;0;0;0;0;0;0;0;0;0;0;0;0;0;0;0;0;0;0;0;0;0;0;0;0;0;0;0;0;0;1;1;1;1;1;1;1;1;1;1;1;1;1;1;1;1;1;1;1;0;0;0;0;0;0;0;0;0;0.0004;0.088;0;-0.0884;0;0;0;0;0;0;0;0;0;0;0;0;0;0;0;0;0;0;0;-3.9101;0;0;0;0;0.0004;0;0;0;0;0;0;0;-0.0004;-0.0884;0;0;0;0;0;0;0;0;0;-0.7063;0;0.7063;1;1;0;0;0;0
01/11/21 04:00;0.1714;-107.81;89.584;0.1801;0.2567;-90;-0.2567;0;0;0;4.2598;3.3599;0;0;0;0;0;0;0;0;0;0;0;0;0;1;1;1;1;0;0;0;0;0;0;0;0;0;0;0;0;0;0;0;0;0;0;0;0;0;0;0;0;0;0;0;0;0;0;0;0;0;0;0;1;1;1;1;1;1;1;1;1;1;1;1;1;1;1;1;1;1;1;0;0;0;0;0;0;0;0;0;0.0004;0.088;0;-0.0884;0;0;0;0;0;0;0;0;0;0;0;0;0;0;0;0;0;0;0;-4.2598;0;0;0;0;0.0004;0;0;0;0;0;0;0;-0.0004;-0.0884;0;0;0;0;0;0;0;0;0;-0.7063;0;0.7063;1;1;0;0;0;0
01/11/21 05:00;6.0757;-103.58;75.126;6.249;9.058;-90;-9.058;66.496;32.601;33.894;5.9502;4.3999;0;82.204;24.934;18.216;0;0.0705;125.42;0;125.42;82.204;18.216;24.934;0.0705;0.6554;0.1994;0;0.0006;125.21;0.2119;0;0;0.1531;0.0588;105.18;19.905;15.452;3.4243;1.0258;0.0026;125.09;0.1252;0.0822;0.0182;0.0248;0;105.19;66.669;14.774;23.73;0.0091;15.116;12.622;3.8349;0.0049;0.1462;2.1028;0.0041;2.244;0;1;0;0;1.8862;0.9983;1;1;0.9939;0.166;0.8409;0.8118;1;0.9586;0.7754;0.999;0.999;1;0.999;0.999;0.8386;0.9517;0.1286;0.3766;0.3212;0.0019;0.0173;-0.0172;0.0022;0.0079;0.0004;0;0;0.088;0;0.2062;0;0;0;0;0;0;0;0;0;0;0;0;0.0064;0.0004;0.3018;0.3018;0;10.206;10.206;4.2556;0.0405;273.51;1103.6;1;0.0077;0.0077;0;0;0;0;0;0;0.2942;0.2062;0;15.266;17.678;10.427;12.074;97.453;97.453;3.0102;2.4123;1.6476;0.5979;0.7647;0.1986;0.2541;0.5473;14.913;0.5405;0
01/11/21 06:00;18.166;-95.349;40.875;18.24;31.147;-90;-31.147;298.1;49.198;248.9;9.4502;3.6799;0;603.65;19.432;68.53;0;3.6527;695.27;0;695.27;603.65;68.53;19.432;3.6527;0.8682;0.0332;0;0.0053;691.13;4.1366;0;0;0.9168;3.2198;684.8;5.6403;4.4603;0.5064;0.6006;0.0731;690.44;0.6911;0.6037;0.0685;0.0185;0.0004;684.91;598.59;67.956;17.896;0.3593;14.268;11.914;3.3745;0.3359;0.1755;2.524;0.1099;2.3635;0;1;0;0;2.3323;0.9941;1;1;0.9528;0.1185;0.9918;0.9926;1;0.9675;0.8309;0.999;0.999;1;0.999;0.999;0.9849;0.921;0.0984;2.0879;2.0682;0.0125;-0.0001;0.0898;0.0138;0.0488;0.0005;0;0;0.088;0;1.7352;0;0;0;0;0;0;0;0;0;0;0;0;0.0393;0.0096;1.8541;1.8541;0;37.434;37.434;27.984;0.0409;1779.2;1042.1;1;0.0308;0.0308;0;0;0;0;0;0;1.8232;1.7352;0;16.917;19.589;15.832;18.333;98.337;98.337;16.686;14.818;13.868;1.8687;0.9498;0.112;0.0569;0.8311;12.91;0.8288;0
01/11/21 07:00;30.42;-86.788;2.7698;30.46;59.54;-90;-59.54;515.6;84.899;430.7;13.98;2.81;0;849.62;24.822;102.49;0;21.609;998.54;0;998.54;849.62;102.49;24.822;21.609;0.8509;0.0465;0;0.0216;975.22;23.317;0;0;3.0892;20.228;973.3;0.9431;0.0812;0.0098;0.7647;0.0874;974.25;0.9752;0.8496;0.1025;0.0217;0.0014;976.74;848.69;102.38;20.946;1.2926;113.5;94.774;29.877;4.0426;1.2876;18.522;3.4411;15.767;0;1;0;0;1.9367;0.9766;1;1;0.8755;0.0639;0.999;0.9999;1;0.9648;0.9367;0.999;0.999;1;0.999;0.999;0.9747;0.8439;0.0598;2.9986;2.9809;0.0179;-0.0003;0.3058;0.0186;0.066;0.0033;0;0;0.088;0;2.3652;0;0;0;0;0;0;0;0;0;0;0;0;0.0531;0.0193;2.4971;2.4971;0;54.303;54.303;40.323;0.0414;2567.8;972.49;1;0.0439;0.0439;0;0;0;0;0;0;2.4532;2.3652;0;15.864;18.37;15.026;17.4;98.24;98.24;23.965;19.957;18.903;4.0078;1.0545;0.1672;0.044;0.7888;21.498;0.778;0
01/11/21 08:00;42.553;-76.826;9.665;43.315;46.685;-90;-46.685;667.5;124.4;543.1;18.42;2.35;0;791.68;44.279;104.77;0;17.815;958.54;0;958.54;791.68;104.77;44.279;17.815;0.8259;0.0648;0;0.0186;938.1;20.448;0;0;3.8733;16.575;935.47;1.6852;0.264;0.0349;1.3219;0.0643;937.16;0.9381;0.7917;0.1048;0.0404;0.0012;939.76;790.63;104.63;39.043;1.1747;280.63;234.33;73.746;3.0742;2.742;39.442;4.2821;39.11;0;1;0;0;1.436;0.9787;1;1;0.9125;0.0696;0.9982;0.9997;1;0.9673;0.9481;0.999;0.999;1;0.999;0.999;0.9759;0.8818;0.0659;2.8785;2.9136;0.0175;-0.0008;0.33;0.018;0.0637;0.0069;0;0;0.088;0;2.279;0;0;0;0;0;0;0;0;0;0;0;0;0.0513;0.0185;2.4085;2.4085;0;57.27;57.27;38.85;0.0415;2508.4;960.19;1;0.0415;0.0415;0;0;0;0;0;0;2.367;2.279;0;15.939;18.457;15.083;17.465;98.279;98.279;23.005;19.249;18.214;3.7564;1.0346;0.1633;0.045;0.7917;33.476;0.7681;0
01/11/21 09:00;54.095;-63.467;15.187;57.067;32.933;-90;-32.933;881.6;145.5;736.1;21.62;2.41;0;877.03;46.324;113.34;0;12.042;1048.7;0;1048.7;877.03;113.34;46.324;12.042;0.8363;0.0557;0;0.0115;1035.6;13.094;0;0;2.3873;10.707;1032.5;2.1475;0.4596;0.0594;1.42;0.2085;1034.6;1.0356;0.877;0.1133;0.0439;0.0013;1035.7;875.7;113.17;42.472;1.1252;456.06;380.81;123.81;0.971;3.9364;56.623;3.2286;59.589;0;1;0;0;1.1896;0.9875;1;1;0.9485;0.1109;0.9979;0.9995;1;0.9676;0.8437;0.999;0.999;1;0.999;0.999;0.9845;0.9169;0.0934;3.1494;3.2388;0.0195;0.0029;0.4528;0.0193;0.0686;0.0097;0;0;0.088;0;2.4551;0;0;0;0;0;0;0;0;0;0;0;0;0.0552;0.0226;2.5881;2.5881;0;64.77;64.77;43.15;0.0418;2786;928.95;1;0.045;0.045;0;0;0;0;0;0;2.5431;2.4551;0;15.655;18.128;14.85;17.197;98.261;98.261;25.17;20.684;19.621;4.4857;1.0629;0.1782;0.0422;0.7796;31.18;0.7493;0
01/11/21 10:00;63.947;-42.431;18.915;71.745;18.255;-90;-18.255;982.9;162.4;820.5;23.63;2.6399;0;863.98;54.292;112.36;0;4.2045;1034.8;0;1034.8;863.98;112.36;54.292;4.2045;0.8349;0.0565;0;0.0041;1030.2;4.5975;0;0;1.0815;3.516;1026.5;2.6818;0.5639;0.0733;1.8917;0.1528;1029.2;1.0302;0.864;0.1124;0.0532;0.0007;1027.5;862.55;112.18;51.265;0.535;560.08;467.67;147.58;0.1416;5.0567;72.739;0.9948;77.654;0;1;0;0;1.0528;0.9956;1;1;0.9801;0.1638;0.9974;0.9993;1;0.9644;0.7778;0.999;0.999;1;0.999;0.999;0.992;0.9443;0.1272;3.1076;3.2481;0.0196;0.0031;0.4755;0.0192;0.0683;0.0123;0;0;0.088;0;2.4401;0;0;0;0;0;0;0;0;0;0;0;0;0.055;0.0227;2.5725;2.5725;0;66.597;66.597;42.967;0.0419;2793.6;920.87;1;0.0444;0.0444;0;0;0;0;0;0;2.5281;2.4401;0;15.77;18.261;14.958;17.321;98.274;98.274;24.836;20.559;19.501;4.2768;1.0582;0.1722;0.0426;0.7852;33.466;0.7459;0
01/11/21 11:00;69.3;-7.7685;20.502;87.076;2.924;-90;-2.924;1061.7;175.2;886.51;24.48;2.84;0;887.66;55.712;119.61;0;0.1175;1063.1;0;1063.1;887.66;119.61;55.712;0.1175;0.835;0.0525;0;0.0001;1062.9;0.1565;0;0;0.0582;0.0984;1058.7;3.1933;0.628;0.0846;2.4764;0.0043;1061.9;1.0629;0.8877;0.1196;0.0557;0;1058.7;886.15;119.4;53.121;0.0149;625.69;522.45;165.51;-0.0003;5.5967;80.507;-0.0043;86.104;0;1;0;0;1.0013;0.9999;1;1;0.999;0.1628;0.997;0.9993;1;0.9555;0.7775;0.999;0.999;1;0.999;0.999;0.9958;0.9535;0.1265;3.1925;3.3584;0.0202;0.0049;0.5189;0.0197;0.0699;0.0135;0;0;0.088;0;2.4973;0;0;0;0;0;0;0;0;0;0;0;0;0.0563;0.0242;2.6308;2.6308;0;68.879;68.879;44.399;0.0419;2888.7;910.72;1;0.0455;0.0455;0;0;0;0;0;0;2.5853;2.4973;0;15.698;18.178;14.902;17.256;98.27;98.27;25.514;21.025;19.958;4.4891;1.067;0.1759;0.0418;0.7822;33.015;0.7403;0
01/11/21 12:00;66.725;31.085;19.78;77.478;12.522;90;12.522;1023.9;168.6;855.31;25.18;3.0299;0;876.15;55.001;115.69;0;2.0702;1048.9;0;1048.9;876.15;115.69;55.001;2.0702;0.8353;0.0544;0;0.002;1046.6;2.3108;0;0;0.5823;1.7286;1042.7;2.8893;0.598;0.079;2.1355;0.0769;1045.5;1.0466;0.8761;0.1157;0.0544;0.0003;1043.1;874.67;115.49;52.229;0.2643;594.49;496.4;158.56;0.0376;5.2358;75.315;0.4214;80.513;0;1;0;0;1.0244;0.9978;1;1;0.9894;0.165;0.9972;0.9993;1;0.9607;0.7747;0.999;0.999;1;0.999;0.999;0.994;0.9496;0.1277;3.1499;3.3004;0.0199;0.0039;0.5106;0.0194;0.0687;0.0126;0;0;0.088;0;2.4542;0;0;0;0;0;0;0;0;0;0;0;0;0.0553;0.0234;2.5867;2.5867;0;68.907;68.907;43.727;0.0419;2839.3;911.05;1;0.0445;0.0445;0;0;0;0;0;0;2.5422;2.4542;0;15.644;18.116;14.843;17.188;98.281;98.281;25.174;20.673;19.614;4.5006;1.0587;0.1788;0.0421;0.7792;33.198;0.7394;0
01/11/21 13:00;58.111;56.774;16.826;62.504;27.496;90;27.496;941.7;156.5;785.2;25.72;3.1701;0;885.19;49.419;117.38;0;9.0414;1061;0;1061;885.19;117.38;49.419;9.0414;0.8343;0.0551;0;0.0085;1051.3;9.7662;0;0;1.9148;7.8515;1047.8;2.3709;0.5139;0.0682;1.5602;0.2286;1050.2;1.0513;0.8852;0.1174;0.0475;0.0012;1050.1;883.79;117.2;45.897;0.9601;510.01;425.86;138.3;0.5547;4.3779;62.975;2.2825;66.798;0;1;0;0;1.1267;0.9908;1;1;0.9613;0.1316;0.9977;0.9994;1;0.9671;0.8077;0.999;0.999;1;0.999;0.999;0.9876;0.9287;0.1062;3.1863;3.2956;0.0198;0.0038;0.5192;0.0193;0.0683;0.0105;0;0;0.088;0;2.444;0;0;0;0;0;0;0;0;0;0;0;0;0.055;0.0234;2.5762;2.5762;0;69.693;69.693;43.974;0.042;2836.5;908.24;1;0.0441;0.0441;0;0;0;0;0;0;2.532;2.444;0;15.402;17.836;14.612;16.921;98.286;98.286;25.465;20.589;19.533;4.8758;1.0561;0.1915;0.0415;0.7671;32.034;0.7344;0
01/11/21 14:00;47.015;72.346;11.933;48.391;41.609;90;41.609;713.79;203.4;510.39;26.2;3;0;682.62;88.525;136.55;0;15.308;923.01;0;923.01;682.62;136.55;88.525;15.308;0.7396;0.1125;0;0.0166;902.31;20.693;0;0;6.558;14.135;898.32;3.086;0.2811;0.0562;2.6535;0.0952;901.41;0.9023;0.6826;0.1366;0.082;0.0012;902.47;681.66;136.36;79.231;1.0766;340.31;284.16;91.452;4.1323;3.2198;46.315;4.1483;45.402;0;1;0;0;1.2931;0.9776;1;1;0.9259;0.0766;0.9966;0.9996;1;0.9676;0.9188;0.999;0.999;1;0.999;0.999;0.9733;0.895;0.0703;2.7718;2.8158;0.017;-0.0015;0.3845;0.0169;0.06;0.0079;0;0;0.088;0;2.14;0;0;0;0;0;0;0;0;0;0;0;0;0.0483;0.0173;2.2654;2.2654;0;63.707;63.707;37.507;0.0418;2423.6;934.71;1;0.0374;0.0374;0;0;0;0;0;0;2.228;2.14;0;15.57;18.029;14.708;17.032;98.35;98.35;22.152;18.105;17.103;4.047;1.002;0.1827;0.0452;0.7721;63.927;0.7441;0
01/11/21 15:00;35.031;83.271;5.5057;35.218;54.782;90;54.782;678.5;112;566.5;26.06;2.6201;0;982.34;25.605;137.89;0;24.414;1170.2;0;1170.2;982.34;137.89;25.605;24.414;0.8394;0.0427;0;0.0209;1144.5;25.757;0;0;2.8301;22.926;1142.3;1.052;0.1866;0.0262;0.7743;0.0649;1143.3;1.1445;0.9823;0.1379;0.0228;0.0015;1146.9;981.17;137.73;21.977;1.4208;207.4;173.18;53.204;3.1056;2.1649;31.141;4.5853;30.2;0;1;0;0;1.7248;0.978;1;1;0.8895;0.0609;0.9991;0.9998;1;0.966;0.9563;0.999;0.999;1;0.999;0.999;0.9761;0.8583;0.0582;3.5143;3.5199;0.0212;0.0082;0.6108;0.0202;0.0715;0.0051;0;0;0.088;0;2.5643;0;0;0;0;0;0;0;0;0;0;0;0;0.0576;0.0266;2.6988;2.6988;0;74.186;74.186;48.125;0.0421;3032.2;890.04;1;0.0465;0.0465;0;0;0;0;0;0;2.6523;2.5643;0;14.63;16.941;13.9;16.096;98.276;98.276;28.086;21.569;20.494;6.517;1.0752;0.232;0.0383;0.7297;21.012;0.7154;0
01/11/21 16:00;22.785;92.204;20.077;22.8;47.222;90;47.222;261.51;203;58.512;25.44;1.81;0;141.91;151.91;53.516;0;7.1318;354.46;0;354.46;141.91;53.516;151.91;7.1318;0.4003;0.4487;0;0.0201;334.27;20.192;0;0;13.536;6.6561;329.24;4.6946;0.0983;0.0371;4.5351;0.0241;333.94;0.3343;0.1419;0.0535;0.1384;0.0005;331.1;141.67;53.425;133.7;0.451;115.82;96.709;33.148;10.958;1.5851;22.801;1.86;13.428;0;1;0;0;1.3554;0.943;1;1;0.9109;0.0667;0.9859;0.9993;1;0.9672;0.9492;0.999;0.999;1;0.999;0.999;0.9288;0.8801;0.0632;1.0645;1.0453;0.0063;0.0128;0.0522;0.0068;0.0242;0.0042;0;0;0.088;0;0.814;0;0;0;0;0;0;0;0;0;0;0;0;0.0195;0.0028;0.9165;0.9165;0;38.959;38.959;13.519;0.0411;897.47;1021.2;1;0.0146;0.0146;0;0;0;0;0;0;0.902;0.814;0;16.402;18.994;14.567;16.868;98.412;98.412;8.5071;7.3248;6.5052;1.1823;0.8196;0.139;0.0963;0.7647;115.42;0.7295;0
01/11/21 17:00;10.603;100.46;63.497;10.778;16.192;90;16.192;76.497;74.701;1.796;22.71;1.65;0;4.3559;72.706;1.2723;0;0.2579;78.592;0;78.592;4.3559;1.2723;72.706;0.2579;0.0554;0.9284;0;0.0033;77.189;1.4024;0;0;1.1867;0.2158;74.168;2.9439;0.2307;0.0674;2.6363;0.0095;77.112;0.0772;0.0044;0.0013;0.0715;0;74.224;4.1208;1.2036;68.811;0.0327;44.453;37.118;11.309;0.1235;0.4349;6.2563;0.0558;6.5678;0;1;0;0;1.0274;0.9822;1;1;0.9837;0.1635;0.9618;0.947;1;0.9631;0.7756;0.999;0.999;1;0.999;0.999;0.9437;0.9464;0.1267;0.236;0.2367;0.0014;0.016;0.0007;0.0015;0.0054;0.0012;0;0;0.088;0;0.1118;0;0;0;0;0;0;0;0;0;0;0;0;0.0044;0.0002;0.2059;0.2059;0;25.762;25.762;3.0522;0.0412;201.2;1023.4;1;0.0061;0.0061;0;0;0;0;0;0;0.1998;0.1118;0;16.621;19.246;9.0229;10.448;97.024;97.024;1.8862;1.6457;0.8934;0.2405;0.7523;0.1275;0.3988;0.4736;44.441;0.447;0
01/11/21 18:00;2.2512;106.29;84.533;2.3453;3.3504;90;3.3504;0;0;0;19.48;1.7401;0;0;0;0;0;0;0;0;0;0;0;0;0;1;1;1;1;0;0;0;0;0;0;0;0;0;0;0;0;0;0;0;0;0;0;0;0;0;0;0;0;0;0;0;0;0;0;0;0;0;0;0;1;1;1;1;1;1;1;1;1;1;1;1;1;1;1;1;1;1;1;0;0;0;0;0;0;0;0;0;0.0004;0.088;0;-0.0884;0;0;0;0;0;0;0;0;0;0;0;0;0;0;0;0;0;0;0;-19.48;0;0;0;0;0.0004;0;0;0;0;0;0;0;-0.0004;-0.0884;0;0;0;0;0;0;0;0;0;-0.7063;0;0.7063;1;1;0;0;0;0
01/11/21 19:00;0;0;90;0;0;90;0;0;0;0;17.16;1.7401;0;0;0;0;0;0;0;0;0;0;0;0;0;1;1;1;1;0;0;0;0;0;0;0;0;0;0;0;0;0;0;0;0;0;0;0;0;0;0;0;0;0;0;0;0;0;0;0;0;0;0;0;1;1;1;1;1;1;1;1;1;1;1;1;1;1;1;1;1;1;1;0;0;0;0;0;0;0;0;0;0.0004;0.088;0;-0.0884;0;0;0;0;0;0;0;0;0;0;0;0;0;0;0;0;0;0;0;-17.16;0;0;0;0;0.0004;0;0;0;0;0;0;0;-0.0004;-0.0884;0;0;0;0;0;0;0;0;0;-0.7063;0;0.7063;1;1;0;0;0;0
01/11/21 20:00;0;0;90;0;0;90;0;0;0;0;16.52;1.8301;0;0;0;0;0;0;0;0;0;0;0;0;0;1;1;1;1;0;0;0;0;0;0;0;0;0;0;0;0;0;0;0;0;0;0;0;0;0;0;0;0;0;0;0;0;0;0;0;0;0;0;0;1;1;1;1;1;1;1;1;1;1;1;1;1;1;1;1;1;1;1;0;0;0;0;0;0;0;0;0;0.0004;0.088;0;-0.0884;0;0;0;0;0;0;0;0;0;0;0;0;0;0;0;0;0;0;0;-16.52;0;0;0;0;0.0004;0;0;0;0;0;0;0;-0.0004;-0.0884;0;0;0;0;0;0;0;0;0;-0.7063;0;0.7063;1;1;0;0;0;0
01/11/21 21:00;0;0;90;0;0;90;0;0;0;0;16.49;1.9199;0;0;0;0;0;0;0;0;0;0;0;0;0;1;1;1;1;0;0;0;0;0;0;0;0;0;0;0;0;0;0;0;0;0;0;0;0;0;0;0;0;0;0;0;0;0;0;0;0;0;0;0;1;1;1;1;1;1;1;1;1;1;1;1;1;1;1;1;1;1;1;0;0;0;0;0;0;0;0;0;0.0004;0.088;0;-0.0884;0;0;0;0;0;0;0;0;0;0;0;0;0;0;0;0;0;0;0;-16.49;0;0;0;0;0.0004;0;0;0;0;0;0;0;-0.0004;-0.0884;0;0;0;0;0;0;0;0;0;-0.7063;0;0.7063;1;1;0;0;0;0
01/11/21 22:00;0;0;90;0;0;90;0;0;0;0;16.33;2.0099;0;0;0;0;0;0;0;0;0;0;0;0;0;1;1;1;1;0;0;0;0;0;0;0;0;0;0;0;0;0;0;0;0;0;0;0;0;0;0;0;0;0;0;0;0;0;0;0;0;0;0;0;1;1;1;1;1;1;1;1;1;1;1;1;1;1;1;1;1;1;1;0;0;0;0;0;0;0;0;0;0.0004;0.088;0;-0.0884;0;0;0;0;0;0;0;0;0;0;0;0;0;0;0;0;0;0;0;-16.33;0;0;0;0;0.0004;0;0;0;0;0;0;0;-0.0004;-0.0884;0;0;0;0;0;0;0;0;0;-0.7063;0;0.7063;1;1;0;0;0;0
01/11/21 23:00;0;0;90;0;0;90;0;0;0;0;14.54;2.0899;0;0;0;0;0;0;0;0;0;0;0;0;0;1;1;1;1;0;0;0;0;0;0;0;0;0;0;0;0;0;0;0;0;0;0;0;0;0;0;0;0;0;0;0;0;0;0;0;0;0;0;0;1;1;1;1;1;1;1;1;1;1;1;1;1;1;1;1;1;1;1;0;0;0;0;0;0;0;0;0;0.0004;0.088;0;-0.0884;0;0;0;0;0;0;0;0;0;0;0;0;0;0;0;0;0;0;0;-14.54;0;0;0;0;0.0004;0;0;0;0;0;0;0;-0.0004;-0.0884;0;0;0;0;0;0;0;0;0;-0.7063;0;0.7063;1;1;0;0;0;0
02/11/21 00:00;0;0;90;0;0;90;0;0;0;0;14.6;2.26;0;0;0;0;0;0;0;0;0;0;0;0;0;1;1;1;1;0;0;0;0;0;0;0;0;0;0;0;0;0;0;0;0;0;0;0;0;0;0;0;0;0;0;0;0;0;0;0;0;0;0;0;1;1;1;1;1;1;1;1;1;1;1;1;1;1;1;1;1;1;1;0;0;0;0;0;0;0;0;0;0.0004;0.088;0;-0.0884;0;0;0;0;0;0;0;0;0;0;0;0;0;0;0;0;0;0;0;-14.6;0;0;0;0;0.0004;0;0;0;0;0;0;0;-0.0004;-0.0884;0;0;0;0;0;0;0;0;0;-0.7063;0;0.7063;1;1;0;0;0;0
02/11/21 01:00;0;0;90;0;0;90;0;0;0;0;12.79;2.5499;0;0;0;0;0;0;0;0;0;0;0;0;0;1;1;1;1;0;0;0;0;0;0;0;0;0;0;0;0;0;0;0;0;0;0;0;0;0;0;0;0;0;0;0;0;0;0;0;0;0;0;0;1;1;1;1;1;1;1;1;1;1;1;1;1;1;1;1;1;1;1;0;0;0;0;0;0;0;0;0;0.0004;0.088;0;-0.0884;0;0;0;0;0;0;0;0;0;0;0;0;0;0;0;0;0;0;0;-12.79;0;0;0;0;0.0004;0;0;0;0;0;0;0;-0.0004;-0.0884;0;0;0;0;0;0;0;0;0;-0.7063;0;0.7063;1;1;0;0;0;0
02/11/21 02:00;0;0;90;0;0;90;0;0;0;0;11.37;2.8601;0;0;0;0;0;0;0;0;0;0;0;0;0;1;1;1;1;0;0;0;0;0;0;0;0;0;0;0;0;0;0;0;0;0;0;0;0;0;0;0;0;0;0;0;0;0;0;0;0;0;0;0;1;1;1;1;1;1;1;1;1;1;1;1;1;1;1;1;1;1;1;0;0;0;0;0;0;0;0;0;0.0004;0.088;0;-0.0884;0;0;0;0;0;0;0;0;0;0;0;0;0;0;0;0;0;0;0;-11.37;0;0;0;0;0.0004;0;0;0;0;0;0;0;-0.0004;-0.0884;0;0;0;0;0;0;0;0;0;-0.7063;0;0.7063;1;1;0;0;0;0
02/11/21 03:00;0;0;90;0;0;90;0;0;0;0;10.34;3.1099;0;0;0;0;0;0;0;0;0;0;0;0;0;1;1;1;1;0;0;0;0;0;0;0;0;0;0;0;0;0;0;0;0;0;0;0;0;0;0;0;0;0;0;0;0;0;0;0;0;0;0;0;1;1;1;1;1;1;1;1;1;1;1;1;1;1;1;1;1;1;1;0;0;0;0;0;0;0;0;0;0.0004;0.088;0;-0.0884;0;0;0;0;0;0;0;0;0;0;0;0;0;0;0;0;0;0;0;-10.34;0;0;0;0;0.0004;0;0;0;0;0;0;0;-0.0004;-0.0884;0;0;0;0;0;0;0;0;0;-0.7063;0;0.7063;1;1;0;0;0;0
02/11/21 04:00;0.1664;-108.21;89.596;0.1752;0.2497;-90;-0.2497;0;0;0;9.4502;3.3;0;0;0;0;0;0;0;0;0;0;0;0;0;1;1;1;1;0;0;0;0;0;0;0;0;0;0;0;0;0;0;0;0;0;0;0;0;0;0;0;0;0;0;0;0;0;0;0;0;0;0;0;1;1;1;1;1;1;1;1;1;1;1;1;1;1;1;1;1;1;1;0;0;0;0;0;0;0;0;0;0.0004;0.088;0;-0.0884;0;0;0;0;0;0;0;0;0;0;0;0;0;0;0;0;0;0;0;-9.4502;0;0;0;0;0.0004;0;0;0;0;0;0;0;-0.0004;-0.0884;0;0;0;0;0;0;0;0;0;-0.7063;0;0.7063;1;1;0;0;0;0
02/11/21 05:00;6.2575;-103.84;74.672;6.443;9.3494;-90;-9.3494;74.7;28.903;45.797;9.5799;4.4799;0;111.07;20.036;21.18;0;0.0843;152.37;0;152.37;111.07;21.18;20.036;0.0843;0.729;0.132;0;0.0006;152.17;0.2;0;0;0.1297;0.0703;127.54;24.481;19.869;3.7887;0.8206;0.0031;152.02;0.1522;0.1111;0.0212;0.0199;0;127.54;91.092;17.37;19.066;0.0109;12.259;10.236;3.1264;0.0045;0.1175;1.6905;0.0036;1.8035;0;1;0;0;2.0398;0.9987;1;1;0.9935;0.1661;0.839;0.8209;1;0.9587;0.7753;0.999;0.999;1;0.999;0.999;0.837;0.9516;0.1287;0.4576;0.3877;0.0023;0.0179;-0.0144;0.0027;0.0095;0.0003;0;0;0.088;0;0.265;0;0;0;0;0;0;0;0;0;0;0;0;0.0076;0.0005;0.3612;0.3612;0;14.75;14.75;5.1704;0.0405;330.9;1091.6;1;0.0082;0.0082;0;0;0;0;0;0;0.353;0.265;0;15.039;17.415;11.034;12.777;97.731;97.731;3.6569;2.887;2.1181;0.77;0.7688;0.2106;0.2102;0.5792;11.992;0.5744;0
02/11/21 06:00;18.339;-95.628;40.265;18.421;31.61;-90;-31.61;279.21;54.1;225.11;16.83;4.34;0;545.95;24.318;67.505;0;3.5211;641.29;0;641.29;545.95;67.505;24.318;3.5211;0.8513;0.0434;0;0.0055;637.01;4.2853;0;0;1.1745;3.1108;631.24;5.1319;3.8393;0.4747;0.7499;0.068;636.37;0.637;0.5459;0.0675;0.0231;0.0004;631.34;541.56;66.963;22.37;0.3418;17.45;14.571;4.8356;0.4421;0.1705;2.4533;0.103;2.1818;0;1;0;0;2.2968;0.9933;1;1;0.9517;0.1165;0.9919;0.993;1;0.9676;0.834;0.999;0.999;1;0.999;0.999;0.9843;0.9199;0.0971;1.9258;1.9067;0.0115;0.0014;0.1189;0.0124;0.0441;0.0005;0;0;0.088;0;1.5593;0;0;0;0;0;0;0;0;0;0;0;0;0.0355;0.0083;1.6743;1.6743;0;42.745;42.745;25.915;0.0411;1641.2;1020.2;1;0.027;0.027;0;0;0;0;0;0;1.6473;1.5593;0;16.562;19.178;15.424;17.861;98.389;98.389;15.391;13.381;12.462;2.0104;0.9188;0.1306;0.0597;0.8097;16.21;0.8074;0
02/11/21 07:00;30.591;-87.097;2.4991;30.623;59.377;-90;-59.377;500.01;86.203;413.8;21.63;4.64;0;812.35;27.017;98.949;0;20.851;959.17;0;959.17;812.35;98.949;27.017;20.851;0.8469;0.0499;0;0.0217;936.3;22.869;0;0;3.349;19.52;934.37;0.9932;0.0701;0.0085;0.8317;0.0829;935.36;0.9363;0.8123;0.0989;0.0237;0.0013;937.73;811.47;98.841;22.813;1.2469;113.66;94.905;30.255;4.3564;1.2875;18.521;3.3615;15.452;0;1;0;0;1.9183;0.9762;1;1;0.876;0.0638;0.9989;0.9999;1;0.9648;0.9377;0.999;0.999;1;0.999;0.999;0.9741;0.8444;0.0598;2.8804;2.8634;0.0172;-0.0012;0.3581;0.0174;0.0618;0.0032;0;0;0.088;0;2.2117;0;0;0;0;0;0;0;0;0;0;0;0;0.0498;0.0179;2.3391;2.3391;0;60.54;60.54;38.91;0.0416;2467.2;948.11;1;0.0395;0.0395;0;0;0;0;0;0;2.2997;2.2117;0;15.47;17.914;14.627;16.938;98.312;98.312;23.02;18.695;17.676;4.3255;1.0188;0.1879;0.0443;0.7678;23.355;0.7569;0
02/11/21 08:00;42.734;-77.179;9.3806;43.455;46.545;-90;-46.545;701.1;116.4;584.69;22.96;4.9301;0;850.11;37.368;104.86;0;18.606;1010.9;0;1010.9;850.11;104.86;37.368;18.606;0.8409;0.0554;0;0.0184;990.38;20.561;0;0;3.2545;17.307;987.9;1.4929;0.2752;0.0339;1.1156;0.0682;989.39;0.9904;0.8501;0.1049;0.0341;0.0013;992.33;848.98;104.72;32.964;1.2296;293.21;244.83;76.938;2.5685;2.8302;40.712;4.4337;40.973;0;1;0;0;1.4419;0.9797;1;1;0.9129;0.0698;0.9985;0.9997;1;0.9673;0.9475;0.999;0.999;1;0.999;0.999;0.9772;0.8821;0.0661;3.0359;3.0746;0.0185;0.0007;0.4245;0.0184;0.0653;0.007;0;0;0.088;0;2.337;0;0;0;0;0;0;0;0;0;0;0;0;0.0526;0.0204;2.4672;2.4672;0;64.226;64.226;41.267;0.0418;2644.9;932.82;1;0.0422;0.0422;0;0;0;0;0;0;2.425;2.337;0;15.482;17.927;14.665;16.981;98.29;98.29;24.263;19.718;18.677;4.5448;1.0405;0.1873;0.0429;0.7698;28.214;0.7473;0
02/11/21 09:00;54.303;-63.875;14.888;57.174;32.826;-90;-32.826;857.2;142;715.2;24.72;4.9;0;851.1;47.916;107.01;0;11.634;1017.7;0;1017.7;851.1;107.01;47.916;11.634;0.8363;0.0585;0;0.0114;1004.9;12.796;0;0;2.4567;10.339;1001.7;2.1651;0.4372;0.055;1.4695;0.2033;1003.9;1.0049;0.8511;0.107;0.0455;0.0013;1004.8;849.81;106.85;43.945;1.0906;444.24;370.94;120.59;0.993;3.8386;55.217;3.1193;58.063;0;1;0;0;1.1872;0.9874;1;1;0.9487;0.1113;0.9978;0.9995;1;0.9676;0.8428;0.999;0.999;1;0.999;0.999;0.9843;0.9171;0.0937;3.056;3.1428;0.0189;0.0015;0.4612;0.0186;0.0661;0.0093;0;0;0.088;0;2.3621;0;0;0;0;0;0;0;0;0;0;0;0;0.0532;0.0213;2.4926;2.4926;0;66.648;66.648;41.928;0.0419;2704.1;921.81;1;0.0425;0.0425;0;0;0;0;0;0;2.4501;2.3621;0;15.538;17.993;14.724;17.05;98.294;98.294;24.424;19.921;18.878;4.5028;1.0431;0.1844;0.0427;0.7729;32.226;0.7428;0
02/11/21 10:00;64.208;-42.842;18.605;71.809;18.191;-90;-18.191;899.9;182.8;717.1;25.37;4.72;0;754.82;76.157;110.2;0;3.8228;945;0;945;754.82;110.2;76.157;3.8228;0.7988;0.0846;0;0.004;940.3;4.7047;0;0;1.5082;3.1965;936.01;3.3512;0.4846;0.0707;2.6569;0.139;939.36;0.9403;0.7548;0.1102;0.0746;0.0006;936.88;753.58;110.02;71.917;0.4866;513.81;429.03;137.82;0.1957;4.4849;64.514;0.8768;68.803;0;1;0;0;1.0501;0.995;1;1;0.9802;0.1638;0.9964;0.9994;1;0.9644;0.7777;0.999;0.999;1;0.999;0.999;0.9905;0.9443;0.1273;2.8378;2.9578;0.0178;-0.0005;0.4115;0.0177;0.0628;0.011;0;0;0.088;0;2.2402;0;0;0;0;0;0;0;0;0;0;0;0;0.0506;0.019;2.3679;2.3679;0;64.476;64.476;39.106;0.0418;2542.8;931.21;1;0.0398;0.0398;0;0;0;0;0;0;2.3282;2.2402;0;15.896;18.407;15.038;17.414;98.321;98.321;22.68;18.925;17.903;3.7555;1.0211;0.1656;0.045;0.7894;46.932;0.751;0
02/11/21 11:00;69.614;-7.8671;20.186;87.088;2.9119;-90;-2.9119;1058.9;174.7;884.19;25.84;4.56;0;885.34;56.164;118.65;0;0.1162;1060.3;0;1060.3;885.34;118.65;56.164;0.1162;0.835;0.0531;0;0.0001;1060.1;0.1556;0;0;0.0583;0.0973;1055.9;3.2004;0.6167;0.0826;2.4968;0.0042;1059.1;1.0601;0.8853;0.1187;0.0561;0;1055.8;883.83;118.45;53.553;0.0147;624.04;521.07;165.07;-0.0003;5.5823;80.3;-0.0044;85.882;0;1;0;0;1.0013;0.9999;1;1;0.999;0.1628;0.997;0.9993;1;0.9555;0.7775;0.999;0.999;1;0.999;0.999;0.9958;0.9535;0.1264;3.184;3.3494;0.0202;0.0048;0.5332;0.0195;0.0693;0.0134;0;0;0.088;0;2.4763;0;0;0;0;0;0;0;0;0;0;0;0;0.0558;0.0241;2.6092;2.6092;0;70.168;70.168;44.328;0.042;2881.3;905.55;1;0.0449;0.0449;0;0;0;0;0;0;2.5643;2.4763;0;15.611;18.077;14.816;17.156;98.281;98.281;25.446;20.852;19.791;4.5941;1.0618;0.1805;0.0417;0.7777;33.283;0.736;0
02/11/21 12:00;67.008;31.443;19.466;77.52;12.48;90;12.48;1077.4;177.8;899.59;27.25;4.4699;0;921.36;52.233;127.97;0;2.164;1103.7;0;1103.7;921.36;127.97;52.233;2.164;0.8348;0.0493;0;0.002;1101.4;2.3568;0;0;0.5499;1.8069;1097.5;2.8147;0.6189;0.086;2.0295;0.0804;1100.3;1.1014;0.9214;0.128;0.0517;0.0004;1097.9;919.82;127.75;49.602;0.2763;625.52;522.31;166.88;0.0353;5.5057;79.197;0.4401;84.668;0;1;0;0;1.0244;0.9979;1;1;0.9895;0.165;0.9974;0.9993;1;0.9607;0.7746;0.999;0.999;1;0.999;0.999;0.9943;0.9496;0.1277;3.3145;3.4737;0.0209;0.0072;0.5938;0.02;0.0708;0.013;0;0;0.088;0;2.5314;0;0;0;0;0;0;0;0;0;0;0;0;0.057;0.0258;2.6652;2.6652;0;73.454;73.454;46.204;0.0421;2988.4;891.85;1;0.0458;0.0458;0;0;0;0;0;0;2.6194;2.5314;0;15.318;17.738;14.549;16.847;98.282;98.282;26.489;21.3;20.231;5.1894;1.0693;0.1959;0.0404;0.7637;31.523;0.7248;0
02/11/21 13:00;58.332;57.202;16.521;62.593;27.407;90;27.407;672.21;362.2;310.01;27.41;4.26;0;349.2;252.33;106.86;0;6.4131;714.8;0;714.8;349.2;106.86;252.33;6.4131;0.4885;0.362;0;0.009;699.51;15.293;0;0;9.7262;5.5667;690.42;8.3941;0.1991;0.0609;7.9711;0.163;698.81;0.6995;0.3492;0.1069;0.2426;0.0008;692.12;348.65;106.69;234.39;0.6825;381.22;318.32;102.17;2.7907;3.5055;50.425;1.7073;51.14;0;1;0;0;1.0634;0.9786;1;1;0.9615;0.132;0.988;0.9994;1;0.9671;0.8072;0.999;0.999;1;0.999;0.999;0.9659;0.9289;0.1064;2.1466;2.1909;0.0132;-0.001;0.2405;0.0136;0.0481;0.0089;0;0;0.088;0;1.7014;0;0;0;0;0;0;0;0;0;0;0;0;0.0387;0.0108;1.8181;1.8181;0;56.064;56.064;28.654;0.0415;1885.8;964.09;1;0.0286;0.0286;0;0;0;0;0;0;1.7894;1.7014;0;16.135;18.684;15.1;17.485;98.424;98.424;17.155;14.53;13.598;2.6253;0.9322;0.153;0.0543;0.7926;163.47;0.7529;0
02/11/21 14:00;47.201;72.722;11.642;48.517;41.483;90;41.483;874;144.2;729.8;28.08;4.04;0;974.17;35.913;137.67;0;18.636;1166.4;0;1166.4;974.17;137.67;35.913;18.636;0.8352;0.0468;0;0.016;1146.5;19.851;0;0;2.6487;17.203;1143.8;1.6408;0.3913;0.0553;1.0767;0.1174;1145.4;1.1465;0.9742;0.1377;0.0333;0.0014;1148.6;972.8;137.48;32.155;1.3142;402.65;336.21;107.59;1.6622;3.64;52.359;4.8814;54.337;0;1;0;0;1.3345;0.983;1;1;0.9262;0.0769;0.9986;0.9996;1;0.9676;0.918;0.999;0.999;1;0.999;0.999;0.9806;0.8953;0.0705;3.5027;3.5699;0.0215;0.0094;0.6474;0.0202;0.0718;0.0085;0;0;0.088;0;2.5717;0;0;0;0;0;0;0;0;0;0;0;0;0.0578;0.0273;2.7061;2.7061;0;76.353;76.353;48.274;0.0422;3072.7;880.69;1;0.0464;0.0464;0;0;0;0;0;0;2.6597;2.5717;0;14.718;17.043;13.987;16.196;98.284;98.284;27.993;21.627;20.553;6.366;1.0744;0.2274;0.0384;0.7342;25.906;0.7103;0
02/11/21 15:00;35.201;83.597;5.2284;35.37;54.63;90;54.63;403.19;287.4;115.8;26.95;3.95;0;200.04;194.11;71.719;0;14.433;480.3;0;480.3;200.04;71.719;194.11;14.433;0.4165;0.4342;0;0.0301;445.38;34.922;0;0;21.368;13.554;438.98;5.9542;0.0361;0.0129;5.8671;0.0381;444.94;0.4454;0.2;0.0717;0.1727;0.0009;443.52;199.81;71.634;166.7;0.8407;204.83;171.04;58.568;23.271;3.0599;44.016;4.5384;23.805;0;1;0;0;1.1912;0.9273;1;1;0.8899;0.0609;0.9866;0.9998;1;0.966;0.9567;0.999;0.999;1;0.999;0.999;0.914;0.8588;0.0582;1.4423;1.4286;0.0086;0.0073;0.1017;0.0092;0.0325;0.0081;0;0;0.088;0;1.1232;0;0;0;0;0;0;0;0;0;0;0;0;0.0262;0.0049;1.2301;1.2301;0;45.036;45.036;18.085;0.0412;1226.9;1002.6;1;0.0189;0.0189;0;0;0;0;0;0;1.2112;1.1232;0;16.247;18.814;14.835;17.179;98.463;98.463;11.527;9.8311;8.9768;1.6961;0.8544;0.1471;0.0741;0.7787;159.03;0.7287;0
02/11/21 16:00;22.952;92.495;18.956;22.972;48.207;90;48.207;361.9;155.8;206.1;26.99;3.6501;0;499.84;80.481;143.6;0;10.261;734.19;0;734.19;499.84;143.6;80.481;10.261;0.6808;0.1236;0;0.014;717.21;16.979;0;0;7.3898;9.5892;713.63;2.8565;0.3269;0.0939;2.4039;0.0317;716.49;0.7172;0.4998;0.1436;0.0731;0.0007;714.83;499.01;143.37;70.614;0.6392;63.034;52.634;17.469;6.2374;0.9176;13.2;1.1982;7.8802;0;1;0;0;2.0287;0.9769;1;1;0.9082;0.0654;0.996;0.9993;1;0.9671;0.9527;0.999;0.999;1;0.999;0.999;0.972;0.8774;0.0623;2.2048;2.1808;0.0131;-0.0009;0.2438;0.0135;0.0478;0.0023;0;0;0.088;0;1.6955;0;0;0;0;0;0;0;0;0;0;0;0;0.0385;0.0107;1.812;1.812;0;56.619;56.619;29.629;0.0415;1880.6;963.53;1;0.0285;0.0285;0;0;0;0;0;0;1.7835;1.6955;0;15.657;18.13;14.65;16.964;98.426;98.426;17.62;14.482;13.55;3.1388;0.9312;0.1781;0.0529;0.769;61.735;0.7588;0
02/11/21 17:00;10.777;100.73;63.032;10.964;16.505;90;16.505;60.499;59.502;0.9969;25.69;2.7999;0;2.4177;58.052;0.5532;0;0.2119;61.235;0;61.235;2.4177;0.5532;58.052;0.2119;0.0395;0.9515;0;0.0035;60.079;1.1558;0;0;0.9785;0.1773;57.769;2.25;0.122;0.0279;2.0923;0.0077;60.019;0.0601;0.0024;0.0006;0.0571;0;57.816;2.2933;0.5248;54.925;0.0268;35.534;29.671;9.0449;0.1055;0.3478;5.0026;0.0468;5.2449;0;1;0;0;1.0122;0.9811;1;1;0.9831;0.1632;0.9625;0.9495;1;0.9633;0.7758;0.999;0.999;1;0.999;0.999;0.9434;0.9461;0.1265;0.1839;0.1847;0.0011;0.0147;0.0021;0.0012;0.0041;0.0009;0;0;0.088;0;0.0635;0;0;0;0;0;0;0;0;0;0;0;0;0.0033;0.0002;0.1571;0.1571;0;28.079;28.079;2.3889;0.0414;156.57;1003.1;1;0.0056;0.0056;0;0;0;0;0;0;0.1515;0.0635;0;16.27;18.841;6.5777;7.6169;96.458;96.458;1.4696;1.2552;0.5075;0.2144;0.7478;0.1459;0.5088;0.3453;35.528;0.3254;0
02/11/21 18:00;2.4347;106.55;84.086;2.5398;3.6298;90;3.6298;0;0;0;21.75;3.23;0;0;0;0;0;0;0;0;0;0;0;0;0;1;1;1;1;0;0;0;0;0;0;0;0;0;0;0;0;0;0;0;0;0;0;0;0;0;0;0;0;0;0;0;0;0;0;0;0;0;0;0;1;1;1;1;1;1;1;1;1;1;1;1;1;1;1;1;1;1;1;0;0;0;0;0;0;0;0;0;0.0004;0.088;0;-0.0884;0;0;0;0;0;0;0;0;0;0;0;0;0;0;0;0;0;0;0;-21.75;0;0;0;0;0.0004;0;0;0;0;0;0;0;-0.0004;-0.0884;0;0;0;0;0;0;0;0;0;-0.7063;0;0.7063;1;1;0;0;0;0
02/11/21 19:00;0;0;90;0;0;90;0;0;0;0;19.35;3.6601;0;0;0;0;0;0;0;0;0;0;0;0;0;1;1;1;1;0;0;0;0;0;0;0;0;0;0;0;0;0;0;0;0;0;0;0;0;0;0;0;0;0;0;0;0;0;0;0;0;0;0;0;1;1;1;1;1;1;1;1;1;1;1;1;1;1;1;1;1;1;1;0;0;0;0;0;0;0;0;0;0.0004;0.088;0;-0.0884;0;0;0;0;0;0;0;0;0;0;0;0;0;0;0;0;0;0;0;-19.35;0;0;0;0;0.0004;0;0;0;0;0;0;0;-0.0004;-0.0884;0;0;0;0;0;0;0;0;0;-0.7063;0;0.7063;1;1;0;0;0;0
02/11/21 20:00;0;0;90;0;0;90;0;0;0;0;19.06;4.67;0;0;0;0;0;0;0;0;0;0;0;0;0;1;1;1;1;0;0;0;0;0;0;0;0;0;0;0;0;0;0;0;0;0;0;0;0;0;0;0;0;0;0;0;0;0;0;0;0;0;0;0;1;1;1;1;1;1;1;1;1;1;1;1;1;1;1;1;1;1;1;0;0;0;0;0;0;0;0;0;0.0004;0.088;0;-0.0884;0;0;0;0;0;0;0;0;0;0;0;0;0;0;0;0;0;0;0;-19.06;0;0;0;0;0.0004;0;0;0;0;0;0;0;-0.0004;-0.0884;0;0;0;0;0;0;0;0;0;-0.7063;0;0.7063;1;1;0;0;0;0
02/11/21 21:00;0;0;90;0;0;90;0;0;0;0;20.6;5.6;0;0;0;0;0;0;0;0;0;0;0;0;0;1;1;1;1;0;0;0;0;0;0;0;0;0;0;0;0;0;0;0;0;0;0;0;0;0;0;0;0;0;0;0;0;0;0;0;0;0;0;0;1;1;1;1;1;1;1;1;1;1;1;1;1;1;1;1;1;1;1;0;0;0;0;0;0;0;0;0;0.0004;0.088;0;-0.0884;0;0;0;0;0;0;0;0;0;0;0;0;0;0;0;0;0;0;0;-20.6;0;0;0;0;0.0004;0;0;0;0;0;0;0;-0.0004;-0.0884;0;0;0;0;0;0;0;0;0;-0.7063;0;0.7063;1;1;0;0;0;0
02/11/21 22:00;0;0;90;0;0;90;0;0;0;0;19.41;6.0699;0;0;0;0;0;0;0;0;0;0;0;0;0;1;1;1;1;0;0;0;0;0;0;0;0;0;0;0;0;0;0;0;0;0;0;0;0;0;0;0;0;0;0;0;0;0;0;0;0;0;0;0;1;1;1;1;1;1;1;1;1;1;1;1;1;1;1;1;1;1;1;0;0;0;0;0;0;0;0;0;0.0004;0.088;0;-0.0884;0;0;0;0;0;0;0;0;0;0;0;0;0;0;0;0;0;0;0;-19.41;0;0;0;0;0.0004;0;0;0;0;0;0;0;-0.0004;-0.0884;0;0;0;0;0;0;0;0;0;-0.7063;0;0.7063;1;1;0;0;0;0
02/11/21 23:00;0;0;90;0;0;90;0;0;0;0;18.52;6.5301;0;0;0;0;0;0;0;0;0;0;0;0;0;1;1;1;1;0;0;0;0;0;0;0;0;0;0;0;0;0;0;0;0;0;0;0;0;0;0;0;0;0;0;0;0;0;0;0;0;0;0;0;1;1;1;1;1;1;1;1;1;1;1;1;1;1;1;1;1;1;1;0;0;0;0;0;0;0;0;0;0.0004;0.088;0;-0.0884;0;0;0;0;0;0;0;0;0;0;0;0;0;0;0;0;0;0;0;-18.52;0;0;0;0;0.0004;0;0;0;0;0;0;0;-0.0004;-0.0884;0;0;0;0;0;0;0;0;0;-0.7063;0;0.7063;1;1;0;0;0;0
03/11/21 00:00;0;0;90;0;0;90;0;0;0;0;17.87;6.89;0;0;0;0;0;0;0;0;0;0;0;0;0;1;1;1;1;0;0;0;0;0;0;0;0;0;0;0;0;0;0;0;0;0;0;0;0;0;0;0;0;0;0;0;0;0;0;0;0;0;0;0;1;1;1;1;1;1;1;1;1;1;1;1;1;1;1;1;1;1;1;0;0;0;0;0;0;0;0;0;0.0004;0.088;0;-0.0884;0;0;0;0;0;0;0;0;0;0;0;0;0;0;0;0;0;0;0;-17.87;0;0;0;0;0.0004;0;0;0;0;0;0;0;-0.0004;-0.0884;0;0;0;0;0;0;0;0;0;-0.7063;0;0.7063;1;1;0;0;0;0
03/11/21 01:00;0;0;90;0;0;90;0;0;0;0;17.57;6.17;0;0;0;0;0;0;0;0;0;0;0;0;0;1;1;1;1;0;0;0;0;0;0;0;0;0;0;0;0;0;0;0;0;0;0;0;0;0;0;0;0;0;0;0;0;0;0;0;0;0;0;0;1;1;1;1;1;1;1;1;1;1;1;1;1;1;1;1;1;1;1;0;0;0;0;0;0;0;0;0;0.0004;0.088;0;-0.0884;0;0;0;0;0;0;0;0;0;0;0;0;0;0;0;0;0;0;0;-17.57;0;0;0;0;0.0004;0;0;0;0;0;0;0;-0.0004;-0.0884;0;0;0;0;0;0;0;0;0;-0.7063;0;0.7063;1;1;0;0;0;0
03/11/21 02:00;0;0;90;0;0;90;0;0;0;0;16.07;6.24;0;0;0;0;0;0;0;0;0;0;0;0;0;1;1;1;1;0;0;0;0;0;0;0;0;0;0;0;0;0;0;0;0;0;0;0;0;0;0;0;0;0;0;0;0;0;0;0;0;0;0;0;1;1;1;1;1;1;1;1;1;1;1;1;1;1;1;1;1;1;1;0;0;0;0;0;0;0;0;0;0.0004;0.088;0;-0.0884;0;0;0;0;0;0;0;0;0;0;0;0;0;0;0;0;0;0;0;-16.07;0;0;0;0;0.0004;0;0;0;0;0;0;0;-0.0004;-0.0884;0;0;0;0;0;0;0;0;0;-0.7063;0;0.7063;1;1;0;0;0;0
03/11/21 03:00;0;0;90;0;0;90;0;0;0;0;15.87;6.6101;0;0;0;0;0;0;0;0;0;0;0;0;0;1;1;1;1;0;0;0;0;0;0;0;0;0;0;0;0;0;0;0;0;0;0;0;0;0;0;0;0;0;0;0;0;0;0;0;0;0;0;0;1;1;1;1;1;1;1;1;1;1;1;1;1;1;1;1;1;1;1;0;0;0;0;0;0;0;0;0;0.0004;0.088;0;-0.0884;0;0;0;0;0;0;0;0;0;0;0;0;0;0;0;0;0;0;0;-15.87;0;0;0;0;0.0004;0;0;0;0;0;0;0;-0.0004;-0.0884;0;0;0;0;0;0;0;0;0;-0.7063;0;0.7063;1;1;0;0;0;0
03/11/21 04:00;0.3509;-108.46;89.149;0.3699;0.5272;-90;-0.5272;0;0;0;15.1;6.89;0;0;0;0;0;0;0;0;0;0;0;0;0;1;1;1;1;0;0;0;0;0;0;0;0;0;0;0;0;0;0;0;0;0;0;0;0;0;0;0;0;0;0;0;0;0;0;0;0;0;0;0;1;1;1;1;1;1;1;1;1;1;1;1;1;1;1;1;1;1;1;0;0;0;0;0;0;0;0;0;0.0004;0.088;0;-0.0884;0;0;0;0;0;0;0;0;0;0;0;0;0;0;0;0;0;0;0;-15.1;0;0;0;0;0.0004;0;0;0;0;0;0;0;-0.0004;-0.0884;0;0;0;0;0;0;0;0;0;-0.7063;0;0.7063;1;1;0;0;0;0
03/11/21 05:00;6.4341;-104.1;74.23;6.6321;9.6344;-90;-9.6344;33.404;32.102;1.3017;14.84;6.9901;0;3.157;31.61;0.65;0;0.04;35.457;0;35.457;3.157;0.65;31.61;0.04;0.089;0.8926;0;0.0011;35.209;0.2485;0;0;0.2151;0.0334;33.234;1.9389;0.5379;0.1108;1.2888;0.0015;35.173;0.0352;0.0032;0.0007;0.0314;0;33.241;2.616;0.5386;30.075;0.0052;18.939;15.814;4.7706;0.0079;0.1855;2.6682;0.0062;2.8457;0;1;0;0;1.0615;0.993;1;1;0.9932;0.1662;0.9449;0.8295;1;0.9589;0.7753;0.999;0.999;1;0.999;0.999;0.9373;0.9514;0.1287;0.1065;0.1057;0.0006;0.0115;-0.0034;0.0007;0.0024;0.0005;0;0;0.088;0;-0.001;0;0;0;0;0;0;0;0;0;0;0;0;0.0019;0.0001;0.0914;0.0914;0;16.21;16.21;1.3699;0.0412;88.746;1029.8;1;0.0044;0.0044;0;0;0;0;0;0;0.087;-0.001;0;16.351;18.934;-0.1731;-0.2004;95.231;95.231;0.851;0.7304;-0.0077;0.1206;0.7381;0.1417;0.8674;0;18.931;0;0
03/11/21 06:00;18.505;-95.906;39.667;18.597;32.068;-90;-32.068;317.69;52.397;265.29;18.34;7.69;0;643.41;19.323;76.345;0;4.1203;743.2;0;743.2;643.41;76.345;19.323;4.1203;0.8657;0.0315;0;0.0055;738.6;4.6031;0;0;0.9548;3.6483;732.38;5.4815;4.3;0.5102;0.5946;0.0767;737.86;0.7386;0.6434;0.0763;0.0184;0.0005;732.46;638.47;75.758;17.755;0.3948;14.377;12.005;4.049;0.3694;0.1366;1.9656;0.085;1.7328;0;1;0;0;2.3394;0.9938;1;1;0.9506;0.1146;0.9926;0.9933;1;0.9676;0.8373;0.999;0.999;1;0.999;0.999;0.9854;0.9189;0.0958;2.2318;2.2102;0.0133;-0.0011;0.1828;0.0141;0.05;0.0004;0;0;0.088;0;1.7806;0;0;0;0;0;0;0;0;0;0;0;0;0.0403;0.011;1.8995;1.8995;0;48.541;48.541;30.201;0.0412;1904;997.6;1;0.0308;0.0308;0;0;0;0;0;0;1.8686;1.7806;0;16.213;18.774;15.199;17.6;98.376;98.376;17.837;15.181;14.231;2.6562;0.9498;0.1489;0.0532;0.7978;12.923;0.7963;0
03/11/21 07:00;30.756;-87.405;2.2302;30.782;59.218;-90;-59.218;237.79;211.8;25.997;20.3;8.4301;0;50.797;154.25;15.121;0;9.8682;230.03;0;230.03;50.797;15.121;154.25;9.8682;0.2208;0.7134;0;0.0429;201.75;28.285;0;0;19.046;9.239;196.76;4.7886;0.0039;0.0012;4.7449;0.0386;201.55;0.2017;0.0508;0.0151;0.1352;0.0006;200.46;50.742;15.105;130.32;0.59;139.78;116.71;41.985;24.607;2.5241;36.308;3.7002;14.225;0;1;0;0;0.9674;0.877;1;1;0.8765;0.0638;0.9762;0.9999;1;0.9649;0.9386;0.999;0.999;1;0.999;0.999;0.8553;0.8449;0.0598;0.6908;0.6803;0.0041;0.0171;0.0082;0.0046;0.0162;0.0069;0;0;0.088;0;0.5104;0;0;0;0;0;0;0;0;0;0;0;0;0.013;0.0013;0.609;0.609;0;28.338;28.338;8.038;0.0409;579.67;1050.6;1;0.0106;0.0106;0;0;0;0;0;0;0.5984;0.5104;0;16.794;19.447;14.075;16.299;98.264;98.264;5.5208;4.867;4.0792;0.6538;0.7878;0.1184;0.1427;0.7389;133.09;0.6608;0
03/11/21 08:00;42.908;-77.532;9.0983;43.591;46.409;-90;-46.409;297;274.7;22.305;20.6;8.6099;0;32.35;226.59;9.3816;0;7.8387;276.16;0;276.16;32.35;9.3816;226.59;7.8387;0.1171;0.8489;0;0.0284;249.22;26.941;0;0;19.651;7.2898;242.16;6.8067;0.0102;0.0029;6.7645;0.0291;248.97;0.2492;0.0323;0.0094;0.2069;0.0005;244.98;32.307;9.3692;199.96;0.5192;182.51;152.4;51.697;15.393;2.411;34.681;2.8211;21.699;0;1;0;0;0.9298;0.9024;1;1;0.9133;0.07;0.9727;0.9997;1;0.9673;0.9469;0.999;0.999;1;0.999;0.999;0.8769;0.8825;0.0662;0.8293;0.811;0.0049;0.0158;0.016;0.0054;0.0192;0.0066;0;0;0.088;0;0.6257;0;0;0;0;0;0;0;0;0;0;0;0;0.0155;0.0018;0.7258;0.7258;0;30.494;30.494;9.8943;0.0409;692.25;1048.5;1;0.0122;0.0122;0;0;0;0;0;0;0.7137;0.6257;0;16.673;19.307;14.372;16.642;98.322;98.322;6.6278;5.8009;5.0002;0.8269;0.8006;0.1248;0.1208;0.7544;170.86;0.6896;0
03/11/21 09:00;54.504;-64.285;14.592;57.277;32.723;-90;-32.723;297;286.8;10.205;20.6;8.39;0;12.131;261.66;3.0714;0;4.0066;280.87;0;280.87;12.131;3.0714;261.66;4.0066;0.0432;0.9459;0;0.0143;263.96;16.908;0;0;13.349;3.5588;255.59;8.1064;0.0061;0.0015;8.0281;0.0706;263.7;0.264;0.0121;0.0031;0.2483;0.0004;256.85;12.112;3.0668;240.04;0.3767;182.4;152.3;49.026;5.3495;1.9288;27.745;1.2586;24.324;0;1;0;0;0.9457;0.9398;1;1;0.949;0.1118;0.9693;0.9995;1;0.9676;0.8421;0.999;0.999;1;0.999;0.999;0.91;0.9174;0.094;0.8435;0.8321;0.005;0.0156;0.018;0.0056;0.0197;0.0053;0;0;0.088;0;0.6448;0;0;0;0;0;0;0;0;0;0;0;0;0.0159;0.0018;0.7453;0.7453;0;31.043;31.043;10.444;0.0409;711.24;1047.9;1;0.0124;0.0124;0;0;0;0;0;0;0.7328;0.6448;0;16.832;19.492;14.564;16.865;98.331;98.331;6.7409;5.9562;5.1535;0.7847;0.8027;0.1164;0.1191;0.7645;175.85;0.7119;0
03/11/21 10:00;64.462;-43.261;18.298;71.869;18.131;-90;-18.131;297;289.9;7.1056;20.6;7.86;0;7.4769;281.1;1.7266;0;1.2535;291.56;0;291.56;7.4769;1.7266;281.1;1.2535;0.0256;0.9684;0;0.0043;284.97;6.5843;0;0;5.5363;1.0481;274.82;9.8695;0.0047;0.0011;9.8181;0.0456;284.69;0.285;0.0075;0.0017;0.2756;0.0002;275.11;7.4647;1.7238;265.47;0.1596;178.15;148.76;45.57;0.711;1.7411;25.044;0.2954;26.074;0;1;0;0;0.9817;0.9774;1;1;0.9803;0.1639;0.9653;0.9994;1;0.9643;0.7777;0.999;0.999;1;0.999;0.999;0.9426;0.9444;0.1273;0.8755;0.8814;0.0053;0.015;0.0215;0.0059;0.0208;0.0048;0;0;0.088;0;0.6882;0;0;0;0;0;0;0;0;0;0;0;0;0.0168;0.002;0.7893;0.7893;0;31.83;31.83;11.231;0.0409;754.22;1046.5;1;0.013;0.013;0;0;0;0;0;0;0.7762;0.6882;0;17.173;19.886;14.975;17.34;98.349;98.349;6.9974;6.308;5.5005;0.6894;0.8075;0.0985;0.1154;0.7861;173.18;0.7386;0
03/11/21 11:00;69.924;-7.9769;19.874;87.097;2.9035;-90;-2.9035;297;290.7;6.3075;20.6;6.82;0;6.3156;289.11;1.405;0;0.0324;296.86;0;296.86;6.3156;1.405;289.11;0.0324;0.0213;0.974;0;0.0001;296.53;0.3259;0;0;0.2987;0.0271;283.38;12.86;0.0043;0.001;12.854;0.0012;296.24;0.2965;0.0063;0.0014;0.2888;0;283.38;6.305;1.4026;275.67;0.0041;175.87;146.85;44.153;-0.0016;1.727;24.842;-0.0031;26.571;0;1;0;0;0.9995;0.9989;1;1;0.999;0.1628;0.9566;0.9993;1;0.9555;0.7775;0.999;0.999;1;0.999;0.999;0.9546;0.9535;0.1264;0.8915;0.9059;0.0055;0.0147;0.0233;0.006;0.0214;0.0047;0;0;0.088;0;0.7096;0;0;0;0;0;0;0;0;0;0;0;0;0.0172;0.0021;0.8109;0.8109;0;32.181;32.181;11.581;0.0409;775.42;1045.8;1;0.0133;0.0133;0;0;0;0;0;0;0.7976;0.7096;0;17.329;20.066;15.164;17.559;98.357;98.357;7.1247;6.4809;5.6711;0.6437;0.8098;0.0904;0.1137;0.796;171.32;0.7491;0
03/11/21 12:00;67.289;31.796;19.156;77.564;12.436;90;12.436;297;290.6;6.4073;20.6;6.2001;0;6.5612;285.75;1.4856;0;0.5924;294.39;0;294.39;6.5612;1.4856;285.75;0.5924;0.0223;0.9727;0;0.002;290.91;3.485;0;0;2.9904;0.4946;279.48;11.139;0.0043;0.001;11.112;0.022;290.62;0.2909;0.0066;0.0015;0.2828;0.0001;279.59;6.5503;1.4832;271.37;0.0756;176.99;147.79;44.798;0.188;1.7267;24.838;0.1146;26.377;0;1;0;0;0.9912;0.9882;1;1;0.9895;0.165;0.9617;0.9993;1;0.9607;0.7746;0.999;0.999;1;0.999;0.999;0.9493;0.9497;0.1277;0.8841;0.8945;0.0054;0.0148;0.0225;0.006;0.0211;0.0047;0;0;0.088;0;0.6997;0;0;0;0;0;0;0;0;0;0;0;0;0.017;0.0021;0.8008;0.8008;0;32.021;32.021;11.421;0.0409;765.55;1046.1;1;0.0132;0.0132;0;0;0;0;0;0;0.7877;0.6997;0;17.257;19.983;15.076;17.458;98.353;98.353;7.0654;6.4004;5.5917;0.665;0.8087;0.0941;0.1145;0.7914;172.43;0.7444;0
03/11/21 13:00;58.552;57.626;16.221;62.684;27.316;90;27.316;297;289.6;7.4049;20.6;5.76;0;8.3343;271.75;2.0335;0;2.8152;284.93;0;284.93;8.3343;2.0335;271.75;2.8152;0.0293;0.9636;0;0.0099;272.07;12.862;0;0;10.419;2.4426;263.13;8.6676;0.0047;0.0011;8.5898;0.0719;271.8;0.2721;0.0083;0.002;0.2613;0.0004;263.94;8.3213;2.0303;252.48;0.3003;180.91;151.06;47.624;2.9698;1.8262;26.27;0.814;25.126;0;1;0;0;0.9593;0.9549;1;1;0.9617;0.1323;0.9681;0.9994;1;0.9671;0.8068;0.999;0.999;1;0.999;0.999;0.9235;0.9291;0.1067;0.8556;0.8503;0.0051;0.0154;0.0193;0.0057;0.0201;0.005;0;0;0.088;0;0.661;0;0;0;0;0;0;0;0;0;0;0;0;0.0162;0.0019;0.7616;0.7616;0;31.352;31.352;10.752;0.0409;727.19;1047.4;1;0.0127;0.0127;0;0;0;0;0;0;0.749;0.661;0;16.957;19.636;14.716;17.04;98.338;98.338;6.8383;6.0869;5.2824;0.7514;0.8045;0.1099;0.1176;0.7725;175.95;0.7226;0
03/11/21 14:00;47.385;73.094;11.355;48.644;41.356;90;41.356;252.99;247.2;5.7929;26.39;5.3399;0;7.7176;215.15;1.8633;0;5.3628;230.1;0;230.1;7.7176;1.8633;215.15;5.3628;0.0335;0.9584;0;0.0233;209.35;20.746;0;0;15.797;4.9489;202.65;6.4901;0.003;0.0007;6.4521;0.0343;209.14;0.2093;0.0077;0.0019;0.1994;0.0004;204.53;7.7068;1.8607;192.7;0.3792;158.29;132.17;44.114;9.8273;1.909;27.461;1.8801;19.543;0;1;0;0;0.9095;0.9098;1;1;0.9266;0.0772;0.969;0.9996;1;0.9676;0.9171;0.999;0.999;1;0.999;0.999;0.8807;0.8957;0.0707;0.691;0.6739;0.0041;0.0172;0.0236;0.0044;0.0156;0.0051;0;0;0.088;0;0.492;0;0;0;0;0;0;0;0;0;0;0;0;0.0126;0.0013;0.5901;0.5901;0;34.712;34.712;8.3218;0.0411;575.72;1024.9;1;0.0101;0.0101;0;0;0;0;0;0;0.58;0.492;0;16.268;18.838;13.564;15.707;98.296;98.296;5.5223;4.7157;3.9321;0.8065;0.7836;0.1461;0.1419;0.712;155.03;0.6536;0
03/11/21 15:00;35.371;83.918;4.9561;35.524;54.476;90;54.476;111.99;110.7;1.29;25.17;4.3899;0;2.2202;87.372;0.3052;0;3.9882;93.885;0;93.885;2.2202;0.3052;87.372;3.9882;0.0236;0.9731;0;0.0425;80.561;13.324;0;0;9.5792;3.745;77.83;2.6506;0.0004;0.0001;2.6397;0.0104;80.481;0.0806;0.0022;0.0003;0.0778;0.0002;79.412;2.2176;0.3048;75.075;0.2325;71.894;60.031;21.264;10.371;1.1712;16.847;1.5817;7.6478;0;1;0;0;0.8383;0.8581;1;1;0.8904;0.061;0.9671;0.9998;1;0.966;0.957;0.999;0.999;1;0.999;0.999;0.829;0.8593;0.0583;0.2819;0.2747;0.0017;0.0167;0.0034;0.0018;0.0063;0.0031;0;0;0.088;0;0.1421;0;0;0;0;0;0;0;0;0;0;0;0;0.0051;0.0003;0.2364;0.2364;0;28.379;28.379;3.2085;0.0412;232.94;1014.9;1;0.0063;0.0063;0;0;0;0;0;0;0.2301;0.1421;0;15.973;18.497;9.6042;11.121;97.351;97.351;2.2533;1.8893;1.136;0.3639;0.7533;0.1615;0.3343;0.5042;71.463;0.4444;0
03/11/21 16:00;23.12;92.781;17.767;23.144;49.268;90;49.268;24.301;24.2;0.1013;23.86;2.8601;0;0.2456;19.992;0.0109;0;0.7177;20.966;0;20.966;0.2456;0.0109;19.992;0.7177;0.0117;0.9878;0;0.0342;18.4;2.5662;0;0;1.8946;0.6716;17.781;0.5999;0.0002;0;0.5977;0.002;18.381;0.0184;0.0002;0;0.0181;0;18.056;0.2452;0.0109;17.481;0.044;15.495;12.939;4.4679;1.6704;0.2232;3.2108;0.2748;1.7636;0;1;0;0;0.8628;0.8776;1;1;0.9052;0.0643;0.9674;0.9994;1;0.9669;0.9558;0.999;0.999;1;0.999;0.999;0.8481;0.8744;0.0614;0.063;0.0612;0.0004;0.0088;-0.0001;0.0004;0.0013;0.0005;0;0;0.088;0;-0.0422;0;0;0;0;0;0;0;0;0;0;0;0;0.001;0;0.0488;0.0488;0;24.605;24.605;0.7451;0.0419;50.542;965.85;1;0.003;0.003;0;0;0;0;0;0;0.0458;-0.0422;0;14.77;17.103;-12.769;-14.786;93.82;93.82;0.5032;0.3901;-0.3373;0.113;0.7274;0.2247;1.4456;0;15.495;0;0
03/11/21 17:00;10.952;100.99;62.564;11.151;16.821;90;16.821;17.503;17.402;0.1014;21.25;2.03;0;0.2459;17.023;0.0162;0;0.0637;17.349;0;17.349;0.2459;0.0162;17.023;0.0637;0.0142;0.9849;0;0.0037;16.999;0.3495;0;0;0.2962;0.0533;16.357;0.6247;0.0118;0.0008;0.6098;0.0023;16.982;0.017;0.0002;0;0.0167;0;16.372;0.2339;0.0154;16.1;0.008;10.431;8.7103;2.6568;0.0331;0.1021;1.4691;0.0144;1.5382;0;1;0;0;0.9912;0.9799;1;1;0.9826;0.163;0.9632;0.9519;1;0.9635;0.7759;0.999;0.999;1;0.999;0.999;0.9429;0.9458;0.1264;0.0521;0.0524;0.0003;0.0081;-0.0006;0.0003;0.0011;0.0002;0;0;0.088;0;-0.0489;0;0;0;0;0;0;0;0;0;0;0;0;0.0009;0;0.042;0.042;0;21.935;21.935;0.6849;0.0419;43.172;972.81;1;0.0029;0.0029;0;0;0;0;0;0;0.0391;-0.0489;0;15.357;17.783;-17.877;-20.702;93.121;93.121;0.4164;0.3356;-0.3907;0.0807;0.7264;0.1939;1.7446;0;10.431;0;0
03/11/21 18:00;2.6185;106.8;83.639;2.7351;3.9106;90;3.9106;0;0;0;18.3;2.1501;0;0;0;0;0;0;0;0;0;0;0;0;0;1;1;1;1;0;0;0;0;0;0;0;0;0;0;0;0;0;0;0;0;0;0;0;0;0;0;0;0;0;0;0;0;0;0;0;0;0;0;0;1;1;1;1;1;1;1;1;1;1;1;1;1;1;1;1;1;1;1;0;0;0;0;0;0;0;0;0;0.0004;0.088;0;-0.0884;0;0;0;0;0;0;0;0;0;0;0;0;0;0;0;0;0;0;0;-18.3;0;0;0;0;0.0004;0;0;0;0;0;0;0;-0.0004;-0.0884;0;0;0;0;0;0;0;0;0;-0.7063;0;0.7063;1;1;0;0;0;0
03/11/21 19:00;0;0;90;0;0;90;0;0;0;0;17.8;2.6;0;0;0;0;0;0;0;0;0;0;0;0;0;1;1;1;1;0;0;0;0;0;0;0;0;0;0;0;0;0;0;0;0;0;0;0;0;0;0;0;0;0;0;0;0;0;0;0;0;0;0;0;1;1;1;1;1;1;1;1;1;1;1;1;1;1;1;1;1;1;1;0;0;0;0;0;0;0;0;0;0.0004;0.088;0;-0.0884;0;0;0;0;0;0;0;0;0;0;0;0;0;0;0;0;0;0;0;-17.8;0;0;0;0;0.0004;0;0;0;0;0;0;0;-0.0004;-0.0884;0;0;0;0;0;0;0;0;0;-0.7063;0;0.7063;1;1;0;0;0;0
03/11/21 20:00;0;0;90;0;0;90;0;0;0;0;17.8;2.8501;0;0;0;0;0;0;0;0;0;0;0;0;0;1;1;1;1;0;0;0;0;0;0;0;0;0;0;0;0;0;0;0;0;0;0;0;0;0;0;0;0;0;0;0;0;0;0;0;0;0;0;0;1;1;1;1;1;1;1;1;1;1;1;1;1;1;1;1;1;1;1;0;0;0;0;0;0;0;0;0;0.0004;0.088;0;-0.0884;0;0;0;0;0;0;0;0;0;0;0;0;0;0;0;0;0;0;0;-17.8;0;0;0;0;0.0004;0;0;0;0;0;0;0;-0.0004;-0.0884;0;0;0;0;0;0;0;0;0;-0.7063;0;0.7063;1;1;0;0;0;0
03/11/21 21:00;0;0;90;0;0;90;0;0;0;0;17.53;2.6299;0;0;0;0;0;0;0;0;0;0;0;0;0;1;1;1;1;0;0;0;0;0;0;0;0;0;0;0;0;0;0;0;0;0;0;0;0;0;0;0;0;0;0;0;0;0;0;0;0;0;0;0;1;1;1;1;1;1;1;1;1;1;1;1;1;1;1;1;1;1;1;0;0;0;0;0;0;0;0;0;0.0004;0.088;0;-0.0884;0;0;0;0;0;0;0;0;0;0;0;0;0;0;0;0;0;0;0;-17.53;0;0;0;0;0.0004;0;0;0;0;0;0;0;-0.0004;-0.0884;0;0;0;0;0;0;0;0;0;-0.7063;0;0.7063;1;1;0;0;0;0
03/11/21 22:00;0;0;90;0;0;90;0;0;0;0;17.4;2.34;0;0;0;0;0;0;0;0;0;0;0;0;0;1;1;1;1;0;0;0;0;0;0;0;0;0;0;0;0;0;0;0;0;0;0;0;0;0;0;0;0;0;0;0;0;0;0;0;0;0;0;0;1;1;1;1;1;1;1;1;1;1;1;1;1;1;1;1;1;1;1;0;0;0;0;0;0;0;0;0;0.0004;0.088;0;-0.0884;0;0;0;0;0;0;0;0;0;0;0;0;0;0;0;0;0;0;0;-17.4;0;0;0;0;0.0004;0;0;0;0;0;0;0;-0.0004;-0.0884;0;0;0;0;0;0;0;0;0;-0.7063;0;0.7063;1;1;0;0;0;0
03/11/21 23:00;0;0;90;0;0;90;0;0;0;0;17.1;2.33;0;0;0;0;0;0;0;0;0;0;0;0;0;1;1;1;1;0;0;0;0;0;0;0;0;0;0;0;0;0;0;0;0;0;0;0;0;0;0;0;0;0;0;0;0;0;0;0;0;0;0;0;1;1;1;1;1;1;1;1;1;1;1;1;1;1;1;1;1;1;1;0;0;0;0;0;0;0;0;0;0.0004;0.088;0;-0.0884;0;0;0;0;0;0;0;0;0;0;0;0;0;0;0;0;0;0;0;-17.1;0;0;0;0;0.0004;0;0;0;0;0;0;0;-0.0004;-0.0884;0;0;0;0;0;0;0;0;0;-0.7063;0;0.7063;1;1;0;0;0;0
04/11/21 00:00;0;0;90;0;0;90;0;0;0;0;16.9;2.75;0;0;0;0;0;0;0;0;0;0;0;0;0;1;1;1;1;0;0;0;0;0;0;0;0;0;0;0;0;0;0;0;0;0;0;0;0;0;0;0;0;0;0;0;0;0;0;0;0;0;0;0;1;1;1;1;1;1;1;1;1;1;1;1;1;1;1;1;1;1;1;0;0;0;0;0;0;0;0;0;0.0004;0.088;0;-0.0884;0;0;0;0;0;0;0;0;0;0;0;0;0;0;0;0;0;0;0;-16.9;0;0;0;0;0.0004;0;0;0;0;0;0;0;-0.0004;-0.0884;0;0;0;0;0;0;0;0;0;-0.7063;0;0.7063;1;1;0;0;0;0
04/11/21 01:00;0;0;90;0;0;90;0;0;0;0;16.9;2.7899;0;0;0;0;0;0;0;0;0;0;0;0;0;1;1;1;1;0;0;0;0;0;0;0;0;0;0;0;0;0;0;0;0;0;0;0;0;0;0;0;0;0;0;0;0;0;0;0;0;0;0;0;1;1;1;1;1;1;1;1;1;1;1;1;1;1;1;1;1;1;1;0;0;0;0;0;0;0;0;0;0.0004;0.088;0;-0.0884;0;0;0;0;0;0;0;0;0;0;0;0;0;0;0;0;0;0;0;-16.9;0;0;0;0;0.0004;0;0;0;0;0;0;0;-0.0004;-0.0884;0;0;0;0;0;0;0;0;0;-0.7063;0;0.7063;1;1;0;0;0;0
04/11/21 02:00;0;0;90;0;0;90;0;0;0;0;16.84;2.9599;0;0;0;0;0;0;0;0;0;0;0;0;0;1;1;1;1;0;0;0;0;0;0;0;0;0;0;0;0;0;0;0;0;0;0;0;0;0;0;0;0;0;0;0;0;0;0;0;0;0;0;0;1;1;1;1;1;1;1;1;1;1;1;1;1;1;1;1;1;1;1;0;0;0;0;0;0;0;0;0;0.0004;0.088;0;-0.0884;0;0;0;0;0;0;0;0;0;0;0;0;0;0;0;0;0;0;0;-16.84;0;0;0;0;0.0004;0;0;0;0;0;0;0;-0.0004;-0.0884;0;0;0;0;0;0;0;0;0;-0.7063;0;0.7063;1;1;0;0;0;0
04/11/21 03:00;0;0;90;0;0;90;0;0;0;0;16.73;2.66;0;0;0;0;0;0;0;0;0;0;0;0;0;1;1;1;1;0;0;0;0;0;0;0;0;0;0;0;0;0;0;0;0;0;0;0;0;0;0;0;0;0;0;0;0;0;0;0;0;0;0;0;1;1;1;1;1;1;1;1;1;1;1;1;1;1;1;1;1;1;1;0;0;0;0;0;0;0;0;0;0.0004;0.088;0;-0.0884;0;0;0;0;0;0;0;0;0;0;0;0;0;0;0;0;0;0;0;-16.73;0;0;0;0;0.0004;0;0;0;0;0;0;0;-0.0004;-0.0884;0;0;0;0;0;0;0;0;0;-0.7063;0;0.7063;1;1;0;0;0;0
04/11/21 04:00;0.3366;-108.85;89.184;0.3557;0.507;-90;-0.507;0;0;0;16.7;1.7699;0;0;0;0;0;0;0;0;0;0;0;0;0;1;1;1;1;0;0;0;0;0;0;0;0;0;0;0;0;0;0;0;0;0;0;0;0;0;0;0;0;0;0;0;0;0;0;0;0;0;0;0;1;1;1;1;1;1;1;1;1;1;1;1;1;1;1;1;1;1;1;0;0;0;0;0;0;0;0;0;0.0004;0.088;0;-0.0884;0;0;0;0;0;0;0;0;0;0;0;0;0;0;0;0;0;0;0;-16.7;0;0;0;0;0.0004;0;0;0;0;0;0;0;-0.0004;-0.0884;0;0;0;0;0;0;0;0;0;-0.7063;0;0.7063;1;1;0;0;0;0
04/11/21 05:00;6.6055;-104.36;73.8;6.8164;9.913;-90;-9.913;10.607;10.497;0.1107;16.95;0.8799;0;0.2686;10.411;0.0176;0;0.0135;10.711;0;10.711;0.2686;0.0176;10.411;0.0135;0.0251;0.9733;0;0.0013;10.625;0.0855;0;0;0.0743;0.0112;10.145;0.4696;0.0436;0.0029;0.4226;0.0005;10.615;0.0106;0.0003;0;0.0103;0;10.147;0.2247;0.0147;9.9038;0.0017;6.24;5.2104;1.572;0.0029;0.0611;0.8792;0.0022;0.9374;0;1;0;0;1.0097;0.992;1;1;0.9929;0.1663;0.9558;0.8373;1;0.9591;0.7753;0.999;0.999;1;0.999;0.999;0.9472;0.9513;0.1288;0.0322;0.0324;0.0002;0.0062;-0.0009;0.0002;0.0007;0.0001;0;0;0.088;0;-0.0652;0;0;0;0;0;0;0;0;0;0;0;0;0.0005;0;0.0253;0.0253;0;17.377;17.377;0.4271;0.0421;26.064;970.05;1;0.0025;0.0025;0;0;0;0;0;0;0.0228;-0.0652;0;14.975;17.34;-38.634;-44.737;90.062;90.062;0.2571;0.2021;-0.5213;0.055;0.7234;0.2139;2.8141;0;6.2394;0;0
04/11/21 06:00;18.667;-96.183;39.082;18.768;32.521;-90;-32.521;31.802;31.597;0.2058;17.25;0.59;0;0.4991;29.106;0.0354;0;0.4239;30.064;0;30.064;0.4991;0.0354;29.106;0.4239;0.0166;0.9822;0;0.0141;28.218;1.8466;0;0;1.4704;0.3761;27.285;0.9048;0.0032;0.0002;0.8938;0.0076;28.189;0.0282;0.0005;0;0.0276;0;27.417;0.4955;0.0351;26.714;0.0401;19.532;16.309;5.2459;0.5825;0.2074;2.9839;0.1327;2.6089;0;1;0;0;0.9453;0.9386;1;1;0.9495;0.1126;0.9679;0.9937;1;0.9676;0.8406;0.999;0.999;1;0.999;0.999;0.9075;0.9178;0.0946;0.0903;0.0889;0.0005;0.0106;-0.0022;0.0006;0.002;0.0005;0;0;0.088;0;-0.0167;0;0;0;0;0;0;0;0;0;0;0;0;0.0016;0.0001;0.0751;0.0751;0;18.38;18.38;1.1298;0.0414;74.274;1011.8;1;0.0038;0.0038;0;0;0;0;0;0;0.0713;-0.0167;0;15.857;18.362;-3.5203;-4.0764;94.899;94.899;0.7215;0.6006;-0.1333;0.1209;0.7339;0.1676;1.0172;0;19.531;0;0
04/11/21 07:00;30.916;-87.712;1.963;30.936;59.064;-90;-59.064;101.31;99.899;1.4076;18;0.69;0;2.738;75.479;0.3825;0;4.1843;82.783;0;82.783;2.738;0.3825;75.479;4.1843;0.0331;0.9623;0;0.0505;69.581;13.203;0;0;9.2849;3.9178;67.175;2.3366;0.0002;0;2.3203;0.0161;69.511;0.0696;0.0027;0.0004;0.0662;0.0003;68.885;2.7351;0.3821;63.807;0.2501;65.332;54.552;19.741;11.93;1.2001;17.262;1.71;6.5324;0;1;0;0;0.8172;0.8405;1;1;0.877;0.0637;0.9664;0.9999;1;0.9649;0.9396;0.999;0.999;1;0.999;0.999;0.8114;0.8454;0.0598;0.2486;0.2439;0.0015;0.0162;-0.0038;0.0016;0.0057;0.0033;0;0;0.088;0;0.1202;0;0;0;0;0;0;0;0;0;0;0;0;0.0046;0.0003;0.2146;0.2146;0;20.755;20.755;2.7556;0.041;206.21;1040.8;1;0.0064;0.0064;0;0;0;0;0;0;0.2082;0.1202;0;16.446;19.044;9.2142;10.67;97.032;97.032;1.9868;1.7152;0.961;0.2716;0.7542;0.1367;0.3796;0.4837;65.008;0.4184;0
04/11/21 08:00;43.077;-77.885;8.8183;43.721;46.279;-90;-46.279;158;155.5;2.4931;18.97;1.1901;0;3.6072;131.14;0.59;0;4.1478;139.49;0;139.49;3.6072;0.59;131.14;4.1478;0.0259;0.9699;0;0.0297;124.31;15.184;0;0;11.327;3.8566;120.25;3.932;0.0011;0.0002;3.9151;0.0156;124.18;0.1243;0.0036;0.0006;0.1198;0.0003;121.77;3.6025;0.5893;115.78;0.2753;99.948;83.457;28.59;8.8228;1.3277;19.098;1.5204;11.603;0;1;0;0;0.8829;0.8911;1;1;0.9136;0.0702;0.9683;0.9997;1;0.9673;0.9463;0.999;0.999;1;0.999;0.999;0.8621;0.8829;0.0664;0.4189;0.407;0.0025;0.018;-0.0016;0.0027;0.0096;0.0036;0;0;0.088;0;0.2681;0;0;0;0;0;0;0;0;0;0;0;0;0.0078;0.0006;0.3639;0.3639;0;23.886;23.886;4.9158;0.0409;346.39;1050.7;1;0.0078;0.0078;0;0;0;0;0;0;0.3561;0.2681;0;16.551;19.166;12.193;14.12;97.851;97.851;3.3477;2.9086;2.1428;0.4391;0.7658;0.1312;0.2287;0.6401;98.769;0.5806;0
04/11/21 09:00;54.699;-64.698;14.299;57.375;32.625;-90;-32.625;86.499;85.903;0.5957;19.03;1.6099;0;0.7073;79.085;0.0535;0;1.1601;81.006;0;81.006;0.7073;0.0535;79.085;1.1601;0.0087;0.9906;0;0.0143;75.96;5.0456;0;0;4.0156;1.03;73.436;2.4485;0.0003;0;2.4275;0.0206;75.884;0.076;0.0007;0.0001;0.0751;0.0001;73.799;0.7063;0.0534;72.567;0.1094;53.438;44.621;14.402;1.6003;0.5647;8.1235;0.3635;7.0879;0;1;0;0;0.9365;0.9377;1;1;0.9492;0.1122;0.9677;0.9995;1;0.9676;0.8413;0.999;0.999;1;0.999;0.999;0.9066;0.9176;0.0943;0.2433;0.2394;0.0014;0.0161;-0.0026;0.0016;0.0056;0.0015;0;0;0.088;0;0.1168;0;0;0;0;0;0;0;0;0;0;0;0;0.0045;0.0003;0.2111;0.2111;0;22.043;22.043;3.0128;0.041;203.23;1038.7;1;0.0063;0.0063;0;0;0;0;0;0;0.2048;0.1168;0;16.531;19.142;9.1444;10.589;97.005;97.005;1.9441;1.6871;0.9332;0.2571;0.7538;0.1322;0.3877;0.48;53.11;0.4465;0
04/11/21 10:00;64.709;-43.69;17.994;71.924;18.076;-90;-18.076;150.3;148.7;1.6017;18.95;1.5801;0;1.6849;144.84;0.1991;0;0.6305;147.36;0;147.36;1.6849;0.1991;144.84;0.6305;0.0114;0.9872;0;0.0043;143.99;3.3653;0;0;2.8381;0.5272;138.76;5.0885;0.001;0.0001;5.0644;0.023;143.85;0.144;0.0017;0.0002;0.142;0.0001;138.91;1.6822;0.1988;136.8;0.0803;90.234;75.345;23.192;0.3625;0.8748;12.583;0.1467;13.095;0;1;0;0;0.9804;0.9772;1;1;0.9804;0.1639;0.9646;0.9994;1;0.9643;0.7777;0.999;0.999;1;0.999;0.999;0.9417;0.9445;0.1274;0.4425;0.4449;0.0027;0.0181;-0.0006;0.003;0.0105;0.0024;0;0;0.088;0;0.3035;0;0;0;0;0;0;0;0;0;0;0;0;0.0085;0.0006;0.3997;0.3997;0;24.618;24.618;5.6684;0.0409;379.56;1053.1;1;0.0082;0.0082;0;0;0;0;0;0;0.3915;0.3035;0;17.208;19.926;13.065;15.129;97.943;97.943;3.5366;3.1946;2.4256;0.342;0.769;0.0967;0.2174;0.6858;89.216;0.6446;0
04/11/21 11:00;70.229;-8.0983;19.565;87.101;2.8987;-90;-2.8987;131.29;130.1;1.1933;19.37;1.3599;0;1.1949;129.9;0.1187;0;0.0143;131.22;0;131.22;1.1949;0.1187;129.9;0.0143;0.0091;0.99;0;0.0001;131.08;0.1459;0;0;0.1339;0.012;125.17;5.7768;0.0008;0.0001;5.7754;0.0005;130.95;0.1311;0.0012;0.0001;0.1298;0;125.17;1.1929;0.1185;123.86;0.0018;77.749;64.92;19.607;-0.0007;0.7578;10.901;-0.0014;11.659;0;1;0;0;0.9995;0.9989;1;1;0.999;0.1628;0.9559;0.9993;1;0.9554;0.7775;0.999;0.999;1;0.999;0.999;0.9539;0.9535;0.1264;0.3941;0.4;0.0024;0.0179;-0.0007;0.0027;0.0094;0.0021;0;0;0.088;0;0.2623;0;0;0;0;0;0;0;0;0;0;0;0;0.0076;0.0005;0.3581;0.3581;0;24.488;24.488;5.1177;0.0409;341.1;1049.7;1;0.0077;0.0077;0;0;0;0;0;0;0.3503;0.2623;0;17.309;20.044;12.681;14.684;97.836;97.836;3.1494;2.8616;2.0964;0.2878;0.7652;0.0914;0.243;0.6656;76.976;0.6267;0
04/11/21 12:00;67.566;32.146;18.851;77.611;12.389;90;12.389;169.4;167.4;2.0009;19.39;0.8601;0;2.0486;165.2;0.2666;0;0.3353;167.85;0;167.85;2.0486;0.2666;165.2;0.3353;0.0122;0.9862;0;0.002;165.85;1.9978;0;0;1.7178;0.28;159.24;6.4431;0.0013;0.0002;6.4291;0.0125;165.68;0.1658;0.002;0.0003;0.1635;0.0001;159.3;2.0453;0.2661;156.89;0.0428;100.98;84.32;25.716;0.1072;0.9751;14.026;0.0638;14.894;0;1;0;0;0.9908;0.9881;1;1;0.9896;0.165;0.9611;0.9993;1;0.9606;0.7746;0.999;0.999;1;0.999;0.999;0.9487;0.9497;0.1277;0.504;0.5094;0.0031;0.018;0.0016;0.0034;0.0121;0.0027;0;0;0.088;0;0.3611;0;0;0;0;0;0;0;0;0;0;0;0;0.0097;0.0008;0.4579;0.4579;0;25.894;25.894;6.5038;0.0408;434.87;1053;1;0.0088;0.0088;0;0;0;0;0;0;0.4491;0.3611;0;17.307;20.041;13.647;15.803;98.07;98.07;4.0283;3.6598;2.8858;0.3686;0.7739;0.0915;0.1921;0.7164;99.67;0.6742;0
04/11/21 13:00;58.77;58.045;15.926;62.776;27.224;90;27.224;341.31;327.9;13.407;19.83;1.07;0;15.077;306.25;4.1537;0;3.2136;328.7;0;328.7;15.077;4.1537;306.25;3.2136;0.0459;0.9415;0;0.0098;314.23;14.466;0;0;11.679;2.7871;304.14;9.7798;0.0083;0.0023;9.6867;0.0825;313.92;0.3142;0.0151;0.0042;0.2946;0.0004;305.06;15.054;4.1473;284.59;0.3436;207.38;173.16;54.575;3.3073;2.0885;30.042;0.9262;28.823;0;1;0;0;0.963;0.956;1;1;0.9619;0.1327;0.9688;0.9994;1;0.9671;0.8063;0.999;0.999;1;0.999;0.999;0.9253;0.9293;0.1069;0.9871;0.9821;0.0059;0.0137;0.0254;0.0066;0.0233;0.0057;0;0;0.088;0;0.778;0;0;0;0;0;0;0;0;0;0;0;0;0.0187;0.0025;0.8804;0.8804;0;32.254;32.254;12.424;0.0409;840.78;1047.1;1;0.0144;0.0144;0;0;0;0;0;0;0.866;0.778;0;16.991;19.675;15.016;17.388;98.37;98.37;7.8887;7.0361;6.2181;0.8526;0.818;0.1081;0.1037;0.7882;198.17;0.7377;0
04/11/21 14:00;47.569;73.46;11.074;48.772;41.228;90;41.228;397.8;349;48.801;21.18;1.81;0;64.887;291.22;22.042;0;8.3825;386.53;0;386.53;64.887;22.042;291.22;8.3825;0.1679;0.7751;0;0.0217;357.51;29.018;0;0;21.285;7.7331;348.33;8.8229;0.0248;0.0084;8.7353;0.0543;357.16;0.3575;0.0649;0.022;0.2699;0.0006;351.16;64.798;22.012;260.93;0.5944;239.32;199.84;66.359;13.161;2.7979;40.247;2.8262;29.884;0;1;0;0;0.9717;0.9249;1;1;0.9269;0.0775;0.9753;0.9996;1;0.9676;0.9163;0.999;0.999;1;0.999;0.999;0.9012;0.896;0.0709;1.1608;1.1425;0.0069;0.0114;0.0424;0.0076;0.0269;0.0076;0;0;0.088;0;0.9106;0;0;0;0;0;0;0;0;0;0;0;0;0.0216;0.0032;1.0149;1.0149;0;35.435;35.435;14.255;0.0409;979.02;1036.6;1;0.0162;0.0162;0;0;0;0;0;0;0.9986;0.9106;0;16.656;19.287;14.945;17.306;98.401;98.401;9.2767;8.1107;7.2777;1.166;0.833;0.1257;0.0898;0.7845;209.61;0.7278;0
04/11/21 15:00;35.541;84.234;4.689;35.678;54.322;90;54.322;89;88.198;0.8016;19.5;2.29;0;1.3744;69.75;0.1498;0;3.1528;74.427;0;74.427;1.3744;0.1498;69.75;3.1528;0.0185;0.9795;0;0.0424;63.851;10.576;0;0;7.6158;2.9605;61.672;2.1148;0.0002;0;2.1063;0.0082;63.787;0.0639;0.0014;0.0001;0.0621;0.0002;62.925;1.3728;0.1496;59.966;0.184;57.218;47.777;16.903;8.1969;0.9298;13.374;1.2529;6.1072;0;1;0;0;0.8363;0.8579;1;1;0.8908;0.061;0.9668;0.9998;1;0.9661;0.9573;0.999;0.999;1;0.999;0.999;0.8286;0.8597;0.0584;0.2235;0.2177;0.0013;0.0156;-0.0024;0.0014;0.005;0.0025;0;0;0.088;0;0.0959;0;0;0;0;0;0;0;0;0;0;0;0;0.0041;0.0002;0.19;0.19;0;22.035;22.035;2.5351;0.0411;184.12;1031.8;1;0.0061;0.0061;0;0;0;0;0;0;0.1839;0.0959;0;16.191;18.749;8.171;9.4618;96.789;96.789;1.7862;1.5182;0.7662;0.268;0.752;0.1501;0.421;0.4289;56.954;0.3781;0
04/11/21 16:00;23.288;93.062;16.497;23.318;50.421;90;50.421;32.994;32.801;0.1931;19.16;2.26;0;0.4684;26.84;0.0279;0;1.0176;28.354;0;28.354;0.4684;0.0279;26.84;1.0176;0.0165;0.9825;0;0.0359;24.771;3.5838;0;0;2.6305;0.9533;23.939;0.8066;0.0003;0;0.8036;0.0027;24.746;0.0248;0.0005;0;0.0242;0.0001;24.332;0.4677;0.0279;23.382;0.0615;21.045;17.572;6.0986;2.4305;0.3117;4.4833;0.3929;2.3645;0;1;0;0;0.8594;0.8736;1;1;0.902;0.0632;0.9674;0.9994;1;0.9668;0.9581;0.999;0.999;1;0.999;0.999;0.8443;0.8712;0.0605;0.0851;0.0827;0.0005;0.0102;-0.0015;0.0005;0.0018;0.0008;0;0;0.088;0;-0.0228;0;0;0;0;0;0;0;0;0;0;0;0;0.0015;0.0001;0.0688;0.0688;0;20.155;20.155;0.9947;0.0416;68.905;998.69;1;0.0036;0.0036;0;0;0;0;0;0;0.0652;-0.0228;0;15.396;17.828;-5.1001;-5.9058;94.753;94.753;0.6805;0.55;-0.1822;0.1305;0.7322;0.1918;1.0759;0;21.044;0;0
04/11/21 17:00;11.126;101.25;62.094;11.339;17.14;90;17.14;41.999;41.502;0.4978;18.54;1.7;0;1.2073;40.505;0.1865;0;0.1586;42.057;0;42.057;1.2073;0.1865;40.505;0.1586;0.0287;0.9669;0;0.0038;41.197;0.8602;0;0;0.7275;0.1328;39.644;1.5117;0.0553;0.0086;1.442;0.0058;41.156;0.0412;0.0012;0.0002;0.0398;0;39.68;1.1507;0.1778;38.295;0.02;24.855;20.754;6.3346;0.0841;0.2434;3.5013;0.0359;3.6606;0;1;0;0;1.0014;0.9795;1;1;0.982;0.1627;0.9633;0.9541;1;0.9637;0.7761;0.999;0.999;1;0.999;0.999;0.9426;0.9455;0.1262;0.1263;0.1269;0.0008;0.0126;-0.0023;0.0008;0.0029;0.0006;0;0;0.088;0;0.0163;0;0;0;0;0;0;0;0;0;0;0;0;0.0023;0.0001;0.1091;0.1091;0;20.176;20.176;1.6358;0.0413;106.91;1020.4;1;0.0048;0.0048;0;0;0;0;0;0;0.1043;0.0163;0;16.454;19.053;2.4638;2.853;95.644;95.644;1.0094;0.8718;0.1305;0.1376;0.7413;0.1363;0.7344;0.1293;24.852;0.1217;0
04/11/21 18:00;2.6071;107.19;83.666;2.7288;3.9016;90;3.9016;3.8092;3.7981;0.0111;17.95;1.46;0;0.0269;3.7931;0.0016;0;0.0008;3.8224;3.8224;0;0.0269;0;0;0;1;1;1;1;0;0;0;0;0;0;0;0;0;0;0;0;0;0;0;0;0;0;0;0;0;0;0;0;0;0;0;0;0;0;0;0;0;0;0;0;1;1;1;1;1;1;1;1;1;1;1;0;1;0;0;1;0;0;0;0;0;0;0;0;0;0;0;0.0004;0.088;0;-0.0884;0;0;0;0;0;0;0;0;0;0;0;0;0;0;0;0;0;0;0;-17.95;0;0;0;0;0.0004;0;0;0;0;0;0;0;-0.0004;-0.0884;0;0;0;0;0;0;0;0;0;-0.7063;0;0.7063;1;1;0;0;0;0
04/11/21 19:00;0;0;90;0;0;90;0;0;0;0;17.7;1.4201;0;0;0;0;0;0;0;0;0;0;0;0;0;1;1;1;1;0;0;0;0;0;0;0;0;0;0;0;0;0;0;0;0;0;0;0;0;0;0;0;0;0;0;0;0;0;0;0;0;0;0;0;1;1;1;1;1;1;1;1;1;1;1;1;1;1;1;1;1;1;1;0;0;0;0;0;0;0;0;0;0.0004;0.088;0;-0.0884;0;0;0;0;0;0;0;0;0;0;0;0;0;0;0;0;0;0;0;-17.7;0;0;0;0;0.0004;0;0;0;0;0;0;0;-0.0004;-0.0884;0;0;0;0;0;0;0;0;0;-0.7063;0;0.7063;1;1;0;0;0;0
04/11/21 20:00;0;0;90;0;0;90;0;0;0;0;17.74;1.57;0;0;0;0;0;0;0;0;0;0;0;0;0;1;1;1;1;0;0;0;0;0;0;0;0;0;0;0;0;0;0;0;0;0;0;0;0;0;0;0;0;0;0;0;0;0;0;0;0;0;0;0;1;1;1;1;1;1;1;1;1;1;1;1;1;1;1;1;1;1;1;0;0;0;0;0;0;0;0;0;0.0004;0.088;0;-0.0884;0;0;0;0;0;0;0;0;0;0;0;0;0;0;0;0;0;0;0;-17.74;0;0;0;0;0.0004;0;0;0;0;0;0;0;-0.0004;-0.0884;0;0;0;0;0;0;0;0;0;-0.7063;0;0.7063;1;1;0;0;0;0
04/11/21 21:00;0;0;90;0;0;90;0;0;0;0;17.5;1.7699;0;0;0;0;0;0;0;0;0;0;0;0;0;1;1;1;1;0;0;0;0;0;0;0;0;0;0;0;0;0;0;0;0;0;0;0;0;0;0;0;0;0;0;0;0;0;0;0;0;0;0;0;1;1;1;1;1;1;1;1;1;1;1;1;1;1;1;1;1;1;1;0;0;0;0;0;0;0;0;0;0.0004;0.088;0;-0.0884;0;0;0;0;0;0;0;0;0;0;0;0;0;0;0;0;0;0;0;-17.5;0;0;0;0;0.0004;0;0;0;0;0;0;0;-0.0004;-0.0884;0;0;0;0;0;0;0;0;0;-0.7063;0;0.7063;1;1;0;0;0;0
04/11/21 22:00;0;0;90;0;0;90;0;0;0;0;16.6;1.94;0;0;0;0;0;0;0;0;0;0;0;0;0;1;1;1;1;0;0;0;0;0;0;0;0;0;0;0;0;0;0;0;0;0;0;0;0;0;0;0;0;0;0;0;0;0;0;0;0;0;0;0;1;1;1;1;1;1;1;1;1;1;1;1;1;1;1;1;1;1;1;0;0;0;0;0;0;0;0;0;0.0004;0.088;0;-0.0884;0;0;0;0;0;0;0;0;0;0;0;0;0;0;0;0;0;0;0;-16.6;0;0;0;0;0.0004;0;0;0;0;0;0;0;-0.0004;-0.0884;0;0;0;0;0;0;0;0;0;-0.7063;0;0.7063;1;1;0;0;0;0
04/11/21 23:00;0;0;90;0;0;90;0;0;0;0;16.6;2.11;0;0;0;0;0;0;0;0;0;0;0;0;0;1;1;1;1;0;0;0;0;0;0;0;0;0;0;0;0;0;0;0;0;0;0;0;0;0;0;0;0;0;0;0;0;0;0;0;0;0;0;0;1;1;1;1;1;1;1;1;1;1;1;1;1;1;1;1;1;1;1;0;0;0;0;0;0;0;0;0;0.0004;0.088;0;-0.0884;0;0;0;0;0;0;0;0;0;0;0;0;0;0;0;0;0;0;0;-16.6;0;0;0;0;0.0004;0;0;0;0;0;0;0;-0.0004;-0.0884;0;0;0;0;0;0;0;0;0;-0.7063;0;0.7063;1;1;0;0;0;0
05/11/21 00:00;0;0;90;0;0;90;0;0;0;0;16.5;2.36;0;0;0;0;0;0;0;0;0;0;0;0;0;1;1;1;1;0;0;0;0;0;0;0;0;0;0;0;0;0;0;0;0;0;0;0;0;0;0;0;0;0;0;0;0;0;0;0;0;0;0;0;1;1;1;1;1;1;1;1;1;1;1;1;1;1;1;1;1;1;1;0;0;0;0;0;0;0;0;0;0.0004;0.088;0;-0.0884;0;0;0;0;0;0;0;0;0;0;0;0;0;0;0;0;0;0;0;-16.5;0;0;0;0;0.0004;0;0;0;0;0;0;0;-0.0004;-0.0884;0;0;0;0;0;0;0;0;0;-0.7063;0;0.7063;1;1;0;0;0;0
05/11/21 01:00;0;0;90;0;0;90;0;0;0;0;16.4;2.7801;0;0;0;0;0;0;0;0;0;0;0;0;0;1;1;1;1;0;0;0;0;0;0;0;0;0;0;0;0;0;0;0;0;0;0;0;0;0;0;0;0;0;0;0;0;0;0;0;0;0;0;0;1;1;1;1;1;1;1;1;1;1;1;1;1;1;1;1;1;1;1;0;0;0;0;0;0;0;0;0;0.0004;0.088;0;-0.0884;0;0;0;0;0;0;0;0;0;0;0;0;0;0;0;0;0;0;0;-16.4;0;0;0;0;0.0004;0;0;0;0;0;0;0;-0.0004;-0.0884;0;0;0;0;0;0;0;0;0;-0.7063;0;0.7063;1;1;0;0;0;0
05/11/21 02:00;0;0;90;0;0;90;0;0;0;0;16.13;3.1099;0;0;0;0;0;0;0;0;0;0;0;0;0;1;1;1;1;0;0;0;0;0;0;0;0;0;0;0;0;0;0;0;0;0;0;0;0;0;0;0;0;0;0;0;0;0;0;0;0;0;0;0;1;1;1;1;1;1;1;1;1;1;1;1;1;1;1;1;1;1;1;0;0;0;0;0;0;0;0;0;0.0004;0.088;0;-0.0884;0;0;0;0;0;0;0;0;0;0;0;0;0;0;0;0;0;0;0;-16.13;0;0;0;0;0.0004;0;0;0;0;0;0;0;-0.0004;-0.0884;0;0;0;0;0;0;0;0;0;-0.7063;0;0.7063;1;1;0;0;0;0
05/11/21 03:00;0;0;90;0;0;90;0;0;0;0;15.7;3.2799;0;0;0;0;0;0;0;0;0;0;0;0;0;1;1;1;1;0;0;0;0;0;0;0;0;0;0;0;0;0;0;0;0;0;0;0;0;0;0;0;0;0;0;0;0;0;0;0;0;0;0;0;1;1;1;1;1;1;1;1;1;1;1;1;1;1;1;1;1;1;1;0;0;0;0;0;0;0;0;0;0.0004;0.088;0;-0.0884;0;0;0;0;0;0;0;0;0;0;0;0;0;0;0;0;0;0;0;-15.7;0;0;0;0;0.0004;0;0;0;0;0;0;0;-0.0004;-0.0884;0;0;0;0;0;0;0;0;0;-0.7063;0;0.7063;1;1;0;0;0;0
05/11/21 04:00;0.511;-109.1;88.761;0.5408;0.7709;-90;-0.7709;0;0;0;15.64;3.4201;0;0;0;0;0;0;0;0;0;0;0;0;0;1;1;1;1;0;0;0;0;0;0;0;0;0;0;0;0;0;0;0;0;0;0;0;0;0;0;0;0;0;0;0;0;0;0;0;0;0;0;0;1;1;1;1;1;1;1;1;1;1;1;1;1;1;1;1;1;1;1;0;0;0;0;0;0;0;0;0;0.0004;0.088;0;-0.0884;0;0;0;0;0;0;0;0;0;0;0;0;0;0;0;0;0;0;0;-15.64;0;0;0;0;0.0004;0;0;0;0;0;0;0;-0.0004;-0.0884;0;0;0;0;0;0;0;0;0;-0.7063;0;0.7063;1;1;0;0;0;0
05/11/21 05:00;6.7716;-104.61;73.383;6.9957;10.185;-90;-10.185;19.203;18.898;0.3045;15.49;3.9899;0;0.7384;18.714;0.085;0;0.0257;19.563;0;19.563;0.7384;0.085;18.714;0.0257;0.0377;0.9579;0;0.0013;19.402;0.1612;0;0;0.1397;0.0214;18.498;0.8851;0.1146;0.0132;0.7563;0.001;19.383;0.0194;0.0007;0.0001;0.0186;0;18.502;0.623;0.0717;17.8;0.0033;11.225;9.3727;2.8287;0.0058;0.1099;1.5812;0.0043;1.6853;0;1;0;0;1.0188;0.9918;1;1;0.9925;0.1663;0.9543;0.8446;1;0.9592;0.7752;0.999;0.999;1;0.999;0.999;0.9455;0.9511;0.1288;0.0587;0.0591;0.0004;0.0086;-0.0019;0.0004;0.0013;0.0003;0;0;0.088;0;-0.0422;0;0;0;0;0;0;0;0;0;0;0;0;0.001;0;0.049;0.049;0;16.259;16.259;0.7692;0.0416;48.804;1003.3;1;0.0031;0.0031;0;0;0;0;0;0;0.0458;-0.0422;0;15.877;18.385;-13.678;-15.839;93.571;93.571;0.4695;0.3913;-0.3371;0.0782;0.7285;0.1666;1.5515;0;11.223;0;0
05/11/21 06:00;18.823;-96.459;38.511;18.934;32.969;-90;-32.969;75.599;74.302;1.2965;16;4.49;0;3.1443;68.123;0.52;0;1.0348;72.822;0;72.822;3.1443;0.52;68.123;1.0348;0.0432;0.9497;0;0.0142;68.385;4.4369;0;0;3.5167;0.9202;66.189;2.1278;0.0189;0.0031;2.0879;0.0179;68.317;0.0684;0.0031;0.0005;0.0646;0.0001;66.51;3.1223;0.5163;62.454;0.0966;45.872;38.303;12.344;1.4291;0.4896;7.0427;0.3217;6.1032;0;1;0;0;0.9633;0.9391;1;1;0.9484;0.1107;0.9689;0.994;1;0.9676;0.8439;0.999;0.999;1;0.999;0.999;0.9089;0.9168;0.0933;0.2187;0.2152;0.0013;0.0155;-0.005;0.0014;0.005;0.0013;0;0;0.088;0;0.097;0;0;0;0;0;0;0;0;0;0;0;0;0.0041;0.0002;0.1912;0.1912;0;18.711;18.711;2.7108;0.041;182.4;1048.5;1;0.0063;0.0063;0;0;0;0;0;0;0.185;0.097;0;16.66;19.292;8.4471;9.7815;96.716;96.716;1.7477;1.5285;0.775;0.2193;0.7535;0.1255;0.4311;0.4434;45.864;0.4135;0
05/11/21 07:00;31.07;-88.018;1.6979;31.085;58.915;-90;-58.915;132.31;129.9;2.4087;16.69;5.52;0;4.6652;98.153;0.8432;0;5.4397;109.1;0;109.1;4.6652;0.8432;98.153;5.4397;0.0428;0.9495;0;0.0499;91.978;17.124;0;0;12.03;5.0936;88.849;3.0362;0.0003;0;3.0153;0.0206;91.886;0.092;0.0047;0.0008;0.0861;0.0003;91.058;4.6603;0.8423;83.022;0.3251;84.975;70.954;25.673;15.375;1.5518;22.322;2.2082;8.499;0;1;0;0;0.8246;0.843;1;1;0.8774;0.0636;0.967;0.9999;1;0.965;0.9404;0.999;0.999;1;0.999;0.999;0.8144;0.8458;0.0598;0.3276;0.3213;0.0019;0.0173;-0.0055;0.0022;0.0076;0.0043;0;0;0.088;0;0.1919;0;0;0;0;0;0;0;0;0;0;0;0;0.0061;0.0004;0.2869;0.2869;0;20.322;20.322;3.6323;0.0409;272.3;1053.7;1;0.007;0.007;0;0;0;0;0;0;0.2799;0.1919;0;16.684;19.319;11.158;12.921;97.548;97.548;2.6184;2.2932;1.5337;0.3252;0.7595;0.1242;0.2901;0.5857;84.391;0.5079;0
05/11/21 08:00;43.239;-78.237;8.5406;43.846;46.154;-90;-46.154;142.09;140.1;1.9982;17.29;6.1399;0;2.8846;118.32;0.4236;0;3.7113;125.34;0;125.34;2.8846;0.4236;118.32;3.7113;0.023;0.9736;0;0.0296;111.71;13.63;0;0;10.18;3.4501;108.05;3.5476;0.0009;0.0001;3.5324;0.0142;111.6;0.1117;0.0029;0.0004;0.1081;0.0003;109.42;2.8809;0.4231;104.5;0.2468;89.944;75.103;25.701;7.8862;1.1932;17.163;1.3617;10.47;0;1;0;0;0.8821;0.8913;1;1;0.914;0.0704;0.9682;0.9997;1;0.9673;0.9457;0.999;0.999;1;0.999;0.999;0.8621;0.8832;0.0665;0.3764;0.3657;0.0022;0.0177;-0.0044;0.0025;0.0087;0.0033;0;0;0.088;0;0.2328;0;0;0;0;0;0;0;0;0;0;0;0;0.007;0.0005;0.3283;0.3283;0;21.704;21.704;4.4137;0.0408;310.99;1055.6;1;0.0075;0.0075;0;0;0;0;0;0;0.3208;0.2328;0;16.614;19.239;11.782;13.643;97.718;97.718;3.0082;2.6236;1.8605;0.3846;0.7632;0.1279;0.2537;0.6185;89.01;0.5609;0
05/11/21 09:00;54.886;-65.112;14.009;57.468;32.532;-90;-32.532;97.009;96.2;0.8083;17.5;6.19;0;0.9588;88.59;0.081;0;1.2939;90.924;0;90.924;0.9588;0.081;88.59;1.2939;0.0105;0.9886;0;0.0142;85.297;5.6262;0;0;4.478;1.1482;82.468;2.744;0.0005;0;2.7203;0.0232;85.212;0.0853;0.001;0.0001;0.0841;0.0001;82.872;0.9573;0.0808;81.308;0.1223;59.902;50.018;16.149;1.7751;0.6315;9.0842;0.4042;7.9406;0;1;0;0;0.9373;0.9381;1;1;0.9495;0.1126;0.9678;0.9995;1;0.9676;0.8407;0.999;0.999;1;0.999;0.999;0.907;0.9178;0.0945;0.273;0.2688;0.0016;0.0166;-0.0041;0.0018;0.0063;0.0017;0;0;0.088;0;0.1448;0;0;0;0;0;0;0;0;0;0;0;0;0.0051;0.0003;0.2394;0.2394;0;20.876;20.876;3.3757;0.0409;228.34;1048.3;1;0.0066;0.0066;0;0;0;0;0;0;0.2328;0.1448;0;16.701;19.339;10.099;11.695;97.233;97.233;2.1822;1.9131;1.1569;0.2691;0.7562;0.1233;0.3466;0.5301;59.452;0.4932;0
05/11/21 10:00;64.95;-44.126;17.694;71.975;18.025;-90;-18.025;416.5;382.9;33.598;18.48;6.01;0;35.332;363.56;10.723;0;1.7375;411.35;0;411.35;35.332;10.723;363.56;1.7375;0.0859;0.888;0;0.0042;402.81;8.5429;0;0;7.0902;1.4526;389.59;12.816;0.0216;0.0065;12.724;0.0633;402.4;0.4028;0.0353;0.0107;0.3565;0.0003;390;35.275;10.706;343.39;0.2213;248.78;207.73;63.875;0.9009;2.4097;34.663;0.4074;36.172;0;1;0;0;0.9876;0.9792;1;1;0.9805;0.164;0.9682;0.9994;1;0.9643;0.7776;0.999;0.999;1;0.999;0.999;0.9471;0.9445;0.1274;1.2353;1.2477;0.0075;0.0099;0.0416;0.0083;0.0295;0.0066;0;0;0.088;0;1.0109;0;0;0;0;0;0;0;0;0;0;0;0;0.0238;0.0038;1.1167;1.1167;0;34.398;34.398;15.918;0.0409;1070;1043.6;1;0.0179;0.0179;0;0;0;0;0;0;1.0989;1.0109;0;17.221;19.942;15.589;18.052;98.401;98.401;9.8724;8.9247;8.0787;0.9477;0.846;0.096;0.0857;0.8183;223.88;0.7698;0
05/11/21 11:00;70.53;-8.2318;19.261;87.102;2.8977;-90;-2.8977;661.3;428.7;232.61;19.06;5.71;0;232.9;352.52;76.047;0;0.0719;661.55;0;661.55;232.9;76.047;352.52;0.0719;0.3521;0.533;0;0.0001;661.12;0.4234;0;0;0.3632;0.0602;644.58;15.882;0.1548;0.0505;15.674;0.0026;660.46;0.6611;0.2329;0.076;0.3522;0;644.57;232.52;75.92;336.13;0.0091;390.7;326.23;100.6;-0.002;3.6736;52.843;-0.005;56.518;0;1;0;0;1.0004;0.9994;1;1;0.999;0.1628;0.976;0.9993;1;0.9554;0.7775;0.999;0.999;1;0.999;0.999;0.9744;0.9535;0.1264;1.9866;2.0528;0.0124;0;0.1484;0.0132;0.047;0.0097;0;0;0.088;0;1.6581;0;0;0;0;0;0;0;0;0;0;0;0;0.0378;0.0095;1.7748;1.7748;0;45.584;45.584;26.523;0.0411;1761.6;1007.5;1;0.0287;0.0287;0;0;0;0;0;0;1.7461;1.6581;0;17.018;19.707;15.9;18.412;98.386;98.386;15.877;14.184;13.252;1.6932;0.9323;0.1066;0.0587;0.8346;208.9;0.7875;0
05/11/21 12:00;67.841;32.49;18.551;77.66;12.34;90;12.34;543.3;441.7;101.59;19.48;5.46;0;104;402.21;35.616;0;1.0669;542.89;0;542.89;104;35.616;402.21;1.0669;0.1916;0.7428;0;0.002;537.84;5.0451;0;0;4.1543;0.8908;521.51;15.796;0.0666;0.0228;15.667;0.0396;537.31;0.5378;0.104;0.0356;0.3981;0.0002;521.72;103.83;35.558;381.99;0.1362;321.74;268.65;82.475;0.2572;3.0659;44.102;0.208;46.911;0;1;0;0;0.9992;0.9907;1;1;0.9897;0.165;0.9706;0.9994;1;0.9606;0.7746;0.999;0.999;1;0.999;0.999;0.9606;0.9497;0.1277;1.6303;1.6643;0.01;0.0041;0.0931;0.0109;0.0387;0.0082;0;0;0.088;0;1.3508;0;0;0;0;0;0;0;0;0;0;0;0;0.0311;0.0064;1.4617;1.4617;0;40.872;40.872;21.392;0.041;1429.2;1022.7;1;0.0229;0.0229;0;0;0;0;0;0;1.4388;1.3508;0;17.08;19.778;15.784;18.277;98.431;98.431;13.029;11.682;10.795;1.3475;0.8866;0.1034;0.068;0.8285;242.63;0.781;0
05/11/21 13:00;58.986;58.459;15.636;62.871;27.129;90;27.129;625.2;395.7;229.51;20.5;5.3399;0;257.88;302.03;85.497;0;5.8467;651.25;0;651.25;257.88;85.497;302.03;5.8467;0.396;0.4727;0;0.009;634.73;16.522;0;0;11.454;5.0684;624.2;9.8955;0.1391;0.0461;9.5592;0.151;634.09;0.6347;0.2579;0.0855;0.2906;0.0008;625.79;257.48;85.366;280.72;0.6265;360.03;300.63;95.504;3.2229;3.4128;49.091;1.5938;49.281;0;1;0;0;1.0417;0.9746;1;1;0.9621;0.1331;0.9844;0.9995;1;0.9671;0.8058;0.999;0.999;1;0.999;0.999;0.9585;0.9295;0.1072;1.9557;1.9883;0.012;0.0006;0.1483;0.0128;0.0454;0.009;0;0;0.088;0;1.5994;0;0;0;0;0;0;0;0;0;0;0;0;0.0365;0.0089;1.7148;1.7148;0;46.2;46.2;25.7;0.0412;1706.8;1004.7;1;0.0275;0.0275;0;0;0;0;0;0;1.6874;1.5994;0;16.704;19.343;15.579;18.04;98.399;98.399;15.63;13.705;12.782;1.9249;0.9227;0.1232;0.059;0.8178;195.32;0.7741;0
05/11/21 14:00;47.752;73.821;10.798;48.901;41.099;90;41.099;675.51;251.5;424.01;20.74;5.38;0;562.66;129.81;137.27;0;14.149;843.89;0;843.89;562.66;137.27;129.81;14.149;0.6667;0.1706;0;0.0168;821.4;22.493;0;0;9.4438;13.049;816.33;4.2484;0.2096;0.0511;3.8947;0.093;820.58;0.8214;0.5627;0.1373;0.1204;0.0011;820.27;561.89;137.08;116.35;1.0062;333.6;278.56;90.065;5.806;3.2434;46.655;3.9432;44.092;0;1;0;0;1.2493;0.9733;1;1;0.9272;0.0778;0.9948;0.9996;1;0.9676;0.9154;0.999;0.999;1;0.999;0.999;0.9673;0.8963;0.0711;2.5342;2.5689;0.0155;-0.0022;0.267;0.016;0.0568;0.0083;0;0;0.088;0;2.0239;0;0;0;0;0;0;0;0;0;0;0;0;0.0458;0.0145;2.1472;2.1472;0;54.567;54.567;33.827;0.0414;2211.8;970.76;1;0.0353;0.0353;0;0;0;0;0;0;2.1119;2.0239;0;16.14;18.69;15.214;17.617;98.356;98.356;20.253;17.16;16.175;3.0933;0.9854;0.1527;0.0487;0.7986;93.33;0.7669;0
05/11/21 15:00;35.71;84.545;4.4273;35.833;54.167;90;54.167;369.5;293.8;75.693;20.75;5.36;0;129.3;211.21;46.735;0;13.021;400.27;0;400.27;129.3;46.735;211.21;13.021;0.323;0.5602;0;0.0325;365.07;35.192;0;0;22.966;12.226;358.27;6.436;0.0198;0.0071;6.3755;0.0337;364.71;0.3651;0.1293;0.0467;0.1882;0.0008;362.71;129.15;46.681;181.68;0.7606;203.01;169.51;58.424;24.574;3.1063;44.683;4.4402;23.215;0;1;0;0;1.0833;0.9121;1;1;0.8913;0.0611;0.9824;0.9998;1;0.9661;0.9576;0.999;0.999;1;0.999;0.999;0.8951;0.8602;0.0584;1.202;1.1867;0.0071;0.0108;0.0439;0.0079;0.0279;0.0085;0;0;0.088;0;0.9498;0;0;0;0;0;0;0;0;0;0;0;0;0.0225;0.0035;1.0546;1.0546;0;35.409;35.409;14.659;0.0409;1016.7;1037.3;1;0.0168;0.0168;0;0;0;0;0;0;1.0378;0.9498;0;16.714;19.354;15.052;17.43;98.404;98.404;9.6064;8.4283;7.5905;1.178;0.8378;0.1226;0.0872;0.7902;172.18;0.7292;0
05/11/21 16:00;23.456;93.338;15.124;23.491;51.691;90;51.691;306.5;201;105.5;20.16;4.99;0;255.86;131.82;92.778;0;9.9023;490.36;0;490.36;255.86;92.778;131.82;9.9023;0.5218;0.289;0;0.0202;467.68;22.679;0;0;13.393;9.2861;463.05;4.1623;0.1335;0.0484;3.9554;0.025;467.21;0.4677;0.2559;0.0928;0.1184;0.0006;465.11;255.47;92.637;114.35;0.5905;105.4;88.009;30.793;13.019;1.5998;23.012;2.0658;11.593;0;1;0;0;1.5999;0.9537;1;1;0.8984;0.0622;0.9911;0.9995;1;0.9666;0.9593;0.999;0.999;1;0.999;0.999;0.9443;0.8675;0.0596;1.4725;1.4494;0.0087;0.007;0.0725;0.0095;0.0338;0.0043;0;0;0.088;0;1.1732;0;0;0;0;0;0;0;0;0;0;0;0;0.0272;0.005;1.2813;1.2813;0;39.138;39.138;18.977;0.041;1245.9;1028.4;1;0.0201;0.0201;0;0;0;0;0;0;1.2612;1.1732;0;16.576;19.194;15.178;17.575;98.434;98.434;11.769;10.24;9.3763;1.5286;0.8637;0.1299;0.0734;0.7967;104.7;0.7697;0
05/11/21 17:00;11.302;101.51;61.622;11.527;17.462;90;17.462;82.905;80.702;2.2033;19.87;3.7401;0;5.3436;78.205;1.5802;0;0.3248;85.454;0;85.454;5.3436;1.5802;78.205;0.3248;0.0625;0.919;0;0.0038;83.733;1.7212;0;0;1.4492;0.272;80.568;3.0815;0.2337;0.0691;2.7669;0.0118;83.649;0.0837;0.0053;0.0016;0.0768;0.0001;80.64;5.1046;1.5095;73.913;0.0409;48.06;40.13;12.259;0.1733;0.4707;6.7714;0.0726;7.0687;0;1;0;0;1.0307;0.9799;1;1;0.9815;0.1625;0.9632;0.9562;1;0.9639;0.7763;0.999;0.999;1;0.999;0.999;0.9428;0.9451;0.126;0.2566;0.2572;0.0015;0.0164;-0.0017;0.0017;0.006;0.0013;0;0;0.088;0;0.1325;0;0;0;0;0;0;0;0;0;0;0;0;0.0048;0.0003;0.2269;0.2269;0;23.175;23.175;3.3052;0.041;218.64;1037.7;1;0.0064;0.0064;0;0;0;0;0;0;0.2205;0.1325;0;16.843;19.504;9.8334;11.387;97.168;97.168;2.0509;1.8133;1.0587;0.2376;0.7547;0.1158;0.368;0.5162;48.046;0.4873;0
05/11/21 18:00;2.7916;107.43;83.217;2.9257;4.1851;90;4.1851;0;0;0;18.77;4.0799;0;0;0;0;0;0;0;0;0;0;0;0;0;1;1;1;1;0;0;0;0;0;0;0;0;0;0;0;0;0;0;0;0;0;0;0;0;0;0;0;0;0;0;0;0;0;0;0;0;0;0;0;1;1;1;1;1;1;1;1;1;1;1;1;1;1;1;1;1;1;1;0;0;0;0;0;0;0;0;0;0.0004;0.088;0;-0.0884;0;0;0;0;0;0;0;0;0;0;0;0;0;0;0;0;0;0;0;-18.77;0;0;0;0;0.0004;0;0;0;0;0;0;0;-0.0004;-0.0884;0;0;0;0;0;0;0;0;0;-0.7063;0;0.7063;1;1;0;0;0;0
05/11/21 19:00;0;0;90;0;0;90;0;0;0;0;17.07;5.1601;0;0;0;0;0;0;0;0;0;0;0;0;0;1;1;1;1;0;0;0;0;0;0;0;0;0;0;0;0;0;0;0;0;0;0;0;0;0;0;0;0;0;0;0;0;0;0;0;0;0;0;0;1;1;1;1;1;1;1;1;1;1;1;1;1;1;1;1;1;1;1;0;0;0;0;0;0;0;0;0;0.0004;0.088;0;-0.0884;0;0;0;0;0;0;0;0;0;0;0;0;0;0;0;0;0;0;0;-17.07;0;0;0;0;0.0004;0;0;0;0;0;0;0;-0.0004;-0.0884;0;0;0;0;0;0;0;0;0;-0.7063;0;0.7063;1;1;0;0;0;0
05/11/21 20:00;0;0;90;0;0;90;0;0;0;0;16.47;5.7499;0;0;0;0;0;0;0;0;0;0;0;0;0;1;1;1;1;0;0;0;0;0;0;0;0;0;0;0;0;0;0;0;0;0;0;0;0;0;0;0;0;0;0;0;0;0;0;0;0;0;0;0;1;1;1;1;1;1;1;1;1;1;1;1;1;1;1;1;1;1;1;0;0;0;0;0;0;0;0;0;0.0004;0.088;0;-0.0884;0;0;0;0;0;0;0;0;0;0;0;0;0;0;0;0;0;0;0;-16.47;0;0;0;0;0.0004;0;0;0;0;0;0;0;-0.0004;-0.0884;0;0;0;0;0;0;0;0;0;-0.7063;0;0.7063;1;1;0;0;0;0
05/11/21 21:00;0;0;90;0;0;90;0;0;0;0;15.53;5.77;0;0;0;0;0;0;0;0;0;0;0;0;0;1;1;1;1;0;0;0;0;0;0;0;0;0;0;0;0;0;0;0;0;0;0;0;0;0;0;0;0;0;0;0;0;0;0;0;0;0;0;0;1;1;1;1;1;1;1;1;1;1;1;1;1;1;1;1;1;1;1;0;0;0;0;0;0;0;0;0;0.0004;0.088;0;-0.0884;0;0;0;0;0;0;0;0;0;0;0;0;0;0;0;0;0;0;0;-15.53;0;0;0;0;0.0004;0;0;0;0;0;0;0;-0.0004;-0.0884;0;0;0;0;0;0;0;0;0;-0.7063;0;0.7063;1;1;0;0;0;0
05/11/21 22:00;0;0;90;0;0;90;0;0;0;0;16.53;5.6699;0;0;0;0;0;0;0;0;0;0;0;0;0;1;1;1;1;0;0;0;0;0;0;0;0;0;0;0;0;0;0;0;0;0;0;0;0;0;0;0;0;0;0;0;0;0;0;0;0;0;0;0;1;1;1;1;1;1;1;1;1;1;1;1;1;1;1;1;1;1;1;0;0;0;0;0;0;0;0;0;0.0004;0.088;0;-0.0884;0;0;0;0;0;0;0;0;0;0;0;0;0;0;0;0;0;0;0;-16.53;0;0;0;0;0.0004;0;0;0;0;0;0;0;-0.0004;-0.0884;0;0;0;0;0;0;0;0;0;-0.7063;0;0.7063;1;1;0;0;0;0
05/11/21 23:00;0;0;90;0;0;90;0;0;0;0;16.43;5.37;0;0;0;0;0;0;0;0;0;0;0;0;0;1;1;1;1;0;0;0;0;0;0;0;0;0;0;0;0;0;0;0;0;0;0;0;0;0;0;0;0;0;0;0;0;0;0;0;0;0;0;0;1;1;1;1;1;1;1;1;1;1;1;1;1;1;1;1;1;1;1;0;0;0;0;0;0;0;0;0;0.0004;0.088;0;-0.0884;0;0;0;0;0;0;0;0;0;0;0;0;0;0;0;0;0;0;0;-16.43;0;0;0;0;0.0004;0;0;0;0;0;0;0;-0.0004;-0.0884;0;0;0;0;0;0;0;0;0;-0.7063;0;0.7063;1;1;0;0;0;0
06/11/21 00:00;0;0;90;0;0;90;0;0;0;0;16;5.04;0;0;0;0;0;0;0;0;0;0;0;0;0;1;1;1;1;0;0;0;0;0;0;0;0;0;0;0;0;0;0;0;0;0;0;0;0;0;0;0;0;0;0;0;0;0;0;0;0;0;0;0;1;1;1;1;1;1;1;1;1;1;1;1;1;1;1;1;1;1;1;0;0;0;0;0;0;0;0;0;0.0004;0.088;0;-0.0884;0;0;0;0;0;0;0;0;0;0;0;0;0;0;0;0;0;0;0;-16;0;0;0;0;0.0004;0;0;0;0;0;0;0;-0.0004;-0.0884;0;0;0;0;0;0;0;0;0;-0.7063;0;0.7063;1;1;0;0;0;0
06/11/21 01:00;0;0;90;0;0;90;0;0;0;0;15.59;4.58;0;0;0;0;0;0;0;0;0;0;0;0;0;1;1;1;1;0;0;0;0;0;0;0;0;0;0;0;0;0;0;0;0;0;0;0;0;0;0;0;0;0;0;0;0;0;0;0;0;0;0;0;1;1;1;1;1;1;1;1;1;1;1;1;1;1;1;1;1;1;1;0;0;0;0;0;0;0;0;0;0.0004;0.088;0;-0.0884;0;0;0;0;0;0;0;0;0;0;0;0;0;0;0;0;0;0;0;-15.59;0;0;0;0;0.0004;0;0;0;0;0;0;0;-0.0004;-0.0884;0;0;0;0;0;0;0;0;0;-0.7063;0;0.7063;1;1;0;0;0;0
06/11/21 02:00;0;0;90;0;0;90;0;0;0;0;15.22;4.27;0;0;0;0;0;0;0;0;0;0;0;0;0;1;1;1;1;0;0;0;0;0;0;0;0;0;0;0;0;0;0;0;0;0;0;0;0;0;0;0;0;0;0;0;0;0;0;0;0;0;0;0;1;1;1;1;1;1;1;1;1;1;1;1;1;1;1;1;1;1;1;0;0;0;0;0;0;0;0;0;0.0004;0.088;0;-0.0884;0;0;0;0;0;0;0;0;0;0;0;0;0;0;0;0;0;0;0;-15.22;0;0;0;0;0.0004;0;0;0;0;0;0;0;-0.0004;-0.0884;0;0;0;0;0;0;0;0;0;-0.7063;0;0.7063;1;1;0;0;0;0
06/11/21 03:00;0;0;90;0;0;90;0;0;0;0;15.05;4.1401;0;0;0;0;0;0;0;0;0;0;0;0;0;1;1;1;1;0;0;0;0;0;0;0;0;0;0;0;0;0;0;0;0;0;0;0;0;0;0;0;0;0;0;0;0;0;0;0;0;0;0;0;1;1;1;1;1;1;1;1;1;1;1;1;1;1;1;1;1;1;1;0;0;0;0;0;0;0;0;0;0.0004;0.088;0;-0.0884;0;0;0;0;0;0;0;0;0;0;0;0;0;0;0;0;0;0;0;-15.05;0;0;0;0;0.0004;0;0;0;0;0;0;0;-0.0004;-0.0884;0;0;0;0;0;0;0;0;0;-0.7063;0;0.7063;1;1;0;0;0;0
06/11/21 04:00;0.4873;-109.49;88.818;0.5169;0.7368;-90;-0.7368;0;0;0;14.74;4.34;0;0;0;0;0;0;0;0;0;0;0;0;0;1;1;1;1;0;0;0;0;0;0;0;0;0;0;0;0;0;0;0;0;0;0;0;0;0;0;0;0;0;0;0;0;0;0;0;0;0;0;0;1;1;1;1;1;1;1;1;1;1;1;1;1;1;1;1;1;1;1;0;0;0;0;0;0;0;0;0;0.0004;0.088;0;-0.0884;0;0;0;0;0;0;0;0;0;0;0;0;0;0;0;0;0;0;0;-14.74;0;0;0;0;0.0004;0;0;0;0;0;0;0;-0.0004;-0.0884;0;0;0;0;0;0;0;0;0;-0.7063;0;0.7063;1;1;0;0;0;0
06/11/21 05:00;6.9323;-104.87;72.979;7.17;10.45;-90;-10.45;58.291;43.098;15.193;15.22;4.9201;0;36.848;38.879;9.444;0;0.0822;85.253;0;85.253;36.848;9.444;38.879;0.0822;0.4322;0.457;0;0.001;84.882;0.3715;0;0;0.303;0.0685;76.352;8.4445;5.4741;1.403;1.5643;0.0031;84.797;0.0849;0.0368;0.0094;0.0386;0;76.362;31.337;8.0316;36.973;0.0106;23.425;19.56;5.8607;0.0134;0.2322;3.3407;0.0097;3.5596;0;1;0;0;1.4625;0.9956;1;1;0.9922;0.1664;0.9004;0.8513;1;0.9594;0.7752;0.999;0.999;1;0.999;0.999;0.8956;0.951;0.1289;0.256;0.237;0.0014;0.016;-0.0058;0.0016;0.0056;0.0006;0;0;0.088;0;0.1183;0;0;0;0;0;0;0;0;0;0;0;0;0.0045;0.0002;0.2128;0.2128;0;18.341;18.341;3.1211;0.0409;201.51;1056.2;1;0.0065;0.0065;0;0;0;0;0;0;0.2063;0.1183;0;15.836;18.338;8.8033;10.194;96.94;96.94;2.0461;1.7009;0.9455;0.3452;0.7554;0.1687;0.3692;0.4621;23.331;0.4489;0
06/11/21 06:00;18.973;-96.733;37.953;19.095;33.41;-90;-33.41;291.4;56.003;235.39;18.15;5.15;0;570.9;24.677;70.583;0;4.0929;670.25;0;670.25;570.9;70.583;24.677;4.0929;0.8518;0.0429;0;0.0061;665.3;4.9484;0;0;1.3009;3.6475;660.17;4.4677;3.2437;0.401;0.755;0.0679;664.64;0.6653;0.5709;0.0706;0.0234;0.0004;660.29;567.08;70.111;22.598;0.3771;17.965;15.001;5.0147;0.5428;0.1789;2.5737;0.1206;2.2098;0;1;0;0;2.3001;0.9926;1;1;0.9473;0.1088;0.9933;0.9943;1;0.9677;0.8473;0.999;0.999;1;0.999;0.999;0.985;0.9157;0.0921;2.0128;1.9941;0.012;0.0005;0.1423;0.0129;0.0457;0.0005;0;0;0.088;0;1.6185;0;0;0;0;0;0;0;0;0;0;0;0;0.0368;0.009;1.7345;1.7345;0;45.307;45.307;27.157;0.0411;1716;1010.8;1;0.0279;0.0279;0;0;0;0;0;0;1.7065;1.6185;0;16.416;19.01;15.319;17.739;98.389;98.389;16.086;13.862;12.935;2.224;0.9266;0.1383;0.0576;0.8041;16.669;0.8018;0
06/11/21 07:00;31.217;-88.322;1.4347;31.228;58.772;-90;-58.772;255.1;220.8;34.304;19.45;5.62;0;66.167;159.67;20.232;0;10.442;256.51;0;256.51;66.167;20.232;159.67;10.442;0.2579;0.6632;0;0.0407;227.23;29.279;0;0;19.501;9.7782;222.06;4.9452;0.0033;0.001;4.9019;0.0389;227.01;0.2272;0.0662;0.0202;0.1402;0.0007;225.88;66.098;20.211;135.13;0.6241;146.4;122.24;43.75;24.795;2.5947;37.324;3.8227;15.124;0;1;0;0;1.0055;0.8859;1;1;0.8779;0.0636;0.9782;1;1;0.965;0.9413;0.999;0.999;1;0.999;0.999;0.8657;0.8463;0.0598;0.7703;0.759;0.0046;0.0164;0.0095;0.0051;0.0181;0.0072;0;0;0.088;0;0.5824;0;0;0;0;0;0;0;0;0;0;0;0;0.0146;0.0016;0.6821;0.6821;0;28.514;28.514;9.064;0.0408;647.09;1054.1;1;0.0116;0.0116;0;0;0;0;0;0;0.6704;0.5824;0;16.868;19.532;14.404;16.679;98.295;98.295;6.1563;5.4511;4.6548;0.7052;0.7962;0.1146;0.1293;0.7561;137.06;0.6818;0
06/11/21 08:00;43.395;-78.589;8.2654;43.966;46.034;-90;-46.034;177.8;174.7;3.1038;19.65;5.62;0;4.4709;147.51;0.816;0;4.6212;157.42;0;157.42;4.4709;0.816;147.51;4.6212;0.0284;0.9664;0;0.0294;140.48;16.938;0;0;12.643;4.295;135.92;4.4232;0.0013;0.0002;4.4039;0.0179;140.34;0.1405;0.0045;0.0008;0.1349;0.0003;137.6;4.4651;0.815;130.33;0.308;112.34;93.806;32.124;9.7435;1.4818;21.316;1.6856;13.054;0;1;0;0;0.8854;0.8924;1;1;0.9143;0.0706;0.9685;0.9997;1;0.9673;0.9452;0.999;0.999;1;0.999;0.999;0.8634;0.8835;0.0666;0.4727;0.4594;0.0028;0.0181;0.0003;0.0031;0.0109;0.0041;0;0;0.088;0;0.3144;0;0;0;0;0;0;0;0;0;0;0;0;0.0088;0.0007;0.4108;0.4108;0;25.206;25.206;5.5561;0.0409;391.24;1049.9;1;0.0083;0.0083;0;0;0;0;0;0;0.4024;0.3144;0;16.552;19.167;12.671;14.673;97.978;97.978;3.7781;3.2827;2.5131;0.4953;0.7697;0.1311;0.2037;0.6652;110.84;0.6039;0
06/11/21 09:00;55.068;-65.528;13.721;57.556;32.444;-90;-32.444;886.21;146.4;739.8;22.9;5.21;0;876.64;47.553;112.36;0;11.758;1048.3;0;1048.3;876.64;112.36;47.553;11.758;0.8362;0.0566;0;0.0112;1035.5;12.823;0;0;2.3934;10.43;1032.3;2.1413;0.4151;0.0532;1.4607;0.2123;1034.5;1.0355;0.8766;0.1124;0.0452;0.0013;1035.5;875.34;112.2;43.653;1.1144;460.73;384.71;123.7;0.9468;4.0646;58.467;3.2103;61.585;0;1;0;0;1.1829;0.9878;1;1;0.9497;0.1129;0.9979;0.9995;1;0.9676;0.84;0.999;0.999;1;0.999;0.999;0.9847;0.918;0.0948;3.1481;3.2421;0.0195;0.003;0.4687;0.0193;0.0683;0.0099;0;0;0.088;0;2.4433;0;0;0;0;0;0;0;0;0;0;0;0;0.055;0.0226;2.5758;2.5758;0;66.091;66.091;43.191;0.0418;2789.4;923.42;1;0.0446;0.0446;0;0;0;0;0;0;2.5313;2.4433;0;15.587;18.049;14.785;17.121;98.27;98.27;25.159;20.586;19.527;4.5735;1.0594;0.1818;0.0421;0.7761;31.892;0.745;0
06/11/21 10:00;65.184;-44.57;17.397;72.021;17.979;-90;-17.979;657.91;393.8;264.1;23.81;4.6801;0;277.66;303.95;86.467;0;2.7307;670.81;0;670.81;277.66;86.467;303.95;2.7307;0.4139;0.4572;0;0.0041;662.63;8.1851;0;0;5.9023;2.2828;651;10.966;0.1667;0.0519;10.648;0.0995;661.96;0.6626;0.2777;0.0865;0.298;0.0004;651.63;277.22;86.329;287.1;0.3479;384.09;320.71;100.85;0.7468;3.5329;50.82;0.6315;53.606;0;1;0;0;1.0196;0.9878;1;1;0.9806;0.164;0.9834;0.9994;1;0.9642;0.7776;0.999;0.999;1;0.999;0.999;0.9705;0.9446;0.1274;2.0144;2.0698;0.0125;-0.0001;0.1876;0.0131;0.0464;0.0092;0;0;0.088;0;1.6382;0;0;0;0;0;0;0;0;0;0;0;0;0.0374;0.0096;1.7541;1.7541;0;50.712;50.712;26.902;0.0413;1778.9;986.06;1;0.0279;0.0279;0;0;0;0;0;0;1.7262;1.6382;0;16.588;19.208;15.492;17.94;98.412;98.412;16.099;14.019;13.093;2.0807;0.9259;0.1292;0.0575;0.8132;187.14;0.7696;0
06/11/21 11:00;70.826;-8.3776;18.962;87.1;2.9003;-90;-2.9003;976.01;184;792.01;25.24;4.26;0;793.02;73.211;110.88;0;0.1063;977.22;0;977.22;793.02;110.88;73.211;0.1063;0.8115;0.075;0;0.0001;977.06;0.1645;0;0;0.0755;0.089;972.23;3.8503;0.5189;0.0726;3.255;0.0038;976.08;0.9771;0.793;0.1109;0.0731;0;972.23;791.71;110.7;69.807;0.0134;575.26;480.34;151.98;-0.0004;5.1581;74.197;-0.0043;79.355;0;1;0;0;1.0012;0.9998;1;1;0.999;0.1628;0.9961;0.9993;1;0.9554;0.7775;0.999;0.999;1;0.999;0.999;0.9949;0.9535;0.1264;2.9346;3.0847;0.0186;0.0008;0.4446;0.0183;0.0651;0.0126;0;0;0.088;0;2.3221;0;0;0;0;0;0;0;0;0;0;0;0;0.0524;0.0205;2.4517;2.4517;0;65.908;65.908;40.668;0.0418;2651.6;924.63;1;0.0416;0.0416;0;0;0;0;0;0;2.4101;2.3221;0;15.915;18.43;15.074;17.455;98.303;98.303;23.453;19.594;18.558;3.859;1.0359;0.1645;0.0442;0.7913;43.384;0.7487;0
06/11/21 12:00;68.112;32.829;18.255;77.713;12.287;90;12.287;644;432.9;211.09;25.83;3.9701;0;216.04;358.07;72.344;0;1.2539;647.71;0;647.71;216.04;72.344;358.07;1.2539;0.3336;0.5548;0;0.0019;642.99;4.719;0;0;3.672;1.047;628.16;14.189;0.1361;0.0456;13.96;0.0466;642.35;0.643;0.216;0.0723;0.3544;0.0002;628.4;215.69;72.226;340.08;0.1601;379.43;316.82;98.298;0.2255;3.5433;50.97;0.2465;54.287;0;1;0;0;1.0058;0.9927;1;1;0.9897;0.165;0.9779;0.9994;1;0.9606;0.7746;0.999;0.999;1;0.999;0.999;0.9698;0.9498;0.1277;1.9451;2.0001;0.012;0.0005;0.1894;0.0126;0.0446;0.0092;0;0;0.088;0;1.5723;0;0;0;0;0;0;0;0;0;0;0;0;0.0359;0.009;1.6868;1.6868;0;51.815;51.815;25.985;0.0414;1719;981.27;1;0.0265;0.0265;0;0;0;0;0;0;1.6603;1.5723;0;16.521;19.13;15.399;17.832;98.43;98.43;15.545;13.481;12.566;2.064;0.915;0.1328;0.0589;0.8084;215.97;0.7634;0
06/11/21 13:00;59.2;58.867;15.351;62.967;27.033;90;27.033;574.4;413.8;160.6;26.49;3.7499;0;180.3;338.7;62.342;0;5.3342;586.67;0;586.67;180.3;62.342;338.7;5.3342;0.3073;0.5864;0;0.0091;569.27;17.394;0;0;12.772;4.622;557.71;10.994;0.0955;0.033;10.727;0.1385;568.7;0.5693;0.1803;0.0623;0.3259;0.0007;559.18;180.02;62.246;314.87;0.573;335.48;280.12;88.768;3.5693;3.2312;46.48;1.4727;46.142;0;1;0;0;1.0214;0.9704;1;1;0.9623;0.1335;0.9807;0.9995;1;0.9671;0.8053;0.999;0.999;1;0.999;0.999;0.9506;0.9297;0.1074;1.7618;1.7822;0.0107;0.0027;0.1547;0.0113;0.0401;0.0084;0;0;0.088;0;1.4034;0;0;0;0;0;0;0;0;0;0;0;0;0.0323;0.0073;1.5147;1.5147;0;49.527;49.527;23.037;0.0413;1530.5;989.71;1;0.0234;0.0234;0;0;0;0;0;0;1.4914;1.4034;0;16.379;18.966;15.175;17.572;98.457;98.457;14.08;12.106;11.216;1.9742;0.89;0.1402;0.0632;0.7966;218.9;0.752;0
06/11/21 14:00;47.933;74.176;10.527;49.032;40.968;90;40.968;288.29;278.6;9.695;25.6;3.0201;0;12.84;242.19;3.4585;0;6.0018;264.49;0;264.49;12.84;3.4585;242.19;6.0018;0.0485;0.9384;0;0.0227;241.42;23.071;0;0;17.537;5.5333;233.86;7.3142;0.0047;0.0013;7.2683;0.04;241.18;0.2414;0.0128;0.0035;0.2247;0.0005;235.95;12.822;3.4538;217.16;0.428;179.55;149.93;49.94;10.71;2.1435;30.833;2.0865;22.267;0;1;0;0;0.9174;0.9128;1;1;0.9276;0.0781;0.9697;0.9996;1;0.9676;0.9146;0.999;0.999;1;0.999;0.999;0.8842;0.8966;0.0713;0.7943;0.7757;0.0047;0.0162;0.0285;0.0051;0.018;0.0058;0;0;0.088;0;0.582;0;0;0;0;0;0;0;0;0;0;0;0;0.0145;0.0016;0.6813;0.6813;0;35.196;35.196;9.5961;0.041;663.26;1027.2;1;0.0113;0.0113;0;0;0;0;0;0;0.67;0.582;0;16.34;18.922;13.958;16.163;98.338;98.338;6.3477;5.4448;4.651;0.9029;0.7938;0.1422;0.1251;0.7327;173.93;0.6739;0
06/11/21 15:00;35.879;84.85;4.1709;35.989;54.011;90;54.011;46.492;46.297;0.195;23.88;2.4601;0;0.3318;36.743;0.0188;0;1.6296;38.723;0;38.723;0.3318;0.0188;36.743;1.6296;0.0086;0.9909;0;0.0421;33.214;5.5087;0;0;3.9786;1.5301;32.068;1.1128;0;0;1.1086;0.0042;33.181;0.0332;0.0003;0;0.0328;0.0001;32.718;0.3314;0.0188;31.623;0.0953;29.965;25.021;8.8311;4.2318;0.4843;6.9665;0.6496;3.219;0;1;0;0;0.8329;0.8577;1;1;0.8917;0.0611;0.9665;0.9999;1;0.9661;0.9579;0.999;0.999;1;0.999;0.999;0.8281;0.8607;0.0585;0.1163;0.1132;0.0007;0.0119;0.0001;0.0007;0.0025;0.0012;0;0;0.088;0;0.0018;0;0;0;0;0;0;0;0;0;0;0;0;0.002;0.0001;0.094;0.094;0;25.212;25.212;1.3327;0.0416;94.932;990.19;1;0.0042;0.0042;0;0;0;0;0;0;0.0898;0.0018;0;15.399;17.832;0.3013;0.3489;95.573;95.573;0.9294;0.7513;0.0147;0.1781;0.7366;0.1916;0.7925;0.0158;29.903;0.0139;0
06/11/21 16:00;23.624;93.609;13.62;23.666;53.115;90;53.115;115.7;113.8;1.9018;20.7;1.73;0;4.6124;90.743;0.9402;0;3.9318;100.23;0;100.23;4.6124;0.9402;90.743;3.9318;0.046;0.9446;0;0.0392;86.947;13.281;0;0;9.5905;3.6903;84.116;2.7439;0.0022;0.0004;2.7315;0.0099;86.86;0.0869;0.0046;0.0009;0.0812;0.0002;85.648;4.6056;0.9388;78.34;0.2315;73.161;61.09;21.459;9.8553;1.1582;16.66;1.5323;7.9628;0;1;0;0;0.8662;0.8675;1;1;0.8943;0.0614;0.9684;0.9995;1;0.9663;0.959;0.999;0.999;1;0.999;0.999;0.8392;0.8633;0.0589;0.301;0.2931;0.0018;0.017;-0.0009;0.0019;0.0068;0.0031;0;0;0.088;0;0.1629;0;0;0;0;0;0;0;0;0;0;0;0;0.0055;0.0003;0.2575;0.2575;0;24.152;24.152;3.4521;0.041;248.67;1035.6;1;0.0066;0.0066;0;0;0;0;0;0;0.2509;0.1629;0;16.299;18.874;10.31;11.939;97.427;97.427;2.4055;2.0581;1.3019;0.3474;0.7562;0.1444;0.3144;0.5412;73.15;0.4813;0
06/11/21 17:00;11.477;101.75;61.147;11.716;17.787;90;17.787;5.5088;5.5012;0.0075;17.78;1.8201;0;0.0182;5.3696;0.0004;0;0.0224;5.4106;5.4106;0;0.0182;0;0;0;1;1;1;1;0;0;0;0;0;0;0;0;0;0;0;0;0;0;0;0;0;0;0;0;0;0;0;0;0;0;0;0;0;0;0;0;0;0;0;0;1;1;1;1;1;1;1;1;1;1;1;0;1;0;0;1;0;0;0;0;0;0;0;0;0;0;0;0.0004;0.088;0;-0.0884;0;0;0;0;0;0;0;0;0;0;0;0;0;0;0;0;0;0;0;-17.78;0;0;0;0;0.0004;0;0;0;0;0;0;0;-0.0004;-0.0884;0;0;0;0;0;0;0;0;0;-0.7063;0;0.7063;1;1;0;0;0;0
06/11/21 18:00;2.7813;107.81;83.241;2.9211;4.1785;90;4.1785;0.1953;0.1953;0;18.3;2.3199;0;0;0.1951;0;0;0;0.1951;0.1951;0;0;0;0;0;1;1;1;1;0;0;0;0;0;0;0;0;0;0;0;0;0;0;0;0;0;0;0;0;0;0;0;0;0;0;0;0;0;0;0;0;0;0;0;0;1;1;1;1;1;1;1;1;1;1;1;1;1;0;0;1;0;0;0;0;0;0;0;0;0;0;0;0.0004;0.088;0;-0.0884;0;0;0;0;0;0;0;0;0;0;0;0;0;0;0;0;0;0;0;-18.3;0;0;0;0;0.0004;0;0;0;0;0;0;0;-0.0004;-0.0884;0;0;0;0;0;0;0;0;0;-0.7063;0;0.7063;1;1;0;0;0;0
06/11/21 19:00;0;0;90;0;0;90;0;0;0;0;17.52;2.6299;0;0;0;0;0;0;0;0;0;0;0;0;0;1;1;1;1;0;0;0;0;0;0;0;0;0;0;0;0;0;0;0;0;0;0;0;0;0;0;0;0;0;0;0;0;0;0;0;0;0;0;0;1;1;1;1;1;1;1;1;1;1;1;1;1;1;1;1;1;1;1;0;0;0;0;0;0;0;0;0;0.0004;0.088;0;-0.0884;0;0;0;0;0;0;0;0;0;0;0;0;0;0;0;0;0;0;0;-17.52;0;0;0;0;0.0004;0;0;0;0;0;0;0;-0.0004;-0.0884;0;0;0;0;0;0;0;0;0;-0.7063;0;0.7063;1;1;0;0;0;0
06/11/21 20:00;0;0;90;0;0;90;0;0;0;0;19.14;2.75;0;0;0;0;0;0;0;0;0;0;0;0;0;1;1;1;1;0;0;0;0;0;0;0;0;0;0;0;0;0;0;0;0;0;0;0;0;0;0;0;0;0;0;0;0;0;0;0;0;0;0;0;1;1;1;1;1;1;1;1;1;1;1;1;1;1;1;1;1;1;1;0;0;0;0;0;0;0;0;0;0.0004;0.088;0;-0.0884;0;0;0;0;0;0;0;0;0;0;0;0;0;0;0;0;0;0;0;-19.14;0;0;0;0;0.0004;0;0;0;0;0;0;0;-0.0004;-0.0884;0;0;0;0;0;0;0;0;0;-0.7063;0;0.7063;1;1;0;0;0;0
06/11/21 21:00;0;0;90;0;0;90;0;0;0;0;17.14;2.8501;0;0;0;0;0;0;0;0;0;0;0;0;0;1;1;1;1;0;0;0;0;0;0;0;0;0;0;0;0;0;0;0;0;0;0;0;0;0;0;0;0;0;0;0;0;0;0;0;0;0;0;0;1;1;1;1;1;1;1;1;1;1;1;1;1;1;1;1;1;1;1;0;0;0;0;0;0;0;0;0;0.0004;0.088;0;-0.0884;0;0;0;0;0;0;0;0;0;0;0;0;0;0;0;0;0;0;0;-17.14;0;0;0;0;0.0004;0;0;0;0;0;0;0;-0.0004;-0.0884;0;0;0;0;0;0;0;0;0;-0.7063;0;0.7063;1;1;0;0;0;0
06/11/21 22:00;0;0;90;0;0;90;0;0;0;0;17.11;2.99;0;0;0;0;0;0;0;0;0;0;0;0;0;1;1;1;1;0;0;0;0;0;0;0;0;0;0;0;0;0;0;0;0;0;0;0;0;0;0;0;0;0;0;0;0;0;0;0;0;0;0;0;1;1;1;1;1;1;1;1;1;1;1;1;1;1;1;1;1;1;1;0;0;0;0;0;0;0;0;0;0.0004;0.088;0;-0.0884;0;0;0;0;0;0;0;0;0;0;0;0;0;0;0;0;0;0;0;-17.11;0;0;0;0;0.0004;0;0;0;0;0;0;0;-0.0004;-0.0884;0;0;0;0;0;0;0;0;0;-0.7063;0;0.7063;1;1;0;0;0;0
06/11/21 23:00;0;0;90;0;0;90;0;0;0;0;17.55;2.9599;0;0;0;0;0;0;0;0;0;0;0;0;0;1;1;1;1;0;0;0;0;0;0;0;0;0;0;0;0;0;0;0;0;0;0;0;0;0;0;0;0;0;0;0;0;0;0;0;0;0;0;0;1;1;1;1;1;1;1;1;1;1;1;1;1;1;1;1;1;1;1;0;0;0;0;0;0;0;0;0;0.0004;0.088;0;-0.0884;0;0;0;0;0;0;0;0;0;0;0;0;0;0;0;0;0;0;0;-17.55;0;0;0;0;0.0004;0;0;0;0;0;0;0;-0.0004;-0.0884;0;0;0;0;0;0;0;0;0;-0.7063;0;0.7063;1;1;0;0;0;0
07/11/21 00:00;0;0;90;0;0;90;0;0;0;0;17.1;2.68;0;0;0;0;0;0;0;0;0;0;0;0;0;1;1;1;1;0;0;0;0;0;0;0;0;0;0;0;0;0;0;0;0;0;0;0;0;0;0;0;0;0;0;0;0;0;0;0;0;0;0;0;1;1;1;1;1;1;1;1;1;1;1;1;1;1;1;1;1;1;1;0;0;0;0;0;0;0;0;0;0.0004;0.088;0;-0.0884;0;0;0;0;0;0;0;0;0;0;0;0;0;0;0;0;0;0;0;-17.1;0;0;0;0;0.0004;0;0;0;0;0;0;0;-0.0004;-0.0884;0;0;0;0;0;0;0;0;0;-0.7063;0;0.7063;1;1;0;0;0;0
07/11/21 01:00;0;0;90;0;0;90;0;0;0;0;17.54;2.2301;0;0;0;0;0;0;0;0;0;0;0;0;0;1;1;1;1;0;0;0;0;0;0;0;0;0;0;0;0;0;0;0;0;0;0;0;0;0;0;0;0;0;0;0;0;0;0;0;0;0;0;0;1;1;1;1;1;1;1;1;1;1;1;1;1;1;1;1;1;1;1;0;0;0;0;0;0;0;0;0;0.0004;0.088;0;-0.0884;0;0;0;0;0;0;0;0;0;0;0;0;0;0;0;0;0;0;0;-17.54;0;0;0;0;0.0004;0;0;0;0;0;0;0;-0.0004;-0.0884;0;0;0;0;0;0;0;0;0;-0.7063;0;0.7063;1;1;0;0;0;0
07/11/21 02:00;0;0;90;0;0;90;0;0;0;0;16.5;1.88;0;0;0;0;0;0;0;0;0;0;0;0;0;1;1;1;1;0;0;0;0;0;0;0;0;0;0;0;0;0;0;0;0;0;0;0;0;0;0;0;0;0;0;0;0;0;0;0;0;0;0;0;1;1;1;1;1;1;1;1;1;1;1;1;1;1;1;1;1;1;1;0;0;0;0;0;0;0;0;0;0.0004;0.088;0;-0.0884;0;0;0;0;0;0;0;0;0;0;0;0;0;0;0;0;0;0;0;-16.5;0;0;0;0;0.0004;0;0;0;0;0;0;0;-0.0004;-0.0884;0;0;0;0;0;0;0;0;0;-0.7063;0;0.7063;1;1;0;0;0;0
07/11/21 03:00;0;0;90;0;0;90;0;0;0;0;16.32;1.79;0;0;0;0;0;0;0;0;0;0;0;0;0;1;1;1;1;0;0;0;0;0;0;0;0;0;0;0;0;0;0;0;0;0;0;0;0;0;0;0;0;0;0;0;0;0;0;0;0;0;0;0;1;1;1;1;1;1;1;1;1;1;1;1;1;1;1;1;1;1;1;0;0;0;0;0;0;0;0;0;0.0004;0.088;0;-0.0884;0;0;0;0;0;0;0;0;0;0;0;0;0;0;0;0;0;0;0;-16.32;0;0;0;0;0.0004;0;0;0;0;0;0;0;-0.0004;-0.0884;0;0;0;0;0;0;0;0;0;-0.7063;0;0.7063;1;1;0;0;0;0
07/11/21 04:00;0.6513;-109.74;88.42;0.692;0.9865;-90;-0.9865;0;0;0;16.3;2.05;0;0;0;0;0;0;0;0;0;0;0;0;0;1;1;1;1;0;0;0;0;0;0;0;0;0;0;0;0;0;0;0;0;0;0;0;0;0;0;0;0;0;0;0;0;0;0;0;0;0;0;0;1;1;1;1;1;1;1;1;1;1;1;1;1;1;1;1;1;1;1;0;0;0;0;0;0;0;0;0;0.0004;0.088;0;-0.0884;0;0;0;0;0;0;0;0;0;0;0;0;0;0;0;0;0;0;0;-16.3;0;0;0;0;0.0004;0;0;0;0;0;0;0;-0.0004;-0.0884;0;0;0;0;0;0;0;0;0;-0.7063;0;0.7063;1;1;0;0;0;0
07/11/21 05:00;7.0877;-105.12;72.587;7.3391;10.709;-90;-10.709;33.404;32.302;1.1022;16.57;2.52;0;2.6731;31.816;0.5021;0;0.0494;35.04;0;35.04;2.6731;0.5021;31.816;0.0494;0.0763;0.9094;0;0.0014;34.741;0.2995;0;0;0.2583;0.0412;32.977;1.7286;0.3806;0.0715;1.2747;0.0018;34.706;0.0347;0.0027;0.0005;0.0316;0;32.986;2.2898;0.4301;30.251;0.0064;19.112;15.958;4.8199;0.012;0.1871;2.6908;0.0083;2.8659;0;1;0;0;1.049;0.9915;1;1;0.9919;0.1664;0.9502;0.8575;1;0.9596;0.7752;0.999;0.999;1;0.999;0.999;0.9411;0.9508;0.1289;0.1052;0.105;0.0006;0.0115;-0.0027;0.0007;0.0024;0.0005;0;0;0.088;0;-0.0022;0;0;0;0;0;0;0;0;0;0;0;0;0.0019;0.0001;0.0901;0.0901;0;17.931;17.931;1.3614;0.0413;88.157;1022;1;0.0043;0.0043;0;0;0;0;0;0;0.0858;-0.0022;0;16.311;18.888;-0.3942;-0.4565;95.256;95.256;0.841;0.7201;-0.0174;0.1209;0.7375;0.1438;0.8769;0;19.106;0;0
07/11/21 06:00;19.118;-97.005;37.41;19.251;33.844;-90;-33.844;307.59;51.699;255.89;17.92;2.7801;0;620.61;20.794;70.284;0;4.4302;716.12;0;716.12;620.61;70.284;20.794;4.4302;0.8666;0.0352;0;0.0062;711.05;5.0749;0;0;1.1188;3.9561;705.92;4.4121;3.3293;0.377;0.6351;0.0707;710.34;0.711;0.6206;0.0703;0.0197;0.0005;706.03;616.66;69.837;19.021;0.4029;15.488;12.932;4.3672;0.4784;0.1521;2.1875;0.1051;1.8612;0;1;0;0;2.3282;0.9929;1;1;0.9462;0.107;0.9938;0.9946;1;0.9677;0.8508;0.999;0.999;1;0.999;0.999;0.9858;0.9147;0.0909;2.1505;2.1311;0.0128;-0.0006;0.1647;0.0137;0.0485;0.0004;0;0;0.088;0;1.7244;0;0;0;0;0;0;0;0;0;0;0;0;0.0391;0.0102;1.8423;1.8423;0;46.995;46.995;29.075;0.0412;1834.6;1004.2;1;0.0299;0.0299;0;0;0;0;0;0;1.8124;1.7244;0;16.32;18.898;15.276;17.689;98.378;98.378;17.187;14.724;13.782;2.4631;0.9421;0.1433;0.0548;0.8019;14.092;0.8;0
07/11/21 07:00;31.359;-88.625;1.1738;31.367;58.633;-90;-58.633;491.49;98.602;392.89;21.13;3.13;0;754.81;34.36;102.6;0;20.031;911.81;0;911.81;754.81;102.6;34.36;20.031;0.8278;0.0597;0;0.022;888.87;22.942;0;0;4.1822;18.759;886.82;1.1626;0.0306;0.0042;1.0542;0.0736;887.98;0.8889;0.7548;0.1026;0.0302;0.0013;890.29;754.03;102.5;29.093;1.1971;123.94;103.49;32.838;5.2955;1.4496;20.851;3.4774;17.005;0;1;0;0;1.8552;0.9748;1;1;0.8783;0.0635;0.9987;1;1;0.965;0.942;0.999;0.999;1;0.999;0.999;0.9726;0.8467;0.0598;2.7382;2.7254;0.0164;-0.0019;0.3162;0.0168;0.0594;0.0037;0;0;0.088;0;2.1251;0;0;0;0;0;0;0;0;0;0;0;0;0.0479;0.0163;2.2506;2.2506;0;57.981;57.981;36.851;0.0416;2349;958.13;1;0.0376;0.0376;0;0;0;0;0;0;2.2131;2.1251;0;15.658;18.132;14.785;17.12;98.331;98.331;21.883;17.987;16.984;3.8964;1.0034;0.1781;0.0459;0.7761;29.446;0.763;0
07/11/21 08:00;43.544;-78.94;7.9928;44.081;45.919;-90;-45.919;555.41;235.5;319.91;21.97;3.62;0;459.86;133.15;112.78;0;14.367;720.15;0;720.15;459.86;112.78;133.15;14.367;0.6386;0.2048;0;0.02;695.43;24.721;0;0;11.37;13.351;690.54;4.1892;0.1268;0.0311;3.975;0.0562;694.73;0.6954;0.4599;0.1128;0.1218;0.001;694.4;459.27;112.63;117.68;0.9593;263.35;219.9;71.616;8.7217;2.7958;40.217;3.8546;34.291;0;1;0;0;1.2966;0.9657;1;1;0.9146;0.0708;0.994;0.9997;1;0.9673;0.9447;0.999;0.999;1;0.999;0.999;0.9589;0.8838;0.0668;2.1626;2.1762;0.0131;-0.0009;0.1953;0.0138;0.0489;0.0073;0;0;0.088;0;1.7311;0;0;0;0;0;0;0;0;0;0;0;0;0.0394;0.0106;1.8488;1.8488;0;50.496;50.496;28.526;0.0413;1872;987.6;1;0.0297;0.0297;0;0;0;0;0;0;1.8191;1.7311;0;16.286;18.858;15.249;17.658;98.394;98.394;17.284;14.776;13.835;2.5079;0.9405;0.1451;0.0544;0.8005;99.94;0.7684;0
07/11/21 09:00;55.242;-65.946;13.437;57.639;32.361;-90;-32.361;635.89;319;316.89;23.5;4.27;0;375.16;212.81;104.51;0;8.3947;700.86;0;700.86;375.16;104.51;212.81;8.3947;0.5353;0.3156;0;0.012;682.75;18.111;0;0;10.668;7.4435;675.16;6.9146;0.1739;0.0485;6.5396;0.1526;682.07;0.6828;0.3752;0.1045;0.2021;0.001;677.56;374.61;104.35;195.4;0.7976;350.99;293.08;94.218;4.1887;3.3229;47.799;2.4036;46.933;0;1;0;0;1.1022;0.9742;1;1;0.9499;0.1133;0.9899;0.9995;1;0.9676;0.8394;0.999;0.999;1;0.999;0.999;0.9633;0.9182;0.095;2.1047;2.1415;0.0129;-0.0007;0.1994;0.0135;0.0479;0.0086;0;0;0.088;0;1.6941;0;0;0;0;0;0;0;0;0;0;0;0;0.0386;0.0103;1.811;1.811;0;51.414;51.414;27.914;0.0413;1841.6;983.37;1;0.0289;0.0289;0;0;0;0;0;0;1.7821;1.6941;0;16.392;18.981;15.334;17.756;98.405;98.405;16.821;14.474;13.54;2.3471;0.9341;0.1395;0.0555;0.8049;142.63;0.7658;0
07/11/21 10:00;65.411;-45.023;17.105;72.063;17.937;-90;-17.937;1100.4;181.6;918.81;24.77;4.5499;0;965.75;48.739;138.37;0;4.5463;1157.4;0;1157.4;965.75;138.37;48.739;4.5463;0.8344;0.046;0;0.0039;1152.7;4.7432;0;0;0.9428;3.8004;1149;2.5262;0.57;0.0817;1.7088;0.1657;1151.5;1.1527;0.9657;0.1384;0.0478;0.0007;1150;964.21;138.15;46.04;0.5793;627.44;523.91;168.65;0.1198;5.4461;78.34;1.0371;83.666;0;1;0;0;1.0518;0.9959;1;1;0.9807;0.1641;0.9978;0.9994;1;0.9642;0.7775;0.999;0.999;1;0.999;0.999;0.9927;0.9446;0.1274;3.4757;3.6289;0.0218;0.0108;0.6153;0.0209;0.074;0.0129;0;0;0.088;0;2.6489;0;0;0;0;0;0;0;0;0;0;0;0;0.0596;0.0281;2.7855;2.7855;0;73.136;73.136;48.366;0.0421;3121.1;892.48;1;0.0486;0.0486;0;0;0;0;0;0;2.7369;2.6489;0;15.267;17.679;14.519;16.812;98.254;98.254;27.778;22.262;21.17;5.5155;1.092;0.1986;0.0393;0.7621;30.003;0.7254;0
07/11/21 11:00;71.117;-8.5362;18.666;87.093;2.9066;-90;-2.9066;1223;201.8;1021.2;26.07;3.86;0;1022.5;45.512;156.46;0;0.1337;1224.6;0;1224.6;1022.5;156.46;45.512;0.1337;0.835;0.0373;0;0.0001;1224.5;0.1591;0;0;0.0471;0.112;1220.5;2.7876;0.6586;0.1008;2.0234;0.0048;1223.2;1.2245;1.0225;0.1565;0.0455;0;1220.4;1020.8;156.2;43.396;0.0169;720.7;601.78;190.81;-0.0002;6.4361;92.581;-0.005;99.017;0;1;0;0;1.0013;0.9999;1;1;0.999;0.1628;0.9977;0.9994;1;0.9555;0.7775;0.999;0.999;1;0.999;0.999;0.9966;0.9535;0.1264;3.6775;3.871;0.0233;0.0176;0.7184;0.0218;0.0772;0.0149;0;0;0.088;0;2.662;0;0;0;0;0;0;0;0;0;0;0;0;0.0622;0.0317;2.9039;2.8;0;77.647;77.647;51.577;0.0423;3017.3;927.98;1;0.1539;0.0501;0;0;0.1039;0;0;0;2.75;2.662;0;14.504;16.796;13.789;15.968;94.699;98.212;29.391;22.378;21.275;7.013;1.1034;0.2386;0.0375;0.7238;26.97;0.6851;0
07/11/21 12:00;68.38;33.163;17.965;77.768;12.232;90;12.232;554.61;444.8;109.8;26.93;2.74;0;112.36;402.49;38.568;0;1.0703;554.48;0;554.48;112.36;38.568;402.49;1.0703;0.2026;0.7278;0;0.0019;549.49;4.9902;0;0;4.0965;0.8936;533.1;15.841;0.0696;0.0239;15.708;0.0398;548.94;0.5495;0.1124;0.0386;0.3984;0.0002;533.31;112.17;38.505;382.29;0.1367;328.3;274.13;84.218;0.2492;3.1236;44.932;0.2078;47.806;0;1;0;0;0.9998;0.991;1;1;0.9898;0.165;0.9711;0.9994;1;0.9605;0.7746;0.999;0.999;1;0.999;0.999;0.9614;0.9498;0.1277;1.6651;1.701;0.0102;0.0037;0.1443;0.0108;0.0383;0.0081;0;0;0.088;0;1.3379;0;0;0;0;0;0;0;0;0;0;0;0;0.0308;0.0067;1.448;1.448;0;48.944;48.944;22.014;0.0413;1461.1;991.08;1;0.0221;0.0221;0;0;0;0;0;0;1.4259;1.3379;0;16.566;19.183;15.307;17.725;98.472;98.472;13.308;11.573;10.693;1.7349;0.8801;0.1304;0.0661;0.8035;242.73;0.7575;0
07/11/21 13:00;59.413;59.269;15.072;63.065;26.935;90;26.935;400.69;371.6;29.096;26.75;2.9;0;32.636;342.92;10.107;0;3.6947;389.36;0;389.36;32.636;10.107;342.92;3.6947;0.0838;0.8902;0;0.0095;373.3;16.056;0;0;12.856;3.1999;361.94;10.987;0.017;0.0053;10.868;0.0965;372.93;0.3733;0.0326;0.0101;0.3301;0.0005;363;32.587;10.092;318.87;0.3978;242.06;202.12;63.687;3.5677;2.4197;34.806;1.0539;33.658;0;1;0;0;0.9717;0.9588;1;1;0.9625;0.1339;0.9705;0.9995;1;0.967;0.8048;0.999;0.999;1;0.999;0.999;0.9296;0.9299;0.1077;1.1692;1.1667;0.007;0.0111;0.0693;0.0076;0.0268;0.0064;0;0;0.088;0;0.9097;0;0;0;0;0;0;0;0;0;0;0;0;0.0216;0.0034;1.0135;1.0135;0;41.636;41.636;14.886;0.0411;1001.6;1011.9;1;0.0159;0.0159;0;0;0;0;0;0;0.9977;0.9097;0;16.513;19.122;14.821;17.162;98.435;98.435;9.3446;8.1001;7.2701;1.2445;0.8301;0.1332;0.0888;0.778;221.49;0.7292;0
07/11/21 14:00;48.114;74.525;10.262;49.164;40.836;90;40.836;857.61;141.3;716.31;27.96;2.5599;0;946.77;38.436;128.92;0;17.744;1131.9;0;1131.9;946.77;128.92;38.436;17.744;0.8365;0.0496;0;0.0157;1112.7;19.124;0;0;2.7701;16.354;1110;1.6546;0.3352;0.0456;1.1538;0.1199;1111.6;1.1127;0.9468;0.1289;0.0357;0.0014;1114.6;945.49;128.75;34.477;1.2692;400.06;334.05;107.04;1.6852;3.6095;51.921;4.6709;53.845;0;1;0;0;1.3198;0.9831;1;1;0.9279;0.0784;0.9985;0.9996;1;0.9676;0.9137;0.999;0.999;1;0.999;0.999;0.9807;0.897;0.0715;3.399;3.4667;0.0209;0.0071;0.6089;0.0198;0.0703;0.0085;0;0;0.088;0;2.5157;0;0;0;0;0;0;0;0;0;0;0;0;0.0566;0.0258;2.649;2.649;0;74.742;74.742;46.782;0.0421;2984.8;887.49;1;0.0453;0.0453;0;0;0;0;0;0;2.6037;2.5157;0;14.846;17.192;14.099;16.327;98.29;98.29;27.165;21.17;20.105;5.9944;1.0653;0.2207;0.0392;0.7401;27.573;0.7155;0
07/11/21 15:00;36.047;85.15;3.9201;36.145;53.855;90;53.855;168.8;165.9;2.8989;27.82;2.2301;0;4.9148;131.41;0.9941;0;5.885;143.2;0;143.2;4.9148;0.9941;131.41;5.885;0.0343;0.9587;0;0.0411;123.51;19.695;0;0;14.17;5.5251;119.41;3.979;0.0007;0.0001;3.9632;0.015;123.39;0.1235;0.0049;0.001;0.1172;0.0004;121.71;4.9092;0.993;113.16;0.3445;107.83;90.037;31.846;14.982;1.7224;24.776;2.305;11.516;0;1;0;0;0.8484;0.8625;1;1;0.8922;0.0612;0.9678;0.9999;1;0.9662;0.9582;0.999;0.999;1;0.999;0.999;0.8338;0.8611;0.0585;0.43;0.4188;0.0025;0.018;0.0118;0.0027;0.0096;0.0046;0;0;0.088;0;0.2658;0;0;0;0;0;0;0;0;0;0;0;0;0.0077;0.0006;0.3613;0.3613;0;32.739;32.739;4.919;0.0412;356.22;1014.2;1;0.0074;0.0074;0;0;0;0;0;0;0.3538;0.2658;0;16.003;18.532;11.776;13.636;97.944;97.944;3.4369;2.8873;2.1246;0.5496;0.7627;0.1599;0.2219;0.6182;106.77;0.5473;0
07/11/21 16:00;23.792;93.874;11.933;23.84;54.758;90;54.758;374.91;159.9;215.01;27.73;2.1699;0;521.46;77.872;148.29;0;13.479;761.09;0;761.09;521.46;148.29;77.872;13.479;0.6851;0.12;0;0.0177;739.83;21.26;0;0;8.6018;12.658;736.43;2.6662;0.2147;0.0611;2.3547;0.0358;739.09;0.7398;0.5215;0.1483;0.0693;0.0008;737.86;520.72;148.08;66.846;0.7845;65.24;54.475;19.424;9.4152;1.0548;15.173;1.43;6.8124;0;1;0;0;2.0301;0.9721;1;1;0.8895;0.0609;0.9964;0.9996;1;0.966;0.9564;0.999;0.999;1;0.999;0.999;0.9676;0.8584;0.0582;2.2856;2.2543;0.0136;-0.0014;0.2659;0.0138;0.0491;0.0027;0;0;0.088;0;1.7425;0;0;0;0;0;0;0;0;0;0;0;0;0.0395;0.0114;1.8598;1.8598;0;58.348;58.348;30.617;0.0416;1944.3;956.51;1;0.0293;0.0293;0;0;0;0;0;0;1.8305;1.7425;0;15.501;17.95;14.523;16.818;98.425;98.425;18.266;14.863;13.926;3.403;0.9374;0.1863;0.0513;0.7624;63.887;0.7512;0
07/11/21 17:00;11.652;102;60.671;11.905;18.115;90;18.115;137.19;114.7;22.492;26.01;2.58;0;54.549;102.92;22.226;0;0.578;180.27;0;180.27;54.549;22.226;102.92;0.578;0.3026;0.5741;0;0.0032;177.76;2.5129;0;0;2.0284;0.4845;170.9;6.6776;2.1752;0.8863;3.5953;0.0209;177.58;0.1778;0.0545;0.0222;0.1009;0.0001;171.01;52.32;21.317;97.195;0.0726;63.559;53.072;16.255;0.2596;0.6217;8.9431;0.1048;9.3052;0;1;0;0;1.314;0.9861;1;1;0.9803;0.1618;0.9624;0.9601;1;0.9643;0.7768;0.999;0.999;1;0.999;0.999;0.948;0.9444;0.1256;0.5414;0.5339;0.0032;0.018;0.0156;0.0035;0.0123;0.0017;0;0;0.088;0;0.3722;0;0;0;0;0;0;0;0;0;0;0;0;0.0099;0.0009;0.4689;0.4689;0;33.029;33.029;7.0185;0.0411;456.55;1027;1;0.0087;0.0087;0;0;0;0;0;0;0.4602;0.3722;0;16.499;19.105;13.096;15.165;98.145;98.145;4.3266;3.7472;2.9744;0.5794;0.7728;0.1339;0.1786;0.6875;63.404;0.6629;0
07/11/21 18:00;2.9661;108.04;82.79;3.1192;4.4641;90;4.4641;3.399;3.399;0;22.99;3.7599;0;0;3.3939;0;0;0.0009;3.3947;3.3947;0;0;0;0;0;1;1;1;1;0;0;0;0;0;0;0;0;0;0;0;0;0;0;0;0;0;0;0;0;0;0;0;0;0;0;0;0;0;0;0;0;0;0;0;0;1;1;1;1;1;1;1;1;1;1;1;1;1;0;0;1;0;0;0;0;0;0;0;0;0;0;0;0.0004;0.088;0;-0.0884;0;0;0;0;0;0;0;0;0;0;0;0;0;0;0;0;0;0;0;-22.99;0;0;0;0;0.0004;0;0;0;0;0;0;0;-0.0004;-0.0884;0;0;0;0;0;0;0;0;0;-0.7063;0;0.7063;1;1;0;0;0;0
07/11/21 19:00;0;0;90;0;0;90;0;0;0;0;19.99;4.56;0;0;0;0;0;0;0;0;0;0;0;0;0;1;1;1;1;0;0;0;0;0;0;0;0;0;0;0;0;0;0;0;0;0;0;0;0;0;0;0;0;0;0;0;0;0;0;0;0;0;0;0;1;1;1;1;1;1;1;1;1;1;1;1;1;1;1;1;1;1;1;0;0;0;0;0;0;0;0;0;0.0004;0.088;0;-0.0884;0;0;0;0;0;0;0;0;0;0;0;0;0;0;0;0;0;0;0;-19.99;0;0;0;0;0.0004;0;0;0;0;0;0;0;-0.0004;-0.0884;0;0;0;0;0;0;0;0;0;-0.7063;0;0.7063;1;1;0;0;0;0
07/11/21 20:00;0;0;90;0;0;90;0;0;0;0;18.55;4.58;0;0;0;0;0;0;0;0;0;0;0;0;0;1;1;1;1;0;0;0;0;0;0;0;0;0;0;0;0;0;0;0;0;0;0;0;0;0;0;0;0;0;0;0;0;0;0;0;0;0;0;0;1;1;1;1;1;1;1;1;1;1;1;1;1;1;1;1;1;1;1;0;0;0;0;0;0;0;0;0;0.0004;0.088;0;-0.0884;0;0;0;0;0;0;0;0;0;0;0;0;0;0;0;0;0;0;0;-18.55;0;0;0;0;0.0004;0;0;0;0;0;0;0;-0.0004;-0.0884;0;0;0;0;0;0;0;0;0;-0.7063;0;0.7063;1;1;0;0;0;0
07/11/21 21:00;0;0;90;0;0;90;0;0;0;0;18.1;4.5;0;0;0;0;0;0;0;0;0;0;0;0;0;1;1;1;1;0;0;0;0;0;0;0;0;0;0;0;0;0;0;0;0;0;0;0;0;0;0;0;0;0;0;0;0;0;0;0;0;0;0;0;1;1;1;1;1;1;1;1;1;1;1;1;1;1;1;1;1;1;1;0;0;0;0;0;0;0;0;0;0.0004;0.088;0;-0.0884;0;0;0;0;0;0;0;0;0;0;0;0;0;0;0;0;0;0;0;-18.1;0;0;0;0;0.0004;0;0;0;0;0;0;0;-0.0004;-0.0884;0;0;0;0;0;0;0;0;0;-0.7063;0;0.7063;1;1;0;0;0;0
07/11/21 22:00;0;0;90;0;0;90;0;0;0;0;18.18;4.1599;0;0;0;0;0;0;0;0;0;0;0;0;0;1;1;1;1;0;0;0;0;0;0;0;0;0;0;0;0;0;0;0;0;0;0;0;0;0;0;0;0;0;0;0;0;0;0;0;0;0;0;0;1;1;1;1;1;1;1;1;1;1;1;1;1;1;1;1;1;1;1;0;0;0;0;0;0;0;0;0;0.0004;0.088;0;-0.0884;0;0;0;0;0;0;0;0;0;0;0;0;0;0;0;0;0;0;0;-18.18;0;0;0;0;0.0004;0;0;0;0;0;0;0;-0.0004;-0.0884;0;0;0;0;0;0;0;0;0;-0.7063;0;0.7063;1;1;0;0;0;0
07/11/21 23:00;0;0;90;0;0;90;0;0;0;0;17.7;3.6501;0;0;0;0;0;0;0;0;0;0;0;0;0;1;1;1;1;0;0;0;0;0;0;0;0;0;0;0;0;0;0;0;0;0;0;0;0;0;0;0;0;0;0;0;0;0;0;0;0;0;0;0;1;1;1;1;1;1;1;1;1;1;1;1;1;1;1;1;1;1;1;0;0;0;0;0;0;0;0;0;0.0004;0.088;0;-0.0884;0;0;0;0;0;0;0;0;0;0;0;0;0;0;0;0;0;0;0;-17.7;0;0;0;0;0.0004;0;0;0;0;0;0;0;-0.0004;-0.0884;0;0;0;0;0;0;0;0;0;-0.7063;0;0.7063;1;1;0;0;0;0
08/11/21 00:00;0;0;90;0;0;90;0;0;0;0;17.1;3.3499;0;0;0;0;0;0;0;0;0;0;0;0;0;1;1;1;1;0;0;0;0;0;0;0;0;0;0;0;0;0;0;0;0;0;0;0;0;0;0;0;0;0;0;0;0;0;0;0;0;0;0;0;1;1;1;1;1;1;1;1;1;1;1;1;1;1;1;1;1;1;1;0;0;0;0;0;0;0;0;0;0.0004;0.088;0;-0.0884;0;0;0;0;0;0;0;0;0;0;0;0;0;0;0;0;0;0;0;-17.1;0;0;0;0;0.0004;0;0;0;0;0;0;0;-0.0004;-0.0884;0;0;0;0;0;0;0;0;0;-0.7063;0;0.7063;1;1;0;0;0;0
08/11/21 01:00;0;0;90;0;0;90;0;0;0;0;17.06;2.9599;0;0;0;0;0;0;0;0;0;0;0;0;0;1;1;1;1;0;0;0;0;0;0;0;0;0;0;0;0;0;0;0;0;0;0;0;0;0;0;0;0;0;0;0;0;0;0;0;0;0;0;0;1;1;1;1;1;1;1;1;1;1;1;1;1;1;1;1;1;1;1;0;0;0;0;0;0;0;0;0;0.0004;0.088;0;-0.0884;0;0;0;0;0;0;0;0;0;0;0;0;0;0;0;0;0;0;0;-17.06;0;0;0;0;0.0004;0;0;0;0;0;0;0;-0.0004;-0.0884;0;0;0;0;0;0;0;0;0;-0.7063;0;0.7063;1;1;0;0;0;0
08/11/21 02:00;0;0;90;0;0;90;0;0;0;0;16.07;2.7199;0;0;0;0;0;0;0;0;0;0;0;0;0;1;1;1;1;0;0;0;0;0;0;0;0;0;0;0;0;0;0;0;0;0;0;0;0;0;0;0;0;0;0;0;0;0;0;0;0;0;0;0;1;1;1;1;1;1;1;1;1;1;1;1;1;1;1;1;1;1;1;0;0;0;0;0;0;0;0;0;0.0004;0.088;0;-0.0884;0;0;0;0;0;0;0;0;0;0;0;0;0;0;0;0;0;0;0;-16.07;0;0;0;0;0.0004;0;0;0;0;0;0;0;-0.0004;-0.0884;0;0;0;0;0;0;0;0;0;-0.7063;0;0.7063;1;1;0;0;0;0
08/11/21 03:00;0;0;90;0;0;90;0;0;0;0;15.2;2.42;0;0;0;0;0;0;0;0;0;0;0;0;0;1;1;1;1;0;0;0;0;0;0;0;0;0;0;0;0;0;0;0;0;0;0;0;0;0;0;0;0;0;0;0;0;0;0;0;0;0;0;0;1;1;1;1;1;1;1;1;1;1;1;1;1;1;1;1;1;1;1;0;0;0;0;0;0;0;0;0;0.0004;0.088;0;-0.0884;0;0;0;0;0;0;0;0;0;0;0;0;0;0;0;0;0;0;0;-15.2;0;0;0;0;0.0004;0;0;0;0;0;0;0;-0.0004;-0.0884;0;0;0;0;0;0;0;0;0;-0.7063;0;0.7063;1;1;0;0;0;0
08/11/21 04:00;0.81;-109.98;88.035;0.8619;1.2288;-90;-1.2288;0;0;0;14.73;2.11;0;0;0;0;0;0;0;0;0;0;0;0;0;1;1;1;1;0;0;0;0;0;0;0;0;0;0;0;0;0;0;0;0;0;0;0;0;0;0;0;0;0;0;0;0;0;0;0;0;0;0;0;1;1;1;1;1;1;1;1;1;1;1;1;1;1;1;1;1;1;1;0;0;0;0;0;0;0;0;0;0.0004;0.088;0;-0.0884;0;0;0;0;0;0;0;0;0;0;0;0;0;0;0;0;0;0;0;-14.73;0;0;0;0;0.0004;0;0;0;0;0;0;0;-0.0004;-0.0884;0;0;0;0;0;0;0;0;0;-0.7063;0;0.7063;1;1;0;0;0;0
08/11/21 05:00;7.2376;-105.37;72.209;7.5031;10.96;-90;-10.96;90.094;22.703;67.39;14.8;2.5599;0;163.44;13.867;21.122;0;0.1397;198.57;0;198.57;163.44;21.122;13.867;0.1397;0.8231;0.0705;0;0.0007;198.33;0.2335;0;0;0.117;0.1164;172.35;25.784;22.339;2.8869;0.5532;0.0052;198.14;0.1983;0.1634;0.0211;0.0137;0;172.36;140.94;18.214;13.183;0.018;8.7055;7.2691;2.0695;0.0057;0.0934;1.3437;0.0047;1.4314;0;1;0;0;2.204;0.9988;1;1;0.9916;0.1665;0.8699;0.8632;1;0.9597;0.7752;0.999;0.999;1;0.999;0.999;0.868;0.9507;0.1289;0.5963;0.522;0.0031;0.018;-0.006;0.0035;0.0126;0.0003;0;0;0.088;0;0.3822;0;0;0;0;0;0;0;0;0;0;0;0;0.0101;0.0008;0.4794;0.4794;0;21.81;21.81;7.01;0.0407;446.64;1073.4;1;0.0093;0.0093;0;0;0;0;0;0;0.4702;0.3822;0;15.317;17.736;12.209;14.138;98.067;98.067;4.7656;3.8317;3.0543;0.934;0.7774;0.196;0.1631;0.6409;8.3327;0.6377;0
08/11/21 06:00;19.257;-97.276;36.882;19.402;34.271;-90;-34.271;338.01;55.803;282.2;17.29;2.58;0;684.42;19.69;83.046;0;4.9882;792.15;0;792.15;684.42;83.046;19.69;4.9882;0.864;0.0312;0;0.0063;786.6;5.5439;0;0;1.0805;4.4634;781.26;4.5573;3.4606;0.4199;0.6004;0.0764;785.82;0.7866;0.6844;0.083;0.0186;0.0005;781.4;680.28;82.543;17.99;0.4479;14.938;12.473;3.7099;0.4731;0.1801;2.5903;0.1428;2.2972;0;1;0;0;2.3436;0.993;1;1;0.9451;0.1052;0.9942;0.9949;1;0.9677;0.8542;0.999;0.999;1;0.999;0.999;0.9863;0.9137;0.0898;2.3788;2.359;0.0142;-0.0018;0.2032;0.015;0.0532;0.0005;0;0;0.088;0;1.8984;0;0;0;0;0;0;0;0;0;0;0;0;0.0428;0.0124;2.0195;2.0195;0;49.53;49.53;32.24;0.0413;2033.2;993.27;1;0.033;0.033;0;0;0;0;0;0;1.9864;1.8984;0;16.172;18.727;15.203;17.605;98.364;98.364;19.012;16.14;15.172;2.8718;0.9674;0.1511;0.0509;0.7981;13.387;0.7961;0
08/11/21 07:00;31.495;-88.927;0.915;31.5;58.5;-90;-58.5;528.51;87.4;441.11;19.21;3.15;0;844.24;26.248;101.28;0;21.451;993.22;0;993.22;844.24;101.28;26.248;21.451;0.85;0.048;0;0.0216;969.94;23.274;0;0;3.1843;20.09;968.06;0.9125;0.0267;0.0032;0.8048;0.0778;968.97;0.9699;0.8442;0.1013;0.0231;0.0014;971.63;843.36;101.18;22.236;1.2819;128.54;107.33;33.874;4.0142;1.4191;20.414;3.57;17.819;0;1;0;0;1.8793;0.9766;1;1;0.8787;0.0635;0.9991;1;1;0.9651;0.9428;0.999;0.999;1;0.999;0.999;0.9747;0.8471;0.0598;2.9826;2.9695;0.0179;-0.0004;0.3598;0.0181;0.0644;0.0036;0;0;0.088;0;2.3053;0;0;0;0;0;0;0;0;0;0;0;0;0.0518;0.0192;2.4352;2.4352;0;59.488;59.488;40.279;0.0416;2557.7;952.12;1;0.0419;0.0419;0;0;0;0;0;0;2.3933;2.3053;0;15.553;18.011;14.724;17.05;98.279;98.279;23.837;19.462;18.424;4.3752;1.0382;0.1835;0.0436;0.7729;22.459;0.7612;0
08/11/21 08:00;43.688;-79.29;7.7229;44.191;45.809;-90;-45.809;727.1;119.7;607.4;21.09;3.7401;0;871.38;37.52;108.29;0;18.723;1035.9;0;1035.9;871.38;108.29;37.52;18.723;0.8412;0.0543;0;0.0181;1015.3;20.588;0;0;3.1929;17.396;1012.9;1.4553;0.2322;0.0289;1.1202;0.0741;1014.3;1.0153;0.8714;0.1083;0.0343;0.0013;1017.3;870.28;108.15;33.172;1.2525;309.05;258.06;82.316;2.4412;2.8866;41.523;4.4257;41.968;0;1;0;0;1.4247;0.9801;1;1;0.9149;0.0709;0.9986;0.9997;1;0.9673;0.9442;0.999;0.999;1;0.999;0.999;0.9777;0.8841;0.0669;3.1109;3.1515;0.019;0.0016;0.4251;0.0189;0.0672;0.0071;0;0;0.088;0;2.4051;0;0;0;0;0;0;0;0;0;0;0;0;0.0541;0.0214;2.537;2.537;0;63.37;63.37;42.28;0.0417;2711;935.85;1;0.044;0.044;0;0;0;0;0;0;2.4931;2.4051;0;15.536;17.99;14.728;17.055;98.267;98.267;24.862;20.276;19.222;4.5859;1.0546;0.1845;0.0424;0.7731;28.134;0.7506;0
08/11/21 09:00;55.409;-66.364;13.156;57.717;32.283;-90;-32.283;981.4;161.9;819.5;22.77;4.4799;0;969.34;42.745;136.71;0;12.895;1161.7;0;1161.7;969.34;136.71;42.745;12.895;0.8344;0.0479;0;0.0111;1148.1;13.564;0;0;2.1345;11.43;1144.9;2.0521;0.4401;0.0621;1.314;0.2359;1147;1.1481;0.9693;0.1367;0.0406;0.0015;1148.3;967.93;136.51;39.256;1.228;509.9;425.76;139.78;0.8372;4.2968;61.807;3.3811;65.267;0;1;0;0;1.1837;0.9883;1;1;0.9501;0.1136;0.9982;0.9995;1;0.9676;0.8388;0.999;0.999;1;0.999;0.999;0.9856;0.9184;0.0952;3.4886;3.5889;0.0216;0.0098;0.5793;0.0208;0.0739;0.0103;0;0;0.088;0;2.6491;0;0;0;0;0;0;0;0;0;0;0;0;0.0595;0.0275;2.7861;2.7861;0;70.875;70.875;48.104;0.042;3088.6;902.06;1;0.0489;0.0489;0;0;0;0;0;0;2.7371;2.6491;0;15.214;17.617;14.466;16.751;98.243;98.243;27.881;22.266;21.172;5.6142;1.0944;0.2014;0.0393;0.7594;28.633;0.7303;0
08/11/21 10:00;65.631;-45.482;16.816;72.1;17.9;-90;-17.9;443.49;398.8;44.697;22.55;5.1701;0;46.97;375.45;14.747;0;1.8247;438.99;0;438.99;46.97;14.747;375.45;1.8247;0.107;0.8594;0;0.0042;430.23;8.7622;0;0;7.2369;1.5253;416.53;13.275;0.0273;0.0086;13.173;0.0665;429.8;0.4302;0.047;0.0147;0.3682;0.0003;416.95;46.896;14.723;354.67;0.2326;264.49;220.85;67.99;0.9079;2.5534;36.729;0.4261;38.375;0;1;0;0;0.9899;0.98;1;1;0.9807;0.1641;0.9691;0.9994;1;0.9642;0.7775;0.999;0.999;1;0.999;0.999;0.9488;0.9447;0.1275;1.3183;1.3332;0.008;0.0087;0.0693;0.0087;0.031;0.0069;0;0;0.088;0;1.0651;0;0;0;0;0;0;0;0;0;0;0;0;0.0249;0.0043;1.1715;1.1715;0;39.638;39.638;17.088;0.041;1144.7;1023.4;1;0.0184;0.0184;0;0;0;0;0;0;1.1531;1.0651;0;16.928;19.603;15.391;17.823;98.433;98.433;10.536;9.3625;8.5124;1.1734;0.85;0.1114;0.0807;0.8079;231.09;0.7603;0
08/11/21 11:00;71.402;-8.708;18.376;87.084;2.9164;-90;-2.9164;724.4;399.5;324.9;23.12;5.5601;0;325.32;301.1;98.336;0;0.0797;724.83;0;724.83;325.32;98.336;301.1;0.0797;0.4488;0.4155;0;0.0001;724.45;0.3799;0;0;0.3131;0.0668;710.07;13.657;0.2063;0.0624;13.385;0.0029;723.73;0.7245;0.3253;0.0983;0.3008;0;710.07;324.79;98.175;287.1;0.0101;427.71;357.14;110.86;-0.0017;3.9739;57.163;-0.0048;61.138;0;1;0;0;1.0006;0.9995;1;1;0.999;0.1628;0.9811;0.9994;1;0.9555;0.7775;0.999;0.999;1;0.999;0.999;0.9796;0.9535;0.1264;2.1767;2.2592;0.0136;-0.0014;0.2188;0.0142;0.0503;0.0103;0;0;0.088;0;1.7829;0;0;0;0;0;0;0;0;0;0;0;0;0.0405;0.0114;1.9014;1.9014;0;52.5;52.5;29.38;0.0414;1943;978.56;1;0.0305;0.0305;0;0;0;0;0;0;1.8709;1.7829;0;16.641;19.269;15.603;18.068;98.396;98.396;17.396;15.196;14.249;2.2002;0.9471;0.1265;0.0544;0.8191;178.43;0.7734;0
08/11/21 12:00;68.645;33.491;17.679;77.825;12.175;90;12.175;1117.8;184.4;933.41;24.09;5.61;0;954.89;51.287;135.58;0;2.1369;1143.9;0;1143.9;954.89;135.58;51.287;2.1369;0.8348;0.0467;0;0.0019;1141.6;2.3021;0;0;0.5179;1.7842;1137.7;2.7482;0.5825;0.0827;2.0035;0.0794;1140.4;1.1416;0.9549;0.1356;0.0508;0.0004;1138.1;953.35;135.36;48.714;0.2729;649.45;542.29;173.27;0.0317;5.7159;82.221;0.4305;87.906;0;1;0;0;1.0233;0.998;1;1;0.9899;0.165;0.9976;0.9994;1;0.9605;0.7746;0.999;0.999;1;0.999;0.999;0.9946;0.9498;0.1277;3.4351;3.6013;0.0217;0.0101;0.595;0.0208;0.0738;0.0136;0;0;0.088;0;2.6424;0;0;0;0;0;0;0;0;0;0;0;0;0.0595;0.0277;2.7791;2.7791;0;71.932;71.932;47.842;0.0421;3097.3;897.26;1;0.0486;0.0486;0;0;0;0;0;0;2.7304;2.6424;0;15.412;17.847;14.654;16.969;98.25;98.25;27.453;22.21;21.118;5.2429;1.092;0.191;0.0398;0.7692;30.924;0.73;0
08/11/21 13:00;59.623;59.666;14.797;63.165;26.835;90;26.835;984.6;162.5;822.1;24.48;5.47;0;921.32;48.684;124.45;0;9.0129;1103.5;0;1103.5;921.32;124.45;48.684;9.0129;0.8349;0.0523;0;0.0082;1093.8;9.6165;0;0;1.8143;7.8022;1090.4;2.3146;0.4704;0.0635;1.544;0.2366;1092.8;1.0938;0.9213;0.1244;0.0469;0.0012;1092.7;919.93;124.26;45.279;0.9728;535.5;447.14;143.36;0.5021;4.712;67.781;2.3069;71.991;0;1;0;0;1.1207;0.9913;1;1;0.9627;0.1343;0.9979;0.9995;1;0.967;0.8043;0.999;0.999;1;0.999;0.999;0.9882;0.9301;0.1079;3.3137;3.4341;0.0207;0.0064;0.5475;0.02;0.071;0.0113;0;0;0.088;0;2.5404;0;0;0;0;0;0;0;0;0;0;0;0;0.0572;0.0253;2.6748;2.6748;0;70.266;70.266;45.786;0.042;2955.3;905.1;1;0.0464;0.0464;0;0;0;0;0;0;2.6284;2.5404;0;15.377;17.806;14.604;16.912;98.265;98.265;26.483;21.377;20.303;5.106;1.0741;0.1928;0.0406;0.7666;31.426;0.7329;0
08/11/21 14:00;48.294;74.868;10.002;49.296;40.704;90;40.704;811.51;147.8;663.71;24.74;5.1899;0;875.5;47.094;124.29;0;16.686;1063.6;0;1063.6;875.5;124.29;47.094;16.686;0.8232;0.06;0;0.0157;1044.8;18.752;0;0;3.378;15.374;1041.9;1.8735;0.3022;0.0429;1.4141;0.1144;1043.8;1.0448;0.8755;0.1243;0.0437;0.0013;1046.4;874.32;124.13;42.258;1.197;381.47;318.52;101.14;2.0406;3.5298;50.775;4.5505;52.264;0;1;0;0;1.3106;0.9824;1;1;0.9283;0.0787;0.9982;0.9997;1;0.9676;0.9128;0.999;0.999;1;0.999;0.999;0.9796;0.8973;0.0717;3.1939;3.2588;0.0196;0.0032;0.4985;0.0192;0.068;0.0085;0;0;0.088;0;2.4322;0;0;0;0;0;0;0;0;0;0;0;0;0.0547;0.0229;2.5642;2.5642;0;68.417;68.417;43.677;0.0419;2805.5;914;1;0.044;0.044;0;0;0;0;0;0;2.5202;2.4322;0;15.294;17.71;14.507;16.798;98.283;98.283;25.526;20.493;19.438;5.0325;1.0551;0.1972;0.0413;0.7615;33.746;0.7352;0
08/11/21 15:00;36.216;85.444;3.6748;36.302;53.698;90;53.698;613.6;147.3;466.3;24.7;4.7799;0;787.61;50.891;140.81;0;21.277;1000.6;0;1000.6;787.61;140.81;50.891;21.277;0.7871;0.0721;0;0.0213;975.16;25.439;0;0;5.4644;19.975;972.48;1.7061;0.0999;0.0179;1.5342;0.0541;974.18;0.9752;0.7876;0.1408;0.0454;0.0013;976.91;786.72;140.66;43.847;1.2469;210.01;175.36;54.714;5.7476;2.3069;33.183;4.4371;29.743;0;1;0;0;1.6307;0.9746;1;1;0.8926;0.0612;0.9982;0.9999;1;0.9662;0.9584;0.999;0.999;1;0.999;0.999;0.9719;0.8616;0.0586;3.0048;3.0123;0.0181;0;0.4285;0.018;0.0637;0.0056;0;0;0.088;0;2.2787;0;0;0;0;0;0;0;0;0;0;0;0;0.0513;0.0197;2.4074;2.4074;0;65.36;65.36;40.66;0.0418;2592.2;928.71;1;0.0407;0.0407;0;0;0;0;0;0;2.3667;2.2787;0;15.262;17.674;14.447;16.729;98.311;98.311;24.014;19.24;18.212;4.7745;1.0282;0.1988;0.0428;0.7584;41.279;0.74;0
08/11/21 16:00;23.96;94.134;9.9728;24.015;56.749;90;56.749;387.51;151.5;236.01;24.48;3.8201;0;572.39;68.403;153.13;0;14.878;808.8;0;808.8;572.39;153.13;68.403;14.878;0.7077;0.103;0;0.0184;786.87;21.93;0;0;7.9571;13.973;783.71;2.3775;0.197;0.0527;2.0824;0.0453;786.09;0.7869;0.5724;0.1531;0.0604;0.0009;785.1;571.62;152.93;58.303;0.8589;58.829;49.122;17.701;9.3818;0.997;14.341;1.3863;5.9567;0;1;0;0;2.0872;0.9729;1;1;0.8837;0.0608;0.997;0.9997;1;0.9655;0.9498;0.999;0.999;1;0.999;0.999;0.969;0.8523;0.0577;2.4288;2.3949;0.0144;-0.0019;0.2706;0.0148;0.0524;0.0025;0;0;0.088;0;1.8673;0;0;0;0;0;0;0;0;0;0;0;0;0.0422;0.0128;1.9871;1.9871;0;57.024;57.024;32.544;0.0415;2065.3;962.11;1;0.0318;0.0318;0;0;0;0;0;0;1.9553;1.8673;0;15.585;18.047;14.645;16.959;98.399;98.399;19.411;15.881;14.923;3.5306;0.9575;0.1819;0.0493;0.7688;57.363;0.7587;0
08/11/21 17:00;11.827;102.23;60.192;12.094;18.446;90;18.446;158.31;117.3;41.008;23.3;2.51;0;99.456;97.89;40.817;0;0.6913;238.85;0;238.85;99.456;40.817;97.89;0.6913;0.4164;0.4127;0;0.0029;236.29;2.5684;0;0;1.9887;0.5797;227.28;8.7688;3.7907;1.5557;3.3976;0.0249;236.05;0.2363;0.0995;0.0408;0.0959;0.0001;227.38;95.566;39.221;92.407;0.0867;60.675;50.663;15.548;0.2631;0.5925;8.5223;0.1044;8.8517;0;1;0;0;1.5088;0.9892;1;1;0.9797;0.1615;0.9629;0.9618;1;0.9645;0.777;0.999;0.999;1;0.999;0.999;0.9515;0.944;0.1254;0.7173;0.7028;0.0042;0.0169;0.0193;0.0046;0.0164;0.0016;0;0;0.088;0;0.5264;0;0;0;0;0;0;0;0;0;0;0;0;0.0132;0.0014;0.6251;0.6251;0;32.608;32.608;9.3077;0.041;601.9;1038.6;1;0.0107;0.0107;0;0;0;0;0;0;0.6144;0.5264;0;16.602;19.225;13.982;16.19;98.293;98.293;5.7325;4.9959;4.2073;0.7366;0.7886;0.1285;0.1376;0.7339;60.391;0.7148;0
08/11/21 18:00;2.9568;108.41;82.813;3.1159;4.4593;90;4.4593;0;0;0;20.06;2.6;0;0;0;0;0;0;0;0;0;0;0;0;0;1;1;1;1;0;0;0;0;0;0;0;0;0;0;0;0;0;0;0;0;0;0;0;0;0;0;0;0;0;0;0;0;0;0;0;0;0;0;0;1;1;1;1;1;1;1;1;1;1;1;1;1;1;1;1;1;1;1;0;0;0;0;0;0;0;0;0;0.0004;0.088;0;-0.0884;0;0;0;0;0;0;0;0;0;0;0;0;0;0;0;0;0;0;0;-20.06;0;0;0;0;0.0004;0;0;0;0;0;0;0;-0.0004;-0.0884;0;0;0;0;0;0;0;0;0;-0.7063;0;0.7063;1;1;0;0;0;0
08/11/21 19:00;0;0;90;0;0;90;0;0;0;0;17.1;2.6399;0;0;0;0;0;0;0;0;0;0;0;0;0;1;1;1;1;0;0;0;0;0;0;0;0;0;0;0;0;0;0;0;0;0;0;0;0;0;0;0;0;0;0;0;0;0;0;0;0;0;0;0;1;1;1;1;1;1;1;1;1;1;1;1;1;1;1;1;1;1;1;0;0;0;0;0;0;0;0;0;0.0004;0.088;0;-0.0884;0;0;0;0;0;0;0;0;0;0;0;0;0;0;0;0;0;0;0;-17.1;0;0;0;0;0.0004;0;0;0;0;0;0;0;-0.0004;-0.0884;0;0;0;0;0;0;0;0;0;-0.7063;0;0.7063;1;1;0;0;0;0
08/11/21 20:00;0;0;90;0;0;90;0;0;0;0;13.06;2.68;0;0;0;0;0;0;0;0;0;0;0;0;0;1;1;1;1;0;0;0;0;0;0;0;0;0;0;0;0;0;0;0;0;0;0;0;0;0;0;0;0;0;0;0;0;0;0;0;0;0;0;0;1;1;1;1;1;1;1;1;1;1;1;1;1;1;1;1;1;1;1;0;0;0;0;0;0;0;0;0;0.0004;0.088;0;-0.0884;0;0;0;0;0;0;0;0;0;0;0;0;0;0;0;0;0;0;0;-13.06;0;0;0;0;0.0004;0;0;0;0;0;0;0;-0.0004;-0.0884;0;0;0;0;0;0;0;0;0;-0.7063;0;0.7063;1;1;0;0;0;0
08/11/21 21:00;0;0;90;0;0;90;0;0;0;0;11.39;2.6299;0;0;0;0;0;0;0;0;0;0;0;0;0;1;1;1;1;0;0;0;0;0;0;0;0;0;0;0;0;0;0;0;0;0;0;0;0;0;0;0;0;0;0;0;0;0;0;0;0;0;0;0;1;1;1;1;1;1;1;1;1;1;1;1;1;1;1;1;1;1;1;0;0;0;0;0;0;0;0;0;0.0004;0.088;0;-0.0884;0;0;0;0;0;0;0;0;0;0;0;0;0;0;0;0;0;0;0;-11.39;0;0;0;0;0.0004;0;0;0;0;0;0;0;-0.0004;-0.0884;0;0;0;0;0;0;0;0;0;-0.7063;0;0.7063;1;1;0;0;0;0
08/11/21 22:00;0;0;90;0;0;90;0;0;0;0;10.64;2.5499;0;0;0;0;0;0;0;0;0;0;0;0;0;1;1;1;1;0;0;0;0;0;0;0;0;0;0;0;0;0;0;0;0;0;0;0;0;0;0;0;0;0;0;0;0;0;0;0;0;0;0;0;1;1;1;1;1;1;1;1;1;1;1;1;1;1;1;1;1;1;1;0;0;0;0;0;0;0;0;0;0.0004;0.088;0;-0.0884;0;0;0;0;0;0;0;0;0;0;0;0;0;0;0;0;0;0;0;-10.64;0;0;0;0;0.0004;0;0;0;0;0;0;0;-0.0004;-0.0884;0;0;0;0;0;0;0;0;0;-0.7063;0;0.7063;1;1;0;0;0;0
08/11/21 23:00;0;0;90;0;0;90;0;0;0;0;10.55;2.36;0;0;0;0;0;0;0;0;0;0;0;0;0;1;1;1;1;0;0;0;0;0;0;0;0;0;0;0;0;0;0;0;0;0;0;0;0;0;0;0;0;0;0;0;0;0;0;0;0;0;0;0;1;1;1;1;1;1;1;1;1;1;1;1;1;1;1;1;1;1;1;0;0;0;0;0;0;0;0;0;0.0004;0.088;0;-0.0884;0;0;0;0;0;0;0;0;0;0;0;0;0;0;0;0;0;0;0;-10.55;0;0;0;0;0.0004;0;0;0;0;0;0;0;-0.0004;-0.0884;0;0;0;0;0;0;0;0;0;-0.7063;0;0.7063;1;1;0;0;0;0
09/11/21 00:00;0;0;90;0;0;90;0;0;0;0;9.5799;2.1599;0;0;0;0;0;0;0;0;0;0;0;0;0;1;1;1;1;0;0;0;0;0;0;0;0;0;0;0;0;0;0;0;0;0;0;0;0;0;0;0;0;0;0;0;0;0;0;0;0;0;0;0;1;1;1;1;1;1;1;1;1;1;1;1;1;1;1;1;1;1;1;0;0;0;0;0;0;0;0;0;0.0004;0.088;0;-0.0884;0;0;0;0;0;0;0;0;0;0;0;0;0;0;0;0;0;0;0;-9.5799;0;0;0;0;0.0004;0;0;0;0;0;0;0;-0.0004;-0.0884;0;0;0;0;0;0;0;0;0;-0.7063;0;0.7063;1;1;0;0;0;0
09/11/21 01:00;0;0;90;0;0;90;0;0;0;0;8.8001;1.97;0;0;0;0;0;0;0;0;0;0;0;0;0;1;1;1;1;0;0;0;0;0;0;0;0;0;0;0;0;0;0;0;0;0;0;0;0;0;0;0;0;0;0;0;0;0;0;0;0;0;0;0;1;1;1;1;1;1;1;1;1;1;1;1;1;1;1;1;1;1;1;0;0;0;0;0;0;0;0;0;0.0004;0.088;0;-0.0884;0;0;0;0;0;0;0;0;0;0;0;0;0;0;0;0;0;0;0;-8.8001;0;0;0;0;0.0004;0;0;0;0;0;0;0;-0.0004;-0.0884;0;0;0;0;0;0;0;0;0;-0.7063;0;0.7063;1;1;0;0;0;0
09/11/21 02:00;0;0;90;0;0;90;0;0;0;0;8.14;1.79;0;0;0;0;0;0;0;0;0;0;0;0;0;1;1;1;1;0;0;0;0;0;0;0;0;0;0;0;0;0;0;0;0;0;0;0;0;0;0;0;0;0;0;0;0;0;0;0;0;0;0;0;1;1;1;1;1;1;1;1;1;1;1;1;1;1;1;1;1;1;1;0;0;0;0;0;0;0;0;0;0.0004;0.088;0;-0.0884;0;0;0;0;0;0;0;0;0;0;0;0;0;0;0;0;0;0;0;-8.14;0;0;0;0;0.0004;0;0;0;0;0;0;0;-0.0004;-0.0884;0;0;0;0;0;0;0;0;0;-0.7063;0;0.7063;1;1;0;0;0;0
09/11/21 03:00;0;0;90;0;0;90;0;0;0;0;7.6002;1.5199;0;0;0;0;0;0;0;0;0;0;0;0;0;1;1;1;1;0;0;0;0;0;0;0;0;0;0;0;0;0;0;0;0;0;0;0;0;0;0;0;0;0;0;0;0;0;0;0;0;0;0;0;1;1;1;1;1;1;1;1;1;1;1;1;1;1;1;1;1;1;1;0;0;0;0;0;0;0;0;0;0.0004;0.088;0;-0.0884;0;0;0;0;0;0;0;0;0;0;0;0;0;0;0;0;0;0;0;-7.6002;0;0;0;0;0.0004;0;0;0;0;0;0;0;-0.0004;-0.0884;0;0;0;0;0;0;0;0;0;-0.7063;0;0.7063;1;1;0;0;0;0
09/11/21 04:00;0.7714;-110.37;88.129;0.8229;1.1732;-90;-1.1732;0;0;0;7.1801;1.2099;0;0;0;0;0;0;0;0;0;0;0;0;0;1;1;1;1;0;0;0;0;0;0;0;0;0;0;0;0;0;0;0;0;0;0;0;0;0;0;0;0;0;0;0;0;0;0;0;0;0;0;0;1;1;1;1;1;1;1;1;1;1;1;1;1;1;1;1;1;1;1;0;0;0;0;0;0;0;0;0;0.0004;0.088;0;-0.0884;0;0;0;0;0;0;0;0;0;0;0;0;0;0;0;0;0;0;0;-7.1801;0;0;0;0;0.0004;0;0;0;0;0;0;0;-0.0004;-0.0884;0;0;0;0;0;0;0;0;0;-0.7063;0;0.7063;1;1;0;0;0;0
09/11/21 05:00;7.3819;-105.62;71.844;7.6618;11.204;-90;-11.204;96.208;20.501;75.707;8.83;0.8099;0;183.61;11.729;21.001;0;0.1559;216.5;0;216.5;183.61;21.001;11.729;0.1559;0.8481;0.0549;0;0.0007;216.26;0.2326;0;0;0.1027;0.1299;188.68;27.363;24.131;2.76;0.466;0.0058;216.05;0.2163;0.1836;0.021;0.0116;0;188.69;159.29;18.22;11.149;0.0201;7.4663;6.2344;1.7672;0.0053;0.0806;1.1599;0.0041;1.2353;0;1;0;0;2.2503;0.9989;1;1;0.9912;0.1665;0.8733;0.8684;1;0.9599;0.7752;0.999;0.999;1;0.999;0.999;0.8715;0.9505;0.1289;0.6501;0.5708;0.0034;0.0178;-0.0174;0.004;0.0141;0.0002;0;0;0.088;0;0.4382;0;0;0;0;0;0;0;0;0;0;0;0;0.0113;0.001;0.5363;0.5363;0;16.464;16.464;7.6336;0.0405;488.22;1098.6;1;0.0101;0.0101;0;0;0;0;0;0;0.5262;0.4382;0;15.716;18.198;12.841;14.869;98.114;98.114;5.1959;4.2865;3.5023;0.9094;0.7841;0.175;0.1509;0.6741;7.053;0.6714;0
09/11/21 06:00;19.39;-97.544;36.37;19.547;34.691;-90;-34.691;307.81;53.701;254.11;12.03;0.8099;0;616.28;22.085;71.453;0;4.651;714.47;0;714.47;616.28;71.453;22.085;4.651;0.8626;0.0374;0;0.0065;709.06;5.4051;0;0;1.2353;4.1698;704.34;4.0124;2.9317;0.3399;0.6725;0.0684;708.35;0.7091;0.6163;0.0715;0.0208;0.0005;704.46;612.73;71.041;20.157;0.4123;16.454;13.739;4.6419;0.553;0.1643;2.3636;0.119;1.9749;0;1;0;0;2.3212;0.9924;1;1;0.9441;0.1034;0.9943;0.9952;1;0.9677;0.8577;0.999;0.999;1;0.999;0.999;0.9858;0.9127;0.0886;2.1455;2.1267;0.0128;-0.0006;0.1182;0.014;0.0496;0.0004;0;0;0.088;0;1.7631;0;0;0;0;0;0;0;0;0;0;0;0;0.0399;0.0102;1.8822;1.8822;0;40.893;40.893;28.863;0.041;1829.4;1028.9;1;0.0311;0.0311;0;0;0;0;0;0;1.8511;1.7631;0;16.712;19.352;15.654;18.128;98.346;98.346;17.147;15.043;14.091;2.1043;0.9521;0.1227;0.0555;0.8218;15.064;0.8197;0
09/11/21 07:00;31.625;-89.226;0.6587;31.628;58.372;-90;-58.372;532.59;87.899;444.69;16.96;2.7701;0;848.01;26.27;101.89;0;21.531;997.7;0;997.7;848.01;101.89;26.27;21.531;0.85;0.0479;0;0.0216;974.36;23.342;0;0;3.1769;20.166;972.48;0.9037;0.0193;0.0023;0.8051;0.0771;973.39;0.9744;0.848;0.1019;0.0231;0.0014;976.06;847.14;101.79;22.265;1.2867;130.83;109.24;34.646;3.9864;1.4269;20.525;3.5783;17.965;0;1;0;0;1.8733;0.9766;1;1;0.8791;0.0634;0.9991;1;1;0.9651;0.9435;0.999;0.999;1;0.999;0.999;0.9747;0.8475;0.0598;2.9961;2.9831;0.018;-0.0003;0.3385;0.0184;0.0652;0.0036;0;0;0.088;0;2.3369;0;0;0;0;0;0;0;0;0;0;0;0;0.0525;0.0193;2.4678;2.4678;0;57.351;57.351;40.391;0.0415;2569.4;960.46;1;0.0429;0.0429;0;0;0;0;0;0;2.4249;2.3369;0;15.691;18.17;14.859;17.206;98.261;98.261;23.945;19.723;18.676;4.2221;1.0463;0.1763;0.0437;0.78;22.445;0.7681;0
09/11/21 08:00;43.824;-79.639;7.4558;44.295;45.705;-90;-45.705;737.8;121.7;616.11;19.94;3.5999;0;882.22;37.433;111.14;0;18.917;1049.7;0;1049.7;882.22;111.14;37.433;18.917;0.8404;0.0537;0;0.018;1029;20.747;0;0;3.175;17.572;1026.5;1.4489;0.227;0.0286;1.1176;0.0757;1027.9;1.029;0.8822;0.1111;0.0343;0.0013;1031;881.11;111;33.107;1.2677;314.19;262.35;83.711;2.4166;2.9285;42.125;4.4717;42.637;0;1;0;0;1.4228;0.9802;1;1;0.9152;0.0711;0.9986;0.9997;1;0.9673;0.9437;0.999;0.999;1;0.999;0.999;0.9779;0.8844;0.067;3.1523;3.1939;0.0192;0.0022;0.4237;0.0192;0.0682;0.0072;0;0;0.088;0;2.4441;0;0;0;0;0;0;0;0;0;0;0;0;0.055;0.022;2.5771;2.5771;0;62.769;62.769;42.829;0.0417;2747.4;938.04;1;0.045;0.045;0;0;0;0;0;0;2.5321;2.4441;0;15.574;18.034;14.77;17.104;98.255;98.255;25.193;20.596;19.534;4.5967;1.0628;0.1825;0.0422;0.7754;28.042;0.7527;0
09/11/21 09:00;55.57;-66.783;12.879;57.79;32.21;-90;-32.21;903.59;149.1;754.5;22.03;4.1499;0;891.74;47.385;115.54;0;11.82;1066.5;0;1066.5;891.74;115.54;47.385;11.82;0.8361;0.0555;0;0.0111;1053.7;12.831;0;0;2.3578;10.474;1050.5;2.1223;0.3963;0.0513;1.4571;0.2176;1052.6;1.0537;0.8917;0.1155;0.045;0.0013;1053.6;890.45;115.38;43.525;1.128;470.7;393.03;128.99;0.9202;3.9789;57.235;3.1039;60.294;0;1;0;0;1.1803;0.988;1;1;0.9502;0.1139;0.998;0.9996;1;0.9676;0.8383;0.999;0.999;1;0.999;0.999;0.985;0.9185;0.0954;3.2027;3.2939;0.0198;0.0038;0.4747;0.0196;0.0694;0.0097;0;0;0.088;0;2.4842;0;0;0;0;0;0;0;0;0;0;0;0;0.0559;0.0233;2.6177;2.6177;0;65.979;65.979;43.948;0.0418;2834.3;923.6;1;0.0456;0.0456;0;0;0;0;0;0;2.5722;2.4842;0;15.571;18.031;14.776;17.111;98.26;98.26;25.596;20.921;19.853;4.6748;1.0674;0.1826;0.0417;0.7757;31.725;0.7457;0
09/11/21 10:00;65.843;-45.949;16.531;72.133;17.867;-90;-17.867;1026.5;169.4;857.11;22.99;4.58;0;900.54;54.001;119.84;0;4.208;1078.6;0;1078.6;900.54;119.84;54.001;4.208;0.8349;0.054;0;0.0039;1074;4.5551;0;0;1.0377;3.5174;1070.3;2.6314;0.5137;0.0684;1.8958;0.1535;1073;1.074;0.9005;0.1198;0.053;0.0007;1071.3;899.12;119.65;51.015;0.5364;585.74;489.09;157.36;0.1307;5.0908;73.229;0.9591;78.189;0;1;0;0;1.0507;0.9958;1;1;0.9808;0.1641;0.9975;0.9994;1;0.9642;0.7775;0.999;0.999;1;0.999;0.999;0.9923;0.9447;0.1275;3.239;3.381;0.0204;0.0054;0.5096;0.0199;0.0706;0.0123;0;0;0.088;0;2.527;0;0;0;0;0;0;0;0;0;0;0;0;0.0569;0.0245;2.6614;2.6614;0;67.84;67.84;44.85;0.0419;2908.6;915.02;1;0.0464;0.0464;0;0;0;0;0;0;2.615;2.527;0;15.653;18.126;14.863;17.211;98.258;98.258;25.886;21.27;20.196;4.6162;1.0738;0.1783;0.0415;0.7802;33.232;0.7425;0
09/11/21 11:00;71.683;-8.8933;18.089;87.07;2.9298;-90;-2.9298;1059.7;174.8;884.89;23.65;4.58;0;886.05;57.97;116.95;0;0.1177;1061.1;0;1061.1;886.05;116.95;57.97;0.1177;0.835;0.0547;0;0.0001;1060.9;0.1593;0;0;0.0607;0.0986;1056.7;3.207;0.5531;0.073;2.5766;0.0043;1059.9;1.0609;0.8861;0.1169;0.0579;0;1056.7;884.61;116.76;55.274;0.0149;624.51;521.47;165.18;-0.0003;5.5875;80.374;-0.0043;85.962;0;1;0;0;1.0013;0.9998;1;1;0.999;0.1628;0.997;0.9994;1;0.9555;0.7775;0.999;0.999;1;0.999;0.999;0.9958;0.9535;0.1265;3.1864;3.352;0.0202;0.0048;0.5064;0.0197;0.07;0.0135;0;0;0.088;0;2.503;0;0;0;0;0;0;0;0;0;0;0;0;0.0564;0.0241;2.6368;2.6368;0;67.929;67.929;44.279;0.0419;2882.9;914.61;1;0.0458;0.0458;0;0;0;0;0;0;2.591;2.503;0;15.764;18.254;14.964;17.328;98.264;98.264;25.466;21.073;20.004;4.3928;1.069;0.1725;0.042;0.7855;34.353;0.7434;0
09/11/21 12:00;68.907;33.812;17.398;77.886;12.114;90;12.114;1045.1;172.1;873;24.86;4.56;0;892.89;56.04;118.06;0;1.9783;1069;0;1069;892.89;118.06;56.04;1.9783;0.8353;0.0543;0;0.0019;1066.7;2.2129;0;0;0.5612;1.6517;1062.8;2.872;0.536;0.0709;2.1916;0.0735;1065.7;1.0667;0.8929;0.1181;0.0555;0.0003;1063.2;891.46;117.87;53.232;0.2527;607.42;507.2;161.98;0.0339;5.3514;76.977;0.3976;82.295;0;1;0;0;1.0228;0.9979;1;1;0.99;0.1651;0.9973;0.9994;1;0.9605;0.7746;0.999;0.999;1;0.999;0.999;0.9942;0.9499;0.1277;3.2101;3.3645;0.0203;0.0051;0.5268;0.0197;0.0698;0.0129;0;0;0.088;0;2.4961;0;0;0;0;0;0;0;0;0;0;0;0;0.0562;0.0243;2.6295;2.6295;0;69.454;69.454;44.594;0.042;2894.5;908.46;1;0.0454;0.0454;0;0;0;0;0;0;2.5841;2.4961;0;15.605;18.07;14.813;17.153;98.273;98.273;25.655;21.015;19.949;4.6399;1.0663;0.1809;0.0416;0.7776;33.784;0.7378;0
09/11/21 13:00;59.831;60.056;14.528;63.266;26.734;90;26.734;964.6;159.7;804.9;25.59;4.3001;0;901.24;50.285;119.33;0;8.7644;1079.6;0;1079.6;901.24;119.33;50.285;8.7644;0.8348;0.0547;0;0.0081;1070.2;9.4461;0;0;1.8627;7.5834;1066.8;2.339;0.4518;0.0598;1.596;0.2314;1069.1;1.0702;0.9012;0.1193;0.0484;0.0012;1069;899.88;119.15;46.778;0.9483;525.17;438.52;140.56;0.5117;4.6246;66.524;2.2416;70.637;0;1;0;0;1.1192;0.9913;1;1;0.963;0.1347;0.9978;0.9995;1;0.967;0.8039;0.999;0.999;1;0.999;0.999;0.9881;0.9303;0.1082;3.2421;3.36;0.0202;0.005;0.5375;0.0196;0.0694;0.0111;0;0;0.088;0;2.484;0;0;0;0;0;0;0;0;0;0;0;0;0.0559;0.0243;2.617;2.617;0;70.385;70.385;44.795;0.042;2891.7;905.02;1;0.045;0.045;0;0;0;0;0;0;2.572;2.484;0;15.377;17.806;14.596;16.901;98.279;98.279;25.911;20.915;19.852;4.9955;1.0632;0.1928;0.041;0.7662;32.439;0.7324;0
09/11/21 14:00;48.473;75.205;9.7471;49.43;40.57;90;40.57;818.21;146.5;671.7;25.47;4.02;0;884.27;45.998;124.04;0;16.718;1071;0;1071;884.27;124.04;45.998;16.718;0.8256;0.0586;0;0.0156;1052.3;18.681;0;0;3.2834;15.398;1049.5;1.837;0.2974;0.0417;1.3816;0.1163;1051.3;1.0523;0.8843;0.124;0.0427;0.0013;1053.8;883.09;123.87;41.29;1.2029;385.14;321.59;104.36;1.9709;3.412;49.081;4.3908;50.522;0;1;0;0;1.309;0.9826;1;1;0.9286;0.079;0.9983;0.9997;1;0.9676;0.9119;0.999;0.999;1;0.999;0.999;0.9799;0.8977;0.072;3.2163;3.2775;0.0197;0.0035;0.5142;0.0192;0.068;0.0082;0;0;0.088;0;2.4348;0;0;0;0;0;0;0;0;0;0;0;0;0.0548;0.0231;2.5667;2.5667;0;69.504;69.504;44.034;0.042;2822.1;909.51;1;0.044;0.044;0;0;0;0;0;0;2.5228;2.4348;0;15.203;17.604;14.421;16.699;98.287;98.287;25.705;20.513;19.459;5.1913;1.0546;0.202;0.041;0.757;32.924;0.7319;0
09/11/21 15:00;36.384;85.732;3.4352;36.46;53.54;90;53.54;619.5;145.2;474.3;25.95;3.71;0;798.15;49.405;140.04;0;21.366;1009;0;1009;798.15;140.04;49.405;21.366;0.7911;0.0701;0;0.0212;983.62;25.339;0;0;5.2823;20.057;980.98;1.6541;0.0946;0.0166;1.4888;0.0541;982.63;0.9836;0.7981;0.14;0.0441;0.0013;985.59;797.25;139.88;42.59;1.2535;212.59;177.51;54.283;5.5228;2.3876;34.345;4.606;31.21;0;1;0;0;1.6287;0.9749;1;1;0.8931;0.0613;0.9983;0.9999;1;0.9662;0.9586;0.999;0.999;1;0.999;0.999;0.9723;0.8621;0.0587;3.0299;3.0409;0.0183;0.0003;0.4508;0.018;0.0638;0.0058;0;0;0.088;0;2.2838;0;0;0;0;0;0;0;0;0;0;0;0;0.0514;0.02;2.4124;2.4124;0;67.022;67.022;41.073;0.0419;2617.9;921.52;1;0.0406;0.0406;0;0;0;0;0;0;2.3718;2.2838;0;15.168;17.564;14.359;16.627;98.317;98.317;24.215;19.28;18.252;4.9351;1.0277;0.2038;0.0424;0.7538;40.006;0.735;0
09/11/21 16:00;24.127;94.389;7.5298;24.19;59.428;90;59.428;435.41;109.7;325.71;25.5;2.7001;0;789.94;35.485;151.95;0;18.186;995.56;0;995.56;789.94;151.95;35.485;18.186;0.7935;0.0539;0;0.0183;974.08;21.477;0;0;4.4134;17.064;971.7;1.4094;0.2052;0.0395;1.0926;0.0721;973.11;0.9741;0.7899;0.152;0.0311;0.0011;972.52;788.94;151.76;29.948;1.0485;32.588;27.211;10.04;5.7371;0.5722;8.2303;0.8174;3.0653;0;1;0;0;2.2865;0.9784;1;1;0.8756;0.0617;0.9986;0.9997;1;0.9648;0.9356;0.999;0.999;1;0.999;0.999;0.976;0.844;0.0577;2.9897;2.9465;0.0177;-0.0006;0.4279;0.0175;0.0621;0.0014;0;0;0.088;0;2.2243;0;0;0;0;0;0;0;0;0;0;0;0;0.05;0.0189;2.3515;2.3515;0;66.154;66.154;40.655;0.0418;2537.9;926.56;1;0.0393;0.0393;0;0;0;0;0;0;2.3123;2.2243;0;14.984;17.351;14.173;16.412;98.33;98.33;23.893;18.793;17.776;5.1001;1.0171;0.2135;0.0426;0.744;30.685;0.7394;0
09/11/21 17:00;12.003;102.47;59.712;12.284;18.779;90;18.779;161.81;118.6;43.208;24.62;1.47;0;104.79;98.248;42.838;0;0.7322;246.61;0;246.61;104.79;42.838;98.248;0.7322;0.4249;0.4014;0;0.003;243.94;2.6709;0;0;2.0568;0.6142;234.94;8.7584;3.7935;1.5508;3.3879;0.0262;243.69;0.2439;0.1048;0.0428;0.0962;0.0001;235.05;100.89;41.244;92.707;0.0916;60.999;50.934;15.529;0.2812;0.6034;8.6795;0.111;9.0017;0;1;0;0;1.5241;0.9892;1;1;0.9791;0.1611;0.9641;0.9638;1;0.9647;0.7773;0.999;0.999;1;0.999;0.999;0.9527;0.9436;0.1251;0.7406;0.7262;0.0044;0.0167;0.0242;0.0048;0.0169;0.0016;0;0;0.088;0;0.5437;0;0;0;0;0;0;0;0;0;0;0;0;0.0136;0.0015;0.6426;0.6426;0;34.252;34.252;9.6321;0.041;622.43;1032.4;1;0.0108;0.0108;0;0;0;0;0;0;0.6317;0.5437;0;16.529;19.141;13.987;16.196;98.312;98.312;5.9186;5.1355;4.3455;0.7831;0.79;0.1323;0.1335;0.7342;60.701;0.7154;0
09/11/21 18:00;3.1416;108.62;82.362;3.3149;4.7467;90;4.7467;0;0;0;20.66;1.16;0;0;0;0;0;0;0;0;0;0;0;0;0;1;1;1;1;0;0;0;0;0;0;0;0;0;0;0;0;0;0;0;0;0;0;0;0;0;0;0;0;0;0;0;0;0;0;0;0;0;0;0;1;1;1;1;1;1;1;1;1;1;1;1;1;1;1;1;1;1;1;0;0;0;0;0;0;0;0;0;0.0004;0.088;0;-0.0884;0;0;0;0;0;0;0;0;0;0;0;0;0;0;0;0;0;0;0;-20.66;0;0;0;0;0.0004;0;0;0;0;0;0;0;-0.0004;-0.0884;0;0;0;0;0;0;0;0;0;-0.7063;0;0.7063;1;1;0;0;0;0
09/11/21 19:00;0;0;90;0;0;90;0;0;0;0;15.56;1.1901;0;0;0;0;0;0;0;0;0;0;0;0;0;1;1;1;1;0;0;0;0;0;0;0;0;0;0;0;0;0;0;0;0;0;0;0;0;0;0;0;0;0;0;0;0;0;0;0;0;0;0;0;1;1;1;1;1;1;1;1;1;1;1;1;1;1;1;1;1;1;1;0;0;0;0;0;0;0;0;0;0.0004;0.088;0;-0.0884;0;0;0;0;0;0;0;0;0;0;0;0;0;0;0;0;0;0;0;-15.56;0;0;0;0;0.0004;0;0;0;0;0;0;0;-0.0004;-0.0884;0;0;0;0;0;0;0;0;0;-0.7063;0;0.7063;1;1;0;0;0;0
09/11/21 20:00;0;0;90;0;0;90;0;0;0;0;12.7;1.2701;0;0;0;0;0;0;0;0;0;0;0;0;0;1;1;1;1;0;0;0;0;0;0;0;0;0;0;0;0;0;0;0;0;0;0;0;0;0;0;0;0;0;0;0;0;0;0;0;0;0;0;0;1;1;1;1;1;1;1;1;1;1;1;1;1;1;1;1;1;1;1;0;0;0;0;0;0;0;0;0;0.0004;0.088;0;-0.0884;0;0;0;0;0;0;0;0;0;0;0;0;0;0;0;0;0;0;0;-12.7;0;0;0;0;0.0004;0;0;0;0;0;0;0;-0.0004;-0.0884;0;0;0;0;0;0;0;0;0;-0.7063;0;0.7063;1;1;0;0;0;0
09/11/21 21:00;0;0;90;0;0;90;0;0;0;0;12.94;1.1101;0;0;0;0;0;0;0;0;0;0;0;0;0;1;1;1;1;0;0;0;0;0;0;0;0;0;0;0;0;0;0;0;0;0;0;0;0;0;0;0;0;0;0;0;0;0;0;0;0;0;0;0;1;1;1;1;1;1;1;1;1;1;1;1;1;1;1;1;1;1;1;0;0;0;0;0;0;0;0;0;0.0004;0.088;0;-0.0884;0;0;0;0;0;0;0;0;0;0;0;0;0;0;0;0;0;0;0;-12.94;0;0;0;0;0.0004;0;0;0;0;0;0;0;-0.0004;-0.0884;0;0;0;0;0;0;0;0;0;-0.7063;0;0.7063;1;1;0;0;0;0
09/11/21 22:00;0;0;90;0;0;90;0;0;0;0;13.39;1.6601;0;0;0;0;0;0;0;0;0;0;0;0;0;1;1;1;1;0;0;0;0;0;0;0;0;0;0;0;0;0;0;0;0;0;0;0;0;0;0;0;0;0;0;0;0;0;0;0;0;0;0;0;1;1;1;1;1;1;1;1;1;1;1;1;1;1;1;1;1;1;1;0;0;0;0;0;0;0;0;0;0.0004;0.088;0;-0.0884;0;0;0;0;0;0;0;0;0;0;0;0;0;0;0;0;0;0;0;-13.39;0;0;0;0;0.0004;0;0;0;0;0;0;0;-0.0004;-0.0884;0;0;0;0;0;0;0;0;0;-0.7063;0;0.7063;1;1;0;0;0;0
09/11/21 23:00;0;0;90;0;0;90;0;0;0;0;13.42;1.8301;0;0;0;0;0;0;0;0;0;0;0;0;0;1;1;1;1;0;0;0;0;0;0;0;0;0;0;0;0;0;0;0;0;0;0;0;0;0;0;0;0;0;0;0;0;0;0;0;0;0;0;0;1;1;1;1;1;1;1;1;1;1;1;1;1;1;1;1;1;1;1;0;0;0;0;0;0;0;0;0;0.0004;0.088;0;-0.0884;0;0;0;0;0;0;0;0;0;0;0;0;0;0;0;0;0;0;0;-13.42;0;0;0;0;0.0004;0;0;0;0;0;0;0;-0.0004;-0.0884;0;0;0;0;0;0;0;0;0;-0.7063;0;0.7063;1;1;0;0;0;0
10/11/21 00:00;0;0;90;0;0;90;0;0;0;0;13.61;2.03;0;0;0;0;0;0;0;0;0;0;0;0;0;1;1;1;1;0;0;0;0;0;0;0;0;0;0;0;0;0;0;0;0;0;0;0;0;0;0;0;0;0;0;0;0;0;0;0;0;0;0;0;1;1;1;1;1;1;1;1;1;1;1;1;1;1;1;1;1;1;1;0;0;0;0;0;0;0;0;0;0.0004;0.088;0;-0.0884;0;0;0;0;0;0;0;0;0;0;0;0;0;0;0;0;0;0;0;-13.61;0;0;0;0;0.0004;0;0;0;0;0;0;0;-0.0004;-0.0884;0;0;0;0;0;0;0;0;0;-0.7063;0;0.7063;1;1;0;0;0;0
10/11/21 01:00;0;0;90;0;0;90;0;0;0;0;13.8;2.35;0;0;0;0;0;0;0;0;0;0;0;0;0;1;1;1;1;0;0;0;0;0;0;0;0;0;0;0;0;0;0;0;0;0;0;0;0;0;0;0;0;0;0;0;0;0;0;0;0;0;0;0;1;1;1;1;1;1;1;1;1;1;1;1;1;1;1;1;1;1;1;0;0;0;0;0;0;0;0;0;0.0004;0.088;0;-0.0884;0;0;0;0;0;0;0;0;0;0;0;0;0;0;0;0;0;0;0;-13.8;0;0;0;0;0.0004;0;0;0;0;0;0;0;-0.0004;-0.0884;0;0;0;0;0;0;0;0;0;-0.7063;0;0.7063;1;1;0;0;0;0
10/11/21 02:00;0;0;90;0;0;90;0;0;0;0;14.52;2.3801;0;0;0;0;0;0;0;0;0;0;0;0;0;1;1;1;1;0;0;0;0;0;0;0;0;0;0;0;0;0;0;0;0;0;0;0;0;0;0;0;0;0;0;0;0;0;0;0;0;0;0;0;1;1;1;1;1;1;1;1;1;1;1;1;1;1;1;1;1;1;1;0;0;0;0;0;0;0;0;0;0.0004;0.088;0;-0.0884;0;0;0;0;0;0;0;0;0;0;0;0;0;0;0;0;0;0;0;-14.52;0;0;0;0;0.0004;0;0;0;0;0;0;0;-0.0004;-0.0884;0;0;0;0;0;0;0;0;0;-0.7063;0;0.7063;1;1;0;0;0;0
10/11/21 03:00;0;0;90;0;0;90;0;0;0;0;14.2;2.75;0;0;0;0;0;0;0;0;0;0;0;0;0;1;1;1;1;0;0;0;0;0;0;0;0;0;0;0;0;0;0;0;0;0;0;0;0;0;0;0;0;0;0;0;0;0;0;0;0;0;0;0;1;1;1;1;1;1;1;1;1;1;1;1;1;1;1;1;1;1;1;0;0;0;0;0;0;0;0;0;0.0004;0.088;0;-0.0884;0;0;0;0;0;0;0;0;0;0;0;0;0;0;0;0;0;0;0;-14.2;0;0;0;0;0.0004;0;0;0;0;0;0;0;-0.0004;-0.0884;0;0;0;0;0;0;0;0;0;-0.7063;0;0.7063;1;1;0;0;0;0
10/11/21 04:00;0.9194;-110.61;87.77;0.9823;1.4006;-90;-1.4006;0;0;0;14.74;2.8799;0;0;0;0;0;0;0;0;0;0;0;0;0;1;1;1;1;0;0;0;0;0;0;0;0;0;0;0;0;0;0;0;0;0;0;0;0;0;0;0;0;0;0;0;0;0;0;0;0;0;0;0;1;1;1;1;1;1;1;1;1;1;1;1;1;1;1;1;1;1;1;0;0;0;0;0;0;0;0;0;0.0004;0.088;0;-0.0884;0;0;0;0;0;0;0;0;0;0;0;0;0;0;0;0;0;0;0;-14.74;0;0;0;0;0.0004;0;0;0;0;0;0;0;-0.0004;-0.0884;0;0;0;0;0;0;0;0;0;-0.7063;0;0.7063;1;1;0;0;0;0
10/11/21 05:00;7.5208;-105.87;71.492;7.8151;11.44;-90;-11.44;25.59;25.197;0.3929;14.68;3.1801;0;0.9529;24.893;0.1314;0;0.0432;26.021;0;26.021;0.9529;0.1314;24.893;0.0432;0.0366;0.9583;0;0.0017;25.759;0.2618;0;0;0.2258;0.036;24.61;1.124;0.1206;0.0166;0.9851;0.0016;25.733;0.0258;0.001;0.0001;0.0247;0;24.617;0.8314;0.1147;23.658;0.0056;14.98;12.509;3.7811;0.012;0.1466;2.1086;0.0078;2.2432;0;1;0;0;1.0168;0.9899;1;1;0.9909;0.1665;0.9563;0.8733;1;0.96;0.7752;0.999;0.999;1;0.999;0.999;0.9458;0.9504;0.1289;0.0781;0.0786;0.0005;0.01;-0.0027;0.0005;0.0018;0.0004;0;0;0.088;0;-0.0249;0;0;0;0;0;0;0;0;0;0;0;0;0.0014;0.0001;0.0667;0.0667;0;15.698;15.698;1.0183;0.0414;65.493;1018.7;1;0.0037;0.0037;0;0;0;0;0;0;0.0631;-0.0249;0;16.265;18.834;-6.0795;-7.04;94.522;94.522;0.6245;0.5332;-0.1993;0.0913;0.7325;0.1462;1.1729;0;14.978;0;0
10/11/21 06:00;19.518;-97.811;35.875;19.687;35.102;-90;-35.102;160.91;136.3;24.608;14.73;2.4799;0;59.682;117.37;17.445;0;2.4874;196.98;0;196.98;59.682;17.445;117.37;2.4874;0.303;0.6085;0;0.0126;188.06;8.9213;0;0;6.687;2.2344;183.92;3.9486;0.2666;0.0779;3.5689;0.0351;187.87;0.1881;0.0597;0.0174;0.1107;0.0003;184.58;59.356;17.349;107;0.2177;80.467;67.19;21.818;3.0544;0.8837;12.712;0.6562;10.541;0;1;0;0;1.2242;0.9547;1;1;0.943;0.1017;0.979;0.9955;1;0.9677;0.8612;0.999;0.999;1;0.999;0.999;0.9337;0.9117;0.0875;0.5915;0.5827;0.0035;0.0178;-0.0058;0.004;0.0141;0.0025;0;0;0.088;0;0.4366;0;0;0;0;0;0;0;0;0;0;0;0;0.0113;0.001;0.5344;0.5344;0;22.209;22.209;7.4789;0.0407;497.82;1073.5;1;0.0098;0.0098;0;0;0;0;0;0;0.5246;0.4366;0;17.211;19.93;14.06;16.281;98.157;98.157;4.7275;4.2711;3.4891;0.4564;0.782;0.0965;0.1654;0.738;80.311;0.704;0
10/11/21 07:00;31.749;-89.524;0.4047;31.75;58.25;-90;-58.25;236.19;214.3;21.894;16.95;0.8899;0;41.606;158.66;12.14;0;9.5118;221.92;0;221.92;41.606;12.14;158.66;9.5118;0.1875;0.7578;0;0.0429;193.88;28.038;0;0;19.129;8.9091;188.79;4.8942;0.0006;0.0002;4.8598;0.0336;193.68;0.1939;0.0416;0.0121;0.1395;0.0006;192.42;41.564;12.128;134.53;0.5684;141.6;118.23;42.275;23.867;2.5048;36.03;3.626;14.668;0;1;0;0;0.9396;0.8737;1;1;0.8794;0.0634;0.9747;1;1;0.9651;0.9441;0.999;0.999;1;0.999;0.999;0.8507;0.8479;0.0598;0.6664;0.6555;0.0039;0.0173;-0.0008;0.0044;0.0158;0.007;0;0;0.088;0;0.4955;0;0;0;0;0;0;0;0;0;0;0;0;0.0127;0.0012;0.594;0.594;0;24.641;24.641;7.691;0.0407;558.29;1063.9;1;0.0105;0.0105;0;0;0;0;0;0;0.5835;0.4955;0;16.98;19.662;14.164;16.402;98.232;98.232;5.326;4.7472;3.96;0.5788;0.7872;0.1087;0.1478;0.7435;135.37;0.6629;0
10/11/21 08:00;43.955;-79.985;7.1916;44.395;45.605;-90;-45.605;657.2;149;508.21;21.41;0.7299;0;726.43;60.193;111.73;0;16.781;915.13;0;915.13;726.43;111.73;60.193;16.781;0.7938;0.0841;0;0.0183;894.46;20.675;0;0;5.0892;15.586;891.49;2.073;0.1803;0.0277;1.7972;0.0679;893.56;0.8945;0.7264;0.1117;0.0551;0.0012;895.57;725.52;111.59;53.251;1.1265;287.52;240.08;77.01;3.8533;2.7606;39.71;4.0845;38.617;0;1;0;0;1.3925;0.9774;1;1;0.9155;0.0712;0.9977;0.9998;1;0.9674;0.9432;0.999;0.999;1;0.999;0.999;0.9742;0.8847;0.0671;2.7481;2.7811;0.0167;-0.0017;0.3274;0.0171;0.0605;0.007;0;0;0.088;0;2.162;0;0;0;0;0;0;0;0;0;0;0;0;0.0488;0.0169;2.2884;2.2884;0;58.47;58.47;37.06;0.0416;2395;955.5;1;0.0384;0.0384;0;0;0;0;0;0;2.25;2.162;0;15.863;18.369;14.987;17.354;98.321;98.321;21.963;18.289;17.278;3.6744;1.0103;0.1673;0.046;0.7867;45.049;0.7619;0
10/11/21 09:00;55.723;-67.202;12.605;57.858;32.142;-90;-32.142;720.71;249.8;470.91;23.78;2.21;0;556.15;136.48;120.46;0;9.3892;822.47;0;822.47;556.15;120.46;136.48;9.3892;0.6762;0.1773;0;0.0114;807.39;15.085;0;0;6.768;8.3166;801.92;4.6661;0.2419;0.0524;4.198;0.1738;806.58;0.8074;0.5561;0.1205;0.1297;0.0011;804.46;555.35;120.29;125.38;0.8978;386.62;322.83;105.53;2.625;3.417;49.153;2.5396;49.945;0;1;0;0;1.1412;0.9817;1;1;0.9504;0.1142;0.9942;0.9996;1;0.9676;0.8378;0.999;0.999;1;0.999;0.999;0.975;0.9187;0.0956;2.4699;2.5266;0.0152;-0.0022;0.2856;0.0156;0.0553;0.0087;0;0;0.088;0;1.968;0;0;0;0;0;0;0;0;0;0;0;0;0.0445;0.0141;2.0897;2.0897;0;57.08;57.08;33.3;0.0415;2175.6;960.56;1;0.0337;0.0337;0;0;0;0;0;0;2.056;1.968;0;16.118;18.664;15.179;17.577;98.387;98.387;19.739;16.701;15.729;3.0381;0.9727;0.1539;0.0493;0.7968;91.327;0.7627;0
10/11/21 10:00;66.049;-46.422;16.251;72.162;17.838;-90;-17.838;711.7;365.8;345.91;24.61;4.28;0;363.38;260.19;104.21;0;2.9083;730.68;0;730.68;363.38;104.21;260.19;2.9083;0.4973;0.3601;0;0.004;723.27;7.4171;0;0;4.9862;2.4309;713.03;9.5079;0.2038;0.0584;9.1396;0.1061;722.54;0.7233;0.3634;0.1042;0.2552;0.0005;713.7;362.81;104.05;245.81;0.3708;413.36;345.15;109.1;0.622;3.7536;53.993;0.6687;57.125;0;1;0;0;1.0267;0.9898;1;1;0.9808;0.1641;0.9868;0.9994;1;0.9642;0.7775;0.999;0.999;1;0.999;0.999;0.9758;0.9447;0.1275;2.1942;2.2634;0.0136;-0.0014;0.2327;0.0141;0.0501;0.0096;0;0;0.088;0;1.7746;0;0;0;0;0;0;0;0;0;0;0;0;0.0404;0.0114;1.8929;1.8929;0;54.153;54.153;29.543;0.0414;1947.6;971.91;1;0.0302;0.0302;0;0;0;0;0;0;1.8626;1.7746;0;16.433;19.03;15.407;17.841;98.404;98.404;17.536;15.128;14.183;2.4086;0.9448;0.1373;0.0539;0.8088;160.1;0.7664;0
10/11/21 11:00;71.958;-9.0925;17.808;87.053;2.9467;-90;-2.9467;164.5;162.6;1.9006;23.86;6;0;1.9032;162.26;0.2332;0;0.0185;164.41;0;164.41;1.9032;0.2332;162.26;0.0185;0.0116;0.987;0;0.0001;164.23;0.1868;0;0;0.1713;0.0155;156.85;7.213;0.0012;0.0001;7.211;0.0007;164.06;0.1642;0.0019;0.0002;0.1621;0;156.85;1.9001;0.2328;154.72;0.0023;97.415;81.341;24.611;-0.0009;0.9466;13.617;-0.0017;14.564;0;1;0;0;0.9995;0.9989;1;1;0.9989;0.1628;0.956;0.9994;1;0.9555;0.7775;0.999;0.999;1;0.999;0.999;0.954;0.9535;0.1265;0.4937;0.5011;0.003;0.0181;0.0096;0.0033;0.0117;0.0026;0;0;0.088;0;0.3462;0;0;0;0;0;0;0;0;0;0;0;0;0.0094;0.0008;0.4427;0.4427;0;30.291;30.291;6.4312;0.041;427.92;1034.6;1;0.0085;0.0085;0;0;0;0;0;0;0.4342;0.3462;0;17.081;19.78;13.358;15.468;98.081;98.081;3.946;3.5381;2.767;0.4078;0.7712;0.1034;0.1954;0.7012;96.158;0.6603;0
10/11/21 12:00;69.166;34.127;17.123;77.948;12.052;90;12.052;1024.7;170.7;854;22.81;6.0599;0;873.25;58.295;114.28;0;1.9197;1047.7;0;1047.7;873.25;114.28;58.295;1.9197;0.8335;0.0575;0;0.0018;1045.6;2.1815;0;0;0.5787;1.6028;1041.6;2.9371;0.516;0.0675;2.2822;0.0713;1044.5;1.0456;0.8733;0.1143;0.0577;0.0003;1042;871.86;114.1;55.376;0.2452;595.72;497.42;158.82;0.0346;5.2506;75.527;0.385;80.743;0;1;0;0;1.0225;0.9979;1;1;0.9901;0.1651;0.9972;0.9994;1;0.9604;0.7746;0.999;0.999;1;0.999;0.999;0.9941;0.9499;0.1277;3.1464;3.2975;0.0199;0.0039;0.4802;0.0196;0.0694;0.0128;0;0;0.088;0;2.4793;0;0;0;0;0;0;0;0;0;0;0;0;0.0558;0.0234;2.6127;2.6127;0;66.401;66.401;43.591;0.0419;2835.9;921.3;1;0.0454;0.0454;0;0;0;0;0;0;2.5673;2.4793;0;15.819;18.318;15.011;17.383;98.263;98.263;25.146;20.881;19.815;4.2652;1.0659;0.1696;0.0424;0.788;35.137;0.7476;0
10/11/21 13:00;60.038;60.439;14.264;63.369;26.631;90;26.631;1096.1;180.9;915.21;20.42;4.9;0;1023.8;41.645;153.17;0;9.884;1228.5;0;1228.5;1023.8;153.17;41.645;9.884;0.8334;0.0419;0;0.008;1218.4;10.081;0;0;1.5331;8.548;1215.1;2.1645;0.5039;0.0754;1.3227;0.2625;1217.2;1.2184;1.0238;0.1532;0.0401;0.0013;1217.6;1022.3;152.94;38.749;1.0722;596.06;497.71;159.56;0.4187;5.2365;75.325;2.5202;80.142;0;1;0;0;1.1208;0.9918;1;1;0.9632;0.1352;0.9982;0.9995;1;0.967;0.8033;0.999;0.999;1;0.999;0.999;0.989;0.9305;0.1085;3.6892;3.826;0.023;0.0162;0.6251;0.0221;0.0785;0.0124;0;0;0.088;0;2.662;0;0;0;0;0;0;0;0;0;0;0;0;0.0632;0.0311;2.9543;2.8011;0;71.508;71.508;51.088;0.042;2908.2;963.18;1;0.2044;0.0512;0;0;0.1532;0;0;0;2.75;2.662;0;14.464;16.749;13.746;15.917;93.083;98.174;29.484;22.387;21.275;7.0978;1.1121;0.2407;0.0377;0.7216;26.847;0.6899;0
10/11/21 14:00;48.651;75.535;9.4983;49.565;40.435;90;40.435;253.5;247.9;5.6025;22.95;3.79;0;7.3607;217.12;1.7416;0;5.1469;231.37;0;231.37;7.3607;1.7416;217.12;5.1469;0.0318;0.9607;0;0.0222;211.21;20.162;0;0;15.423;4.7388;204.44;6.5626;0.0024;0.0006;6.5233;0.0363;211;0.2112;0.0074;0.0017;0.2017;0.0004;206.22;7.3509;1.7392;194.98;0.3714;158.43;132.29;44.003;9.1795;1.8776;27.009;1.7849;19.707;0;1;0;0;0.9127;0.9129;1;1;0.929;0.0793;0.9689;0.9997;1;0.9676;0.911;0.999;0.999;1;0.999;0.999;0.8836;0.898;0.0722;0.6948;0.6781;0.0041;0.0171;0.0154;0.0045;0.0159;0.0051;0;0;0.088;0;0.5034;0;0;0;0;0;0;0;0;0;0;0;0;0.0128;0.0013;0.6018;0.6018;0;31.32;31.32;8.3703;0.0409;578.63;1040;1;0.0104;0.0104;0;0;0;0;0;0;0.5914;0.5034;0;16.5;19.106;13.803;15.983;98.277;98.277;5.553;4.8095;4.0234;0.7434;0.7861;0.1339;0.1416;0.7245;155.23;0.6663;0
10/11/21 15:00;36.551;86.014;3.2014;36.617;53.383;90;53.383;543.9;218.1;325.8;24.6;3.13;0;546.22;105.85;143.33;0;18.656;814.06;0;814.06;546.22;143.33;105.85;18.656;0.671;0.1529;0;0.0229;785.28;28.781;0;0;11.269;17.512;781.18;3.3117;0.0603;0.0158;3.1884;0.0471;784.49;0.7853;0.5462;0.1433;0.0946;0.0011;785.58;545.62;143.17;91.3;1.0959;213.94;178.64;57.884;11.704;2.5907;37.267;4.4054;28.153;0;1;0;0;1.4967;0.9646;1;1;0.8935;0.0613;0.9958;0.9999;1;0.9663;0.9588;0.999;0.999;1;0.999;0.999;0.9596;0.8625;0.0587;2.4446;2.4447;0.0147;-0.0021;0.2762;0.0151;0.0535;0.0066;0;0;0.088;0;1.9038;0;0;0;0;0;0;0;0;0;0;0;0;0.0431;0.0133;2.0243;2.0243;0;57.039;57.039;32.439;0.0415;2106.1;961.13;1;0.0325;0.0325;0;0;0;0;0;0;1.9918;1.9038;0;15.774;18.267;14.836;17.179;98.395;98.395;19.537;16.178;15.215;3.3593;0.9629;0.1719;0.0493;0.7788;85.572;0.753;0
10/11/21 16:00;24.295;94.637;7.0389;24.366;60;90;60;446.31;103.6;342.71;24.15;3.1801;0;826.68;31.327;149.14;0;18.968;1026.1;0;1026.1;826.68;149.14;31.327;18.968;0.8056;0.049;0;0.0185;1004.4;21.743;0;0;3.9508;17.792;1002.1;1.2842;0.2008;0.0362;0.9672;0.08;1003.4;1.0044;0.8267;0.1491;0.0274;0.0012;1003.1;825.65;148.96;26.382;1.0949;31.431;26.245;9.2525;5.2421;0.5609;8.0684;0.9807;3.3872;0;1;0;0;2.2991;0.9788;1;1;0.8739;0.062;0.9987;0.9998;1;0.9646;0.9319;0.999;0.999;1;0.999;0.999;0.9766;0.8421;0.0577;3.0814;3.0381;0.0183;0.0003;0.4399;0.0181;0.064;0.0014;0;0;0.088;0;2.2955;0;0;0;0;0;0;0;0;0;0;0;0;0.0516;0.02;2.4246;2.4246;0;66.074;66.074;41.924;0.0418;2617.3;926.35;1;0.041;0.041;0;0;0;0;0;0;2.3835;2.2955;0;14.989;17.357;14.191;16.433;98.309;98.309;24.627;19.377;18.346;5.2498;1.031;0.2132;0.0419;0.745;27.272;0.7406;0
10/11/21 17:00;12.178;102.69;59.23;12.473;19.116;90;19.116;77.201;75.699;1.5016;22.83;2.26;0;3.6419;73.237;0.9364;0;0.3618;78.177;0;78.177;3.6419;0.9364;73.237;0.3618;0.0466;0.9414;0;0.0046;76.294;1.8831;0;0;1.5794;0.3037;73.539;2.6786;0.1246;0.032;2.509;0.0129;76.217;0.0763;0.0036;0.0009;0.0717;0.0001;73.624;3.5136;0.9034;69.077;0.0452;45.325;37.847;11.603;0.223;0.4451;6.4021;0.0854;6.6242;0;1;0;0;1.0126;0.9759;1;1;0.9784;0.1608;0.9649;0.9658;1;0.965;0.7776;0.999;0.999;1;0.999;0.999;0.9407;0.9432;0.1249;0.2348;0.2352;0.0014;0.016;0.0007;0.0015;0.0054;0.0012;0;0;0.088;0;0.1103;0;0;0;0;0;0;0;0;0;0;0;0;0.0043;0.0002;0.2044;0.2044;0;25.857;25.857;3.0269;0.0412;199.9;1022.7;1;0.0061;0.0061;0;0;0;0;0;0;0.1983;0.1103;0;16.589;19.209;8.9522;10.366;97.011;97.011;1.8762;1.6338;0.8817;0.2424;0.7521;0.1292;0.4009;0.4699;45.316;0.4428;0
10/11/21 18:00;3.1328;108.98;82.383;3.3125;4.7433;90;4.7433;0;0;0;20.46;2.5301;0;0;0;0;0;0;0;0;0;0;0;0;0;1;1;1;1;0;0;0;0;0;0;0;0;0;0;0;0;0;0;0;0;0;0;0;0;0;0;0;0;0;0;0;0;0;0;0;0;0;0;0;1;1;1;1;1;1;1;1;1;1;1;1;1;1;1;1;1;1;1;0;0;0;0;0;0;0;0;0;0.0004;0.088;0;-0.0884;0;0;0;0;0;0;0;0;0;0;0;0;0;0;0;0;0;0;0;-20.46;0;0;0;0;0.0004;0;0;0;0;0;0;0;-0.0004;-0.0884;0;0;0;0;0;0;0;0;0;-0.7063;0;0.7063;1;1;0;0;0;0
10/11/21 19:00;0;0;90;0;0;90;0;0;0;0;19.1;3.0299;0;0;0;0;0;0;0;0;0;0;0;0;0;1;1;1;1;0;0;0;0;0;0;0;0;0;0;0;0;0;0;0;0;0;0;0;0;0;0;0;0;0;0;0;0;0;0;0;0;0;0;0;1;1;1;1;1;1;1;1;1;1;1;1;1;1;1;1;1;1;1;0;0;0;0;0;0;0;0;0;0.0004;0.088;0;-0.0884;0;0;0;0;0;0;0;0;0;0;0;0;0;0;0;0;0;0;0;-19.1;0;0;0;0;0.0004;0;0;0;0;0;0;0;-0.0004;-0.0884;0;0;0;0;0;0;0;0;0;-0.7063;0;0.7063;1;1;0;0;0;0
10/11/21 20:00;0;0;90;0;0;90;0;0;0;0;17;3.9001;0;0;0;0;0;0;0;0;0;0;0;0;0;1;1;1;1;0;0;0;0;0;0;0;0;0;0;0;0;0;0;0;0;0;0;0;0;0;0;0;0;0;0;0;0;0;0;0;0;0;0;0;1;1;1;1;1;1;1;1;1;1;1;1;1;1;1;1;1;1;1;0;0;0;0;0;0;0;0;0;0.0004;0.088;0;-0.0884;0;0;0;0;0;0;0;0;0;0;0;0;0;0;0;0;0;0;0;-17;0;0;0;0;0.0004;0;0;0;0;0;0;0;-0.0004;-0.0884;0;0;0;0;0;0;0;0;0;-0.7063;0;0.7063;1;1;0;0;0;0
10/11/21 21:00;0;0;90;0;0;90;0;0;0;0;15.26;3.7301;0;0;0;0;0;0;0;0;0;0;0;0;0;1;1;1;1;0;0;0;0;0;0;0;0;0;0;0;0;0;0;0;0;0;0;0;0;0;0;0;0;0;0;0;0;0;0;0;0;0;0;0;1;1;1;1;1;1;1;1;1;1;1;1;1;1;1;1;1;1;1;0;0;0;0;0;0;0;0;0;0.0004;0.088;0;-0.0884;0;0;0;0;0;0;0;0;0;0;0;0;0;0;0;0;0;0;0;-15.26;0;0;0;0;0.0004;0;0;0;0;0;0;0;-0.0004;-0.0884;0;0;0;0;0;0;0;0;0;-0.7063;0;0.7063;1;1;0;0;0;0
10/11/21 22:00;0;0;90;0;0;90;0;0;0;0;14.1;3.3499;0;0;0;0;0;0;0;0;0;0;0;0;0;1;1;1;1;0;0;0;0;0;0;0;0;0;0;0;0;0;0;0;0;0;0;0;0;0;0;0;0;0;0;0;0;0;0;0;0;0;0;0;1;1;1;1;1;1;1;1;1;1;1;1;1;1;1;1;1;1;1;0;0;0;0;0;0;0;0;0;0.0004;0.088;0;-0.0884;0;0;0;0;0;0;0;0;0;0;0;0;0;0;0;0;0;0;0;-14.1;0;0;0;0;0.0004;0;0;0;0;0;0;0;-0.0004;-0.0884;0;0;0;0;0;0;0;0;0;-0.7063;0;0.7063;1;1;0;0;0;0
10/11/21 23:00;0;0;90;0;0;90;0;0;0;0;12.54;3.14;0;0;0;0;0;0;0;0;0;0;0;0;0;1;1;1;1;0;0;0;0;0;0;0;0;0;0;0;0;0;0;0;0;0;0;0;0;0;0;0;0;0;0;0;0;0;0;0;0;0;0;0;1;1;1;1;1;1;1;1;1;1;1;1;1;1;1;1;1;1;1;0;0;0;0;0;0;0;0;0;0.0004;0.088;0;-0.0884;0;0;0;0;0;0;0;0;0;0;0;0;0;0;0;0;0;0;0;-12.54;0;0;0;0;0.0004;0;0;0;0;0;0;0;-0.0004;-0.0884;0;0;0;0;0;0;0;0;0;-0.7063;0;0.7063;1;1;0;0;0;0
11/11/21 00:00;0;0;90;0;0;90;0;0;0;0;10.77;2.76;0;0;0;0;0;0;0;0;0;0;0;0;0;1;1;1;1;0;0;0;0;0;0;0;0;0;0;0;0;0;0;0;0;0;0;0;0;0;0;0;0;0;0;0;0;0;0;0;0;0;0;0;1;1;1;1;1;1;1;1;1;1;1;1;1;1;1;1;1;1;1;0;0;0;0;0;0;0;0;0;0.0004;0.088;0;-0.0884;0;0;0;0;0;0;0;0;0;0;0;0;0;0;0;0;0;0;0;-10.77;0;0;0;0;0.0004;0;0;0;0;0;0;0;-0.0004;-0.0884;0;0;0;0;0;0;0;0;0;-0.7063;0;0.7063;1;1;0;0;0;0
11/11/21 01:00;0;0;90;0;0;90;0;0;0;0;10.13;2.74;0;0;0;0;0;0;0;0;0;0;0;0;0;1;1;1;1;0;0;0;0;0;0;0;0;0;0;0;0;0;0;0;0;0;0;0;0;0;0;0;0;0;0;0;0;0;0;0;0;0;0;0;1;1;1;1;1;1;1;1;1;1;1;1;1;1;1;1;1;1;1;0;0;0;0;0;0;0;0;0;0.0004;0.088;0;-0.0884;0;0;0;0;0;0;0;0;0;0;0;0;0;0;0;0;0;0;0;-10.13;0;0;0;0;0.0004;0;0;0;0;0;0;0;-0.0004;-0.0884;0;0;0;0;0;0;0;0;0;-0.7063;0;0.7063;1;1;0;0;0;0
11/11/21 02:00;0;0;90;0;0;90;0;0;0;0;9.0002;3.1999;0;0;0;0;0;0;0;0;0;0;0;0;0;1;1;1;1;0;0;0;0;0;0;0;0;0;0;0;0;0;0;0;0;0;0;0;0;0;0;0;0;0;0;0;0;0;0;0;0;0;0;0;1;1;1;1;1;1;1;1;1;1;1;1;1;1;1;1;1;1;1;0;0;0;0;0;0;0;0;0;0.0004;0.088;0;-0.0884;0;0;0;0;0;0;0;0;0;0;0;0;0;0;0;0;0;0;0;-9.0002;0;0;0;0;0.0004;0;0;0;0;0;0;0;-0.0004;-0.0884;0;0;0;0;0;0;0;0;0;-0.7063;0;0.7063;1;1;0;0;0;0
11/11/21 03:00;0;0;90;0;0;90;0;0;0;0;9.1398;3.3;0;0;0;0;0;0;0;0;0;0;0;0;0;1;1;1;1;0;0;0;0;0;0;0;0;0;0;0;0;0;0;0;0;0;0;0;0;0;0;0;0;0;0;0;0;0;0;0;0;0;0;0;1;1;1;1;1;1;1;1;1;1;1;1;1;1;1;1;1;1;1;0;0;0;0;0;0;0;0;0;0.0004;0.088;0;-0.0884;0;0;0;0;0;0;0;0;0;0;0;0;0;0;0;0;0;0;0;-9.1398;0;0;0;0;0.0004;0;0;0;0;0;0;0;-0.0004;-0.0884;0;0;0;0;0;0;0;0;0;-0.7063;0;0.7063;1;1;0;0;0;0
11/11/21 04:00;0.8709;-110.99;87.887;0.9328;1.3299;-90;-1.3299;0;0;0;7.8402;3.46;0;0;0;0;0;0;0;0;0;0;0;0;0;1;1;1;1;0;0;0;0;0;0;0;0;0;0;0;0;0;0;0;0;0;0;0;0;0;0;0;0;0;0;0;0;0;0;0;0;0;0;0;1;1;1;1;1;1;1;1;1;1;1;1;1;1;1;1;1;1;1;0;0;0;0;0;0;0;0;0;0.0004;0.088;0;-0.0884;0;0;0;0;0;0;0;0;0;0;0;0;0;0;0;0;0;0;0;-7.8402;0;0;0;0;0.0004;0;0;0;0;0;0;0;-0.0004;-0.0884;0;0;0;0;0;0;0;0;0;-0.7063;0;0.7063;1;1;0;0;0;0
11/11/21 05:00;7.654;-106.11;71.154;7.9631;11.669;-90;-11.669;107.91;17.801;90.108;8.0403;3.5999;0;218.54;9.0809;20.918;0;0.1896;248.73;0;248.73;218.54;20.918;9.0809;0.1896;0.8786;0.0373;0;0.0008;248.48;0.2432;0;0;0.0852;0.158;218.62;29.611;26.691;2.5548;0.3579;0.0071;248.24;0.2485;0.2185;0.0209;0.009;0;218.63;191.63;18.342;8.6288;0.0244;5.9512;4.9692;1.386;0.0048;0.0658;0.9462;0.0042;1.0073;0;1;0;0;2.305;0.999;1;1;0.9906;0.1665;0.8807;0.8777;1;0.9602;0.7752;0.999;0.999;1;0.999;0.999;0.879;0.9502;0.129;0.7469;0.6605;0.004;0.0173;-0.0191;0.0046;0.0163;0.0002;0;0;0.088;0;0.5235;0;0;0;0;0;0;0;0;0;0;0;0;0.0132;0.0012;0.6228;0.6228;0;16.878;16.878;8.8375;0.0404;565.26;1101.8;1;0.0113;0.0113;0;0;0;0;0;0;0.6115;0.5235;0;15.885;18.394;13.352;15.461;98.186;98.186;5.9694;4.9775;4.1839;0.9919;0.7936;0.1662;0.1329;0.7009;5.4674;0.6989;0
11/11/21 06:00;19.64;-98.075;35.396;19.822;35.504;-90;-35.504;313.9;54.1;259.8;9.8697;3.45;0;630.09;21.906;72.635;0;4.9607;729.59;0;729.59;630.09;72.635;21.906;4.9607;0.8636;0.0368;0;0.0068;723.86;5.7349;0;0;1.2706;4.4643;719.46;3.6753;2.6388;0.3042;0.6653;0.0671;723.13;0.7239;0.6301;0.0726;0.0206;0.0005;719.58;626.82;72.258;19.95;0.4289;16.457;13.741;4.661;0.594;0.1658;2.3851;0.1253;1.957;0;1;0;0;2.3243;0.9921;1;1;0.942;0.1001;0.9949;0.9958;1;0.9677;0.8648;0.999;0.999;1;0.999;0.999;0.9861;0.9107;0.0865;2.191;2.1723;0.0131;-0.0009;0.1085;0.0144;0.0509;0.0005;0;0;0.088;0;1.814;0;0;0;0;0;0;0;0;0;0;0;0;0.041;0.0106;1.9343;1.9343;0;39.313;39.313;29.443;0.0409;1868.3;1035.3;1;0.0323;0.0323;0;0;0;0;0;0;1.902;1.814;0;16.818;19.475;15.773;18.264;98.333;98.333;17.51;15.459;14.498;2.0515;0.9611;0.1172;0.0549;0.828;15.037;0.8259;0
11/11/21 07:00;31.868;-89.819;0.1534;31.868;58.132;-90;-58.132;491.39;106.3;385.09;11.97;3.63;0;729.4;38.786;105.18;0;19.716;893.08;0;893.08;729.4;105.18;38.786;19.716;0.8167;0.0655;0;0.0221;869.95;23.131;0;0;4.6626;18.468;867.82;1.2608;0.0039;0.0006;1.1874;0.0689;869.08;0.87;0.7294;0.1052;0.0341;0.0012;871.26;728.67;105.07;32.902;1.1783;131.24;109.59;35.354;5.7973;1.5095;21.713;3.4413;17.425;0;1;0;0;1.8175;0.9741;1;1;0.8798;0.0633;0.9985;1;1;0.9652;0.9448;0.999;0.999;1;0.999;0.999;0.9717;0.8483;0.0598;2.6819;2.6699;0.0161;-0.002;0.2121;0.0171;0.0607;0.004;0;0;0.088;0;2.1699;0;0;0;0;0;0;0;0;0;0;0;0;0.0489;0.0156;2.2975;2.2975;0;47.726;47.726;35.756;0.0412;2299.3;999.24;1;0.0397;0.0397;0;0;0;0;0;0;2.2579;2.1699;0;16.319;18.898;15.413;17.848;98.274;98.274;21.434;18.362;17.342;3.0722;1.0202;0.1433;0.0476;0.8091;33.048;0.7946;0
11/11/21 08:00;44.079;-80.33;6.9305;44.489;45.511;-90;-45.511;735.4;121.1;614.3;14.85;3.5001;0;876.61;37.852;109.29;0;18.705;1042.5;0;1042.5;876.61;109.29;37.852;18.705;0.8409;0.0543;0;0.0179;1021.9;20.56;0;0;3.1907;17.369;1019.4;1.4424;0.2096;0.0261;1.1302;0.0764;1020.9;1.0219;0.8766;0.1093;0.0347;0.0013;1023.9;875.52;109.15;33.496;1.2577;314.68;262.76;83.917;2.408;2.9274;42.11;4.4292;42.629;0;1;0;0;1.4175;0.9803;1;1;0.9157;0.0714;0.9986;0.9998;1;0.9674;0.9427;0.999;0.999;1;0.999;0.999;0.9779;0.8849;0.0672;3.1305;3.1725;0.0191;0.0019;0.3574;0.0196;0.0694;0.0074;0;0;0.088;0;2.4856;0;0;0;0;0;0;0;0;0;0;0;0;0.0559;0.0217;2.6202;2.6202;0;57.188;57.188;42.338;0.0415;2728.9;960.16;1;0.0466;0.0466;0;0;0;0;0;0;2.5736;2.4856;0;15.945;18.463;15.125;17.515;98.22;98.22;25.019;20.941;19.865;4.0784;1.076;0.163;0.043;0.794;28.304;0.7707;0
11/11/21 09:00;55.87;-67.621;12.335;57.921;32.079;-90;-32.079;901.5;148.7;752.8;16.75;2.44;0;888.45;47.888;114.3;0;11.699;1062.3;0;1062.3;888.45;114.3;47.888;11.699;0.8363;0.0561;0;0.011;1049.6;12.727;0;0;2.3674;10.36;1046.4;2.1179;0.3781;0.0487;1.4735;0.2177;1048.6;1.0496;0.8885;0.1143;0.0455;0.0013;1049.5;887.19;114.14;44.001;1.1207;470.26;392.66;128.85;0.917;3.9765;57.2;3.0697;60.26;0;1;0;0;1.1784;0.988;1;1;0.9506;0.1145;0.998;0.9996;1;0.9676;0.8374;0.999;0.999;1;0.999;0.999;0.985;0.9188;0.0958;3.1902;3.2816;0.0198;0.0036;0.4061;0.02;0.0708;0.0099;0;0;0.088;0;2.5358;0;0;0;0;0;0;0;0;0;0;0;0;0.057;0.0231;2.6713;2.6713;0;60.325;60.325;43.575;0.0416;2820.4;947.14;1;0.0475;0.0475;0;0;0;0;0;0;2.6238;2.5358;0;15.951;18.471;15.142;17.534;98.221;98.221;25.496;21.349;20.266;4.1472;1.083;0.1627;0.0425;0.7949;32.031;0.7641;0
11/11/21 10:00;66.247;-46.902;15.974;72.186;17.814;-90;-17.814;1026.5;169.4;857.11;19.25;2.0601;0;900.27;54.452;119.33;0;4.1833;1078.2;0;1078.2;900.27;119.33;54.452;4.1833;0.8349;0.0544;0;0.0039;1073.7;4.5377;0;0;1.0411;3.4966;1070;2.6284;0.4962;0.0658;1.9137;0.1527;1072.6;1.0737;0.9003;0.1193;0.0534;0.0007;1070.9;898.87;119.14;51.444;0.5334;585.88;489.21;157.39;0.1305;5.0926;73.255;0.9527;78.217;0;1;0;0;1.0504;0.9958;1;1;0.9809;0.1642;0.9975;0.9994;1;0.9641;0.7775;0.999;0.999;1;0.999;0.999;0.9924;0.9448;0.1275;3.2379;3.38;0.0203;0.0053;0.4618;0.0202;0.0718;0.0125;0;0;0.088;0;2.5697;0;0;0;0;0;0;0;0;0;0;0;0;0.0578;0.0245;2.7056;2.7056;0;63.941;63.941;44.691;0.0418;2906.3;930.94;1;0.0479;0.0479;0;0;0;0;0;0;2.6577;2.5697;0;15.918;18.433;15.118;17.507;98.23;98.23;25.878;21.623;20.537;4.2546;1.0859;0.1644;0.042;0.7936;33.503;0.7552;0
11/11/21 11:00;72.227;-9.3059;17.531;87.033;2.9672;-90;-2.9672;992.1;182.9;809.2;20.63;1.9801;0;810.29;71.542;111.46;0;0.1131;993.4;0;993.4;810.29;111.46;71.542;0.1131;0.8157;0.0721;0;0.0001;993.23;0.1709;0;0;0.0763;0.0946;988.5;3.7405;0.4902;0.0674;3.1788;0.0041;992.24;0.9932;0.8103;0.1115;0.0715;0;988.5;808.99;111.28;68.216;0.0143;584.72;488.24;154.51;-0.0004;5.2412;75.392;-0.0038;80.634;0;1;0;0;1.0013;0.9998;1;1;0.9989;0.1628;0.9962;0.9994;1;0.9555;0.7775;0.999;0.999;1;0.999;0.999;0.9951;0.9535;0.1265;2.9832;3.1362;0.0189;0.0014;0.4058;0.019;0.0673;0.013;0;0;0.088;0;2.4034;0;0;0;0;0;0;0;0;0;0;0;0;0.0542;0.0212;2.5355;2.5355;0;61.84;61.84;41.21;0.0417;2694.1;941.11;1;0.0441;0.0441;0;0;0;0;0;0;2.4914;2.4034;0;16.191;18.749;15.348;17.772;98.262;98.262;23.842;20.263;19.208;3.5783;1.0554;0.1501;0.0443;0.8056;42.398;0.7623;0
11/11/21 12:00;69.421;34.434;16.852;78.014;11.986;90;11.986;1064.2;175.6;888.61;22.18;1.87;0;908.41;55.615;122.03;0;1.9722;1088;0;1088;908.41;122.03;55.615;1.9722;0.8349;0.0529;0;0.0018;1085.8;2.1937;0;0;0.547;1.6466;1081.9;2.8524;0.5283;0.071;2.1799;0.0733;1084.8;1.0858;0.9084;0.122;0.0551;0.0003;1082.3;906.98;121.84;52.833;0.2519;618.7;516.62;164.99;0.0324;5.4504;78.402;0.3948;83.82;0;1;0;0;1.0224;0.998;1;1;0.9902;0.1651;0.9974;0.9994;1;0.9604;0.7746;0.999;0.999;1;0.999;0.999;0.9944;0.95;0.1277;3.2674;3.425;0.0206;0.0062;0.5118;0.0202;0.0717;0.0132;0;0;0.088;0;2.5632;0;0;0;0;0;0;0;0;0;0;0;0;0.0577;0.0251;2.6985;2.6985;0;67.503;67.503;45.323;0.0419;2945.9;916;1;0.0473;0.0473;0;0;0;0;0;0;2.6512;2.5632;0;15.733;18.219;14.944;17.305;98.248;98.248;26.113;21.566;20.485;4.5465;1.0811;0.1741;0.0414;0.7845;33.515;0.7443;0
11/11/21 13:00;60.242;60.816;14.006;63.474;26.526;90;26.526;279.89;274.1;5.7916;21.8;1.4399;0;6.473;258.43;1.4637;0;2.5044;268.87;0;268.87;6.473;1.4637;258.43;2.5044;0.0241;0.9705;0;0.0093;257.25;11.619;0;0;9.4543;2.1649;248.71;8.2852;0.0031;0.0007;8.2145;0.0669;257;0.2573;0.0065;0.0015;0.249;0.0003;249.43;6.4634;1.4615;240.51;0.2724;170.34;142.23;44.691;2.5481;1.7133;24.645;0.7151;23.811;0;1;0;0;0.9606;0.9568;1;1;0.9634;0.1356;0.9678;0.9995;1;0.967;0.8028;0.999;0.999;1;0.999;0.999;0.925;0.9307;0.1087;0.8074;0.8032;0.0048;0.0159;0.0201;0.0053;0.0189;0.0047;0;0;0.088;0;0.6165;0;0;0;0;0;0;0;0;0;0;0;0;0.0152;0.0017;0.7165;0.7165;0;31.973;31.973;10.173;0.0409;686.84;1043.1;1;0.012;0.012;0;0;0;0;0;0;0.7045;0.6165;0;16.904;19.574;14.545;16.843;98.327;98.327;6.453;5.7261;4.927;0.7269;0.7991;0.1126;0.1238;0.7635;166.5;0.7145;0
11/11/21 14:00;48.828;75.859;9.2553;49.7;40.3;90;40.3;124.2;122.9;1.2995;19.94;1.5901;0;1.7039;108.18;0.1992;0;2.5055;112.59;0;112.59;1.7039;0.1992;108.18;2.5055;0.0151;0.9831;0;0.0223;102.64;9.953;0;0;7.6469;2.306;99.267;3.2698;0.0005;0.0001;3.2512;0.0179;102.54;0.1026;0.0017;0.0002;0.1005;0.0002;100.13;1.7016;0.199;97.185;0.1814;77.928;65.07;21.728;4.5213;0.9186;13.213;0.8635;9.6103;0;1;0;0;0.9065;0.9116;1;1;0.9293;0.0796;0.9681;0.9997;1;0.9676;0.91;0.999;0.999;1;0.999;0.999;0.8816;0.8983;0.0724;0.3381;0.3294;0.002;0.0174;-0.0012;0.0022;0.0077;0.0025;0;0;0.088;0;0.1972;0;0;0;0;0;0;0;0;0;0;0;0;0.0062;0.0004;0.2922;0.2922;0;24.007;24.007;4.0663;0.041;280.23;1042.7;1;0.007;0.007;0;0;0;0;0;0;0.2852;0.1972;0;16.463;19.064;11.112;12.867;97.611;97.611;2.7022;2.3353;1.5762;0.3669;0.7591;0.1358;0.2809;0.5833;77.258;0.5362;0
11/11/21 15:00;36.718;86.29;2.9734;36.776;53.224;90;53.224;81.909;81.3;0.6085;18.23;2.04;0;1.0163;64.939;0.099;0;2.7941;68.849;0;68.849;1.0163;0.099;64.939;2.7941;0.0148;0.9838;0;0.0406;59.342;9.5063;0;0;6.8838;2.6225;57.32;1.9624;0.0001;0;1.9553;0.007;59.283;0.0593;0.001;0.0001;0.0581;0.0002;58.423;1.0152;0.0989;56.042;0.1643;52.619;43.937;15.463;7.1039;0.8321;11.969;1.1028;5.6974;0;1;0;0;0.8406;0.8619;1;1;0.894;0.0614;0.9669;0.9999;1;0.9663;0.9589;0.999;0.999;1;0.999;0.999;0.8326;0.863;0.0588;0.2068;0.2012;0.0012;0.0152;-0.0033;0.0013;0.0047;0.0022;0;0;0.088;0;0.0819;0;0;0;0;0;0;0;0;0;0;0;0;0.0038;0.0002;0.1759;0.1759;0;20.585;20.585;2.3553;0.0411;170;1034.8;1;0.006;0.006;0;0;0;0;0;0;0.1699;0.0819;0;16.209;18.77;7.5457;8.7377;96.573;96.573;1.6524;1.406;0.6545;0.2464;0.7515;0.1491;0.4548;0.3961;52.409;0.3505;0
11/11/21 16:00;24.463;94.88;7.033;24.541;60;90;60;112.5;110.7;1.7979;17.63;2.21;0;4.3091;82.768;0.825;0;4.7812;92.684;0;92.684;4.3091;0.825;82.768;4.7812;0.0465;0.9446;0;0.0516;77.761;14.923;0;0;10.438;4.4848;75.106;2.5767;0.001;0.0002;2.5553;0.0202;77.683;0.0778;0.0043;0.0008;0.0723;0.0003;77.064;4.3038;0.824;69.702;0.276;72.091;60.196;21.856;13.838;1.3633;19.61;1.9582;7.1351;0;1;0;0;0.8239;0.839;1;1;0.8739;0.062;0.9668;0.9998;1;0.9646;0.9319;0.999;0.999;1;0.999;0.999;0.8103;0.8421;0.0577;0.2783;0.2735;0.0016;0.0167;-0.0043;0.0018;0.0064;0.0037;0;0;0.088;0;0.1473;0;0;0;0;0;0;0;0;0;0;0;0;0.0052;0.0003;0.242;0.242;0;20.707;20.707;3.077;0.041;231.42;1045.5;1;0.0066;0.0066;0;0;0;0;0;0;0.2353;0.1473;0;16.56;19.176;10.084;11.678;97.267;97.267;2.2244;1.9337;1.1775;0.2907;0.7561;0.1307;0.3399;0.5294;72.055;0.457;0
11/11/21 17:00;12.353;102.91;58.746;12.663;19.454;90;19.454;16.507;16.397;0.1099;15.86;1.78;0;0.2665;15.923;0.0146;0;0.0801;16.284;0;16.284;0.2665;0.0146;15.923;0.0801;0.0164;0.9827;0;0.0049;15.863;0.4209;0;0;0.3536;0.0673;15.294;0.5539;0.0086;0.0005;0.5419;0.0028;15.847;0.0159;0.0003;0;0.0156;0;15.313;0.2576;0.0141;15.012;0.01;9.8683;8.24;2.5281;0.0516;0.097;1.395;0.0194;1.4404;0;1;0;0;0.9865;0.9742;1;1;0.9778;0.1603;0.9651;0.9676;1;0.9652;0.7779;0.999;0.999;1;0.999;0.999;0.9392;0.9428;0.1246;0.0489;0.0491;0.0003;0.0078;-0.0015;0.0003;0.0011;0.0002;0;0;0.088;0;-0.0509;0;0;0;0;0;0;0;0;0;0;0;0;0.0008;0;0.04;0.04;0;16.498;16.498;0.6382;0.0417;40.257;993.48;1;0.0029;0.0029;0;0;0;0;0;0;0.0371;-0.0509;0;15.58;18.042;-19.831;-22.964;92.745;92.745;0.3908;0.3196;-0.4068;0.0712;0.7265;0.1821;1.8589;0;9.8677;0;0
11/11/21 18:00;3.3173;109.19;81.932;3.512;5.0318;90;5.0318;0;0;0;13.33;2.29;0;0;0;0;0;0;0;0;0;0;0;0;0;1;1;1;1;0;0;0;0;0;0;0;0;0;0;0;0;0;0;0;0;0;0;0;0;0;0;0;0;0;0;0;0;0;0;0;0;0;0;0;1;1;1;1;1;1;1;1;1;1;1;1;1;1;1;1;1;1;1;0;0;0;0;0;0;0;0;0;0.0004;0.088;0;-0.0884;0;0;0;0;0;0;0;0;0;0;0;0;0;0;0;0;0;0;0;-13.33;0;0;0;0;0.0004;0;0;0;0;0;0;0;-0.0004;-0.0884;0;0;0;0;0;0;0;0;0;-0.7063;0;0.7063;1;1;0;0;0;0
11/11/21 19:00;0;0;90;0;0;90;0;0;0;0;13.8;3.4101;0;0;0;0;0;0;0;0;0;0;0;0;0;1;1;1;1;0;0;0;0;0;0;0;0;0;0;0;0;0;0;0;0;0;0;0;0;0;0;0;0;0;0;0;0;0;0;0;0;0;0;0;1;1;1;1;1;1;1;1;1;1;1;1;1;1;1;1;1;1;1;0;0;0;0;0;0;0;0;0;0.0004;0.088;0;-0.0884;0;0;0;0;0;0;0;0;0;0;0;0;0;0;0;0;0;0;0;-13.8;0;0;0;0;0.0004;0;0;0;0;0;0;0;-0.0004;-0.0884;0;0;0;0;0;0;0;0;0;-0.7063;0;0.7063;1;1;0;0;0;0
11/11/21 20:00;0;0;90;0;0;90;0;0;0;0;15.3;6.0501;0;0;0;0;0;0;0;0;0;0;0;0;0;1;1;1;1;0;0;0;0;0;0;0;0;0;0;0;0;0;0;0;0;0;0;0;0;0;0;0;0;0;0;0;0;0;0;0;0;0;0;0;1;1;1;1;1;1;1;1;1;1;1;1;1;1;1;1;1;1;1;0;0;0;0;0;0;0;0;0;0.0004;0.088;0;-0.0884;0;0;0;0;0;0;0;0;0;0;0;0;0;0;0;0;0;0;0;-15.3;0;0;0;0;0.0004;0;0;0;0;0;0;0;-0.0004;-0.0884;0;0;0;0;0;0;0;0;0;-0.7063;0;0.7063;1;1;0;0;0;0
11/11/21 21:00;0;0;90;0;0;90;0;0;0;0;14.67;9.03;0;0;0;0;0;0;0;0;0;0;0;0;0;1;1;1;1;0;0;0;0;0;0;0;0;0;0;0;0;0;0;0;0;0;0;0;0;0;0;0;0;0;0;0;0;0;0;0;0;0;0;0;1;1;1;1;1;1;1;1;1;1;1;1;1;1;1;1;1;1;1;0;0;0;0;0;0;0;0;0;0.0004;0.088;0;-0.0884;0;0;0;0;0;0;0;0;0;0;0;0;0;0;0;0;0;0;0;-14.67;0;0;0;0;0.0004;0;0;0;0;0;0;0;-0.0004;-0.0884;0;0;0;0;0;0;0;0;0;-0.7063;0;0.7063;1;1;0;0;0;0
11/11/21 22:00;0;0;90;0;0;90;0;0;0;0;13.62;9.74;0;0;0;0;0;0;0;0;0;0;0;0;0;1;1;1;1;0;0;0;0;0;0;0;0;0;0;0;0;0;0;0;0;0;0;0;0;0;0;0;0;0;0;0;0;0;0;0;0;0;0;0;1;1;1;1;1;1;1;1;1;1;1;1;1;1;1;1;1;1;1;0;0;0;0;0;0;0;0;0;0.0004;0.088;0;-0.0884;0;0;0;0;0;0;0;0;0;0;0;0;0;0;0;0;0;0;0;-13.62;0;0;0;0;0.0004;0;0;0;0;0;0;0;-0.0004;-0.0884;0;0;0;0;0;0;0;0;0;-0.7063;0;0.7063;1;1;0;0;0;0
11/11/21 23:00;0;0;90;0;0;90;0;0;0;0;13.07;10.79;0;0;0;0;0;0;0;0;0;0;0;0;0;1;1;1;1;0;0;0;0;0;0;0;0;0;0;0;0;0;0;0;0;0;0;0;0;0;0;0;0;0;0;0;0;0;0;0;0;0;0;0;1;1;1;1;1;1;1;1;1;1;1;1;1;1;1;1;1;1;1;0;0;0;0;0;0;0;0;0;0.0004;0.088;0;-0.0884;0;0;0;0;0;0;0;0;0;0;0;0;0;0;0;0;0;0;0;-13.07;0;0;0;0;0.0004;0;0;0;0;0;0;0;-0.0004;-0.0884;0;0;0;0;0;0;0;0;0;-0.7063;0;0.7063;1;1;0;0;0;0
12/11/21 00:00;0;0;90;0;0;90;0;0;0;0;13.02;11.01;0;0;0;0;0;0;0;0;0;0;0;0;0;1;1;1;1;0;0;0;0;0;0;0;0;0;0;0;0;0;0;0;0;0;0;0;0;0;0;0;0;0;0;0;0;0;0;0;0;0;0;0;1;1;1;1;1;1;1;1;1;1;1;1;1;1;1;1;1;1;1;0;0;0;0;0;0;0;0;0;0.0004;0.088;0;-0.0884;0;0;0;0;0;0;0;0;0;0;0;0;0;0;0;0;0;0;0;-13.02;0;0;0;0;0.0004;0;0;0;0;0;0;0;-0.0004;-0.0884;0;0;0;0;0;0;0;0;0;-0.7063;0;0.7063;1;1;0;0;0;0
12/11/21 01:00;0;0;90;0;0;90;0;0;0;0;12.5;10.62;0;0;0;0;0;0;0;0;0;0;0;0;0;1;1;1;1;0;0;0;0;0;0;0;0;0;0;0;0;0;0;0;0;0;0;0;0;0;0;0;0;0;0;0;0;0;0;0;0;0;0;0;1;1;1;1;1;1;1;1;1;1;1;1;1;1;1;1;1;1;1;0;0;0;0;0;0;0;0;0;0.0004;0.088;0;-0.0884;0;0;0;0;0;0;0;0;0;0;0;0;0;0;0;0;0;0;0;-12.5;0;0;0;0;0.0004;0;0;0;0;0;0;0;-0.0004;-0.0884;0;0;0;0;0;0;0;0;0;-0.7063;0;0.7063;1;1;0;0;0;0
12/11/21 02:00;0;0;90;0;0;90;0;0;0;0;12.8;9.45;0;0;0;0;0;0;0;0;0;0;0;0;0;1;1;1;1;0;0;0;0;0;0;0;0;0;0;0;0;0;0;0;0;0;0;0;0;0;0;0;0;0;0;0;0;0;0;0;0;0;0;0;1;1;1;1;1;1;1;1;1;1;1;1;1;1;1;1;1;1;1;0;0;0;0;0;0;0;0;0;0.0004;0.088;0;-0.0884;0;0;0;0;0;0;0;0;0;0;0;0;0;0;0;0;0;0;0;-12.8;0;0;0;0;0.0004;0;0;0;0;0;0;0;-0.0004;-0.0884;0;0;0;0;0;0;0;0;0;-0.7063;0;0.7063;1;1;0;0;0;0
12/11/21 03:00;0;0;90;0;0;90;0;0;0;0;12.8;8.01;0;0;0;0;0;0;0;0;0;0;0;0;0;1;1;1;1;0;0;0;0;0;0;0;0;0;0;0;0;0;0;0;0;0;0;0;0;0;0;0;0;0;0;0;0;0;0;0;0;0;0;0;1;1;1;1;1;1;1;1;1;1;1;1;1;1;1;1;1;1;1;0;0;0;0;0;0;0;0;0;0.0004;0.088;0;-0.0884;0;0;0;0;0;0;0;0;0;0;0;0;0;0;0;0;0;0;0;-12.8;0;0;0;0;0.0004;0;0;0;0;0;0;0;-0.0004;-0.0884;0;0;0;0;0;0;0;0;0;-0.7063;0;0.7063;1;1;0;0;0;0
12/11/21 04:00;1.0081;-111.22;87.555;1.0814;1.542;-90;-1.542;0;0;0;12.46;6.59;0;0;0;0;0;0;0;0;0;0;0;0;0;1;1;1;1;0;0;0;0;0;0;0;0;0;0;0;0;0;0;0;0;0;0;0;0;0;0;0;0;0;0;0;0;0;0;0;0;0;0;0;1;1;1;1;1;1;1;1;1;1;1;1;1;1;1;1;1;1;1;0;0;0;0;0;0;0;0;0;0.0004;0.088;0;-0.0884;0;0;0;0;0;0;0;0;0;0;0;0;0;0;0;0;0;0;0;-12.46;0;0;0;0;0.0004;0;0;0;0;0;0;0;-0.0004;-0.0884;0;0;0;0;0;0;0;0;0;-0.7063;0;0.7063;1;1;0;0;0;0
12/11/21 05:00;7.7816;-106.36;70.83;8.1056;11.891;-90;-11.891;1.6018;1.6018;0;12.78;5.52;0;0;1.5847;0;0;0.0029;1.5876;1.5876;0;0;0;0;0;1;1;1;1;0;0;0;0;0;0;0;0;0;0;0;0;0;0;0;0;0;0;0;0;0;0;0;0;0;0;0;0;0;0;0;0;0;0;0;0;1;1;1;1;1;1;1;1;1;1;1;1;1;0;0;1;0;0;0;0;0;0;0;0;0;0;0;0.0004;0.088;0;-0.0884;0;0;0;0;0;0;0;0;0;0;0;0;0;0;0;0;0;0;0;-12.78;0;0;0;0;0.0004;0;0;0;0;0;0;0;-0.0004;-0.0884;0;0;0;0;0;0;0;0;0;-0.7063;0;0.7063;1;1;0;0;0;0
12/11/21 06:00;19.756;-98.337;34.935;19.951;35.896;-90;-35.896;5.9971;5.9971;0;11.6;5.53;0;0;5.4276;0;0;0.0968;5.5244;5.5244;0;0;0;0;0;1;1;1;1;0;0;0;0;0;0;0;0;0;0;0;0;0;0;0;0;0;0;0;0;0;0;0;0;0;0;0;0;0;0;0;0;0;0;0;0;1;1;1;1;1;1;1;1;1;1;1;1;1;0;0;1;0;0;0;0;0;0;0;0;0;0;0;0.0004;0.088;0;-0.0884;0;0;0;0;0;0;0;0;0;0;0;0;0;0;0;0;0;0;0;-11.6;0;0;0;0;0.0004;0;0;0;0;0;0;0;-0.0004;-0.0884;0;0;0;0;0;0;0;0;0;-0.7063;0;0.7063;1;1;0;0;0;0
12/11/21 07:00;31.98;-90.112;0.0952;31.98;58.02;-90;-58.02;398.51;192;206.5;13.89;5.28;0;389.91;105.86;101.19;0;15.933;612.89;0;612.89;389.91;101.19;105.86;15.933;0.6362;0.1987;0;0.026;585.28;27.615;0;0;12.69;14.925;581.4;3.2959;0.0013;0.0003;3.2393;0.0551;584.69;0.5853;0.3899;0.1012;0.0932;0.001;585.21;389.52;101.09;89.833;0.9523;148.68;124.14;42.292;15.704;2.1581;31.043;3.8114;17.497;0;1;0;0;1.538;0.9549;1;1;0.8801;0.0633;0.9944;1;1;0.9652;0.9453;0.999;0.999;1;0.999;0.999;0.9486;0.8486;0.0598;1.8405;1.828;0.011;0.0022;0.0812;0.0121;0.043;0.0059;0;0;0.088;0;1.5158;0;0;0;0;0;0;0;0;0;0;0;0;0.0347;0.0076;1.6303;1.6303;0;37.665;37.665;23.775;0.0409;1570.7;1037.9;1;0.0264;0.0264;0;0;0;0;0;0;1.6038;1.5158;0;16.874;19.54;15.689;18.168;98.378;98.378;14.709;13.029;12.115;1.6802;0.9147;0.1142;0.0622;0.8236;90.078;0.7935;0
12/11/21 08:00;44.197;-80.673;6.6725;44.578;45.422;-90;-45.422;843.19;139.1;704.09;15.07;5.94;0;1003.2;32.782;143.29;0;21.367;1200.6;0;1200.6;1003.2;143.29;32.782;21.367;0.8355;0.0451;0;0.0178;1178;22.594;0;0;2.7554;19.838;1175.5;1.3309;0.231;0.033;0.9788;0.0881;1176.8;1.178;1.0032;0.1433;0.03;0.0015;1180.5;1001.9;143.12;29.017;1.4389;358.77;299.57;95.568;2.0727;3.3009;47.483;5.0176;48.711;0;1;0;0;1.4239;0.9812;1;1;0.9159;0.0715;0.9989;0.9998;1;0.9674;0.9423;0.999;0.999;1;0.999;0.999;0.9791;0.8852;0.0673;3.6054;3.6557;0.022;0.0115;0.5016;0.0218;0.0775;0.0081;0;0;0.088;0;2.662;0;0;0;0;0;0;0;0;0;0;0;0;0.0624;0.0285;2.9223;2.8019;0;64.191;64.191;49.121;0.0418;2835.8;988.03;1;0.1723;0.0519;0;0;0.1204;0;0;0;2.75;2.662;0;14.805;17.143;14.065;16.287;94.104;98.147;28.814;22.393;21.275;6.4215;1.1183;0.2229;0.0388;0.7383;24.493;0.7171;0
12/11/21 09:00;56.009;-68.04;12.068;57.98;32.02;-90;-32.02;309.41;298.1;11.308;15.69;6.74;0;13.337;272.74;3.4328;0;4.0012;293.51;0;293.51;13.337;3.4328;272.74;4.0012;0.0454;0.9429;0;0.0136;276.52;16.986;0;0;13.444;3.542;267.77;8.4758;0.0056;0.0014;8.3941;0.0748;276.24;0.2765;0.0133;0.0034;0.2593;0.0005;269.01;13.318;3.428;250.64;0.3839;189.68;158.39;50.884;5.1739;1.9871;28.583;1.2421;25.397;0;1;0;0;0.9486;0.9421;1;1;0.9507;0.1148;0.9693;0.9996;1;0.9676;0.8369;0.999;0.999;1;0.999;0.999;0.9123;0.919;0.096;0.8814;0.8705;0.0052;0.0151;0.0049;0.0059;0.021;0.0055;0;0;0.088;0;0.6925;0;0;0;0;0;0;0;0;0;0;0;0;0.0169;0.002;0.7939;0.7939;0;26.586;26.586;10.896;0.0407;743.33;1068;1;0.0134;0.0134;0;0;0;0;0;0;0.7805;0.6925;0;17.159;19.869;14.968;17.333;98.317;98.317;7.0442;6.3448;5.5348;0.6993;0.8101;0.0993;0.115;0.7857;182.35;0.7323;0
12/11/21 10:00;66.438;-47.388;15.702;72.206;17.794;-90;-17.794;438.9;397.8;41.104;15.9;7.05;0;43.169;375.82;13.412;0;1.7847;434.19;0;434.19;43.169;13.412;375.82;1.7847;0.0994;0.8697;0;0.0041;425.52;8.6638;0;0;7.1721;1.4917;411.79;13.309;0.0234;0.0073;13.213;0.0651;425.1;0.4255;0.0432;0.0134;0.3686;0.0003;412.2;43.102;13.391;355.07;0.2276;261.87;218.66;67.266;0.89;2.5306;36.402;0.4158;38.042;0;1;0;0;0.9893;0.98;1;1;0.9809;0.1642;0.9687;0.9995;1;0.9641;0.7774;0.999;0.999;1;0.999;0.999;0.9484;0.9448;0.1275;1.3039;1.3183;0.0079;0.0089;0.0359;0.0089;0.0314;0.007;0;0;0.088;0;1.0818;0;0;0;0;0;0;0;0;0;0;0;0;0.0253;0.0042;1.1888;1.1888;0;32.696;32.696;16.796;0.0408;1130.3;1051.8;1;0.0191;0.0191;0;0;0;0;0;0;1.1698;1.0818;0;17.369;20.113;15.805;18.302;98.397;98.397;10.42;9.501;8.6454;0.9195;0.8556;0.0882;0.0821;0.8297;231.21;0.7807;0
12/11/21 11:00;72.491;-9.5338;17.259;87.009;2.9911;-90;-2.9911;134.69;133.4;1.293;14.72;6.9;0;1.2948;133.18;0.1297;0;0.0156;134.62;0;134.62;1.2948;0.1297;133.18;0.0156;0.0096;0.9894;0;0.0001;134.46;0.1567;0;0;0.1437;0.0131;128.41;5.9175;0.0008;0.0001;5.9161;0.0006;134.33;0.1345;0.0013;0.0001;0.133;0;128.41;1.2927;0.1295;126.98;0.002;79.764;66.603;20.123;-0.0007;0.777;11.176;-0.0013;11.954;0;1;0;0;0.9995;0.9988;1;1;0.9989;0.1628;0.9559;0.9994;1;0.9555;0.7775;0.999;0.999;1;0.999;0.999;0.9539;0.9535;0.1265;0.4043;0.4103;0.0025;0.018;-0.0075;0.0028;0.0099;0.0022;0;0;0.088;0;0.2779;0;0;0;0;0;0;0;0;0;0;0;0;0.0079;0.0006;0.3741;0.3741;0;19.948;19.948;5.2285;0.0407;349.76;1069.5;1;0.0081;0.0081;0;0;0;0;0;0;0.3659;0.2779;0;17.627;20.412;13.098;15.167;97.831;97.831;3.2308;2.9895;2.2213;0.2414;0.7681;0.0747;0.2378;0.6875;78.926;0.6473;0
12/11/21 12:00;69.673;34.734;16.588;78.082;11.918;90;11.918;199.7;197;2.705;14;6.7601;0;2.7646;194.47;0.4158;0;0.3659;198.02;0;198.02;2.7646;0.4158;194.47;0.3659;0.014;0.9839;0;0.0018;195.82;2.2002;0;0;1.8947;0.3055;187.97;7.6468;0.0016;0.0002;7.6314;0.0136;195.62;0.1958;0.0028;0.0004;0.1926;0.0001;188.04;2.7602;0.4151;184.75;0.0467;118.98;99.346;30.318;0.1094;1.1465;16.492;0.0678;17.529;0;1;0;0;0.9916;0.9889;1;1;0.9903;0.1651;0.9609;0.9994;1;0.9603;0.7746;0.999;0.999;1;0.999;0.999;0.9493;0.95;0.1277;0.5946;0.6011;0.0036;0.0177;-0.0072;0.0041;0.0146;0.0032;0;0;0.088;0;0.4543;0;0;0;0;0;0;0;0;0;0;0;0;0.0117;0.0011;0.5524;0.5524;0;21.639;21.639;7.6386;0.0406;513.25;1076.3;1;0.0101;0.0101;0;0;0;0;0;0;0.5423;0.4543;0;17.696;20.492;14.555;16.854;98.178;98.178;4.7524;4.4148;3.631;0.3377;0.7837;0.0711;0.1649;0.764;117.17;0.7192;0
12/11/21 13:00;60.445;61.185;13.753;63.58;26.42;90;26.42;236.29;232.2;4.091;14.33;6.57;0;4.5681;219.33;0.8729;0;2.0977;226.87;0;226.87;4.5681;0.8729;219.33;2.0977;0.0201;0.976;0;0.0092;217.09;9.7849;0;0;7.9725;1.8124;209.83;7.036;0.0022;0.0004;6.9771;0.0563;216.87;0.2171;0.0046;0.0009;0.2114;0.0003;210.43;4.5614;0.8717;204.17;0.2287;143.85;120.12;37.724;2.1323;1.4468;20.812;0.5981;20.126;0;1;0;0;0.9601;0.9569;1;1;0.9637;0.136;0.9676;0.9995;1;0.967;0.8023;0.999;0.999;1;0.999;0.999;0.9249;0.9309;0.109;0.6813;0.6777;0.0041;0.0171;-0.0052;0.0046;0.0164;0.0041;0;0;0.088;0;0.523;0;0;0;0;0;0;0;0;0;0;0;0;0.0132;0.0013;0.622;0.622;0;22.858;22.858;8.5279;0.0406;578.61;1075;1;0.011;0.011;0;0;0;0;0;0;0.611;0.523;0;17.393;20.14;14.624;16.934;98.23;98.23;5.4449;4.9712;4.1799;0.4737;0.7913;0.087;0.1453;0.7677;141.21;0.7183;0
12/11/21 14:00;49.004;76.176;9.018;49.836;40.164;90;40.164;399.31;354.1;45.203;13.87;6.25;0;59.151;298.96;19.867;0;8.0032;385.98;0;385.98;59.151;19.867;298.96;8.0032;0.1532;0.7953;0;0.0207;357.59;28.391;0;0;21.027;7.3633;348.17;9.0702;0.0184;0.0062;8.9875;0.0581;357.24;0.3576;0.0592;0.0199;0.2779;0.0006;350.84;59.073;19.841;268.67;0.5811;241.22;201.42;66.764;12.351;2.7685;39.824;2.6761;30.242;0;1;0;0;0.9666;0.9264;1;1;0.9297;0.08;0.9746;0.9997;1;0.9676;0.9091;0.999;0.999;1;0.999;0.999;0.902;0.8987;0.0726;1.1591;1.1407;0.0069;0.0115;0.0122;0.0078;0.0276;0.0077;0;0;0.088;0;0.9365;0;0;0;0;0;0;0;0;0;0;0;0;0.0222;0.0032;1.0416;1.0416;0;28.03;28.03;14.16;0.0407;975.4;1067.9;1;0.0171;0.0171;0;0;0;0;0;0;1.0245;0.9365;0;17.119;19.823;15.392;17.824;98.361;98.361;9.2636;8.3246;7.4849;0.939;0.8397;0.1014;0.0906;0.808;213.26;0.7501;0
12/11/21 15:00;36.885;86.559;2.7514;36.934;53.066;90;53.066;31.998;31.903;0.0947;13.5;5.5899;0;0.1577;25.534;0.006;0;1.0855;26.783;0;26.783;0.1577;0.006;25.534;1.0855;0.0059;0.9939;0;0.0405;23.069;3.7138;0;0;2.695;1.0188;22.275;0.7712;0;0;0.7685;0.0027;23.046;0.0231;0.0002;0;0.0228;0.0001;22.705;0.1575;0.006;22.047;0.0639;20.604;17.204;6.045;2.7642;0.3253;4.6796;0.4301;2.2408;0;1;0;0;0.837;0.8613;1;1;0.8945;0.0615;0.9665;0.9999;1;0.9663;0.9591;0.999;0.999;1;0.999;0.999;0.8317;0.8635;0.0589;0.0804;0.0783;0.0005;0.01;-0.003;0.0005;0.0018;0.0008;0;0;0.088;0;-0.0254;0;0;0;0;0;0;0;0;0;0;0;0;0.0014;0.0001;0.0663;0.0663;0;14.422;14.422;0.9221;0.0414;64.955;1020.5;1;0.0037;0.0037;0;0;0;0;0;0;0.0626;-0.0254;0;15.7;18.18;-6.0083;-6.9575;94.49;94.49;0.6428;0.5297;-0.2027;0.113;0.7325;0.1759;1.1395;0;20.573;0;0
12/11/21 16:00;24.63;95.117;7.0341;24.717;60;90;60;33.306;33.2;0.1066;12.33;4.42;0;0.2539;24.895;0.0145;0;1.4155;26.579;0;26.579;0.2539;0.0145;24.895;1.4155;0.0096;0.9899;0;0.0533;22.112;4.4674;0;0;3.1396;1.3278;21.315;0.7746;0.0001;0;0.7686;0.006;22.09;0.0221;0.0003;0;0.0218;0.0001;21.904;0.2536;0.0145;20.965;0.0817;21.676;18.099;6.5707;4.1624;0.4101;5.8984;0.589;2.1461;0;1;0;0;0.798;0.8319;1;1;0.8739;0.062;0.9649;0.9998;1;0.9646;0.9319;0.999;0.999;1;0.999;0.999;0.8019;0.8421;0.0577;0.0798;0.0784;0.0005;0.01;-0.0034;0.0005;0.0018;0.0011;0;0;0.088;0;-0.0251;0;0;0;0;0;0;0;0;0;0;0;0;0.0014;0.0001;0.0665;0.0665;0;13.212;13.212;0.8821;0.0414;64.963;1024.1;1;0.0037;0.0037;0;0;0;0;0;0;0.0629;-0.0251;0;15.879;18.387;-6.0012;-6.9493;94.475;94.475;0.6379;0.5317;-0.201;0.1062;0.7327;0.1665;1.1486;0;21.673;0;0
12/11/21 17:00;12.527;103.13;58.261;12.852;19.796;90;19.796;44.695;44.202;0.4928;11.93;3.1899;0;1.1952;42.827;0.1744;0;0.2245;44.421;0;44.421;1.1952;0.1744;42.827;0.2245;0.0269;0.9692;0;0.0051;43.253;1.1678;0;0;0.9791;0.1886;41.712;1.4977;0.0365;0.0053;1.448;0.008;43.21;0.0433;0.0012;0.0002;0.0418;0;41.766;1.1575;0.1689;40.358;0.0279;26.585;22.198;6.8164;0.1473;0.2614;3.7605;0.0545;3.8746;0;1;0;0;0.9939;0.9737;1;1;0.9771;0.1599;0.9653;0.9694;1;0.9654;0.7783;0.999;0.999;1;0.999;0.999;0.939;0.9423;0.1243;0.1334;0.1337;0.0008;0.0129;-0.0056;0.0009;0.0031;0.0007;0;0;0.088;0;0.0251;0;0;0;0;0;0;0;0;0;0;0;0;0.0025;0.0001;0.1183;0.1183;0;13.64;13.64;1.7104;0.041;112.6;1050.8;1;0.0052;0.0052;0;0;0;0;0;0;0.1131;0.0251;0;16.897;19.567;3.581;4.1468;95.566;95.566;1.0661;0.9456;0.2004;0.1205;0.7452;0.113;0.699;0.188;26.582;0.1768;0
12/11/21 18:00;3.3087;109.53;81.954;3.5101;5.0292;90;5.0292;0.1953;0.1953;0;11.7;3.29;0;0;0.195;0;0;0.0001;0.195;0.195;0;0;0;0;0;1;1;1;1;0;0;0;0;0;0;0;0;0;0;0;0;0;0;0;0;0;0;0;0;0;0;0;0;0;0;0;0;0;0;0;0;0;0;0;0;1;1;1;1;1;1;1;1;1;1;1;1;1;0;0;1;0;0;0;0;0;0;0;0;0;0;0;0.0004;0.088;0;-0.0884;0;0;0;0;0;0;0;0;0;0;0;0;0;0;0;0;0;0;0;-11.7;0;0;0;0;0.0004;0;0;0;0;0;0;0;-0.0004;-0.0884;0;0;0;0;0;0;0;0;0;-0.7063;0;0.7063;1;1;0;0;0;0
12/11/21 19:00;0;0;90;0;0;90;0;0;0;0;11.6;3.85;0;0;0;0;0;0;0;0;0;0;0;0;0;1;1;1;1;0;0;0;0;0;0;0;0;0;0;0;0;0;0;0;0;0;0;0;0;0;0;0;0;0;0;0;0;0;0;0;0;0;0;0;1;1;1;1;1;1;1;1;1;1;1;1;1;1;1;1;1;1;1;0;0;0;0;0;0;0;0;0;0.0004;0.088;0;-0.0884;0;0;0;0;0;0;0;0;0;0;0;0;0;0;0;0;0;0;0;-11.6;0;0;0;0;0.0004;0;0;0;0;0;0;0;-0.0004;-0.0884;0;0;0;0;0;0;0;0;0;-0.7063;0;0.7063;1;1;0;0;0;0
12/11/21 20:00;0;0;90;0;0;90;0;0;0;0;11.9;4.67;0;0;0;0;0;0;0;0;0;0;0;0;0;1;1;1;1;0;0;0;0;0;0;0;0;0;0;0;0;0;0;0;0;0;0;0;0;0;0;0;0;0;0;0;0;0;0;0;0;0;0;0;1;1;1;1;1;1;1;1;1;1;1;1;1;1;1;1;1;1;1;0;0;0;0;0;0;0;0;0;0.0004;0.088;0;-0.0884;0;0;0;0;0;0;0;0;0;0;0;0;0;0;0;0;0;0;0;-11.9;0;0;0;0;0.0004;0;0;0;0;0;0;0;-0.0004;-0.0884;0;0;0;0;0;0;0;0;0;-0.7063;0;0.7063;1;1;0;0;0;0
12/11/21 21:00;0;0;90;0;0;90;0;0;0;0;11.5;5.0001;0;0;0;0;0;0;0;0;0;0;0;0;0;1;1;1;1;0;0;0;0;0;0;0;0;0;0;0;0;0;0;0;0;0;0;0;0;0;0;0;0;0;0;0;0;0;0;0;0;0;0;0;1;1;1;1;1;1;1;1;1;1;1;1;1;1;1;1;1;1;1;0;0;0;0;0;0;0;0;0;0.0004;0.088;0;-0.0884;0;0;0;0;0;0;0;0;0;0;0;0;0;0;0;0;0;0;0;-11.5;0;0;0;0;0.0004;0;0;0;0;0;0;0;-0.0004;-0.0884;0;0;0;0;0;0;0;0;0;-0.7063;0;0.7063;1;1;0;0;0;0
12/11/21 22:00;0;0;90;0;0;90;0;0;0;0;11.3;5.1799;0;0;0;0;0;0;0;0;0;0;0;0;0;1;1;1;1;0;0;0;0;0;0;0;0;0;0;0;0;0;0;0;0;0;0;0;0;0;0;0;0;0;0;0;0;0;0;0;0;0;0;0;1;1;1;1;1;1;1;1;1;1;1;1;1;1;1;1;1;1;1;0;0;0;0;0;0;0;0;0;0.0004;0.088;0;-0.0884;0;0;0;0;0;0;0;0;0;0;0;0;0;0;0;0;0;0;0;-11.3;0;0;0;0;0.0004;0;0;0;0;0;0;0;-0.0004;-0.0884;0;0;0;0;0;0;0;0;0;-0.7063;0;0.7063;1;1;0;0;0;0
12/11/21 23:00;0;0;90;0;0;90;0;0;0;0;11;5.05;0;0;0;0;0;0;0;0;0;0;0;0;0;1;1;1;1;0;0;0;0;0;0;0;0;0;0;0;0;0;0;0;0;0;0;0;0;0;0;0;0;0;0;0;0;0;0;0;0;0;0;0;1;1;1;1;1;1;1;1;1;1;1;1;1;1;1;1;1;1;1;0;0;0;0;0;0;0;0;0;0.0004;0.088;0;-0.0884;0;0;0;0;0;0;0;0;0;0;0;0;0;0;0;0;0;0;0;-11;0;0;0;0;0.0004;0;0;0;0;0;0;0;-0.0004;-0.0884;0;0;0;0;0;0;0;0;0;-0.7063;0;0.7063;1;1;0;0;0;0
13/11/21 00:00;0;0;90;0;0;90;0;0;0;0;10.7;4.74;0;0;0;0;0;0;0;0;0;0;0;0;0;1;1;1;1;0;0;0;0;0;0;0;0;0;0;0;0;0;0;0;0;0;0;0;0;0;0;0;0;0;0;0;0;0;0;0;0;0;0;0;1;1;1;1;1;1;1;1;1;1;1;1;1;1;1;1;1;1;1;0;0;0;0;0;0;0;0;0;0.0004;0.088;0;-0.0884;0;0;0;0;0;0;0;0;0;0;0;0;0;0;0;0;0;0;0;-10.7;0;0;0;0;0.0004;0;0;0;0;0;0;0;-0.0004;-0.0884;0;0;0;0;0;0;0;0;0;-0.7063;0;0.7063;1;1;0;0;0;0
13/11/21 01:00;0;0;90;0;0;90;0;0;0;0;10.5;4.44;0;0;0;0;0;0;0;0;0;0;0;0;0;1;1;1;1;0;0;0;0;0;0;0;0;0;0;0;0;0;0;0;0;0;0;0;0;0;0;0;0;0;0;0;0;0;0;0;0;0;0;0;1;1;1;1;1;1;1;1;1;1;1;1;1;1;1;1;1;1;1;0;0;0;0;0;0;0;0;0;0.0004;0.088;0;-0.0884;0;0;0;0;0;0;0;0;0;0;0;0;0;0;0;0;0;0;0;-10.5;0;0;0;0;0.0004;0;0;0;0;0;0;0;-0.0004;-0.0884;0;0;0;0;0;0;0;0;0;-0.7063;0;0.7063;1;1;0;0;0;0
13/11/21 02:00;0;0;90;0;0;90;0;0;0;0;10.4;4.58;0;0;0;0;0;0;0;0;0;0;0;0;0;1;1;1;1;0;0;0;0;0;0;0;0;0;0;0;0;0;0;0;0;0;0;0;0;0;0;0;0;0;0;0;0;0;0;0;0;0;0;0;1;1;1;1;1;1;1;1;1;1;1;1;1;1;1;1;1;1;1;0;0;0;0;0;0;0;0;0;0.0004;0.088;0;-0.0884;0;0;0;0;0;0;0;0;0;0;0;0;0;0;0;0;0;0;0;-10.4;0;0;0;0;0.0004;0;0;0;0;0;0;0;-0.0004;-0.0884;0;0;0;0;0;0;0;0;0;-0.7063;0;0.7063;1;1;0;0;0;0
13/11/21 03:00;0;0;90;0;0;90;0;0;0;0;10.3;4.7601;0;0;0;0;0;0;0;0;0;0;0;0;0;1;1;1;1;0;0;0;0;0;0;0;0;0;0;0;0;0;0;0;0;0;0;0;0;0;0;0;0;0;0;0;0;0;0;0;0;0;0;0;1;1;1;1;1;1;1;1;1;1;1;1;1;1;1;1;1;1;1;0;0;0;0;0;0;0;0;0;0.0004;0.088;0;-0.0884;0;0;0;0;0;0;0;0;0;0;0;0;0;0;0;0;0;0;0;-10.3;0;0;0;0;0.0004;0;0;0;0;0;0;0;-0.0004;-0.0884;0;0;0;0;0;0;0;0;0;-0.7063;0;0.7063;1;1;0;0;0;0
13/11/21 04:00;1.1396;-111.46;87.235;1.2244;1.7462;-90;-1.7462;0;0;0;10.28;4.7099;0;0;0;0;0;0;0;0;0;0;0;0;0;1;1;1;1;0;0;0;0;0;0;0;0;0;0;0;0;0;0;0;0;0;0;0;0;0;0;0;0;0;0;0;0;0;0;0;0;0;0;0;1;1;1;1;1;1;1;1;1;1;1;1;1;1;1;1;1;1;1;0;0;0;0;0;0;0;0;0;0.0004;0.088;0;-0.0884;0;0;0;0;0;0;0;0;0;0;0;0;0;0;0;0;0;0;0;-10.28;0;0;0;0;0.0004;0;0;0;0;0;0;0;-0.0004;-0.0884;0;0;0;0;0;0;0;0;0;-0.7063;0;0.7063;1;1;0;0;0;0
13/11/21 05:00;7.9035;-106.6;70.519;8.2426;12.104;-90;-12.104;24.106;23.701;0.4047;10.1;4.8599;0;0.9816;23.388;0.1211;0;0.0456;24.536;0;24.536;0.9816;0.1211;23.388;0.0456;0.04;0.9551;0;0.0019;24.265;0.2712;0;0;0.2332;0.038;23.198;1.0426;0.1122;0.0138;0.9149;0.0017;24.241;0.0243;0.001;0.0001;0.0232;0;23.207;0.8685;0.1071;22.217;0.0059;14.101;11.775;3.5625;0.0139;0.1379;1.9843;0.0085;2.1083;0;1;0;0;1.0179;0.9889;1;1;0.99;0.1665;0.957;0.8856;1;0.9604;0.7752;0.999;0.999;1;0.999;0.999;0.9455;0.9499;0.129;0.0737;0.0741;0.0004;0.0097;-0.0038;0.0005;0.0017;0.0004;0;0;0.088;0;-0.0279;0;0;0;0;0;0;0;0;0;0;0;0;0.0014;0.0001;0.0638;0.0638;0;11.057;11.057;0.957;0.0413;61.56;1036.4;1;0.0037;0.0037;0;0;0;0;0;0;0.0601;-0.0279;0;16.495;19.101;-7.2026;-8.3404;94.263;94.263;0.5889;0.5099;-0.2226;0.079;0.7325;0.1341;1.244;0;14.099;0;0
13/11/21 06:00;19.867;-98.597;34.493;20.075;36.278;-90;-36.278;123.4;117.3;6.0996;10.54;4.41;0;14.793;104.57;3.6539;0;2.0333;125.05;0;125.05;14.793;3.6539;104.57;2.0333;0.1183;0.8525;0;0.0163;116.94;8.1096;0;0;6.2734;1.8362;113.56;3.2615;0.0541;0.0134;3.1687;0.0252;116.82;0.1169;0.0148;0.0037;0.0983;0.0002;114.2;14.724;3.6369;95.03;0.1716;72.261;60.338;19.726;3.0473;0.8048;11.576;0.6329;9.3335;0;1;0;0;1.0134;0.9351;1;1;0.94;0.0969;0.9721;0.9963;1;0.9677;0.8718;0.999;0.999;1;0.999;0.999;0.9081;0.9088;0.0844;0.3755;0.3684;0.0022;0.0178;-0.0131;0.0025;0.009;0.0023;0;0;0.088;0;0.2441;0;0;0;0;0;0;0;0;0;0;0;0;0.0072;0.0005;0.34;0.34;0;15.15;15.15;4.6106;0.0406;313.42;1084.9;1;0.0079;0.0079;0;0;0;0;0;0;0.3321;0.2441;0;17.25;19.975;12.384;14.341;97.675;97.675;3.0012;2.7176;1.9511;0.2836;0.7665;0.0945;0.2554;0.6501;72.224;0.608;0
13/11/21 07:00;32.086;-90.403;0.3411;32.086;57.914;-90;-57.914;219.3;204.9;14.395;10.88;3.54;0;27.1;153.83;7.4805;0;8.7386;197.15;0;197.15;27.1;7.4805;153.83;8.7386;0.1375;0.8246;0;0.0443;170.57;26.577;0;0;18.392;8.1858;165.66;4.7355;0.0003;0.0001;4.7052;0.0299;170.4;0.1706;0.0271;0.0075;0.1354;0.0006;169.07;27.073;7.473;130.6;0.5223;134.92;112.66;40.311;22.669;2.3801;34.237;3.4073;13.948;0;1;0;0;0.899;0.8652;1;1;0.8804;0.0633;0.9722;1;1;0.9652;0.9459;0.999;0.999;1;0.999;0.999;0.8403;0.849;0.0598;0.592;0.5814;0.0035;0.0178;-0.0154;0.004;0.0143;0.0068;0;0;0.088;0;0.4399;0;0;0;0;0;0;0;0;0;0;0;0;0.0115;0.001;0.5379;0.5379;0;17.596;17.596;6.7163;0.0405;494.46;1087.9;1;0.01;0.01;0;0;0;0;0;0;0.5279;0.4399;0;17.31;20.044;14.155;16.392;98.136;98.136;4.7316;4.2993;3.5159;0.4323;0.7834;0.0914;0.1656;0.7431;130.74;0.6576;0
13/11/21 08:00;44.308;-81.014;6.4178;44.662;45.338;-90;-45.338;174.89;171.9;2.9937;11.31;3.6799;0;4.2589;145.92;0.75;0;4.4164;155.34;0;155.34;4.2589;0.75;145.92;4.4164;0.0274;0.9678;0;0.0284;139.01;16.332;0;0;12.232;4.0999;134.49;4.3765;0.0009;0.0002;4.357;0.0184;138.87;0.139;0.0043;0.0008;0.1337;0.0003;136.09;4.2537;0.7491;129.19;0.2978;110.4;92.186;31.478;9.1448;1.4342;20.63;1.6;12.92;0;1;0;0;0.8882;0.8949;1;1;0.9162;0.0717;0.9685;0.9998;1;0.9674;0.9419;0.999;0.999;1;0.999;0.999;0.8658;0.8854;0.0674;0.4665;0.4534;0.0027;0.0181;-0.0135;0.0031;0.0111;0.0041;0;0;0.088;0;0.3215;0;0;0;0;0;0;0;0;0;0;0;0;0.0089;0.0007;0.4182;0.4182;0;16.769;16.769;5.4591;0.0406;385.74;1084.2;1;0.0087;0.0087;0;0;0;0;0;0;0.4095;0.3215;0;17.079;19.777;13.129;15.203;97.914;97.914;3.7282;3.3424;2.5694;0.3858;0.773;0.1035;0.2073;0.6892;108.94;0.6268;0
13/11/21 09:00;56.141;-68.457;11.805;58.034;31.966;-90;-31.966;272;265.5;6.5006;11.84;5.07;0;7.6626;243.99;1.7531;0;3.5059;256.92;0;256.92;7.6626;1.7531;243.99;3.5059;0.0298;0.9634;0;0.0136;241.82;15.098;0;0;11.996;3.1028;233.99;7.581;0.0031;0.0007;7.5114;0.0658;241.58;0.2418;0.0077;0.0018;0.232;0.0004;235.09;7.6518;1.7506;224.26;0.3369;167.19;139.61;44.826;4.602;1.7558;25.256;1.0907;22.41;0;1;0;0;0.9445;0.9412;1;1;0.9508;0.115;0.9686;0.9996;1;0.9676;0.8366;0.999;0.999;1;0.999;0.999;0.9108;0.9191;0.0961;0.7715;0.7613;0.0046;0.0163;-0.0099;0.0053;0.0186;0.005;0;0;0.088;0;0.6046;0;0;0;0;0;0;0;0;0;0;0;0;0.015;0.0016;0.7049;0.7049;0;21.329;21.329;9.4893;0.0406;649.84;1084.7;1;0.0123;0.0123;0;0;0;0;0;0;0.6926;0.6046;0;17.405;20.154;14.928;17.287;98.256;98.256;6.166;5.6335;4.8319;0.5325;0.8015;0.0864;0.13;0.7836;163.07;0.7299;0
13/11/21 10:00;66.621;-47.879;15.435;72.222;17.778;-90;-17.778;506.71;424.8;81.908;14.53;6.82;0;86.016;388.18;28.486;0;2.0568;504.74;0;504.74;86.016;28.486;388.18;2.0568;0.1704;0.7731;0;0.0041;495.62;9.116;0;0;7.397;1.7191;481.34;13.788;0.0458;0.0152;13.652;0.0751;495.13;0.4956;0.086;0.0285;0.3808;0.0003;481.82;85.884;28.442;366.75;0.2623;300.85;251.21;77.66;0.9165;2.8757;41.366;0.4778;43.326;0;1;0;0;0.9961;0.9819;1;1;0.9809;0.1642;0.9722;0.9995;1;0.9641;0.7774;0.999;0.999;1;0.999;0.999;0.9536;0.9448;0.1275;1.5157;1.5384;0.0093;0.0058;0.0497;0.0103;0.0366;0.0079;0;0;0.088;0;1.2739;0;0;0;0;0;0;0;0;0;0;0;0;0.0295;0.0055;1.3838;1.3838;0;34.171;34.171;19.641;0.0408;1320;1048.4;1;0.0219;0.0219;0;0;0;0;0;0;1.3619;1.2739;0;17.392;20.14;16.011;18.54;98.415;98.415;12.114;11.06;10.181;1.054;0.8786;0.087;0.0725;0.8405;238.8;0.7919;0
13/11/21 11:00;72.749;-9.7765;16.993;86.982;3.0184;-90;-3.0184;149.3;147.8;1.5033;13.75;8.33;0;1.5054;147.53;0.1667;0;0.0176;149.22;0;149.22;1.5054;0.1667;147.53;0.0176;0.0101;0.9888;0;0.0001;149.04;0.176;0;0;0.1613;0.0147;142.34;6.5536;0.0009;0.0001;6.552;0.0006;148.9;0.149;0.0015;0.0002;0.1474;0;142.34;1.503;0.1665;140.67;0.0022;88.418;73.829;22.314;-0.0008;0.8607;12.381;-0.0015;13.242;0;1;0;0;0.9994;0.9988;1;1;0.9989;0.1629;0.956;0.9994;1;0.9555;0.7775;0.999;0.999;1;0.999;0.999;0.9539;0.9535;0.1265;0.4481;0.4548;0.0027;0.0181;-0.009;0.0031;0.011;0.0024;0;0;0.088;0;0.3203;0;0;0;0;0;0;0;0;0;0;0;0;0.0089;0.0007;0.4169;0.4169;0;19.538;19.538;5.7882;0.0407;387.86;1075;1;0.0086;0.0086;0;0;0;0;0;0;0.4083;0.3203;0;17.725;20.525;13.618;15.769;97.932;97.932;3.5813;3.3322;2.56;0.2491;0.7722;0.0695;0.2156;0.7148;87.434;0.673;0
13/11/21 12:00;69.921;35.025;16.328;78.152;11.848;90;11.848;147.51;146;1.509;12.62;9.13;0;1.5419;144.28;0.1715;0;0.2671;146.26;0;146.26;1.5419;0.1715;144.28;0.2671;0.0105;0.9883;0;0.0018;144.64;1.6148;0;0;1.3918;0.223;138.82;5.6794;0.0009;0.0001;5.6685;0.0099;144.5;0.1446;0.0015;0.0002;0.1429;0;138.87;1.5395;0.1712;137.07;0.0341;87.884;73.383;22.338;0.0794;0.8504;12.233;0.0495;13.004;0;1;0;0;0.9915;0.989;1;1;0.9904;0.1651;0.9607;0.9994;1;0.9603;0.7746;0.999;0.999;1;0.999;0.999;0.9491;0.9501;0.1277;0.4392;0.444;0.0027;0.0181;-0.0108;0.003;0.0108;0.0024;0;0;0.088;0;0.312;0;0;0;0;0;0;0;0;0;0;0;0;0.0087;0.0006;0.4086;0.4086;0;18.26;18.26;5.64;0.0406;378.55;1079.3;1;0.0086;0.0086;0;0;0;0;0;0;0.4;0.312;0;17.722;20.522;13.533;15.671;97.901;97.901;3.5101;3.2654;2.4936;0.2447;0.7718;0.0697;0.2199;0.7104;86.91;0.6685;0
13/11/21 13:00;60.645;61.547;13.507;63.688;26.312;90;26.312;224;220.4;3.6043;12.82;9.1501;0;4.0209;208.36;0.7276;0;1.9727;215.08;0;215.08;4.0209;0.7276;208.36;1.9727;0.0187;0.9779;0;0.0092;205.86;9.2279;0;0;7.5244;1.7035;198.96;6.6888;0.0019;0.0003;6.6333;0.0533;205.65;0.2059;0.004;0.0007;0.2008;0.0003;199.52;4.0151;0.7265;194;0.2156;136.37;113.87;35.746;1.9968;1.3709;19.72;0.5615;19.094;0;1;0;0;0.9602;0.9571;1;1;0.9639;0.1365;0.9675;0.9995;1;0.9669;0.8018;0.999;0.999;1;0.999;0.999;0.925;0.9311;0.1093;0.6459;0.6425;0.0039;0.0174;-0.0094;0.0044;0.0157;0.0039;0;0;0.088;0;0.4943;0;0;0;0;0;0;0;0;0;0;0;0;0.0126;0.0012;0.593;0.593;0;20.896;20.896;8.0761;0.0406;548.43;1081.2;1;0.0107;0.0107;0;0;0;0;0;0;0.5823;0.4943;0;17.488;20.251;14.579;16.882;98.202;98.202;5.162;4.7389;3.9504;0.4231;0.7885;0.082;0.1528;0.7653;134.06;0.7161;0
13/11/21 14:00;49.179;76.486;8.7867;49.973;40.027;90;40.027;109.49;108.5;0.9915;12.66;8.6001;0;1.2948;95.702;0.1328;0;2.1802;99.31;0;99.31;1.2948;0.1328;95.702;2.1802;0.013;0.9856;0;0.022;90.607;8.7025;0;0;6.6973;2.0051;87.622;2.8944;0.0004;0;2.8779;0.0161;90.516;0.0906;0.0013;0.0001;0.089;0.0002;88.372;1.2932;0.1327;86.037;0.1588;68.695;57.36;19.122;3.9074;0.8067;11.604;0.7501;8.503;0;1;0;0;0.907;0.9124;1;1;0.93;0.0803;0.968;0.9997;1;0.9676;0.9082;0.999;0.999;1;0.999;0.999;0.8823;0.899;0.0728;0.2982;0.2906;0.0017;0.017;-0.0093;0.002;0.007;0.0022;0;0;0.088;0;0.1691;0;0;0;0;0;0;0;0;0;0;0;0;0.0056;0.0003;0.2641;0.2641;0;16.23;16.23;3.5701;0.0407;246.72;1070.3;1;0.007;0.007;0;0;0;0;0;0;0.2571;0.1691;0;16.868;19.533;10.799;12.504;97.341;97.341;2.3834;2.1105;1.3511;0.273;0.7594;0.1145;0.3186;0.5669;68.188;0.5213;0
13/11/21 15:00;37.051;86.823;2.5354;37.093;52.907;90;52.907;141.7;139.7;2.0066;12.97;7.9601;0;3.3271;111.71;0.552;0;4.7805;120.37;0;120.37;3.3271;0.552;111.71;4.7805;0.0276;0.9678;0;0.0397;104.14;16.226;0;0;11.739;4.4863;100.66;3.3732;0.0003;0;3.3608;0.012;104.04;0.1041;0.0033;0.0006;0.1;0.0003;102.53;3.3235;0.5514;96.508;0.2819;90.601;75.652;26.629;11.967;1.4152;20.357;1.866;9.8059;0;1;0;0;0.8494;0.8652;1;1;0.8949;0.0615;0.9676;0.9999;1;0.9663;0.9592;0.999;0.999;1;0.999;0.999;0.8363;0.8639;0.059;0.3615;0.3517;0.0021;0.0176;-0.0101;0.0024;0.0085;0.004;0;0;0.088;0;0.2244;0;0;0;0;0;0;0;0;0;0;0;0;0.0068;0.0004;0.32;0.32;0;17.069;17.069;4.0986;0.0407;298.46;1072.1;1;0.0076;0.0076;0;0;0;0;0;0;0.3124;0.2244;0;16.864;19.528;11.827;13.696;97.635;97.635;2.8888;2.5573;1.7935;0.3315;0.7638;0.1148;0.2644;0.6209;89.854;0.5511;0
13/11/21 16:00;24.797;95.348;7.0417;24.892;60;90;60;153.7;150.1;3.5969;13;7.22;0;8.5117;111.89;2.1799;0;6.5322;129.11;0;129.11;8.5117;2.1799;111.89;6.5322;0.0659;0.9172;0;0.0506;108.87;20.237;0;0;14.11;6.1272;105.28;3.4844;0.0021;0.0005;3.4542;0.0276;108.76;0.1089;0.0085;0.0022;0.0978;0.0004;107.93;8.5012;2.1772;94.223;0.377;97.535;81.442;29.57;18.707;1.8434;26.516;2.6498;9.6531;0;1;0;0;0.84;0.8433;1;1;0.8739;0.062;0.968;0.9998;1;0.9646;0.9319;0.999;0.999;1;0.999;0.999;0.8154;0.8421;0.0577;0.3877;0.381;0.0023;0.0178;-0.0107;0.0026;0.0092;0.0052;0;0;0.088;0;0.2507;0;0;0;0;0;0;0;0;0;0;0;0;0.0074;0.0005;0.3466;0.3466;0;17.285;17.285;4.2852;0.0407;323.04;1072.9;1;0.0079;0.0079;0;0;0;0;0;0;0.3387;0.2507;0;17.029;19.719;12.319;14.265;97.733;97.733;3.0986;2.7698;2.0038;0.3288;0.7661;0.1061;0.2472;0.6467;97.403;0.5605;0
13/11/21 17:00;12.702;103.33;57.774;13.042;20.14;90;20.14;55.908;55.198;0.7103;13.1;5.76;0;1.7227;53.387;0.3095;0;0.2906;55.709;0;55.709;1.7227;0.3095;53.387;0.2906;0.0309;0.9635;0;0.0052;54.209;1.4999;0;0;1.2556;0.2443;52.291;1.8641;0.0497;0.0089;1.7953;0.0102;54.155;0.0542;0.0017;0.0003;0.0521;0;52.362;1.6713;0.3002;50.284;0.036;33.195;27.718;8.5192;0.1954;0.3267;4.6987;0.071;4.83;0;1;0;0;0.9964;0.9731;1;1;0.9765;0.1592;0.9656;0.9711;1;0.9655;0.7789;0.999;0.999;1;0.999;0.999;0.9386;0.9419;0.1239;0.1673;0.1676;0.001;0.0141;-0.006;0.0011;0.0039;0.0009;0;0;0.088;0;0.0552;0;0;0;0;0;0;0;0;0;0;0;0;0.0032;0.0002;0.1492;0.1492;0;15.241;15.241;2.1411;0.0409;141.65;1053.5;1;0.006;0.006;0;0;0;0;0;0;0.1432;0.0552;0;16.993;19.677;6.2853;7.2783;95.958;95.958;1.337;1.1926;0.4411;0.1444;0.7515;0.108;0.5621;0.3299;33.191;0.3103;0
13/11/21 18:00;3.4926;109.72;81.504;3.7096;5.3183;90;5.3183;4.1999;4.1972;0.0027;12.6;4.49;0;0.0067;4.188;0.0003;0;0.0015;4.1965;4.1965;0;0.0067;0;0;0;1;1;1;1;0;0;0;0;0;0;0;0;0;0;0;0;0;0;0;0;0;0;0;0;0;0;0;0;0;0;0;0;0;0;0;0;0;0;0;0;1;1;1;1;1;1;1;1;1;1;1;0;1;0;0;1;0;0;0;0;0;0;0;0;0;0;0;0.0004;0.088;0;-0.0884;0;0;0;0;0;0;0;0;0;0;0;0;0;0;0;0;0;0;0;-12.6;0;0;0;0;0.0004;0;0;0;0;0;0;0;-0.0004;-0.0884;0;0;0;0;0;0;0;0;0;-0.7063;0;0.7063;1;1;0;0;0;0
13/11/21 19:00;0;0;90;0;0;90;0;0;0;0;11.33;4.1599;0;0;0;0;0;0;0;0;0;0;0;0;0;1;1;1;1;0;0;0;0;0;0;0;0;0;0;0;0;0;0;0;0;0;0;0;0;0;0;0;0;0;0;0;0;0;0;0;0;0;0;0;1;1;1;1;1;1;1;1;1;1;1;1;1;1;1;1;1;1;1;0;0;0;0;0;0;0;0;0;0.0004;0.088;0;-0.0884;0;0;0;0;0;0;0;0;0;0;0;0;0;0;0;0;0;0;0;-11.33;0;0;0;0;0.0004;0;0;0;0;0;0;0;-0.0004;-0.0884;0;0;0;0;0;0;0;0;0;-0.7063;0;0.7063;1;1;0;0;0;0
13/11/21 20:00;0;0;90;0;0;90;0;0;0;0;10.69;3.96;0;0;0;0;0;0;0;0;0;0;0;0;0;1;1;1;1;0;0;0;0;0;0;0;0;0;0;0;0;0;0;0;0;0;0;0;0;0;0;0;0;0;0;0;0;0;0;0;0;0;0;0;1;1;1;1;1;1;1;1;1;1;1;1;1;1;1;1;1;1;1;0;0;0;0;0;0;0;0;0;0.0004;0.088;0;-0.0884;0;0;0;0;0;0;0;0;0;0;0;0;0;0;0;0;0;0;0;-10.69;0;0;0;0;0.0004;0;0;0;0;0;0;0;-0.0004;-0.0884;0;0;0;0;0;0;0;0;0;-0.7063;0;0.7063;1;1;0;0;0;0
13/11/21 21:00;0;0;90;0;0;90;0;0;0;0;10.6;3.7;0;0;0;0;0;0;0;0;0;0;0;0;0;1;1;1;1;0;0;0;0;0;0;0;0;0;0;0;0;0;0;0;0;0;0;0;0;0;0;0;0;0;0;0;0;0;0;0;0;0;0;0;1;1;1;1;1;1;1;1;1;1;1;1;1;1;1;1;1;1;1;0;0;0;0;0;0;0;0;0;0.0004;0.088;0;-0.0884;0;0;0;0;0;0;0;0;0;0;0;0;0;0;0;0;0;0;0;-10.6;0;0;0;0;0.0004;0;0;0;0;0;0;0;-0.0004;-0.0884;0;0;0;0;0;0;0;0;0;-0.7063;0;0.7063;1;1;0;0;0;0
13/11/21 22:00;0;0;90;0;0;90;0;0;0;0;9.0999;3.54;0;0;0;0;0;0;0;0;0;0;0;0;0;1;1;1;1;0;0;0;0;0;0;0;0;0;0;0;0;0;0;0;0;0;0;0;0;0;0;0;0;0;0;0;0;0;0;0;0;0;0;0;1;1;1;1;1;1;1;1;1;1;1;1;1;1;1;1;1;1;1;0;0;0;0;0;0;0;0;0;0.0004;0.088;0;-0.0884;0;0;0;0;0;0;0;0;0;0;0;0;0;0;0;0;0;0;0;-9.0999;0;0;0;0;0.0004;0;0;0;0;0;0;0;-0.0004;-0.0884;0;0;0;0;0;0;0;0;0;-0.7063;0;0.7063;1;1;0;0;0;0
13/11/21 23:00;0;0;90;0;0;90;0;0;0;0;9.0999;3.64;0;0;0;0;0;0;0;0;0;0;0;0;0;1;1;1;1;0;0;0;0;0;0;0;0;0;0;0;0;0;0;0;0;0;0;0;0;0;0;0;0;0;0;0;0;0;0;0;0;0;0;0;1;1;1;1;1;1;1;1;1;1;1;1;1;1;1;1;1;1;1;0;0;0;0;0;0;0;0;0;0.0004;0.088;0;-0.0884;0;0;0;0;0;0;0;0;0;0;0;0;0;0;0;0;0;0;0;-9.0999;0;0;0;0;0.0004;0;0;0;0;0;0;0;-0.0004;-0.0884;0;0;0;0;0;0;0;0;0;-0.7063;0;0.7063;1;1;0;0;0;0
14/11/21 00:00;0;0;90;0;0;90;0;0;0;0;9.5001;3.31;0;0;0;0;0;0;0;0;0;0;0;0;0;1;1;1;1;0;0;0;0;0;0;0;0;0;0;0;0;0;0;0;0;0;0;0;0;0;0;0;0;0;0;0;0;0;0;0;0;0;0;0;1;1;1;1;1;1;1;1;1;1;1;1;1;1;1;1;1;1;1;0;0;0;0;0;0;0;0;0;0.0004;0.088;0;-0.0884;0;0;0;0;0;0;0;0;0;0;0;0;0;0;0;0;0;0;0;-9.5001;0;0;0;0;0.0004;0;0;0;0;0;0;0;-0.0004;-0.0884;0;0;0;0;0;0;0;0;0;-0.7063;0;0.7063;1;1;0;0;0;0
14/11/21 01:00;0;0;90;0;0;90;0;0;0;0;9.3;2.82;0;0;0;0;0;0;0;0;0;0;0;0;0;1;1;1;1;0;0;0;0;0;0;0;0;0;0;0;0;0;0;0;0;0;0;0;0;0;0;0;0;0;0;0;0;0;0;0;0;0;0;0;1;1;1;1;1;1;1;1;1;1;1;1;1;1;1;1;1;1;1;0;0;0;0;0;0;0;0;0;0.0004;0.088;0;-0.0884;0;0;0;0;0;0;0;0;0;0;0;0;0;0;0;0;0;0;0;-9.3;0;0;0;0;0.0004;0;0;0;0;0;0;0;-0.0004;-0.0884;0;0;0;0;0;0;0;0;0;-0.7063;0;0.7063;1;1;0;0;0;0
14/11/21 02:00;0;0;90;0;0;90;0;0;0;0;9.3;2.4699;0;0;0;0;0;0;0;0;0;0;0;0;0;1;1;1;1;0;0;0;0;0;0;0;0;0;0;0;0;0;0;0;0;0;0;0;0;0;0;0;0;0;0;0;0;0;0;0;0;0;0;0;1;1;1;1;1;1;1;1;1;1;1;1;1;1;1;1;1;1;1;0;0;0;0;0;0;0;0;0;0.0004;0.088;0;-0.0884;0;0;0;0;0;0;0;0;0;0;0;0;0;0;0;0;0;0;0;-9.3;0;0;0;0;0.0004;0;0;0;0;0;0;0;-0.0004;-0.0884;0;0;0;0;0;0;0;0;0;-0.7063;0;0.7063;1;1;0;0;0;0
14/11/21 03:00;0;0;90;0;0;90;0;0;0;0;8.9098;2.33;0;0;0;0;0;0;0;0;0;0;0;0;0;1;1;1;1;0;0;0;0;0;0;0;0;0;0;0;0;0;0;0;0;0;0;0;0;0;0;0;0;0;0;0;0;0;0;0;0;0;0;0;1;1;1;1;1;1;1;1;1;1;1;1;1;1;1;1;1;1;1;0;0;0;0;0;0;0;0;0;0.0004;0.088;0;-0.0884;0;0;0;0;0;0;0;0;0;0;0;0;0;0;0;0;0;0;0;-8.9098;0;0;0;0;0.0004;0;0;0;0;0;0;0;-0.0004;-0.0884;0;0;0;0;0;0;0;0;0;-0.7063;0;0.7063;1;1;0;0;0;0
14/11/21 04:00;1.0755;-111.83;87.391;1.1586;1.6522;-90;-1.6522;0;0;0;8.3102;2.49;0;0;0;0;0;0;0;0;0;0;0;0;0;1;1;1;1;0;0;0;0;0;0;0;0;0;0;0;0;0;0;0;0;0;0;0;0;0;0;0;0;0;0;0;0;0;0;0;0;0;0;0;1;1;1;1;1;1;1;1;1;1;1;1;1;1;1;1;1;1;1;0;0;0;0;0;0;0;0;0;0.0004;0.088;0;-0.0884;0;0;0;0;0;0;0;0;0;0;0;0;0;0;0;0;0;0;0;-8.3102;0;0;0;0;0.0004;0;0;0;0;0;0;0;-0.0004;-0.0884;0;0;0;0;0;0;0;0;0;-0.7063;0;0.7063;1;1;0;0;0;0
14/11/21 05:00;8.0198;-106.84;70.223;8.374;12.309;-90;-12.309;111.99;18.499;93.493;7.92;3.62;0;226.75;9.5209;21.506;0;0.2188;257.99;0;257.99;226.75;21.506;9.5209;0.2188;0.8789;0.0378;0;0.0008;257.71;0.2801;0;0;0.0977;0.1824;229.57;27.887;25.125;2.383;0.3711;0.0082;257.45;0.2577;0.2267;0.0215;0.0094;0;229.57;201.4;19.101;9.0427;0.0282;6.2445;5.2142;1.4373;0.0061;0.0702;1.0098;0.0045;1.0739;0;1;0;0;2.3037;0.9989;1;1;0.9897;0.1665;0.8917;0.8891;1;0.9606;0.7752;0.999;0.999;1;0.999;0.999;0.8898;0.9498;0.129;0.7748;0.6936;0.0042;0.017;-0.0193;0.0048;0.0172;0.0002;0;0;0.088;0;0.5545;0;0;0;0;0;0;0;0;0;0;0;0;0.0138;0.0013;0.6543;0.6543;0;17.199;17.199;9.2788;0.0404;593.67;1102.1;1;0.0118;0.0118;0;0;0;0;0;0;0.6425;0.5545;0;16.088;18.629;13.635;15.789;98.203;98.203;6.1918;5.229;4.4317;0.9628;0.7973;0.1555;0.1288;0.7157;5.743;0.7136;0
14/11/21 06:00;19.972;-98.854;34.069;20.193;36.65;-90;-36.65;328.81;54.3;274.51;10.43;5.0801;0;665.76;20.802;75.708;0;5.5254;767.79;0;767.79;665.76;75.708;20.802;5.5254;0.8671;0.0343;0;0.0072;761.52;6.2662;0;0;1.2679;4.9983;757.54;3.2256;2.2718;0.2583;0.6297;0.0657;760.76;0.7615;0.6658;0.0757;0.0195;0.0005;757.71;662.82;75.374;18.885;0.4609;15.908;13.283;4.087;0.629;0.1911;2.7482;0.1704;2.3103;0;1;0;0;2.3351;0.9918;1;1;0.939;0.0954;0.9958;0.9966;1;0.9677;0.8752;0.999;0.999;1;0.999;0.999;0.9866;0.9078;0.0834;2.3057;2.2879;0.0138;-0.0015;0.1317;0.015;0.0532;0.0005;0;0;0.088;0;1.899;0;0;0;0;0;0;0;0;0;0;0;0;0.0429;0.0116;2.0208;2.0208;0;41.484;41.484;31.054;0.041;1967.2;1027.2;1;0.0338;0.0338;0;0;0;0;0;0;1.987;1.899;0;16.696;19.333;15.69;18.169;98.33;98.33;18.427;16.15;15.177;2.2771;0.9731;0.1236;0.0528;0.8236;14.41;0.8214;0
14/11/21 07:00;32.186;-90.69;0.5841;32.188;57.812;-90;-57.812;551.21;90.899;460.31;11.97;7.12;0;864.12;26.6;105.48;0;21.895;1018.1;0;1018.1;864.12;105.48;26.6;21.895;0.8488;0.0476;0;0.0215;994.41;23.683;0;0;3.1723;20.51;992.51;0.907;0.0174;0.0021;0.8133;0.0742;993.42;0.9944;0.8641;0.1055;0.0234;0.0014;996.3;863.24;105.37;22.592;1.3088;141.25;117.95;36.644;3.9008;1.564;22.497;3.7882;20.16;0;1;0;0;1.847;0.9767;1;1;0.8807;0.0632;0.9991;1;1;0.9653;0.9464;0.999;0.999;1;0.999;0.999;0.9749;0.8493;0.0598;3.0573;3.0482;0.0184;0.0004;0.2988;0.0191;0.0678;0.004;0;0;0.088;0;2.4312;0;0;0;0;0;0;0;0;0;0;0;0;0.0546;0.0201;2.5649;2.5649;0;53.047;53.047;41.077;0.0414;2624.9;977.16;1;0.0457;0.0457;0;0;0;0;0;0;2.5192;2.4312;0;15.982;18.507;15.149;17.542;98.217;98.217;24.434;20.499;19.43;3.9353;1.0689;0.1611;0.0437;0.7952;22.582;0.7823;0
14/11/21 08:00;44.413;-81.351;6.1664;44.74;45.26;-90;-45.26;647.1;164.7;482.4;13.17;8.33;0;685.33;71.131;115.37;0;16.287;888.12;0;888.12;685.33;115.37;71.131;16.287;0.7717;0.0984;0;0.0183;867.06;21.065;0;0;5.9478;15.118;863.83;2.3628;0.1458;0.0245;2.124;0.0684;866.19;0.8671;0.6853;0.1154;0.0652;0.0012;867.96;684.5;115.23;62.994;1.0999;288.15;240.6;76.62;4.4349;2.84;40.852;4.134;39.257;0;1;0;0;1.3725;0.9763;1;1;0.9164;0.0718;0.9973;0.9998;1;0.9674;0.9415;0.999;0.999;1;0.999;0.999;0.9726;0.8856;0.0675;2.667;2.7003;0.0163;-0.002;0.2247;0.0172;0.0611;0.0074;0;0;0.088;0;2.1825;0;0;0;0;0;0;0;0;0;0;0;0;0.0492;0.016;2.3104;2.3104;0;48.793;48.793;35.623;0.0412;2324.1;994.1;1;0.0399;0.0399;0;0;0;0;0;0;2.2705;2.1825;0;16.502;19.109;15.589;18.052;98.275;98.275;21.315;18.464;17.443;2.8505;1.0218;0.1337;0.0479;0.8183;53.066;0.7911;0
14/11/21 09:00;56.267;-68.873;11.546;58.082;31.918;-90;-31.918;519.6;383.7;135.9;12.74;8.95;0;160.11;313.23;52.841;0;6.6775;532.86;0;532.86;160.11;52.841;313.23;6.6775;0.3005;0.6004;0;0.0125;511.59;21.271;0;0;15.362;5.9083;501.22;9.8557;0.0638;0.0211;9.645;0.1259;511.08;0.5116;0.1601;0.0528;0.2979;0.0008;503.18;159.89;52.767;287.93;0.6426;302.65;252.71;81.684;5.8774;2.9836;42.918;1.9622;40.024;0;1;0;0;1.0255;0.9601;1;1;0.951;0.1152;0.9807;0.9996;1;0.9676;0.8362;0.999;0.999;1;0.999;0.999;0.9406;0.9192;0.0962;1.6002;1.606;0.0097;0.0049;0.0461;0.0108;0.0384;0.0083;0;0;0.088;0;1.3398;0;0;0;0;0;0;0;0;0;0;0;0;0.0309;0.006;1.451;1.451;0;33.172;33.172;20.432;0.0408;1377.9;1053.1;1;0.0233;0.0233;0;0;0;0;0;0;1.4278;1.3398;0;17.274;20.003;15.95;18.469;98.397;98.397;12.789;11.597;10.707;1.192;0.8892;0.0932;0.0695;0.8373;209.27;0.7896;0
14/11/21 10:00;66.797;-48.374;15.172;72.233;17.767;-90;-17.767;374.11;356;18.108;13.54;9.34;0;19.015;342.61;5.2683;0;1.5166;368.41;0;368.41;19.015;5.2683;342.61;1.5166;0.0516;0.9341;0;0.0041;360.62;7.7891;0;0;6.5216;1.2676;348.14;12.12;0.01;0.0028;12.052;0.0554;360.26;0.3606;0.019;0.0053;0.3361;0.0002;348.5;18.986;5.2602;323.7;0.1934;223.92;186.97;57.329;0.807;2.1792;31.346;0.3537;32.718;0;1;0;0;0.9848;0.9789;1;1;0.981;0.1642;0.9664;0.9995;1;0.9641;0.7774;0.999;0.999;1;0.999;0.999;0.945;0.9448;0.1275;1.1063;1.1157;0.0067;0.0118;0.0107;0.0076;0.027;0.0061;0;0;0.088;0;0.9163;0;0;0;0;0;0;0;0;0;0;0;0;0.0217;0.0031;1.0211;1.0211;0;27.695;27.695;14.155;0.0407;954.54;1069.7;1;0.0168;0.0168;0;0;0;0;0;0;1.0043;0.9163;0;17.581;20.359;15.777;18.269;98.356;98.356;8.8419;8.1602;7.3228;0.6817;0.8374;0.0771;0.0947;0.8282;210.75;0.7786;0
14/11/21 11:00;73.001;-10.034;16.731;86.951;3.049;-90;-3.049;321.79;314.1;7.6953;14.61;9.68;0;7.7062;312.07;1.8105;0;0.0387;321.62;0;321.62;7.7062;1.8105;312.07;0.0387;0.024;0.9704;0;0.0001;321.25;0.3787;0;0;0.3463;0.0324;307.06;13.862;0.0044;0.001;13.855;0.0014;320.92;0.3212;0.0077;0.0018;0.3117;0;307.06;7.694;1.8076;297.56;0.0049;190.55;159.11;47.851;-0.0017;1.8704;26.905;-0.003;28.778;0;1;0;0;0.9995;0.9988;1;1;0.9989;0.1629;0.9568;0.9994;1;0.9555;0.7775;0.999;0.999;1;0.999;0.999;0.9547;0.9535;0.1265;0.9658;0.9816;0.0059;0.0137;0.0073;0.0067;0.0237;0.0052;0;0;0.088;0;0.7946;0;0;0;0;0;0;0;0;0;0;0;0;0.0191;0.0025;0.8975;0.8975;0;27.099;27.099;12.488;0.0407;839.02;1069.7;1;0.0149;0.0149;0;0;0;0;0;0;0.8826;0.7946;0;17.702;20.499;15.672;18.148;98.339;98.339;7.719;7.1728;6.3504;0.5462;0.8224;0.0708;0.1065;0.8227;184.95;0.7742;0
14/11/21 12:00;70.166;35.307;16.074;78.224;11.776;90;11.776;621.4;448.9;172.5;13.5;10;0;176.2;385.92;60.147;0;1.1116;623.38;0;623.38;176.2;60.147;385.92;1.1116;0.2827;0.6209;0;0.0018;618.76;4.6126;0;0;3.6845;0.9281;602.79;15.354;0.0977;0.0334;15.182;0.0413;618.15;0.6188;0.1762;0.0601;0.3822;0.0002;603;175.93;60.053;366.67;0.142;366.82;306.3;94.632;0.2077;3.451;49.641;0.2128;52.885;0;1;0;0;1.0032;0.9926;1;1;0.9905;0.1651;0.9752;0.9994;1;0.9602;0.7746;0.999;0.999;1;0.999;0.999;0.967;0.9501;0.1278;1.872;1.9208;0.0116;0.0012;0.0885;0.0127;0.0452;0.0094;0;0;0.088;0;1.5916;0;0;0;0;0;0;0;0;0;0;0;0;0.0364;0.0084;1.7075;1.7075;0;38.156;38.156;24.656;0.0409;1648.7;1035.7;1;0.0279;0.0279;0;0;0;0;0;0;1.6796;1.5916;0;17.376;20.121;16.197;18.755;98.366;98.366;14.961;13.646;12.72;1.3146;0.9262;0.0879;0.0619;0.8502;232.42;0.8024;0
14/11/21 13:00;60.843;61.901;13.266;63.797;26.203;90;26.203;878.1;208.5;669.6;14.92;10.12;0;746.29;89.308;127.45;0;7.6703;970.72;0;970.72;746.29;127.45;89.308;7.6703;0.7688;0.0999;0;0.0079;960.9;9.8239;0;0;3.2037;6.6202;956.49;3.4538;0.3416;0.0583;2.8454;0.2084;959.94;0.9609;0.7463;0.1275;0.0861;0.0011;958.45;745.21;127.27;83.172;0.8406;482.88;403.2;128.96;0.8452;4.2946;61.776;1.9631;65.226;0;1;0;0;1.1055;0.9899;1;1;0.9641;0.1369;0.9964;0.9995;1;0.9669;0.8013;0.999;0.999;1;0.999;0.999;0.9853;0.9313;0.1096;2.9151;3.017;0.0182;0;0.3121;0.0188;0.0667;0.011;0;0;0.088;0;2.3844;0;0;0;0;0;0;0;0;0;0;0;0;0.0537;0.0197;2.5168;2.5168;0;54.554;54.554;39.634;0.0414;2594.7;969.97;1;0.0444;0.0444;0;0;0;0;0;0;2.4724;2.3844;0;16.447;19.045;15.582;18.044;98.237;98.237;23.297;20.114;19.056;3.1833;1.0579;0.1366;0.0454;0.818;57.422;0.7808;0
14/11/21 14:00;49.353;76.789;8.5614;50.111;39.889;90;39.889;26.704;26.701;0.0028;14.39;10.08;0;0.0037;23.594;0.0001;0;0.5282;24.126;0;24.126;0.0037;0.0001;23.594;0.5282;0.0002;0.9998;0;0.0219;21.998;2.1281;0;0;1.6425;0.4856;21.262;0.7136;0;0;0.7097;0.004;21.976;0.022;0;0;0.022;0;21.446;0.0037;0.0001;21.22;0.0386;16.792;14.022;4.6564;0.952;0.1982;2.8505;0.1832;2.0966;0;1;0;0;0.9035;0.9118;1;1;0.9304;0.0808;0.9675;0.9997;1;0.9676;0.9068;0.999;0.999;1;0.999;0.999;0.8813;0.8994;0.0731;0.0725;0.0706;0.0004;0.0094;-0.0025;0.0004;0.0016;0.0005;0;0;0.088;0;-0.032;0;0;0;0;0;0;0;0;0;0;0;0;0.0013;0.0001;0.0594;0.0594;0;15.272;15.272;0.8815;0.0415;58.572;1014.3;1;0.0034;0.0034;0;0;0;0;0;0;0.056;-0.032;0;15.62;18.088;-8.425;-9.756;94.194;94.194;0.579;0.4748;-0.2561;0.1042;0.7309;0.18;1.2622;0;16.791;0;0
14/11/21 15:00;37.216;87.079;2.3255;37.252;52.748;90;52.748;660.31;128.2;532.11;11.82;9.29;0;879.05;38.146;133.28;0;22.152;1072.6;0;1072.6;879.05;133.28;38.146;22.152;0.8195;0.0562;0;0.0207;1047.9;24.778;0;0;3.9913;20.787;1045.5;1.284;0.0705;0.0107;1.1472;0.0555;1046.8;1.0479;0.879;0.1333;0.0342;0.0014;1050.1;878.1;133.14;32.973;1.308;228.06;190.43;58.787;4.0487;2.4033;34.571;4.5983;32.925;0;1;0;0;1.6244;0.9769;1;1;0.8954;0.0616;0.9988;0.9999;1;0.9664;0.9593;0.999;0.999;1;0.999;0.999;0.9747;0.8644;0.059;3.2211;3.2357;0.0195;0.0029;0.341;0.0201;0.0713;0.0061;0;0;0.088;0;2.5582;0;0;0;0;0;0;0;0;0;0;0;0;0.0574;0.0225;2.6948;2.6948;0;55.171;55.171;43.351;0.0415;2783.6;968.12;1;0.0487;0.0487;0;0;0;0;0;0;2.6462;2.5582;0;15.938;18.455;15.129;17.519;98.193;98.193;25.743;21.537;20.445;4.2058;1.0924;0.1634;0.0424;0.7942;30.632;0.7755;0
14/11/21 16:00;24.963;95.572;7.0552;25.067;60;90;60;421.4;138.5;282.9;13.71;8.3799;0;665.25;54.069;156.16;0;17.91;893.39;0;893.39;665.25;156.16;54.069;17.91;0.7446;0.0806;0;0.02;869.77;23.618;0;0;6.8188;16.799;866.95;1.9448;0.162;0.038;1.6693;0.0756;868.9;0.8698;0.6652;0.1562;0.0472;0.0011;868.64;664.42;155.97;45.533;1.0338;59.356;49.562;17.955;9.0438;0.9723;13.986;1.682;5.9149;0;1;0;0;2.12;0.9736;1;1;0.8739;0.062;0.9978;0.9998;1;0.9646;0.9319;0.999;0.999;1;0.999;0.999;0.9704;0.8421;0.0577;2.6828;2.6457;0.0159;-0.0021;0.2268;0.0168;0.0597;0.0025;0;0;0.088;0;2.1359;0;0;0;0;0;0;0;0;0;0;0;0;0.0481;0.0154;2.2625;2.2625;0;49.483;49.483;35.773;0.0413;2279.7;992.49;1;0.0386;0.0386;0;0;0;0;0;0;2.2239;2.1359;0;16.066;18.604;15.166;17.562;98.293;98.293;21.441;18.082;17.07;3.359;1.012;0.1567;0.0472;0.7961;47.07;0.7869;0
14/11/21 17:00;12.876;103.54;57.287;13.231;20.486;90;20.486;182.61;123;59.608;8.4199;7.2;0;144.57;96.321;57.08;0;0.9816;298.95;0;298.95;144.57;57.08;96.321;0.9816;0.4836;0.3255;0;0.0033;295.79;3.1545;0;0;2.3281;0.8264;286.75;8.7513;3.9357;1.554;3.2275;0.0341;295.5;0.2958;0.1446;0.0571;0.094;0.0002;286.88;140.49;55.469;90.671;0.1209;60.393;50.429;15.574;0.3755;0.5908;8.498;0.1339;8.7132;0;1;0;0;1.6371;0.9894;1;1;0.9758;0.1581;0.9704;0.9727;1;0.9656;0.7799;0.999;0.999;1;0.999;0.999;0.9592;0.9413;0.1231;0.8977;0.882;0.0053;0.015;-0.0156;0.0061;0.0218;0.0017;0;0;0.088;0;0.7259;0;0;0;0;0;0;0;0;0;0;0;0;0.0175;0.002;0.8281;0.8281;0;20.018;20.018;11.598;0.0404;754.69;1097.2;1;0.0142;0.0142;0;0;0;0;0;0;0.8139;0.7259;0;17.571;20.347;15.403;17.836;98.285;98.285;7.1748;6.6179;5.8011;0.5569;0.8168;0.0776;0.1138;0.8085;59.986;0.7917;0
14/11/21 18:00;3.4837;110.05;81.525;3.7079;5.3158;90;5.3158;12.893;12.698;0.1944;9.29;5.5899;0;0.4714;12.642;0.0705;0;0.0047;13.189;0;13.189;0.4714;0.0705;12.642;0.0047;0.0357;0.9589;0;0.0004;13.152;0.0368;0;0;0.0328;0.0039;12.386;0.7532;0.1787;0.0267;0.5477;0.0002;13.139;0.0132;0.0005;0.0001;0.0126;0;12.386;0.2923;0.0437;12.049;0.0006;7.5121;6.2726;1.8852;0.0002;0.0738;1.0621;0.0003;1.1358;0;1;0;0;1.023;0.9972;1;1;0.9974;0.1636;0.9427;0.6206;1;0.9565;0.7762;0.999;0.999;1;0.999;0.999;0.9391;0.9531;0.1269;0.0396;0.0395;0.0002;0.007;-0.0021;0.0002;0.0009;0.0002;0;0;0.088;0;-0.0583;0;0;0;0;0;0;0;0;0;0;0;0;0.0007;0;0.0325;0.0325;0;9.8062;9.8062;0.5161;0.0417;32.063;1013.1;1;0.0028;0.0028;0;0;0;0;0;0;0.0297;-0.0583;0;15.625;18.093;-28.033;-32.462;91.482;91.482;0.3165;0.2596;-0.4658;0.0569;0.7254;0.1798;2.2918;0;7.511;0;0
14/11/21 19:00;0;0;90;0;0;90;0;0;0;0;9.4303;4.6901;0;0;0;0;0;0;0;0;0;0;0;0;0;1;1;1;1;0;0;0;0;0;0;0;0;0;0;0;0;0;0;0;0;0;0;0;0;0;0;0;0;0;0;0;0;0;0;0;0;0;0;0;1;1;1;1;1;1;1;1;1;1;1;1;1;1;1;1;1;1;1;0;0;0;0;0;0;0;0;0;0.0004;0.088;0;-0.0884;0;0;0;0;0;0;0;0;0;0;0;0;0;0;0;0;0;0;0;-9.4303;0;0;0;0;0.0004;0;0;0;0;0;0;0;-0.0004;-0.0884;0;0;0;0;0;0;0;0;0;-0.7063;0;0.7063;1;1;0;0;0;0
14/11/21 20:00;0;0;90;0;0;90;0;0;0;0;10.3;5.07;0;0;0;0;0;0;0;0;0;0;0;0;0;1;1;1;1;0;0;0;0;0;0;0;0;0;0;0;0;0;0;0;0;0;0;0;0;0;0;0;0;0;0;0;0;0;0;0;0;0;0;0;1;1;1;1;1;1;1;1;1;1;1;1;1;1;1;1;1;1;1;0;0;0;0;0;0;0;0;0;0.0004;0.088;0;-0.0884;0;0;0;0;0;0;0;0;0;0;0;0;0;0;0;0;0;0;0;-10.3;0;0;0;0;0.0004;0;0;0;0;0;0;0;-0.0004;-0.0884;0;0;0;0;0;0;0;0;0;-0.7063;0;0.7063;1;1;0;0;0;0
14/11/21 21:00;0;0;90;0;0;90;0;0;0;0;9.5101;5.71;0;0;0;0;0;0;0;0;0;0;0;0;0;1;1;1;1;0;0;0;0;0;0;0;0;0;0;0;0;0;0;0;0;0;0;0;0;0;0;0;0;0;0;0;0;0;0;0;0;0;0;0;1;1;1;1;1;1;1;1;1;1;1;1;1;1;1;1;1;1;1;0;0;0;0;0;0;0;0;0;0.0004;0.088;0;-0.0884;0;0;0;0;0;0;0;0;0;0;0;0;0;0;0;0;0;0;0;-9.5101;0;0;0;0;0.0004;0;0;0;0;0;0;0;-0.0004;-0.0884;0;0;0;0;0;0;0;0;0;-0.7063;0;0.7063;1;1;0;0;0;0
14/11/21 22:00;0;0;90;0;0;90;0;0;0;0;8.6997;6.2199;0;0;0;0;0;0;0;0;0;0;0;0;0;1;1;1;1;0;0;0;0;0;0;0;0;0;0;0;0;0;0;0;0;0;0;0;0;0;0;0;0;0;0;0;0;0;0;0;0;0;0;0;1;1;1;1;1;1;1;1;1;1;1;1;1;1;1;1;1;1;1;0;0;0;0;0;0;0;0;0;0.0004;0.088;0;-0.0884;0;0;0;0;0;0;0;0;0;0;0;0;0;0;0;0;0;0;0;-8.6997;0;0;0;0;0.0004;0;0;0;0;0;0;0;-0.0004;-0.0884;0;0;0;0;0;0;0;0;0;-0.7063;0;0.7063;1;1;0;0;0;0
14/11/21 23:00;0;0;90;0;0;90;0;0;0;0;8.9198;6.8;0;0;0;0;0;0;0;0;0;0;0;0;0;1;1;1;1;0;0;0;0;0;0;0;0;0;0;0;0;0;0;0;0;0;0;0;0;0;0;0;0;0;0;0;0;0;0;0;0;0;0;0;1;1;1;1;1;1;1;1;1;1;1;1;1;1;1;1;1;1;1;0;0;0;0;0;0;0;0;0;0.0004;0.088;0;-0.0884;0;0;0;0;0;0;0;0;0;0;0;0;0;0;0;0;0;0;0;-8.9198;0;0;0;0;0.0004;0;0;0;0;0;0;0;-0.0004;-0.0884;0;0;0;0;0;0;0;0;0;-0.7063;0;0.7063;1;1;0;0;0;0
15/11/21 00:00;0;0;90;0;0;90;0;0;0;0;8.5003;6.33;0;0;0;0;0;0;0;0;0;0;0;0;0;1;1;1;1;0;0;0;0;0;0;0;0;0;0;0;0;0;0;0;0;0;0;0;0;0;0;0;0;0;0;0;0;0;0;0;0;0;0;0;1;1;1;1;1;1;1;1;1;1;1;1;1;1;1;1;1;1;1;0;0;0;0;0;0;0;0;0;0.0004;0.088;0;-0.0884;0;0;0;0;0;0;0;0;0;0;0;0;0;0;0;0;0;0;0;-8.5003;0;0;0;0;0.0004;0;0;0;0;0;0;0;-0.0004;-0.0884;0;0;0;0;0;0;0;0;0;-0.7063;0;0.7063;1;1;0;0;0;0
15/11/21 01:00;0;0;90;0;0;90;0;0;0;0;8.6;5.31;0;0;0;0;0;0;0;0;0;0;0;0;0;1;1;1;1;0;0;0;0;0;0;0;0;0;0;0;0;0;0;0;0;0;0;0;0;0;0;0;0;0;0;0;0;0;0;0;0;0;0;0;1;1;1;1;1;1;1;1;1;1;1;1;1;1;1;1;1;1;1;0;0;0;0;0;0;0;0;0;0.0004;0.088;0;-0.0884;0;0;0;0;0;0;0;0;0;0;0;0;0;0;0;0;0;0;0;-8.6;0;0;0;0;0.0004;0;0;0;0;0;0;0;-0.0004;-0.0884;0;0;0;0;0;0;0;0;0;-0.7063;0;0.7063;1;1;0;0;0;0
15/11/21 02:00;0;0;90;0;0;90;0;0;0;0;7.9499;4.9201;0;0;0;0;0;0;0;0;0;0;0;0;0;1;1;1;1;0;0;0;0;0;0;0;0;0;0;0;0;0;0;0;0;0;0;0;0;0;0;0;0;0;0;0;0;0;0;0;0;0;0;0;1;1;1;1;1;1;1;1;1;1;1;1;1;1;1;1;1;1;1;0;0;0;0;0;0;0;0;0;0.0004;0.088;0;-0.0884;0;0;0;0;0;0;0;0;0;0;0;0;0;0;0;0;0;0;0;-7.9499;0;0;0;0;0.0004;0;0;0;0;0;0;0;-0.0004;-0.0884;0;0;0;0;0;0;0;0;0;-0.7063;0;0.7063;1;1;0;0;0;0
15/11/21 03:00;0;0;90;0;0;90;0;0;0;0;7.45;4.8401;0;0;0;0;0;0;0;0;0;0;0;0;0;1;1;1;1;0;0;0;0;0;0;0;0;0;0;0;0;0;0;0;0;0;0;0;0;0;0;0;0;0;0;0;0;0;0;0;0;0;0;0;1;1;1;1;1;1;1;1;1;1;1;1;1;1;1;1;1;1;1;0;0;0;0;0;0;0;0;0;0.0004;0.088;0;-0.0884;0;0;0;0;0;0;0;0;0;0;0;0;0;0;0;0;0;0;0;-7.45;0;0;0;0;0.0004;0;0;0;0;0;0;0;-0.0004;-0.0884;0;0;0;0;0;0;0;0;0;-0.7063;0;0.7063;1;1;0;0;0;0
15/11/21 04:00;1.196;-112.06;87.098;1.2904;1.8404;-90;-1.8404;0;0;0;7.3403;5.12;0;0;0;0;0;0;0;0;0;0;0;0;0;1;1;1;1;0;0;0;0;0;0;0;0;0;0;0;0;0;0;0;0;0;0;0;0;0;0;0;0;0;0;0;0;0;0;0;0;0;0;0;1;1;1;1;1;1;1;1;1;1;1;1;1;1;1;1;1;1;1;0;0;0;0;0;0;0;0;0;0.0004;0.088;0;-0.0884;0;0;0;0;0;0;0;0;0;0;0;0;0;0;0;0;0;0;0;-7.3403;0;0;0;0;0.0004;0;0;0;0;0;0;0;-0.0004;-0.0884;0;0;0;0;0;0;0;0;0;-0.7063;0;0.7063;1;1;0;0;0;0
15/11/21 05:00;8.1303;-107.07;69.941;8.4998;12.506;-90;-12.506;106.5;18;88.502;7.44;6.2199;0;214.64;9.828;19.534;0;0.2148;244.22;0;244.22;214.64;19.534;9.828;0.2148;0.8789;0.0411;0;0.0009;243.94;0.2826;0;0;0.1036;0.179;218.11;25.582;23.091;2.1014;0.3817;0.008;243.69;0.2439;0.2146;0.0195;0.0097;0;218.12;191.34;17.413;9.333;0.0277;6.4048;5.348;1.6895;0.0066;0.058;0.8347;0.0039;0.8861;0;1;0;0;2.2931;0.9988;1;1;0.9895;0.1665;0.895;0.8923;1;0.9607;0.7753;0.999;0.999;1;0.999;0.999;0.8931;0.9496;0.129;0.7334;0.6587;0.004;0.0173;-0.0205;0.0046;0.0163;0.0002;0;0;0.088;0;0.5232;0;0;0;0;0;0;0;0;0;0;0;0;0.0132;0.0012;0.6225;0.6225;0;16.252;16.252;8.8123;0.0404;563.69;1104.3;1;0.0113;0.0113;0;0;0;0;0;0;0.6112;0.5232;0;16.169;18.724;13.589;15.736;98.181;98.181;5.8613;4.9749;4.1811;0.8864;0.7938;0.1512;0.1354;0.7133;5.9317;0.7115;0
15/11/21 06:00;20.07;-99.108;33.665;20.306;37.009;-90;-37.009;339.2;56.003;283.2;9.0301;7.4001;0;686.83;20.646;80.142;0;5.8085;793.43;0;793.43;686.83;80.142;20.646;5.8085;0.8657;0.0333;0;0.0073;786.89;6.5404;0;0;1.2777;5.2627;782.97;3.1266;2.1815;0.2545;0.6244;0.0662;786.1;0.7869;0.6868;0.0801;0.0194;0.0005;783.1;683.96;79.807;18.724;0.479;15.893;13.271;4.5502;0.6456;0.1616;2.3251;0.1316;1.8412;0;1;0;0;2.3391;0.9918;1;1;0.9381;0.094;0.996;0.9968;1;0.9677;0.8787;0.999;0.999;1;0.999;0.999;0.9868;0.9069;0.0825;2.3827;2.3635;0.0142;-0.0018;0.1328;0.0155;0.0551;0.0004;0;0;0.088;0;1.9674;0;0;0;0;0;0;0;0;0;0;0;0;0.0443;0.0124;2.0905;2.0905;0;41.116;41.116;32.086;0.041;2032.6;1028.5;1;0.0351;0.0351;0;0;0;0;0;0;2.0554;1.9674;0;16.714;19.355;15.73;18.215;98.32;98.32;19.042;16.707;15.723;2.3348;0.984;0.1226;0.0517;0.8257;14.344;0.8239;0
15/11/21 07:00;32.28;-90.975;0.824;32.283;57.717;-90;-57.717;359.01;223;136.01;9.9302;8.25;0;254.64;139.91;76.027;0;14.217;484.79;0;484.79;254.64;76.027;139.91;14.217;0.5253;0.3179;0;0.0293;454.83;29.963;0;0;16.645;13.318;450.04;4.3329;0.0072;0.0022;4.2758;0.0477;454.38;0.4548;0.2546;0.076;0.1233;0.0009;454.11;254.38;75.949;118.86;0.8499;159.58;133.25;45.908;20.371;2.5114;36.125;4.0703;18.266;0;1;0;0;1.3504;0.9382;1;1;0.881;0.0632;0.9905;1;1;0.9653;0.9468;0.999;0.999;1;0.999;0.999;0.9283;0.8496;0.0598;1.4558;1.4439;0.0087;0.0071;0.0163;0.0099;0.035;0.0071;0;0;0.088;0;1.2172;0;0;0;0;0;0;0;0;0;0;0;0;0.0282;0.0049;1.3267;1.3267;0;28.209;28.209;18.279;0.0406;1237.4;1072.2;1;0.0215;0.0215;0;0;0;0;0;0;1.3052;1.2172;0;17.36;20.102;15.927;18.444;98.381;98.381;11.635;10.603;9.7279;1.0322;0.8749;0.0887;0.0752;0.8361;118.64;0.7919;0
15/11/21 08:00;44.511;-81.686;5.9186;44.814;45.186;-90;-45.186;281.81;267.1;14.704;10.65;8.32;0;20.862;224.26;5.6834;0;7.071;257.88;0;257.88;20.862;5.6834;224.26;7.071;0.0809;0.8971;0;0.0274;232.61;25.271;0;0;18.708;6.5625;225.65;6.7322;0.0043;0.0012;6.6969;0.0299;232.38;0.2326;0.0209;0.0057;0.2056;0.0005;228.19;20.837;5.6765;198.65;0.4781;175.01;146.14;49.426;13.893;2.2651;32.582;2.548;20.954;0;1;0;0;0.9151;0.902;1;1;0.9166;0.0719;0.971;0.9998;1;0.9674;0.9411;0.999;0.999;1;0.999;0.999;0.875;0.8858;0.0676;0.7744;0.756;0.0046;0.0164;-0.014;0.0052;0.0186;0.0065;0;0;0.088;0;0.6019;0;0;0;0;0;0;0;0;0;0;0;0;0.015;0.0016;0.7022;0.7022;0;19.792;19.792;9.1414;0.0405;644.53;1089.5;1;0.0123;0.0123;0;0;0;0;0;0;0.6899;0.6019;0;17.274;20.003;14.807;17.146;98.247;98.247;6.1891;5.6121;4.8105;0.577;0.8017;0.0932;0.1295;0.7772;167.19;0.7101;0
15/11/21 09:00;56.385;-69.288;11.291;58.126;31.874;-90;-31.874;275.4;268.6;6.7999;11.53;8.2899;0;8.0072;246.9;1.8466;0;3.5297;260.28;0;260.28;8.0072;1.8466;246.9;3.5297;0.0308;0.9621;0;0.0136;245.08;15.205;0;0;12.083;3.1225;237.16;7.6746;0.0031;0.0007;7.604;0.0668;244.83;0.2451;0.008;0.0018;0.2348;0.0004;238.25;7.9961;1.844;226.98;0.3401;169.22;141.3;45.354;4.6103;1.7751;25.533;1.0964;22.698;0;1;0;0;0.9451;0.9416;1;1;0.9511;0.1154;0.9687;0.9996;1;0.9676;0.8359;0.999;0.999;1;0.999;0.999;0.9112;0.9193;0.0964;0.7816;0.7714;0.0046;0.0162;-0.0106;0.0053;0.0189;0.005;0;0;0.088;0;0.6146;0;0;0;0;0;0;0;0;0;0;0;0;0.0152;0.0016;0.715;0.715;0;21.145;21.145;9.6151;0.0405;658.49;1085.9;1;0.0124;0.0124;0;0;0;0;0;0;0.7026;0.6146;0;17.427;20.18;14.979;17.345;98.259;98.259;6.2468;5.7146;4.9118;0.5322;0.8028;0.0852;0.1285;0.7863;164.9;0.7325;0
15/11/21 10:00;66.965;-48.874;14.913;72.241;17.759;-90;-17.759;284.21;278.3;5.9115;12.34;8.5;0;6.2073;270.42;1.3422;0;1.1512;279.12;0;279.12;6.2073;1.3422;270.42;1.1512;0.0222;0.973;0;0.0041;273.01;6.106;0;0;5.1438;0.9622;263.18;9.5595;0.0032;0.0007;9.5136;0.042;272.74;0.273;0.0062;0.0013;0.2653;0.0002;263.45;6.1979;1.3402;255.5;0.1468;170.43;142.31;43.55;0.636;1.6656;23.959;0.2687;24.989;0;1;0;0;0.9821;0.9781;1;1;0.981;0.1642;0.965;0.9995;1;0.9641;0.7774;0.999;0.999;1;0.999;0.999;0.9429;0.9448;0.1275;0.8382;0.844;0.0051;0.0154;-0.0059;0.0058;0.0206;0.0047;0;0;0.088;0;0.6785;0;0;0;0;0;0;0;0;0;0;0;0;0.0166;0.0019;0.7799;0.7799;0;23.019;23.019;10.679;0.0406;720.92;1081.7;1;0.0133;0.0133;0;0;0;0;0;0;0.7665;0.6785;0;17.724;20.524;15.421;17.857;98.291;98.291;6.6989;6.2326;5.4228;0.4662;0.8098;0.0696;0.1209;0.8095;166.34;0.7606;0
15/11/21 11:00;73.247;-10.307;16.475;86.917;3.083;-90;-3.083;293.51;287.7;5.8109;13.51;8.7699;0;5.8193;286.24;1.2501;0;0.0361;293.35;0;293.35;5.8193;1.2501;286.24;0.0361;0.0198;0.9759;0;0.0001;292.99;0.353;0;0;0.3228;0.0302;279.99;12.71;0.0033;0.0007;12.704;0.0013;292.7;0.293;0.0058;0.0013;0.2859;0;279.99;5.8101;1.2482;272.93;0.0046;173.81;145.13;43.633;-0.0016;1.707;24.554;-0.0027;26.263;0;1;0;0;0.9995;0.9988;1;1;0.9989;0.1629;0.9566;0.9994;1;0.9555;0.7774;0.999;0.999;1;0.999;0.999;0.9545;0.9535;0.1265;0.8809;0.8951;0.0054;0.0148;-0.0004;0.0061;0.0217;0.0048;0;0;0.088;0;0.7211;0;0;0;0;0;0;0;0;0;0;0;0;0.0175;0.0021;0.823;0.823;0;24.883;24.883;11.373;0.0406;764.69;1076.3;1;0.0139;0.0139;0;0;0;0;0;0;0.8091;0.7211;0;17.797;20.609;15.594;18.058;98.315;98.315;7.0403;6.5774;5.7633;0.4629;0.8141;0.0658;0.1156;0.8186;169.65;0.7703;0
15/11/21 12:00;70.408;35.581;15.826;78.299;11.701;90;11.701;600.81;452.6;148.21;15.35;9.05;0;151.35;397.52;51.99;0;1.0612;601.92;0;601.92;151.35;51.99;397.52;1.0612;0.2515;0.6622;0;0.0018;597.28;4.6408;0;0;3.7548;0.886;580.87;15.809;0.0827;0.0284;15.658;0.0394;596.68;0.5973;0.1514;0.052;0.3938;0.0002;581.07;151.12;51.91;377.71;0.1356;355.04;296.46;91.37;0.2089;3.3552;48.263;0.2019;51.409;0;1;0;0;1.0019;0.9923;1;1;0.9906;0.1651;0.9735;0.9995;1;0.9602;0.7746;0.999;0.999;1;0.999;0.999;0.965;0.9502;0.1278;1.8076;1.8519;0.0111;0.0019;0.0918;0.0122;0.0434;0.0091;0;0;0.088;0;1.525;0;0;0;0;0;0;0;0;0;0;0;0;0.0349;0.0078;1.6395;1.6395;0;39.132;39.132;23.782;0.0409;1589.8;1031.3;1;0.0265;0.0265;0;0;0;0;0;0;1.613;1.525;0;17.279;20.009;16.072;18.611;98.383;98.383;14.446;13.103;12.188;1.3429;0.9151;0.093;0.0633;0.8437;239.36;0.7959;0
15/11/21 13:00;61.04;62.246;13.031;63.907;26.093;90;26.093;1006.6;166.1;840.5;13.58;9.2301;0;935.88;49.362;127.03;0;8.72;1121;0;1121;935.88;127.03;49.362;8.72;0.8349;0.0518;0;0.0078;1111.7;9.2811;0;0;1.7588;7.5223;1108.3;2.2903;0.4208;0.0571;1.574;0.2383;1110.6;1.1117;0.9359;0.127;0.0476;0.0012;1110.5;934.52;126.85;45.982;0.9581;550.19;459.41;147.11;0.4614;4.8496;69.76;2.2135;74.148;0;1;0;0;1.1136;0.9917;1;1;0.9644;0.1373;0.9979;0.9995;1;0.9669;0.8008;0.999;0.999;1;0.999;0.999;0.9887;0.9315;0.1099;3.3664;3.4919;0.021;0.0076;0.4237;0.0213;0.0755;0.0121;0;0;0.088;0;2.662;0;0;0;0;0;0;0;0;0;0;0;0;0.0608;0.026;2.8439;2.8018;0;59.714;59.714;46.134;0.0416;2848.4;983.65;1;0.0939;0.0518;0;0;0.0421;0;0;0;2.75;2.662;0;15.855;18.36;15.064;17.444;96.699;98.152;26.904;22.392;21.275;4.512;1.1172;0.1677;0.0415;0.7908;31.717;0.7556;0
15/11/21 14:00;49.526;77.084;8.3422;50.249;39.751;90;39.751;281.59;273.6;7.9899;15.31;9.11;0;10.392;240.16;2.6726;0;5.5331;258.76;0;258.76;10.392;2.6726;240.16;5.5331;0.0402;0.9495;0;0.0214;237.05;21.713;0;0;16.63;5.0835;229.54;7.2712;0.003;0.0008;7.2249;0.0426;236.81;0.237;0.0104;0.0027;0.2235;0.0004;231.44;10.379;2.6691;216.08;0.4066;175.4;146.46;48.573;9.5755;2.0499;29.487;1.899;21.961;0;1;0;0;0.9189;0.9161;1;1;0.9308;0.0813;0.9693;0.9997;1;0.9676;0.9052;0.999;0.999;1;0.999;0.999;0.8871;0.8997;0.0735;0.7771;0.7592;0.0046;0.0164;-0.001;0.0052;0.0184;0.0057;0;0;0.088;0;0.5937;0;0;0;0;0;0;0;0;0;0;0;0;0.0148;0.0016;0.6936;0.6936;0;24.646;24.646;9.3361;0.0407;647.85;1070.7;1;0.012;0.012;0;0;0;0;0;0;0.6817;0.5937;0;17.005;19.691;14.554;16.853;98.273;98.273;6.2102;5.5435;4.7445;0.6667;0.799;0.1073;0.1287;0.764;170.71;0.7039;0
15/11/21 15:00;37.381;87.33;2.1217;37.411;52.589;90;52.589;548.81;227.8;321;15.07;8.5201;0;528.38;113.88;141.76;0;18.308;802.32;0;802.32;528.38;141.76;113.88;18.308;0.6586;0.1648;0;0.0228;773.28;29.042;0;0;11.863;17.179;768.99;3.5185;0.0387;0.0104;3.4235;0.0459;772.51;0.7733;0.5284;0.1418;0.102;0.0011;773.48;527.81;141.61;98.489;1.0826;223.46;186.59;60.176;11.948;2.7064;38.93;4.4927;29.689;0;1;0;0;1.4619;0.9638;1;1;0.8958;0.0617;0.9954;0.9999;1;0.9664;0.9594;0.999;0.999;1;0.999;0.999;0.9585;0.8649;0.0591;2.4094;2.4117;0.0145;-0.002;0.1835;0.0155;0.055;0.0071;0;0;0.088;0;1.9584;0;0;0;0;0;0;0;0;0;0;0;0;0.0443;0.0129;2.0808;2.0808;0;46.731;46.731;31.661;0.0412;2074.3;1003.2;1;0.0344;0.0344;0;0;0;0;0;0;2.0464;1.9584;0;16.452;19.051;15.484;17.931;98.346;98.346;19.256;16.63;15.652;2.6257;0.9783;0.1364;0.0508;0.8128;91.294;0.7843;0
15/11/21 16:00;25.129;95.791;7.0741;25.242;60;90;60;184;176.4;7.5932;15.22;7.4701;0;17.744;130.61;5.2704;0;7.8198;161.45;0;161.45;17.744;5.2704;130.61;7.8198;0.1099;0.8574;0;0.0484;137.64;23.807;0;0;16.472;7.335;133.43;4.071;0.0043;0.0013;4.0324;0.033;137.5;0.1376;0.0177;0.0053;0.1141;0.0005;136.54;17.722;5.2638;109.99;0.4514;114.11;95.283;34.576;21.838;2.1548;30.996;3.1072;11.313;0;1;0;0;0.8774;0.8525;1;1;0.8739;0.062;0.9704;0.9998;1;0.9646;0.9319;0.999;0.999;1;0.999;0.999;0.8265;0.8421;0.0577;0.4848;0.4766;0.0029;0.0181;-0.0075;0.0032;0.0115;0.006;0;0;0.088;0;0.3357;0;0;0;0;0;0;0;0;0;0;0;0;0.0093;0.0007;0.4324;0.4324;0;20.654;20.654;5.4342;0.0407;404.94;1067.8;1;0.0087;0.0087;0;0;0;0;0;0;0.4237;0.3357;0;16.989;19.673;13.189;15.273;97.985;97.985;3.8747;3.4556;2.6826;0.4191;0.7729;0.1082;0.1995;0.6924;113.71;0.6053;0
15/11/21 17:00;13.049;103.73;56.798;13.419;20.834;90;20.834;89.801;87.699;2.1013;15.27;5.6;0;5.0963;84.268;1.4154;0;0.4991;91.278;0;91.278;5.0963;1.4154;84.268;0.4991;0.0558;0.9287;0;0.0055;88.765;2.5133;0;0;2.0925;0.4208;85.678;2.9982;0.131;0.0364;2.8137;0.0171;88.676;0.0888;0.0051;0.0014;0.0822;0.0001;85.801;4.9602;1.3776;79.279;0.0611;52.585;43.908;13.525;0.3495;0.5181;7.4532;0.1224;7.6218;0;1;0;0;1.0165;0.9725;1;1;0.9752;0.1569;0.9662;0.9743;1;0.9657;0.7809;0.999;0.999;1;0.999;0.999;0.9386;0.9408;0.1224;0.2741;0.2741;0.0017;0.0167;-0.0062;0.0018;0.0065;0.0014;0;0;0.088;0;0.1519;0;0;0;0;0;0;0;0;0;0;0;0;0.0052;0.0003;0.2467;0.2467;0;18.77;18.77;3.4993;0.0408;233.03;1058.7;1;0.0068;0.0068;0;0;0;0;0;0;0.2399;0.1519;0;17.147;19.855;10.559;12.228;97.251;97.251;2.1907;1.9718;1.2143;0.2189;0.7575;0.0999;0.3458;0.5543;52.571;0.5224;0
15/11/21 18:00;3.6666;110.23;81.078;3.907;5.6049;90;5.6049;3.0083;3;0.0083;14.17;3.9001;0;0.0201;2.9926;0.0007;0;0.0012;3.0146;3.0146;0;0.0201;0;0;0;1;1;1;1;0;0;0;0;0;0;0;0;0;0;0;0;0;0;0;0;0;0;0;0;0;0;0;0;0;0;0;0;0;0;0;0;0;0;0;0;1;1;1;1;1;1;1;1;1;1;1;0;1;0;0;1;0;0;0;0;0;0;0;0;0;0;0;0.0004;0.088;0;-0.0884;0;0;0;0;0;0;0;0;0;0;0;0;0;0;0;0;0;0;0;-14.17;0;0;0;0;0.0004;0;0;0;0;0;0;0;-0.0004;-0.0884;0;0;0;0;0;0;0;0;0;-0.7063;0;0.7063;1;1;0;0;0;0
15/11/21 19:00;0;0;90;0;0;90;0;0;0;0;12.74;3.2601;0;0;0;0;0;0;0;0;0;0;0;0;0;1;1;1;1;0;0;0;0;0;0;0;0;0;0;0;0;0;0;0;0;0;0;0;0;0;0;0;0;0;0;0;0;0;0;0;0;0;0;0;1;1;1;1;1;1;1;1;1;1;1;1;1;1;1;1;1;1;1;0;0;0;0;0;0;0;0;0;0.0004;0.088;0;-0.0884;0;0;0;0;0;0;0;0;0;0;0;0;0;0;0;0;0;0;0;-12.74;0;0;0;0;0.0004;0;0;0;0;0;0;0;-0.0004;-0.0884;0;0;0;0;0;0;0;0;0;-0.7063;0;0.7063;1;1;0;0;0;0
15/11/21 20:00;0;0;90;0;0;90;0;0;0;0;10.31;2.99;0;0;0;0;0;0;0;0;0;0;0;0;0;1;1;1;1;0;0;0;0;0;0;0;0;0;0;0;0;0;0;0;0;0;0;0;0;0;0;0;0;0;0;0;0;0;0;0;0;0;0;0;1;1;1;1;1;1;1;1;1;1;1;1;1;1;1;1;1;1;1;0;0;0;0;0;0;0;0;0;0.0004;0.088;0;-0.0884;0;0;0;0;0;0;0;0;0;0;0;0;0;0;0;0;0;0;0;-10.31;0;0;0;0;0.0004;0;0;0;0;0;0;0;-0.0004;-0.0884;0;0;0;0;0;0;0;0;0;-0.7063;0;0.7063;1;1;0;0;0;0
15/11/21 21:00;0;0;90;0;0;90;0;0;0;0;11.63;2.92;0;0;0;0;0;0;0;0;0;0;0;0;0;1;1;1;1;0;0;0;0;0;0;0;0;0;0;0;0;0;0;0;0;0;0;0;0;0;0;0;0;0;0;0;0;0;0;0;0;0;0;0;1;1;1;1;1;1;1;1;1;1;1;1;1;1;1;1;1;1;1;0;0;0;0;0;0;0;0;0;0.0004;0.088;0;-0.0884;0;0;0;0;0;0;0;0;0;0;0;0;0;0;0;0;0;0;0;-11.63;0;0;0;0;0.0004;0;0;0;0;0;0;0;-0.0004;-0.0884;0;0;0;0;0;0;0;0;0;-0.7063;0;0.7063;1;1;0;0;0;0
15/11/21 22:00;0;0;90;0;0;90;0;0;0;0;11.36;2.8799;0;0;0;0;0;0;0;0;0;0;0;0;0;1;1;1;1;0;0;0;0;0;0;0;0;0;0;0;0;0;0;0;0;0;0;0;0;0;0;0;0;0;0;0;0;0;0;0;0;0;0;0;1;1;1;1;1;1;1;1;1;1;1;1;1;1;1;1;1;1;1;0;0;0;0;0;0;0;0;0;0.0004;0.088;0;-0.0884;0;0;0;0;0;0;0;0;0;0;0;0;0;0;0;0;0;0;0;-11.36;0;0;0;0;0.0004;0;0;0;0;0;0;0;-0.0004;-0.0884;0;0;0;0;0;0;0;0;0;-0.7063;0;0.7063;1;1;0;0;0;0
15/11/21 23:00;0;0;90;0;0;90;0;0;0;0;10.95;2.8699;0;0;0;0;0;0;0;0;0;0;0;0;0;1;1;1;1;0;0;0;0;0;0;0;0;0;0;0;0;0;0;0;0;0;0;0;0;0;0;0;0;0;0;0;0;0;0;0;0;0;0;0;1;1;1;1;1;1;1;1;1;1;1;1;1;1;1;1;1;1;1;0;0;0;0;0;0;0;0;0;0.0004;0.088;0;-0.0884;0;0;0;0;0;0;0;0;0;0;0;0;0;0;0;0;0;0;0;-10.95;0;0;0;0;0.0004;0;0;0;0;0;0;0;-0.0004;-0.0884;0;0;0;0;0;0;0;0;0;-0.7063;0;0.7063;1;1;0;0;0;0
16/11/21 00:00;0;0;90;0;0;90;0;0;0;0;10.34;2.82;0;0;0;0;0;0;0;0;0;0;0;0;0;1;1;1;1;0;0;0;0;0;0;0;0;0;0;0;0;0;0;0;0;0;0;0;0;0;0;0;0;0;0;0;0;0;0;0;0;0;0;0;1;1;1;1;1;1;1;1;1;1;1;1;1;1;1;1;1;1;1;0;0;0;0;0;0;0;0;0;0.0004;0.088;0;-0.0884;0;0;0;0;0;0;0;0;0;0;0;0;0;0;0;0;0;0;0;-10.34;0;0;0;0;0.0004;0;0;0;0;0;0;0;-0.0004;-0.0884;0;0;0;0;0;0;0;0;0;-0.7063;0;0.7063;1;1;0;0;0;0
16/11/21 01:00;0;0;90;0;0;90;0;0;0;0;8.83;2.7801;0;0;0;0;0;0;0;0;0;0;0;0;0;1;1;1;1;0;0;0;0;0;0;0;0;0;0;0;0;0;0;0;0;0;0;0;0;0;0;0;0;0;0;0;0;0;0;0;0;0;0;0;1;1;1;1;1;1;1;1;1;1;1;1;1;1;1;1;1;1;1;0;0;0;0;0;0;0;0;0;0.0004;0.088;0;-0.0884;0;0;0;0;0;0;0;0;0;0;0;0;0;0;0;0;0;0;0;-8.83;0;0;0;0;0.0004;0;0;0;0;0;0;0;-0.0004;-0.0884;0;0;0;0;0;0;0;0;0;-0.7063;0;0.7063;1;1;0;0;0;0
16/11/21 02:00;0;0;90;0;0;90;0;0;0;0;7.2299;2.76;0;0;0;0;0;0;0;0;0;0;0;0;0;1;1;1;1;0;0;0;0;0;0;0;0;0;0;0;0;0;0;0;0;0;0;0;0;0;0;0;0;0;0;0;0;0;0;0;0;0;0;0;1;1;1;1;1;1;1;1;1;1;1;1;1;1;1;1;1;1;1;0;0;0;0;0;0;0;0;0;0.0004;0.088;0;-0.0884;0;0;0;0;0;0;0;0;0;0;0;0;0;0;0;0;0;0;0;-7.2299;0;0;0;0;0.0004;0;0;0;0;0;0;0;-0.0004;-0.0884;0;0;0;0;0;0;0;0;0;-0.7063;0;0.7063;1;1;0;0;0;0
16/11/21 03:00;0;0;90;0;0;90;0;0;0;0;5.0701;2.75;0;0;0;0;0;0;0;0;0;0;0;0;0;1;1;1;1;0;0;0;0;0;0;0;0;0;0;0;0;0;0;0;0;0;0;0;0;0;0;0;0;0;0;0;0;0;0;0;0;0;0;0;1;1;1;1;1;1;1;1;1;1;1;1;1;1;1;1;1;1;1;0;0;0;0;0;0;0;0;0;0.0004;0.088;0;-0.0884;0;0;0;0;0;0;0;0;0;0;0;0;0;0;0;0;0;0;0;-5.0701;0;0;0;0;0.0004;0;0;0;0;0;0;0;-0.0004;-0.0884;0;0;0;0;0;0;0;0;0;-0.7063;0;0.7063;1;1;0;0;0;0
16/11/21 04:00;1.3106;-112.28;86.82;1.4164;2.0205;-90;-2.0205;0;0;0;4.5403;2.6;0;0;0;0;0;0;0;0;0;0;0;0;0;1;1;1;1;0;0;0;0;0;0;0;0;0;0;0;0;0;0;0;0;0;0;0;0;0;0;0;0;0;0;0;0;0;0;0;0;0;0;0;1;1;1;1;1;1;1;1;1;1;1;1;1;1;1;1;1;1;1;0;0;0;0;0;0;0;0;0;0.0004;0.088;0;-0.0884;0;0;0;0;0;0;0;0;0;0;0;0;0;0;0;0;0;0;0;-4.5403;0;0;0;0;0.0004;0;0;0;0;0;0;0;-0.0004;-0.0884;0;0;0;0;0;0;0;0;0;-0.7063;0;0.7063;1;1;0;0;0;0
16/11/21 05:00;8.2351;-107.31;69.672;8.6198;12.695;-90;-12.695;114.8;18.898;95.907;7.67;3.3301;0;232.6;9.7336;21.934;0;0.2386;264.51;0;264.51;232.6;21.934;9.7336;0.2386;0.8794;0.0377;0;0.0009;264.2;0.304;0;0;0.1052;0.1988;236.97;26.965;24.289;2.2905;0.3768;0.0089;263.94;0.2642;0.2326;0.0219;0.0096;0;236.98;208.08;19.622;9.242;0.0308;6.3924;5.3376;1.4422;0.007;0.0738;1.0616;0.0049;1.1285;0;1;0;0;2.304;0.9989;1;1;0.9892;0.1665;0.8978;0.8955;1;0.9608;0.7753;0.999;0.999;1;0.999;0.999;0.8959;0.9495;0.1289;0.7943;0.716;0.0043;0.0168;-0.0197;0.005;0.0177;0.0002;0;0;0.088;0;0.5759;0;0;0;0;0;0;0;0;0;0;0;0;0.0143;0.0014;0.676;0.676;0;17.246;17.246;9.5762;0.0404;612.9;1102.9;1;0.0121;0.0121;0;0;0;0;0;0;0.6639;0.5759;0;16.212;18.773;13.811;15.993;98.213;98.213;6.3482;5.4023;4.6025;0.9459;0.7998;0.149;0.126;0.725;5.8781;0.7228;0
16/11/21 06:00;20.164;-99.359;33.28;20.413;37.356;-90;-37.356;334.39;55.098;279.3;9.6298;4.26;0;677.37;20.811;77.386;0;5.8303;781.4;0;781.4;677.37;77.386;20.811;5.8303;0.8669;0.0341;0;0.0075;774.8;6.5973;0;0;1.3068;5.2905;771.11;2.9204;1.9994;0.2284;0.6289;0.0636;774.03;0.7748;0.6774;0.0774;0.0195;0.0005;771.24;674.69;77.081;18.856;0.4756;16.024;13.38;4.589;0.6719;0.1643;2.3628;0.136;1.8551;0;1;0;0;2.3368;0.9916;1;1;0.9372;0.0926;0.9962;0.997;1;0.9677;0.882;0.999;0.999;1;0.999;0.999;0.9868;0.9061;0.0816;2.3465;2.3279;0.014;-0.0017;0.1318;0.0153;0.0542;0.0004;0;0;0.088;0;1.9356;0;0;0;0;0;0;0;0;0;0;0;0;0.0437;0.012;2.0581;2.0581;0;41.233;41.233;31.603;0.041;2001.7;1028.1;1;0.0345;0.0345;0;0;0;0;0;0;2.0236;1.9356;0;16.708;19.348;15.714;18.196;98.324;98.324;18.754;16.448;15.469;2.3053;0.9789;0.1229;0.0522;0.8249;14.5;0.823;0
16/11/21 07:00;32.368;-91.256;1.0608;32.374;57.626;-90;-57.626;567.21;93.6;473.61;11.39;4.65;0;884.52;26.422;110.53;0;22.398;1043.9;0;1043.9;884.52;110.53;26.422;22.398;0.8473;0.0468;0;0.0215;1019.8;24.119;0;0;3.1363;20.983;1017.8;0.9182;0.0324;0.004;0.8072;0.0745;1018.7;1.0198;0.8845;0.1105;0.0233;0.0014;1021.7;883.6;110.42;22.455;1.3391;146.9;122.67;38.341;3.8307;1.5969;22.97;3.8597;20.736;0;1;0;0;1.8404;0.9769;1;1;0.8813;0.0632;0.9991;1;1;0.9653;0.9473;0.999;0.999;1;0.999;0.999;0.975;0.8499;0.0598;3.1347;3.1256;0.0188;0.0013;0.3116;0.0196;0.0694;0.0041;0;0;0.088;0;2.4888;0;0;0;0;0;0;0;0;0;0;0;0;0.0559;0.0211;2.6239;2.6239;0;53.533;53.533;42.143;0.0414;2690.9;975.09;1;0.0471;0.0471;0;0;0;0;0;0;2.5768;2.4888;0;15.946;18.465;15.124;17.514;98.203;98.203;25.053;20.97;19.89;4.0826;1.0801;0.163;0.0431;0.7939;22.383;0.7811;0
16/11/21 08:00;44.603;-82.018;5.6743;44.882;45.118;-90;-45.118;814.4;134.4;679.99;12.43;4.6299;0;963.65;35.287;131.83;0;20.376;1151.1;0;1151.1;963.65;131.83;35.287;20.376;0.8371;0.0484;0;0.0177;1129.3;21.846;0;0;2.9372;18.908;1126.8;1.3551;0.1887;0.0258;1.0538;0.0869;1128.2;1.1293;0.9636;0.1318;0.0323;0.0015;1131.8;962.5;131.67;31.264;1.3795;349.84;292.11;92.259;2.1795;3.2894;47.316;4.9652;48.426;0;1;0;0;1.4135;0.981;1;1;0.9168;0.072;0.9988;0.9998;1;0.9674;0.9408;0.999;0.999;1;0.999;0.999;0.9789;0.886;0.0677;3.4569;3.5085;0.0211;0.008;0.4207;0.0214;0.0759;0.0082;0;0;0.088;0;2.662;0;0;0;0;0;0;0;0;0;0;0;0;0.0611;0.0263;2.8657;2.8021;0;59.321;59.321;46.891;0.0416;2818;994.35;1;0.1157;0.0521;0;0;0.0636;0;0;0;2.75;2.662;0;15.442;17.881;14.67;16.987;95.963;98.14;27.627;22.395;21.275;5.2329;1.1199;0.1894;0.0405;0.7701;26.291;0.7471;0
16/11/21 09:00;56.496;-69.7;11.041;58.165;31.835;-90;-31.835;989.9;163.3;826.6;13.47;4.4501;0;972.96;44.018;136.19;0;12.657;1165.8;0;1165.8;972.96;136.19;44.018;12.657;0.8346;0.0486;0;0.0109;1152.5;13.344;0;0;2.15;11.194;1149.3;2.0187;0.3707;0.0519;1.3559;0.2402;1151.3;1.1525;0.973;0.1362;0.0419;0.0015;1152.6;971.61;136;40.471;1.2209;516.61;431.37;141.55;0.8215;4.3567;62.669;3.3087;66.204;0;1;0;0;1.1777;0.9886;1;1;0.9512;0.1156;0.9982;0.9996;1;0.9676;0.8356;0.999;0.999;1;0.999;0.999;0.9858;0.9194;0.0965;3.5009;3.6037;0.0217;0.0102;0.4583;0.0218;0.0773;0.0108;0;0;0.088;0;2.662;0;0;0;0;0;0;0;0;0;0;0;0;0.0622;0.0277;2.9136;2.8022;0;61.381;61.381;47.911;0.0417;2810.7;996.96;1;0.1636;0.0522;0;0;0.1114;0;0;0;2.75;2.662;0;15.248;17.657;14.485;16.773;94.385;98.137;27.98;22.395;21.275;5.5844;1.1205;0.1996;0.04;0.7604;29.391;0.7309;0
16/11/21 10:00;67.126;-49.377;14.66;72.244;17.756;-90;-17.756;1076.5;177.6;898.89;14.44;4.3199;0;943.86;52.478;130.04;0;4.3589;1130.7;0;1130.7;943.86;130.04;52.478;4.3589;0.8347;0.0503;0;0.0039;1126.1;4.641;0;0;0.9979;3.6431;1122.4;2.5487;0.4775;0.0658;1.8463;0.1592;1125;1.1261;0.9439;0.13;0.0515;0.0007;1123.4;942.43;129.84;49.582;0.5559;614.4;513.02;165.09;0.1244;5.3375;76.778;0.9916;81.991;0;1;0;0;1.0504;0.9959;1;1;0.981;0.1642;0.9977;0.9995;1;0.9641;0.7774;0.999;0.999;1;0.999;0.999;0.9926;0.9448;0.1275;3.3956;3.5454;0.0213;0.0088;0.4491;0.0215;0.0761;0.0133;0;0;0.088;0;2.662;0;0;0;0;0;0;0;0;0;0;0;0;0.0613;0.0268;2.8672;2.8019;0;61.221;61.221;46.781;0.0417;2840.3;986.48;1;0.1172;0.0519;0;0;0.0653;0;0;0;2.75;2.662;0;15.719;18.202;14.934;17.294;95.912;98.148;27.137;22.393;21.275;4.7449;1.1179;0.1748;0.0412;0.784;32.28;0.746;0
16/11/21 11:00;73.487;-10.596;16.224;86.88;3.1203;-90;-3.1203;1094.2;180.6;913.59;15.62;4.3001;0;914.95;57.557;123.18;0;0.1379;1095.8;0;1095.8;914.95;123.18;57.557;0.1379;0.8349;0.0526;0;0.0001;1095.6;0.1815;0;0;0.0661;0.1154;1091.4;3.1398;0.5122;0.069;2.5537;0.005;1094.5;1.0956;0.9149;0.1232;0.0575;0;1091.4;913.52;122.99;54.88;0.0174;644.76;538.38;170.56;-0.0003;5.7671;82.958;-0.0026;88.725;0;1;0;0;1.0015;0.9998;1;1;0.9989;0.1629;0.9971;0.9994;1;0.9555;0.7774;0.999;0.999;1;0.999;0.999;0.996;0.9535;0.1265;3.2908;3.4621;0.0208;0.007;0.4374;0.021;0.0744;0.0144;0;0;0.088;0;2.6631;0;0;0;0;0;0;0;0;0;0;0;0;0.0599;0.0256;2.8016;2.8016;0;61.1;61.1;45.48;0.0417;2968.8;943.32;1;0.0506;0.0506;0;0;0;0;0;0;2.7511;2.6631;0;16.218;18.781;15.416;17.852;98.195;98.195;26.3;22.391;21.283;3.9091;1.1074;0.1486;0.0421;0.8093;34.114;0.7659;0
16/11/21 12:00;70.645;35.844;15.584;78.377;11.623;90;11.623;1073;177;895.99;16.89;4.3001;0;914.75;56.277;122.66;0;1.8703;1095.6;0;1095.6;914.75;122.66;56.277;1.8703;0.835;0.0531;0;0.0017;1093.5;2.0872;0;0;0.5257;1.5615;1089.5;2.8471;0.4919;0.066;2.2198;0.0695;1092.4;1.0935;0.9148;0.1227;0.0558;0.0003;1089.9;913.35;122.47;53.476;0.239;624.37;521.35;166.47;0.0293;5.502;79.144;0.3698;84.616;0;1;0;0;1.021;0.9981;1;1;0.9907;0.1651;0.9974;0.9995;1;0.9601;0.7746;0.999;0.999;1;0.999;0.999;0.9945;0.9502;0.1278;3.29;3.4495;0.0208;0.0067;0.4512;0.0208;0.0738;0.0136;0;0;0.088;0;2.6401;0;0;0;0;0;0;0;0;0;0;0;0;0.0594;0.0254;2.7779;2.7779;0;62.338;62.338;45.448;0.0417;2965;936.88;1;0.0498;0.0498;0;0;0;0;0;0;2.7281;2.6401;0;16.085;18.626;15.287;17.702;98.208;98.208;26.293;22.201;21.099;4.0928;1.1012;0.1557;0.0419;0.8025;33.879;0.7613;0
16/11/21 13:00;61.234;62.584;12.802;64.019;25.981;90;25.981;984.31;162.4;821.91;17.86;4.3001;0;914.31;50.862;121.07;0;8.4553;1094.7;0;1094.7;914.31;121.07;50.862;8.4553;0.8352;0.0542;0;0.0077;1085.6;9.0899;0;0;1.7998;7.2901;1082.2;2.313;0.4039;0.0535;1.6232;0.2325;1084.5;1.0856;0.9143;0.1211;0.0491;0.0012;1084.3;912.99;120.89;47.39;0.9315;538.58;449.72;143.97;0.4682;4.7508;68.339;2.1443;72.621;0;1;0;0;1.1121;0.9917;1;1;0.9646;0.1378;0.9979;0.9996;1;0.9669;0.8003;0.999;0.999;1;0.999;0.999;0.9886;0.9317;0.1102;3.2874;3.41;0.0205;0.0059;0.4546;0.0205;0.0727;0.0117;0;0;0.088;0;2.6037;0;0;0;0;0;0;0;0;0;0;0;0;0.0586;0.0249;2.7405;2.7405;0;63.028;63.028;45.168;0.0417;2932.2;934.64;1;0.0488;0.0488;0;0;0;0;0;0;2.6917;2.6037;0;15.881;18.39;15.088;17.472;98.218;98.218;26.273;21.902;20.809;4.3702;1.0935;0.1663;0.0416;0.792;32.658;0.7567;0
16/11/21 14:00;49.697;77.372;8.1292;50.388;39.612;90;39.612;837.29;148.6;688.69;18.7;4.19;0;893.97;46.638;124.5;0;16.342;1081.4;0;1081.4;893.97;124.5;46.638;16.342;0.8266;0.0582;0;0.0151;1063.2;18.218;0;0;3.2121;15.006;1060.3;1.8175;0.2508;0.0349;1.4033;0.1285;1062.2;1.0632;0.894;0.1245;0.0434;0.0013;1064.8;892.82;124.34;41.98;1.2063;399.84;333.87;107.38;1.8412;3.5914;51.661;4.4268;53.411;0;1;0;0;1.2916;0.9832;1;1;0.9311;0.0818;0.9983;0.9997;1;0.9677;0.9037;0.999;0.999;1;0.999;0.999;0.9805;0.9001;0.0738;3.2476;3.3159;0.02;0.0042;0.4415;0.02;0.0708;0.0089;0;0;0.088;0;2.5349;0;0;0;0;0;0;0;0;0;0;0;0;0.057;0.0236;2.67;2.67;0;62.951;62.951;44.251;0.0417;2852.3;936.11;1;0.0472;0.0472;0;0;0;0;0;0;2.6229;2.5349;0;15.662;18.136;14.869;17.218;98.233;98.233;25.955;21.339;20.259;4.6157;1.0803;0.1778;0.0416;0.7805;33.112;0.7536;0
16/11/21 15:00;37.545;87.573;1.9242;37.57;52.43;90;52.43;644.9;142.9;502;19.35;3.94;0;823.32;47.295;137.99;0;21.393;1030;0;1030;823.32;137.99;47.295;21.393;0.7993;0.0667;0;0.0208;1005;24.977;0;0;4.9054;20.071;1002.5;1.5388;0.0547;0.0092;1.4213;0.0536;1004;1.005;0.8233;0.138;0.0424;0.0013;1007.2;822.44;137.84;40.926;1.2668;229.56;191.69;58.622;4.9133;2.5096;36.1;4.6921;33.697;0;1;0;0;1.5971;0.9758;1;1;0.8963;0.0618;0.9985;0.9999;1;0.9664;0.9594;0.999;0.999;1;0.999;0.999;0.9733;0.8653;0.0592;3.0931;3.1096;0.0187;0.0011;0.3944;0.0189;0.0669;0.0063;0;0;0.088;0;2.3966;0;0;0;0;0;0;0;0;0;0;0;0;0.0539;0.0209;2.5286;2.5286;0;61.118;61.118;41.768;0.0417;2675.2;945.17;1;0.044;0.044;0;0;0;0;0;0;2.4846;2.3966;0;15.573;18.033;14.76;17.092;98.26;98.26;24.72;20.208;19.153;4.5115;1.0549;0.1825;0.0427;0.7748;37.853;0.755;0
16/11/21 16:00;25.295;96.003;7.0979;25.417;60;90;60;417.71;148.6;269.11;19.48;3.5899;0;625;61.279;155.36;0;17.753;859.39;0;859.39;625;155.36;61.279;17.753;0.7273;0.092;0;0.0207;835.01;24.38;0;0;7.7281;16.652;832.02;2.1579;0.1531;0.0381;1.8919;0.0749;834.17;0.835;0.625;0.1554;0.0536;0.0011;834.05;624.22;155.16;51.605;1.0247;69.171;57.757;20.704;10.249;1.1285;16.233;2.0321;7.1123;0;1;0;0;2.0574;0.9716;1;1;0.8739;0.062;0.9974;0.9998;1;0.9646;0.9319;0.999;0.999;1;0.999;0.999;0.9681;0.8421;0.0577;2.5807;2.5463;0.0153;-0.0022;0.259;0.0159;0.0565;0.0029;0;0;0.088;0;2.0159;0;0;0;0;0;0;0;0;0;0;0;0;0.0455;0.0143;2.139;2.139;0;53.939;53.939;34.459;0.0414;2195;974.52;1;0.0352;0.0352;0;0;0;0;0;0;2.1039;2.0159;0;15.79;18.284;14.88;17.231;98.356;98.356;20.625;17.095;16.111;3.53;0.9844;0.1712;0.0477;0.7811;53.347;0.7702;0
16/11/21 17:00;13.222;103.92;56.308;13.608;21.184;90;21.184;184.7;126.4;58.299;18.55;2.35;0;141.39;99.88;55.848;0;1.0609;298.18;0;298.18;141.39;55.848;99.88;1.0609;0.4742;0.3385;0;0.0036;294.74;3.4432;0;0;2.5475;0.8957;286.3;8.1481;3.4328;1.3559;3.3233;0.036;294.44;0.2947;0.1414;0.0558;0.0973;0.0002;286.45;137.82;54.436;93.912;0.1291;62.821;52.456;16.231;0.4405;0.6157;8.8573;0.1516;9.0326;0;1;0;0;1.6144;0.9885;1;1;0.9745;0.1557;0.9723;0.9757;1;0.9658;0.782;0.999;0.999;1;0.999;0.999;0.9601;0.9402;0.1217;0.8954;0.8814;0.0053;0.015;0.0165;0.0059;0.021;0.0017;0;0;0.088;0;0.6959;0;0;0;0;0;0;0;0;0;0;0;0;0.0169;0.002;0.7972;0.7972;0;30.231;30.231;11.68;0.0408;755.26;1055.5;1;0.0133;0.0133;0;0;0;0;0;0;0.7839;0.6959;0;16.959;19.638;14.805;17.144;98.338;98.338;7.1563;6.3709;5.5617;0.7854;0.8092;0.1098;0.1131;0.7772;62.423;0.7603;0
16/11/21 18:00;3.6571;110.55;81.101;3.9049;5.6018;90;5.6018;2.2074;2.2019;0.0055;16.56;2.4699;0;0.0133;2.1965;0.0003;0;0.0009;2.2111;2.2111;0;0.0133;0;0;0;1;1;1;1;0;0;0;0;0;0;0;0;0;0;0;0;0;0;0;0;0;0;0;0;0;0;0;0;0;0;0;0;0;0;0;0;0;0;0;0;1;1;1;1;1;1;1;1;1;1;1;0;1;0;0;1;0;0;0;0;0;0;0;0;0;0;0;0.0004;0.088;0;-0.0884;0;0;0;0;0;0;0;0;0;0;0;0;0;0;0;0;0;0;0;-16.56;0;0;0;0;0.0004;0;0;0;0;0;0;0;-0.0004;-0.0884;0;0;0;0;0;0;0;0;0;-0.7063;0;0.7063;1;1;0;0;0;0
16/11/21 19:00;0;0;90;0;0;90;0;0;0;0;13.62;2.4501;0;0;0;0;0;0;0;0;0;0;0;0;0;1;1;1;1;0;0;0;0;0;0;0;0;0;0;0;0;0;0;0;0;0;0;0;0;0;0;0;0;0;0;0;0;0;0;0;0;0;0;0;1;1;1;1;1;1;1;1;1;1;1;1;1;1;1;1;1;1;1;0;0;0;0;0;0;0;0;0;0.0004;0.088;0;-0.0884;0;0;0;0;0;0;0;0;0;0;0;0;0;0;0;0;0;0;0;-13.62;0;0;0;0;0.0004;0;0;0;0;0;0;0;-0.0004;-0.0884;0;0;0;0;0;0;0;0;0;-0.7063;0;0.7063;1;1;0;0;0;0
16/11/21 20:00;0;0;90;0;0;90;0;0;0;0;12.39;2.28;0;0;0;0;0;0;0;0;0;0;0;0;0;1;1;1;1;0;0;0;0;0;0;0;0;0;0;0;0;0;0;0;0;0;0;0;0;0;0;0;0;0;0;0;0;0;0;0;0;0;0;0;1;1;1;1;1;1;1;1;1;1;1;1;1;1;1;1;1;1;1;0;0;0;0;0;0;0;0;0;0.0004;0.088;0;-0.0884;0;0;0;0;0;0;0;0;0;0;0;0;0;0;0;0;0;0;0;-12.39;0;0;0;0;0.0004;0;0;0;0;0;0;0;-0.0004;-0.0884;0;0;0;0;0;0;0;0;0;-0.7063;0;0.7063;1;1;0;0;0;0
16/11/21 21:00;0;0;90;0;0;90;0;0;0;0;11.1;2.0799;0;0;0;0;0;0;0;0;0;0;0;0;0;1;1;1;1;0;0;0;0;0;0;0;0;0;0;0;0;0;0;0;0;0;0;0;0;0;0;0;0;0;0;0;0;0;0;0;0;0;0;0;1;1;1;1;1;1;1;1;1;1;1;1;1;1;1;1;1;1;1;0;0;0;0;0;0;0;0;0;0.0004;0.088;0;-0.0884;0;0;0;0;0;0;0;0;0;0;0;0;0;0;0;0;0;0;0;-11.1;0;0;0;0;0.0004;0;0;0;0;0;0;0;-0.0004;-0.0884;0;0;0;0;0;0;0;0;0;-0.7063;0;0.7063;1;1;0;0;0;0
16/11/21 22:00;0;0;90;0;0;90;0;0;0;0;9.3798;1.89;0;0;0;0;0;0;0;0;0;0;0;0;0;1;1;1;1;0;0;0;0;0;0;0;0;0;0;0;0;0;0;0;0;0;0;0;0;0;0;0;0;0;0;0;0;0;0;0;0;0;0;0;1;1;1;1;1;1;1;1;1;1;1;1;1;1;1;1;1;1;1;0;0;0;0;0;0;0;0;0;0.0004;0.088;0;-0.0884;0;0;0;0;0;0;0;0;0;0;0;0;0;0;0;0;0;0;0;-9.3798;0;0;0;0;0.0004;0;0;0;0;0;0;0;-0.0004;-0.0884;0;0;0;0;0;0;0;0;0;-0.7063;0;0.7063;1;1;0;0;0;0
16/11/21 23:00;0;0;90;0;0;90;0;0;0;0;7.7697;1.6799;0;0;0;0;0;0;0;0;0;0;0;0;0;1;1;1;1;0;0;0;0;0;0;0;0;0;0;0;0;0;0;0;0;0;0;0;0;0;0;0;0;0;0;0;0;0;0;0;0;0;0;0;1;1;1;1;1;1;1;1;1;1;1;1;1;1;1;1;1;1;1;0;0;0;0;0;0;0;0;0;0.0004;0.088;0;-0.0884;0;0;0;0;0;0;0;0;0;0;0;0;0;0;0;0;0;0;0;-7.7697;0;0;0;0;0.0004;0;0;0;0;0;0;0;-0.0004;-0.0884;0;0;0;0;0;0;0;0;0;-0.7063;0;0.7063;1;1;0;0;0;0
17/11/21 00:00;0;0;90;0;0;90;0;0;0;0;6.1802;1.48;0;0;0;0;0;0;0;0;0;0;0;0;0;1;1;1;1;0;0;0;0;0;0;0;0;0;0;0;0;0;0;0;0;0;0;0;0;0;0;0;0;0;0;0;0;0;0;0;0;0;0;0;1;1;1;1;1;1;1;1;1;1;1;1;1;1;1;1;1;1;1;0;0;0;0;0;0;0;0;0;0.0004;0.088;0;-0.0884;0;0;0;0;0;0;0;0;0;0;0;0;0;0;0;0;0;0;0;-6.1802;0;0;0;0;0.0004;0;0;0;0;0;0;0;-0.0004;-0.0884;0;0;0;0;0;0;0;0;0;-0.7063;0;0.7063;1;1;0;0;0;0
17/11/21 01:00;0;0;90;0;0;90;0;0;0;0;5.2403;1.4499;0;0;0;0;0;0;0;0;0;0;0;0;0;1;1;1;1;0;0;0;0;0;0;0;0;0;0;0;0;0;0;0;0;0;0;0;0;0;0;0;0;0;0;0;0;0;0;0;0;0;0;0;1;1;1;1;1;1;1;1;1;1;1;1;1;1;1;1;1;1;1;0;0;0;0;0;0;0;0;0;0.0004;0.088;0;-0.0884;0;0;0;0;0;0;0;0;0;0;0;0;0;0;0;0;0;0;0;-5.2403;0;0;0;0;0.0004;0;0;0;0;0;0;0;-0.0004;-0.0884;0;0;0;0;0;0;0;0;0;-0.7063;0;0.7063;1;1;0;0;0;0
17/11/21 02:00;0;0;90;0;0;90;0;0;0;0;5.6199;1.72;0;0;0;0;0;0;0;0;0;0;0;0;0;1;1;1;1;0;0;0;0;0;0;0;0;0;0;0;0;0;0;0;0;0;0;0;0;0;0;0;0;0;0;0;0;0;0;0;0;0;0;0;1;1;1;1;1;1;1;1;1;1;1;1;1;1;1;1;1;1;1;0;0;0;0;0;0;0;0;0;0.0004;0.088;0;-0.0884;0;0;0;0;0;0;0;0;0;0;0;0;0;0;0;0;0;0;0;-5.6199;0;0;0;0;0.0004;0;0;0;0;0;0;0;-0.0004;-0.0884;0;0;0;0;0;0;0;0;0;-0.7063;0;0.7063;1;1;0;0;0;0
17/11/21 03:00;0;0;90;0;0;90;0;0;0;0;5.0302;2.2301;0;0;0;0;0;0;0;0;0;0;0;0;0;1;1;1;1;0;0;0;0;0;0;0;0;0;0;0;0;0;0;0;0;0;0;0;0;0;0;0;0;0;0;0;0;0;0;0;0;0;0;0;1;1;1;1;1;1;1;1;1;1;1;1;1;1;1;1;1;1;1;0;0;0;0;0;0;0;0;0;0.0004;0.088;0;-0.0884;0;0;0;0;0;0;0;0;0;0;0;0;0;0;0;0;0;0;0;-5.0302;0;0;0;0;0.0004;0;0;0;0;0;0;0;-0.0004;-0.0884;0;0;0;0;0;0;0;0;0;-0.7063;0;0.7063;1;1;0;0;0;0
17/11/21 04:00;1.2308;-112.65;87.014;1.3336;1.9022;-90;-1.9022;0;0;0;4.65;2.5301;0;0;0;0;0;0;0;0;0;0;0;0;0;1;1;1;1;0;0;0;0;0;0;0;0;0;0;0;0;0;0;0;0;0;0;0;0;0;0;0;0;0;0;0;0;0;0;0;0;0;0;0;1;1;1;1;1;1;1;1;1;1;1;1;1;1;1;1;1;1;1;0;0;0;0;0;0;0;0;0;0.0004;0.088;0;-0.0884;0;0;0;0;0;0;0;0;0;0;0;0;0;0;0;0;0;0;0;-4.65;0;0;0;0;0.0004;0;0;0;0;0;0;0;-0.0004;-0.0884;0;0;0;0;0;0;0;0;0;-0.7063;0;0.7063;1;1;0;0;0;0
17/11/21 05:00;8.3341;-107.54;69.419;8.7342;12.875;-90;-12.875;119.1;19.703;99.399;6.2002;3.4101;0;241.07;9.9232;23.413;0;0.2545;274.66;0;274.66;241.07;23.413;9.9232;0.2545;0.8777;0.0371;0;0.0009;274.34;0.322;0;0;0.1098;0.2122;246.82;27.243;24.474;2.3769;0.3829;0.0095;274.07;0.2743;0.2411;0.0234;0.0098;0;246.83;216.36;21.013;9.4207;0.0328;6.5303;5.4528;1.4569;0.0075;0.0765;1.1002;0.0054;1.1692;0;1;0;0;2.3061;0.9988;1;1;0.9889;0.1665;0.9006;0.8984;1;0.9609;0.7753;0.999;0.999;1;0.999;0.999;0.8986;0.9494;0.1289;0.8248;0.7457;0.0045;0.0165;-0.0234;0.0052;0.0186;0.0002;0;0;0.088;0;0.607;0;0;0;0;0;0;0;0;0;0;0;0;0.015;0.0015;0.7076;0.7076;0;16.162;16.162;9.9621;0.0404;638.31;1108.6;1;0.0126;0.0126;0;0;0;0;0;0;0.695;0.607;0;16.343;18.925;14.02;16.235;98.219;98.219;6.5919;5.6553;4.8513;0.9366;0.804;0.1421;0.122;0.7359;5.996;0.7337;0
17/11/21 06:00;20.251;-99.607;32.917;20.515;37.691;-90;-37.691;329.61;55.397;274.21;10.27;2.35;0;665.04;21.533;76.045;0;5.8464;768.46;0;768.46;665.04;76.045;21.533;5.8464;0.8654;0.0356;0;0.0076;761.78;6.6838;0;0;1.371;5.3128;758.27;2.7415;1.8218;0.2083;0.6503;0.0611;761.02;0.7618;0.665;0.076;0.0202;0.0005;758.46;662.55;75.761;19.492;0.4719;16.541;13.812;4.2957;0.7167;0.1997;2.8731;0.1877;2.3562;0;1;0;0;2.3314;0.9913;1;1;0.9363;0.0913;0.9964;0.9973;1;0.9677;0.8853;0.999;0.999;1;0.999;0.999;0.9867;0.9052;0.0807;2.3077;2.2905;0.0138;-0.0015;0.1307;0.015;0.0533;0.0005;0;0;0.088;0;1.9022;0;0;0;0;0;0;0;0;0;0;0;0;0.0429;0.0117;2.024;2.024;0;41.351;41.351;31.081;0.041;1969.3;1027.8;1;0.0338;0.0338;0;0;0;0;0;0;1.9902;1.9022;0;16.708;19.348;15.702;18.183;98.329;98.329;18.443;16.176;15.202;2.2673;0.9736;0.1229;0.0528;0.8243;15.044;0.822;0
17/11/21 07:00;32.45;-91.534;1.2944;32.459;57.541;-90;-57.541;553.81;91.198;462.61;14.52;1.31;0;861.96;26.908;104.67;0;21.809;1015.4;0;1015.4;861.96;104.67;26.908;21.809;0.8489;0.048;0;0.0215;991.73;23.619;0;0;3.1872;20.432;989.8;0.9369;0.0385;0.0047;0.8218;0.072;990.74;0.9917;0.862;0.1047;0.0237;0.0014;993.57;861.06;104.56;22.875;1.3041;144.95;121.03;37.984;3.8806;1.5722;22.615;3.7715;20.307;0;1;0;0;1.8334;0.9767;1;1;0.8816;0.0632;0.9991;1;1;0.9653;0.9477;0.999;0.999;1;0.999;0.999;0.9748;0.8501;0.0598;3.0491;3.0402;0.0183;0.0003;0.3254;0.0189;0.0669;0.004;0;0;0.088;0;2.3997;0;0;0;0;0;0;0;0;0;0;0;0;0.0539;0.02;2.5324;2.5324;0;55.571;55.571;41.051;0.0415;2618.1;967.28;1;0.0447;0.0447;0;0;0;0;0;0;2.4877;2.3997;0;15.822;18.321;14.993;17.362;98.236;98.236;24.368;20.239;19.179;4.1292;1.0604;0.1695;0.0435;0.787;22.773;0.7741;0
17/11/21 08:00;44.688;-82.346;5.4338;44.945;45.055;-90;-45.055;757.4;125;632.4;17.2;1.5101;0;895.21;38.129;113.68;0;18.9;1065.9;0;1065.9;895.21;113.68;38.129;18.9;0.8398;0.0535;0;0.0177;1045.2;20.704;0;0;3.1673;17.537;1042.8;1.409;0.1679;0.0213;1.1387;0.0811;1044.2;1.0452;0.8952;0.1137;0.035;0.0014;1047.4;894.15;113.55;33.788;1.281;327.15;273.17;86.379;2.343;3.0892;44.437;4.6278;45.183;0;1;0;0;1.4074;0.9806;1;1;0.9169;0.0721;0.9987;0.9998;1;0.9674;0.9404;0.999;0.999;1;0.999;0.999;0.9783;0.8862;0.0678;3.201;3.2483;0.0196;0.0031;0.4057;0.0197;0.07;0.0077;0;0;0.088;0;2.5086;0;0;0;0;0;0;0;0;0;0;0;0;0.0564;0.0227;2.6435;2.6435;0;60.632;60.632;43.432;0.0417;2792.8;946.51;1;0.0468;0.0468;0;0;0;0;0;0;2.5966;2.5086;0;15.732;18.217;14.93;17.288;98.229;98.229;25.582;21.127;20.049;4.4556;1.0775;0.1742;0.0421;0.7837;28.392;0.76;0
17/11/21 09:00;56.6;-70.109;10.795;58.2;31.8;-90;-31.8;956.2;157.8;798.4;18.5;1.78;0;939.42;46.229;126.86;0;12.2;1124.7;0;1124.7;939.42;126.86;46.229;12.2;0.8353;0.052;0;0.0108;1111.7;13.043;0;0;2.2541;10.789;1108.5;2.0536;0.3499;0.0473;1.4242;0.2322;1110.6;1.1117;0.9394;0.1269;0.044;0.0014;1111.7;938.13;126.69;42.506;1.178;499.58;417.15;136.86;0.8593;4.2187;60.685;3.1913;64.044;0;1;0;0;1.1762;0.9884;1;1;0.9512;0.1157;0.9982;0.9996;1;0.9676;0.8354;0.999;0.999;1;0.999;0.999;0.9856;0.9195;0.0966;3.3775;3.4762;0.0209;0.0073;0.4858;0.0207;0.0735;0.0103;0;0;0.088;0;2.6352;0;0;0;0;0;0;0;0;0;0;0;0;0.0592;0.0259;2.7725;2.7725;0;64.837;64.837;46.338;0.0418;2990.8;927.02;1;0.0494;0.0494;0;0;0;0;0;0;2.7232;2.6352;0;15.638;18.108;14.863;17.211;98.219;98.219;26.993;22.158;21.06;4.835;1.0978;0.1791;0.0407;0.7802;30.859;0.7499;0
17/11/21 10:00;67.278;-49.884;14.411;72.243;17.757;-90;-17.757;1035.2;170.8;864.39;19.74;1.96;0;907.64;55.099;120.08;0;4.1921;1087;0;1087;907.64;120.08;55.099;4.1921;0.835;0.0545;0;0.0039;1082.5;4.5516;0;0;1.0479;3.5037;1078.8;2.6027;0.4514;0.0597;1.9385;0.1531;1081.4;1.0825;0.9076;0.1201;0.0541;0.0007;1079.7;906.28;119.9;52.059;0.5346;590.97;493.46;158.75;0.1305;5.1374;73.899;0.9538;78.906;0;1;0;0;1.05;0.9958;1;1;0.981;0.1642;0.9976;0.9995;1;0.9641;0.7774;0.999;0.999;1;0.999;0.999;0.9924;0.9448;0.1275;3.2643;3.4078;0.0205;0.0059;0.4765;0.0203;0.0721;0.0126;0;0;0.088;0;2.5809;0;0;0;0;0;0;0;0;0;0;0;0;0.0581;0.0249;2.7169;2.7169;0;64.832;64.832;45.092;0.0418;2930.6;927.1;1;0.048;0.048;0;0;0;0;0;0;2.6689;2.5809;0;15.856;18.361;15.062;17.441;98.232;98.232;26.088;21.714;20.627;4.3743;1.0872;0.1677;0.0417;0.7907;33.892;0.7524;0
17/11/21 11:00;73.72;-10.9;15.978;86.839;3.1608;-90;-3.1608;1084.9;179;905.9;20.67;2.11;0;907.28;58.262;120.87;0;0.1403;1086.6;0;1086.6;907.28;120.87;58.262;0.1403;0.835;0.0537;0;0.0001;1086.4;0.1856;0;0;0.0682;0.1174;1082.1;3.1559;0.5002;0.0666;2.5839;0.0051;1085.3;1.0864;0.9073;0.1209;0.0582;0;1082.1;905.87;120.69;55.552;0.0178;639.27;533.79;171.84;-0.0003;5.5404;79.696;-0.0007;85.237;0;1;0;0;1.0015;0.9998;1;1;0.9988;0.163;0.9971;0.9994;1;0.9556;0.7774;0.999;0.999;1;0.999;0.999;0.9959;0.9535;0.1266;3.2629;3.4273;0.0206;0.0063;0.4928;0.0204;0.0722;0.0135;0;0;0.088;0;2.5823;0;0;0;0;0;0;0;0;0;0;0;0;0.0581;0.0252;2.7182;2.7182;0;65.944;65.944;45.274;0.0418;2947.3;922.28;1;0.0479;0.0479;0;0;0;0;0;0;2.6703;2.5823;0;15.87;18.377;15.076;17.458;98.237;98.237;26.077;21.724;20.637;4.3535;1.0863;0.1669;0.0417;0.7914;34.533;0.7502;0
17/11/21 12:00;70.88;36.097;15.347;78.456;11.544;90;11.544;1082.9;178.7;904.2;22.12;2.18;0;922.87;55.944;124.7;0;1.862;1105.4;0;1105.4;922.87;124.7;55.944;1.862;0.8349;0.0523;0;0.0017;1103.3;2.0712;0;0;0.5166;1.5545;1099.4;2.8336;0.4887;0.066;2.2096;0.0692;1102.2;1.1033;0.9229;0.1247;0.0554;0.0003;1099.7;921.46;124.51;53.162;0.2379;630.24;526.25;165.58;0.0284;5.7131;82.181;0.3739;87.865;0;1;0;0;1.0208;0.9981;1;1;0.9908;0.1651;0.9974;0.9995;1;0.9601;0.7746;0.999;0.999;1;0.999;0.999;0.9946;0.9503;0.1278;3.3195;3.4856;0.021;0.0075;0.5294;0.0205;0.0727;0.0138;0;0;0.088;0;2.6001;0;0;0;0;0;0;0;0;0;0;0;0;0.0585;0.026;2.7362;2.7362;0;68.204;68.204;46.084;0.0419;2997.8;912.73;1;0.0481;0.0481;0;0;0;0;0;0;2.6881;2.6001;0;15.703;18.183;14.922;17.279;98.243;98.243;26.529;21.868;20.78;4.6613;1.0875;0.1757;0.041;0.7833;33.671;0.742;0
17/11/21 13:00;61.426;62.912;12.579;64.132;25.868;90;25.868;967.9;163.9;804;21.99;2.12;0;893.53;53.853;119.14;0;8.2433;1074.8;0;1074.8;893.53;119.14;53.853;8.2433;0.8314;0.0578;0;0.0077;1065.8;8.996;0;0;1.8924;7.1037;1062.3;2.3877;0.3879;0.0517;1.7201;0.228;1064.7;1.0658;0.8935;0.1191;0.052;0.0011;1064.4;892.25;118.97;50.188;0.9105;530.26;442.77;141.7;0.488;4.6819;67.347;2.089;71.541;0;1;0;0;1.1104;0.9916;1;1;0.9649;0.1383;0.9978;0.9996;1;0.9669;0.7998;0.999;0.999;1;0.999;0.999;0.9884;0.932;0.1105;3.2275;3.3479;0.0202;0.0048;0.4879;0.0198;0.0704;0.0114;0;0;0.088;0;2.5183;0;0;0;0;0;0;0;0;0;0;0;0;0.0567;0.0241;2.6527;2.6527;0;66.452;66.452;44.462;0.0419;2880.1;921.03;1;0.0463;0.0463;0;0;0;0;0;0;2.6063;2.5183;0;15.657;18.13;14.864;17.212;98.254;98.254;25.794;21.2;20.127;4.5943;1.0735;0.1781;0.0416;0.7803;34.554;0.7453;0
17/11/21 14:00;49.868;77.652;7.9224;50.527;39.473;90;39.473;833.31;151.5;681.81;23.6;1.94;0;883.26;48.705;125.04;0;16.155;1073.2;0;1073.2;883.26;125.04;48.705;16.155;0.823;0.0604;0;0.0151;1055;18.162;0;0;3.3362;14.826;1052.1;1.8713;0.2415;0.0342;1.4658;0.1298;1053.9;1.055;0.8833;0.125;0.0454;0.0013;1056.4;882.13;124.88;43.858;1.1979;399.17;333.3;107.23;1.8995;3.5878;51.609;4.3797;53.297;0;1;0;0;1.2878;0.9831;1;1;0.9315;0.0823;0.9982;0.9997;1;0.9677;0.9022;0.999;0.999;1;0.999;0.999;0.9803;0.9005;0.0742;3.2227;3.2907;0.0198;0.0038;0.4944;0.0194;0.0688;0.0087;0;0;0.088;0;2.4642;0;0;0;0;0;0;0;0;0;0;0;0;0.0554;0.0233;2.597;2.597;0;67.677;67.677;44.077;0.0419;2832.7;916.82;1;0.0449;0.0449;0;0;0;0;0;0;2.5522;2.4642;0;15.352;17.777;14.566;16.867;98.272;98.272;25.756;20.756;19.694;5.0002;1.062;0.1941;0.0412;0.7646;34.538;0.7381;0
17/11/21 15:00;37.709;87.809;1.733;37.729;52.271;90;52.271;231.99;225.3;6.6913;22.8;1.7401;0;10.935;180.17;2.8778;0;7.6526;201.63;0;201.63;10.935;2.8778;180.17;7.6526;0.0542;0.9315;0;0.038;175.85;25.784;0;0;18.604;7.1791;170.24;5.4326;0.0007;0.0002;5.4126;0.0192;175.67;0.1758;0.0109;0.0029;0.1616;0.0005;173.21;10.923;2.8747;155.99;0.4538;146.74;122.53;42.754;18.501;2.2593;32.499;2.9676;16.258;0;1;0;0;0.8691;0.8721;1;1;0.8967;0.0619;0.9691;0.9999;1;0.9665;0.9594;0.999;0.999;1;0.999;0.999;0.8443;0.8658;0.0593;0.6055;0.5902;0.0036;0.0177;0.0102;0.0039;0.0139;0.0062;0;0;0.088;0;0.4252;0;0;0;0;0;0;0;0;0;0;0;0;0.0112;0.001;0.5226;0.5226;0;29.772;29.772;6.9719;0.041;502.71;1039.6;1;0.0094;0.0094;0;0;0;0;0;0;0.5132;0.4252;0;16.442;19.04;13.378;15.492;98.203;98.203;4.8391;4.1768;3.3984;0.6624;0.7783;0.1369;0.1608;0.7023;143.96;0.6267;0
17/11/21 16:00;25.46;96.209;7.126;25.591;60;90;60;186.2;178.6;7.6058;23.88;1.32;0;17.556;132.26;5.2112;0;7.9137;162.94;0;162.94;17.556;5.2112;132.26;7.9137;0.1077;0.8603;0;0.0486;138.83;24.102;0;0;16.679;7.423;134.57;4.1221;0.0043;0.0013;4.0831;0.0334;138.7;0.1388;0.0176;0.0052;0.1156;0.0005;137.72;17.534;5.2047;111.38;0.4568;115.66;96.575;35.055;22.113;2.182;31.387;3.1459;11.456;0;1;0;0;0.875;0.8521;1;1;0.8739;0.062;0.9703;0.9998;1;0.9646;0.9319;0.999;0.999;1;0.999;0.999;0.8259;0.8421;0.0577;0.4893;0.481;0.0029;0.0181;0.0077;0.0032;0.0112;0.0059;0;0;0.088;0;0.326;0;0;0;0;0;0;0;0;0;0;0;0;0.009;0.0007;0.4222;0.4222;0;29.401;29.401;5.5215;0.041;408.99;1032.4;1;0.0083;0.0083;0;0;0;0;0;0;0.414;0.326;0;16.439;19.036;12.692;14.697;98.045;98.045;3.9105;3.3746;2.6053;0.5359;0.7693;0.137;0.1967;0.6662;115.14;0.5823;0
17/11/21 17:00;13.394;104.11;55.818;13.795;21.537;90;21.537;53.603;52.903;0.6998;23.07;0.8899;0;1.6972;50.946;0.2769;0;0.3181;53.238;0;53.238;1.6972;0.2769;50.946;0.3181;0.0319;0.9629;0;0.006;51.635;1.6032;0;0;1.3342;0.2689;49.838;1.7452;0.0389;0.0064;1.6893;0.0107;51.584;0.0516;0.0017;0.0003;0.0496;0;49.919;1.6566;0.2703;47.873;0.0385;31.902;26.638;8.2228;0.2386;0.3149;4.5302;0.0807;4.6065;0;1;0;0;0.9932;0.9699;1;1;0.9738;0.1545;0.9662;0.977;1;0.9659;0.7831;0.999;0.999;1;0.999;0.999;0.9361;0.9397;0.1209;0.1599;0.1599;0.001;0.0139;0.0001;0.001;0.0036;0.0008;0;0;0.088;0;0.0432;0;0;0;0;0;0;0;0;0;0;0;0;0.0029;0.0001;0.1365;0.1365;0;25.129;25.129;2.0593;0.0413;135.26;1009.2;1;0.0053;0.0053;0;0;0;0;0;0;0.1312;0.0432;0;16.266;18.836;5.1432;5.9557;96.084;96.084;1.2777;1.091;0.345;0.1867;0.746;0.1461;0.5839;0.27;31.898;0.2538;0
17/11/21 18:00;3.8386;110.72;80.656;4.1031;5.8902;90;5.8902;7.599;7.4965;0.1024;19.9;1.06;0;0.2485;7.4685;0.0199;0;0.0034;7.7403;0;7.7403;0.2485;0.0199;7.4685;0.0034;0.0321;0.9653;0;0.0004;7.7146;0.0257;0;0;0.0228;0.0029;7.2931;0.4138;0.0856;0.0068;0.3212;0.0001;7.7069;0.0077;0.0002;0;0.0074;0;7.2934;0.1626;0.013;7.117;0.0004;4.4414;3.7085;1.1149;0.0002;0.0436;0.6277;0.0003;0.6711;0;1;0;0;1.0186;0.9967;1;1;0.9969;0.1639;0.9463;0.6552;1;0.9568;0.776;0.999;0.999;1;0.999;0.999;0.9422;0.9529;0.1271;0.0232;0.0233;0.0001;0.0052;-0.0004;0.0001;0.0005;0.0001;0;0;0.088;0;-0.0731;0;0;0;0;0;0;0;0;0;0;0;0;0.0004;0;0.0172;0.0172;0;20.21;20.21;0.3101;0.0425;18.312;941.16;1;0.0023;0.0023;0;0;0;0;0;0;0.0149;-0.0731;0;14.125;16.356;-59.884;-69.345;86.635;86.635;0.1858;0.1377;-0.584;0.048;0.7217;0.2585;3.885;0;4.4408;0;0
17/11/21 19:00;0;0;90;0;0;90;0;0;0;0;16.4;1.48;0;0;0;0;0;0;0;0;0;0;0;0;0;1;1;1;1;0;0;0;0;0;0;0;0;0;0;0;0;0;0;0;0;0;0;0;0;0;0;0;0;0;0;0;0;0;0;0;0;0;0;0;1;1;1;1;1;1;1;1;1;1;1;1;1;1;1;1;1;1;1;0;0;0;0;0;0;0;0;0;0.0004;0.088;0;-0.0884;0;0;0;0;0;0;0;0;0;0;0;0;0;0;0;0;0;0;0;-16.4;0;0;0;0;0.0004;0;0;0;0;0;0;0;-0.0004;-0.0884;0;0;0;0;0;0;0;0;0;-0.7063;0;0.7063;1;1;0;0;0;0
17/11/21 20:00;0;0;90;0;0;90;0;0;0;0;14.18;1.9101;0;0;0;0;0;0;0;0;0;0;0;0;0;1;1;1;1;0;0;0;0;0;0;0;0;0;0;0;0;0;0;0;0;0;0;0;0;0;0;0;0;0;0;0;0;0;0;0;0;0;0;0;1;1;1;1;1;1;1;1;1;1;1;1;1;1;1;1;1;1;1;0;0;0;0;0;0;0;0;0;0.0004;0.088;0;-0.0884;0;0;0;0;0;0;0;0;0;0;0;0;0;0;0;0;0;0;0;-14.18;0;0;0;0;0.0004;0;0;0;0;0;0;0;-0.0004;-0.0884;0;0;0;0;0;0;0;0;0;-0.7063;0;0.7063;1;1;0;0;0;0
17/11/21 21:00;0;0;90;0;0;90;0;0;0;0;13.09;2.3999;0;0;0;0;0;0;0;0;0;0;0;0;0;1;1;1;1;0;0;0;0;0;0;0;0;0;0;0;0;0;0;0;0;0;0;0;0;0;0;0;0;0;0;0;0;0;0;0;0;0;0;0;1;1;1;1;1;1;1;1;1;1;1;1;1;1;1;1;1;1;1;0;0;0;0;0;0;0;0;0;0.0004;0.088;0;-0.0884;0;0;0;0;0;0;0;0;0;0;0;0;0;0;0;0;0;0;0;-13.09;0;0;0;0;0.0004;0;0;0;0;0;0;0;-0.0004;-0.0884;0;0;0;0;0;0;0;0;0;-0.7063;0;0.7063;1;1;0;0;0;0
17/11/21 22:00;0;0;90;0;0;90;0;0;0;0;11.71;2.76;0;0;0;0;0;0;0;0;0;0;0;0;0;1;1;1;1;0;0;0;0;0;0;0;0;0;0;0;0;0;0;0;0;0;0;0;0;0;0;0;0;0;0;0;0;0;0;0;0;0;0;0;1;1;1;1;1;1;1;1;1;1;1;1;1;1;1;1;1;1;1;0;0;0;0;0;0;0;0;0;0.0004;0.088;0;-0.0884;0;0;0;0;0;0;0;0;0;0;0;0;0;0;0;0;0;0;0;-11.71;0;0;0;0;0.0004;0;0;0;0;0;0;0;-0.0004;-0.0884;0;0;0;0;0;0;0;0;0;-0.7063;0;0.7063;1;1;0;0;0;0
17/11/21 23:00;0;0;90;0;0;90;0;0;0;0;11.5;2.9599;0;0;0;0;0;0;0;0;0;0;0;0;0;1;1;1;1;0;0;0;0;0;0;0;0;0;0;0;0;0;0;0;0;0;0;0;0;0;0;0;0;0;0;0;0;0;0;0;0;0;0;0;1;1;1;1;1;1;1;1;1;1;1;1;1;1;1;1;1;1;1;0;0;0;0;0;0;0;0;0;0.0004;0.088;0;-0.0884;0;0;0;0;0;0;0;0;0;0;0;0;0;0;0;0;0;0;0;-11.5;0;0;0;0;0.0004;0;0;0;0;0;0;0;-0.0004;-0.0884;0;0;0;0;0;0;0;0;0;-0.7063;0;0.7063;1;1;0;0;0;0
18/11/21 00:00;0;0;90;0;0;90;0;0;0;0;10.32;3.14;0;0;0;0;0;0;0;0;0;0;0;0;0;1;1;1;1;0;0;0;0;0;0;0;0;0;0;0;0;0;0;0;0;0;0;0;0;0;0;0;0;0;0;0;0;0;0;0;0;0;0;0;1;1;1;1;1;1;1;1;1;1;1;1;1;1;1;1;1;1;1;0;0;0;0;0;0;0;0;0;0.0004;0.088;0;-0.0884;0;0;0;0;0;0;0;0;0;0;0;0;0;0;0;0;0;0;0;-10.32;0;0;0;0;0.0004;0;0;0;0;0;0;0;-0.0004;-0.0884;0;0;0;0;0;0;0;0;0;-0.7063;0;0.7063;1;1;0;0;0;0
18/11/21 01:00;0;0;90;0;0;90;0;0;0;0;9.2003;3.29;0;0;0;0;0;0;0;0;0;0;0;0;0;1;1;1;1;0;0;0;0;0;0;0;0;0;0;0;0;0;0;0;0;0;0;0;0;0;0;0;0;0;0;0;0;0;0;0;0;0;0;0;1;1;1;1;1;1;1;1;1;1;1;1;1;1;1;1;1;1;1;0;0;0;0;0;0;0;0;0;0.0004;0.088;0;-0.0884;0;0;0;0;0;0;0;0;0;0;0;0;0;0;0;0;0;0;0;-9.2003;0;0;0;0;0.0004;0;0;0;0;0;0;0;-0.0004;-0.0884;0;0;0;0;0;0;0;0;0;-0.7063;0;0.7063;1;1;0;0;0;0
18/11/21 02:00;0;0;90;0;0;90;0;0;0;0;8.8998;3.37;0;0;0;0;0;0;0;0;0;0;0;0;0;1;1;1;1;0;0;0;0;0;0;0;0;0;0;0;0;0;0;0;0;0;0;0;0;0;0;0;0;0;0;0;0;0;0;0;0;0;0;0;1;1;1;1;1;1;1;1;1;1;1;1;1;1;1;1;1;1;1;0;0;0;0;0;0;0;0;0;0.0004;0.088;0;-0.0884;0;0;0;0;0;0;0;0;0;0;0;0;0;0;0;0;0;0;0;-8.8998;0;0;0;0;0.0004;0;0;0;0;0;0;0;-0.0004;-0.0884;0;0;0;0;0;0;0;0;0;-0.7063;0;0.7063;1;1;0;0;0;0
18/11/21 03:00;0;0;90;0;0;90;0;0;0;0;8.4697;3.5001;0;0;0;0;0;0;0;0;0;0;0;0;0;1;1;1;1;0;0;0;0;0;0;0;0;0;0;0;0;0;0;0;0;0;0;0;0;0;0;0;0;0;0;0;0;0;0;0;0;0;0;0;1;1;1;1;1;1;1;1;1;1;1;1;1;1;1;1;1;1;1;0;0;0;0;0;0;0;0;0;0.0004;0.088;0;-0.0884;0;0;0;0;0;0;0;0;0;0;0;0;0;0;0;0;0;0;0;-8.4697;0;0;0;0;0.0004;0;0;0;0;0;0;0;-0.0004;-0.0884;0;0;0;0;0;0;0;0;0;-0.7063;0;0.7063;1;1;0;0;0;0
18/11/21 04:00;1.3342;-112.87;86.763;1.448;2.0656;-90;-2.0656;0;0;0;7.43;3.93;0;0;0;0;0;0;0;0;0;0;0;0;0;1;1;1;1;0;0;0;0;0;0;0;0;0;0;0;0;0;0;0;0;0;0;0;0;0;0;0;0;0;0;0;0;0;0;0;0;0;0;0;1;1;1;1;1;1;1;1;1;1;1;1;1;1;1;1;1;1;1;0;0;0;0;0;0;0;0;0;0.0004;0.088;0;-0.0884;0;0;0;0;0;0;0;0;0;0;0;0;0;0;0;0;0;0;0;-7.43;0;0;0;0;0.0004;0;0;0;0;0;0;0;-0.0004;-0.0884;0;0;0;0;0;0;0;0;0;-0.7063;0;0.7063;1;1;0;0;0;0
18/11/21 05:00;8.4274;-107.76;69.18;8.8428;13.047;-90;-13.047;120.9;20.003;100.9;8.9198;4.8501;0;244.7;10.036;23.853;0;0.2653;278.86;0;278.86;244.7;23.853;10.036;0.2653;0.8775;0.0369;0;0.001;278.52;0.3347;0;0;0.1136;0.2211;251.3;26.944;24.19;2.358;0.3861;0.0099;278.24;0.2785;0.2447;0.0239;0.0099;0;251.31;220.27;21.471;9.5268;0.0342;6.6101;5.5194;1.4582;0.0079;0.0785;1.1295;0.0055;1.2001;0;1;0;0;2.3065;0.9988;1;1;0.9887;0.1665;0.9032;0.901;1;0.9611;0.7753;0.999;0.999;1;0.999;0.999;0.9012;0.9492;0.1289;0.8374;0.7593;0.0046;0.0164;-0.016;0.0053;0.0187;0.0002;0;0;0.088;0;0.6129;0;0;0;0;0;0;0;0;0;0;0;0;0.0151;0.0016;0.7134;0.7134;0;19.086;19.086;10.166;0.0405;650.15;1097.3;1;0.0126;0.0126;0;0;0;0;0;0;0.7009;0.6129;0;16.229;18.793;13.942;16.144;98.24;98.24;6.6926;5.7017;4.898;0.9909;0.8036;0.1481;0.1201;0.7319;6.0676;0.7296;0
18/11/21 06:00;20.332;-99.852;32.575;20.611;38.011;-90;-38.011;325.9;56.901;268.99;13.34;4.58;0;652.39;22.742;76.301;0;5.8756;757.31;0;757.31;652.39;76.301;22.742;5.8756;0.8615;0.0378;0;0.0078;750.49;6.8138;0;0;1.4671;5.3468;747.15;2.5956;1.6567;0.1938;0.6863;0.0589;749.74;0.7505;0.6524;0.0763;0.0213;0.0005;747.3;650.08;76.031;20.567;0.4694;17.402;14.531;4.9727;0.7791;0.1823;2.6224;0.1555;2.0256;0;1;0;0;2.3238;0.991;1;1;0.9355;0.09;0.9965;0.9975;1;0.9677;0.8885;0.999;0.999;1;0.999;0.999;0.9866;0.9044;0.0799;2.2742;2.2563;0.0136;-0.0014;0.1503;0.0147;0.052;0.0005;0;0;0.088;0;1.8528;0;0;0;0;0;0;0;0;0;0;0;0;0.0419;0.0114;1.9735;1.9735;0;44.034;44.034;30.694;0.0411;1941.4;1016.5;1;0.0326;0.0326;0;0;0;0;0;0;1.9408;1.8528;0;16.531;19.142;15.52;17.972;98.347;98.347;18.175;15.772;14.808;2.4034;0.9641;0.1322;0.053;0.8147;15.93;0.8126;0
18/11/21 07:00;32.525;-91.808;1.5247;32.538;57.462;-90;-57.462;553.4;91.098;462.3;17.54;4.83;0;859.51;27.034;104;0;21.738;1012.3;0;1012.3;859.51;104;27.034;21.738;0.8491;0.0482;0;0.0215;988.72;23.561;0;0;3.1957;20.366;986.78;0.9473;0.0452;0.0055;0.8254;0.0712;987.73;0.9887;0.8595;0.104;0.0238;0.0014;990.54;858.6;103.9;22.989;1.3;145.77;121.72;38.31;3.8796;1.5724;22.618;3.7598;20.31;0;1;0;0;1.8292;0.9767;1;1;0.8818;0.0631;0.999;0.9999;1;0.9653;0.9481;0.999;0.999;1;0.999;0.999;0.9748;0.8504;0.0598;3.0399;3.0311;0.0182;0.0002;0.357;0.0186;0.0659;0.004;0;0;0.088;0;2.3627;0;0;0;0;0;0;0;0;0;0;0;0;0.0531;0.0199;2.4942;2.4942;0;58.567;58.567;41.027;0.0416;2610.1;955.59;1;0.0434;0.0434;0;0;0;0;0;0;2.4507;2.3627;0;15.63;18.099;14.807;17.146;98.259;98.259;24.295;19.933;18.883;4.3613;1.0504;0.1795;0.0432;0.7772;22.859;0.7645;0
18/11/21 08:00;44.768;-82.67;5.1971;45.003;44.997;-90;-44.997;756.5;124.8;631.7;21.11;4.9301;0;893.32;38.281;113.06;0;18.832;1063.5;0;1063.5;893.32;113.06;38.281;18.832;0.84;0.0537;0;0.0177;1042.8;20.645;0;0;3.174;17.471;1040.4;1.4051;0.1602;0.0203;1.1432;0.0814;1041.8;1.0428;0.8933;0.1131;0.0351;0.0014;1045;892.26;112.93;33.929;1.2776;327.22;273.23;86.42;2.3419;3.0883;44.424;4.6135;45.171;0;1;0;0;1.4058;0.9806;1;1;0.9171;0.0722;0.9987;0.9998;1;0.9674;0.9401;0.999;0.999;1;0.999;0.999;0.9783;0.8863;0.0678;3.1937;3.2411;0.0195;0.0029;0.451;0.0194;0.0687;0.0076;0;0;0.088;0;2.4609;0;0;0;0;0;0;0;0;0;0;0;0;0.0553;0.0226;2.594;2.594;0;64.586;64.586;43.476;0.0418;2789.1;930.07;1;0.0452;0.0452;0;0;0;0;0;0;2.5489;2.4609;0;15.473;17.918;14.679;16.998;98.259;98.259;25.524;20.732;19.667;4.7921;1.0643;0.1878;0.0417;0.7706;28.49;0.7472;0
18/11/21 09:00;56.697;-70.515;10.553;58.229;31.771;-90;-31.771;916.5;151.2;765.31;23.95;4.8;0;900.19;48.4;116.31;0;11.673;1076.6;0;1076.6;900.19;116.31;48.4;11.673;0.8362;0.0558;0;0.0108;1063.9;12.677;0;0;2.3565;10.321;1060.7;2.0841;0.3278;0.0424;1.4914;0.2226;1062.8;1.0639;0.9002;0.1163;0.046;0.0014;1063.8;898.96;116.15;44.506;1.128;479.42;400.32;131.31;0.8965;4.0546;58.323;3.0556;61.482;0;1;0;0;1.1746;0.9882;1;1;0.9513;0.1158;0.998;0.9996;1;0.9676;0.8352;0.999;0.999;1;0.999;0.999;0.9853;0.9195;0.0966;3.2329;3.327;0.02;0.0044;0.5086;0.0196;0.0694;0.0098;0;0;0.088;0;2.4824;0;0;0;0;0;0;0;0;0;0;0;0;0.0559;0.0238;2.6156;2.6156;0;68.419;68.419;44.469;0.0419;2863.6;913.4;1;0.0452;0.0452;0;0;0;0;0;0;2.5704;2.4824;0;15.412;17.847;14.627;16.938;98.271;98.271;25.838;20.904;19.839;4.9339;1.0647;0.191;0.0412;0.7678;32.301;0.7379;0
18/11/21 10:00;67.423;-50.393;14.168;72.238;17.762;-90;-17.762;887.11;221;666.11;24.79;4.5399;0;699.45;104.58;119.56;0;3.5944;927.19;0;927.19;699.45;119.56;104.58;3.5944;0.7544;0.1167;0;0.0039;922.19;4.9941;0;0;1.9899;3.0042;917.06;4.2108;0.3419;0.0585;3.6791;0.1312;921.27;0.9222;0.6994;0.1196;0.1026;0.0006;917.88;698.41;119.38;98.812;0.4584;508.26;424.4;136.03;0.2469;4.4597;64.151;0.8194;68.363;0;1;0;0;1.0452;0.9946;1;1;0.981;0.1642;0.9954;0.9995;1;0.9641;0.7774;0.999;0.999;1;0.999;0.999;0.9891;0.9448;0.1275;2.7843;2.8998;0.0175;-0.0009;0.3888;0.0175;0.0619;0.011;0;0;0.088;0;2.2088;0;0;0;0;0;0;0;0;0;0;0;0;0.0499;0.0183;2.3359;2.3359;0;63.059;63.059;38.269;0.0417;2493.8;936.69;1;0.0391;0.0391;0;0;0;0;0;0;2.2968;2.2088;0;15.982;18.507;15.112;17.499;98.325;98.325;22.253;18.669;17.653;3.584;1.016;0.1611;0.0457;0.7933;64.333;0.7542;0
18/11/21 11:00;73.947;-11.219;15.738;86.796;3.2045;-90;-3.2045;1053.9;173.9;879.99;25.9;4.2901;0;881.37;60.126;113.91;0;0.1401;1055.5;0;1055.5;881.37;113.91;60.126;0.1401;0.835;0.0571;0;0.0001;1055.4;0.189;0;0;0.0718;0.1172;1051.1;3.2111;0.4787;0.0619;2.6655;0.0051;1054.3;1.0554;0.8814;0.1139;0.0601;0;1051.1;880.01;113.73;57.329;0.0177;621;518.53;166.89;-0.0003;5.3845;77.454;-0.0002;82.839;0;1;0;0;1.0016;0.9998;1;1;0.9988;0.163;0.997;0.9995;1;0.9556;0.7774;0.999;0.999;1;0.999;0.999;0.9958;0.9535;0.1266;3.1698;3.329;0.02;0.0044;0.5283;0.0194;0.0689;0.0129;0;0;0.088;0;2.4632;0;0;0;0;0;0;0;0;0;0;0;0;0.0555;0.0238;2.5957;2.5957;0;70.022;70.022;44.122;0.042;2864;906.32;1;0.0446;0.0446;0;0;0;0;0;0;2.5512;2.4632;0;15.6;18.064;14.803;17.142;98.283;98.283;25.333;20.745;19.686;4.588;1.0594;0.1811;0.0418;0.7771;35.639;0.7366;0
18/11/21 12:00;71.11;36.34;15.117;78.538;11.462;90;11.462;972.39;199.8;772.6;26.3;3.9801;0;788.32;82.448;118.89;0;1.6485;991.31;0;991.31;788.32;118.89;82.448;1.6485;0.7952;0.0848;0;0.0017;989.18;2.1287;0;0;0.7524;1.3763;984.39;3.7955;0.4112;0.062;3.261;0.0613;988.19;0.9892;0.7883;0.1189;0.0817;0.0003;984.72;787.12;118.71;78.352;0.2106;566.5;473.03;148.62;0.0405;5.1504;74.086;0.329;79.196;0;1;0;0;1.0194;0.9979;1;1;0.9909;0.1651;0.9962;0.9995;1;0.96;0.7746;0.999;0.999;1;0.999;0.999;0.993;0.9503;0.1278;2.9769;3.1221;0.0188;0.0013;0.4682;0.0184;0.0654;0.0125;0;0;0.088;0;2.3341;0;0;0;0;0;0;0;0;0;0;0;0;0.0527;0.021;2.4638;2.4638;0;67.533;67.533;41.233;0.0419;2684.8;917.67;1;0.0417;0.0417;0;0;0;0;0;0;2.4221;2.3341;0;15.766;18.257;14.936;17.296;98.307;98.307;23.791;19.691;18.654;4.1008;1.0368;0.1724;0.0436;0.7841;49.611;0.7425;0
18/11/21 13:00;61.617;63.231;12.363;64.246;25.754;90;25.754;639.99;409.8;230.19;26.85;3.64;0;255.58;316.67;85.022;0;5.4034;662.68;0;662.68;255.58;85.022;316.67;5.4034;0.3857;0.486;0;0.0082;646.98;15.703;0;0;11.049;4.6539;635.91;10.419;0.109;0.0363;10.124;0.1503;646.33;0.647;0.2556;0.085;0.3056;0.0007;637.35;255.21;84.901;295.2;0.5984;370.07;309.01;97.786;2.8145;3.5004;50.351;1.445;51.037;0;1;0;0;1.0354;0.9763;1;1;0.9651;0.1387;0.9839;0.9996;1;0.9668;0.7992;0.999;0.999;1;0.999;0.999;0.9596;0.9322;0.1108;1.99;2.0258;0.0122;0.0002;0.2018;0.0127;0.045;0.009;0;0;0.088;0;1.5848;0;0;0;0;0;0;0;0;0;0;0;0;0.0362;0.0093;1.6994;1.6994;0;53.184;53.184;26.335;0.0414;1741.9;975.61;1;0.0266;0.0266;0;0;0;0;0;0;1.6728;1.5848;0;16.268;18.838;15.171;17.567;98.434;98.434;15.904;13.582;12.666;2.3226;0.916;0.146;0.0576;0.7964;203.05;0.7535;0
18/11/21 14:00;50.037;77.925;7.722;50.667;39.333;90;39.333;406.59;360.3;46.29;27.2;3.6501;0;59.847;305.71;20.092;0;7.8288;393.48;0;393.48;59.847;20.092;305.71;7.8288;0.1521;0.7968;0;0.0199;365.47;28.008;0;0;20.827;7.1807;355.82;9.2881;0.0159;0.0054;9.2025;0.0643;365.11;0.3655;0.0598;0.0201;0.2849;0.0006;358.42;59.771;20.067;275.4;0.5832;245.57;205.05;67.671;11.755;2.7845;40.054;2.6043;31.083;0;1;0;0;0.9678;0.9288;1;1;0.9319;0.0828;0.9746;0.9997;1;0.9677;0.9007;0.999;0.999;1;0.999;0.999;0.9043;0.9008;0.0745;1.1816;1.164;0.007;0.0111;0.07;0.0075;0.0267;0.0074;0;0;0.088;0;0.9056;0;0;0;0;0;0;0;0;0;0;0;0;0.0215;0.0033;1.0093;1.0093;0;41.839;41.839;14.638;0.0411;998.79;1010.6;1;0.0158;0.0158;0;0;0;0;0;0;0.9936;0.9056;0;16.272;18.843;14.599;16.906;98.437;98.437;9.4436;8.0666;7.2372;1.3769;0.8294;0.1458;0.0878;0.7664;216.54;0.7121;0
18/11/21 15:00;37.871;88.039;1.5482;37.888;52.112;90;52.112;236.1;229;7.0952;25.95;4.0501;0;11.554;183.29;3.078;0;7.744;205.67;0;205.67;11.554;3.078;183.29;7.744;0.0562;0.9289;0;0.0377;179.56;26.108;0;0;18.844;7.2642;173.85;5.5248;0.0006;0.0002;5.5046;0.0194;179.38;0.1796;0.0116;0.0031;0.1644;0.0005;176.85;11.541;3.0748;158.78;0.4599;149.2;124.58;43.456;18.622;2.2857;32.879;2.9933;16.542;0;1;0;0;0.8711;0.8731;1;1;0.8972;0.062;0.9692;0.9999;1;0.9665;0.9594;0.999;0.999;1;0.999;0.999;0.8453;0.8663;0.0594;0.6176;0.602;0.0036;0.0177;0.0176;0.0039;0.014;0.0061;0;0;0.088;0;0.4294;0;0;0;0;0;0;0;0;0;0;0;0;0.0113;0.0011;0.5267;0.5267;0;33.089;33.089;7.1388;0.0411;512.87;1026.9;1;0.0093;0.0093;0;0;0;0;0;0;0.5174;0.4294;0;16.245;18.811;13.244;15.336;98.233;98.233;4.936;4.2092;3.4315;0.7268;0.7777;0.1472;0.1576;0.6952;146.21;0.6209;0
18/11/21 16:00;25.624;96.408;7.1577;25.765;60;90;60;54.795;54.4;0.395;25.15;3.4;0;0.9061;40.773;0.0814;0;2.3288;44.089;0;44.089;0.9061;0.0814;40.773;2.3288;0.0206;0.9776;0;0.0528;36.763;7.3264;0;0;5.142;2.1844;35.457;1.2689;0.0002;0;1.2588;0.0098;36.726;0.0368;0.0009;0.0001;0.0356;0.0001;36.422;0.905;0.0813;34.337;0.1344;35.521;29.66;10.77;6.8171;0.6716;9.6604;0.9647;3.5149;0;1;0;0;0.8046;0.8338;1;1;0.8739;0.062;0.9655;0.9998;1;0.9646;0.9319;0.999;0.999;1;0.999;0.999;0.8042;0.8421;0.0577;0.1324;0.1301;0.0008;0.0127;0.0008;0.0008;0.0029;0.0017;0;0;0.088;0;0.0155;0;0;0;0;0;0;0;0;0;0;0;0;0.0023;0.0001;0.108;0.108;0;26.623;26.623;1.4733;0.0416;109.18;988.95;1;0.0045;0.0045;0;0;0;0;0;0;0.1035;0.0155;0;15.535;17.989;2.2288;2.5809;95.851;95.851;1.0581;0.8629;0.1238;0.1952;0.7391;0.1845;0.6985;0.117;35.496;0.1005;0
18/11/21 17:00;13.566;104.29;55.328;13.982;21.891;90;21.891;126.7;117.5;9.2014;23.84;2.4501;0;22.316;110.09;7.9838;0;0.7765;141.17;0;141.17;22.316;7.9838;110.09;0.7765;0.1581;0.7854;0;0.0055;137.55;3.6171;0;0;2.9596;0.6575;133.09;4.3206;0.4838;0.1731;3.638;0.0257;137.41;0.1375;0.0223;0.008;0.1071;0.0001;133.27;21.81;7.8027;103.39;0.0933;69.119;57.714;17.843;0.5471;0.6825;9.8173;0.1819;9.9526;0;1;0;0;1.1142;0.9744;1;1;0.9731;0.1533;0.9686;0.9783;1;0.966;0.7842;0.999;0.999;1;0.999;0.999;0.9428;0.9391;0.1201;0.4239;0.4221;0.0025;0.018;0.0066;0.0028;0.0098;0.0018;0;0;0.088;0;0.2763;0;0;0;0;0;0;0;0;0;0;0;0;0.0079;0.0006;0.372;0.372;0;29.301;29.301;5.4608;0.041;360.34;1032.5;1;0.0077;0.0077;0;0;0;0;0;0;0.3643;0.2763;0;16.718;19.359;12.417;14.378;97.924;97.924;3.388;2.9733;2.2083;0.4147;0.765;0.1224;0.2258;0.6518;69.058;0.6195;0
18/11/21 18:00;3.8281;111.02;80.682;4.1002;5.8859;90;5.8859;0;0;0;21.75;2.7701;0;0;0;0;0;0;0;0;0;0;0;0;0;1;1;1;1;0;0;0;0;0;0;0;0;0;0;0;0;0;0;0;0;0;0;0;0;0;0;0;0;0;0;0;0;0;0;0;0;0;0;0;1;1;1;1;1;1;1;1;1;1;1;1;1;1;1;1;1;1;1;0;0;0;0;0;0;0;0;0;0.0004;0.088;0;-0.0884;0;0;0;0;0;0;0;0;0;0;0;0;0;0;0;0;0;0;0;-21.75;0;0;0;0;0.0004;0;0;0;0;0;0;0;-0.0004;-0.0884;0;0;0;0;0;0;0;0;0;-0.7063;0;0.7063;1;1;0;0;0;0
18/11/21 19:00;0;0;90;0;0;90;0;0;0;0;19.13;3.1199;0;0;0;0;0;0;0;0;0;0;0;0;0;1;1;1;1;0;0;0;0;0;0;0;0;0;0;0;0;0;0;0;0;0;0;0;0;0;0;0;0;0;0;0;0;0;0;0;0;0;0;0;1;1;1;1;1;1;1;1;1;1;1;1;1;1;1;1;1;1;1;0;0;0;0;0;0;0;0;0;0.0004;0.088;0;-0.0884;0;0;0;0;0;0;0;0;0;0;0;0;0;0;0;0;0;0;0;-19.13;0;0;0;0;0.0004;0;0;0;0;0;0;0;-0.0004;-0.0884;0;0;0;0;0;0;0;0;0;-0.7063;0;0.7063;1;1;0;0;0;0
18/11/21 20:00;0;0;90;0;0;90;0;0;0;0;18.88;3.9801;0;0;0;0;0;0;0;0;0;0;0;0;0;1;1;1;1;0;0;0;0;0;0;0;0;0;0;0;0;0;0;0;0;0;0;0;0;0;0;0;0;0;0;0;0;0;0;0;0;0;0;0;1;1;1;1;1;1;1;1;1;1;1;1;1;1;1;1;1;1;1;0;0;0;0;0;0;0;0;0;0.0004;0.088;0;-0.0884;0;0;0;0;0;0;0;0;0;0;0;0;0;0;0;0;0;0;0;-18.88;0;0;0;0;0.0004;0;0;0;0;0;0;0;-0.0004;-0.0884;0;0;0;0;0;0;0;0;0;-0.7063;0;0.7063;1;1;0;0;0;0
18/11/21 21:00;0;0;90;0;0;90;0;0;0;0;19.4;6.3099;0;0;0;0;0;0;0;0;0;0;0;0;0;1;1;1;1;0;0;0;0;0;0;0;0;0;0;0;0;0;0;0;0;0;0;0;0;0;0;0;0;0;0;0;0;0;0;0;0;0;0;0;1;1;1;1;1;1;1;1;1;1;1;1;1;1;1;1;1;1;1;0;0;0;0;0;0;0;0;0;0.0004;0.088;0;-0.0884;0;0;0;0;0;0;0;0;0;0;0;0;0;0;0;0;0;0;0;-19.4;0;0;0;0;0.0004;0;0;0;0;0;0;0;-0.0004;-0.0884;0;0;0;0;0;0;0;0;0;-0.7063;0;0.7063;1;1;0;0;0;0
18/11/21 22:00;0;0;90;0;0;90;0;0;0;0;18.44;5.6;0;0;0;0;0;0;0;0;0;0;0;0;0;1;1;1;1;0;0;0;0;0;0;0;0;0;0;0;0;0;0;0;0;0;0;0;0;0;0;0;0;0;0;0;0;0;0;0;0;0;0;0;1;1;1;1;1;1;1;1;1;1;1;1;1;1;1;1;1;1;1;0;0;0;0;0;0;0;0;0;0.0004;0.088;0;-0.0884;0;0;0;0;0;0;0;0;0;0;0;0;0;0;0;0;0;0;0;-18.44;0;0;0;0;0.0004;0;0;0;0;0;0;0;-0.0004;-0.0884;0;0;0;0;0;0;0;0;0;-0.7063;0;0.7063;1;1;0;0;0;0
18/11/21 23:00;0;0;90;0;0;90;0;0;0;0;18.76;4.2201;0;0;0;0;0;0;0;0;0;0;0;0;0;1;1;1;1;0;0;0;0;0;0;0;0;0;0;0;0;0;0;0;0;0;0;0;0;0;0;0;0;0;0;0;0;0;0;0;0;0;0;0;1;1;1;1;1;1;1;1;1;1;1;1;1;1;1;1;1;1;1;0;0;0;0;0;0;0;0;0;0.0004;0.088;0;-0.0884;0;0;0;0;0;0;0;0;0;0;0;0;0;0;0;0;0;0;0;-18.76;0;0;0;0;0.0004;0;0;0;0;0;0;0;-0.0004;-0.0884;0;0;0;0;0;0;0;0;0;-0.7063;0;0.7063;1;1;0;0;0;0
19/11/21 00:00;0;0;90;0;0;90;0;0;0;0;19.67;4.9499;0;0;0;0;0;0;0;0;0;0;0;0;0;1;1;1;1;0;0;0;0;0;0;0;0;0;0;0;0;0;0;0;0;0;0;0;0;0;0;0;0;0;0;0;0;0;0;0;0;0;0;0;1;1;1;1;1;1;1;1;1;1;1;1;1;1;1;1;1;1;1;0;0;0;0;0;0;0;0;0;0.0004;0.088;0;-0.0884;0;0;0;0;0;0;0;0;0;0;0;0;0;0;0;0;0;0;0;-19.67;0;0;0;0;0.0004;0;0;0;0;0;0;0;-0.0004;-0.0884;0;0;0;0;0;0;0;0;0;-0.7063;0;0.7063;1;1;0;0;0;0
19/11/21 01:00;0;0;90;0;0;90;0;0;0;0;21.9;5.3201;0;0;0;0;0;0;0;0;0;0;0;0;0;1;1;1;1;0;0;0;0;0;0;0;0;0;0;0;0;0;0;0;0;0;0;0;0;0;0;0;0;0;0;0;0;0;0;0;0;0;0;0;1;1;1;1;1;1;1;1;1;1;1;1;1;1;1;1;1;1;1;0;0;0;0;0;0;0;0;0;0.0004;0.088;0;-0.0884;0;0;0;0;0;0;0;0;0;0;0;0;0;0;0;0;0;0;0;-21.9;0;0;0;0;0.0004;0;0;0;0;0;0;0;-0.0004;-0.0884;0;0;0;0;0;0;0;0;0;-0.7063;0;0.7063;1;1;0;0;0;0
19/11/21 02:00;0;0;90;0;0;90;0;0;0;0;20.9;4.2901;0;0;0;0;0;0;0;0;0;0;0;0;0;1;1;1;1;0;0;0;0;0;0;0;0;0;0;0;0;0;0;0;0;0;0;0;0;0;0;0;0;0;0;0;0;0;0;0;0;0;0;0;1;1;1;1;1;1;1;1;1;1;1;1;1;1;1;1;1;1;1;0;0;0;0;0;0;0;0;0;0.0004;0.088;0;-0.0884;0;0;0;0;0;0;0;0;0;0;0;0;0;0;0;0;0;0;0;-20.9;0;0;0;0;0.0004;0;0;0;0;0;0;0;-0.0004;-0.0884;0;0;0;0;0;0;0;0;0;-0.7063;0;0.7063;1;1;0;0;0;0
19/11/21 03:00;0;0;90;0;0;90;0;0;0;0;19.4;4.4501;0;0;0;0;0;0;0;0;0;0;0;0;0;1;1;1;1;0;0;0;0;0;0;0;0;0;0;0;0;0;0;0;0;0;0;0;0;0;0;0;0;0;0;0;0;0;0;0;0;0;0;0;1;1;1;1;1;1;1;1;1;1;1;1;1;1;1;1;1;1;1;0;0;0;0;0;0;0;0;0;0.0004;0.088;0;-0.0884;0;0;0;0;0;0;0;0;0;0;0;0;0;0;0;0;0;0;0;-19.4;0;0;0;0;0.0004;0;0;0;0;0;0;0;-0.0004;-0.0884;0;0;0;0;0;0;0;0;0;-0.7063;0;0.7063;1;1;0;0;0;0
19/11/21 04:00;1.4318;-113.09;86.526;1.5564;2.2206;-90;-2.2206;0;0;0;18.93;4.97;0;0;0;0;0;0;0;0;0;0;0;0;0;1;1;1;1;0;0;0;0;0;0;0;0;0;0;0;0;0;0;0;0;0;0;0;0;0;0;0;0;0;0;0;0;0;0;0;0;0;0;0;1;1;1;1;1;1;1;1;1;1;1;1;1;1;1;1;1;1;1;0;0;0;0;0;0;0;0;0;0.0004;0.088;0;-0.0884;0;0;0;0;0;0;0;0;0;0;0;0;0;0;0;0;0;0;0;-18.93;0;0;0;0;0.0004;0;0;0;0;0;0;0;-0.0004;-0.0884;0;0;0;0;0;0;0;0;0;-0.7063;0;0.7063;1;1;0;0;0;0
19/11/21 05:00;8.5148;-107.99;68.955;8.9455;13.21;-90;-13.21;25.805;25.397;0.4083;17.33;4.9301;0;0.9902;25.012;0.1213;0;0.058;26.181;0;26.181;0.9902;0.1213;25.012;0.058;0.0378;0.9575;0;0.0022;25.844;0.3374;0;0;0.289;0.0484;24.749;1.0686;0.0955;0.0117;0.9593;0.0022;25.818;0.0258;0.001;0.0001;0.0247;0;24.761;0.8937;0.1094;23.739;0.0075;15.131;12.634;3.8289;0.0205;0.148;2.1285;0.0114;2.256;0;1;0;0;1.0146;0.9871;1;1;0.9884;0.1664;0.9586;0.9035;1;0.9612;0.7754;0.999;0.999;1;0.999;0.999;0.9453;0.9491;0.1289;0.0786;0.0791;0.0005;0.01;-0.0019;0.0005;0.0018;0.0004;0;0;0.088;0;-0.0252;0;0;0;0;0;0;0;0;0;0;0;0;0.0014;0.0001;0.0664;0.0664;0;18.356;18.356;1.0263;0.0415;65.936;1007.4;1;0.0036;0.0036;0;0;0;0;0;0;0.0628;-0.0252;0;16.094;18.637;-6.0991;-7.0626;94.589;94.589;0.6283;0.5308;-0.2012;0.0975;0.732;0.1552;1.165;0;15.129;0;0
19/11/21 06:00;20.408;-100.09;32.254;20.701;38.317;-90;-38.317;42.41;42;0.4092;17.72;4.4799;0;0.9924;37.445;0.0853;0;0.7765;39.3;0;39.3;0.9924;0.0853;37.445;0.7765;0.0253;0.9726;0;0.0198;36.146;3.1533;0;0;2.4457;0.7075;34.971;1.1393;0.0023;0.0002;1.1293;0.0075;36.11;0.0361;0.001;0.0001;0.035;0.0001;35.232;0.9891;0.0851;33.835;0.0614;26.299;21.959;7.2419;1.3162;0.3023;4.348;0.2615;3.334;0;1;0;0;0.9267;0.9198;1;1;0.9347;0.0888;0.9684;0.9976;1;0.9677;0.8916;0.999;0.999;1;0.999;0.999;0.8899;0.9036;0.0791;0.118;0.1153;0.0007;0.012;-0.0025;0.0007;0.0026;0.0008;0;0;0.088;0;0.0062;0;0;0;0;0;0;0;0;0;0;0;0;0.0021;0.0001;0.0987;0.0987;0;19.164;19.164;1.4441;0.0413;96.841;1019.5;1;0.0045;0.0045;0;0;0;0;0;0;0.0942;0.0062;0;15.936;18.453;1.0083;1.1676;95.464;95.464;0.9432;0.789;0.0499;0.1542;0.7391;0.1635;0.7836;0.0529;26.297;0.0489;0
19/11/21 07:00;32.595;-92.079;1.7514;32.612;57.388;-90;-57.388;114.49;112.8;1.6954;18.84;3.9801;0;3.1458;86.6;0.4702;0;4.4868;94.702;0;94.702;3.1458;0.4702;86.6;4.4868;0.0332;0.9618;0;0.0474;80.281;14.421;0;0;10.218;4.2036;77.543;2.658;0.0002;0;2.6432;0.0146;80.201;0.0803;0.0031;0.0005;0.0764;0.0003;79.354;3.1424;0.4697;73.662;0.2683;73.628;61.48;22.077;12.355;1.2927;18.594;1.8111;7.5325;0;1;0;0;0.8272;0.8477;1;1;0.882;0.0631;0.9669;0.9999;1;0.9654;0.9484;0.999;0.999;1;0.999;0.999;0.8188;0.8506;0.0598;0.2844;0.2782;0.0017;0.0168;-0.003;0.0018;0.0065;0.0035;0;0;0.088;0;0.1508;0;0;0;0;0;0;0;0;0;0;0;0;0.0053;0.0003;0.2454;0.2454;0;22.019;22.019;3.1793;0.041;235.64;1041.2;1;0.0066;0.0066;0;0;0;0;0;0;0.2388;0.1508;0;16.436;19.032;10.099;11.695;97.312;97.312;2.2729;1.961;1.205;0.3119;0.756;0.1372;0.3326;0.5301;73.163;0.4622;0
19/11/21 08:00;44.84;-82.99;4.9643;45.055;44.945;-90;-44.945;134.69;133;1.6921;19.96;3.88;0;2.3907;113.37;0.3219;0;3.3455;119.43;0;119.43;2.3907;0.3219;113.37;3.3455;0.02;0.9773;0;0.028;106.94;12.487;0;0;9.384;3.1035;103.44;3.4009;0.0004;0.0001;3.3859;0.0145;106.84;0.1069;0.0024;0.0003;0.104;0.0002;104.65;2.3879;0.3215;100.5;0.2272;85.142;71.093;24.198;6.8948;1.1008;15.835;1.2141;10.041;0;1;0;0;0.8867;0.8954;1;1;0.9172;0.0723;0.9682;0.9998;1;0.9674;0.9399;0.999;0.999;1;0.999;0.999;0.8661;0.8864;0.0679;0.3586;0.3486;0.0021;0.0176;-0.001;0.0023;0.0082;0.003;0;0;0.088;0;0.2142;0;0;0;0;0;0;0;0;0;0;0;0;0.0066;0.0004;0.3094;0.3094;0;24.196;24.196;4.236;0.041;296.46;1043.6;1;0.0072;0.0072;0;0;0;0;0;0;0.3022;0.2142;0;16.432;19.028;11.377;13.175;97.682;97.682;2.8663;2.4725;1.7119;0.3939;0.7606;0.1374;0.2654;0.5972;84.335;0.5433;0
19/11/21 09:00;56.788;-70.918;10.315;58.254;31.746;-90;-31.746;323.71;310.3;13.408;20.08;4.3701;0;15.767;283.8;4.1748;0;4.1165;307.86;0;307.86;15.767;4.1748;283.8;4.1165;0.0512;0.9352;0;0.0134;290.42;17.44;0;0;13.801;3.6393;281.3;8.8317;0.0056;0.0015;8.7459;0.0787;290.13;0.2904;0.0158;0.0042;0.27;0.0005;282.57;15.745;4.1691;260.99;0.3981;198.15;165.45;53.103;5.2265;2.0675;29.74;1.2715;26.581;0;1;0;0;0.951;0.9434;1;1;0.9514;0.1159;0.9696;0.9996;1;0.9676;0.835;0.999;0.999;1;0.999;0.999;0.9137;0.9196;0.0967;0.9245;0.9138;0.0055;0.0146;0.0215;0.0061;0.0217;0.0057;0;0;0.088;0;0.7177;0;0;0;0;0;0;0;0;0;0;0;0;0.0174;0.0022;0.8192;0.8192;0;31.571;31.571;11.491;0.0408;781.64;1048.1;1;0.0135;0.0135;0;0;0;0;0;0;0.8057;0.7177;0;16.88;19.547;14.789;17.126;98.356;98.356;7.3887;6.5471;5.7362;0.8416;0.8109;0.1139;0.1098;0.7763;189.37;0.724;0
19/11/21 10:00;67.56;-50.903;13.929;72.229;17.771;-90;-17.771;470.49;415;55.489;23.06;4.8;0;58.269;387.74;18.678;0;1.9083;466.59;0;466.59;58.269;18.678;387.74;1.9083;0.1249;0.8351;0;0.0041;457.61;8.9788;0;0;7.3839;1.595;443.41;13.744;0.028;0.009;13.638;0.0697;457.16;0.4576;0.0583;0.0187;0.3804;0.0003;443.86;58.183;18.651;366.34;0.2434;280.22;233.99;72.105;0.9142;2.6975;38.802;0.4439;40.585;0;1;0;0;0.9917;0.9808;1;1;0.981;0.1642;0.9699;0.9995;1;0.9641;0.7774;0.999;0.999;1;0.999;0.999;0.9503;0.9448;0.1275;1.4012;1.4187;0.0085;0.0074;0.0819;0.0092;0.0328;0.0072;0;0;0.088;0;1.1331;0;0;0;0;0;0;0;0;0;0;0;0;0.0264;0.0048;1.2403;1.2403;0;41.269;41.269;18.209;0.0411;1218.4;1018;1;0.0193;0.0193;0;0;0;0;0;0;1.2211;1.1331;0;16.863;19.527;15.405;17.838;98.444;98.444;11.198;9.9129;9.0554;1.2854;0.8575;0.1148;0.0766;0.8086;238.52;0.7612;0
19/11/21 11:00;74.167;-11.555;15.504;86.749;3.2513;-90;-3.2513;276.81;271.6;5.2063;21.99;4.83;0;5.2147;270.33;1.051;0;0.0379;276.64;0;276.64;5.2147;1.051;270.33;0.0379;0.0189;0.9774;0;0.0001;276.27;0.3613;0;0;0.3296;0.0317;264.01;11.983;0.0028;0.0006;11.979;0.0014;276;0.2763;0.0052;0.0011;0.27;0;264.01;5.2067;1.0494;257.75;0.0048;163.93;136.88;41.168;-0.0014;1.6089;23.144;-0.0022;24.754;0;1;0;0;0.9994;0.9987;1;1;0.9988;0.163;0.9566;0.9995;1;0.9556;0.7774;0.999;0.999;1;0.999;0.999;0.9544;0.9535;0.1266;0.8307;0.844;0.0051;0.0154;0.0236;0.0056;0.0199;0.0044;0;0;0.088;0;0.6517;0;0;0;0;0;0;0;0;0;0;0;0;0.016;0.0019;0.7522;0.7522;0;32.791;32.791;10.801;0.0409;722.34;1041.3;1;0.0125;0.0125;0;0;0;0;0;0;0.7397;0.6517;0;17.248;19.973;14.945;17.306;98.344;98.344;6.6393;6.0113;5.2085;0.6279;0.8029;0.0946;0.1209;0.7845;160.24;0.7383;0
19/11/21 12:00;71.337;36.571;14.892;78.621;11.379;90;11.379;209.2;206.2;2.9992;21.57;5.0299;0;3.0593;203.71;0.4754;0;0.3495;207.59;0;207.59;3.0593;0.4754;203.71;0.3495;0.0147;0.983;0;0.0017;205.47;2.128;0;0;1.8362;0.2918;197.18;8.0836;0.0016;0.0002;8.0688;0.013;205.26;0.2055;0.0031;0.0005;0.2019;0.0001;197.24;3.0547;0.4746;193.6;0.0447;124.56;104.01;31.737;0.0965;1.1994;17.253;0.0628;18.356;0;1;0;0;0.9923;0.9897;1;1;0.991;0.1651;0.9606;0.9995;1;0.96;0.7746;0.999;0.999;1;0.999;0.999;0.9498;0.9504;0.1278;0.6234;0.6304;0.0038;0.0175;0.0105;0.0042;0.0149;0.0033;0;0;0.088;0;0.4653;0;0;0;0;0;0;0;0;0;0;0;0;0.012;0.0011;0.5632;0.5632;0;29.634;29.634;8.0638;0.0409;538.62;1045.6;1;0.0099;0.0099;0;0;0;0;0;0;0.5533;0.4653;0;17.21;19.929;14.219;16.465;98.244;98.244;4.9822;4.501;3.7187;0.4812;0.7823;0.0966;0.157;0.7464;122.55;0.7027;0
19/11/21 13:00;61.805;63.541;12.153;64.362;25.638;90;25.638;296.2;289.5;6.7038;21.98;4.8599;0;7.4359;273.75;1.7438;0;2.4788;285.41;0;285.41;7.4359;1.7438;273.75;2.4788;0.0261;0.9678;0;0.0087;273.79;11.617;0;0;9.4831;2.1338;264.69;8.8325;0.0031;0.0007;8.7593;0.0694;273.52;0.2738;0.0074;0.0017;0.2643;0.0003;265.38;7.4253;1.7413;255.25;0.2753;179.92;150.23;47.039;2.3943;1.8011;25.907;0.6964;25.314;0;1;0;0;0.9636;0.9593;1;1;0.9654;0.1392;0.9677;0.9996;1;0.9668;0.7987;0.999;0.999;1;0.999;0.999;0.9274;0.9324;0.111;0.8571;0.8539;0.0051;0.0153;0.0239;0.0057;0.0201;0.0049;0;0;0.088;0;0.6602;0;0;0;0;0;0;0;0;0;0;0;0;0.0162;0.0019;0.7608;0.7608;0;32.808;32.808;10.829;0.0409;730.68;1041.2;1;0.0126;0.0126;0;0;0;0;0;0;0.7482;0.6602;0;16.91;19.581;14.674;16.992;98.347;98.347;6.8499;6.0803;5.2765;0.7696;0.8038;0.1124;0.1173;0.7703;175.41;0.7213;0
19/11/21 14:00;50.205;78.189;7.528;50.807;39.193;90;39.193;158.7;156.7;1.9992;21.62;4.42;0;2.5795;138.81;0.3756;0;3.0348;144.8;0;144.8;2.5795;0.3756;138.81;3.0348;0.0178;0.9796;0;0.021;132.62;12.187;0;0;9.4049;2.782;128.28;4.2057;0.0007;0.0001;4.1795;0.0255;132.48;0.1326;0.0026;0.0004;0.1294;0.0003;129.31;2.5762;0.3751;125.1;0.2271;99.283;82.901;27.58;5.2728;1.1452;16.474;1.029;12.346;0;1;0;0;0.9124;0.9158;1;1;0.9322;0.0833;0.9683;0.9997;1;0.9677;0.8992;0.999;0.999;1;0.999;0.999;0.8859;0.9012;0.0748;0.4348;0.4242;0.0026;0.018;0.0029;0.0028;0.0099;0.0031;0;0;0.088;0;0.2804;0;0;0;0;0;0;0;0;0;0;0;0;0.008;0.0006;0.3763;0.3763;0;26.874;26.874;5.2543;0.041;361.48;1040.9;1;0.0079;0.0079;0;0;0;0;0;0;0.3684;0.2804;0;16.483;19.087;12.284;14.225;97.913;97.913;3.4753;3.007;2.241;0.4683;0.7661;0.1347;0.2204;0.6448;98.205;0.5942;0
19/11/21 15:00;38.033;88.261;1.3698;38.046;51.954;90;51.954;142.9;140.8;2.0937;18.26;4.11;0;3.3972;113.51;0.5543;0;4.6605;122.12;0;122.12;3.3972;0.5543;113.51;4.6605;0.0278;0.9676;0;0.0382;106.13;15.99;0;0;11.619;4.3713;102.61;3.4198;0.0002;0;3.4079;0.0117;106.03;0.1061;0.0034;0.0006;0.1019;0.0003;104.41;3.3937;0.5537;98.384;0.2772;91.216;76.165;26.703;11.411;1.3903;20;1.8039;9.9792;0;1;0;0;0.8546;0.8691;1;1;0.8976;0.0621;0.9677;1;1;0.9665;0.9594;0.999;0.999;1;0.999;0.999;0.8402;0.8667;0.0595;0.3667;0.3566;0.0021;0.0177;-0.0033;0.0024;0.0084;0.0038;0;0;0.088;0;0.2229;0;0;0;0;0;0;0;0;0;0;0;0;0.0068;0.0005;0.3182;0.3182;0;22.456;22.456;4.1962;0.0409;302.96;1050.5;1;0.0073;0.0073;0;0;0;0;0;0;0.3109;0.2229;0;16.531;19.142;11.579;13.408;97.696;97.696;2.931;2.5434;1.7815;0.3876;0.7619;0.1322;0.2599;0.6078;90.402;0.5414;0
19/11/21 16:00;25.788;96.6;7.1927;25.938;60;90;60;61.3;60.799;0.5009;17.3;3.2501;0;1.1422;45.562;0.114;0;2.6052;49.423;0;49.423;1.1422;0.114;45.562;2.6052;0.0231;0.9746;0;0.0527;41.233;8.1896;0;0;5.7459;2.4437;39.774;1.4179;0.0003;0;1.4066;0.011;41.192;0.0412;0.0011;0.0001;0.0398;0.0002;40.852;1.1408;0.1138;38.369;0.1504;39.7;33.149;12.037;7.6177;0.7504;10.795;1.078;3.9276;0;1;0;0;0.8063;0.8343;1;1;0.8739;0.062;0.9656;0.9998;1;0.9646;0.9319;0.999;0.999;1;0.999;0.999;0.8048;0.8421;0.0577;0.1484;0.1458;0.0009;0.0133;-0.0033;0.0009;0.0033;0.002;0;0;0.088;0;0.0325;0;0;0;0;0;0;0;0;0;0;0;0;0.0027;0.0001;0.1257;0.1257;0;18.939;18.939;1.6394;0.0412;122.47;1026.6;1;0.0052;0.0052;0;0;0;0;0;0;0.1205;0.0325;0;16.138;18.687;4.1707;4.8296;95.836;95.836;1.1862;1.0048;0.2597;0.1813;0.7451;0.1529;0.6282;0.2189;39.664;0.1882;0
19/11/21 17:00;13.737;104.46;54.837;14.168;22.247;90;22.247;13.303;13.297;0.006;16.7;2.58;0;0.0146;12.802;0.0006;0;0.0842;12.901;0;12.901;0.0146;0.0006;12.802;0.0842;0.0011;0.9988;0;0.0065;12.477;0.4246;0;0;0.3532;0.0714;12.04;0.4247;0.0003;0;0.4216;0.0027;12.464;0.0125;0;0;0.0124;0;12.062;0.0143;0.0006;12.015;0.01;8.0456;6.7181;2.0784;0.0674;0.0796;1.145;0.022;1.1571;0;1;0;0;0.9698;0.9671;1;1;0.9724;0.152;0.9659;0.9795;1;0.9661;0.7854;0.999;0.999;1;0.999;0.999;0.9332;0.9385;0.1193;0.0387;0.0387;0.0002;0.0069;-0.0011;0.0002;0.0008;0.0002;0;0;0.088;0;-0.0599;0;0;0;0;0;0;0;0;0;0;0;0;0.0007;0;0.0308;0.0308;0;17.205;17.205;0.505;0.0419;31.451;979.13;1;0.0027;0.0027;0;0;0;0;0;0;0.0281;-0.0599;0;15.142;17.534;-29.433;-34.083;91.384;91.384;0.3096;0.2461;-0.4784;0.0635;0.7245;0.2051;2.3399;0;8.0456;0;0
19/11/21 18:00;4.0077;111.18;80.241;4.297;6.1728;90;6.1728;0;0;0;15.91;2.0701;0;0;0;0;0;0;0;0;0;0;0;0;0;1;1;1;1;0;0;0;0;0;0;0;0;0;0;0;0;0;0;0;0;0;0;0;0;0;0;0;0;0;0;0;0;0;0;0;0;0;0;0;1;1;1;1;1;1;1;1;1;1;1;1;1;1;1;1;1;1;1;0;0;0;0;0;0;0;0;0;0.0004;0.088;0;-0.0884;0;0;0;0;0;0;0;0;0;0;0;0;0;0;0;0;0;0;0;-15.91;0;0;0;0;0.0004;0;0;0;0;0;0;0;-0.0004;-0.0884;0;0;0;0;0;0;0;0;0;-0.7063;0;0.7063;1;1;0;0;0;0
19/11/21 19:00;0;0;90;0;0;90;0;0;0;0;15.7;1.55;0;0;0;0;0;0;0;0;0;0;0;0;0;1;1;1;1;0;0;0;0;0;0;0;0;0;0;0;0;0;0;0;0;0;0;0;0;0;0;0;0;0;0;0;0;0;0;0;0;0;0;0;1;1;1;1;1;1;1;1;1;1;1;1;1;1;1;1;1;1;1;0;0;0;0;0;0;0;0;0;0.0004;0.088;0;-0.0884;0;0;0;0;0;0;0;0;0;0;0;0;0;0;0;0;0;0;0;-15.7;0;0;0;0;0.0004;0;0;0;0;0;0;0;-0.0004;-0.0884;0;0;0;0;0;0;0;0;0;-0.7063;0;0.7063;1;1;0;0;0;0
19/11/21 20:00;0;0;90;0;0;90;0;0;0;0;15.7;1.2899;0;0;0;0;0;0;0;0;0;0;0;0;0;1;1;1;1;0;0;0;0;0;0;0;0;0;0;0;0;0;0;0;0;0;0;0;0;0;0;0;0;0;0;0;0;0;0;0;0;0;0;0;1;1;1;1;1;1;1;1;1;1;1;1;1;1;1;1;1;1;1;0;0;0;0;0;0;0;0;0;0.0004;0.088;0;-0.0884;0;0;0;0;0;0;0;0;0;0;0;0;0;0;0;0;0;0;0;-15.7;0;0;0;0;0.0004;0;0;0;0;0;0;0;-0.0004;-0.0884;0;0;0;0;0;0;0;0;0;-0.7063;0;0.7063;1;1;0;0;0;0
19/11/21 21:00;0;0;90;0;0;90;0;0;0;0;15.3;1.15;0;0;0;0;0;0;0;0;0;0;0;0;0;1;1;1;1;0;0;0;0;0;0;0;0;0;0;0;0;0;0;0;0;0;0;0;0;0;0;0;0;0;0;0;0;0;0;0;0;0;0;0;1;1;1;1;1;1;1;1;1;1;1;1;1;1;1;1;1;1;1;0;0;0;0;0;0;0;0;0;0.0004;0.088;0;-0.0884;0;0;0;0;0;0;0;0;0;0;0;0;0;0;0;0;0;0;0;-15.3;0;0;0;0;0.0004;0;0;0;0;0;0;0;-0.0004;-0.0884;0;0;0;0;0;0;0;0;0;-0.7063;0;0.7063;1;1;0;0;0;0
19/11/21 22:00;0;0;90;0;0;90;0;0;0;0;15.2;1.1901;0;0;0;0;0;0;0;0;0;0;0;0;0;1;1;1;1;0;0;0;0;0;0;0;0;0;0;0;0;0;0;0;0;0;0;0;0;0;0;0;0;0;0;0;0;0;0;0;0;0;0;0;1;1;1;1;1;1;1;1;1;1;1;1;1;1;1;1;1;1;1;0;0;0;0;0;0;0;0;0;0.0004;0.088;0;-0.0884;0;0;0;0;0;0;0;0;0;0;0;0;0;0;0;0;0;0;0;-15.2;0;0;0;0;0.0004;0;0;0;0;0;0;0;-0.0004;-0.0884;0;0;0;0;0;0;0;0;0;-0.7063;0;0.7063;1;1;0;0;0;0
19/11/21 23:00;0;0;90;0;0;90;0;0;0;0;15.1;0.9699;0;0;0;0;0;0;0;0;0;0;0;0;0;1;1;1;1;0;0;0;0;0;0;0;0;0;0;0;0;0;0;0;0;0;0;0;0;0;0;0;0;0;0;0;0;0;0;0;0;0;0;0;1;1;1;1;1;1;1;1;1;1;1;1;1;1;1;1;1;1;1;0;0;0;0;0;0;0;0;0;0.0004;0.088;0;-0.0884;0;0;0;0;0;0;0;0;0;0;0;0;0;0;0;0;0;0;0;-15.1;0;0;0;0;0.0004;0;0;0;0;0;0;0;-0.0004;-0.0884;0;0;0;0;0;0;0;0;0;-0.7063;0;0.7063;1;1;0;0;0;0
20/11/21 00:00;0;0;90;0;0;90;0;0;0;0;15;0.67;0;0;0;0;0;0;0;0;0;0;0;0;0;1;1;1;1;0;0;0;0;0;0;0;0;0;0;0;0;0;0;0;0;0;0;0;0;0;0;0;0;0;0;0;0;0;0;0;0;0;0;0;1;1;1;1;1;1;1;1;1;1;1;1;1;1;1;1;1;1;1;0;0;0;0;0;0;0;0;0;0.0004;0.088;0;-0.0884;0;0;0;0;0;0;0;0;0;0;0;0;0;0;0;0;0;0;0;-15;0;0;0;0;0.0004;0;0;0;0;0;0;0;-0.0004;-0.0884;0;0;0;0;0;0;0;0;0;-0.7063;0;0.7063;1;1;0;0;0;0
20/11/21 01:00;0;0;90;0;0;90;0;0;0;0;14.6;0.45;0;0;0;0;0;0;0;0;0;0;0;0;0;1;1;1;1;0;0;0;0;0;0;0;0;0;0;0;0;0;0;0;0;0;0;0;0;0;0;0;0;0;0;0;0;0;0;0;0;0;0;0;1;1;1;1;1;1;1;1;1;1;1;1;1;1;1;1;1;1;1;0;0;0;0;0;0;0;0;0;0.0004;0.088;0;-0.0884;0;0;0;0;0;0;0;0;0;0;0;0;0;0;0;0;0;0;0;-14.6;0;0;0;0;0.0004;0;0;0;0;0;0;0;-0.0004;-0.0884;0;0;0;0;0;0;0;0;0;-0.7063;0;0.7063;1;1;0;0;0;0
20/11/21 02:00;0;0;90;0;0;90;0;0;0;0;14.5;0.74;0;0;0;0;0;0;0;0;0;0;0;0;0;1;1;1;1;0;0;0;0;0;0;0;0;0;0;0;0;0;0;0;0;0;0;0;0;0;0;0;0;0;0;0;0;0;0;0;0;0;0;0;1;1;1;1;1;1;1;1;1;1;1;1;1;1;1;1;1;1;1;0;0;0;0;0;0;0;0;0;0.0004;0.088;0;-0.0884;0;0;0;0;0;0;0;0;0;0;0;0;0;0;0;0;0;0;0;-14.5;0;0;0;0;0.0004;0;0;0;0;0;0;0;-0.0004;-0.0884;0;0;0;0;0;0;0;0;0;-0.7063;0;0.7063;1;1;0;0;0;0
20/11/21 03:00;0;0;90;0;0;90;0;0;0;0;14.2;1.1001;0;0;0;0;0;0;0;0;0;0;0;0;0;1;1;1;1;0;0;0;0;0;0;0;0;0;0;0;0;0;0;0;0;0;0;0;0;0;0;0;0;0;0;0;0;0;0;0;0;0;0;0;1;1;1;1;1;1;1;1;1;1;1;1;1;1;1;1;1;1;1;0;0;0;0;0;0;0;0;0;0.0004;0.088;0;-0.0884;0;0;0;0;0;0;0;0;0;0;0;0;0;0;0;0;0;0;0;-14.2;0;0;0;0;0.0004;0;0;0;0;0;0;0;-0.0004;-0.0884;0;0;0;0;0;0;0;0;0;-0.7063;0;0.7063;1;1;0;0;0;0
20/11/21 04:00;1.5236;-113.3;86.303;1.6588;2.367;-90;-2.367;0;0;0;14;1.31;0;0;0;0;0;0;0;0;0;0;0;0;0;1;1;1;1;0;0;0;0;0;0;0;0;0;0;0;0;0;0;0;0;0;0;0;0;0;0;0;0;0;0;0;0;0;0;0;0;0;0;0;1;1;1;1;1;1;1;1;1;1;1;1;1;1;1;1;1;1;1;0;0;0;0;0;0;0;0;0;0.0004;0.088;0;-0.0884;0;0;0;0;0;0;0;0;0;0;0;0;0;0;0;0;0;0;0;-14;0;0;0;0;0.0004;0;0;0;0;0;0;0;-0.0004;-0.0884;0;0;0;0;0;0;0;0;0;-0.7063;0;0.7063;1;1;0;0;0;0
20/11/21 05:00;8.5965;-108.21;68.745;9.0423;13.364;-90;-13.364;11.897;11.801;0.096;14.1;1.41;0;0.2328;11.635;0.0131;0;0.0274;11.909;0;11.909;0.2328;0.0131;11.635;0.0274;0.0195;0.9794;0;0.0023;11.749;0.1599;0;0;0.1371;0.0228;11.268;0.4692;0.0219;0.0012;0.445;0.001;11.737;0.0117;0.0002;0;0.0115;0;11.273;0.2106;0.0119;11.042;0.0035;7.042;5.88;1.7823;0.0099;0.0689;0.9906;0.0055;1.0496;0;1;0;0;1.001;0.9866;1;1;0.9882;0.1664;0.96;0.9057;1;0.9613;0.7754;0.999;0.999;1;0.999;0.999;0.9462;0.949;0.1289;0.0358;0.036;0.0002;0.0066;-0.0013;0.0002;0.0008;0.0002;0;0;0.088;0;-0.0619;0;0;0;0;0;0;0;0;0;0;0;0;0.0006;0;0.0288;0.0288;0;14.573;14.573;0.4723;0.0419;29.129;987.52;1;0.0026;0.0026;0;0;0;0;0;0;0.0261;-0.0619;0;15.323;17.744;-32.951;-38.157;90.88;90.88;0.2858;0.2299;-0.4944;0.0559;0.7243;0.1956;2.5341;0;7.0415;0;0
20/11/21 06:00;20.477;-100.33;31.956;20.786;38.608;-90;-38.608;23.695;23.601;0.0943;14.3;1.8;0;0.2287;21.018;0.011;0;0.4402;21.698;0;21.698;0.2287;0.011;21.018;0.4402;0.0105;0.989;0;0.0203;19.907;1.7905;0;0;1.3889;0.4016;19.249;0.6381;0.0005;0;0.6335;0.0041;19.887;0.0199;0.0002;0;0.0196;0;19.399;0.2279;0.011;18.976;0.0345;14.797;12.355;4.0797;0.7582;0.1709;2.458;0.1497;1.8707;0;1;0;0;0.9157;0.9175;1;1;0.9339;0.0877;0.9679;0.9978;1;0.9677;0.8946;0.999;0.999;1;0.999;0.999;0.8872;0.9028;0.0784;0.0652;0.0636;0.0004;0.009;-0.0023;0.0004;0.0014;0.0004;0;0;0.088;0;-0.0381;0;0;0;0;0;0;0;0;0;0;0;0;0.0011;0;0.0532;0.0532;0;15.099;15.099;0.7992;0.0415;52.611;1010.5;1;0.0033;0.0033;0;0;0;0;0;0;0.0499;-0.0381;0;15.543;17.998;-11.143;-12.904;93.835;93.835;0.5207;0.4249;-0.3046;0.0959;0.7295;0.1841;1.4009;0;14.796;0;0
20/11/21 07:00;32.659;-92.346;1.9746;32.681;57.319;-90;-57.319;60.401;59.901;0.5001;14.82;1.7401;0;0.9262;46.092;0.0734;0;2.3619;49.454;0;49.454;0.9262;0.0734;46.092;2.3619;0.0187;0.9798;0;0.0478;41.812;7.6417;0;0;5.4289;2.2128;40.356;1.4141;0.0001;0;1.4064;0.0076;41.77;0.0418;0.0009;0.0001;0.0407;0.0001;41.317;0.9253;0.0733;39.216;0.1413;39.04;32.598;11.69;6.5478;0.6862;9.8714;0.9608;4.0099;0;1;0;0;0.8188;0.8455;1;1;0.8822;0.0631;0.9661;0.9999;1;0.9654;0.9487;0.999;0.999;1;0.999;0.999;0.816;0.8508;0.0598;0.1485;0.1453;0.0009;0.0133;-0.0046;0.0009;0.0034;0.0018;0;0;0.088;0;0.0333;0;0;0;0;0;0;0;0;0;0;0;0;0.0027;0.0001;0.1266;0.1266;0;16.48;16.48;1.6595;0.0411;122.03;1037.6;1;0.0054;0.0054;0;0;0;0;0;0;0.1213;0.0333;0;16.242;18.808;4.2664;4.9404;95.768;95.768;1.1869;1.0119;0.2658;0.1749;0.7461;0.1474;0.6286;0.224;38.91;0.1948;0
20/11/21 08:00;44.907;-83.306;4.7357;45.103;44.897;-90;-44.897;125.49;124;1.4914;14.93;2.41;0;2.1054;105.76;0.2639;0;3.1107;111.24;0;111.24;2.1054;0.2639;105.76;3.1107;0.0189;0.9787;0;0.028;99.613;11.626;0;0;8.7403;2.8855;96.341;3.1725;0.0003;0;3.1585;0.0136;99.513;0.0996;0.0021;0.0003;0.097;0.0002;97.47;2.1029;0.2636;93.763;0.2114;79.343;66.251;22.54;6.4084;1.0254;14.75;1.1294;9.367;0;1;0;0;0.8864;0.8955;1;1;0.9174;0.0724;0.9681;0.9998;1;0.9674;0.9396;0.999;0.999;1;0.999;0.999;0.8661;0.8866;0.068;0.334;0.3247;0.002;0.0174;-0.0073;0.0022;0.0078;0.0028;0;0;0.088;0;0.198;0;0;0;0;0;0;0;0;0;0;0;0;0.0062;0.0004;0.2932;0.2932;0;18.86;18.86;3.9303;0.0408;275.8;1063;1;0.0072;0.0072;0;0;0;0;0;0;0.286;0.198;0;16.719;19.36;11.29;13.074;97.547;97.547;2.6697;2.343;1.5822;0.3267;0.7608;0.1224;0.285;0.5927;78.637;0.5391;0
20/11/21 09:00;56.871;-71.317;10.083;58.274;31.726;-90;-31.726;105;104.1;0.8953;15.06;3.06;0;1.0526;96.252;0.0934;0;1.3336;98.731;0;98.731;1.0526;0.0934;96.252;1.3336;0.0107;0.9884;0;0.0135;92.877;5.8546;0;0;4.6757;1.1789;89.792;2.9924;0.0004;0;2.9665;0.0255;92.784;0.0929;0.0011;0.0001;0.0916;0.0002;90.203;1.0511;0.0933;88.518;0.129;64.72;54.041;17.392;1.7687;0.6762;9.7271;0.4116;8.6347;0;1;0;0;0.9403;0.9407;1;1;0.9514;0.116;0.9677;0.9997;1;0.9676;0.8349;0.999;0.999;1;0.999;0.999;0.9095;0.9197;0.0968;0.2965;0.2922;0.0018;0.017;-0.0067;0.002;0.007;0.0019;0;0;0.088;0;0.1685;0;0;0;0;0;0;0;0;0;0;0;0;0.0056;0.0003;0.2634;0.2634;0;18.726;18.726;3.6654;0.0408;248.34;1060.8;1;0.0069;0.0069;0;0;0;0;0;0;0.2565;0.1685;0;16.926;19.6;10.827;12.538;97.373;97.373;2.3696;2.1054;1.3468;0.2642;0.7586;0.1115;0.3201;0.5684;64.216;0.5293;0
20/11/21 10:00;67.689;-51.414;13.696;72.216;17.784;-90;-17.784;370.9;354.1;16.8;16.04;3.54;0;17.643;341.16;4.8194;0;1.5066;365.13;0;365.13;17.643;4.8194;341.16;1.5066;0.0483;0.9385;0;0.0041;357.37;7.7642;0;0;6.505;1.2592;344.95;12.062;0.0083;0.0023;11.997;0.055;357.01;0.3574;0.0176;0.0048;0.3347;0.0002;345.3;17.617;4.8123;322.33;0.1921;222.05;185.41;56.841;0.8064;2.1621;31.101;0.3515;32.456;0;1;0;0;0.9844;0.9787;1;1;0.9809;0.1642;0.9662;0.9995;1;0.9641;0.7774;0.999;0.999;1;0.999;0.999;0.9447;0.9448;0.1275;1.0965;1.1056;0.0067;0.012;0.02;0.0075;0.0265;0.006;0;0;0.088;0;0.8983;0;0;0;0;0;0;0;0;0;0;0;0;0.0213;0.003;1.0026;1.0026;0;30.094;30.094;14.054;0.0407;946.57;1059.2;1;0.0164;0.0164;0;0;0;0;0;0;0.9863;0.8983;0;17.419;20.171;15.606;18.072;98.368;98.368;8.7632;8.0131;7.1791;0.7501;0.834;0.0856;0.0952;0.8192;209.88;0.7701;0
20/11/21 11:00;74.38;-11.906;15.276;86.699;3.3011;-90;-3.3011;214.1;211;3.0994;17.34;3.61;0;3.1046;210.34;0.4854;0;0.0302;213.96;0;213.96;3.1046;0.4854;210.34;0.0302;0.0145;0.9832;0;0.0001;213.67;0.2876;0;0;0.2623;0.0253;204.14;9.3188;0.0016;0.0003;9.3158;0.0011;213.46;0.2137;0.0031;0.0005;0.2101;0;204.14;3.0999;0.4847;200.55;0.0038;126.8;105.88;32.109;-0.0011;1.2273;17.654;-0.0016;18.882;0;1;0;0;0.9994;0.9987;1;1;0.9988;0.1631;0.9563;0.9995;1;0.9556;0.7773;0.999;0.999;1;0.999;0.999;0.9541;0.9535;0.1266;0.6425;0.6521;0.0039;0.0173;0.0015;0.0044;0.0156;0.0034;0;0;0.088;0;0.4936;0;0;0;0;0;0;0;0;0;0;0;0;0.0126;0.0012;0.592;0.592;0;25.658;25.658;8.3181;0.0407;557.04;1062.8;1;0.0105;0.0105;0;0;0;0;0;0;0.5816;0.4936;0;17.553;20.326;14.634;16.946;98.233;98.233;5.1351;4.7316;3.9447;0.4034;0.7869;0.0786;0.1532;0.7682;124.69;0.7235;0
20/11/21 12:00;71.559;36.79;14.674;78.707;11.293;90;11.293;296.3;290.3;6.0033;17.93;3.39;0;6.1219;286.19;1.3369;0;0.4876;294.14;0;294.14;6.1219;1.3369;286.19;0.4876;0.0208;0.9746;0;0.0017;291.18;2.9543;0;0;2.5472;0.4071;279.52;11.374;0.0031;0.0007;11.352;0.0181;290.89;0.2912;0.0061;0.0013;0.2836;0.0001;279.6;6.1126;1.3349;272.01;0.0623;176.38;147.28;44.553;0.1318;1.7231;24.786;0.0888;26.378;0;1;0;0;0.9927;0.99;1;1;0.9911;0.1651;0.9609;0.9995;1;0.9599;0.7746;0.999;0.999;1;0.999;0.999;0.9503;0.9504;0.1278;0.8833;0.8944;0.0054;0.0148;0.0138;0.006;0.0214;0.0048;0;0;0.088;0;0.7075;0;0;0;0;0;0;0;0;0;0;0;0;0.0172;0.0021;0.809;0.809;0;29.327;29.327;11.397;0.0408;764.75;1057.8;1;0.0134;0.0134;0;0;0;0;0;0;0.7955;0.7075;0;17.447;20.203;15.259;17.669;98.338;98.338;7.0592;6.4651;5.6544;0.5941;0.8108;0.0842;0.1148;0.801;172.13;0.7535;0
20/11/21 13:00;61.99;63.841;11.949;64.478;25.522;90;25.522;223.4;219.8;3.5974;17.23;3.1199;0;3.9863;208.47;0.7083;0;1.8529;215.02;0;215.02;3.9863;0.7083;208.47;1.8529;0.0185;0.9782;0;0.0086;206.25;8.7632;0;0;7.1691;1.5942;199.32;6.7304;0.0016;0.0003;6.6763;0.0522;206.05;0.2063;0.004;0.0007;0.2013;0.0003;199.84;3.9807;0.7073;194.42;0.2063;135.79;113.39;35.485;1.7942;1.3597;19.558;0.5199;19.124;0;1;0;0;0.9625;0.9592;1;1;0.9656;0.1396;0.9673;0.9996;1;0.9668;0.7982;0.999;0.999;1;0.999;0.999;0.927;0.9326;0.1113;0.6457;0.6431;0.0039;0.0174;0.0008;0.0043;0.0154;0.0038;0;0;0.088;0;0.4856;0;0;0;0;0;0;0;0;0;0;0;0;0.0124;0.0012;0.5839;0.5839;0;25.351;25.351;8.121;0.0407;549.18;1063.2;1;0.0104;0.0104;0;0;0;0;0;0;0.5736;0.4856;0;17.227;19.948;14.325;16.588;98.227;98.227;5.1604;4.6666;3.8805;0.4938;0.786;0.0957;0.1523;0.752;133.48;0.704;0
20/11/21 14:00;50.372;78.444;7.3404;50.947;39.053;90;39.053;129.71;128.4;1.307;17.38;3.1899;0;1.6831;113.92;0.2002;0;2.4634;118.27;0;118.27;1.6831;0.2002;113.92;2.4634;0.0142;0.9841;0;0.0208;108.33;9.9326;0;0;7.6757;2.2569;104.77;3.4523;0.0004;0.0001;3.4307;0.0211;108.23;0.1083;0.0017;0.0002;0.1062;0.0002;105.61;1.681;0.2;102.71;0.1852;81.187;67.791;22.515;4.2743;0.9365;13.472;0.8365;10.134;0;1;0;0;0.9118;0.916;1;1;0.9326;0.0838;0.9681;0.9997;1;0.9677;0.8977;0.999;0.999;1;0.999;0.999;0.8859;0.9016;0.0752;0.3552;0.3465;0.0021;0.0176;-0.0042;0.0023;0.0082;0.0026;0;0;0.088;0;0.2156;0;0;0;0;0;0;0;0;0;0;0;0;0.0066;0.0004;0.3109;0.3109;0;21.661;21.661;4.2809;0.0409;294.78;1054.6;1;0.0073;0.0073;0;0;0;0;0;0;0.3036;0.2156;0;16.675;19.309;11.563;13.39;97.653;97.653;2.8384;2.4845;1.7229;0.3539;0.7616;0.1247;0.2683;0.607;80.498;0.5593;0
20/11/21 15:00;38.194;88.476;1.198;38.204;51.796;90;51.796;121;119.5;1.4949;16.6;3.62;0;2.4171;96.538;0.3334;0;3.924;103.21;0;103.21;2.4171;0.3334;96.538;3.924;0.0234;0.9734;0;0.038;89.695;13.518;0;0;9.8377;3.6801;86.698;2.9074;0.0001;0;2.8974;0.0099;89.605;0.0897;0.0024;0.0003;0.0867;0.0002;88.219;2.4146;0.333;83.717;0.2338;77.331;64.571;22.609;9.6016;1.1759;16.915;1.5214;8.4889;0;1;0;0;0.853;0.869;1;1;0.8981;0.0622;0.9676;1;1;0.9665;0.9594;0.999;0.999;1;0.999;0.999;0.84;0.8672;0.0596;0.3099;0.3014;0.0018;0.0171;-0.0053;0.002;0.0071;0.0032;0;0;0.088;0;0.1744;0;0;0;0;0;0;0;0;0;0;0;0;0.0058;0.0004;0.2693;0.2693;0;20.145;20.145;3.5447;0.0409;255.64;1053.5;1;0.0069;0.0069;0;0;0;0;0;0;0.2624;0.1744;0;16.552;19.167;10.72;12.414;97.442;97.442;2.4771;2.1523;1.3939;0.3248;0.7584;0.1311;0.3061;0.5627;76.758;0.5012;0
20/11/21 16:00;25.951;96.786;7.2303;26.11;60;90;60;87.105;86.003;1.1015;16.74;3.0299;0;2.4972;64.387;0.3502;0;3.702;70.936;0;70.936;2.4972;0.3502;64.387;3.702;0.0352;0.9599;0;0.0522;59.344;11.592;0;0;8.12;3.4724;57.28;2.0041;0.0006;0.0001;1.9878;0.0156;59.284;0.0593;0.0025;0.0004;0.0563;0.0002;58.803;2.4941;0.3498;54.222;0.2137;56.141;46.877;17.026;10.765;1.0605;15.255;1.5233;5.5505;0;1;0;0;0.8144;0.8366;1;1;0.8739;0.062;0.9662;0.9998;1;0.9646;0.9319;0.999;0.999;1;0.999;0.999;0.8075;0.8421;0.0577;0.213;0.2093;0.0013;0.0154;-0.0045;0.0014;0.0049;0.0029;0;0;0.088;0;0.0897;0;0;0;0;0;0;0;0;0;0;0;0;0.0039;0.0002;0.1839;0.1839;0;19.091;19.091;2.3506;0.041;176.61;1041.3;1;0.0062;0.0062;0;0;0;0;0;0;0.1777;0.0897;0;16.445;19.043;8.0253;9.2931;96.654;96.654;1.7025;1.4697;0.7172;0.2328;0.7525;0.1367;0.442;0.4213;56.053;0.3629;0
20/11/21 17:00;13.906;104.62;54.347;14.353;22.604;90;22.604;51.2;50.601;0.5987;16.54;1.95;0;1.4521;48.571;0.2182;0;0.3343;50.576;0;50.576;1.4521;0.2182;48.571;0.3343;0.0287;0.967;0;0.0066;48.917;1.6586;0;0;1.3747;0.2839;47.231;1.6376;0.0282;0.0042;1.5944;0.0107;48.869;0.0489;0.0015;0.0002;0.0472;0.0001;47.318;1.4224;0.2137;45.555;0.0396;30.588;25.541;7.9113;0.2711;0.3029;4.3576;0.0872;4.3894;0;1;0;0;0.9878;0.9672;1;1;0.9717;0.1508;0.9665;0.9806;1;0.9662;0.7866;0.999;0.999;1;0.999;0.999;0.9339;0.9379;0.1185;0.1519;0.1517;0.0009;0.0136;-0.0036;0.001;0.0035;0.0008;0;0;0.088;0;0.0391;0;0;0;0;0;0;0;0;0;0;0;0;0.0028;0.0001;0.1326;0.1326;0;18.482;18.482;1.9417;0.0411;128.11;1035.3;1;0.0055;0.0055;0;0;0;0;0;0;0.1271;0.0391;0;16.635;19.263;4.9074;5.6827;95.855;95.855;1.2138;1.0599;0.3127;0.1539;0.7472;0.1268;0.6156;0.2576;30.584;0.242;0
20/11/21 18:00;3.9958;111.47;80.27;4.2927;6.1665;90;6.1665;6.1925;6.0998;0.0926;15.89;1.39;0;0.2247;6.0764;0.014;0;0.003;6.3182;6.3182;0;0.2247;0;0;0;1;1;1;1;0;0;0;0;0;0;0;0;0;0;0;0;0;0;0;0;0;0;0;0;0;0;0;0;0;0;0;0;0;0;0;0;0;0;0;0;1;1;1;1;1;1;1;1;1;1;1;0;1;0;0;1;0;0;0;0;0;0;0;0;0;0;0;0.0004;0.088;0;-0.0884;0;0;0;0;0;0;0;0;0;0;0;0;0;0;0;0;0;0;0;-15.89;0;0;0;0;0.0004;0;0;0;0;0;0;0;-0.0004;-0.0884;0;0;0;0;0;0;0;0;0;-0.7063;0;0.7063;1;1;0;0;0;0
20/11/21 19:00;0;0;90;0;0;90;0;0;0;0;14.39;1.4301;0;0;0;0;0;0;0;0;0;0;0;0;0;1;1;1;1;0;0;0;0;0;0;0;0;0;0;0;0;0;0;0;0;0;0;0;0;0;0;0;0;0;0;0;0;0;0;0;0;0;0;0;1;1;1;1;1;1;1;1;1;1;1;1;1;1;1;1;1;1;1;0;0;0;0;0;0;0;0;0;0.0004;0.088;0;-0.0884;0;0;0;0;0;0;0;0;0;0;0;0;0;0;0;0;0;0;0;-14.39;0;0;0;0;0.0004;0;0;0;0;0;0;0;-0.0004;-0.0884;0;0;0;0;0;0;0;0;0;-0.7063;0;0.7063;1;1;0;0;0;0
20/11/21 20:00;0;0;90;0;0;90;0;0;0;0;14.11;1.49;0;0;0;0;0;0;0;0;0;0;0;0;0;1;1;1;1;0;0;0;0;0;0;0;0;0;0;0;0;0;0;0;0;0;0;0;0;0;0;0;0;0;0;0;0;0;0;0;0;0;0;0;1;1;1;1;1;1;1;1;1;1;1;1;1;1;1;1;1;1;1;0;0;0;0;0;0;0;0;0;0.0004;0.088;0;-0.0884;0;0;0;0;0;0;0;0;0;0;0;0;0;0;0;0;0;0;0;-14.11;0;0;0;0;0.0004;0;0;0;0;0;0;0;-0.0004;-0.0884;0;0;0;0;0;0;0;0;0;-0.7063;0;0.7063;1;1;0;0;0;0
20/11/21 21:00;0;0;90;0;0;90;0;0;0;0;13.61;1.5101;0;0;0;0;0;0;0;0;0;0;0;0;0;1;1;1;1;0;0;0;0;0;0;0;0;0;0;0;0;0;0;0;0;0;0;0;0;0;0;0;0;0;0;0;0;0;0;0;0;0;0;0;1;1;1;1;1;1;1;1;1;1;1;1;1;1;1;1;1;1;1;0;0;0;0;0;0;0;0;0;0.0004;0.088;0;-0.0884;0;0;0;0;0;0;0;0;0;0;0;0;0;0;0;0;0;0;0;-13.61;0;0;0;0;0.0004;0;0;0;0;0;0;0;-0.0004;-0.0884;0;0;0;0;0;0;0;0;0;-0.7063;0;0.7063;1;1;0;0;0;0
20/11/21 22:00;0;0;90;0;0;90;0;0;0;0;13.41;1.6701;0;0;0;0;0;0;0;0;0;0;0;0;0;1;1;1;1;0;0;0;0;0;0;0;0;0;0;0;0;0;0;0;0;0;0;0;0;0;0;0;0;0;0;0;0;0;0;0;0;0;0;0;1;1;1;1;1;1;1;1;1;1;1;1;1;1;1;1;1;1;1;0;0;0;0;0;0;0;0;0;0.0004;0.088;0;-0.0884;0;0;0;0;0;0;0;0;0;0;0;0;0;0;0;0;0;0;0;-13.41;0;0;0;0;0.0004;0;0;0;0;0;0;0;-0.0004;-0.0884;0;0;0;0;0;0;0;0;0;-0.7063;0;0.7063;1;1;0;0;0;0
20/11/21 23:00;0;0;90;0;0;90;0;0;0;0;13.52;1.73;0;0;0;0;0;0;0;0;0;0;0;0;0;1;1;1;1;0;0;0;0;0;0;0;0;0;0;0;0;0;0;0;0;0;0;0;0;0;0;0;0;0;0;0;0;0;0;0;0;0;0;0;1;1;1;1;1;1;1;1;1;1;1;1;1;1;1;1;1;1;1;0;0;0;0;0;0;0;0;0;0.0004;0.088;0;-0.0884;0;0;0;0;0;0;0;0;0;0;0;0;0;0;0;0;0;0;0;-13.52;0;0;0;0;0.0004;0;0;0;0;0;0;0;-0.0004;-0.0884;0;0;0;0;0;0;0;0;0;-0.7063;0;0.7063;1;1;0;0;0;0
21/11/21 00:00;0;0;90;0;0;90;0;0;0;0;13.5;1.49;0;0;0;0;0;0;0;0;0;0;0;0;0;1;1;1;1;0;0;0;0;0;0;0;0;0;0;0;0;0;0;0;0;0;0;0;0;0;0;0;0;0;0;0;0;0;0;0;0;0;0;0;1;1;1;1;1;1;1;1;1;1;1;1;1;1;1;1;1;1;1;0;0;0;0;0;0;0;0;0;0.0004;0.088;0;-0.0884;0;0;0;0;0;0;0;0;0;0;0;0;0;0;0;0;0;0;0;-13.5;0;0;0;0;0.0004;0;0;0;0;0;0;0;-0.0004;-0.0884;0;0;0;0;0;0;0;0;0;-0.7063;0;0.7063;1;1;0;0;0;0
21/11/21 01:00;0;0;90;0;0;90;0;0;0;0;13.12;0.8799;0;0;0;0;0;0;0;0;0;0;0;0;0;1;1;1;1;0;0;0;0;0;0;0;0;0;0;0;0;0;0;0;0;0;0;0;0;0;0;0;0;0;0;0;0;0;0;0;0;0;0;0;1;1;1;1;1;1;1;1;1;1;1;1;1;1;1;1;1;1;1;0;0;0;0;0;0;0;0;0;0.0004;0.088;0;-0.0884;0;0;0;0;0;0;0;0;0;0;0;0;0;0;0;0;0;0;0;-13.12;0;0;0;0;0.0004;0;0;0;0;0;0;0;-0.0004;-0.0884;0;0;0;0;0;0;0;0;0;-0.7063;0;0.7063;1;1;0;0;0;0
21/11/21 02:00;0;0;90;0;0;90;0;0;0;0;13.34;0.34;0;0;0;0;0;0;0;0;0;0;0;0;0;1;1;1;1;0;0;0;0;0;0;0;0;0;0;0;0;0;0;0;0;0;0;0;0;0;0;0;0;0;0;0;0;0;0;0;0;0;0;0;1;1;1;1;1;1;1;1;1;1;1;1;1;1;1;1;1;1;1;0;0;0;0;0;0;0;0;0;0.0004;0.088;0;-0.0884;0;0;0;0;0;0;0;0;0;0;0;0;0;0;0;0;0;0;0;-13.34;0;0;0;0;0.0004;0;0;0;0;0;0;0;-0.0004;-0.0884;0;0;0;0;0;0;0;0;0;-0.7063;0;0.7063;1;1;0;0;0;0
21/11/21 03:00;0;0;90;0;0;90;0;0;0;0;13.76;1.24;0;0;0;0;0;0;0;0;0;0;0;0;0;1;1;1;1;0;0;0;0;0;0;0;0;0;0;0;0;0;0;0;0;0;0;0;0;0;0;0;0;0;0;0;0;0;0;0;0;0;0;0;1;1;1;1;1;1;1;1;1;1;1;1;1;1;1;1;1;1;1;0;0;0;0;0;0;0;0;0;0.0004;0.088;0;-0.0884;0;0;0;0;0;0;0;0;0;0;0;0;0;0;0;0;0;0;0;-13.76;0;0;0;0;0.0004;0;0;0;0;0;0;0;-0.0004;-0.0884;0;0;0;0;0;0;0;0;0;-0.7063;0;0.7063;1;1;0;0;0;0
21/11/21 04:00;1.4221;-113.66;86.549;1.5525;2.215;-90;-2.215;0;0;0;13.86;2.2201;0;0;0;0;0;0;0;0;0;0;0;0;0;1;1;1;1;0;0;0;0;0;0;0;0;0;0;0;0;0;0;0;0;0;0;0;0;0;0;0;0;0;0;0;0;0;0;0;0;0;0;0;1;1;1;1;1;1;1;1;1;1;1;1;1;1;1;1;1;1;1;0;0;0;0;0;0;0;0;0;0.0004;0.088;0;-0.0884;0;0;0;0;0;0;0;0;0;0;0;0;0;0;0;0;0;0;0;-13.86;0;0;0;0;0.0004;0;0;0;0;0;0;0;-0.0004;-0.0884;0;0;0;0;0;0;0;0;0;-0.7063;0;0.7063;1;1;0;0;0;0
21/11/21 05:00;8.6723;-108.43;68.55;9.1333;13.509;-90;-13.509;47.801;44.801;3.0002;14.03;3.45;0;7.2764;43.554;1.5424;0;0.1124;52.485;0;52.485;7.2764;1.5424;43.554;0.1124;0.1386;0.832;0;0.0021;51.869;0.6162;0;0;0.5225;0.0937;49.339;2.4782;0.6705;0.1421;1.6614;0.0042;51.817;0.0519;0.0073;0.0015;0.043;0;49.36;6.5986;1.3987;41.327;0.0145;26.388;22.034;6.6827;0.0387;0.2579;3.7099;0.0211;3.9291;0;1;0;0;1.098;0.9883;1;1;0.988;0.1664;0.9522;0.9078;1;0.9614;0.7754;0.999;0.999;1;0.999;0.999;0.9401;0.9489;0.1289;0.1576;0.1565;0.0009;0.0138;-0.0052;0.001;0.0036;0.0007;0;0;0.088;0;0.0447;0;0;0;0;0;0;0;0;0;0;0;0;0.0029;0.0001;0.1385;0.1385;0;16.053;16.053;2.0231;0.041;132.21;1047.6;1;0.0058;0.0058;0;0;0;0;0;0;0.1327;0.0447;0;16.74;19.384;5.4055;6.2594;95.828;95.828;1.2596;1.1069;0.3574;0.1527;0.7495;0.1213;0.595;0.2838;26.37;0.2695;0
21/11/21 06:00;20.541;-100.57;31.681;20.865;38.883;-90;-38.883;60.206;59.402;0.8036;14.7;4.57;0;1.949;52.735;0.2354;0;1.1339;56.053;0;56.053;1.949;0.2354;52.735;1.1339;0.0348;0.961;0;0.0202;51.494;4.5589;0;0;3.5233;1.0356;49.84;1.6032;0.0039;0.0005;1.5888;0.0101;51.443;0.0515;0.0019;0.0002;0.0492;0.0001;50.222;1.9431;0.2347;47.574;0.0881;37.214;31.074;10.273;1.9492;0.4317;6.2096;0.3828;4.692;0;1;0;0;0.931;0.9187;1;1;0.9332;0.0867;0.9688;0.998;1;0.9677;0.8975;0.999;0.999;1;0.999;0.999;0.8891;0.9021;0.0777;0.1683;0.1644;0.001;0.014;-0.005;0.0011;0.0038;0.0012;0;0;0.088;0;0.0511;0;0;0;0;0;0;0;0;0;0;0;0;0.0031;0.0001;0.145;0.145;0;16.745;16.745;2.0446;0.041;138.76;1045.1;1;0.0059;0.0059;0;0;0;0;0;0;0.1391;0.0511;0;16.412;19.005;5.784;6.6978;95.922;95.922;1.3453;1.159;0.4085;0.1863;0.7506;0.1385;0.5579;0.3036;37.21;0.2804;0
21/11/21 07:00;32.717;-92.608;2.1942;32.744;57.256;-90;-57.256;147.41;144.6;2.808;15.32;5.3301;0;5.1915;110.99;0.9909;0;5.7525;122.93;0;122.93;5.1915;0.9909;110.99;5.7525;0.0422;0.9497;0;0.0468;104.49;18.442;0;0;13.052;5.3895;100.98;3.4049;0.0004;0.0001;3.3859;0.0185;104.38;0.1045;0.0052;0.001;0.0979;0.0004;103.28;5.1859;0.9898;94.457;0.3441;94.439;78.857;28.321;15.706;1.6486;23.715;2.3065;9.6578;0;1;0;0;0.8339;0.85;1;1;0.8824;0.0631;0.9674;0.9999;1;0.9654;0.949;0.999;0.999;1;0.999;0.999;0.8214;0.851;0.0598;0.3692;0.3611;0.0022;0.0177;-0.0073;0.0024;0.0087;0.0046;0;0;0.088;0;0.2299;0;0;0;0;0;0;0;0;0;0;0;0;0.007;0.0005;0.3254;0.3254;0;19.44;19.44;4.1195;0.0408;306.31;1062.3;1;0.0075;0.0075;0;0;0;0;0;0;0.3179;0.2299;0;16.792;19.445;11.863;13.737;97.687;97.687;2.9503;2.6006;1.8372;0.3497;0.7635;0.1185;0.2588;0.6227;93.632;0.5441;0
21/11/21 08:00;44.967;-83.617;4.5112;45.145;44.855;-90;-44.855;469.01;313;156.01;16.96;5.4901;0;220.07;225.32;69.536;0;11.605;526.53;0;526.53;220.07;69.536;225.32;11.605;0.418;0.45;0;0.022;497.17;29.36;0;0;18.596;10.764;489.85;6.8256;0.0343;0.0108;6.7296;0.0509;496.68;0.4972;0.2201;0.0695;0.2067;0.0008;493.46;219.81;69.455;199.79;0.7893;253.95;212.05;70.088;13.61;2.967;42.679;3.6065;32.036;0;1;0;0;1.1227;0.9442;1;1;0.9175;0.0725;0.9863;0.9998;1;0.9674;0.9394;0.999;0.999;1;0.999;0.999;0.9303;0.8867;0.068;1.5812;1.5762;0.0095;0.0053;0.0666;0.0105;0.0371;0.0081;0;0;0.088;0;1.2934;0;0;0;0;0;0;0;0;0;0;0;0;0.0299;0.0058;1.4035;1.4035;0;36.994;36.994;20.034;0.0409;1353;1037.3;1;0.0221;0.0221;0;0;0;0;0;0;1.3814;1.2934;0;16.909;19.58;15.583;18.045;98.428;98.428;12.637;11.217;10.337;1.4202;0.8797;0.1124;0.0696;0.818;167.48;0.7712;0
21/11/21 09:00;56.947;-71.712;9.8549;58.29;31.71;-90;-31.71;543;384.6;158.4;19.25;5.7201;0;186.2;307.91;60.953;0;6.8902;561.95;0;561.95;186.2;60.953;307.91;6.8902;0.3313;0.5602;0;0.0123;540.92;21.037;0;0;14.946;6.0903;530.67;9.7065;0.0633;0.0207;9.4904;0.132;540.37;0.5409;0.1862;0.061;0.293;0.0008;532.67;185.95;60.871;283.18;0.667;314.25;262.4;84.841;5.6492;3.067;44.117;2.0052;41.535;0;1;0;0;1.0349;0.9626;1;1;0.9515;0.1161;0.982;0.9997;1;0.9676;0.8347;0.999;0.999;1;0.999;0.999;0.9443;0.9197;0.0968;1.6875;1.6974;0.0102;0.0037;0.0958;0.0111;0.0394;0.0082;0;0;0.088;0;1.379;0;0;0;0;0;0;0;0;0;0;0;0;0.0317;0.0067;1.4904;1.4904;0;41.019;41.019;21.769;0.041;1457.7;1022.5;1;0.0235;0.0235;0;0;0;0;0;0;1.467;1.379;0;16.825;19.483;15.566;18.026;98.424;98.424;13.487;11.912;11.021;1.5752;0.891;0.1168;0.0661;0.8171;205.4;0.7718;0
21/11/21 10:00;67.81;-51.926;13.468;72.198;17.802;-90;-17.802;548.61;435.4;113.21;20.53;6.2299;0;118.9;387.91;39.887;0;2.2327;548.93;0;548.93;118.9;39.887;387.91;2.2327;0.2166;0.7107;0;0.0041;539.66;9.2744;0;0;7.4083;1.8661;525.33;13.791;0.0553;0.0185;13.636;0.0815;539.12;0.5397;0.1189;0.0399;0.3805;0.0004;525.84;118.72;39.828;366.49;0.2847;324.69;271.12;84.089;0.9202;3.0812;44.322;0.518;46.483;0;1;0;0;1.0006;0.9831;1;1;0.9809;0.1642;0.9744;0.9995;1;0.9641;0.7774;0.999;0.999;1;0.999;0.999;0.957;0.9448;0.1275;1.6484;1.6772;0.0101;0.004;0.1012;0.0109;0.0388;0.0083;0;0;0.088;0;1.3553;0;0;0;0;0;0;0;0;0;0;0;0;0.0312;0.0065;1.4663;1.4663;0;42.1;42.1;21.57;0.0411;1440.4;1017.9;1;0.0229;0.0229;0;0;0;0;0;0;1.4433;1.3553;0;16.945;19.622;15.663;18.137;98.436;98.436;13.174;11.718;10.832;1.4559;0.8866;0.1105;0.0673;0.8222;238.66;0.7753;0
21/11/21 11:00;74.586;-12.273;15.053;86.646;3.354;-90;-3.354;649.7;451.6;198.1;21;6.42;0;198.44;385.07;66.318;0;0.0946;649.92;0;649.92;198.44;66.318;385.07;0.0946;0.3053;0.5926;0;0.0001;649.35;0.5708;0;0;0.4917;0.0792;631.51;17.186;0.1031;0.0344;17.045;0.0034;648.7;0.6493;0.1984;0.0663;0.3846;0;631.51;198.14;66.217;367.14;0.012;383.95;320.6;99.241;-0.0019;3.5854;51.575;-0.0023;55.162;0;1;0;0;1.0003;0.9991;1;1;0.9987;0.1631;0.9735;0.9995;1;0.9556;0.7773;0.999;0.999;1;0.999;0.999;0.9717;0.9535;0.1266;1.9517;2.0108;0.0121;0.0004;0.1558;0.0129;0.0457;0.0094;0;0;0.088;0;1.6128;0;0;0;0;0;0;0;0;0;0;0;0;0.0368;0.0091;1.7285;1.7285;0;47.018;47.018;26.019;0.0412;1725.7;1001.6;1;0.0277;0.0277;0;0;0;0;0;0;1.7008;1.6128;0;16.871;19.536;15.742;18.229;98.4;98.4;15.598;13.814;12.89;1.784;0.9243;0.1144;0.0593;0.8264;228.27;0.78;0
21/11/21 12:00;71.778;36.997;14.462;78.795;11.205;90;11.205;603.4;457.4;146;21.16;6.27;0;148.84;403.36;51.133;0;0.9777;604.31;0;604.31;148.84;51.133;403.36;0.9777;0.2463;0.6691;0;0.0016;599.95;4.3597;0;0;3.5434;0.8163;583.19;16.16;0.0743;0.0255;16.024;0.0363;599.35;0.6;0.1488;0.0511;0.3998;0.0002;583.37;148.62;51.056;383.39;0.1249;356.66;297.81;91.237;0.1805;3.4041;48.966;0.1826;52.19;0;1;0;0;1.0015;0.9928;1;1;0.9912;0.1651;0.973;0.9995;1;0.9599;0.7746;0.999;0.999;1;0.999;0.999;0.9651;0.9505;0.1278;1.8148;1.8603;0.0112;0.0018;0.1321;0.012;0.0426;0.009;0;0;0.088;0;1.4959;0;0;0;0;0;0;0;0;0;0;0;0;0.0343;0.0079;1.6094;1.6094;0;45.157;45.157;23.997;0.0411;1597.2;1007.6;1;0.0255;0.0255;0;0;0;0;0;0;1.5839;1.4959;0;16.894;19.563;15.703;18.183;98.416;98.416;14.503;12.862;11.955;1.6414;0.907;0.1132;0.0625;0.8243;242.54;0.7771;0
21/11/21 13:00;62.174;64.131;11.751;64.596;25.404;90;25.404;971.9;165.9;806.01;22.02;6.3799;0;892.29;55.227;119.41;0;7.9883;1074.9;0;1074.9;892.29;119.41;55.227;7.9883;0.8301;0.0588;0;0.0074;1066.2;8.7544;0;0;1.8852;6.8691;1062.7;2.4068;0.3618;0.0484;1.7703;0.2262;1065.1;1.0662;0.8923;0.1194;0.0533;0.0011;1064.7;891.03;119.25;51.518;0.8919;534.11;445.98;143.82;0.4695;4.6435;66.794;1.9899;70.968;0;1;0;0;1.106;0.9919;1;1;0.9659;0.1401;0.9977;0.9996;1;0.9668;0.7977;0.999;0.999;1;0.999;0.999;0.9886;0.9328;0.1116;3.228;3.3475;0.0202;0.0047;0.4884;0.0198;0.0704;0.0113;0;0;0.088;0;2.5176;0;0;0;0;0;0;0;0;0;0;0;0;0.0567;0.0241;2.652;2.652;0;66.499;66.499;44.479;0.0419;2879.9;920.86;1;0.0463;0.0463;0;0;0;0;0;0;2.6056;2.5176;0;15.651;18.123;14.858;17.205;98.254;98.254;25.798;21.194;20.121;4.6036;1.0733;0.1784;0.0416;0.7799;35.337;0.7453;0
21/11/21 14:00;50.538;78.692;7.1594;51.088;38.912;90;38.912;425.31;369.4;55.905;22;6.8599;0;71.847;311.45;24.525;0;8.0216;415.85;0;415.85;71.847;24.525;311.45;8.0216;0.1728;0.7683;0;0.0193;387.63;28.214;0;0;20.869;7.3449;377.77;9.4756;0.0177;0.0061;9.3817;0.0701;387.25;0.3876;0.0718;0.0245;0.2906;0.0007;380.41;71.757;24.494;280.91;0.6058;255.26;213.15;70.188;11.543;2.8605;41.147;2.6416;32.465;0;1;0;0;0.9778;0.9322;1;1;0.933;0.0844;0.9755;0.9998;1;0.9677;0.8962;0.999;0.999;1;0.999;0.999;0.9084;0.9019;0.0755;1.2488;1.2325;0.0074;0.0101;0.0547;0.0081;0.0288;0.0077;0;0;0.088;0;0.9835;0;0;0;0;0;0;0;0;0;0;0;0;0.0232;0.0037;1.0887;1.0887;0;37.478;37.478;15.478;0.041;1057;1030;1;0.0172;0.0172;0;0;0;0;0;0;1.0715;0.9835;0;16.608;19.232;15.003;17.373;98.417;98.417;9.9803;8.7009;7.8599;1.2794;0.841;0.1282;0.0843;0.7875;219.82;0.7332;0
21/11/21 15:00;38.355;88.683;1.0327;38.362;51.638;90;51.638;298.61;277.3;21.306;21.23;6.8499;0;34.33;219.2;10.945;0;9.6291;274.1;0;274.1;34.33;10.945;219.2;9.6291;0.1252;0.8348;0;0.0351;242.83;31.268;0;0;22.238;9.0295;235.99;6.6026;0.0012;0.0004;6.5766;0.0244;242.59;0.2428;0.0343;0.0109;0.197;0.0006;239.59;34.295;10.933;190.18;0.5746;183.52;153.24;53.112;21.57;2.747;39.514;3.6059;20.691;0;1;0;0;0.9179;0.8859;1;1;0.8985;0.0623;0.9728;1;1;0.9666;0.9593;0.999;0.999;1;0.999;0.999;0.861;0.8676;0.0597;0.8231;0.8049;0.0048;0.0159;0.0169;0.0054;0.019;0.0075;0;0;0.088;0;0.6182;0;0;0;0;0;0;0;0;0;0;0;0;0.0153;0.0017;0.7182;0.7182;0;30.877;30.877;9.6471;0.0409;686.71;1045.9;1;0.012;0.012;0;0;0;0;0;0;0.7062;0.6182;0;16.623;19.249;14.307;16.568;98.323;98.323;6.5784;5.7402;4.9407;0.8382;0.7995;0.1274;0.1215;0.751;174;0.6779;0
21/11/21 16:00;26.113;96.965;7.27;26.281;60;90;60;472.7;113.1;359.59;21.45;6.58;0;810.42;35.386;148.57;0;20.09;1014.5;0;1014.5;810.42;148.57;35.386;20.09;0.7989;0.0547;0;0.0198;991.16;23.307;0;0;4.4626;18.844;988.75;1.4178;0.2033;0.0373;1.0925;0.0848;990.17;0.9912;0.8104;0.1486;0.0309;0.0012;990.56;809.41;148.38;29.8;1.1596;62.849;52.479;18.914;5.9209;0.7983;11.483;1.8119;6.3608;0;1;0;0;2.1461;0.977;1;1;0.8739;0.062;0.9986;0.9997;1;0.9646;0.9319;0.999;0.999;1;0.999;0.999;0.9747;0.8421;0.0577;3.0464;3.0077;0.0181;0;0.399;0.0181;0.0643;0.002;0;0;0.088;0;2.3052;0;0;0;0;0;0;0;0;0;0;0;0;0.0518;0.0196;2.4348;2.4348;0;62.7;62.7;41.25;0.0417;2590.5;939.88;1;0.0416;0.0416;0;0;0;0;0;0;2.3932;2.3052;0;15.225;17.63;14.415;16.692;98.292;98.292;24.347;19.459;18.423;4.8886;1.0357;0.2008;0.0425;0.7567;30.806;0.7503;0
21/11/21 17:00;14.075;104.78;53.856;14.537;22.962;90;22.962;108.59;104.8;3.7913;20.38;5.71;0;9.195;99.53;2.8268;0;0.7314;112.28;0;112.28;9.195;2.8268;99.53;0.7314;0.0819;0.8929;0;0.0065;108.77;3.5111;0;0;2.889;0.6221;105.16;3.5007;0.1691;0.052;3.2565;0.0232;108.66;0.1088;0.0092;0.0028;0.0966;0.0001;105.35;9.0167;2.772;93.288;0.086;62.819;52.454;16.27;0.5879;0.6227;8.958;0.186;8.9928;0;1;0;0;1.034;0.9687;1;1;0.971;0.1495;0.9678;0.9816;1;0.9663;0.7879;0.999;0.999;1;0.999;0.999;0.9366;0.9373;0.1176;0.3372;0.3362;0.002;0.0175;-0.0004;0.0022;0.0079;0.0017;0;0;0.088;0;0.2035;0;0;0;0;0;0;0;0;0;0;0;0;0.0063;0.0004;0.2985;0.2985;0;24.688;24.688;4.3078;0.041;286.44;1042.2;1;0.007;0.007;0;0;0;0;0;0;0.2915;0.2035;0;16.865;19.53;11.496;13.312;97.641;97.641;2.6948;2.3858;1.6262;0.309;0.7596;0.1147;0.2819;0.6035;62.795;0.5694;0
21/11/21 18:00;4.1732;111.61;79.835;4.4875;6.4512;90;6.4512;11.096;11.002;0.0932;18.32;5.2501;0;0.226;10.958;0.0244;0;0.006;11.214;0;11.214;0.226;0.0244;10.958;0.006;0.0201;0.9777;0;0.0005;11.17;0.0437;0;0;0.0388;0.005;10.612;0.547;0.0712;0.0077;0.4679;0.0002;11.159;0.0112;0.0002;0;0.0109;0;10.613;0.1546;0.0167;10.44;0.0008;6.5216;5.4456;1.6377;0.0005;0.0641;0.9214;0.0006;0.9849;0;1;0;0;1.0107;0.9961;1;1;0.9965;0.1641;0.951;0.6848;1;0.9571;0.7758;0.999;0.999;1;0.999;0.999;0.9463;0.9528;0.1272;0.0337;0.0339;0.0002;0.0064;-0.0007;0.0002;0.0007;0.0002;0;0;0.088;0;-0.0641;0;0;0;0;0;0;0;0;0;0;0;0;0.0006;0;0.0264;0.0264;0;18.767;18.767;0.4468;0.0421;27.348;966.1;1;0.0025;0.0025;0;0;0;0;0;0;0.0239;-0.0641;0;14.946;17.307;-36.267;-41.996;90.421;90.421;0.2691;0.2112;-0.5124;0.058;0.7235;0.2154;2.6883;0;6.5211;0;0
21/11/21 19:00;0;0;90;0;0;90;0;0;0;0;15.98;5.54;0;0;0;0;0;0;0;0;0;0;0;0;0;1;1;1;1;0;0;0;0;0;0;0;0;0;0;0;0;0;0;0;0;0;0;0;0;0;0;0;0;0;0;0;0;0;0;0;0;0;0;0;1;1;1;1;1;1;1;1;1;1;1;1;1;1;1;1;1;1;1;0;0;0;0;0;0;0;0;0;0.0004;0.088;0;-0.0884;0;0;0;0;0;0;0;0;0;0;0;0;0;0;0;0;0;0;0;-15.98;0;0;0;0;0.0004;0;0;0;0;0;0;0;-0.0004;-0.0884;0;0;0;0;0;0;0;0;0;-0.7063;0;0.7063;1;1;0;0;0;0
21/11/21 20:00;0;0;90;0;0;90;0;0;0;0;14.72;5.1899;0;0;0;0;0;0;0;0;0;0;0;0;0;1;1;1;1;0;0;0;0;0;0;0;0;0;0;0;0;0;0;0;0;0;0;0;0;0;0;0;0;0;0;0;0;0;0;0;0;0;0;0;1;1;1;1;1;1;1;1;1;1;1;1;1;1;1;1;1;1;1;0;0;0;0;0;0;0;0;0;0.0004;0.088;0;-0.0884;0;0;0;0;0;0;0;0;0;0;0;0;0;0;0;0;0;0;0;-14.72;0;0;0;0;0.0004;0;0;0;0;0;0;0;-0.0004;-0.0884;0;0;0;0;0;0;0;0;0;-0.7063;0;0.7063;1;1;0;0;0;0
21/11/21 21:00;0;0;90;0;0;90;0;0;0;0;14.9;4.7799;0;0;0;0;0;0;0;0;0;0;0;0;0;1;1;1;1;0;0;0;0;0;0;0;0;0;0;0;0;0;0;0;0;0;0;0;0;0;0;0;0;0;0;0;0;0;0;0;0;0;0;0;1;1;1;1;1;1;1;1;1;1;1;1;1;1;1;1;1;1;1;0;0;0;0;0;0;0;0;0;0.0004;0.088;0;-0.0884;0;0;0;0;0;0;0;0;0;0;0;0;0;0;0;0;0;0;0;-14.9;0;0;0;0;0.0004;0;0;0;0;0;0;0;-0.0004;-0.0884;0;0;0;0;0;0;0;0;0;-0.7063;0;0.7063;1;1;0;0;0;0
21/11/21 22:00;0;0;90;0;0;90;0;0;0;0;14.42;4.3899;0;0;0;0;0;0;0;0;0;0;0;0;0;1;1;1;1;0;0;0;0;0;0;0;0;0;0;0;0;0;0;0;0;0;0;0;0;0;0;0;0;0;0;0;0;0;0;0;0;0;0;0;1;1;1;1;1;1;1;1;1;1;1;1;1;1;1;1;1;1;1;0;0;0;0;0;0;0;0;0;0.0004;0.088;0;-0.0884;0;0;0;0;0;0;0;0;0;0;0;0;0;0;0;0;0;0;0;-14.42;0;0;0;0;0.0004;0;0;0;0;0;0;0;-0.0004;-0.0884;0;0;0;0;0;0;0;0;0;-0.7063;0;0.7063;1;1;0;0;0;0
21/11/21 23:00;0;0;90;0;0;90;0;0;0;0;14.34;4.27;0;0;0;0;0;0;0;0;0;0;0;0;0;1;1;1;1;0;0;0;0;0;0;0;0;0;0;0;0;0;0;0;0;0;0;0;0;0;0;0;0;0;0;0;0;0;0;0;0;0;0;0;1;1;1;1;1;1;1;1;1;1;1;1;1;1;1;1;1;1;1;0;0;0;0;0;0;0;0;0;0.0004;0.088;0;-0.0884;0;0;0;0;0;0;0;0;0;0;0;0;0;0;0;0;0;0;0;-14.34;0;0;0;0;0.0004;0;0;0;0;0;0;0;-0.0004;-0.0884;0;0;0;0;0;0;0;0;0;-0.7063;0;0.7063;1;1;0;0;0;0
22/11/21 00:00;0;0;90;0;0;90;0;0;0;0;13.9;4.3099;0;0;0;0;0;0;0;0;0;0;0;0;0;1;1;1;1;0;0;0;0;0;0;0;0;0;0;0;0;0;0;0;0;0;0;0;0;0;0;0;0;0;0;0;0;0;0;0;0;0;0;0;1;1;1;1;1;1;1;1;1;1;1;1;1;1;1;1;1;1;1;0;0;0;0;0;0;0;0;0;0.0004;0.088;0;-0.0884;0;0;0;0;0;0;0;0;0;0;0;0;0;0;0;0;0;0;0;-13.9;0;0;0;0;0.0004;0;0;0;0;0;0;0;-0.0004;-0.0884;0;0;0;0;0;0;0;0;0;-0.7063;0;0.7063;1;1;0;0;0;0
22/11/21 01:00;0;0;90;0;0;90;0;0;0;0;13.09;4.26;0;0;0;0;0;0;0;0;0;0;0;0;0;1;1;1;1;0;0;0;0;0;0;0;0;0;0;0;0;0;0;0;0;0;0;0;0;0;0;0;0;0;0;0;0;0;0;0;0;0;0;0;1;1;1;1;1;1;1;1;1;1;1;1;1;1;1;1;1;1;1;0;0;0;0;0;0;0;0;0;0.0004;0.088;0;-0.0884;0;0;0;0;0;0;0;0;0;0;0;0;0;0;0;0;0;0;0;-13.09;0;0;0;0;0.0004;0;0;0;0;0;0;0;-0.0004;-0.0884;0;0;0;0;0;0;0;0;0;-0.7063;0;0.7063;1;1;0;0;0;0
22/11/21 02:00;0;0;90;0;0;90;0;0;0;0;12.65;4.19;0;0;0;0;0;0;0;0;0;0;0;0;0;1;1;1;1;0;0;0;0;0;0;0;0;0;0;0;0;0;0;0;0;0;0;0;0;0;0;0;0;0;0;0;0;0;0;0;0;0;0;0;1;1;1;1;1;1;1;1;1;1;1;1;1;1;1;1;1;1;1;0;0;0;0;0;0;0;0;0;0.0004;0.088;0;-0.0884;0;0;0;0;0;0;0;0;0;0;0;0;0;0;0;0;0;0;0;-12.65;0;0;0;0;0.0004;0;0;0;0;0;0;0;-0.0004;-0.0884;0;0;0;0;0;0;0;0;0;-0.7063;0;0.7063;1;1;0;0;0;0
22/11/21 03:00;0;0;90;0;0;90;0;0;0;0;12.4;4.41;0;0;0;0;0;0;0;0;0;0;0;0;0;1;1;1;1;0;0;0;0;0;0;0;0;0;0;0;0;0;0;0;0;0;0;0;0;0;0;0;0;0;0;0;0;0;0;0;0;0;0;0;1;1;1;1;1;1;1;1;1;1;1;1;1;1;1;1;1;1;1;0;0;0;0;0;0;0;0;0;0.0004;0.088;0;-0.0884;0;0;0;0;0;0;0;0;0;0;0;0;0;0;0;0;0;0;0;-12.4;0;0;0;0;0.0004;0;0;0;0;0;0;0;-0.0004;-0.0884;0;0;0;0;0;0;0;0;0;-0.7063;0;0.7063;1;1;0;0;0;0
22/11/21 04:00;1.5024;-113.86;86.354;1.6428;2.3441;-90;-2.3441;0;0;0;10.41;4.8;0;0;0;0;0;0;0;0;0;0;0;0;0;1;1;1;1;0;0;0;0;0;0;0;0;0;0;0;0;0;0;0;0;0;0;0;0;0;0;0;0;0;0;0;0;0;0;0;0;0;0;0;1;1;1;1;1;1;1;1;1;1;1;1;1;1;1;1;1;1;1;0;0;0;0;0;0;0;0;0;0.0004;0.088;0;-0.0884;0;0;0;0;0;0;0;0;0;0;0;0;0;0;0;0;0;0;0;-10.41;0;0;0;0;0.0004;0;0;0;0;0;0;0;-0.0004;-0.0884;0;0;0;0;0;0;0;0;0;-0.7063;0;0.7063;1;1;0;0;0;0
22/11/21 05:00;8.7423;-108.64;68.369;9.2183;13.644;-90;-13.644;121;19.903;101.09;11.58;5.8801;0;245.18;10.314;22.897;0;0.2902;278.68;0;278.68;245.18;22.897;10.314;0.2902;0.8798;0.0381;0;0.001;278.32;0.3678;0;0;0.1258;0.242;253.42;24.615;22.144;2.0679;0.3925;0.0108;278.04;0.2783;0.2452;0.0229;0.0102;0;253.43;222.79;20.806;9.7858;0.0374;6.7892;5.669;1.7997;0.0096;0.0611;0.879;0.0051;0.9305;0;1;0;0;2.3032;0.9987;1;1;0.9878;0.1664;0.9115;0.9096;1;0.9614;0.7755;0.999;0.999;1;0.999;0.999;0.9094;0.9488;0.1289;0.8369;0.7651;0.0046;0.0163;-0.0086;0.0053;0.0187;0.0002;0;0;0.088;0;0.6116;0;0;0;0;0;0;0;0;0;0;0;0;0.015;0.0016;0.712;0.712;0;21.856;21.856;10.276;0.0405;655.38;1086.4;1;0.0124;0.0124;0;0;0;0;0;0;0.6996;0.6116;0;16.208;18.768;13.922;16.121;98.257;98.257;6.6884;5.6905;4.888;0.9979;0.8025;0.1492;0.12;0.7308;6.2476;0.7291;0
22/11/21 06:00;20.599;-100.8;31.428;20.939;39.141;-90;-39.141;335.8;56.701;279.1;14.74;6.42;0;676.89;21.861;77.797;0;6.4051;782.96;0;782.96;676.89;77.797;21.861;6.4051;0.8645;0.0361;0;0.0082;775.62;7.3318;0;0;1.4756;5.8562;772.72;2.1241;1.2656;0.1455;0.6583;0.0547;774.85;0.7756;0.6769;0.0778;0.0204;0.0005;772.89;674.95;77.574;19.707;0.4936;16.983;14.181;4.8853;0.8281;0.1802;2.5923;0.1615;1.9444;0;1;0;0;2.3316;0.9906;1;1;0.9325;0.0857;0.9973;0.9981;1;0.9677;0.9002;0.999;0.999;1;0.999;0.999;0.9869;0.9015;0.0771;2.3512;2.3333;0.014;-0.0017;0.1762;0.015;0.0532;0.0005;0;0;0.088;0;1.8997;0;0;0;0;0;0;0;0;0;0;0;0;0.0429;0.0121;2.0211;2.0211;0;46.549;46.549;31.809;0.0412;2009.6;1005.7;1;0.0333;0.0333;0;0;0;0;0;0;1.9877;1.8997;0;16.375;18.962;15.392;17.824;98.351;98.351;18.791;16.152;15.183;2.6385;0.9696;0.1404;0.0516;0.808;15.459;0.806;0
22/11/21 07:00;32.769;-92.866;2.4099;32.802;57.198;-90;-57.198;565.8;93.4;472.4;17.94;6.4699;0;872.01;27.185;107.31;0;22.039;1028.5;0;1028.5;872.01;107.31;27.185;22.039;0.8478;0.0479;0;0.0214;1004.7;23.841;0;0;3.1922;20.649;1002.7;0.981;0.0725;0.0089;0.8291;0.0705;1003.7;1.0047;0.872;0.1073;0.024;0.0014;1006.5;871.06;107.2;23.139;1.3185;151.64;126.62;40.003;3.8382;1.613;23.203;3.7512;20.978;0;1;0;0;1.8179;0.9768;1;1;0.8826;0.0631;0.999;0.9999;1;0.9654;0.9493;0.999;0.999;1;0.999;0.999;0.9749;0.8512;0.0598;3.0887;3.0803;0.0185;0.0007;0.3747;0.0188;0.0667;0.004;0;0;0.088;0;2.3905;0;0;0;0;0;0;0;0;0;0;0;0;0.0537;0.0205;2.5225;2.5225;0;59.668;59.668;41.728;0.0416;2651.8;951.24;1;0.044;0.044;0;0;0;0;0;0;2.4785;2.3905;0;15.558;18.015;14.743;17.073;98.255;98.255;24.685;20.16;19.105;4.5254;1.055;0.1833;0.0427;0.7739;22.918;0.7611;0
22/11/21 08:00;45.021;-83.924;4.291;45.182;44.818;-90;-44.818;775.8;128;647.8;19.66;6.1;0;913.23;37.948;117.85;0;19.166;1088.2;0;1088.2;913.23;117.85;37.948;19.166;0.8392;0.0525;0;0.0176;1067.3;20.904;0;0;3.1281;17.776;1064.9;1.3705;0.1352;0.0174;1.1334;0.0845;1066.2;1.0673;0.9132;0.1178;0.0348;0.0014;1069.5;912.18;117.71;33.652;1.3045;336.54;281.01;88.923;2.29;3.1659;45.54;4.6959;46.416;0;1;0;0;1.4027;0.9808;1;1;0.9176;0.0725;0.9987;0.9999;1;0.9674;0.9392;0.999;0.999;1;0.999;0.999;0.9785;0.8868;0.0681;3.2678;3.3174;0.02;0.0042;0.456;0.0199;0.0704;0.0078;0;0;0.088;0;2.524;0;0;0;0;0;0;0;0;0;0;0;0;0.0567;0.0237;2.6588;2.6588;0;64.143;64.143;44.483;0.0418;2854.7;931.35;1;0.0468;0.0468;0;0;0;0;0;0;2.612;2.524;0;15.499;17.948;14.714;17.038;98.241;98.241;26.117;21.249;20.172;4.8678;1.077;0.1864;0.0412;0.7724;28.196;0.7489;0
22/11/21 09:00;57.016;-72.101;9.6318;58.301;31.699;-90;-31.699;932.09;153.8;778.29;21.3;5.52;0;914.76;48.15;119.61;0;11.819;1094.3;0;1094.3;914.76;119.61;48.15;11.819;0.8359;0.0548;0;0.0108;1081.6;12.783;0;0;2.336;10.447;1078.4;2.0546;0.304;0.0398;1.4841;0.2267;1080.5;1.0816;0.9148;0.1196;0.0458;0.0014;1081.5;913.54;119.45;44.284;1.1445;487.78;407.29;133.6;0.8851;4.1239;59.321;3.0915;62.56;0;1;0;0;1.1741;0.9883;1;1;0.9515;0.1161;0.9981;0.9997;1;0.9676;0.8347;0.999;0.999;1;0.999;0.999;0.9855;0.9197;0.0968;3.2863;3.3825;0.0204;0.0054;0.4926;0.02;0.0711;0.01;0;0;0.088;0;2.5461;0;0;0;0;0;0;0;0;0;0;0;0;0.0573;0.0246;2.6811;2.6811;0;66.437;66.437;45.137;0.0419;2910.7;921.12;1;0.047;0.047;0;0;0;0;0;0;2.6341;2.5461;0;15.542;17.997;14.759;17.091;98.247;98.247;26.264;21.427;20.348;4.837;1.079;0.1842;0.0411;0.7748;32.118;0.7445;0
22/11/21 10:00;67.923;-52.436;13.246;72.177;17.823;-90;-17.823;1038.8;171.4;867.39;22.56;5.07;0;911.12;55.618;120.18;0;4.2375;1091.2;0;1091.2;911.12;120.18;55.618;4.2375;0.835;0.0549;0;0.0039;1086.5;4.6061;0;0;1.0643;3.5419;1082.9;2.5803;0.4164;0.0549;1.9543;0.1546;1085.5;1.0865;0.9111;0.1202;0.0546;0.0007;1083.8;909.79;120.01;52.545;0.5403;592.89;495.06;159.27;0.1335;5.1538;74.136;0.9651;79.156;0;1;0;0;1.0504;0.9958;1;1;0.9809;0.1642;0.9976;0.9995;1;0.9641;0.7775;0.999;0.999;1;0.999;0.999;0.9924;0.9447;0.1275;3.2767;3.4207;0.0206;0.0061;0.5166;0.0201;0.0714;0.0125;0;0;0.088;0;2.5557;0;0;0;0;0;0;0;0;0;0;0;0;0.0575;0.0251;2.6907;2.6907;0;67.941;67.941;45.381;0.0419;2942.7;914.37;1;0.047;0.047;0;0;0;0;0;0;2.6437;2.5557;0;15.643;18.114;14.858;17.205;98.252;98.252;26.188;21.504;20.425;4.6833;1.0793;0.1788;0.0412;0.78;34.221;0.7422;0
22/11/21 11:00;74.785;-12.655;14.836;86.59;3.4098;-90;-3.4098;1069.7;176.1;893.6;23;4.82;0;895.18;59.745;116.51;0;0.161;1071.6;0;1071.6;895.18;116.51;59.745;0.161;0.8354;0.0559;0;0.0002;1071.4;0.2129;0;0;0.0782;0.1347;1067.1;3.167;0.4583;0.0596;2.6432;0.0058;1070.3;1.0714;0.8952;0.1165;0.0597;0;1067.1;893.83;116.33;56.964;0.0204;630.22;526.24;169.39;-0.0003;5.4632;78.586;0.0021;84.05;0;1;0;0;1.0018;0.9998;1;1;0.9987;0.1631;0.997;0.9995;1;0.9557;0.7773;0.999;0.999;1;0.999;0.999;0.9958;0.9535;0.1267;3.218;3.3798;0.0203;0.0053;0.5078;0.0199;0.0707;0.0132;0;0;0.088;0;2.5267;0;0;0;0;0;0;0;0;0;0;0;0;0.0569;0.0245;2.6611;2.6611;0;67.711;67.711;44.711;0.0419;2907;915.4;1;0.0464;0.0464;0;0;0;0;0;0;2.6147;2.5267;0;15.753;18.242;14.958;17.321;98.258;98.258;25.718;21.267;20.194;4.4509;1.0739;0.1731;0.0418;0.7852;35.42;0.7443;0
22/11/21 12:00;71.994;37.19;14.256;78.884;11.116;90;11.116;1065.1;175.3;889.81;23.36;4.82;0;906.82;57.783;119.21;0;1.6985;1085.5;0;1085.5;906.82;119.21;57.783;1.6985;0.8354;0.0548;0;0.0016;1083.6;1.9188;0;0;0.5008;1.418;1079.6;2.8669;0.4461;0.0586;2.299;0.0631;1082.5;1.0836;0.9068;0.1192;0.0573;0.0003;1080;905.47;119.03;54.926;0.217;620.53;518.15;162.98;0.0255;5.6281;80.959;0.3354;86.561;0;1;0;0;1.0192;0.9982;1;1;0.9913;0.1651;0.9974;0.9995;1;0.9598;0.7747;0.999;0.999;1;0.999;0.999;0.9946;0.9506;0.1278;3.2598;3.4234;0.0206;0.0062;0.5255;0.0201;0.0713;0.0136;0;0;0.088;0;2.5488;0;0;0;0;0;0;0;0;0;0;0;0;0.0574;0.0251;2.6836;2.6836;0;68.63;68.63;45.27;0.0419;2944.6;911.37;1;0.0468;0.0468;0;0;0;0;0;0;2.6368;2.5488;0;15.683;18.161;14.895;17.248;98.257;98.257;26.052;21.448;20.37;4.6045;1.0772;0.1767;0.0413;0.7819;34.737;0.7406;0
22/11/21 13:00;62.356;64.411;11.56;64.714;25.286;90;25.286;980.21;165.1;815.11;23.4;4.97;0;901.48;54.041;119.82;0;7.9829;1083.3;0;1083.3;901.48;119.82;54.041;7.9829;0.8321;0.0573;0;0.0074;1074.6;8.6917;0;0;1.831;6.8607;1071.2;2.3687;0.3596;0.0478;1.7339;0.2274;1073.6;1.0746;0.9015;0.1198;0.0522;0.0011;1073.2;900.22;119.65;50.424;0.8937;538.96;450.03;145.11;0.452;4.6855;67.399;1.9854;71.633;0;1;0;0;1.1052;0.992;1;1;0.9661;0.1406;0.9978;0.9996;1;0.9668;0.7972;0.999;0.999;1;0.999;0.999;0.9888;0.9331;0.1119;3.2532;3.3744;0.0203;0.0052;0.5142;0.0198;0.0704;0.0113;0;0;0.088;0;2.5178;0;0;0;0;0;0;0;0;0;0;0;0;0.0567;0.0244;2.6519;2.6519;0;68.303;68.303;44.903;0.0419;2903.5;913.35;1;0.0461;0.0461;0;0;0;0;0;0;2.6058;2.5178;0;15.529;17.982;14.744;17.073;98.262;98.262;26;21.194;20.123;4.8055;1.0716;0.1848;0.0412;0.774;34.554;0.7395;0
22/11/21 14:00;50.702;78.93;6.985;51.228;38.772;90;38.772;841.49;154.7;686.79;23.92;5.15;0;880.9;50.53;125.58;0;15.761;1072.8;0;1072.8;880.9;125.58;50.53;15.761;0.8211;0.0618;0;0.0147;1055;17.79;0;0;3.3668;14.423;1052;1.9057;0.2123;0.0303;1.5224;0.1407;1053.9;1.055;0.8809;0.1256;0.0472;0.0013;1056.3;879.81;125.43;45.593;1.1958;407.37;340.15;109.48;1.8532;3.6527;52.543;4.2726;54.343;0;1;0;0;1.2749;0.9834;1;1;0.9334;0.0849;0.9982;0.9998;1;0.9677;0.8948;0.999;0.999;1;0.999;0.999;0.9807;0.9023;0.0759;3.2216;3.2922;0.0198;0.0038;0.4986;0.0194;0.0688;0.0088;0;0;0.088;0;2.4616;0;0;0;0;0;0;0;0;0;0;0;0;0.0554;0.0233;2.5943;2.5943;0;68.008;68.008;44.088;0.0419;2834;915.43;1;0.0448;0.0448;0;0;0;0;0;0;2.5496;2.4616;0;15.341;17.765;14.556;16.855;98.274;98.274;25.747;20.734;19.673;5.0127;1.0612;0.1947;0.0412;0.7641;35.621;0.7371;0
22/11/21 15:00;38.514;88.883;0.8741;38.519;51.481;90;51.481;567.11;230.2;336.91;24.09;5.4299;0;540.98;114.71;142.62;0;18.184;816.5;0;816.5;540.98;142.62;114.71;18.184;0.6626;0.1628;0;0.0223;787.86;28.636;0;0;11.587;17.05;783.57;3.5075;0.0163;0.0043;3.4406;0.0462;787.08;0.7879;0.541;0.1426;0.1031;0.0011;788.07;540.43;142.48;99.58;1.0868;236.16;197.2;63.438;11.172;2.7758;39.929;4.4962;31.533;0;1;0;0;1.4398;0.9649;1;1;0.899;0.0624;0.9955;1;1;0.9666;0.9592;0.999;0.999;1;0.999;0.999;0.9597;0.8681;0.0598;2.452;2.4577;0.0148;-0.0021;0.2739;0.0152;0.0539;0.0071;0;0;0.088;0;1.9174;0;0;0;0;0;0;0;0;0;0;0;0;0.0434;0.0134;2.0382;2.0382;0;56.617;56.617;32.527;0.0415;2117.1;962.74;1;0.0328;0.0328;0;0;0;0;0;0;2.0054;1.9174;0;15.835;18.337;14.897;17.25;98.392;98.392;19.596;16.289;15.324;3.3066;0.9653;0.1687;0.0493;0.782;90.912;0.7544;0
22/11/21 16:00;26.274;97.138;7.3114;26.452;60;90;60;221.89;205.5;16.395;22.77;5.36;0;36.735;150.05;12.162;0;9.4305;208.38;0;208.38;36.735;12.162;150.05;9.4305;0.1763;0.7653;0;0.0453;180.61;27.769;0;0;18.924;8.8458;175.75;4.6847;0.0093;0.0031;4.6326;0.0398;180.43;0.1806;0.0367;0.0122;0.1311;0.0006;179.36;36.689;12.147;126.37;0.5443;132.39;110.55;40.089;25.088;2.4856;35.754;3.612;13.151;0;1;0;0;0.9391;0.8667;1;1;0.8739;0.062;0.974;0.9997;1;0.9646;0.9319;0.999;0.999;1;0.999;0.999;0.8434;0.8421;0.0577;0.6258;0.6156;0.0037;0.0176;0.011;0.0041;0.0145;0.0068;0;0;0.088;0;0.4475;0;0;0;0;0;0;0;0;0;0;0;0;0.0117;0.0011;0.5452;0.5452;0;29.967;29.967;7.1966;0.0409;524.21;1040;1;0.0096;0.0096;0;0;0;0;0;0;0.5355;0.4475;0;16.597;19.219;13.624;15.777;98.233;98.233;5.0011;4.3571;3.5768;0.644;0.7803;0.1288;0.156;0.7152;130.63;0.6338;0
22/11/21 17:00;14.243;104.93;53.366;14.72;23.322;90;23.322;213.1;127.5;85.605;21.76;4.19;0;207.62;91.945;76.728;0;1.48;377.77;0;377.77;207.62;76.728;91.945;1.48;0.5496;0.2473;0;0.0039;373.77;3.997;0;0;2.7363;1.2608;365.39;8.0058;3.6223;1.3387;2.9987;0.0462;373.4;0.3738;0.2076;0.0767;0.0892;0.0002;365.57;203.79;75.313;86.121;0.1728;58.7;49.014;15.3;0.5745;0.5772;8.303;0.1788;8.3058;0;1;0;0;1.7727;0.9894;1;1;0.9702;0.1481;0.9786;0.9825;1;0.9664;0.7892;0.999;0.999;1;0.999;0.999;0.9672;0.9367;0.1168;1.1344;1.1186;0.0067;0.0118;0.0468;0.0074;0.0261;0.0016;0;0;0.088;0;0.8902;0;0;0;0;0;0;0;0;0;0;0;0;0.0211;0.0031;0.994;0.994;0;36.725;36.725;14.965;0.041;961.54;1033.8;1;0.0159;0.0159;0;0;0;0;0;0;0.9782;0.8902;0;16.692;19.329;14.948;17.309;98.403;98.403;9.0665;7.9443;7.1141;1.1222;0.8302;0.1238;0.0916;0.7847;58.125;0.772;0
22/11/21 18:00;4.1593;111.89;79.869;4.4813;6.442;90;6.442;5.8994;5.8994;0;20.28;4.1;0;0;5.8808;0;0;0.0032;5.884;5.884;0;0;0;0;0;1;1;1;1;0;0;0;0;0;0;0;0;0;0;0;0;0;0;0;0;0;0;0;0;0;0;0;0;0;0;0;0;0;0;0;0;0;0;0;0;1;1;1;1;1;1;1;1;1;1;1;1;1;0;0;1;0;0;0;0;0;0;0;0;0;0;0;0.0004;0.088;0;-0.0884;0;0;0;0;0;0;0;0;0;0;0;0;0;0;0;0;0;0;0;-20.28;0;0;0;0;0.0004;0;0;0;0;0;0;0;-0.0004;-0.0884;0;0;0;0;0;0;0;0;0;-0.7063;0;0.7063;1;1;0;0;0;0
22/11/21 19:00;0;0;90;0;0;90;0;0;0;0;18.03;5.2599;0;0;0;0;0;0;0;0;0;0;0;0;0;1;1;1;1;0;0;0;0;0;0;0;0;0;0;0;0;0;0;0;0;0;0;0;0;0;0;0;0;0;0;0;0;0;0;0;0;0;0;0;1;1;1;1;1;1;1;1;1;1;1;1;1;1;1;1;1;1;1;0;0;0;0;0;0;0;0;0;0.0004;0.088;0;-0.0884;0;0;0;0;0;0;0;0;0;0;0;0;0;0;0;0;0;0;0;-18.03;0;0;0;0;0.0004;0;0;0;0;0;0;0;-0.0004;-0.0884;0;0;0;0;0;0;0;0;0;-0.7063;0;0.7063;1;1;0;0;0;0
22/11/21 20:00;0;0;90;0;0;90;0;0;0;0;17.15;5.9899;0;0;0;0;0;0;0;0;0;0;0;0;0;1;1;1;1;0;0;0;0;0;0;0;0;0;0;0;0;0;0;0;0;0;0;0;0;0;0;0;0;0;0;0;0;0;0;0;0;0;0;0;1;1;1;1;1;1;1;1;1;1;1;1;1;1;1;1;1;1;1;0;0;0;0;0;0;0;0;0;0.0004;0.088;0;-0.0884;0;0;0;0;0;0;0;0;0;0;0;0;0;0;0;0;0;0;0;-17.15;0;0;0;0;0.0004;0;0;0;0;0;0;0;-0.0004;-0.0884;0;0;0;0;0;0;0;0;0;-0.7063;0;0.7063;1;1;0;0;0;0
22/11/21 21:00;0;0;90;0;0;90;0;0;0;0;16.74;6.2801;0;0;0;0;0;0;0;0;0;0;0;0;0;1;1;1;1;0;0;0;0;0;0;0;0;0;0;0;0;0;0;0;0;0;0;0;0;0;0;0;0;0;0;0;0;0;0;0;0;0;0;0;1;1;1;1;1;1;1;1;1;1;1;1;1;1;1;1;1;1;1;0;0;0;0;0;0;0;0;0;0.0004;0.088;0;-0.0884;0;0;0;0;0;0;0;0;0;0;0;0;0;0;0;0;0;0;0;-16.74;0;0;0;0;0.0004;0;0;0;0;0;0;0;-0.0004;-0.0884;0;0;0;0;0;0;0;0;0;-0.7063;0;0.7063;1;1;0;0;0;0
22/11/21 22:00;0;0;90;0;0;90;0;0;0;0;15.6;6.3899;0;0;0;0;0;0;0;0;0;0;0;0;0;1;1;1;1;0;0;0;0;0;0;0;0;0;0;0;0;0;0;0;0;0;0;0;0;0;0;0;0;0;0;0;0;0;0;0;0;0;0;0;1;1;1;1;1;1;1;1;1;1;1;1;1;1;1;1;1;1;1;0;0;0;0;0;0;0;0;0;0.0004;0.088;0;-0.0884;0;0;0;0;0;0;0;0;0;0;0;0;0;0;0;0;0;0;0;-15.6;0;0;0;0;0.0004;0;0;0;0;0;0;0;-0.0004;-0.0884;0;0;0;0;0;0;0;0;0;-0.7063;0;0.7063;1;1;0;0;0;0
22/11/21 23:00;0;0;90;0;0;90;0;0;0;0;15.2;6.4699;0;0;0;0;0;0;0;0;0;0;0;0;0;1;1;1;1;0;0;0;0;0;0;0;0;0;0;0;0;0;0;0;0;0;0;0;0;0;0;0;0;0;0;0;0;0;0;0;0;0;0;0;1;1;1;1;1;1;1;1;1;1;1;1;1;1;1;1;1;1;1;0;0;0;0;0;0;0;0;0;0.0004;0.088;0;-0.0884;0;0;0;0;0;0;0;0;0;0;0;0;0;0;0;0;0;0;0;-15.2;0;0;0;0;0.0004;0;0;0;0;0;0;0;-0.0004;-0.0884;0;0;0;0;0;0;0;0;0;-0.7063;0;0.7063;1;1;0;0;0;0
23/11/21 00:00;0;0;90;0;0;90;0;0;0;0;14.7;6.1201;0;0;0;0;0;0;0;0;0;0;0;0;0;1;1;1;1;0;0;0;0;0;0;0;0;0;0;0;0;0;0;0;0;0;0;0;0;0;0;0;0;0;0;0;0;0;0;0;0;0;0;0;1;1;1;1;1;1;1;1;1;1;1;1;1;1;1;1;1;1;1;0;0;0;0;0;0;0;0;0;0.0004;0.088;0;-0.0884;0;0;0;0;0;0;0;0;0;0;0;0;0;0;0;0;0;0;0;-14.7;0;0;0;0;0.0004;0;0;0;0;0;0;0;-0.0004;-0.0884;0;0;0;0;0;0;0;0;0;-0.7063;0;0.7063;1;1;0;0;0;0
23/11/21 01:00;0;0;90;0;0;90;0;0;0;0;14.22;5.14;0;0;0;0;0;0;0;0;0;0;0;0;0;1;1;1;1;0;0;0;0;0;0;0;0;0;0;0;0;0;0;0;0;0;0;0;0;0;0;0;0;0;0;0;0;0;0;0;0;0;0;0;1;1;1;1;1;1;1;1;1;1;1;1;1;1;1;1;1;1;1;0;0;0;0;0;0;0;0;0;0.0004;0.088;0;-0.0884;0;0;0;0;0;0;0;0;0;0;0;0;0;0;0;0;0;0;0;-14.22;0;0;0;0;0.0004;0;0;0;0;0;0;0;-0.0004;-0.0884;0;0;0;0;0;0;0;0;0;-0.7063;0;0.7063;1;1;0;0;0;0
23/11/21 02:00;0;0;90;0;0;90;0;0;0;0;14.27;4.56;0;0;0;0;0;0;0;0;0;0;0;0;0;1;1;1;1;0;0;0;0;0;0;0;0;0;0;0;0;0;0;0;0;0;0;0;0;0;0;0;0;0;0;0;0;0;0;0;0;0;0;0;1;1;1;1;1;1;1;1;1;1;1;1;1;1;1;1;1;1;1;0;0;0;0;0;0;0;0;0;0.0004;0.088;0;-0.0884;0;0;0;0;0;0;0;0;0;0;0;0;0;0;0;0;0;0;0;-14.27;0;0;0;0;0.0004;0;0;0;0;0;0;0;-0.0004;-0.0884;0;0;0;0;0;0;0;0;0;-0.7063;0;0.7063;1;1;0;0;0;0
23/11/21 03:00;0;0;90;0;0;90;0;0;0;0;13.83;4.57;0;0;0;0;0;0;0;0;0;0;0;0;0;1;1;1;1;0;0;0;0;0;0;0;0;0;0;0;0;0;0;0;0;0;0;0;0;0;0;0;0;0;0;0;0;0;0;0;0;0;0;0;1;1;1;1;1;1;1;1;1;1;1;1;1;1;1;1;1;1;1;0;0;0;0;0;0;0;0;0;0.0004;0.088;0;-0.0884;0;0;0;0;0;0;0;0;0;0;0;0;0;0;0;0;0;0;0;-13.83;0;0;0;0;0.0004;0;0;0;0;0;0;0;-0.0004;-0.0884;0;0;0;0;0;0;0;0;0;-0.7063;0;0.7063;1;1;0;0;0;0
23/11/21 04:00;1.5769;-114.07;86.173;1.727;2.4645;-90;-2.4645;0;0;0;13.83;5.1099;0;0;0;0;0;0;0;0;0;0;0;0;0;1;1;1;1;0;0;0;0;0;0;0;0;0;0;0;0;0;0;0;0;0;0;0;0;0;0;0;0;0;0;0;0;0;0;0;0;0;0;0;1;1;1;1;1;1;1;1;1;1;1;1;1;1;1;1;1;1;1;0;0;0;0;0;0;0;0;0;0.0004;0.088;0;-0.0884;0;0;0;0;0;0;0;0;0;0;0;0;0;0;0;0;0;0;0;-13.83;0;0;0;0;0.0004;0;0;0;0;0;0;0;-0.0004;-0.0884;0;0;0;0;0;0;0;0;0;-0.7063;0;0.7063;1;1;0;0;0;0
23/11/21 05:00;8.8065;-108.85;68.204;9.2973;13.771;-90;-13.771;116.41;21.399;95.007;14.97;5.8801;0;230.42;11.761;22.961;0;0.2844;265.43;0;265.43;230.42;22.961;11.761;0.2844;0.8681;0.0454;0;0.0011;265.04;0.3828;0;0;0.1457;0.2371;241.86;22.922;20.43;2.0358;0.4465;0.0106;264.78;0.265;0.2304;0.023;0.0116;0;241.86;209.76;20.902;11.157;0.0366;7.6385;6.3781;1.6806;0.0113;0.0912;1.3113;0.0073;1.3912;0;1;0;0;2.2802;0.9986;1;1;0.9876;0.1663;0.9134;0.9112;1;0.9615;0.7755;0.999;0.999;1;0.999;0.999;0.9112;0.9487;0.1289;0.7971;0.7312;0.0044;0.0166;-0.0005;0.005;0.0176;0.0003;0;0;0.088;0;0.5724;0;0;0;0;0;0;0;0;0;0;0;0;0.0142;0.0015;0.6721;0.6721;0;24.804;24.804;9.8344;0.0407;626.39;1073;1;0.0117;0.0117;0;0;0;0;0;0;0.6604;0.5724;0;16.064;18.602;13.681;15.842;98.26;98.26;6.3702;5.3717;4.5749;0.9985;0.7968;0.1567;0.1251;0.7182;7.1266;0.7155;0
23/11/21 06:00;20.652;-101.02;31.2;21.006;39.382;-90;-39.382;322.01;62.502;259.51;17.51;6.18;0;629.38;26.342;79.515;0;6.2149;741.45;0;741.45;629.38;79.515;26.342;6.2149;0.8488;0.0439;0;0.0084;733.97;7.4828;0;0;1.7949;5.6879;731.16;2.075;1.0927;0.1381;0.793;0.0512;733.23;0.734;0.6294;0.0795;0.0245;0.0005;731.35;627.65;79.298;23.73;0.4753;20.098;16.782;5.7399;1.0186;0.2185;3.1425;0.1978;2.3423;0;1;0;0;2.3026;0.9899;1;1;0.9319;0.0848;0.9972;0.9983;1;0.9677;0.9028;0.999;0.999;1;0.999;0.999;0.9861;0.9008;0.0765;2.2266;2.2094;0.0133;-0.0011;0.1756;0.0142;0.0502;0.0006;0;0;0.088;0;1.7863;0;0;0;0;0;0;0;0;0;0;0;0;0.0404;0.0109;1.9053;1.9053;0;47.638;47.638;30.128;0.0412;1902.7;1001.3;1;0.031;0.031;0;0;0;0;0;0;1.8743;1.7863;0;16.301;18.876;15.283;17.697;98.371;98.371;17.795;15.227;14.276;2.5677;0.9513;0.1443;0.0535;0.8022;18.666;0.7997;0
23/11/21 07:00;32.816;-93.12;2.6217;32.854;57.146;-90;-57.146;547.01;92.003;455;19.75;5.4101;0;838.71;28.486;101.51;0;21.272;989.98;0;989.98;838.71;101.51;28.486;21.272;0.8472;0.0503;0;0.0215;966.71;23.27;0;0;3.3405;19.93;964.72;1.0214;0.0759;0.0092;0.8686;0.0677;965.74;0.9667;0.8387;0.1015;0.0251;0.0013;968.37;837.8;101.4;24.251;1.2727;148.3;123.83;39.258;4.0084;1.5853;22.804;3.6483;20.381;0;1;0;0;1.8098;0.9765;1;1;0.8827;0.0631;0.9989;0.9999;1;0.9654;0.9495;0.999;0.999;1;0.999;0.999;0.9745;0.8514;0.0598;2.9729;2.9647;0.0178;-0.0004;0.3636;0.0181;0.0641;0.004;0;0;0.088;0;2.2971;0;0;0;0;0;0;0;0;0;0;0;0;0.0517;0.0191;2.4267;2.4267;0;59.903;59.903;40.153;0.0416;2553.3;950.42;1;0.0417;0.0417;0;0;0;0;0;0;2.3851;2.2971;0;15.55;18.007;14.719;17.044;98.283;98.283;23.759;19.394;18.358;4.3652;1.0362;0.1837;0.0436;0.7727;24;0.7596;0
23/11/21 08:00;45.068;-84.225;4.0752;45.214;44.786;-90;-44.786;789.1;130.2;658.9;21.62;4.2299;0;928.36;37.451;121.72;0;19.468;1107;0;1107;928.36;121.72;37.451;19.468;0.8386;0.0514;0;0.0176;1085.9;21.139;0;0;3.0839;18.055;1083.4;1.3523;0.1305;0.0171;1.1186;0.0861;1084.8;1.0859;0.9284;0.1217;0.0344;0.0014;1088.2;927.3;121.58;33.214;1.3258;342.26;285.79;90.428;2.2546;3.2153;46.25;4.7667;47.211;0;1;0;0;1.4029;0.9809;1;1;0.9177;0.0726;0.9988;0.9999;1;0.9674;0.939;0.999;0.999;1;0.999;0.999;0.9787;0.8869;0.0681;3.3243;3.375;0.0203;0.0053;0.4983;0.02;0.0708;0.0078;0;0;0.088;0;2.5364;0;0;0;0;0;0;0;0;0;0;0;0;0.057;0.0245;2.6711;2.6711;0;66.988;66.988;45.368;0.0419;2905.6;919.3;1;0.0467;0.0467;0;0;0;0;0;0;2.6244;2.5364;0;15.307;17.725;14.535;16.831;98.251;98.251;26.568;21.348;20.271;5.2203;1.0767;0.1965;0.0405;0.763;27.818;0.7398;0
23/11/21 09:00;57.078;-72.485;9.4137;58.307;31.693;-90;-31.693;889.39;148.5;740.89;23.33;3.06;0;870.74;50.952;109.82;0;11.274;1042.8;0;1042.8;870.74;109.82;50.952;11.274;0.835;0.0597;0;0.0108;1030.4;12.435;0;0;2.4711;9.9641;1027.2;2.1054;0.2828;0.0357;1.5706;0.2163;1029.3;1.0304;0.8707;0.1098;0.0485;0.0013;1030.2;869.59;109.67;46.862;1.0919;466;389.11;127.61;0.9356;3.9471;56.778;2.9523;59.79;0;1;0;0;1.1725;0.9881;1;1;0.9515;0.1162;0.998;0.9997;1;0.9676;0.8346;0.999;0.999;1;0.999;0.999;0.9851;0.9197;0.0969;3.1315;3.2225;0.0194;0.0027;0.4686;0.0191;0.0678;0.0096;0;0;0.088;0;2.4261;0;0;0;0;0;0;0;0;0;0;0;0;0.0546;0.0224;2.5582;2.5582;0;66.316;66.316;42.986;0.0418;2772.7;922.66;1;0.0441;0.0441;0;0;0;0;0;0;2.5141;2.4261;0;15.563;18.021;14.759;17.091;98.276;98.276;25.027;20.445;19.39;4.5814;1.0558;0.1831;0.0422;0.7748;33.985;0.7444;0
23/11/21 10:00;68.029;-52.946;13.029;72.153;17.847;-90;-17.847;450;406.3;43.698;23.63;2.51;0;45.907;383.2;14.339;0;1.8407;445.29;0;445.29;45.907;14.339;383.2;1.8407;0.1031;0.8647;0;0.0041;436.4;8.8886;0;0;7.35;1.5386;422.41;13.553;0.0206;0.0064;13.458;0.0672;435.97;0.4364;0.0459;0.0143;0.3759;0.0003;422.84;45.841;14.318;362.02;0.2347;268.43;224.14;68.977;0.9171;2.5928;37.296;0.4294;38.972;0;1;0;0;0.9895;0.98;1;1;0.9808;0.1641;0.9689;0.9995;1;0.9642;0.7775;0.999;0.999;1;0.999;0.999;0.9486;0.9447;0.1275;1.3372;1.3522;0.0081;0.0084;0.0767;0.0088;0.0313;0.0069;0;0;0.088;0;1.0759;0;0;0;0;0;0;0;0;0;0;0;0;0.0252;0.0044;1.1823;1.1823;0;40.977;40.977;17.347;0.0411;1161.2;1018.2;1;0.0184;0.0184;0;0;0;0;0;0;1.1639;1.0759;0;16.844;19.505;15.327;17.749;98.44;98.44;10.687;9.4493;8.5986;1.2377;0.8507;0.1158;0.0796;0.8046;235.81;0.7571;0
23/11/21 11:00;74.977;-13.053;14.626;86.531;3.4685;-90;-3.4685;885.41;285.2;600.2;24.48;2.5;0;601.3;158.7;126.59;0;0.1379;886.73;0;886.73;601.3;126.59;158.7;0.1379;0.6781;0.1791;0;0.0002;886.4;0.3284;0;0;0.213;0.1154;878.13;7.3895;0.3035;0.0639;7.0171;0.005;885.52;0.8864;0.6013;0.1266;0.1585;0;878.13;600.4;126.4;151.31;0.0175;522;435.87;139.06;-0.0007;4.6055;66.248;0.0013;70.854;0;1;0;0;1.0015;0.9996;1;1;0.9987;0.1632;0.9917;0.9995;1;0.9557;0.7773;0.999;0.999;1;0.999;0.999;0.9903;0.9534;0.1267;2.6629;2.7845;0.0168;-0.0016;0.3538;0.0169;0.06;0.0115;0;0;0.088;0;2.1365;0;0;0;0;0;0;0;0;0;0;0;0;0.0483;0.0169;2.262;2.262;0;61.064;61.064;36.584;0.0417;2395.4;944.33;1;0.0375;0.0375;0;0;0;0;0;0;2.2245;2.1365;0;16.183;18.739;15.285;17.699;98.341;98.341;21.282;18.078;17.075;3.2034;1.0031;0.1505;0.0471;0.8023;94.091;0.7598;0
23/11/21 12:00;72.205;37.371;14.057;78.976;11.024;90;11.024;755.4;397.4;358;25.86;2.51;0;364.73;288.19;108.53;0;1.1849;762.64;0;762.64;364.73;108.53;288.19;1.1849;0.4783;0.3794;0;0.0016;759.18;3.4529;0;0;2.4636;0.9893;746.67;11.758;0.1769;0.0526;11.484;0.044;758.43;0.7592;0.3647;0.1085;0.2857;0.0002;746.89;364.19;108.36;273.96;0.1514;443.56;370.37;114.86;0.1214;4.1362;59.497;0.2257;63.512;0;1;0;0;1.0096;0.9955;1;1;0.9915;0.1651;0.9845;0.9995;1;0.9598;0.7747;0.999;0.999;1;0.999;0.999;0.9791;0.9506;0.1278;2.2902;2.375;0.0143;-0.0019;0.267;0.0147;0.052;0.0105;0;0;0.088;0;1.8446;0;0;0;0;0;0;0;0;0;0;0;0;0.0419;0.0125;1.9639;1.9639;0;56.864;56.864;31.004;0.0415;2044.1;960.81;1;0.0313;0.0313;0;0;0;0;0;0;1.9326;1.8446;0;16.336;18.917;15.343;17.767;98.404;98.404;18.303;15.696;14.742;2.6074;0.9538;0.1425;0.0521;0.8054;173.21;0.761;0
23/11/21 13:00;62.535;64.68;11.376;64.833;25.167;90;25.167;443.3;401.3;42;25.81;2.34;0;46.405;369.35;14.963;0;3.5769;434.3;0;434.3;46.405;14.963;369.35;3.5769;0.1069;0.8587;0;0.0082;418.8;15.492;0;0;12.42;3.0724;406.4;11.988;0.0182;0.0059;11.862;0.1025;418.39;0.4188;0.0464;0.015;0.3569;0.0005;407.38;46.341;14.942;344.71;0.4015;266.36;222.41;69.769;3.0255;2.6241;37.747;0.9837;37.346;0;1;0;0;0.9797;0.9643;1;1;0.9664;0.141;0.9713;0.9996;1;0.9667;0.7966;0.999;0.999;1;0.999;0.999;0.9358;0.9333;0.1122;1.3042;1.3066;0.0079;0.0091;0.0815;0.0085;0.03;0.007;0;0;0.088;0;1.0288;0;0;0;0;0;0;0;0;0;0;0;0;0.0242;0.0041;1.1344;1.1344;0;42.525;42.525;16.715;0.0411;1122.1;1011;1;0.0176;0.0176;0;0;0;0;0;0;1.1168;1.0288;0;16.57;19.188;15.027;17.401;98.446;98.446;10.423;9.0663;8.2222;1.3568;0.8442;0.1302;0.081;0.7888;235.99;0.7406;0
23/11/21 14:00;50.865;79.16;6.8173;51.369;38.631;90;38.631;244.1;239.3;4.8074;25.32;2.1;0;6.154;212.17;1.3535;0;4.5402;224.22;0;224.22;6.154;1.3535;212.17;4.5402;0.0274;0.9665;0;0.0202;206.01;18.211;0;0;14.058;4.1524;199.37;6.4374;0.0014;0.0003;6.3943;0.0413;205.81;0.206;0.0062;0.0014;0.1981;0.0004;200.91;6.1464;1.3518;191.52;0.3461;152.18;127.07;41.933;7.6699;1.7508;25.185;1.544;19.265;0;1;0;0;0.9185;0.9188;1;1;0.9337;0.0854;0.9687;0.9998;1;0.9677;0.8933;0.999;0.999;1;0.999;0.999;0.8892;0.9027;0.0762;0.6733;0.6582;0.004;0.0173;0.0202;0.0043;0.0153;0.0047;0;0;0.088;0;0.4809;0;0;0;0;0;0;0;0;0;0;0;0;0.0123;0.0012;0.5789;0.5789;0;33.5;33.5;8.1796;0.041;562.14;1029.8;1;0.0099;0.0099;0;0;0;0;0;0;0.5689;0.4809;0;16.377;18.964;13.606;15.756;98.282;98.282;5.3813;4.6263;3.8435;0.755;0.7828;0.1403;0.1455;0.7142;149.39;0.6588;0
23/11/21 15:00;38.672;89.075;0.7222;38.676;51.324;90;51.324;194.9;191.2;3.7;25.34;1.71;0;5.9208;154.68;1.2916;0;6.2138;168.11;0;168.11;5.9208;1.2916;154.68;6.2138;0.0352;0.9571;0;0.037;146.73;21.381;0;0;15.555;5.8256;141.93;4.6543;0.0001;0;4.6383;0.0159;146.58;0.1467;0.0059;0.0013;0.1391;0.0004;144.33;5.9147;1.2902;134.35;0.372;123.94;103.49;36.005;14.901;1.8681;26.872;2.406;13.838;0;1;0;0;0.8626;0.8728;1;1;0.8994;0.0625;0.9682;1;1;0.9666;0.9591;0.999;0.999;1;0.999;0.999;0.8443;0.8686;0.0599;0.5048;0.4914;0.003;0.0181;0.011;0.0032;0.0114;0.005;0;0;0.088;0;0.3335;0;0;0;0;0;0;0;0;0;0;0;0;0.0092;0.0008;0.4297;0.4297;0;31.169;31.169;5.8291;0.0411;418.36;1027.2;1;0.0083;0.0083;0;0;0;0;0;0;0.4215;0.3335;0;16.217;18.779;12.583;14.571;98.072;98.072;4.0346;3.4346;2.6651;0.6001;0.7695;0.1487;0.1907;0.6605;122.4;0.5899;0
23/11/21 16:00;26.435;97.303;7.354;26.621;60;90;60;146.7;143.8;2.9029;24.92;1.2601;0;6.4671;107.35;1.4893;0;6.235;121.54;0;121.54;6.4671;1.4893;107.35;6.235;0.0532;0.9345;0;0.0513;102.15;19.387;0;0;13.538;5.8484;98.71;3.3426;0.0016;0.0004;3.3142;0.0263;102.05;0.1022;0.0065;0.0015;0.0938;0.0004;101.25;6.459;1.4874;90.404;0.3599;93.762;78.292;28.452;17.948;1.7682;25.434;2.5398;9.2541;0;1;0;0;0.8285;0.8405;1;1;0.8739;0.062;0.9672;0.9997;1;0.9646;0.9319;0.999;0.999;1;0.999;0.999;0.8122;0.8421;0.0577;0.365;0.3586;0.0022;0.0177;0.0052;0.0023;0.0083;0.0047;0;0;0.088;0;0.2161;0;0;0;0;0;0;0;0;0;0;0;0;0.0067;0.0005;0.311;0.311;0;28.981;28.981;4.0611;0.0411;304.31;1022.1;1;0.007;0.007;0;0;0;0;0;0;0.3041;0.2161;0;16.234;18.799;11.277;13.059;97.757;97.757;2.917;2.4859;1.7268;0.4311;0.759;0.1478;0.2602;0.592;93.455;0.5118;0
23/11/21 17:00;14.41;105.08;52.876;14.901;23.683;90;23.683;35.709;35.402;0.3075;24.13;0.93;0;0.7457;33.881;0.0756;0;0.2556;34.958;0;34.958;0.7457;0.0756;33.881;0.2556;0.0213;0.9765;0;0.0073;33.707;1.2515;0;0;1.0334;0.2181;32.55;1.123;0.0124;0.0013;1.1015;0.0078;33.673;0.0337;0.0007;0.0001;0.0328;0;32.618;0.7326;0.0743;31.713;0.0296;21.464;17.922;5.5717;0.2236;0.2134;3.0701;0.0686;3.06;0;1;0;0;0.979;0.9642;1;1;0.9695;0.1468;0.9667;0.9834;1;0.9664;0.7906;0.999;0.999;1;0.999;0.999;0.9311;0.936;0.1159;0.105;0.1047;0.0006;0.0115;0.0002;0.0006;0.0023;0.0005;0;0;0.088;0;-0.005;0;0;0;0;0;0;0;0;0;0;0;0;0.0018;0.0001;0.087;0.087;0;25.483;25.483;1.3527;0.0416;87.966;988.96;1;0.004;0.004;0;0;0;0;0;0;0.083;-0.005;0;15.786;18.28;-0.9063;-1.0495;95.415;95.415;0.839;0.6953;-0.0399;0.1437;0.7352;0.1713;0.8763;0;21.462;0;0
23/11/21 18:00;4.334;112.02;79.439;4.6736;6.7237;90;6.7237;3.399;3.399;0;22.83;0.85;0;0;3.3873;0;0;0.002;3.3893;3.3893;0;0;0;0;0;1;1;1;1;0;0;0;0;0;0;0;0;0;0;0;0;0;0;0;0;0;0;0;0;0;0;0;0;0;0;0;0;0;0;0;0;0;0;0;0;1;1;1;1;1;1;1;1;1;1;1;1;1;0;0;1;0;0;0;0;0;0;0;0;0;0;0;0.0004;0.088;0;-0.0884;0;0;0;0;0;0;0;0;0;0;0;0;0;0;0;0;0;0;0;-22.83;0;0;0;0;0.0004;0;0;0;0;0;0;0;-0.0004;-0.0884;0;0;0;0;0;0;0;0;0;-0.7063;0;0.7063;1;1;0;0;0;0
23/11/21 19:00;0;0;90;0;0;90;0;0;0;0;21.9;1.4499;0;0;0;0;0;0;0;0;0;0;0;0;0;1;1;1;1;0;0;0;0;0;0;0;0;0;0;0;0;0;0;0;0;0;0;0;0;0;0;0;0;0;0;0;0;0;0;0;0;0;0;0;1;1;1;1;1;1;1;1;1;1;1;1;1;1;1;1;1;1;1;0;0;0;0;0;0;0;0;0;0.0004;0.088;0;-0.0884;0;0;0;0;0;0;0;0;0;0;0;0;0;0;0;0;0;0;0;-21.9;0;0;0;0;0.0004;0;0;0;0;0;0;0;-0.0004;-0.0884;0;0;0;0;0;0;0;0;0;-0.7063;0;0.7063;1;1;0;0;0;0
23/11/21 20:00;0;0;90;0;0;90;0;0;0;0;21.55;2.1;0;0;0;0;0;0;0;0;0;0;0;0;0;1;1;1;1;0;0;0;0;0;0;0;0;0;0;0;0;0;0;0;0;0;0;0;0;0;0;0;0;0;0;0;0;0;0;0;0;0;0;0;1;1;1;1;1;1;1;1;1;1;1;1;1;1;1;1;1;1;1;0;0;0;0;0;0;0;0;0;0.0004;0.088;0;-0.0884;0;0;0;0;0;0;0;0;0;0;0;0;0;0;0;0;0;0;0;-21.55;0;0;0;0;0.0004;0;0;0;0;0;0;0;-0.0004;-0.0884;0;0;0;0;0;0;0;0;0;-0.7063;0;0.7063;1;1;0;0;0;0
23/11/21 21:00;0;0;90;0;0;90;0;0;0;0;20.86;2.6399;0;0;0;0;0;0;0;0;0;0;0;0;0;1;1;1;1;0;0;0;0;0;0;0;0;0;0;0;0;0;0;0;0;0;0;0;0;0;0;0;0;0;0;0;0;0;0;0;0;0;0;0;1;1;1;1;1;1;1;1;1;1;1;1;1;1;1;1;1;1;1;0;0;0;0;0;0;0;0;0;0.0004;0.088;0;-0.0884;0;0;0;0;0;0;0;0;0;0;0;0;0;0;0;0;0;0;0;-20.86;0;0;0;0;0.0004;0;0;0;0;0;0;0;-0.0004;-0.0884;0;0;0;0;0;0;0;0;0;-0.7063;0;0.7063;1;1;0;0;0;0
23/11/21 22:00;0;0;90;0;0;90;0;0;0;0;21.08;3.4901;0;0;0;0;0;0;0;0;0;0;0;0;0;1;1;1;1;0;0;0;0;0;0;0;0;0;0;0;0;0;0;0;0;0;0;0;0;0;0;0;0;0;0;0;0;0;0;0;0;0;0;0;1;1;1;1;1;1;1;1;1;1;1;1;1;1;1;1;1;1;1;0;0;0;0;0;0;0;0;0;0.0004;0.088;0;-0.0884;0;0;0;0;0;0;0;0;0;0;0;0;0;0;0;0;0;0;0;-21.08;0;0;0;0;0.0004;0;0;0;0;0;0;0;-0.0004;-0.0884;0;0;0;0;0;0;0;0;0;-0.7063;0;0.7063;1;1;0;0;0;0
23/11/21 23:00;0;0;90;0;0;90;0;0;0;0;20.54;4.2201;0;0;0;0;0;0;0;0;0;0;0;0;0;1;1;1;1;0;0;0;0;0;0;0;0;0;0;0;0;0;0;0;0;0;0;0;0;0;0;0;0;0;0;0;0;0;0;0;0;0;0;0;1;1;1;1;1;1;1;1;1;1;1;1;1;1;1;1;1;1;1;0;0;0;0;0;0;0;0;0;0.0004;0.088;0;-0.0884;0;0;0;0;0;0;0;0;0;0;0;0;0;0;0;0;0;0;0;-20.54;0;0;0;0;0.0004;0;0;0;0;0;0;0;-0.0004;-0.0884;0;0;0;0;0;0;0;0;0;-0.7063;0;0.7063;1;1;0;0;0;0
24/11/21 00:00;0;0;90;0;0;90;0;0;0;0;19.9;4.64;0;0;0;0;0;0;0;0;0;0;0;0;0;1;1;1;1;0;0;0;0;0;0;0;0;0;0;0;0;0;0;0;0;0;0;0;0;0;0;0;0;0;0;0;0;0;0;0;0;0;0;0;1;1;1;1;1;1;1;1;1;1;1;1;1;1;1;1;1;1;1;0;0;0;0;0;0;0;0;0;0.0004;0.088;0;-0.0884;0;0;0;0;0;0;0;0;0;0;0;0;0;0;0;0;0;0;0;-19.9;0;0;0;0;0.0004;0;0;0;0;0;0;0;-0.0004;-0.0884;0;0;0;0;0;0;0;0;0;-0.7063;0;0.7063;1;1;0;0;0;0
24/11/21 01:00;0;0;90;0;0;90;0;0;0;0;19.6;4.72;0;0;0;0;0;0;0;0;0;0;0;0;0;1;1;1;1;0;0;0;0;0;0;0;0;0;0;0;0;0;0;0;0;0;0;0;0;0;0;0;0;0;0;0;0;0;0;0;0;0;0;0;1;1;1;1;1;1;1;1;1;1;1;1;1;1;1;1;1;1;1;0;0;0;0;0;0;0;0;0;0.0004;0.088;0;-0.0884;0;0;0;0;0;0;0;0;0;0;0;0;0;0;0;0;0;0;0;-19.6;0;0;0;0;0.0004;0;0;0;0;0;0;0;-0.0004;-0.0884;0;0;0;0;0;0;0;0;0;-0.7063;0;0.7063;1;1;0;0;0;0
24/11/21 02:00;0;0;90;0;0;90;0;0;0;0;19.25;4.66;0;0;0;0;0;0;0;0;0;0;0;0;0;1;1;1;1;0;0;0;0;0;0;0;0;0;0;0;0;0;0;0;0;0;0;0;0;0;0;0;0;0;0;0;0;0;0;0;0;0;0;0;1;1;1;1;1;1;1;1;1;1;1;1;1;1;1;1;1;1;1;0;0;0;0;0;0;0;0;0;0.0004;0.088;0;-0.0884;0;0;0;0;0;0;0;0;0;0;0;0;0;0;0;0;0;0;0;-19.25;0;0;0;0;0.0004;0;0;0;0;0;0;0;-0.0004;-0.0884;0;0;0;0;0;0;0;0;0;-0.7063;0;0.7063;1;1;0;0;0;0
24/11/21 03:00;0;0;90;0;0;90;0;0;0;0;18.89;4.59;0;0;0;0;0;0;0;0;0;0;0;0;0;1;1;1;1;0;0;0;0;0;0;0;0;0;0;0;0;0;0;0;0;0;0;0;0;0;0;0;0;0;0;0;0;0;0;0;0;0;0;0;1;1;1;1;1;1;1;1;1;1;1;1;1;1;1;1;1;1;1;0;0;0;0;0;0;0;0;0;0.0004;0.088;0;-0.0884;0;0;0;0;0;0;0;0;0;0;0;0;0;0;0;0;0;0;0;-18.89;0;0;0;0;0.0004;0;0;0;0;0;0;0;-0.0004;-0.0884;0;0;0;0;0;0;0;0;0;-0.7063;0;0.7063;1;1;0;0;0;0
24/11/21 04:00;1.6455;-114.27;86.007;1.8049;2.576;-90;-2.576;0;0;0;18.09;4.75;0;0;0;0;0;0;0;0;0;0;0;0;0;1;1;1;1;0;0;0;0;0;0;0;0;0;0;0;0;0;0;0;0;0;0;0;0;0;0;0;0;0;0;0;0;0;0;0;0;0;0;0;1;1;1;1;1;1;1;1;1;1;1;1;1;1;1;1;1;1;1;0;0;0;0;0;0;0;0;0;0.0004;0.088;0;-0.0884;0;0;0;0;0;0;0;0;0;0;0;0;0;0;0;0;0;0;0;-18.09;0;0;0;0;0.0004;0;0;0;0;0;0;0;-0.0004;-0.0884;0;0;0;0;0;0;0;0;0;-0.7063;0;0.7063;1;1;0;0;0;0
24/11/21 05:00;8.8649;-109.06;68.053;9.3702;13.888;-90;-13.888;8.9078;8.8006;0.1072;16.9;5.0299;0;0.26;8.6676;0.0106;0;0.0221;8.9604;0;8.9604;0.26;0.0106;8.6676;0.0221;0.029;0.9698;0;0.0025;8.833;0.1274;0;0;0.109;0.0185;8.4714;0.3527;0.0227;0.0009;0.3283;0.0008;8.8241;0.0088;0.0003;0;0.0086;0;8.4759;0.2371;0.0096;8.2218;0.0029;5.255;4.3879;1.3312;0.0085;0.0514;0.7392;0.0045;0.7821;0;1;0;0;1.0059;0.9858;1;1;0.9874;0.1663;0.96;0.9127;1;0.9616;0.7755;0.999;0.999;1;0.999;0.999;0.9454;0.9486;0.1288;0.0269;0.0271;0.0002;0.0057;-0.0007;0.0002;0.0005;0.0001;0;0;0.088;0;-0.0697;0;0;0;0;0;0;0;0;0;0;0;0;0.0004;0;0.0207;0.0207;0;17.258;17.258;0.3581;0.0423;21.521;961.74;1;0.0024;0.0024;0;0;0;0;0;0;0.0183;-0.0697;0;14.653;16.968;-49.347;-57.143;88.402;88.402;0.215;0.1654;-0.5571;0.0496;0.7225;0.2308;3.3596;0;5.2544;0;0
24/11/21 06:00;20.698;-101.24;30.995;21.068;39.605;-90;-39.605;103.9;101.5;2.4023;17.41;4.7701;0;5.8263;89.418;1.1924;0;2.0272;98.464;0;98.464;5.8263;1.1924;89.418;2.0272;0.0592;0.9287;0;0.0206;90.461;8.0031;0;0;6.1461;1.857;87.652;2.7184;0.0094;0.0019;2.6909;0.0161;90.37;0.0905;0.0058;0.0012;0.0833;0.0002;88.333;5.8111;1.1893;80.497;0.1539;63.495;53.018;17.585;3.5204;0.7455;10.724;0.6814;7.9487;0;1;0;0;0.9476;0.9187;1;1;0.9313;0.084;0.9699;0.9984;1;0.9677;0.9052;0.999;0.999;1;0.999;0.999;0.8902;0.9002;0.0759;0.2957;0.2887;0.0017;0.0169;-0.0042;0.0019;0.0068;0.002;0;0;0.088;0;0.1629;0;0;0;0;0;0;0;0;0;0;0;0;0.0055;0.0003;0.2576;0.2576;0;20.996;20.996;3.5859;0.0409;245.3;1050.3;1;0.0068;0.0068;0;0;0;0;0;0;0.2509;0.1629;0;16.599;19.222;10.493;12.151;97.371;97.371;2.3631;2.0591;1.3017;0.304;0.7574;0.1286;0.3205;0.5508;63.481;0.5093;0
24/11/21 07:00;32.856;-93.369;2.8295;32.901;57.099;-90;-57.099;606.3;99.999;506.3;19.94;4.73;0;932.08;25.842;122.44;0;23.542;1103.9;0;1103.9;932.08;122.44;25.842;23.542;0.8444;0.0447;0;0.0213;1078.8;25.084;0;0;3.0269;22.057;1076.8;0.9654;0.091;0.012;0.7878;0.0746;1077.7;1.0788;0.9321;0.1224;0.0228;0.0015;1080.7;931.06;122.3;22.004;1.4087;161.9;135.18;42.746;3.6269;1.6892;24.298;3.9634;22.361;0;1;0;0;1.8207;0.9773;1;1;0.8829;0.0631;0.9991;0.9999;1;0.9654;0.9497;0.999;0.999;1;0.999;0.999;0.9754;0.8515;0.0598;3.315;3.3063;0.0199;0.004;0.4641;0.0197;0.07;0.0041;0;0;0.088;0;2.5102;0;0;0;0;0;0;0;0;0;0;0;0;0.0563;0.0235;2.6445;2.6445;0;64.953;64.953;45.012;0.0418;2847.5;928.72;1;0.0463;0.0463;0;0;0;0;0;0;2.5982;2.5102;0;15.197;17.598;14.425;16.704;98.247;98.247;26.494;21.135;20.061;5.3587;1.0737;0.2023;0.0405;0.7572;21.761;0.7449;0
24/11/21 08:00;45.11;-84.521;3.8639;45.241;44.759;-90;-44.759;561.6;257;304.6;21.1;4.89;0;428.97;152.41;110.9;0;13.84;706.12;0;706.12;428.97;110.9;152.41;13.84;0.6075;0.2354;0;0.0196;680.75;25.374;0;0;12.539;12.834;675.38;4.6856;0.0572;0.0148;4.5522;0.0614;680.07;0.6807;0.429;0.1109;0.1399;0.001;679.24;428.48;110.77;135.18;0.943;275.02;229.64;74.513;9.1398;2.9397;42.287;3.8594;36.087;0;1;0;0;1.2573;0.9641;1;1;0.9177;0.0726;0.9931;0.9999;1;0.9674;0.9389;0.999;0.999;1;0.999;0.999;0.9565;0.8869;0.0681;2.1205;2.1349;0.0129;-0.0006;0.18;0.0136;0.0482;0.0077;0;0;0.088;0;1.7068;0;0;0;0;0;0;0;0;0;0;0;0;0.0388;0.0102;1.8241;1.8241;0;48.966;48.966;27.866;0.0413;1835.3;993.89;1;0.0293;0.0293;0;0;0;0;0;0;1.7948;1.7068;0;16.388;18.976;15.333;17.756;98.392;98.392;16.947;14.578;13.641;2.3685;0.9377;0.1398;0.0553;0.8049;113.18;0.7704;0
24/11/21 09:00;57.134;-72.864;9.2008;58.309;31.692;-90;-31.692;260.4;254.9;5.4934;21.9;5.0199;0;6.4561;234.8;1.3963;0;3.3004;245.95;0;245.95;6.4561;1.3963;234.8;3.3004;0.0262;0.9681;0;0.0134;231.65;14.304;0;0;11.387;2.917;224.11;7.3034;0.002;0.0004;7.2376;0.0633;231.42;0.2316;0.0065;0.0014;0.2234;0.0004;225.14;6.4476;1.3945;215.95;0.3197;160.07;133.66;42.865;4.2985;1.6773;24.128;1.0233;21.507;0;1;0;0;0.9445;0.9418;1;1;0.9515;0.1162;0.9684;0.9997;1;0.9676;0.8346;0.999;0.999;1;0.999;0.999;0.9112;0.9197;0.0969;0.7386;0.729;0.0044;0.0167;0.0159;0.0048;0.0172;0.0046;0;0;0.088;0;0.551;0;0;0;0;0;0;0;0;0;0;0;0;0.0138;0.0015;0.6501;0.6501;0;31.067;31.067;9.1669;0.0409;622.65;1044.1;1;0.0111;0.0111;0;0;0;0;0;0;0.639;0.551;0;16.768;19.417;14.212;16.458;98.296;98.296;5.9028;5.1957;4.4038;0.7072;0.7918;0.1198;0.1341;0.7461;156.61;0.695;0
24/11/21 10:00;68.126;-53.453;12.818;72.124;17.876;-90;-17.876;246.41;242.1;4.312;19.62;4.7601;0;4.5307;235.47;0.8424;0;1.0111;241.86;0;241.86;4.5307;0.8424;235.47;1.0111;0.0187;0.9778;0;0.0042;236.48;5.3738;0;0;4.5286;0.8452;227.94;8.3046;0.002;0.0004;8.2653;0.0369;236.25;0.2365;0.0045;0.0008;0.2309;0.0002;228.18;4.5242;0.8411;222.45;0.1289;147.82;123.43;37.773;0.5667;1.4456;20.794;0.2368;21.673;0;1;0;0;0.9815;0.9778;1;1;0.9808;0.1641;0.9648;0.9996;1;0.9642;0.7775;0.999;0.999;1;0.999;0.999;0.9425;0.9447;0.1275;0.7263;0.7311;0.0044;0.0166;0.0103;0.0049;0.0174;0.004;0;0;0.088;0;0.5588;0;0;0;0;0;0;0;0;0;0;0;0;0.014;0.0015;0.658;0.658;0;28.925;28.925;9.3053;0.0408;624.63;1053.5;1;0.0113;0.0113;0;0;0;0;0;0;0.6468;0.5588;0;17.26;19.986;14.656;16.971;98.285;98.285;5.8045;5.2591;4.4655;0.5455;0.7935;0.094;0.1367;0.7693;144.91;0.7228;0
24/11/21 11:00;75.162;-13.465;14.421;86.47;3.5301;-90;-3.5301;464.1;422.9;41.206;21.81;3.9899;0;41.284;409.66;12.872;0;0.0748;463.89;0;463.89;41.284;12.872;409.66;0.0748;0.089;0.8833;0;0.0002;463.26;0.6271;0;0;0.5645;0.0626;444.67;18.132;0.0205;0.0064;18.102;0.0027;462.8;0.4633;0.0413;0.0129;0.4091;0;444.67;41.222;12.852;390.59;0.0095;274.73;229.4;69.491;-0.0019;2.6642;38.323;-0.0021;40.989;0;1;0;0;0.9995;0.9986;1;1;0.9986;0.1632;0.9608;0.9995;1;0.9557;0.7772;0.999;0.999;1;0.999;0.999;0.9586;0.9534;0.1267;1.3931;1.4201;0.0085;0.0074;0.0758;0.0093;0.033;0.0072;0;0;0.088;0;1.1401;0;0;0;0;0;0;0;0;0;0;0;0;0.0266;0.0048;1.2476;1.2476;0;40.052;40.052;18.242;0.041;1219.5;1023;1;0.0195;0.0195;0;0;0;0;0;0;1.2281;1.1401;0;17.06;19.755;15.59;18.053;98.438;98.438;11.133;9.9705;9.1115;1.1629;0.859;0.1045;0.0772;0.8184;242.89;0.7707;0
24/11/21 12:00;72.411;37.536;13.864;79.069;10.931;90;10.931;248.5;244.4;4.1005;21.2;3.13;0;4.1763;241.44;0.7631;0;0.3833;246.76;0;246.76;4.1763;0.7631;241.44;0.3833;0.0169;0.98;0;0.0016;244.41;2.3548;0;0;2.0348;0.32;234.51;9.6528;0.002;0.0004;9.6361;0.0142;244.16;0.2444;0.0042;0.0008;0.2394;0.0001;234.58;4.1701;0.762;229.53;0.049;147.89;123.49;37.332;0.0984;1.4457;20.796;0.0683;22.143;0;1;0;0;0.993;0.9905;1;1;0.9916;0.1651;0.9605;0.9995;1;0.9597;0.7747;0.999;0.999;1;0.999;0.999;0.9503;0.9507;0.1278;0.741;0.7504;0.0045;0.0165;0.0156;0.005;0.0177;0.004;0;0;0.088;0;0.5719;0;0;0;0;0;0;0;0;0;0;0;0;0.0143;0.0015;0.6713;0.6713;0;30.786;30.786;9.5865;0.0409;641.34;1046.8;1;0.0114;0.0114;0;0;0;0;0;0;0.6599;0.5719;0;17.258;19.985;14.703;17.026;98.302;98.302;5.9223;5.3653;4.5709;0.557;0.7944;0.0941;0.1341;0.7718;145.07;0.726;0
24/11/21 13:00;62.712;64.938;11.199;64.953;25.047;90;25.047;55.908;55.697;0.2115;21.14;3.05;0;0.2335;53.069;0.0104;0;0.4469;53.759;0;53.759;0.2335;0.0104;53.069;0.4469;0.0043;0.9955;0;0.0083;51.605;2.1545;0;0;1.7709;0.3836;49.834;1.7189;0.0001;0;1.7059;0.0129;51.553;0.0516;0.0002;0;0.0513;0.0001;49.958;0.2331;0.0104;49.541;0.0503;34.004;28.394;8.8861;0.4274;0.339;4.877;0.1239;4.7887;0;1;0;0;0.9616;0.9599;1;1;0.9666;0.1415;0.9667;0.9996;1;0.9667;0.7961;0.999;0.999;1;0.999;0.999;0.927;0.9335;0.1126;0.1614;0.1608;0.001;0.0139;-0.0011;0.001;0.0036;0.0009;0;0;0.088;0;0.0448;0;0;0;0;0;0;0;0;0;0;0;0;0.0029;0.0001;0.1383;0.1383;0;23.196;23.196;2.0557;0.0413;135.93;1017.4;1;0.0055;0.0055;0;0;0;0;0;0;0.1328;0.0448;0;16.32;18.898;5.2899;6.1255;96.043;96.043;1.2902;1.1053;0.3583;0.1849;0.747;0.1433;0.579;0.2777;33.884;0.26;0
24/11/21 14:00;51.026;79.38;6.6564;51.509;38.491;90;38.491;103.9;103.1;0.8061;19.06;3.7;0;1.0299;91.829;0.0973;0;1.9191;94.876;0;94.876;1.0299;0.0973;91.829;1.9191;0.0109;0.9881;0;0.0202;87.071;7.8043;0;0;6.0502;1.7541;84.198;2.7863;0.0002;0;2.7682;0.0178;86.984;0.0871;0.001;0.0001;0.0858;0.0002;84.847;1.0286;0.0972;82.925;0.1469;65.002;54.277;17.966;3.2783;0.7444;10.708;0.649;8.1745;0;1;0;0;0.9131;0.9177;1;1;0.9341;0.0859;0.968;0.9998;1;0.9677;0.8918;0.999;0.999;1;0.999;0.999;0.8875;0.903;0.0766;0.2849;0.2781;0.0017;0.0168;-0.0025;0.0018;0.0065;0.002;0;0;0.088;0;0.1517;0;0;0;0;0;0;0;0;0;0;0;0;0.0052;0.0003;0.2463;0.2463;0;22.511;22.511;3.4506;0.041;236.3;1042.3;1;0.0066;0.0066;0;0;0;0;0;0;0.2397;0.1517;0;16.469;19.07;10.143;11.745;97.315;97.315;2.277;1.9685;1.2123;0.3085;0.7561;0.1355;0.3321;0.5324;64.582;0.4909;0
24/11/21 15:00;38.829;89.259;0.577;38.832;51.168;90;51.168;15.608;15.599;0.0094;19.3;4.0601;0;0.015;12.69;0.0003;0;0.4948;13.2;0;13.2;0.015;0.0003;12.69;0.4948;0.0011;0.9988;0;0.0375;11.465;1.7343;0;0;1.2705;0.4638;11.072;0.3817;0;0;0.3804;0.0013;11.454;0.0115;0;0;0.0114;0;11.266;0.015;0.0003;11.027;0.0297;10.028;8.3736;2.916;1.2096;0.1512;2.1752;0.1934;1.1168;0;1;0;0;0.8457;0.8686;1;1;0.8999;0.0626;0.9667;1;1;0.9667;0.959;0.999;0.999;1;0.999;0.999;0.8388;0.869;0.06;0.0396;0.0385;0.0002;0.0069;-0.0007;0.0002;0.0008;0.0004;0;0;0.088;0;-0.0605;0;0;0;0;0;0;0;0;0;0;0;0;0.0006;0;0.0301;0.0301;0;19.766;19.766;0.4662;0.0421;31.194;964.81;1;0.0026;0.0026;0;0;0;0;0;0;0.0275;-0.0605;0;14.464;16.749;-29.081;-33.676;91.334;91.334;0.3168;0.2405;-0.4836;0.0763;0.7241;0.2408;2.2858;0;10.025;0;0
24/11/21 16:00;26.594;97.461;7.3972;26.789;60;90;60;47.801;47.502;0.2995;19.4;3.9199;0;0.6635;35.609;0.0502;0;2.0315;38.354;0;38.354;0.6635;0.0502;35.609;2.0315;0.0173;0.9814;0;0.053;31.958;6.3964;0;0;4.4908;1.9056;30.818;1.1081;0.0002;0;1.0994;0.0086;31.926;0.032;0.0007;0.0001;0.0311;0.0001;31.66;0.6626;0.0501;29.988;0.1173;31.03;25.91;9.4087;5.9537;0.5865;8.4369;0.8425;3.0697;0;1;0;0;0.8024;0.8332;1;1;0.8739;0.062;0.9653;0.9997;1;0.9646;0.9319;0.999;0.999;1;0.999;0.999;0.8035;0.8421;0.0577;0.1152;0.1131;0.0007;0.0119;-0.0018;0.0007;0.0025;0.0015;0;0;0.088;0;0.0031;0;0;0;0;0;0;0;0;0;0;0;0;0.002;0.0001;0.0954;0.0954;0;20.676;20.676;1.2765;0.0414;94.667;1008.1;1;0.0043;0.0043;0;0;0;0;0;0;0.0911;0.0031;0;15.785;18.278;0.516;0.5975;95.476;95.476;0.9205;0.7627;0.0249;0.1578;0.7378;0.1714;0.8015;0.0271;31;0.0233;0
24/11/21 17:00;14.575;105.22;52.388;15.081;24.044;90;24.044;63.097;62.203;0.8942;19.63;3.7499;0;2.1687;59.353;0.382;0;0.4654;62.369;0;62.369;2.1687;0.382;59.353;0.4654;0.0348;0.9591;0;0.0075;60.117;2.2526;0;0;1.8549;0.3977;58.079;1.978;0.0342;0.006;1.9237;0.0141;60.057;0.0601;0.0022;0.0004;0.0575;0.0001;58.204;2.1324;0.3756;55.517;0.0535;37.68;31.463;9.7937;0.4134;0.3752;5.3975;0.1248;5.3593;0;1;0;0;0.9885;0.9639;1;1;0.9687;0.1454;0.9671;0.9842;1;0.9665;0.792;0.999;0.999;1;0.999;0.999;0.9312;0.9354;0.115;0.1873;0.1867;0.0011;0.0147;-0.0021;0.0012;0.0043;0.001;0;0;0.088;0;0.0689;0;0;0;0;0;0;0;0;0;0;0;0;0.0035;0.0002;0.1627;0.1627;0;22.019;22.019;2.389;0.0411;158.15;1029;1;0.0059;0.0059;0;0;0;0;0;0;0.1569;0.0689;0;16.552;19.167;7.0038;8.1103;96.391;96.391;1.4969;1.3006;0.5503;0.1963;0.7502;0.1311;0.5012;0.3677;37.675;0.3453;0
24/11/21 18:00;4.3179;112.28;79.479;4.6648;6.7108;90;6.7108;9.2985;9.1996;0.0989;19.9;3.9099;0;0.2397;9.1595;0.0209;0;0.0054;9.4256;0;9.4256;0.2397;0.0209;9.1595;0.0054;0.0254;0.9723;0;0.0006;9.3865;0.039;0;0;0.0345;0.0045;8.9083;0.4689;0.0725;0.0063;0.3898;0.0002;9.3771;0.0094;0.0002;0;0.0091;0;8.9088;0.167;0.0145;8.7261;0.0007;5.4539;4.554;1.3699;0.0005;0.0536;0.7703;0.0006;0.8234;0;1;0;0;1.0137;0.9959;1;1;0.9962;0.1642;0.95;0.6971;1;0.9572;0.7757;0.999;0.999;1;0.999;0.999;0.9451;0.9527;0.1273;0.0283;0.0285;0.0002;0.0058;-0.0005;0.0002;0.0006;0.0001;0;0;0.088;0;-0.0688;0;0;0;0;0;0;0;0;0;0;0;0;0.0005;0;0.0216;0.0216;0;20.277;20.277;0.377;0.0423;22.713;950.89;1;0.0024;0.0024;0;0;0;0;0;0;0.0192;-0.0688;0;14.536;16.832;-46.309;-53.624;88.868;88.868;0.2262;0.1726;-0.5499;0.0536;0.7225;0.237;3.1939;0;5.4534;0;0
24/11/21 19:00;0;0;90;0;0;90;0;0;0;0;19.6;4.3001;0;0;0;0;0;0;0;0;0;0;0;0;0;1;1;1;1;0;0;0;0;0;0;0;0;0;0;0;0;0;0;0;0;0;0;0;0;0;0;0;0;0;0;0;0;0;0;0;0;0;0;0;1;1;1;1;1;1;1;1;1;1;1;1;1;1;1;1;1;1;1;0;0;0;0;0;0;0;0;0;0.0004;0.088;0;-0.0884;0;0;0;0;0;0;0;0;0;0;0;0;0;0;0;0;0;0;0;-19.6;0;0;0;0;0.0004;0;0;0;0;0;0;0;-0.0004;-0.0884;0;0;0;0;0;0;0;0;0;-0.7063;0;0.7063;1;1;0;0;0;0
24/11/21 20:00;0;0;90;0;0;90;0;0;0;0;19.58;4.4601;0;0;0;0;0;0;0;0;0;0;0;0;0;1;1;1;1;0;0;0;0;0;0;0;0;0;0;0;0;0;0;0;0;0;0;0;0;0;0;0;0;0;0;0;0;0;0;0;0;0;0;0;1;1;1;1;1;1;1;1;1;1;1;1;1;1;1;1;1;1;1;0;0;0;0;0;0;0;0;0;0.0004;0.088;0;-0.0884;0;0;0;0;0;0;0;0;0;0;0;0;0;0;0;0;0;0;0;-19.58;0;0;0;0;0.0004;0;0;0;0;0;0;0;-0.0004;-0.0884;0;0;0;0;0;0;0;0;0;-0.7063;0;0.7063;1;1;0;0;0;0
24/11/21 21:00;0;0;90;0;0;90;0;0;0;0;19.1;4.56;0;0;0;0;0;0;0;0;0;0;0;0;0;1;1;1;1;0;0;0;0;0;0;0;0;0;0;0;0;0;0;0;0;0;0;0;0;0;0;0;0;0;0;0;0;0;0;0;0;0;0;0;1;1;1;1;1;1;1;1;1;1;1;1;1;1;1;1;1;1;1;0;0;0;0;0;0;0;0;0;0.0004;0.088;0;-0.0884;0;0;0;0;0;0;0;0;0;0;0;0;0;0;0;0;0;0;0;-19.1;0;0;0;0;0.0004;0;0;0;0;0;0;0;-0.0004;-0.0884;0;0;0;0;0;0;0;0;0;-0.7063;0;0.7063;1;1;0;0;0;0
24/11/21 22:00;0;0;90;0;0;90;0;0;0;0;18.79;4.5499;0;0;0;0;0;0;0;0;0;0;0;0;0;1;1;1;1;0;0;0;0;0;0;0;0;0;0;0;0;0;0;0;0;0;0;0;0;0;0;0;0;0;0;0;0;0;0;0;0;0;0;0;1;1;1;1;1;1;1;1;1;1;1;1;1;1;1;1;1;1;1;0;0;0;0;0;0;0;0;0;0.0004;0.088;0;-0.0884;0;0;0;0;0;0;0;0;0;0;0;0;0;0;0;0;0;0;0;-18.79;0;0;0;0;0.0004;0;0;0;0;0;0;0;-0.0004;-0.0884;0;0;0;0;0;0;0;0;0;-0.7063;0;0.7063;1;1;0;0;0;0
24/11/21 23:00;0;0;90;0;0;90;0;0;0;0;18.2;4.27;0;0;0;0;0;0;0;0;0;0;0;0;0;1;1;1;1;0;0;0;0;0;0;0;0;0;0;0;0;0;0;0;0;0;0;0;0;0;0;0;0;0;0;0;0;0;0;0;0;0;0;0;1;1;1;1;1;1;1;1;1;1;1;1;1;1;1;1;1;1;1;0;0;0;0;0;0;0;0;0;0.0004;0.088;0;-0.0884;0;0;0;0;0;0;0;0;0;0;0;0;0;0;0;0;0;0;0;-18.2;0;0;0;0;0.0004;0;0;0;0;0;0;0;-0.0004;-0.0884;0;0;0;0;0;0;0;0;0;-0.7063;0;0.7063;1;1;0;0;0;0
25/11/21 00:00;0;0;90;0;0;90;0;0;0;0;18.23;3.7499;0;0;0;0;0;0;0;0;0;0;0;0;0;1;1;1;1;0;0;0;0;0;0;0;0;0;0;0;0;0;0;0;0;0;0;0;0;0;0;0;0;0;0;0;0;0;0;0;0;0;0;0;1;1;1;1;1;1;1;1;1;1;1;1;1;1;1;1;1;1;1;0;0;0;0;0;0;0;0;0;0.0004;0.088;0;-0.0884;0;0;0;0;0;0;0;0;0;0;0;0;0;0;0;0;0;0;0;-18.23;0;0;0;0;0.0004;0;0;0;0;0;0;0;-0.0004;-0.0884;0;0;0;0;0;0;0;0;0;-0.7063;0;0.7063;1;1;0;0;0;0
25/11/21 01:00;0;0;90;0;0;90;0;0;0;0;17.8;3.07;0;0;0;0;0;0;0;0;0;0;0;0;0;1;1;1;1;0;0;0;0;0;0;0;0;0;0;0;0;0;0;0;0;0;0;0;0;0;0;0;0;0;0;0;0;0;0;0;0;0;0;0;1;1;1;1;1;1;1;1;1;1;1;1;1;1;1;1;1;1;1;0;0;0;0;0;0;0;0;0;0.0004;0.088;0;-0.0884;0;0;0;0;0;0;0;0;0;0;0;0;0;0;0;0;0;0;0;-17.8;0;0;0;0;0.0004;0;0;0;0;0;0;0;-0.0004;-0.0884;0;0;0;0;0;0;0;0;0;-0.7063;0;0.7063;1;1;0;0;0;0
25/11/21 02:00;0;0;90;0;0;90;0;0;0;0;18;2.5599;0;0;0;0;0;0;0;0;0;0;0;0;0;1;1;1;1;0;0;0;0;0;0;0;0;0;0;0;0;0;0;0;0;0;0;0;0;0;0;0;0;0;0;0;0;0;0;0;0;0;0;0;1;1;1;1;1;1;1;1;1;1;1;1;1;1;1;1;1;1;1;0;0;0;0;0;0;0;0;0;0.0004;0.088;0;-0.0884;0;0;0;0;0;0;0;0;0;0;0;0;0;0;0;0;0;0;0;-18;0;0;0;0;0.0004;0;0;0;0;0;0;0;-0.0004;-0.0884;0;0;0;0;0;0;0;0;0;-0.7063;0;0.7063;1;1;0;0;0;0
25/11/21 03:00;0;0;90;0;0;90;0;0;0;0;18.1;2.19;0;0;0;0;0;0;0;0;0;0;0;0;0;1;1;1;1;0;0;0;0;0;0;0;0;0;0;0;0;0;0;0;0;0;0;0;0;0;0;0;0;0;0;0;0;0;0;0;0;0;0;0;1;1;1;1;1;1;1;1;1;1;1;1;1;1;1;1;1;1;1;0;0;0;0;0;0;0;0;0;0.0004;0.088;0;-0.0884;0;0;0;0;0;0;0;0;0;0;0;0;0;0;0;0;0;0;0;-18.1;0;0;0;0;0.0004;0;0;0;0;0;0;0;-0.0004;-0.0884;0;0;0;0;0;0;0;0;0;-0.7063;0;0.7063;1;1;0;0;0;0
25/11/21 04:00;1.7081;-114.47;85.854;1.8766;2.6786;-90;-2.6786;0;0;0;17.74;1.9901;0;0;0;0;0;0;0;0;0;0;0;0;0;1;1;1;1;0;0;0;0;0;0;0;0;0;0;0;0;0;0;0;0;0;0;0;0;0;0;0;0;0;0;0;0;0;0;0;0;0;0;0;1;1;1;1;1;1;1;1;1;1;1;1;1;1;1;1;1;1;1;0;0;0;0;0;0;0;0;0;0.0004;0.088;0;-0.0884;0;0;0;0;0;0;0;0;0;0;0;0;0;0;0;0;0;0;0;-17.74;0;0;0;0;0.0004;0;0;0;0;0;0;0;-0.0004;-0.0884;0;0;0;0;0;0;0;0;0;-0.7063;0;0.7063;1;1;0;0;0;0
25/11/21 05:00;8.9175;-109.26;67.917;9.4372;13.995;-90;-13.995;63.702;53.302;10.4;18.27;1.9199;0;25.223;50.001;6.1792;0;0.1607;81.564;0;81.564;25.223;6.1792;50.001;0.1607;0.3092;0.615;0;0.002;80.793;0.7708;0;0;0.6368;0.134;76.12;4.5928;2.1659;0.5306;1.8903;0.006;80.713;0.0808;0.0252;0.0062;0.0494;0;76.146;23.032;5.6424;47.425;0.0207;30.386;25.372;7.7076;0.0505;0.2965;4.2657;0.0265;4.5118;0;1;0;0;1.2804;0.9906;1;1;0.9873;0.1663;0.9431;0.914;1;0.9617;0.7755;0.999;0.999;1;0.999;0.999;0.9333;0.9485;0.1288;0.2449;0.2383;0.0014;0.016;-0.0032;0.0016;0.0056;0.0008;0;0;0.088;0;0.117;0;0;0;0;0;0;0;0;0;0;0;0;0.0045;0.0003;0.2114;0.2114;0;21.39;21.39;3.1199;0.041;202.64;1043.1;1;0.0064;0.0064;0;0;0;0;0;0;0.205;0.117;0;16.439;19.036;9.0992;10.537;96.987;96.987;1.9575;1.6892;0.935;0.2683;0.7542;0.1371;0.3853;0.4777;30.322;0.4597;0
25/11/21 06:00;20.739;-101.46;30.815;21.124;39.809;-90;-39.809;168.51;145.3;23.207;19.8;2.73;0;56.284;122.46;16.453;0;3.3203;198.52;0;198.52;56.284;16.453;122.46;3.3203;0.2835;0.6336;0;0.0167;186.99;11.528;0;0;8.4841;3.0439;182.98;3.8197;0.0851;0.0249;3.6842;0.0256;186.8;0.187;0.0563;0.0165;0.114;0.0003;183.93;56.142;16.412;110.18;0.2505;87.237;72.843;24.199;4.9072;1.0264;14.764;0.946;10.883;0;1;0;0;1.1781;0.9419;1;1;0.9307;0.0832;0.9796;0.9985;1;0.9676;0.9074;0.999;0.999;1;0.999;0.999;0.9217;0.8997;0.0754;0.5961;0.5851;0.0035;0.0178;0.0048;0.0039;0.0139;0.0028;0;0;0.088;0;0.4287;0;0;0;0;0;0;0;0;0;0;0;0;0.0112;0.001;0.5262;0.5262;0;27.273;27.273;7.4731;0.0408;499.87;1052.7;1;0.0096;0.0096;0;0;0;0;0;0;0.5167;0.4287;0;16.816;19.472;13.698;15.862;98.184;98.184;4.7644;4.2056;3.4259;0.5588;0.7797;0.1173;0.1636;0.7191;87.09;0.6811;0
25/11/21 07:00;32.89;-93.613;3.0332;32.942;57.058;-90;-57.058;139.59;137.1;2.4907;22.57;3.06;0;4.5802;105.48;0.8239;0;5.4131;116.3;0;116.3;4.5802;0.8239;105.48;5.4131;0.0394;0.9535;0;0.0465;98.887;17.414;0;0;12.342;5.0717;95.555;3.2331;0.0005;0.0001;3.2154;0.0171;98.788;0.0989;0.0046;0.0008;0.0931;0.0003;97.726;4.5752;0.823;89.833;0.3239;89.507;74.738;26.812;14.744;1.5553;22.372;2.1711;9.1832;0;1;0;0;0.8331;0.8503;1;1;0.883;0.0631;0.9673;0.9999;1;0.9654;0.9499;0.999;0.999;1;0.999;0.999;0.8216;0.8516;0.0598;0.3493;0.3415;0.0021;0.0175;0.0019;0.0022;0.0079;0.0042;0;0;0.088;0;0.2039;0;0;0;0;0;0;0;0;0;0;0;0;0.0064;0.0004;0.2988;0.2988;0;26.494;26.494;3.9242;0.0411;289.86;1031;1;0.0069;0.0069;0;0;0;0;0;0;0.2919;0.2039;0;16.3;18.876;11.122;12.879;97.68;97.68;2.7912;2.3884;1.6297;0.4029;0.7587;0.1443;0.2718;0.5838;88.786;0.5103;0
25/11/21 08:00;45.145;-84.811;3.6572;45.263;44.737;-90;-44.737;216.79;212.1;4.6978;21.81;2.8601;0;6.6134;180.52;1.4097;0;5.3376;193.88;0;193.88;6.6134;1.4097;180.52;5.3376;0.0341;0.9586;0;0.0275;174.09;19.791;0;0;14.842;4.9497;168.5;5.4167;0.0008;0.0002;5.3919;0.0237;173.92;0.1741;0.0066;0.0014;0.1657;0.0004;170.44;6.606;1.4081;160.12;0.3638;136.44;113.93;38.542;10.805;1.7635;25.368;1.9425;16.327;0;1;0;0;0.8943;0.8979;1;1;0.9178;0.0727;0.9689;0.9999;1;0.9674;0.9388;0.999;0.999;1;0.999;0.999;0.8691;0.887;0.0682;0.5822;0.5668;0.0034;0.0178;0.0076;0.0038;0.0134;0.0048;0;0;0.088;0;0.4071;0;0;0;0;0;0;0;0;0;0;0;0;0.0108;0.001;0.5043;0.5043;0;28.705;28.705;6.8951;0.0409;483.28;1043.6;1;0.0092;0.0092;0;0;0;0;0;0;0.4951;0.4071;0;16.502;19.109;13.32;15.424;98.169;98.169;4.6532;4.0308;3.2536;0.6225;0.7771;0.1338;0.167;0.6992;134.03;0.6368;0
25/11/21 09:00;57.183;-73.237;8.993;58.306;31.694;-90;-31.694;246.19;241.4;4.7954;20.6;2.3199;0;5.636;222.49;1.1534;0;3.1209;232.4;0;232.4;5.636;1.1534;222.49;3.1209;0.0243;0.9708;0;0.0134;218.85;13.55;0;0;10.791;2.7584;211.71;6.9201;0.0017;0.0004;6.8581;0.0599;218.63;0.2189;0.0056;0.0012;0.2117;0.0004;212.68;5.6286;1.1519;204.63;0.3023;151.4;126.41;40.54;4.0744;1.5871;22.83;0.9681;20.342;0;1;0;0;0.944;0.9417;1;1;0.9515;0.1162;0.9683;0.9997;1;0.9676;0.8346;0.999;0.999;1;0.999;0.999;0.911;0.9197;0.0968;0.6979;0.6887;0.0041;0.017;0.0105;0.0046;0.0163;0.0044;0;0;0.088;0;0.5186;0;0;0;0;0;0;0;0;0;0;0;0;0.0131;0.0013;0.6173;0.6173;0;29.25;29.25;8.6503;0.0409;588.1;1049.6;1;0.0107;0.0107;0;0;0;0;0;0;0.6066;0.5186;0;16.849;19.511;14.156;16.392;98.27;98.27;5.5776;4.9333;4.1446;0.6443;0.7887;0.1155;0.1414;0.7431;148.4;0.6922;0
25/11/21 10:00;68.216;-53.957;12.613;72.092;17.908;-90;-17.908;393.99;371.8;22.196;21.1;1.95;0;23.326;356.61;6.654;0;1.6226;388.21;0;388.21;23.326;6.654;356.61;1.6226;0.0601;0.9228;0;0.0042;379.98;8.2356;0;0;6.8793;1.3563;367.02;12.582;0.0102;0.0029;12.51;0.0592;379.6;0.38;0.0233;0.0067;0.3497;0.0003;367.4;23.293;6.6444;336.87;0.2068;235.72;196.83;60.403;0.8638;2.2916;32.964;0.3797;34.392;0;1;0;0;0.9853;0.9788;1;1;0.9807;0.1641;0.9669;0.9996;1;0.9642;0.7775;0.999;0.999;1;0.999;0.999;0.9454;0.9446;0.1274;1.1658;1.1761;0.0071;0.0109;0.0466;0.0078;0.0276;0.0062;0;0;0.088;0;0.9396;0;0;0;0;0;0;0;0;0;0;0;0;0.0222;0.0034;1.0443;1.0443;0;36.124;36.124;15.023;0.0409;1008.8;1035.2;1;0.0166;0.0166;0;0;0;0;0;0;1.0276;0.9396;0;17.064;19.759;15.354;17.779;98.406;98.406;9.3172;8.3457;7.5094;0.9715;0.8363;0.1043;0.0898;0.806;219.5;0.7578;0
25/11/21 11:00;75.339;-13.893;14.223;86.406;3.5944;-90;-3.5944;93.102;92.502;0.5998;21.3;1.7501;0;0.601;92.37;0.0409;0;0.0156;93.028;0;93.028;0.601;0.0409;92.37;0.0156;0.0065;0.9931;0;0.0002;92.884;0.1438;0;0;0.1308;0.013;88.711;4.0799;0.0003;0;4.079;0.0006;92.791;0.0929;0.0006;0;0.0922;0;88.711;0.6001;0.0409;88.068;0.002;55.148;46.049;13.885;-0.0004;0.539;7.7534;-0.0005;8.2928;0;1;0;0;0.9992;0.9985;1;1;0.9986;0.1632;0.956;0.9995;1;0.9557;0.7772;0.999;0.999;1;0.999;0.999;0.9536;0.9534;0.1267;0.2794;0.2835;0.0017;0.0168;-0.0001;0.0019;0.0066;0.0014;0;0;0.088;0;0.155;0;0;0;0;0;0;0;0;0;0;0;0;0.0053;0.0003;0.2495;0.2495;0;24.941;24.941;3.6411;0.041;241.28;1034.2;1;0.0066;0.0066;0;0;0;0;0;0;0.243;0.155;0;17.016;19.704;10.568;12.238;97.374;97.374;2.2327;1.9943;1.2386;0.2384;0.7557;0.1068;0.3385;0.5548;54.771;0.5222;0
25/11/21 12:00;72.614;37.687;13.678;79.164;10.836;90;10.836;323.1;315.5;7.6003;21.2;1.71;0;7.7383;310.91;1.8227;0;0.4897;320.97;0;320.97;7.7383;1.8227;310.91;0.4897;0.0241;0.9702;0;0.0015;317.97;2.9912;0;0;2.5824;0.4089;305.2;12.451;0.0037;0.0009;12.429;0.0182;317.66;0.318;0.0077;0.0018;0.3083;0.0001;305.29;7.7269;1.82;295.6;0.0626;192.24;160.52;48.568;0.1226;1.876;26.986;0.0867;28.739;0;1;0;0;0.9934;0.9907;1;1;0.9917;0.1651;0.9608;0.9995;1;0.9597;0.7747;0.999;0.999;1;0.999;0.999;0.9509;0.9507;0.1278;0.9639;0.9764;0.0059;0.0137;0.0303;0.0065;0.023;0.0051;0;0;0.088;0;0.7688;0;0;0;0;0;0;0;0;0;0;0;0;0.0185;0.0024;0.8709;0.8709;0;33.683;33.683;12.483;0.0409;836.46;1041.2;1;0.0141;0.0141;0;0;0;0;0;0;0.8568;0.7688;0;17.213;19.932;15.194;17.595;98.377;98.377;7.7032;6.9603;6.1441;0.7428;0.8163;0.0964;0.106;0.7976;186.77;0.7504;0
25/11/21 13:00;62.886;65.184;11.028;65.074;24.926;90;24.926;104.49;103.7;0.7936;21.04;2.1401;0;0.8751;98.805;0.0726;0;0.8273;100.58;0;100.58;0.8751;0.0726;98.805;0.8273;0.0087;0.9906;0;0.0082;96.598;3.9815;0;0;3.2716;0.7099;93.298;3.2035;0.0003;0;3.1791;0.024;96.501;0.0966;0.0009;0.0001;0.0955;0.0001;93.526;0.8739;0.0725;92.258;0.0934;63.511;53.032;16.624;0.7822;0.6304;9.0682;0.2279;8.9164;0;1;0;0;0.9626;0.9604;1;1;0.9669;0.142;0.9668;0.9996;1;0.9667;0.7956;0.999;0.999;1;0.999;0.999;0.9276;0.9337;0.1129;0.302;0.3008;0.0018;0.0171;-0.0001;0.002;0.007;0.0017;0;0;0.088;0;0.1707;0;0;0;0;0;0;0;0;0;0;0;0;0.0056;0.0004;0.2654;0.2654;0;24.867;24.867;3.8271;0.041;256.02;1036.6;1;0.0067;0.0067;0;0;0;0;0;0;0.2587;0.1707;0;16.738;19.382;10.766;12.467;97.478;97.478;2.4139;2.121;1.3642;0.2929;0.7568;0.1214;0.3135;0.5651;63.04;0.5294;0
25/11/21 14:00;51.186;79.591;6.5022;51.65;38.35;90;38.35;77.709;77.302;0.4062;19.93;3.0201;0;0.5179;68.937;0.0366;0;1.4252;70.917;0;70.917;0.5179;0.0366;68.937;1.4252;0.0073;0.9922;0;0.0201;65.099;5.8183;0;0;4.5163;1.3019;62.941;2.0923;0.0001;0;2.0786;0.0135;65.034;0.0651;0.0005;0;0.0644;0.0001;63.424;0.5173;0.0366;62.278;0.1096;48.633;40.609;13.42;2.4305;0.5569;8.0112;0.4826;6.1377;0;1;0;0;0.9126;0.918;1;1;0.9345;0.0865;0.9678;0.9998;1;0.9677;0.8904;0.999;0.999;1;0.999;0.999;0.8875;0.9034;0.0769;0.213;0.2079;0.0013;0.0153;-0.0019;0.0014;0.0048;0.0015;0;0;0.088;0;0.0875;0;0;0;0;0;0;0;0;0;0;0;0;0.0039;0.0002;0.1815;0.1815;0;22.518;22.518;2.5878;0.0411;176.18;1030.3;1;0.006;0.006;0;0;0;0;0;0;0.1755;0.0875;0;16.238;18.803;7.8273;9.0638;96.682;96.682;1.702;1.4508;0.6993;0.2512;0.7514;0.1476;0.4415;0.4109;48.426;0.3788;0
25/11/21 15:00;38.985;89.436;0.4386;38.987;51.013;90;51.013;87.906;87.101;0.8051;19.9;3.7499;0;1.2796;70.885;0.1262;0;2.7711;75.062;0;75.062;1.2796;0.1262;70.885;2.7711;0.017;0.9813;0;0.0369;65.399;9.6631;0;0;7.0658;2.5973;63.202;2.1315;0;0;2.1244;0.0071;65.333;0.0654;0.0013;0.0001;0.0638;0.0002;64.273;1.2783;0.1261;61.631;0.1665;56.219;46.943;16.368;6.6855;0.8402;12.085;1.0715;6.2399;0;1;0;0;0.8539;0.8713;1;1;0.9003;0.0627;0.9674;1;1;0.9667;0.9588;0.999;0.999;1;0.999;0.999;0.842;0.8695;0.0601;0.2254;0.2191;0.0013;0.0156;-0.002;0.0014;0.0051;0.0023;0;0;0.088;0;0.097;0;0;0;0;0;0;0;0;0;0;0;0;0.0041;0.0002;0.1911;0.1911;0;22.498;22.498;2.5983;0.0411;185.4;1030.8;1;0.0061;0.0061;0;0;0;0;0;0;0.185;0.097;0;16.151;18.702;8.1982;9.4933;96.81;96.81;1.8015;1.5273;0.7753;0.2742;0.752;0.1522;0.4174;0.4304;55.911;0.3841;0
25/11/21 16:00;26.752;97.612;7.4407;26.956;60;90;60;86.499;85.497;1.0019;19.3;3.9801;0;2.2071;64.021;0.2987;0;3.6762;70.203;0;70.203;2.2071;0.2987;64.021;3.6762;0.0314;0.9643;0;0.0524;58.681;11.522;0;0;8.0739;3.4483;56.63;1.9927;0.0006;0.0001;1.9765;0.0155;58.622;0.0587;0.0022;0.0003;0.0559;0.0002;58.144;2.2043;0.2983;53.915;0.2122;55.844;46.63;16.939;10.704;1.0545;15.169;1.5147;5.519;0;1;0;0;0.8116;0.8359;1;1;0.8739;0.062;0.966;0.9997;1;0.9646;0.9319;0.999;0.999;1;0.999;0.999;0.8067;0.8421;0.0577;0.2108;0.2071;0.0012;0.0153;-0.0026;0.0014;0.0048;0.0028;0;0;0.088;0;0.0861;0;0;0;0;0;0;0;0;0;0;0;0;0.0039;0.0002;0.1801;0.1801;0;21.629;21.629;2.3293;0.0411;174.82;1030.1;1;0.006;0.006;0;0;0;0;0;0;0.1741;0.0861;0;16.272;18.843;7.7773;9.006;96.663;96.663;1.6849;1.4392;0.6879;0.2457;0.7513;0.1458;0.4459;0.4083;55.735;0.3514;0
25/11/21 17:00;14.739;105.35;51.901;15.259;24.406;90;24.406;45.594;45.2;0.3938;18.8;3.6501;0;0.955;43.133;0.1209;0;0.3463;44.555;0;44.555;0.955;0.1209;43.133;0.3463;0.0214;0.9759;0;0.0078;42.878;1.6771;0;0;1.3807;0.2964;41.415;1.4202;0.0144;0.0018;1.3938;0.0103;42.835;0.0429;0.001;0.0001;0.0418;0;41.509;0.9397;0.1189;40.317;0.0395;27.438;22.911;7.1405;0.3168;0.2737;3.9369;0.0943;3.8938;0;1;0;0;0.9772;0.9624;1;1;0.968;0.144;0.9668;0.9849;1;0.9666;0.7934;0.999;0.999;1;0.999;0.999;0.9295;0.9347;0.1142;0.1338;0.1333;0.0008;0.0128;-0.0022;0.0009;0.003;0.0007;0;0;0.088;0;0.0218;0;0;0;0;0;0;0;0;0;0;0;0;0.0024;0.0001;0.1147;0.1147;0;20.509;20.509;1.7084;0.0413;112.39;1020.9;1;0.0049;0.0049;0;0;0;0;0;0;0.1098;0.0218;0;16.337;18.918;3.11;3.6014;95.729;95.729;1.0693;0.917;0.1746;0.1523;0.7425;0.1424;0.6943;0.1633;27.436;0.1531;0
25/11/21 18:00;4.4894;112.4;79.057;4.8542;6.9886;90;6.9886;9.1031;9.0001;0.103;18.84;3.1999;0;0.2499;8.9582;0.0205;0;0.0057;9.2343;0;9.2343;0.2499;0.0205;8.9582;0.0057;0.0271;0.9707;0;0.0006;9.1935;0.0409;0;0;0.0361;0.0048;8.7262;0.458;0.0721;0.0059;0.3798;0.0002;9.1843;0.0092;0.0002;0;0.0089;0;8.7269;0.1775;0.0145;8.5335;0.0007;5.3366;4.4561;1.3407;0.0006;0.0524;0.7536;0.0007;0.8054;0;1;0;0;1.0144;0.9956;1;1;0.996;0.1643;0.9501;0.7111;1;0.9574;0.7756;0.999;0.999;1;0.999;0.999;0.945;0.9526;0.1273;0.0277;0.0279;0.0002;0.0058;-0.0006;0.0002;0.0006;0.0001;0;0;0.088;0;-0.0692;0;0;0;0;0;0;0;0;0;0;0;0;0.0004;0;0.0212;0.0212;0;19.209;19.209;0.3691;0.0423;22.207;954.57;1;0.0024;0.0024;0;0;0;0;0;0;0.0188;-0.0692;0;14.563;16.863;-47.539;-55.05;88.673;88.673;0.2216;0.1694;-0.5531;0.0522;0.7225;0.2356;3.26;0;5.3361;0;0
25/11/21 19:00;0;0;90;0;0;90;0;0;0;0;18.7;3.24;0;0;0;0;0;0;0;0;0;0;0;0;0;1;1;1;1;0;0;0;0;0;0;0;0;0;0;0;0;0;0;0;0;0;0;0;0;0;0;0;0;0;0;0;0;0;0;0;0;0;0;0;1;1;1;1;1;1;1;1;1;1;1;1;1;1;1;1;1;1;1;0;0;0;0;0;0;0;0;0;0.0004;0.088;0;-0.0884;0;0;0;0;0;0;0;0;0;0;0;0;0;0;0;0;0;0;0;-18.7;0;0;0;0;0.0004;0;0;0;0;0;0;0;-0.0004;-0.0884;0;0;0;0;0;0;0;0;0;-0.7063;0;0.7063;1;1;0;0;0;0
25/11/21 20:00;0;0;90;0;0;90;0;0;0;0;18.4;2.7801;0;0;0;0;0;0;0;0;0;0;0;0;0;1;1;1;1;0;0;0;0;0;0;0;0;0;0;0;0;0;0;0;0;0;0;0;0;0;0;0;0;0;0;0;0;0;0;0;0;0;0;0;1;1;1;1;1;1;1;1;1;1;1;1;1;1;1;1;1;1;1;0;0;0;0;0;0;0;0;0;0.0004;0.088;0;-0.0884;0;0;0;0;0;0;0;0;0;0;0;0;0;0;0;0;0;0;0;-18.4;0;0;0;0;0.0004;0;0;0;0;0;0;0;-0.0004;-0.0884;0;0;0;0;0;0;0;0;0;-0.7063;0;0.7063;1;1;0;0;0;0
25/11/21 21:00;0;0;90;0;0;90;0;0;0;0;18.26;2.2399;0;0;0;0;0;0;0;0;0;0;0;0;0;1;1;1;1;0;0;0;0;0;0;0;0;0;0;0;0;0;0;0;0;0;0;0;0;0;0;0;0;0;0;0;0;0;0;0;0;0;0;0;1;1;1;1;1;1;1;1;1;1;1;1;1;1;1;1;1;1;1;0;0;0;0;0;0;0;0;0;0.0004;0.088;0;-0.0884;0;0;0;0;0;0;0;0;0;0;0;0;0;0;0;0;0;0;0;-18.26;0;0;0;0;0.0004;0;0;0;0;0;0;0;-0.0004;-0.0884;0;0;0;0;0;0;0;0;0;-0.7063;0;0.7063;1;1;0;0;0;0
25/11/21 22:00;0;0;90;0;0;90;0;0;0;0;18;2.12;0;0;0;0;0;0;0;0;0;0;0;0;0;1;1;1;1;0;0;0;0;0;0;0;0;0;0;0;0;0;0;0;0;0;0;0;0;0;0;0;0;0;0;0;0;0;0;0;0;0;0;0;1;1;1;1;1;1;1;1;1;1;1;1;1;1;1;1;1;1;1;0;0;0;0;0;0;0;0;0;0.0004;0.088;0;-0.0884;0;0;0;0;0;0;0;0;0;0;0;0;0;0;0;0;0;0;0;-18;0;0;0;0;0.0004;0;0;0;0;0;0;0;-0.0004;-0.0884;0;0;0;0;0;0;0;0;0;-0.7063;0;0.7063;1;1;0;0;0;0
25/11/21 23:00;0;0;90;0;0;90;0;0;0;0;18;2.2399;0;0;0;0;0;0;0;0;0;0;0;0;0;1;1;1;1;0;0;0;0;0;0;0;0;0;0;0;0;0;0;0;0;0;0;0;0;0;0;0;0;0;0;0;0;0;0;0;0;0;0;0;1;1;1;1;1;1;1;1;1;1;1;1;1;1;1;1;1;1;1;0;0;0;0;0;0;0;0;0;0.0004;0.088;0;-0.0884;0;0;0;0;0;0;0;0;0;0;0;0;0;0;0;0;0;0;0;-18;0;0;0;0;0.0004;0;0;0;0;0;0;0;-0.0004;-0.0884;0;0;0;0;0;0;0;0;0;-0.7063;0;0.7063;1;1;0;0;0;0
26/11/21 00:00;0;0;90;0;0;90;0;0;0;0;18.1;2.13;0;0;0;0;0;0;0;0;0;0;0;0;0;1;1;1;1;0;0;0;0;0;0;0;0;0;0;0;0;0;0;0;0;0;0;0;0;0;0;0;0;0;0;0;0;0;0;0;0;0;0;0;1;1;1;1;1;1;1;1;1;1;1;1;1;1;1;1;1;1;1;0;0;0;0;0;0;0;0;0;0.0004;0.088;0;-0.0884;0;0;0;0;0;0;0;0;0;0;0;0;0;0;0;0;0;0;0;-18.1;0;0;0;0;0.0004;0;0;0;0;0;0;0;-0.0004;-0.0884;0;0;0;0;0;0;0;0;0;-0.7063;0;0.7063;1;1;0;0;0;0
26/11/21 01:00;0;0;90;0;0;90;0;0;0;0;18.2;1.9901;0;0;0;0;0;0;0;0;0;0;0;0;0;1;1;1;1;0;0;0;0;0;0;0;0;0;0;0;0;0;0;0;0;0;0;0;0;0;0;0;0;0;0;0;0;0;0;0;0;0;0;0;1;1;1;1;1;1;1;1;1;1;1;1;1;1;1;1;1;1;1;0;0;0;0;0;0;0;0;0;0.0004;0.088;0;-0.0884;0;0;0;0;0;0;0;0;0;0;0;0;0;0;0;0;0;0;0;-18.2;0;0;0;0;0.0004;0;0;0;0;0;0;0;-0.0004;-0.0884;0;0;0;0;0;0;0;0;0;-0.7063;0;0.7063;1;1;0;0;0;0
26/11/21 02:00;0;0;90;0;0;90;0;0;0;0;18.2;2.21;0;0;0;0;0;0;0;0;0;0;0;0;0;1;1;1;1;0;0;0;0;0;0;0;0;0;0;0;0;0;0;0;0;0;0;0;0;0;0;0;0;0;0;0;0;0;0;0;0;0;0;0;1;1;1;1;1;1;1;1;1;1;1;1;1;1;1;1;1;1;1;0;0;0;0;0;0;0;0;0;0.0004;0.088;0;-0.0884;0;0;0;0;0;0;0;0;0;0;0;0;0;0;0;0;0;0;0;-18.2;0;0;0;0;0.0004;0;0;0;0;0;0;0;-0.0004;-0.0884;0;0;0;0;0;0;0;0;0;-0.7063;0;0.7063;1;1;0;0;0;0
26/11/21 03:00;0;0;90;0;0;90;0;0;0;0;18;3.0101;0;0;0;0;0;0;0;0;0;0;0;0;0;1;1;1;1;0;0;0;0;0;0;0;0;0;0;0;0;0;0;0;0;0;0;0;0;0;0;0;0;0;0;0;0;0;0;0;0;0;0;0;1;1;1;1;1;1;1;1;1;1;1;1;1;1;1;1;1;1;1;0;0;0;0;0;0;0;0;0;0.0004;0.088;0;-0.0884;0;0;0;0;0;0;0;0;0;0;0;0;0;0;0;0;0;0;0;-18;0;0;0;0;0.0004;0;0;0;0;0;0;0;-0.0004;-0.0884;0;0;0;0;0;0;0;0;0;-0.7063;0;0.7063;1;1;0;0;0;0
26/11/21 04:00;1.5792;-114.8;86.168;1.7396;2.4826;-90;-2.4826;0;0;0;17.57;4.02;0;0;0;0;0;0;0;0;0;0;0;0;0;1;1;1;1;0;0;0;0;0;0;0;0;0;0;0;0;0;0;0;0;0;0;0;0;0;0;0;0;0;0;0;0;0;0;0;0;0;0;0;1;1;1;1;1;1;1;1;1;1;1;1;1;1;1;1;1;1;1;0;0;0;0;0;0;0;0;0;0.0004;0.088;0;-0.0884;0;0;0;0;0;0;0;0;0;0;0;0;0;0;0;0;0;0;0;-17.57;0;0;0;0;0.0004;0;0;0;0;0;0;0;-0.0004;-0.0884;0;0;0;0;0;0;0;0;0;-0.7063;0;0.7063;1;1;0;0;0;0
26/11/21 05:00;8.9643;-109.46;67.796;9.498;14.093;-90;-14.093;13.401;13.297;0.1037;15.89;4.5201;0;0.2515;13.091;0.0153;0;0.0343;13.392;0;13.392;0.2515;0.0153;13.091;0.0343;0.0188;0.9801;0;0.0026;13.195;0.1973;0;0;0.1687;0.0286;12.663;0.5179;0.0213;0.0013;0.494;0.0013;13.181;0.0132;0.0003;0;0.0129;0;12.67;0.2299;0.014;12.415;0.0044;7.9418;6.6314;2.0124;0.0136;0.0777;1.1172;0.0071;1.1813;0;1;0;0;0.9993;0.9853;1;1;0.9871;0.1662;0.9607;0.9152;1;0.9617;0.7756;0.999;0.999;1;0.999;0.999;0.9456;0.9484;0.1288;0.0402;0.0405;0.0002;0.007;-0.0012;0.0002;0.0009;0.0002;0;0;0.088;0;-0.0582;0;0;0;0;0;0;0;0;0;0;0;0;0.0007;0;0.0325;0.0325;0;16.42;16.42;0.5303;0.0419;32.965;984.92;1;0.0027;0.0027;0;0;0;0;0;0;0.0298;-0.0582;0;15.38;17.81;-27.586;-31.944;91.672;91.672;0.3214;0.2595;-0.4654;0.0619;0.7249;0.1926;2.2554;0;7.9412;0;0
26/11/21 06:00;20.774;-101.68;30.659;21.175;39.994;-90;-39.994;72.102;71.003;1.0991;15.3;3.96;0;2.6657;62.561;0.3801;0;1.4334;67.041;0;67.041;2.6657;0.3801;62.561;1.4334;0.0398;0.9546;0;0.0214;61.36;5.6804;0;0;4.3653;1.3151;59.402;1.8967;0.0038;0.0005;1.8817;0.0107;61.299;0.0614;0.0027;0.0004;0.0582;0.0001;59.891;2.6592;0.3791;56.256;0.1075;44.569;37.215;12.365;2.5471;0.5269;7.5788;0.4893;5.5586;0;1;0;0;0.9298;0.9153;1;1;0.9302;0.0826;0.9691;0.9986;1;0.9676;0.9094;0.999;0.999;1;0.999;0.999;0.8861;0.8992;0.075;0.2013;0.1964;0.0012;0.015;-0.0052;0.0013;0.0046;0.0014;0;0;0.088;0;0.08;0;0;0;0;0;0;0;0;0;0;0;0;0.0037;0.0002;0.1742;0.1742;0;17.734;17.734;2.4338;0.041;166.16;1048.2;1;0.0062;0.0062;0;0;0;0;0;0;0.168;0.08;0;16.481;19.085;7.572;8.7683;96.466;96.466;1.609;1.392;0.6395;0.2169;0.7525;0.1348;0.4677;0.3975;44.563;0.3665;0
26/11/21 07:00;32.919;-93.852;3.2326;32.978;57.022;-90;-57.022;47.606;47.302;0.3037;15.26;4.4601;0;0.5579;36.51;0.0346;0;1.8439;38.947;0;38.947;0.5579;0.0346;36.51;1.8439;0.0143;0.9848;0;0.0473;32.951;5.9957;0;0;4.2681;1.7276;31.799;1.1186;0.0001;0;1.1128;0.0058;32.918;0.033;0.0006;0;0.0322;0.0001;32.55;0.5573;0.0345;31.097;0.1104;30.798;25.716;9.2063;5.0919;0.5376;7.7331;0.7501;3.1788;0;1;0;0;0.8181;0.8461;1;1;0.8831;0.0631;0.966;0.9999;1;0.9655;0.95;0.999;0.999;1;0.999;0.999;0.8165;0.8517;0.0598;0.117;0.1143;0.0007;0.012;-0.0036;0.0007;0.0026;0.0014;0;0;0.088;0;0.0057;0;0;0;0;0;0;0;0;0;0;0;0;0.0021;0.0001;0.0983;0.0983;0;16.572;16.572;1.3119;0.0413;95.681;1027;1;0.0045;0.0045;0;0;0;0;0;0;0.0937;0.0057;0;16.005;18.534;0.9355;1.0832;95.401;95.401;0.9347;0.7853;0.0459;0.1494;0.7394;0.1598;0.7911;0.0491;30.718;0.0428;0
26/11/21 08:00;45.175;-85.096;3.4553;45.28;44.72;-90;-44.72;153.5;151.3;2.2044;15.28;4.7601;0;3.1024;129.12;0.4713;0;3.7766;136.47;0;136.47;3.1024;0.4713;129.12;3.7766;0.0227;0.9738;0;0.0277;122.35;14.111;0;0;10.609;3.502;118.36;3.8738;0.0004;0.0001;3.8565;0.0168;122.23;0.1224;0.0031;0.0005;0.1185;0.0003;119.72;3.099;0.4708;114.53;0.2575;96.922;80.93;27.539;7.7178;1.2451;17.91;1.3641;11.437;0;1;0;0;0.889;0.8966;1;1;0.9178;0.0727;0.9683;0.9999;1;0.9674;0.9387;0.999;0.999;1;0.999;0.999;0.8673;0.887;0.0682;0.4098;0.3983;0.0024;0.0179;-0.0071;0.0027;0.0096;0.0035;0;0;0.088;0;0.2652;0;0;0;0;0;0;0;0;0;0;0;0;0.0077;0.0005;0.3611;0.3611;0;20.104;20.104;4.8237;0.0408;338.89;1065.7;1;0.0079;0.0079;0;0;0;0;0;0;0.3532;0.2652;0;16.788;19.44;12.328;14.276;97.802;97.802;3.2752;2.8863;2.1195;0.3889;0.7667;0.1187;0.2341;0.6472;95.849;0.5893;0
26/11/21 09:00;57.225;-73.602;8.7905;58.298;31.702;-90;-31.702;93.493;92.801;0.6912;15.8;5.0901;0;0.8124;85.828;0.0639;0;1.1857;87.89;0;87.89;0.8124;0.0639;85.828;1.1857;0.0092;0.99;0;0.0135;82.677;5.2124;0;0;4.1644;1.048;79.926;2.6685;0.0002;0;2.6455;0.0227;82.595;0.0827;0.0008;0.0001;0.0817;0.0001;80.293;0.8113;0.0638;78.936;0.1148;57.637;48.127;15.479;1.573;0.6027;8.67;0.3664;7.6997;0;1;0;0;0.9401;0.9407;1;1;0.9515;0.1161;0.9677;0.9997;1;0.9676;0.8347;0.999;0.999;1;0.999;0.999;0.9094;0.9197;0.0968;0.2639;0.2601;0.0016;0.0165;-0.0057;0.0017;0.0061;0.0017;0;0;0.088;0;0.1383;0;0;0;0;0;0;0;0;0;0;0;0;0.005;0.0003;0.233;0.233;0;19.068;19.068;3.2677;0.0409;220.88;1054.7;1;0.0066;0.0066;0;0;0;0;0;0;0.2263;0.1383;0;16.815;19.471;9.9835;11.561;97.149;97.149;2.1094;1.8618;1.1055;0.2475;0.7564;0.1173;0.3586;0.5241;57.251;0.488;0
26/11/21 10:00;68.297;-54.458;12.413;72.056;17.944;-90;-17.944;113.4;112.5;0.9008;15.4;5.8101;0;0.9468;109.69;0.0817;0;0.4689;111.18;0;111.18;0.9468;0.0817;109.69;0.4689;0.0085;0.9907;0;0.0042;108.67;2.515;0;0;2.1231;0.392;104.7;3.8625;0.0004;0;3.845;0.0171;108.56;0.1087;0.0009;0.0001;0.1076;0.0001;104.81;0.9455;0.0815;103.61;0.0597;68.079;56.846;17.462;0.2675;0.6619;9.5218;0.1091;9.9162;0;1;0;0;0.9805;0.9774;1;1;0.9806;0.164;0.9644;0.9996;1;0.9642;0.7776;0.999;0.999;1;0.999;0.999;0.9417;0.9446;0.1274;0.3339;0.3357;0.002;0.0175;-0.0065;0.0023;0.008;0.0018;0;0;0.088;0;0.2085;0;0;0;0;0;0;0;0;0;0;0;0;0.0065;0.0004;0.3038;0.3038;0;19.67;19.67;4.2705;0.0408;285.82;1062.8;1;0.0073;0.0073;0;0;0;0;0;0;0.2965;0.2085;0;17.332;20.07;11.895;13.774;97.596;97.596;2.6684;2.4278;1.6661;0.2406;0.7617;0.0902;0.2854;0.6244;67.523;0.5868;0
26/11/21 11:00;75.508;-14.335;14.031;86.339;3.6614;-90;-3.6614;118.2;117.3;0.9034;15.24;5.8101;0;0.9052;117.1;0.0781;0;0.0205;118.11;0;118.11;0.9052;0.0781;117.1;0.0205;0.0077;0.9917;0;0.0002;117.92;0.1876;0;0;0.1704;0.0172;112.63;5.1688;0.0004;0;5.1676;0.0007;117.8;0.1179;0.0009;0.0001;0.1169;0;112.63;0.9039;0.078;111.65;0.0026;70.018;58.465;17.644;-0.0005;0.6833;9.8297;-0.0005;10.514;0;1;0;0;0.9992;0.9984;1;1;0.9985;0.1633;0.9561;0.9995;1;0.9558;0.7772;0.999;0.999;1;0.999;0.999;0.9536;0.9534;0.1268;0.3547;0.36;0.0022;0.0177;-0.0068;0.0024;0.0086;0.0019;0;0;0.088;0;0.231;0;0;0;0;0;0;0;0;0;0;0;0;0.0069;0.0005;0.3265;0.3265;0;19.831;19.831;4.5915;0.0408;306.61;1065;1;0.0076;0.0076;0;0;0;0;0;0;0.319;0.231;0;17.538;20.309;12.406;14.365;97.683;97.683;2.8346;2.6097;1.8459;0.2249;0.7638;0.0793;0.2694;0.6512;69.44;0.613;0
26/11/21 12:00;72.813;37.823;13.498;79.26;10.74;90;10.74;109.8;109;0.8053;15.1;5.7499;0;0.8196;107.98;0.0666;0;0.1635;109.03;0;109.03;0.8196;0.0666;107.98;0.1635;0.0075;0.9919;0;0.0015;108.01;1.02;0;0;0.8835;0.1365;103.57;4.3299;0.0004;0;4.3234;0.0061;107.9;0.108;0.0008;0.0001;0.1071;0;103.6;0.8184;0.0665;102.67;0.0209;65.355;54.571;16.556;0.0412;0.6349;9.1329;0.0285;9.7266;0;1;0;0;0.9929;0.9906;1;1;0.9918;0.1651;0.9599;0.9995;1;0.9596;0.7747;0.999;0.999;1;0.999;0.999;0.9499;0.9508;0.1278;0.3274;0.3313;0.002;0.0174;-0.0068;0.0022;0.0079;0.0018;0;0;0.088;0;0.2047;0;0;0;0;0;0;0;0;0;0;0;0;0.0064;0.0004;0.3;0.3;0;19.324;19.324;4.2238;0.0408;282.01;1063.8;1;0.0073;0.0073;0;0;0;0;0;0;0.2927;0.2047;0;17.456;20.214;11.913;13.795;97.576;97.576;2.6167;2.3978;1.6363;0.2189;0.7614;0.0837;0.291;0.6253;64.848;0.5884;0
26/11/21 13:00;63.059;65.419;10.864;65.195;24.805;90;24.805;83.999;83.502;0.4967;14.63;5.5899;0;0.5472;79.618;0.0365;0;0.6587;80.861;0;80.861;0.5472;0.0365;79.618;0.6587;0.0068;0.9928;0;0.0081;77.68;3.1807;0;0;2.6158;0.5649;75.019;2.5837;0.0002;0;2.5643;0.0192;77.603;0.0777;0.0005;0;0.077;0.0001;75.2;0.5465;0.0365;74.361;0.0745;51.053;42.629;13.345;0.6195;0.5073;7.2978;0.1814;7.1856;0;1;0;0;0.9626;0.9607;1;1;0.9671;0.1425;0.9667;0.9996;1;0.9667;0.7951;0.999;0.999;1;0.999;0.999;0.9278;0.934;0.1132;0.2428;0.2419;0.0015;0.0161;-0.0065;0.0016;0.0057;0.0014;0;0;0.088;0;0.1226;0;0;0;0;0;0;0;0;0;0;0;0;0.0046;0.0003;0.2172;0.2172;0;17.696;17.696;3.0655;0.0409;205.29;1057.9;1;0.0066;0.0066;0;0;0;0;0;0;0.2106;0.1226;0;17.038;19.729;9.6193;11.139;96.978;96.978;1.9407;1.7357;0.9799;0.205;0.7557;0.1056;0.3894;0.505;50.763;0.473;0
26/11/21 14:00;51.345;79.793;6.3549;51.79;38.21;90;38.21;72.708;72.3;0.4078;14.1;5.4101;0;0.5189;64.531;0.0342;0;1.3241;66.408;0;66.408;0.5189;0.0342;64.531;1.3241;0.0078;0.9917;0;0.0199;60.995;5.4127;0;0;4.2038;1.2089;58.975;1.9592;0.0001;0;1.9463;0.0128;60.934;0.061;0.0005;0;0.0603;0.0001;59.423;0.5183;0.0342;58.32;0.1023;45.485;37.98;12.545;2.2467;0.5196;7.4736;0.4474;5.7464;0;1;0;0;0.9134;0.9185;1;1;0.9349;0.087;0.9678;0.9998;1;0.9677;0.8889;0.999;0.999;1;0.999;0.999;0.8881;0.9038;0.0773;0.1994;0.1947;0.0012;0.015;-0.0061;0.0013;0.0046;0.0014;0;0;0.088;0;0.0793;0;0;0;0;0;0;0;0;0;0;0;0;0.0037;0.0002;0.1735;0.1735;0;16.514;16.514;2.414;0.0409;164.73;1053.1;1;0.0062;0.0062;0;0;0;0;0;0;0.1673;0.0793;0;16.572;19.19;7.5732;8.7696;96.425;96.425;1.5938;1.3865;0.6336;0.2073;0.7529;0.1301;0.4724;0.3975;45.278;0.3667;0
26/11/21 15:00;39.14;89.604;0.3071;39.141;50.859;90;50.859;35.006;34.903;0.103;13.7;5.37;0;0.1632;28.464;0.0064;0;1.0973;29.731;0;29.731;0.1632;0.0064;28.464;1.0973;0.0055;0.9943;0;0.0369;25.878;3.8532;0;0;2.8249;1.0283;24.996;0.8557;0;0;0.8528;0.0028;25.852;0.0259;0.0002;0;0.0256;0.0001;25.423;0.1631;0.0064;24.761;0.066;22.454;18.749;6.5234;2.6564;0.3356;4.827;0.4267;2.5062;0;1;0;0;0.8493;0.8704;1;1;0.9008;0.0628;0.9669;1;1;0.9667;0.9587;0.999;0.999;1;0.999;0.999;0.8407;0.8699;0.0602;0.0893;0.0867;0.0005;0.0105;-0.0033;0.0006;0.002;0.0009;0;0;0.088;0;-0.0179;0;0;0;0;0;0;0;0;0;0;0;0;0.0016;0.0001;0.074;0.074;0;14.733;14.733;1.0332;0.0413;72.233;1024.2;1;0.0039;0.0039;0;0;0;0;0;0;0.0701;-0.0179;0;15.784;18.278;-3.8175;-4.4205;94.77;94.77;0.7135;0.5912;-0.143;0.1223;0.7342;0.1714;1.029;0;22.416;0;0
26/11/21 16:00;26.909;97.755;7.484;27.122;60;90;60;49.305;48.998;0.3072;13.4;5.1899;0;0.673;36.731;0.0519;0;2.0955;39.551;0;39.551;0.673;0.0519;36.731;2.0955;0.017;0.9817;0;0.053;32.953;6.5978;0;0;4.6322;1.9656;31.777;1.143;0.0002;0;1.134;0.0088;32.92;0.033;0.0007;0.0001;0.0321;0.0001;32.646;0.6722;0.0518;30.932;0.121;32.01;26.728;9.7063;6.1412;0.605;8.7026;0.869;3.1664;0;1;0;0;0.8022;0.8332;1;1;0.8739;0.062;0.9653;0.9997;1;0.9646;0.9319;0.999;0.999;1;0.999;0.999;0.8035;0.8421;0.0577;0.1188;0.1167;0.0007;0.0121;-0.0044;0.0008;0.0027;0.0016;0;0;0.088;0;0.0083;0;0;0;0;0;0;0;0;0;0;0;0;0.0022;0.0001;0.101;0.101;0;14.709;14.709;1.309;0.0412;97.56;1035.1;1;0.0046;0.0046;0;0;0;0;0;0;0.0963;0.0083;0;16.197;18.756;1.3372;1.5484;95.396;95.396;0.9492;0.8071;0.0666;0.1421;0.7405;0.1497;0.7801;0.0702;31.977;0.0603;0
26/11/21 17:00;14.902;105.47;51.414;15.436;24.768;90;24.768;29.009;28.803;0.2057;13.6;4.66;0;0.499;27.463;0.0398;0;0.2268;28.228;0;28.228;0.499;0.0398;27.463;0.2268;0.0177;0.9809;0;0.008;27.134;1.0946;0;0;0.9001;0.1945;26.207;0.8991;0.0072;0.0006;0.8848;0.0066;27.107;0.0271;0.0005;0;0.0266;0;26.27;0.4913;0.0392;25.651;0.0257;17.507;14.618;4.5617;0.2126;0.1749;2.5162;0.0623;2.4786;0;1;0;0;0.9731;0.9612;1;1;0.9672;0.1426;0.9668;0.9856;1;0.9667;0.7949;0.999;0.999;1;0.999;0.999;0.9284;0.934;0.1133;0.0848;0.0844;0.0005;0.0103;-0.0032;0.0005;0.0019;0.0005;0;0;0.088;0;-0.0196;0;0;0;0;0;0;0;0;0;0;0;0;0.0015;0.0001;0.0723;0.0723;0;14.682;14.682;1.0825;0.0413;70.445;1026;1;0.0038;0.0038;0;0;0;0;0;0;0.0684;-0.0196;0;16.243;18.809;-4.395;-5.0893;94.695;94.695;0.6775;0.5776;-0.1563;0.0998;0.7339;0.1474;1.0833;0;17.506;0;0
26/11/21 18:00;4.4704;112.65;79.103;4.8423;6.9712;90;6.9712;4.2976;4.1972;0.1004;13.78;3.9701;0;0.2435;4.1778;0.0093;0;0.0027;4.4334;4.4334;0;0.2435;0;0;0;1;1;1;1;0;0;0;0;0;0;0;0;0;0;0;0;0;0;0;0;0;0;0;0;0;0;0;0;0;0;0;0;0;0;0;0;0;0;0;0;1;1;1;1;1;1;1;1;1;1;1;0;1;0;0;1;0;0;0;0;0;0;0;0;0;0;0;0.0004;0.088;0;-0.0884;0;0;0;0;0;0;0;0;0;0;0;0;0;0;0;0;0;0;0;-13.78;0;0;0;0;0.0004;0;0;0;0;0;0;0;-0.0004;-0.0884;0;0;0;0;0;0;0;0;0;-0.7063;0;0.7063;1;1;0;0;0;0
26/11/21 19:00;0;0;90;0;0;90;0;0;0;0;13.4;3.32;0;0;0;0;0;0;0;0;0;0;0;0;0;1;1;1;1;0;0;0;0;0;0;0;0;0;0;0;0;0;0;0;0;0;0;0;0;0;0;0;0;0;0;0;0;0;0;0;0;0;0;0;1;1;1;1;1;1;1;1;1;1;1;1;1;1;1;1;1;1;1;0;0;0;0;0;0;0;0;0;0.0004;0.088;0;-0.0884;0;0;0;0;0;0;0;0;0;0;0;0;0;0;0;0;0;0;0;-13.4;0;0;0;0;0.0004;0;0;0;0;0;0;0;-0.0004;-0.0884;0;0;0;0;0;0;0;0;0;-0.7063;0;0.7063;1;1;0;0;0;0
26/11/21 20:00;0;0;90;0;0;90;0;0;0;0;13.4;2.9;0;0;0;0;0;0;0;0;0;0;0;0;0;1;1;1;1;0;0;0;0;0;0;0;0;0;0;0;0;0;0;0;0;0;0;0;0;0;0;0;0;0;0;0;0;0;0;0;0;0;0;0;1;1;1;1;1;1;1;1;1;1;1;1;1;1;1;1;1;1;1;0;0;0;0;0;0;0;0;0;0.0004;0.088;0;-0.0884;0;0;0;0;0;0;0;0;0;0;0;0;0;0;0;0;0;0;0;-13.4;0;0;0;0;0.0004;0;0;0;0;0;0;0;-0.0004;-0.0884;0;0;0;0;0;0;0;0;0;-0.7063;0;0.7063;1;1;0;0;0;0
26/11/21 21:00;0;0;90;0;0;90;0;0;0;0;13.5;2.67;0;0;0;0;0;0;0;0;0;0;0;0;0;1;1;1;1;0;0;0;0;0;0;0;0;0;0;0;0;0;0;0;0;0;0;0;0;0;0;0;0;0;0;0;0;0;0;0;0;0;0;0;1;1;1;1;1;1;1;1;1;1;1;1;1;1;1;1;1;1;1;0;0;0;0;0;0;0;0;0;0.0004;0.088;0;-0.0884;0;0;0;0;0;0;0;0;0;0;0;0;0;0;0;0;0;0;0;-13.5;0;0;0;0;0.0004;0;0;0;0;0;0;0;-0.0004;-0.0884;0;0;0;0;0;0;0;0;0;-0.7063;0;0.7063;1;1;0;0;0;0
26/11/21 22:00;0;0;90;0;0;90;0;0;0;0;13.2;2.7801;0;0;0;0;0;0;0;0;0;0;0;0;0;1;1;1;1;0;0;0;0;0;0;0;0;0;0;0;0;0;0;0;0;0;0;0;0;0;0;0;0;0;0;0;0;0;0;0;0;0;0;0;1;1;1;1;1;1;1;1;1;1;1;1;1;1;1;1;1;1;1;0;0;0;0;0;0;0;0;0;0.0004;0.088;0;-0.0884;0;0;0;0;0;0;0;0;0;0;0;0;0;0;0;0;0;0;0;-13.2;0;0;0;0;0.0004;0;0;0;0;0;0;0;-0.0004;-0.0884;0;0;0;0;0;0;0;0;0;-0.7063;0;0.7063;1;1;0;0;0;0
26/11/21 23:00;0;0;90;0;0;90;0;0;0;0;13.2;3.07;0;0;0;0;0;0;0;0;0;0;0;0;0;1;1;1;1;0;0;0;0;0;0;0;0;0;0;0;0;0;0;0;0;0;0;0;0;0;0;0;0;0;0;0;0;0;0;0;0;0;0;0;1;1;1;1;1;1;1;1;1;1;1;1;1;1;1;1;1;1;1;0;0;0;0;0;0;0;0;0;0.0004;0.088;0;-0.0884;0;0;0;0;0;0;0;0;0;0;0;0;0;0;0;0;0;0;0;-13.2;0;0;0;0;0.0004;0;0;0;0;0;0;0;-0.0004;-0.0884;0;0;0;0;0;0;0;0;0;-0.7063;0;0.7063;1;1;0;0;0;0
27/11/21 00:00;0;0;90;0;0;90;0;0;0;0;13.1;3.38;0;0;0;0;0;0;0;0;0;0;0;0;0;1;1;1;1;0;0;0;0;0;0;0;0;0;0;0;0;0;0;0;0;0;0;0;0;0;0;0;0;0;0;0;0;0;0;0;0;0;0;0;1;1;1;1;1;1;1;1;1;1;1;1;1;1;1;1;1;1;1;0;0;0;0;0;0;0;0;0;0.0004;0.088;0;-0.0884;0;0;0;0;0;0;0;0;0;0;0;0;0;0;0;0;0;0;0;-13.1;0;0;0;0;0.0004;0;0;0;0;0;0;0;-0.0004;-0.0884;0;0;0;0;0;0;0;0;0;-0.7063;0;0.7063;1;1;0;0;0;0
27/11/21 01:00;0;0;90;0;0;90;0;0;0;0;12.5;3.5701;0;0;0;0;0;0;0;0;0;0;0;0;0;1;1;1;1;0;0;0;0;0;0;0;0;0;0;0;0;0;0;0;0;0;0;0;0;0;0;0;0;0;0;0;0;0;0;0;0;0;0;0;1;1;1;1;1;1;1;1;1;1;1;1;1;1;1;1;1;1;1;0;0;0;0;0;0;0;0;0;0.0004;0.088;0;-0.0884;0;0;0;0;0;0;0;0;0;0;0;0;0;0;0;0;0;0;0;-12.5;0;0;0;0;0.0004;0;0;0;0;0;0;0;-0.0004;-0.0884;0;0;0;0;0;0;0;0;0;-0.7063;0;0.7063;1;1;0;0;0;0
27/11/21 02:00;0;0;90;0;0;90;0;0;0;0;12.34;3.5001;0;0;0;0;0;0;0;0;0;0;0;0;0;1;1;1;1;0;0;0;0;0;0;0;0;0;0;0;0;0;0;0;0;0;0;0;0;0;0;0;0;0;0;0;0;0;0;0;0;0;0;0;1;1;1;1;1;1;1;1;1;1;1;1;1;1;1;1;1;1;1;0;0;0;0;0;0;0;0;0;0.0004;0.088;0;-0.0884;0;0;0;0;0;0;0;0;0;0;0;0;0;0;0;0;0;0;0;-12.34;0;0;0;0;0.0004;0;0;0;0;0;0;0;-0.0004;-0.0884;0;0;0;0;0;0;0;0;0;-0.7063;0;0.7063;1;1;0;0;0;0
27/11/21 03:00;0;0;90;0;0;90;0;0;0;0;12.18;3.1801;0;0;0;0;0;0;0;0;0;0;0;0;0;1;1;1;1;0;0;0;0;0;0;0;0;0;0;0;0;0;0;0;0;0;0;0;0;0;0;0;0;0;0;0;0;0;0;0;0;0;0;0;1;1;1;1;1;1;1;1;1;1;1;1;1;1;1;1;1;1;1;0;0;0;0;0;0;0;0;0;0.0004;0.088;0;-0.0884;0;0;0;0;0;0;0;0;0;0;0;0;0;0;0;0;0;0;0;-12.18;0;0;0;0;0.0004;0;0;0;0;0;0;0;-0.0004;-0.0884;0;0;0;0;0;0;0;0;0;-0.7063;0;0.7063;1;1;0;0;0;0
27/11/21 04:00;1.6304;-115;86.043;1.7987;2.5672;-90;-2.5672;0;0;0;12.26;2.8799;0;0;0;0;0;0;0;0;0;0;0;0;0;1;1;1;1;0;0;0;0;0;0;0;0;0;0;0;0;0;0;0;0;0;0;0;0;0;0;0;0;0;0;0;0;0;0;0;0;0;0;0;1;1;1;1;1;1;1;1;1;1;1;1;1;1;1;1;1;1;1;0;0;0;0;0;0;0;0;0;0.0004;0.088;0;-0.0884;0;0;0;0;0;0;0;0;0;0;0;0;0;0;0;0;0;0;0;-12.26;0;0;0;0;0.0004;0;0;0;0;0;0;0;-0.0004;-0.0884;0;0;0;0;0;0;0;0;0;-0.7063;0;0.7063;1;1;0;0;0;0
27/11/21 05:00;9.0054;-109.66;67.69;9.5528;14.181;-90;-14.181;57.49;51.499;5.991;12.51;3.3301;0;14.53;49.333;3.4037;0;0.1489;67.415;0;67.415;14.53;3.4037;49.333;0.1489;0.2155;0.734;0;0.0022;66.648;0.7666;0;0;0.6424;0.1242;63.216;3.3655;1.2165;0.285;1.8586;0.0055;66.582;0.0666;0.0145;0.0034;0.0487;0;63.243;13.299;3.1153;46.783;0.0192;29.972;25.026;7.6011;0.0522;0.2928;4.2114;0.027;4.4519;0;1;0;0;1.1726;0.9886;1;1;0.987;0.1662;0.9495;0.9162;1;0.9618;0.7756;0.999;0.999;1;0.999;0.999;0.9377;0.9483;0.1288;0.2024;0.1994;0.0012;0.0151;-0.0072;0.0013;0.0047;0.0008;0;0;0.088;0;0.0851;0;0;0;0;0;0;0;0;0;0;0;0;0.0038;0.0002;0.1794;0.1794;0;15.093;15.093;2.5824;0.0409;168.95;1062.1;1;0.0063;0.0063;0;0;0;0;0;0;0.1731;0.0851;0;16.885;19.553;8.0085;9.2736;96.469;96.469;1.618;1.4341;0.6802;0.1838;0.7539;0.1136;0.466;0.4204;29.936;0.4016;0
27/11/21 06:00;20.804;-101.88;30.528;21.219;40.159;-90;-40.159;226.09;142.7;83.396;13.58;4.5201;0;202.26;104.83;57.858;0;4.5305;369.48;0;369.48;202.26;57.858;104.83;4.5305;0.5474;0.296;0;0.0123;357.96;11.518;0;0;7.3594;4.1583;354.07;3.5347;0.2718;0.0777;3.1519;0.0332;357.61;0.358;0.2023;0.0579;0.0975;0.0004;354.9;201.78;57.723;94.224;0.3385;75.302;62.877;20.969;4.3294;0.8868;12.756;0.8289;9.3135;0;1;0;0;1.6342;0.9688;1;1;0.9298;0.0821;0.9901;0.9987;1;0.9676;0.9106;0.999;0.999;1;0.999;0.999;0.9583;0.8988;0.0747;1.1096;1.0958;0.0066;0.0121;0.0116;0.0075;0.0265;0.0025;0;0;0.088;0;0.9003;0;0;0;0;0;0;0;0;0;0;0;0;0.0213;0.003;1.0049;1.0049;0;27.977;27.977;14.398;0.0407;939.14;1070;1;0.0165;0.0165;0;0;0;0;0;0;0.9883;0.9003;0;17.253;19.978;15.458;17.9;98.354;98.354;8.8675;8.0309;7.1954;0.8367;0.8355;0.0944;0.0942;0.8114;74.777;0.791;0
27/11/21 07:00;32.942;-94.085;3.4277;33.009;56.991;-90;-56.991;291.5;240.2;51.293;15.2;5.14;0;94.156;173.07;29.612;0;11.279;308.12;0;308.12;94.156;29.612;173.07;11.279;0.3056;0.5983;0;0.0366;277.33;30.784;0;0;20.216;10.568;271.73;5.3242;0.0111;0.0035;5.2742;0.0354;277.05;0.2773;0.0942;0.0296;0.1529;0.0007;275.68;94.051;29.579;147.42;0.6751;162.2;135.44;47.791;24.092;2.6995;38.831;3.9529;17.439;0;1;0;0;1.057;0.9001;1;1;0.8832;0.0631;0.9808;0.9999;1;0.9655;0.9502;0.999;0.999;1;0.999;0.999;0.8819;0.8518;0.0599;0.9253;0.9122;0.0055;0.0146;0.0041;0.0062;0.022;0.0076;0;0;0.088;0;0.7304;0;0;0;0;0;0;0;0;0;0;0;0;0.0178;0.0021;0.8323;0.8323;0;26.253;26.253;11.053;0.0407;778.11;1069.7;1;0.0139;0.0139;0;0;0;0;0;0;0.8184;0.7304;0;17.136;19.844;15.038;17.414;98.328;98.328;7.3948;6.652;5.8374;0.7428;0.8145;0.1004;0.1102;0.7894;145.56;0.7213;0
27/11/21 08:00;45.198;-85.374;3.2582;45.292;44.708;-90;-44.708;499.11;302.8;196.31;16.6;5.04;0;276.23;207.98;83.928;0;12.273;580.4;0;580.4;276.23;83.928;207.98;12.273;0.4759;0.3795;0;0.0211;551.94;28.463;0;0;17.083;11.381;545.08;6.3073;0.0311;0.0094;6.2121;0.0547;551.39;0.5519;0.2762;0.0839;0.1909;0.0009;548.77;275.92;83.835;184.49;0.837;262.56;219.24;72.074;12.422;2.9859;42.951;3.6924;33.515;0;1;0;0;1.1629;0.951;1;1;0.9179;0.0727;0.9886;0.9999;1;0.9674;0.9386;0.999;0.999;1;0.999;0.999;0.9391;0.8871;0.0682;1.743;1.7434;0.0105;0.0032;0.0853;0.0115;0.0408;0.0081;0;0;0.088;0;1.4315;0;0;0;0;0;0;0;0;0;0;0;0;0.0329;0.007;1.5441;1.5441;0;38.918;38.918;22.318;0.0409;1497.1;1031.4;1;0.0247;0.0247;0;0;0;0;0;0;1.5195;1.4315;0;16.877;19.543;15.645;18.117;98.402;98.402;13.93;12.341;11.44;1.589;0.9005;0.1141;0.0646;0.8213;154.37;0.7782;0
27/11/21 09:00;57.26;-73.961;8.5934;58.287;31.714;-90;-31.714;561.5;382.5;179;17.28;4.64;0;210.42;300.31;68.129;0;7.1264;585.99;0;585.99;210.42;68.129;300.31;7.1264;0.3591;0.5247;0;0.0122;565.11;20.879;0;0;14.58;6.2992;555.07;9.4753;0.0624;0.0202;9.2561;0.1365;564.55;0.5651;0.2104;0.0681;0.2857;0.0008;557.13;210.15;68.04;276.19;0.6898;323.01;269.71;87.278;5.5118;3.1286;45.003;2.0609;42.62;0;1;0;0;1.0436;0.9644;1;1;0.9515;0.1161;0.9832;0.9997;1;0.9676;0.8348;0.999;0.999;1;0.999;0.999;0.9472;0.9197;0.0968;1.7597;1.7729;0.0107;0.0028;0.0937;0.0117;0.0414;0.0085;0;0;0.088;0;1.4508;0;0;0;0;0;0;0;0;0;0;0;0;0.0333;0.0072;1.5638;1.5638;0;40.027;40.027;22.747;0.041;1522.4;1027.2;1;0.025;0.025;0;0;0;0;0;0;1.5388;1.4508;0;16.928;19.603;15.705;18.187;98.403;98.403;14.064;12.498;11.595;1.5662;0.9029;0.1114;0.0642;0.8244;200.34;0.7796;0
27/11/21 10:00;68.371;-54.954;12.22;72.016;17.984;-90;-17.984;558.4;438.3;120.1;18.34;4.12;0;126.27;388.26;42.389;0;2.319;559.23;0;559.23;126.27;42.389;388.26;2.319;0.2258;0.6984;0;0.0041;549.75;9.4817;0;0;7.543;1.9386;535.45;13.755;0.0532;0.0179;13.6;0.0845;549.2;0.5498;0.1263;0.0424;0.3807;0.0004;535.99;126.09;42.328;366.73;0.2955;330.27;275.78;85.614;0.9546;3.1302;45.027;0.5402;47.202;0;1;0;0;1.0015;0.983;1;1;0.9806;0.164;0.975;0.9996;1;0.9642;0.7776;0.999;0.999;1;0.999;0.999;0.9575;0.9446;0.1274;1.6794;1.7093;0.0103;0.0036;0.092;0.0112;0.0398;0.0084;0;0;0.088;0;1.3933;0;0;0;0;0;0;0;0;0;0;0;0;0.0321;0.0067;1.5051;1.5051;0;40.291;40.291;21.951;0.041;1467.7;1025.5;1;0.0238;0.0238;0;0;0;0;0;0;1.4813;1.3933;0;17.073;19.77;15.805;18.301;98.418;98.418;13.422;12.029;11.135;1.3928;0.8936;0.1038;0.0666;0.8296;239.05;0.7825;0
27/11/21 11:00;75.67;-14.79;13.846;86.269;3.731;-90;-3.731;647.4;456.3;191.1;18.7;3.5899;0;191.51;391.8;64.214;0;0.1166;647.64;0;647.64;191.51;64.214;391.8;0.1166;0.2957;0.6052;0;0.0002;646.95;0.6842;0;0;0.5866;0.0976;628.9;17.404;0.0915;0.0307;17.277;0.0042;646.31;0.647;0.1915;0.0642;0.3912;0;628.9;191.22;64.119;373.55;0.0148;382.6;319.47;98.079;-0.0015;3.6258;52.156;0.0005;55.783;0;1;0;0;1.0004;0.9989;1;1;0.9985;0.1633;0.9731;0.9995;1;0.9558;0.7771;0.999;0.999;1;0.999;0.999;0.9711;0.9534;0.1268;1.9449;2.0041;0.0121;0.0004;0.1377;0.013;0.046;0.0096;0;0;0.088;0;1.6232;0;0;0;0;0;0;0;0;0;0;0;0;0.0371;0.0091;1.7392;1.7392;0;44.558;44.558;25.858;0.0411;1720.1;1011.1;1;0.028;0.028;0;0;0;0;0;0;1.7112;1.6232;0;17.036;19.727;15.899;18.411;98.388;98.388;15.543;13.9;12.972;1.6436;0.9274;0.1057;0.0597;0.8346;232.35;0.7871;0
27/11/21 12:00;73.007;37.943;13.325;79.358;10.642;90;10.642;695.8;437.9;257.91;19.37;3.16;0;262.42;350.77;85.552;0;1.0172;699.76;0;699.76;262.42;85.552;350.77;1.0172;0.375;0.5027;0;0.0015;696.09;3.6757;0;0;2.8265;0.8493;681.13;14.266;0.1207;0.0393;14.068;0.0378;695.39;0.6961;0.2624;0.0856;0.3479;0.0002;681.31;262.04;85.427;333.53;0.13;409.82;342.2;106.57;0.1293;3.7935;54.568;0.1842;58.233;0;1;0;0;1.0057;0.9947;1;1;0.9919;0.1651;0.9795;0.9995;1;0.9595;0.7747;0.999;0.999;1;0.999;0.999;0.9734;0.9508;0.1278;2.1014;2.1671;0.013;-0.0008;0.1708;0.0139;0.0493;0.01;0;0;0.088;0;1.7426;0;0;0;0;0;0;0;0;0;0;0;0;0.0397;0.0105;1.8608;1.8608;0;47.436;47.436;28.066;0.0412;1861.3;999.74;1;0.0301;0.0301;0;0;0;0;0;0;1.8306;1.7426;0;16.869;19.534;15.798;18.293;98.38;98.38;16.794;14.871;13.927;1.9229;0.9442;0.1145;0.0562;0.8293;210.61;0.7835;0
27/11/21 13:00;63.229;65.642;10.707;65.317;24.684;90;24.684;547.81;435.5;112.31;20.18;2.83;0;123.6;378.38;42.926;0;4.2546;549.16;0;549.16;123.6;42.926;378.38;4.2546;0.2251;0.6968;0;0.0077;533.18;15.98;0;0;12.334;3.6465;520.27;12.385;0.0457;0.0159;12.199;0.1248;532.65;0.5332;0.1236;0.0429;0.3661;0.0006;521.41;123.43;42.868;353.49;0.4827;324.06;270.59;85.163;2.8937;3.1232;44.927;1.1394;45.156;0;1;0;0;1.0025;0.9709;1;1;0.9674;0.1429;0.9767;0.9996;1;0.9666;0.7946;0.999;0.999;1;0.999;0.999;0.9474;0.9342;0.1135;1.6491;1.6651;0.01;0.0041;0.0971;0.0109;0.0386;0.0084;0;0;0.088;0;1.3477;0;0;0;0;0;0;0;0;0;0;0;0;0.0311;0.0064;1.4586;1.4586;0;41.533;41.533;21.353;0.041;1429.9;1020;1;0.0228;0.0228;0;0;0;0;0;0;1.4357;1.3477;0;16.848;19.51;15.568;18.028;98.435;98.435;13.18;11.657;10.771;1.5232;0.8857;0.1156;0.0672;0.8172;241.08;0.7701;0
27/11/21 14:00;51.502;79.985;6.2146;51.929;38.071;90;38.071;441.09;378.1;62.995;20.28;2.5499;0;80.019;318.51;27.524;0;7.9765;434.03;0;434.03;80.019;27.524;318.51;7.9765;0.1844;0.7522;0;0.0184;406.12;27.91;0;0;20.632;7.2781;396.01;9.7108;0.0172;0.0059;9.6093;0.0785;405.72;0.4061;0.08;0.0275;0.2979;0.0007;398.6;79.921;27.491;287.97;0.6192;263.76;220.24;72.407;10.951;2.9;41.716;2.5898;33.664;0;1;0;0;0.984;0.9357;1;1;0.9352;0.0876;0.9761;0.9998;1;0.9677;0.8875;0.999;0.999;1;0.999;0.999;0.9124;0.9041;0.0776;1.3034;1.2885;0.0078;0.0093;0.0525;0.0085;0.0303;0.0079;0;0;0.088;0;1.0377;0;0;0;0;0;0;0;0;0;0;0;0;0.0244;0.004;1.1438;1.1438;0;36.487;36.487;16.208;0.0409;1105;1035.1;1;0.0181;0.0181;0;0;0;0;0;0;1.1257;1.0377;0;16.718;19.359;15.167;17.562;98.415;98.415;10.417;9.1414;8.2933;1.2753;0.8482;0.1224;0.0814;0.7961;223.22;0.7427;0
27/11/21 15:00;39.294;89.764;0.1824;39.294;50.706;90;50.706;248.79;240.8;7.9921;20.4;2.2201;0;12.62;194.88;3.4165;0;7.7548;218.67;0;218.67;12.62;3.4165;194.88;7.7548;0.0577;0.9267;0;0.0355;192.15;26.523;0;0;19.256;7.2666;186.1;5.8578;0.0001;0;5.8375;0.0202;191.96;0.1922;0.0126;0.0034;0.1756;0.0005;189.06;12.607;3.4131;169.61;0.4674;156.81;130.94;45.39;17.997;2.3185;33.35;2.9598;17.671;0;1;0;0;0.8789;0.8787;1;1;0.9012;0.063;0.9695;1;1;0.9667;0.9585;0.999;0.999;1;0.999;0.999;0.851;0.8703;0.0603;0.6567;0.6397;0.0039;0.0174;0.0069;0.0043;0.0152;0.0064;0;0;0.088;0;0.4743;0;0;0;0;0;0;0;0;0;0;0;0;0.0122;0.0012;0.5723;0.5723;0;28.004;28.004;7.6041;0.0409;545.12;1049.9;1;0.0101;0.0101;0;0;0;0;0;0;0.5623;0.4743;0;16.603;19.226;13.758;15.932;98.243;98.243;5.2482;4.574;3.7904;0.6741;0.7837;0.1284;0.1493;0.7222;153.24;0.6482;0
27/11/21 16:00;27.065;97.892;7.5267;27.286;60;90;60;54.502;54.1;0.4012;19.46;1.9101;0;0.8742;40.55;0.074;0;2.3163;43.814;0;43.814;0.8742;0.074;40.55;2.3163;0.02;0.9784;0;0.0529;36.528;7.2866;0;0;5.1139;2.1727;35.229;1.2619;0.0002;0;1.2519;0.0098;36.491;0.0365;0.0009;0.0001;0.0354;0.0001;36.189;0.8731;0.0739;34.149;0.1337;35.347;29.515;10.719;6.7797;0.6679;9.6074;0.9594;3.4956;0;1;0;0;0.8039;0.8337;1;1;0.8739;0.062;0.9654;0.9997;1;0.9646;0.9319;0.999;0.999;1;0.999;0.999;0.8041;0.8421;0.0577;0.1316;0.1293;0.0008;0.0127;-0.002;0.0008;0.0029;0.0017;0;0;0.088;0;0.0171;0;0;0;0;0;0;0;0;0;0;0;0;0.0024;0.0001;0.1098;0.1098;0;20.917;20.917;1.4568;0.0414;108.4;1012.9;1;0.0047;0.0047;0;0;0;0;0;0;0.1051;0.0171;0;15.898;18.409;2.4745;2.8655;95.709;95.709;1.0515;0.8775;0.1366;0.174;0.7409;0.1655;0.7046;0.1299;35.301;0.1116;0
27/11/21 17:00;15.063;105.59;50.93;15.61;25.13;90;25.13;29.907;29.701;0.2065;18.17;1.5999;0;0.5007;28.279;0.0407;0;0.2406;29.061;0;29.061;0.5007;0.0407;28.279;0.2406;0.0172;0.9814;0;0.0083;27.906;1.1553;0;0;0.9487;0.2066;26.955;0.9228;0.0069;0.0006;0.9084;0.0069;27.878;0.0279;0.0005;0;0.0273;0;27.022;0.4933;0.0401;26.395;0.027;18.066;15.085;4.7135;0.2304;0.1808;2.6012;0.0666;2.5516;0;1;0;0;0.9717;0.9602;1;1;0.9665;0.1412;0.9669;0.9862;1;0.9667;0.7965;0.999;0.999;1;0.999;0.999;0.9275;0.9334;0.1123;0.0873;0.0869;0.0005;0.0105;-0.0018;0.0005;0.0019;0.0005;0;0;0.088;0;-0.0186;0;0;0;0;0;0;0;0;0;0;0;0;0.0016;0.0001;0.0731;0.0731;0;19.287;19.287;1.1173;0.0414;72.607;1007.2;1;0.0038;0.0038;0;0;0;0;0;0;0.0694;-0.0186;0;15.964;18.485;-4.066;-4.7084;94.859;94.859;0.6975;0.5845;-0.1489;0.113;0.7333;0.162;1.0514;0;18.065;0;0
27/11/21 18:00;4.6384;112.75;78.689;5.028;7.2442;90;7.2442;8.6929;8.601;0.0919;17.44;2.33;0;0.2228;8.5598;0.0169;0;0.0059;8.8053;0;8.8053;0.2228;0.0169;8.5598;0.0059;0.0253;0.9728;0;0.0007;8.7639;0.0415;0;0;0.0365;0.0049;8.3269;0.4283;0.0617;0.0047;0.3616;0.0002;8.7551;0.0088;0.0002;0;0.0085;0;8.3276;0.1608;0.0122;8.1531;0.0008;5.1015;4.2598;1.2819;0.0007;0.0501;0.7203;0.0007;0.7697;0;1;0;0;1.0129;0.9953;1;1;0.9957;0.1644;0.9511;0.7227;1;0.9575;0.7755;0.999;0.999;1;0.999;0.999;0.9457;0.9525;0.1274;0.0264;0.0266;0.0002;0.0056;-0.0007;0.0002;0.0005;0.0001;0;0;0.088;0;-0.0702;0;0;0;0;0;0;0;0;0;0;0;0;0.0004;0;0.0202;0.0202;0;17.792;17.792;0.3522;0.0423;21.111;958.5;1;0.0024;0.0024;0;0;0;0;0;0;0.0178;-0.0702;0;14.578;16.881;-50.539;-58.523;88.208;88.208;0.2113;0.1617;-0.5606;0.0496;0.7224;0.2348;3.4182;0;5.101;0;0
27/11/21 19:00;0;0;90;0;0;90;0;0;0;0;16.4;3.6699;0;0;0;0;0;0;0;0;0;0;0;0;0;1;1;1;1;0;0;0;0;0;0;0;0;0;0;0;0;0;0;0;0;0;0;0;0;0;0;0;0;0;0;0;0;0;0;0;0;0;0;0;1;1;1;1;1;1;1;1;1;1;1;1;1;1;1;1;1;1;1;0;0;0;0;0;0;0;0;0;0.0004;0.088;0;-0.0884;0;0;0;0;0;0;0;0;0;0;0;0;0;0;0;0;0;0;0;-16.4;0;0;0;0;0.0004;0;0;0;0;0;0;0;-0.0004;-0.0884;0;0;0;0;0;0;0;0;0;-0.7063;0;0.7063;1;1;0;0;0;0
27/11/21 20:00;0;0;90;0;0;90;0;0;0;0;14.67;4.35;0;0;0;0;0;0;0;0;0;0;0;0;0;1;1;1;1;0;0;0;0;0;0;0;0;0;0;0;0;0;0;0;0;0;0;0;0;0;0;0;0;0;0;0;0;0;0;0;0;0;0;0;1;1;1;1;1;1;1;1;1;1;1;1;1;1;1;1;1;1;1;0;0;0;0;0;0;0;0;0;0.0004;0.088;0;-0.0884;0;0;0;0;0;0;0;0;0;0;0;0;0;0;0;0;0;0;0;-14.67;0;0;0;0;0.0004;0;0;0;0;0;0;0;-0.0004;-0.0884;0;0;0;0;0;0;0;0;0;-0.7063;0;0.7063;1;1;0;0;0;0
27/11/21 21:00;0;0;90;0;0;90;0;0;0;0;13.8;4.56;0;0;0;0;0;0;0;0;0;0;0;0;0;1;1;1;1;0;0;0;0;0;0;0;0;0;0;0;0;0;0;0;0;0;0;0;0;0;0;0;0;0;0;0;0;0;0;0;0;0;0;0;1;1;1;1;1;1;1;1;1;1;1;1;1;1;1;1;1;1;1;0;0;0;0;0;0;0;0;0;0.0004;0.088;0;-0.0884;0;0;0;0;0;0;0;0;0;0;0;0;0;0;0;0;0;0;0;-13.8;0;0;0;0;0.0004;0;0;0;0;0;0;0;-0.0004;-0.0884;0;0;0;0;0;0;0;0;0;-0.7063;0;0.7063;1;1;0;0;0;0
27/11/21 22:00;0;0;90;0;0;90;0;0;0;0;13.03;4.34;0;0;0;0;0;0;0;0;0;0;0;0;0;1;1;1;1;0;0;0;0;0;0;0;0;0;0;0;0;0;0;0;0;0;0;0;0;0;0;0;0;0;0;0;0;0;0;0;0;0;0;0;1;1;1;1;1;1;1;1;1;1;1;1;1;1;1;1;1;1;1;0;0;0;0;0;0;0;0;0;0.0004;0.088;0;-0.0884;0;0;0;0;0;0;0;0;0;0;0;0;0;0;0;0;0;0;0;-13.03;0;0;0;0;0.0004;0;0;0;0;0;0;0;-0.0004;-0.0884;0;0;0;0;0;0;0;0;0;-0.7063;0;0.7063;1;1;0;0;0;0
27/11/21 23:00;0;0;90;0;0;90;0;0;0;0;11.58;4.0501;0;0;0;0;0;0;0;0;0;0;0;0;0;1;1;1;1;0;0;0;0;0;0;0;0;0;0;0;0;0;0;0;0;0;0;0;0;0;0;0;0;0;0;0;0;0;0;0;0;0;0;0;1;1;1;1;1;1;1;1;1;1;1;1;1;1;1;1;1;1;1;0;0;0;0;0;0;0;0;0;0.0004;0.088;0;-0.0884;0;0;0;0;0;0;0;0;0;0;0;0;0;0;0;0;0;0;0;-11.58;0;0;0;0;0.0004;0;0;0;0;0;0;0;-0.0004;-0.0884;0;0;0;0;0;0;0;0;0;-0.7063;0;0.7063;1;1;0;0;0;0
28/11/21 00:00;0;0;90;0;0;90;0;0;0;0;10.77;4.0699;0;0;0;0;0;0;0;0;0;0;0;0;0;1;1;1;1;0;0;0;0;0;0;0;0;0;0;0;0;0;0;0;0;0;0;0;0;0;0;0;0;0;0;0;0;0;0;0;0;0;0;0;1;1;1;1;1;1;1;1;1;1;1;1;1;1;1;1;1;1;1;0;0;0;0;0;0;0;0;0;0.0004;0.088;0;-0.0884;0;0;0;0;0;0;0;0;0;0;0;0;0;0;0;0;0;0;0;-10.77;0;0;0;0;0.0004;0;0;0;0;0;0;0;-0.0004;-0.0884;0;0;0;0;0;0;0;0;0;-0.7063;0;0.7063;1;1;0;0;0;0
28/11/21 01:00;0;0;90;0;0;90;0;0;0;0;9.6098;4.12;0;0;0;0;0;0;0;0;0;0;0;0;0;1;1;1;1;0;0;0;0;0;0;0;0;0;0;0;0;0;0;0;0;0;0;0;0;0;0;0;0;0;0;0;0;0;0;0;0;0;0;0;1;1;1;1;1;1;1;1;1;1;1;1;1;1;1;1;1;1;1;0;0;0;0;0;0;0;0;0;0.0004;0.088;0;-0.0884;0;0;0;0;0;0;0;0;0;0;0;0;0;0;0;0;0;0;0;-9.6098;0;0;0;0;0.0004;0;0;0;0;0;0;0;-0.0004;-0.0884;0;0;0;0;0;0;0;0;0;-0.7063;0;0.7063;1;1;0;0;0;0
28/11/21 02:00;0;0;90;0;0;90;0;0;0;0;9.0501;4.01;0;0;0;0;0;0;0;0;0;0;0;0;0;1;1;1;1;0;0;0;0;0;0;0;0;0;0;0;0;0;0;0;0;0;0;0;0;0;0;0;0;0;0;0;0;0;0;0;0;0;0;0;1;1;1;1;1;1;1;1;1;1;1;1;1;1;1;1;1;1;1;0;0;0;0;0;0;0;0;0;0.0004;0.088;0;-0.0884;0;0;0;0;0;0;0;0;0;0;0;0;0;0;0;0;0;0;0;-9.0501;0;0;0;0;0.0004;0;0;0;0;0;0;0;-0.0004;-0.0884;0;0;0;0;0;0;0;0;0;-0.7063;0;0.7063;1;1;0;0;0;0
28/11/21 03:00;0;0;90;0;0;90;0;0;0;0;8.6599;3.8;0;0;0;0;0;0;0;0;0;0;0;0;0;1;1;1;1;0;0;0;0;0;0;0;0;0;0;0;0;0;0;0;0;0;0;0;0;0;0;0;0;0;0;0;0;0;0;0;0;0;0;0;1;1;1;1;1;1;1;1;1;1;1;1;1;1;1;1;1;1;1;0;0;0;0;0;0;0;0;0;0.0004;0.088;0;-0.0884;0;0;0;0;0;0;0;0;0;0;0;0;0;0;0;0;0;0;0;-8.6599;0;0;0;0;0.0004;0;0;0;0;0;0;0;-0.0004;-0.0884;0;0;0;0;0;0;0;0;0;-0.7063;0;0.7063;1;1;0;0;0;0
28/11/21 04:00;1.6756;-115.18;85.933;1.8515;2.6428;-90;-2.6428;0.0977;0.0977;0;8.6599;3.5999;0;0;0.0976;0;0;0;0.0976;0.0976;0;0;0;0;0;1;1;1;1;0;0;0;0;0;0;0;0;0;0;0;0;0;0;0;0;0;0;0;0;0;0;0;0;0;0;0;0;0;0;0;0;0;0;0;0;1;1;1;1;1;1;1;1;1;1;1;1;1;0;0;1;0;0;0;0;0;0;0;0;0;0;0;0.0004;0.088;0;-0.0884;0;0;0;0;0;0;0;0;0;0;0;0;0;0;0;0;0;0;0;-8.6599;0;0;0;0;0.0004;0;0;0;0;0;0;0;-0.0004;-0.0884;0;0;0;0;0;0;0;0;0;-0.7063;0;0.7063;1;1;0;0;0;0
28/11/21 05:00;9.0406;-109.85;67.598;9.6014;14.26;-90;-14.26;85.796;50.901;34.895;10.08;4.44;0;84.631;42.195;19.513;0;0.2247;146.56;0;146.56;84.631;19.513;42.195;0.2247;0.5774;0.2894;0;0.0015;145.82;0.7419;0;0;0.5546;0.1873;135.45;10.226;7.0136;1.6171;1.5874;0.0084;145.68;0.1458;0.0846;0.0195;0.0416;0;135.47;77.533;17.876;40.011;0.0289;25.822;21.561;6.4375;0.0456;0.2595;3.7326;0.0241;3.9465;0;1;0;0;1.7083;0.9949;1;1;0.9869;0.1662;0.9298;0.917;1;0.9618;0.7756;0.999;0.999;1;0.999;0.999;0.9242;0.9483;0.1288;0.4401;0.4159;0.0025;0.018;-0.0142;0.0029;0.0102;0.0007;0;0;0.088;0;0.2906;0;0;0;0;0;0;0;0;0;0;0;0;0.0082;0.0006;0.387;0.387;0;15.572;15.572;5.4918;0.0405;354.98;1090.3;1;0.0085;0.0085;0;0;0;0;0;0;0.3786;0.2906;0;16.751;19.398;12.577;14.563;97.815;97.815;3.5175;3.0931;2.3222;0.4244;0.7709;0.1207;0.2192;0.6602;25.611;0.6478;0
28/11/21 06:00;20.828;-102.09;30.422;21.258;40.304;-90;-40.304;339.39;57.799;281.6;14.84;5.22;0;682.95;22.224;79.021;0;6.8479;791.04;0;791.04;682.95;79.021;22.224;6.8479;0.8634;0.0368;0;0.0087;783.18;7.8562;0;0;1.5684;6.2877;780.71;1.6939;0.8752;0.1013;0.668;0.0495;782.4;0.7832;0.6829;0.079;0.0207;0.0006;780.89;681.39;78.841;19.967;0.5101;17.411;14.538;5.0274;0.9307;0.1888;2.7161;0.1774;1.9742;0;1;0;0;2.3307;0.9901;1;1;0.9294;0.0818;0.9978;0.9987;1;0.9676;0.9116;0.999;0.999;1;0.999;0.999;0.9869;0.8984;0.0745;2.3755;2.3577;0.0142;-0.0018;0.1817;0.0151;0.0537;0.0005;0;0;0.088;0;1.917;0;0;0;0;0;0;0;0;0;0;0;0;0.0433;0.0124;2.0386;2.0386;0;46.99;46.99;32.149;0.0412;2030.9;1003.8;1;0.0336;0.0336;0;0;0;0;0;0;2.005;1.917;0;16.349;18.931;15.373;17.802;98.351;98.351;18.985;16.293;15.321;2.6922;0.972;0.1418;0.0512;0.807;15.871;0.8049;0
28/11/21 07:00;32.96;-94.314;3.6183;33.034;56.966;-90;-56.966;562.69;92.602;470.09;16.25;4.75;0;862.34;27.542;104.47;0;21.756;1016.1;0;1016.1;862.34;104.47;27.542;21.756;0.8487;0.0485;0;0.0214;992.52;23.599;0;0;3.2151;20.384;990.49;1.0281;0.1077;0.013;0.8392;0.0681;991.52;0.9925;0.8623;0.1045;0.0243;0.0014;994.2;861.37;104.36;23.463;1.3022;153.52;128.19;40.813;3.833;1.6091;23.147;3.7067;20.923;0;1;0;0;1.8058;0.9768;1;1;0.8833;0.0631;0.999;0.9999;1;0.9655;0.9503;0.999;0.999;1;0.999;0.999;0.9748;0.8519;0.0599;3.0514;3.0432;0.0183;0.0003;0.3455;0.0188;0.0665;0.0041;0;0;0.088;0;2.384;0;0;0;0;0;0;0;0;0;0;0;0;0.0536;0.0201;2.5161;2.5161;0;57.392;57.392;41.141;0.0415;2620.5;960.15;1;0.0441;0.0441;0;0;0;0;0;0;2.472;2.384;0;15.708;18.189;14.883;17.234;98.248;98.248;24.387;20.108;19.053;4.2784;1.0557;0.1754;0.0433;0.7813;23.158;0.7682;0
28/11/21 08:00;45.216;-85.645;3.0661;45.298;44.702;-90;-44.702;764.19;126.1;638.09;17.63;3.7401;0;897.73;38.842;113.53;0;18.787;1068.9;0;1068.9;897.73;113.53;38.842;18.787;0.8399;0.0539;0;0.0176;1048.3;20.61;0;0;3.1897;17.42;1045.9;1.351;0.095;0.012;1.1602;0.0838;1047.2;1.0483;0.8977;0.1135;0.0357;0.0014;1050.5;896.74;113.4;34.456;1.2814;332.69;277.8;87.965;2.3229;3.1297;45.019;4.6118;45.826;0;1;0;0;1.3987;0.9807;1;1;0.9179;0.0727;0.9987;0.9999;1;0.9674;0.9386;0.999;0.999;1;0.999;0.999;0.9785;0.8871;0.0682;3.2099;3.2589;0.0196;0.0032;0.4138;0.0198;0.0701;0.0078;0;0;0.088;0;2.5106;0;0;0;0;0;0;0;0;0;0;0;0;0.0564;0.0228;2.6454;2.6454;0;61.213;61.213;43.583;0.0417;2802.4;943.97;1;0.0468;0.0468;0;0;0;0;0;0;2.5986;2.5106;0;15.7;18.18;14.9;17.254;98.231;98.231;25.653;21.142;20.065;4.5116;1.0773;0.1759;0.042;0.7821;28.829;0.7582;0
28/11/21 09:00;57.289;-74.313;8.4018;58.27;31.73;-90;-31.73;925.9;152.8;773.1;19.53;3.0299;0;908.95;48.92;117.49;0;11.763;1087.1;0;1087.1;908.95;117.49;48.92;11.763;0.8361;0.0558;0;0.0108;1074.4;12.775;0;0;2.3769;10.398;1071.2;2.0303;0.2635;0.0341;1.5077;0.2251;1073.3;1.0744;0.909;0.1175;0.0465;0.0014;1074.3;907.78;117.34;44.989;1.1381;484.52;404.57;132.7;0.9021;4.0979;58.947;3.0782;62.142;0;1;0;0;1.1741;0.9882;1;1;0.9514;0.116;0.9981;0.9997;1;0.9676;0.8349;0.999;0.999;1;0.999;0.999;0.9854;0.9196;0.0968;3.2646;3.36;0.0202;0.005;0.4634;0.0201;0.0713;0.0101;2.6409;0;0;0;0;0;0;0;0;0;0;0;0;0;0;0;0;0.0574;0.0242;2.6884;2.6884;0;64.286;64.286;44.756;0.0418;2890.5;930.08;1;0.0474;0.0474;0;0;0;0;0;0;2.6409;0;0;15.687;18.165;0;0;98.235;98.235;26.091;21.485;0;4.6057;21.485;0.1765;0.8235;0;32.638;0;0
28/11/21 10:00;68.438;-55.444;12.032;71.973;18.027;-90;-18.027;1097.1;181;916.1;20.66;2.66;0;963.4;52.768;133.46;0;4.578;1154.2;0;1154.2;963.4;133.46;52.768;4.578;0.8347;0.0497;0;0.004;1149.3;4.8566;0;0;1.0293;3.8273;1145.7;2.4689;0.4;0.0554;1.8468;0.1668;1148.2;1.1493;0.9634;0.1335;0.0517;0.0008;1146.8;962.03;133.27;49.84;0.5831;625.46;522.26;168.1;0.1319;5.4314;78.129;1.046;83.429;0;1;0;0;1.052;0.9958;1;1;0.9805;0.164;0.9978;0.9996;1;0.9643;0.7776;0.999;0.999;1;0.999;0.999;0.9927;0.9445;0.1274;3.4661;3.6187;0.0218;0.0106;0.5556;0.0212;0.0752;0.0131;2.75;0;0;0;0;0;0;0;0;0;0;0;0;0;0;0;0;0.0606;0.0279;2.8326;2.8005;0;68.712;68.712;48.052;0.0419;2971.1;942.58;1;0.0826;0.0505;0;0;0.0321;0;0;0;2.75;0;0;15.392;17.824;0;0;97.082;98.196;27.701;22.382;0;5.3191;22.382;0.192;0.808;0;32.495;0;0
28/11/21 11:00;75.824;-15.259;13.667;86.197;3.8033;-90;-3.8033;1164.2;192.1;972.1;21.57;2.28;0;974.25;54.947;137.4;0;0.2179;1166.8;0;1166.8;974.25;137.4;54.947;0.2179;0.835;0.0473;0;0.0002;1166.5;0.267;0;0;0.0847;0.1823;1162.4;2.9533;0.4594;0.0648;2.4212;0.0079;1165.4;1.1665;0.9742;0.1374;0.0549;0;1162.4;972.81;137.19;52.386;0.0276;685.68;572.54;181.25;-0.0001;6.1423;88.354;0.0088;94.496;0;1;0;0;1.0022;0.9998;1;1;0.9985;0.1634;0.9975;0.9995;1;0.9558;0.7771;0.999;0.999;1;0.999;0.999;0.9962;0.9534;0.1268;3.5039;3.6874;0.0222;0.0123;0.5882;0.0215;0.0761;0.0147;2.75;0;0;0;0;0;0;0;0;0;0;0;0;0;0;0;0;0.0613;0.0289;2.8622;2.8007;0;70.393;70.393;48.822;0.042;2955.8;947.51;1;0.1122;0.0507;0;0;0.0616;0;0;0;2.75;0;0;15.226;17.632;0;0;96.079;98.191;28.003;22.383;0;5.6205;22.383;0.2007;0.7993;0;32.587;0;0
28/11/21 12:00;73.197;38.046;13.159;79.458;10.543;90;10.543;1140.1;188.1;952;22.2;2.02;0;968.35;54.491;135.43;0;1.6359;1159.9;0;1159.9;968.35;135.43;54.491;1.6359;0.8349;0.0484;0;0.0014;1158.1;1.798;0;0;0.4322;1.3658;1154.2;2.751;0.4397;0.0615;2.189;0.0608;1156.9;1.1581;0.9683;0.1354;0.0541;0.0003;1154.5;966.94;135.23;51.816;0.209;664.97;555.25;177.96;0.0197;5.8159;83.659;0.3052;89.455;0;1;0;0;1.0174;0.9984;1;1;0.9921;0.1651;0.9976;0.9995;1;0.9595;0.7747;0.999;0.999;1;0.999;0.999;0.9951;0.9509;0.1278;3.4832;3.6536;0.022;0.0114;0.5869;0.0212;0.0753;0.0139;2.75;0;0;0;0;0;0;0;0;0;0;0;0;0;0;0;0;0.0606;0.0284;2.8338;2.8003;0;70.687;70.687;48.488;0.042;2995.3;934.9;1;0.0838;0.0503;0;0;0.0335;0;0;0;2.75;0;0;15.315;17.734;0;0;97.044;98.205;27.838;22.38;0;5.4579;22.38;0.1961;0.8039;0;32.708;0;0
28/11/21 13:00;63.396;65.852;10.556;65.439;24.561;90;24.561;1112.6;183.6;928.99;22.75;1.9199;0;1021.4;45.658;149.29;0;8.557;1224.9;0;1224.9;1021.4;149.29;45.658;8.557;0.8339;0.0443;0;0.007;1216.1;8.8063;0;0;1.4765;7.3298;1212.7;2.1523;0.3721;0.0544;1.4734;0.2525;1214.9;1.2161;1.0214;0.1493;0.0442;0.0012;1214.8;1020;149.08;42.663;0.9735;613.5;512.27;165.07;0.3451;5.3298;76.667;2.1067;81.651;0;1;0;0;1.101;0.9928;1;1;0.9677;0.1434;0.9982;0.9996;1;0.9666;0.7941;0.999;0.999;1;0.999;0.999;0.9901;0.9344;0.1138;3.6784;3.8206;0.023;0.016;0.6565;0.0219;0.0776;0.0125;2.75;0;0;0;0;0;0;0;0;0;0;0;0;0;0;0;0;0.0625;0.031;2.9197;2.8007;0;73.839;73.839;51.088;0.0421;2955.6;947.57;1;0.1697;0.0507;0;0;0.119;0;0;0;2.75;0;0;14.504;16.795;0;0;94.189;98.191;29.398;22.383;0;7.0151;22.383;0.2386;0.7614;0;29.069;0;0
28/11/21 14:00;51.657;80.168;6.0812;52.069;37.931;90;37.931;501.39;388.6;112.79;22.89;1.89;0;143;311.98;50.432;0;9.0032;514.42;0;514.42;143;50.432;311.98;9.0032;0.278;0.624;0;0.0175;486.11;28.304;0;0;20.094;8.2101;476.08;9.5456;0.03;0.0106;9.4148;0.0902;485.63;0.4861;0.143;0.0504;0.2919;0.0008;478.92;142.83;50.371;282.18;0.7021;291.6;243.48;79.911;10.593;3.1165;44.83;2.8421;37.353;0;1;0;0;1.026;0.945;1;1;0.9356;0.0881;0.9803;0.9998;1;0.9677;0.8861;0.999;0.999;1;0.999;0.999;0.9255;0.9045;0.078;1.5448;1.537;0.0093;0.0058;0.0949;0.01;0.0354;0.0083;1.3185;0;0;0;0;0;0;0;0;0;0;0;0;0;0;0;0;0.0285;0.0055;1.3392;1.3392;0;42.453;42.453;19.563;0.0411;1319.8;1014.7;1;0.0207;0.0207;0;0;0;0;0;0;1.3185;0;0;16.514;19.123;0;0;98.454;98.454;12.346;10.703;0;1.6434;10.703;0.1331;0.8669;0;218.39;0;0
28/11/21 15:00;39.446;89.916;0.0647;39.446;50.554;90;50.554;270.2;258.5;11.701;23.13;1.9999;0;18.417;208.6;5.3335;0;8.375;240.72;0;240.72;18.417;5.3335;208.6;8.375;0.0765;0.9013;0;0.0348;212.36;28.369;0;0;20.522;7.8468;205.87;6.2689;0;0;6.2469;0.022;212.14;0.2124;0.0184;0.0053;0.1881;0.0005;209.05;18.398;5.3282;181.64;0.5057;169.11;141.21;48.852;19.064;2.4844;35.737;3.1721;19.157;0;1;0;0;0.8909;0.8822;1;1;0.9016;0.0631;0.9704;1;1;0.9668;0.9583;0.999;0.999;1;0.999;0.999;0.8552;0.8708;0.0604;0.7229;0.705;0.0042;0.0169;0.0166;0.0047;0.0166;0.0068;0.6138;0;0;0;0;0;0;0;0;0;0;0;0;0;0;0;0;0.0133;0.0014;0.6245;0.6245;0;31.56;31.56;8.4303;0.0409;601.05;1039;1;0.0107;0.0107;0;0;0;0;0;0;0.6138;0;0;16.457;19.056;0;0;98.291;98.291;5.7774;4.9909;0;0.7865;4.9909;0.1361;0.8639;0;163.77;0;0
28/11/21 16:00;27.219;98.021;7.5684;27.449;60;90;60;178.41;173.3;5.1061;22.15;2.11;0;11.066;128.94;2.9845;0;7.5824;150.58;0;150.58;11.066;2.9845;128.94;7.5824;0.0735;0.9067;0;0.0504;127.2;23.374;0;0;16.262;7.1123;123.06;4.0166;0.0029;0.0008;3.9809;0.032;127.08;0.1272;0.0111;0.003;0.1127;0.0005;126.14;11.052;2.9807;108.59;0.4377;112.97;94.333;34.221;21.559;2.13;30.639;3.0756;11.21;0;1;0;0;0.844;0.8448;1;1;0.8739;0.062;0.9684;0.9997;1;0.9646;0.9319;0.999;0.999;1;0.999;0.999;0.8173;0.8421;0.0577;0.4522;0.4445;0.0027;0.0181;0.0035;0.0029;0.0104;0.0058;0.384;0;0;0;0;0;0;0;0;0;0;0;0;0;0;0;0;0.0084;0.0006;0.392;0.392;0;27.194;27.194;5.0439;0.041;377.67;1038;1;0.008;0.008;0;0;0;0;0;0;0.384;0;0;16.515;19.124;0;0;97.962;97.962;3.6139;3.133;0;0.4809;3.133;0.1331;0.8669;0;112.26;0;0
28/11/21 17:00;15.222;105.7;50.448;15.783;25.492;90;25.492;116.8;112.6;4.2;21.05;1.8;0;10.186;105.9;3.1093;0;0.9665;120.16;0;120.16;10.186;3.1093;105.9;0.9665;0.0848;0.8894;0;0.008;115.69;4.4663;0;0;3.6349;0.8314;111.98;3.5948;0.1344;0.041;3.3922;0.0272;115.58;0.1157;0.0102;0.0031;0.1023;0.0001;112.24;10.042;3.0651;98.767;0.1077;67.821;56.63;17.721;0.9077;0.6799;9.7804;0.2587;9.5526;0;1;0;0;1.0288;0.9628;1;1;0.9657;0.1398;0.9689;0.9868;1;0.9668;0.7981;0.999;0.999;1;0.999;0.999;0.9319;0.9327;0.1114;0.3608;0.3587;0.0022;0.0177;0.0008;0.0024;0.0084;0.0018;0.3109;0;0;0;0;0;0;0;0;0;0;0;0;0;0;0;0;0.0068;0.0005;0.3182;0.3182;0;25.638;25.638;4.588;0.041;305.73;1040.7;1;0.0072;0.0072;0;0;0;0;0;0;0.3109;0;0;16.798;19.452;0;0;97.726;97.726;2.8838;2.5429;0;0.3409;2.5429;0.1182;0.8818;0;67.794;0;0
28/11/21 18:00;4.6161;112.99;78.744;5.0124;7.2213;90;7.2213;9.2985;9.2985;0;19.85;2.02;0;0;9.2616;0;0;0.0063;9.2679;0;9.2679;0;0;9.2616;0.0063;0;1;0;0.0007;9.2233;0.0446;0;0;0.0393;0.0052;8.8224;0.3916;0;0;0.3914;0.0002;9.2141;0.0092;0;0;0.0092;0;8.8232;0;0;8.8216;0.0008;5.5191;4.6084;1.3867;0.0007;0.0542;0.7793;0.0008;0.8328;0;1;0;0;0.9967;0.9952;1;1;0.9958;0.1644;0.9575;1;1;0.9575;0.7755;0.999;1;1;0.999;0.999;0.9519;0.9525;0.1274;0.0278;0.0282;0.0002;0.0058;-0.0005;0.0002;0.0006;0.0001;0.019;0;0;0;0;0;0;0;0;0;0;0;0;0;0;0;0;0.0005;0;0.0214;0.0214;0;20.223;20.223;0.3734;0.0423;22.508;950.65;1;0.0024;0.0024;0;0;0;0;0;0;0.019;0;0;14.646;16.959;0;0;88.785;88.785;0.2224;0.171;0;0.0514;0.171;0.2312;0.7688;0;5.5191;0;0
28/11/21 19:00;0;0;90;0;0;90;0;0;0;0;17.64;2.97;0;0;0;0;0;0;0;0;0;0;0;0;0;1;1;1;1;0;0;0;0;0;0;0;0;0;0;0;0;0;0;0;0;0;0;0;0;0;0;0;0;0;0;0;0;0;0;0;0;0;0;0;1;1;1;1;1;1;1;1;1;1;1;1;1;1;1;1;1;1;1;0;0;0;0;0;0;0;0;-0.0004;0.0004;0.088;0;-0.0884;0;0;0;0;0;0;0;0;0;0;0;0;0;0;0;0;0;0;0;-17.64;0;0;0;0;0.0004;0;0;0;0;0;0;0;-0.0004;-0.0884;0;0;0;0;0;0;0;0;0;-0.7063;0;0.7063;1;1;0;0;0;0
28/11/21 20:00;0;0;90;0;0;90;0;0;0;0;16.84;3.8201;0;0;0;0;0;0;0;0;0;0;0;0;0;1;1;1;1;0;0;0;0;0;0;0;0;0;0;0;0;0;0;0;0;0;0;0;0;0;0;0;0;0;0;0;0;0;0;0;0;0;0;0;1;1;1;1;1;1;1;1;1;1;1;1;1;1;1;1;1;1;1;0;0;0;0;0;0;0;0;-0.0004;0.0004;0.088;0;-0.0884;0;0;0;0;0;0;0;0;0;0;0;0;0;0;0;0;0;0;0;-16.84;0;0;0;0;0.0004;0;0;0;0;0;0;0;-0.0004;-0.0884;0;0;0;0;0;0;0;0;0;-0.7063;0;0.7063;1;1;0;0;0;0
28/11/21 21:00;0;0;90;0;0;90;0;0;0;0;15.6;4.41;0;0;0;0;0;0;0;0;0;0;0;0;0;1;1;1;1;0;0;0;0;0;0;0;0;0;0;0;0;0;0;0;0;0;0;0;0;0;0;0;0;0;0;0;0;0;0;0;0;0;0;0;1;1;1;1;1;1;1;1;1;1;1;1;1;1;1;1;1;1;1;0;0;0;0;0;0;0;0;-0.0004;0.0004;0.088;0;-0.0884;0;0;0;0;0;0;0;0;0;0;0;0;0;0;0;0;0;0;0;-15.6;0;0;0;0;0.0004;0;0;0;0;0;0;0;-0.0004;-0.0884;0;0;0;0;0;0;0;0;0;-0.7063;0;0.7063;1;1;0;0;0;0
28/11/21 22:00;0;0;90;0;0;90;0;0;0;0;14.61;4.8;0;0;0;0;0;0;0;0;0;0;0;0;0;1;1;1;1;0;0;0;0;0;0;0;0;0;0;0;0;0;0;0;0;0;0;0;0;0;0;0;0;0;0;0;0;0;0;0;0;0;0;0;1;1;1;1;1;1;1;1;1;1;1;1;1;1;1;1;1;1;1;0;0;0;0;0;0;0;0;-0.0004;0.0004;0.088;0;-0.0884;0;0;0;0;0;0;0;0;0;0;0;0;0;0;0;0;0;0;0;-14.61;0;0;0;0;0.0004;0;0;0;0;0;0;0;-0.0004;-0.0884;0;0;0;0;0;0;0;0;0;-0.7063;0;0.7063;1;1;0;0;0;0
28/11/21 23:00;0;0;90;0;0;90;0;0;0;0;14;5.1799;0;0;0;0;0;0;0;0;0;0;0;0;0;1;1;1;1;0;0;0;0;0;0;0;0;0;0;0;0;0;0;0;0;0;0;0;0;0;0;0;0;0;0;0;0;0;0;0;0;0;0;0;1;1;1;1;1;1;1;1;1;1;1;1;1;1;1;1;1;1;1;0;0;0;0;0;0;0;0;-0.0004;0.0004;0.088;0;-0.0884;0;0;0;0;0;0;0;0;0;0;0;0;0;0;0;0;0;0;0;-14;0;0;0;0;0.0004;0;0;0;0;0;0;0;-0.0004;-0.0884;0;0;0;0;0;0;0;0;0;-0.7063;0;0.7063;1;1;0;0;0;0
29/11/21 00:00;0;0;90;0;0;90;0;0;0;0;13.31;5.3301;0;0;0;0;0;0;0;0;0;0;0;0;0;1;1;1;1;0;0;0;0;0;0;0;0;0;0;0;0;0;0;0;0;0;0;0;0;0;0;0;0;0;0;0;0;0;0;0;0;0;0;0;1;1;1;1;1;1;1;1;1;1;1;1;1;1;1;1;1;1;1;0;0;0;0;0;0;0;0;-0.0004;0.0004;0.088;0;-0.0884;0;0;0;0;0;0;0;0;0;0;0;0;0;0;0;0;0;0;0;-13.31;0;0;0;0;0.0004;0;0;0;0;0;0;0;-0.0004;-0.0884;0;0;0;0;0;0;0;0;0;-0.7063;0;0.7063;1;1;0;0;0;0
29/11/21 01:00;0;0;90;0;0;90;0;0;0;0;12.62;5.2699;0;0;0;0;0;0;0;0;0;0;0;0;0;1;1;1;1;0;0;0;0;0;0;0;0;0;0;0;0;0;0;0;0;0;0;0;0;0;0;0;0;0;0;0;0;0;0;0;0;0;0;0;1;1;1;1;1;1;1;1;1;1;1;1;1;1;1;1;1;1;1;0;0;0;0;0;0;0;0;-0.0004;0.0004;0.088;0;-0.0884;0;0;0;0;0;0;0;0;0;0;0;0;0;0;0;0;0;0;0;-12.62;0;0;0;0;0.0004;0;0;0;0;0;0;0;-0.0004;-0.0884;0;0;0;0;0;0;0;0;0;-0.7063;0;0.7063;1;1;0;0;0;0
29/11/21 02:00;0;0;90;0;0;90;0;0;0;0;12.4;5.0901;0;0;0;0;0;0;0;0;0;0;0;0;0;1;1;1;1;0;0;0;0;0;0;0;0;0;0;0;0;0;0;0;0;0;0;0;0;0;0;0;0;0;0;0;0;0;0;0;0;0;0;0;1;1;1;1;1;1;1;1;1;1;1;1;1;1;1;1;1;1;1;0;0;0;0;0;0;0;0;-0.0004;0.0004;0.088;0;-0.0884;0;0;0;0;0;0;0;0;0;0;0;0;0;0;0;0;0;0;0;-12.4;0;0;0;0;0.0004;0;0;0;0;0;0;0;-0.0004;-0.0884;0;0;0;0;0;0;0;0;0;-0.7063;0;0.7063;1;1;0;0;0;0
29/11/21 03:00;0;0;90;0;0;90;0;0;0;0;11.32;4.8501;0;0;0;0;0;0;0;0;0;0;0;0;0;1;1;1;1;0;0;0;0;0;0;0;0;0;0;0;0;0;0;0;0;0;0;0;0;0;0;0;0;0;0;0;0;0;0;0;0;0;0;0;1;1;1;1;1;1;1;1;1;1;1;1;1;1;1;1;1;1;1;0;0;0;0;0;0;0;0;-0.0004;0.0004;0.088;0;-0.0884;0;0;0;0;0;0;0;0;0;0;0;0;0;0;0;0;0;0;0;-11.32;0;0;0;0;0.0004;0;0;0;0;0;0;0;-0.0004;-0.0884;0;0;0;0;0;0;0;0;0;-0.7063;0;0.7063;1;1;0;0;0;0
29/11/21 04:00;1.715;-115.37;85.838;1.8979;2.7092;-90;-2.7092;2.6958;2.6958;0;10.9;4.83;0;0;2.6943;0;0;0.0003;2.6945;2.6945;0;0;0;0;0;1;1;1;1;0;0;0;0;0;0;0;0;0;0;0;0;0;0;0;0;0;0;0;0;0;0;0;0;0;0;0;0;0;0;0;0;0;0;0;0;1;1;1;1;1;1;1;1;1;1;1;1;1;0;0;1;0;0;0;0;0;0;0;0;0;0;-0.0004;0.0004;0.088;0;-0.0884;0;0;0;0;0;0;0;0;0;0;0;0;0;0;0;0;0;0;0;-10.9;0;0;0;0;0.0004;0;0;0;0;0;0;0;-0.0004;-0.0884;0;0;0;0;0;0;0;0;0;-0.7063;0;0.7063;1;1;0;0;0;0
29/11/21 05:00;9.0702;-110.04;67.522;9.6439;14.328;-90;-14.328;111.31;29.901;81.408;12.67;5.0101;0;197.44;18.619;26.647;0;0.2943;243;0;243;197.44;26.647;18.619;0.2943;0.8125;0.0778;0;0.0012;242.5;0.4921;0;0;0.2467;0.2454;223.14;19.123;16.223;2.1895;0.6996;0.011;242.26;0.2425;0.1974;0.0266;0.0184;0;223.15;181.02;24.431;17.655;0.0379;11.757;9.8169;3.0475;0.0205;0.1106;1.5903;0.0105;1.6804;0;1;0;0;2.1831;0.998;1;1;0.9867;0.1662;0.9211;0.9177;1;0.9619;0.7756;0.999;0.999;1;0.999;0.999;0.9183;0.9482;0.1288;0.7297;0.6755;0.0041;0.0171;-0.0079;0.0046;0.0164;0.0003;0.6151;0;0;0;0;0;0;0;0;0;0;0;0;0;0;0;0;0.0132;0.0013;0.6262;0.6262;0;21.725;21.725;9.0555;0.0406;578.38;1082.7;1;0.0112;0.0112;0;0;0;0;0;0;0.6151;0;0;16.348;18.931;0;0;98.219;98.219;5.8319;5.0049;0;0.827;5.0049;0.1418;0.8582;0;11.304;0;0
29/11/21 06:00;20.846;-102.29;30.34;21.291;40.428;-90;-40.428;290.21;92.901;197.3;14.98;5.1099;0;478.52;49.533;88.893;0;5.89;622.84;0;622.84;478.52;88.893;49.533;5.89;0.7683;0.089;0;0.0095;613.91;8.9216;0;0;3.5116;5.41;611.07;2.2305;0.5905;0.1097;1.4884;0.042;613.3;0.6139;0.4785;0.0889;0.046;0.0005;611.47;477.45;88.695;44.487;0.4376;36.558;30.526;10.302;2.094;0.4221;6.0717;0.3988;4.3999;0;1;0;0;2.1462;0.9857;1;1;0.9291;0.0815;0.9964;0.9988;1;0.9676;0.9124;0.999;0.999;1;0.999;0.999;0.9811;0.8981;0.0743;1.8704;1.8545;0.0112;0.0019;0.0977;0.0122;0.0433;0.0011;1.6177;0;0;0;0;0;0;0;0;0;0;0;0;0;0;0;0;0.0349;0.0079;1.6443;1.6443;0;40.012;40.012;25.032;0.041;1595.9;1030.3;1;0.0266;0.0266;0;0;0;0;0;0;1.6177;0;0;16.747;19.393;0;0;98.384;98.384;14.948;13.141;0;1.8067;13.141;0.1209;0.8791;0;35.411;0;0
29/11/21 07:00;32.971;-94.536;3.8044;33.053;56.947;-90;-56.947;556.5;92.203;464.3;17.75;4.6299;0;851.27;27.994;102.63;0;21.503;1003.4;0;1003.4;851.27;102.63;27.994;21.503;0.8484;0.0493;0;0.0214;979.98;23.413;0;0;3.2663;20.147;977.95;1.0454;0.1118;0.0135;0.853;0.0672;979;0.98;0.8513;0.1026;0.0247;0.0014;981.62;850.3;102.51;23.85;1.2871;152.42;127.27;40.569;3.8911;1.6002;23.018;3.673;20.728;0;1;0;0;1.803;0.9767;1;1;0.8833;0.063;0.9989;0.9999;1;0.9655;0.9504;0.999;0.999;1;0.999;0.999;0.9746;0.852;0.0599;3.0132;3.0051;0.0181;-0.0001;0.3522;0.0184;0.0654;0.004;2.4317;0;0;0;0;0;0;0;0;0;0;0;0;0;0;0;0;0.0527;0.0196;2.4746;2.4746;0;58.404;58.404;40.654;0.0416;2587.9;956.24;1;0.043;0.043;0;0;0;0;0;0;2.4317;0;0;15.645;18.117;0;0;98.263;98.263;24.081;19.777;0;4.3041;19.777;0.1787;0.8213;0;23.533;0;0
29/11/21 08:00;45.227;-85.911;2.879;45.3;44.7;-90;-44.7;755.5;124.3;631.2;20.11;3.5701;0;888.01;39.055;110.64;0;18.572;1056.3;0;1056.3;888.01;110.64;39.055;18.572;0.8407;0.0546;0;0.0176;1035.8;20.428;0;0;3.207;17.221;1033.5;1.3487;0.0882;0.011;1.1665;0.0829;1034.8;1.0358;0.888;0.1106;0.0358;0.0014;1038;887.04;110.52;34.646;1.2667;329.09;274.79;87.021;2.3352;3.0975;44.557;4.5615;45.319;0;1;0;0;1.3981;0.9807;1;1;0.9179;0.0727;0.9987;0.9999;1;0.9674;0.9386;0.999;0.999;1;0.999;0.999;0.9784;0.8871;0.0682;3.172;3.2204;0.0194;0.0026;0.4326;0.0194;0.0687;0.0076;2.5471;0;0;0;0;0;0;0;0;0;0;0;0;0;0;0;0;0.0553;0.0223;2.5924;2.5924;0;63.247;63.247;43.138;0.0417;2770.3;935.77;1;0.0453;0.0453;0;0;0;0;0;0;2.5471;0;0;15.569;18.029;0;0;98.253;98.253;25.351;20.719;0;4.6321;20.719;0.1827;0.8173;0;28.987;0;0
29/11/21 09:00;57.312;-74.657;8.2158;58.25;31.75;-90;-31.75;913.81;150.5;763.31;21.68;2.43;0;897.64;49.38;114.22;0;11.624;1072.9;0;1072.9;897.64;114.22;49.38;11.624;0.8367;0.0569;0;0.0108;1060.2;12.678;0;0;2.4017;10.276;1057.1;2.0306;0.2545;0.0324;1.5217;0.2221;1059.1;1.0602;0.8976;0.1142;0.047;0.0013;1060.1;896.49;114.07;45.41;1.124;478.22;399.31;130.98;0.9126;4.0462;58.202;3.0431;61.336;0;1;0;0;1.1741;0.9882;1;1;0.9514;0.1159;0.9981;0.9997;1;0.9676;0.835;0.999;0.999;1;0.999;0.999;0.9853;0.9196;0.0967;3.2218;3.3157;0.02;0.0042;0.4768;0.0197;0.0699;0.0099;2.5894;0;0;0;0;0;0;0;0;0;0;0;0;0;0;0;0;0.0563;0.0236;2.6354;2.6354;0;65.903;65.903;44.223;0.0418;2853;923.75;1;0.046;0.046;0;0;0;0;0;0;2.5894;0;0;15.583;18.044;0;0;98.255;98.255;25.749;21.062;0;4.6864;21.062;0.182;0.818;0;32.951;0;0
29/11/21 10:00;68.496;-55.928;11.851;71.926;18.074;-90;-18.074;1039.2;171.5;867.7;22.99;1.39;0;912.74;56.266;119.72;0;4.3587;1093.1;0;1093.1;912.74;119.72;56.266;4.3587;0.835;0.0555;0;0.004;1088.3;4.7465;0;0;1.1023;3.6442;1084.7;2.5483;0.3732;0.049;1.9674;0.1587;1087.2;1.0883;0.9127;0.1197;0.0552;0.0007;1085.7;911.45;119.55;53.141;0.5551;592.55;494.78;159.2;0.1418;5.1499;74.08;0.9969;79.088;0;1;0;0;1.0518;0.9957;1;1;0.9804;0.1639;0.9977;0.9996;1;0.9643;0.7777;0.999;0.999;1;0.999;0.999;0.9923;0.9445;0.1274;3.2825;3.4262;0.0206;0.0062;0.5239;0.0201;0.0714;0.0124;2.6419;0;0;0;0;0;0;0;0;0;0;0;0;0;0;0;0;0.0575;0.0252;2.6888;2.6888;0;68.467;68.467;45.477;0.0419;2947.6;912.21;1;0.0469;0.0469;0;0;0;0;0;0;2.6419;0;0;15.604;18.069;0;0;98.254;98.254;26.234;21.489;0;4.7451;21.489;0.1809;0.8191;0;34.657;0;0
29/11/21 11:00;75.97;-15.74;13.494;86.122;3.878;-90;-3.878;1096.4;180.9;915.5;23.8;0.6399;0;917.6;59.362;121.75;0;0.2134;1098.9;0;1098.9;917.6;121.75;59.362;0.2134;0.835;0.0542;0;0.0002;1098.7;0.2727;0;0;0.0942;0.1785;1094.4;3.1054;0.4273;0.0567;2.6137;0.0078;1097.6;1.0987;0.9176;0.1217;0.0593;0;1094.5;916.26;121.57;56.595;0.0271;645.73;539.19;170.62;-0.0001;5.7885;83.265;0.0094;89.054;0;1;0;0;1.0023;0.9998;1;1;0.9984;0.1634;0.9972;0.9995;1;0.9559;0.7771;0.999;0.999;1;0.999;0.999;0.9959;0.9534;0.1269;3.3001;3.4719;0.0209;0.0072;0.5466;0.0203;0.0719;0.0139;2.6602;0;0;0;0;0;0;0;0;0;0;0;0;0;0;0;0;0.0579;0.0258;2.7074;2.7074;0;69.735;69.735;45.935;0.042;2986.3;906.61;1;0.0472;0.0472;0;0;0;0;0;0;2.6602;0;0;15.629;18.098;0;0;98.256;98.256;26.374;21.637;0;4.7367;21.637;0.1796;0.8204;0;35.209;0;0
29/11/21 12:00;73.382;38.132;13;79.558;10.442;90;10.442;1119.9;184.8;935.1;24.9;0.34;0;950.85;56.008;130.48;0;1.5764;1138.9;0;1138.9;950.85;130.48;56.008;1.5764;0.8349;0.0506;0;0.0014;1137.2;1.7533;0;0;0.4372;1.3161;1133.2;2.7973;0.4265;0.0585;2.2537;0.0586;1136;1.1372;0.9508;0.1305;0.0556;0.0003;1133.5;949.47;130.29;53.262;0.2014;653.36;545.56;174.82;0.0196;5.7164;82.228;0.2927;87.925;0;1;0;0;1.017;0.9985;1;1;0.9922;0.1651;0.9975;0.9996;1;0.9594;0.7747;0.999;0.999;1;0.999;0.999;0.995;0.951;0.1278;3.4202;3.5874;0.0216;0.0098;0.6012;0.0207;0.0734;0.0135;2.7126;0;0;0;0;0;0;0;0;0;0;0;0;0;0;0;0;0.0591;0.0275;2.7607;2.7607;0;72.579;72.579;47.679;0.0421;3085.4;894.76;1;0.0481;0.0481;0;0;0;0;0;0;2.7126;0;0;15.377;17.806;0;0;98.257;98.257;27.334;22.063;0;5.2706;22.063;0.1928;0.8072;0;33.61;0;0
29/11/21 13:00;63.561;66.05;10.413;65.561;24.439;90;24.439;1046.1;172.6;873.5;25.53;0.42;0;959.46;50.423;131.6;0;7.9668;1149.5;0;1149.5;959.46;131.6;50.423;7.9668;0.8347;0.0508;0;0.0069;1141;8.438;0;0;1.6175;6.8205;1137.6;2.2573;0.3448;0.0473;1.6289;0.2364;1139.9;1.141;0.9595;0.1316;0.0488;0.0011;1139.6;958.16;131.42;47.128;0.9088;577.73;482.4;155.36;0.3741;5.027;72.312;1.9605;76.965;0;1;0;0;1.0988;0.9927;1;1;0.9679;0.1439;0.998;0.9996;1;0.9666;0.7936;0.999;0.999;1;0.999;0.999;0.9897;0.9346;0.1141;3.4518;3.5847;0.0216;0.0097;0.6118;0.0206;0.073;0.0119;2.7021;0;0;0;0;0;0;0;0;0;0;0;0;0;0;0;0;0.0588;0.0274;2.7499;2.7499;0;73.428;73.428;47.898;0.0421;3084;891.67;1;0.0478;0.0478;0;0;0;0;0;0;2.7021;0;0;15.176;17.574;0;0;98.263;98.263;27.587;21.977;0;5.6099;21.977;0.2034;0.7966;0;32.08;0;0
29/11/21 14:00;51.811;80.34;5.9549;52.207;37.793;90;37.793;866.81;152.8;714.01;26.03;0.3999;0;903.54;48.362;124.99;0;15.455;1092.3;0;1092.3;903.54;124.99;48.362;15.455;0.8272;0.0584;0;0.0141;1075.2;17.183;0;0;3.0972;14.085;1072.3;1.829;0.1857;0.0257;1.4599;0.1578;1074.1;1.0752;0.9035;0.125;0.0453;0.0014;1076.4;902.45;124.84;43.759;1.2107;424.59;354.53;115.4;1.6251;3.7032;53.269;4.1354;55.347;0;1;0;0;1.2602;0.9843;1;1;0.936;0.0886;0.9983;0.9998;1;0.9677;0.8847;0.999;0.999;1;0.999;0.999;0.9816;0.9048;0.0783;3.2803;3.3543;0.0202;0.0049;0.5451;0.0195;0.0691;0.0088;2.5621;0;0;0;0;0;0;0;0;0;0;0;0;0;0;0;0;0.0557;0.0242;2.6068;2.6068;0;71.082;71.082;45.052;0.042;2888.1;902.61;1;0.0447;0.0447;0;0;0;0;0;0;2.5621;0;0;15.139;17.53;0;0;98.284;98.284;26.216;20.834;0;5.3825;20.834;0.2053;0.7947;0;33.815;0;0
29/11/21 15:00;39.597;90.06;0.046;39.597;50.403;90;50.403;698.6;134;564.6;26.88;0.42;0;885.82;40.555;132.51;0;21.533;1080.4;0;1080.4;885.82;132.51;40.555;21.533;0.8199;0.0575;0;0.0199;1056.3;24.144;0;0;3.9725;20.172;1053.9;1.2728;0.0014;0.0002;1.2142;0.057;1055.2;1.0563;0.8858;0.1325;0.0366;0.0014;1058.6;884.93;132.38;35.331;1.3025;263.03;219.63;68.437;3.6729;2.6659;38.347;4.7042;37.34;0;1;0;0;1.5466;0.9777;1;1;0.902;0.0632;0.9988;1;1;0.9668;0.9581;0.999;0.999;1;0.999;0.999;0.9755;0.8712;0.0605;3.2445;3.2694;0.0197;0.0034;0.5327;0.019;0.0674;0.0064;2.5003;0;0;0;0;0;0;0;0;0;0;0;0;0;0;0;0;0.0542;0.0231;2.5436;2.5436;0;71.164;71.164;44.284;0.042;2816.4;903.12;1;0.0432;0.0432;0;0;0;0;0;0;2.5003;0;0;14.935;17.294;0;0;98.3;98.3;25.93;20.328;0;5.6017;20.328;0.216;0.784;0;31.791;0;0
29/11/21 16:00;27.372;98.142;7.6088;27.609;60;90;60;159.5;156.1;3.3987;25.6;0.6499;0;7.3272;116.46;1.7702;0;6.7787;132.34;0;132.34;7.3272;1.7702;116.46;6.7787;0.0554;0.9313;0;0.0512;111.29;21.046;0;0;14.687;6.3584;107.55;3.6265;0.0019;0.0005;3.5955;0.0286;111.18;0.1113;0.0073;0.0018;0.1018;0.0004;110.32;7.3179;1.768;98.076;0.3913;101.87;85.064;30.867;19.472;1.9222;27.651;2.7716;10.101;0;1;0;0;0.8297;0.841;1;1;0.8739;0.062;0.9674;0.9997;1;0.9646;0.9319;0.999;0.999;1;0.999;0.999;0.8127;0.8421;0.0577;0.3974;0.3906;0.0024;0.0179;0.0072;0.0025;0.009;0.0051;0.3314;0;0;0;0;0;0;0;0;0;0;0;0;0;0;0;0;0.0073;0.0005;0.3387;0.3387;0;30.025;30.025;4.425;0.0411;331.65;1021.2;1;0.0073;0.0073;0;0;0;0;0;0;0.3314;0;0;16.235;18.8;0;0;97.857;97.857;3.1761;2.7068;0;0.4693;2.7068;0.1477;0.8523;0;101.39;0;0
29/11/21 17:00;15.38;105.81;49.968;15.954;25.853;90;25.853;219.2;140.3;78.895;26.03;0.8701;0;191.34;105.07;72.027;0;1.8648;370.3;0;370.3;191.34;72.027;105.07;1.8648;0.5167;0.2888;0;0.005;365.01;5.2957;0;0;3.6888;1.6069;357.89;6.7532;2.4303;0.9148;3.3564;0.0516;364.64;0.365;0.1913;0.072;0.1014;0.0003;358.16;188.72;71.04;97.923;0.2061;67.944;56.733;17.848;0.9467;0.6774;9.7447;0.2661;9.4755;0;1;0;0;1.6894;0.9857;1;1;0.9649;0.1383;0.9815;0.9873;1;0.9669;0.7997;0.999;0.999;1;0.999;0.999;0.9665;0.932;0.1105;1.112;1.0993;0.0066;0.012;0.0619;0.0071;0.0253;0.0018;0.9459;0;0;0;0;0;0;0;0;0;0;0;0;0;0;0;0;0.0204;0.003;0.9611;0.9611;0;40.74;40.74;14.709;0.0411;945.53;1016.5;1;0.0152;0.0152;0;0;0;0;0;0;0.9459;0;0;16.464;19.065;0;0;98.424;98.424;8.8873;7.681;0;1.2062;7.681;0.1357;0.8643;0;67.412;0;0
29/11/21 18:00;4.7802;113.08;78.34;5.1938;7.4887;90;7.4887;26.997;26.601;0.3956;24.4;1.24;0;0.9594;26.398;0.2179;0;0.0196;27.595;0;27.595;0.9594;0.2179;26.398;0.0196;0.0348;0.9573;0;0.0007;27.46;0.1353;0;0;0.1189;0.0164;26.007;1.426;0.2557;0.0581;1.1115;0.0007;27.433;0.0275;0.001;0.0002;0.0263;0;26.009;0.7028;0.1596;25.142;0.0025;15.741;13.144;3.9562;0.0023;0.1545;2.2219;0.0024;2.374;0;1;0;0;1.0222;0.9951;1;1;0.9955;0.1645;0.948;0.7332;1;0.9577;0.7754;0.999;0.999;1;0.999;0.999;0.9424;0.9524;0.1274;0.0829;0.083;0.0005;0.0103;0.0001;0.0005;0.0018;0.0004;0.0644;0;0;0;0;0;0;0;0;0;0;0;0;0;0;0;0;0.0014;0.0001;0.0679;0.0679;0;25.484;25.484;1.0842;0.0417;69.405;978.75;1;0.0035;0.0035;0;0;0;0;0;0;0.0644;0;0;15.616;18.083;0;0;94.857;94.857;0.6623;0.5429;0;0.1194;0.5429;0.1803;0.8197;0;15.739;0;0
29/11/21 19:00;0;0;90;0;0;90;0;0;0;0;20.01;1.56;0;0;0;0;0;0;0;0;0;0;0;0;0;1;1;1;1;0;0;0;0;0;0;0;0;0;0;0;0;0;0;0;0;0;0;0;0;0;0;0;0;0;0;0;0;0;0;0;0;0;0;0;1;1;1;1;1;1;1;1;1;1;1;1;1;1;1;1;1;1;1;0;0;0;0;0;0;0;0;-0.0004;0.0004;0.088;0;-0.0884;0;0;0;0;0;0;0;0;0;0;0;0;0;0;0;0;0;0;0;-20.01;0;0;0;0;0.0004;0;0;0;0;0;0;0;-0.0004;-0.0884;0;0;0;0;0;0;0;0;0;-0.7063;0;0.7063;1;1;0;0;0;0
29/11/21 20:00;0;0;90;0;0;90;0;0;0;0;18.38;1.89;0;0;0;0;0;0;0;0;0;0;0;0;0;1;1;1;1;0;0;0;0;0;0;0;0;0;0;0;0;0;0;0;0;0;0;0;0;0;0;0;0;0;0;0;0;0;0;0;0;0;0;0;1;1;1;1;1;1;1;1;1;1;1;1;1;1;1;1;1;1;1;0;0;0;0;0;0;0;0;-0.0004;0.0004;0.088;0;-0.0884;0;0;0;0;0;0;0;0;0;0;0;0;0;0;0;0;0;0;0;-18.38;0;0;0;0;0.0004;0;0;0;0;0;0;0;-0.0004;-0.0884;0;0;0;0;0;0;0;0;0;-0.7063;0;0.7063;1;1;0;0;0;0
29/11/21 21:00;0;0;90;0;0;90;0;0;0;0;16.6;2.2499;0;0;0;0;0;0;0;0;0;0;0;0;0;1;1;1;1;0;0;0;0;0;0;0;0;0;0;0;0;0;0;0;0;0;0;0;0;0;0;0;0;0;0;0;0;0;0;0;0;0;0;0;1;1;1;1;1;1;1;1;1;1;1;1;1;1;1;1;1;1;1;0;0;0;0;0;0;0;0;-0.0004;0.0004;0.088;0;-0.0884;0;0;0;0;0;0;0;0;0;0;0;0;0;0;0;0;0;0;0;-16.6;0;0;0;0;0.0004;0;0;0;0;0;0;0;-0.0004;-0.0884;0;0;0;0;0;0;0;0;0;-0.7063;0;0.7063;1;1;0;0;0;0
29/11/21 22:00;0;0;90;0;0;90;0;0;0;0;14.96;2.57;0;0;0;0;0;0;0;0;0;0;0;0;0;1;1;1;1;0;0;0;0;0;0;0;0;0;0;0;0;0;0;0;0;0;0;0;0;0;0;0;0;0;0;0;0;0;0;0;0;0;0;0;1;1;1;1;1;1;1;1;1;1;1;1;1;1;1;1;1;1;1;0;0;0;0;0;0;0;0;-0.0004;0.0004;0.088;0;-0.0884;0;0;0;0;0;0;0;0;0;0;0;0;0;0;0;0;0;0;0;-14.96;0;0;0;0;0.0004;0;0;0;0;0;0;0;-0.0004;-0.0884;0;0;0;0;0;0;0;0;0;-0.7063;0;0.7063;1;1;0;0;0;0
29/11/21 23:00;0;0;90;0;0;90;0;0;0;0;13.97;2.7801;0;0;0;0;0;0;0;0;0;0;0;0;0;1;1;1;1;0;0;0;0;0;0;0;0;0;0;0;0;0;0;0;0;0;0;0;0;0;0;0;0;0;0;0;0;0;0;0;0;0;0;0;1;1;1;1;1;1;1;1;1;1;1;1;1;1;1;1;1;1;1;0;0;0;0;0;0;0;0;-0.0004;0.0004;0.088;0;-0.0884;0;0;0;0;0;0;0;0;0;0;0;0;0;0;0;0;0;0;0;-13.97;0;0;0;0;0.0004;0;0;0;0;0;0;0;-0.0004;-0.0884;0;0;0;0;0;0;0;0;0;-0.7063;0;0.7063;1;1;0;0;0;0
30/11/21 00:00;0;0;90;0;0;90;0;0;0;0;13.03;2.8699;0;0;0;0;0;0;0;0;0;0;0;0;0;1;1;1;1;0;0;0;0;0;0;0;0;0;0;0;0;0;0;0;0;0;0;0;0;0;0;0;0;0;0;0;0;0;0;0;0;0;0;0;1;1;1;1;1;1;1;1;1;1;1;1;1;1;1;1;1;1;1;0;0;0;0;0;0;0;0;-0.0004;0.0004;0.088;0;-0.0884;0;0;0;0;0;0;0;0;0;0;0;0;0;0;0;0;0;0;0;-13.03;0;0;0;0;0.0004;0;0;0;0;0;0;0;-0.0004;-0.0884;0;0;0;0;0;0;0;0;0;-0.7063;0;0.7063;1;1;0;0;0;0
30/11/21 01:00;0;0;90;0;0;90;0;0;0;0;13.09;2.91;0;0;0;0;0;0;0;0;0;0;0;0;0;1;1;1;1;0;0;0;0;0;0;0;0;0;0;0;0;0;0;0;0;0;0;0;0;0;0;0;0;0;0;0;0;0;0;0;0;0;0;0;1;1;1;1;1;1;1;1;1;1;1;1;1;1;1;1;1;1;1;0;0;0;0;0;0;0;0;-0.0004;0.0004;0.088;0;-0.0884;0;0;0;0;0;0;0;0;0;0;0;0;0;0;0;0;0;0;0;-13.09;0;0;0;0;0.0004;0;0;0;0;0;0;0;-0.0004;-0.0884;0;0;0;0;0;0;0;0;0;-0.7063;0;0.7063;1;1;0;0;0;0
30/11/21 02:00;0;0;90;0;0;90;0;0;0;0;13.07;2.8799;0;0;0;0;0;0;0;0;0;0;0;0;0;1;1;1;1;0;0;0;0;0;0;0;0;0;0;0;0;0;0;0;0;0;0;0;0;0;0;0;0;0;0;0;0;0;0;0;0;0;0;0;1;1;1;1;1;1;1;1;1;1;1;1;1;1;1;1;1;1;1;0;0;0;0;0;0;0;0;-0.0004;0.0004;0.088;0;-0.0884;0;0;0;0;0;0;0;0;0;0;0;0;0;0;0;0;0;0;0;-13.07;0;0;0;0;0.0004;0;0;0;0;0;0;0;-0.0004;-0.0884;0;0;0;0;0;0;0;0;0;-0.7063;0;0.7063;1;1;0;0;0;0
30/11/21 03:00;0;0;90;0;0;90;0;0;0;0;12.69;2.9301;0;0;0;0;0;0;0;0;0;0;0;0;0;1;1;1;1;0;0;0;0;0;0;0;0;0;0;0;0;0;0;0;0;0;0;0;0;0;0;0;0;0;0;0;0;0;0;0;0;0;0;0;1;1;1;1;1;1;1;1;1;1;1;1;1;1;1;1;1;1;1;0;0;0;0;0;0;0;0;-0.0004;0.0004;0.088;0;-0.0884;0;0;0;0;0;0;0;0;0;0;0;0;0;0;0;0;0;0;0;-12.69;0;0;0;0;0.0004;0;0;0;0;0;0;0;-0.0004;-0.0884;0;0;0;0;0;0;0;0;0;-0.7063;0;0.7063;1;1;0;0;0;0
30/11/21 04:00;1.7486;-115.54;85.756;1.9379;2.7664;-90;-2.7664;0.0977;0.0977;0;12.9;3.1001;0;0;0.0976;0;0;0;0.0976;0.0976;0;0;0;0;0;1;1;1;1;0;0;0;0;0;0;0;0;0;0;0;0;0;0;0;0;0;0;0;0;0;0;0;0;0;0;0;0;0;0;0;0;0;0;0;0;1;1;1;1;1;1;1;1;1;1;1;1;1;0;0;1;0;0;0;0;0;0;0;0;0;0;-0.0004;0.0004;0.088;0;-0.0884;0;0;0;0;0;0;0;0;0;0;0;0;0;0;0;0;0;0;0;-12.9;0;0;0;0;0.0004;0;0;0;0;0;0;0;-0.0004;-0.0884;0;0;0;0;0;0;0;0;0;-0.7063;0;0.7063;1;1;0;0;0;0
30/11/21 05:00;9.0939;-110.22;67.46;9.6802;14.387;-90;-14.387;119.2;24.2;95;15.54;3.86;0;230.4;13.635;25.095;0;0.3177;269.45;0;269.45;230.4;25.095;13.635;0.3177;0.8551;0.0518;0;0.0012;269;0.4469;0;0;0.1819;0.2649;247.36;21.374;18.802;2.0479;0.5117;0.0118;268.73;0.269;0.2304;0.0251;0.0135;0.0001;247.37;211.37;23.022;12.928;0.0409;8.796;7.3447;2.3067;0.0153;0.081;1.1649;0.0078;1.2306;0;1;0;0;2.2605;0.9983;1;1;0.9867;0.1662;0.9205;0.9183;1;0.9619;0.7757;0.999;0.999;1;0.999;0.999;0.918;0.9481;0.1288;0.8092;0.7475;0.0045;0.0165;0.0016;0.0051;0.018;0.0002;0.6737;0;0;0;0;0;0;0;0;0;0;0;0;0;0;0;0;0.0145;0.0015;0.6856;0.6856;0;25.604;25.604;10.063;0.0407;640.39;1070.6;1;0.0119;0.0119;0;0;0;0;0;0;0.6737;0;0;16.141;18.69;0;0;98.27;98.27;6.4668;5.4792;0;0.9876;5.4792;0.1527;0.8473;0;8.2799;0;0
30/11/21 06:00;20.858;-102.48;30.284;21.318;40.531;-90;-40.531;324.1;64.804;259.3;19.25;2.8699;0;628.86;27.485;81.419;0;6.6101;744.38;0;744.38;628.86;81.419;27.485;6.6101;0.8448;0.0458;0;0.0089;736.35;8.0288;0;0;1.9558;6.073;733.89;1.7253;0.7552;0.0978;0.8257;0.0466;735.61;0.7363;0.6289;0.0814;0.0255;0.0005;734.16;627.48;81.24;24.678;0.4899;21.102;17.62;5.6493;1.173;0.2606;3.7489;0.2703;2.8365;0;1;0;0;2.2968;0.9892;1;1;0.9288;0.0813;0.9977;0.9988;1;0.9676;0.9131;0.999;0.999;1;0.999;0.999;0.9859;0.8979;0.0741;2.2354;2.2191;0.0134;-0.0012;0.1915;0.0141;0.05;0.0007;1.8685;0;0;0;0;0;0;0;0;0;0;0;0;0;0;0;0;0.0403;0.011;1.8993;1.8993;0;49.539;49.539;30.288;0.0413;1912;993.33;1;0.0308;0.0308;0;0;0;0;0;0;1.8685;0;0;16.186;18.743;0;0;98.381;98.381;17.865;15.179;0;2.686;15.179;0.1504;0.8496;0;19.667;0;0
30/11/21 07:00;32.977;-94.753;3.9858;33.068;56.932;-90;-56.932;545.31;93.699;451.61;22.15;1.39;0;827.69;29.673;101.36;0;21.061;979.78;0;979.78;827.69;101.36;29.673;21.061;0.8448;0.0518;0;0.0215;956.58;23.194;0;0;3.461;19.733;954.53;1.0976;0.1138;0.0139;0.9041;0.0658;955.63;0.9566;0.8277;0.1014;0.0262;0.0013;958.15;826.74;101.24;25.282;1.2607;150.67;125.81;40.184;4.1204;1.5942;22.932;3.6259;20.406;0;1;0;0;1.7967;0.9763;1;1;0.8834;0.063;0.9989;0.9999;1;0.9655;0.9504;0.999;0.999;1;0.999;0.999;0.9742;0.852;0.0599;2.9423;2.9342;0.0177;-0.0007;0.3815;0.0177;0.0629;0.004;2.3412;0;0;0;0;0;0;0;0;0;0;0;0;0;0;0;0;0.0507;0.0187;2.3816;2.3816;0;61.946;61.946;39.796;0.0417;2527;942.45;1;0.0404;0.0404;0;0;0;0;0;0;2.3412;0;0;15.42;17.856;0;0;98.305;98.305;23.515;19.034;0;4.4809;19.034;0.1906;0.8094;0;24.941;0;0
30/11/21 08:00;45.233;-86.169;2.697;45.297;44.703;-90;-44.703;759.19;125.1;634.09;24.61;0.4099;0;892.12;39.024;111.83;0;18.665;1061.6;0;1061.6;892.12;111.83;39.024;18.665;0.8403;0.0543;0;0.0176;1041.1;20.512;0;0;3.2047;17.307;1038.7;1.3423;0.083;0.0104;1.1656;0.0833;1040.1;1.0411;0.8921;0.1118;0.0358;0.0014;1043.3;891.15;111.7;34.618;1.273;330.62;276.07;87.422;2.3339;3.1114;44.757;4.5835;45.534;0;1;0;0;1.3984;0.9807;1;1;0.9179;0.0727;0.9987;0.9999;1;0.9674;0.9386;0.999;0.999;1;0.999;0.999;0.9784;0.8871;0.0682;3.1881;3.2367;0.0195;0.0029;0.4921;0.0191;0.0676;0.0075;2.5074;0;0;0;0;0;0;0;0;0;0;0;0;0;0;0;0;0.0544;0.0226;2.5511;2.5511;0;68.145;68.145;43.535;0.0419;2786.9;915.41;1;0.0437;0.0437;0;0;0;0;0;0;2.5074;0;0;15.244;17.652;0;0;98.285;98.285;25.479;20.389;0;5.0906;20.389;0.1998;0.8002;0;28.965;0;0
30/11/21 09:00;57.328;-74.992;8.0355;58.225;31.775;-90;-31.775;908.4;149.5;758.9;26;0.29;0;892.69;49.604;112.78;0;11.573;1066.7;0;1066.7;892.69;112.78;49.604;11.573;0.8369;0.0574;0;0.0108;1054;12.648;0;0;2.4156;10.232;1050.9;2.0279;0.2475;0.0313;1.5284;0.2206;1052.9;1.054;0.8927;0.1128;0.0472;0.0013;1054;891.55;112.64;45.613;1.1182;475.34;396.91;130.19;0.9191;4.0224;57.861;3.0306;60.964;0;1;0;0;1.1742;0.9881;1;1;0.9513;0.1158;0.9981;0.9997;1;0.9676;0.8352;0.999;0.999;1;0.999;0.999;0.9853;0.9195;0.0966;3.2032;3.2964;0.0198;0.0038;0.5244;0.0192;0.0682;0.0096;2.5288;0;0;0;0;0;0;0;0;0;0;0;0;0;0;0;0;0.0549;0.0234;2.5728;2.5728;0;70.119;70.119;44.118;0.042;2837.7;906.66;1;0.044;0.044;0;0;0;0;0;0;2.5288;0;0;15.301;17.718;0;0;98.289;98.289;25.6;20.562;0;5.0378;20.562;0.1968;0.8032;0;33.106;0;0
30/11/21 10:00;68.547;-56.405;11.675;71.875;18.125;-90;-18.125;1045.8;172.5;873.31;27.26;0.4799;0;918.9;55.936;121.15;0;4.4107;1100.4;0;1100.4;918.9;121.15;55.936;4.4107;0.8351;0.0548;0;0.004;1095.6;4.7888;0;0;1.101;3.6878;1092;2.5335;0.3702;0.0488;1.9539;0.1605;1094.5;1.0956;0.9189;0.1212;0.0548;0.0007;1093;917.61;120.98;52.826;0.5616;596.17;497.81;160.19;0.1424;5.1806;74.521;1.0095;79.559;0;1;0;0;1.0522;0.9956;1;1;0.9803;0.1639;0.9977;0.9996;1;0.9643;0.7777;0.999;0.999;1;0.999;0.999;0.9924;0.9444;0.1273;3.3045;3.4491;0.0208;0.0067;0.5868;0.0198;0.0704;0.0122;2.6047;0;0;0;0;0;0;0;0;0;0;0;0;0;0;0;0;0.0567;0.0255;2.6501;2.6501;0;73.224;73.224;45.964;0.0421;2967.7;892.99;1;0.0455;0.0455;0;0;0;0;0;0;2.6047;0;0;15.278;17.691;0;0;98.284;98.284;26.41;21.18;0;5.2296;21.18;0.198;0.802;0;34.461;0;0
30/11/21 11:00;76.107;-16.233;13.328;86.045;3.9552;-90;-3.9552;860.91;316.5;544.41;27.54;0.6301;0;545.71;190.01;126.57;0;0.1743;862.46;0;862.46;545.71;126.57;190.01;0.1743;0.6327;0.2205;0;0.0002;862;0.4565;0;0;0.3107;0.1458;852.46;8.6747;0.251;0.0582;8.3591;0.0063;861.14;0.862;0.5457;0.1266;0.1897;0;852.47;544.91;126.38;181.15;0.0221;507.55;423.8;132.9;-0.0005;4.6283;66.577;0.0068;71.206;0;1;0;0;1.0018;0.9995;1;1;0.9984;0.1635;0.9899;0.9995;1;0.9559;0.777;0.999;0.999;1;0.999;0.999;0.9884;0.9534;0.1269;2.59;2.7079;0.0163;-0.0019;0.3644;0.0163;0.0578;0.0114;2.1456;0;0;0;0;0;0;0;0;0;0;0;0;0;0;0;0;0.0466;0.016;2.181;2.181;0;63.116;63.116;35.576;0.0417;2329.7;936.17;1;0.0354;0.0354;0;0;0;0;0;0;2.1456;0;0;16.042;18.576;0;0;98.378;98.378;20.699;17.43;0;3.2685;17.43;0.1579;0.8421;0;112.7;0;0
30/11/21 12:00;73.563;38.201;12.848;79.661;10.339;90;10.339;330.6;322.5;8.1039;27.61;0.58;0;8.2376;317.96;1.9704;0;0.4563;328.62;0;328.62;8.2376;1.9704;317.96;0.4563;0.0251;0.9689;0;0.0014;325.8;2.8224;0;0;2.4414;0.381;312.64;12.837;0.0037;0.0009;12.816;0.017;325.47;0.3258;0.0082;0.002;0.3155;0.0001;312.72;8.2257;1.9675;302.39;0.0583;196.61;164.17;49.648;0.1049;1.919;27.604;0.0781;29.418;0;1;0;0;0.994;0.9914;1;1;0.9923;0.1651;0.9606;0.9996;1;0.9593;0.7747;0.999;0.999;1;0.999;0.999;0.9514;0.951;0.1278;0.9869;1.0001;0.006;0.0134;0.0555;0.0065;0.023;0.0051;0.8558;0;0;0;0;0;0;0;0;0;0;0;0;0;0;0;0;0.0185;0.0026;0.8695;0.8695;0;40.468;40.468;12.858;0.0411;858.25;1013.1;1;0.0138;0.0138;0;0;0;0;0;0;0.8558;0;0;16.785;19.437;0;0;98.418;98.418;7.887;6.9493;0;0.9377;6.9493;0.1189;0.8811;0;190.76;0;0
30/11/21 13:00;63.723;66.234;10.277;65.684;24.316;90;24.316;469.01;416;53.007;27.89;0.7199;0;58.167;380.83;19.197;0;3.5366;461.73;0;461.73;58.167;19.197;380.83;3.5366;0.126;0.8324;0;0.0077;446.59;15.145;0;0;12.119;3.026;433.69;12.448;0.0206;0.0068;12.315;0.1055;446.14;0.4466;0.0582;0.0192;0.3687;0.0005;434.64;58.088;19.171;356.03;0.4045;280.87;234.53;73.425;2.7611;2.7487;39.539;0.9543;39.527;0;1;0;0;0.9845;0.9672;1;1;0.9682;0.1444;0.9721;0.9996;1;0.9666;0.7931;0.999;0.999;1;0.999;0.999;0.9393;0.9349;0.1144;1.3866;1.3925;0.0084;0.0078;0.1029;0.0089;0.0316;0.0072;1.1771;0;0;0;0;0;0;0;0;0;0;0;0;0;0;0;0;0.0255;0.0046;1.1955;1.1955;0;45.77;45.77;17.88;0.0412;1196.2;999.35;1;0.0183;0.0183;0;0;0;0;0;0;1.1771;0;0;16.424;19.019;0;0;98.466;98.466;11.082;9.5542;0;1.5273;9.5542;0.1378;0.8622;0;242.12;0;0
30/11/21 14:00;51.962;80.502;5.8356;52.346;37.654;90;37.654;878;150.4;727.6;29.51;0.98;0;919.03;46.192;124.84;0;15.545;1105.6;0;1105.6;919.03;124.84;46.192;15.545;0.8312;0.0558;0;0.0141;1088.5;17.1;0;0;2.9415;14.159;1085.6;1.7666;0.1851;0.0251;1.3948;0.1616;1087.4;1.0885;0.919;0.1248;0.0433;0.0014;1089.8;917.92;124.69;41.813;1.2232;430.4;359.39;116.98;1.5331;3.7468;53.896;4.1541;56.11;0;1;0;0;1.2592;0.9845;1;1;0.9363;0.0892;0.9984;0.9998;1;0.9677;0.8833;0.999;0.999;1;0.999;0.999;0.982;0.9052;0.0787;3.3201;3.396;0.0204;0.0057;0.6036;0.0194;0.0687;0.0088;2.5456;0;0;0;0;0;0;0;0;0;0;0;0;0;0;0;0;0.0553;0.0248;2.5894;2.5894;0;75.286;75.286;45.775;0.0422;2924.1;885.55;1;0.0438;0.0438;0;0;0;0;0;0;2.5456;0;0;14.857;17.204;0;0;98.307;98.307;26.534;20.695;0;5.8399;20.695;0.2201;0.7799;0;32.262;0;0
30/11/21 15:00;39.746;90.195;0.1498;39.746;50.254;90;50.254;698.5;135.7;562.8;28.9;1.4201;0;880.22;41.583;132.89;0;21.41;1076.1;0;1076.1;880.22;132.89;41.583;21.41;0.818;0.0585;0;0.0199;1052;24.11;0;0;4.0558;20.054;1049.6;1.3071;0.0045;0.0007;1.2447;0.0571;1050.9;1.052;0.8802;0.1329;0.0375;0.0014;1054.3;879.33;132.76;36.245;1.2975;264.64;220.97;68.987;3.7273;2.6756;38.488;4.6867;37.436;0;1;0;0;1.5406;0.9776;1;1;0.9025;0.0633;0.9988;1;1;0.9668;0.9578;0.999;0.999;1;0.999;0.999;0.9754;0.8716;0.0606;3.2315;3.2566;0.0196;0.0032;0.5533;0.0188;0.0665;0.0063;2.4701;0;0;0;0;0;0;0;0;0;0;0;0;0;0;0;0;0.0536;0.0229;2.5124;2.5124;0;73.073;73.073;44.173;0.0421;2805.8;895.44;1;0.0423;0.0423;0;0;0;0;0;0;2.4701;0;0;14.811;17.15;0;0;98.316;98.316;25.826;20.079;0;5.7472;20.079;0.2225;0.7775;0;32.548;0;0
30/11/21 16:00;27.523;98.256;7.6476;27.768;60;90;60;402.61;202.2;200.41;27.79;1.3;0;429.83;104.86;133.79;0;17.111;685.6;0;685.6;429.83;133.79;104.86;17.111;0.6269;0.1779;0;0.025;656.33;29.275;0;0;13.225;16.05;652.21;3.4584;0.1134;0.0353;3.2375;0.0722;655.67;0.6563;0.4298;0.1338;0.0916;0.0011;655.83;429.29;133.62;88.31;0.9877;122.83;102.56;35.914;17.536;2.016;28.999;3.6223;13.48;0;1;0;0;1.7029;0.9573;1;1;0.8739;0.062;0.9947;0.9997;1;0.9646;0.9319;0.999;0.999;1;0.999;0.999;0.9513;0.8421;0.0577;2.0589;2.0364;0.0123;0.0001;0.215;0.0127;0.0449;0.0051;1.6742;0;0;0;0;0;0;0;0;0;0;0;0;0;0;0;0;0.0362;0.0094;1.7008;1.7008;0;54.835;54.835;27.045;0.0415;1753.7;969.83;1;0.0265;0.0265;0;0;0;0;0;0;1.6742;0;0;15.737;18.223;0;0;98.44;98.44;16.454;13.593;0;2.8618;13.593;0.1739;0.8261;0;91.291;0;0
30/11/21 17:00;15.536;105.91;49.49;16.123;26.214;90;26.214;82.104;80.702;1.4024;27.49;1.49;0;3.4012;76.266;0.729;0;0.7178;81.114;0;81.114;3.4012;0.729;76.266;0.7178;0.0419;0.9491;0;0.0088;77.757;3.3572;0;0;2.7376;0.6195;75.179;2.5005;0.0423;0.0091;2.4297;0.0195;77.679;0.0778;0.0034;0.0007;0.0735;0.0001;75.379;3.3555;0.7192;71.025;0.0786;49.048;40.955;12.848;0.7213;0.4938;7.1036;0.2001;6.8761;0;1;0;0;0.9879;0.9586;1;1;0.9641;0.1369;0.9678;0.9876;1;0.9669;0.8014;0.999;0.999;1;0.999;0.999;0.9268;0.9313;0.1096;0.2436;0.242;0.0015;0.0161;0.005;0.0015;0.0054;0.0013;0.2006;0;0;0;0;0;0;0;0;0;0;0;0;0;0;0;0;0.0044;0.0003;0.2065;0.2065;0;30.596;30.596;3.1063;0.0413;205.73;1003.8;1;0.0059;0.0059;0;0;0;0;0;0;0.2006;0;0;16.151;18.702;0;0;97.128;97.128;1.9467;1.6505;0;0.2963;1.6505;0.1522;0.8478;0;49.04;0;0
30/11/21 18:00;4.7541;113.3;78.404;5.174;7.4594;90;7.4594;21.605;21.3;0.3058;25.69;2.05;0;0.7416;21.154;0.1356;0;0.0155;22.046;0;22.046;0.7416;0.1356;21.154;0.0155;0.0336;0.9602;0;0.0007;21.939;0.1077;0;0;0.0947;0.013;20.79;1.127;0.1991;0.0364;0.891;0.0006;21.917;0.0219;0.0007;0.0001;0.0211;0;20.792;0.5418;0.099;20.147;0.002;12.613;10.532;3.1699;0.0018;0.1238;1.7804;0.0019;1.9023;0;1;0;0;1.0204;0.9951;1;1;0.9955;0.1645;0.9486;0.7313;1;0.9576;0.7754;0.999;0.999;1;0.999;0.999;0.943;0.9524;0.1274;0.0662;0.0664;0.0004;0.0092;0.0004;0.0004;0.0014;0.0003;0.0501;0;0;0;0;0;0;0;0;0;0;0;0;0;0;0;0;0.0011;0;0.0532;0.0532;0;26.56;26.56;0.8704;0.0419;55.164;963.84;1;0.0031;0.0031;0;0;0;0;0;0;0.0501;0;0;15.299;17.716;0;0;94.163;94.163;0.5291;0.4249;0;0.1042;0.4249;0.1969;0.8031;0;12.611;0;0
30/11/21 19:00;0;0;90;0;0;90;0;0;0;0;22.3;2.43;0;0;0;0;0;0;0;0;0;0;0;0;0;1;1;1;1;0;0;0;0;0;0;0;0;0;0;0;0;0;0;0;0;0;0;0;0;0;0;0;0;0;0;0;0;0;0;0;0;0;0;0;1;1;1;1;1;1;1;1;1;1;1;1;1;1;1;1;1;1;1;0;0;0;0;0;0;0;0;-0.0004;0.0004;0.088;0;-0.0884;0;0;0;0;0;0;0;0;0;0;0;0;0;0;0;0;0;0;0;-22.3;0;0;0;0;0.0004;0;0;0;0;0;0;0;-0.0004;-0.0884;0;0;0;0;0;0;0;0;0;-0.7063;0;0.7063;1;1;0;0;0;0
30/11/21 20:00;0;0;90;0;0;90;0;0;0;0;21.7;2.5499;0;0;0;0;0;0;0;0;0;0;0;0;0;1;1;1;1;0;0;0;0;0;0;0;0;0;0;0;0;0;0;0;0;0;0;0;0;0;0;0;0;0;0;0;0;0;0;0;0;0;0;0;1;1;1;1;1;1;1;1;1;1;1;1;1;1;1;1;1;1;1;0;0;0;0;0;0;0;0;0;0.0004;0.088;0;-0.0884;0;0;0;0;0;0;0;0;0;0;0;0;0;0;0;0;0;0;0;-21.7;0;0;0;0;0.0004;0;0;0;0;0;0;0;-0.0004;-0.0884;0;0;0;0;0;0;0;0;0;-0.7063;0;0.7063;1;1;0;0;0;0
30/11/21 21:00;0;0;90;0;0;90;0;0;0;0;21.55;2.5401;0;0;0;0;0;0;0;0;0;0;0;0;0;1;1;1;1;0;0;0;0;0;0;0;0;0;0;0;0;0;0;0;0;0;0;0;0;0;0;0;0;0;0;0;0;0;0;0;0;0;0;0;1;1;1;1;1;1;1;1;1;1;1;1;1;1;1;1;1;1;1;0;0;0;0;0;0;0;0;0;0.0004;0.088;0;-0.0884;0;0;0;0;0;0;0;0;0;0;0;0;0;0;0;0;0;0;0;-21.55;0;0;0;0;0.0004;0;0;0;0;0;0;0;-0.0004;-0.0884;0;0;0;0;0;0;0;0;0;-0.7063;0;0.7063;1;1;0;0;0;0
30/11/21 22:00;0;0;90;0;0;90;0;0;0;0;21.4;2.5301;0;0;0;0;0;0;0;0;0;0;0;0;0;1;1;1;1;0;0;0;0;0;0;0;0;0;0;0;0;0;0;0;0;0;0;0;0;0;0;0;0;0;0;0;0;0;0;0;0;0;0;0;1;1;1;1;1;1;1;1;1;1;1;1;1;1;1;1;1;1;1;0;0;0;0;0;0;0;0;0;0.0004;0.088;0;-0.0884;0;0;0;0;0;0;0;0;0;0;0;0;0;0;0;0;0;0;0;-21.4;0;0;0;0;0.0004;0;0;0;0;0;0;0;-0.0004;-0.0884;0;0;0;0;0;0;0;0;0;-0.7063;0;0.7063;1;1;0;0;0;0
30/11/21 23:00;0;0;90;0;0;90;0;0;0;0;20.8;2.6;0;0;0;0;0;0;0;0;0;0;0;0;0;1;1;1;1;0;0;0;0;0;0;0;0;0;0;0;0;0;0;0;0;0;0;0;0;0;0;0;0;0;0;0;0;0;0;0;0;0;0;0;1;1;1;1;1;1;1;1;1;1;1;1;1;1;1;1;1;1;1;0;0;0;0;0;0;0;0;0;0.0004;0.088;0;-0.0884;0;0;0;0;0;0;0;0;0;0;0;0;0;0;0;0;0;0;0;-20.8;0;0;0;0;0.0004;0;0;0;0;0;0;0;-0.0004;-0.0884;0;0;0;0;0;0;0;0;0;-0.7063;0;0.7063;1;1;0;0;0;0
01/12/21 00:00;0;0;90;0;0;90;0;0;0;0;20.38;2.6299;0;0;0;0;0;0;0;0;0;0;0;0;0;1;1;1;1;0;0;0;0;0;0;0;0;0;0;0;0;0;0;0;0;0;0;0;0;0;0;0;0;0;0;0;0;0;0;0;0;0;0;0;1;1;1;1;1;1;1;1;1;1;1;1;1;1;1;1;1;1;1;0;0;0;0;0;0;0;0;0;0.0004;0.088;0;-0.0884;0;0;0;0;0;0;0;0;0;0;0;0;0;0;0;0;0;0;0;-20.38;0;0;0;0;0.0004;0;0;0;0;0;0;0;-0.0004;-0.0884;0;0;0;0;0;0;0;0;0;-0.7063;0;0.7063;1;1;0;0;0;0
01/12/21 01:00;0;0;90;0;0;90;0;0;0;0;19.5;2.49;0;0;0;0;0;0;0;0;0;0;0;0;0;1;1;1;1;0;0;0;0;0;0;0;0;0;0;0;0;0;0;0;0;0;0;0;0;0;0;0;0;0;0;0;0;0;0;0;0;0;0;0;1;1;1;1;1;1;1;1;1;1;1;1;1;1;1;1;1;1;1;0;0;0;0;0;0;0;0;0;0.0004;0.088;0;-0.0884;0;0;0;0;0;0;0;0;0;0;0;0;0;0;0;0;0;0;0;-19.5;0;0;0;0;0.0004;0;0;0;0;0;0;0;-0.0004;-0.0884;0;0;0;0;0;0;0;0;0;-0.7063;0;0.7063;1;1;0;0;0;0
01/12/21 02:00;0;0;90;0;0;90;0;0;0;0;18.08;2.3701;0;0;0;0;0;0;0;0;0;0;0;0;0;1;1;1;1;0;0;0;0;0;0;0;0;0;0;0;0;0;0;0;0;0;0;0;0;0;0;0;0;0;0;0;0;0;0;0;0;0;0;0;1;1;1;1;1;1;1;1;1;1;1;1;1;1;1;1;1;1;1;0;0;0;0;0;0;0;0;0;0.0004;0.088;0;-0.0884;0;0;0;0;0;0;0;0;0;0;0;0;0;0;0;0;0;0;0;-18.08;0;0;0;0;0.0004;0;0;0;0;0;0;0;-0.0004;-0.0884;0;0;0;0;0;0;0;0;0;-0.7063;0;0.7063;1;1;0;0;0;0
01/12/21 03:00;0;0;90;0;0;90;0;0;0;0;16.78;2.3099;0;0;0;0;0;0;0;0;0;0;0;0;0;1;1;1;1;0;0;0;0;0;0;0;0;0;0;0;0;0;0;0;0;0;0;0;0;0;0;0;0;0;0;0;0;0;0;0;0;0;0;0;1;1;1;1;1;1;1;1;1;1;1;1;1;1;1;1;1;1;1;0;0;0;0;0;0;0;0;0;0.0004;0.088;0;-0.0884;0;0;0;0;0;0;0;0;0;0;0;0;0;0;0;0;0;0;0;-16.78;0;0;0;0;0.0004;0;0;0;0;0;0;0;-0.0004;-0.0884;0;0;0;0;0;0;0;0;0;-0.7063;0;0.7063;1;1;0;0;0;0
01/12/21 04:00;1.7762;-115.72;85.689;1.9714;2.8144;-90;-2.8144;0;0;0;15.9;2.36;0;0;0;0;0;0;0;0;0;0;0;0;0;1;1;1;1;0;0;0;0;0;0;0;0;0;0;0;0;0;0;0;0;0;0;0;0;0;0;0;0;0;0;0;0;0;0;0;0;0;0;0;1;1;1;1;1;1;1;1;1;1;1;1;1;1;1;1;1;1;1;0;0;0;0;0;0;0;0;0;0.0004;0.088;0;-0.0884;0;0;0;0;0;0;0;0;0;0;0;0;0;0;0;0;0;0;0;-15.9;0;0;0;0;0.0004;0;0;0;0;0;0;0;-0.0004;-0.0884;0;0;0;0;0;0;0;0;0;-0.7063;0;0.7063;1;1;0;0;0;0
01/12/21 05:00;9.112;-110.4;67.413;9.7104;14.436;-90;-14.436;153.6;25.297;128.3;16.38;3.1701;0;311.17;10.553;35.349;0;0.5092;357.58;0;357.58;311.17;35.349;10.553;0.5092;0.8702;0.0309;0;0.0014;357.02;0.5662;0;0;0.1416;0.4246;327.79;28.517;25.236;2.8668;0.3953;0.0189;356.3;0.714;0.6223;0.0707;0.0208;0.0002;327.79;285.31;32.412;9.9948;0.0655;7.109;5.6374;2.3917;0.012;0.0784;1.1284;0.0076;1.1948;0;1;0;0;2.328;0.9984;1;1;0.9866;0.1661;0.92;0.9187;1;0.962;0.7757;0.998;0.998;1;0.998;0.998;0.9167;0.9471;0.1286;1.0738;0.9897;0.006;0.0136;0.0167;0.0067;0.0237;0.0002;0;0;0.088;0;0.7985;0;0;0;0;0;0;0;0;0;0;0;0;0.0191;0.0025;0.9013;0.9013;0;29.735;29.735;13.355;0.0407;849.17;1061.4;1;0.0149;0.0149;0;0;0;0;0;0;0.8865;0.7985;0;15.99;18.516;14.165;16.403;98.352;98.352;8.582;7.2033;6.3813;1.3787;0.822;0.1606;0.0958;0.7436;6.409;0.7418;0
01/12/21 06:00;20.865;-102.67;30.252;21.34;40.612;-90;-40.612;134.91;127.5;7.4082;19.46;1.9299;0;17.967;110.48;4.5739;0;3.412;136.44;0;136.44;17.967;4.5739;110.48;3.412;0.1317;0.8348;0;0.025;125.42;11.021;0;0;7.8852;3.1354;121.8;3.3657;0.0212;0.0054;3.3152;0.0238;125.17;0.2508;0.0359;0.0091;0.2052;0.0006;122.93;17.91;4.5594;99.078;0.2522;79.154;62.769;27.608;4.7417;1.1094;15.959;1.1314;12.326;0;1;0;0;1.0113;0.9192;1;1;0.9286;0.0811;0.9731;0.9988;1;0.9676;0.9136;0.998;0.998;1;0.998;0.998;0.8927;0.8968;0.0739;0.4097;0.4039;0.0024;0.0179;-0.0008;0.0027;0.0095;0.003;0;0;0.088;0;0.2651;0;0;0;0;0;0;0;0;0;0;0;0;0.0077;0.0006;0.3608;0.3608;0;24.441;24.441;4.981;0.0409;344.01;1048.9;1;0.0078;0.0078;0;0;0;0;0;0;0.3531;0.2651;0;16.777;19.428;12.324;14.271;97.847;97.847;3.2745;2.8838;2.1184;0.3907;0.7654;0.1193;0.2337;0.647;79.109;0.5949;0
01/12/21 07:00;32.978;-94.964;4.1624;33.076;56.924;-90;-56.924;264.11;232.3;31.809;21.64;0.8701;0;58.283;172.08;17.689;0;12.597;260.65;0;260.65;58.283;17.689;172.08;12.597;0.2236;0.7085;0;0.0483;228.78;31.869;0;0;20.066;11.803;223.03;5.2876;0.0084;0.0025;5.2374;0.0393;228.32;0.4576;0.1166;0.0354;0.304;0.0016;227.76;58.158;17.651;146.47;0.7533;154.91;122.84;57.524;23.854;2.8914;41.592;4.724;20.629;0;1;0;0;0.9869;0.8777;1;1;0.8834;0.063;0.9768;0.9999;1;0.9655;0.9504;0.998;0.998;1;0.998;0.998;0.8557;0.8512;0.0598;0.7827;0.7737;0.0047;0.0162;0.016;0.0052;0.0183;0.0079;0;0;0.088;0;0.5895;0;0;0;0;0;0;0;0;0;0;0;0;0.0147;0.0016;0.6891;0.6891;0;30.761;30.761;9.1208;0.0409;659.53;1044.8;1;0.0116;0.0116;0;0;0;0;0;0;0.6775;0.5895;0;16.771;19.421;14.347;16.613;98.313;98.313;6.2555;5.5073;4.7111;0.7482;0.7962;0.1196;0.1273;0.7531;144.62;0.6727;0
01/12/21 08:00;45.233;-86.42;2.5203;45.289;44.711;-90;-44.711;687.4;147;540.4;25.12;0.6301;0;760.41;57.674;111.97;0;20.883;950.94;0;950.94;760.41;111.97;57.674;20.883;0.7996;0.0826;0;0.022;926.84;24.102;0;0;4.7376;19.365;923.1;1.8897;0.0661;0.0097;1.7209;0.093;924.98;1.8537;1.5208;0.2239;0.1059;0.003;928.41;758.83;111.74;51.11;1.4227;304.85;241.74;101.53;3.4498;3.6216;52.096;5.3123;52.268;0;1;0;0;1.3834;0.9747;1;1;0.9179;0.0727;0.998;0.9999;1;0.9674;0.9386;0.998;0.998;1;0.998;0.998;0.9707;0.8862;0.0681;2.8557;2.9061;0.0175;-0.0009;0.396;0.0175;0.0619;0.0089;0;0;0.088;0;2.2099;0;0;0;0;0;0;0;0;0;0;0;0;0.0498;0.0184;2.337;2.337;0;63.66;63.66;38.54;0.0418;2500.1;934.77;1;0.0391;0.0391;0;0;0;0;0;0;2.2979;2.2099;0;15.59;18.053;14.742;17.071;98.327;98.327;22.823;18.678;17.662;4.145;1.0158;0.1816;0.0445;0.7739;42.811;0.7434;0
01/12/21 09:00;57.338;-75.32;7.861;58.196;31.804;-90;-31.804;680;311.8;368.2;26.23;0.37;0;433.25;198.69;114.11;0;10.72;756.78;0;756.78;433.25;114.11;198.69;10.72;0.5725;0.2767;0;0.0142;737.61;19.17;0;0;9.6898;9.4802;729.67;6.4672;0.1174;0.0309;6.1151;0.2037;736.13;1.4752;0.8665;0.2282;0.378;0.0025;732.67;432.27;113.86;182.51;1.034;373.23;295.97;127.37;3.6842;4.2;60.415;3.0004;60.931;0;1;0;0;1.1129;0.9747;1;1;0.9512;0.1157;0.9912;0.9997;1;0.9676;0.8354;0.998;0.998;1;0.998;0.998;0.9642;0.9186;0.0964;2.2726;2.3341;0.0141;-0.0017;0.2597;0.0144;0.0512;0.0107;0;0;0.088;0;1.8137;0;0;0;0;0;0;0;0;0;0;0;0;0.0412;0.0121;1.9325;1.9325;0;56.521;56.521;30.291;0.0415;2008.6;962.08;1;0.0308;0.0308;0;0;0;0;0;0;1.9017;1.8137;0;16.199;18.758;15.203;17.605;98.408;98.408;18.163;15.444;14.495;2.7185;0.9492;0.1497;0.0523;0.7981;132.63;0.7531;0
01/12/21 10:00;68.591;-56.875;11.507;71.822;18.178;-90;-18.178;925.9;201.3;724.6;27.48;0.5599;0;762.66;87.637;117.27;0;4.8522;972.43;0;972.43;762.66;117.27;87.637;4.8522;0.7843;0.0951;0;0.005;966.64;5.7908;0;0;1.7336;4.0572;961.12;3.5804;0.3025;0.0465;3.055;0.1763;964.7;1.9333;1.5253;0.2345;0.1718;0.0016;962.25;760.84;116.99;82.677;0.617;528.99;419.49;177.91;0.2248;5.7976;83.396;1.1304;88.969;0;1;0;0;1.0502;0.994;1;1;0.9802;0.1638;0.9963;0.9996;1;0.9644;0.7777;0.998;0.998;1;0.998;0.998;0.9884;0.9434;0.1272;2.9202;3.074;0.0185;0.0007;0.4636;0.0181;0.0643;0.0141;0;0;0.088;0;2.2938;0;0;0;0;0;0;0;0;0;0;0;0;0.0518;0.0204;2.4225;2.4225;0;67.745;67.745;40.265;0.0419;2642.5;916.76;1;0.0407;0.0407;0;0;0;0;0;0;2.3818;2.2938;0;15.803;18.3;14.964;17.328;98.319;98.319;23.338;19.361;18.332;3.9775;1.0287;0.1704;0.0441;0.7855;54.004;0.7381;0
01/12/21 11:00;76.237;-16.736;13.169;85.965;4.0347;-90;-4.0347;760.09;403.9;356.19;28.23;1.01;0;357.08;298.19;105.6;0;0.1978;761.07;0;761.07;357.08;105.6;298.19;0.1978;0.4692;0.3921;0;0.0003;760.4;0.6681;0;0;0.5027;0.1655;745.57;13.312;0.1621;0.0479;13.094;0.0072;758.88;1.5208;0.7142;0.2112;0.5954;0.0001;745.57;356.2;105.34;284;0.0251;448.58;355.73;145.98;-0.0006;5.2215;75.109;0.0069;80.331;0;1;0;0;1.0013;0.9991;1;1;0.9983;0.1635;0.9825;0.9995;1;0.9559;0.777;0.998;0.998;1;0.998;0.998;0.9796;0.9524;0.1268;2.2855;2.4039;0.0145;-0.002;0.2909;0.0147;0.0521;0.0131;0;0;0.088;0;1.8466;0;0;0;0;0;0;0;0;0;0;0;0;0.042;0.0128;1.9658;1.9658;0;59.25;59.25;31.02;0.0416;2068;950.58;1;0.0312;0.0312;0;0;0;0;0;0;1.9346;1.8466;0;16.385;18.974;15.392;17.823;98.414;98.414;18.266;15.71;14.758;2.5551;0.9524;0.1399;0.0521;0.808;176.89;0.7524;0
01/12/21 12:00;73.74;38.251;12.702;79.764;10.236;90;10.236;1083.2;178.5;904.7;29.17;1.22;0;919.33;58.401;121.56;0;1.8102;1101.1;0;1101.1;919.33;121.56;58.401;1.8102;0.8349;0.0547;0;0.0016;1099.1;1.9523;0;0;0.441;1.5113;1094.1;2.8785;0.4026;0.0532;2.3555;0.0672;1097;2.1983;1.8387;0.2431;0.1159;0.0006;1094.4;917.09;121.27;55.488;0.2311;632.28;501.39;212.17;0.019;6.9442;99.89;0.338;106.82;0;1;0;0;1.0165;0.9982;1;1;0.9924;0.1651;0.9974;0.9996;1;0.9593;0.7747;0.998;0.998;1;0.998;0.998;0.9936;0.9501;0.1276;3.3066;3.5068;0.0211;0.0079;0.6229;0.02;0.0709;0.0163;0;0;0.088;0;2.5309;0;0;0;0;0;0;0;0;0;0;0;0;0.0571;0.0263;2.6645;2.6645;0;75.302;75.302;46.132;0.0422;3014.7;883.82;1;0.0455;0.0455;0;0;0;0;0;0;2.6189;2.5309;0;15.35;17.775;14.581;16.885;98.291;98.291;26.426;21.294;20.227;5.132;1.0673;0.1942;0.0404;0.7654;35.028;0.7167;0
01/12/21 13:00;63.883;66.406;10.148;65.807;24.193;90;24.193;1028.3;169.8;858.5;30.23;1.3;0;941.17;51.955;126.57;0;9.4832;1129.2;0;1129.2;941.17;126.57;51.955;9.4832;0.8335;0.0544;0;0.0084;1119.4;9.7496;0;0;1.6399;8.1097;1114.9;2.3379;0.3292;0.0443;1.6801;0.2843;1117.2;2.2389;1.8823;0.2531;0.1006;0.0027;1117.2;938.96;126.28;48.534;1.0864;568.87;451.12;191.83;0.3722;6.2105;89.335;2.364;95.173;0;1;0;0;1.0981;0.9914;1;1;0.9684;0.1448;0.9979;0.9996;1;0.9665;0.7926;0.998;0.998;1;0.998;0.998;0.9873;0.9342;0.1146;3.3909;3.5533;0.0214;0.009;0.657;0.0201;0.0711;0.0144;0;0;0.088;0;2.5425;0;0;0;0;0;0;0;0;0;0;0;0;0.0573;0.027;2.6761;2.6761;0;77.319;77.319;47.089;0.0422;3054.9;875.98;1;0.0456;0.0456;0;0;0;0;0;0;2.6305;2.5425;0;15.034;17.409;14.283;16.54;98.296;98.296;27.1;21.387;20.319;5.7131;1.0677;0.2108;0.0394;0.7498;33.007;0.7079;0
01/12/21 14:00;52.113;80.654;5.7234;52.483;37.517;90;37.517;851.81;161.6;690.2;30.78;1.32;0;870.18;54.777;126.72;0;18.499;1070.2;0;1070.2;870.18;126.72;54.777;18.499;0.8131;0.0685;0;0.0173;1049.9;20.307;0;0;3.4684;16.839;1045.7;2.045;0.1717;0.025;1.6529;0.1955;1047.8;2.0997;1.7404;0.2534;0.1026;0.0033;1050.9;868.27;126.44;49.553;1.4608;419.9;332.98;141.8;1.7955;4.6697;67.172;5.1677;70.047;0;1;0;0;1.2564;0.981;1;1;0.9367;0.0897;0.998;0.9998;1;0.9677;0.882;0.998;0.998;1;0.998;0.998;0.9772;0.9046;0.079;3.2137;3.3068;0.0199;0.004;0.583;0.0189;0.067;0.011;0;0;0.088;0;2.3951;0;0;0;0;0;0;0;0;0;0;0;0;0.054;0.0235;2.5254;2.5254;0;74.853;74.853;44.073;0.0421;2846.4;887.24;1;0.0424;0.0424;0;0;0;0;0;0;2.4831;2.3951;0;14.97;17.335;14.197;16.44;98.322;98.322;25.684;20.183;19.141;5.5008;1.0421;0.2142;0.0406;0.7453;38.215;0.7118;0
01/12/21 15:00;39.894;90.321;0.2465;39.894;50.106;90;50.106;664.7;162;502.7;31.01;1.2601;0;783.79;58.843;140.79;0;25.03;1008.5;0;1008.5;783.79;140.79;58.843;25.03;0.7772;0.0832;0;0.0248;979.3;29.156;0;0;5.7147;23.442;975.51;1.8344;0.0067;0.0012;1.7593;0.0673;977.34;1.9586;1.5676;0.2816;0.1063;0.0032;981.24;782.22;140.51;51.263;1.5181;259.64;205.89;85.616;5.2192;3.2885;47.304;5.7301;45.373;0;1;0;0;1.5172;0.9711;1;1;0.9029;0.0635;0.9981;1;1;0.9668;0.9576;0.998;0.998;1;0.998;0.998;0.9673;0.8712;0.0606;3.0284;3.0551;0.0184;0.0005;0.5084;0.0177;0.0628;0.0078;0;0;0.088;0;2.2418;0;0;0;0;0;0;0;0;0;0;0;0;0.0505;0.0202;2.3688;2.3688;0;72.024;72.024;41.014;0.042;2631.1;900.32;1;0.039;0.039;0;0;0;0;0;0;2.3298;2.2418;0;14.901;17.255;14.102;16.329;98.352;98.352;24.203;18.932;17.916;5.2715;1.0153;0.2178;0.0419;0.7402;45.989;0.7151;0
01/12/21 16:00;27.672;98.363;7.6843;27.925;60;90;60;430.7;181;249.7;30.54;1.14;0;532.84;83.843;147.68;0;22.612;786.97;0;786.97;532.84;147.68;83.843;22.612;0.6771;0.1353;0;0.0287;755.19;31.783;0;0;10.574;21.21;750.82;2.8615;0.1411;0.0391;2.5859;0.0953;753.68;1.5104;1.0657;0.2954;0.1465;0.0028;754.82;531.63;147.35;70.537;1.3039;112.68;89.357;41.795;14.023;1.89;27.187;3.9981;15.055;0;1;0;0;1.8272;0.9596;1;1;0.8739;0.062;0.9962;0.9997;1;0.9646;0.9319;0.998;0.998;1;0.998;0.998;0.9541;0.8413;0.0577;2.3633;2.3307;0.014;-0.0017;0.3042;0.0141;0.05;0.0047;0;0;0.088;0;1.7754;0;0;0;0;0;0;0;0;0;0;0;0;0.0403;0.0121;1.893;1.893;0;61.846;61.846;31.306;0.0417;2009.6;942;1;0.0296;0.0296;0;0;0;0;0;0;1.8634;1.7754;0;15.259;17.67;14.311;16.572;98.435;98.435;18.887;15.129;14.189;3.7582;0.9401;0.199;0.0498;0.7512;72.991;0.7323;0
01/12/21 17:00;15.69;106;49.015;16.289;26.573;90;26.573;152.6;138.2;14.403;29.42;0.9599;0;34.932;125.94;12.696;0;1.6927;175.26;0;175.26;34.932;12.696;125.94;1.6927;0.1993;0.7282;0;0.0097;169.18;6.084;0;0;4.6205;1.4635;164.22;4.6207;0.4238;0.154;3.9978;0.045;168.84;0.3384;0.0699;0.0254;0.2426;0.0005;164.65;34.439;12.516;117.08;0.1837;81.26;64.439;26.755;1.2497;1.0069;14.484;0.4293;14.241;0;1;0;0;1.1485;0.9653;1;1;0.9633;0.1354;0.9726;0.9878;1;0.967;0.8031;0.998;0.998;1;0.998;0.998;0.937;0.9296;0.1085;0.5263;0.5264;0.0032;0.018;0.0214;0.0034;0.012;0.0027;0;0;0.088;0;0.3588;0;0;0;0;0;0;0;0;0;0;0;0;0.0097;0.0009;0.4552;0.4552;0;36.185;36.185;6.7647;0.0412;450.01;1011.6;1;0.0084;0.0084;0;0;0;0;0;0;0.4468;0.3588;0;16.478;19.081;12.988;15.04;98.155;98.155;4.2063;3.6383;2.8679;0.568;0.7704;0.135;0.1832;0.6818;81.163;0.6421;0
01/12/21 18:00;4.9136;113.38;78.01;5.3505;7.7203;90;7.7203;1.0939;1.0939;0;25.5;1.0499;0;0;1.089;0;0;0.001;1.09;1.09;0;0;0;0;0;1;1;1;1;0;0;0;0;0;0;0;0;0;0;0;0;0;0;0;0;0;0;0;0;0;0;0;0;0;0;0;0;0;0;0;0;0;0;0;0;1;1;1;1;1;1;1;1;1;1;1;1;1;0;0;1;0;0;0;0;0;0;0;0;0;0;0;0.0004;0.088;0;-0.0884;0;0;0;0;0;0;0;0;0;0;0;0;0;0;0;0;0;0;0;-25.5;0;0;0;0;0.0004;0;0;0;0;0;0;0;-0.0004;-0.0884;0;0;0;0;0;0;0;0;0;-0.7063;0;0.7063;1;1;0;0;0;0
01/12/21 19:00;0;0;90;0;0;90;0;0;0;0;23.12;1.3699;0;0;0;0;0;0;0;0;0;0;0;0;0;1;1;1;1;0;0;0;0;0;0;0;0;0;0;0;0;0;0;0;0;0;0;0;0;0;0;0;0;0;0;0;0;0;0;0;0;0;0;0;1;1;1;1;1;1;1;1;1;1;1;1;1;1;1;1;1;1;1;0;0;0;0;0;0;0;0;0;0.0004;0.088;0;-0.0884;0;0;0;0;0;0;0;0;0;0;0;0;0;0;0;0;0;0;0;-23.12;0;0;0;0;0.0004;0;0;0;0;0;0;0;-0.0004;-0.0884;0;0;0;0;0;0;0;0;0;-0.7063;0;0.7063;1;1;0;0;0;0
01/12/21 20:00;0;0;90;0;0;90;0;0;0;0;22.05;1.64;0;0;0;0;0;0;0;0;0;0;0;0;0;1;1;1;1;0;0;0;0;0;0;0;0;0;0;0;0;0;0;0;0;0;0;0;0;0;0;0;0;0;0;0;0;0;0;0;0;0;0;0;1;1;1;1;1;1;1;1;1;1;1;1;1;1;1;1;1;1;1;0;0;0;0;0;0;0;0;0;0.0004;0.088;0;-0.0884;0;0;0;0;0;0;0;0;0;0;0;0;0;0;0;0;0;0;0;-22.05;0;0;0;0;0.0004;0;0;0;0;0;0;0;-0.0004;-0.0884;0;0;0;0;0;0;0;0;0;-0.7063;0;0.7063;1;1;0;0;0;0
01/12/21 21:00;0;0;90;0;0;90;0;0;0;0;21.66;1.8399;0;0;0;0;0;0;0;0;0;0;0;0;0;1;1;1;1;0;0;0;0;0;0;0;0;0;0;0;0;0;0;0;0;0;0;0;0;0;0;0;0;0;0;0;0;0;0;0;0;0;0;0;1;1;1;1;1;1;1;1;1;1;1;1;1;1;1;1;1;1;1;0;0;0;0;0;0;0;0;0;0.0004;0.088;0;-0.0884;0;0;0;0;0;0;0;0;0;0;0;0;0;0;0;0;0;0;0;-21.66;0;0;0;0;0.0004;0;0;0;0;0;0;0;-0.0004;-0.0884;0;0;0;0;0;0;0;0;0;-0.7063;0;0.7063;1;1;0;0;0;0
01/12/21 22:00;0;0;90;0;0;90;0;0;0;0;20.5;2.1;0;0;0;0;0;0;0;0;0;0;0;0;0;1;1;1;1;0;0;0;0;0;0;0;0;0;0;0;0;0;0;0;0;0;0;0;0;0;0;0;0;0;0;0;0;0;0;0;0;0;0;0;1;1;1;1;1;1;1;1;1;1;1;1;1;1;1;1;1;1;1;0;0;0;0;0;0;0;0;0;0.0004;0.088;0;-0.0884;0;0;0;0;0;0;0;0;0;0;0;0;0;0;0;0;0;0;0;-20.5;0;0;0;0;0.0004;0;0;0;0;0;0;0;-0.0004;-0.0884;0;0;0;0;0;0;0;0;0;-0.7063;0;0.7063;1;1;0;0;0;0
01/12/21 23:00;0;0;90;0;0;90;0;0;0;0;20.4;2.35;0;0;0;0;0;0;0;0;0;0;0;0;0;1;1;1;1;0;0;0;0;0;0;0;0;0;0;0;0;0;0;0;0;0;0;0;0;0;0;0;0;0;0;0;0;0;0;0;0;0;0;0;1;1;1;1;1;1;1;1;1;1;1;1;1;1;1;1;1;1;1;0;0;0;0;0;0;0;0;0;0.0004;0.088;0;-0.0884;0;0;0;0;0;0;0;0;0;0;0;0;0;0;0;0;0;0;0;-20.4;0;0;0;0;0.0004;0;0;0;0;0;0;0;-0.0004;-0.0884;0;0;0;0;0;0;0;0;0;-0.7063;0;0.7063;1;1;0;0;0;0
02/12/21 00:00;0;0;90;0;0;90;0;0;0;0;18.5;2.4699;0;0;0;0;0;0;0;0;0;0;0;0;0;1;1;1;1;0;0;0;0;0;0;0;0;0;0;0;0;0;0;0;0;0;0;0;0;0;0;0;0;0;0;0;0;0;0;0;0;0;0;0;1;1;1;1;1;1;1;1;1;1;1;1;1;1;1;1;1;1;1;0;0;0;0;0;0;0;0;0;0.0004;0.088;0;-0.0884;0;0;0;0;0;0;0;0;0;0;0;0;0;0;0;0;0;0;0;-18.5;0;0;0;0;0.0004;0;0;0;0;0;0;0;-0.0004;-0.0884;0;0;0;0;0;0;0;0;0;-0.7063;0;0.7063;1;1;0;0;0;0
02/12/21 01:00;0;0;90;0;0;90;0;0;0;0;17.19;2.52;0;0;0;0;0;0;0;0;0;0;0;0;0;1;1;1;1;0;0;0;0;0;0;0;0;0;0;0;0;0;0;0;0;0;0;0;0;0;0;0;0;0;0;0;0;0;0;0;0;0;0;0;1;1;1;1;1;1;1;1;1;1;1;1;1;1;1;1;1;1;1;0;0;0;0;0;0;0;0;0;0.0004;0.088;0;-0.0884;0;0;0;0;0;0;0;0;0;0;0;0;0;0;0;0;0;0;0;-17.19;0;0;0;0;0.0004;0;0;0;0;0;0;0;-0.0004;-0.0884;0;0;0;0;0;0;0;0;0;-0.7063;0;0.7063;1;1;0;0;0;0
02/12/21 02:00;0;0;90;0;0;90;0;0;0;0;17.07;2.5401;0;0;0;0;0;0;0;0;0;0;0;0;0;1;1;1;1;0;0;0;0;0;0;0;0;0;0;0;0;0;0;0;0;0;0;0;0;0;0;0;0;0;0;0;0;0;0;0;0;0;0;0;1;1;1;1;1;1;1;1;1;1;1;1;1;1;1;1;1;1;1;0;0;0;0;0;0;0;0;0;0.0004;0.088;0;-0.0884;0;0;0;0;0;0;0;0;0;0;0;0;0;0;0;0;0;0;0;-17.07;0;0;0;0;0.0004;0;0;0;0;0;0;0;-0.0004;-0.0884;0;0;0;0;0;0;0;0;0;-0.7063;0;0.7063;1;1;0;0;0;0
02/12/21 03:00;0;0;90;0;0;90;0;0;0;0;15.73;2.5301;0;0;0;0;0;0;0;0;0;0;0;0;0;1;1;1;1;0;0;0;0;0;0;0;0;0;0;0;0;0;0;0;0;0;0;0;0;0;0;0;0;0;0;0;0;0;0;0;0;0;0;0;1;1;1;1;1;1;1;1;1;1;1;1;1;1;1;1;1;1;1;0;0;0;0;0;0;0;0;0;0.0004;0.088;0;-0.0884;0;0;0;0;0;0;0;0;0;0;0;0;0;0;0;0;0;0;0;-15.73;0;0;0;0;0.0004;0;0;0;0;0;0;0;-0.0004;-0.0884;0;0;0;0;0;0;0;0;0;-0.7063;0;0.7063;1;1;0;0;0;0
02/12/21 04:00;1.798;-115.89;85.636;1.9984;2.8532;-90;-2.8532;0;0;0;14.63;2.57;0;0;0;0;0;0;0;0;0;0;0;0;0;1;1;1;1;0;0;0;0;0;0;0;0;0;0;0;0;0;0;0;0;0;0;0;0;0;0;0;0;0;0;0;0;0;0;0;0;0;0;0;1;1;1;1;1;1;1;1;1;1;1;1;1;1;1;1;1;1;1;0;0;0;0;0;0;0;0;0;0.0004;0.088;0;-0.0884;0;0;0;0;0;0;0;0;0;0;0;0;0;0;0;0;0;0;0;-14.63;0;0;0;0;0.0004;0;0;0;0;0;0;0;-0.0004;-0.0884;0;0;0;0;0;0;0;0;0;-0.7063;0;0.7063;1;1;0;0;0;0
02/12/21 05:00;9.1245;-110.57;67.381;9.7344;14.475;-90;-14.475;120.39;24;96.391;16.14;3.32;0;233.78;13.412;25.155;0;0.4013;272.74;0;272.74;233.78;25.155;13.412;0.4013;0.8571;0.0506;0;0.0015;272.23;0.5154;0;0;0.1808;0.3346;250.24;21.441;18.891;2.0327;0.502;0.0149;271.68;0.5445;0.4676;0.0503;0.0265;0.0001;250.26;214.42;23.072;12.703;0.0516;8.6698;6.8752;2.4172;0.0154;0.1282;1.844;0.012;1.9568;0;1;0;0;2.2655;0.9981;1;1;0.9865;0.1661;0.9211;0.919;1;0.962;0.7757;0.998;0.998;1;0.998;0.998;0.9175;0.9471;0.1286;0.8191;0.7576;0.0046;0.0164;0.0036;0.0051;0.0182;0.0004;0;0;0.088;0;0.5932;0;0;0;0;0;0;0;0;0;0;0;0;0.0147;0.0016;0.6932;0.6932;0;26.326;26.326;10.186;0.0407;649.04;1068;1;0.0119;0.0119;0;0;0;0;0;0;0.6812;0.5932;0;16.122;18.669;13.798;15.978;98.278;98.278;6.5459;5.5399;4.7412;1.006;0.7987;0.1537;0.122;0.7243;8.1467;0.7207;0
02/12/21 06:00;20.867;-102.85;30.245;21.356;40.672;-90;-40.672;327.11;63.3;263.81;19.58;1.6899;0;639.81;26.349;80.838;0;8.2964;755.29;0;755.29;639.81;80.838;26.349;8.2964;0.8471;0.0459;0;0.011;745.78;9.5096;0;0;1.8846;7.625;742.59;1.6964;0.7531;0.0951;0.7905;0.0576;744.29;1.4916;1.2796;0.1617;0.0489;0.0013;742.92;637.77;80.581;23.625;0.6124;20.332;16.123;6.8195;1.1385;0.2975;4.2792;0.3316;3.4382;0;1;0;0;2.309;0.9874;1;1;0.9285;0.0809;0.9977;0.9988;1;0.9676;0.914;0.998;0.998;1;0.998;0.998;0.9832;0.8966;0.0738;2.2681;2.2466;0.0135;-0.0013;0.1995;0.0142;0.0505;0.0008;0;0;0.088;0;1.7984;0;0;0;0;0;0;0;0;0;0;0;0;0.0407;0.0113;1.9174;1.9174;0;50.245;50.245;30.665;0.0413;1936.1;990.34;1;0.031;0.031;0;0;0;0;0;0;1.8864;1.7984;0;16.104;18.648;15.104;17.491;98.381;98.381;18.127;15.324;14.373;2.8029;0.9514;0.1546;0.0525;0.7929;18.876;0.7895;0
02/12/21 07:00;32.973;-95.168;4.3342;33.08;56.92;-90;-56.92;545.41;93.799;451.61;23.91;1.2799;0;827.41;29.727;101.39;0;26.01;984.53;0;984.53;827.41;101.39;29.727;26.01;0.8404;0.0566;0;0.0264;956.7;27.837;0;0;3.4662;24.371;953.66;1.1246;0.1236;0.0151;0.9048;0.0811;954.78;1.9134;1.6548;0.2028;0.0525;0.0033;958.21;825.63;101.17;25.304;1.5555;150.84;119.62;50.491;4.126;1.9329;27.803;4.5485;25.61;0;1;0;0;1.8051;0.9717;1;1;0.8834;0.063;0.9988;0.9999;1;0.9655;0.9505;0.998;0.998;1;0.998;0.998;0.9686;0.8512;0.0598;2.9566;2.9446;0.0177;-0.0006;0.4018;0.0177;0.0627;0.0048;0;0;0.088;0;2.2433;0;0;0;0;0;0;0;0;0;0;0;0;0.0505;0.0188;2.3712;2.3712;0;63.729;63.729;39.819;0.0418;2535.1;935.34;1;0.0399;0.0399;0;0;0;0;0;0;2.3313;2.2433;0;15.278;17.692;14.454;16.737;98.315;98.315;23.629;18.951;17.928;4.678;1.0225;0.198;0.0433;0.7587;24.983;0.743;0
02/12/21 08:00;45.228;-86.664;2.349;45.276;44.724;-90;-44.724;743.51;123.6;619.91;26.24;1.39;0;872.48;40.081;108;0;22.6;1043.2;0;1043.2;872.48;108;40.081;22.6;0.8364;0.0601;0;0.0217;1018.9;24.251;0;0;3.2938;20.957;1015.5;1.3759;0.0706;0.0087;1.196;0.1005;1016.9;2.0378;1.745;0.216;0.0736;0.0033;1021.1;870.67;107.78;35.518;1.5393;324.11;257.02;107.54;2.4019;3.7944;54.581;5.6443;55.974;0;1;0;0;1.403;0.9768;1;1;0.9178;0.0727;0.9986;0.9999;1;0.9674;0.9387;0.998;0.998;1;0.998;0.998;0.9735;0.8861;0.0681;3.1326;3.1906;0.0192;0.0022;0.4931;0.0187;0.0664;0.0092;0;0;0.088;0;2.3757;0;0;0;0;0;0;0;0;0;0;0;0;0.0535;0.022;2.5063;2.5063;0;68.824;68.824;42.583;0.0419;2746.4;912.58;1;0.0426;0.0426;0;0;0;0;0;0;2.4637;2.3757;0;15.241;17.649;14.447;16.729;98.3;98.3;25.036;20.031;18.987;5.0053;1.0438;0.1999;0.0417;0.7584;29.755;0.7298;0
02/12/21 09:00;57.342;-75.638;7.6924;58.163;31.837;-90;-31.837;902.79;149.1;753.69;27.51;1.4;0;887.17;50.122;111.7;0;14.262;1063.3;0;1063.3;887.17;111.7;50.122;14.262;0.8344;0.0606;0;0.0134;1048.2;15.062;0;0;2.4484;12.614;1044;2.0776;0.2353;0.0296;1.5424;0.2703;1046.1;2.0964;1.7743;0.2234;0.0953;0.0033;1047.8;885.16;111.45;46.036;1.3742;472.22;374.47;162.27;0.9357;4.9991;71.91;3.7956;75.973;0;1;0;0;1.1777;0.9858;1;1;0.9512;0.1155;0.998;0.9997;1;0.9676;0.8356;0.998;0.998;1;0.998;0.998;0.9819;0.9185;0.0964;3.193;3.3075;0.0199;0.004;0.5414;0.0192;0.0681;0.0119;0;0;0.088;0;2.433;0;0;0;0;0;0;0;0;0;0;0;0;0.0548;0.0235;2.5647;2.5647;0;71.385;71.385;43.875;0.042;2846.3;901.07;1;0.0437;0.0437;0;0;0;0;0;0;2.521;2.433;0;15.301;17.719;14.516;16.809;98.297;98.297;25.518;20.497;19.444;5.0214;1.0524;0.1968;0.0412;0.762;33.466;0.7253;0
02/12/21 10:00;68.627;-57.335;11.344;71.765;18.235;-90;-18.235;1010.8;167.1;843.7;29.29;1.4301;0;888.31;57.968;113.33;0;5.3301;1064.9;0;1064.9;888.31;113.33;57.968;5.3301;0.8341;0.0594;0;0.005;1059.3;5.6098;0;0;1.1527;4.4571;1054.6;2.6038;0.3474;0.0443;2.0185;0.1936;1057.2;2.1187;1.7766;0.2267;0.1136;0.0017;1055.9;886.19;113.06;54.683;0.6776;576.09;456.84;190.42;0.1509;6.5243;93.849;1.2804;100.22;0;1;0;0;1.0536;0.9947;1;1;0.9801;0.1638;0.9975;0.9996;1;0.9644;0.7778;0.998;0.998;1;0.998;0.998;0.9903;0.9433;0.1271;3.198;3.3781;0.0203;0.0053;0.5809;0.0194;0.0688;0.0154;0;0;0.088;0;2.4561;0;0;0;0;0;0;0;0;0;0;0;0;0.0554;0.0245;2.588;2.588;0;73.696;73.696;44.405;0.0421;2905.1;890.86;1;0.044;0.044;0;0;0;0;0;0;2.5441;2.4561;0;15.416;17.852;14.63;16.942;98.302;98.302;25.559;20.683;19.629;4.875;1.0546;0.1907;0.0413;0.768;35.73;0.7205;0
02/12/21 11:00;76.358;-17.25;13.017;85.884;4.1165;-90;-4.1165;1064.7;176.4;888.29;29.9;1.5101;0;890.59;61.682;114.94;0;0.2884;1067.5;0;1067.5;890.59;114.94;61.682;0.2884;0.8343;0.0581;0;0.0003;1067.1;0.3484;0;0;0.1072;0.2412;1061.8;3.1679;0.3996;0.0516;2.7062;0.0105;1065;2.1343;1.7812;0.2299;0.1231;0.0001;1061.9;888.41;114.66;58.745;0.0366;626.96;497.18;207.8;0;7.053;101.45;0.0164;108.51;0;1;0;0;1.0026;0.9997;1;1;0.9983;0.1636;0.997;0.9996;1;0.956;0.777;0.998;0.998;1;0.998;0.998;0.9947;0.9524;0.1268;3.2057;3.4121;0.0205;0.006;0.5984;0.0195;0.0692;0.0166;0;0;0.088;0;2.4691;0;0;0;0;0;0;0;0;0;0;0;0;0.0557;0.0249;2.6013;2.6013;0;74.646;74.646;44.746;0.0421;2933.6;886.72;1;0.0442;0.0442;0;0;0;0;0;0;2.5571;2.4691;0;15.458;17.9;14.673;16.991;98.303;98.303;25.62;20.789;19.733;4.8306;1.0562;0.1885;0.0412;0.7702;36.593;0.7191;0
02/12/21 12:00;73.911;38.283;12.564;79.869;10.131;90;10.131;1035.8;181.2;854.6;31.04;1.6099;0;868.14;66.095;116.4;0;1.6959;1052.3;0;1052.3;868.14;116.4;66.095;1.6959;0.825;0.0644;0;0.0016;1050.4;1.9065;0;0;0.4906;1.4159;1045.2;3.1597;0.376;0.0504;2.6704;0.0629;1048.3;2.1008;1.7363;0.2328;0.1312;0.0006;1045.5;866.03;116.12;62.803;0.2165;604.86;479.66;202.84;0.0206;6.6521;95.688;0.3148;102.32;0;1;0;0;1.016;0.9982;1;1;0.9926;0.1651;0.997;0.9996;1;0.9592;0.7748;0.998;0.998;1;0.998;0.998;0.9932;0.9502;0.1276;3.1601;3.3506;0.0202;0.0048;0.5935;0.0191;0.0678;0.0156;0;0;0.088;0;2.4199;0;0;0;0;0;0;0;0;0;0;0;0;0.0546;0.0241;2.5509;2.5509;0;75.098;75.098;44.059;0.0422;2881.4;885.3;1;0.0429;0.0429;0;0;0;0;0;0;2.5079;2.4199;0;15.377;17.806;14.588;16.892;98.317;98.317;25.256;20.387;19.34;4.8693;1.0464;0.1928;0.0414;0.7658;39.632;0.717;0
02/12/21 13:00;64.04;66.564;10.026;65.93;24.07;90;24.07;973.7;174;799.7;32.02;1.6899;0;875.86;61.187;120.51;0;8.8899;1066.4;0;1066.4;875.86;120.51;61.187;8.8899;0.8213;0.0657;0;0.0083;1056.9;9.5137;0;0;1.9155;7.5981;1052.2;2.5931;0.3027;0.0417;1.9807;0.268;1054.8;2.1139;1.7517;0.241;0.1185;0.0026;1054.5;873.8;120.23;57.172;1.0211;539.77;428.04;179.67;0.4299;6.05;87.027;2.2681;92.647;0;1;0;0;1.0953;0.9911;1;1;0.9687;0.1453;0.9975;0.9997;1;0.9665;0.7921;0.998;0.998;1;0.998;0.998;0.9867;0.9344;0.1149;3.2025;3.3595;0.0202;0.005;0.6113;0.0191;0.0676;0.0141;0;0;0.088;0;2.413;0;0;0;0;0;0;0;0;0;0;0;0;0.0544;0.0242;2.5436;2.5436;0;76.426;76.426;44.406;0.0422;2889.7;880.22;1;0.0426;0.0426;0;0;0;0;0;0;2.501;2.413;0;15.13;17.521;14.353;16.621;98.324;98.324;25.595;20.328;19.284;5.2663;1.044;0.2058;0.0408;0.7535;38.845;0.7101;0
02/12/21 14:00;52.261;80.796;5.6184;52.62;37.38;90;37.38;854.99;161.2;693.79;32.74;1.6899;0;873.1;54.425;126.54;0;18.437;1072.5;0;1072.5;873.1;126.54;54.425;18.437;0.8141;0.0679;0;0.0172;1052.3;20.2;0;0;3.4266;16.773;1048.2;2.0346;0.1691;0.0245;1.6427;0.1983;1050.2;2.1046;1.7462;0.2531;0.102;0.0033;1053.3;871.19;126.26;49.253;1.4624;422.11;334.73;142.54;1.7618;4.6918;67.49;5.1479;70.42;0;1;0;0;1.2544;0.9812;1;1;0.937;0.0903;0.9981;0.9998;1;0.9677;0.8806;0.998;0.998;1;0.998;0.998;0.9773;0.905;0.0793;3.2207;3.3147;0.02;0.0042;0.6103;0.0188;0.0665;0.0109;0;0;0.088;0;2.3772;0;0;0;0;0;0;0;0;0;0;0;0;0.0536;0.0236;2.5069;2.5069;0;76.995;76.995;44.255;0.0422;2853.1;878.64;1;0.0417;0.0417;0;0;0;0;0;0;2.4652;2.3772;0;14.828;17.17;14.06;16.282;98.335;98.335;25.74;20.035;18.998;5.705;1.0368;0.2216;0.0403;0.7381;37.926;0.7049;0
02/12/21 15:00;40.04;90.439;0.3361;40.041;49.959;90;49.959;664.1;164.8;499.3;32.29;1.57;0;776.11;60.691;141.36;0;24.871;1003;0;1003;776.11;141.36;60.691;24.871;0.7738;0.0853;0;0.0248;973.87;29.158;0;0;5.8692;23.289;970.03;1.8922;0.009;0.0016;1.8142;0.0674;971.92;1.9477;1.5522;0.2827;0.1096;0.0032;975.74;774.55;141.07;52.898;1.5111;261.16;207.1;86.283;5.3284;3.3023;47.503;5.7112;45.477;0;1;0;0;1.5104;0.9709;1;1;0.9033;0.0636;0.9981;1;1;0.9668;0.9573;0.998;0.998;1;0.998;0.998;0.9671;0.8716;0.0608;3.0121;3.039;0.0183;0.0003;0.5178;0.0175;0.0621;0.0078;0;0;0.088;0;2.2186;0;0;0;0;0;0;0;0;0;0;0;0;0.05;0.02;2.345;2.345;0;73.11;73.11;40.82;0.0421;2617.4;895.92;1;0.0384;0.0384;0;0;0;0;0;0;2.3066;2.2186;0;14.831;17.174;14.032;16.249;98.364;98.364;24.073;18.741;17.731;5.3313;1.01;0.2215;0.042;0.7366;47.364;0.7114;0
02/12/21 16:00;27.82;98.461;7.7186;28.08;60;90;60;450.29;165.4;284.89;32.34;1.22;0;604.91;70.212;152.42;0;23.64;851.18;0;851.18;604.91;152.42;70.212;23.64;0.7107;0.1103;0;0.0278;820.15;31.029;0;0;8.8547;22.175;816.04;2.4666;0.161;0.0406;2.1655;0.0996;818.51;1.6403;1.2098;0.3048;0.1227;0.0029;819.81;603.53;152.07;59.069;1.3632;107.07;84.907;39.728;11.744;1.6922;24.341;3.7723;14.29;0;1;0;0;1.8903;0.9635;1;1;0.8739;0.062;0.997;0.9997;1;0.9646;0.9319;0.998;0.998;1;0.998;0.998;0.9587;0.8413;0.0577;2.5561;2.5205;0.0152;-0.0022;0.3708;0.015;0.053;0.0041;0;0;0.088;0;1.8884;0;0;0;0;0;0;0;0;0;0;0;0;0.0427;0.0141;2.0078;2.0078;0;66.494;66.494;34.153;0.0419;2172.8;924.07;1;0.0314;0.0314;0;0;0;0;0;0;1.9764;1.8884;0;14.964;17.328;14.074;16.297;98.435;98.435;20.428;16.047;15.092;4.3817;0.9545;0.2145;0.0467;0.7388;61.124;0.7233;0
02/12/21 17:00;15.842;106.08;48.543;16.452;26.932;90;26.932;220.6;145.6;75.007;32.78;0.6399;0;181.91;110.8;68.982;0;2.5121;364.21;0;364.21;181.91;68.982;110.8;2.5121;0.4995;0.3111;0;0.0069;357.88;6.3287;0;0;4.1531;2.1757;350.62;6.5487;2.157;0.8179;3.5083;0.0655;357.16;0.7158;0.3638;0.138;0.2133;0.0007;351.01;179.39;68.027;102.93;0.2702;72.073;57.154;23.836;1.1526;0.8891;12.789;0.3908;12.526;0;1;0;0;1.651;0.9826;1;1;0.9625;0.1339;0.9817;0.9881;1;0.967;0.8048;0.998;0.998;1;0.998;0.998;0.9627;0.9289;0.1076;1.0937;1.0842;0.0065;0.0123;0.0868;0.0069;0.0243;0.0023;0;0;0.088;0;0.8204;0;0;0;0;0;0;0;0;0;0;0;0;0.0196;0.003;0.9226;0.9226;0;47.272;47.272;14.492;0.0413;933.09;988.78;1;0.0142;0.0142;0;0;0;0;0;0;0.9084;0.8204;0;16.07;18.608;14.289;16.547;98.459;98.459;8.741;7.3736;6.5567;1.3674;0.8169;0.1564;0.0935;0.7501;71.566;0.7309;0
02/12/21 18:00;5.0708;113.45;77.622;5.5244;7.9777;90;7.9777;10.9;10.803;0.0973;29.02;0.67;0;0.2361;10.742;0.0205;0;0.0111;11.01;0;11.01;0.2361;0.0205;10.742;0.0111;0.0214;0.9767;0;0.001;10.947;0.0629;0;0;0.0537;0.0093;10.413;0.5122;0.0581;0.005;0.4487;0.0004;10.925;0.0219;0.0005;0;0.0214;0;10.414;0.1776;0.0154;10.219;0.0014;6.4111;5.084;2.0222;0.0013;0.0789;1.1346;0.0015;1.2122;0;1;0;0;1.0101;0.9943;1;1;0.995;0.1647;0.9531;0.7536;1;0.9579;0.7752;0.998;0.998;1;0.998;0.998;0.9458;0.9512;0.1274;0.0331;0.0338;0.0002;0.0064;0.0005;0.0002;0.0007;0.0002;0;0;0.088;0;-0.0654;0;0;0;0;0;0;0;0;0;0;0;0;0.0005;0;0.0251;0.0251;0;29.462;29.462;0.4424;0.0425;27.316;917.14;1;0.0024;0.0024;0;0;0;0;0;0;0.0226;-0.0654;0;14.435;16.715;-37.662;-43.612;90.346;90.346;0.2642;0.2002;-0.5224;0.064;0.7226;0.2423;2.7347;0;6.4105;0;0
02/12/21 19:00;0;0;90;0;0;90;0;0;0;0;24.22;1.5901;0;0;0;0;0;0;0;0;0;0;0;0;0;1;1;1;1;0;0;0;0;0;0;0;0;0;0;0;0;0;0;0;0;0;0;0;0;0;0;0;0;0;0;0;0;0;0;0;0;0;0;0;1;1;1;1;1;1;1;1;1;1;1;1;1;1;1;1;1;1;1;0;0;0;0;0;0;0;0;0;0.0004;0.088;0;-0.0884;0;0;0;0;0;0;0;0;0;0;0;0;0;0;0;0;0;0;0;-24.22;0;0;0;0;0.0004;0;0;0;0;0;0;0;-0.0004;-0.0884;0;0;0;0;0;0;0;0;0;-0.7063;0;0.7063;1;1;0;0;0;0
02/12/21 20:00;0;0;90;0;0;90;0;0;0;0;22.6;1.8;0;0;0;0;0;0;0;0;0;0;0;0;0;1;1;1;1;0;0;0;0;0;0;0;0;0;0;0;0;0;0;0;0;0;0;0;0;0;0;0;0;0;0;0;0;0;0;0;0;0;0;0;1;1;1;1;1;1;1;1;1;1;1;1;1;1;1;1;1;1;1;0;0;0;0;0;0;0;0;0;0.0004;0.088;0;-0.0884;0;0;0;0;0;0;0;0;0;0;0;0;0;0;0;0;0;0;0;-22.6;0;0;0;0;0.0004;0;0;0;0;0;0;0;-0.0004;-0.0884;0;0;0;0;0;0;0;0;0;-0.7063;0;0.7063;1;1;0;0;0;0
02/12/21 21:00;0;0;90;0;0;90;0;0;0;0;23.74;1.79;0;0;0;0;0;0;0;0;0;0;0;0;0;1;1;1;1;0;0;0;0;0;0;0;0;0;0;0;0;0;0;0;0;0;0;0;0;0;0;0;0;0;0;0;0;0;0;0;0;0;0;0;1;1;1;1;1;1;1;1;1;1;1;1;1;1;1;1;1;1;1;0;0;0;0;0;0;0;0;0;0.0004;0.088;0;-0.0884;0;0;0;0;0;0;0;0;0;0;0;0;0;0;0;0;0;0;0;-23.74;0;0;0;0;0.0004;0;0;0;0;0;0;0;-0.0004;-0.0884;0;0;0;0;0;0;0;0;0;-0.7063;0;0.7063;1;1;0;0;0;0
02/12/21 22:00;0;0;90;0;0;90;0;0;0;0;22.54;2.2201;0;0;0;0;0;0;0;0;0;0;0;0;0;1;1;1;1;0;0;0;0;0;0;0;0;0;0;0;0;0;0;0;0;0;0;0;0;0;0;0;0;0;0;0;0;0;0;0;0;0;0;0;1;1;1;1;1;1;1;1;1;1;1;1;1;1;1;1;1;1;1;0;0;0;0;0;0;0;0;0;0.0004;0.088;0;-0.0884;0;0;0;0;0;0;0;0;0;0;0;0;0;0;0;0;0;0;0;-22.54;0;0;0;0;0.0004;0;0;0;0;0;0;0;-0.0004;-0.0884;0;0;0;0;0;0;0;0;0;-0.7063;0;0.7063;1;1;0;0;0;0
02/12/21 23:00;0;0;90;0;0;90;0;0;0;0;21.37;2.36;0;0;0;0;0;0;0;0;0;0;0;0;0;1;1;1;1;0;0;0;0;0;0;0;0;0;0;0;0;0;0;0;0;0;0;0;0;0;0;0;0;0;0;0;0;0;0;0;0;0;0;0;1;1;1;1;1;1;1;1;1;1;1;1;1;1;1;1;1;1;1;0;0;0;0;0;0;0;0;0;0.0004;0.088;0;-0.0884;0;0;0;0;0;0;0;0;0;0;0;0;0;0;0;0;0;0;0;-21.37;0;0;0;0;0.0004;0;0;0;0;0;0;0;-0.0004;-0.0884;0;0;0;0;0;0;0;0;0;-0.7063;0;0.7063;1;1;0;0;0;0
03/12/21 00:00;0;0;90;0;0;90;0;0;0;0;20.01;2.3199;0;0;0;0;0;0;0;0;0;0;0;0;0;1;1;1;1;0;0;0;0;0;0;0;0;0;0;0;0;0;0;0;0;0;0;0;0;0;0;0;0;0;0;0;0;0;0;0;0;0;0;0;1;1;1;1;1;1;1;1;1;1;1;1;1;1;1;1;1;1;1;0;0;0;0;0;0;0;0;0;0.0004;0.088;0;-0.0884;0;0;0;0;0;0;0;0;0;0;0;0;0;0;0;0;0;0;0;-20.01;0;0;0;0;0.0004;0;0;0;0;0;0;0;-0.0004;-0.0884;0;0;0;0;0;0;0;0;0;-0.7063;0;0.7063;1;1;0;0;0;0
03/12/21 01:00;0;0;90;0;0;90;0;0;0;0;18.49;2.11;0;0;0;0;0;0;0;0;0;0;0;0;0;1;1;1;1;0;0;0;0;0;0;0;0;0;0;0;0;0;0;0;0;0;0;0;0;0;0;0;0;0;0;0;0;0;0;0;0;0;0;0;1;1;1;1;1;1;1;1;1;1;1;1;1;1;1;1;1;1;1;0;0;0;0;0;0;0;0;0;0.0004;0.088;0;-0.0884;0;0;0;0;0;0;0;0;0;0;0;0;0;0;0;0;0;0;0;-18.49;0;0;0;0;0.0004;0;0;0;0;0;0;0;-0.0004;-0.0884;0;0;0;0;0;0;0;0;0;-0.7063;0;0.7063;1;1;0;0;0;0
03/12/21 02:00;0;0;90;0;0;90;0;0;0;0;17.59;1.8301;0;0;0;0;0;0;0;0;0;0;0;0;0;1;1;1;1;0;0;0;0;0;0;0;0;0;0;0;0;0;0;0;0;0;0;0;0;0;0;0;0;0;0;0;0;0;0;0;0;0;0;0;1;1;1;1;1;1;1;1;1;1;1;1;1;1;1;1;1;1;1;0;0;0;0;0;0;0;0;0;0.0004;0.088;0;-0.0884;0;0;0;0;0;0;0;0;0;0;0;0;0;0;0;0;0;0;0;-17.59;0;0;0;0;0.0004;0;0;0;0;0;0;0;-0.0004;-0.0884;0;0;0;0;0;0;0;0;0;-0.7063;0;0.7063;1;1;0;0;0;0
03/12/21 03:00;0;0;90;0;0;90;0;0;0;0;16.4;1.5101;0;0;0;0;0;0;0;0;0;0;0;0;0;1;1;1;1;0;0;0;0;0;0;0;0;0;0;0;0;0;0;0;0;0;0;0;0;0;0;0;0;0;0;0;0;0;0;0;0;0;0;0;1;1;1;1;1;1;1;1;1;1;1;1;1;1;1;1;1;1;1;0;0;0;0;0;0;0;0;0;0.0004;0.088;0;-0.0884;0;0;0;0;0;0;0;0;0;0;0;0;0;0;0;0;0;0;0;-16.4;0;0;0;0;0.0004;0;0;0;0;0;0;0;-0.0004;-0.0884;0;0;0;0;0;0;0;0;0;-0.7063;0;0.7063;1;1;0;0;0;0
03/12/21 04:00;1.814;-116.06;85.597;2.019;2.8827;-90;-2.8827;0.293;0.293;0;15.3;1.1901;0;0;0.2928;0;0;0;0.2929;0.2929;0;0;0;0;0;1;1;1;1;0;0;0;0;0;0;0;0;0;0;0;0;0;0;0;0;0;0;0;0;0;0;0;0;0;0;0;0;0;0;0;0;0;0;0;0;1;1;1;1;1;1;1;1;1;1;1;1;1;0;0;1;0;0;0;0;0;0;0;0;0;0;0;0.0004;0.088;0;-0.0884;0;0;0;0;0;0;0;0;0;0;0;0;0;0;0;0;0;0;0;-15.3;0;0;0;0;0.0004;0;0;0;0;0;0;0;-0.0004;-0.0884;0;0;0;0;0;0;0;0;0;-0.7063;0;0.7063;1;1;0;0;0;0
03/12/21 05:00;9.1312;-110.74;67.363;9.7522;14.504;-90;-14.504;120.39;24.1;96.292;17.23;1.1001;0;233.53;13.488;25.208;0;0.4029;272.63;0;272.63;233.53;25.208;13.488;0.4029;0.8566;0.0509;0;0.0015;272.11;0.5184;0;0;0.1824;0.3359;250.18;21.387;18.835;2.033;0.5046;0.015;271.57;0.5442;0.4671;0.0504;0.0266;0.0001;250.19;214.23;23.125;12.774;0.0518;8.7163;6.912;2.8702;0.0156;0.1003;1.4425;0.0098;1.5272;0;1;0;0;2.2646;0.9981;1;1;0.9865;0.1661;0.9212;0.9192;1;0.962;0.7757;0.998;0.998;1;0.998;0.998;0.9177;0.9471;0.1286;0.8187;0.7566;0.0046;0.0164;0.0066;0.0051;0.0181;0.0003;0;0;0.088;0;0.5896;0;0;0;0;0;0;0;0;0;0;0;0;0.0146;0.0016;0.6895;0.6895;0;27.423;27.423;10.193;0.0407;648.22;1063.6;1;0.0118;0.0118;0;0;0;0;0;0;0.6776;0.5896;0;16.042;18.577;13.719;15.887;98.283;98.283;6.5432;5.5102;4.7123;1.033;0.7979;0.1579;0.1219;0.7202;8.1935;0.7173;0
03/12/21 06:00;20.863;-103.03;30.262;21.365;40.71;-90;-40.71;324.1;65.103;259;20.39;1.1999;0;628.14;27.645;81.617;0;8.2348;745.63;0;745.63;628.14;81.617;27.645;8.2348;0.8424;0.0481;0;0.011;736.09;9.5491;0;0;1.98;7.5691;732.88;1.7289;0.7457;0.0969;0.8294;0.0569;734.61;1.4722;1.2563;0.1632;0.0513;0.0013;733.23;626.14;81.357;24.784;0.6074;21.245;16.847;7.1434;1.1982;0.3102;4.4627;0.3448;3.5747;0;1;0;0;2.3006;0.9872;1;1;0.9284;0.0808;0.9976;0.9988;1;0.9676;0.9143;0.998;0.998;1;0.998;0.998;0.9829;0.8965;0.0738;2.2391;2.2178;0.0134;-0.0012;0.2003;0.014;0.0498;0.0008;0;0;0.088;0;1.7711;0;0;0;0;0;0;0;0;0;0;0;0;0.0401;0.011;1.8895;1.8895;0;50.665;50.665;30.276;0.0413;1911.3;988.6;1;0.0305;0.0305;0;0;0;0;0;0;1.8591;1.7711;0;16.076;18.615;15.068;17.448;98.387;98.387;17.895;15.101;14.154;2.794;0.9469;0.1561;0.0529;0.791;19.811;0.7874;0
03/12/21 07:00;32.963;-95.367;4.501;33.078;56.922;-90;-56.922;544;94.098;449.9;24.23;2.2499;0;824.32;29.983;101.33;0;25.945;981.58;0;981.58;824.32;101.33;29.983;25.945;0.8398;0.057;0;0.0264;953.78;27.805;0;0;3.4962;24.309;950.73;1.1371;0.1279;0.0157;0.9126;0.0809;951.87;1.9076;1.6486;0.2027;0.053;0.0033;955.28;822.55;101.11;25.522;1.5515;150.61;119.43;50.422;4.1619;1.932;27.791;4.5424;25.561;0;1;0;0;1.8044;0.9717;1;1;0.8834;0.063;0.9988;0.9998;1;0.9655;0.9505;0.998;0.998;1;0.998;0.998;0.9686;0.8512;0.0598;2.9477;2.9358;0.0177;-0.0007;0.4028;0.0176;0.0625;0.0048;0;0;0.088;0;2.2344;0;0;0;0;0;0;0;0;0;0;0;0;0.0503;0.0187;2.3621;2.3621;0;63.933;63.933;39.703;0.0418;2527.6;934.54;1;0.0397;0.0397;0;0;0;0;0;0;2.3224;2.2344;0;15.266;17.677;14.44;16.721;98.319;98.319;23.558;18.878;17.857;4.68;1.0206;0.1987;0.0433;0.758;25.198;0.7423;0
03/12/21 08:00;45.217;-86.9;2.1831;45.259;44.741;-90;-44.741;747.8;123.6;624.2;27.1;3.0399;0;878.8;39.626;108.77;0;22.748;1049.9;0;1049.9;878.8;108.77;39.626;22.748;0.837;0.0594;0;0.0217;1025.6;24.353;0;0;3.2583;21.095;1022.2;1.3577;0.0661;0.0082;1.1824;0.101;1023.5;2.0512;1.7576;0.2175;0.0727;0.0033;1027.9;876.97;108.55;35.113;1.5488;325.69;258.27;108.05;2.3779;3.8119;54.832;5.6774;56.266;0;1;0;0;1.404;0.9768;1;1;0.9178;0.0727;0.9987;0.9999;1;0.9674;0.9388;0.998;0.998;1;0.998;0.998;0.9736;0.8861;0.0681;3.153;3.2114;0.0193;0.0025;0.51;0.0188;0.0665;0.0091;0;0;0.088;0;2.3788;0;0;0;0;0;0;0;0;0;0;0;0;0.0536;0.0222;2.5093;2.5093;0;70.006;70.006;42.906;0.042;2764.7;907.63;1;0.0425;0.0425;0;0;0;0;0;0;2.4668;2.3788;0;15.161;17.556;14.372;16.643;98.304;98.304;25.199;20.054;19.011;5.1443;1.0433;0.2041;0.0414;0.7544;29.422;0.7261;0
03/12/21 09:00;57.339;-75.947;7.5298;58.125;31.875;-90;-31.875;907.79;149.5;758.29;29.02;3.4;0;892.94;49.733;112.71;0;14.374;1069.8;0;1069.8;892.94;112.71;49.733;14.374;0.8347;0.0599;0;0.0134;1054.6;15.149;0;0;2.434;12.715;1050.4;2.0628;0.2318;0.0293;1.5302;0.2716;1052.5;2.1092;1.7859;0.2254;0.0946;0.0033;1054.3;890.92;112.46;45.675;1.3835;474.6;376.36;163.1;0.9322;5.023;72.254;3.8258;76.345;0;1;0;0;1.1784;0.9858;1;1;0.9511;0.1154;0.998;0.9997;1;0.9676;0.8359;0.998;0.998;1;0.998;0.998;0.9819;0.9184;0.0963;3.2125;3.3277;0.02;0.0044;0.5669;0.0192;0.0679;0.0119;0;0;0.088;0;2.4275;0;0;0;0;0;0;0;0;0;0;0;0;0.0547;0.0238;2.5588;2.5588;0;73.232;73.232;44.212;0.0421;2863.8;893.52;1;0.0433;0.0433;0;0;0;0;0;0;2.5155;2.4275;0;15.174;17.571;14.395;16.669;98.306;98.306;25.674;20.45;19.401;5.2239;1.0497;0.2035;0.0409;0.7556;33.216;0.7193;0
03/12/21 10:00;68.655;-57.786;11.188;71.704;18.296;-90;-18.296;1020.5;168;852.51;29.76;3.8101;0;897.89;57.22;115.12;0;5.4166;1075.6;0;1075.6;897.89;115.12;57.22;5.4166;0.8347;0.0582;0;0.005;1070;5.674;0;0;1.1442;4.5298;1065.3;2.5775;0.3463;0.0444;1.9901;0.1966;1067.8;2.1399;1.7958;0.2302;0.1122;0.0018;1066.6;895.75;114.84;53.974;0.6884;581.44;461.08;192.21;0.1507;6.5836;94.703;1.3024;101.14;0;1;0;0;1.054;0.9947;1;1;0.98;0.1637;0.9976;0.9996;1;0.9644;0.7778;0.998;0.998;1;0.998;0.998;0.9903;0.9433;0.1271;3.2302;3.412;0.0205;0.006;0.5984;0.0195;0.0692;0.0155;0;0;0.088;0;2.4701;0;0;0;0;0;0;0;0;0;0;0;0;0.0557;0.0249;2.6022;2.6022;0;74.65;74.65;44.89;0.0421;2934.1;886.89;1;0.0442;0.0442;0;0;0;0;0;0;2.5581;2.4701;0;15.347;17.771;14.567;16.869;98.302;98.302;25.816;20.797;19.741;5.0184;1.0564;0.1944;0.0409;0.7647;35.278;0.7174;0
03/12/21 11:00;76.471;-17.773;12.872;85.799;4.2005;-90;-4.2005;1086.2;179.1;907.11;30.26;4.1301;0;909.55;60.246;119.09;0;0.3064;1089.2;0;1089.2;909.55;119.09;60.246;0.3064;0.8351;0.0556;0;0.0003;1088.8;0.3642;0;0;0.108;0.2562;1083.5;3.1084;0.4036;0.0528;2.6408;0.0112;1086.6;2.1777;1.8191;0.2382;0.1203;0.0001;1083.6;907.33;118.8;57.377;0.0389;639.57;507.18;212.01;0;7.1928;103.47;0.0187;110.66;0;1;0;0;1.0028;0.9997;1;1;0.9982;0.1636;0.9971;0.9996;1;0.956;0.7769;0.998;0.998;1;0.998;0.998;0.9948;0.9524;0.1269;3.2708;3.4817;0.021;0.0074;0.627;0.0198;0.0702;0.0168;0;0;0.088;0;2.5043;0;0;0;0;0;0;0;0;0;0;0;0;0.0565;0.0259;2.6371;2.6371;0;75.972;75.972;45.712;0.0422;2992.8;881.16;1;0.0448;0.0448;0;0;0;0;0;0;2.5923;2.5043;0;15.359;17.786;14.586;16.89;98.3;98.3;26.141;21.076;20.014;5.0645;1.0616;0.1937;0.0406;0.7656;35.745;0.7148;0
03/12/21 12:00;74.078;38.295;12.433;79.974;10.026;90;10.026;988;206.4;781.6;31.09;4.27;0;793.72;86.496;121.09;0;1.5841;1002.9;0;1002.9;793.72;121.09;86.496;1.5841;0.7914;0.0878;0;0.0016;1000.9;1.9535;0;0;0.6309;1.3226;994.98;3.9515;0.3402;0.0519;3.5006;0.0588;998.93;2.0019;1.5874;0.2422;0.1717;0.0005;995.27;791.79;120.8;82.193;0.2022;577.35;457.84;193.31;0.0257;6.3692;91.619;0.292;97.962;0;1;0;0;1.0151;0.9981;1;1;0.9927;0.1651;0.996;0.9996;1;0.9591;0.7748;0.998;0.998;1;0.998;0.998;0.9921;0.9502;0.1276;3.0117;3.1908;0.0192;0.0022;0.5411;0.0184;0.0652;0.0151;0;0;0.088;0;2.3262;0;0;0;0;0;0;0;0;0;0;0;0;0.0525;0.0219;2.4551;2.4551;0;72.956;72.956;41.866;0.0421;2744.3;894.61;1;0.0409;0.0409;0;0;0;0;0;0;2.4142;2.3262;0;15.529;17.983;14.714;17.038;98.333;98.333;24.069;19.621;18.591;4.4483;1.0304;0.1848;0.0428;0.7724;51.852;0.7229;0
03/12/21 13:00;64.195;66.708;9.9117;66.053;23.947;90;23.947;1010.5;167.3;843.2;32.02;4.2201;0;922.62;53.519;121.87;0;9.1332;1107.1;0;1107.1;922.62;121.87;53.519;9.1332;0.8333;0.0566;0;0.0082;1097.7;9.4635;0;0;1.6617;7.8018;1093.1;2.3681;0.3152;0.0416;1.7343;0.2769;1095.5;2.1954;1.8452;0.2437;0.1037;0.0027;1095.4;920.46;121.58;50.019;1.0518;559.98;444.06;186.41;0.3696;6.2711;90.207;2.3246;96.109;0;1;0;0;1.0956;0.9915;1;1;0.969;0.1458;0.9978;0.9997;1;0.9665;0.7916;0.998;0.998;1;0.998;0.998;0.9873;0.9346;0.1152;3.3247;3.4895;0.021;0.0076;0.6571;0.0196;0.0696;0.0145;0;0;0.088;0;2.4858;0;0;0;0;0;0;0;0;0;0;0;0;0.0561;0.026;2.6181;2.6181;0;78.223;78.223;46.203;0.0423;2990.5;875;1;0.0442;0.0442;0;0;0;0;0;0;2.5738;2.4858;0;15.001;17.371;14.243;16.493;98.311;98.311;26.571;20.924;19.867;5.6478;1.0567;0.2126;0.0398;0.7477;33.953;0.7047;0
03/12/21 14:00;52.407;80.927;5.5206;52.755;37.245;90;37.245;873.61;154.3;719.31;31.81;4.26;0;903.59;49.156;125.07;0;18.707;1096.5;0;1096.5;903.59;125.07;49.156;18.707;0.8241;0.0619;0;0.0171;1076.4;20.086;0;0;3.0774;17.009;1072.4;1.8845;0.172;0.0238;1.4842;0.2046;1074.3;2.1529;1.8072;0.2501;0.0922;0.0034;1077.6;901.61;124.79;44.502;1.4904;431.03;341.81;145.52;1.5721;4.7782;68.733;5.211;71.939;0;1;0;0;1.2552;0.9817;1;1;0.9374;0.0908;0.9982;0.9998;1;0.9677;0.8793;0.998;0.998;1;0.998;0.998;0.978;0.9053;0.0797;3.2928;3.3905;0.0204;0.0055;0.625;0.0192;0.068;0.0111;0;0;0.088;0;2.4308;0;0;0;0;0;0;0;0;0;0;0;0;0.0548;0.0247;2.5618;2.5618;0;77.093;77.093;45.283;0.0422;2917.9;877.97;1;0.043;0.043;0;0;0;0;0;0;2.5188;2.4308;0;14.821;17.162;14.063;16.285;98.322;98.322;26.316;20.474;19.427;5.8423;1.0469;0.222;0.0398;0.7382;34.217;0.7051;0
03/12/21 15:00;40.184;90.548;0.4187;40.186;49.814;90;49.814;681.31;152.8;528.51;31.64;4.34;0;819.05;52.519;137.86;0;25.377;1034.8;0;1034.8;819.05;137.86;52.519;25.377;0.7915;0.0753;0;0.0245;1006;28.817;0;0;5.0575;23.759;1002.3;1.6528;0.0118;0.002;1.5696;0.0694;1004;2.012;1.6381;0.2757;0.0949;0.0032;1008.3;817.4;137.59;45.797;1.5447;265.77;210.76;86.371;4.5656;3.3981;48.88;5.9404;47.713;0;1;0;0;1.5189;0.9722;1;1;0.9037;0.0637;0.9984;1;1;0.9669;0.957;0.998;0.998;1;0.998;0.998;0.9686;0.872;0.0609;3.1075;3.1398;0.0189;0.0015;0.5429;0.018;0.064;0.008;0;0;0.088;0;2.2858;0;0;0;0;0;0;0;0;0;0;0;0;0.0515;0.0213;2.4137;2.4137;0;73.847;73.847;42.207;0.0421;2704.4;892.48;1;0.0399;0.0399;0;0;0;0;0;0;2.3738;2.2858;0;14.796;17.134;14.012;16.226;98.347;98.347;24.835;19.29;18.268;5.5455;1.0222;0.2233;0.0412;0.7356;40.927;0.7104;0
03/12/21 16:00;27.967;98.552;7.7504;28.233;60;90;60;467.99;151.1;316.89;31.47;4.0699;0;669.57;58.894;153.34;0;24.569;906.37;0;906.37;669.57;153.34;58.894;24.569;0.7387;0.0921;0;0.0271;875.9;30.473;0;0;7.4273;23.046;872.01;2.1398;0.1789;0.041;1.8164;0.1036;874.15;1.7518;1.3391;0.3067;0.1029;0.003;875.84;668.05;153;49.547;1.4168;103.1;81.756;37.195;9.8521;1.6036;23.067;3.8325;14.819;0;1;0;0;1.9367;0.9664;1;1;0.8739;0.062;0.9976;0.9997;1;0.9646;0.9319;0.998;0.998;1;0.998;0.998;0.9621;0.8413;0.0577;2.7218;2.6866;0.0162;-0.002;0.4093;0.0158;0.0562;0.0039;0;0;0.088;0;2.0044;0;0;0;0;0;0;0;0;0;0;0;0;0.0452;0.0159;2.1261;2.1261;0;68.01;68.01;36.54;0.0419;2314.7;918.52;1;0.0337;0.0337;0;0;0;0;0;0;2.0924;2.0044;0;14.88;17.231;14.029;16.245;98.416;98.416;21.753;16.992;16.019;4.7612;0.9725;0.2189;0.0447;0.7364;51.271;0.7226;0
03/12/21 17:00;15.992;106.15;48.075;16.613;27.288;90;27.288;234.4;141.3;93.095;30;3.1001;0;225.78;101.39;82.311;0;2.7389;412.22;0;412.22;225.78;82.311;101.39;2.7389;0.5477;0.2526;0;0.0066;405.96;6.2571;0;0;3.881;2.3761;398.31;6.8412;2.6155;0.9535;3.2023;0.07;405.15;0.8119;0.4516;0.1646;0.195;0.0007;398.69;222.71;81.193;94.11;0.2921;66.257;52.541;21.487;1.1044;0.8479;12.196;0.3841;11.94;0;1;0;0;1.7586;0.9848;1;1;0.9617;0.1325;0.9831;0.9884;1;0.9671;0.8066;0.998;0.998;1;0.998;0.998;0.9663;0.9282;0.1066;1.2379;1.2265;0.0074;0.0102;0.094;0.0078;0.0277;0.0022;0;0;0.088;0;0.947;0;0;0;0;0;0;0;0;0;0;0;0;0.0223;0.0037;1.0512;1.0512;0;46.439;46.439;16.439;0.0413;1055.8;995.61;1;0.0162;0.0162;0;0;0;0;0;0;1.035;0.947;0;16.177;18.733;14.574;16.876;98.461;98.461;9.8933;8.4012;7.5686;1.4921;0.8326;0.1508;0.0842;0.765;65.634;0.7484;0
03/12/21 18:00;5.038;113.64;77.703;5.4969;7.937;90;7.937;20.707;20.402;0.305;26.75;3.16;0;0.7398;20.254;0.1222;0;0.0208;21.137;0;21.137;0.7398;0.1222;20.254;0.0208;0.035;0.9592;0;0.001;21.019;0.1177;0;0;0.1003;0.0174;19.916;1.0611;0.1836;0.0303;0.8465;0.0008;20.977;0.042;0.0015;0.0002;0.0403;0;19.918;0.5548;0.0916;19.267;0.0027;12.087;9.5853;3.8127;0.0023;0.1487;2.1391;0.0028;2.2855;0;1;0;0;1.0208;0.9944;1;1;0.995;0.1646;0.9494;0.7514;1;0.9579;0.7752;0.998;0.998;1;0.998;0.998;0.9422;0.9513;0.1274;0.0635;0.0645;0.0004;0.009;0.0006;0.0004;0.0014;0.0004;0;0;0.088;0;-0.0398;0;0;0;0;0;0;0;0;0;0;0;0;0.0011;0;0.0513;0.0513;0;27.585;27.585;0.8351;0.0419;53.532;957.44;1;0.003;0.003;0;0;0;0;0;0;0.0482;-0.0398;0;15.382;17.813;-11.941;-13.827;94.07;94.07;0.5073;0.4096;-0.318;0.0977;0.7276;0.1925;1.4343;0;12.086;0;0
03/12/21 19:00;0;0;90;0;0;90;0;0;0;0;23.61;3.7301;0;0;0;0;0;0;0;0;0;0;0;0;0;1;1;1;1;0;0;0;0;0;0;0;0;0;0;0;0;0;0;0;0;0;0;0;0;0;0;0;0;0;0;0;0;0;0;0;0;0;0;0;1;1;1;1;1;1;1;1;1;1;1;1;1;1;1;1;1;1;1;0;0;0;0;0;0;0;0;0;0.0004;0.088;0;-0.0884;0;0;0;0;0;0;0;0;0;0;0;0;0;0;0;0;0;0;0;-23.61;0;0;0;0;0.0004;0;0;0;0;0;0;0;-0.0004;-0.0884;0;0;0;0;0;0;0;0;0;-0.7063;0;0.7063;1;1;0;0;0;0
03/12/21 20:00;0;0;90;0;0;90;0;0;0;0;22.63;3.9801;0;0;0;0;0;0;0;0;0;0;0;0;0;1;1;1;1;0;0;0;0;0;0;0;0;0;0;0;0;0;0;0;0;0;0;0;0;0;0;0;0;0;0;0;0;0;0;0;0;0;0;0;1;1;1;1;1;1;1;1;1;1;1;1;1;1;1;1;1;1;1;0;0;0;0;0;0;0;0;0;0.0004;0.088;0;-0.0884;0;0;0;0;0;0;0;0;0;0;0;0;0;0;0;0;0;0;0;-22.63;0;0;0;0;0.0004;0;0;0;0;0;0;0;-0.0004;-0.0884;0;0;0;0;0;0;0;0;0;-0.7063;0;0.7063;1;1;0;0;0;0
03/12/21 21:00;0;0;90;0;0;90;0;0;0;0;21.21;3.96;0;0;0;0;0;0;0;0;0;0;0;0;0;1;1;1;1;0;0;0;0;0;0;0;0;0;0;0;0;0;0;0;0;0;0;0;0;0;0;0;0;0;0;0;0;0;0;0;0;0;0;0;1;1;1;1;1;1;1;1;1;1;1;1;1;1;1;1;1;1;1;0;0;0;0;0;0;0;0;0;0.0004;0.088;0;-0.0884;0;0;0;0;0;0;0;0;0;0;0;0;0;0;0;0;0;0;0;-21.21;0;0;0;0;0.0004;0;0;0;0;0;0;0;-0.0004;-0.0884;0;0;0;0;0;0;0;0;0;-0.7063;0;0.7063;1;1;0;0;0;0
03/12/21 22:00;0;0;90;0;0;90;0;0;0;0;19.75;3.7401;0;0;0;0;0;0;0;0;0;0;0;0;0;1;1;1;1;0;0;0;0;0;0;0;0;0;0;0;0;0;0;0;0;0;0;0;0;0;0;0;0;0;0;0;0;0;0;0;0;0;0;0;1;1;1;1;1;1;1;1;1;1;1;1;1;1;1;1;1;1;1;0;0;0;0;0;0;0;0;0;0.0004;0.088;0;-0.0884;0;0;0;0;0;0;0;0;0;0;0;0;0;0;0;0;0;0;0;-19.75;0;0;0;0;0.0004;0;0;0;0;0;0;0;-0.0004;-0.0884;0;0;0;0;0;0;0;0;0;-0.7063;0;0.7063;1;1;0;0;0;0
03/12/21 23:00;0;0;90;0;0;90;0;0;0;0;17.89;3.5001;0;0;0;0;0;0;0;0;0;0;0;0;0;1;1;1;1;0;0;0;0;0;0;0;0;0;0;0;0;0;0;0;0;0;0;0;0;0;0;0;0;0;0;0;0;0;0;0;0;0;0;0;1;1;1;1;1;1;1;1;1;1;1;1;1;1;1;1;1;1;1;0;0;0;0;0;0;0;0;0;0.0004;0.088;0;-0.0884;0;0;0;0;0;0;0;0;0;0;0;0;0;0;0;0;0;0;0;-17.89;0;0;0;0;0.0004;0;0;0;0;0;0;0;-0.0004;-0.0884;0;0;0;0;0;0;0;0;0;-0.7063;0;0.7063;1;1;0;0;0;0
04/12/21 00:00;0;0;90;0;0;90;0;0;0;0;16.3;2.9301;0;0;0;0;0;0;0;0;0;0;0;0;0;1;1;1;1;0;0;0;0;0;0;0;0;0;0;0;0;0;0;0;0;0;0;0;0;0;0;0;0;0;0;0;0;0;0;0;0;0;0;0;1;1;1;1;1;1;1;1;1;1;1;1;1;1;1;1;1;1;1;0;0;0;0;0;0;0;0;0;0.0004;0.088;0;-0.0884;0;0;0;0;0;0;0;0;0;0;0;0;0;0;0;0;0;0;0;-16.3;0;0;0;0;0.0004;0;0;0;0;0;0;0;-0.0004;-0.0884;0;0;0;0;0;0;0;0;0;-0.7063;0;0.7063;1;1;0;0;0;0
04/12/21 01:00;0;0;90;0;0;90;0;0;0;0;14.96;2.35;0;0;0;0;0;0;0;0;0;0;0;0;0;1;1;1;1;0;0;0;0;0;0;0;0;0;0;0;0;0;0;0;0;0;0;0;0;0;0;0;0;0;0;0;0;0;0;0;0;0;0;0;1;1;1;1;1;1;1;1;1;1;1;1;1;1;1;1;1;1;1;0;0;0;0;0;0;0;0;0;0.0004;0.088;0;-0.0884;0;0;0;0;0;0;0;0;0;0;0;0;0;0;0;0;0;0;0;-14.96;0;0;0;0;0.0004;0;0;0;0;0;0;0;-0.0004;-0.0884;0;0;0;0;0;0;0;0;0;-0.7063;0;0.7063;1;1;0;0;0;0
04/12/21 02:00;0;0;90;0;0;90;0;0;0;0;13.11;2.19;0;0;0;0;0;0;0;0;0;0;0;0;0;1;1;1;1;0;0;0;0;0;0;0;0;0;0;0;0;0;0;0;0;0;0;0;0;0;0;0;0;0;0;0;0;0;0;0;0;0;0;0;1;1;1;1;1;1;1;1;1;1;1;1;1;1;1;1;1;1;1;0;0;0;0;0;0;0;0;0;0.0004;0.088;0;-0.0884;0;0;0;0;0;0;0;0;0;0;0;0;0;0;0;0;0;0;0;-13.11;0;0;0;0;0.0004;0;0;0;0;0;0;0;-0.0004;-0.0884;0;0;0;0;0;0;0;0;0;-0.7063;0;0.7063;1;1;0;0;0;0
04/12/21 03:00;0;0;90;0;0;90;0;0;0;0;12.69;2.33;0;0;0;0;0;0;0;0;0;0;0;0;0;1;1;1;1;0;0;0;0;0;0;0;0;0;0;0;0;0;0;0;0;0;0;0;0;0;0;0;0;0;0;0;0;0;0;0;0;0;0;0;1;1;1;1;1;1;1;1;1;1;1;1;1;1;1;1;1;1;1;0;0;0;0;0;0;0;0;0;0.0004;0.088;0;-0.0884;0;0;0;0;0;0;0;0;0;0;0;0;0;0;0;0;0;0;0;-12.69;0;0;0;0;0.0004;0;0;0;0;0;0;0;-0.0004;-0.0884;0;0;0;0;0;0;0;0;0;-0.7063;0;0.7063;1;1;0;0;0;0
04/12/21 04:00;1.8242;-116.22;85.572;2.0332;2.9029;-90;-2.9029;0;0;0;11.79;3.05;0;0;0;0;0;0;0;0;0;0;0;0;0;1;1;1;1;0;0;0;0;0;0;0;0;0;0;0;0;0;0;0;0;0;0;0;0;0;0;0;0;0;0;0;0;0;0;0;0;0;0;0;1;1;1;1;1;1;1;1;1;1;1;1;1;1;1;1;1;1;1;0;0;0;0;0;0;0;0;0;0.0004;0.088;0;-0.0884;0;0;0;0;0;0;0;0;0;0;0;0;0;0;0;0;0;0;0;-11.79;0;0;0;0;0.0004;0;0;0;0;0;0;0;-0.0004;-0.0884;0;0;0;0;0;0;0;0;0;-0.7063;0;0.7063;1;1;0;0;0;0
04/12/21 05:00;9.1324;-110.9;67.36;9.7639;14.523;-90;-14.523;129.2;21.3;107.9;13.07;3.4399;0;261.69;10.834;24.956;0;0.4335;297.92;0;297.92;261.69;24.956;10.834;0.4335;0.8784;0.0378;0;0.0015;297.41;0.5083;0;0;0.1468;0.3615;273.28;23.532;21.099;2.012;0.4052;0.0161;296.81;0.5948;0.5234;0.0499;0.0214;0.0001;273.29;240.07;22.894;10.26;0.0557;7.1609;5.6786;2.386;0.0126;0.0806;1.1588;0.0079;1.2267;0;1;0;0;2.3058;0.9983;1;1;0.9864;0.1661;0.9207;0.9192;1;0.962;0.7757;0.998;0.998;1;0.998;0.998;0.9173;0.9471;0.1286;0.8946;0.8256;0.005;0.0156;-0.0025;0.0057;0.02;0.0002;0;0;0.088;0;0.6624;0;0;0;0;0;0;0;0;0;0;0;0;0.0161;0.0018;0.7635;0.7635;0;24.166;24.166;11.096;0.0406;707.24;1079.6;1;0.0131;0.0131;0;0;0;0;0;0;0.7504;0.6624;0;16.258;18.826;14.106;16.334;98.289;98.289;7.15;6.102;5.2943;1.048;0.8077;0.1466;0.113;0.7405;6.5818;0.7383;0
04/12/21 06:00;20.854;-103.21;30.304;21.37;40.727;-90;-40.727;349.4;57.499;291.9;14.32;4.34;0;707.93;21.09;81.256;0;8.8843;819.16;0;819.16;707.93;81.256;21.09;8.8843;0.8642;0.0366;0;0.0108;809.48;9.6779;0;0;1.5114;8.1665;806.21;1.6501;0.8577;0.0984;0.6327;0.0613;807.86;1.619;1.4159;0.1625;0.0392;0.0014;806.5;705.66;80.995;18.907;0.6551;16.71;13.251;5.5307;0.916;0.248;3.5676;0.2845;2.8997;0;1;0;0;2.3445;0.9882;1;1;0.9283;0.0808;0.998;0.9988;1;0.9676;0.9144;0.998;0.998;1;0.998;0.998;0.9842;0.8965;0.0737;2.4599;2.4366;0.0147;-0.002;0.1923;0.0156;0.0554;0.0007;0;0;0.088;0;1.9794;0;0;0;0;0;0;0;0;0;0;0;0;0.0446;0.0132;2.1022;2.1022;0;47.533;47.533;33.214;0.0412;2099.4;1001.3;1;0.0348;0.0348;0;0;0;0;0;0;2.0674;1.9794;0;16.279;18.851;15.328;17.75;98.344;98.344;19.66;16.801;15.819;2.8592;0.9815;0.1454;0.0499;0.8046;15.116;0.802;0
04/12/21 07:00;32.948;-95.559;4.6627;33.071;56.929;-90;-56.929;580.29;95.801;484.49;16.67;5.6699;0;887.88;27.17;111.14;0;27.682;1053.9;0;1053.9;887.88;111.14;27.17;27.682;0.8425;0.052;0;0.0263;1024.8;29.106;0;0;3.1688;25.937;1021.6;1.0739;0.1427;0.0179;0.827;0.0863;1022.7;2.0495;1.7758;0.2223;0.048;0.0035;1026.4;885.96;110.9;23.127;1.6554;158.08;125.36;52.739;3.7742;2.0012;28.787;4.7697;27.014;0;1;0;0;1.8161;0.9724;1;1;0.8834;0.063;0.9989;0.9998;1;0.9655;0.9504;0.998;0.998;1;0.998;0.998;0.9694;0.8512;0.0598;3.1648;3.1521;0.019;0.0017;0.3775;0.0193;0.0684;0.005;0;0;0.088;0;2.4512;0;0;0;0;0;0;0;0;0;0;0;0;0.0551;0.0214;2.5848;2.5848;0;59.17;59.17;42.499;0.0416;2712.4;952.92;1;0.0456;0.0456;0;0;0;0;0;0;2.5392;2.4512;0;15.559;18.017;14.755;17.086;98.237;98.237;25.293;20.657;19.59;4.6354;1.0675;0.1833;0.0422;0.7745;22.836;0.759;0
04/12/21 08:00;45.2;-87.129;2.0228;45.236;44.764;-90;-44.764;783.2;129.2;654;18.7;5.9899;0;921.1;38.117;119.18;0;23.847;1102.2;0;1102.2;921.1;119.18;38.117;23.847;0.8357;0.0562;0;0.0216;1077;25.251;0;0;3.1364;22.115;1073.5;1.3155;0.0642;0.0083;1.1373;0.1056;1074.8;2.154;1.8422;0.2384;0.07;0.0035;1079.5;919.2;118.93;33.773;1.623;340.1;269.7;112.76;2.2918;3.9727;57.146;5.935;58.827;0;1;0;0;1.4074;0.9771;1;1;0.9177;0.0726;0.9988;0.9999;1;0.9674;0.9389;0.998;0.998;1;0.998;0.998;0.9739;0.886;0.0681;3.3101;3.3717;0.0203;0.0052;0.4557;0.0202;0.0718;0.0098;0;0;0.088;0;2.5706;0;0;0;0;0;0;0;0;0;0;0;0;0.0578;0.0244;2.7066;2.7066;0;63.523;63.523;44.823;0.0418;2900.4;933.19;1;0.048;0.048;0;0;0;0;0;0;2.6586;2.5706;0;15.577;18.038;14.794;17.132;98.228;98.228;26.454;21.631;20.544;4.823;1.0866;0.1823;0.0411;0.7766;28.307;0.7476;0
04/12/21 09:00;57.331;-76.247;7.3732;58.084;31.916;-90;-31.916;956.61;157.8;798.81;21.27;5.87;0;941.08;47.507;125.36;0;15.185;1129.1;0;1129.1;941.08;125.36;47.507;15.185;0.8335;0.0555;0;0.0134;1113.4;15.766;0;0;2.3298;13.436;1109.1;2.0184;0.2392;0.0319;1.4614;0.286;1111.1;2.2267;1.8822;0.2507;0.0904;0.0035;1113.2;938.96;125.07;43.625;1.4599;499.4;396.02;171.65;0.8949;5.2776;75.916;4.0384;80.299;0;1;0;0;1.1804;0.986;1;1;0.951;0.1152;0.9982;0.9997;1;0.9676;0.8362;0.998;0.998;1;0.998;0.998;0.9823;0.9183;0.0961;3.3908;3.5128;0.0211;0.0081;0.5276;0.0207;0.0734;0.0128;0;0;0.088;0;2.6268;0;0;0;0;0;0;0;0;0;0;0;0;0.0591;0.0264;2.7636;2.7636;0;67.745;67.745;46.476;0.0419;3021.7;914.6;1;0.0488;0.0488;0;0;0;0;0;0;2.7148;2.6268;0;15.527;17.979;14.758;17.089;98.235;98.235;27.099;22.087;20.994;5.0122;1.0932;0.185;0.0403;0.7747;31.739;0.7376;0
04/12/21 10:00;68.676;-58.227;11.039;71.641;18.359;-90;-18.359;1075.2;177.4;897.8;23.55;5.87;0;945.95;54.481;128.01;0;5.7463;1134.2;0;1134.2;945.95;128.01;54.481;5.7463;0.834;0.0531;0;0.0051;1128.3;5.9016;0;0;1.0957;4.8058;1123.5;2.5097;0.36;0.0487;1.8926;0.2085;1126;2.2566;1.8919;0.256;0.1068;0.0019;1124.9;943.7;127.71;51.386;0.7301;612.25;485.52;202.44;0.1454;6.9285;99.664;1.3831;106.45;0;1;0;0;1.0549;0.9948;1;1;0.9799;0.1637;0.9978;0.9996;1;0.9645;0.7779;0.998;0.998;1;0.998;0.998;0.9906;0.9432;0.1271;3.406;3.5982;0.0217;0.0101;0.5791;0.0209;0.0742;0.0165;0;0;0.088;0;2.6515;0;0;0;0;0;0;0;0;0;0;0;0;0.0597;0.0276;2.7885;2.7885;0;70.748;70.748;47.198;0.042;3093.1;901.51;1;0.049;0.049;0;0;0;0;0;0;2.7395;2.6515;0;15.596;18.06;14.83;17.173;98.243;98.243;27.221;22.286;21.191;4.935;1.0948;0.1813;0.0402;0.7785;33.599;0.7304;0
04/12/21 11:00;76.576;-18.303;12.733;85.713;4.2867;-90;-4.2867;1131.7;186.7;945;24.7;6.02;0;947.65;57.724;129.26;0;0.3324;1135;0;1135;947.65;129.26;57.724;0.3324;0.835;0.0512;0;0.0003;1134.6;0.3848;0;0;0.1068;0.278;1129.3;3.0127;0.416;0.0567;2.5279;0.0121;1132.3;2.2692;1.8953;0.2585;0.1152;0.0001;1129.3;945.34;128.94;54.974;0.0422;666.29;528.37;220.93;0.0001;7.4896;107.74;0.0217;115.22;0;1;0;0;1.0029;0.9997;1;1;0.9982;0.1637;0.9973;0.9996;1;0.956;0.7769;0.998;0.998;1;0.998;0.998;0.995;0.9524;0.1269;3.4083;3.6285;0.0218;0.0108;0.6029;0.021;0.0743;0.0178;0;0;0.088;0;2.6552;0;0;0;0;0;0;0;0;0;0;0;0;0.0598;0.028;2.7921;2.7921;0;72.198;72.198;47.498;0.0421;3118.2;895.41;1;0.0489;0.0489;0;0;0;0;0;0;2.7432;2.6552;0;15.606;18.071;14.841;17.185;98.249;98.249;27.239;22.315;21.221;4.9244;1.094;0.1808;0.0402;0.7791;34.252;0.7274;0
04/12/21 12:00;74.24;38.288;12.309;80.081;9.9189;90;9.9189;1125.5;185.7;939.8;26.14;6.1;0;954.06;56.415;130.82;0;1.7664;1143.1;0;1143.1;954.06;130.82;56.415;1.7664;0.8347;0.0509;0;0.0015;1141.2;1.8791;0;0;0.4042;1.4749;1136.1;2.813;0.4048;0.0555;2.2872;0.0655;1138.9;2.2824;1.9081;0.2616;0.112;0.0006;1136.4;951.75;130.5;53.612;0.2254;657.35;521.28;220.61;0.0163;7.2178;103.82;0.3249;111.03;0;1;0;0;1.0156;0.9984;1;1;0.9928;0.165;0.9975;0.9996;1;0.9591;0.7748;0.998;0.998;1;0.998;0.998;0.9939;0.9503;0.1276;3.4326;3.6416;0.0219;0.0111;0.6287;0.0209;0.074;0.017;0;0;0.088;0;2.6438;0;0;0;0;0;0;0;0;0;0;0;0;0.0596;0.0282;2.7802;2.7802;0;73.996;73.996;47.856;0.0421;3129.6;888.36;1;0.0484;0.0484;0;0;0;0;0;0;2.7318;2.6438;0;15.429;17.867;14.673;16.99;98.259;98.259;27.434;22.22;21.13;5.2139;1.09;0.1901;0.0397;0.7702;33.811;0.7212;0
04/12/21 13:00;64.347;66.838;9.8045;66.176;23.824;90;23.824;1038;171.3;866.69;25.87;6.1499;0;947.42;51.953;127.94;0;9.2868;1136.6;0;1136.6;947.42;127.94;51.953;9.2868;0.8336;0.0539;0;0.0082;1127.1;9.5285;0;0;1.5998;7.9287;1122.5;2.3319;0.3202;0.0432;1.6853;0.2831;1124.8;2.2541;1.8948;0.2559;0.1007;0.0027;1124.8;945.2;127.64;48.567;1.0723;575.44;456.33;191.53;0.3524;6.4441;92.696;2.3597;98.788;0;1;0;0;1.095;0.9916;1;1;0.9692;0.1462;0.9979;0.9997;1;0.9665;0.7911;0.998;0.998;1;0.998;0.998;0.9876;0.9348;0.1155;3.4132;3.5833;0.0216;0.0097;0.6075;0.0206;0.0731;0.0152;0;0;0.088;0;2.6135;0;0;0;0;0;0;0;0;0;0;0;0;0.0589;0.0274;2.7493;2.7493;0;73.117;73.117;47.247;0.0421;3080.9;892.37;1;0.0478;0.0478;0;0;0;0;0;0;2.7015;2.6135;0;15.345;17.769;14.587;16.891;98.262;98.262;27.278;21.973;20.887;5.3057;1.0852;0.1945;0.0398;0.7657;32.936;0.7217;0
04/12/21 14:00;52.552;81.047;5.43;52.89;37.11;90;37.11;895.51;150;745.5;25.99;6.1399;0;934.82;44.854;125.51;0;19.042;1124.2;0;1124.2;934.82;125.51;44.854;19.042;0.8315;0.0568;0;0.0169;1104.1;20.096;0;0;2.7923;17.303;1100.2;1.765;0.175;0.0235;1.3547;0.2118;1101.9;2.2083;1.8696;0.251;0.0841;0.0035;1105.5;932.78;125.24;40.623;1.5237;441.73;350.29;149.11;1.4173;4.886;70.283;5.2937;73.751;0;1;0;0;1.2554;0.9821;1;1;0.9377;0.0913;0.9984;0.9998;1;0.9677;0.878;0.998;0.998;1;0.998;0.998;0.9786;0.9057;0.08;3.3761;3.4777;0.0209;0.0073;0.5794;0.0201;0.0712;0.0116;0;0;0.088;0;2.5495;0;0;0;0;0;0;0;0;0;0;0;0;0.0574;0.0259;2.6838;2.6838;0;72.262;72.262;46.272;0.0421;2992.6;896.83;1;0.0464;0.0464;0;0;0;0;0;0;2.6375;2.5495;0;15.144;17.536;14.386;16.658;98.272;98.272;26.982;21.449;20.375;5.5323;1.0739;0.205;0.0398;0.7552;31.188;0.7214;0
04/12/21 15:00;40.327;90.648;0.4941;40.329;49.671;90;49.671;695.61;144.4;551.21;25.96;6.03;0;851.71;46.946;135.05;0;25.77;1059.5;0;1059.5;851.71;135.05;46.946;25.77;0.8039;0.0686;0;0.0243;1030.8;28.626;0;0;4.5019;24.124;1027.3;1.4907;0.0145;0.0023;1.4028;0.0711;1028.8;2.0617;1.7034;0.2701;0.0849;0.0033;1033.3;849.99;134.77;40.956;1.5715;270.27;214.33;87.733;4.0412;3.4231;49.24;5.9827;48.622;0;1;0;0;1.5231;0.973;1;1;0.9041;0.0639;0.9986;1;1;0.9669;0.9567;0.998;0.998;1;0.998;0.998;0.9696;0.8724;0.061;3.1816;3.2159;0.0194;0.0026;0.4995;0.0189;0.0669;0.0082;0;0;0.088;0;2.3933;0;0;0;0;0;0;0;0;0;0;0;0;0.0539;0.0223;2.5243;2.5243;0;69.046;69.046;43.087;0.0419;2768.8;911.7;1;0.043;0.043;0;0;0;0;0;0;2.4813;2.3933;0;15.114;17.502;14.33;16.594;98.296;98.296;25.427;20.174;19.127;5.253;1.047;0.2066;0.0412;0.7522;36.532;0.7269;0
04/12/21 16:00;28.111;98.636;7.7793;28.383;60;90;60;473.11;148.9;324.21;25.3;5.52;0;681.75;57.069;153.09;0;24.838;916.76;0;916.76;681.75;153.09;57.069;24.838;0.7437;0.0893;0;0.0271;886.26;30.495;0;0;7.1972;23.298;882.4;2.0887;0.1828;0.0411;1.7601;0.1047;884.49;1.7725;1.3635;0.3062;0.0997;0.0031;886.22;680.21;152.75;48.012;1.4323;104.16;82.6;37.765;9.5471;1.5816;22.751;3.8187;14.785;0;1;0;0;1.9377;0.9667;1;1;0.8739;0.062;0.9976;0.9997;1;0.9646;0.9319;0.998;0.998;1;0.998;0.998;0.9625;0.8413;0.0577;2.753;2.7172;0.0164;-0.0019;0.3555;0.0164;0.0583;0.0039;0;0;0.088;0;2.0813;0;0;0;0;0;0;0;0;0;0;0;0;0.0469;0.0162;2.2054;2.2054;0;62.093;62.093;36.793;0.0417;2341.7;941.81;1;0.0361;0.0361;0;0;0;0;0;0;2.1693;2.0813;0;15.261;17.672;14.402;16.677;98.364;98.364;22.002;17.626;16.634;4.3765;0.9917;0.1989;0.0451;0.756;49.683;0.7422;0
04/12/21 17:00;16.139;106.22;47.611;16.772;27.642;90;27.642;240.39;140;100.4;24.1;3.71;0;243.49;98.127;87.141;0;2.881;431.64;0;431.64;243.49;87.141;98.127;2.881;0.5641;0.234;0;0.0067;425.3;6.3381;0;0;3.8345;2.5036;417.55;6.9044;2.7546;0.9858;3.0919;0.0721;424.45;0.8506;0.487;0.1743;0.1886;0.0008;417.93;240.25;85.981;91.012;0.3045;64.336;51.018;20.868;1.1183;0.826;11.882;0.3863;11.59;0;1;0;0;1.7956;0.9853;1;1;0.9609;0.131;0.9837;0.9887;1;0.9671;0.8084;0.998;0.998;1;0.998;0.998;0.9673;0.9275;0.1057;1.2962;1.2838;0.0077;0.0094;0.0743;0.0083;0.0296;0.0022;0;0;0.088;0;1.0188;0;0;0;0;0;0;0;0;0;0;0;0;0.0238;0.004;1.1244;1.1244;0;41.252;41.252;17.152;0.0411;1104.6;1018;1;0.0176;0.0176;0;0;0;0;0;0;1.1068;1.0188;0;16.525;19.136;14.974;17.339;98.436;98.436;10.359;8.9865;8.1426;1.3729;0.8438;0.1325;0.0815;0.786;63.668;0.7701;0
04/12/21 18:00;5.19;113.7;77.327;5.665;8.1864;90;8.1864;35.299;34.703;0.5956;22.33;3.24;0;1.4445;34.365;0.3938;0;0.0378;36.241;0;36.241;1.4445;0.3938;34.365;0.0378;0.0399;0.9493;0;0.001;36.03;0.2107;0;0;0.1791;0.0315;34.088;1.8701;0.3439;0.0938;1.431;0.0014;35.958;0.0721;0.0029;0.0008;0.0684;0;34.094;1.0976;0.2992;32.687;0.0048;20.52;16.272;6.4741;0.0045;0.2524;3.6305;0.0052;3.8784;0;1;0;0;1.0267;0.9942;1;1;0.9948;0.1647;0.948;0.7614;1;0.9581;0.7752;0.998;0.998;1;0.998;0.998;0.9406;0.9512;0.1274;0.1088;0.1103;0.0007;0.0118;-0.0005;0.0007;0.0024;0.0006;0;0;0.088;0;0.0004;0;0;0;0;0;0;0;0;0;0;0;0;0.002;0.0001;0.0926;0.0926;0;23.744;23.744;1.4137;0.0415;92.728;998.36;1;0.0042;0.0042;0;0;0;0;0;0;0.0884;0.0004;0;16.205;18.765;0.0691;0.08;95.483;95.483;0.8698;0.7399;0.0032;0.1299;0.7367;0.1494;0.847;0.0036;20.516;0.0034;0
04/12/21 19:00;0;0;90;0;0;90;0;0;0;0;19.94;3.4299;0;0;0;0;0;0;0;0;0;0;0;0;0;1;1;1;1;0;0;0;0;0;0;0;0;0;0;0;0;0;0;0;0;0;0;0;0;0;0;0;0;0;0;0;0;0;0;0;0;0;0;0;1;1;1;1;1;1;1;1;1;1;1;1;1;1;1;1;1;1;1;0;0;0;0;0;0;0;0;0;0.0004;0.088;0;-0.0884;0;0;0;0;0;0;0;0;0;0;0;0;0;0;0;0;0;0;0;-19.94;0;0;0;0;0.0004;0;0;0;0;0;0;0;-0.0004;-0.0884;0;0;0;0;0;0;0;0;0;-0.7063;0;0.7063;1;1;0;0;0;0
04/12/21 20:00;0;0;90;0;0;90;0;0;0;0;18.18;3.53;0;0;0;0;0;0;0;0;0;0;0;0;0;1;1;1;1;0;0;0;0;0;0;0;0;0;0;0;0;0;0;0;0;0;0;0;0;0;0;0;0;0;0;0;0;0;0;0;0;0;0;0;1;1;1;1;1;1;1;1;1;1;1;1;1;1;1;1;1;1;1;0;0;0;0;0;0;0;0;0;0.0004;0.088;0;-0.0884;0;0;0;0;0;0;0;0;0;0;0;0;0;0;0;0;0;0;0;-18.18;0;0;0;0;0.0004;0;0;0;0;0;0;0;-0.0004;-0.0884;0;0;0;0;0;0;0;0;0;-0.7063;0;0.7063;1;1;0;0;0;0
04/12/21 21:00;0;0;90;0;0;90;0;0;0;0;15.72;3.06;0;0;0;0;0;0;0;0;0;0;0;0;0;1;1;1;1;0;0;0;0;0;0;0;0;0;0;0;0;0;0;0;0;0;0;0;0;0;0;0;0;0;0;0;0;0;0;0;0;0;0;0;1;1;1;1;1;1;1;1;1;1;1;1;1;1;1;1;1;1;1;0;0;0;0;0;0;0;0;0;0.0004;0.088;0;-0.0884;0;0;0;0;0;0;0;0;0;0;0;0;0;0;0;0;0;0;0;-15.72;0;0;0;0;0.0004;0;0;0;0;0;0;0;-0.0004;-0.0884;0;0;0;0;0;0;0;0;0;-0.7063;0;0.7063;1;1;0;0;0;0
04/12/21 22:00;0;0;90;0;0;90;0;0;0;0;13.86;2.35;0;0;0;0;0;0;0;0;0;0;0;0;0;1;1;1;1;0;0;0;0;0;0;0;0;0;0;0;0;0;0;0;0;0;0;0;0;0;0;0;0;0;0;0;0;0;0;0;0;0;0;0;1;1;1;1;1;1;1;1;1;1;1;1;1;1;1;1;1;1;1;0;0;0;0;0;0;0;0;0;0.0004;0.088;0;-0.0884;0;0;0;0;0;0;0;0;0;0;0;0;0;0;0;0;0;0;0;-13.86;0;0;0;0;0.0004;0;0;0;0;0;0;0;-0.0004;-0.0884;0;0;0;0;0;0;0;0;0;-0.7063;0;0.7063;1;1;0;0;0;0
04/12/21 23:00;0;0;90;0;0;90;0;0;0;0;12;2.98;0;0;0;0;0;0;0;0;0;0;0;0;0;1;1;1;1;0;0;0;0;0;0;0;0;0;0;0;0;0;0;0;0;0;0;0;0;0;0;0;0;0;0;0;0;0;0;0;0;0;0;0;1;1;1;1;1;1;1;1;1;1;1;1;1;1;1;1;1;1;1;0;0;0;0;0;0;0;0;0;0.0004;0.088;0;-0.0884;0;0;0;0;0;0;0;0;0;0;0;0;0;0;0;0;0;0;0;-12;0;0;0;0;0.0004;0;0;0;0;0;0;0;-0.0004;-0.0884;0;0;0;0;0;0;0;0;0;-0.7063;0;0.7063;1;1;0;0;0;0
05/12/21 00:00;0;0;90;0;0;90;0;0;0;0;12.8;4.5201;0;0;0;0;0;0;0;0;0;0;0;0;0;1;1;1;1;0;0;0;0;0;0;0;0;0;0;0;0;0;0;0;0;0;0;0;0;0;0;0;0;0;0;0;0;0;0;0;0;0;0;0;1;1;1;1;1;1;1;1;1;1;1;1;1;1;1;1;1;1;1;0;0;0;0;0;0;0;0;0;0.0004;0.088;0;-0.0884;0;0;0;0;0;0;0;0;0;0;0;0;0;0;0;0;0;0;0;-12.8;0;0;0;0;0.0004;0;0;0;0;0;0;0;-0.0004;-0.0884;0;0;0;0;0;0;0;0;0;-0.7063;0;0.7063;1;1;0;0;0;0
05/12/21 01:00;0;0;90;0;0;90;0;0;0;0;14.71;5.2;0;0;0;0;0;0;0;0;0;0;0;0;0;1;1;1;1;0;0;0;0;0;0;0;0;0;0;0;0;0;0;0;0;0;0;0;0;0;0;0;0;0;0;0;0;0;0;0;0;0;0;0;1;1;1;1;1;1;1;1;1;1;1;1;1;1;1;1;1;1;1;0;0;0;0;0;0;0;0;0;0.0004;0.088;0;-0.0884;0;0;0;0;0;0;0;0;0;0;0;0;0;0;0;0;0;0;0;-14.71;0;0;0;0;0.0004;0;0;0;0;0;0;0;-0.0004;-0.0884;0;0;0;0;0;0;0;0;0;-0.7063;0;0.7063;1;1;0;0;0;0
05/12/21 02:00;0;0;90;0;0;90;0;0;0;0;14.49;5.0901;0;0;0;0;0;0;0;0;0;0;0;0;0;1;1;1;1;0;0;0;0;0;0;0;0;0;0;0;0;0;0;0;0;0;0;0;0;0;0;0;0;0;0;0;0;0;0;0;0;0;0;0;1;1;1;1;1;1;1;1;1;1;1;1;1;1;1;1;1;1;1;0;0;0;0;0;0;0;0;0;0.0004;0.088;0;-0.0884;0;0;0;0;0;0;0;0;0;0;0;0;0;0;0;0;0;0;0;-14.49;0;0;0;0;0.0004;0;0;0;0;0;0;0;-0.0004;-0.0884;0;0;0;0;0;0;0;0;0;-0.7063;0;0.7063;1;1;0;0;0;0
05/12/21 03:00;0;0;90;0;0;90;0;0;0;0;13.8;4.7799;0;0;0;0;0;0;0;0;0;0;0;0;0;1;1;1;1;0;0;0;0;0;0;0;0;0;0;0;0;0;0;0;0;0;0;0;0;0;0;0;0;0;0;0;0;0;0;0;0;0;0;0;1;1;1;1;1;1;1;1;1;1;1;1;1;1;1;1;1;1;1;0;0;0;0;0;0;0;0;0;0.0004;0.088;0;-0.0884;0;0;0;0;0;0;0;0;0;0;0;0;0;0;0;0;0;0;0;-13.8;0;0;0;0;0.0004;0;0;0;0;0;0;0;-0.0004;-0.0884;0;0;0;0;0;0;0;0;0;-0.7063;0;0.7063;1;1;0;0;0;0
05/12/21 04:00;1.8285;-116.37;85.562;2.0408;2.9139;-90;-2.9139;0.5079;0.4988;0.0091;13.38;4.9301;0;0;0.4985;0;0;0.0001;0.4986;0.4986;0;0;0;0;0;1;1;1;1;0;0;0;0;0;0;0;0;0;0;0;0;0;0;0;0;0;0;0;0;0;0;0;0;0;0;0;0;0;0;0;0;0;0;0;0;1;1;1;1;1;1;1;1;1;1;1;1;1;0;0;1;0;0;0;0;0;0;0;0;0;0;0;0.0004;0.088;0;-0.0884;0;0;0;0;0;0;0;0;0;0;0;0;0;0;0;0;0;0;0;-13.38;0;0;0;0;0.0004;0;0;0;0;0;0;0;-0.0004;-0.0884;0;0;0;0;0;0;0;0;0;-0.7063;0;0.7063;1;1;0;0;0;0
05/12/21 05:00;9.128;-111.06;67.372;9.7694;14.532;-90;-14.532;126;21.699;104.3;14.96;6.8499;0;252.96;11.379;24.58;0;0.4232;289.34;0;289.34;252.96;24.58;11.379;0.4232;0.8743;0.0408;0;0.0015;288.83;0.5073;0;0;0.1544;0.3529;265.41;22.846;20.42;1.9843;0.4255;0.0157;288.25;0.5777;0.5059;0.0492;0.0224;0.0001;265.42;232.03;22.547;10.776;0.0544;7.4737;5.9266;2.4821;0.0132;0.0846;1.2171;0.0083;1.2884;0;1;0;0;2.2964;0.9982;1;1;0.9864;0.1661;0.9207;0.9191;1;0.962;0.7757;0.998;0.998;1;0.998;0.998;0.9173;0.9471;0.1286;0.8689;0.802;0.0048;0.0159;0.0022;0.0055;0.0193;0.0002;0;0;0.088;0;0.6361;0;0;0;0;0;0;0;0;0;0;0;0;0.0156;0.0017;0.7367;0.7367;0;25.753;25.753;10.793;0.0407;687.08;1072.3;1;0.0126;0.0126;0;0;0;0;0;0;0.7241;0.6361;0;16.153;18.704;13.947;16.15;98.289;98.289;6.9441;5.888;5.084;1.0561;0.804;0.1521;0.1158;0.7321;6.913;0.7298;0
05/12/21 06:00;20.839;-103.37;30.369;21.368;40.721;-90;-40.721;344.2;57.4;286.8;17.04;7.99;0;695.57;21.555;79.732;0;8.7498;805.61;0;805.61;695.57;79.732;21.555;8.7498;0.8634;0.0376;0;0.0109;796.02;9.5871;0;0;1.5444;8.0427;792.75;1.6761;0.8693;0.0997;0.6467;0.0604;794.43;1.592;1.3911;0.1595;0.04;0.0014;793.04;693.31;79.473;19.324;0.6452;17.015;13.493;5.6422;0.9356;0.252;3.6255;0.288;2.9419;0;1;0;0;2.3405;0.9881;1;1;0.9284;0.0808;0.9979;0.9987;1;0.9676;0.9144;0.998;0.998;1;0.998;0.998;0.984;0.8965;0.0737;2.4192;2.3962;0.0144;-0.0019;0.2083;0.0152;0.054;0.0007;0;0;0.088;0;1.9277;0;0;0;0;0;0;0;0;0;0;0;0;0.0435;0.0128;2.0493;2.0493;0;49.76;49.76;32.72;0.0413;2065.4;992.22;1;0.0336;0.0336;0;0;0;0;0;0;2.0157;1.9277;0;16.137;18.686;15.179;17.577;98.361;98.361;19.335;16.378;15.406;2.9566;0.9718;0.1529;0.0503;0.7968;15.448;0.7941;0
05/12/21 07:00;32.927;-95.744;4.8193;33.059;56.941;-90;-56.941;568.5;93.899;474.6;18.65;7.5601;0;870.03;27.552;106.77;0;27.13;1031.5;0;1031.5;870.03;106.77;27.552;27.13;0.8435;0.053;0;0.0263;1002.9;28.634;0;0;3.2143;25.42;999.76;1.0856;0.1445;0.0177;0.8386;0.0847;1000.8;2.0057;1.7401;0.2135;0.0487;0.0034;1004.4;868.14;106.54;23.45;1.6223;155.22;123.09;51.799;3.8298;1.9721;28.368;4.6897;26.511;0;1;0;0;1.8144;0.9722;1;1;0.8833;0.063;0.9989;0.9998;1;0.9655;0.9504;0.998;0.998;1;0.998;0.998;0.9692;0.8511;0.0598;3.0975;3.0851;0.0186;0.0008;0.382;0.0188;0.0666;0.0049;0;0;0.088;0;2.3872;0;0;0;0;0;0;0;0;0;0;0;0;0.0536;0.0206;2.5191;2.5191;0;60.276;60.276;41.626;0.0416;2655.3;948.71;1;0.0439;0.0439;0;0;0;0;0;0;2.4752;2.3872;0;15.492;17.94;14.682;17.001;98.259;98.259;24.756;20.133;19.079;4.623;1.0538;0.1867;0.0426;0.7707;23.16;0.7551;0
05/12/21 08:00;45.178;-87.349;1.8681;45.209;44.791;-90;-44.791;769.7;127;642.7;20.37;6.79;0;905.62;38.679;115.2;0;23.463;1083;0;1083;905.62;115.2;38.679;23.463;0.8362;0.0574;0;0.0217;1058;24.945;0;0;3.1855;21.76;1054.6;1.3234;0.0583;0.0074;1.1541;0.1036;1055.9;2.116;1.8112;0.2304;0.071;0.0034;1060.4;903.75;114.96;34.268;1.5961;334.35;265.14;110.86;2.3302;3.9098;56.242;5.8442;57.821;0;1;0;0;1.407;0.977;1;1;0.9176;0.0726;0.9987;0.9999;1;0.9674;0.9391;0.998;0.998;1;0.998;0.998;0.9738;0.886;0.068;3.2521;3.3124;0.0199;0.0041;0.4588;0.0198;0.0702;0.0096;0;0;0.088;0;2.5153;0;0;0;0;0;0;0;0;0;0;0;0;0.0566;0.0236;2.6498;2.6498;0;64.433;64.433;44.064;0.0418;2849.6;929.87;1;0.0465;0.0465;0;0;0;0;0;0;2.6033;2.5153;0;15.522;17.974;14.734;17.061;98.245;98.245;25.991;21.177;20.102;4.8138;1.075;0.1852;0.0414;0.7734;28.731;0.7445;0
05/12/21 09:00;57.317;-76.536;7.2228;58.038;31.962;-90;-31.962;935.1;154.3;780.8;21.52;6.09;0;920.32;48.619;119.86;0;14.885;1103.7;0;1103.7;920.32;119.86;48.619;14.885;0.8339;0.0575;0;0.0135;1088.1;15.563;0;0;2.3897;13.173;1083.9;2.0336;0.2291;0.0298;1.4953;0.2793;1086;2.1763;1.8406;0.2397;0.0925;0.0034;1087.9;918.26;119.59;44.641;1.4292;488.2;387.14;167.8;0.9201;5.1624;74.259;3.962;78.501;0;1;0;0;1.1803;0.9859;1;1;0.9508;0.115;0.9981;0.9998;1;0.9676;0.8365;0.998;0.998;1;0.998;0.998;0.9821;0.9182;0.096;3.3144;3.4331;0.0207;0.0064;0.5056;0.0203;0.072;0.0125;0;0;0.088;0;2.5767;0;0;0;0;0;0;0;0;0;0;0;0;0.058;0.0252;2.7124;2.7124;0;66.905;66.905;45.385;0.0419;2953.1;918.49;1;0.0477;0.0477;0;0;0;0;0;0;2.6647;2.5767;0;15.59;18.053;14.81;17.15;98.242;98.242;26.489;21.678;20.593;4.8109;1.0843;0.1816;0.0409;0.7774;32.492;0.7402;0
05/12/21 10:00;68.69;-58.658;10.896;71.574;18.426;-90;-18.426;1077.2;177.7;899.5;22.94;5.61;0;948.1;54.38;128.48;0;5.7984;1136.8;0;1136.8;948.1;128.48;54.38;5.7984;0.834;0.0529;0;0.0051;1130.8;5.9502;0;0;1.1004;4.8498;1126;2.5012;0.3561;0.0483;1.8866;0.2102;1128.5;2.2616;1.8962;0.257;0.1066;0.0019;1127.4;945.85;128.17;51.286;0.7365;613.21;486.28;202.77;0.147;6.9387;99.811;1.3971;106.6;0;1;0;0;1.0553;0.9948;1;1;0.9798;0.1636;0.9978;0.9996;1;0.9645;0.7779;0.998;0.998;1;0.998;0.998;0.9906;0.9431;0.127;3.4137;3.6061;0.0217;0.0103;0.5735;0.021;0.0745;0.0166;0;0;0.088;0;2.6635;0;0;0;0;0;0;0;0;0;0;0;0;0.06;0.0277;2.8009;2.8009;0;70.223;70.223;47.283;0.042;3090.2;905.9;1;0.0494;0.0494;0;0;0;0;0;0;2.7515;2.6635;0;15.631;18.1;14.864;17.212;98.236;98.236;27.282;22.385;21.287;4.8971;1.0982;0.1795;0.0403;0.7802;33.546;0.7321;0
05/12/21 11:00;76.672;-18.84;12.602;85.625;4.375;-90;-4.375;970.91;219.8;751.11;23.57;5.3499;0;753.3;99.121;120.89;0;0.2971;973.61;0;973.61;753.3;120.89;99.121;0.2971;0.7737;0.1021;0;0.0003;973.17;0.4376;0;0;0.1892;0.2484;966.5;4.7272;0.3272;0.0525;4.3366;0.0108;971.22;1.9463;1.5066;0.2418;0.1979;0.0001;966.52;751.47;120.59;94.397;0.0377;571.78;453.42;189.07;0.0001;6.4612;92.942;0.0198;99.403;0;1;0;0;1.0028;0.9996;1;1;0.9981;0.1638;0.9951;0.9996;1;0.9561;0.7769;0.998;0.998;1;0.998;0.998;0.9927;0.9523;0.127;2.9237;3.107;0.0187;0.0011;0.4255;0.0186;0.0661;0.0159;0;0;0.088;0;2.3564;0;0;0;0;0;0;0;0;0;0;0;0;0.0532;0.0208;2.4871;2.4871;0;63.932;63.932;40.362;0.0418;2668;932.17;1;0.0427;0.0427;0;0;0;0;0;0;2.4444;2.3564;0;16.205;18.765;15.353;17.779;98.285;98.285;23.367;19.877;18.832;3.4901;1.0442;0.1494;0.0447;0.806;58.821;0.7522;0
05/12/21 12:00;74.397;38.26;12.193;80.189;9.8112;90;9.8112;630.6;463.5;167.1;23.87;5.28;0;169.58;403.4;57.976;0;0.9684;631.92;0;631.92;169.58;57.976;403.4;0.9684;0.2683;0.6399;0;0.0015;628.27;3.6466;0;0;2.8381;0.8086;610.5;16.514;0.0713;0.0244;16.383;0.0359;627.02;1.2565;0.3392;0.116;0.8011;0.0003;610.67;169.16;57.835;383.38;0.1236;372.56;295.44;120.43;0.1088;4.3965;63.242;0.1673;67.53;0;1;0;0;1.0021;0.9942;1;1;0.993;0.165;0.9737;0.9996;1;0.959;0.7748;0.998;0.998;1;0.998;0.998;0.9661;0.9504;0.1276;1.8977;1.9726;0.0119;0.0007;0.1674;0.0125;0.0445;0.0115;0;0;0.088;0;1.5649;0;0;0;0;0;0;0;0;0;0;0;0;0.0358;0.0088;1.6794;1.6794;0;49.069;49.069;25.199;0.0413;1692.7;992.19;1;0.0265;0.0265;0;0;0;0;0;0;1.6529;1.5649;0;16.859;19.523;15.709;18.191;98.419;98.419;15.166;13.422;12.507;1.744;0.9155;0.115;0.0604;0.8246;241.7;0.7672;0
05/12/21 13:00;64.496;66.953;9.7045;66.299;23.701;90;23.701;999.8;168.8;831;23.98;5.37;0;907.55;55.923;120.58;0;8.8544;1092.9;0;1092.9;907.55;120.58;55.923;8.8544;0.8304;0.0593;0;0.0081;1083.6;9.2633;0;0;1.7079;7.5554;1079;2.4314;0.3036;0.0403;1.816;0.2714;1081.5;2.1673;1.8151;0.2412;0.1084;0.0026;1081.3;905.43;120.3;52.291;1.025;555;440.12;184.66;0.3721;6.2216;89.495;2.2478;95.345;0;1;0;0;1.0931;0.9915;1;1;0.9695;0.1467;0.9978;0.9997;1;0.9664;0.7907;0.998;0.998;1;0.998;0.998;0.9873;0.935;0.1158;3.282;3.4454;0.0207;0.0066;0.5365;0.0202;0.0715;0.015;0;0;0.088;0;2.5569;0;0;0;0;0;0;0;0;0;0;0;0;0.0576;0.0254;2.6918;2.6918;0;69.249;69.249;45.269;0.042;2962.9;908.53;1;0.0469;0.0469;0;0;0;0;0;0;2.6449;2.5569;0;15.624;18.093;14.841;17.186;98.258;98.258;26.23;21.513;20.435;4.7167;1.0781;0.1798;0.0411;0.7791;35.429;0.7341;0
05/12/21 14:00;52.694;81.156;5.3467;53.024;36.976;90;36.976;775.09;228.4;546.69;24.34;5.55;0;684.32;105.12;139.6;0;16.368;945.41;0;945.41;684.32;139.6;105.12;16.368;0.7238;0.1285;0;0.0173;924.04;21.372;0;0;6.5076;14.864;918.68;3.5129;0.1261;0.0257;3.1761;0.185;922.19;1.8481;1.3686;0.2792;0.1972;0.003;923.33;682.82;139.3;95.242;1.3154;393.18;311.79;133;3.2739;4.4612;64.172;4.6507;65.36;0;1;0;0;1.2197;0.9774;1;1;0.9381;0.0919;0.9962;0.9998;1;0.9677;0.8767;0.998;0.998;1;0.998;0.998;0.9717;0.906;0.0804;2.8391;2.9162;0.0176;-0.0008;0.3868;0.0176;0.0624;0.0111;0;0;0.088;0;2.2254;0;0;0;0;0;0;0;0;0;0;0;0;0.0502;0.0185;2.353;2.353;0;62.663;62.663;38.324;0.0417;2507.9;938.24;1;0.0396;0.0396;0;0;0;0;0;0;2.3134;2.2254;0;15.788;18.283;14.932;17.291;98.318;98.318;22.69;18.805;17.785;3.8847;1.0196;0.1712;0.0449;0.7839;73.015;0.7459;0
05/12/21 15:00;40.468;90.739;0.5623;40.47;49.53;90;49.53;757.81;124.8;633.01;23.57;5.63;0;975.28;31.6;133.23;0;27.925;1168;0;1168;975.28;133.23;31.6;27.925;0.835;0.051;0;0.0239;1138.9;29.155;0;0;3.0178;26.137;1135.6;1.0433;0.0189;0.0026;0.9441;0.0778;1136.6;2.2777;1.9506;0.2665;0.0572;0.0036;1141.9;973.31;132.96;27.581;1.7061;289.22;229.35;93.389;2.6961;3.5893;51.631;6.3346;52.524;0;1;0;0;1.5413;0.975;1;1;0.9045;0.064;0.9991;1;1;0.9669;0.9564;0.998;0.998;1;0.998;0.998;0.9722;0.8728;0.0611;3.5076;3.5481;0.0214;0.0089;0.5783;0.0206;0.073;0.0086;0;0;0.088;0;2.6156;0;0;0;0;0;0;0;0;0;0;0;0;0.0588;0.0269;2.7517;2.7517;0;71.296;71.296;47.726;0.042;3054.6;900.86;1;0.0481;0.0481;0;0;0;0;0;0;2.7036;2.6156;0;14.945;17.306;14.206;16.45;98.252;98.252;28.033;21.992;20.904;6.0408;1.0877;0.2155;0.0388;0.7457;24.556;0.7218;0
05/12/21 16:00;28.253;98.711;7.805;28.531;60;90;60;464.49;159.9;304.59;23.14;5.6501;0;637.5;65.103;152.99;0;24.386;879.98;0;879.98;637.5;152.99;65.103;24.386;0.7245;0.1017;0;0.0277;848.89;31.084;0;0;8.2103;22.874;844.87;2.3234;0.1715;0.0412;2.0079;0.1028;847.19;1.6978;1.275;0.306;0.1138;0.003;849.07;636.05;152.64;54.771;1.4062;110.03;87.254;39.138;10.89;1.7721;25.491;4.1958;16.373;0;1;0;0;1.8945;0.9647;1;1;0.8739;0.062;0.9973;0.9997;1;0.9646;0.9319;0.998;0.998;1;0.998;0.998;0.9601;0.8413;0.0577;2.6426;2.611;0.0157;-0.0021;0.3059;0.016;0.0569;0.0045;0;0;0.088;0;2.0302;0;0;0;0;0;0;0;0;0;0;0;0;0.0458;0.015;2.1533;2.1533;0;58.257;58.257;35.117;0.0416;2250.4;956.84;1;0.0351;0.0351;0;0;0;0;0;0;2.1182;2.0302;0;15.523;17.975;14.635;16.947;98.368;98.368;21.119;17.209;16.225;3.9101;0.9842;0.1851;0.0466;0.7683;56.676;0.752;0
05/12/21 17:00;16.285;106.29;47.15;16.927;27.994;90;27.994;241.9;141.3;100.6;22.06;5.6699;0;243.97;99.128;87.341;0;2.9719;433.42;0;433.42;243.97;87.341;99.128;2.9719;0.5629;0.2356;0;0.0069;426.88;6.5397;0;0;3.9527;2.5869;419.17;6.8482;2.6945;0.9646;3.1162;0.0729;426.02;0.8538;0.4879;0.1747;0.1904;0.0008;419.56;240.79;86.201;91.869;0.3113;65.133;51.651;21.664;1.1807;0.8045;11.572;0.386;11.196;0;1;0;0;1.7917;0.9849;1;1;0.9601;0.1295;0.9839;0.9889;1;0.9672;0.8103;0.998;0.998;1;0.998;0.998;0.9671;0.9268;0.1047;1.3015;1.2881;0.0078;0.0093;0.0652;0.0084;0.0299;0.0022;0;0;0.088;0;1.0312;0;0;0;0;0;0;0;0;0;0;0;0;0.0241;0.004;1.1371;1.1371;0;39.25;39.25;17.19;0.041;1108;1026.3;1;0.0179;0.0179;0;0;0;0;0;0;1.1192;1.0312;0;16.643;19.272;15.093;17.477;98.426;98.426;10.402;9.0875;8.2411;1.3145;0.8463;0.1264;0.0814;0.7923;64.464;0.7767;0
05/12/21 18:00;5.1522;113.89;77.421;5.6318;8.1371;90;8.1371;35.299;34.703;0.5956;19.92;6.0401;0;1.4445;34.366;0.3966;0;0.0373;36.244;0;36.244;1.4445;0.3966;34.366;0.0373;0.0399;0.9492;0;0.001;36.036;0.2085;0;0;0.1774;0.0312;34.087;1.8763;0.3475;0.0954;1.432;0.0014;35.964;0.0721;0.0029;0.0008;0.0684;0;34.093;1.0941;0.3004;32.688;0.0048;20.519;16.271;6.4734;0.0044;0.2524;3.6304;0.0051;3.8784;0;1;0;0;1.0268;0.9942;1;1;0.9948;0.1647;0.9478;0.759;1;0.958;0.7752;0.998;0.998;1;0.998;0.998;0.9405;0.9512;0.1274;0.1088;0.1103;0.0007;0.0118;-0.0015;0.0007;0.0025;0.0007;0;0;0.088;0;0.0012;0;0;0;0;0;0;0;0;0;0;0;0;0.002;0.0001;0.0935;0.0935;0;21.33;21.33;1.4107;0.0414;92.693;1008.7;1;0.0043;0.0043;0;0;0;0;0;0;0.0892;0.0012;0;16.365;18.95;0.2149;0.2489;95.43;95.43;0.8699;0.7473;0.0098;0.1226;0.7374;0.1409;0.8478;0.0113;20.515;0.0105;0
05/12/21 19:00;0;0;90;0;0;90;0;0;0;0;17.56;7.22;0;0;0;0;0;0;0;0;0;0;0;0;0;1;1;1;1;0;0;0;0;0;0;0;0;0;0;0;0;0;0;0;0;0;0;0;0;0;0;0;0;0;0;0;0;0;0;0;0;0;0;0;1;1;1;1;1;1;1;1;1;1;1;1;1;1;1;1;1;1;1;0;0;0;0;0;0;0;0;0;0.0004;0.088;0;-0.0884;0;0;0;0;0;0;0;0;0;0;0;0;0;0;0;0;0;0;0;-17.56;0;0;0;0;0.0004;0;0;0;0;0;0;0;-0.0004;-0.0884;0;0;0;0;0;0;0;0;0;-0.7063;0;0.7063;1;1;0;0;0;0
05/12/21 20:00;0;0;90;0;0;90;0;0;0;0;16.12;7.7299;0;0;0;0;0;0;0;0;0;0;0;0;0;1;1;1;1;0;0;0;0;0;0;0;0;0;0;0;0;0;0;0;0;0;0;0;0;0;0;0;0;0;0;0;0;0;0;0;0;0;0;0;1;1;1;1;1;1;1;1;1;1;1;1;1;1;1;1;1;1;1;0;0;0;0;0;0;0;0;0;0.0004;0.088;0;-0.0884;0;0;0;0;0;0;0;0;0;0;0;0;0;0;0;0;0;0;0;-16.12;0;0;0;0;0.0004;0;0;0;0;0;0;0;-0.0004;-0.0884;0;0;0;0;0;0;0;0;0;-0.7063;0;0.7063;1;1;0;0;0;0
05/12/21 21:00;0;0;90;0;0;90;0;0;0;0;15.2;8.07;0;0;0;0;0;0;0;0;0;0;0;0;0;1;1;1;1;0;0;0;0;0;0;0;0;0;0;0;0;0;0;0;0;0;0;0;0;0;0;0;0;0;0;0;0;0;0;0;0;0;0;0;1;1;1;1;1;1;1;1;1;1;1;1;1;1;1;1;1;1;1;0;0;0;0;0;0;0;0;0;0.0004;0.088;0;-0.0884;0;0;0;0;0;0;0;0;0;0;0;0;0;0;0;0;0;0;0;-15.2;0;0;0;0;0.0004;0;0;0;0;0;0;0;-0.0004;-0.0884;0;0;0;0;0;0;0;0;0;-0.7063;0;0.7063;1;1;0;0;0;0
05/12/21 22:00;0;0;90;0;0;90;0;0;0;0;14.43;8.1201;0;0;0;0;0;0;0;0;0;0;0;0;0;1;1;1;1;0;0;0;0;0;0;0;0;0;0;0;0;0;0;0;0;0;0;0;0;0;0;0;0;0;0;0;0;0;0;0;0;0;0;0;1;1;1;1;1;1;1;1;1;1;1;1;1;1;1;1;1;1;1;0;0;0;0;0;0;0;0;0;0.0004;0.088;0;-0.0884;0;0;0;0;0;0;0;0;0;0;0;0;0;0;0;0;0;0;0;-14.43;0;0;0;0;0.0004;0;0;0;0;0;0;0;-0.0004;-0.0884;0;0;0;0;0;0;0;0;0;-0.7063;0;0.7063;1;1;0;0;0;0
05/12/21 23:00;0;0;90;0;0;90;0;0;0;0;14.1;7.1799;0;0;0;0;0;0;0;0;0;0;0;0;0;1;1;1;1;0;0;0;0;0;0;0;0;0;0;0;0;0;0;0;0;0;0;0;0;0;0;0;0;0;0;0;0;0;0;0;0;0;0;0;1;1;1;1;1;1;1;1;1;1;1;1;1;1;1;1;1;1;1;0;0;0;0;0;0;0;0;0;0.0004;0.088;0;-0.0884;0;0;0;0;0;0;0;0;0;0;0;0;0;0;0;0;0;0;0;-14.1;0;0;0;0;0.0004;0;0;0;0;0;0;0;-0.0004;-0.0884;0;0;0;0;0;0;0;0;0;-0.7063;0;0.7063;1;1;0;0;0;0
06/12/21 00:00;0;0;90;0;0;90;0;0;0;0;14.06;7.6499;0;0;0;0;0;0;0;0;0;0;0;0;0;1;1;1;1;0;0;0;0;0;0;0;0;0;0;0;0;0;0;0;0;0;0;0;0;0;0;0;0;0;0;0;0;0;0;0;0;0;0;0;1;1;1;1;1;1;1;1;1;1;1;1;1;1;1;1;1;1;1;0;0;0;0;0;0;0;0;0;0.0004;0.088;0;-0.0884;0;0;0;0;0;0;0;0;0;0;0;0;0;0;0;0;0;0;0;-14.06;0;0;0;0;0.0004;0;0;0;0;0;0;0;-0.0004;-0.0884;0;0;0;0;0;0;0;0;0;-0.7063;0;0.7063;1;1;0;0;0;0
06/12/21 01:00;0;0;90;0;0;90;0;0;0;0;13.8;7.3101;0;0;0;0;0;0;0;0;0;0;0;0;0;1;1;1;1;0;0;0;0;0;0;0;0;0;0;0;0;0;0;0;0;0;0;0;0;0;0;0;0;0;0;0;0;0;0;0;0;0;0;0;1;1;1;1;1;1;1;1;1;1;1;1;1;1;1;1;1;1;1;0;0;0;0;0;0;0;0;0;0.0004;0.088;0;-0.0884;0;0;0;0;0;0;0;0;0;0;0;0;0;0;0;0;0;0;0;-13.8;0;0;0;0;0.0004;0;0;0;0;0;0;0;-0.0004;-0.0884;0;0;0;0;0;0;0;0;0;-0.7063;0;0.7063;1;1;0;0;0;0
06/12/21 02:00;0;0;90;0;0;90;0;0;0;0;13.31;7.0899;0;0;0;0;0;0;0;0;0;0;0;0;0;1;1;1;1;0;0;0;0;0;0;0;0;0;0;0;0;0;0;0;0;0;0;0;0;0;0;0;0;0;0;0;0;0;0;0;0;0;0;0;1;1;1;1;1;1;1;1;1;1;1;1;1;1;1;1;1;1;1;0;0;0;0;0;0;0;0;0;0.0004;0.088;0;-0.0884;0;0;0;0;0;0;0;0;0;0;0;0;0;0;0;0;0;0;0;-13.31;0;0;0;0;0.0004;0;0;0;0;0;0;0;-0.0004;-0.0884;0;0;0;0;0;0;0;0;0;-0.7063;0;0.7063;1;1;0;0;0;0
06/12/21 03:00;0;0;90;0;0;90;0;0;0;0;13.09;6.89;0;0;0;0;0;0;0;0;0;0;0;0;0;1;1;1;1;0;0;0;0;0;0;0;0;0;0;0;0;0;0;0;0;0;0;0;0;0;0;0;0;0;0;0;0;0;0;0;0;0;0;0;1;1;1;1;1;1;1;1;1;1;1;1;1;1;1;1;1;1;1;0;0;0;0;0;0;0;0;0;0.0004;0.088;0;-0.0884;0;0;0;0;0;0;0;0;0;0;0;0;0;0;0;0;0;0;0;-13.09;0;0;0;0;0.0004;0;0;0;0;0;0;0;-0.0004;-0.0884;0;0;0;0;0;0;0;0;0;-0.7063;0;0.7063;1;1;0;0;0;0
06/12/21 04:00;1.8272;-116.53;85.565;2.042;2.9155;-90;-2.9155;0;0;0;13.09;6.98;0;0;0;0;0;0;0;0;0;0;0;0;0;1;1;1;1;0;0;0;0;0;0;0;0;0;0;0;0;0;0;0;0;0;0;0;0;0;0;0;0;0;0;0;0;0;0;0;0;0;0;0;1;1;1;1;1;1;1;1;1;1;1;1;1;1;1;1;1;1;1;0;0;0;0;0;0;0;0;0;0.0004;0.088;0;-0.0884;0;0;0;0;0;0;0;0;0;0;0;0;0;0;0;0;0;0;0;-13.09;0;0;0;0;0.0004;0;0;0;0;0;0;0;-0.0004;-0.0884;0;0;0;0;0;0;0;0;0;-0.7063;0;0.7063;1;1;0;0;0;0
06/12/21 05:00;9.1181;-111.22;67.398;9.7687;14.53;-90;-14.53;80.99;54.599;26.391;13.5;7.06;0;64.006;47.371;15.663;0;0.272;127.31;0;127.31;64.006;15.663;47.371;0.272;0.5027;0.3742;0;0.0021;126.44;0.8695;0;0;0.6427;0.2268;117.96;8.2313;5.1818;1.2681;1.7713;0.0101;126.19;0.2529;0.128;0.0313;0.0935;0.0001;117.99;58.697;14.364;44.863;0.035;28.941;22.95;9.2368;0.0548;0.3522;5.0665;0.0346;5.364;0;1;0;0;1.5719;0.9932;1;1;0.9864;0.1661;0.9348;0.9189;1;0.962;0.7757;0.998;0.998;1;0.998;0.998;0.9265;0.9471;0.1286;0.3823;0.3661;0.0022;0.0177;-0.0089;0.0025;0.0088;0.001;0;0;0.088;0;0.2394;0;0;0;0;0;0;0;0;0;0;0;0;0.0071;0.0005;0.3352;0.3352;0;18.3;18.3;4.8002;0.0407;312.21;1073.5;1;0.0077;0.0077;0;0;0;0;0;0;0.3274;0.2394;0;16.701;19.339;11.93;13.815;97.69;97.69;3.0555;2.6787;1.9135;0.3768;0.7652;0.1233;0.2504;0.6263;28.78;0.6081;0
06/12/21 06:00;20.819;-103.53;30.459;21.361;40.693;-90;-40.693;225.41;144;81.408;15.6;7.19;0;197.44;106;56.817;0;5.7227;365.98;0;365.98;197.44;56.817;106;5.7227;0.5395;0.3053;0;0.0156;353.13;12.847;0;0;7.5871;5.2598;348.87;3.5507;0.257;0.074;3.1801;0.0396;352.42;0.7063;0.3949;0.1136;0.1968;0.0009;349.98;196.79;56.629;95.034;0.4223;76.462;60.635;26.589;4.581;1.0769;15.491;1.1111;11.987;0;1;0;0;1.6236;0.9649;1;1;0.9284;0.0809;0.9899;0.9987;1;0.9676;0.9142;0.998;0.998;1;0.998;0.998;0.9533;0.8966;0.0738;1.099;1.0868;0.0065;0.0122;0.0186;0.0073;0.0261;0.003;0;0;0.088;0;0.8849;0;0;0;0;0;0;0;0;0;0;0;0;0.021;0.003;0.9891;0.9891;0;29.809;29.809;14.209;0.0407;931.67;1061.7;1;0.0162;0.0162;0;0;0;0;0;0;0.9729;0.8849;0;17.145;19.853;15.339;17.762;98.363;98.363;8.7834;7.905;7.0723;0.8784;0.8327;0.1;0.0948;0.8052;75.949;0.7805;0
06/12/21 07:00;32.901;-95.923;4.9706;33.041;56.959;-90;-56.959;403;207;196;17.26;6.8499;0;359.47;118.95;97.299;0;19.243;594.96;0;594.96;359.47;97.299;118.95;19.243;0.6042;0.2323;0;0.0323;563.05;31.913;0;0;13.883;18.03;558.16;3.7592;0.0616;0.0167;3.6207;0.0602;561.92;1.1261;0.7189;0.1946;0.2101;0.0024;563.08;358.69;97.088;101.23;1.1507;161.64;128.18;57.572;16.528;2.6328;37.871;4.919;23.977;0;1;0;0;1.4763;0.9464;1;1;0.8833;0.063;0.9933;0.9998;1;0.9655;0.9503;0.998;0.998;1;0.998;0.998;0.9382;0.8511;0.0598;1.7867;1.7758;0.0107;0.0028;0.0945;0.0117;0.0414;0.0071;0;0;0.088;0;1.454;0;0;0;0;0;0;0;0;0;0;0;0;0.0333;0.0072;1.567;1.567;0;40.135;40.135;22.875;0.041;1525.5;1027.2;1;0.025;0.025;0;0;0;0;0;0;1.542;1.454;0;16.708;19.348;15.503;17.952;98.402;98.402;14.279;12.524;11.62;1.7553;0.9034;0.1229;0.0633;0.8138;100;0.7768;0
06/12/21 08:00;45.151;-87.562;1.7192;45.177;44.823;-90;-44.823;478.4;313.2;165.2;18.82;6.34;0;232.91;223.37;73.081;0;14.603;543.97;0;543.97;232.91;73.081;223.37;14.603;0.4282;0.4375;0;0.0268;512.01;31.96;0;0;18.416;13.544;504.24;6.7472;0.0138;0.0043;6.6648;0.0642;510.99;1.024;0.4658;0.1462;0.4099;0.0021;508.82;232.43;72.931;197.88;0.9928;257.47;204.17;89.045;13.46;3.5301;50.779;4.5774;40.849;0;1;0;0;1.1371;0.9412;1;1;0.9176;0.0725;0.9868;0.9999;1;0.9674;0.9392;0.998;0.998;1;0.998;0.998;0.927;0.8859;0.068;1.6335;1.6396;0.0099;0.0045;0.0837;0.0108;0.0383;0.0095;0;0;0.088;0;1.3352;0;0;0;0;0;0;0;0;0;0;0;0;0.0308;0.0062;1.4459;1.4459;0;39.483;39.483;20.663;0.041;1407.2;1027.5;1;0.0227;0.0227;0;0;0;0;0;0;1.4232;1.3352;0;16.862;19.525;15.57;18.03;98.429;98.429;13.055;11.555;10.671;1.4998;0.8848;0.1149;0.0678;0.8173;165.98;0.764;0
06/12/21 09:00;57.297;-76.816;7.0787;57.988;32.012;-90;-32.012;353.91;333.8;20.107;19;5.8299;0;23.713;303.19;6.6811;0;5.6506;339.23;0;339.23;23.713;6.6811;303.19;5.6506;0.0699;0.9104;0;0.0167;319.29;19.941;0;0;14.939;5.0019;309.22;9.4354;0.0058;0.0016;9.3224;0.1056;318.65;0.6386;0.0474;0.0134;0.5765;0.0013;310.99;23.659;6.6661;278.35;0.5418;216;171.29;72.729;5.7466;2.7293;39.261;1.773;36.243;0;1;0;0;0.9585;0.9412;1;1;0.9507;0.1148;0.9704;0.9998;1;0.9676;0.8369;0.998;0.998;1;0.998;0.998;0.9115;0.9181;0.0959;1.0187;1.0194;0.0061;0.0132;0.0241;0.0068;0.0242;0.0075;0;0;0.088;0;0.8124;0;0;0;0;0;0;0;0;0;0;0;0;0.0195;0.0026;0.9154;0.9154;0;31.624;31.624;12.624;0.0408;871.95;1049.8;1;0.0149;0.0149;0;0;0;0;0;0;0.9004;0.8124;0;17.117;19.821;15.193;17.593;98.371;98.371;8.1416;7.3156;6.4931;0.826;0.8225;0.1015;0.101;0.7975;202.69;0.7339;0
06/12/21 10:00;68.697;-59.076;10.76;71.505;18.495;-90;-18.495;459.9;412.7;47.203;20.71;5.7301;0;49.774;387.57;15.66;0;2.4942;455.5;0;455.5;49.774;15.66;387.57;2.4942;0.1093;0.8563;0;0.0055;445.52;9.9788;0;0;7.8924;2.0864;431.09;13.542;0.0185;0.0058;13.428;0.0904;444.63;0.891;0.0995;0.0313;0.7594;0.0008;431.69;49.656;15.623;365.49;0.3167;274.37;217.57;88.352;1.0514;3.3227;47.796;0.603;50.068;0;1;0;0;0.9904;0.9781;1;1;0.9796;0.1635;0.9695;0.9996;1;0.9646;0.778;0.998;0.998;1;0.998;0.998;0.9464;0.943;0.127;1.3679;1.401;0.0084;0.0077;0.0664;0.0092;0.0327;0.009;0;0;0.088;0;1.1291;0;0;0;0;0;0;0;0;0;0;0;0;0.0264;0.0047;1.2365;1.2365;0;38.373;38.373;17.663;0.041;1201.9;1028.8;1;0.0194;0.0194;0;0;0;0;0;0;1.2171;1.1291;0;17.22;19.941;15.725;18.209;98.43;98.43;10.932;9.8821;9.0237;1.0499;0.8584;0.096;0.0785;0.8254;239.16;0.7653;0
06/12/21 11:00;76.759;-19.383;12.478;85.535;4.4653;-90;-4.4653;841.9;338.7;503.21;23.08;5.71;0;504.74;214.01;124.74;0;0.2683;843.76;0;843.76;504.74;124.74;214.01;0.2683;0.5982;0.254;0;0.0003;843.11;0.6458;0;0;0.4215;0.2244;831.79;9.6343;0.2171;0.0537;9.3538;0.0098;841.42;1.6862;1.0095;0.2495;0.4272;0.0001;831.81;503.51;124.44;203.81;0.0341;496.3;393.57;162.76;0.0004;5.6962;81.937;0.017;87.633;0;1;0;0;1.0022;0.9992;1;1;0.998;0.1638;0.9885;0.9996;1;0.9561;0.7768;0.998;0.998;1;0.998;0.998;0.9858;0.9523;0.127;2.5338;2.6781;0.0161;-0.002;0.3075;0.0165;0.0585;0.0144;0;0;0.088;0;2.0798;0;0;0;0;0;0;0;0;0;0;0;0;0.0471;0.0157;2.2042;2.2042;0;57.635;57.635;34.555;0.0415;2302.8;957.18;1;0.0364;0.0364;0;0;0;0;0;0;2.1678;2.0798;0;16.572;19.19;15.637;18.107;98.349;98.349;20.25;17.616;16.622;2.6342;0.9942;0.1301;0.0491;0.8208;127.01;0.7652;0
06/12/21 12:00;74.549;38.212;12.083;80.297;9.7027;90;9.7027;1022.6;188.6;833.99;23.94;5.7499;0;846.1;72.173;117.59;0;1.5359;1037.4;0;1037.4;846.1;117.59;72.173;1.5359;0.8156;0.0711;0;0.0015;1035.6;1.7809;0;0;0.4984;1.2824;1030.2;3.3945;0.3524;0.049;2.9362;0.057;1033.5;2.0712;1.6922;0.2352;0.1433;0.0005;1030.4;844.05;117.31;68.595;0.196;597.74;474;200.33;0.019;6.5814;94.671;0.2788;101.23;0;1;0;0;1.0145;0.9983;1;1;0.9931;0.165;0.9967;0.9996;1;0.959;0.7748;0.998;0.998;1;0.998;0.998;0.993;0.9504;0.1276;3.1153;3.3031;0.0199;0.004;0.4891;0.0195;0.0693;0.016;0;0;0.088;0;2.4731;0;0;0;0;0;0;0;0;0;0;0;0;0.0558;0.0234;2.6062;2.6062;0;67.076;67.076;43.136;0.0419;2839.2;917.94;1;0.0451;0.0451;0;0;0;0;0;0;2.5611;2.4731;0;15.937;18.455;15.123;17.512;98.268;98.268;24.898;20.829;19.765;4.0684;1.064;0.1634;0.0427;0.7939;43.232;0.7431;0
06/12/21 13:00;64.642;67.053;9.6119;66.422;23.578;90;23.578;749.5;365.6;383.91;25.2;5.5899;0;418.88;244.62;120.37;0;6.5702;790.44;0;790.44;418.88;120.37;244.62;6.5702;0.5299;0.3178;0;0.0083;777.42;13.012;0;0;7.4088;5.6032;767.54;8.3334;0.1388;0.0399;7.9523;0.2025;775.87;1.5548;0.8378;0.2407;0.4744;0.0019;769.24;417.9;120.09;228.79;0.7625;427.84;339.28;141.35;1.59;4.9458;71.144;1.7066;74.499;0;1;0;0;1.0546;0.9835;1;1;0.9697;0.1472;0.9893;0.9997;1;0.9664;0.7902;0.998;0.998;1;0.998;0.998;0.971;0.9353;0.1161;2.3737;2.4669;0.0149;-0.0021;0.2789;0.0152;0.054;0.0125;0;0;0.088;0;1.9158;0;0;0;0;0;0;0;0;0;0;0;0;0.0435;0.0134;2.0365;2.0365;0;57.074;57.074;31.874;0.0415;2122.2;959.61;1;0.0327;0.0327;0;0;0;0;0;0;2.0038;1.9158;0;16.344;18.926;15.375;17.804;98.395;98.395;18.97;16.276;15.311;2.6949;0.9645;0.1421;0.0508;0.8071;154.87;0.7561;0
06/12/21 14:00;52.834;81.254;5.2707;53.157;36.843;90;36.843;647.2;344.2;303;25.92;5.15;0;378.62;226.15;116.15;0;13.572;734.5;0;734.5;378.62;116.15;226.15;13.572;0.5155;0.3264;0;0.0185;708.26;26.24;0;0;13.922;12.319;699.76;7.0807;0.0688;0.0211;6.8349;0.1559;706.85;1.4165;0.7572;0.2323;0.4245;0.0025;703.83;377.8;115.9;204.97;1.0954;349.86;277.44;118.9;6.9516;4.1962;60.361;4.0645;57.606;0;1;0;0;1.1349;0.9643;1;1;0.9384;0.0924;0.99;0.9998;1;0.9677;0.8754;0.998;0.998;1;0.998;0.998;0.9527;0.9063;0.0807;2.2057;2.2471;0.0135;-0.0013;0.2374;0.014;0.0496;0.0107;0;0;0.088;0;1.7543;0;0;0;0;0;0;0;0;0;0;0;0;0.0399;0.0113;1.872;1.872;0;54.933;54.933;29.014;0.0415;1933.1;968.39;1;0.0298;0.0298;0;0;0;0;0;0;1.8423;1.7543;0;16.168;18.722;15.151;17.545;98.411;98.411;17.628;14.961;14.02;2.6668;0.9411;0.1513;0.0534;0.7953;156.91;0.7492;0
06/12/21 15:00;40.607;90.821;0.6234;40.61;49.39;90;49.39;767.3;126.4;640.9;25.55;4.64;0;984.63;31.365;135.82;0;28.125;1179.9;0;1179.9;984.63;135.82;31.365;28.125;0.8345;0.0504;0;0.0238;1150.6;29.304;0;0;2.9831;26.321;1147.3;1.0401;0.0212;0.0029;0.9369;0.0791;1148.3;2.3013;1.9693;0.2716;0.0568;0.0036;1153.7;982.64;135.54;27.388;1.7215;293.93;233.08;95.021;2.6501;3.6346;52.283;6.3791;53.267;0;1;0;0;1.5378;0.9752;1;1;0.9049;0.0641;0.9991;1;1;0.9669;0.9561;0.998;0.998;1;0.998;0.998;0.9723;0.8732;0.0612;3.5433;3.5849;0.0216;0.0097;0.6177;0.0206;0.0729;0.0086;0;0;0.088;0;2.6121;0;0;0;0;0;0;0;0;0;0;0;0;0.0587;0.0275;2.7478;2.7478;0;73.874;73.874;48.324;0.0421;3085.9;890.43;1;0.0477;0.0477;0;0;0;0;0;0;2.7001;2.6121;0;14.773;17.107;14.043;16.262;98.264;98.264;28.318;21.96;20.876;6.3581;1.0845;0.2245;0.0383;0.7372;24.34;0.7135;0
06/12/21 16:00;28.393;98.778;7.8274;28.677;60;90;60;202.1;194.2;7.9082;23.85;4.11;0;16.476;143.93;4.779;0;10.611;175.79;0;175.79;16.476;4.779;143.93;10.611;0.0937;0.8791;0;0.0604;147.69;28.104;0;0;18.151;9.9526;142.9;4.4895;0.0044;0.0013;4.439;0.0447;147.39;0.2954;0.033;0.0096;0.2516;0.0013;147.24;16.438;4.7681;121.09;0.6118;126.78;100.54;48.144;24.065;2.5923;37.29;4.3332;15.818;0;1;0;0;0.8698;0.8401;1;1;0.8739;0.062;0.9695;0.9997;1;0.9646;0.9319;0.998;0.998;1;0.998;0.998;0.8129;0.8413;0.0577;0.5279;0.5221;0.0031;0.018;0.0089;0.0034;0.0122;0.007;0;0;0.088;0;0.362;0;0;0;0;0;0;0;0;0;0;0;0;0.0098;0.0008;0.4587;0.4587;0;29.711;29.711;5.8615;0.041;443.78;1033.5;1;0.0087;0.0087;0;0;0;0;0;0;0.45;0.362;0;16.551;19.166;13.063;15.127;98.113;98.113;4.219;3.6656;2.8932;0.5534;0.7725;0.1312;0.1831;0.6857;125.3;0.5918;0
06/12/21 17:00;16.428;106.34;46.694;17.08;28.344;90;28.344;45.008;44.601;0.4063;22.3;3.2799;0;0.9854;41.885;0.1104;0;0.5665;43.547;0;43.547;0.9854;0.1104;41.885;0.5665;0.0226;0.9748;0;0.013;41.35;2.1976;0;0;1.7036;0.494;39.928;1.3391;0.0106;0.0012;1.3137;0.0136;41.267;0.0827;0.002;0.0002;0.0804;0.0001;40.096;0.9728;0.109;38.787;0.0588;27.303;21.651;9.0452;0.5208;0.3413;4.9088;0.1683;4.7293;0;1;0;0;0.9676;0.9495;1;1;0.9593;0.1281;0.9675;0.9892;1;0.9672;0.8122;0.998;0.998;1;0.998;0.998;0.9169;0.926;0.1038;0.1308;0.1311;0.0008;0.0127;-0.0005;0.0008;0.0029;0.0009;0;0;0.088;0;0.0183;0;0;0;0;0;0;0;0;0;0;0;0;0.0024;0.0001;0.111;0.111;0;23.953;23.953;1.6527;0.0414;110.47;1004.6;1;0.0047;0.0047;0;0;0;0;0;0;0.1063;0.0183;0;16.166;18.72;2.6661;3.0872;95.788;95.788;1.0451;0.8869;0.1463;0.1582;0.7407;0.1514;0.7087;0.14;27.301;0.1291;0
06/12/21 18:00;5.2987;113.93;77.058;5.7936;8.3776;90;8.3776;26.294;25.903;0.3907;21.4;2.83;0;0.9475;25.687;0.1888;0;0.0295;26.853;0;26.853;0.9475;0.1888;25.687;0.0295;0.0353;0.9577;0;0.0011;26.689;0.1637;0;0;0.1391;0.0246;25.306;1.3304;0.2191;0.0436;1.0666;0.0011;26.636;0.0534;0.0019;0.0004;0.0511;0;25.31;0.7266;0.1448;24.43;0.0038;15.344;12.168;4.8418;0.0037;0.1887;2.7143;0.0042;2.8993;0;1;0;0;1.0213;0.9939;1;1;0.9946;0.1648;0.9501;0.7683;1;0.9582;0.7751;0.998;0.998;1;0.998;0.998;0.9424;0.9511;0.1275;0.0806;0.082;0.0005;0.0102;-0.0008;0.0005;0.0018;0.0005;0;0;0.088;0;-0.0238;0;0;0;0;0;0;0;0;0;0;0;0;0.0014;0.0001;0.0678;0.0678;0;22.453;22.453;1.0527;0.0416;68.415;990.57;1;0.0035;0.0035;0;0;0;0;0;0;0.0642;-0.0238;0;16.01;18.539;-5.617;-6.5044;94.766;94.766;0.6445;0.5416;-0.19;0.1029;0.7316;0.1596;1.1353;0;15.342;0;0
06/12/21 19:00;0;0;90;0;0;90;0;0;0;0;19.55;3.1899;0;0;0;0;0;0;0;0;0;0;0;0;0;1;1;1;1;0;0;0;0;0;0;0;0;0;0;0;0;0;0;0;0;0;0;0;0;0;0;0;0;0;0;0;0;0;0;0;0;0;0;0;1;1;1;1;1;1;1;1;1;1;1;1;1;1;1;1;1;1;1;0;0;0;0;0;0;0;0;0;0.0004;0.088;0;-0.0884;0;0;0;0;0;0;0;0;0;0;0;0;0;0;0;0;0;0;0;-19.55;0;0;0;0;0.0004;0;0;0;0;0;0;0;-0.0004;-0.0884;0;0;0;0;0;0;0;0;0;-0.7063;0;0.7063;1;1;0;0;0;0
06/12/21 20:00;0;0;90;0;0;90;0;0;0;0;18.3;3.5899;0;0;0;0;0;0;0;0;0;0;0;0;0;1;1;1;1;0;0;0;0;0;0;0;0;0;0;0;0;0;0;0;0;0;0;0;0;0;0;0;0;0;0;0;0;0;0;0;0;0;0;0;1;1;1;1;1;1;1;1;1;1;1;1;1;1;1;1;1;1;1;0;0;0;0;0;0;0;0;0;0.0004;0.088;0;-0.0884;0;0;0;0;0;0;0;0;0;0;0;0;0;0;0;0;0;0;0;-18.3;0;0;0;0;0.0004;0;0;0;0;0;0;0;-0.0004;-0.0884;0;0;0;0;0;0;0;0;0;-0.7063;0;0.7063;1;1;0;0;0;0
06/12/21 21:00;0;0;90;0;0;90;0;0;0;0;18.7;3.8101;0;0;0;0;0;0;0;0;0;0;0;0;0;1;1;1;1;0;0;0;0;0;0;0;0;0;0;0;0;0;0;0;0;0;0;0;0;0;0;0;0;0;0;0;0;0;0;0;0;0;0;0;1;1;1;1;1;1;1;1;1;1;1;1;1;1;1;1;1;1;1;0;0;0;0;0;0;0;0;0;0.0004;0.088;0;-0.0884;0;0;0;0;0;0;0;0;0;0;0;0;0;0;0;0;0;0;0;-18.7;0;0;0;0;0.0004;0;0;0;0;0;0;0;-0.0004;-0.0884;0;0;0;0;0;0;0;0;0;-0.7063;0;0.7063;1;1;0;0;0;0
06/12/21 22:00;0;0;90;0;0;90;0;0;0;0;17.8;3.9701;0;0;0;0;0;0;0;0;0;0;0;0;0;1;1;1;1;0;0;0;0;0;0;0;0;0;0;0;0;0;0;0;0;0;0;0;0;0;0;0;0;0;0;0;0;0;0;0;0;0;0;0;1;1;1;1;1;1;1;1;1;1;1;1;1;1;1;1;1;1;1;0;0;0;0;0;0;0;0;0;0.0004;0.088;0;-0.0884;0;0;0;0;0;0;0;0;0;0;0;0;0;0;0;0;0;0;0;-17.8;0;0;0;0;0.0004;0;0;0;0;0;0;0;-0.0004;-0.0884;0;0;0;0;0;0;0;0;0;-0.7063;0;0.7063;1;1;0;0;0;0
06/12/21 23:00;0;0;90;0;0;90;0;0;0;0;17.3;3.86;0;0;0;0;0;0;0;0;0;0;0;0;0;1;1;1;1;0;0;0;0;0;0;0;0;0;0;0;0;0;0;0;0;0;0;0;0;0;0;0;0;0;0;0;0;0;0;0;0;0;0;0;1;1;1;1;1;1;1;1;1;1;1;1;1;1;1;1;1;1;1;0;0;0;0;0;0;0;0;0;0.0004;0.088;0;-0.0884;0;0;0;0;0;0;0;0;0;0;0;0;0;0;0;0;0;0;0;-17.3;0;0;0;0;0.0004;0;0;0;0;0;0;0;-0.0004;-0.0884;0;0;0;0;0;0;0;0;0;-0.7063;0;0.7063;1;1;0;0;0;0
07/12/21 00:00;0;0;90;0;0;90;0;0;0;0;16.8;3.3499;0;0;0;0;0;0;0;0;0;0;0;0;0;1;1;1;1;0;0;0;0;0;0;0;0;0;0;0;0;0;0;0;0;0;0;0;0;0;0;0;0;0;0;0;0;0;0;0;0;0;0;0;1;1;1;1;1;1;1;1;1;1;1;1;1;1;1;1;1;1;1;0;0;0;0;0;0;0;0;0;0.0004;0.088;0;-0.0884;0;0;0;0;0;0;0;0;0;0;0;0;0;0;0;0;0;0;0;-16.8;0;0;0;0;0.0004;0;0;0;0;0;0;0;-0.0004;-0.0884;0;0;0;0;0;0;0;0;0;-0.7063;0;0.7063;1;1;0;0;0;0
07/12/21 01:00;0;0;90;0;0;90;0;0;0;0;16.63;3.1001;0;0;0;0;0;0;0;0;0;0;0;0;0;1;1;1;1;0;0;0;0;0;0;0;0;0;0;0;0;0;0;0;0;0;0;0;0;0;0;0;0;0;0;0;0;0;0;0;0;0;0;0;1;1;1;1;1;1;1;1;1;1;1;1;1;1;1;1;1;1;1;0;0;0;0;0;0;0;0;0;0.0004;0.088;0;-0.0884;0;0;0;0;0;0;0;0;0;0;0;0;0;0;0;0;0;0;0;-16.63;0;0;0;0;0.0004;0;0;0;0;0;0;0;-0.0004;-0.0884;0;0;0;0;0;0;0;0;0;-0.7063;0;0.7063;1;1;0;0;0;0
07/12/21 02:00;0;0;90;0;0;90;0;0;0;0;16.29;3.1199;0;0;0;0;0;0;0;0;0;0;0;0;0;1;1;1;1;0;0;0;0;0;0;0;0;0;0;0;0;0;0;0;0;0;0;0;0;0;0;0;0;0;0;0;0;0;0;0;0;0;0;0;1;1;1;1;1;1;1;1;1;1;1;1;1;1;1;1;1;1;1;0;0;0;0;0;0;0;0;0;0.0004;0.088;0;-0.0884;0;0;0;0;0;0;0;0;0;0;0;0;0;0;0;0;0;0;0;-16.29;0;0;0;0;0.0004;0;0;0;0;0;0;0;-0.0004;-0.0884;0;0;0;0;0;0;0;0;0;-0.7063;0;0.7063;1;1;0;0;0;0
07/12/21 03:00;0;0;90;0;0;90;0;0;0;0;16.6;3.08;0;0;0;0;0;0;0;0;0;0;0;0;0;1;1;1;1;0;0;0;0;0;0;0;0;0;0;0;0;0;0;0;0;0;0;0;0;0;0;0;0;0;0;0;0;0;0;0;0;0;0;0;1;1;1;1;1;1;1;1;1;1;1;1;1;1;1;1;1;1;1;0;0;0;0;0;0;0;0;0;0.0004;0.088;0;-0.0884;0;0;0;0;0;0;0;0;0;0;0;0;0;0;0;0;0;0;0;-16.6;0;0;0;0;0.0004;0;0;0;0;0;0;0;-0.0004;-0.0884;0;0;0;0;0;0;0;0;0;-0.7063;0;0.7063;1;1;0;0;0;0
07/12/21 04:00;1.8201;-116.67;85.582;2.0367;2.9079;-90;-2.9079;0;0;0;17;3.47;0;0;0;0;0;0;0;0;0;0;0;0;0;1;1;1;1;0;0;0;0;0;0;0;0;0;0;0;0;0;0;0;0;0;0;0;0;0;0;0;0;0;0;0;0;0;0;0;0;0;0;0;1;1;1;1;1;1;1;1;1;1;1;1;1;1;1;1;1;1;1;0;0;0;0;0;0;0;0;0;0.0004;0.088;0;-0.0884;0;0;0;0;0;0;0;0;0;0;0;0;0;0;0;0;0;0;0;-17;0;0;0;0;0.0004;0;0;0;0;0;0;0;-0.0004;-0.0884;0;0;0;0;0;0;0;0;0;-0.7063;0;0.7063;1;1;0;0;0;0
07/12/21 05:00;9.1026;-111.37;67.438;9.7619;14.519;-90;-14.519;123.3;22.497;100.81;17.57;3.9999;0;244.48;12.121;24.687;0;0.4135;281.7;0;281.7;244.48;24.687;12.121;0.4135;0.8679;0.0445;0;0.0015;281.19;0.509;0;0;0.1642;0.3448;258.27;22.358;19.881;2.0076;0.4533;0.0154;280.63;0.5624;0.489;0.0494;0.0239;0.0001;258.28;224.11;22.63;11.479;0.0532;7.9074;6.2706;2.6169;0.0141;0.0901;1.2964;0.0088;1.3725;0;1;0;0;2.2847;0.9982;1;1;0.9865;0.1661;0.9203;0.9185;1;0.962;0.7757;0.998;0.998;1;0.998;0.998;0.9168;0.9471;0.1286;0.846;0.7807;0.0047;0.0161;0.0086;0.0053;0.0186;0.0002;0;0;0.088;0;0.6102;0;0;0;0;0;0;0;0;0;0;0;0;0.015;0.0017;0.7103;0.7103;0;28.096;28.096;10.526;0.0408;668.87;1062;1;0.0121;0.0121;0;0;0;0;0;0;0.6982;0.6102;0;15.996;18.523;13.742;15.912;98.295;98.295;6.7609;5.6771;4.8769;1.0838;0.8001;0.1603;0.1183;0.7213;7.3636;0.7189;0
07/12/21 06:00;20.794;-103.69;30.571;21.348;40.644;-90;-40.644;325.19;63.899;261.29;20.23;4.34;0;633.71;26.823;80.996;0;8.2368;749.77;0;749.77;633.71;80.996;26.823;8.2368;0.8452;0.0468;0;0.011;740.28;9.4862;0;0;1.9165;7.5697;736.96;1.8394;0.8665;0.1108;0.8048;0.0574;738.8;1.4806;1.2674;0.162;0.0498;0.0013;737.3;631.58;80.723;24.052;0.6084;20.655;16.379;6.9335;1.1561;0.3018;4.3414;0.3353;3.4871;0;1;0;0;2.3056;0.9873;1;1;0.9285;0.081;0.9975;0.9986;1;0.9676;0.9138;0.998;0.998;1;0.998;0.998;0.9829;0.8967;0.0739;2.2516;2.2298;0.0134;-0.0012;0.2015;0.0141;0.0501;0.0008;0;0;0.088;0;1.7811;0;0;0;0;0;0;0;0;0;0;0;0;0.0403;0.0111;1.8998;1.8998;0;50.674;50.674;30.444;0.0413;1921.7;988.57;1;0.0307;0.0307;0;0;0;0;0;0;1.8691;1.7811;0;16.074;18.613;15.069;17.45;98.385;98.385;17.994;15.183;14.234;2.8115;0.9484;0.1562;0.0527;0.791;19.211;0.7876;0
07/12/21 07:00;32.87;-96.095;5.1165;33.018;56.982;-90;-56.982;433.49;181;252.49;21;4.28;0;463.37;93.625;109.73;0;20.714;687.45;0;687.45;463.37;109.73;93.625;20.714;0.674;0.1663;0;0.0301;657.1;30.342;0;0;10.934;19.408;652.77;3.0162;0.0817;0.0194;2.8502;0.0649;655.79;1.3142;0.9267;0.2195;0.1654;0.0026;657.52;462.36;109.5;79.675;1.2386;155.88;123.61;54.646;13.029;2.4066;34.619;4.7457;23.996;0;1;0;0;1.5858;0.9559;1;1;0.8832;0.0631;0.9954;0.9998;1;0.9655;0.9502;0.998;0.998;1;0.998;0.998;0.9496;0.851;0.0598;2.0644;2.0534;0.0124;0;0.1656;0.0131;0.0466;0.0063;0;0;0.088;0;1.6462;0;0;0;0;0;0;0;0;0;0;0;0;0.0375;0.0095;1.7624;1.7624;0;47.912;47.912;26.912;0.0412;1764.7;998.72;1;0.0283;0.0283;0;0;0;0;0;0;1.7342;1.6462;0;16.264;18.833;15.191;17.591;98.397;98.397;16.499;14.085;13.156;2.4133;0.9291;0.1463;0.0563;0.7974;78.736;0.7684;0
07/12/21 08:00;45.119;-87.766;1.5761;45.141;44.859;-90;-44.859;612.8;212.5;400.3;22.63;4.2399;0;564.72;108.73;120.26;0;18.734;812.45;0;812.45;564.72;120.26;108.73;18.734;0.6951;0.1569;0;0.0231;786.1;26.351;0;0;8.9747;17.377;781.16;3.3634;0.0307;0.0065;3.2441;0.0821;784.52;1.5722;1.1294;0.2405;0.1995;0.0027;786.19;563.56;120.02;96.311;1.2729;285.31;226.25;96.026;6.573;3.5419;50.949;5.0334;47.918;0;1;0;0;1.3258;0.9676;1;1;0.9175;0.0725;0.9957;0.9999;1;0.9674;0.9394;0.998;0.998;1;0.998;0.998;0.9615;0.8858;0.0679;2.4398;2.4753;0.0149;-0.0021;0.2615;0.0154;0.0546;0.0091;0;0;0.088;0;1.943;0;0;0;0;0;0;0;0;0;0;0;0;0.044;0.0135;2.0644;2.0644;0;55.014;55.014;32.384;0.0415;2130.9;968.76;1;0.0334;0.0334;0;0;0;0;0;0;2.031;1.943;0;16.119;18.665;15.171;17.567;98.382;98.382;19.499;16.498;15.528;3.0003;0.9702;0.1539;0.0498;0.7964;80.818;0.7607;0
07/12/21 09:00;57.271;-77.085;6.9408;57.935;32.065;-90;-32.065;873.29;153.8;719.49;24.5;4.4699;0;849.02;55.784;110.22;0;13.989;1029;0;1029;849.02;110.22;55.784;13.989;0.8251;0.0678;0;0.0136;1013.9;15.142;0;0;2.756;12.386;1009.6;2.2046;0.2031;0.0264;1.7148;0.2603;1011.8;2.0277;1.698;0.2204;0.1061;0.0032;1013.4;847.11;109.98;51.208;1.3392;456.64;362.11;156.92;1.0667;4.8443;69.684;3.736;73.462;0;1;0;0;1.1783;0.9853;1;1;0.9506;0.1146;0.9978;0.9998;1;0.9676;0.8373;0.998;0.998;1;0.998;0.998;0.9812;0.918;0.0957;3.0901;3.1991;0.0193;0.0023;0.4705;0.0189;0.0672;0.0118;0;0;0.088;0;2.4014;0;0;0;0;0;0;0;0;0;0;0;0;0.0541;0.022;2.5329;2.5329;0;66.765;66.765;42.265;0.0419;2751.5;920.55;1;0.0434;0.0434;0;0;0;0;0;0;2.4894;2.4014;0;15.615;18.082;14.804;17.143;98.285;98.285;24.696;20.243;19.192;4.4534;1.0505;0.1803;0.0425;0.7771;37.309;0.7396;0
07/12/21 10:00;68.698;-59.483;10.631;71.432;18.568;-90;-18.568;605.49;436.9;168.59;25.7;4.82;0;177.85;370.85;59.224;0;3.3095;611.23;0;611.23;177.85;59.224;370.85;3.3095;0.291;0.6121;0;0.0054;600.86;10.37;0;0;7.6017;2.7685;586.63;13.037;0.0652;0.0217;12.83;0.1198;599.66;1.2017;0.3557;0.1184;0.7265;0.0011;587.43;177.43;59.084;349.69;0.4201;356.37;282.6;115.64;1.0202;4.2362;60.936;0.8008;64.152;0;1;0;0;1.0095;0.983;1;1;0.9795;0.1635;0.9783;0.9996;1;0.9646;0.7781;0.998;0.998;1;0.998;0.998;0.9597;0.9429;0.1269;1.8355;1.8977;0.0114;0.0014;0.1671;0.012;0.0426;0.011;0;0;0.088;0;1.4964;0;0;0;0;0;0;0;0;0;0;0;0;0.0343;0.0082;1.6095;1.6095;0;49.934;49.934;24.234;0.0413;1628.3;988.43;1;0.0251;0.0251;0;0;0;0;0;0;1.5844;1.4964;0;16.704;19.343;15.53;17.983;98.438;98.438;14.67;12.863;11.959;1.8064;0.9043;0.1231;0.0616;0.8152;228.91;0.7586;0
07/12/21 11:00;76.838;-19.93;12.361;85.443;4.5575;-90;-4.5575;801.9;374.9;427;26.01;4.99;0;428.35;257.75;117.11;0;0.2662;803.48;0;803.48;428.35;117.11;257.75;0.2662;0.5331;0.3211;0;0.0003;802.73;0.7465;0;0;0.5239;0.2226;789.63;11.496;0.1825;0.0499;11.254;0.0097;801.13;1.6055;0.8567;0.2342;0.5144;0.0001;789.65;427.31;116.83;245.46;0.0338;472.92;375.03;154.52;0.0007;5.4646;78.606;0.0171;84.07;0;1;0;0;1.002;0.9991;1;1;0.998;0.1639;0.9857;0.9996;1;0.9562;0.7768;0.998;0.998;1;0.998;0.998;0.9828;0.9523;0.127;2.4128;2.5441;0.0153;-0.0022;0.3037;0.0156;0.0553;0.0138;0;0;0.088;0;1.9624;0;0;0;0;0;0;0;0;0;0;0;0;0.0445;0.0142;2.0838;2.0838;0;58.849;58.849;32.839;0.0416;2188.1;952.32;1;0.0334;0.0334;0;0;0;0;0;0;2.0504;1.9624;0;16.452;19.051;15.493;17.941;98.396;98.396;19.283;16.654;15.683;2.6297;0.9705;0.1364;0.0503;0.8133;152.99;0.7578;0
07/12/21 12:00;74.695;38.142;11.982;80.407;9.5934;90;9.5934;821.39;359.7;461.69;26.93;4.8;0;468.24;235.77;124;0;1.2061;829.22;0;829.22;468.24;124;235.77;1.2061;0.5647;0.2858;0;0.0015;826.61;2.605;0;0;1.5979;1.0071;815.06;9.8979;0.1934;0.0512;9.6085;0.0447;824.96;1.6532;0.9365;0.248;0.4684;0.0004;815.28;467.11;123.7;224.1;0.1539;482.15;382.35;159.38;0.0584;5.4552;78.471;0.2129;83.868;0;1;0;0;1.0095;0.9969;1;1;0.9932;0.165;0.988;0.9996;1;0.9589;0.7748;0.998;0.998;1;0.998;0.998;0.9829;0.9505;0.1276;2.4901;2.621;0.0158;-0.0021;0.3318;0.0159;0.0565;0.0136;0;0;0.088;0;2.0066;0;0;0;0;0;0;0;0;0;0;0;0;0.0455;0.0151;2.1289;2.1289;0;60.883;60.883;33.953;0.0417;2254.2;944.38;1;0.0343;0.0343;0;0;0;0;0;0;2.0946;2.0066;0;16.286;18.859;15.351;17.776;98.389;98.389;19.901;17.014;16.037;2.8873;0.9774;0.1451;0.0491;0.8058;141.19;0.7525;0
07/12/21 13:00;64.785;67.139;9.5267;66.544;23.456;90;23.456;551.7;441.7;109.99;28.75;4.65;0;119.9;386.9;41.569;0;4.7868;553.15;0;553.15;119.9;41.569;386.9;4.7868;0.2168;0.7081;0;0.0087;537.45;15.7;0;0;11.62;4.0801;523.58;12.792;0.0394;0.0137;12.591;0.1483;536.38;1.0749;0.2398;0.0831;0.7505;0.0014;524.87;119.62;41.472;361.93;0.557;326.64;259.03;106.92;2.467;3.9225;56.424;1.2818;57.88;0;1;0;0;1.0026;0.9716;1;1;0.97;0.1476;0.9762;0.9997;1;0.9664;0.7897;0.998;0.998;1;0.998;0.998;0.9465;0.9355;0.1164;1.6611;1.6998;0.0102;0.0037;0.1531;0.0107;0.0381;0.0102;0;0;0.088;0;1.3267;0;0;0;0;0;0;0;0;0;0;0;0;0.0306;0.0067;1.4365;1.4365;0;50.399;50.399;21.649;0.0413;1459;984.62;1;0.0218;0.0218;0;0;0;0;0;0;1.4147;1.3267;0;16.474;19.077;15.215;17.619;98.483;98.483;13.276;11.481;10.603;1.795;0.8774;0.1352;0.0661;0.7987;244.77;0.742;0
07/12/21 14:00;52.973;81.341;5.202;53.288;36.712;90;36.712;822.31;190.3;632.01;29.15;4.73;0;788.39;75.058;133.45;0;17.126;1014;0;1014;788.39;133.45;75.058;17.126;0.7775;0.0909;0;0.0169;993.89;20.13;0;0;4.5949;15.535;989.27;2.6343;0.1414;0.0239;2.2692;0.1998;991.9;1.9878;1.5768;0.2669;0.1409;0.0032;994.07;786.67;133.16;68.053;1.3881;412.78;327.34;139.47;2.2823;4.6194;66.449;4.8064;68.786;0;1;0;0;1.2331;0.9801;1;1;0.9388;0.0929;0.9973;0.9998;1;0.9677;0.8742;0.998;0.998;1;0.998;0.998;0.9756;0.9067;0.0811;3.0451;3.1341;0.0189;0.0014;0.506;0.0183;0.0647;0.0111;0;0;0.088;0;2.3116;0;0;0;0;0;0;0;0;0;0;0;0;0.0521;0.0212;2.4404;2.4404;0;70.697;70.697;41.547;0.042;2697.2;904.82;1;0.0408;0.0408;0;0;0;0;0;0;2.3996;2.3116;0;15.267;17.679;14.461;16.746;98.326;98.326;24.336;19.504;18.474;4.8324;1.0297;0.1986;0.0423;0.7591;52.022;0.7236;0
07/12/21 15:00;40.744;90.894;0.6774;40.747;49.253;90;49.253;661.4;178;483.4;26.98;4.66;0;740.59;69.731;143.42;0;24.117;977.86;0;977.86;740.59;143.42;69.731;24.117;0.7574;0.096;0;0.0247;948.69;29.172;0;0;6.6054;22.567;944.62;2.1717;0.0173;0.0033;2.0826;0.0685;946.79;1.8974;1.4812;0.2868;0.1263;0.0031;950.42;739.09;143.13;60.917;1.4789;268.35;212.8;88.191;5.8255;3.4462;49.572;5.7973;47.193;0;1;0;0;1.4785;0.9702;1;1;0.9053;0.0643;0.9977;1;1;0.9669;0.9557;0.998;0.998;1;0.998;0.998;0.966;0.8736;0.0613;2.9365;2.9671;0.0179;-0.0004;0.4347;0.0176;0.0624;0.0084;0;0;0.088;0;2.2298;0;0;0;0;0;0;0;0;0;0;0;0;0.0503;0.0191;2.3572;2.3572;0;66.513;66.513;39.533;0.0419;2552.1;923.6;1;0.0393;0.0393;0;0;0;0;0;0;2.3178;2.2298;0;15.291;17.707;14.465;16.751;98.332;98.332;23.469;18.838;17.821;4.6303;1.0176;0.1973;0.0434;0.7593;54.039;0.7316;0
07/12/21 16:00;28.532;98.838;7.8461;28.82;60;90;60;347.09;244.6;102.49;28.03;4.01;0;212.57;155.5;77.3;0;18.222;463.59;0;463.59;212.57;77.3;155.5;18.222;0.4585;0.3747;0;0.0393;426.89;36.703;0;0;19.61;17.092;421.08;4.9511;0.0575;0.0209;4.7959;0.0768;426.03;0.8538;0.4251;0.1546;0.2718;0.0023;426.43;212.09;77.124;130.82;1.0508;156.2;123.87;58.882;26.001;2.985;42.938;5.3531;19.922;0;1;0;0;1.3356;0.9208;1;1;0.8739;0.062;0.9884;0.9997;1;0.9646;0.9319;0.998;0.998;1;0.998;0.998;0.9083;0.8413;0.0577;1.3922;1.3749;0.0083;0.0081;0.0998;0.0088;0.0312;0.0079;0;0;0.088;0;1.075;0;0;0;0;0;0;0;0;0;0;0;0;0.0252;0.0045;1.1811;1.1811;0;45.387;45.387;17.357;0.0412;1180.8;1000.3;1;0.0181;0.0181;0;0;0;0;0;0;1.163;1.075;0;16.163;18.716;14.71;17.034;98.463;98.463;11.126;9.4398;8.5914;1.6864;0.8483;0.1516;0.0762;0.7722;135.37;0.7221;0
07/12/21 17:00;16.568;106.39;46.244;17.229;28.69;90;28.69;269.6;126;143.6;27.03;2.74;0;348.26;75.977;109.27;0;3.4753;536.98;0;536.98;348.26;109.27;75.977;3.4753;0.6485;0.148;0;0.0065;530.8;6.1859;0;0;3.1506;3.0353;522.47;7.2705;3.662;1.149;2.3779;0.0816;529.74;1.0616;0.6965;0.2185;0.1457;0.0009;522.78;343.9;107.91;70.303;0.3575;50.559;40.094;16.932;0.986;0.6215;8.9405;0.315;8.5761;0;1;0;0;1.9918;0.9885;1;1;0.9585;0.1266;0.9863;0.9895;1;0.9673;0.8141;0.998;0.998;1;0.998;0.998;0.973;0.9253;0.1029;1.6126;1.5934;0.0096;0.0051;0.1335;0.0101;0.0359;0.0016;0;0;0.088;0;1.2541;0;0;0;0;0;0;0;0;0;0;0;0;0.0289;0.006;1.3628;1.3628;0;48.6;48.6;21.57;0.0413;1372;993.32;1;0.0207;0.0207;0;0;0;0;0;0;1.3421;1.2541;0;16.1;18.643;14.816;17.156;98.482;98.482;12.888;10.892;10.023;1.9959;0.8686;0.1549;0.0674;0.7777;49.635;0.7682;0
07/12/21 18:00;5.2554;114.1;77.165;5.754;8.3187;90;8.3187;36.608;35.901;0.7072;24.7;2.7199;0;1.7153;35.516;0.4774;0;0.0404;37.749;0;37.749;1.7153;0.4774;35.516;0.0404;0.0454;0.9419;0;0.0011;37.525;0.2239;0;0;0.1901;0.0338;35.46;1.9904;0.4012;0.1117;1.476;0.0015;37.45;0.0751;0.0034;0.001;0.0707;0;35.465;1.3106;0.3648;33.779;0.0052;21.213;16.822;6.6938;0.0049;0.2609;3.7526;0.0057;4.0086;0;1;0;0;1.0312;0.9941;1;1;0.9946;0.1647;0.9469;0.7656;1;0.9581;0.7751;0.998;0.998;1;0.998;0.998;0.9394;0.9511;0.1274;0.1134;0.1147;0.0007;0.012;0.0005;0.0007;0.0025;0.0007;0;0;0.088;0;0.0033;0;0;0;0;0;0;0;0;0;0;0;0;0.002;0.0001;0.0955;0.0955;0;26.173;26.173;1.4729;0.0415;96.517;989.73;1;0.0042;0.0042;0;0;0;0;0;0;0.0913;0.0033;0;16.053;18.589;0.5599;0.6483;95.61;95.61;0.906;0.7634;0.0266;0.1425;0.7368;0.1573;0.8133;0.0294;21.209;0.0274;0
07/12/21 19:00;0;0;90;0;0;90;0;0;0;0;22.8;3.0201;0;0;0;0;0;0;0;0;0;0;0;0;0;1;1;1;1;0;0;0;0;0;0;0;0;0;0;0;0;0;0;0;0;0;0;0;0;0;0;0;0;0;0;0;0;0;0;0;0;0;0;0;1;1;1;1;1;1;1;1;1;1;1;1;1;1;1;1;1;1;1;0;0;0;0;0;0;0;0;0;0.0004;0.088;0;-0.0884;0;0;0;0;0;0;0;0;0;0;0;0;0;0;0;0;0;0;0;-22.8;0;0;0;0;0.0004;0;0;0;0;0;0;0;-0.0004;-0.0884;0;0;0;0;0;0;0;0;0;-0.7063;0;0.7063;1;1;0;0;0;0
07/12/21 20:00;0;0;90;0;0;90;0;0;0;0;23.22;3.3599;0;0;0;0;0;0;0;0;0;0;0;0;0;1;1;1;1;0;0;0;0;0;0;0;0;0;0;0;0;0;0;0;0;0;0;0;0;0;0;0;0;0;0;0;0;0;0;0;0;0;0;0;1;1;1;1;1;1;1;1;1;1;1;1;1;1;1;1;1;1;1;0;0;0;0;0;0;0;0;0;0.0004;0.088;0;-0.0884;0;0;0;0;0;0;0;0;0;0;0;0;0;0;0;0;0;0;0;-23.22;0;0;0;0;0.0004;0;0;0;0;0;0;0;-0.0004;-0.0884;0;0;0;0;0;0;0;0;0;-0.7063;0;0.7063;1;1;0;0;0;0
07/12/21 21:00;0;0;90;0;0;90;0;0;0;0;21.01;3.6699;0;0;0;0;0;0;0;0;0;0;0;0;0;1;1;1;1;0;0;0;0;0;0;0;0;0;0;0;0;0;0;0;0;0;0;0;0;0;0;0;0;0;0;0;0;0;0;0;0;0;0;0;1;1;1;1;1;1;1;1;1;1;1;1;1;1;1;1;1;1;1;0;0;0;0;0;0;0;0;0;0.0004;0.088;0;-0.0884;0;0;0;0;0;0;0;0;0;0;0;0;0;0;0;0;0;0;0;-21.01;0;0;0;0;0.0004;0;0;0;0;0;0;0;-0.0004;-0.0884;0;0;0;0;0;0;0;0;0;-0.7063;0;0.7063;1;1;0;0;0;0
07/12/21 22:00;0;0;90;0;0;90;0;0;0;0;19.08;3.8901;0;0;0;0;0;0;0;0;0;0;0;0;0;1;1;1;1;0;0;0;0;0;0;0;0;0;0;0;0;0;0;0;0;0;0;0;0;0;0;0;0;0;0;0;0;0;0;0;0;0;0;0;1;1;1;1;1;1;1;1;1;1;1;1;1;1;1;1;1;1;1;0;0;0;0;0;0;0;0;0;0.0004;0.088;0;-0.0884;0;0;0;0;0;0;0;0;0;0;0;0;0;0;0;0;0;0;0;-19.08;0;0;0;0;0.0004;0;0;0;0;0;0;0;-0.0004;-0.0884;0;0;0;0;0;0;0;0;0;-0.7063;0;0.7063;1;1;0;0;0;0
07/12/21 23:00;0;0;90;0;0;90;0;0;0;0;17.4;4.03;0;0;0;0;0;0;0;0;0;0;0;0;0;1;1;1;1;0;0;0;0;0;0;0;0;0;0;0;0;0;0;0;0;0;0;0;0;0;0;0;0;0;0;0;0;0;0;0;0;0;0;0;1;1;1;1;1;1;1;1;1;1;1;1;1;1;1;1;1;1;1;0;0;0;0;0;0;0;0;0;0.0004;0.088;0;-0.0884;0;0;0;0;0;0;0;0;0;0;0;0;0;0;0;0;0;0;0;-17.4;0;0;0;0;0.0004;0;0;0;0;0;0;0;-0.0004;-0.0884;0;0;0;0;0;0;0;0;0;-0.7063;0;0.7063;1;1;0;0;0;0
08/12/21 00:00;0;0;90;0;0;90;0;0;0;0;15.57;4.01;0;0;0;0;0;0;0;0;0;0;0;0;0;1;1;1;1;0;0;0;0;0;0;0;0;0;0;0;0;0;0;0;0;0;0;0;0;0;0;0;0;0;0;0;0;0;0;0;0;0;0;0;1;1;1;1;1;1;1;1;1;1;1;1;1;1;1;1;1;1;1;0;0;0;0;0;0;0;0;0;0.0004;0.088;0;-0.0884;0;0;0;0;0;0;0;0;0;0;0;0;0;0;0;0;0;0;0;-15.57;0;0;0;0;0.0004;0;0;0;0;0;0;0;-0.0004;-0.0884;0;0;0;0;0;0;0;0;0;-0.7063;0;0.7063;1;1;0;0;0;0
08/12/21 01:00;0;0;90;0;0;90;0;0;0;0;14.24;3.87;0;0;0;0;0;0;0;0;0;0;0;0;0;1;1;1;1;0;0;0;0;0;0;0;0;0;0;0;0;0;0;0;0;0;0;0;0;0;0;0;0;0;0;0;0;0;0;0;0;0;0;0;1;1;1;1;1;1;1;1;1;1;1;1;1;1;1;1;1;1;1;0;0;0;0;0;0;0;0;0;0.0004;0.088;0;-0.0884;0;0;0;0;0;0;0;0;0;0;0;0;0;0;0;0;0;0;0;-14.24;0;0;0;0;0.0004;0;0;0;0;0;0;0;-0.0004;-0.0884;0;0;0;0;0;0;0;0;0;-0.7063;0;0.7063;1;1;0;0;0;0
08/12/21 02:00;0;0;90;0;0;90;0;0;0;0;13.24;3.3599;0;0;0;0;0;0;0;0;0;0;0;0;0;1;1;1;1;0;0;0;0;0;0;0;0;0;0;0;0;0;0;0;0;0;0;0;0;0;0;0;0;0;0;0;0;0;0;0;0;0;0;0;1;1;1;1;1;1;1;1;1;1;1;1;1;1;1;1;1;1;1;0;0;0;0;0;0;0;0;0;0.0004;0.088;0;-0.0884;0;0;0;0;0;0;0;0;0;0;0;0;0;0;0;0;0;0;0;-13.24;0;0;0;0;0.0004;0;0;0;0;0;0;0;-0.0004;-0.0884;0;0;0;0;0;0;0;0;0;-0.7063;0;0.7063;1;1;0;0;0;0
08/12/21 03:00;0;0;90;0;0;90;0;0;0;0;12.37;2.8699;0;0;0;0;0;0;0;0;0;0;0;0;0;1;1;1;1;0;0;0;0;0;0;0;0;0;0;0;0;0;0;0;0;0;0;0;0;0;0;0;0;0;0;0;0;0;0;0;0;0;0;0;1;1;1;1;1;1;1;1;1;1;1;1;1;1;1;1;1;1;1;0;0;0;0;0;0;0;0;0;0.0004;0.088;0;-0.0884;0;0;0;0;0;0;0;0;0;0;0;0;0;0;0;0;0;0;0;-12.37;0;0;0;0;0.0004;0;0;0;0;0;0;0;-0.0004;-0.0884;0;0;0;0;0;0;0;0;0;-0.7063;0;0.7063;1;1;0;0;0;0
08/12/21 04:00;1.8073;-116.82;85.613;2.0249;2.8911;-90;-2.8911;0;0;0;11.53;2.76;0;0;0;0;0;0;0;0;0;0;0;0;0;1;1;1;1;0;0;0;0;0;0;0;0;0;0;0;0;0;0;0;0;0;0;0;0;0;0;0;0;0;0;0;0;0;0;0;0;0;0;0;1;1;1;1;1;1;1;1;1;1;1;1;1;1;1;1;1;1;1;0;0;0;0;0;0;0;0;0;0.0004;0.088;0;-0.0884;0;0;0;0;0;0;0;0;0;0;0;0;0;0;0;0;0;0;0;-11.53;0;0;0;0;0.0004;0;0;0;0;0;0;0;-0.0004;-0.0884;0;0;0;0;0;0;0;0;0;-0.7063;0;0.7063;1;1;0;0;0;0
08/12/21 05:00;9.0817;-111.51;67.492;9.7489;14.498;-90;-14.498;41.198;40.098;1.1007;12.75;2.6299;0;2.6695;39.264;0.4814;0;0.1378;42.553;0;42.553;2.6695;0.4814;39.264;0.1378;0.0627;0.926;0;0.0032;41.907;0.6456;0;0;0.5307;0.1149;40.091;1.732;0.2184;0.0394;1.4691;0.0051;41.823;0.0838;0.0053;0.001;0.0775;0;40.12;2.4457;0.4411;37.187;0.0177;23.858;18.919;7.5907;0.045;0.2919;4.199;0.0286;4.4459;0;1;0;0;1.0329;0.9848;1;1;0.9865;0.1661;0.9586;0.918;1;0.962;0.7757;0.998;0.998;1;0.998;0.998;0.9422;0.9471;0.1286;0.1278;0.1297;0.0008;0.0127;-0.0051;0.0008;0.003;0.0008;0;0;0.088;0;0.021;0;0;0;0;0;0;0;0;0;0;0;0;0.0024;0.0001;0.1141;0.1141;0;14.396;14.396;1.6458;0.0411;109.12;1045.7;1;0.0051;0.0051;0;0;0;0;0;0;0.109;0.021;0;17.011;19.699;3.1342;3.6293;95.541;95.541;1.0213;0.912;0.168;0.1093;0.744;0.107;0.7285;0.1645;23.852;0.1532;0
08/12/21 06:00;20.764;-103.84;30.706;21.33;40.574;-90;-40.574;290.11;92.502;197.61;14.55;3;0;479.25;49.177;88.778;0;7.3238;624.53;0;624.53;479.25;88.778;49.177;7.3238;0.7674;0.0905;0;0.0117;614.3;10.234;0;0;3.5048;6.7294;610.72;2.3486;0.693;0.1284;1.4757;0.0514;613.07;1.2286;0.9585;0.1776;0.0913;0.0012;611.27;477.6;88.472;44.105;0.5418;36.348;28.824;12.462;2.1051;0.5188;7.4624;0.5493;5.8761;0;1;0;0;2.1527;0.9836;1;1;0.9287;0.0812;0.9962;0.9986;1;0.9676;0.9134;0.998;0.998;1;0.998;0.998;0.9779;0.8969;0.074;1.8755;1.8568;0.0112;0.0019;0.0949;0.0122;0.0434;0.0014;0;0;0.088;0;1.5343;0;0;0;0;0;0;0;0;0;0;0;0;0.035;0.0079;1.649;1.649;0;39.558;39.558;25.009;0.0409;1597.7;1032.1;1;0.0267;0.0267;0;0;0;0;0;0;1.6223;1.5343;0;16.749;19.395;15.584;18.046;98.381;98.381;14.989;13.179;12.262;1.8102;0.9167;0.1208;0.0612;0.8181;35.2;0.8108;0
08/12/21 07:00;32.834;-96.26;5.257;32.99;57.01;-90;-57.01;661.21;109.1;552.11;17.28;3.88;0;1014;23.344;144.85;0;31.624;1213.8;0;1213.8;1014;144.85;23.344;31.624;0.8354;0.0453;0;0.0261;1181.4;32.358;0;0;2.7282;29.63;1178.1;1.0201;0.1838;0.0262;0.7107;0.0993;1179.1;2.3629;2.028;0.2897;0.0412;0.004;1183.4;1011.8;144.53;19.864;1.8908;175.15;138.89;58;3.261;2.1856;31.439;5.328;30.363;0;1;0;0;1.8357;0.9733;1;1;0.8831;0.0631;0.9991;0.9998;1;0.9655;0.9501;0.998;0.998;1;0.998;0.998;0.9706;0.8509;0.0598;3.6451;3.6305;0.0219;0.0109;0.5298;0.0215;0.0762;0.0053;0;0;0.088;0;2.662;0;0;0;0;0;0;0;0;0;0;0;0;0.0613;0.0282;2.8755;2.8013;0;66.607;66.607;49.327;0.0419;2894.1;967.92;1;0.1256;0.0513;0;0;0.0743;0;0;0;2.75;2.662;0;14.64;16.953;13.912;16.11;95.634;98.169;29.131;22.388;21.275;6.7434;1.1133;0.2315;0.0382;0.7303;19.638;0.7164;0
08/12/21 08:00;45.082;-87.962;1.4389;45.1;44.9;-90;-44.9;726.2;126.1;600.1;18.37;4.6901;0;847.19;42.906;107.11;0;22.24;1019.4;0;1019.4;847.19;107.11;42.906;22.24;0.831;0.0639;0;0.0218;995.27;24.176;0;0;3.5463;20.629;991.86;1.4245;0.042;0.0053;1.2801;0.097;993.28;1.9905;1.6944;0.2142;0.0787;0.0032;997.42;845.46;106.89;38.001;1.5099;316.32;250.84;104.96;2.6058;3.7201;53.513;5.5661;54.627;0;1;0;0;1.4038;0.9763;1;1;0.9173;0.0724;0.9986;1;1;0.9674;0.9396;0.998;0.998;1;0.998;0.998;0.9729;0.8857;0.0679;3.0614;3.1169;0.0188;0.0012;0.3788;0.019;0.0675;0.0093;0;0;0.088;0;2.4145;0;0;0;0;0;0;0;0;0;0;0;0;0.0543;0.021;2.5471;2.5471;0;59.645;59.645;41.275;0.0416;2680.2;950.32;1;0.0446;0.0446;0;0;0;0;0;0;2.5025;2.4145;0;15.849;18.353;15.024;17.398;98.25;98.25;24.467;20.356;19.296;4.1107;1.0596;0.168;0.0433;0.7887;31.904;0.7589;0
08/12/21 09:00;57.24;-77.343;6.8094;57.878;32.122;-90;-32.122;348.01;329.5;18.511;19.5;5.2599;0;21.858;299.52;6.0802;0;5.5939;333.05;0;333.05;21.858;6.0802;299.52;5.5939;0.0656;0.9161;0;0.0168;313.26;19.794;0;0;14.839;4.9544;303.32;9.3151;0.0051;0.0014;9.2049;0.1036;312.63;0.6265;0.0437;0.0122;0.5694;0.0013;305.08;21.809;6.0666;274.91;0.5346;212.6;168.59;71.611;5.7452;2.6907;38.704;1.7594;35.65;0;1;0;0;0.957;0.9406;1;1;0.9505;0.1143;0.9702;0.9998;1;0.9676;0.8377;0.998;0.998;1;0.998;0.998;0.9107;0.9178;0.0956;1.0002;1.0005;0.006;0.0134;0.0246;0.0067;0.0237;0.0074;0;0;0.088;0;0.7943;0;0;0;0;0;0;0;0;0;0;0;0;0.0191;0.0025;0.8969;0.8969;0;31.887;31.887;12.387;0.0408;855.7;1048.2;1;0.0146;0.0146;0;0;0;0;0;0;0.8823;0.7943;0;17.084;19.783;15.13;17.52;98.37;98.37;7.9933;7.1684;6.3483;0.8249;0.8201;0.1032;0.1026;0.7942;200.4;0.7306;0
08/12/21 10:00;68.691;-59.877;10.508;71.356;18.644;-90;-18.644;614.79;435;179.8;21.04;5.5799;0;189.75;365.55;62.901;0;3.3875;621.59;0;621.59;189.75;62.901;365.55;3.3875;0.3053;0.5935;0;0.0054;611.21;10.378;0;0;7.5443;2.8341;597.15;12.842;0.0687;0.0228;12.628;0.1225;609.99;1.2224;0.3795;0.1258;0.716;0.0011;597.97;189.3;62.753;344.66;0.4298;361.45;286.63;117.37;1.0201;4.2901;61.712;0.821;64.982;0;1;0;0;1.0111;0.9833;1;1;0.9794;0.1634;0.9789;0.9996;1;0.9647;0.7781;0.998;0.998;1;0.998;0.998;0.9607;0.9429;0.1269;1.8666;1.9311;0.0116;0.0011;0.1401;0.0124;0.0441;0.0114;0;0;0.088;0;1.5518;0;0;0;0;0;0;0;0;0;0;0;0;0.0355;0.0084;1.6663;1.6663;0;45.618;45.618;24.579;0.0412;1656.7;1005.8;1;0.0265;0.0265;0;0;0;0;0;0;1.6398;1.5518;0;17.005;19.692;15.836;18.338;98.407;98.407;14.918;13.317;12.402;1.6011;0.9155;0.1073;0.0614;0.8313;225.71;0.7738;0
08/12/21 11:00;76.908;-20.479;12.251;85.349;4.6515;-90;-4.6515;1101.3;181.7;919.6;22.27;5.7201;0;922.64;59.808;122.19;0;0.3809;1105;0;1105;922.64;122.19;59.808;0.3809;0.835;0.0545;0;0.0003;1104.6;0.4439;0;0;0.1255;0.3184;1099.3;3.0637;0.3896;0.0516;2.6085;0.0139;1102.4;2.2092;1.8453;0.2444;0.1194;0.0001;1099.3;920.41;121.9;56.955;0.0484;648.2;514.02;214.9;0.0003;7.2878;104.83;0.0307;112.12;0;1;0;0;1.0034;0.9996;1;1;0.9979;0.1639;0.9972;0.9996;1;0.9562;0.7767;0.998;0.998;1;0.998;0.998;0.9948;0.9523;0.1271;3.3184;3.5321;0.0213;0.0085;0.5382;0.0207;0.0736;0.0176;0;0;0.088;0;2.6296;0;0;0;0;0;0;0;0;0;0;0;0;0.0593;0.0266;2.7663;2.7663;0;68.357;68.357;46.087;0.0419;3035.8;911.25;1;0.0487;0.0487;0;0;0;0;0;0;2.7176;2.6296;0;15.881;18.389;15.096;17.48;98.238;98.238;26.521;22.108;21.016;4.4121;1.0929;0.1664;0.0412;0.7924;35.503;0.7399;0
08/12/21 12:00;74.836;38.051;11.887;80.517;9.4834;90;9.4834;1090.8;179.8;910.99;23.97;5.7499;0;923.61;58.914;122.15;0;1.5653;1106.2;0;1106.2;923.61;122.15;58.914;1.5653;0.8349;0.0547;0;0.0014;1104.5;1.6987;0;0;0.3917;1.307;1099.4;2.8916;0.3785;0.0501;2.4051;0.058;1102.3;2.2091;1.8472;0.2443;0.117;0.0005;1099.7;921.39;121.86;56;0.1997;637.67;505.67;210.7;0.0143;7.2165;103.81;0.2882;111.01;0;1;0;0;1.0142;0.9985;1;1;0.9934;0.165;0.9974;0.9996;1;0.9588;0.7749;0.998;0.998;1;0.998;0.998;0.9939;0.9505;0.1276;3.3221;3.5311;0.0213;0.0085;0.5607;0.0206;0.073;0.0173;0;0;0.088;0;2.6084;0;0;0;0;0;0;0;0;0;0;0;0;0.0588;0.0266;2.7444;2.7444;0;70.13;70.13;46.16;0.042;3035.2;904.18;1;0.048;0.048;0;0;0;0;0;0;2.6964;2.6084;0;15.737;18.224;14.957;17.32;98.25;98.25;26.55;21.933;20.846;4.6166;1.0871;0.1739;0.0409;0.7852;35.271;0.7336;0
08/12/21 13:00;64.925;67.209;9.449;66.666;23.334;90;23.334;1014.8;168.4;846.4;24.06;5.63;0;921.79;54.361;121.67;0;8.7149;1106.5;0;1106.5;921.79;121.67;54.361;8.7149;0.833;0.057;0;0.0079;1097.5;9.0435;0;0;1.6191;7.4244;1092.9;2.3823;0.3003;0.0396;1.771;0.2714;1095.3;2.195;1.8436;0.2433;0.1055;0.0026;1095.1;919.65;121.39;50.865;1.0165;564.36;447.54;187.67;0.3422;6.3309;91.067;2.2025;97.056;0;1;0;0;1.0904;0.9918;1;1;0.9702;0.1481;0.9978;0.9997;1;0.9664;0.7893;0.998;0.998;1;0.998;0.998;0.9877;0.9357;0.1166;3.323;3.4904;0.021;0.0076;0.552;0.0204;0.0722;0.0152;0;0;0.088;0;2.5823;0;0;0;0;0;0;0;0;0;0;0;0;0.0582;0.026;2.7178;2.7178;0;69.938;69.938;45.878;0.042;3001.4;905.49;1;0.0474;0.0474;0;0;0;0;0;0;2.6703;2.5823;0;15.581;18.042;14.804;17.143;98.255;98.255;26.557;21.72;20.638;4.8366;1.0823;0.1821;0.0408;0.7771;34.368;0.732;0
08/12/21 14:00;53.108;81.416;5.1407;53.418;36.582;90;36.582;883.61;155.3;728.31;23.38;5.3201;0;906.98;49.491;125.04;0;18.277;1099.8;0;1099.8;906.98;125.04;49.491;18.277;0.8247;0.0616;0;0.0166;1080.2;19.583;0;0;3.013;16.57;1076.1;1.8962;0.1607;0.0222;1.4967;0.2165;1078;2.1604;1.814;0.2501;0.093;0.0034;1081.2;905;124.76;44.888;1.4876;439.54;348.56;148.38;1.4885;4.8659;69.995;5.0812;73.372;0;1;0;0;1.2446;0.9822;1;1;0.9391;0.0934;0.9982;0.9998;1;0.9677;0.8729;0.998;0.998;1;0.998;0.998;0.9785;0.907;0.0814;3.3026;3.4041;0.0205;0.0058;0.521;0.02;0.0709;0.0117;0;0;0.088;0;2.5376;0;0;0;0;0;0;0;0;0;0;0;0;0.0571;0.0249;2.6721;2.6721;0;68.498;68.498;45.119;0.0419;2928.9;912.32;1;0.0465;0.0465;0;0;0;0;0;0;2.6256;2.5376;0;15.413;17.848;14.637;16.949;98.258;98.258;26.395;21.356;20.28;5.0392;1.0753;0.1909;0.0407;0.7683;34.266;0.7334;0
08/12/21 15:00;40.879;90.958;0.7241;40.883;49.117;90;49.117;704.59;145.3;559.3;23.5;4.91;0;854.52;47.273;134.69;0;25.56;1062;0;1062;854.52;134.69;47.273;25.56;0.8046;0.0686;0;0.0241;1033.7;28.373;0;0;4.4601;23.913;1030.1;1.5097;0.0213;0.0034;1.4117;0.0733;1031.6;2.0673;1.709;0.2694;0.0856;0.0033;1036;852.79;134.41;41.315;1.5702;278.16;220.58;91.579;3.9141;3.4237;49.248;5.8712;48.758;0;1;0;0;1.5073;0.9733;1;1;0.9057;0.0644;0.9985;1;1;0.967;0.9554;0.998;0.998;1;0.998;0.998;0.9699;0.874;0.0614;3.1893;3.224;0.0194;0.0027;0.4723;0.0191;0.0678;0.0083;0;0;0.088;0;2.4253;0;0;0;0;0;0;0;0;0;0;0;0;0.0546;0.0224;2.5574;2.5574;0;66.617;66.617;43.117;0.0419;2774.9;921.64;1;0.0441;0.0441;0;0;0;0;0;0;2.5133;2.4253;0;15.276;17.689;14.487;16.775;98.277;98.277;25.489;20.439;19.383;5.0501;1.0555;0.1981;0.0414;0.7605;36.585;0.7349;0
08/12/21 16:00;28.667;98.889;7.861;28.96;60;90;60;479.11;153.6;325.51;23.76;4.3999;0;672.15;59.706;152.79;0;25.153;909.8;0;909.8;672.15;152.79;59.706;25.153;0.7388;0.0933;0;0.0276;878.67;31.123;0;0;7.5297;23.593;874.75;2.171;0.1821;0.0414;1.8415;0.106;876.92;1.7573;1.3443;0.3056;0.1044;0.0031;878.88;670.62;152.44;50.231;1.4504;113;89.612;40.46;9.988;1.7251;24.814;4.1327;16.551;0;1;0;0;1.8989;0.9658;1;1;0.8739;0.062;0.9975;0.9997;1;0.9646;0.9319;0.998;0.998;1;0.998;0.998;0.9615;0.8413;0.0577;2.7321;2.6994;0.0163;-0.002;0.3346;0.0165;0.0584;0.0043;0;0;0.088;0;2.0841;0;0;0;0;0;0;0;0;0;0;0;0;0.047;0.016;2.2084;2.2084;0;60.176;60.176;36.416;0.0416;2326.4;949.29;1;0.0363;0.0363;0;0;0;0;0;0;2.1721;2.0841;0;15.398;17.831;14.531;16.827;98.355;98.355;21.835;17.649;16.656;4.1857;0.9936;0.1917;0.0455;0.7628;51.978;0.7475;0
08/12/21 17:00;16.706;106.43;45.798;17.375;29.032;90;29.032;247.7;144.2;103.5;22.56;3.05;0;251.01;100.6;89.392;0;3.2681;444.27;0;444.27;251.01;89.392;100.6;3.2681;0.565;0.2338;0;0.0074;437.16;7.1104;0;0;4.2514;2.859;429.58;6.7078;2.5741;0.9167;3.1419;0.0751;436.29;0.8743;0.502;0.1788;0.1927;0.0008;430.03;247.94;88.296;93.013;0.3332;66.558;52.781;21.755;1.3602;0.857;12.328;0.4495;11.825;0;1;0;0;1.7936;0.984;1;1;0.9577;0.1252;0.9846;0.9897;1;0.9673;0.8161;0.998;0.998;1;0.998;0.998;0.9669;0.9246;0.1019;1.3341;1.3212;0.008;0.0088;0.0713;0.0086;0.0306;0.0023;0;0;0.088;0;1.0564;0;0;0;0;0;0;0;0;0;0;0;0;0.0247;0.0042;1.1627;1.1627;0;40.188;40.188;17.628;0.041;1136.6;1022.9;1;0.0182;0.0182;0;0;0;0;0;0;1.1444;1.0564;0;16.601;19.224;15.085;17.468;98.433;98.433;10.662;9.292;8.4431;1.3705;0.8489;0.1285;0.0796;0.7918;65.871;0.7757;0
08/12/21 18:00;5.3959;114.13;76.817;5.9089;8.5494;90;8.5494;40.691;39.898;0.7923;20.95;2.98;0;1.9216;39.439;0.5788;0;0.0475;41.987;0;41.987;1.9216;0.5788;39.439;0.0475;0.0458;0.9404;0;0.0011;41.727;0.2605;0;0;0.2208;0.0397;39.445;2.1983;0.4328;0.1304;1.6334;0.0018;41.643;0.0835;0.0038;0.0012;0.0784;0;39.452;1.485;0.4473;37.507;0.0061;23.568;18.69;7.4386;0.0061;0.2898;4.1682;0.0068;4.4519;0;1;0;0;1.0319;0.9938;1;1;0.9944;0.1648;0.9472;0.7743;1;0.9583;0.7751;0.998;0.998;1;0.998;0.998;0.9395;0.951;0.1275;0.1261;0.1276;0.0008;0.0126;-0.0011;0.0008;0.0029;0.0008;0;0;0.088;0;0.0159;0;0;0;0;0;0;0;0;0;0;0;0;0.0023;0.0001;0.1086;0.1086;0;22.581;22.581;1.6311;0.0414;107.5;1009.8;1;0.0047;0.0047;0;0;0;0;0;0;0.1039;0.0159;0;16.401;18.992;2.4023;2.7818;95.712;95.712;1.0077;0.8676;0.1271;0.1401;0.7405;0.139;0.7349;0.1261;23.563;0.1174;0
08/12/21 19:00;0;0;90;0;0;90;0;0;0;0;17.9;3.38;0;0;0;0;0;0;0;0;0;0;0;0;0;1;1;1;1;0;0;0;0;0;0;0;0;0;0;0;0;0;0;0;0;0;0;0;0;0;0;0;0;0;0;0;0;0;0;0;0;0;0;0;1;1;1;1;1;1;1;1;1;1;1;1;1;1;1;1;1;1;1;0;0;0;0;0;0;0;0;0;0.0004;0.088;0;-0.0884;0;0;0;0;0;0;0;0;0;0;0;0;0;0;0;0;0;0;0;-17.9;0;0;0;0;0.0004;0;0;0;0;0;0;0;-0.0004;-0.0884;0;0;0;0;0;0;0;0;0;-0.7063;0;0.7063;1;1;0;0;0;0
08/12/21 20:00;0;0;90;0;0;90;0;0;0;0;16.22;3.8399;0;0;0;0;0;0;0;0;0;0;0;0;0;1;1;1;1;0;0;0;0;0;0;0;0;0;0;0;0;0;0;0;0;0;0;0;0;0;0;0;0;0;0;0;0;0;0;0;0;0;0;0;1;1;1;1;1;1;1;1;1;1;1;1;1;1;1;1;1;1;1;0;0;0;0;0;0;0;0;0;0.0004;0.088;0;-0.0884;0;0;0;0;0;0;0;0;0;0;0;0;0;0;0;0;0;0;0;-16.22;0;0;0;0;0.0004;0;0;0;0;0;0;0;-0.0004;-0.0884;0;0;0;0;0;0;0;0;0;-0.7063;0;0.7063;1;1;0;0;0;0
08/12/21 21:00;0;0;90;0;0;90;0;0;0;0;15.1;4.0501;0;0;0;0;0;0;0;0;0;0;0;0;0;1;1;1;1;0;0;0;0;0;0;0;0;0;0;0;0;0;0;0;0;0;0;0;0;0;0;0;0;0;0;0;0;0;0;0;0;0;0;0;1;1;1;1;1;1;1;1;1;1;1;1;1;1;1;1;1;1;1;0;0;0;0;0;0;0;0;0;0.0004;0.088;0;-0.0884;0;0;0;0;0;0;0;0;0;0;0;0;0;0;0;0;0;0;0;-15.1;0;0;0;0;0.0004;0;0;0;0;0;0;0;-0.0004;-0.0884;0;0;0;0;0;0;0;0;0;-0.7063;0;0.7063;1;1;0;0;0;0
08/12/21 22:00;0;0;90;0;0;90;0;0;0;0;14.07;4.01;0;0;0;0;0;0;0;0;0;0;0;0;0;1;1;1;1;0;0;0;0;0;0;0;0;0;0;0;0;0;0;0;0;0;0;0;0;0;0;0;0;0;0;0;0;0;0;0;0;0;0;0;1;1;1;1;1;1;1;1;1;1;1;1;1;1;1;1;1;1;1;0;0;0;0;0;0;0;0;0;0.0004;0.088;0;-0.0884;0;0;0;0;0;0;0;0;0;0;0;0;0;0;0;0;0;0;0;-14.07;0;0;0;0;0.0004;0;0;0;0;0;0;0;-0.0004;-0.0884;0;0;0;0;0;0;0;0;0;-0.7063;0;0.7063;1;1;0;0;0;0
08/12/21 23:00;0;0;90;0;0;90;0;0;0;0;13.3;3.24;0;0;0;0;0;0;0;0;0;0;0;0;0;1;1;1;1;0;0;0;0;0;0;0;0;0;0;0;0;0;0;0;0;0;0;0;0;0;0;0;0;0;0;0;0;0;0;0;0;0;0;0;1;1;1;1;1;1;1;1;1;1;1;1;1;1;1;1;1;1;1;0;0;0;0;0;0;0;0;0;0.0004;0.088;0;-0.0884;0;0;0;0;0;0;0;0;0;0;0;0;0;0;0;0;0;0;0;-13.3;0;0;0;0;0.0004;0;0;0;0;0;0;0;-0.0004;-0.0884;0;0;0;0;0;0;0;0;0;-0.7063;0;0.7063;1;1;0;0;0;0
09/12/21 00:00;0;0;90;0;0;90;0;0;0;0;12.77;3.07;0;0;0;0;0;0;0;0;0;0;0;0;0;1;1;1;1;0;0;0;0;0;0;0;0;0;0;0;0;0;0;0;0;0;0;0;0;0;0;0;0;0;0;0;0;0;0;0;0;0;0;0;1;1;1;1;1;1;1;1;1;1;1;1;1;1;1;1;1;1;1;0;0;0;0;0;0;0;0;0;0.0004;0.088;0;-0.0884;0;0;0;0;0;0;0;0;0;0;0;0;0;0;0;0;0;0;0;-12.77;0;0;0;0;0.0004;0;0;0;0;0;0;0;-0.0004;-0.0884;0;0;0;0;0;0;0;0;0;-0.7063;0;0.7063;1;1;0;0;0;0
09/12/21 01:00;0;0;90;0;0;90;0;0;0;0;12.07;2.74;0;0;0;0;0;0;0;0;0;0;0;0;0;1;1;1;1;0;0;0;0;0;0;0;0;0;0;0;0;0;0;0;0;0;0;0;0;0;0;0;0;0;0;0;0;0;0;0;0;0;0;0;1;1;1;1;1;1;1;1;1;1;1;1;1;1;1;1;1;1;1;0;0;0;0;0;0;0;0;0;0.0004;0.088;0;-0.0884;0;0;0;0;0;0;0;0;0;0;0;0;0;0;0;0;0;0;0;-12.07;0;0;0;0;0.0004;0;0;0;0;0;0;0;-0.0004;-0.0884;0;0;0;0;0;0;0;0;0;-0.7063;0;0.7063;1;1;0;0;0;0
09/12/21 02:00;0;0;90;0;0;90;0;0;0;0;10.93;2.2301;0;0;0;0;0;0;0;0;0;0;0;0;0;1;1;1;1;0;0;0;0;0;0;0;0;0;0;0;0;0;0;0;0;0;0;0;0;0;0;0;0;0;0;0;0;0;0;0;0;0;0;0;1;1;1;1;1;1;1;1;1;1;1;1;1;1;1;1;1;1;1;0;0;0;0;0;0;0;0;0;0.0004;0.088;0;-0.0884;0;0;0;0;0;0;0;0;0;0;0;0;0;0;0;0;0;0;0;-10.93;0;0;0;0;0.0004;0;0;0;0;0;0;0;-0.0004;-0.0884;0;0;0;0;0;0;0;0;0;-0.7063;0;0.7063;1;1;0;0;0;0
09/12/21 03:00;0;0;90;0;0;90;0;0;0;0;9.5998;1.7599;0;0;0;0;0;0;0;0;0;0;0;0;0;1;1;1;1;0;0;0;0;0;0;0;0;0;0;0;0;0;0;0;0;0;0;0;0;0;0;0;0;0;0;0;0;0;0;0;0;0;0;0;1;1;1;1;1;1;1;1;1;1;1;1;1;1;1;1;1;1;1;0;0;0;0;0;0;0;0;0;0.0004;0.088;0;-0.0884;0;0;0;0;0;0;0;0;0;0;0;0;0;0;0;0;0;0;0;-9.5998;0;0;0;0;0.0004;0;0;0;0;0;0;0;-0.0004;-0.0884;0;0;0;0;0;0;0;0;0;-0.7063;0;0.7063;1;1;0;0;0;0
09/12/21 04:00;1.7888;-116.96;85.658;2.0067;2.865;-90;-2.865;0;0;0;8.4598;1.88;0;0;0;0;0;0;0;0;0;0;0;0;0;1;1;1;1;0;0;0;0;0;0;0;0;0;0;0;0;0;0;0;0;0;0;0;0;0;0;0;0;0;0;0;0;0;0;0;0;0;0;0;1;1;1;1;1;1;1;1;1;1;1;1;1;1;1;1;1;1;1;0;0;0;0;0;0;0;0;0;0.0004;0.088;0;-0.0884;0;0;0;0;0;0;0;0;0;0;0;0;0;0;0;0;0;0;0;-8.4598;0;0;0;0;0.0004;0;0;0;0;0;0;0;-0.0004;-0.0884;0;0;0;0;0;0;0;0;0;-0.7063;0;0.7063;1;1;0;0;0;0
09/12/21 05:00;9.0554;-111.65;67.56;9.7298;14.467;-90;-14.467;69.602;55.497;14.105;9.5799;0.75;0;34.208;51.143;8.5617;0;0.2317;94.144;0;94.144;34.208;8.5617;51.143;0.2317;0.3634;0.5457;0;0.0025;93.262;0.882;0;0;0.6888;0.1932;87.627;5.449;2.82;0.7058;1.9146;0.0086;93.076;0.1865;0.0684;0.0171;0.1009;0.0001;87.664;31.32;7.8388;48.439;0.0298;31.151;24.703;9.8526;0.0582;0.3849;5.5366;0.0374;5.8633;0;1;0;0;1.3526;0.9906;1;1;0.9865;0.1661;0.9415;0.9174;1;0.962;0.7757;0.998;0.998;1;0.998;0.998;0.9308;0.9471;0.1286;0.2827;0.2757;0.0017;0.0167;-0.0119;0.0019;0.0067;0.0011;0;0;0.088;0;0.1588;0;0;0;0;0;0;0;0;0;0;0;0;0.0054;0.0003;0.2539;0.2539;0;13.141;13.141;3.5608;0.0406;234.3;1083.6;1;0.0071;0.0071;0;0;0;0;0;0;0.2468;0.1588;0;17.108;19.81;10.701;12.391;97.21;97.21;2.2595;2.0291;1.2692;0.2304;0.7599;0.102;0.3363;0.5617;31.065;0.538;0
09/12/21 06:00;20.728;-103.98;30.863;21.305;40.482;-90;-40.482;336.19;58.397;277.79;11.36;1.2799;0;673.73;22.768;78.902;0;8.4504;783.85;0;783.85;673.73;78.902;22.768;8.4504;0.8595;0.0398;0;0.0108;774.47;9.3801;0;0;1.6173;7.7628;771.02;1.9006;1.036;0.1213;0.6834;0.0599;772.92;1.5489;1.3475;0.1578;0.0423;0.0014;771.25;671.34;78.622;20.425;0.6264;17.805;14.12;6.4457;0.9684;0.2279;3.2777;0.2308;2.5372;0;1;0;0;2.3316;0.988;1;1;0.929;0.0814;0.9975;0.9985;1;0.9676;0.9128;0.998;0.998;1;0.998;0.998;0.9836;0.8971;0.0741;2.3539;2.3298;0.014;-0.0017;0.1466;0.0152;0.0539;0.0006;0;0;0.088;0;1.9237;0;0;0;0;0;0;0;0;0;0;0;0;0.0434;0.0121;2.0458;2.0458;0;43.006;43.006;31.646;0.041;2004.5;1020.6;1;0.0341;0.0341;0;0;0;0;0;0;2.0117;1.9237;0;16.556;19.172;15.568;18.027;98.333;98.333;18.812;16.35;15.374;2.4626;0.9758;0.1309;0.0519;0.8172;16.285;0.8147;0
09/12/21 07:00;32.793;-96.418;5.3919;32.957;57.043;-90;-57.043;564.1;92.901;471.2;14.27;1.6099;0;866.16;27.43;105.46;0;27.009;1026.1;0;1026.1;866.16;105.46;27.43;27.009;0.8442;0.0531;0;0.0263;997.55;28.514;0;0;3.2084;25.305;994.45;1.1009;0.161;0.0196;0.8353;0.0851;995.55;1.9951;1.7323;0.2109;0.0484;0.0034;999.12;864.27;105.23;23.338;1.6147;153;121.33;50.9;3.8371;1.9582;28.168;4.6717;26.289;0;1;0;0;1.8189;0.9722;1;1;0.883;0.0631;0.9989;0.9998;1;0.9654;0.9499;0.998;0.998;1;0.998;0.998;0.9692;0.8508;0.0598;3.0813;3.0686;0.0185;0.0006;0.3277;0.0191;0.0676;0.005;0;0;0.088;0;2.4222;0;0;0;0;0;0;0;0;0;0;0;0;0.0544;0.0204;2.5554;2.5554;0;55.512;55.512;41.242;0.0415;2641.8;967.29;1;0.0452;0.0452;0;0;0;0;0;0;2.5102;2.4222;0;15.799;18.295;14.975;17.341;98.23;98.23;24.625;20.423;19.358;4.2027;1.0649;0.1707;0.0432;0.7861;23.084;0.7703;0
09/12/21 08:00;45.039;-88.149;1.3077;45.054;44.946;-90;-44.946;567.79;253.5;314.29;15.67;2.0099;0;444.06;148.22;112.92;0;17.422;722.62;0;722.62;444.06;112.92;148.22;17.422;0.6145;0.2292;0;0.0241;694.19;28.43;0;0;12.268;16.162;688.28;4.5227;0.02;0.0051;4.422;0.0756;692.8;1.3884;0.8881;0.2258;0.2719;0.0025;693.18;443.15;112.69;131.25;1.1819;275.94;218.82;93.689;9.0178;3.5453;50.998;4.9067;45.526;0;1;0;0;1.2727;0.9607;1;1;0.9172;0.0723;0.9935;1;1;0.9674;0.9399;0.998;0.998;1;0.998;0.998;0.9525;0.8856;0.0678;2.17;2.1953;0.0132;-0.001;0.1457;0.0143;0.0506;0.0095;0;0;0.088;0;1.7923;0;0;0;0;0;0;0;0;0;0;0;0;0.0407;0.0107;1.9117;1.9117;0;43.948;43.948;28.278;0.0411;1884.1;1014.7;1;0.0314;0.0314;0;0;0;0;0;0;1.8803;1.7923;0;16.782;19.433;15.734;18.219;98.357;98.357;17.343;15.278;14.324;2.0646;0.9543;0.119;0.055;0.8259;110.25;0.7845;0
09/12/21 09:00;57.203;-77.591;6.6845;57.817;32.184;-90;-32.184;940.71;155.2;785.5;17.73;2.27;0;928.11;48.245;121.63;0;15.177;1113.2;0;1113.2;928.11;121.63;48.245;15.177;0.8338;0.057;0;0.0136;1097.3;15.843;0;0;2.3974;13.446;1093.1;2.0038;0.2139;0.028;1.4822;0.2797;1095.1;2.1946;1.8562;0.2433;0.0917;0.0035;1097.2;926.04;121.36;44.273;1.448;490.03;388.6;168.48;0.9351;5.1794;74.504;4.0456;78.748;0;1;0;0;1.1833;0.9858;1;1;0.9503;0.1141;0.9982;0.9998;1;0.9676;0.8381;0.998;0.998;1;0.998;0.998;0.982;0.9177;0.0954;3.3428;3.4616;0.0208;0.007;0.4655;0.0208;0.0737;0.0128;0;0;0.088;0;2.6385;0;0;0;0;0;0;0;0;0;0;0;0;0.0593;0.0256;2.7761;2.7761;0;63.368;63.368;45.638;0.0417;2976.4;932.71;1;0.0496;0.0496;0;0;0;0;0;0;2.7265;2.6385;0;15.82;18.319;15.036;17.411;98.212;98.212;26.716;22.187;21.087;4.5294;1.0999;0.1695;0.0412;0.7893;32.294;0.7516;0
09/12/21 10:00;68.677;-60.257;10.393;71.278;18.722;-90;-18.722;1086.4;179.3;907.09;19.09;2.2301;0;957.77;53.91;130.85;0;6.0361;1148.6;0;1148.6;957.77;130.85;53.91;6.0361;0.8339;0.0522;0;0.0053;1142.4;6.1709;0;0;1.1205;5.0505;1137.6;2.4677;0.3431;0.0469;1.8595;0.2182;1140.1;2.2848;1.9155;0.2617;0.1056;0.002;1139.1;955.52;130.54;50.824;0.7655;617.66;489.8;204.29;0.1541;6.986;100.49;1.4611;107.32;0;1;0;0;1.0572;0.9946;1;1;0.9792;0.1633;0.9978;0.9996;1;0.9647;0.7782;0.998;0.998;1;0.998;0.998;0.9905;0.9428;0.1268;3.4492;3.6427;0.0219;0.0112;0.5331;0.0215;0.0764;0.017;0;0;0.088;0;2.662;0;0;0;0;0;0;0;0;0;0;0;0;0.0615;0.0283;2.8719;2.8012;0;66.724;66.724;47.634;0.0419;2904;964.59;1;0.122;0.0512;0;0;0.0708;0;0;0;2.75;2.662;0;15.471;17.915;14.702;17.025;95.754;98.172;27.566;22.387;21.275;5.1786;1.1125;0.1879;0.0404;0.7718;33.299;0.7243;0
09/12/21 11:00;76.97;-21.03;12.148;85.253;4.7473;-90;-4.7473;1166;192.4;973.6;19.45;1.9999;0;976.95;55.83;136.94;0;0.42;1170.1;0;1170.1;976.95;136.94;55.83;0.42;0.8349;0.0481;0;0.0004;1169.7;0.472;0;0;0.1209;0.3511;1164.4;2.9142;0.4091;0.0573;2.4324;0.0153;1167.3;2.3393;1.9539;0.2739;0.1114;0.0001;1164.5;974.59;136.61;53.166;0.0534;686.19;544.15;227.58;0.0004;7.7095;110.9;0.0355;118.61;0;1;0;0;1.0036;0.9996;1;1;0.9978;0.164;0.9975;0.9996;1;0.9563;0.7767;0.998;0.998;1;0.998;0.998;0.9951;0.9523;0.1271;3.5139;3.741;0.0225;0.0138;0.5678;0.022;0.0779;0.0186;0;0;0.088;0;2.662;0;0;0;0;0;0;0;0;0;0;0;0;0.0627;0.0297;2.926;2.8014;0;68.27;68.27;48.821;0.0419;2886.2;970.61;1;0.176;0.0514;0;0;0.1247;0;0;0;2.75;2.662;0;15.187;17.586;14.431;16.711;93.984;98.166;28.084;22.389;21.275;5.6949;1.114;0.2028;0.0397;0.7575;33.146;0.7074;0
09/12/21 12:00;74.972;37.938;11.8;80.627;9.3728;90;9.3728;597.09;467;130.09;20.9;1.95;0;131.85;419.53;45.255;0;0.837;597.48;0;597.48;131.85;45.255;419.53;0.837;0.2207;0.7036;0;0.0014;594.04;3.4343;0;0;2.7354;0.6989;575.59;17.26;0.0536;0.0184;17.157;0.031;592.85;1.1881;0.2637;0.0905;0.8336;0.0003;575.73;131.54;45.146;398.8;0.1068;353.18;280.07;113.12;0.0946;4.2351;60.92;0.1402;65.061;0;1;0;0;1.0006;0.9943;1;1;0.9935;0.165;0.9709;0.9996;1;0.9588;0.7749;0.998;0.998;1;0.998;0.998;0.9634;0.9506;0.1276;1.7942;1.8625;0.0112;0.0018;0.1284;0.012;0.0427;0.0113;0;0;0.088;0;1.4992;0;0;0;0;0;0;0;0;0;0;0;0;0.0344;0.0079;1.6128;1.6128;0;44.574;44.574;23.674;0.0411;1598;1009.2;1;0.0256;0.0256;0;0;0;0;0;0;1.5872;1.4992;0;17.123;19.828;15.917;18.432;98.413;98.413;14.339;12.889;11.981;1.4503;0.9078;0.1011;0.0633;0.8356;251.11;0.7763;0
09/12/21 13:00;65.062;67.264;9.3787;66.787;23.213;90;23.213;1097.9;181.1;916.8;21.8;2.1;0;997.56;49.062;141.42;0;9.332;1197.4;0;1197.4;997.56;141.42;49.062;9.332;0.8331;0.0488;0;0.0078;1188;9.395;0;0;1.4491;7.9459;1183.3;2.2604;0.3225;0.0457;1.6001;0.2921;1185.6;2.3759;1.9951;0.2828;0.0952;0.0028;1185.7;995.24;141.09;45.918;1.0912;610.45;484.09;203;0.3036;6.8432;98.436;2.3532;104.98;0;1;0;0;1.0906;0.9922;1;1;0.9705;0.1485;0.9981;0.9997;1;0.9663;0.7888;0.998;0.998;1;0.998;0.998;0.9883;0.9359;0.1169;3.5957;3.7787;0.0227;0.0148;0.6182;0.0219;0.0775;0.0163;0;0;0.088;0;2.662;0;0;0;0;0;0;0;0;0;0;0;0;0.0624;0.0303;2.9146;2.8009;0;71.552;71.552;49.751;0.042;2932.7;955.05;1;0.1646;0.0509;0;0;0.1137;0;0;0;2.75;2.662;0;14.839;17.183;14.103;16.331;94.354;98.183;28.737;22.385;21.275;6.3521;1.1101;0.221;0.0386;0.7403;30.997;0.6974;0
09/12/21 14:00;53.242;81.48;5.0867;53.546;36.454;90;36.454;931.29;153.8;777.49;21.81;2.49;0;966.63;43.177;131.71;0;19.133;1160.6;0;1160.6;966.63;131.71;43.177;19.133;0.8328;0.0537;0;0.0165;1140.7;19.95;0;0;2.6142;17.336;1136.7;1.7289;0.1695;0.0231;1.3062;0.2301;1138.4;2.2814;1.9333;0.2634;0.0811;0.0036;1141.8;964.52;131.43;39.175;1.5638;462.65;366.88;159.52;1.2838;4.8865;70.29;5.1108;73.892;0;1;0;0;1.2463;0.9828;1;1;0.9395;0.0939;0.9985;0.9998;1;0.9677;0.8717;0.998;0.998;1;0.998;0.998;0.9794;0.9073;0.0817;3.4854;3.5872;0.0216;0.0098;0.5613;0.021;0.0743;0.0117;0;0;0.088;0;2.6626;0;0;0;0;0;0;0;0;0;0;0;0;0.0599;0.0275;2.8001;2.8001;0;69.514;69.514;47.704;0.042;3082.4;908.21;1;0.0495;0.0495;0;0;0;0;0;0;2.7506;2.6626;0;15.304;17.722;14.553;16.852;98.234;98.234;27.856;22.378;21.28;5.4774;1.0986;0.1966;0.0394;0.7639;29.863;0.7308;0
09/12/21 15:00;41.012;91.012;0.7637;41.016;48.984;90;48.984;707.99;144.6;563.39;22.3;3.4101;0;858.48;46.774;134.27;0;25.553;1065.1;0;1065.1;858.48;134.27;46.774;25.553;0.806;0.0679;0;0.024;1036.8;28.298;0;0;4.3956;23.903;1033.2;1.4967;0.0226;0.0035;1.3966;0.074;1034.7;2.0736;1.717;0.2685;0.0848;0.0033;1039.1;856.74;134;40.897;1.5726;280.34;222.31;92.37;3.8365;3.4385;49.462;5.8672;49.064;0;1;0;0;1.5044;0.9734;1;1;0.906;0.0646;0.9986;1;1;0.967;0.955;0.998;0.998;1;0.998;0.998;0.9701;0.8744;0.0615;3.1984;3.2339;0.0195;0.0028;0.4608;0.0193;0.0683;0.0084;0;0;0.088;0;2.4446;0;0;0;0;0;0;0;0;0;0;0;0;0.055;0.0225;2.5773;2.5773;0;65.508;65.508;43.208;0.0418;2782.8;926.15;1;0.0447;0.0447;0;0;0;0;0;0;2.5326;2.4446;0;15.351;17.776;14.56;16.861;98.267;98.267;25.562;20.598;19.538;4.964;1.0602;0.1942;0.0415;0.7643;36.152;0.7386;0
09/12/21 16:00;28.801;98.933;7.8718;29.097;60;90;60;475.9;159.2;316.7;23.08;4.3199;0;651.18;63.688;152.74;0;24.985;892.58;0;892.58;651.18;152.74;63.688;24.985;0.7295;0.0993;0;0.028;861.12;31.468;0;0;8.0319;23.436;857.11;2.2877;0.1767;0.0414;1.9643;0.1053;859.39;1.7222;1.3024;0.3055;0.1113;0.0031;861.31;649.7;152.39;53.581;1.4407;116.58;92.452;42.051;10.654;1.7823;25.638;4.2006;16.767;0;1;0;0;1.8756;0.9647;1;1;0.8739;0.062;0.9973;0.9997;1;0.9646;0.9319;0.998;0.998;1;0.998;0.998;0.9603;0.8413;0.0577;2.6804;2.6482;0.0159;-0.0021;0.3145;0.0162;0.0576;0.0045;0;0;0.088;0;2.0559;0;0;0;0;0;0;0;0;0;0;0;0;0.0464;0.0154;2.1797;2.1797;0;58.719;58.719;35.639;0.0416;2282.4;955.01;1;0.0358;0.0358;0;0;0;0;0;0;2.1439;2.0559;0;15.491;17.938;14.612;16.92;98.36;98.36;21.422;17.42;16.431;4.0019;0.989;0.1868;0.0462;0.767;55.445;0.7509;0
09/12/21 17:00;16.842;106.46;45.358;17.518;29.371;90;29.371;243.91;148.3;95.611;22.19;3.62;0;231.88;106.26;84.245;0;3.2919;425.68;0;425.68;231.88;84.245;106.26;3.2919;0.5447;0.2574;0;0.0077;418.22;7.4591;0;0;4.5745;2.8846;410.84;6.5468;2.3184;0.8423;3.3122;0.074;417.39;0.8364;0.4638;0.1685;0.2034;0.0008;411.31;229.1;83.235;98.173;0.3326;70.378;55.809;23.519;1.4958;0.8764;12.607;0.4678;11.987;0;1;0;0;1.7453;0.9825;1;1;0.957;0.1237;0.9843;0.99;1;0.9674;0.8181;0.998;0.998;1;0.998;0.998;0.9651;0.9239;0.101;1.2783;1.2654;0.0076;0.0097;0.0632;0.0083;0.0294;0.0024;0;0;0.088;0;1.0117;0;0;0;0;0;0;0;0;0;0;0;0;0.0237;0.0039;1.1173;1.1173;0;39.037;39.037;16.847;0.041;1088.3;1026.7;1;0.0176;0.0176;0;0;0;0;0;0;1.0997;1.0117;0;16.65;19.281;15.076;17.458;98.424;98.424;10.216;8.9294;8.0854;1.287;0.844;0.126;0.0826;0.7914;69.739;0.7742;0
09/12/21 18:00;5.5332;114.15;76.476;6.0601;8.7751;90;8.7751;10.295;10.197;0.0975;19.42;2.18;0;0.2364;10.13;0.0177;0;0.0127;10.397;0;10.397;0.2364;0.0177;10.13;0.0127;0.0227;0.9756;0;0.0012;10.327;0.0698;0;0;0.0592;0.0106;9.8329;0.4738;0.0513;0.0039;0.4181;0.0005;10.307;0.0207;0.0005;0;0.0201;0;9.8348;0.1846;0.0139;9.6328;0.0016;6.0558;4.8023;1.9116;0.0018;0.0745;1.0709;0.0019;1.1436;0;1;0;0;1.0099;0.9933;1;1;0.9942;0.1649;0.954;0.7825;1;0.9584;0.775;0.998;0.998;1;0.998;0.998;0.9457;0.9509;0.1275;0.0312;0.0319;0.0002;0.0062;-0.0006;0.0002;0.0006;0.0002;0;0;0.088;0;-0.0659;0;0;0;0;0;0;0;0;0;0;0;0;0.0005;0;0.0245;0.0245;0;19.835;19.835;0.415;0.0422;25.61;957.74;1;0.0025;0.0025;0;0;0;0;0;0;0.0221;-0.0659;0;14.965;17.329;-40.237;-46.594;89.906;89.906;0.2495;0.196;-0.5271;0.0535;0.7231;0.2144;2.8978;0;6.0553;0;0
09/12/21 19:00;0;0;90;0;0;90;0;0;0;0;15.86;1.6701;0;0;0;0;0;0;0;0;0;0;0;0;0;1;1;1;1;0;0;0;0;0;0;0;0;0;0;0;0;0;0;0;0;0;0;0;0;0;0;0;0;0;0;0;0;0;0;0;0;0;0;0;1;1;1;1;1;1;1;1;1;1;1;1;1;1;1;1;1;1;1;0;0;0;0;0;0;0;0;0;0.0004;0.088;0;-0.0884;0;0;0;0;0;0;0;0;0;0;0;0;0;0;0;0;0;0;0;-15.86;0;0;0;0;0.0004;0;0;0;0;0;0;0;-0.0004;-0.0884;0;0;0;0;0;0;0;0;0;-0.7063;0;0.7063;1;1;0;0;0;0
09/12/21 20:00;0;0;90;0;0;90;0;0;0;0;14.93;1.1299;0;0;0;0;0;0;0;0;0;0;0;0;0;1;1;1;1;0;0;0;0;0;0;0;0;0;0;0;0;0;0;0;0;0;0;0;0;0;0;0;0;0;0;0;0;0;0;0;0;0;0;0;1;1;1;1;1;1;1;1;1;1;1;1;1;1;1;1;1;1;1;0;0;0;0;0;0;0;0;0;0.0004;0.088;0;-0.0884;0;0;0;0;0;0;0;0;0;0;0;0;0;0;0;0;0;0;0;-14.93;0;0;0;0;0.0004;0;0;0;0;0;0;0;-0.0004;-0.0884;0;0;0;0;0;0;0;0;0;-0.7063;0;0.7063;1;1;0;0;0;0
09/12/21 21:00;0;0;90;0;0;90;0;0;0;0;14.21;1.08;0;0;0;0;0;0;0;0;0;0;0;0;0;1;1;1;1;0;0;0;0;0;0;0;0;0;0;0;0;0;0;0;0;0;0;0;0;0;0;0;0;0;0;0;0;0;0;0;0;0;0;0;1;1;1;1;1;1;1;1;1;1;1;1;1;1;1;1;1;1;1;0;0;0;0;0;0;0;0;0;0.0004;0.088;0;-0.0884;0;0;0;0;0;0;0;0;0;0;0;0;0;0;0;0;0;0;0;-14.21;0;0;0;0;0.0004;0;0;0;0;0;0;0;-0.0004;-0.0884;0;0;0;0;0;0;0;0;0;-0.7063;0;0.7063;1;1;0;0;0;0
09/12/21 22:00;0;0;90;0;0;90;0;0;0;0;14;1.71;0;0;0;0;0;0;0;0;0;0;0;0;0;1;1;1;1;0;0;0;0;0;0;0;0;0;0;0;0;0;0;0;0;0;0;0;0;0;0;0;0;0;0;0;0;0;0;0;0;0;0;0;1;1;1;1;1;1;1;1;1;1;1;1;1;1;1;1;1;1;1;0;0;0;0;0;0;0;0;0;0.0004;0.088;0;-0.0884;0;0;0;0;0;0;0;0;0;0;0;0;0;0;0;0;0;0;0;-14;0;0;0;0;0.0004;0;0;0;0;0;0;0;-0.0004;-0.0884;0;0;0;0;0;0;0;0;0;-0.7063;0;0.7063;1;1;0;0;0;0
09/12/21 23:00;0;0;90;0;0;90;0;0;0;0;13.24;2.59;0;0;0;0;0;0;0;0;0;0;0;0;0;1;1;1;1;0;0;0;0;0;0;0;0;0;0;0;0;0;0;0;0;0;0;0;0;0;0;0;0;0;0;0;0;0;0;0;0;0;0;0;1;1;1;1;1;1;1;1;1;1;1;1;1;1;1;1;1;1;1;0;0;0;0;0;0;0;0;0;0.0004;0.088;0;-0.0884;0;0;0;0;0;0;0;0;0;0;0;0;0;0;0;0;0;0;0;-13.24;0;0;0;0;0.0004;0;0;0;0;0;0;0;-0.0004;-0.0884;0;0;0;0;0;0;0;0;0;-0.7063;0;0.7063;1;1;0;0;0;0
10/12/21 00:00;0;0;90;0;0;90;0;0;0;0;12.94;3.8;0;0;0;0;0;0;0;0;0;0;0;0;0;1;1;1;1;0;0;0;0;0;0;0;0;0;0;0;0;0;0;0;0;0;0;0;0;0;0;0;0;0;0;0;0;0;0;0;0;0;0;0;1;1;1;1;1;1;1;1;1;1;1;1;1;1;1;1;1;1;1;0;0;0;0;0;0;0;0;0;0.0004;0.088;0;-0.0884;0;0;0;0;0;0;0;0;0;0;0;0;0;0;0;0;0;0;0;-12.94;0;0;0;0;0.0004;0;0;0;0;0;0;0;-0.0004;-0.0884;0;0;0;0;0;0;0;0;0;-0.7063;0;0.7063;1;1;0;0;0;0
10/12/21 01:00;0;0;90;0;0;90;0;0;0;0;12.72;4.9301;0;0;0;0;0;0;0;0;0;0;0;0;0;1;1;1;1;0;0;0;0;0;0;0;0;0;0;0;0;0;0;0;0;0;0;0;0;0;0;0;0;0;0;0;0;0;0;0;0;0;0;0;1;1;1;1;1;1;1;1;1;1;1;1;1;1;1;1;1;1;1;0;0;0;0;0;0;0;0;0;0.0004;0.088;0;-0.0884;0;0;0;0;0;0;0;0;0;0;0;0;0;0;0;0;0;0;0;-12.72;0;0;0;0;0.0004;0;0;0;0;0;0;0;-0.0004;-0.0884;0;0;0;0;0;0;0;0;0;-0.7063;0;0.7063;1;1;0;0;0;0
10/12/21 02:00;0;0;90;0;0;90;0;0;0;0;12.7;5.8199;0;0;0;0;0;0;0;0;0;0;0;0;0;1;1;1;1;0;0;0;0;0;0;0;0;0;0;0;0;0;0;0;0;0;0;0;0;0;0;0;0;0;0;0;0;0;0;0;0;0;0;0;1;1;1;1;1;1;1;1;1;1;1;1;1;1;1;1;1;1;1;0;0;0;0;0;0;0;0;0;0.0004;0.088;0;-0.0884;0;0;0;0;0;0;0;0;0;0;0;0;0;0;0;0;0;0;0;-12.7;0;0;0;0;0.0004;0;0;0;0;0;0;0;-0.0004;-0.0884;0;0;0;0;0;0;0;0;0;-0.7063;0;0.7063;1;1;0;0;0;0
10/12/21 03:00;0;0;90;0;0;90;0;0;0;0;12.22;5.9099;0;0;0;0;0;0;0;0;0;0;0;0;0;1;1;1;1;0;0;0;0;0;0;0;0;0;0;0;0;0;0;0;0;0;0;0;0;0;0;0;0;0;0;0;0;0;0;0;0;0;0;0;1;1;1;1;1;1;1;1;1;1;1;1;1;1;1;1;1;1;1;0;0;0;0;0;0;0;0;0;0.0004;0.088;0;-0.0884;0;0;0;0;0;0;0;0;0;0;0;0;0;0;0;0;0;0;0;-12.22;0;0;0;0;0.0004;0;0;0;0;0;0;0;-0.0004;-0.0884;0;0;0;0;0;0;0;0;0;-0.7063;0;0.7063;1;1;0;0;0;0
10/12/21 04:00;1.7647;-117.09;85.717;1.982;2.8296;-90;-2.8296;0;0;0;12.08;6;0;0;0;0;0;0;0;0;0;0;0;0;0;1;1;1;1;0;0;0;0;0;0;0;0;0;0;0;0;0;0;0;0;0;0;0;0;0;0;0;0;0;0;0;0;0;0;0;0;0;0;0;1;1;1;1;1;1;1;1;1;1;1;1;1;1;1;1;1;1;1;0;0;0;0;0;0;0;0;0;0.0004;0.088;0;-0.0884;0;0;0;0;0;0;0;0;0;0;0;0;0;0;0;0;0;0;0;-12.08;0;0;0;0;0.0004;0;0;0;0;0;0;0;-0.0004;-0.0884;0;0;0;0;0;0;0;0;0;-0.7063;0;0.7063;1;1;0;0;0;0
10/12/21 05:00;9.0237;-111.78;67.642;9.7047;14.427;-90;-14.427;21.703;21.499;0.2039;12.5;6.43;0;0.4945;21.141;0.0481;0;0.0719;21.755;0;21.755;0.4945;0.0481;21.141;0.0719;0.0227;0.9751;0;0.0033;21.412;0.3433;0;0;0.2834;0.0599;20.529;0.8398;0.0411;0.004;0.792;0.0027;21.369;0.0428;0.001;0.0001;0.0417;0;20.544;0.4524;0.044;20.023;0.0092;12.84;10.182;4.0843;0.0238;0.1571;2.2604;0.0152;2.3937;0;1;0;0;1.0024;0.9842;1;1;0.9866;0.1661;0.9607;0.9166;1;0.9619;0.7757;0.998;0.998;1;0.998;0.998;0.9436;0.9472;0.1286;0.0653;0.0666;0.0004;0.0092;-0.0028;0.0004;0.0015;0.0004;0;0;0.088;0;-0.035;0;0;0;0;0;0;0;0;0;0;0;0;0.0012;0;0.0563;0.0563;0;13.35;13.35;0.8502;0.0414;55.202;1020.8;1;0.0034;0.0034;0;0;0;0;0;0;0.053;-0.035;0;16.431;19.027;-10.22;-11.835;93.97;93.97;0.5221;0.4503;-0.2801;0.0718;0.7305;0.1375;1.399;0;12.839;0;0
10/12/21 06:00;20.688;-104.12;31.041;21.276;40.37;-90;-40.37;144.4;133.7;10.702;13;6.9101;0;25.956;115.25;6.9711;0;3.6104;151.79;0;151.79;25.956;6.9711;115.25;3.6104;0.171;0.7831;0;0.0238;140.32;11.469;0;0;8.153;3.3156;136.5;3.5399;0.0426;0.0114;3.46;0.0259;140.04;0.2806;0.0519;0.0139;0.2142;0.0006;137.66;25.862;6.9457;103.42;0.2683;82.417;65.357;28.737;4.8454;1.1498;16.539;1.1594;12.843;0;1;0;0;1.0511;0.9244;1;1;0.9293;0.0816;0.9747;0.9984;1;0.9676;0.912;0.998;0.998;1;0.998;0.998;0.8993;0.8974;0.0743;0.4558;0.4495;0.0027;0.0181;-0.0105;0.0031;0.0109;0.0032;0;0;0.088;0;0.3159;0;0;0;0;0;0;0;0;0;0;0;0;0.0088;0.0007;0.4125;0.4125;0;18.548;18.548;5.5479;0.0406;382.84;1077.5;1;0.0086;0.0086;0;0;0;0;0;0;0.4039;0.3159;0;17.241;19.965;13.204;15.29;97.915;97.915;3.6428;3.2969;2.5249;0.3459;0.772;0.095;0.2119;0.6931;82.351;0.6408;0
10/12/21 07:00;32.747;-96.569;5.5212;32.919;57.081;-90;-57.081;194.6;187.5;7.1053;14;6.89;0;13.075;143.35;3.2161;0;9.3289;168.97;0;168.97;13.075;3.2161;143.35;9.3289;0.0774;0.9036;0;0.0552;143.44;25.523;0;0;16.783;8.7405;138.76;4.3982;0.0025;0.0006;4.3656;0.0295;143.16;0.2869;0.0261;0.0064;0.2531;0.0012;142.53;13.046;3.2091;121.95;0.5577;122.86;97.426;45.937;20.067;2.3473;33.765;3.7721;16.045;0;1;0;0;0.8683;0.8489;1;1;0.8829;0.0631;0.9693;0.9998;1;0.9654;0.9498;0.998;0.998;1;0.998;0.998;0.8212;0.8507;0.0598;0.5074;0.5005;0.003;0.0181;-0.0097;0.0034;0.0121;0.0066;0;0;0.088;0;0.3593;0;0;0;0;0;0;0;0;0;0;0;0;0.0098;0.0008;0.4563;0.4563;0;19.644;19.644;5.6443;0.0407;425.16;1073.4;1;0.009;0.009;0;0;0;0;0;0;0.4473;0.3593;0;17.133;19.84;13.49;15.622;98.023;98.023;4.0552;3.6471;2.8717;0.4081;0.7754;0.1006;0.1912;0.7082;120.69;0.616;0
10/12/21 08:00;44.992;-88.328;1.1825;45.004;44.996;-90;-44.996;229.49;223.9;5.5947;14.8;6.34;0;7.9116;190.04;1.778;0;7.0566;206.79;0;206.79;7.9116;1.778;190.04;7.0566;0.0383;0.9531;0;0.0341;184.48;22.303;0;0;15.756;6.5468;178.41;5.7006;0.0003;0.0001;5.6697;0.0305;184.12;0.369;0.0158;0.0036;0.3486;0.001;181.03;7.8954;1.7744;168.27;0.4783;144.31;114.44;51.186;11.603;2.1595;31.063;2.6119;21.62;0;1;0;0;0.9011;0.8921;1;1;0.9171;0.0722;0.969;1;1;0.9674;0.9401;0.998;0.998;1;0.998;0.998;0.8628;0.8854;0.0678;0.621;0.6107;0.0037;0.0176;-0.0064;0.0042;0.0148;0.0061;0;0;0.088;0;0.4598;0;0;0;0;0;0;0;0;0;0;0;0;0.0119;0.0011;0.5579;0.5579;0;22.056;22.056;7.2559;0.0407;520.19;1072.4;1;0.0101;0.0101;0;0;0;0;0;0;0.5478;0.4598;0;17.114;19.817;14.105;16.333;98.192;98.192;4.9629;4.4585;3.6746;0.5044;0.7839;0.1016;0.158;0.7404;141.43;0.6656;0
10/12/21 09:00;57.161;-77.827;6.5661;57.752;32.248;-90;-32.248;431.11;377;54.11;15.3;5.87;0;63.979;332.02;20.373;0;6.9827;423.36;0;423.36;63.979;20.373;332.02;6.9827;0.1511;0.8008;0;0.0165;400.62;22.74;0;0;16.552;6.1881;389.47;10.345;0.0145;0.0046;10.198;0.128;399.81;0.8012;0.128;0.0407;0.6309;0.0016;391.63;63.837;20.327;304.64;0.6649;259.08;205.45;87.481;6.4553;3.2295;46.455;2.1625;43.229;0;1;0;0;0.982;0.9463;1;1;0.9501;0.1138;0.9741;0.9998;1;0.9676;0.8386;0.998;0.998;1;0.998;0.998;0.92;0.9175;0.0952;1.2713;1.2775;0.0077;0.0095;0.0279;0.0086;0.0306;0.009;0;0;0.088;0;1.0491;0;0;0;0;0;0;0;0;0;0;0;0;0.0246;0.0039;1.1557;1.1557;0;31.171;31.171;15.87;0.0407;1093.8;1056.6;1;0.0186;0.0186;0;0;0;0;0;0;1.1371;1.0491;0;17.317;20.053;15.719;18.202;98.388;98.388;10.161;9.2362;8.384;0.9243;0.8522;0.091;0.0839;0.8252;222.35;0.7625;0
10/12/21 10:00;68.657;-60.623;10.284;71.196;18.804;-90;-18.804;526.81;436.2;90.608;17.5;6.09;0;95.716;395.25;31.811;0;2.9523;525.73;0;525.73;95.716;31.811;395.25;2.9523;0.1821;0.7574;0;0.0056;514.99;10.745;0;0;8.2749;2.4704;500.19;13.764;0.0339;0.0113;13.612;0.1066;513.96;1.03;0.1914;0.0636;0.774;0.001;500.91;95.491;31.736;372.59;0.3743;312.62;247.91;101.03;1.1363;3.7587;54.067;0.7187;56.689;0;1;0;0;0.998;0.9796;1;1;0.9791;0.1632;0.9732;0.9996;1;0.9648;0.7783;0.998;0.998;1;0.998;0.998;0.9514;0.9427;0.1268;1.5788;1.6227;0.0098;0.0047;0.0741;0.0107;0.0381;0.0102;0;0;0.088;0;1.3276;0;0;0;0;0;0;0;0;0;0;0;0;0.0307;0.0061;1.4383;1.4383;0;37.972;37.972;20.472;0.0409;1392.1;1033.1;1;0.0227;0.0227;0;0;0;0;0;0;1.4156;1.3276;0;17.355;20.096;16.019;18.55;98.424;98.424;12.618;11.495;10.61;1.1229;0.8845;0.089;0.0701;0.8409;244.23;0.7808;0
10/12/21 11:00;77.023;-21.581;12.053;85.155;4.8448;-90;-4.8448;856.81;326.6;530.21;18.26;6.24;0;532.11;200.13;126.56;0;0.3214;859.12;0;859.12;532.11;126.56;200.13;0.3214;0.6194;0.2333;0;0.0004;858.41;0.7161;0;0;0.4474;0.2687;847.7;8.9949;0.2211;0.0526;8.7094;0.0118;856.69;1.7168;1.0642;0.2531;0.3994;0.0001;847.72;530.83;126.26;190.57;0.0409;504.89;400.38;165.78;0.0013;5.7817;83.168;0.0257;88.948;0;1;0;0;1.0027;0.9992;1;1;0.9978;0.164;0.9895;0.9996;1;0.9563;0.7767;0.998;0.998;1;0.998;0.998;0.9867;0.9523;0.1271;2.5799;2.7286;0.0164;-0.0019;0.2713;0.0171;0.0606;0.0149;0;0;0.088;0;2.1582;0;0;0;0;0;0;0;0;0;0;0;0;0.0488;0.0163;2.285;2.285;0;53.35;53.35;35.091;0.0414;2345.6;974.18;1;0.0388;0.0388;0;0;0;0;0;0;2.2462;2.1582;0;16.872;19.538;15.936;18.454;98.304;98.304;20.619;18.262;17.249;2.3572;1.0131;0.1143;0.0491;0.8365;118.83;0.78;0
10/12/21 12:00;75.102;37.803;11.72;80.738;9.2616;90;9.2616;466.41;426.5;39.905;19.34;6.03;0;40.432;411.31;12.663;0;0.6384;465.04;0;465.04;40.432;12.663;411.31;0.6384;0.0869;0.8858;0;0.0014;461.88;3.1623;0;0;2.6292;0.5331;444.06;16.895;0.0163;0.0051;16.85;0.0237;460.95;0.9238;0.0809;0.0253;0.8174;0.0002;444.16;40.335;12.633;391.01;0.0814;276.74;219.45;87.868;0.0884;3.3695;48.469;0.1032;51.75;0;1;0;0;0.9971;0.9932;1;1;0.9936;0.165;0.9633;0.9996;1;0.9587;0.7749;0.998;0.998;1;0.998;0.998;0.9549;0.9507;0.1276;1.3965;1.44;0.0087;0.0071;0.0637;0.0095;0.0338;0.0092;0;0;0.088;0;1.1678;0;0;0;0;0;0;0;0;0;0;0;0;0.0272;0.0049;1.2758;1.2758;0;37.518;37.518;18.178;0.0409;1235.2;1032.9;1;0.0201;0.0201;0;0;0;0;0;0;1.2558;1.1678;0;17.404;20.153;15.93;18.446;98.428;98.428;11.161;10.196;9.3328;0.9645;0.8636;0.0864;0.0774;0.8362;246.12;0.7757;0
10/12/21 13:00;65.196;67.303;9.3159;66.908;23.092;90;23.092;391.9;371.5;20.405;19.8;5.5799;0;22.183;350.93;6.4425;0;3.297;382.85;0;382.85;22.183;6.4425;350.93;3.297;0.0579;0.9252;0;0.0086;369.76;13.084;0;0;10.278;2.8058;357.45;11.57;0.0071;0.0021;11.457;0.1037;369.02;0.7395;0.0444;0.0129;0.6813;0.001;358.35;22.131;6.4275;328.51;0.3865;236.15;187.27;76.861;2.1152;2.8856;41.508;0.8903;42.279;0;1;0;0;0.9769;0.9658;1;1;0.9707;0.149;0.9686;0.9997;1;0.9663;0.7884;0.998;0.998;1;0.998;0.998;0.9337;0.9361;0.1172;1.1497;1.1668;0.007;0.0111;0.0391;0.0078;0.0275;0.0079;0;0;0.088;0;0.9362;0;0;0;0;0;0;0;0;0;0;0;0;0.0222;0.0033;1.0409;1.0409;0;34.413;34.413;14.613;0.0409;999.63;1041.3;1;0.0167;0.0167;0;0;0;0;0;0;1.0242;0.9362;0;17.248;19.972;15.513;17.964;98.397;98.397;9.1884;8.319;7.4824;0.8694;0.8366;0.0946;0.0911;0.8143;221.56;0.7532;0
10/12/21 14:00;53.373;81.532;5.0401;53.673;36.327;90;36.327;517.2;398;119.2;20.37;5.07;0;147.95;321.45;52.07;0;10.554;532.03;0;532.03;147.95;52.07;321.45;10.554;0.2781;0.624;0;0.0198;503.11;28.915;0;0;19.357;9.5573;492.22;9.8917;0.0257;0.009;9.7282;0.1288;502.11;1.0062;0.2959;0.1041;0.6042;0.002;495.55;147.63;51.957;291.76;0.8661;301.18;238.84;103.05;9.4115;3.7905;54.525;3.3382;48.904;0;1;0;0;1.0287;0.9457;1;1;0.9398;0.0945;0.9803;0.9998;1;0.9677;0.8706;0.998;0.998;1;0.998;0.998;0.9252;0.9076;0.0821;1.5977;1.6075;0.0097;0.0049;0.0883;0.0105;0.0374;0.0102;0;0;0.088;0;1.3005;0;0;0;0;0;0;0;0;0;0;0;0;0.0301;0.006;1.4105;1.4105;0;40.56;40.56;20.191;0.041;1379.4;1022.5;1;0.0219;0.0219;0;0;0;0;0;0;1.3885;1.3005;0;16.818;19.475;15.507;17.957;98.444;98.444;12.769;11.273;10.394;1.496;0.8787;0.1172;0.0688;0.814;222.1;0.756;0
10/12/21 15:00;41.142;91.057;0.7961;41.147;48.853;90;48.853;811.9;134;677.9;21.51;4.64;0;1030.3;29.859;148.91;0;29.156;1238.2;0;1238.2;1030.3;148.91;29.859;29.156;0.8321;0.0477;0;0.0235;1208.1;30.064;0;0;2.7952;27.269;1204.7;1.0091;0.0283;0.0041;0.8914;0.0853;1205.7;2.4162;2.0605;0.2978;0.0541;0.0038;1211.2;1028.2;148.6;26.118;1.7977;315.12;249.89;103.31;2.4298;3.7766;54.325;6.5198;55.671;0;1;0;0;1.525;0.9757;1;1;0.9064;0.0647;0.9992;1;1;0.967;0.9547;0.998;0.998;1;0.998;0.998;0.973;0.8747;0.0617;3.7182;3.7625;0.0227;0.0144;0.6243;0.0217;0.077;0.009;0;0;0.088;0;2.662;0;0;0;0;0;0;0;0;0;0;0;0;0.062;0.0301;2.9015;2.8008;0;72.189;72.189;50.679;0.0421;2946.2;950.62;1;0.1515;0.0508;0;0;0.1007;0;0;0;2.75;2.662;0;14.349;16.616;13.638;15.793;94.779;98.188;29.716;22.384;21.275;7.3326;1.109;0.2468;0.0373;0.7159;23.049;0.6932;0
10/12/21 16:00;28.932;98.968;7.8785;29.232;60;90;60;510.11;129.7;380.41;21.87;4.3899;0;778.91;42.993;148.19;0;26.781;996.88;0;996.88;778.91;148.19;42.993;26.781;0.7813;0.07;0;0.0269;966.34;30.542;0;0;5.422;25.12;962.71;1.6907;0.2115;0.0402;1.326;0.1129;964.4;1.9327;1.5578;0.2964;0.0751;0.0033;966.66;777.14;147.86;36.17;1.5443;109.82;87.088;39.316;7.1943;1.5135;21.771;3.9515;16.09;0;1;0;0;1.9543;0.9694;1;1;0.8739;0.062;0.9982;0.9997;1;0.9646;0.9319;0.998;0.998;1;0.998;0.998;0.9657;0.8413;0.0577;2.9936;2.9574;0.0178;-0.0005;0.3852;0.0179;0.0634;0.0038;0;0;0.088;0;2.271;0;0;0;0;0;0;0;0;0;0;0;0;0.0511;0.019;2.3998;2.3998;0;62.01;62.01;40.14;0.0417;2546.9;942.24;1;0.0408;0.0408;0;0;0;0;0;0;2.359;2.271;0;15.271;17.683;14.451;16.734;98.3;98.3;23.925;19.179;18.149;4.7462;1.0294;0.1984;0.043;0.7586;37.428;0.7464;0
10/12/21 17:00;16.974;106.48;44.924;17.658;29.705;90;29.705;253.89;144.5;109.39;21.2;3.31;0;265.3;99.107;93.188;0;3.5033;461.1;0;461.1;265.3;93.188;99.107;3.5033;0.5754;0.2225;0;0.0076;453.68;7.4189;0;0;4.3441;3.0748;446.12;6.6535;2.5853;0.9081;3.0832;0.0769;452.78;0.9074;0.5306;0.1864;0.1895;0.0009;446.57;262.19;92.094;91.49;0.3507;65.914;52.27;22.078;1.451;0.8208;11.807;0.4491;11.176;0;1;0;0;1.8161;0.9839;1;1;0.9562;0.1223;0.9853;0.9902;1;0.9674;0.8201;0.998;0.998;1;0.998;0.998;0.9675;0.9231;0.1001;1.3847;1.3699;0.0082;0.0081;0.0704;0.009;0.0319;0.0022;0;0;0.088;0;1.1029;0;0;0;0;0;0;0;0;0;0;0;0;0.0257;0.0045;1.2099;1.2099;0;39.493;39.493;18.293;0.041;1178.5;1026.6;1;0.019;0.019;0;0;0;0;0;0;1.1909;1.1029;0;16.645;19.275;15.173;17.57;98.431;98.431;11.066;9.6695;8.8145;1.397;0.855;0.1262;0.0773;0.7965;65.19;0.7815;0
10/12/21 18:00;5.4808;114.3;76.606;6.0097;8.6999;90;8.6999;52.001;50.202;1.7987;19.68;2.84;0;4.3623;49.247;1.6272;0;0.0628;55.299;0;55.299;4.3623;1.6272;49.247;0.0628;0.0789;0.8917;0;0.0011;54.963;0.3363;0;0;0.2838;0.0525;51.497;3.3557;0.9602;0.3582;2.035;0.0023;54.853;0.1099;0.0087;0.0033;0.0979;0;51.506;3.3934;1.2658;46.83;0.008;29.444;23.349;9.2955;0.0082;0.3619;5.2057;0.009;5.5593;0;1;0;0;1.0634;0.9939;1;1;0.9942;0.1648;0.9388;0.7794;1;0.9584;0.775;0.998;0.998;1;0.998;0.998;0.9312;0.9509;0.1275;0.1661;0.1661;0.001;0.0141;-0.002;0.0011;0.0038;0.001;0;0;0.088;0;0.0503;0;0;0;0;0;0;0;0;0;0;0;0;0.0031;0.0002;0.1439;0.1439;0;21.801;21.801;2.1209;0.0412;140.48;1024.7;1;0.0057;0.0057;0;0;0;0;0;0;0.1383;0.0503;0;16.512;19.121;5.7655;6.6763;96.052;96.052;1.3272;1.1504;0.4017;0.1768;0.7487;0.1332;0.5641;0.3027;29.432;0.2827;0
10/12/21 19:00;0;0;90;0;0;90;0;0;0;0;17.37;3.06;0;0;0;0;0;0;0;0;0;0;0;0;0;1;1;1;1;0;0;0;0;0;0;0;0;0;0;0;0;0;0;0;0;0;0;0;0;0;0;0;0;0;0;0;0;0;0;0;0;0;0;0;1;1;1;1;1;1;1;1;1;1;1;1;1;1;1;1;1;1;1;0;0;0;0;0;0;0;0;0;0.0004;0.088;0;-0.0884;0;0;0;0;0;0;0;0;0;0;0;0;0;0;0;0;0;0;0;-17.37;0;0;0;0;0.0004;0;0;0;0;0;0;0;-0.0004;-0.0884;0;0;0;0;0;0;0;0;0;-0.7063;0;0.7063;1;1;0;0;0;0
10/12/21 20:00;0;0;90;0;0;90;0;0;0;0;14.4;3.24;0;0;0;0;0;0;0;0;0;0;0;0;0;1;1;1;1;0;0;0;0;0;0;0;0;0;0;0;0;0;0;0;0;0;0;0;0;0;0;0;0;0;0;0;0;0;0;0;0;0;0;0;1;1;1;1;1;1;1;1;1;1;1;1;1;1;1;1;1;1;1;0;0;0;0;0;0;0;0;0;0.0004;0.088;0;-0.0884;0;0;0;0;0;0;0;0;0;0;0;0;0;0;0;0;0;0;0;-14.4;0;0;0;0;0.0004;0;0;0;0;0;0;0;-0.0004;-0.0884;0;0;0;0;0;0;0;0;0;-0.7063;0;0.7063;1;1;0;0;0;0
10/12/21 21:00;0;0;90;0;0;90;0;0;0;0;13.8;3.24;0;0;0;0;0;0;0;0;0;0;0;0;0;1;1;1;1;0;0;0;0;0;0;0;0;0;0;0;0;0;0;0;0;0;0;0;0;0;0;0;0;0;0;0;0;0;0;0;0;0;0;0;1;1;1;1;1;1;1;1;1;1;1;1;1;1;1;1;1;1;1;0;0;0;0;0;0;0;0;0;0.0004;0.088;0;-0.0884;0;0;0;0;0;0;0;0;0;0;0;0;0;0;0;0;0;0;0;-13.8;0;0;0;0;0.0004;0;0;0;0;0;0;0;-0.0004;-0.0884;0;0;0;0;0;0;0;0;0;-0.7063;0;0.7063;1;1;0;0;0;0
10/12/21 22:00;0;0;90;0;0;90;0;0;0;0;12.93;3.1199;0;0;0;0;0;0;0;0;0;0;0;0;0;1;1;1;1;0;0;0;0;0;0;0;0;0;0;0;0;0;0;0;0;0;0;0;0;0;0;0;0;0;0;0;0;0;0;0;0;0;0;0;1;1;1;1;1;1;1;1;1;1;1;1;1;1;1;1;1;1;1;0;0;0;0;0;0;0;0;0;0.0004;0.088;0;-0.0884;0;0;0;0;0;0;0;0;0;0;0;0;0;0;0;0;0;0;0;-12.93;0;0;0;0;0.0004;0;0;0;0;0;0;0;-0.0004;-0.0884;0;0;0;0;0;0;0;0;0;-0.7063;0;0.7063;1;1;0;0;0;0
10/12/21 23:00;0;0;90;0;0;90;0;0;0;0;12.03;2.9301;0;0;0;0;0;0;0;0;0;0;0;0;0;1;1;1;1;0;0;0;0;0;0;0;0;0;0;0;0;0;0;0;0;0;0;0;0;0;0;0;0;0;0;0;0;0;0;0;0;0;0;0;1;1;1;1;1;1;1;1;1;1;1;1;1;1;1;1;1;1;1;0;0;0;0;0;0;0;0;0;0.0004;0.088;0;-0.0884;0;0;0;0;0;0;0;0;0;0;0;0;0;0;0;0;0;0;0;-12.03;0;0;0;0;0.0004;0;0;0;0;0;0;0;-0.0004;-0.0884;0;0;0;0;0;0;0;0;0;-0.7063;0;0.7063;1;1;0;0;0;0
11/12/21 00:00;0;0;90;0;0;90;0;0;0;0;12.3;2.7701;0;0;0;0;0;0;0;0;0;0;0;0;0;1;1;1;1;0;0;0;0;0;0;0;0;0;0;0;0;0;0;0;0;0;0;0;0;0;0;0;0;0;0;0;0;0;0;0;0;0;0;0;1;1;1;1;1;1;1;1;1;1;1;1;1;1;1;1;1;1;1;0;0;0;0;0;0;0;0;0;0.0004;0.088;0;-0.0884;0;0;0;0;0;0;0;0;0;0;0;0;0;0;0;0;0;0;0;-12.3;0;0;0;0;0.0004;0;0;0;0;0;0;0;-0.0004;-0.0884;0;0;0;0;0;0;0;0;0;-0.7063;0;0.7063;1;1;0;0;0;0
11/12/21 01:00;0;0;90;0;0;90;0;0;0;0;10.83;2.66;0;0;0;0;0;0;0;0;0;0;0;0;0;1;1;1;1;0;0;0;0;0;0;0;0;0;0;0;0;0;0;0;0;0;0;0;0;0;0;0;0;0;0;0;0;0;0;0;0;0;0;0;1;1;1;1;1;1;1;1;1;1;1;1;1;1;1;1;1;1;1;0;0;0;0;0;0;0;0;0;0.0004;0.088;0;-0.0884;0;0;0;0;0;0;0;0;0;0;0;0;0;0;0;0;0;0;0;-10.83;0;0;0;0;0.0004;0;0;0;0;0;0;0;-0.0004;-0.0884;0;0;0;0;0;0;0;0;0;-0.7063;0;0.7063;1;1;0;0;0;0
11/12/21 02:00;0;0;90;0;0;90;0;0;0;0;10.2;2.5499;0;0;0;0;0;0;0;0;0;0;0;0;0;1;1;1;1;0;0;0;0;0;0;0;0;0;0;0;0;0;0;0;0;0;0;0;0;0;0;0;0;0;0;0;0;0;0;0;0;0;0;0;1;1;1;1;1;1;1;1;1;1;1;1;1;1;1;1;1;1;1;0;0;0;0;0;0;0;0;0;0.0004;0.088;0;-0.0884;0;0;0;0;0;0;0;0;0;0;0;0;0;0;0;0;0;0;0;-10.2;0;0;0;0;0.0004;0;0;0;0;0;0;0;-0.0004;-0.0884;0;0;0;0;0;0;0;0;0;-0.7063;0;0.7063;1;1;0;0;0;0
11/12/21 03:00;0;0;90;0;0;90;0;0;0;0;8.6499;2.3999;0;0;0;0;0;0;0;0;0;0;0;0;0;1;1;1;1;0;0;0;0;0;0;0;0;0;0;0;0;0;0;0;0;0;0;0;0;0;0;0;0;0;0;0;0;0;0;0;0;0;0;0;1;1;1;1;1;1;1;1;1;1;1;1;1;1;1;1;1;1;1;0;0;0;0;0;0;0;0;0;0.0004;0.088;0;-0.0884;0;0;0;0;0;0;0;0;0;0;0;0;0;0;0;0;0;0;0;-8.6499;0;0;0;0;0.0004;0;0;0;0;0;0;0;-0.0004;-0.0884;0;0;0;0;0;0;0;0;0;-0.7063;0;0.7063;1;1;0;0;0;0
11/12/21 04:00;1.7351;-117.22;85.789;1.9509;2.7851;-90;-2.7851;0;0;0;8.8001;2.2201;0;0;0;0;0;0;0;0;0;0;0;0;0;1;1;1;1;0;0;0;0;0;0;0;0;0;0;0;0;0;0;0;0;0;0;0;0;0;0;0;0;0;0;0;0;0;0;0;0;0;0;0;1;1;1;1;1;1;1;1;1;1;1;1;1;1;1;1;1;1;1;0;0;0;0;0;0;0;0;0;0.0004;0.088;0;-0.0884;0;0;0;0;0;0;0;0;0;0;0;0;0;0;0;0;0;0;0;-8.8001;0;0;0;0;0.0004;0;0;0;0;0;0;0;-0.0004;-0.0884;0;0;0;0;0;0;0;0;0;-0.7063;0;0.7063;1;1;0;0;0;0
11/12/21 05:00;8.9867;-111.91;67.738;9.6734;14.376;-90;-14.376;125.8;21;104.8;11.02;2.33;0;254.18;10.831;24.245;0;0.4136;289.67;0;289.67;254.18;24.245;10.831;0.4136;0.8775;0.0388;0;0.0014;289.18;0.4892;0;0;0.1443;0.3449;264.76;23.833;21.373;2.0387;0.4062;0.0154;288.6;0.5784;0.5084;0.0485;0.0214;0.0001;264.77;232.29;22.158;10.259;0.0532;7.1393;5.6614;2.3755;0.0121;0.0805;1.158;0.0077;1.2263;0;1;0;0;2.3025;0.9983;1;1;0.9867;0.1662;0.9174;0.9157;1;0.9619;0.7756;0.998;0.998;1;0.998;0.998;0.914;0.9472;0.1286;0.8699;0.7999;0.0048;0.0159;-0.0092;0.0055;0.0196;0.0002;0;0;0.088;0;0.6447;0;0;0;0;0;0;0;0;0;0;0;0;0.0158;0.0017;0.7456;0.7456;0;21.751;21.751;10.731;0.0405;685.14;1088.2;1;0.0129;0.0129;0;0;0;0;0;0;0.7327;0.6447;0;16.328;18.908;14.118;16.349;98.268;98.268;6.952;5.9588;5.1523;0.9932;0.8065;0.1429;0.116;0.7411;6.5768;0.7389;0
11/12/21 06:00;20.642;-104.25;31.241;21.24;40.237;-90;-40.237;338.2;57.4;280.8;13.55;2.26;0;681.03;22.007;78.675;0;8.4029;790.11;0;790.11;681.03;78.675;22.007;8.4029;0.8619;0.0385;0;0.0106;780.85;9.2635;0;0;1.5494;7.7142;777.23;2.0579;1.1975;0.1383;0.6609;0.0611;779.29;1.5617;1.3621;0.1574;0.0409;0.0014;777.45;678.47;78.379;19.756;0.6262;17.242;13.673;6.2463;0.9168;0.219;3.1505;0.2195;2.4527;0;1;0;0;2.3362;0.9883;1;1;0.9296;0.082;0.9974;0.9982;1;0.9676;0.9111;0.998;0.998;1;0.998;0.998;0.9837;0.8977;0.0745;2.3727;2.3482;0.0141;-0.0018;0.1687;0.0152;0.0538;0.0006;0;0;0.088;0;1.9203;0;0;0;0;0;0;0;0;0;0;0;0;0.0433;0.0123;2.0421;2.0421;0;45.517;45.517;31.967;0.0411;2021.9;1010;1;0.0338;0.0338;0;0;0;0;0;0;2.0083;1.9203;0;16.395;18.985;15.417;17.853;98.344;98.344;18.963;16.32;15.347;2.6424;0.9735;0.1393;0.0513;0.8093;15.708;0.8069;0
11/12/21 07:00;32.696;-96.712;5.6448;32.875;57.125;-90;-57.125;563.81;92.901;470.91;16.43;1.5801;0;867.53;27.338;105.86;0;27.065;1027.8;0;1027.8;867.53;105.86;27.338;27.065;0.8441;0.0529;0;0.0263;999.23;28.562;0;0;3.2042;25.358;996.12;1.108;0.1688;0.0206;0.8327;0.0859;997.23;1.9985;1.7351;0.2117;0.0483;0.0034;1000.8;865.62;105.63;23.253;1.6178;152.02;120.55;50.44;3.8436;1.9563;28.141;4.6814;26.253;0;1;0;0;1.8229;0.9722;1;1;0.8828;0.0631;0.9989;0.9998;1;0.9654;0.9496;0.998;0.998;1;0.998;0.998;0.9692;0.8506;0.0598;3.0865;3.0736;0.0185;0.0007;0.3536;0.0189;0.067;0.0049;0;0;0.088;0;2.403;0;0;0;0;0;0;0;0;0;0;0;0;0.054;0.0205;2.5355;2.5355;0;57.82;57.82;41.39;0.0416;2645.9;958.27;1;0.0445;0.0445;0;0;0;0;0;0;2.491;2.403;0;15.649;18.122;14.832;17.175;98.244;98.244;24.667;20.264;19.205;4.4031;1.0591;0.1785;0.0429;0.7786;23.028;0.7629;0
11/12/21 08:00;44.94;-88.497;1.0635;44.949;45.051;-90;-45.051;769.19;126.9;642.3;18.76;0.7199;0;909.14;38.42;115.89;0;23.706;1087.2;0;1087.2;909.14;115.89;38.42;23.706;0.8363;0.0571;0;0.0218;1062;25.187;0;0;3.1909;21.996;1058.6;1.2855;0.0333;0.0042;1.1462;0.1017;1059.8;2.1239;1.8183;0.2318;0.0705;0.0034;1064.5;907.29;115.65;34.012;1.6052;332.2;263.44;110.04;2.3612;3.8951;56.03;5.8938;57.563;0;1;0;0;1.4134;0.9768;1;1;0.9169;0.0721;0.9988;1;1;0.9674;0.9404;0.998;0.998;1;0.998;0.998;0.9737;0.8853;0.0677;3.2647;3.3241;0.02;0.0043;0.4424;0.02;0.0709;0.0096;0;0;0.088;0;2.5407;0;0;0;0;0;0;0;0;0;0;0;0;0.0571;0.0237;2.676;2.676;0;62.936;62.936;44.176;0.0417;2859;935.98;1;0.0473;0.0473;0;0;0;0;0;0;2.6287;2.5407;0;15.615;18.081;14.825;17.167;98.232;98.232;26.092;21.386;20.305;4.7053;1.0814;0.1803;0.0414;0.7782;28.607;0.7493;0
11/12/21 09:00;57.113;-78.052;6.4543;57.683;32.317;-90;-32.317;942.9;155.6;787.29;20.48;0.18;0;931.59;48.061;122.48;0;15.335;1117.5;0;1117.5;931.59;122.48;48.061;15.335;0.8337;0.0567;0;0.0137;1101.5;15.999;0;0;2.404;13.595;1097.3;1.9898;0.2073;0.0273;1.4757;0.2795;1099.3;2.2029;1.8632;0.245;0.0913;0.0035;1101.5;929.52;122.21;44.09;1.4575;490.52;388.98;165.19;0.9449;5.4095;77.813;4.2465;82.278;0;1;0;0;1.1851;0.9857;1;1;0.95;0.1135;0.9982;0.9998;1;0.9676;0.8391;0.998;0.998;1;0.998;0.998;0.9819;0.9174;0.095;3.3558;3.4817;0.021;0.0074;0.5062;0.0206;0.0732;0.0132;0;0;0.088;0;2.6186;0;0;0;0;0;0;0;0;0;0;0;0;0.0589;0.0259;2.7553;2.7553;0;66.407;66.407;45.927;0.0419;2994.5;920.13;1;0.0488;0.0488;0;0;0;0;0;0;2.7066;2.6186;0;15.641;18.112;14.865;17.213;98.231;98.231;26.819;22.02;20.928;4.7988;1.0929;0.1789;0.0408;0.7803;32.202;0.7417;0
11/12/21 10:00;68.631;-60.975;10.183;71.112;18.888;-90;-18.888;1053.1;173.8;879.29;21.7;0.52;0;929.33;55.822;123.06;0;5.954;1114.2;0;1114.2;929.33;123.06;55.822;5.954;0.8341;0.0554;0;0.0053;1108;6.1602;0;0;1.1774;4.9828;1103.3;2.5035;0.3262;0.0432;1.9193;0.2148;1105.8;2.216;1.8587;0.2461;0.1093;0.0019;1104.7;927.14;122.77;52.616;0.7545;598.43;474.56;197.94;0.1644;6.7694;97.376;1.4449;103.98;0;1;0;0;1.058;0.9945;1;1;0.9789;0.1631;0.9977;0.9996;1;0.9648;0.7784;0.998;0.998;1;0.998;0.998;0.9902;0.9426;0.1267;3.3458;3.5326;0.0213;0.0085;0.5329;0.0208;0.0737;0.0164;0;0;0.088;0;2.636;0;0;0;0;0;0;0;0;0;0;0;0;0.0594;0.0266;2.773;2.773;0;67.938;67.938;46.238;0.0419;3036.8;913.13;1;0.049;0.049;0;0;0;0;0;0;2.724;2.636;0;15.788;18.283;15.009;17.38;98.234;98.234;26.74;22.162;21.067;4.5781;1.0946;0.1712;0.0409;0.7879;34.506;0.7395;0
11/12/21 11:00;77.067;-22.13;11.965;85.056;4.944;-90;-4.944;1105.2;182.4;922.81;22.8;0.9401;0;926.25;59.755;122.99;0;0.4318;1109.4;0;1109.4;926.25;122.99;59.755;0.4318;0.8349;0.0543;0;0.0004;1108.9;0.4988;0;0;0.1379;0.3609;1103.7;3.0461;0.382;0.0507;2.5975;0.0158;1106.7;2.2179;1.8525;0.246;0.1192;0.0001;1103.7;924.02;122.7;56.901;0.0549;650.32;515.71;215.62;0.0006;7.3107;105.16;0.0394;112.47;0;1;0;0;1.0038;0.9996;1;1;0.9977;0.1641;0.9972;0.9996;1;0.9563;0.7766;0.998;0.998;1;0.998;0.998;0.9948;0.9522;0.1272;3.3316;3.546;0.0213;0.0088;0.5498;0.0208;0.0736;0.0176;0;0;0.088;0;2.6312;0;0;0;0;0;0;0;0;0;0;0;0;0.0593;0.0268;2.7679;2.7679;0;69.099;69.099;46.298;0.0419;3047.7;908.2;1;0.0487;0.0487;0;0;0;0;0;0;2.7192;2.6312;0;15.827;18.327;15.045;17.422;98.241;98.241;26.626;22.121;21.029;4.5051;1.0925;0.1692;0.041;0.7898;35.484;0.7374;0
11/12/21 12:00;75.227;37.646;11.648;80.85;9.15;90;9.15;1098.7;181.3;917.41;23.37;1.39;0;929.23;58.877;123.62;0;1.468;1113.2;0;1113.2;929.23;123.62;58.877;1.468;0.8347;0.0542;0;0.0013;1111.6;1.5947;0;0;0.3689;1.2259;1106.5;2.8933;0.3731;0.0496;2.4162;0.0544;1109.4;2.2232;1.8585;0.2472;0.117;0.0005;1106.7;927;123.32;55.975;0.1872;642.69;509.65;212.34;0.0124;7.2746;104.64;0.2651;111.9;0;1;0;0;1.0132;0.9986;1;1;0.9937;0.1649;0.9974;0.9996;1;0.9586;0.7749;0.998;0.998;1;0.998;0.998;0.994;0.9507;0.1276;3.3429;3.554;0.0214;0.009;0.5602;0.0207;0.0736;0.0174;0;0;0.088;0;2.6289;0;0;0;0;0;0;0;0;0;0;0;0;0.0592;0.0269;2.7655;2.7655;0;69.814;69.814;46.444;0.042;3054.7;905.31;1;0.0486;0.0486;0;0;0;0;0;0;2.7169;2.6289;0;15.759;18.249;14.981;17.348;98.244;98.244;26.717;22.102;21.011;4.6147;1.0913;0.1727;0.0408;0.7864;35.222;0.7347;0
11/12/21 13:00;65.326;67.326;9.2606;67.029;22.971;90;22.971;1025.7;169.2;856.5;23.99;1.8499;0;930.28;53.822;122.9;0;8.5406;1115.5;0;1115.5;930.28;122.9;53.822;8.5406;0.8339;0.0559;0;0.0077;1106.7;8.8277;0;0;1.5633;7.2644;1102.1;2.3654;0.297;0.0392;1.7591;0.2701;1104.5;2.2134;1.8606;0.2458;0.1045;0.0026;1104.2;928.12;122.62;50.395;1.0035;571.5;453.2;193.81;0.3204;6.1643;88.671;2.0816;94.515;0;1;0;0;1.0876;0.9921;1;1;0.971;0.1494;0.9979;0.9997;1;0.9663;0.7879;0.998;0.998;1;0.998;0.998;0.988;0.9363;0.1175;3.35;3.5127;0.0211;0.0081;0.5596;0.0205;0.0726;0.0148;0;0;0.088;0;2.5955;0;0;0;0;0;0;0;0;0;0;0;0;0.0585;0.0264;2.7312;2.7312;0;70.269;70.269;46.279;0.042;3020.8;904.13;1;0.0477;0.0477;0;0;0;0;0;0;2.6835;2.5955;0;15.531;17.985;14.76;17.091;98.253;98.253;26.773;21.828;20.743;4.945;1.0846;0.1847;0.0405;0.7748;33.959;0.7313;0
11/12/21 14:00;53.502;81.573;5.0009;53.799;36.201;90;36.201;891.09;155.2;735.89;24.6;2.2399;0;911.94;49.146;124.92;0;18.063;1104.1;0;1104.1;911.94;124.92;49.146;18.063;0.826;0.0609;0;0.0164;1084.8;19.291;0;0;2.9436;16.348;1080.7;1.8902;0.1572;0.0215;1.4878;0.2236;1082.6;2.1696;1.8239;0.2498;0.0924;0.0034;1085.7;909.96;124.65;44.622;1.4883;445.19;353.04;151.95;1.4261;4.8151;69.263;4.9543;72.652;0;1;0;0;1.239;0.9825;1;1;0.9401;0.095;0.9983;0.9998;1;0.9677;0.8694;0.998;0.998;1;0.998;0.998;0.9789;0.908;0.0824;3.3155;3.416;0.0206;0.006;0.541;0.0199;0.0707;0.0115;0;0;0.088;0;2.53;0;0;0;0;0;0;0;0;0;0;0;0;0.0569;0.025;2.6642;2.6642;0;69.967;69.967;45.366;0.042;2939.5;906.35;1;0.0462;0.0462;0;0;0;0;0;0;2.618;2.53;0;15.308;17.726;14.537;16.833;98.267;98.267;26.498;21.292;20.22;5.2053;1.0724;0.1964;0.0405;0.7631;33.923;0.7289;0
11/12/21 15:00;41.27;91.093;0.8212;41.275;48.725;90;48.725;709.91;146.5;563.4;25.24;2.5599;0;854.06;47.896;134.59;0;25.368;1061.9;0;1061.9;854.06;134.59;47.896;25.368;0.8043;0.069;0;0.0239;1033.7;28.189;0;0;4.4665;23.722;1030.1;1.5327;0.0242;0.0038;1.4297;0.075;1031.7;2.0674;1.7081;0.2692;0.0869;0.0033;1036;852.33;134.32;41.913;1.5669;283.47;224.79;93.61;3.8568;3.462;49.8;5.8382;49.405;0;1;0;0;1.4958;0.9735;1;1;0.9067;0.0649;0.9985;1;1;0.967;0.9543;0.998;0.998;1;0.998;0.998;0.9701;0.8751;0.0618;3.1889;3.2252;0.0194;0.0027;0.4936;0.019;0.0673;0.0084;0;0;0.088;0;2.4069;0;0;0;0;0;0;0;0;0;0;0;0;0.0542;0.0224;2.5383;2.5383;0;68.423;68.423;43.183;0.0419;2776.5;914.19;1;0.0434;0.0434;0;0;0;0;0;0;2.4949;2.4069;0;15.163;17.559;14.378;16.65;98.29;98.29;25.486;20.286;19.236;5.2;1.0502;0.204;0.0412;0.7548;36.925;0.7292;0
11/12/21 16:00;29.061;98.995;7.8807;29.363;60;90;60;485.59;154.6;330.99;25.72;2.76;0;674.99;59.889;152.43;0;25.494;912.8;0;912.8;674.99;152.43;59.889;25.494;0.7395;0.0935;0;0.0279;881.33;31.466;0;0;7.5528;23.913;877.39;2.1794;0.1834;0.0414;1.8471;0.1075;879.57;1.7627;1.35;0.3049;0.1047;0.0032;881.8;673.45;152.08;50.385;1.4701;118.39;93.883;41.745;10.019;1.8202;26.183;4.4149;17.984;0;1;0;0;1.8798;0.9655;1;1;0.8739;0.062;0.9975;0.9997;1;0.9646;0.9319;0.998;0.998;1;0.998;0.998;0.9612;0.8413;0.0577;2.7411;2.7111;0.0163;-0.0019;0.3569;0.0164;0.0581;0.0045;0;0;0.088;0;2.074;0;0;0;0;0;0;0;0;0;0;0;0;0.0468;0.0161;2.1979;2.1979;0;62.311;62.311;36.591;0.0417;2336.2;940.82;1;0.0359;0.0359;0;0;0;0;0;0;2.162;2.074;0;15.275;17.688;14.414;16.691;98.367;98.367;21.907;17.566;16.576;4.3414;0.9901;0.1982;0.0452;0.7566;52.138;0.7407;0
11/12/21 17:00;17.104;106.5;44.496;17.794;30.035;90;30.035;259.6;142.9;116.7;25.37;2.19;0;283.03;95.775;97.568;0;3.6601;480.03;0;480.03;283.03;97.568;95.775;3.6601;0.5896;0.2071;0;0.0076;472.54;7.4899;0;0;4.2724;3.2175;464.93;6.6663;2.6874;0.9264;2.974;0.0786;471.59;0.9451;0.5661;0.1951;0.183;0.0009;465.4;279.77;96.446;88.345;0.3631;63.91;50.681;20.958;1.4569;0.8282;11.914;0.4683;11.285;0;1;0;0;1.8491;0.9844;1;1;0.9554;0.1209;0.9859;0.9905;1;0.9674;0.8221;0.998;0.998;1;0.998;0.998;0.9685;0.9224;0.0992;1.4415;1.4268;0.0086;0.0073;0.0989;0.0092;0.0326;0.0022;0;0;0.088;0;1.1299;0;0;0;0;0;0;0;0;0;0;0;0;0.0262;0.0049;1.237;1.237;0;44.51;44.51;19.14;0.0412;1228.2;1007.1;1;0.0191;0.0191;0;0;0;0;0;0;1.2179;1.1299;0;16.347;18.929;14.932;17.29;98.458;98.458;11.521;9.8858;9.03;1.6349;0.8557;0.1419;0.0743;0.7838;63.141;0.7695;0
11/12/21 18:00;5.6115;114.31;76.282;6.1532;8.9145;90;8.9145;51.2;49.597;1.6035;23.93;2.18;0;3.8889;48.724;1.3995;0;0.0649;54.077;0;54.077;3.8889;1.3995;48.724;0.0649;0.0719;0.9022;0;0.0012;53.73;0.3466;0;0;0.2923;0.0542;50.49;3.1331;0.8265;0.2974;2.0068;0.0024;53.623;0.1075;0.0078;0.0028;0.0969;0;50.499;3.0546;1.0993;46.328;0.0083;29.144;23.111;9.2024;0.009;0.3581;5.1518;0.0096;5.5009;0;1;0;0;1.0562;0.9936;1;1;0.994;0.1649;0.9416;0.7871;1;0.9585;0.775;0.998;0.998;1;0.998;0.998;0.9337;0.9508;0.1275;0.1624;0.163;0.001;0.014;0.0006;0.001;0.0037;0.0009;0;0;0.088;0;0.0453;0;0;0;0;0;0;0;0;0;0;0;0;0.0029;0.0001;0.1387;0.1387;0;26.018;26.018;2.0875;0.0413;137.85;1005.9;1;0.0054;0.0054;0;0;0;0;0;0;0.1333;0.0453;0;16.267;18.836;5.3139;6.1534;96.129;96.129;1.2978;1.1082;0.362;0.1896;0.7462;0.1461;0.5749;0.2789;29.133;0.2604;0
11/12/21 19:00;0.1174;118.49;89.715;0.1336;0.1904;90;0.1904;0;0;0;19.41;2.11;0;0;0;0;0;0;0;0;0;0;0;0;0;1;1;1;1;0;0;0;0;0;0;0;0;0;0;0;0;0;0;0;0;0;0;0;0;0;0;0;0;0;0;0;0;0;0;0;0;0;0;0;1;1;1;1;1;1;1;1;1;1;1;1;1;1;1;1;1;1;1;0;0;0;0;0;0;0;0;0;0.0004;0.088;0;-0.0884;0;0;0;0;0;0;0;0;0;0;0;0;0;0;0;0;0;0;0;-19.41;0;0;0;0;0.0004;0;0;0;0;0;0;0;-0.0004;-0.0884;0;0;0;0;0;0;0;0;0;-0.7063;0;0.7063;1;1;0;0;0;0
11/12/21 20:00;0;0;90;0;0;90;0;0;0;0;18.71;1.9801;0;0;0;0;0;0;0;0;0;0;0;0;0;1;1;1;1;0;0;0;0;0;0;0;0;0;0;0;0;0;0;0;0;0;0;0;0;0;0;0;0;0;0;0;0;0;0;0;0;0;0;0;1;1;1;1;1;1;1;1;1;1;1;1;1;1;1;1;1;1;1;0;0;0;0;0;0;0;0;0;0.0004;0.088;0;-0.0884;0;0;0;0;0;0;0;0;0;0;0;0;0;0;0;0;0;0;0;-18.71;0;0;0;0;0.0004;0;0;0;0;0;0;0;-0.0004;-0.0884;0;0;0;0;0;0;0;0;0;-0.7063;0;0.7063;1;1;0;0;0;0
11/12/21 21:00;0;0;90;0;0;90;0;0;0;0;18.27;2.36;0;0;0;0;0;0;0;0;0;0;0;0;0;1;1;1;1;0;0;0;0;0;0;0;0;0;0;0;0;0;0;0;0;0;0;0;0;0;0;0;0;0;0;0;0;0;0;0;0;0;0;0;1;1;1;1;1;1;1;1;1;1;1;1;1;1;1;1;1;1;1;0;0;0;0;0;0;0;0;0;0.0004;0.088;0;-0.0884;0;0;0;0;0;0;0;0;0;0;0;0;0;0;0;0;0;0;0;-18.27;0;0;0;0;0.0004;0;0;0;0;0;0;0;-0.0004;-0.0884;0;0;0;0;0;0;0;0;0;-0.7063;0;0.7063;1;1;0;0;0;0
11/12/21 22:00;0;0;90;0;0;90;0;0;0;0;17.13;3.93;0;0;0;0;0;0;0;0;0;0;0;0;0;1;1;1;1;0;0;0;0;0;0;0;0;0;0;0;0;0;0;0;0;0;0;0;0;0;0;0;0;0;0;0;0;0;0;0;0;0;0;0;1;1;1;1;1;1;1;1;1;1;1;1;1;1;1;1;1;1;1;0;0;0;0;0;0;0;0;0;0.0004;0.088;0;-0.0884;0;0;0;0;0;0;0;0;0;0;0;0;0;0;0;0;0;0;0;-17.13;0;0;0;0;0.0004;0;0;0;0;0;0;0;-0.0004;-0.0884;0;0;0;0;0;0;0;0;0;-0.7063;0;0.7063;1;1;0;0;0;0
11/12/21 23:00;0;0;90;0;0;90;0;0;0;0;16.31;5.29;0;0;0;0;0;0;0;0;0;0;0;0;0;1;1;1;1;0;0;0;0;0;0;0;0;0;0;0;0;0;0;0;0;0;0;0;0;0;0;0;0;0;0;0;0;0;0;0;0;0;0;0;1;1;1;1;1;1;1;1;1;1;1;1;1;1;1;1;1;1;1;0;0;0;0;0;0;0;0;0;0.0004;0.088;0;-0.0884;0;0;0;0;0;0;0;0;0;0;0;0;0;0;0;0;0;0;0;-16.31;0;0;0;0;0.0004;0;0;0;0;0;0;0;-0.0004;-0.0884;0;0;0;0;0;0;0;0;0;-0.7063;0;0.7063;1;1;0;0;0;0
12/12/21 00:00;0;0;90;0;0;90;0;0;0;0;15.25;5.8901;0;0;0;0;0;0;0;0;0;0;0;0;0;1;1;1;1;0;0;0;0;0;0;0;0;0;0;0;0;0;0;0;0;0;0;0;0;0;0;0;0;0;0;0;0;0;0;0;0;0;0;0;1;1;1;1;1;1;1;1;1;1;1;1;1;1;1;1;1;1;1;0;0;0;0;0;0;0;0;0;0.0004;0.088;0;-0.0884;0;0;0;0;0;0;0;0;0;0;0;0;0;0;0;0;0;0;0;-15.25;0;0;0;0;0.0004;0;0;0;0;0;0;0;-0.0004;-0.0884;0;0;0;0;0;0;0;0;0;-0.7063;0;0.7063;1;1;0;0;0;0
12/12/21 01:00;0;0;90;0;0;90;0;0;0;0;14;5.6501;0;0;0;0;0;0;0;0;0;0;0;0;0;1;1;1;1;0;0;0;0;0;0;0;0;0;0;0;0;0;0;0;0;0;0;0;0;0;0;0;0;0;0;0;0;0;0;0;0;0;0;0;1;1;1;1;1;1;1;1;1;1;1;1;1;1;1;1;1;1;1;0;0;0;0;0;0;0;0;0;0.0004;0.088;0;-0.0884;0;0;0;0;0;0;0;0;0;0;0;0;0;0;0;0;0;0;0;-14;0;0;0;0;0.0004;0;0;0;0;0;0;0;-0.0004;-0.0884;0;0;0;0;0;0;0;0;0;-0.7063;0;0.7063;1;1;0;0;0;0
12/12/21 02:00;0;0;90;0;0;90;0;0;0;0;13.4;4.99;0;0;0;0;0;0;0;0;0;0;0;0;0;1;1;1;1;0;0;0;0;0;0;0;0;0;0;0;0;0;0;0;0;0;0;0;0;0;0;0;0;0;0;0;0;0;0;0;0;0;0;0;1;1;1;1;1;1;1;1;1;1;1;1;1;1;1;1;1;1;1;0;0;0;0;0;0;0;0;0;0.0004;0.088;0;-0.0884;0;0;0;0;0;0;0;0;0;0;0;0;0;0;0;0;0;0;0;-13.4;0;0;0;0;0.0004;0;0;0;0;0;0;0;-0.0004;-0.0884;0;0;0;0;0;0;0;0;0;-0.7063;0;0.7063;1;1;0;0;0;0
12/12/21 03:00;0;0;90;0;0;90;0;0;0;0;12.8;4.7601;0;0;0;0;0;0;0;0;0;0;0;0;0;1;1;1;1;0;0;0;0;0;0;0;0;0;0;0;0;0;0;0;0;0;0;0;0;0;0;0;0;0;0;0;0;0;0;0;0;0;0;0;1;1;1;1;1;1;1;1;1;1;1;1;1;1;1;1;1;1;1;0;0;0;0;0;0;0;0;0;0.0004;0.088;0;-0.0884;0;0;0;0;0;0;0;0;0;0;0;0;0;0;0;0;0;0;0;-12.8;0;0;0;0;0.0004;0;0;0;0;0;0;0;-0.0004;-0.0884;0;0;0;0;0;0;0;0;0;-0.7063;0;0.7063;1;1;0;0;0;0
12/12/21 04:00;1.6999;-117.34;85.874;1.9135;2.7314;-90;-2.7314;0.0977;0.0977;0;12.5;5.04;0;0;0.0976;0;0;0;0.0976;0.0976;0;0;0;0;0;1;1;1;1;0;0;0;0;0;0;0;0;0;0;0;0;0;0;0;0;0;0;0;0;0;0;0;0;0;0;0;0;0;0;0;0;0;0;0;0;1;1;1;1;1;1;1;1;1;1;1;1;1;0;0;1;0;0;0;0;0;0;0;0;0;0;0;0.0004;0.088;0;-0.0884;0;0;0;0;0;0;0;0;0;0;0;0;0;0;0;0;0;0;0;-12.5;0;0;0;0;0.0004;0;0;0;0;0;0;0;-0.0004;-0.0884;0;0;0;0;0;0;0;0;0;-0.7063;0;0.7063;1;1;0;0;0;0
12/12/21 05:00;8.9445;-112.03;67.847;9.6362;14.316;-90;-14.316;120;22.297;97.704;14.11;5.5099;0;236.96;12.165;24.107;0;0.3913;273.62;0;273.62;236.96;24.107;12.165;0.3913;0.866;0.0459;0;0.0014;273.14;0.4872;0;0;0.161;0.3262;249.9;22.693;20.17;2.052;0.4567;0.0146;272.59;0.5463;0.4739;0.0482;0.024;0.0001;249.91;216.32;22.007;11.524;0.0503;7.9129;6.2749;2.6148;0.0134;0.0904;1.3004;0.0086;1.3774;0;1;0;0;2.2802;0.9982;1;1;0.9868;0.1662;0.9167;0.9147;1;0.9619;0.7756;0.998;0.998;1;0.998;0.998;0.9133;0.9473;0.1286;0.8217;0.7554;0.0045;0.0164;-0.002;0.0052;0.0183;0.0003;0;0;0.088;0;0.5964;0;0;0;0;0;0;0;0;0;0;0;0;0.0147;0.0016;0.6965;0.6965;0;24.264;24.264;10.154;0.0406;647.12;1076.3;1;0.0121;0.0121;0;0;0;0;0;0;0.6844;0.5964;0;16.147;18.698;13.827;16.011;98.266;98.266;6.567;5.5663;4.7664;1.0007;0.7998;0.1524;0.1218;0.7258;7.3855;0.7232;0
12/12/21 06:00;20.592;-104.38;31.461;21.199;40.085;-90;-40.085;331.99;58.597;273.39;16.19;5.39;0;663.06;23.198;78.365;0;8.1889;772.81;0;772.81;663.06;78.365;23.198;8.1889;0.858;0.0406;0;0.0106;763.67;9.1389;0;0;1.6241;7.5147;759.99;2.1563;1.251;0.1479;0.6969;0.0605;762.14;1.5273;1.3261;0.1567;0.0431;0.0013;760.22;660.48;78.061;20.833;0.6123;18.034;14.301;6.5128;0.9538;0.2301;3.3094;0.229;2.5856;0;1;0;0;2.3278;0.9882;1;1;0.93;0.0823;0.9972;0.9981;1;0.9676;0.9101;0.998;0.998;1;0.998;0.998;0.9834;0.8981;0.0748;2.3207;2.2967;0.0138;-0.0016;0.1813;0.0147;0.0522;0.0006;0;0;0.088;0;1.8613;0;0;0;0;0;0;0;0;0;0;0;0;0.042;0.0118;1.9818;1.9818;0;47.5;47.5;31.311;0.0412;1978.3;1001.8;1;0.0325;0.0325;0;0;0;0;0;0;1.9493;1.8613;0;16.268;18.837;15.278;17.692;98.36;98.36;18.547;15.838;14.875;2.709;0.963;0.1461;0.0519;0.802;16.536;0.7995;0
12/12/21 07:00;32.641;-96.848;5.7627;32.827;57.173;-90;-57.173;555.29;91.597;463.69;18.55;4.66;0;855.35;27.554;103.05;0;26.698;1012.7;0;1012.7;855.35;103.05;27.554;26.698;0.8447;0.0536;0;0.0264;984.4;28.247;0;0;3.2335;25.014;981.32;1.1149;0.1699;0.0205;0.8394;0.0851;982.44;1.9688;1.7107;0.2061;0.0486;0.0034;985.95;853.47;102.82;23.432;1.5957;149.55;118.59;49.568;3.8854;1.9347;27.83;4.6287;25.879;0;1;0;0;1.8236;0.9721;1;1;0.8826;0.0631;0.9989;0.9998;1;0.9654;0.9494;0.998;0.998;1;0.998;0.998;0.9691;0.8504;0.0598;3.041;3.0282;0.0182;0.0002;0.3655;0.0185;0.0656;0.0049;0;0;0.088;0;2.3516;0;0;0;0;0;0;0;0;0;0;0;0;0.0529;0.0199;2.4826;2.4826;0;59.377;59.377;40.827;0.0416;2607.1;952.26;1;0.0431;0.0431;0;0;0;0;0;0;2.4396;2.3516;0;15.552;18.009;14.731;17.058;98.265;98.265;24.304;19.841;18.794;4.4624;1.0475;0.1836;0.0431;0.7733;23.222;0.7577;0
12/12/21 08:00;44.883;-88.658;0.9508;44.891;45.109;-90;-45.109;761.91;125.7;636.21;20.26;3.4901;0;901.45;38.641;113.91;0;23.54;1077.5;0;1077.5;901.45;113.91;38.641;23.54;0.8366;0.0577;0;0.0218;1052.5;25.059;0;0;3.2154;21.844;1049.1;1.2864;0.0295;0.0037;1.1528;0.1004;1050.4;2.105;1.8029;0.2278;0.0709;0.0034;1055;899.62;113.68;34.202;1.5923;328.78;260.73;108.89;2.3854;3.859;55.511;5.8531;56.984;0;1;0;0;1.4143;0.9767;1;1;0.9168;0.0721;0.9988;1;1;0.9674;0.9407;0.998;0.998;1;0.998;0.998;0.9736;0.8851;0.0676;3.2359;3.2944;0.0198;0.0038;0.4522;0.0197;0.07;0.0095;0;0;0.088;0;2.5054;0;0;0;0;0;0;0;0;0;0;0;0;0.0563;0.0233;2.6397;2.6397;0;64.082;64.082;43.822;0.0418;2834;931.46;1;0.0463;0.0463;0;0;0;0;0;0;2.5934;2.5054;0;15.54;17.995;14.75;17.08;98.246;98.246;25.861;21.097;20.023;4.7645;1.0734;0.1842;0.0415;0.7743;28.787;0.7455;0
12/12/21 09:00;57.061;-78.265;6.3492;57.611;32.389;-90;-32.389;927.19;153;774.19;21.79;2.0799;0;916.82;48.765;118.57;0;15.146;1099.3;0;1099.3;916.82;118.57;48.765;15.146;0.834;0.0581;0;0.0138;1083.4;15.879;0;0;2.4478;13.431;1079.3;1.9979;0.2007;0.026;1.4968;0.2744;1081.3;2.1668;1.8336;0.2371;0.0926;0.0034;1083.5;914.78;118.31;44.727;1.4364;482.18;382.37;162.4;0.966;5.3192;76.515;4.1973;80.868;0;1;0;0;1.1856;0.9856;1;1;0.9498;0.1132;0.9982;0.9998;1;0.9676;0.8396;0.998;0.998;1;0.998;0.998;0.9818;0.9172;0.0948;3.3012;3.4245;0.0206;0.0062;0.5053;0.0202;0.0718;0.0129;0;0;0.088;0;2.569;0;0;0;0;0;0;0;0;0;0;0;0;0.0578;0.0251;2.7045;2.7045;0;66.982;66.982;45.192;0.0419;2945.5;918.17;1;0.0475;0.0475;0;0;0;0;0;0;2.657;2.569;0;15.607;18.072;14.825;17.167;98.244;98.244;26.383;21.614;20.532;4.7688;1.0828;0.1808;0.041;0.7782;32.691;0.7397;0
12/12/21 10:00;68.598;-61.312;10.089;71.025;18.975;-90;-18.975;1034.9;170.8;864.1;23.6;0.83;0;913.75;56.763;118.92;0;5.9046;1095.3;0;1095.3;913.75;118.92;56.763;5.9046;0.8342;0.0572;0;0.0054;1089.2;6.1485;0;0;1.2065;4.9419;1084.5;2.5203;0.3178;0.0414;1.9483;0.2129;1087;2.1784;1.8275;0.2378;0.1111;0.0019;1085.9;911.61;118.64;53.497;0.7478;587.95;466.25;194.47;0.1698;6.6514;95.677;1.4349;102.16;0;1;0;0;1.0584;0.9944;1;1;0.9787;0.163;0.9977;0.9997;1;0.9649;0.7784;0.998;0.998;1;0.998;0.998;0.9901;0.9425;0.1267;3.2893;3.4724;0.0209;0.0072;0.5386;0.0203;0.0721;0.016;0;0;0.088;0;2.5779;0;0;0;0;0;0;0;0;0;0;0;0;0.0581;0.0258;2.7133;2.7133;0;69.091;69.091;45.492;0.0419;2985.4;908.85;1;0.0474;0.0474;0;0;0;0;0;0;2.6659;2.5779;0;15.714;18.197;14.93;17.289;98.252;98.252;26.288;21.685;20.603;4.6032;1.0823;0.1751;0.0412;0.7837;35.101;0.7356;0
12/12/21 11:00;77.103;-22.676;11.885;84.955;5.0447;-90;-5.0447;1162;191.7;970.29;24.52;0.34;0;974.07;56.226;135.89;0;0.4726;1166.7;0;1166.7;974.07;135.89;56.226;0.4726;0.8349;0.0486;0;0.0004;1166.1;0.5289;0;0;0.1339;0.395;1160.9;2.9133;0.3991;0.0557;2.4412;0.0173;1163.8;2.3323;1.9481;0.2718;0.1122;0.0002;1160.9;971.72;135.57;53.539;0.0601;683.64;542.12;226.74;0.0006;7.6803;110.48;0.0448;118.16;0;1;0;0;1.004;0.9995;1;1;0.9976;0.1642;0.9975;0.9996;1;0.9564;0.7766;0.998;0.998;1;0.998;0.998;0.9951;0.9522;0.1272;3.5035;3.7295;0.0225;0.0134;0.6353;0.0214;0.0759;0.0181;0;0;0.088;0;2.662;0;0;0;0;0;0;0;0;0;0;0;0;0.0611;0.0295;2.8522;2.8001;0;73.399;73.399;48.879;0.0421;3008.5;930.73;1;0.1022;0.0501;0;0;0.052;0;0;0;2.75;2.662;0;15.226;17.631;14.474;16.761;96.418;98.209;28;22.379;21.275;5.6211;1.104;0.2008;0.0394;0.7598;33.393;0.7095;0
12/12/21 12:00;75.345;37.466;11.584;80.962;9.0381;90;9.0381;1082.9;178.3;904.6;25.85;0.77;0;915.97;59.662;119.75;0;1.4117;1096.8;0;1096.8;915.97;119.75;59.662;1.4117;0.8351;0.0557;0;0.0013;1095.3;1.5452;0;0;0.3662;1.1789;1090.1;2.9185;0.3658;0.0478;2.4526;0.0523;1093.1;2.1905;1.8319;0.2395;0.1186;0.0005;1090.4;913.78;119.46;56.724;0.1801;633.59;502.44;209.31;0.012;7.1731;103.18;0.2532;110.34;0;1;0;0;1.0128;0.9986;1;1;0.9939;0.1649;0.9973;0.9996;1;0.9586;0.775;0.998;0.998;1;0.998;0.998;0.9939;0.9508;0.1275;3.2937;3.5017;0.0211;0.0078;0.5758;0.0203;0.0719;0.0171;0;0;0.088;0;2.5687;0;0;0;0;0;0;0;0;0;0;0;0;0.0579;0.0262;2.7036;2.7036;0;71.678;71.678;45.828;0.042;3010.2;898.15;1;0.0469;0.0469;0;0;0;0;0;0;2.6567;2.5687;0;15.637;18.107;14.857;17.204;98.266;98.266;26.323;21.607;20.529;4.7162;1.0779;0.1792;0.041;0.7799;35.683;0.7286;0
12/12/21 13:00;65.453;67.332;9.2129;67.148;22.852;90;22.852;583.69;445;138.69;25.34;1.1999;0;150.5;381.29;52.232;0;4.8104;588.84;0;588.84;150.5;52.232;381.29;4.8104;0.2556;0.6557;0;0.0082;573.77;15.072;0;0;10.982;4.0895;559.93;12.693;0.0478;0.0166;12.475;0.1529;572.62;1.1475;0.301;0.1045;0.7406;0.0014;561.18;150.16;52.111;357.1;0.5666;344.06;272.84;113.31;2.214;4.0619;58.429;1.2554;60.277;0;1;0;0;1.0088;0.9744;1;1;0.9712;0.1499;0.9778;0.9997;1;0.9662;0.7875;0.998;0.998;1;0.998;0.998;0.9509;0.9365;0.1178;1.7683;1.8134;0.0109;0.0024;0.1503;0.0115;0.041;0.0106;0;0;0.088;0;1.4342;0;0;0;0;0;0;0;0;0;0;0;0;0.033;0.0075;1.5463;1.5463;0;48.447;48.447;23.107;0.0413;1556.2;993.61;1;0.024;0.024;0;0;0;0;0;0;1.5222;1.4342;0;16.658;19.29;15.451;17.892;98.445;98.445;14.132;12.358;11.462;1.7745;0.8954;0.1256;0.0634;0.8111;240.42;0.755;0
12/12/21 14:00;53.628;81.601;4.969;53.922;36.078;90;36.078;921.6;152;769.61;26.46;1.5299;0;952.23;44.243;127.52;0;18.558;1142.5;0;1142.5;952.23;127.52;44.243;18.558;0.8334;0.055;0;0.0162;1123.1;19.422;0;0;2.6358;16.787;1119.1;1.7578;0.1631;0.0218;1.3399;0.2329;1120.9;2.2462;1.9045;0.255;0.0832;0.0035;1124.2;950.16;127.24;40.184;1.5352;460.16;364.91;157.05;1.2695;4.9644;71.412;5.0781;75.107;0;1;0;0;1.2397;0.983;1;1;0.9404;0.0955;0.9984;0.9998;1;0.9677;0.8683;0.998;0.998;1;0.998;0.998;0.9795;0.9083;0.0827;3.4311;3.5365;0.0213;0.0086;0.6058;0.0203;0.072;0.0117;0;0;0.088;0;2.5771;0;0;0;0;0;0;0;0;0;0;0;0;0.058;0.0267;2.712;2.712;0;73.583;73.583;47.123;0.0421;3042.8;891.28;1;0.0469;0.0469;0;0;0;0;0;0;2.6651;2.5771;0;15.058;17.436;14.309;16.569;98.271;98.271;27.421;21.674;20.596;5.7467;1.0779;0.2096;0.0393;0.7511;30.509;0.7175;0
12/12/21 15:00;41.396;91.119;0.8392;41.401;48.599;90;48.599;717.41;143.2;574.2;26.94;1.7501;0;868.26;45.678;133.39;0;25.511;1072.8;0;1072.8;868.26;133.39;45.678;25.511;0.8093;0.0664;0;0.0238;1044.7;28.097;0;0;4.2437;23.853;1041.2;1.4686;0.0251;0.0039;1.3634;0.0762;1042.7;2.0895;1.7365;0.2668;0.0829;0.0033;1047;866.5;133.12;39.988;1.5786;286.61;227.29;94.665;3.6457;3.4828;50.098;5.8541;49.935;0;1;0;0;1.4954;0.9738;1;1;0.9071;0.065;0.9986;1;1;0.967;0.954;0.998;0.998;1;0.998;0.998;0.9705;0.8754;0.0619;3.2217;3.2592;0.0196;0.0032;0.5252;0.019;0.0673;0.0083;0;0;0.088;0;2.4082;0;0;0;0;0;0;0;0;0;0;0;0;0.0542;0.0229;2.5394;2.5394;0;70.669;70.669;43.729;0.042;2806.5;904.83;1;0.0432;0.0432;0;0;0;0;0;0;2.4962;2.4082;0;15.015;17.387;14.24;16.489;98.299;98.299;25.748;20.295;19.246;5.4533;1.0484;0.2118;0.0407;0.7475;35.172;0.7222;0
12/12/21 16:00;29.187;99.014;7.8783;29.491;60;90;60;491;151.9;339.11;27.01;1.8301;0;688.81;57.726;152.2;0;25.778;924.51;0;924.51;688.81;152.2;57.726;25.778;0.7451;0.0903;0;0.0279;893.05;31.459;0;0;7.28;24.179;889.15;2.1175;0.1871;0.0413;1.7804;0.1086;891.26;1.7861;1.3776;0.3044;0.1009;0.0032;893.55;687.24;151.85;48.565;1.4864;119.22;94.545;42.165;9.6572;1.7968;25.846;4.4046;17.985;0;1;0;0;1.8829;0.966;1;1;0.8739;0.062;0.9976;0.9997;1;0.9646;0.9319;0.998;0.998;1;0.998;0.998;0.9617;0.8413;0.0577;2.7763;2.7458;0.0165;-0.0018;0.3796;0.0165;0.0584;0.0044;0;0;0.088;0;2.0847;0;0;0;0;0;0;0;0;0;0;0;0;0.047;0.0165;2.2087;2.2087;0;64.148;64.148;37.138;0.0418;2365.6;933.65;1;0.036;0.036;0;0;0;0;0;0;2.1727;2.0847;0;15.155;17.549;14.304;16.564;98.371;98.371;22.188;17.652;16.661;4.5365;0.9909;0.2045;0.0447;0.7509;50.254;0.7355;0
12/12/21 17:00;17.231;106.51;44.075;17.926;30.359;90;30.359;259.79;144.7;115.09;26.86;1.5199;0;279.13;97.632;96.724;0;3.7405;477.22;0;477.22;279.13;96.724;97.632;3.7405;0.5849;0.2124;0;0.0078;469.5;7.7236;0;0;4.4302;3.2934;461.98;6.5812;2.5818;0.8946;3.0263;0.0785;468.56;0.939;0.5583;0.1934;0.1864;0.0009;462.45;275.99;95.636;89.989;0.3678;65.269;51.759;21.926;1.5414;0.8154;11.729;0.4678;11.003;0;1;0;0;1.837;0.9838;1;1;0.9546;0.1195;0.986;0.9907;1;0.9675;0.8241;0.998;0.998;1;0.998;0.998;0.9681;0.9217;0.0983;1.4331;1.4176;0.0085;0.0075;0.1054;0.0091;0.0322;0.0021;0;0;0.088;0;1.1153;0;0;0;0;0;0;0;0;0;0;0;0;0.0259;0.0048;1.2221;1.2221;0;45.901;45.901;19.042;0.0412;1220.4;1001.4;1;0.0188;0.0188;0;0;0;0;0;0;1.2033;1.1153;0;16.245;18.811;14.825;17.167;98.465;98.465;11.453;9.7667;8.9134;1.6867;0.8532;0.1473;0.0745;0.7782;64.51;0.7642;0
12/12/21 18:00;5.7387;114.31;75.965;6.2925;9.1233;90;9.1233;50.009;48.699;1.3097;25.89;1.6899;0;3.1765;47.941;1.0975;0;0.0664;52.282;0;52.282;3.1765;1.0975;47.941;0.0664;0.0608;0.9183;0;0.0013;51.927;0.3544;0;0;0.2989;0.0555;48.975;2.8486;0.6525;0.2254;1.9682;0.0025;51.823;0.1039;0.0064;0.0022;0.0953;0;48.985;2.5177;0.8698;45.579;0.0085;28.687;22.749;9.0598;0.0097;0.3525;5.0704;0.0101;5.4131;0;1;0;0;1.0455;0.9932;1;1;0.9938;0.1649;0.945;0.7942;1;0.9586;0.7749;0.998;0.998;1;0.998;0.998;0.9368;0.9507;0.1276;0.157;0.1582;0.001;0.0138;0.0017;0.001;0.0035;0.0009;0;0;0.088;0;0.0402;0;0;0;0;0;0;0;0;0;0;0;0;0.0028;0.0001;0.1333;0.1333;0;27.919;27.919;2.029;0.0414;133.81;996.54;1;0.0051;0.0051;0;0;0;0;0;0;0.1282;0.0402;0;16.18;18.736;4.8781;5.6487;96.141;96.141;1.2548;1.0657;0.3213;0.189;0.7444;0.1506;0.5933;0.2561;28.679;0.2387;0
12/12/21 19:00;0.2445;118.48;89.407;0.2782;0.3965;90;0.3965;0;0;0;20.85;1.9801;0;0;0;0;0;0;0;0;0;0;0;0;0;1;1;1;1;0;0;0;0;0;0;0;0;0;0;0;0;0;0;0;0;0;0;0;0;0;0;0;0;0;0;0;0;0;0;0;0;0;0;0;1;1;1;1;1;1;1;1;1;1;1;1;1;1;1;1;1;1;1;0;0;0;0;0;0;0;0;0;0.0004;0.088;0;-0.0884;0;0;0;0;0;0;0;0;0;0;0;0;0;0;0;0;0;0;0;-20.85;0;0;0;0;0.0004;0;0;0;0;0;0;0;-0.0004;-0.0884;0;0;0;0;0;0;0;0;0;-0.7063;0;0.7063;1;1;0;0;0;0
12/12/21 20:00;0;0;90;0;0;90;0;0;0;0;15.83;2.21;0;0;0;0;0;0;0;0;0;0;0;0;0;1;1;1;1;0;0;0;0;0;0;0;0;0;0;0;0;0;0;0;0;0;0;0;0;0;0;0;0;0;0;0;0;0;0;0;0;0;0;0;1;1;1;1;1;1;1;1;1;1;1;1;1;1;1;1;1;1;1;0;0;0;0;0;0;0;0;0;0.0004;0.088;0;-0.0884;0;0;0;0;0;0;0;0;0;0;0;0;0;0;0;0;0;0;0;-15.83;0;0;0;0;0.0004;0;0;0;0;0;0;0;-0.0004;-0.0884;0;0;0;0;0;0;0;0;0;-0.7063;0;0.7063;1;1;0;0;0;0
12/12/21 21:00;0;0;90;0;0;90;0;0;0;0;15.43;2.5301;0;0;0;0;0;0;0;0;0;0;0;0;0;1;1;1;1;0;0;0;0;0;0;0;0;0;0;0;0;0;0;0;0;0;0;0;0;0;0;0;0;0;0;0;0;0;0;0;0;0;0;0;1;1;1;1;1;1;1;1;1;1;1;1;1;1;1;1;1;1;1;0;0;0;0;0;0;0;0;0;0.0004;0.088;0;-0.0884;0;0;0;0;0;0;0;0;0;0;0;0;0;0;0;0;0;0;0;-15.43;0;0;0;0;0.0004;0;0;0;0;0;0;0;-0.0004;-0.0884;0;0;0;0;0;0;0;0;0;-0.7063;0;0.7063;1;1;0;0;0;0
12/12/21 22:00;0;0;90;0;0;90;0;0;0;0;14.16;2.84;0;0;0;0;0;0;0;0;0;0;0;0;0;1;1;1;1;0;0;0;0;0;0;0;0;0;0;0;0;0;0;0;0;0;0;0;0;0;0;0;0;0;0;0;0;0;0;0;0;0;0;0;1;1;1;1;1;1;1;1;1;1;1;1;1;1;1;1;1;1;1;0;0;0;0;0;0;0;0;0;0.0004;0.088;0;-0.0884;0;0;0;0;0;0;0;0;0;0;0;0;0;0;0;0;0;0;0;-14.16;0;0;0;0;0.0004;0;0;0;0;0;0;0;-0.0004;-0.0884;0;0;0;0;0;0;0;0;0;-0.7063;0;0.7063;1;1;0;0;0;0
12/12/21 23:00;0;0;90;0;0;90;0;0;0;0;13.33;3.14;0;0;0;0;0;0;0;0;0;0;0;0;0;1;1;1;1;0;0;0;0;0;0;0;0;0;0;0;0;0;0;0;0;0;0;0;0;0;0;0;0;0;0;0;0;0;0;0;0;0;0;0;1;1;1;1;1;1;1;1;1;1;1;1;1;1;1;1;1;1;1;0;0;0;0;0;0;0;0;0;0.0004;0.088;0;-0.0884;0;0;0;0;0;0;0;0;0;0;0;0;0;0;0;0;0;0;0;-13.33;0;0;0;0;0.0004;0;0;0;0;0;0;0;-0.0004;-0.0884;0;0;0;0;0;0;0;0;0;-0.7063;0;0.7063;1;1;0;0;0;0
13/12/21 00:00;0;0;90;0;0;90;0;0;0;0;15.77;3.6799;0;0;0;0;0;0;0;0;0;0;0;0;0;1;1;1;1;0;0;0;0;0;0;0;0;0;0;0;0;0;0;0;0;0;0;0;0;0;0;0;0;0;0;0;0;0;0;0;0;0;0;0;1;1;1;1;1;1;1;1;1;1;1;1;1;1;1;1;1;1;1;0;0;0;0;0;0;0;0;0;0.0004;0.088;0;-0.0884;0;0;0;0;0;0;0;0;0;0;0;0;0;0;0;0;0;0;0;-15.77;0;0;0;0;0.0004;0;0;0;0;0;0;0;-0.0004;-0.0884;0;0;0;0;0;0;0;0;0;-0.7063;0;0.7063;1;1;0;0;0;0
13/12/21 01:00;0;0;90;0;0;90;0;0;0;0;14.16;4.0699;0;0;0;0;0;0;0;0;0;0;0;0;0;1;1;1;1;0;0;0;0;0;0;0;0;0;0;0;0;0;0;0;0;0;0;0;0;0;0;0;0;0;0;0;0;0;0;0;0;0;0;0;1;1;1;1;1;1;1;1;1;1;1;1;1;1;1;1;1;1;1;0;0;0;0;0;0;0;0;0;0.0004;0.088;0;-0.0884;0;0;0;0;0;0;0;0;0;0;0;0;0;0;0;0;0;0;0;-14.16;0;0;0;0;0.0004;0;0;0;0;0;0;0;-0.0004;-0.0884;0;0;0;0;0;0;0;0;0;-0.7063;0;0.7063;1;1;0;0;0;0
13/12/21 02:00;0;0;90;0;0;90;0;0;0;0;12.66;4.27;0;0;0;0;0;0;0;0;0;0;0;0;0;1;1;1;1;0;0;0;0;0;0;0;0;0;0;0;0;0;0;0;0;0;0;0;0;0;0;0;0;0;0;0;0;0;0;0;0;0;0;0;1;1;1;1;1;1;1;1;1;1;1;1;1;1;1;1;1;1;1;0;0;0;0;0;0;0;0;0;0.0004;0.088;0;-0.0884;0;0;0;0;0;0;0;0;0;0;0;0;0;0;0;0;0;0;0;-12.66;0;0;0;0;0.0004;0;0;0;0;0;0;0;-0.0004;-0.0884;0;0;0;0;0;0;0;0;0;-0.7063;0;0.7063;1;1;0;0;0;0
13/12/21 03:00;0;0;90;0;0;90;0;0;0;0;11.66;4.36;0;0;0;0;0;0;0;0;0;0;0;0;0;1;1;1;1;0;0;0;0;0;0;0;0;0;0;0;0;0;0;0;0;0;0;0;0;0;0;0;0;0;0;0;0;0;0;0;0;0;0;0;1;1;1;1;1;1;1;1;1;1;1;1;1;1;1;1;1;1;1;0;0;0;0;0;0;0;0;0;0.0004;0.088;0;-0.0884;0;0;0;0;0;0;0;0;0;0;0;0;0;0;0;0;0;0;0;-11.66;0;0;0;0;0.0004;0;0;0;0;0;0;0;-0.0004;-0.0884;0;0;0;0;0;0;0;0;0;-0.7063;0;0.7063;1;1;0;0;0;0
13/12/21 04:00;1.6592;-117.45;85.973;1.8696;2.6687;-90;-2.6687;0.293;0.293;0;11.43;5.0001;0;0;0.2929;0;0;0;0.2929;0.2929;0;0;0;0;0;1;1;1;1;0;0;0;0;0;0;0;0;0;0;0;0;0;0;0;0;0;0;0;0;0;0;0;0;0;0;0;0;0;0;0;0;0;0;0;0;1;1;1;1;1;1;1;1;1;1;1;1;1;0;0;1;0;0;0;0;0;0;0;0;0;0;0;0.0004;0.088;0;-0.0884;0;0;0;0;0;0;0;0;0;0;0;0;0;0;0;0;0;0;0;-11.43;0;0;0;0;0.0004;0;0;0;0;0;0;0;-0.0004;-0.0884;0;0;0;0;0;0;0;0;0;-0.7063;0;0.7063;1;1;0;0;0;0
13/12/21 05:00;8.897;-112.14;67.97;9.5929;14.246;-90;-14.246;120.9;21.399;99.5;13.28;5.13;0;241.32;11.456;23.682;0;0.3904;276.84;0;276.84;241.32;23.682;11.456;0.3904;0.8717;0.0428;0;0.0014;276.37;0.4758;0;0;0.1503;0.3255;252.5;23.313;20.824;2.0436;0.4306;0.0145;275.82;0.5527;0.4826;0.0474;0.0226;0.0001;252.51;220.01;21.591;10.852;0.0502;7.4883;5.9382;2.0387;0.0124;0.1139;1.6378;0.01;1.7392;0;1;0;0;2.2899;0.9983;1;1;0.9869;0.1662;0.9155;0.9135;1;0.9618;0.7756;0.998;0.998;1;0.998;0.998;0.9121;0.9473;0.1286;0.8314;0.764;0.0046;0.0163;-0.004;0.0052;0.0185;0.0003;0;0;0.088;0;0.6062;0;0;0;0;0;0;0;0;0;0;0;0;0.0149;0.0016;0.7064;0.7064;0;23.533;23.533;10.253;0.0406;654.4;1079.5;1;0.0123;0.0123;0;0;0;0;0;0;0.6942;0.6062;0;16.188;18.745;13.89;16.085;98.265;98.265;6.6443;5.6459;4.8447;0.9983;0.8012;0.1503;0.1206;0.7292;6.953;0.7259;0
13/12/21 06:00;20.537;-104.5;31.7;21.153;39.914;-90;-39.914;332.6;57.998;274.6;16.71;4.8501;0;665.98;22.793;78.093;0;8.1368;775;0;775;665.98;78.093;22.793;8.1368;0.8593;0.0399;0;0.0105;765.95;9.0483;0;0;1.5856;7.4628;762.17;2.2544;1.3497;0.1583;0.6849;0.0615;764.42;1.5319;1.332;0.1562;0.0424;0.0013;762.39;663.3;77.779;20.48;0.6112;17.728;14.058;6.4029;0.9236;0.2252;3.2393;0.2225;2.5409;0;1;0;0;2.3302;0.9883;1;1;0.9304;0.0828;0.9971;0.998;1;0.9676;0.9085;0.998;0.998;1;0.998;0.998;0.9834;0.8985;0.0751;2.3273;2.3031;0.0139;-0.0016;0.1869;0.0147;0.0522;0.0006;0;0;0.088;0;1.862;0;0;0;0;0;0;0;0;0;0;0;0;0.0421;0.0118;1.9824;1.9824;0;48.127;48.127;31.417;0.0412;1984.1;999.15;1;0.0325;0.0325;0;0;0;0;0;0;1.95;1.862;0;16.227;18.79;15.241;17.649;98.363;98.363;18.6;15.844;14.881;2.7564;0.9627;0.1482;0.0518;0.8;16.225;0.7976;0
13/12/21 07:00;32.58;-96.977;5.8746;32.774;57.226;-90;-57.226;554.2;91.497;462.7;20.6;3.8901;0;854.75;27.539;103.01;0;26.691;1012;0;1012;854.75;103.01;27.539;26.691;0.8446;0.0536;0;0.0264;983.75;28.243;0;0;3.2361;25.007;980.66;1.1186;0.1731;0.0209;0.8392;0.0855;981.78;1.9675;1.7095;0.206;0.0486;0.0034;985.6;852.87;102.78;23.415;1.5951;148.72;117.93;47.778;3.8961;2.0246;29.123;4.9375;27.251;0;1;0;0;1.8261;0.9721;1;1;0.8825;0.0631;0.9989;0.9998;1;0.9654;0.9491;0.998;0.998;1;0.998;0.998;0.969;0.8503;0.0598;3.039;3.0299;0.0182;0.0002;0.3884;0.0184;0.0651;0.005;0;0;0.088;0;2.3318;0;0;0;0;0;0;0;0;0;0;0;0;0.0524;0.0199;2.4622;2.4622;0;61.47;61.47;40.871;0.0417;2608.1;944.07;1;0.0424;0.0424;0;0;0;0;0;0;2.4198;2.3318;0;15.434;17.873;14.617;16.926;98.28;98.28;24.288;19.678;18.636;4.6099;1.0418;0.1898;0.0429;0.7673;23.224;0.7511;0
13/12/21 08:00;44.821;-88.81;0.8443;44.827;45.173;-90;-45.173;763;125.9;637.1;23.74;1.9901;0;903.72;38.526;114.49;0;23.636;1080.4;0;1080.4;903.72;114.49;38.526;23.636;0.8365;0.0575;0;0.0219;1055.2;25.148;0;0;3.2124;21.936;1051.8;1.279;0.0263;0.0033;1.1493;0.1001;1053.1;2.1104;1.8074;0.229;0.0706;0.0034;1057.7;901.89;114.25;34.093;1.597;328.76;260.7;108.85;2.3898;3.861;55.539;5.8739;57.01;0;1;0;0;1.4159;0.9767;1;1;0.9166;0.0719;0.9988;1;1;0.9674;0.941;0.998;0.998;1;0.998;0.998;0.9736;0.885;0.0676;3.2444;3.3028;0.0199;0.004;0.4978;0.0195;0.069;0.0093;0;0;0.088;0;2.4712;0;0;0;0;0;0;0;0;0;0;0;0;0.0556;0.0235;2.6042;2.6042;0;67.812;67.812;44.072;0.0419;2842.8;916.08;1;0.045;0.045;0;0;0;0;0;0;2.5592;2.4712;0;15.291;17.707;14.51;16.802;98.271;98.271;25.929;20.813;19.75;5.116;1.0632;0.1973;0.041;0.7617;28.718;0.7335;0
13/12/21 09:00;57.004;-78.467;6.2509;57.535;32.465;-90;-32.465;927.09;153;774.09;25.21;0.59;0;917.47;48.714;118.71;0;15.213;1100.1;0;1100.1;917.47;118.71;48.714;15.213;0.834;0.0581;0;0.0138;1084.2;15.95;0;0;2.4543;13.496;1080;1.992;0.1977;0.0256;1.4948;0.2739;1082;2.1683;1.8349;0.2374;0.0925;0.0034;1084.2;915.44;118.45;44.672;1.4396;481.78;382.05;162.28;0.9728;5.3144;76.445;4.2183;80.787;0;1;0;0;1.1866;0.9855;1;1;0.9496;0.1129;0.9982;0.9998;1;0.9676;0.8402;0.998;0.998;1;0.998;0.998;0.9817;0.917;0.0946;3.3036;3.4267;0.0206;0.0063;0.5501;0.0199;0.0707;0.0127;0;0;0.088;0;2.5301;0;0;0;0;0;0;0;0;0;0;0;0;0.057;0.0252;2.6642;2.6642;0;70.568;70.568;45.358;0.042;2948.2;903.68;1;0.0461;0.0461;0;0;0;0;0;0;2.6181;2.5301;0;15.363;17.79;14.589;16.894;98.269;98.269;26.403;21.292;20.22;5.1104;1.0718;0.1936;0.0406;0.7658;32.675;0.728;0
13/12/21 10:00;68.559;-61.634;10.002;70.936;19.064;-90;-19.064;1051.2;173.5;877.69;27.69;1.06;0;928.62;55.887;122.77;0;6.0536;1113.3;0;1113.3;928.62;122.77;55.887;6.0536;0.8341;0.0556;0;0.0054;1107.1;6.2645;0;0;1.1973;5.0673;1102.4;2.4955;0.3202;0.0423;1.915;0.218;1104.9;2.2141;1.8572;0.2455;0.1094;0.002;1103.8;926.45;122.49;52.666;0.7663;596.92;473.36;197.46;0.17;6.751;97.11;1.4731;103.69;0;1;0;0;1.0591;0.9944;1;1;0.9786;0.1629;0.9977;0.9997;1;0.9649;0.7785;0.998;0.998;1;0.998;0.998;0.9901;0.9424;0.1266;3.3434;3.5294;0.0212;0.0084;0.6116;0.0202;0.0717;0.0159;0;0;0.088;0;2.5615;0;0;0;0;0;0;0;0;0;0;0;0;0.0577;0.0266;2.6959;2.6959;0;74.127;74.127;46.437;0.0421;3034.3;888.47;1;0.0464;0.0464;0;0;0;0;0;0;2.6495;2.5615;0;15.361;17.788;14.595;16.901;98.278;98.278;26.72;21.546;20.471;5.1745;1.0743;0.1937;0.0402;0.7661;34.573;0.7192;0
13/12/21 11:00;77.13;-23.218;11.812;84.853;5.1468;-90;-5.1468;1096.4;180.9;915.5;27.92;2.03;0;919.21;60.287;120.98;0;0.4642;1100.9;0;1100.9;919.21;120.98;60.287;0.4642;0.8349;0.0552;0;0.0004;1100.4;0.5361;0;0;0.1482;0.3879;1095.1;3.0549;0.3743;0.0493;2.6144;0.017;1098.2;2.2008;1.8384;0.242;0.1203;0.0002;1095.2;916.99;120.69;57.404;0.0591;645.01;511.5;213.86;0.0008;7.2511;104.3;0.0455;111.55;0;1;0;0;1.0041;0.9995;1;1;0.9975;0.1642;0.9972;0.9996;1;0.9564;0.7765;0.998;0.998;1;0.998;0.998;0.9947;0.9522;0.1273;3.3061;3.5185;0.0212;0.0082;0.6088;0.0202;0.0715;0.0171;0;0;0.088;0;2.5533;0;0;0;0;0;0;0;0;0;0;0;0;0.0576;0.0264;2.6875;2.6875;0;74.049;74.049;46.129;0.0421;3024.4;888.62;1;0.0462;0.0462;0;0;0;0;0;0;2.6413;2.5533;0;15.486;17.932;14.712;17.037;98.28;98.28;26.422;21.479;20.406;4.9436;1.0727;0.1871;0.0406;0.7723;35.81;0.7211;0
13/12/21 12:00;75.458;37.263;11.527;81.074;8.9259;90;8.9259;1085.4;178.7;906.7;28.8;2.9;0;917.82;59.612;120.18;0;1.3801;1099;0;1099;917.82;120.18;59.612;1.3801;0.8351;0.0555;0;0.0013;1097.5;1.511;0;0;0.3584;1.1526;1092.4;2.9184;0.3647;0.0478;2.4548;0.0511;1095.3;2.195;1.8356;0.2404;0.1185;0.0005;1092.6;915.62;119.89;56.68;0.176;635.18;503.7;209.83;0.0114;7.1915;103.45;0.2458;110.63;0;1;0;0;1.0125;0.9986;1;1;0.994;0.1649;0.9973;0.9996;1;0.9585;0.775;0.998;0.998;1;0.998;0.998;0.994;0.9508;0.1275;3.3003;3.5089;0.0211;0.008;0.6173;0.02;0.0711;0.0169;0;0;0.088;0;2.5372;0;0;0;0;0;0;0;0;0;0;0;0;0.0572;0.0263;2.671;2.671;0;74.842;74.842;46.042;0.0421;3016.2;885.54;1;0.0457;0.0457;0;0;0;0;0;0;2.6252;2.5372;0;15.418;17.853;14.645;16.959;98.287;98.287;26.376;21.346;20.277;5.0293;1.0689;0.1907;0.0405;0.7688;35.644;0.7182;0
13/12/21 13:00;65.577;67.322;9.1727;67.267;22.733;90;22.733;1013.2;169.9;843.3;29.51;3.4901;0;914.34;56.026;121.01;0;8.2648;1099.6;0;1099.6;914.34;121.01;56.026;8.2648;0.8315;0.0585;0;0.0075;1091;8.623;0;0;1.6003;7.0227;1086.4;2.4264;0.2891;0.0383;1.8351;0.2639;1088.8;2.182;1.8287;0.242;0.1089;0.0025;1088.4;912.22;120.73;52.482;0.9757;565.41;448.37;191.64;0.3212;6.1057;87.828;2.0097;93.612;0;1;0;0;1.0853;0.9922;1;1;0.9714;0.1503;0.9978;0.9997;1;0.9662;0.7871;0.998;0.998;1;0.998;0.998;0.988;0.9367;0.1181;3.3022;3.4633;0.0208;0.007;0.6156;0.0197;0.07;0.0143;0;0;0.088;0;2.501;0;0;0;0;0;0;0;0;0;0;0;0;0.0564;0.0257;2.6338;2.6338;0;75.319;75.319;45.808;0.0422;2978.6;884.24;1;0.0448;0.0448;0;0;0;0;0;0;2.589;2.501;0;15.194;17.594;14.428;16.707;98.297;98.297;26.391;21.049;19.988;5.3418;1.0617;0.2024;0.0402;0.7574;35.303;0.7146;0
13/12/21 14:00;53.751;81.618;4.9446;54.044;35.956;90;35.956;882.91;159.7;723.21;29.92;3.7499;0;893.43;52.586;125.49;0;17.663;1089.2;0;1089.2;893.43;125.49;52.586;17.663;0.8203;0.0645;0;0.0162;1070.1;19.084;0;0;3.1163;15.968;1066;1.9915;0.1523;0.0214;1.5931;0.2247;1067.9;2.1402;1.7869;0.251;0.0989;0.0034;1070.8;891.49;125.21;47.778;1.4669;442.95;351.26;151.17;1.4904;4.7964;68.994;4.8457;72.3;0;1;0;0;1.2336;0.9825;1;1;0.9407;0.096;0.9981;0.9998;1;0.9677;0.8671;0.998;0.998;1;0.998;0.998;0.9787;0.9086;0.083;3.2708;3.3706;0.0203;0.0052;0.5938;0.0193;0.0683;0.0113;0;0;0.088;0;2.4416;0;0;0;0;0;0;0;0;0;0;0;0;0.055;0.0244;2.5731;2.5731;0;74.847;74.847;44.927;0.0421;2900.9;886.98;1;0.0435;0.0435;0;0;0;0;0;0;2.5296;2.4416;0;14.986;17.354;14.22;16.467;98.309;98.309;26.14;20.564;19.513;5.576;1.0509;0.2133;0.0402;0.7465;36.227;0.7127;0
13/12/21 15:00;41.519;91.135;0.85;41.525;48.475;90;48.475;699.01;157.6;541.41;30.26;3.87;0;816.68;55.127;137.72;0;24.739;1034.3;0;1034.3;816.68;137.72;55.127;24.739;0.7896;0.0772;0;0.0239;1006;28.23;0;0;5.1027;23.127;1002.3;1.7479;0.0239;0.004;1.6453;0.0746;1004;2.0121;1.6334;0.2754;0.1;0.0032;1008;815.02;137.44;48.279;1.5335;283.52;224.83;93.989;4.3598;3.4715;49.936;5.757;49.047;0;1;0;0;1.4796;0.9727;1;1;0.9074;0.0651;0.9983;1;1;0.967;0.9536;0.998;0.998;1;0.998;0.998;0.9691;0.8758;0.062;3.1059;3.1413;0.0189;0.0015;0.5268;0.0182;0.0644;0.0082;0;0;0.088;0;2.3017;0;0;0;0;0;0;0;0;0;0;0;0;0.0519;0.0213;2.4301;2.4301;0;72.414;72.414;42.154;0.0421;2705.3;898.27;1;0.0404;0.0404;0;0;0;0;0;0;2.3897;2.3017;0;14.905;17.26;14.118;16.348;98.336;98.336;24.822;19.422;18.395;5.4005;1.0264;0.2176;0.0414;0.7411;42.396;0.7152;0
13/12/21 16:00;29.31;99.025;7.8712;29.616;60;90;60;484.59;160.2;324.4;30.34;3.7;0;656.41;63.679;152.35;0;25.441;897.88;0;897.88;656.41;152.35;63.679;25.441;0.7311;0.0993;0;0.0283;865.99;31.895;0;0;8.0308;23.864;861.97;2.2907;0.1781;0.0413;1.964;0.1072;864.26;1.732;1.3128;0.3047;0.1113;0.0032;866.45;654.92;152.01;53.573;1.467;123.29;97.77;43.979;10.652;1.8769;26.998;4.4881;18.222;0;1;0;0;1.8529;0.9645;1;1;0.8739;0.062;0.9973;0.9997;1;0.9646;0.9319;0.998;0.998;1;0.998;0.998;0.96;0.8413;0.0577;2.6963;2.6666;0.0161;-0.002;0.3908;0.0158;0.0561;0.0046;0;0;0.088;0;2.0026;0;0;0;0;0;0;0;0;0;0;0;0;0.0452;0.0156;2.1243;2.1243;0;66.411;66.411;36.071;0.0418;2297.6;924.61;1;0.0338;0.0338;0;0;0;0;0;0;2.0906;2.0026;0;15.009;17.38;14.148;16.384;98.41;98.41;21.549;16.978;16.005;4.5714;0.9732;0.2121;0.0452;0.7427;55.437;0.7263;0
13/12/21 17:00;17.355;106.52;43.662;18.054;30.678;90;30.678;261.1;145.8;115.3;30.1;2.5301;0;279.64;98.42;96.945;0;3.8368;478.84;0;478.84;279.64;96.945;98.42;3.8368;0.584;0.2135;0;0.008;470.92;7.9241;0;0;4.5407;3.3834;463.46;6.5165;2.519;0.8733;3.0456;0.0787;469.98;0.9418;0.5593;0.1939;0.1878;0.0009;463.94;276.56;95.878;90.645;0.3739;65.936;52.288;22.177;1.611;0.8255;11.874;0.4844;11.089;0;1;0;0;1.8339;0.9835;1;1;0.9539;0.1182;0.9861;0.991;1;0.9675;0.8262;0.998;0.998;1;0.998;0.998;0.9679;0.921;0.0974;1.438;1.4224;0.0086;0.0074;0.123;0.009;0.0319;0.0021;0;0;0.088;0;1.1036;0;0;0;0;0;0;0;0;0;0;0;0;0.0257;0.0048;1.2099;1.2099;0;49.256;49.256;19.156;0.0413;1224.7;987.93;1;0.0184;0.0184;0;0;0;0;0;0;1.1916;1.1036;0;16.029;18.562;14.62;16.93;98.481;98.481;11.492;9.6699;8.8198;1.8223;0.8502;0.1586;0.074;0.7675;65.176;0.7535;0
13/12/21 18:00;5.8623;114.3;75.658;6.4276;9.3262;90;9.3262;50.009;48.699;1.3097;28.62;2.6299;0;3.1765;47.937;1.0742;0;0.0694;52.257;0;52.257;3.1765;1.0742;47.937;0.0694;0.0608;0.9187;0;0.0013;51.889;0.3679;0;0;0.31;0.058;48.976;2.8092;0.6313;0.2135;1.9618;0.0026;51.785;0.1038;0.0064;0.0021;0.0953;0;48.987;2.5388;0.8586;45.57;0.0089;28.698;22.757;9.0651;0.0106;0.3525;5.0713;0.0107;5.4132;0;1;0;0;1.045;0.993;1;1;0.9935;0.165;0.9458;0.8009;1;0.9587;0.7749;0.998;0.998;1;0.998;0.998;0.9372;0.9506;0.1276;0.1569;0.1582;0.001;0.0138;0.0033;0.001;0.0035;0.0009;0;0;0.088;0;0.0388;0;0;0;0;0;0;0;0;0;0;0;0;0.0028;0.0001;0.1318;0.1318;0;30.654;30.654;2.0338;0.0415;133.85;984.99;1;0.005;0.005;0;0;0;0;0;0;0.1268;0.0388;0;16.004;18.532;4.7144;5.4591;96.207;96.207;1.2542;1.0536;0.3104;0.2005;0.7433;0.1599;0.5926;0.2475;28.689;0.2307;0
13/12/21 19:00;0.1881;118.61;89.544;0.2143;0.3054;90;0.3054;0;0;0;22.86;2.81;0;0;0;0;0;0;0;0;0;0;0;0;0;1;1;1;1;0;0;0;0;0;0;0;0;0;0;0;0;0;0;0;0;0;0;0;0;0;0;0;0;0;0;0;0;0;0;0;0;0;0;0;1;1;1;1;1;1;1;1;1;1;1;1;1;1;1;1;1;1;1;0;0;0;0;0;0;0;0;0;0.0004;0.088;0;-0.0884;0;0;0;0;0;0;0;0;0;0;0;0;0;0;0;0;0;0;0;-22.86;0;0;0;0;0.0004;0;0;0;0;0;0;0;-0.0004;-0.0884;0;0;0;0;0;0;0;0;0;-0.7063;0;0.7063;1;1;0;0;0;0
13/12/21 20:00;0;0;90;0;0;90;0;0;0;0;19.4;2.8799;0;0;0;0;0;0;0;0;0;0;0;0;0;1;1;1;1;0;0;0;0;0;0;0;0;0;0;0;0;0;0;0;0;0;0;0;0;0;0;0;0;0;0;0;0;0;0;0;0;0;0;0;1;1;1;1;1;1;1;1;1;1;1;1;1;1;1;1;1;1;1;0;0;0;0;0;0;0;0;0;0.0004;0.088;0;-0.0884;0;0;0;0;0;0;0;0;0;0;0;0;0;0;0;0;0;0;0;-19.4;0;0;0;0;0.0004;0;0;0;0;0;0;0;-0.0004;-0.0884;0;0;0;0;0;0;0;0;0;-0.7063;0;0.7063;1;1;0;0;0;0
13/12/21 21:00;0;0;90;0;0;90;0;0;0;0;17.95;2.8501;0;0;0;0;0;0;0;0;0;0;0;0;0;1;1;1;1;0;0;0;0;0;0;0;0;0;0;0;0;0;0;0;0;0;0;0;0;0;0;0;0;0;0;0;0;0;0;0;0;0;0;0;1;1;1;1;1;1;1;1;1;1;1;1;1;1;1;1;1;1;1;0;0;0;0;0;0;0;0;0;0.0004;0.088;0;-0.0884;0;0;0;0;0;0;0;0;0;0;0;0;0;0;0;0;0;0;0;-17.95;0;0;0;0;0.0004;0;0;0;0;0;0;0;-0.0004;-0.0884;0;0;0;0;0;0;0;0;0;-0.7063;0;0.7063;1;1;0;0;0;0
13/12/21 22:00;0;0;90;0;0;90;0;0;0;0;16.36;2.7999;0;0;0;0;0;0;0;0;0;0;0;0;0;1;1;1;1;0;0;0;0;0;0;0;0;0;0;0;0;0;0;0;0;0;0;0;0;0;0;0;0;0;0;0;0;0;0;0;0;0;0;0;1;1;1;1;1;1;1;1;1;1;1;1;1;1;1;1;1;1;1;0;0;0;0;0;0;0;0;0;0.0004;0.088;0;-0.0884;0;0;0;0;0;0;0;0;0;0;0;0;0;0;0;0;0;0;0;-16.36;0;0;0;0;0.0004;0;0;0;0;0;0;0;-0.0004;-0.0884;0;0;0;0;0;0;0;0;0;-0.7063;0;0.7063;1;1;0;0;0;0
13/12/21 23:00;0;0;90;0;0;90;0;0;0;0;17.57;2.83;0;0;0;0;0;0;0;0;0;0;0;0;0;1;1;1;1;0;0;0;0;0;0;0;0;0;0;0;0;0;0;0;0;0;0;0;0;0;0;0;0;0;0;0;0;0;0;0;0;0;0;0;1;1;1;1;1;1;1;1;1;1;1;1;1;1;1;1;1;1;1;0;0;0;0;0;0;0;0;0;0.0004;0.088;0;-0.0884;0;0;0;0;0;0;0;0;0;0;0;0;0;0;0;0;0;0;0;-17.57;0;0;0;0;0.0004;0;0;0;0;0;0;0;-0.0004;-0.0884;0;0;0;0;0;0;0;0;0;-0.7063;0;0.7063;1;1;0;0;0;0
14/12/21 00:00;0;0;90;0;0;90;0;0;0;0;17.39;2.9401;0;0;0;0;0;0;0;0;0;0;0;0;0;1;1;1;1;0;0;0;0;0;0;0;0;0;0;0;0;0;0;0;0;0;0;0;0;0;0;0;0;0;0;0;0;0;0;0;0;0;0;0;1;1;1;1;1;1;1;1;1;1;1;1;1;1;1;1;1;1;1;0;0;0;0;0;0;0;0;0;0.0004;0.088;0;-0.0884;0;0;0;0;0;0;0;0;0;0;0;0;0;0;0;0;0;0;0;-17.39;0;0;0;0;0.0004;0;0;0;0;0;0;0;-0.0004;-0.0884;0;0;0;0;0;0;0;0;0;-0.7063;0;0.7063;1;1;0;0;0;0
14/12/21 01:00;0;0;90;0;0;90;0;0;0;0;17.57;3.08;0;0;0;0;0;0;0;0;0;0;0;0;0;1;1;1;1;0;0;0;0;0;0;0;0;0;0;0;0;0;0;0;0;0;0;0;0;0;0;0;0;0;0;0;0;0;0;0;0;0;0;0;1;1;1;1;1;1;1;1;1;1;1;1;1;1;1;1;1;1;1;0;0;0;0;0;0;0;0;0;0.0004;0.088;0;-0.0884;0;0;0;0;0;0;0;0;0;0;0;0;0;0;0;0;0;0;0;-17.57;0;0;0;0;0.0004;0;0;0;0;0;0;0;-0.0004;-0.0884;0;0;0;0;0;0;0;0;0;-0.7063;0;0.7063;1;1;0;0;0;0
14/12/21 02:00;0;0;90;0;0;90;0;0;0;0;17.6;3.2601;0;0;0;0;0;0;0;0;0;0;0;0;0;1;1;1;1;0;0;0;0;0;0;0;0;0;0;0;0;0;0;0;0;0;0;0;0;0;0;0;0;0;0;0;0;0;0;0;0;0;0;0;1;1;1;1;1;1;1;1;1;1;1;1;1;1;1;1;1;1;1;0;0;0;0;0;0;0;0;0;0.0004;0.088;0;-0.0884;0;0;0;0;0;0;0;0;0;0;0;0;0;0;0;0;0;0;0;-17.6;0;0;0;0;0.0004;0;0;0;0;0;0;0;-0.0004;-0.0884;0;0;0;0;0;0;0;0;0;-0.7063;0;0.7063;1;1;0;0;0;0
14/12/21 03:00;0;0;90;0;0;90;0;0;0;0;15.51;3.3599;0;0;0;0;0;0;0;0;0;0;0;0;0;1;1;1;1;0;0;0;0;0;0;0;0;0;0;0;0;0;0;0;0;0;0;0;0;0;0;0;0;0;0;0;0;0;0;0;0;0;0;0;1;1;1;1;1;1;1;1;1;1;1;1;1;1;1;1;1;1;1;0;0;0;0;0;0;0;0;0;0.0004;0.088;0;-0.0884;0;0;0;0;0;0;0;0;0;0;0;0;0;0;0;0;0;0;0;-15.51;0;0;0;0;0.0004;0;0;0;0;0;0;0;-0.0004;-0.0884;0;0;0;0;0;0;0;0;0;-0.7063;0;0.7063;1;1;0;0;0;0
14/12/21 04:00;1.613;-117.57;86.085;1.8195;2.5969;-90;-2.5969;0.7032;0.6983;0.0049;15.14;3.5801;0;0;0.698;0;0;0.0001;0.6981;0.6981;0;0;0;0;0;1;1;1;1;0;0;0;0;0;0;0;0;0;0;0;0;0;0;0;0;0;0;0;0;0;0;0;0;0;0;0;0;0;0;0;0;0;0;0;0;1;1;1;1;1;1;1;1;1;1;1;1;1;0;0;1;0;0;0;0;0;0;0;0;0;0;0;0.0004;0.088;0;-0.0884;0;0;0;0;0;0;0;0;0;0;0;0;0;0;0;0;0;0;0;-15.14;0;0;0;0;0.0004;0;0;0;0;0;0;0;-0.0004;-0.0884;0;0;0;0;0;0;0;0;0;-0.7063;0;0.7063;1;1;0;0;0;0
14/12/21 05:00;8.8444;-112.25;68.106;9.5436;14.166;-90;-14.166;107.6;29.901;77.696;16.43;3.8101;0;188.43;18.894;25.987;0;0.3436;233.66;0;233.66;188.43;25.987;18.894;0.3436;0.8065;0.0823;0;0.0015;233.13;0.5321;0;0;0.2456;0.2865;213.15;19.51;16.509;2.2768;0.7113;0.0128;232.66;0.4663;0.3769;0.052;0.0373;0.0001;213.17;171.55;23.658;17.9;0.0442;11.898;9.4347;3.5037;0.02;0.1637;2.355;0.0143;2.4987;0;1;0;0;2.1716;0.9977;1;1;0.987;0.1662;0.9161;0.9122;1;0.9618;0.7756;0.998;0.998;1;0.998;0.998;0.9122;0.9474;0.1287;0.7017;0.647;0.0039;0.0174;0.0003;0.0044;0.0155;0.0005;0;0;0.088;0;0.4929;0;0;0;0;0;0;0;0;0;0;0;0;0.0125;0.0012;0.5914;0.5914;0;25.108;25.108;8.6781;0.0407;554.05;1067.4;1;0.0105;0.0105;0;0;0;0;0;0;0.5809;0.4929;0;16.056;18.593;13.382;15.496;98.224;98.224;5.6078;4.7266;3.9394;0.8812;0.7872;0.1571;0.1404;0.7025;11.464;0.6972;0
14/12/21 06:00;20.477;-104.61;31.959;21.101;39.725;-90;-39.725;244.81;128.1;116.7;18.75;2.9;0;283.04;86.507;73.501;0;5.9347;448.98;0;448.98;283.04;73.501;86.507;5.9347;0.6304;0.2059;0;0.0132;437.57;11.413;0;0;5.9739;5.439;433.27;3.4229;0.6163;0.1601;2.6003;0.0463;436.7;0.8751;0.5661;0.147;0.1611;0.001;434.14;281.86;73.194;77.772;0.4485;62.198;49.323;21.48;3.4425;0.8672;12.475;0.8635;9.8994;0;1;0;0;1.834;0.9746;1;1;0.9309;0.0835;0.9922;0.9978;1;0.9676;0.9065;0.998;0.998;1;0.998;0.998;0.965;0.899;0.0756;1.3483;1.3339;0.008;0.0087;0.0542;0.0088;0.0314;0.0024;0;0;0.088;0;1.084;0;0;0;0;0;0;0;0;0;0;0;0;0.0252;0.0043;1.1908;1.1908;0;36.473;36.473;17.724;0.0409;1146.8;1038.4;1;0.0189;0.0189;0;0;0;0;0;0;1.172;1.084;0;16.825;19.483;15.315;17.735;98.414;98.414;10.776;9.5173;8.6631;1.2583;0.8542;0.1168;0.0793;0.804;61.478;0.7876;0
14/12/21 07:00;32.516;-97.098;5.9806;32.716;57.284;-90;-57.284;363.7;227;136.7;20.54;0.76;0;252.92;143.31;75.743;0;17.548;489.52;0;489.52;252.92;75.743;143.31;17.548;0.5167;0.3286;0;0.0358;456.22;33.306;0;0;16.865;16.441;450.81;4.4922;0.0521;0.0156;4.3679;0.0565;455.31;0.9124;0.5058;0.1515;0.2529;0.0022;456;252.36;75.576;121.83;1.0487;163.72;129.83;58.651;20.317;2.8771;41.386;5.1902;23.945;0;1;0;0;1.346;0.932;1;1;0.8823;0.0631;0.9901;0.9998;1;0.9654;0.9489;0.998;0.998;1;0.998;0.998;0.9209;0.8501;0.0598;1.47;1.4607;0.0088;0.0069;0.0724;0.0096;0.0341;0.0078;0;0;0.088;0;1.1805;0;0;0;0;0;0;0;0;0;0;0;0;0.0274;0.005;1.2886;1.2886;0;39.016;39.016;18.477;0.041;1254;1027.6;1;0.0202;0.0202;0;0;0;0;0;0;1.2685;1.1805;0;16.699;19.337;15.298;17.714;98.435;98.435;11.749;10.299;9.4344;1.4497;0.8645;0.1234;0.0736;0.803;120.93;0.7552;0
14/12/21 08:00;44.755;-88.952;0.7442;44.76;45.24;-90;-45.24;501.39;298.9;202.5;24.9;1.62;0;287.58;202.74;86.577;0;15.576;592.47;0;592.47;287.58;86.577;202.74;15.576;0.4854;0.3685;0;0.0263;561.07;31.399;0;0;16.942;14.457;553.83;6.1229;0.0074;0.0022;6.0479;0.0655;559.95;1.1221;0.5752;0.1732;0.3716;0.0022;558.57;287;86.401;179.38;1.0512;261.16;207.1;89.904;12.614;3.5405;50.929;4.7403;41.855;0;1;0;0;1.1816;0.947;1;1;0.9164;0.0718;0.9891;1;1;0.9674;0.9414;0.998;0.998;1;0.998;0.998;0.9348;0.8848;0.0675;1.7792;1.7897;0.0108;0.0026;0.1438;0.0114;0.0405;0.0093;0;0;0.088;0;1.4195;0;0;0;0;0;0;0;0;0;0;0;0;0.0326;0.0073;1.5313;1.5313;0;47.743;47.743;22.843;0.0412;1536.6;996.54;1;0.0238;0.0238;0;0;0;0;0;0;1.5075;1.4195;0;16.396;18.986;15.198;17.599;98.446;98.446;14.219;12.238;11.344;1.9813;0.8935;0.1393;0.0628;0.7978;151.22;0.7496;0
14/12/21 09:00;56.941;-78.656;6.1594;57.456;32.544;-90;-32.544;789.1;207.8;581.3;27.42;3.07;0;689.58;97.303;121.25;0;13.01;921.14;0;921.14;689.58;121.25;97.303;13.01;0.7486;0.1198;0;0.0141;904.67;16.467;0;0;4.9212;11.546;899.47;3.3895;0.1464;0.0257;2.9847;0.2327;902.86;1.8093;1.3792;0.2425;0.1848;0.0029;903.13;688.05;120.98;89.212;1.2284;416.13;329.99;140.18;1.955;4.6616;67.056;3.6548;69.763;0;1;0;0;1.1673;0.9821;1;1;0.9494;0.1125;0.9962;0.9998;1;0.9676;0.8407;0.998;0.998;1;0.998;0.998;0.9765;0.9169;0.0944;2.7662;2.8615;0.0172;-0.0012;0.4041;0.0171;0.0606;0.0114;0;0;0.088;0;2.1599;0;0;0;0;0;0;0;0;0;0;0;0;0.0488;0.0178;2.2856;2.2856;0;65.016;65.016;37.596;0.0418;2460.5;928.93;1;0.0377;0.0377;0;0;0;0;0;0;2.2479;2.1599;0;15.741;18.227;14.875;17.224;98.349;98.349;22.107;18.267;17.262;3.8406;1.0049;0.1737;0.0455;0.7808;65.305;0.7405;0
14/12/21 10:00;68.513;-61.94;9.9216;70.844;19.156;-90;-19.156;842.29;276.6;565.69;28.2;4.5;0;598.85;153;126.24;0;4.897;882.98;0;882.98;598.85;126.24;153;4.897;0.6782;0.1788;0;0.0055;875.58;7.4037;0;0;3.3041;4.0996;868.17;5.6572;0.2048;0.0432;5.233;0.1762;873.83;1.7512;1.1977;0.2525;0.2994;0.0016;869.34;597.45;125.94;144.16;0.6196;482.12;382.32;160.65;0.4703;5.3989;77.661;1.1697;82.589;0;1;0;0;1.0483;0.9916;1;1;0.9784;0.1628;0.9935;0.9997;1;0.965;0.7786;0.998;0.998;1;0.998;0.998;0.9832;0.9422;0.1265;2.6516;2.7821;0.0167;-0.0016;0.3877;0.0167;0.0591;0.0133;0;0;0.088;0;2.1015;0;0;0;0;0;0;0;0;0;0;0;0;0.0476;0.0169;2.2258;2.2258;0;64.472;64.472;36.272;0.0418;2391.9;930.57;1;0.0363;0.0363;0;0;0;0;0;0;2.1895;2.1015;0;15.991;18.517;15.098;17.483;98.368;98.368;21.192;17.789;16.795;3.4027;0.9937;0.1606;0.0469;0.7925;94.686;0.7436;0
14/12/21 11:00;77.149;-23.754;11.746;84.75;5.2503;-90;-5.2503;826;356;470;29.3;5.4801;0;471.98;233.8;122.22;0;0.3639;828.37;0;828.37;471.98;122.22;233.8;0.3639;0.5698;0.2827;0;0.0004;827.47;0.897;0;0;0.5929;0.3041;815.43;10.38;0.1911;0.0495;10.126;0.0133;825.81;1.6549;0.944;0.2444;0.4664;0.0001;815.47;470.85;121.92;222.62;0.0463;486.8;386.03;159.42;0.003;5.6016;80.577;0.0335;86.175;0;1;0;0;1.0029;0.9989;1;1;0.9975;0.1643;0.9874;0.9996;1;0.9565;0.7765;0.998;0.998;1;0.998;0.998;0.9844;0.9522;0.1273;2.4876;2.626;0.0158;-0.0021;0.3558;0.0158;0.056;0.0138;0;0;0.088;0;1.989;0;0;0;0;0;0;0;0;0;0;0;0;0.0451;0.0151;2.1106;2.1106;0;63.338;63.338;34.038;0.0417;2258.3;934.62;1;0.0336;0.0336;0;0;0;0;0;0;2.077;1.989;0;16.163;18.717;15.232;17.638;98.406;98.406;19.881;16.868;15.896;3.0126;0.9722;0.1515;0.0489;0.7996;138.9;0.7453;0
14/12/21 12:00;75.565;37.038;11.478;81.187;8.8134;90;8.8134;1165.4;192.3;973.09;31.72;5.15;0;984.72;54.948;138.66;0;1.4448;1179.8;0;1179.8;984.72;138.66;54.948;1.4448;0.8347;0.0478;0;0.0012;1178.2;1.5302;0;0;0.3235;1.2066;1173.1;2.7646;0.3896;0.0549;2.2666;0.0535;1175.9;2.3565;1.9694;0.2773;0.1092;0.0005;1173.4;982.36;138.33;52.248;0.1842;682.04;540.86;225.38;0.01;7.717;111.01;0.2557;118.71;0;1;0;0;1.0123;0.9987;1;1;0.9941;0.1649;0.9976;0.9996;1;0.9584;0.775;0.998;0.998;1;0.998;0.998;0.9944;0.9509;0.1275;3.5429;3.7681;0.0227;0.0145;0.7522;0.0209;0.0739;0.0175;0;0;0.088;0;2.63;0;0;0;0;0;0;0;0;0;0;0;0;0.0595;0.0301;2.7768;2.7656;0;81.447;81.447;49.727;0.0424;3160.7;875;1;0.0588;0.0477;0;0.0111;0;0;0;0;2.718;2.63;0;14.871;17.22;14.141;16.375;97.883;98.277;28.315;22.103;21.019;6.2117;1.0841;0.2194;0.0383;0.7423;32.848;0.6935;0
14/12/21 13:00;65.697;67.296;9.1401;67.384;22.616;90;22.616;597.31;445;152.31;31.5;4.01;0;164.99;377.18;57.131;0;4.8226;604.13;0;604.13;164.99;57.131;377.18;4.8226;0.2731;0.6323;0;0.008;589.35;14.78;0;0;10.684;4.0958;575.58;12.592;0.052;0.018;12.368;0.1548;588.17;1.1787;0.33;0.1143;0.733;0.0015;576.83;164.61;56.998;353.4;0.5707;351.43;278.68;115.78;2.1096;4.1359;59.494;1.2498;61.52;0;1;0;0;1.0114;0.9755;1;1;0.9717;0.1507;0.9786;0.9997;1;0.9662;0.7867;0.998;0.998;1;0.998;0.998;0.9527;0.9369;0.1183;1.8142;1.8628;0.0112;0.0018;0.2009;0.0115;0.0409;0.0105;0;0;0.088;0;1.4335;0;0;0;0;0;0;0;0;0;0;0;0;0.033;0.0079;1.545;1.545;0;55.389;55.389;23.889;0.0415;1600.7;965.22;1;0.0235;0.0235;0;0;0;0;0;0;1.5215;1.4335;0;16.223;18.786;15.052;17.43;98.479;98.479;14.499;12.347;11.456;2.1517;0.8911;0.1484;0.0615;0.7901;237.52;0.7359;0
14/12/21 14:00;53.872;81.623;4.9276;54.164;35.836;90;35.836;934.01;153.8;780.21;32.59;2.8799;0;962.39;43.86;129.96;0;18.565;1154.8;0;1154.8;962.39;129.96;43.86;18.565;0.8334;0.0541;0;0.0161;1135.4;19.36;0;0;2.5856;16.775;1131.4;1.7541;0.1635;0.0221;1.3292;0.2394;1133.1;2.2708;1.9248;0.2599;0.0825;0.0036;1136.5;960.3;129.67;39.862;1.5477;467.56;370.77;159.56;1.2299;5.0414;72.519;5.0739;76.331;0;1;0;0;1.2364;0.9832;1;1;0.941;0.0965;0.9985;0.9998;1;0.9677;0.8661;0.998;0.998;1;0.998;0.998;0.9797;0.9089;0.0834;3.4678;3.5758;0.0215;0.0095;0.7026;0.0199;0.0706;0.0115;0;0;0.088;0;2.5162;0;0;0;0;0;0;0;0;0;0;0;0;0.0568;0.0273;2.656;2.6492;0;80.506;80.506;47.916;0.0424;3027.6;875;1;0.0518;0.0449;0;0.0068;0;0;0;0;2.6042;2.5162;0;14.553;16.852;13.823;16.006;98.05;98.304;27.715;21.172;20.11;6.5423;1.0625;0.2361;0.0383;0.7256;30.186;0.693;0
14/12/21 15:00;41.64;91.142;0.8536;41.645;48.355;90;48.355;309.29;290;19.293;32.62;2.12;0;29.033;236.38;8.9861;0;10.895;285.3;0;285.3;29.033;8.9861;236.38;10.895;0.1018;0.8667;0;0.0382;253.31;31.985;0;0;21.801;10.184;245.72;7.0885;0.0009;0.0003;7.0542;0.0332;252.81;0.5066;0.0581;0.018;0.4292;0.0014;249.79;28.974;8.9679;207.1;0.6765;191.25;151.66;68.535;18.51;3.02;43.441;4.073;27.951;0;1;0;0;0.9224;0.8879;1;1;0.9078;0.0653;0.972;1;1;0.9671;0.9532;0.998;0.998;1;0.998;0.998;0.8613;0.8761;0.0621;0.8568;0.8439;0.0051;0.0154;0.0541;0.0054;0.0191;0.0079;0;0;0.088;0;0.6201;0;0;0;0;0;0;0;0;0;0;0;0;0.0154;0.0019;0.7196;0.7196;0;42.764;42.764;10.144;0.0413;722.4;996.14;1;0.0115;0.0115;0;0;0;0;0;0;0.7081;0.6201;0;16.001;18.528;13.788;15.967;98.403;98.403;6.8472;5.7511;4.956;1.096;0.7952;0.1601;0.1161;0.7238;181.58;0.6497;0
14/12/21 16:00;29.431;99.028;7.8593;29.738;60;90;60;246.1;227.6;18.494;32.35;1.48;0;37.283;166.15;12.246;0;12.92;228.6;0;228.6;37.283;12.246;166.15;12.92;0.1631;0.7833;0;0.0565;195.52;33.072;0;0;20.953;12.119;189.94;5.1922;0.0101;0.0033;5.1243;0.0545;195.13;0.391;0.0746;0.0245;0.2904;0.0016;195.03;37.198;12.219;139.78;0.745;148.89;118.07;56.435;27.78;3.0199;43.44;5.0882;18.68;0;1;0;0;0.9289;0.8553;1;1;0.8739;0.062;0.9734;0.9997;1;0.9646;0.9319;0.998;0.998;1;0.998;0.998;0.8309;0.8413;0.0577;0.6865;0.679;0.0041;0.0171;0.0374;0.0043;0.0154;0.0079;0;0;0.088;0;0.4813;0;0;0;0;0;0;0;0;0;0;0;0;0.0124;0.0013;0.579;0.579;0;40.191;40.191;7.8409;0.0413;579.62;998.92;1;0.0096;0.0096;0;0;0;0;0;0;0.5693;0.4813;0;16.067;18.605;13.358;15.468;98.335;98.335;5.4863;4.6273;3.8469;0.859;0.7803;0.1566;0.1422;0.7012;144.64;0.6139;0
14/12/21 17:00;17.475;106.51;43.256;18.179;30.99;90;30.99;275.01;137.8;137.21;33;0.6399;0;332.76;86.504;108.29;0;4.1219;531.68;0;531.68;332.76;108.29;86.504;4.1219;0.6259;0.1705;0;0.0078;523.98;7.696;0;0;4.0557;3.6403;516.31;6.6236;2.9187;0.9498;2.6726;0.0826;522.93;1.048;0.6655;0.2166;0.1649;0.001;516.75;329.18;107.12;79.611;0.3981;58.302;46.234;19.671;1.4666;0.7286;10.481;0.437;9.7431;0;1;0;0;1.9333;0.9855;1;1;0.9531;0.1168;0.9873;0.9912;1;0.9675;0.8282;0.998;0.998;1;0.998;0.998;0.9711;0.9203;0.0966;1.5966;1.5785;0.0095;0.0052;0.1655;0.0098;0.0347;0.0019;0;0;0.088;0;1.2104;0;0;0;0;0;0;0;0;0;0;0;0;0.028;0.0059;1.318;1.318;0;54.422;54.422;21.422;0.0415;1358.9;969.91;1;0.0196;0.0196;0;0;0;0;0;0;1.2984;1.2104;0;15.726;18.21;14.442;16.723;98.51;98.51;12.76;10.534;9.6734;2.2265;0.8603;0.1745;0.0674;0.7581;57.411;0.7471;0
14/12/21 18:00;5.9823;114.29;75.359;6.5583;9.5231;90;9.5231;43.093;42.3;0.7936;30.58;1.2899;0;1.9247;41.781;0.554;0;0.0624;44.322;0;44.322;1.9247;0.554;41.781;0.0624;0.0434;0.9441;0;0.0014;43.991;0.3318;0;0;0.2797;0.0521;41.719;2.1841;0.3705;0.1066;1.7046;0.0023;43.903;0.088;0.0038;0.0011;0.083;0;41.729;1.5504;0.4462;39.714;0.008;25.022;19.842;7.9051;0.01;0.3074;4.4213;0.0099;4.7186;0;1;0;0;1.0285;0.9925;1;1;0.9933;0.165;0.9503;0.8071;1;0.9588;0.7749;0.998;0.998;1;0.998;0.998;0.9413;0.9505;0.1276;0.1331;0.135;0.0008;0.0129;0.0037;0.0008;0.0029;0.0008;0;0;0.088;0;0.0182;0;0;0;0;0;0;0;0;0;0;0;0;0.0024;0.0001;0.1106;0.1106;0;32.318;32.318;1.7384;0.0417;113.93;970.86;1;0.0044;0.0044;0;0;0;0;0;0;0.1062;0.0182;0;15.832;18.333;2.6072;3.0191;96.024;96.024;1.0637;0.884;0.1456;0.1797;0.7384;0.1689;0.6942;0.1369;25.017;0.1274;0
14/12/21 19:00;0.3073;118.6;89.255;0.35;0.4989;90;0.4989;0;0;0;24.77;2.2;0;0;0;0;0;0;0;0;0;0;0;0;0;1;1;1;1;0;0;0;0;0;0;0;0;0;0;0;0;0;0;0;0;0;0;0;0;0;0;0;0;0;0;0;0;0;0;0;0;0;0;0;1;1;1;1;1;1;1;1;1;1;1;1;1;1;1;1;1;1;1;0;0;0;0;0;0;0;0;0;0.0004;0.088;0;-0.0884;0;0;0;0;0;0;0;0;0;0;0;0;0;0;0;0;0;0;0;-24.77;0;0;0;0;0.0004;0;0;0;0;0;0;0;-0.0004;-0.0884;0;0;0;0;0;0;0;0;0;-0.7063;0;0.7063;1;1;0;0;0;0
14/12/21 20:00;0;0;90;0;0;90;0;0;0;0;22.6;2.7899;0;0;0;0;0;0;0;0;0;0;0;0;0;1;1;1;1;0;0;0;0;0;0;0;0;0;0;0;0;0;0;0;0;0;0;0;0;0;0;0;0;0;0;0;0;0;0;0;0;0;0;0;1;1;1;1;1;1;1;1;1;1;1;1;1;1;1;1;1;1;1;0;0;0;0;0;0;0;0;0;0.0004;0.088;0;-0.0884;0;0;0;0;0;0;0;0;0;0;0;0;0;0;0;0;0;0;0;-22.6;0;0;0;0;0.0004;0;0;0;0;0;0;0;-0.0004;-0.0884;0;0;0;0;0;0;0;0;0;-0.7063;0;0.7063;1;1;0;0;0;0
14/12/21 21:00;0;0;90;0;0;90;0;0;0;0;23.19;3.15;0;0;0;0;0;0;0;0;0;0;0;0;0;1;1;1;1;0;0;0;0;0;0;0;0;0;0;0;0;0;0;0;0;0;0;0;0;0;0;0;0;0;0;0;0;0;0;0;0;0;0;0;1;1;1;1;1;1;1;1;1;1;1;1;1;1;1;1;1;1;1;0;0;0;0;0;0;0;0;0;0.0004;0.088;0;-0.0884;0;0;0;0;0;0;0;0;0;0;0;0;0;0;0;0;0;0;0;-23.19;0;0;0;0;0.0004;0;0;0;0;0;0;0;-0.0004;-0.0884;0;0;0;0;0;0;0;0;0;-0.7063;0;0.7063;1;1;0;0;0;0
14/12/21 22:00;0;0;90;0;0;90;0;0;0;0;22.56;3.3599;0;0;0;0;0;0;0;0;0;0;0;0;0;1;1;1;1;0;0;0;0;0;0;0;0;0;0;0;0;0;0;0;0;0;0;0;0;0;0;0;0;0;0;0;0;0;0;0;0;0;0;0;1;1;1;1;1;1;1;1;1;1;1;1;1;1;1;1;1;1;1;0;0;0;0;0;0;0;0;0;0.0004;0.088;0;-0.0884;0;0;0;0;0;0;0;0;0;0;0;0;0;0;0;0;0;0;0;-22.56;0;0;0;0;0.0004;0;0;0;0;0;0;0;-0.0004;-0.0884;0;0;0;0;0;0;0;0;0;-0.7063;0;0.7063;1;1;0;0;0;0
14/12/21 23:00;0;0;90;0;0;90;0;0;0;0;21.31;3.5001;0;0;0;0;0;0;0;0;0;0;0;0;0;1;1;1;1;0;0;0;0;0;0;0;0;0;0;0;0;0;0;0;0;0;0;0;0;0;0;0;0;0;0;0;0;0;0;0;0;0;0;0;1;1;1;1;1;1;1;1;1;1;1;1;1;1;1;1;1;1;1;0;0;0;0;0;0;0;0;0;0.0004;0.088;0;-0.0884;0;0;0;0;0;0;0;0;0;0;0;0;0;0;0;0;0;0;0;-21.31;0;0;0;0;0.0004;0;0;0;0;0;0;0;-0.0004;-0.0884;0;0;0;0;0;0;0;0;0;-0.7063;0;0.7063;1;1;0;0;0;0
15/12/21 00:00;0;0;90;0;0;90;0;0;0;0;19.62;3.5701;0;0;0;0;0;0;0;0;0;0;0;0;0;1;1;1;1;0;0;0;0;0;0;0;0;0;0;0;0;0;0;0;0;0;0;0;0;0;0;0;0;0;0;0;0;0;0;0;0;0;0;0;1;1;1;1;1;1;1;1;1;1;1;1;1;1;1;1;1;1;1;0;0;0;0;0;0;0;0;0;0.0004;0.088;0;-0.0884;0;0;0;0;0;0;0;0;0;0;0;0;0;0;0;0;0;0;0;-19.62;0;0;0;0;0.0004;0;0;0;0;0;0;0;-0.0004;-0.0884;0;0;0;0;0;0;0;0;0;-0.7063;0;0.7063;1;1;0;0;0;0
15/12/21 01:00;0;0;90;0;0;90;0;0;0;0;17.76;3.63;0;0;0;0;0;0;0;0;0;0;0;0;0;1;1;1;1;0;0;0;0;0;0;0;0;0;0;0;0;0;0;0;0;0;0;0;0;0;0;0;0;0;0;0;0;0;0;0;0;0;0;0;1;1;1;1;1;1;1;1;1;1;1;1;1;1;1;1;1;1;1;0;0;0;0;0;0;0;0;0;0.0004;0.088;0;-0.0884;0;0;0;0;0;0;0;0;0;0;0;0;0;0;0;0;0;0;0;-17.76;0;0;0;0;0.0004;0;0;0;0;0;0;0;-0.0004;-0.0884;0;0;0;0;0;0;0;0;0;-0.7063;0;0.7063;1;1;0;0;0;0
15/12/21 02:00;0;0;90;0;0;90;0;0;0;0;16.81;3.8101;0;0;0;0;0;0;0;0;0;0;0;0;0;1;1;1;1;0;0;0;0;0;0;0;0;0;0;0;0;0;0;0;0;0;0;0;0;0;0;0;0;0;0;0;0;0;0;0;0;0;0;0;1;1;1;1;1;1;1;1;1;1;1;1;1;1;1;1;1;1;1;0;0;0;0;0;0;0;0;0;0.0004;0.088;0;-0.0884;0;0;0;0;0;0;0;0;0;0;0;0;0;0;0;0;0;0;0;-16.81;0;0;0;0;0.0004;0;0;0;0;0;0;0;-0.0004;-0.0884;0;0;0;0;0;0;0;0;0;-0.7063;0;0.7063;1;1;0;0;0;0
15/12/21 03:00;0;0;90;0;0;90;0;0;0;0;17.06;4.01;0;0;0;0;0;0;0;0;0;0;0;0;0;1;1;1;1;0;0;0;0;0;0;0;0;0;0;0;0;0;0;0;0;0;0;0;0;0;0;0;0;0;0;0;0;0;0;0;0;0;0;0;1;1;1;1;1;1;1;1;1;1;1;1;1;1;1;1;1;1;1;0;0;0;0;0;0;0;0;0;0.0004;0.088;0;-0.0884;0;0;0;0;0;0;0;0;0;0;0;0;0;0;0;0;0;0;0;-17.06;0;0;0;0;0.0004;0;0;0;0;0;0;0;-0.0004;-0.0884;0;0;0;0;0;0;0;0;0;-0.7063;0;0.7063;1;1;0;0;0;0
15/12/21 04:00;1.5615;-117.67;86.211;1.763;2.5161;-90;-2.5161;0;0;0;15.2;4.57;0;0;0;0;0;0;0;0;0;0;0;0;0;1;1;1;1;0;0;0;0;0;0;0;0;0;0;0;0;0;0;0;0;0;0;0;0;0;0;0;0;0;0;0;0;0;0;0;0;0;0;0;1;1;1;1;1;1;1;1;1;1;1;1;1;1;1;1;1;1;1;0;0;0;0;0;0;0;0;0;0.0004;0.088;0;-0.0884;0;0;0;0;0;0;0;0;0;0;0;0;0;0;0;0;0;0;0;-15.2;0;0;0;0;0.0004;0;0;0;0;0;0;0;-0.0004;-0.0884;0;0;0;0;0;0;0;0;0;-0.7063;0;0.7063;1;1;0;0;0;0
15/12/21 05:00;8.7867;-112.36;68.255;9.4885;14.078;-90;-14.078;143.09;23.601;119.49;17.64;5.05;0;289.8;10.354;31.747;0;0.4512;332.35;0;332.35;289.8;31.747;10.354;0.4512;0.872;0.0325;0;0.0014;331.84;0.5094;0;0;0.1332;0.3762;302.12;29.05;25.815;2.828;0.3904;0.0168;331.17;0.6637;0.5796;0.0635;0.0204;0.0002;302.13;263.4;28.855;9.8095;0.0581;6.93;5.4955;2.3242;0.0108;0.0769;1.106;0.007;1.1721;0;1;0;0;2.3226;0.9985;1;1;0.9871;0.1662;0.9123;0.9107;1;0.9617;0.7756;0.998;0.998;1;0.998;0.998;0.9091;0.9475;0.1287;0.998;0.9123;0.0055;0.0146;0.0161;0.0061;0.0217;0.0002;0;0;0.088;0;0.7266;0;0;0;0;0;0;0;0;0;0;0;0;0.0175;0.0022;0.8283;0.8283;0;29.959;29.959;12.319;0.0408;782.53;1058.5;1;0.0137;0.0137;0;0;0;0;0;0;0.8146;0.7266;0;15.81;18.308;13.869;16.06;98.343;98.343;7.9763;6.6199;5.8069;1.3565;0.813;0.1701;0.1019;0.728;6.2804;0.7262;0
15/12/21 06:00;20.412;-104.71;32.236;21.044;39.518;-90;-39.518;126.41;120.6;5.8086;20.65;5.14;0;14.087;105.56;3.4539;0;3.0339;126.13;0;126.13;14.087;3.4539;105.56;3.0339;0.1117;0.8609;0;0.0241;116.12;10.009;0;0;7.2309;2.7781;112.65;3.2392;0.033;0.0081;3.1737;0.0244;115.89;0.2322;0.0282;0.0069;0.1966;0.0005;113.65;14.026;3.4389;94.954;0.2308;74.917;59.409;26.011;4.1248;1.0342;14.876;1.0048;11.785;0;1;0;0;0.9978;0.9206;1;1;0.9315;0.0843;0.972;0.9977;1;0.9677;0.9043;0.998;0.998;1;0.998;0.998;0.8931;0.8996;0.0761;0.3788;0.3737;0.0022;0.0178;0.0004;0.0025;0.0088;0.0028;0;0;0.088;0;0.2363;0;0;0;0;0;0;0;0;0;0;0;0;0.0071;0.0005;0.3317;0.3317;0;25.264;25.264;4.6136;0.041;318.16;1042.5;1;0.0074;0.0074;0;0;0;0;0;0;0.3243;0.2363;0;16.681;19.317;11.883;13.761;97.77;97.77;3.0271;2.6507;1.8883;0.3764;0.7624;0.1243;0.2519;0.6238;74.882;0.5732;0
15/12/21 07:00;32.447;-97.211;6.0805;32.653;57.347;-90;-57.347;241.99;220.3;21.695;23.8;5.6599;0;40.21;164.72;11.707;0;11.7;228.34;0;228.34;40.21;11.707;164.72;11.7;0.1761;0.7726;0;0.0512;197.96;30.376;0;0;19.415;10.961;192.49;5.0704;0.0084;0.0025;5.0217;0.0379;197.56;0.3959;0.0804;0.0234;0.2906;0.0015;197.03;40.121;11.681;139.99;0.6991;145.81;115.63;54.276;23.441;2.7772;39.949;4.5422;19.285;0;1;0;0;0.9436;0.867;1;1;0.8821;0.0631;0.9743;0.9998;1;0.9654;0.9486;0.998;0.998;1;0.998;0.998;0.843;0.8499;0.0598;0.6857;0.6777;0.0041;0.0171;0.0163;0.0045;0.0159;0.0075;0;0;0.088;0;0.4999;0;0;0;0;0;0;0;0;0;0;0;0;0.0128;0.0013;0.5981;0.5981;0;31.688;31.688;7.8877;0.041;577.17;1036.3;1;0.0103;0.0103;0;0;0;0;0;0;0.5879;0.4999;0;16.618;19.243;13.887;16.081;98.282;98.282;5.4801;4.7804;3.9949;0.6997;0.7854;0.1277;0.1433;0.729;139.1;0.6446;0
15/12/21 08:00;44.685;-89.085;0.6506;44.688;45.312;-90;-45.312;751.2;123.7;627.5;26.54;6.16;0;892.29;38.692;111.29;0;23.407;1065.7;0;1065.7;892.29;111.29;38.692;23.407;0.8373;0.0583;0;0.022;1040.7;24.969;0;0;3.2408;21.728;1037.4;1.2743;0.02;0.0025;1.1542;0.0976;1038.6;2.0814;1.7846;0.2226;0.0709;0.0034;1043;890.49;111.07;34.226;1.5777;322.88;256.04;108.11;2.4256;3.7188;53.494;5.6362;54.787;0;1;0;0;1.4186;0.9766;1;1;0.9162;0.0717;0.9988;1;1;0.9674;0.9417;0.998;0.998;1;0.998;0.998;0.9734;0.8846;0.0674;3.2002;3.2542;0.0196;0.0032;0.5176;0.019;0.0674;0.0089;0;0;0.088;0;2.4102;0;0;0;0;0;0;0;0;0;0;0;0;0.0543;0.0228;2.5415;2.5415;0;70.087;70.087;43.547;0.042;2801.7;907.12;1;0.0433;0.0433;0;0;0;0;0;0;2.4982;2.4102;0;15.129;17.519;14.347;16.614;98.296;98.296;25.576;20.312;19.262;5.2648;1.0493;0.2058;0.041;0.7531;28.879;0.7259;0
15/12/21 09:00;56.874;-78.834;6.0748;57.373;32.627;-90;-32.627;832.29;172.8;659.49;29.84;6.3799;0;783.06;70.294;114.56;0;13.79;981.7;0;981.7;783.06;114.56;70.294;13.79;0.7977;0.0857;0;0.014;965.89;15.813;0;0;3.5695;12.243;961.37;2.5883;0.164;0.024;2.1555;0.2449;963.96;1.9318;1.5661;0.2291;0.1334;0.0031;965.22;781.33;114.31;64.436;1.2989;434.89;344.87;146.51;1.4258;4.8309;69.49;3.8499;72.896;0;1;0;0;1.1795;0.9839;1;1;0.9492;0.1122;0.9973;0.9998;1;0.9676;0.8414;0.998;0.998;1;0.998;0.998;0.9793;0.9167;0.0942;2.9481;3.0536;0.0184;0.0004;0.4878;0.0178;0.0632;0.0116;0;0;0.088;0;2.2557;0;0;0;0;0;0;0;0;0;0;0;0;0.0509;0.0202;2.3832;2.3832;0;70.198;70.198;40.358;0.042;2627.2;907.15;1;0.0395;0.0395;0;0;0;0;0;0;2.3437;2.2557;0;15.4;17.833;14.576;16.879;98.341;98.341;23.561;19.047;18.027;4.5141;1.0193;0.1916;0.0433;0.7651;47.207;0.7266;0
15/12/21 10:00;68.462;-62.229;9.8489;70.75;19.25;-90;-19.25;1055;174.1;880.9;31.66;6.6801;0;933.07;55.597;123.83;0;6.1936;1118.7;0;1118.7;933.07;123.83;55.597;6.1936;0.8341;0.0552;0;0.0055;1112.3;6.3963;0;0;1.2106;5.1858;1107.6;2.4795;0.3168;0.042;1.8981;0.2226;1110.1;2.2246;1.8661;0.2477;0.1088;0.002;1109.1;930.89;123.54;52.379;0.7832;598.59;474.68;200.71;0.175;6.5944;94.858;1.4744;101.28;0;1;0;0;1.0604;0.9943;1;1;0.9782;0.1627;0.9978;0.9997;1;0.965;0.7787;0.998;0.998;1;0.998;0.998;0.9901;0.9421;0.1265;3.3594;3.5404;0.0213;0.0087;0.6698;0.0199;0.0705;0.0152;0;0;0.088;0;2.5185;0;0;0;0;0;0;0;0;0;0;0;0;0.0568;0.0268;2.6514;2.6514;0;78.487;78.487;46.827;0.0423;3027.8;875;1;0.045;0.045;0;0;0;0;0;0;2.6065;2.5185;0;15.035;17.41;14.281;16.537;98.303;98.303;26.849;21.19;20.127;5.6582;1.0629;0.2107;0.0396;0.7497;34.422;0.7049;0
15/12/21 11:00;77.159;-24.282;11.688;84.645;5.3552;-90;-5.3552;479.01;433.1;45.906;33.22;8.2001;0;46.107;417.73;14.522;0;0.2195;478.58;0;478.58;46.107;14.522;417.73;0.2195;0.0963;0.8733;0;0.0005;477.3;1.2763;0;0;1.0929;0.1834;458.25;18.102;0.0186;0.0059;18.07;0.008;476.35;0.9546;0.0922;0.029;0.8333;0.0001;458.26;45.997;14.487;397.73;0.028;283.68;224.96;90.136;0.0061;3.4444;49.547;0.016;52.985;0;1;0;0;0.9991;0.9973;1;1;0.9974;0.1643;0.962;0.9996;1;0.9565;0.7765;0.998;0.998;1;0.998;0.998;0.9575;0.9521;0.1274;1.4372;1.4847;0.0089;0.0065;0.1441;0.0093;0.0329;0.0088;0;0;0.088;0;1.1358;0;0;0;0;0;0;0;0;0;0;0;0;0.0265;0.0052;1.2424;1.2424;0;52.209;52.209;18.989;0.0414;1274.9;974.53;1;0.0186;0.0186;0;0;0;0;0;0;1.2238;1.1358;0;16.469;19.071;15.055;17.434;98.5;98.5;11.486;9.9296;9.0774;1.5562;0.8522;0.1355;0.0742;0.7903;248.19;0.7335;0
15/12/21 12:00;75.665;36.79;11.436;81.299;8.7009;90;8.7009;49.794;49.696;0.0972;27.01;9.1401;0;0.0984;49.407;0.0036;0;0.0602;49.569;0;49.569;0.0984;0.0036;49.407;0.0602;0.002;0.9979;0;0.0012;49.234;0.335;0;0;0.2848;0.0503;47.092;2.0438;0;0;2.0416;0.0022;49.136;0.0985;0.0002;0;0.0982;0;47.101;0.0981;0.0036;46.982;0.0077;29.587;23.462;9.3495;0.0083;0.3631;5.2226;0.009;5.5775;0;1;0;0;0.9955;0.9932;1;1;0.9942;0.1648;0.9584;0.9996;1;0.9584;0.775;0.998;0.998;1;0.998;0.998;0.95;0.9509;0.1275;0.1489;0.1529;0.0009;0.0136;0.0023;0.001;0.0034;0.0009;0;0;0.088;0;0.035;0;0;0;0;0;0;0;0;0;0;0;0;0.0027;0.0001;0.128;0.128;0;28.964;28.964;1.9537;0.0415;129.21;990.39;1;0.005;0.005;0;0;0;0;0;0;0.123;0.035;0;16.376;18.963;4.4797;5.1873;96.123;96.123;1.1897;1.0227;0.2798;0.167;0.7429;0.1403;0.6245;0.2352;29.528;0.218;0
15/12/21 13:00;65.814;67.253;9.1151;67.501;22.499;90;22.499;348.69;337.3;11.392;26.77;7.29;0;12.331;321.59;3.2328;0;2.7867;339.94;0;339.94;12.331;3.2328;321.59;2.7867;0.0363;0.9542;0;0.0082;328.54;11.4;0;0;9.0342;2.3655;317.23;10.651;0.0039;0.001;10.556;0.0898;327.88;0.6571;0.0247;0.0065;0.6251;0.0008;317.98;12.302;3.2253;301.38;0.3305;210.38;166.83;68.322;1.7651;2.5727;37.007;0.7439;37.815;0;1;0;0;0.9749;0.9665;1;1;0.9719;0.1511;0.9675;0.9997;1;0.9662;0.7863;0.998;0.998;1;0.998;0.998;0.9332;0.9371;0.1186;1.0208;1.0357;0.0062;0.0129;0.0549;0.0067;0.0239;0.0069;0;0;0.088;0;0.7999;0;0;0;0;0;0;0;0;0;0;0;0;0.0192;0.0027;0.9022;0.9022;0;39.809;39.809;13.039;0.0411;888.07;1015.9;1;0.0143;0.0143;0;0;0;0;0;0;0.8879;0.7999;0;16.836;19.496;14.928;17.286;98.418;98.418;8.1586;7.2105;6.3931;0.9481;0.8174;0.1162;0.1002;0.7836;202.38;0.7246;0
15/12/21 14:00;53.99;81.615;4.918;54.282;35.718;90;35.718;404;368.1;35.896;24.8;4.5201;0;44.213;322.99;14.265;0;7.9791;389.44;0;389.44;44.213;14.265;322.99;7.9791;0.1135;0.8498;0;0.0205;363.29;26.149;0;0;18.943;7.2057;352.66;9.9057;0.0075;0.0024;9.7916;0.1042;362.57;0.7266;0.0884;0.0285;0.6081;0.0015;355.27;44.117;14.234;293.64;0.6677;245.57;194.74;83.868;8.9232;3.1817;45.767;2.6078;40.026;0;1;0;0;0.964;0.9329;1;1;0.9414;0.0969;0.9727;0.9998;1;0.9677;0.865;0.998;0.998;1;0.998;0.998;0.9056;0.9092;0.0837;1.1695;1.1665;0.007;0.0111;0.0594;0.0076;0.027;0.0085;0;0;0.088;0;0.9166;0;0;0;0;0;0;0;0;0;0;0;0;0.0218;0.0034;1.0207;1.0207;0;39.278;39.278;14.478;0.0411;1000;1020.7;1;0.0161;0.0161;0;0;0;0;0;0;1.0046;0.9166;0;16.626;19.253;14.931;17.289;98.424;98.424;9.3466;8.1574;7.3255;1.1892;0.8319;0.1272;0.089;0.7838;222.09;0.7204;0
15/12/21 15:00;41.758;91.14;0.85;41.763;48.237;90;48.237;267.51;258.2;9.3047;23.28;3.56;0;13.97;212.96;3.8403;0;9.38;240.15;0;240.15;13.97;3.8403;212.96;9.38;0.0582;0.9258;0;0.0391;211.81;28.338;0;0;19.571;8.7664;205;6.384;0.0004;0.0001;6.3546;0.0289;211.39;0.4236;0.0279;0.0077;0.3868;0.0012;208.56;13.942;3.8325;186.65;0.5835;167.96;133.19;60.311;16.535;2.6624;38.297;3.5597;24.424;0;1;0;0;0.8977;0.882;1;1;0.9081;0.0654;0.9698;1;1;0.9671;0.9528;0.998;0.998;1;0.998;0.998;0.8537;0.8764;0.0622;0.7212;0.7089;0.0043;0.0169;0.017;0.0047;0.0167;0.0072;0;0;0.088;0;0.5287;0;0;0;0;0;0;0;0;0;0;0;0;0.0134;0.0014;0.6274;0.6274;0;31.676;31.676;8.3958;0.041;604.24;1038.3;1;0.0107;0.0107;0;0;0;0;0;0;0.6167;0.5287;0;16.572;19.19;13.965;16.171;98.294;98.294;5.7636;5.014;4.2251;0.7496;0.7888;0.1301;0.1369;0.7331;163.4;0.6549;0
15/12/21 16:00;29.549;99.022;7.8423;29.856;60;90;60;144.11;141.6;2.5067;22.9;3.24;0;5.0354;105.82;1.0251;0;7.5656;119.44;0;119.44;5.0354;1.0251;105.82;7.5656;0.0422;0.9493;0;0.0633;99.002;20.441;0;0;13.345;7.0965;95.507;3.2972;0.0014;0.0003;3.2636;0.0319;98.804;0.198;0.0101;0.0021;0.1849;0.0009;98.648;5.024;1.0228;89.024;0.4363;92.651;73.473;35.3;17.693;1.8939;27.243;3.1408;11.444;0;1;0;0;0.8289;0.8289;1;1;0.8739;0.062;0.9666;0.9997;1;0.9646;0.9319;0.998;0.998;1;0.998;0.998;0.7996;0.8413;0.0577;0.3587;0.3546;0.0021;0.0177;0.0024;0.0023;0.0083;0.0051;0;0;0.088;0;0.2146;0;0;0;0;0;0;0;0;0;0;0;0;0.0066;0.0004;0.3096;0.3096;0;26.823;26.823;3.9233;0.0411;300.64;1029.9;1;0.007;0.007;0;0;0;0;0;0;0.3026;0.2146;0;16.444;19.042;11.397;13.197;97.727;97.727;2.8666;2.4745;1.715;0.3921;0.7595;0.1368;0.265;0.5983;92.121;0.511;0
15/12/21 17:00;17.593;106.5;42.858;18.299;31.296;90;31.296;70.598;69.699;0.899;22.1;2.0099;0;2.1803;64.492;0.3565;0;1.0786;68.107;0;68.107;2.1803;0.3565;64.492;1.0786;0.032;0.9628;0;0.0158;64.082;4.0252;0;0;3.0712;0.954;61.922;2.0322;0.0186;0.003;1.9894;0.0211;63.954;0.1282;0.0044;0.0007;0.1228;0.0002;62.256;2.1573;0.3527;59.308;0.1033;42.9;34.02;14.382;1.1306;0.5455;7.8467;0.3341;7.2616;0;1;0;0;0.9647;0.9409;1;1;0.9524;0.1155;0.9682;0.9914;1;0.9675;0.8303;0.998;0.998;1;0.998;0.998;0.9092;0.9196;0.0957;0.2045;0.2041;0.0012;0.0152;-0.0003;0.0013;0.0047;0.0014;0;0;0.088;0;0.0826;0;0;0;0;0;0;0;0;0;0;0;0;0.0038;0.0002;0.1765;0.1765;0;24.651;24.651;2.551;0.0412;172.92;1020.6;1;0.0059;0.0059;0;0;0;0;0;0;0.1706;0.0826;0;16.437;19.034;7.6925;8.9078;96.665;96.665;1.6346;1.4104;0.6601;0.2242;0.7503;0.1372;0.459;0.4038;42.895;0.3717;0
15/12/21 18:00;6.0986;114.27;75.069;6.6846;9.7136;90;9.7136;22.602;22.397;0.2046;21.26;1.56;0;0.4963;22.206;0.0742;0;0.034;22.81;0;22.81;0.4963;0.0742;22.206;0.034;0.0218;0.975;0;0.0015;22.628;0.1821;0;0;0.1536;0.0284;21.572;1.011;0.0926;0.0138;0.9032;0.0013;22.583;0.0453;0.001;0.0001;0.0441;0;21.578;0.4027;0.0602;21.105;0.0043;13.303;10.549;4.2034;0.0058;0.1634;2.3505;0.0056;2.5081;0;1;0;0;1.0092;0.992;1;1;0.9931;0.165;0.9552;0.813;1;0.959;0.7748;0.998;0.998;1;0.998;0.998;0.9457;0.9504;0.1276;0.0685;0.0699;0.0004;0.0094;-0.0007;0.0004;0.0015;0.0004;0;0;0.088;0;-0.034;0;0;0;0;0;0;0;0;0;0;0;0;0.0012;0;0.0572;0.0572;0;22.159;22.159;0.8993;0.0417;58.138;984.59;1;0.0033;0.0033;0;0;0;0;0;0;0.054;-0.034;0;15.919;18.434;-9.4646;-10.96;94.279;94.279;0.5475;0.4575;-0.272;0.09;0.7295;0.1643;1.3325;0;13.302;0;0
15/12/21 19:00;0.4225;118.57;88.975;0.481;0.6857;90;0.6857;0;0;0;19.82;0.8601;0;0;0;0;0;0;0;0;0;0;0;0;0;1;1;1;1;0;0;0;0;0;0;0;0;0;0;0;0;0;0;0;0;0;0;0;0;0;0;0;0;0;0;0;0;0;0;0;0;0;0;0;1;1;1;1;1;1;1;1;1;1;1;1;1;1;1;1;1;1;1;0;0;0;0;0;0;0;0;0;0.0004;0.088;0;-0.0884;0;0;0;0;0;0;0;0;0;0;0;0;0;0;0;0;0;0;0;-19.82;0;0;0;0;0.0004;0;0;0;0;0;0;0;-0.0004;-0.0884;0;0;0;0;0;0;0;0;0;-0.7063;0;0.7063;1;1;0;0;0;0
15/12/21 20:00;0;0;90;0;0;90;0;0;0;0;17.21;0.99;0;0;0;0;0;0;0;0;0;0;0;0;0;1;1;1;1;0;0;0;0;0;0;0;0;0;0;0;0;0;0;0;0;0;0;0;0;0;0;0;0;0;0;0;0;0;0;0;0;0;0;0;1;1;1;1;1;1;1;1;1;1;1;1;1;1;1;1;1;1;1;0;0;0;0;0;0;0;0;0;0.0004;0.088;0;-0.0884;0;0;0;0;0;0;0;0;0;0;0;0;0;0;0;0;0;0;0;-17.21;0;0;0;0;0.0004;0;0;0;0;0;0;0;-0.0004;-0.0884;0;0;0;0;0;0;0;0;0;-0.7063;0;0.7063;1;1;0;0;0;0
15/12/21 21:00;0;0;90;0;0;90;0;0;0;0;15.06;1.6899;0;0;0;0;0;0;0;0;0;0;0;0;0;1;1;1;1;0;0;0;0;0;0;0;0;0;0;0;0;0;0;0;0;0;0;0;0;0;0;0;0;0;0;0;0;0;0;0;0;0;0;0;1;1;1;1;1;1;1;1;1;1;1;1;1;1;1;1;1;1;1;0;0;0;0;0;0;0;0;0;0.0004;0.088;0;-0.0884;0;0;0;0;0;0;0;0;0;0;0;0;0;0;0;0;0;0;0;-15.06;0;0;0;0;0.0004;0;0;0;0;0;0;0;-0.0004;-0.0884;0;0;0;0;0;0;0;0;0;-0.7063;0;0.7063;1;1;0;0;0;0
15/12/21 22:00;0;0;90;0;0;90;0;0;0;0;13.83;2.1401;0;0;0;0;0;0;0;0;0;0;0;0;0;1;1;1;1;0;0;0;0;0;0;0;0;0;0;0;0;0;0;0;0;0;0;0;0;0;0;0;0;0;0;0;0;0;0;0;0;0;0;0;1;1;1;1;1;1;1;1;1;1;1;1;1;1;1;1;1;1;1;0;0;0;0;0;0;0;0;0;0.0004;0.088;0;-0.0884;0;0;0;0;0;0;0;0;0;0;0;0;0;0;0;0;0;0;0;-13.83;0;0;0;0;0.0004;0;0;0;0;0;0;0;-0.0004;-0.0884;0;0;0;0;0;0;0;0;0;-0.7063;0;0.7063;1;1;0;0;0;0
15/12/21 23:00;0;0;90;0;0;90;0;0;0;0;13.31;2.36;0;0;0;0;0;0;0;0;0;0;0;0;0;1;1;1;1;0;0;0;0;0;0;0;0;0;0;0;0;0;0;0;0;0;0;0;0;0;0;0;0;0;0;0;0;0;0;0;0;0;0;0;1;1;1;1;1;1;1;1;1;1;1;1;1;1;1;1;1;1;1;0;0;0;0;0;0;0;0;0;0.0004;0.088;0;-0.0884;0;0;0;0;0;0;0;0;0;0;0;0;0;0;0;0;0;0;0;-13.31;0;0;0;0;0.0004;0;0;0;0;0;0;0;-0.0004;-0.0884;0;0;0;0;0;0;0;0;0;-0.7063;0;0.7063;1;1;0;0;0;0
16/12/21 00:00;0;0;90;0;0;90;0;0;0;0;12.64;2.34;0;0;0;0;0;0;0;0;0;0;0;0;0;1;1;1;1;0;0;0;0;0;0;0;0;0;0;0;0;0;0;0;0;0;0;0;0;0;0;0;0;0;0;0;0;0;0;0;0;0;0;0;1;1;1;1;1;1;1;1;1;1;1;1;1;1;1;1;1;1;1;0;0;0;0;0;0;0;0;0;0.0004;0.088;0;-0.0884;0;0;0;0;0;0;0;0;0;0;0;0;0;0;0;0;0;0;0;-12.64;0;0;0;0;0.0004;0;0;0;0;0;0;0;-0.0004;-0.0884;0;0;0;0;0;0;0;0;0;-0.7063;0;0.7063;1;1;0;0;0;0
16/12/21 01:00;0;0;90;0;0;90;0;0;0;0;12.72;2.18;0;0;0;0;0;0;0;0;0;0;0;0;0;1;1;1;1;0;0;0;0;0;0;0;0;0;0;0;0;0;0;0;0;0;0;0;0;0;0;0;0;0;0;0;0;0;0;0;0;0;0;0;1;1;1;1;1;1;1;1;1;1;1;1;1;1;1;1;1;1;1;0;0;0;0;0;0;0;0;0;0.0004;0.088;0;-0.0884;0;0;0;0;0;0;0;0;0;0;0;0;0;0;0;0;0;0;0;-12.72;0;0;0;0;0.0004;0;0;0;0;0;0;0;-0.0004;-0.0884;0;0;0;0;0;0;0;0;0;-0.7063;0;0.7063;1;1;0;0;0;0
16/12/21 02:00;0;0;90;0;0;90;0;0;0;0;11.08;2.11;0;0;0;0;0;0;0;0;0;0;0;0;0;1;1;1;1;0;0;0;0;0;0;0;0;0;0;0;0;0;0;0;0;0;0;0;0;0;0;0;0;0;0;0;0;0;0;0;0;0;0;0;1;1;1;1;1;1;1;1;1;1;1;1;1;1;1;1;1;1;1;0;0;0;0;0;0;0;0;0;0.0004;0.088;0;-0.0884;0;0;0;0;0;0;0;0;0;0;0;0;0;0;0;0;0;0;0;-11.08;0;0;0;0;0.0004;0;0;0;0;0;0;0;-0.0004;-0.0884;0;0;0;0;0;0;0;0;0;-0.7063;0;0.7063;1;1;0;0;0;0
16/12/21 03:00;0;0;90;0;0;90;0;0;0;0;10.5;2.13;0;0;0;0;0;0;0;0;0;0;0;0;0;1;1;1;1;0;0;0;0;0;0;0;0;0;0;0;0;0;0;0;0;0;0;0;0;0;0;0;0;0;0;0;0;0;0;0;0;0;0;0;1;1;1;1;1;1;1;1;1;1;1;1;1;1;1;1;1;1;1;0;0;0;0;0;0;0;0;0;0.0004;0.088;0;-0.0884;0;0;0;0;0;0;0;0;0;0;0;0;0;0;0;0;0;0;0;-10.5;0;0;0;0;0.0004;0;0;0;0;0;0;0;-0.0004;-0.0884;0;0;0;0;0;0;0;0;0;-0.7063;0;0.7063;1;1;0;0;0;0
16/12/21 04:00;1.6856;-117.63;85.909;1.9025;2.7157;-90;-2.7157;0;0;0;10.03;2.3199;0;0;0;0;0;0;0;0;0;0;0;0;0;1;1;1;1;0;0;0;0;0;0;0;0;0;0;0;0;0;0;0;0;0;0;0;0;0;0;0;0;0;0;0;0;0;0;0;0;0;0;0;1;1;1;1;1;1;1;1;1;1;1;1;1;1;1;1;1;1;1;0;0;0;0;0;0;0;0;0;0.0004;0.088;0;-0.0884;0;0;0;0;0;0;0;0;0;0;0;0;0;0;0;0;0;0;0;-10.03;0;0;0;0;0.0004;0;0;0;0;0;0;0;-0.0004;-0.0884;0;0;0;0;0;0;0;0;0;-0.7063;0;0.7063;1;1;0;0;0;0
16/12/21 05:00;8.724;-112.46;68.417;9.4274;13.979;-90;-13.979;123.2;20.302;102.9;13.07;2.84;0;249.57;10.381;23.682;0;0.3831;284.01;0;284.01;249.57;23.682;10.381;0.3831;0.8787;0.0379;0;0.0013;283.56;0.4514;0;0;0.132;0.3194;257.81;25.191;22.637;2.148;0.3922;0.0143;283;0.5671;0.4991;0.0474;0.0205;0.0001;257.81;226.43;21.487;9.8365;0.0493;6.8471;5.4298;2.2793;0.0105;0.0771;1.1086;0.0069;1.1752;0;1;0;0;2.3052;0.9984;1;1;0.9873;0.1663;0.911;0.9091;1;0.9617;0.7755;0.998;0.998;1;0.998;0.998;0.9077;0.9475;0.1287;0.8529;0.7788;0.0047;0.0162;-0.0041;0.0053;0.0189;0.0002;0;0;0.088;0;0.6202;0;0;0;0;0;0;0;0;0;0;0;0;0.0152;0.0016;0.7207;0.7207;0;23.537;23.537;10.467;0.0406;667.18;1080.2;1;0.0125;0.0125;0;0;0;0;0;0;0.7082;0.6202;0;16.097;18.64;13.853;16.042;98.27;98.27;6.8164;5.7598;4.9569;1.0565;0.8029;0.155;0.1178;0.7272;6.2951;0.7251;0
16/12/21 06:00;20.343;-104.81;32.53;20.982;39.294;-90;-39.294;327.4;58.098;269.3;17.54;3.4;0;653.13;23.23;77.384;0;7.7724;761.52;0;761.52;653.13;77.384;23.23;7.7724;0.8577;0.0407;0;0.0102;752.83;8.6882;0;0;1.5775;7.1108;748.73;2.5979;1.6401;0.1943;0.6987;0.0648;751.33;1.5057;1.3063;0.1548;0.0433;0.0013;748.94;650.19;77.034;20.911;0.5955;17.924;14.214;6.4512;0.892;0.2264;3.2573;0.2175;2.5917;0;1;0;0;2.326;0.9886;1;1;0.9321;0.0851;0.9965;0.9975;1;0.9677;0.9019;0.998;0.998;1;0.998;0.998;0.9832;0.9002;0.0766;2.2868;2.2626;0.0136;-0.0014;0.186;0.0145;0.0512;0.0006;0;0;0.088;0;1.8256;0;0;0;0;0;0;0;0;0;0;0;0;0.0413;0.0115;1.9454;1.9454;0;48.411;48.411;30.871;0.0412;1949.2;998.03;1;0.0317;0.0317;0;0;0;0;0;0;1.9136;1.8256;0;16.205;18.766;15.208;17.611;98.369;98.369;18.276;15.547;14.591;2.729;0.9569;0.1493;0.0524;0.7983;16.448;0.7958;0
16/12/21 07:00;32.373;-97.316;6.1744;32.585;57.415;-90;-57.415;550.5;90.899;459.61;20;3.45;0;853.4;27.374;102.71;0;26.673;1010.2;0;1010.2;853.4;102.71;27.374;26.673;0.8448;0.0535;0;0.0264;981.94;28.221;0;0;3.232;24.989;978.85;1.1252;0.1816;0.0219;0.8347;0.0869;979.98;1.9639;1.7068;0.2054;0.0483;0.0034;983.54;851.52;102.48;23.259;1.5936;145.76;115.59;48.156;3.9181;1.9045;27.396;4.6921;25.382;0;1;0;0;1.835;0.9721;1;1;0.8819;0.0631;0.9989;0.9998;1;0.9654;0.9483;0.998;0.998;1;0.998;0.998;0.969;0.8497;0.0597;3.0335;3.0201;0.0182;0.0001;0.3796;0.0184;0.0651;0.0048;0;0;0.088;0;2.3314;0;0;0;0;0;0;0;0;0;0;0;0;0.0524;0.0198;2.4618;2.4618;0;60.771;60.771;40.771;0.0417;2600;946.85;1;0.0424;0.0424;0;0;0;0;0;0;2.4194;2.3314;0;15.46;17.902;14.641;16.953;98.277;98.277;24.244;19.675;18.632;4.5693;1.0423;0.1885;0.043;0.7685;23.133;0.7532;0
16/12/21 08:00;44.61;-89.208;0.5635;44.612;45.388;-90;-45.388;776.3;128.1;648.2;22.01;3.5999;0;922.96;37.688;119.36;0;24.266;1104.3;0;1104.3;922.96;119.36;37.688;24.266;0.8358;0.0561;0;0.022;1078.6;25.693;0;0;3.1644;22.528;1075.2;1.2448;0.0179;0.0023;1.1242;0.1004;1076.4;2.1572;1.8459;0.2387;0.069;0.0035;1081;921.1;119.11;33.331;1.6334;332.51;263.68;111.26;2.3767;3.8266;55.044;5.8281;56.494;0;1;0;0;1.4225;0.9767;1;1;0.916;0.0716;0.9988;1;1;0.9674;0.9421;0.998;0.998;1;0.998;0.998;0.9737;0.8844;0.0673;3.3161;3.3719;0.0203;0.0052;0.4984;0.0199;0.0707;0.0093;0;0;0.088;0;2.5321;0;0;0;0;0;0;0;0;0;0;0;0;0.0569;0.0244;2.6667;2.6667;0;67.033;67.033;45.023;0.0419;2902.2;918.88;1;0.0466;0.0466;0;0;0;0;0;0;2.6201;2.5321;0;15.319;17.74;14.546;16.844;98.253;98.253;26.502;21.313;20.237;5.1899;1.0757;0.1958;0.0406;0.7636;28.15;0.7361;0
16/12/21 09:00;56.803;-78.999;5.9971;57.288;32.712;-90;-32.712;930.61;153.5;777.11;23.4;3.8101;0;923.6;48.281;120.11;0;15.498;1107.5;0;1107.5;923.6;120.11;48.281;15.498;0.834;0.0576;0;0.014;1091.3;16.227;0;0;2.4619;13.765;1087.1;1.9689;0.1909;0.0248;1.4799;0.2732;1089.1;2.1825;1.8472;0.2402;0.0916;0.0035;1091.4;921.56;119.85;44.248;1.4561;482.38;382.53;162.52;0.9897;5.3193;76.516;4.3044;80.846;0;1;0;0;1.1901;0.9853;1;1;0.949;0.1118;0.9982;0.9998;1;0.9676;0.842;0.998;0.998;1;0.998;0.998;0.9816;0.9165;0.094;3.3258;3.4485;0.0208;0.0067;0.5339;0.0202;0.0717;0.0128;0;0;0.088;0;2.5642;0;0;0;0;0;0;0;0;0;0;0;0;0.0577;0.0255;2.6993;2.6993;0;68.998;68.998;45.598;0.0419;2966.7;909.88;1;0.0471;0.0471;0;0;0;0;0;0;2.6522;2.5642;0;15.462;17.904;14.688;17.008;98.254;98.254;26.58;21.573;20.493;5.0067;1.0799;0.1884;0.0406;0.771;32.444;0.7331;0
16/12/21 10:00;68.405;-62.503;9.7836;70.653;19.347;-90;-19.347;1053.7;173.9;879.79;24.04;3.8901;0;932.45;55.632;123.64;0;6.2476;1118;0;1118;932.45;123.64;55.632;6.2476;0.8341;0.0554;0;0.0056;1111.5;6.4532;0;0;1.2215;5.2316;1106.8;2.4762;0.3145;0.0417;1.8958;0.2243;1109.3;2.223;1.8649;0.2473;0.1088;0.002;1108.3;930.27;123.35;52.406;0.7896;597.6;473.89;200.4;0.1781;6.5828;94.691;1.4893;101.1;0;1;0;0;1.061;0.9942;1;1;0.978;0.1626;0.9978;0.9997;1;0.9651;0.7788;0.998;0.998;1;0.998;0.998;0.99;0.942;0.1264;3.3572;3.5377;0.0213;0.0086;0.5668;0.0206;0.073;0.0157;0;0;0.088;0;2.6101;0;0;0;0;0;0;0;0;0;0;0;0;0.0588;0.0267;2.7461;2.7461;0;70.525;70.525;46.485;0.042;3041.7;902.82;1;0.048;0.048;0;0;0;0;0;0;2.6981;2.6101;0;15.582;18.044;14.811;17.15;98.251;98.251;26.831;21.947;20.86;4.884;1.0871;0.182;0.0405;0.7775;34.459;0.7311;0
16/12/21 11:00;77.161;-24.802;11.638;84.539;5.4612;-90;-5.4612;1104.1;182.2;921.9;25.03;3.7401;0;926.1;59.929;122.69;0;0.5262;1109.2;0;1109.2;926.1;122.69;59.929;0.5262;0.8349;0.0545;0;0.0005;1108.6;0.6014;0;0;0.1617;0.4397;1103.4;3.0291;0.3715;0.0492;2.589;0.0193;1106.4;2.2173;1.8522;0.2454;0.1195;0.0002;1103.5;923.88;122.39;57.059;0.067;649.32;514.91;218.76;0.0011;7.0738;101.75;0.0566;108.83;0;1;0;0;1.0047;0.9995;1;1;0.9973;0.1644;0.9973;0.9996;1;0.9566;0.7764;0.998;0.998;1;0.998;0.998;0.9947;0.9521;0.1274;3.3311;3.538;0.0213;0.0086;0.5781;0.0205;0.0727;0.0168;0;0;0.088;0;2.5989;0;0;0;0;0;0;0;0;0;0;0;0;0.0586;0.0267;2.7346;2.7346;0;71.405;71.405;46.376;0.042;3041.4;899.12;1;0.0476;0.0476;0;0;0;0;0;0;2.6869;2.5989;0;15.639;18.109;14.863;17.211;98.258;98.258;26.622;21.855;20.771;4.7673;1.084;0.1791;0.0407;0.7802;35.612;0.7301;0
16/12/21 12:00;75.76;36.519;11.402;81.412;8.5883;90;8.5883;1106.1;182.5;923.6;26.39;3.5999;0;934.08;58.884;124.68;0;1.3023;1118.9;0;1118.9;934.08;124.68;58.884;1.3023;0.8348;0.0538;0;0.0012;1117.5;1.4198;0;0;0.3322;1.0877;1112.4;2.9017;0.3671;0.049;2.4373;0.0482;1115.3;2.2351;1.8682;0.2494;0.1171;0.0004;1112.6;931.84;124.39;55.998;0.166;647.67;513.6;213.95;0.0096;7.3331;105.48;0.2268;112.81;0;1;0;0;1.0116;0.9987;1;1;0.9944;0.1648;0.9974;0.9996;1;0.9583;0.7751;0.998;0.998;1;0.998;0.998;0.9941;0.951;0.1275;3.3602;3.5735;0.0215;0.0095;0.6072;0.0205;0.0729;0.0173;0;0;0.088;0;2.6031;0;0;0;0;0;0;0;0;0;0;0;0;0.0587;0.0272;2.7387;2.7387;0;73.215;73.215;46.825;0.0421;3071.3;891.68;1;0.0475;0.0475;0;0;0;0;0;0;2.6911;2.6031;0;15.526;17.979;14.758;17.089;98.265;98.265;26.855;21.887;20.804;4.9674;1.083;0.185;0.0403;0.7747;35.184;0.7236;0
16/12/21 13:00;65.927;67.193;9.0977;67.617;22.383;90;22.383;1038.7;170.9;867.79;26.6;3.5801;0;938.5;53.646;124.54;0;8.2171;1124.9;0;1124.9;938.5;124.54;53.646;8.2171;0.8343;0.055;0;0.0073;1116.4;8.4664;0;0;1.4946;6.9718;1111.8;2.3623;0.2943;0.0391;1.7628;0.2661;1114.2;2.2329;1.877;0.2491;0.1043;0.0025;1113.9;936.33;124.25;50.284;0.9767;580.52;460.35;194.22;0.291;6.4318;92.519;2.0406;98.66;0;1;0;0;1.083;0.9925;1;1;0.9721;0.1516;0.9979;0.9997;1;0.9661;0.7859;0.998;0.998;1;0.998;0.998;0.9884;0.9373;0.1189;3.3781;3.5499;0.0214;0.0089;0.6058;0.0204;0.0723;0.0152;0;0;0.088;0;2.5857;0;0;0;0;0;0;0;0;0;0;0;0;0.0583;0.0269;2.7208;2.7208;0;73.409;73.409;46.809;0.0421;3052.4;891.35;1;0.0471;0.0471;0;0;0;0;0;0;2.6737;2.5857;0;15.343;17.767;14.581;16.885;98.269;98.269;26.998;21.744;20.665;5.2534;1.0796;0.1946;0.04;0.7654;33.74;0.721;0
16/12/21 14:00;54.105;81.596;4.9158;54.398;35.602;90;35.602;895.09;157.4;737.7;27.46;3.5199;0;907.29;50.571;124.97;0;17.568;1100.4;0;1100.4;907.29;124.97;50.571;17.568;0.8245;0.0619;0;0.016;1081.6;18.807;0;0;2.9509;15.857;1077.5;1.9409;0.1537;0.0212;1.5336;0.2323;1079.4;2.1632;1.8146;0.2499;0.0952;0.0034;1082.3;905.32;124.7;45.991;1.4755;450.52;357.26;153.73;1.3858;4.8717;70.077;4.8088;73.563;0;1;0;0;1.2294;0.9829;1;1;0.9416;0.0974;0.9982;0.9998;1;0.9677;0.864;0.998;0.998;1;0.998;0.998;0.9792;0.9094;0.084;3.3045;3.4075;0.0205;0.0059;0.5747;0.0196;0.0697;0.0115;0;0;0.088;0;2.4916;0;0;0;0;0;0;0;0;0;0;0;0;0.0561;0.0249;2.6246;2.6246;0;72.797;72.797;45.337;0.0421;2932.5;895;1;0.0449;0.0449;0;0;0;0;0;0;2.5796;2.4916;0;15.13;17.52;14.364;16.633;98.288;98.288;26.41;20.975;19.913;5.4342;1.0624;0.2058;0.0402;0.754;34.741;0.7197;0
16/12/21 15:00;41.873;91.127;0.8393;41.878;48.122;90;48.122;712.7;152.1;560.6;28.2;3.32;0;839.79;51.306;135.66;0;24.879;1051.6;0;1051.6;839.79;135.66;51.306;24.879;0.7986;0.0724;0;0.0237;1023.7;27.946;0;0;4.6988;23.248;1020;1.6365;0.0243;0.0039;1.5308;0.0774;1021.6;2.0474;1.6796;0.2713;0.0932;0.0033;1026;838.09;135.39;44.983;1.5502;290.26;230.17;95.105;3.9566;3.5938;51.696;5.9444;51.333;0;1;0;0;1.4756;0.9734;1;1;0.9084;0.0656;0.9984;1;1;0.9671;0.9525;0.998;0.998;1;0.998;0.998;0.9699;0.8768;0.0623;3.1581;3.1991;0.0193;0.0023;0.5203;0.0186;0.066;0.0086;0;0;0.088;0;2.3589;0;0;0;0;0;0;0;0;0;0;0;0;0.0531;0.0221;2.4888;2.4888;0;71.052;71.052;42.852;0.042;2754.6;903.51;1;0.042;0.042;0;0;0;0;0;0;2.4469;2.3589;0;15.013;17.385;14.229;16.477;98.314;98.314;25.239;19.891;18.852;5.3487;1.0386;0.2119;0.0411;0.7469;39.323;0.7204;0
16/12/21 16:00;29.664;99.009;7.8203;29.971;60;90;60;496.9;154.9;342;28.2;3.13;0;684.62;59.259;151.9;0;26.087;921.87;0;921.87;684.62;151.9;59.259;26.087;0.7426;0.0926;0;0.0283;889.92;31.943;0;0;7.4734;24.47;885.98;2.1632;0.1846;0.041;1.8277;0.11;888.14;1.7798;1.3692;0.3038;0.1036;0.0032;890.41;683.06;151.56;49.855;1.5043;126.25;100.12;45.181;9.9136;1.8479;26.581;4.4246;18.516;0;1;0;0;1.8552;0.9653;1;1;0.8739;0.062;0.9976;0.9997;1;0.9646;0.9319;0.998;0.998;1;0.998;0.998;0.9611;0.8413;0.0577;2.7684;2.7378;0.0165;-0.0018;0.3893;0.0163;0.0579;0.0045;0;0;0.088;0;2.0685;0;0;0;0;0;0;0;0;0;0;0;0;0.0467;0.0164;2.192;2.192;0;65.239;65.239;37.039;0.0418;2358.7;929.33;1;0.0355;0.0355;0;0;0;0;0;0;2.1565;2.0685;0;15.084;17.466;14.234;16.482;98.381;98.381;22.125;17.518;16.531;4.6066;0.987;0.2082;0.0446;0.7472;51.589;0.7314;0
16/12/21 17:00;17.707;106.48;42.469;18.415;31.595;90;31.595;264.4;149.2;115.2;27.85;2.3801;0;279.39;101.05;97.164;0;4.1151;481.72;0;481.72;279.39;97.164;101.05;4.1151;0.58;0.2183;0;0.0085;473.19;8.5301;0;0;4.8852;3.6448;465.92;6.3212;2.3222;0.8076;3.1127;0.0787;472.24;0.9464;0.5588;0.1943;0.1923;0.0009;466.46;276.51;96.162;92.861;0.3906;68.117;54.016;22.991;1.8313;0.8584;12.348;0.5365;11.375;0;1;0;0;1.8219;0.9823;1;1;0.9517;0.1143;0.9866;0.9917;1;0.9676;0.8323;0.998;0.998;1;0.998;0.998;0.9672;0.9189;0.0949;1.4466;1.4309;0.0086;0.0073;0.1124;0.0091;0.0323;0.0022;0;0;0.088;0;1.1212;0;0;0;0;0;0;0;0;0;0;0;0;0.026;0.0049;1.228;1.228;0;47.072;47.072;19.222;0.0413;1231.9;996.81;1;0.0188;0.0188;0;0;0;0;0;0;1.2092;1.1212;0;16.171;18.726;14.765;17.098;98.471;98.471;11.561;9.8143;8.9609;1.7469;0.8534;0.1511;0.0738;0.7751;67.356;0.7605;0
16/12/21 18:00;6.211;114.24;74.788;6.8062;9.8975;90;9.8975;59.698;57.2;2.4976;26.57;2.59;0;6.0575;55.845;2.2704;0;0.0933;64.266;0;64.266;6.0575;2.2704;55.845;0.0933;0.0943;0.8704;0;0.0015;63.79;0.4766;0;0;0.3987;0.0779;59.887;3.7757;1.0965;0.411;2.2648;0.0035;63.662;0.1276;0.0121;0.0045;0.1109;0;59.901;4.9489;1.8549;53.071;0.0119;33.484;26.553;10.585;0.0156;0.411;5.9127;0.0148;6.3081;0;1;0;0;1.0765;0.9926;1;1;0.9929;0.165;0.9407;0.8186;1;0.9591;0.7748;0.998;0.998;1;0.998;0.998;0.9318;0.9503;0.1276;0.193;0.1929;0.0012;0.0149;0.0029;0.0012;0.0043;0.0011;0;0;0.088;0;0.0701;0;0;0;0;0;0;0;0;0;0;0;0;0.0035;0.0002;0.1636;0.1636;0;29.048;29.048;2.4775;0.0414;163.56;1000.5;1;0.0056;0.0056;0;0;0;0;0;0;0.1581;0.0701;0;16.152;18.704;6.9149;8.0073;96.588;96.588;1.5424;1.3078;0.5599;0.2346;0.7479;0.1521;0.4849;0.363;33.467;0.3396;0
16/12/21 19:00;0.354;118.68;89.142;0.4035;0.5751;90;0.5751;0;0;0;23.08;2.76;0;0;0;0;0;0;0;0;0;0;0;0;0;1;1;1;1;0;0;0;0;0;0;0;0;0;0;0;0;0;0;0;0;0;0;0;0;0;0;0;0;0;0;0;0;0;0;0;0;0;0;0;1;1;1;1;1;1;1;1;1;1;1;1;1;1;1;1;1;1;1;0;0;0;0;0;0;0;0;0;0.0004;0.088;0;-0.0884;0;0;0;0;0;0;0;0;0;0;0;0;0;0;0;0;0;0;0;-23.08;0;0;0;0;0.0004;0;0;0;0;0;0;0;-0.0004;-0.0884;0;0;0;0;0;0;0;0;0;-0.7063;0;0.7063;1;1;0;0;0;0
16/12/21 20:00;0;0;90;0;0;90;0;0;0;0;17.07;2.6901;0;0;0;0;0;0;0;0;0;0;0;0;0;1;1;1;1;0;0;0;0;0;0;0;0;0;0;0;0;0;0;0;0;0;0;0;0;0;0;0;0;0;0;0;0;0;0;0;0;0;0;0;1;1;1;1;1;1;1;1;1;1;1;1;1;1;1;1;1;1;1;0;0;0;0;0;0;0;0;0;0.0004;0.088;0;-0.0884;0;0;0;0;0;0;0;0;0;0;0;0;0;0;0;0;0;0;0;-17.07;0;0;0;0;0.0004;0;0;0;0;0;0;0;-0.0004;-0.0884;0;0;0;0;0;0;0;0;0;-0.7063;0;0.7063;1;1;0;0;0;0
16/12/21 21:00;0;0;90;0;0;90;0;0;0;0;14.82;2.4799;0;0;0;0;0;0;0;0;0;0;0;0;0;1;1;1;1;0;0;0;0;0;0;0;0;0;0;0;0;0;0;0;0;0;0;0;0;0;0;0;0;0;0;0;0;0;0;0;0;0;0;0;1;1;1;1;1;1;1;1;1;1;1;1;1;1;1;1;1;1;1;0;0;0;0;0;0;0;0;0;0.0004;0.088;0;-0.0884;0;0;0;0;0;0;0;0;0;0;0;0;0;0;0;0;0;0;0;-14.82;0;0;0;0;0.0004;0;0;0;0;0;0;0;-0.0004;-0.0884;0;0;0;0;0;0;0;0;0;-0.7063;0;0.7063;1;1;0;0;0;0
16/12/21 22:00;0;0;90;0;0;90;0;0;0;0;14.59;2.7701;0;0;0;0;0;0;0;0;0;0;0;0;0;1;1;1;1;0;0;0;0;0;0;0;0;0;0;0;0;0;0;0;0;0;0;0;0;0;0;0;0;0;0;0;0;0;0;0;0;0;0;0;1;1;1;1;1;1;1;1;1;1;1;1;1;1;1;1;1;1;1;0;0;0;0;0;0;0;0;0;0.0004;0.088;0;-0.0884;0;0;0;0;0;0;0;0;0;0;0;0;0;0;0;0;0;0;0;-14.59;0;0;0;0;0.0004;0;0;0;0;0;0;0;-0.0004;-0.0884;0;0;0;0;0;0;0;0;0;-0.7063;0;0.7063;1;1;0;0;0;0
16/12/21 23:00;0;0;90;0;0;90;0;0;0;0;17.8;4.04;0;0;0;0;0;0;0;0;0;0;0;0;0;1;1;1;1;0;0;0;0;0;0;0;0;0;0;0;0;0;0;0;0;0;0;0;0;0;0;0;0;0;0;0;0;0;0;0;0;0;0;0;1;1;1;1;1;1;1;1;1;1;1;1;1;1;1;1;1;1;1;0;0;0;0;0;0;0;0;0;0.0004;0.088;0;-0.0884;0;0;0;0;0;0;0;0;0;0;0;0;0;0;0;0;0;0;0;-17.8;0;0;0;0;0.0004;0;0;0;0;0;0;0;-0.0004;-0.0884;0;0;0;0;0;0;0;0;0;-0.7063;0;0.7063;1;1;0;0;0;0
17/12/21 00:00;0;0;90;0;0;90;0;0;0;0;17.1;5.05;0;0;0;0;0;0;0;0;0;0;0;0;0;1;1;1;1;0;0;0;0;0;0;0;0;0;0;0;0;0;0;0;0;0;0;0;0;0;0;0;0;0;0;0;0;0;0;0;0;0;0;0;1;1;1;1;1;1;1;1;1;1;1;1;1;1;1;1;1;1;1;0;0;0;0;0;0;0;0;0;0.0004;0.088;0;-0.0884;0;0;0;0;0;0;0;0;0;0;0;0;0;0;0;0;0;0;0;-17.1;0;0;0;0;0.0004;0;0;0;0;0;0;0;-0.0004;-0.0884;0;0;0;0;0;0;0;0;0;-0.7063;0;0.7063;1;1;0;0;0;0
17/12/21 01:00;0;0;90;0;0;90;0;0;0;0;17;5.3;0;0;0;0;0;0;0;0;0;0;0;0;0;1;1;1;1;0;0;0;0;0;0;0;0;0;0;0;0;0;0;0;0;0;0;0;0;0;0;0;0;0;0;0;0;0;0;0;0;0;0;0;1;1;1;1;1;1;1;1;1;1;1;1;1;1;1;1;1;1;1;0;0;0;0;0;0;0;0;0;0.0004;0.088;0;-0.0884;0;0;0;0;0;0;0;0;0;0;0;0;0;0;0;0;0;0;0;-17;0;0;0;0;0.0004;0;0;0;0;0;0;0;-0.0004;-0.0884;0;0;0;0;0;0;0;0;0;-0.7063;0;0.7063;1;1;0;0;0;0
17/12/21 02:00;0;0;90;0;0;90;0;0;0;0;15.46;5.2699;0;0;0;0;0;0;0;0;0;0;0;0;0;1;1;1;1;0;0;0;0;0;0;0;0;0;0;0;0;0;0;0;0;0;0;0;0;0;0;0;0;0;0;0;0;0;0;0;0;0;0;0;1;1;1;1;1;1;1;1;1;1;1;1;1;1;1;1;1;1;1;0;0;0;0;0;0;0;0;0;0.0004;0.088;0;-0.0884;0;0;0;0;0;0;0;0;0;0;0;0;0;0;0;0;0;0;0;-15.46;0;0;0;0;0.0004;0;0;0;0;0;0;0;-0.0004;-0.0884;0;0;0;0;0;0;0;0;0;-0.7063;0;0.7063;1;1;0;0;0;0
17/12/21 03:00;0;0;90;0;0;90;0;0;0;0;14.47;5.3499;0;0;0;0;0;0;0;0;0;0;0;0;0;1;1;1;1;0;0;0;0;0;0;0;0;0;0;0;0;0;0;0;0;0;0;0;0;0;0;0;0;0;0;0;0;0;0;0;0;0;0;0;1;1;1;1;1;1;1;1;1;1;1;1;1;1;1;1;1;1;1;0;0;0;0;0;0;0;0;0;0.0004;0.088;0;-0.0884;0;0;0;0;0;0;0;0;0;0;0;0;0;0;0;0;0;0;0;-14.47;0;0;0;0;0.0004;0;0;0;0;0;0;0;-0.0004;-0.0884;0;0;0;0;0;0;0;0;0;-0.7063;0;0.7063;1;1;0;0;0;0
17/12/21 04:00;1.6233;-117.73;86.061;1.8337;2.6173;-90;-2.6173;0;0;0;13.86;5.7301;0;0;0;0;0;0;0;0;0;0;0;0;0;1;1;1;1;0;0;0;0;0;0;0;0;0;0;0;0;0;0;0;0;0;0;0;0;0;0;0;0;0;0;0;0;0;0;0;0;0;0;0;1;1;1;1;1;1;1;1;1;1;1;1;1;1;1;1;1;1;1;0;0;0;0;0;0;0;0;0;0.0004;0.088;0;-0.0884;0;0;0;0;0;0;0;0;0;0;0;0;0;0;0;0;0;0;0;-13.86;0;0;0;0;0.0004;0;0;0;0;0;0;0;-0.0004;-0.0884;0;0;0;0;0;0;0;0;0;-0.7063;0;0.7063;1;1;0;0;0;0
17/12/21 05:00;8.6563;-112.55;68.591;9.3606;13.872;-90;-13.872;114;21.898;92.106;14.37;5.94;0;223.38;12.218;23.038;0;0.3491;258.99;0;258.99;223.38;23.038;12.218;0.3491;0.8625;0.0485;0;0.0013;258.54;0.4444;0;0;0.1533;0.2911;234.76;23.266;20.66;2.1307;0.4625;0.013;258.03;0.5171;0.4468;0.0461;0.0241;0.0001;234.77;202.28;20.861;11.578;0.0449;7.9042;6.268;2.6047;0.012;0.0907;1.3044;0.0079;1.383;0;1;0;0;2.2717;0.9983;1;1;0.9875;0.1663;0.9098;0.9073;1;0.9616;0.7755;0.998;0.998;1;0.998;0.998;0.9065;0.9476;0.1287;0.7777;0.7098;0.0043;0.0168;-0.0028;0.0048;0.0172;0.0003;0;0;0.088;0;0.5545;0;0;0;0;0;0;0;0;0;0;0;0;0.0138;0.0014;0.654;0.654;0;23.911;23.911;9.5409;0.0406;608.02;1075.6;1;0.0115;0.0115;0;0;0;0;0;0;0.6425;0.5545;0;16.019;18.55;13.583;15.728;98.246;98.246;6.2157;5.2268;4.4318;0.9889;0.795;0.1591;0.1279;0.713;7.4064;0.7103;0
17/12/21 06:00;20.269;-104.9;32.842;20.914;39.054;-90;-39.054;325.6;58.098;267.5;18.45;6.0401;0;648.77;23.36;77.125;0;7.6392;756.9;0;756.9;648.77;77.125;23.36;7.6392;0.8571;0.041;0;0.0101;748.34;8.5533;0;0;1.5713;6.982;744.12;2.7237;1.7471;0.2077;0.7029;0.066;746.85;1.4967;1.2975;0.1543;0.0436;0.0013;744.34;645.73;76.763;21.042;0.5898;17.973;14.252;6.4605;0.8783;0.2265;3.2587;0.2152;2.6069;0;1;0;0;2.3246;0.9887;1;1;0.9327;0.086;0.9964;0.9973;1;0.9677;0.8993;0.998;0.998;1;0.998;0.998;0.9831;0.9008;0.0772;2.273;2.2487;0.0135;-0.0013;0.1908;0.0143;0.0508;0.0006;0;0;0.088;0;1.8084;0;0;0;0;0;0;0;0;0;0;0;0;0.0409;0.0113;1.9278;1.9278;0;49.15;49.15;30.7;0.0413;1937.6;994.95;1;0.0313;0.0313;0;0;0;0;0;0;1.8964;1.8084;0;16.157;18.709;15.157;17.551;98.375;98.375;18.166;15.407;14.453;2.7588;0.9537;0.1519;0.0525;0.7956;16.506;0.7931;0
17/12/21 07:00;32.295;-97.414;6.2621;32.513;57.487;-90;-57.487;553.3;91.098;462.2;21.31;5.55;0;859.92;27.088;103.93;0;26.87;1017.8;0;1017.8;859.92;103.93;27.088;26.87;0.8449;0.053;0;0.0264;989.43;28.377;0;0;3.2041;25.173;986.33;1.1225;0.1856;0.0224;0.8263;0.0881;987.45;1.9789;1.7198;0.2079;0.0478;0.0034;991.05;858.02;103.7;23.01;1.6052;145.5;115.39;47.935;3.8947;1.909;27.46;4.7213;25.474;0;1;0;0;1.8395;0.9721;1;1;0.8817;0.0631;0.9989;0.9998;1;0.9653;0.9479;0.998;0.998;1;0.998;0.998;0.9691;0.8494;0.0597;3.0565;3.0428;0.0183;0.0003;0.4008;0.0184;0.0651;0.0047;0;0;0.088;0;2.3324;0;0;0;0;0;0;0;0;0;0;0;0;0.0524;0.0201;2.4627;2.4627;0;62.45;62.45;41.14;0.0417;2619;940.32;1;0.0423;0.0423;0;0;0;0;0;0;2.4204;2.3324;0;15.349;17.774;14.537;16.834;98.283;98.283;24.427;19.682;18.641;4.7456;1.0412;0.1943;0.0426;0.7631;22.911;0.748;0
17/12/21 08:00;44.531;-89.323;0.4829;44.533;45.467;-90;-45.467;754.9;124.6;630.3;23.27;4.6199;0;898.74;38.466;113.19;0;23.675;1074.1;0;1074.1;898.74;113.19;38.466;23.675;0.8368;0.0579;0;0.022;1048.8;25.221;0;0;3.2379;21.983;1045.5;1.2613;0.015;0.0019;1.1474;0.0971;1046.7;2.0977;1.7975;0.2264;0.0705;0.0034;1051.2;896.92;112.96;34.01;1.5915;323.24;256.33;108.15;2.4401;3.7286;53.634;5.693;54.922;0;1;0;0;1.4228;0.9765;1;1;0.9158;0.0715;0.9988;1;1;0.9674;0.9425;0.998;0.998;1;0.998;0.998;0.9734;0.8842;0.0672;3.2254;3.2791;0.0197;0.0036;0.4853;0.0194;0.0688;0.0091;0;0;0.088;0;2.4619;0;0;0;0;0;0;0;0;0;0;0;0;0.0554;0.0231;2.5948;2.5948;0;67.048;67.048;43.778;0.0419;2822.2;919.4;1;0.0449;0.0449;0;0;0;0;0;0;2.5499;2.4619;0;15.325;17.746;14.54;16.837;98.27;98.27;25.778;20.737;19.675;5.0402;1.0621;0.1955;0.0412;0.7633;28.752;0.7358;0
17/12/21 09:00;56.726;-79.153;5.9264;57.198;32.802;-90;-32.802;917.6;151.4;766.2;25.62;4.1;0;911.55;48.819;117.01;0;15.363;1092.7;0;1092.7;911.55;117.01;48.819;15.363;0.8342;0.0587;0;0.0141;1076.6;16.151;0;0;2.5001;13.651;1072.5;1.9748;0.1862;0.0239;1.4958;0.2688;1074.4;2.1532;1.8231;0.234;0.0926;0.0034;1076.6;909.54;116.75;44.731;1.4396;475.36;376.96;161.88;1.0101;5.132;73.822;4.1802;77.944;0;1;0;0;1.1909;0.9852;1;1;0.9488;0.1114;0.9982;0.9998;1;0.9676;0.8427;0.998;0.998;1;0.998;0.998;0.9814;0.9163;0.0937;3.2815;3.3983;0.0205;0.0057;0.5469;0.0198;0.0701;0.0123;0;0;0.088;0;2.5083;0;0;0;0;0;0;0;0;0;0;0;0;0.0565;0.0248;2.6419;2.6419;0;70.665;70.665;45.045;0.042;2924.1;903.5;1;0.0456;0.0456;0;0;0;0;0;0;2.5963;2.5083;0;15.337;17.76;14.561;16.862;98.275;98.275;26.226;21.114;20.046;5.1118;1.0675;0.1949;0.0407;0.7644;32.827;0.7276;0
17/12/21 10:00;68.342;-62.759;9.7256;70.554;19.446;-90;-19.446;1040.5;171.7;868.79;27.38;4.0501;0;921.35;56.278;120.65;0;6.2319;1104.5;0;1104.5;921.35;120.65;56.278;6.2319;0.8342;0.0566;0;0.0056;1098;6.4655;0;0;1.2463;5.2192;1093.4;2.4869;0.3089;0.0404;1.9141;0.2235;1095.8;2.1961;1.8427;0.2413;0.1101;0.002;1094.8;919.19;120.37;53.008;0.7872;589.9;467.79;197.82;0.1834;6.4983;93.476;1.4878;99.791;0;1;0;0;1.0615;0.9941;1;1;0.9779;0.1625;0.9977;0.9997;1;0.9651;0.7789;0.998;0.998;1;0.998;0.998;0.9899;0.9419;0.1263;3.3168;3.4946;0.021;0.0077;0.5967;0.0201;0.0712;0.0153;0;0;0.088;0;2.545;0;0;0;0;0;0;0;0;0;0;0;0;0.0574;0.0261;2.6791;2.6791;0;73.409;73.409;46.029;0.0421;3005;891.55;1;0.0461;0.0461;0;0;0;0;0;0;2.633;2.545;0;15.387;17.818;14.617;16.926;98.279;98.279;26.508;21.411;20.34;5.0968;1.0718;0.1923;0.0404;0.7673;34.875;0.7216;0
17/12/21 11:00;77.154;-25.311;11.595;84.432;5.5685;-90;-5.5685;1087.4;179;908.4;28.91;4.12;0;912.7;60.638;118.78;0;0.5388;1092.7;0;1092.7;912.7;118.78;60.638;0.5388;0.8353;0.056;0;0.0005;1092;0.619;0;0;0.1688;0.4502;1086.8;3.0483;0.3648;0.0475;2.6162;0.0198;1089.9;2.1841;1.8254;0.2376;0.1209;0.0002;1086.9;910.51;118.49;57.732;0.0687;639.44;507.07;215.42;0.0013;6.9672;100.22;0.0595;107.19;0;1;0;0;1.0048;0.9994;1;1;0.9972;0.1645;0.9972;0.9996;1;0.9566;0.7764;0.998;0.998;1;0.998;0.998;0.9946;0.9521;0.1274;3.2812;3.4848;0.021;0.0075;0.6116;0.0199;0.0706;0.0164;0;0;0.088;0;2.5217;0;0;0;0;0;0;0;0;0;0;0;0;0.0569;0.026;2.6551;2.6551;0;74.712;74.712;45.802;0.0421;2995.9;886.23;1;0.0454;0.0454;0;0;0;0;0;0;2.6097;2.5217;0;15.414;17.85;14.64;16.953;98.29;98.29;26.224;21.219;20.153;5.0045;1.0661;0.1908;0.0407;0.7685;36.039;0.7191;0
17/12/21 12:00;75.847;36.225;11.376;81.524;8.4757;90;8.4757;1080.7;178.4;902.29;30.29;4.0501;0;912.26;60.395;118.97;0;1.2393;1092.9;0;1092.9;912.26;118.97;60.395;1.2393;0.8347;0.0564;0;0.0011;1091.5;1.3684;0;0;0.3334;1.0351;1086.4;2.9543;0.3577;0.0467;2.5041;0.0458;1089.3;2.183;1.8245;0.2379;0.1201;0.0004;1086.6;910.08;118.69;57.438;0.158;632.93;501.91;212.88;0.0094;6.9194;99.533;0.2067;106.44;0;1;0;0;1.0113;0.9987;1;1;0.9945;0.1648;0.9973;0.9996;1;0.9582;0.7751;0.998;0.998;1;0.998;0.998;0.994;0.951;0.1275;3.2819;3.4825;0.021;0.0074;0.6291;0.0198;0.0701;0.0161;0;0;0.088;0;2.5037;0;0;0;0;0;0;0;0;0;0;0;0;0.0565;0.0259;2.6365;2.6365;0;76.127;76.127;45.837;0.0422;2993.8;880.65;1;0.0448;0.0448;0;0;0;0;0;0;2.5917;2.5037;0;15.304;17.721;14.533;16.829;98.301;98.301;26.229;21.071;20.009;5.1579;1.0614;0.1967;0.0405;0.7629;36.078;0.7142;0
17/12/21 13:00;66.036;67.115;9.0879;67.731;22.269;90;22.269;1017.6;170.5;847.09;31.5;3.7301;0;915.37;56.286;121.07;0;7.9692;1100.7;0;1100.7;915.37;121.07;56.286;7.9692;0.8316;0.0584;0;0.0072;1092.4;8.3135;0;0;1.5553;6.7581;1087.8;2.4355;0.2868;0.0379;1.8515;0.2593;1090.2;2.1847;1.8307;0.2421;0.1095;0.0024;1089.7;913.25;120.79;52.77;0.9493;569.26;451.42;190.39;0.2995;6.312;90.795;1.977;96.808;0;1;0;0;1.0817;0.9924;1;1;0.9724;0.152;0.9978;0.9997;1;0.9661;0.7855;0.998;0.998;1;0.998;0.998;0.9882;0.9375;0.1191;3.3054;3.4736;0.0209;0.0072;0.6443;0.0196;0.0695;0.0146;0;0;0.088;0;2.4834;0;0;0;0;0;0;0;0;0;0;0;0;0.056;0.0258;2.6155;2.6155;0;77.447;77.447;45.947;0.0422;2989.2;875;1;0.0442;0.0442;0;0;0;0;0;0;2.5714;2.4834;0;15.074;17.456;14.313;16.574;98.312;98.312;26.416;20.903;19.847;5.5132;1.0562;0.2087;0.04;0.7513;35.378;0.7076;0
17/12/21 14:00;54.216;81.564;4.921;54.512;35.488;90;35.488;886.21;161.5;724.7;32.7;3.31;0;890.04;53.732;125.6;0;17.286;1086.7;0;1086.7;890.04;125.6;53.732;17.286;0.8191;0.0654;0;0.0159;1068;18.714;0;0;3.1197;15.594;1063.8;2.0338;0.151;0.0213;1.6301;0.2314;1065.8;2.1359;1.7801;0.2512;0.1012;0.0034;1068.5;888.11;125.33;48.881;1.4571;447.13;354.58;152.56;1.456;4.8409;69.635;4.7344;73.02;0;1;0;0;1.2262;0.9828;1;1;0.9419;0.0979;0.9981;0.9998;1;0.9677;0.863;0.998;0.998;1;0.998;0.998;0.9789;0.9097;0.0843;3.2633;3.3651;0.0203;0.0051;0.6272;0.019;0.0673;0.0112;0;0;0.088;0;2.4061;0;0;0;0;0;0;0;0;0;0;0;0;0.0542;0.0243;2.5364;2.5364;0;77.639;77.639;44.94;0.0422;2898.8;875;1;0.0423;0.0423;0;0;0;0;0;0;2.4941;2.4061;0;14.807;17.146;14.046;16.265;98.331;98.331;26.08;20.271;19.23;5.8087;1.0415;0.2227;0.0399;0.7373;36.88;0.7036;0
17/12/21 15:00;41.985;91.105;0.8215;41.99;48.01;90;48.01;704.11;159.9;544.21;33.08;2.98;0;813.46;56.488;137.83;0;24.471;1032.2;0;1032.2;813.46;137.83;56.488;24.471;0.788;0.0784;0;0.0237;1004.2;28.019;0;0;5.1559;22.864;1000.4;1.7892;0.023;0.0039;1.6853;0.0769;1002.2;2.0085;1.6269;0.2757;0.1027;0.0032;1006.3;811.81;137.55;49.544;1.5273;289.35;229.45;95.031;4.3205;3.5925;51.677;5.8885;50.948;0;1;0;0;1.466;0.9729;1;1;0.9087;0.0657;0.9982;1;1;0.9671;0.9521;0.998;0.998;1;0.998;0.998;0.9692;0.8771;0.0624;3.0998;3.1399;0.0189;0.0015;0.5591;0.0179;0.0636;0.0084;0;0;0.088;0;2.2705;0;0;0;0;0;0;0;0;0;0;0;0;0.0512;0.0213;2.3979;2.3979;0;75.256;75.256;42.176;0.0422;2704.4;886.67;1;0.0394;0.0394;0;0;0;0;0;0;2.3585;2.2705;0;14.736;17.064;13.954;16.158;98.357;98.357;24.774;19.164;18.146;5.6096;1.0181;0.2264;0.0411;0.7325;43.247;0.706;0
17/12/21 16:00;29.776;98.987;7.7925;30.082;59.918;90;59.918;416.69;227.1;189.6;33.23;2.6901;0;378.26;124.33;122.61;0;21.822;647.02;0;647.02;378.26;122.61;124.33;21.822;0.5846;0.2259;0;0.0337;610.9;36.119;0;0;15.649;20.47;605.62;4.0589;0.1016;0.0329;3.8332;0.0912;609.68;1.2218;0.7565;0.2452;0.2174;0.0027;611.05;377.4;122.33;104.63;1.2581;153.68;121.87;56.014;20.69;2.7436;39.466;5.4243;21.519;0;1;0;0;1.5528;0.9442;1;1;0.8741;0.062;0.9933;0.9997;1;0.9647;0.9324;0.998;0.998;1;0.998;0.998;0.936;0.8416;0.0577;1.943;1.9236;0.0116;0.0012;0.2285;0.0118;0.0418;0.0069;0;0;0.088;0;1.4679;0;0;0;0;0;0;0;0;0;0;0;0;0.0336;0.0084;1.5799;1.5799;0;58.425;58.425;25.195;0.0416;1656.2;953.9;1;0.024;0.024;0;0;0;0;0;0;1.5559;1.4679;0;15.49;17.937;14.392;16.665;98.483;98.483;15.529;12.626;11.732;2.9022;0.8948;0.1869;0.0576;0.7555;108.14;0.7225;0
17/12/21 17:00;17.818;106.46;42.089;18.528;31.886;90;31.886;145.81;138.5;7.306;31.13;1.7699;0;17.719;125.88;5.6851;0;2.3102;151.6;0;151.6;17.719;5.6851;125.88;2.3102;0.1169;0.8456;0;0.0152;143.37;8.2238;0;0;6.1747;2.0491;138.98;4.1048;0.1433;0.046;3.8723;0.0432;143.09;0.2867;0.0354;0.0114;0.2394;0.0005;139.67;17.54;5.6277;115.6;0.2174;84.131;66.716;28.279;2.3539;1.0738;15.446;0.6842;14.165;0;1;0;0;1.0397;0.9458;1;1;0.9509;0.113;0.9713;0.9919;1;0.9676;0.8344;0.998;0.998;1;0.998;0.998;0.9168;0.9183;0.0941;0.4552;0.4532;0.0027;0.0181;0.0197;0.0029;0.0102;0.0028;0;0;0.088;0;0.2923;0;0;0;0;0;0;0;0;0;0;0;0;0.0083;0.0007;0.3879;0.3879;0;36.867;36.867;5.7374;0.0413;386.92;1002.5;1;0.0076;0.0076;0;0;0;0;0;0;0.3803;0.2923;0;16.231;18.795;12.231;14.163;98.042;98.042;3.6383;3.0999;2.3359;0.5384;0.764;0.148;0.21;0.642;84.083;0.5965;0
17/12/21 18:00;6.3195;114.21;74.517;6.9231;10.075;90;10.075;35.397;34.803;0.5935;28.65;1.64;0;1.4394;34.403;0.3226;0;0.0573;36.222;0;36.222;1.4394;0.3226;34.403;0.0573;0.0397;0.9514;0;0.0016;35.921;0.3008;0;0;0.253;0.0478;34.147;1.7029;0.2529;0.0567;1.3912;0.0021;35.85;0.0718;0.0029;0.0006;0.0683;0;34.156;1.1836;0.2653;32.69;0.0073;20.63;16.359;6.5214;0.0103;0.2533;3.6434;0.0095;3.8864;0;1;0;0;1.0233;0.9917;1;1;0.9926;0.1651;0.9525;0.824;1;0.9592;0.7748;0.998;0.998;1;0.998;0.998;0.9427;0.9502;0.1276;0.1088;0.1106;0.0007;0.0118;0.0021;0.0007;0.0024;0.0006;0;0;0.088;0;-0.0016;0;0;0;0;0;0;0;0;0;0;0;0;0.0019;0.0001;0.0903;0.0903;0;30.074;30.074;1.4238;0.0417;92.973;971.41;1;0.004;0.004;0;0;0;0;0;0;0.0864;-0.0016;0;15.817;18.316;-0.287;-0.3323;95.622;95.622;0.8693;0.7218;-0.0131;0.1475;0.7349;0.1697;0.8454;0;20.626;0;0
17/12/21 19:00;0.4606;118.64;88.883;0.5249;0.7482;90;0.7482;0;0;0;23.27;1.8201;0;0;0;0;0;0;0;0;0;0;0;0;0;1;1;1;1;0;0;0;0;0;0;0;0;0;0;0;0;0;0;0;0;0;0;0;0;0;0;0;0;0;0;0;0;0;0;0;0;0;0;0;1;1;1;1;1;1;1;1;1;1;1;1;1;1;1;1;1;1;1;0;0;0;0;0;0;0;0;0;0.0004;0.088;0;-0.0884;0;0;0;0;0;0;0;0;0;0;0;0;0;0;0;0;0;0;0;-23.27;0;0;0;0;0.0004;0;0;0;0;0;0;0;-0.0004;-0.0884;0;0;0;0;0;0;0;0;0;-0.7063;0;0.7063;1;1;0;0;0;0
17/12/21 20:00;0;0;90;0;0;90;0;0;0;0;21.2;2.4799;0;0;0;0;0;0;0;0;0;0;0;0;0;1;1;1;1;0;0;0;0;0;0;0;0;0;0;0;0;0;0;0;0;0;0;0;0;0;0;0;0;0;0;0;0;0;0;0;0;0;0;0;1;1;1;1;1;1;1;1;1;1;1;1;1;1;1;1;1;1;1;0;0;0;0;0;0;0;0;0;0.0004;0.088;0;-0.0884;0;0;0;0;0;0;0;0;0;0;0;0;0;0;0;0;0;0;0;-21.2;0;0;0;0;0.0004;0;0;0;0;0;0;0;-0.0004;-0.0884;0;0;0;0;0;0;0;0;0;-0.7063;0;0.7063;1;1;0;0;0;0
17/12/21 21:00;0;0;90;0;0;90;0;0;0;0;21.83;2.98;0;0;0;0;0;0;0;0;0;0;0;0;0;1;1;1;1;0;0;0;0;0;0;0;0;0;0;0;0;0;0;0;0;0;0;0;0;0;0;0;0;0;0;0;0;0;0;0;0;0;0;0;1;1;1;1;1;1;1;1;1;1;1;1;1;1;1;1;1;1;1;0;0;0;0;0;0;0;0;0;0.0004;0.088;0;-0.0884;0;0;0;0;0;0;0;0;0;0;0;0;0;0;0;0;0;0;0;-21.83;0;0;0;0;0.0004;0;0;0;0;0;0;0;-0.0004;-0.0884;0;0;0;0;0;0;0;0;0;-0.7063;0;0.7063;1;1;0;0;0;0
17/12/21 22:00;0;0;90;0;0;90;0;0;0;0;23.28;3.15;0;0;0;0;0;0;0;0;0;0;0;0;0;1;1;1;1;0;0;0;0;0;0;0;0;0;0;0;0;0;0;0;0;0;0;0;0;0;0;0;0;0;0;0;0;0;0;0;0;0;0;0;1;1;1;1;1;1;1;1;1;1;1;1;1;1;1;1;1;1;1;0;0;0;0;0;0;0;0;0;0.0004;0.088;0;-0.0884;0;0;0;0;0;0;0;0;0;0;0;0;0;0;0;0;0;0;0;-23.28;0;0;0;0;0.0004;0;0;0;0;0;0;0;-0.0004;-0.0884;0;0;0;0;0;0;0;0;0;-0.7063;0;0.7063;1;1;0;0;0;0
17/12/21 23:00;0;0;90;0;0;90;0;0;0;0;20.6;3.2601;0;0;0;0;0;0;0;0;0;0;0;0;0;1;1;1;1;0;0;0;0;0;0;0;0;0;0;0;0;0;0;0;0;0;0;0;0;0;0;0;0;0;0;0;0;0;0;0;0;0;0;0;1;1;1;1;1;1;1;1;1;1;1;1;1;1;1;1;1;1;1;0;0;0;0;0;0;0;0;0;0.0004;0.088;0;-0.0884;0;0;0;0;0;0;0;0;0;0;0;0;0;0;0;0;0;0;0;-20.6;0;0;0;0;0.0004;0;0;0;0;0;0;0;-0.0004;-0.0884;0;0;0;0;0;0;0;0;0;-0.7063;0;0.7063;1;1;0;0;0;0
18/12/21 00:00;0;0;90;0;0;90;0;0;0;0;20.8;3.54;0;0;0;0;0;0;0;0;0;0;0;0;0;1;1;1;1;0;0;0;0;0;0;0;0;0;0;0;0;0;0;0;0;0;0;0;0;0;0;0;0;0;0;0;0;0;0;0;0;0;0;0;1;1;1;1;1;1;1;1;1;1;1;1;1;1;1;1;1;1;1;0;0;0;0;0;0;0;0;0;0.0004;0.088;0;-0.0884;0;0;0;0;0;0;0;0;0;0;0;0;0;0;0;0;0;0;0;-20.8;0;0;0;0;0.0004;0;0;0;0;0;0;0;-0.0004;-0.0884;0;0;0;0;0;0;0;0;0;-0.7063;0;0.7063;1;1;0;0;0;0
18/12/21 01:00;0;0;90;0;0;90;0;0;0;0;20.3;3.6699;0;0;0;0;0;0;0;0;0;0;0;0;0;1;1;1;1;0;0;0;0;0;0;0;0;0;0;0;0;0;0;0;0;0;0;0;0;0;0;0;0;0;0;0;0;0;0;0;0;0;0;0;1;1;1;1;1;1;1;1;1;1;1;1;1;1;1;1;1;1;1;0;0;0;0;0;0;0;0;0;0.0004;0.088;0;-0.0884;0;0;0;0;0;0;0;0;0;0;0;0;0;0;0;0;0;0;0;-20.3;0;0;0;0;0.0004;0;0;0;0;0;0;0;-0.0004;-0.0884;0;0;0;0;0;0;0;0;0;-0.7063;0;0.7063;1;1;0;0;0;0
18/12/21 02:00;0;0;90;0;0;90;0;0;0;0;19.5;3.7301;0;0;0;0;0;0;0;0;0;0;0;0;0;1;1;1;1;0;0;0;0;0;0;0;0;0;0;0;0;0;0;0;0;0;0;0;0;0;0;0;0;0;0;0;0;0;0;0;0;0;0;0;1;1;1;1;1;1;1;1;1;1;1;1;1;1;1;1;1;1;1;0;0;0;0;0;0;0;0;0;0.0004;0.088;0;-0.0884;0;0;0;0;0;0;0;0;0;0;0;0;0;0;0;0;0;0;0;-19.5;0;0;0;0;0.0004;0;0;0;0;0;0;0;-0.0004;-0.0884;0;0;0;0;0;0;0;0;0;-0.7063;0;0.7063;1;1;0;0;0;0
18/12/21 03:00;0;0;90;0;0;90;0;0;0;0;19.9;3.9999;0;0;0;0;0;0;0;0;0;0;0;0;0;1;1;1;1;0;0;0;0;0;0;0;0;0;0;0;0;0;0;0;0;0;0;0;0;0;0;0;0;0;0;0;0;0;0;0;0;0;0;0;1;1;1;1;1;1;1;1;1;1;1;1;1;1;1;1;1;1;1;0;0;0;0;0;0;0;0;0;0.0004;0.088;0;-0.0884;0;0;0;0;0;0;0;0;0;0;0;0;0;0;0;0;0;0;0;-19.9;0;0;0;0;0.0004;0;0;0;0;0;0;0;-0.0004;-0.0884;0;0;0;0;0;0;0;0;0;-0.7063;0;0.7063;1;1;0;0;0;0
18/12/21 04:00;1.5557;-117.82;86.225;1.7588;2.5101;-90;-2.5101;0;0;0;19.88;4.4699;0;0;0;0;0;0;0;0;0;0;0;0;0;1;1;1;1;0;0;0;0;0;0;0;0;0;0;0;0;0;0;0;0;0;0;0;0;0;0;0;0;0;0;0;0;0;0;0;0;0;0;0;1;1;1;1;1;1;1;1;1;1;1;1;1;1;1;1;1;1;1;0;0;0;0;0;0;0;0;0;0.0004;0.088;0;-0.0884;0;0;0;0;0;0;0;0;0;0;0;0;0;0;0;0;0;0;0;-19.88;0;0;0;0;0.0004;0;0;0;0;0;0;0;-0.0004;-0.0884;0;0;0;0;0;0;0;0;0;-0.7063;0;0.7063;1;1;0;0;0;0
18/12/21 05:00;8.5837;-112.63;68.778;9.288;13.756;-90;-13.756;69.504;51.799;17.705;23.09;5.2501;0;42.941;46.763;10.562;0;0.2093;100.48;0;100.48;42.941;10.562;46.763;0.2093;0.4274;0.4675;0;0.0021;99.723;0.753;0;0;0.5784;0.1745;92.689;6.8342;4.055;0.9974;1.7739;0.0078;99.523;0.1994;0.0859;0.0211;0.0924;0.0001;92.719;38.8;9.5436;44.318;0.0269;28.444;22.556;8.9698;0.0444;0.3526;5.0723;0.0301;5.3805;0;1;0;0;1.4456;0.9925;1;1;0.9876;0.1663;0.9313;0.9054;1;0.9615;0.7755;0.998;0.998;1;0.998;0.998;0.9225;0.9477;0.1287;0.3017;0.29;0.0017;0.0169;0.002;0.0019;0.0067;0.0009;0;0;0.088;0;0.1595;0;0;0;0;0;0;0;0;0;0;0;0;0.0054;0.0003;0.254;0.254;0;26.899;26.899;3.809;0.0411;247.09;1028;1;0.0065;0.0065;0;0;0;0;0;0;0.2475;0.1595;0;16.038;18.571;10.07;11.66;97.432;97.432;2.4114;2.0301;1.2747;0.3813;0.7554;0.1581;0.3133;0.5286;28.336;0.5093;0
18/12/21 06:00;20.19;-104.99;33.17;20.841;38.798;-90;-38.798;363.7;60.001;303.69;25.31;5.37;0;736.54;20.091;90.751;0;8.4258;855.81;0;855.81;736.54;90.751;20.091;8.4258;0.8606;0.0333;0;0.0098;846.78;9.0306;0;0;1.3378;7.6928;842.02;3.0664;2.1243;0.2617;0.6048;0.0756;845.09;1.6936;1.4731;0.1815;0.0375;0.0015;842.2;732.95;90.308;18.11;0.6558;15.837;12.559;5.7472;0.7391;0.1938;2.788;0.1819;2.2428;0;1;0;0;2.3531;0.9894;1;1;0.9334;0.087;0.9964;0.9971;1;0.9677;0.8966;0.998;0.998;1;0.998;0.998;0.9839;0.9014;0.0778;2.57;2.5425;0.0153;-0.0022;0.3175;0.0155;0.0549;0.0005;0;0;0.088;0;1.9611;0;0;0;0;0;0;0;0;0;0;0;0;0.0442;0.0143;2.0825;2.0825;0;60.37;60.37;35.06;0.0416;2193.8;949.26;1;0.0333;0.0333;0;0;0;0;0;0;2.0491;1.9611;0;15.436;17.875;14.537;16.833;98.399;98.399;20.54;16.643;15.673;3.8963;0.9698;0.1897;0.0472;0.7631;14.166;0.7612;0
18/12/21 07:00;32.213;-97.504;6.3435;32.436;57.564;-90;-57.564;415.6;187;228.6;28.4;6.09;0;426.21;99.989;105.97;0;20.232;652.39;0;652.39;426.21;105.97;99.989;20.232;0.6533;0.1843;0;0.031;621.59;30.805;0;0;11.85;18.954;617.11;3.2342;0.0932;0.0232;3.0509;0.0669;620.35;1.2432;0.8524;0.2119;0.1763;0.0026;621.97;425.26;105.73;84.912;1.2085;151.73;120.32;53.243;14.425;2.4525;35.278;4.8596;23.305;0;1;0;0;1.5698;0.9528;1;1;0.8815;0.0632;0.9948;0.9998;1;0.9653;0.9476;0.998;0.998;1;0.998;0.998;0.9459;0.8492;0.0597;1.9591;1.9477;0.0117;0.0009;0.1998;0.0121;0.0431;0.0063;0;0;0.088;0;1.5171;0;0;0;0;0;0;0;0;0;0;0;0;0.0347;0.0086;1.6304;1.6304;0;53.976;53.976;25.576;0.0414;1675.9;972.84;1;0.0253;0.0253;0;0;0;0;0;0;1.6051;1.5171;0;15.853;18.358;14.752;17.082;98.451;98.451;15.657;13.03;12.125;2.6275;0.9052;0.1678;0.0578;0.7744;84.645;0.7442;0
18/12/21 08:00;44.447;-89.427;0.409;44.449;45.551;-90;-45.551;576.9;237.7;339.2;31.56;7.06;0;484.38;132.7;116.53;0;18.156;751.77;0;751.77;484.38;116.53;132.7;18.156;0.6443;0.2007;0;0.0242;723.71;28.061;0;0;11.2;16.861;718.22;4.0405;0.0068;0.0016;3.9582;0.0738;722.26;1.4474;0.9688;0.2331;0.243;0.0026;723.14;483.4;116.3;117.3;1.2187;273.51;216.9;93.258;8.4557;3.4573;49.731;4.9168;44.733;0;1;0;0;1.3031;0.9627;1;1;0.9156;0.0713;0.9944;1;1;0.9674;0.9429;0.998;0.998;1;0.998;0.998;0.9554;0.8839;0.0671;2.2576;2.2829;0.0137;-0.0015;0.2953;0.0138;0.049;0.0086;0;0;0.088;0;1.7359;0;0;0;0;0;0;0;0;0;0;0;0;0.0395;0.0116;1.8528;1.8528;0;61.501;61.501;29.941;0.0417;1966.3;942.27;1;0.0289;0.0289;0;0;0;0;0;0;1.8239;1.7359;0;15.634;18.104;14.648;16.962;98.441;98.441;18.042;14.807;13.873;3.2352;0.9341;0.1793;0.0518;0.7689;99.267;0.7326;0
18/12/21 09:00;56.646;-79.293;5.8627;57.106;32.894;-90;-32.894;867.1;153.1;714;31.67;7.85;0;850.33;55.51;110.46;0;14.597;1030.9;0;1030.9;850.33;110.46;55.51;14.597;0.8248;0.068;0;0.0142;1015.1;15.831;0;0;2.8553;12.976;1010.9;2.1477;0.1719;0.0223;1.7002;0.2534;1013;2.0301;1.7007;0.2209;0.1053;0.0032;1014.9;848.46;110.22;50.849;1.3641;449.89;356.77;153.2;1.1589;4.8707;70.063;3.9832;73.775;0;1;0;0;1.1889;0.9846;1;1;0.9486;0.111;0.9979;0.9998;1;0.9676;0.8434;0.998;0.998;1;0.998;0.998;0.9806;0.916;0.0935;3.0958;3.2044;0.0193;0.0024;0.5585;0.0184;0.0651;0.0115;0;0;0.088;0;2.3258;0;0;0;0;0;0;0;0;0;0;0;0;0.0525;0.0221;2.4546;2.4546;0;74.252;74.252;42.582;0.0421;2758.1;889.96;1;0.0408;0.0408;0;0;0;0;0;0;2.4138;2.3258;0;15.105;17.491;14.312;16.573;98.338;98.338;24.742;19.617;18.588;5.1242;1.0294;0.2071;0.0416;0.7513;37.352;0.7149;0
18/12/21 10:00;68.274;-62.999;9.675;70.453;19.547;-90;-19.547;845.4;272.1;573.3;34.68;8.2999;0;608.36;148.67;126.29;0;5.1157;888.44;0;888.44;608.36;126.29;148.67;5.1157;0.6848;0.1731;0;0.0058;880.84;7.6061;0;0;3.3211;4.285;873.6;5.475;0.2029;0.0421;5.0467;0.1832;879.07;1.7617;1.2167;0.2526;0.2907;0.0017;874.83;606.94;126;140.01;0.6458;483.06;383.07;161.06;0.4905;5.4038;77.731;1.2293;82.644;0;1;0;0;1.0509;0.9914;1;1;0.9777;0.1624;0.9938;0.9997;1;0.9652;0.779;0.998;0.998;1;0.998;0.998;0.9833;0.9418;0.1262;2.668;2.7988;0.0168;-0.0016;0.4604;0.0163;0.0577;0.0129;0;0;0.088;0;2.0503;0;0;0;0;0;0;0;0;0;0;0;0;0.0464;0.0171;2.1728;2.1728;0;71.39;71.39;36.71;0.042;2406.2;902.99;1;0.0345;0.0345;0;0;0;0;0;0;2.1383;2.0503;0;15.514;17.965;14.639;16.952;98.414;98.414;21.323;17.365;16.386;3.9579;0.9788;0.1856;0.0459;0.7685;92.174;0.7212;0
18/12/21 11:00;77.139;-25.809;11.56;84.323;5.6767;-90;-5.6767;305.09;298.9;6.1929;34.29;8.55;0;6.2234;296.82;1.3523;0;0.1571;304.56;0;304.56;6.2234;1.3523;296.82;0.1571;0.0204;0.9751;0;0.0005;303.57;0.983;0;0;0.8518;0.1313;290.17;12.798;0.0025;0.0005;12.789;0.0058;302.97;0.6071;0.0124;0.0027;0.5919;0.0001;290.18;6.2085;1.3491;282.59;0.02;180.87;143.43;57.053;0.0064;2.2232;31.98;0.0126;34.196;0;1;0;0;0.9982;0.9968;1;1;0.9971;0.1645;0.9578;0.9996;1;0.9567;0.7763;0.998;0.998;1;0.998;0.998;0.9528;0.952;0.1275;0.9146;0.9414;0.0057;0.0142;0.0723;0.0059;0.0211;0.0058;0;0;0.088;0;0.6967;0;0;0;0;0;0;0;0;0;0;0;0;0.017;0.0023;0.7972;0.7972;0;46.29;46.29;12;0.0414;808.06;986.51;1;0.0124;0.0124;0;0;0;0;0;0;0.7847;0.6967;0;16.604;19.227;14.513;16.805;98.442;98.442;7.3093;6.3709;5.5684;0.9384;0.8025;0.1284;0.1098;0.7618;176.44;0.7063;0
18/12/21 12:00;75.928;35.91;11.357;81.637;8.3633;90;8.3633;1021.4;194.4;827;35.43;8.1101;0;835.89;76.523;118.73;0;1.1405;1032.3;0;1032.3;835.89;118.73;76.523;1.1405;0.8097;0.0752;0;0.0011;1030.9;1.3658;0;0;0.4132;0.9526;1025.3;3.594;0.3273;0.0465;3.1781;0.0422;1028.9;2.0618;1.6718;0.2375;0.1522;0.0004;1025.5;833.89;118.45;72.779;0.1454;598.49;474.6;201.03;0.0111;6.5601;94.365;0.1882;100.91;0;1;0;0;1.0107;0.9987;1;1;0.9946;0.1648;0.9965;0.9996;1;0.9582;0.7751;0.998;0.998;1;0.998;0.998;0.9932;0.9511;0.1275;3.1;3.2875;0.0198;0.0037;0.627;0.0185;0.0655;0.0151;0;0;0.088;0;2.3335;0;0;0;0;0;0;0;0;0;0;0;0;0.0527;0.0232;2.4621;2.4621;0;78.782;78.782;43.352;0.0423;2811.3;875;1;0.0406;0.0406;0;0;0;0;0;0;2.4215;2.3335;0;15.13;17.52;14.34;16.605;98.351;98.351;24.775;19.677;18.649;5.0981;1.0277;0.2058;0.0415;0.7527;45.701;0.7045;0
18/12/21 13:00;66.141;67.021;9.0856;67.844;22.156;90;22.156;894;246.2;647.8;36.78;7.84;0;699.44;118.08;133.45;0;6.9312;957.91;0;957.91;699.44;133.45;118.08;6.9312;0.7302;0.1305;0;0.0072;948.79;9.1112;0;0;3.2362;5.8751;942.52;4.3756;0.2191;0.0418;3.8882;0.2265;946.9;1.8976;1.3989;0.2669;0.2297;0.0021;944.25;697.83;133.15;110.72;0.8275;503.83;399.54;168;0.6145;5.6422;81.161;1.7277;86.188;0;1;0;0;1.0715;0.9905;1;1;0.9726;0.1524;0.9954;0.9997;1;0.9661;0.7851;0.998;0.998;1;0.998;0.998;0.9839;0.9377;0.1194;2.8766;3.0151;0.0182;0;0.5519;0.0171;0.0607;0.0132;0;0;0.088;0;2.1608;0;0;0;0;0;0;0;0;0;0;0;0;0.0489;0.0197;2.2854;2.2854;0;76.557;76.557;39.777;0.0422;2594.4;880.89;1;0.0366;0.0366;0;0;0;0;0;0;2.2488;2.1608;0;15.135;17.526;14.31;16.57;98.398;98.398;22.99;18.265;17.269;4.7247;0.996;0.2055;0.0433;0.7512;74.171;0.7064;0
18/12/21 14:00;54.325;81.52;4.9336;54.623;35.377;90;35.377;912.7;154.1;758.6;37.75;7.78;0;930.38;47.297;125.09;0;17.695;1120.5;0;1120.5;930.38;125.09;47.297;17.695;0.8304;0.058;0;0.0158;1101.8;18.687;0;0;2.7326;15.955;1097.7;1.8545;0.1582;0.0213;1.4353;0.2397;1099.6;2.2035;1.8608;0.2502;0.0891;0.0035;1102.5;928.36;124.82;43.04;1.4968;459.96;364.75;156.93;1.2685;4.9656;71.428;4.8332;75.125;0;1;0;0;1.2276;0.9833;1;1;0.9422;0.0983;0.9983;0.9998;1;0.9677;0.862;0.998;0.998;1;0.998;0.998;0.9797;0.91;0.0846;3.3647;3.4713;0.0209;0.0072;0.7322;0.019;0.0673;0.0112;0;0;0.088;0;2.3851;0;0;0;0;0;0;0;0;0;0;0;0;0.0542;0.0258;2.5336;2.5149;0;84.387;84.387;46.637;0.0425;2874.2;875;1;0.0605;0.0418;0;0.0187;0;0;0;0;2.4731;2.3851;0;14.239;16.488;13.504;15.637;97.612;98.337;26.891;20.099;19.062;6.7916;1.0375;0.2526;0.0386;0.7089;32.435;0.6766;0
18/12/21 15:00;42.094;91.073;0.7965;42.099;47.901;90;47.901;168.51;166;2.5061;38.25;6.2801;0;3.7382;138.28;0.6561;0;5.8314;148.5;0;148.5;3.7382;0.6561;138.28;5.8314;0.0252;0.9704;0;0.0393;130.48;18.027;0;0;12.579;5.4475;126.07;4.1439;0.0001;0;4.1253;0.0185;130.21;0.261;0.0075;0.0013;0.2514;0.0008;128.28;3.7306;0.6548;121.32;0.3646;106.9;84.769;38.606;10.48;1.6773;24.127;2.2082;15.325;0;1;0;0;0.8813;0.8786;1;1;0.909;0.0658;0.9682;1;1;0.9671;0.9517;0.998;0.998;1;0.998;0.998;0.8489;0.8774;0.0625;0.446;0.4372;0.0026;0.018;0.0298;0.0027;0.0096;0.0043;0;0;0.088;0;0.2668;0;0;0;0;0;0;0;0;0;0;0;0;0.0077;0.0006;0.3618;0.3618;0;43.489;43.489;5.2392;0.0416;373.11;969.79;1;0.007;0.007;0;0;0;0;0;0;0.3548;0.2668;0;15.457;17.899;11.399;13.2;98.067;98.067;3.5641;2.8918;2.1326;0.6722;0.7592;0.1886;0.213;0.5984;105.75;0.5335;0
18/12/21 16:00;29.884;98.957;7.758;30.189;59.811;90;59.811;5.0985;5.0985;0;34.28;4.59;0;0;3.8312;0;0;0.2661;4.0973;4.0973;0;0;0;0;0;1;1;1;1;0;0;0;0;0;0;0;0;0;0;0;0;0;0;0;0;0;0;0;0;0;0;0;0;0;0;0;0;0;0;0;0;0;0;0;0;1;1;1;1;1;1;1;1;1;1;1;1;1;0;0;1;0;0;0;0;0;0;0;0;0;0;0;0.0004;0.088;0;-0.0884;0;0;0;0;0;0;0;0;0;0;0;0;0;0;0;0;0;0;0;-34.28;0;0;0;0;0.0004;0;0;0;0;0;0;0;-0.0004;-0.0884;0;0;0;0;0;0;0;0;0;-0.7063;0;0.7063;1;1;0;0;0;0
18/12/21 17:00;17.925;106.42;41.718;18.636;32.169;90;32.169;9.8064;9.7982;0.0082;28.1;3.8299;0;0.0198;9.0459;0.0004;0;0.1581;9.2243;0;9.2243;0.0198;0.0004;9.0459;0.1581;0.0021;0.9978;0;0.0171;8.6339;0.5904;0;0;0.45;0.1404;8.3357;0.2809;0.0002;0;0.2779;0.0029;8.6166;0.0173;0;0;0.0172;0;8.386;0.0196;0.0004;8.3009;0.0148;6.0547;4.8014;2.037;0.1744;0.0775;1.1145;0.0503;1.0176;0;1;0;0;0.9406;0.936;1;1;0.9503;0.1118;0.9674;0.9921;1;0.9676;0.8364;0.998;0.998;1;0.998;0.998;0.9037;0.9176;0.0933;0.0277;0.0276;0.0002;0.0057;0.0003;0.0001;0.0005;0.0002;0;0;0.088;0;-0.0702;0;0;0;0;0;0;0;0;0;0;0;0;0.0004;0;0.0201;0.0201;0;28.456;28.456;0.3555;0.0427;22.053;910.57;1;0.0023;0.0023;0;0;0;0;0;0;0.0178;-0.0702;0;13.81;15.991;-48.304;-55.935;88.448;88.448;0.2214;0.1605;-0.5614;0.0609;0.7218;0.2751;3.2606;0;6.0546;0;0
18/12/21 18:00;6.424;114.17;74.255;7.0352;10.245;90;10.245;59.6;57.4;2.2004;26.64;4.8401;0;5.3367;56.148;1.9404;0;0.0998;63.525;0;63.525;5.3367;1.9404;56.148;0.0998;0.084;0.8854;0;0.0016;63.017;0.5079;0;0;0.4246;0.0833;59.381;3.5101;0.9109;0.3312;2.2643;0.0037;62.891;0.126;0.0107;0.0039;0.1114;0;59.398;4.4151;1.6054;53.348;0.0127;33.692;26.718;10.655;0.0179;0.4135;5.9479;0.0163;6.3435;0;1;0;0;1.0659;0.992;1;1;0.9924;0.1651;0.9442;0.829;1;0.9593;0.7747;0.998;0.998;1;0.998;0.998;0.9348;0.9501;0.1276;0.1908;0.1914;0.0012;0.0149;0.0029;0.0012;0.0043;0.0011;0;0;0.088;0;0.0687;0;0;0;0;0;0;0;0;0;0;0;0;0.0034;0.0002;0.1623;0.1623;0;29.097;29.097;2.457;0.0414;162.31;999.93;1;0.0056;0.0056;0;0;0;0;0;0;0.1567;0.0687;0;16.207;18.768;6.8636;7.9479;96.569;96.569;1.5246;1.2971;0.5493;0.2275;0.7478;0.1492;0.4905;0.3603;33.678;0.3367;0
18/12/21 19:00;0.563;118.6;88.634;0.6412;0.9141;90;0.9141;0;0;0;24.35;6.42;0;0;0;0;0;0;0;0;0;0;0;0;0;1;1;1;1;0;0;0;0;0;0;0;0;0;0;0;0;0;0;0;0;0;0;0;0;0;0;0;0;0;0;0;0;0;0;0;0;0;0;0;1;1;1;1;1;1;1;1;1;1;1;1;1;1;1;1;1;1;1;0;0;0;0;0;0;0;0;0;0.0004;0.088;0;-0.0884;0;0;0;0;0;0;0;0;0;0;0;0;0;0;0;0;0;0;0;-24.35;0;0;0;0;0.0004;0;0;0;0;0;0;0;-0.0004;-0.0884;0;0;0;0;0;0;0;0;0;-0.7063;0;0.7063;1;1;0;0;0;0
18/12/21 20:00;0;0;90;0;0;90;0;0;0;0;23.34;7.5799;0;0;0;0;0;0;0;0;0;0;0;0;0;1;1;1;1;0;0;0;0;0;0;0;0;0;0;0;0;0;0;0;0;0;0;0;0;0;0;0;0;0;0;0;0;0;0;0;0;0;0;0;1;1;1;1;1;1;1;1;1;1;1;1;1;1;1;1;1;1;1;0;0;0;0;0;0;0;0;0;0.0004;0.088;0;-0.0884;0;0;0;0;0;0;0;0;0;0;0;0;0;0;0;0;0;0;0;-23.34;0;0;0;0;0.0004;0;0;0;0;0;0;0;-0.0004;-0.0884;0;0;0;0;0;0;0;0;0;-0.7063;0;0.7063;1;1;0;0;0;0
18/12/21 21:00;0;0;90;0;0;90;0;0;0;0;22.4;7.7;0;0;0;0;0;0;0;0;0;0;0;0;0;1;1;1;1;0;0;0;0;0;0;0;0;0;0;0;0;0;0;0;0;0;0;0;0;0;0;0;0;0;0;0;0;0;0;0;0;0;0;0;1;1;1;1;1;1;1;1;1;1;1;1;1;1;1;1;1;1;1;0;0;0;0;0;0;0;0;0;0.0004;0.088;0;-0.0884;0;0;0;0;0;0;0;0;0;0;0;0;0;0;0;0;0;0;0;-22.4;0;0;0;0;0.0004;0;0;0;0;0;0;0;-0.0004;-0.0884;0;0;0;0;0;0;0;0;0;-0.7063;0;0.7063;1;1;0;0;0;0
18/12/21 22:00;0;0;90;0;0;90;0;0;0;0;22.82;6.7601;0;0;0;0;0;0;0;0;0;0;0;0;0;1;1;1;1;0;0;0;0;0;0;0;0;0;0;0;0;0;0;0;0;0;0;0;0;0;0;0;0;0;0;0;0;0;0;0;0;0;0;0;1;1;1;1;1;1;1;1;1;1;1;1;1;1;1;1;1;1;1;0;0;0;0;0;0;0;0;0;0.0004;0.088;0;-0.0884;0;0;0;0;0;0;0;0;0;0;0;0;0;0;0;0;0;0;0;-22.82;0;0;0;0;0.0004;0;0;0;0;0;0;0;-0.0004;-0.0884;0;0;0;0;0;0;0;0;0;-0.7063;0;0.7063;1;1;0;0;0;0
18/12/21 23:00;0;0;90;0;0;90;0;0;0;0;21.86;5.9099;0;0;0;0;0;0;0;0;0;0;0;0;0;1;1;1;1;0;0;0;0;0;0;0;0;0;0;0;0;0;0;0;0;0;0;0;0;0;0;0;0;0;0;0;0;0;0;0;0;0;0;0;1;1;1;1;1;1;1;1;1;1;1;1;1;1;1;1;1;1;1;0;0;0;0;0;0;0;0;0;0.0004;0.088;0;-0.0884;0;0;0;0;0;0;0;0;0;0;0;0;0;0;0;0;0;0;0;-21.86;0;0;0;0;0.0004;0;0;0;0;0;0;0;-0.0004;-0.0884;0;0;0;0;0;0;0;0;0;-0.7063;0;0.7063;1;1;0;0;0;0
19/12/21 00:00;0;0;90;0;0;90;0;0;0;0;23.15;5.4199;0;0;0;0;0;0;0;0;0;0;0;0;0;1;1;1;1;0;0;0;0;0;0;0;0;0;0;0;0;0;0;0;0;0;0;0;0;0;0;0;0;0;0;0;0;0;0;0;0;0;0;0;1;1;1;1;1;1;1;1;1;1;1;1;1;1;1;1;1;1;1;0;0;0;0;0;0;0;0;0;0.0004;0.088;0;-0.0884;0;0;0;0;0;0;0;0;0;0;0;0;0;0;0;0;0;0;0;-23.15;0;0;0;0;0.0004;0;0;0;0;0;0;0;-0.0004;-0.0884;0;0;0;0;0;0;0;0;0;-0.7063;0;0.7063;1;1;0;0;0;0
19/12/21 01:00;0;0;90;0;0;90;0;0;0;0;22.52;4.7799;0;0;0;0;0;0;0;0;0;0;0;0;0;1;1;1;1;0;0;0;0;0;0;0;0;0;0;0;0;0;0;0;0;0;0;0;0;0;0;0;0;0;0;0;0;0;0;0;0;0;0;0;1;1;1;1;1;1;1;1;1;1;1;1;1;1;1;1;1;1;1;0;0;0;0;0;0;0;0;0;0.0004;0.088;0;-0.0884;0;0;0;0;0;0;0;0;0;0;0;0;0;0;0;0;0;0;0;-22.52;0;0;0;0;0.0004;0;0;0;0;0;0;0;-0.0004;-0.0884;0;0;0;0;0;0;0;0;0;-0.7063;0;0.7063;1;1;0;0;0;0
19/12/21 02:00;0;0;90;0;0;90;0;0;0;0;22.03;4.5301;0;0;0;0;0;0;0;0;0;0;0;0;0;1;1;1;1;0;0;0;0;0;0;0;0;0;0;0;0;0;0;0;0;0;0;0;0;0;0;0;0;0;0;0;0;0;0;0;0;0;0;0;1;1;1;1;1;1;1;1;1;1;1;1;1;1;1;1;1;1;1;0;0;0;0;0;0;0;0;0;0.0004;0.088;0;-0.0884;0;0;0;0;0;0;0;0;0;0;0;0;0;0;0;0;0;0;0;-22.03;0;0;0;0;0.0004;0;0;0;0;0;0;0;-0.0004;-0.0884;0;0;0;0;0;0;0;0;0;-0.7063;0;0.7063;1;1;0;0;0;0
19/12/21 03:00;0;0;90;0;0;90;0;0;0;0;22.24;5.3399;0;0;0;0;0;0;0;0;0;0;0;0;0;1;1;1;1;0;0;0;0;0;0;0;0;0;0;0;0;0;0;0;0;0;0;0;0;0;0;0;0;0;0;0;0;0;0;0;0;0;0;0;1;1;1;1;1;1;1;1;1;1;1;1;1;1;1;1;1;1;1;0;0;0;0;0;0;0;0;0;0.0004;0.088;0;-0.0884;0;0;0;0;0;0;0;0;0;0;0;0;0;0;0;0;0;0;0;-22.24;0;0;0;0;0.0004;0;0;0;0;0;0;0;-0.0004;-0.0884;0;0;0;0;0;0;0;0;0;-0.7063;0;0.7063;1;1;0;0;0;0
19/12/21 04:00;1.483;-117.9;86.401;1.6779;2.3944;-90;-2.3944;0;0;0;21.22;6.56;0;0;0;0;0;0;0;0;0;0;0;0;0;1;1;1;1;0;0;0;0;0;0;0;0;0;0;0;0;0;0;0;0;0;0;0;0;0;0;0;0;0;0;0;0;0;0;0;0;0;0;0;1;1;1;1;1;1;1;1;1;1;1;1;1;1;1;1;1;1;1;0;0;0;0;0;0;0;0;0;0.0004;0.088;0;-0.0884;0;0;0;0;0;0;0;0;0;0;0;0;0;0;0;0;0;0;0;-21.22;0;0;0;0;0.0004;0;0;0;0;0;0;0;-0.0004;-0.0884;0;0;0;0;0;0;0;0;0;-0.7063;0;0.7063;1;1;0;0;0;0
19/12/21 05:00;8.5063;-112.71;68.977;9.2097;13.63;-90;-13.63;147.7;24.399;123.3;21.66;7.7;0;299.04;9.8453;34.956;0;0.4368;344.28;0;344.28;299.04;34.956;9.8453;0.4368;0.8686;0.0299;0;0.0013;343.8;0.484;0;0;0.1199;0.3641;310.47;32.639;28.873;3.3751;0.3743;0.0163;343.11;0.6876;0.5981;0.0699;0.0195;0.0001;310.48;269.57;31.511;9.3316;0.0562;6.638;5.2639;2.2346;0.0091;0.073;1.0504;0.0061;1.1143;0;1;0;0;2.3309;0.9986;1;1;0.9878;0.1664;0.9049;0.9033;1;0.9614;0.7754;0.998;0.998;1;0.998;0.998;0.9018;0.9478;0.1287;1.0339;0.9373;0.0056;0.0143;0.0314;0.0062;0.022;0.0002;0;0;0.088;0;0.736;0;0;0;0;0;0;0;0;0;0;0;0;0.0177;0.0023;0.8376;0.8376;0;34.364;34.364;12.704;0.0409;805.27;1040.2;1;0.0136;0.0136;0;0;0;0;0;0;0.824;0.736;0;15.434;17.872;13.561;15.704;98.373;98.373;8.2627;6.6943;5.8821;1.5685;0.8122;0.1898;0.0983;0.7119;5.9633;0.7103;0
19/12/21 06:00;20.107;-105.07;33.513;20.763;38.527;-90;-38.527;62.1;61.298;0.803;22.9;10.24;0;1.9474;54.535;0.2461;0;1.4195;58.148;0;58.148;1.9474;0.2461;54.535;1.4195;0.0335;0.9623;0;0.0244;53.261;4.8868;0;0;3.5923;1.2945;51.492;1.6624;0.006;0.0008;1.6424;0.0132;53.155;0.1065;0.0039;0.0005;0.1019;0.0002;51.977;1.9375;0.2448;49.199;0.1114;38.37;30.427;13.268;1.9534;0.5228;7.5206;0.4848;6.09;0;1;0;0;0.9364;0.916;1;1;0.9341;0.088;0.9687;0.9969;1;0.9677;0.8938;0.998;0.998;1;0.998;0.998;0.8855;0.9021;0.0785;0.1746;0.1724;0.001;0.0143;0;0.0011;0.0039;0.0014;0;0;0.088;0;0.0538;0;0;0;0;0;0;0;0;0;0;0;0;0.0031;0.0002;0.1474;0.1474;0;25.026;25.026;2.1266;0.0413;145.74;1011.2;1;0.0056;0.0056;0;0;0;0;0;0;0.1418;0.0538;0;16.079;18.619;5.87;6.7974;96.216;96.216;1.3956;1.1779;0.43;0.2177;0.7479;0.156;0.5359;0.3081;38.365;0.2809;0
19/12/21 07:00;32.127;-97.586;6.4187;32.354;57.646;-90;-57.646;73.606;72.899;0.7078;21.11;12.57;0;1.3226;55.903;0.1285;0;3.5926;60.946;0;60.946;1.3226;0.1285;55.903;3.5926;0.0217;0.9762;0;0.0589;50.942;10.005;0;0;6.6389;3.3656;49.121;1.7186;0.0003;0;1.7063;0.012;50.84;0.1019;0.0026;0.0003;0.0985;0.0005;50.606;1.3196;0.1282;47.459;0.2146;47.549;37.706;17.893;8.1035;0.923;13.276;1.4851;6.0958;0;1;0;0;0.828;0.8358;1;1;0.8812;0.0632;0.9662;0.9998;1;0.9653;0.9472;0.998;0.998;1;0.998;0.998;0.806;0.849;0.0597;0.183;0.1804;0.0011;0.0146;-0.0012;0.0012;0.0041;0.0024;0;0;0.088;0;0.0611;0;0;0;0;0;0;0;0;0;0;0;0;0.0033;0.0002;0.1548;0.1548;0;23.137;23.137;2.0266;0.0413;152.08;1017.9;1;0.0057;0.0057;0;0;0;0;0;0;0.1491;0.0611;0;16.112;18.658;6.3596;7.3643;96.318;96.318;1.4627;1.2372;0.4883;0.2255;0.7489;0.1542;0.512;0.3338;47.367;0.287;0
19/12/21 08:00;44.36;-89.522;0.3417;44.361;45.639;-90;-45.639;46.492;46.297;0.195;22.97;13.12;0;0.2788;39.326;0.0131;0;1.4685;41.086;0;41.086;0.2788;0.0131;39.326;1.4685;0.0068;0.9929;0;0.0357;36.394;4.6925;0;0;3.3285;1.364;35.142;1.1789;0;0;1.173;0.0059;36.321;0.0728;0.0006;0;0.072;0.0002;35.693;0.2783;0.0131;34.752;0.0984;29.526;23.414;10.529;2.5215;0.4478;6.441;0.5508;4.3673;0;1;0;0;0.8837;0.8858;1;1;0.9154;0.0712;0.9675;1;1;0.9673;0.9433;0.998;0.998;1;0.998;0.998;0.8553;0.8837;0.067;0.1234;0.1211;0.0007;0.0123;-0.0003;0.0008;0.0027;0.0012;0;0;0.088;0;0.0091;0;0;0;0;0;0;0;0;0;0;0;0;0.0022;0.0001;0.1015;0.1015;0;24.428;24.428;1.4577;0.0415;101.72;997.38;1;0.0044;0.0044;0;0;0;0;0;0;0.0971;0.0091;0;15.664;18.138;1.3993;1.6203;95.674;95.674;0.9861;0.8108;0.0724;0.1753;0.7384;0.1778;0.7488;0.0735;29.441;0.0657;0
19/12/21 09:00;56.56;-79.422;5.8061;57.011;32.989;-90;-32.989;122.4;121.2;1.2054;21.98;12.88;0;1.4371;111.31;0.1479;0;2.0722;114.97;0;114.97;1.4371;0.1479;111.31;2.0722;0.0125;0.9862;0;0.018;107.38;7.595;0;0;5.7521;1.8429;103.72;3.444;0.0003;0;3.408;0.0357;107.16;0.2148;0.0029;0.0003;0.2111;0.0005;104.38;1.434;0.1476;101.94;0.1931;75.634;59.978;25.647;2.3403;0.9653;13.886;0.6605;12.511;0;1;0;0;0.9393;0.9339;1;1;0.9483;0.1106;0.9679;0.9998;1;0.9677;0.8441;0.998;0.998;1;0.998;0.998;0.9021;0.9158;0.0932;0.3453;0.3436;0.0021;0.0176;0.0016;0.0023;0.008;0.0026;0;0;0.088;0;0.2077;0;0;0;0;0;0;0;0;0;0;0;0;0.0064;0.0004;0.3027;0.3027;0;26.235;26.235;4.2549;0.041;292.46;1035.1;1;0.007;0.007;0;0;0;0;0;0;0.2957;0.2077;0;16.703;19.342;11.461;13.271;97.682;97.682;2.7593;2.4194;1.66;0.3399;0.7594;0.1232;0.2752;0.6016;74.955;0.5517;0
19/12/21 10:00;68.201;-63.221;9.6318;70.35;19.65;-90;-19.65;72.2;71.801;0.3987;21.94;12.73;0;0.4233;69.689;0.0232;0;0.4415;70.577;0;70.577;0.4233;0.0232;69.689;0.4415;0.006;0.9937;0;0.0063;68.637;1.9404;0;0;1.5705;0.3698;66.123;2.3768;0.0001;0;2.3609;0.0158;68.5;0.1373;0.0008;0;0.1362;0.0001;66.232;0.4223;0.0231;65.622;0.0557;43.464;34.467;14.019;0.2337;0.5293;7.6137;0.1092;7.9093;0;1;0;0;0.9775;0.9725;1;1;0.9775;0.1623;0.9653;0.9997;1;0.9653;0.7791;0.998;0.998;1;0.998;0.998;0.9369;0.9416;0.1262;0.2119;0.2155;0.0013;0.0155;-0.0003;0.0014;0.0049;0.0014;0;0;0.088;0;0.0931;0;0;0;0;0;0;0;0;0;0;0;0;0.004;0.0002;0.187;0.187;0;24.662;24.662;2.7221;0.0412;182.82;1023.2;1;0.006;0.006;0;0;0;0;0;0;0.1811;0.0931;0;16.812;19.468;8.3645;9.6859;96.798;96.798;1.6939;1.4949;0.7437;0.199;0.7512;0.1175;0.4435;0.4391;43.226;0.4063;0
19/12/21 11:00;77.115;-26.294;11.532;84.214;5.786;-90;-5.786;211.89;209;2.8944;21.6;11.61;0;2.9093;208.03;0.442;0;0.1133;211.49;0;211.49;2.9093;0.442;208.03;0.1133;0.0138;0.9842;0;0.0005;210.78;0.7101;0;0;0.6154;0.0947;201.4;8.9566;0.0012;0.0002;8.9511;0.0042;210.36;0.4216;0.0058;0.0009;0.4148;0;201.41;2.9023;0.441;198.05;0.0145;125.63;99.627;39.932;0.005;1.5246;21.932;0.0093;23.451;0;1;0;0;0.9981;0.9966;1;1;0.997;0.1646;0.9574;0.9996;1;0.9568;0.7763;0.998;0.998;1;0.998;0.998;0.9523;0.952;0.1275;0.6351;0.6529;0.0039;0.0173;0.0114;0.0043;0.0154;0.0042;0;0;0.088;0;0.4846;0;0;0;0;0;0;0;0;0;0;0;0;0.0124;0.0012;0.5827;0.5827;0;29.837;29.837;8.2367;0.0409;557.45;1045.3;1;0.0102;0.0102;0;0;0;0;0;0;0.5726;0.4846;0;17.479;20.24;14.535;16.831;98.257;98.257;5.0758;4.6572;3.8727;0.4186;0.7845;0.0825;0.1546;0.763;123.67;0.708;0
19/12/21 12:00;76.003;35.572;11.346;81.749;8.2511;90;8.2511;90.992;90.5;0.4924;21.59;10.25;0;0.4976;89.999;0.0329;0;0.0989;90.628;0;90.628;0.4976;0.0329;89.999;0.0989;0.0055;0.9941;0;0.0011;90.07;0.5579;0;0;0.4753;0.0826;86.142;3.7479;0.0002;0;3.744;0.0037;89.89;0.1801;0.001;0.0001;0.179;0;86.156;0.4964;0.0328;85.601;0.0126;54.045;42.857;17.108;0.0121;0.661;9.5086;0.014;10.158;0;1;0;0;0.996;0.9938;1;1;0.9947;0.1647;0.9583;0.9996;1;0.9581;0.7752;0.998;0.998;1;0.998;0.998;0.9505;0.9511;0.1274;0.2722;0.2795;0.0017;0.0168;0.0001;0.0018;0.0065;0.0018;0;0;0.088;0;0.1508;0;0;0;0;0;0;0;0;0;0;0;0;0.0052;0.0003;0.2453;0.2453;0;25.128;25.128;3.5373;0.0411;237.69;1032.1;1;0.0065;0.0065;0;0;0;0;0;0;0.2388;0.1508;0;17.172;19.885;10.557;12.225;97.35;97.35;2.1751;1.9607;1.2054;0.2144;0.7553;0.0986;0.3472;0.5542;53.737;0.5138;0
19/12/21 13:00;66.242;66.909;9.091;67.956;22.044;90;22.044;117.31;116.3;1.0024;21.7;8.9801;0;1.0815;111.96;0.0974;0;0.9004;114.04;0;114.04;1.0815;0.0974;111.96;0.9004;0.0095;0.9897;0;0.0079;110.24;3.8067;0;0;3.0439;0.7629;106.3;3.7208;0.0003;0;3.6909;0.0296;110.02;0.2205;0.0022;0.0002;0.2178;0.0003;106.53;1.079;0.0972;105.01;0.1077;70.899;56.223;23.072;0.5707;0.8624;12.406;0.2363;12.698;0;1;0;0;0.9722;0.9666;1;1;0.9728;0.1528;0.9662;0.9997;1;0.966;0.7847;0.998;0.998;1;0.998;0.998;0.9321;0.9379;0.1196;0.3425;0.347;0.0021;0.0176;0.0013;0.0023;0.0081;0.0023;0;0;0.088;0;0.2113;0;0;0;0;0;0;0;0;0;0;0;0;0.0065;0.0004;0.3063;0.3063;0;26.059;26.059;4.3589;0.041;295.48;1036.7;1;0.0071;0.0071;0;0;0;0;0;0;0.2993;0.2113;0;17.04;19.732;11.752;13.608;97.692;97.692;2.7371;2.4483;1.6884;0.2888;0.7598;0.1055;0.2776;0.6169;70.29;0.5704;0
19/12/21 14:00;54.431;81.463;4.9536;54.732;35.268;90;35.268;211.89;208.5;3.3932;23.44;7.7901;0;4.156;188.81;0.7549;0;4.0835;197.8;0;197.8;4.156;0.7549;188.81;4.0835;0.021;0.9752;0;0.0206;183.26;14.536;0;0;10.855;3.6801;177.11;5.7885;0.0007;0.0001;5.7317;0.056;182.9;0.3665;0.0083;0.0015;0.3559;0.0008;178.46;4.147;0.7533;171.86;0.3466;131.36;104.17;44.78;4.9938;1.7216;24.765;1.3526;21.493;0;1;0;0;0.9335;0.9265;1;1;0.9425;0.0988;0.9684;0.9998;1;0.9677;0.861;0.998;0.998;1;0.998;0.998;0.8954;0.9103;0.0849;0.594;0.5897;0.0036;0.0177;0.0121;0.0039;0.0138;0.0047;0;0;0.088;0;0.4244;0;0;0;0;0;0;0;0;0;0;0;0;0.0111;0.001;0.5218;0.5218;0;30.697;30.697;7.2565;0.041;503.01;1037.3;1;0.0094;0.0094;0;0;0;0;0;0;0.5124;0.4244;0;16.734;19.378;13.612;15.762;98.206;98.206;4.7472;4.17;3.3919;0.5771;0.7781;0.1216;0.1639;0.7145;129.37;0.6533;0
19/12/21 15:00;42.2;91.032;0.7645;42.205;47.795;90;47.795;219.9;215.4;4.5045;22.44;6.6701;0;6.7053;179.19;1.5237;0;7.5784;195;0;195;6.7053;1.5237;179.19;7.5784;0.0344;0.9578;0;0.0389;171.67;23.328;0;0;16.249;7.0785;165.96;5.3701;0.0002;0;5.3456;0.0243;171.33;0.3433;0.0134;0.003;0.3259;0.001;168.85;6.6917;1.5206;157.27;0.4745;139.06;110.27;49.906;13.477;2.1923;31.535;2.8874;20.251;0;1;0;0;0.8868;0.8804;1;1;0.9093;0.066;0.9687;1;1;0.9671;0.9513;0.998;0.998;1;0.998;0.998;0.8511;0.8777;0.0626;0.5856;0.575;0.0035;0.0178;0.0088;0.0038;0.0135;0.006;0;0;0.088;0;0.4125;0;0;0;0;0;0;0;0;0;0;0;0;0.0109;0.001;0.5098;0.5098;0;29.235;29.235;6.795;0.0409;489.77;1040.9;1;0.0093;0.0093;0;0;0;0;0;0;0.5005;0.4125;0;16.584;19.204;13.419;15.539;98.182;98.182;4.68;4.0741;3.2968;0.6059;0.7774;0.1295;0.1661;0.7044;136.91;0.6284;0
19/12/21 16:00;29.99;98.919;7.7167;30.292;59.708;90;59.708;152.1;149.4;2.6935;23.2;6.2199;0;5.3398;111.95;1.1311;0;7.9146;126.34;0;126.34;5.3398;1.1311;111.95;7.9146;0.0423;0.9488;0;0.0626;104.89;21.444;0;0;14.019;7.4252;101.2;3.4821;0.0014;0.0003;3.448;0.0323;104.68;0.2098;0.0107;0.0023;0.1959;0.001;104.48;5.3277;1.1285;94.29;0.4561;97.736;77.505;37.188;18.394;1.9834;28.531;3.278;12.12;0;1;0;0;0.8306;0.8303;1;1;0.8748;0.0618;0.9667;0.9997;1;0.9647;0.9338;0.998;0.998;1;0.998;0.998;0.801;0.8422;0.0576;0.3794;0.3748;0.0023;0.0178;0.0032;0.0025;0.0087;0.0053;0;0;0.088;0;0.2323;0;0;0;0;0;0;0;0;0;0;0;0;0.007;0.0005;0.3275;0.3275;0;27.357;27.357;4.1567;0.0411;317.98;1030;1;0.0072;0.0072;0;0;0;0;0;0;0.3203;0.2323;0;16.444;19.042;11.663;13.505;97.793;97.793;3.0321;2.6174;1.8563;0.4147;0.7611;0.1368;0.251;0.6122;97.127;0.5237;0
19/12/21 17:00;18.028;106.38;41.358;18.739;32.443;90;32.443;94.801;93.101;1.7007;20.9;5.0101;0;4.1247;85.501;0.8793;0;1.5536;92.059;0;92.059;4.1247;0.8793;85.501;1.5536;0.0448;0.9456;0;0.0169;86.366;5.6922;0;0;4.3105;1.3817;83.504;2.6895;0.0316;0.0067;2.6234;0.0277;86.194;0.1727;0.0082;0.0018;0.1624;0.0003;83.99;4.0848;0.8708;78.405;0.1438;57.353;45.481;19.319;1.6972;0.7353;10.578;0.4859;9.6157;0;1;0;0;0.9711;0.9382;1;1;0.9496;0.1107;0.9688;0.9923;1;0.9676;0.8384;0.998;0.998;1;0.998;0.998;0.9071;0.917;0.0926;0.2765;0.2753;0.0017;0.0167;-0.0007;0.0018;0.0064;0.002;0;0;0.088;0;0.1474;0;0;0;0;0;0;0;0;0;0;0;0;0.0051;0.0003;0.2419;0.2419;0;24.328;24.328;3.4278;0.041;233.91;1034.3;1;0.0065;0.0065;0;0;0;0;0;0;0.2354;0.1474;0;16.672;19.305;10.16;11.765;97.313;97.313;2.2094;1.9336;1.1783;0.2758;0.7552;0.1248;0.3418;0.5333;57.343;0.4911;0
19/12/21 18:00;6.5244;114.12;74.004;7.1424;10.408;90;10.408;62.394;59.701;2.6922;21.4;2.6399;0;6.5293;58.216;2.4311;0;0.1078;67.284;0;67.284;6.5293;2.4311;58.216;0.1078;0.097;0.8668;0;0.0016;66.742;0.542;0;0;0.452;0.09;62.776;3.833;1.084;0.4036;2.3414;0.004;66.609;0.1335;0.0131;0.0049;0.1155;0;62.793;5.4323;2.0227;55.307;0.0138;34.95;27.716;11.055;0.0197;0.4288;6.1686;0.0177;6.5777;0;1;0;0;1.0784;0.9919;1;1;0.9922;0.1651;0.9425;0.8336;1;0.9594;0.7747;0.998;0.998;1;0.998;0.998;0.933;0.95;0.1276;0.2021;0.2021;0.0012;0.0152;-0.0008;0.0013;0.0046;0.0011;0;0;0.088;0;0.0816;0;0;0;0;0;0;0;0;0;0;0;0;0.0037;0.0002;0.1755;0.1755;0;23.984;23.984;2.5843;0.0412;171.41;1023.8;1;0.0059;0.0059;0;0;0;0;0;0;0.1696;0.0816;0;16.546;19.159;7.6915;8.9066;96.631;96.631;1.6148;1.4025;0.652;0.2123;0.7505;0.1315;0.4648;0.4038;34.932;0.3778;0
19/12/21 19:00;0.4815;118.69;88.832;0.5488;0.7823;90;0.7823;0;0;0;18.25;2.2201;0;0;0;0;0;0;0;0;0;0;0;0;0;1;1;1;1;0;0;0;0;0;0;0;0;0;0;0;0;0;0;0;0;0;0;0;0;0;0;0;0;0;0;0;0;0;0;0;0;0;0;0;1;1;1;1;1;1;1;1;1;1;1;1;1;1;1;1;1;1;1;0;0;0;0;0;0;0;0;0;0.0004;0.088;0;-0.0884;0;0;0;0;0;0;0;0;0;0;0;0;0;0;0;0;0;0;0;-18.25;0;0;0;0;0.0004;0;0;0;0;0;0;0;-0.0004;-0.0884;0;0;0;0;0;0;0;0;0;-0.7063;0;0.7063;1;1;0;0;0;0
19/12/21 20:00;0;0;90;0;0;90;0;0;0;0;16.22;2.5;0;0;0;0;0;0;0;0;0;0;0;0;0;1;1;1;1;0;0;0;0;0;0;0;0;0;0;0;0;0;0;0;0;0;0;0;0;0;0;0;0;0;0;0;0;0;0;0;0;0;0;0;1;1;1;1;1;1;1;1;1;1;1;1;1;1;1;1;1;1;1;0;0;0;0;0;0;0;0;0;0.0004;0.088;0;-0.0884;0;0;0;0;0;0;0;0;0;0;0;0;0;0;0;0;0;0;0;-16.22;0;0;0;0;0.0004;0;0;0;0;0;0;0;-0.0004;-0.0884;0;0;0;0;0;0;0;0;0;-0.7063;0;0.7063;1;1;0;0;0;0
19/12/21 21:00;0;0;90;0;0;90;0;0;0;0;18.3;3;0;0;0;0;0;0;0;0;0;0;0;0;0;1;1;1;1;0;0;0;0;0;0;0;0;0;0;0;0;0;0;0;0;0;0;0;0;0;0;0;0;0;0;0;0;0;0;0;0;0;0;0;1;1;1;1;1;1;1;1;1;1;1;1;1;1;1;1;1;1;1;0;0;0;0;0;0;0;0;0;0.0004;0.088;0;-0.0884;0;0;0;0;0;0;0;0;0;0;0;0;0;0;0;0;0;0;0;-18.3;0;0;0;0;0.0004;0;0;0;0;0;0;0;-0.0004;-0.0884;0;0;0;0;0;0;0;0;0;-0.7063;0;0.7063;1;1;0;0;0;0
19/12/21 22:00;0;0;90;0;0;90;0;0;0;0;17.36;3.32;0;0;0;0;0;0;0;0;0;0;0;0;0;1;1;1;1;0;0;0;0;0;0;0;0;0;0;0;0;0;0;0;0;0;0;0;0;0;0;0;0;0;0;0;0;0;0;0;0;0;0;0;1;1;1;1;1;1;1;1;1;1;1;1;1;1;1;1;1;1;1;0;0;0;0;0;0;0;0;0;0.0004;0.088;0;-0.0884;0;0;0;0;0;0;0;0;0;0;0;0;0;0;0;0;0;0;0;-17.36;0;0;0;0;0.0004;0;0;0;0;0;0;0;-0.0004;-0.0884;0;0;0;0;0;0;0;0;0;-0.7063;0;0.7063;1;1;0;0;0;0
19/12/21 23:00;0;0;90;0;0;90;0;0;0;0;14.86;3.2799;0;0;0;0;0;0;0;0;0;0;0;0;0;1;1;1;1;0;0;0;0;0;0;0;0;0;0;0;0;0;0;0;0;0;0;0;0;0;0;0;0;0;0;0;0;0;0;0;0;0;0;0;1;1;1;1;1;1;1;1;1;1;1;1;1;1;1;1;1;1;1;0;0;0;0;0;0;0;0;0;0.0004;0.088;0;-0.0884;0;0;0;0;0;0;0;0;0;0;0;0;0;0;0;0;0;0;0;-14.86;0;0;0;0;0.0004;0;0;0;0;0;0;0;-0.0004;-0.0884;0;0;0;0;0;0;0;0;0;-0.7063;0;0.7063;1;1;0;0;0;0
20/12/21 00:00;0;0;90;0;0;90;0;0;0;0;13.62;2.89;0;0;0;0;0;0;0;0;0;0;0;0;0;1;1;1;1;0;0;0;0;0;0;0;0;0;0;0;0;0;0;0;0;0;0;0;0;0;0;0;0;0;0;0;0;0;0;0;0;0;0;0;1;1;1;1;1;1;1;1;1;1;1;1;1;1;1;1;1;1;1;0;0;0;0;0;0;0;0;-0.0004;0.0004;0.088;0;-0.0884;0;0;0;0;0;0;0;0;0;0;0;0;0;0;0;0;0;0;0;-13.62;0;0;0;0;0.0004;0;0;0;0;0;0;0;-0.0004;-0.0884;0;0;0;0;0;0;0;0;0;-0.7063;0;0.7063;1;1;0;0;0;0
20/12/21 01:00;0;0;90;0;0;90;0;0;0;0;14.17;2.4799;0;0;0;0;0;0;0;0;0;0;0;0;0;1;1;1;1;0;0;0;0;0;0;0;0;0;0;0;0;0;0;0;0;0;0;0;0;0;0;0;0;0;0;0;0;0;0;0;0;0;0;0;1;1;1;1;1;1;1;1;1;1;1;1;1;1;1;1;1;1;1;0;0;0;0;0;0;0;0;-0.0004;0.0004;0.088;0;-0.0884;0;0;0;0;0;0;0;0;0;0;0;0;0;0;0;0;0;0;0;-14.17;0;0;0;0;0.0004;0;0;0;0;0;0;0;-0.0004;-0.0884;0;0;0;0;0;0;0;0;0;-0.7063;0;0.7063;1;1;0;0;0;0
20/12/21 02:00;0;0;90;0;0;90;0;0;0;0;12.77;2.2201;0;0;0;0;0;0;0;0;0;0;0;0;0;1;1;1;1;0;0;0;0;0;0;0;0;0;0;0;0;0;0;0;0;0;0;0;0;0;0;0;0;0;0;0;0;0;0;0;0;0;0;0;1;1;1;1;1;1;1;1;1;1;1;1;1;1;1;1;1;1;1;0;0;0;0;0;0;0;0;-0.0004;0.0004;0.088;0;-0.0884;0;0;0;0;0;0;0;0;0;0;0;0;0;0;0;0;0;0;0;-12.77;0;0;0;0;0.0004;0;0;0;0;0;0;0;-0.0004;-0.0884;0;0;0;0;0;0;0;0;0;-0.7063;0;0.7063;1;1;0;0;0;0
20/12/21 03:00;0;0;90;0;0;90;0;0;0;0;11.34;2.0899;0;0;0;0;0;0;0;0;0;0;0;0;0;1;1;1;1;0;0;0;0;0;0;0;0;0;0;0;0;0;0;0;0;0;0;0;0;0;0;0;0;0;0;0;0;0;0;0;0;0;0;0;1;1;1;1;1;1;1;1;1;1;1;1;1;1;1;1;1;1;1;0;0;0;0;0;0;0;0;-0.0004;0.0004;0.088;0;-0.0884;0;0;0;0;0;0;0;0;0;0;0;0;0;0;0;0;0;0;0;-11.34;0;0;0;0;0.0004;0;0;0;0;0;0;0;-0.0004;-0.0884;0;0;0;0;0;0;0;0;0;-0.7063;0;0.7063;1;1;0;0;0;0
20/12/21 04:00;1.4052;-117.98;86.59;1.591;2.2701;-90;-2.2701;0;0;0;10.74;1.9101;0;0;0;0;0;0;0;0;0;0;0;0;0;1;1;1;1;0;0;0;0;0;0;0;0;0;0;0;0;0;0;0;0;0;0;0;0;0;0;0;0;0;0;0;0;0;0;0;0;0;0;0;1;1;1;1;1;1;1;1;1;1;1;1;1;1;1;1;1;1;1;0;0;0;0;0;0;0;0;-0.0004;0.0004;0.088;0;-0.0884;0;0;0;0;0;0;0;0;0;0;0;0;0;0;0;0;0;0;0;-10.74;0;0;0;0;0.0004;0;0;0;0;0;0;0;-0.0004;-0.0884;0;0;0;0;0;0;0;0;0;-0.7063;0;0.7063;1;1;0;0;0;0
20/12/21 05:00;8.4241;-112.79;69.188;9.1257;13.496;-90;-13.496;108.4;21.998;86.4;11.83;2.2499;0;209.54;12.628;22.295;0;0.3143;244.78;0;244.78;209.54;22.295;12.628;0.3143;0.856;0.0529;0;0.0013;244.37;0.4133;0;0;0.1513;0.262;220.47;23.41;20.713;2.2039;0.4813;0.0117;243.88;0.4887;0.4191;0.0446;0.025;0.0001;220.48;188.41;20.047;11.971;0.0405;8.1139;6.4343;2.6643;0.0113;0.0936;1.3468;0.0076;1.4292;0;1;0;0;2.2582;0.9983;1;1;0.988;0.1664;0.904;0.901;1;0.9613;0.7754;0.998;0.998;1;0.998;0.998;0.9007;0.9479;0.1288;0.7351;0.6669;0.004;0.0172;-0.0101;0.0046;0.0163;0.0003;0.6091;0;0;0;0;0;0;0;0;0;0;0;0;0;0;0;0;0.0131;0.0013;0.6202;0.6202;0;20.771;20.771;8.9408;0.0406;571;1086.2;1;0.0111;0.0111;0;0;0;0;0;0;0.6091;0;0;16.074;18.613;0;0;98.21;98.21;5.8747;4.9569;0;0.9178;4.9569;0.1562;0.8438;0;7.6455;0;0
20/12/21 06:00;20.02;-105.14;33.871;20.68;38.243;-90;-38.243;322.81;56.801;266.01;15.52;2.7701;0;645.14;22.789;75.846;0;7.2742;751.05;0;751.05;645.14;75.846;22.789;7.2742;0.859;0.04;0;0.0097;742.94;8.11;0;0;1.484;6.626;738.33;3.1318;2.1248;0.2498;0.6867;0.0706;741.46;1.4859;1.2903;0.1517;0.0426;0.0013;738.52;641.73;75.445;20.575;0.5763;17.45;13.838;6.2582;0.7975;0.2173;3.1259;0.1987;2.5457;0;1;0;0;2.3266;0.9892;1;1;0.9349;0.0891;0.9958;0.9967;1;0.9677;0.8909;0.998;0.998;1;0.998;0.998;0.9831;0.9029;0.0792;2.2554;2.2309;0.0134;-0.0012;0.1635;0.0144;0.051;0.0006;1.9053;0;0;0;0;0;0;0;0;0;0;0;0;0;0;0;0;0.0411;0.0111;1.9371;1.9371;0;45.899;45.899;30.379;0.0411;1920.5;1008.6;1;0.0318;0.0318;0;0;0;0;0;0;1.9053;0;0;16.361;18.946;0;0;98.359;98.359;18.025;15.481;0;2.5442;15.481;0.1411;0.8589;0;15.994;0;0
20/12/21 07:00;32.037;-97.659;6.4875;32.268;57.732;-90;-57.732;554.29;91.497;462.8;17.67;2.75;0;866.85;26.793;105.95;0;27.128;1026.7;0;1026.7;866.85;105.95;26.793;27.128;0.8443;0.0525;0;0.0264;998.11;28.602;0;0;3.1887;25.414;994.99;1.1267;0.1939;0.0237;0.8181;0.0911;996.12;1.9962;1.7337;0.2119;0.0472;0.0034;999.76;864.92;105.71;22.739;1.6201;142.95;113.36;46.666;3.9109;1.9086;27.454;4.766;25.452;0;1;0;0;1.8523;0.9721;1;1;0.881;0.0632;0.9989;0.9998;1;0.9653;0.9468;0.998;0.998;1;0.998;0.998;0.9691;0.8487;0.0597;3.0832;3.069;0.0185;0.0006;0.3667;0.0188;0.0666;0.0048;2.4751;0;0;0;0;0;0;0;0;0;0;0;0;0;0;0;0;0.0536;0.0204;2.519;2.519;0;59.055;59.055;41.385;0.0416;2641.9;953.49;1;0.044;0.044;0;0;0;0;0;0;2.4751;0;0;15.564;18.023;0;0;98.254;98.254;24.641;20.132;0;4.509;20.132;0.183;0.817;0;22.724;0;0
20/12/21 08:00;44.269;-89.607;0.2812;44.269;45.731;-90;-45.731;769.41;126.9;642.51;19.33;2.6399;0;920.46;37.469;118.57;0;24.395;1100.9;0;1100.9;920.46;118.57;37.469;24.395;0.8361;0.0562;0;0.0222;1075.1;25.843;0;0;3.1806;22.662;1071.7;1.2249;0.0089;0.0011;1.1175;0.0973;1072.9;2.1501;1.8409;0.2371;0.0686;0.0035;1077.5;918.61;118.33;33.102;1.6325;327.04;259.34;109.28;2.4249;3.7793;54.364;5.847;55.718;0;1;0;0;1.4308;0.9765;1;1;0.9151;0.071;0.9989;1;1;0.9673;0.9438;0.998;0.998;1;0.998;0.998;0.9735;0.8835;0.0669;3.306;3.36;0.0202;0.005;0.4611;0.0201;0.0713;0.0093;2.6437;0;0;0;0;0;0;0;0;0;0;0;0;0;0;0;0;0.0574;0.0242;2.6913;2.6913;0;64.097;64.097;44.767;0.0418;2890.8;930.99;1;0.0475;0.0475;0;0;0;0;0;0;2.6437;0;0;15.508;17.958;0;0;98.234;98.234;26.421;21.509;0;4.9128;21.509;0.1859;0.8141;0;28.075;0;0
20/12/21 09:00;56.471;-79.538;5.7567;56.912;33.088;-90;-33.088;940.9;155.2;785.7;20.66;2.81;0;937.78;47.37;123.72;0;16.021;1124.9;0;1124.9;937.78;123.72;47.37;16.021;0.8337;0.0564;0;0.0142;1108.2;16.715;0;0;2.4593;14.256;1104;1.9338;0.1861;0.0246;1.4497;0.2734;1106;2.2163;1.8756;0.2474;0.0898;0.0035;1108.4;935.71;123.44;43.371;1.4887;485.74;385.2;165.47;1.01;5.2392;75.364;4.3647;79.594;0;1;0;0;1.1955;0.9851;1;1;0.9481;0.1102;0.9983;0.9998;1;0.9677;0.8448;0.998;0.998;1;0.998;0.998;0.9815;0.9156;0.0929;3.378;3.4972;0.0211;0.0077;0.5145;0.0207;0.0733;0.0127;2.7131;0;0;0;0;0;0;0;0;0;0;0;0;0;0;0;0;0.0591;0.0262;2.762;2.762;0;66.888;66.888;46.228;0.0419;3008.2;918.16;1;0.0489;0.0489;0;0;0;0;0;0;2.7131;0;0;15.576;18.036;0;0;98.231;98.231;26.997;22.074;0;4.9235;22.074;0.1824;0.8176;0;31.92;0;0
20/12/21 10:00;68.122;-63.426;9.596;70.245;19.755;-90;-19.755;1055.5;174.2;881.29;21.62;3.21;0;936.4;55.299;124.56;0;6.5227;1122.8;0;1122.8;936.4;124.56;55.299;6.5227;0.834;0.0551;0;0.0058;1116.1;6.7226;0;0;1.2574;5.4652;1111.4;2.4535;0.3098;0.0412;1.8696;0.233;1113.8;2.2321;1.8728;0.2491;0.1081;0.0021;1112.9;934.22;124.27;52.063;0.8224;597.52;473.84;200.44;0.1905;6.5782;94.625;1.564;101.01;0;1;0;0;1.0638;0.994;1;1;0.9773;0.1621;0.9978;0.9997;1;0.9653;0.7792;0.998;0.998;1;0.998;0.998;0.9898;0.9415;0.1261;3.3717;3.5515;0.0214;0.009;0.5392;0.0209;0.074;0.0159;2.7355;0;0;0;0;0;0;0;0;0;0;0;0;0;0;0;0;0.0596;0.0269;2.7847;2.7847;0;68.208;68.208;46.588;0.0419;3053.4;912.02;1;0.0492;0.0492;0;0;0;0;0;0;2.7355;0;0;15.733;18.219;0;0;98.233;98.233;26.947;22.256;0;4.6913;22.256;0.1741;0.8259;0;34.317;0;0
20/12/21 11:00;77.084;-26.765;11.512;84.104;5.8962;-90;-5.8962;1105.2;182.4;922.81;22.54;3.7499;0;927.71;59.878;123.02;0;0.6139;1111.2;0;1111.2;927.71;123.02;59.878;0.6139;0.8349;0.0544;0;0.0006;1110.5;0.6954;0;0;0.1825;0.5128;1105.3;3.0125;0.3682;0.0488;2.5729;0.0226;1108.3;2.2211;1.8554;0.246;0.1194;0.0002;1105.4;925.49;122.72;57.003;0.0783;649.66;515.18;218.9;0.0018;7.076;101.79;0.0728;108.86;0;1;0;0;1.0054;0.9994;1;1;0.997;0.1646;0.9973;0.9996;1;0.9568;0.7763;0.998;0.998;1;0.998;0.998;0.9947;0.952;0.1276;3.337;3.5438;0.0213;0.0088;0.5469;0.0208;0.0737;0.017;2.7205;0;0;0;0;0;0;0;0;0;0;0;0;0;0;0;0;0.0593;0.0268;2.7693;2.7693;0;68.899;68.899;46.359;0.0419;3046.2;909.1;1;0.0488;0.0488;0;0;0;0;0;0;2.7205;0;0;15.809;18.306;0;0;98.239;98.239;26.669;22.132;0;4.5373;22.132;0.1701;0.8299;0;35.604;0;0
20/12/21 12:00;76.07;35.213;11.343;81.861;8.1392;90;8.1392;1103.4;182.1;921.3;24.08;4.19;0;930.67;59.319;123.72;0;1.167;1114.9;0;1114.9;930.67;123.72;59.319;1.167;0.8348;0.0543;0;0.001;1113.6;1.2811;0;0;0.3063;0.9748;1108.4;2.9272;0.3639;0.0484;2.4718;0.0431;1111.4;2.2272;1.8613;0.2474;0.118;0.0004;1108.6;928.44;123.43;56.423;0.1487;646.57;512.73;217.47;0.0078;7.0678;101.67;0.1898;108.73;0;1;0;0;1.0104;0.9989;1;1;0.9948;0.1647;0.9974;0.9996;1;0.958;0.7752;0.998;0.998;1;0.998;0.998;0.9942;0.9512;0.1274;3.348;3.5534;0.0214;0.009;0.5707;0.0207;0.0733;0.0169;2.7073;0;0;0;0;0;0;0;0;0;0;0;0;0;0;0;0;0.059;0.0269;2.7555;2.7555;0;70.638;70.638;46.559;0.042;3054.6;902.1;1;0.0482;0.0482;0;0;0;0;0;0;2.7073;0;0;15.679;18.156;0;0;98.25;98.25;26.757;22.022;0;4.7348;22.022;0.177;0.823;0;35.411;0;0
20/12/21 13:00;66.339;66.781;9.104;68.067;21.933;90;21.933;1045.9;172.3;873.6;25.2;4.4799;0;941.77;53.832;125.53;0;7.949;1129.1;0;1129.1;941.77;125.53;53.832;7.949;0.8341;0.0547;0;0.007;1120.9;8.1833;0;0;1.4517;6.7315;1116.3;2.3734;0.2956;0.0394;1.7764;0.262;1118.7;2.2418;1.8835;0.2511;0.1048;0.0024;1118.2;939.59;125.24;50.499;0.953;585.91;464.63;195.88;0.2713;6.4994;93.491;1.9638;99.719;0;1;0;0;1.0795;0.9928;1;1;0.973;0.1532;0.9979;0.9997;1;0.966;0.7843;0.998;0.998;1;0.998;0.998;0.9887;0.9381;0.1199;3.3906;3.5651;0.0215;0.0093;0.592;0.0206;0.073;0.0154;2.6995;0;0;0;0;0;0;0;0;0;0;0;0;0;0;0;0;0.0588;0.0271;2.7474;2.7474;0;72.147;72.147;46.947;0.0421;3065.4;896.27;1;0.0479;0.0479;0;0;0;0;0;0;2.6995;0;0;15.436;17.874;0;0;98.258;98.258;27.098;21.957;0;5.1408;21.957;0.1897;0.8103;0;33.775;0;0
20/12/21 14:00;54.533;81.394;4.9809;54.839;35.161;90;35.161;914.2;154.6;759.6;26.21;4.5499;0;929.14;47.646;124.97;0;17.515;1119.3;0;1119.3;929.14;124.97;47.646;17.515;0.8301;0.0582;0;0.0156;1100.8;18.503;0;0;2.7265;15.777;1096.7;1.8706;0.1595;0.0215;1.4469;0.2427;1098.6;2.2015;1.8583;0.2499;0.0898;0.0035;1101.6;927.12;124.7;43.383;1.4918;461.89;366.28;155.93;1.2513;5.093;73.261;4.8962;77.102;0;1;0;0;1.2243;0.9835;1;1;0.9428;0.0992;0.9983;0.9998;1;0.9677;0.8601;0.998;0.998;1;0.998;0.998;0.9798;0.9105;0.0852;3.3612;3.4723;0.0209;0.0072;0.5795;0.0201;0.0711;0.0121;2.6321;0;0;0;0;0;0;0;0;0;0;0;0;0;0;0;0;0.0573;0.0258;2.6784;2.6784;0;72.339;72.339;46.129;0.0421;2987.7;896.46;1;0.0462;0.0462;0;0;0;0;0;0;2.6321;0;0;15.18;17.578;0;0;98.274;98.274;26.862;21.406;0;5.4568;21.406;0.2031;0.7969;0;32.619;0;0
20/12/21 15:00;42.303;90.981;0.7254;42.308;47.692;90;47.692;734.09;143.2;590.89;26.79;4.41;0;877.85;45.274;132.35;0;25.197;1080.7;0;1080.7;877.85;132.35;45.274;25.197;0.8123;0.0652;0;0.0233;1053;27.624;0;0;4.0927;23.531;1049.5;1.4573;0.022;0.0033;1.3505;0.0815;1050.9;2.1061;1.7557;0.2647;0.0824;0.0033;1055.6;876.07;132.08;39.749;1.5802;300.05;237.94;97.114;3.3857;3.7471;53.9;6.17;54.262;0;1;0;0;1.4721;0.9744;1;1;0.9096;0.0661;0.9986;1;1;0.9671;0.951;0.998;0.998;1;0.998;0.998;0.9711;0.878;0.0627;3.2452;3.2931;0.0198;0.0038;0.533;0.0192;0.0679;0.009;2.5187;0;0;0;0;0;0;0;0;0;0;0;0;0;0;0;0;0.0547;0.0234;2.5624;2.5624;0;70.875;70.875;44.085;0.042;2835.4;903.72;1;0.0437;0.0437;0;0;0;0;0;0;2.5187;0;0;15.042;17.418;0;0;98.295;98.295;25.936;20.479;0;5.4571;20.479;0.2104;0.7896;0;34.556;0;0
20/12/21 16:00;30.092;98.872;7.6686;30.392;59.608;90;59.608;519.99;141;378.99;26.83;4.01;0;749.12;49.304;149.28;0;26.977;974.68;0;974.68;749.12;149.28;49.304;26.977;0.7686;0.0783;0;0.0277;943.21;31.469;0;0;6.1591;25.31;939.46;1.8643;0.198;0.0395;1.5178;0.109;941.32;1.8864;1.4982;0.2986;0.0863;0.0033;944.02;747.42;148.94;41.541;1.5542;128.62;102;44.914;8.0584;1.8224;26.215;4.5663;19.979;0;1;0;0;1.8744;0.9677;1;1;0.8751;0.0618;0.998;0.9997;1;0.9648;0.9345;0.998;0.998;1;0.998;0.998;0.9639;0.8425;0.0576;2.927;2.8986;0.0174;-0.001;0.4209;0.0172;0.0611;0.0044;2.2726;0;0;0;0;0;0;0;0;0;0;0;0;0;0;0;0;0.0492;0.0183;2.3109;2.3109;0;66.134;66.134;39.304;0.0418;2495.5;926.01;1;0.0383;0.0383;0;0;0;0;0;0;2.2726;0;0;15.04;17.416;0;0;98.344;98.344;23.392;18.469;0;4.9237;18.469;0.2105;0.7895;0;42.725;0;0
20/12/21 17:00;18.128;106.34;41.008;18.838;32.708;90;32.708;284.31;142;142.31;26.24;2.5301;0;345.14;88.37;111.61;0;4.7336;549.85;0;549.85;345.14;111.61;88.37;4.7336;0.6277;0.1693;0;0.0086;541.12;8.7281;0;0;4.5129;4.2152;533.84;6.1979;2.5744;0.8325;2.7084;0.0826;540.04;1.0822;0.6903;0.2232;0.1677;0.001;534.35;341.87;110.55;80.981;0.4348;60.305;47.822;20.489;1.8048;0.7631;10.977;0.5129;9.9356;0;1;0;0;1.934;0.9841;1;1;0.9489;0.1095;0.9885;0.9925;1;0.9676;0.8403;0.998;0.998;1;0.998;0.998;0.9709;0.9164;0.0919;1.6512;1.6326;0.0098;0.0045;0.1347;0.0104;0.0368;0.002;1.3771;0;0;0;0;0;0;0;0;0;0;0;0;0;0;0;0;0.0297;0.0062;1.3984;1.3984;0;48.272;48.272;22.032;0.0413;1405.4;995;1;0.0212;0.0212;0;0;0;0;0;0;1.3771;0;0;16.133;18.682;0;0;98.481;98.481;13.196;11.176;0;2.0204;11.176;0.1531;0.8469;0;59.383;0;0
20/12/21 18:00;6.6207;114.07;73.762;7.2446;10.564;90;10.564;69.094;64.804;4.2904;25.24;2.4601;0;10.405;62.56;4.1441;0;0.123;77.233;0;77.233;10.405;4.1441;62.56;0.123;0.1347;0.8116;0;0.0016;76.632;0.6006;0;0;0.498;0.1027;71.612;4.8665;1.6823;0.67;2.5097;0.0046;76.479;0.1533;0.0208;0.0083;0.1241;0;71.632;8.7023;3.4658;59.428;0.0157;37.583;29.803;11.87;0.0224;0.4624;6.6512;0.0199;7.0911;0;1;0;0;1.1178;0.9922;1;1;0.992;0.1651;0.9364;0.838;1;0.9595;0.7747;0.998;0.998;1;0.998;0.998;0.9272;0.9499;0.1277;0.2319;0.2298;0.0014;0.0159;0.0027;0.0015;0.0052;0.0012;0.1915;0;0;0;0;0;0;0;0;0;0;0;0;0;0;0;0;0.0042;0.0002;0.1975;0.1975;0;28.194;28.194;2.9544;0.0413;195.21;1011.7;1;0.0059;0.0059;0;0;0;0;0;0;0.1915;0;0;16.222;18.784;0;0;96.989;96.989;1.8536;1.5784;0;0.2752;1.5784;0.1485;0.8515;0;37.554;0;0
20/12/21 19:00;0.5748;118.63;88.606;0.6549;0.9336;90;0.9336;0;0;0;20.49;2.28;0;0;0;0;0;0;0;0;0;0;0;0;0;1;1;1;1;0;0;0;0;0;0;0;0;0;0;0;0;0;0;0;0;0;0;0;0;0;0;0;0;0;0;0;0;0;0;0;0;0;0;0;1;1;1;1;1;1;1;1;1;1;1;1;1;1;1;1;1;1;1;0;0;0;0;0;0;0;0;-0.0004;0.0004;0.088;0;-0.0884;0;0;0;0;0;0;0;0;0;0;0;0;0;0;0;0;0;0;0;-20.49;0;0;0;0;0.0004;0;0;0;0;0;0;0;-0.0004;-0.0884;0;0;0;0;0;0;0;0;0;-0.7063;0;0.7063;1;1;0;0;0;0
20/12/21 20:00;0;0;90;0;0;90;0;0;0;0;15.66;1.8201;0;0;0;0;0;0;0;0;0;0;0;0;0;1;1;1;1;0;0;0;0;0;0;0;0;0;0;0;0;0;0;0;0;0;0;0;0;0;0;0;0;0;0;0;0;0;0;0;0;0;0;0;1;1;1;1;1;1;1;1;1;1;1;1;1;1;1;1;1;1;1;0;0;0;0;0;0;0;0;-0.0004;0.0004;0.088;0;-0.0884;0;0;0;0;0;0;0;0;0;0;0;0;0;0;0;0;0;0;0;-15.66;0;0;0;0;0.0004;0;0;0;0;0;0;0;-0.0004;-0.0884;0;0;0;0;0;0;0;0;0;-0.7063;0;0.7063;1;1;0;0;0;0
20/12/21 21:00;0;0;90;0;0;90;0;0;0;0;13.37;1.2099;0;0;0;0;0;0;0;0;0;0;0;0;0;1;1;1;1;0;0;0;0;0;0;0;0;0;0;0;0;0;0;0;0;0;0;0;0;0;0;0;0;0;0;0;0;0;0;0;0;0;0;0;1;1;1;1;1;1;1;1;1;1;1;1;1;1;1;1;1;1;1;0;0;0;0;0;0;0;0;-0.0004;0.0004;0.088;0;-0.0884;0;0;0;0;0;0;0;0;0;0;0;0;0;0;0;0;0;0;0;-13.37;0;0;0;0;0.0004;0;0;0;0;0;0;0;-0.0004;-0.0884;0;0;0;0;0;0;0;0;0;-0.7063;0;0.7063;1;1;0;0;0;0
20/12/21 22:00;0;0;90;0;0;90;0;0;0;0;12.61;0.7001;0;0;0;0;0;0;0;0;0;0;0;0;0;1;1;1;1;0;0;0;0;0;0;0;0;0;0;0;0;0;0;0;0;0;0;0;0;0;0;0;0;0;0;0;0;0;0;0;0;0;0;0;1;1;1;1;1;1;1;1;1;1;1;1;1;1;1;1;1;1;1;0;0;0;0;0;0;0;0;-0.0004;0.0004;0.088;0;-0.0884;0;0;0;0;0;0;0;0;0;0;0;0;0;0;0;0;0;0;0;-12.61;0;0;0;0;0.0004;0;0;0;0;0;0;0;-0.0004;-0.0884;0;0;0;0;0;0;0;0;0;-0.7063;0;0.7063;1;1;0;0;0;0
20/12/21 23:00;0;0;90;0;0;90;0;0;0;0;12.24;0.6301;0;0;0;0;0;0;0;0;0;0;0;0;0;1;1;1;1;0;0;0;0;0;0;0;0;0;0;0;0;0;0;0;0;0;0;0;0;0;0;0;0;0;0;0;0;0;0;0;0;0;0;0;1;1;1;1;1;1;1;1;1;1;1;1;1;1;1;1;1;1;1;0;0;0;0;0;0;0;0;-0.0004;0.0004;0.088;0;-0.0884;0;0;0;0;0;0;0;0;0;0;0;0;0;0;0;0;0;0;0;-12.24;0;0;0;0;0.0004;0;0;0;0;0;0;0;-0.0004;-0.0884;0;0;0;0;0;0;0;0;0;-0.7063;0;0.7063;1;1;0;0;0;0
21/12/21 00:00;0;0;90;0;0;90;0;0;0;0;11.2;0.8799;0;0;0;0;0;0;0;0;0;0;0;0;0;1;1;1;1;0;0;0;0;0;0;0;0;0;0;0;0;0;0;0;0;0;0;0;0;0;0;0;0;0;0;0;0;0;0;0;0;0;0;0;1;1;1;1;1;1;1;1;1;1;1;1;1;1;1;1;1;1;1;0;0;0;0;0;0;0;0;-0.0004;0.0004;0.088;0;-0.0884;0;0;0;0;0;0;0;0;0;0;0;0;0;0;0;0;0;0;0;-11.2;0;0;0;0;0.0004;0;0;0;0;0;0;0;-0.0004;-0.0884;0;0;0;0;0;0;0;0;0;-0.7063;0;0.7063;1;1;0;0;0;0
21/12/21 01:00;0;0;90;0;0;90;0;0;0;0;10.51;1.15;0;0;0;0;0;0;0;0;0;0;0;0;0;1;1;1;1;0;0;0;0;0;0;0;0;0;0;0;0;0;0;0;0;0;0;0;0;0;0;0;0;0;0;0;0;0;0;0;0;0;0;0;1;1;1;1;1;1;1;1;1;1;1;1;1;1;1;1;1;1;1;0;0;0;0;0;0;0;0;-0.0004;0.0004;0.088;0;-0.0884;0;0;0;0;0;0;0;0;0;0;0;0;0;0;0;0;0;0;0;-10.51;0;0;0;0;0.0004;0;0;0;0;0;0;0;-0.0004;-0.0884;0;0;0;0;0;0;0;0;0;-0.7063;0;0.7063;1;1;0;0;0;0
21/12/21 02:00;0;0;90;0;0;90;0;0;0;0;9.8498;1.3501;0;0;0;0;0;0;0;0;0;0;0;0;0;1;1;1;1;0;0;0;0;0;0;0;0;0;0;0;0;0;0;0;0;0;0;0;0;0;0;0;0;0;0;0;0;0;0;0;0;0;0;0;1;1;1;1;1;1;1;1;1;1;1;1;1;1;1;1;1;1;1;0;0;0;0;0;0;0;0;-0.0004;0.0004;0.088;0;-0.0884;0;0;0;0;0;0;0;0;0;0;0;0;0;0;0;0;0;0;0;-9.8498;0;0;0;0;0.0004;0;0;0;0;0;0;0;-0.0004;-0.0884;0;0;0;0;0;0;0;0;0;-0.7063;0;0.7063;1;1;0;0;0;0
21/12/21 03:00;0;0;90;0;0;90;0;0;0;0;9.2003;1.46;0;0;0;0;0;0;0;0;0;0;0;0;0;1;1;1;1;0;0;0;0;0;0;0;0;0;0;0;0;0;0;0;0;0;0;0;0;0;0;0;0;0;0;0;0;0;0;0;0;0;0;0;1;1;1;1;1;1;1;1;1;1;1;1;1;1;1;1;1;1;1;0;0;0;0;0;0;0;0;-0.0004;0.0004;0.088;0;-0.0884;0;0;0;0;0;0;0;0;0;0;0;0;0;0;0;0;0;0;0;-9.2003;0;0;0;0;0.0004;0;0;0;0;0;0;0;-0.0004;-0.0884;0;0;0;0;0;0;0;0;0;-0.7063;0;0.7063;1;1;0;0;0;0
21/12/21 04:00;1.5029;-117.91;86.353;1.7005;2.4267;-90;-2.4267;0;0;0;8.5003;1.47;0;0;0;0;0;0;0;0;0;0;0;0;0;1;1;1;1;0;0;0;0;0;0;0;0;0;0;0;0;0;0;0;0;0;0;0;0;0;0;0;0;0;0;0;0;0;0;0;0;0;0;0;1;1;1;1;1;1;1;1;1;1;1;1;1;1;1;1;1;1;1;0;0;0;0;0;0;0;0;-0.0004;0.0004;0.088;0;-0.0884;0;0;0;0;0;0;0;0;0;0;0;0;0;0;0;0;0;0;0;-8.5003;0;0;0;0;0.0004;0;0;0;0;0;0;0;-0.0004;-0.0884;0;0;0;0;0;0;0;0;0;-0.7063;0;0.7063;1;1;0;0;0;0
21/12/21 05:00;8.3372;-112.86;69.411;9.0362;13.354;-90;-13.354;119.81;19.803;100;11.08;1.64;0;242.53;9.9894;23.469;0;0.3401;276.33;0;276.33;242.53;23.469;9.9894;0.3401;0.8777;0.0374;0;0.0012;275.93;0.4011;0;0;0.1175;0.2835;248.03;27.349;24.576;2.3781;0.3817;0.0127;275.38;0.5519;0.4851;0.0469;0.0197;0.0001;248.04;217.47;21.044;9.4704;0.0438;6.5825;5.2199;2.1905;0.0086;0.074;1.065;0.0059;1.1305;0;1;0;0;2.3065;0.9985;1;1;0.9882;0.1664;0.9007;0.8985;1;0.9613;0.7754;0.998;0.998;1;0.998;0.998;0.8976;0.948;0.1288;0.8298;0.7493;0.0045;0.0165;-0.0103;0.0052;0.0183;0.0002;0.6864;0;0;0;0;0;0;0;0;0;0;0;0;0;0;0;0;0.0148;0.0015;0.6986;0.6986;0;21.133;21.133;10.052;0.0405;641.73;1088.6;1;0.0122;0.0122;0;0;0;0;0;0;0.6864;0;0;16.038;18.572;0;0;98.247;98.247;6.632;5.5834;0;1.0486;5.5834;0.1581;0.8419;0;6.0451;0;0
21/12/21 06:00;19.929;-105.2;34.243;20.592;37.946;-90;-37.946;322.59;56.103;266.49;14.77;0.68;0;646.32;22.38;75.372;0;7.1608;751.23;0;751.23;646.32;75.372;22.38;7.1608;0.8603;0.0393;0;0.0095;743.28;7.9543;0;0;1.4398;6.5145;738.51;3.2807;2.269;0.2646;0.6748;0.0723;741.79;1.4866;1.2926;0.1507;0.0419;0.0013;738.7;642.76;74.957;20.223;0.5727;17.126;13.581;6.1393;0.7625;0.2121;3.0513;0.1911;2.5009;0;1;0;0;2.3287;0.9894;1;1;0.9357;0.0903;0.9956;0.9965;1;0.9677;0.8879;0.998;0.998;1;0.998;0.998;0.9831;0.9036;0.08;2.2559;2.2313;0.0134;-0.0012;0.1574;0.0144;0.0512;0.0006;1.9112;0;0;0;0;0;0;0;0;0;0;0;0;0;0;0;0;0.0412;0.0111;1.9432;1.9432;0;45.137;45.137;30.367;0.0411;1920.4;1011.9;1;0.032;0.032;0;0;0;0;0;0;1.9112;0;0;16.409;19.001;0;0;98.355;98.355;18.03;15.53;0;2.4998;15.53;0.1386;0.8614;0;15.668;0;0
21/12/21 07:00;31.943;-97.725;6.5498;32.178;57.822;-90;-57.822;551.21;90.799;460.41;18.93;1.5999;0;864.54;26.679;105.12;0;27.055;1023.4;0;1023.4;864.54;105.12;26.679;27.055;0.8448;0.0525;0;0.0264;994.87;28.526;0;0;3.1824;25.344;991.75;1.1255;0.1952;0.0237;0.8149;0.0916;992.88;1.9897;1.7291;0.2102;0.047;0.0034;996.25;862.62;104.89;22.634;1.6156;141.19;111.96;47.604;3.9159;1.7903;25.753;4.4975;23.628;0;1;0;0;1.8566;0.9721;1;1;0.8807;0.0632;0.9989;0.9998;1;0.9652;0.9463;0.998;0.998;1;0.998;0.998;0.9691;0.8484;0.0597;3.0733;3.0549;0.0184;0.0005;0.3778;0.0186;0.066;0.0045;2.4525;0;0;0;0;0;0;0;0;0;0;0;0;0;0;0;0;0.0531;0.0202;2.4958;2.4958;0;60.22;60.22;41.29;0.0416;2629.8;949.03;1;0.0433;0.0433;0;0;0;0;0;0;2.4525;0;0;15.471;17.915;0;0;98.265;98.265;24.562;19.946;0;4.615;19.946;0.1879;0.8121;0;22.651;0;0
21/12/21 08:00;44.174;-89.683;0.2274;44.174;45.826;-90;-45.826;760.09;125.4;634.69;23.76;2.0799;0;910.81;37.736;116.13;0;24.195;1088.9;0;1088.9;910.81;116.13;37.736;24.195;0.8365;0.0569;0;0.0222;1063.2;25.693;0;0;3.213;22.48;1059.8;1.229;0.0071;0.0009;1.1255;0.0955;1061.1;2.1264;1.8216;0.2323;0.069;0.0034;1065.6;908.98;115.9;33.328;1.6165;322.56;255.79;107.75;2.4597;3.734;53.712;5.7995;54.986;0;1;0;0;1.4326;0.9764;1;1;0.9149;0.0709;0.9988;1;1;0.9673;0.9442;0.998;0.998;1;0.998;0.998;0.9733;0.8832;0.0668;3.2699;3.3228;0.02;0.0043;0.5052;0.0196;0.0693;0.009;2.5705;0;0;0;0;0;0;0;0;0;0;0;0;0;0;0;0;0.0558;0.0237;2.6158;2.6158;0;68.181;68.181;44.421;0.0419;2860.3;914.52;1;0.0453;0.0453;0;0;0;0;0;0;2.5705;0;0;15.239;17.647;0;0;98.27;98.27;26.133;20.905;0;5.2275;20.905;0.2;0.8;0;28.3;0;0
21/12/21 09:00;56.378;-79.641;5.7143;56.811;33.189;-90;-33.189;931.9;153.8;778.1;26.3;2.44;0;929.78;47.737;121.67;0;15.963;1115.1;0;1115.1;929.78;121.67;47.737;15.963;0.8338;0.0571;0;0.0143;1098.4;16.701;0;0;2.4904;14.21;1094.3;1.9375;0.1832;0.024;1.4603;0.27;1096.3;2.1969;1.8596;0.2433;0.0905;0.0035;1098.7;927.73;121.4;43.696;1.4789;480.7;381.2;163.77;1.0285;5.1858;74.596;4.3523;78.753;0;1;0;0;1.1966;0.985;1;1;0.9478;0.1098;0.9982;0.9998;1;0.9677;0.8456;0.998;0.998;1;0.998;0.998;0.9813;0.9153;0.0926;3.3488;3.4663;0.0209;0.0071;0.5784;0.02;0.071;0.0123;2.6276;0;0;0;0;0;0;0;0;0;0;0;0;0;0;0;0;0.0572;0.0257;2.6738;2.6738;0;72.328;72.328;46.028;0.0421;2982.5;896.49;1;0.0461;0.0461;0;0;0;0;0;0;2.6276;0;0;15.21;17.613;0;0;98.275;98.275;26.764;21.369;0;5.3948;21.369;0.2016;0.7984;0;32.193;0;0
21/12/21 10:00;68.037;-63.614;9.5678;70.138;19.862;-90;-19.862;1047.5;172.8;874.71;27.8;2.81;0;930.03;55.623;122.77;0;6.5431;1115;0;1115;930.03;122.77;55.623;6.5431;0.8341;0.0558;0;0.0059;1108.2;6.7594;0;0;1.2763;5.4831;1103.5;2.4573;0.3067;0.0405;1.8767;0.2334;1106;2.2164;1.8601;0.2455;0.1087;0.0021;1105.1;927.87;122.49;52.362;0.8244;592.75;470.05;198.85;0.1952;6.5253;93.865;1.5713;100.19;0;1;0;0;1.0644;0.9939;1;1;0.9771;0.162;0.9978;0.9997;1;0.9654;0.7793;0.998;0.998;1;0.998;0.998;0.9897;0.9414;0.126;3.3483;3.5264;0.0212;0.0084;0.6133;0.0202;0.0716;0.0153;2.6459;0;0;0;0;0;0;0;0;0;0;0;0;0;0;0;0;0.0576;0.0266;2.6922;2.6922;0;74.293;74.293;46.493;0.0421;3032;887.91;1;0.0463;0.0463;0;0;0;0;0;0;2.6459;0;0;15.317;17.737;0;0;98.28;98.28;26.759;21.516;0;5.2435;21.516;0.1959;0.8041;0;34.536;0;0
21/12/21 11:00;77.044;-27.221;11.5;83.993;6.0072;-90;-6.0072;1096.9;181;915.91;28.24;3.0901;0;920.96;60.309;121.19;0;0.6325;1103.1;0;1103.1;920.96;121.19;60.309;0.6325;0.8349;0.0552;0;0.0006;1102.4;0.7177;0;0;0.1894;0.5283;1097.1;3.0242;0.3651;0.048;2.5878;0.0233;1100.2;2.2048;1.8419;0.2424;0.1202;0.0002;1097.2;918.76;120.9;57.412;0.0807;644.7;511.25;217.22;0.002;7.0224;101.01;0.0766;108.04;0;1;0;0;1.0056;0.9993;1;1;0.9969;0.1647;0.9973;0.9996;1;0.9569;0.7762;0.998;0.998;1;0.998;0.998;0.9946;0.952;0.1276;3.3126;3.5177;0.0212;0.0082;0.6141;0.0201;0.0714;0.0165;2.6363;0;0;0;0;0;0;0;0;0;0;0;0;0;0;0;0;0.0575;0.0264;2.6824;2.6824;0;74.47;74.47;46.23;0.0421;3024;887.05;1;0.0461;0.0461;0;0;0;0;0;0;2.6363;0;0;15.426;17.863;0;0;98.283;98.283;26.474;21.438;0;5.0366;21.438;0.1902;0.8098;0;35.867;0;0
21/12/21 12:00;76.13;34.833;11.348;81.972;8.0276;90;8.0276;1087.9;179.1;908.8;30;3.2699;0;917.8;60.018;119.96;0;1.1193;1098.9;0;1098.9;917.8;119.96;60.018;1.1193;0.8352;0.0556;0;0.001;1097.7;1.238;0;0;0.3029;0.935;1092.5;2.9523;0.359;0.0469;2.505;0.0413;1095.5;2.1953;1.8356;0.2399;0.1194;0.0004;1092.7;915.6;119.67;57.091;0.1426;637.62;505.63;214.43;0.0074;6.9718;100.29;0.1804;107.25;0;1;0;0;1.0101;0.9989;1;1;0.995;0.1647;0.9973;0.9996;1;0.958;0.7752;0.998;0.998;1;0.998;0.998;0.9942;0.9512;0.1274;3.3;3.5025;0.0211;0.0079;0.6322;0.0199;0.0705;0.0163;2.6064;0;0;0;0;0;0;0;0;0;0;0;0;0;0;0;0;0.0568;0.0262;2.6516;2.6516;0;76.096;76.096;46.096;0.0422;3010.9;880.68;1;0.0452;0.0452;0;0;0;0;0;0;2.6064;0;0;15.307;17.725;0;0;98.297;98.297;26.373;21.192;0;5.1818;21.192;0.1965;0.8035;0;35.82;0;0
21/12/21 13:00;66.431;66.634;9.1245;68.175;21.825;90;21.825;1027.9;170.6;857.29;30.78;3.3301;0;923.48;55.486;121.78;0;7.7356;1108.5;0;1108.5;923.48;121.78;55.486;7.7356;0.8331;0.057;0;0.007;1100.4;8.0324;0;0;1.4844;6.5479;1095.8;2.4177;0.2905;0.0383;1.8329;0.256;1098.2;2.2009;1.847;0.2436;0.108;0.0024;1097.7;921.34;121.5;52.06;0.9293;576.27;456.98;192.6;0.2746;6.3963;92.009;1.9091;98.13;0;1;0;0;1.0784;0.9928;1;1;0.9732;0.1535;0.9978;0.9997;1;0.966;0.784;0.998;0.998;1;0.998;0.998;0.9886;0.9383;0.1201;3.3288;3.5002;0.0211;0.0078;0.6441;0.0198;0.0702;0.0149;2.595;0;0;0;0;0;0;0;0;0;0;0;0;0;0;0;0;0.0565;0.0262;2.6398;2.6398;0;77.053;77.053;46.273;0.0422;3009.5;877.13;1;0.0448;0.0448;0;0;0;0;0;0;2.595;0;0;15.107;17.493;0;0;98.304;98.304;26.604;21.097;0;5.5066;21.097;0.207;0.793;0;34.793;0;0
21/12/21 14:00;54.632;81.313;5.0155;54.943;35.057;90;35.057;892.5;161.6;730.89;31.49;3.29;0;892.88;53.628;125.37;0;17.001;1088.9;0;1088.9;892.88;125.37;53.628;17.001;0.82;0.0649;0;0.0156;1070.5;18.361;0;0;3.0545;15.307;1066.3;2.0433;0.1544;0.0217;1.6291;0.2381;1068.4;2.141;1.7858;0.2507;0.1011;0.0034;1071.1;890.94;125.1;48.843;1.4528;452.42;358.77;152.73;1.3935;4.9991;71.909;4.7584;75.515;0;1;0;0;1.22;0.9831;1;1;0.943;0.0997;0.9981;0.9998;1;0.9677;0.8592;0.998;0.998;1;0.998;0.998;0.9793;0.9108;0.0855;3.2699;3.3776;0.0203;0.0053;0.6153;0.0192;0.0679;0.0116;2.5157;0;0;0;0;0;0;0;0;0;0;0;0;0;0;0;0;0.0547;0.0245;2.5587;2.5587;0;76.494;76.494;45.004;0.0422;2906.6;880.3;1;0.043;0.043;0;0;0;0;0;0;2.5157;0;0;14.907;17.262;0;0;98.32;98.32;26.133;20.449;0;5.6839;20.449;0.2175;0.7825;0;36.684;0;0
21/12/21 15:00;42.403;90.92;0.6793;42.407;47.593;90;47.593;716.61;155.9;560.71;32.04;3.1701;0;831.43;53.629;136.19;0;24.5;1045.7;0;1045.7;831.43;136.19;53.629;24.5;0.7951;0.0747;0;0.0234;1018;27.711;0;0;4.8333;22.878;1014.3;1.7023;0.0195;0.0032;1.5997;0.08;1016;2.0361;1.6629;0.2724;0.0976;0.0032;1020.1;829.74;135.91;47.098;1.5389;296.43;235.07;98.56;3.9803;3.5733;51.4;5.8115;50.993;0;1;0;0;1.4593;0.9735;1;1;0.9099;0.0662;0.9983;1;1;0.9672;0.9506;0.998;0.998;1;0.998;0.998;0.9699;0.8782;0.0628;3.1404;3.1808;0.0191;0.002;0.5607;0.0182;0.0645;0.0084;2.3937;0;0;0;0;0;0;0;0;0;0;0;0;0;0;0;0;0.052;0.0219;2.434;2.434;0;74.784;74.784;42.744;0.0421;2739.6;888.45;1;0.0403;0.0403;0;0;0;0;0;0;2.3937;0;0;14.765;17.097;0;0;98.345;98.345;25.098;19.452;0;5.6454;19.452;0.2249;0.7751;0;40.894;0;0
21/12/21 16:00;30.191;98.818;7.6139;30.488;59.512;90;59.512;503.99;157.7;346.3;31.7;2.82;0;682.55;60.865;151.65;0;26.071;921.14;0;921.14;682.55;151.65;60.865;26.071;0.741;0.0944;0;0.0283;889.09;32.047;0;0;7.5855;24.461;885.12;2.196;0.1791;0.0398;1.8728;0.1042;887.31;1.7782;1.3651;0.3033;0.1066;0.0032;890.03;681.01;151.31;51.3;1.5018;133.65;105.98;45.843;9.8892;2.0457;29.426;4.9157;21.582;0;1;0;0;1.8277;0.9652;1;1;0.8754;0.0617;0.9975;0.9997;1;0.9648;0.9351;0.998;0.998;1;0.998;0.998;0.9609;0.8428;0.0576;2.7662;2.7427;0.0165;-0.0018;0.4256;0.0161;0.0572;0.0049;2.1272;0;0;0;0;0;0;0;0;0;0;0;0;0;0;0;0;0.046;0.0165;2.1617;2.1617;0;68.814;68.814;37.114;0.0419;2361.8;915.26;1;0.0345;0.0345;0;0;0;0;0;0;2.1272;0;0;14.887;17.239;0;0;98.406;98.406;22.107;17.276;0;4.8312;17.276;0.2185;0.7815;0;52.684;0;0
21/12/21 17:00;18.225;106.28;40.669;18.933;32.964;90;32.964;278.41;148.1;130.31;30.73;1.9901;0;316.03;95.977;106.03;0;4.7061;522.75;0;522.75;316.03;106.03;95.977;4.7061;0.6046;0.1926;0;0.009;513.59;9.1577;0;0;4.9619;4.1958;506.48;6.0834;2.2948;0.7699;2.9383;0.0803;512.57;1.0272;0.6321;0.2121;0.182;0.001;507.08;313.11;105.05;87.895;0.429;65.469;51.917;21.827;2.0132;0.859;12.357;0.5951;11.202;0;1;0;0;1.8776;0.9825;1;1;0.9483;0.1084;0.9881;0.9927;1;0.9677;0.8422;0.998;0.998;1;0.998;0.998;0.9689;0.9158;0.0911;1.5698;1.5533;0.0094;0.0056;0.1476;0.0097;0.0345;0.0022;1.2911;0;0;0;0;0;0;0;0;0;0;0;0;0;0;0;0;0.0278;0.0057;1.3108;1.3108;0;51.698;51.698;20.968;0.0414;1337.2;980.22;1;0.0197;0.0197;0;0;0;0;0;0;1.2911;0;0;15.907;18.419;0;0;98.496;98.496;12.546;10.476;0;2.0702;10.476;0.165;0.835;0;64.616;0;0
21/12/21 18:00;6.7127;114.01;73.531;7.3418;10.713;90;10.713;67.902;64.098;3.8042;29.3;2.12;0;9.2263;62.074;3.5846;0;0.1243;75.01;0;75.01;9.2263;3.5846;62.074;0.1243;0.123;0.8292;0;0.0017;74.4;0.6095;0;0;0.5058;0.1037;69.743;4.5081;1.4544;0.5651;2.4841;0.0046;74.251;0.1488;0.0185;0.0072;0.1231;0;69.764;7.7535;3.0124;58.961;0.0159;37.302;29.581;11.805;0.0234;0.4575;6.5807;0.0204;7.0148;0;1;0;0;1.1047;0.9919;1;1;0.9919;0.1651;0.9393;0.842;1;0.9596;0.7747;0.998;0.998;1;0.998;0.998;0.9298;0.9499;0.1277;0.2253;0.224;0.0013;0.0157;0.006;0.0014;0.005;0.0012;0.1834;0;0;0;0;0;0;0;0;0;0;0;0;0;0;0;0;0.004;0.0002;0.1891;0.1891;0;32.188;32.188;2.8881;0.0414;190.29;993.9;1;0.0057;0.0057;0;0;0;0;0;0;0.1834;0;0;15.995;18.522;0;0;96.985;96.985;1.8002;1.5115;0;0.2887;1.5115;0.1604;0.8396;0;37.277;0;0
21/12/21 19:00;0.6636;118.57;88.39;0.7556;1.0772;90;1.0772;0;0;0;24.5;2.2201;0;0;0;0;0;0;0;0;0;0;0;0;0;1;1;1;1;0;0;0;0;0;0;0;0;0;0;0;0;0;0;0;0;0;0;0;0;0;0;0;0;0;0;0;0;0;0;0;0;0;0;0;1;1;1;1;1;1;1;1;1;1;1;1;1;1;1;1;1;1;1;0;0;0;0;0;0;0;0;-0.0004;0.0004;0.088;0;-0.0884;0;0;0;0;0;0;0;0;0;0;0;0;0;0;0;0;0;0;0;-24.5;0;0;0;0;0.0004;0;0;0;0;0;0;0;-0.0004;-0.0884;0;0;0;0;0;0;0;0;0;-0.7063;0;0.7063;1;1;0;0;0;0
21/12/21 20:00;0;0;90;0;0;90;0;0;0;0;20.21;2.2;0;0;0;0;0;0;0;0;0;0;0;0;0;1;1;1;1;0;0;0;0;0;0;0;0;0;0;0;0;0;0;0;0;0;0;0;0;0;0;0;0;0;0;0;0;0;0;0;0;0;0;0;1;1;1;1;1;1;1;1;1;1;1;1;1;1;1;1;1;1;1;0;0;0;0;0;0;0;0;-0.0004;0.0004;0.088;0;-0.0884;0;0;0;0;0;0;0;0;0;0;0;0;0;0;0;0;0;0;0;-20.21;0;0;0;0;0.0004;0;0;0;0;0;0;0;-0.0004;-0.0884;0;0;0;0;0;0;0;0;0;-0.7063;0;0.7063;1;1;0;0;0;0
21/12/21 21:00;0;0;90;0;0;90;0;0;0;0;18.3;2.1;0;0;0;0;0;0;0;0;0;0;0;0;0;1;1;1;1;0;0;0;0;0;0;0;0;0;0;0;0;0;0;0;0;0;0;0;0;0;0;0;0;0;0;0;0;0;0;0;0;0;0;0;1;1;1;1;1;1;1;1;1;1;1;1;1;1;1;1;1;1;1;0;0;0;0;0;0;0;0;-0.0004;0.0004;0.088;0;-0.0884;0;0;0;0;0;0;0;0;0;0;0;0;0;0;0;0;0;0;0;-18.3;0;0;0;0;0.0004;0;0;0;0;0;0;0;-0.0004;-0.0884;0;0;0;0;0;0;0;0;0;-0.7063;0;0.7063;1;1;0;0;0;0
21/12/21 22:00;0;0;90;0;0;90;0;0;0;0;17.04;1.9299;0;0;0;0;0;0;0;0;0;0;0;0;0;1;1;1;1;0;0;0;0;0;0;0;0;0;0;0;0;0;0;0;0;0;0;0;0;0;0;0;0;0;0;0;0;0;0;0;0;0;0;0;1;1;1;1;1;1;1;1;1;1;1;1;1;1;1;1;1;1;1;0;0;0;0;0;0;0;0;-0.0004;0.0004;0.088;0;-0.0884;0;0;0;0;0;0;0;0;0;0;0;0;0;0;0;0;0;0;0;-17.04;0;0;0;0;0.0004;0;0;0;0;0;0;0;-0.0004;-0.0884;0;0;0;0;0;0;0;0;0;-0.7063;0;0.7063;1;1;0;0;0;0
21/12/21 23:00;0;0;90;0;0;90;0;0;0;0;16.4;1.73;0;0;0;0;0;0;0;0;0;0;0;0;0;1;1;1;1;0;0;0;0;0;0;0;0;0;0;0;0;0;0;0;0;0;0;0;0;0;0;0;0;0;0;0;0;0;0;0;0;0;0;0;1;1;1;1;1;1;1;1;1;1;1;1;1;1;1;1;1;1;1;0;0;0;0;0;0;0;0;-0.0004;0.0004;0.088;0;-0.0884;0;0;0;0;0;0;0;0;0;0;0;0;0;0;0;0;0;0;0;-16.4;0;0;0;0;0.0004;0;0;0;0;0;0;0;-0.0004;-0.0884;0;0;0;0;0;0;0;0;0;-0.7063;0;0.7063;1;1;0;0;0;0
22/12/21 00:00;0;0;90;0;0;90;0;0;0;0;14.79;1.5999;0;0;0;0;0;0;0;0;0;0;0;0;0;1;1;1;1;0;0;0;0;0;0;0;0;0;0;0;0;0;0;0;0;0;0;0;0;0;0;0;0;0;0;0;0;0;0;0;0;0;0;0;1;1;1;1;1;1;1;1;1;1;1;1;1;1;1;1;1;1;1;0;0;0;0;0;0;0;0;-0.0004;0.0004;0.088;0;-0.0884;0;0;0;0;0;0;0;0;0;0;0;0;0;0;0;0;0;0;0;-14.79;0;0;0;0;0.0004;0;0;0;0;0;0;0;-0.0004;-0.0884;0;0;0;0;0;0;0;0;0;-0.7063;0;0.7063;1;1;0;0;0;0
22/12/21 01:00;0;0;90;0;0;90;0;0;0;0;13.88;1.5901;0;0;0;0;0;0;0;0;0;0;0;0;0;1;1;1;1;0;0;0;0;0;0;0;0;0;0;0;0;0;0;0;0;0;0;0;0;0;0;0;0;0;0;0;0;0;0;0;0;0;0;0;1;1;1;1;1;1;1;1;1;1;1;1;1;1;1;1;1;1;1;0;0;0;0;0;0;0;0;-0.0004;0.0004;0.088;0;-0.0884;0;0;0;0;0;0;0;0;0;0;0;0;0;0;0;0;0;0;0;-13.88;0;0;0;0;0.0004;0;0;0;0;0;0;0;-0.0004;-0.0884;0;0;0;0;0;0;0;0;0;-0.7063;0;0.7063;1;1;0;0;0;0
22/12/21 02:00;0;0;90;0;0;90;0;0;0;0;13.1;1.65;0;0;0;0;0;0;0;0;0;0;0;0;0;1;1;1;1;0;0;0;0;0;0;0;0;0;0;0;0;0;0;0;0;0;0;0;0;0;0;0;0;0;0;0;0;0;0;0;0;0;0;0;1;1;1;1;1;1;1;1;1;1;1;1;1;1;1;1;1;1;1;0;0;0;0;0;0;0;0;-0.0004;0.0004;0.088;0;-0.0884;0;0;0;0;0;0;0;0;0;0;0;0;0;0;0;0;0;0;0;-13.1;0;0;0;0;0.0004;0;0;0;0;0;0;0;-0.0004;-0.0884;0;0;0;0;0;0;0;0;0;-0.7063;0;0.7063;1;1;0;0;0;0
22/12/21 03:00;0;0;90;0;0;90;0;0;0;0;12.15;1.54;0;0;0;0;0;0;0;0;0;0;0;0;0;1;1;1;1;0;0;0;0;0;0;0;0;0;0;0;0;0;0;0;0;0;0;0;0;0;0;0;0;0;0;0;0;0;0;0;0;0;0;0;1;1;1;1;1;1;1;1;1;1;1;1;1;1;1;1;1;1;1;0;0;0;0;0;0;0;0;-0.0004;0.0004;0.088;0;-0.0884;0;0;0;0;0;0;0;0;0;0;0;0;0;0;0;0;0;0;0;-12.15;0;0;0;0;0.0004;0;0;0;0;0;0;0;-0.0004;-0.0884;0;0;0;0;0;0;0;0;0;-0.7063;0;0.7063;1;1;0;0;0;0
22/12/21 04:00;1.4149;-117.97;86.567;1.602;2.2858;-90;-2.2858;0.5079;0.4988;0.0091;11.71;1.3;0;0;0.4986;0;0;0;0.4987;0.4987;0;0;0;0;0;1;1;1;1;0;0;0;0;0;0;0;0;0;0;0;0;0;0;0;0;0;0;0;0;0;0;0;0;0;0;0;0;0;0;0;0;0;0;0;0;1;1;1;1;1;1;1;1;1;1;1;1;1;0;0;1;0;0;0;0;0;0;0;0;0;0;-0.0004;0.0004;0.088;0;-0.0884;0;0;0;0;0;0;0;0;0;0;0;0;0;0;0;0;0;0;0;-11.71;0;0;0;0;0.0004;0;0;0;0;0;0;0;-0.0004;-0.0884;0;0;0;0;0;0;0;0;0;-0.7063;0;0.7063;1;1;0;0;0;0
22/12/21 05:00;8.2457;-112.92;69.645;8.9412;13.203;-90;-13.203;106.31;20.701;85.606;13.14;1.7;0;207.62;11.789;21.231;0;0.2951;240.93;0;240.93;207.62;21.231;11.789;0.2951;0.8617;0.0502;0;0.0012;240.55;0.382;0;0;0.1361;0.2459;215.81;24.265;21.594;2.2081;0.4518;0.011;240.07;0.4811;0.4152;0.0425;0.0233;0.0001;215.81;185.61;18.98;11.178;0.038;7.5931;6.0213;2.1576;0.0097;0.1094;1.5735;0.0079;1.6732;0;1;0;0;2.2664;0.9984;1;1;0.9885;0.1664;0.8989;0.8958;1;0.9612;0.7754;0.998;0.998;1;0.998;0.998;0.8957;0.9482;0.1288;0.7235;0.6533;0.0039;0.0173;-0.0072;0.0045;0.0159;0.0003;0.5938;0;0;0;0;0;0;0;0;0;0;0;0;0;0;0;0;0.0128;0.0012;0.6047;0.6047;0;21.901;21.901;8.7615;0.0406;559.4;1080.9;1;0.0108;0.0108;0;0;0;0;0;0;0.5938;0;0;15.92;18.435;0;0;98.21;98.21;5.7824;4.8325;0;0.9499;4.8325;0.1643;0.8357;0;7.1308;0;0
22/12/21 06:00;19.833;-105.26;34.629;20.498;37.636;-90;-37.636;318.1;56.701;261.4;17.93;1.22;0;633.97;23.073;75.06;0;6.9504;739.05;0;739.05;633.97;75.06;23.073;6.9504;0.8578;0.0406;0;0.0094;731.27;7.7803;0;0;1.4657;6.3146;726.39;3.418;2.3683;0.2804;0.6961;0.0731;729.81;1.4625;1.2679;0.1501;0.0432;0.0013;726.64;630.33;74.629;20.868;0.5614;17.545;13.913;5.7464;0.7643;0.2515;3.6178;0.245;3.105;0;1;0;0;2.3233;0.9895;1;1;0.9365;0.0915;0.9953;0.9963;1;0.9677;0.8848;0.998;0.998;1;0.998;0.998;0.9829;0.9044;0.0808;2.2194;2.1962;0.0132;-0.001;0.1764;0.0141;0.0498;0.0007;1.8613;0;0;0;0;0;0;0;0;0;0;0;0;0;0;0;0;0.0401;0.0108;1.8921;1.8921;0;47.868;47.868;29.938;0.0412;1891.4;1000.4;1;0.0308;0.0308;0;0;0;0;0;0;1.8613;0;0;16.24;18.806;0;0;98.374;98.374;17.737;15.121;0;2.6159;15.121;0.1475;0.8525;0;16.112;0;0
22/12/21 07:00;31.845;-97.783;6.6057;32.083;57.917;-90;-57.917;543.49;89.602;453.89;23.24;2.0099;0;854.55;26.791;102.81;0;26.756;1010.9;0;1010.9;854.55;102.81;26.791;26.756;0.8453;0.053;0;0.0265;982.64;28.267;0;0;3.2033;25.063;979.55;1.1281;0.1946;0.0234;0.8186;0.0915;980.67;1.9653;1.7091;0.2056;0.0472;0.0034;984;852.65;102.58;22.721;1.5976;138.46;109.8;46.549;3.9552;1.7721;25.49;4.4583;23.307;0;1;0;0;1.86;0.972;1;1;0.8804;0.0633;0.9988;0.9998;1;0.9652;0.9459;0.998;0.998;1;0.998;0.998;0.969;0.8481;0.0597;3.0358;3.0174;0.0182;0.0001;0.4161;0.0181;0.0641;0.0044;2.384;0;0;0;0;0;0;0;0;0;0;0;0;0;0;0;0;0.0516;0.0197;2.4252;2.4252;0;64.155;64.155;40.915;0.0418;2597.2;933.77;1;0.0412;0.0412;0;0;0;0;0;0;2.384;0;0;15.219;17.623;0;0;98.301;98.301;24.262;19.382;0;4.8796;19.382;0.2011;0.7989;0;22.771;0;0
22/12/21 08:00;44.075;-89.749;0.1805;44.075;45.925;-90;-45.925;756.59;124.8;631.8;28.55;2.9499;0;908.28;37.722;115.44;0;24.182;1085.6;0;1085.6;908.28;115.44;37.722;24.182;0.8366;0.057;0;0.0223;1059.9;25.693;0;0;3.2219;22.472;1056.6;1.2259;0.0057;0.0007;1.1251;0.0944;1057.8;2.1199;1.8166;0.2309;0.069;0.0034;1062.4;906.46;115.21;33.306;1.6129;320.38;254.06;106.98;2.4771;3.7138;53.422;5.7936;54.658;0;1;0;0;1.4349;0.9763;1;1;0.9146;0.0707;0.9988;1;1;0.9673;0.9447;0.998;0.998;1;0.998;0.998;0.9733;0.8829;0.0667;3.2601;3.3124;0.0199;0.0041;0.5618;0.0191;0.0677;0.0088;2.5096;0;0;0;0;0;0;0;0;0;0;0;0;0;0;0;0;0.0545;0.0236;2.5529;2.5529;0;73.013;73.013;44.464;0.0421;2852.4;895.01;1;0.0432;0.0432;0;0;0;0;0;0;2.5096;0;0;14.917;17.274;0;0;98.306;98.306;26.055;20.403;0;5.6524;20.403;0.2169;0.7831;0;28.316;0;0
22/12/21 09:00;56.28;-79.731;5.6792;56.706;33.294;-90;-33.294;923.5;152.4;771.1;29.49;3.61;0;922.51;48.016;119.75;0;15.916;1106.2;0;1106.2;922.51;119.75;48.016;15.916;0.834;0.0578;0;0.0144;1089.5;16.693;0;0;2.5174;14.175;1085.4;1.939;0.1806;0.0234;1.4682;0.2667;1087.3;2.179;1.845;0.2395;0.091;0.0035;1089.7;920.48;119.49;43.94;1.4699;475.96;377.43;162.16;1.0457;5.1354;73.871;4.3429;77.961;0;1;0;0;1.1978;0.9849;1;1;0.9476;0.1093;0.9982;0.9998;1;0.9677;0.8464;0.998;0.998;1;0.998;0.998;0.9812;0.9151;0.0924;3.3219;3.4379;0.0207;0.0065;0.6104;0.0196;0.0695;0.012;2.5733;0;0;0;0;0;0;0;0;0;0;0;0;0;0;0;0;0.056;0.0253;2.6178;2.6178;0;75.252;75.252;45.763;0.0422;2958.1;884.97;1;0.0445;0.0445;0;0;0;0;0;0;2.5733;0;0;15.012;17.384;0;0;98.3;98.3;26.549;20.922;0;5.6267;20.922;0.2119;0.7881;0;32.406;0;0
22/12/21 10:00;67.948;-63.784;9.547;70.028;19.972;-90;-19.972;961.9;177.7;784.2;30.43;4.2399;0;834.38;69.044;113.33;0;6.0739;1022.8;0;1022.8;834.38;113.33;69.044;6.0739;0.8158;0.0734;0;0.0059;1016.1;6.6896;0;0;1.5987;5.0908;1011.3;2.8528;0.2746;0.0373;2.3245;0.2164;1014.1;2.0323;1.6688;0.2267;0.1349;0.002;1012.7;832.44;113.07;64.985;0.7647;544.76;432;182.61;0.2464;6.0109;86.465;1.4621;92.23;0;1;0;0;1.0633;0.9935;1;1;0.9768;0.1619;0.9972;0.9997;1;0.9655;0.7795;0.998;0.998;1;0.998;0.998;0.9887;0.9412;0.1259;3.0716;3.2325;0.0195;0.0028;0.5483;0.0186;0.0661;0.0142;2.4456;0;0;0;0;0;0;0;0;0;0;0;0;0;0;0;0;0.0532;0.0225;2.4873;2.4873;0;72.982;72.982;42.552;0.0421;2780.6;894.5;1;0.0417;0.0417;0;0;0;0;0;0;2.4456;0;0;15.426;17.863;0;0;98.324;98.324;24.548;19.878;0;4.6695;19.878;0.1902;0.8098;0;42.89;0;0
22/12/21 11:00;76.997;-27.661;11.495;83.881;6.1189;-90;-6.1189;1090.2;179.7;910.5;30.49;4.9;0;915.72;60.563;119.65;0;0.6522;1096.6;0;1096.6;915.72;119.65;60.563;0.6522;0.8351;0.0558;0;0.0006;1095.8;0.7406;0;0;0.1959;0.5447;1090.6;3.0293;0.3629;0.0474;2.595;0.024;1093.7;2.1917;1.8314;0.2393;0.1207;0.0002;1090.7;913.53;119.36;57.652;0.0832;640.68;508.06;212.1;0.0022;7.2236;103.91;0.0846;111.13;0;1;0;0;1.0059;0.9993;1;1;0.9968;0.1648;0.9972;0.9996;1;0.9569;0.7762;0.998;0.998;1;0.998;0.998;0.9946;0.9519;0.1276;3.293;3.5042;0.0211;0.0079;0.638;0.0199;0.0704;0.0168;0;0;0.088;0;2.5141;0;0;0;0;0;0;0;0;0;0;0;0;0.0567;0.0262;2.6471;2.6471;0;76.523;76.523;46.033;0.0422;3011.9;878.89;1;0.045;0.045;0;0;0;0;0;0;2.6021;2.5141;0;15.313;17.733;14.544;16.842;98.3;98.3;26.318;21.156;20.093;5.1622;1.063;0.1961;0.0404;0.7635;36.024;0.7129;0
22/12/21 12:00;76.184;34.432;11.36;82.083;7.9165;90;7.9165;853.6;339;514.6;31.43;5.4299;0;519.55;210.72;128.5;0;0.8542;859.62;0;859.62;519.55;128.5;210.72;0.8542;0.6044;0.2461;0;0.001;857.87;1.7531;0;0;1.0396;0.7135;847.06;9.0945;0.2035;0.0503;8.8092;0.0315;856.16;1.7157;1.0391;0.257;0.4194;0.0003;847.19;518.31;128.19;200.45;0.1088;501.71;397.86;166.56;0.0239;5.6278;80.953;0.1324;86.557;0;1;0;0;1.0071;0.998;1;1;0.9951;0.1646;0.9894;0.9996;1;0.9579;0.7753;0.998;0.998;1;0.998;0.998;0.9854;0.9513;0.1274;2.5815;2.7223;0.0164;-0.0019;0.4035;0.0161;0.0572;0.0137;0;0;0.088;0;2.0326;0;0;0;0;0;0;0;0;0;0;0;0;0.0461;0.0162;2.155;2.155;0;66.892;66.892;35.462;0.0419;2340.2;920.88;1;0.0344;0.0344;0;0;0;0;0;0;2.1206;2.0326;0;15.903;18.415;15;17.369;98.402;98.402;20.631;17.223;16.244;3.4081;0.9784;0.1652;0.0474;0.7874;125.74;0.7355;0
22/12/21 13:00;66.519;66.471;9.1526;68.283;21.717;90;21.717;1067.9;176.2;891.7;31.69;5.68;0;959.83;52.894;130.63;0;7.9588;1151.3;0;1151.3;959.83;130.63;52.894;7.9588;0.8337;0.0529;0;0.0069;1143.2;8.1378;0;0;1.4039;6.7339;1138.5;2.3576;0.3028;0.0412;1.7491;0.2645;1140.9;2.2863;1.9197;0.2613;0.103;0.0024;1140.5;957.61;130.33;49.638;0.958;598.79;474.84;200.13;0.2573;6.6446;95.581;1.9611;101.97;0;1;0;0;1.0781;0.9929;1;1;0.9735;0.1539;0.9979;0.9997;1;0.966;0.7836;0.998;0.998;1;0.998;0.998;0.9889;0.9384;0.1204;3.4574;3.6365;0.0219;0.011;0.7059;0.0203;0.0719;0.0152;0;0;0.088;0;2.5642;0;0;0;0;0;0;0;0;0;0;0;0;0.0579;0.0281;2.7042;2.6983;0;79.884;79.884;48.194;0.0423;3083.8;875;1;0.052;0.0461;0;0.0059;0;0;0;0;2.6522;2.5642;0;14.868;17.216;14.129;16.361;98.079;98.292;27.631;21.565;20.493;6.0664;1.0716;0.2195;0.0388;0.7417;33.149;0.6983;0
22/12/21 14:00;54.727;81.219;5.0574;55.045;34.955;90;34.955;917.21;154.9;762.31;32.21;5.6401;0;930.1;47.703;125.02;0;17.374;1120.2;0;1120.2;930.1;125.02;47.703;17.374;0.8303;0.0581;0;0.0155;1101.9;18.34;0;0;2.7047;15.635;1097.8;1.8794;0.1622;0.0218;1.4496;0.2459;1099.7;2.2037;1.8602;0.25;0.09;0.0035;1102.6;928.08;124.75;43.459;1.4894;464.47;368.32;156.78;1.2279;5.1207;73.659;4.8518;77.552;0;1;0;0;1.2213;0.9836;1;1;0.9433;0.1001;0.9983;0.9998;1;0.9677;0.8583;0.998;0.998;1;0.998;0.998;0.98;0.911;0.0857;3.3639;3.4763;0.0209;0.0073;0.6598;0.0195;0.0692;0.0118;0;0;0.088;0;2.4742;0;0;0;0;0;0;0;0;0;0;0;0;0.0557;0.0259;2.6061;2.6061;0;78.626;78.626;46.416;0.0423;2976.2;875;1;0.0439;0.0439;0;0;0;0;0;0;2.5622;2.4742;0;14.758;17.09;14.011;16.225;98.314;98.314;26.885;20.828;19.774;6.0566;1.0545;0.2253;0.0392;0.7355;32.606;0.701;0
22/12/21 15:00;42.5;90.849;0.6262;42.503;47.497;90;47.497;722;153.2;568.8;32.46;5.0199;0;841.88;51.795;135.25;0;24.591;1053.5;0;1053.5;841.88;135.25;51.795;24.591;0.7991;0.0725;0;0.0233;1025.9;27.614;0;0;4.6544;22.96;1022.2;1.647;0.0182;0.0029;1.5449;0.081;1023.9;2.0518;1.6838;0.2705;0.0943;0.0033;1028;840.18;134.98;45.502;1.5469;298.72;236.88;99.323;3.8178;3.5881;51.614;5.8209;51.384;0;1;0;0;1.4592;0.9738;1;1;0.9101;0.0663;0.9984;1;1;0.9672;0.9502;0.998;0.998;1;0.998;0.998;0.9703;0.8785;0.0629;3.1637;3.2051;0.0193;0.0024;0.574;0.0183;0.0648;0.0084;0;0;0.088;0;2.3152;0;0;0;0;0;0;0;0;0;0;0;0;0.0522;0.0222;2.4436;2.4436;0;75.566;75.566;43.106;0.0422;2760.6;885.19;1;0.0404;0.0404;0;0;0;0;0;0;2.4032;2.3152;0;14.714;17.038;13.941;16.143;98.346;98.346;25.284;19.529;18.503;5.755;1.0263;0.2276;0.0406;0.7318;39.46;0.7059;0
22/12/21 16:00;30.286;98.755;7.5524;30.579;59.421;90;59.421;509.09;154.6;354.49;31.63;3.79;0;696.82;58.547;151.33;0;26.261;932.96;0;932.96;696.82;151.33;58.547;26.261;0.7469;0.0909;0;0.0281;901.04;31.921;0;0;7.2804;24.641;897.11;2.1255;0.1814;0.0394;1.8008;0.104;899.24;1.8021;1.3936;0.3027;0.1025;0.0032;902;695.25;150.99;49.363;1.5125;134.11;106.35;46.023;9.4608;2.0212;29.074;4.892;21.635;0;1;0;0;1.8326;0.9658;1;1;0.8756;0.0617;0.9976;0.9997;1;0.9648;0.9357;0.998;0.998;1;0.998;0.998;0.9616;0.8431;0.0576;2.8017;2.778;0.0167;-0.0017;0.4355;0.0163;0.0578;0.0049;0;0;0.088;0;2.0622;0;0;0;0;0;0;0;0;0;0;0;0;0.0465;0.0169;2.1852;2.1852;0;69.261;69.261;37.63;0.0419;2391.8;913.59;1;0.035;0.035;0;0;0;0;0;0;2.1502;2.0622;0;14.858;17.205;14.022;16.237;98.399;98.399;22.391;17.464;16.481;4.9273;0.9829;0.2201;0.0439;0.736;50.623;0.7193;0
22/12/21 17:00;18.317;106.22;40.341;19.023;33.209;90;33.209;277.1;150.5;126.6;31.25;2.3199;0;307.04;98.768;104.17;0;4.752;514.72;0;514.72;307.04;104.17;98.768;4.752;0.5965;0.2011;0;0.0092;505.31;9.4079;0;0;5.1663;4.2416;498.3;6.0073;2.1708;0.7365;3.0207;0.0794;504.3;1.0106;0.6141;0.2083;0.1872;0.001;498.89;304.25;103.22;90.393;0.4299;67.447;53.486;22.929;2.1253;0.8595;12.364;0.5962;11.099;0;1;0;0;1.8575;0.9817;1;1;0.9477;0.1074;0.9881;0.9929;1;0.9677;0.8441;0.998;0.998;1;0.998;0.998;0.9681;0.9152;0.0905;1.5457;1.5287;0.0092;0.0059;0.1464;0.0096;0.0339;0.0022;0;0;0.088;0;1.1812;0;0;0;0;0;0;0;0;0;0;0;0;0.0273;0.0055;1.2886;1.2886;0;51.884;51.884;20.634;0.0414;1316.1;979.11;1;0.0194;0.0194;0;0;0;0;0;0;1.2692;1.1812;0;15.881;18.39;14.558;16.858;98.497;98.497;12.353;10.298;9.4403;2.0549;0.8581;0.1663;0.0695;0.7642;66.617;0.7507;0
22/12/21 18:00;6.8004;113.94;73.311;7.4337;10.853;90;10.853;73.509;68.103;5.4059;28.67;2.3899;0;13.111;65.311;5.3421;0;0.1381;83.902;0;83.902;13.111;5.3421;65.311;0.1381;0.1563;0.7801;0;0.0016;83.243;0.6591;0;0;0.5439;0.1153;77.624;5.4521;2.0175;0.822;2.6074;0.0051;83.076;0.1665;0.0262;0.0107;0.1295;0;77.646;11.067;4.5094;62.03;0.0176;39.272;31.143;12.432;0.0259;0.4815;6.9255;0.0222;7.3811;0;1;0;0;1.1414;0.9921;1;1;0.9917;0.1651;0.9344;0.8458;1;0.9597;0.7747;0.998;0.998;1;0.998;0.998;0.9252;0.9498;0.1277;0.252;0.2485;0.0015;0.0162;0.0063;0.0016;0.0056;0.0013;0;0;0.088;0;0.1173;0;0;0;0;0;0;0;0;0;0;0;0;0.0045;0.0003;0.2113;0.2113;0;31.88;31.88;3.2098;0.0414;211.31;999.75;1;0.0059;0.0059;0;0;0;0;0;0;0.2053;0.1173;0;15.972;18.496;8.871;10.272;97.195;97.195;2.0136;1.6883;0.9377;0.3253;0.7506;0.1615;0.3728;0.4657;39.235;0.4386;0
22/12/21 19:00;0.7477;118.5;88.186;0.8508;1.213;90;1.213;0;0;0;25.71;2.6;0;0;0;0;0;0;0;0;0;0;0;0;0;1;1;1;1;0;0;0;0;0;0;0;0;0;0;0;0;0;0;0;0;0;0;0;0;0;0;0;0;0;0;0;0;0;0;0;0;0;0;0;1;1;1;1;1;1;1;1;1;1;1;1;1;1;1;1;1;1;1;0;0;0;0;0;0;0;0;0;0.0004;0.088;0;-0.0884;0;0;0;0;0;0;0;0;0;0;0;0;0;0;0;0;0;0;0;-25.71;0;0;0;0;0.0004;0;0;0;0;0;0;0;-0.0004;-0.0884;0;0;0;0;0;0;0;0;0;-0.7063;0;0.7063;1;1;0;0;0;0
22/12/21 20:00;0;0;90;0;0;90;0;0;0;0;19.13;2.6901;0;0;0;0;0;0;0;0;0;0;0;0;0;1;1;1;1;0;0;0;0;0;0;0;0;0;0;0;0;0;0;0;0;0;0;0;0;0;0;0;0;0;0;0;0;0;0;0;0;0;0;0;1;1;1;1;1;1;1;1;1;1;1;1;1;1;1;1;1;1;1;0;0;0;0;0;0;0;0;0;0.0004;0.088;0;-0.0884;0;0;0;0;0;0;0;0;0;0;0;0;0;0;0;0;0;0;0;-19.13;0;0;0;0;0.0004;0;0;0;0;0;0;0;-0.0004;-0.0884;0;0;0;0;0;0;0;0;0;-0.7063;0;0.7063;1;1;0;0;0;0
22/12/21 21:00;0;0;90;0;0;90;0;0;0;0;16.82;2.67;0;0;0;0;0;0;0;0;0;0;0;0;0;1;1;1;1;0;0;0;0;0;0;0;0;0;0;0;0;0;0;0;0;0;0;0;0;0;0;0;0;0;0;0;0;0;0;0;0;0;0;0;1;1;1;1;1;1;1;1;1;1;1;1;1;1;1;1;1;1;1;0;0;0;0;0;0;0;0;0;0.0004;0.088;0;-0.0884;0;0;0;0;0;0;0;0;0;0;0;0;0;0;0;0;0;0;0;-16.82;0;0;0;0;0.0004;0;0;0;0;0;0;0;-0.0004;-0.0884;0;0;0;0;0;0;0;0;0;-0.7063;0;0.7063;1;1;0;0;0;0
22/12/21 22:00;0;0;90;0;0;90;0;0;0;0;16.8;2.4501;0;0;0;0;0;0;0;0;0;0;0;0;0;1;1;1;1;0;0;0;0;0;0;0;0;0;0;0;0;0;0;0;0;0;0;0;0;0;0;0;0;0;0;0;0;0;0;0;0;0;0;0;1;1;1;1;1;1;1;1;1;1;1;1;1;1;1;1;1;1;1;0;0;0;0;0;0;0;0;0;0.0004;0.088;0;-0.0884;0;0;0;0;0;0;0;0;0;0;0;0;0;0;0;0;0;0;0;-16.8;0;0;0;0;0.0004;0;0;0;0;0;0;0;-0.0004;-0.0884;0;0;0;0;0;0;0;0;0;-0.7063;0;0.7063;1;1;0;0;0;0
22/12/21 23:00;0;0;90;0;0;90;0;0;0;0;16.54;2.03;0;0;0;0;0;0;0;0;0;0;0;0;0;1;1;1;1;0;0;0;0;0;0;0;0;0;0;0;0;0;0;0;0;0;0;0;0;0;0;0;0;0;0;0;0;0;0;0;0;0;0;0;1;1;1;1;1;1;1;1;1;1;1;1;1;1;1;1;1;1;1;0;0;0;0;0;0;0;0;0;0.0004;0.088;0;-0.0884;0;0;0;0;0;0;0;0;0;0;0;0;0;0;0;0;0;0;0;-16.54;0;0;0;0;0.0004;0;0;0;0;0;0;0;-0.0004;-0.0884;0;0;0;0;0;0;0;0;0;-0.7063;0;0.7063;1;1;0;0;0;0
23/12/21 00:00;0;0;90;0;0;90;0;0;0;0;15.49;1.9101;0;0;0;0;0;0;0;0;0;0;0;0;0;1;1;1;1;0;0;0;0;0;0;0;0;0;0;0;0;0;0;0;0;0;0;0;0;0;0;0;0;0;0;0;0;0;0;0;0;0;0;0;1;1;1;1;1;1;1;1;1;1;1;1;1;1;1;1;1;1;1;0;0;0;0;0;0;0;0;0;0.0004;0.088;0;-0.0884;0;0;0;0;0;0;0;0;0;0;0;0;0;0;0;0;0;0;0;-15.49;0;0;0;0;0.0004;0;0;0;0;0;0;0;-0.0004;-0.0884;0;0;0;0;0;0;0;0;0;-0.7063;0;0.7063;1;1;0;0;0;0
23/12/21 01:00;0;0;90;0;0;90;0;0;0;0;17.17;2.2399;0;0;0;0;0;0;0;0;0;0;0;0;0;1;1;1;1;0;0;0;0;0;0;0;0;0;0;0;0;0;0;0;0;0;0;0;0;0;0;0;0;0;0;0;0;0;0;0;0;0;0;0;1;1;1;1;1;1;1;1;1;1;1;1;1;1;1;1;1;1;1;0;0;0;0;0;0;0;0;0;0.0004;0.088;0;-0.0884;0;0;0;0;0;0;0;0;0;0;0;0;0;0;0;0;0;0;0;-17.17;0;0;0;0;0.0004;0;0;0;0;0;0;0;-0.0004;-0.0884;0;0;0;0;0;0;0;0;0;-0.7063;0;0.7063;1;1;0;0;0;0
23/12/21 02:00;0;0;90;0;0;90;0;0;0;0;15.6;2.6201;0;0;0;0;0;0;0;0;0;0;0;0;0;1;1;1;1;0;0;0;0;0;0;0;0;0;0;0;0;0;0;0;0;0;0;0;0;0;0;0;0;0;0;0;0;0;0;0;0;0;0;0;1;1;1;1;1;1;1;1;1;1;1;1;1;1;1;1;1;1;1;0;0;0;0;0;0;0;0;0;0.0004;0.088;0;-0.0884;0;0;0;0;0;0;0;0;0;0;0;0;0;0;0;0;0;0;0;-15.6;0;0;0;0;0.0004;0;0;0;0;0;0;0;-0.0004;-0.0884;0;0;0;0;0;0;0;0;0;-0.7063;0;0.7063;1;1;0;0;0;0
23/12/21 03:00;0;0;90;0;0;90;0;0;0;0;14.67;2.9301;0;0;0;0;0;0;0;0;0;0;0;0;0;1;1;1;1;0;0;0;0;0;0;0;0;0;0;0;0;0;0;0;0;0;0;0;0;0;0;0;0;0;0;0;0;0;0;0;0;0;0;0;1;1;1;1;1;1;1;1;1;1;1;1;1;1;1;1;1;1;1;0;0;0;0;0;0;0;0;0;0.0004;0.088;0;-0.0884;0;0;0;0;0;0;0;0;0;0;0;0;0;0;0;0;0;0;0;-14.67;0;0;0;0;0.0004;0;0;0;0;0;0;0;-0.0004;-0.0884;0;0;0;0;0;0;0;0;0;-0.7063;0;0.7063;1;1;0;0;0;0
23/12/21 04:00;1.3221;-118.03;86.792;1.4977;2.1367;-90;-2.1367;0;0;0;13.6;3.39;0;0;0;0;0;0;0;0;0;0;0;0;0;1;1;1;1;0;0;0;0;0;0;0;0;0;0;0;0;0;0;0;0;0;0;0;0;0;0;0;0;0;0;0;0;0;0;0;0;0;0;0;1;1;1;1;1;1;1;1;1;1;1;1;1;1;1;1;1;1;1;0;0;0;0;0;0;0;0;0;0.0004;0.088;0;-0.0884;0;0;0;0;0;0;0;0;0;0;0;0;0;0;0;0;0;0;0;-13.6;0;0;0;0;0.0004;0;0;0;0;0;0;0;-0.0004;-0.0884;0;0;0;0;0;0;0;0;0;-0.7063;0;0.7063;1;1;0;0;0;0
23/12/21 05:00;8.1496;-112.97;69.891;8.8408;13.044;-90;-13.044;101.09;22.703;78.388;15.5;3.61;0;190.11;13.632;21.569;0;0.2739;225.59;0;225.59;190.11;21.569;13.632;0.2739;0.8427;0.0616;0;0.0012;225.21;0.3825;0;0;0.1542;0.2283;201.6;23.159;20.32;2.3053;0.5239;0.0102;224.76;0.4504;0.3802;0.0431;0.027;0.0001;201.6;169.41;19.22;12.927;0.0353;8.6689;6.8744;2.5395;0.0107;0.1199;1.7248;0.0086;1.834;0;1;0;0;2.2315;0.9983;1;1;0.9887;0.1665;0.897;0.8929;1;0.9611;0.7753;0.998;0.998;1;0.998;0.998;0.8936;0.9483;0.1288;0.6774;0.6108;0.0037;0.0176;-0.0028;0.0041;0.0147;0.0003;0;0;0.088;0;0.4622;0;0;0;0;0;0;0;0;0;0;0;0;0.0118;0.0011;0.5603;0.5603;0;23.702;23.702;8.2016;0.0407;523.02;1071.2;1;0.0101;0.0101;0;0;0;0;0;0;0.5502;0.4622;0;15.755;18.244;12.997;15.05;98.197;98.197;5.4141;4.4778;3.6938;0.9363;0.784;0.1729;0.1448;0.6822;8.2412;0.6784;0
23/12/21 06:00;19.733;-105.31;35.027;20.4;37.314;-90;-37.314;311.3;58.697;252.61;19.25;1.81;0;612.64;24.765;75.445;0;6.6903;719.54;0;719.54;612.64;75.445;24.765;6.6903;0.8514;0.0437;0;0.0093;711.92;7.6222;0;0;1.5523;6.0698;706.95;3.5515;2.4311;0.2994;0.7477;0.0733;710.5;1.4238;1.2253;0.1509;0.0464;0.0012;707.15;608.99;74.995;22.419;0.5459;18.639;14.78;6.6337;0.7964;0.2318;3.3343;0.2024;2.7697;0;1;0;0;2.3114;0.9894;1;1;0.9373;0.0927;0.995;0.996;1;0.9677;0.8816;0.998;0.998;1;0.998;0.998;0.9825;0.9053;0.0816;2.1608;2.1369;0.0129;-0.0006;0.1759;0.0136;0.0484;0.0006;0;0;0.088;0;1.7193;0;0;0;0;0;0;0;0;0;0;0;0;0.039;0.0103;1.8369;1.8369;0;48.401;48.401;29.151;0.0412;1840.3;998.2;1;0.0297;0.0297;0;0;0;0;0;0;1.8073;1.7193;0;16.195;18.753;15.157;17.552;98.385;98.385;17.269;14.681;13.74;2.5882;0.9404;0.1499;0.0545;0.7957;17.249;0.7929;0
23/12/21 07:00;31.743;-97.833;6.6551;31.984;58.016;-90;-58.016;532.3;89.702;442.6;22.85;1.96;0;835.6;27.721;100.92;0;26.287;990.53;0;990.53;835.6;100.92;27.721;26.287;0.8436;0.0545;0;0.0265;962.58;27.946;0;0;3.3228;24.623;959.5;1.153;0.1917;0.0232;0.8474;0.0907;960.66;1.9252;1.6712;0.2018;0.0488;0.0033;963.91;833.73;100.7;23.502;1.5695;135.39;107.36;45.412;4.1172;1.7557;25.255;4.4079;22.894;0;1;0;0;1.8609;0.9718;1;1;0.8801;0.0633;0.9988;0.9998;1;0.9652;0.9454;0.998;0.998;1;0.998;0.998;0.9687;0.8478;0.0597;2.9746;2.9564;0.0178;-0.0005;0.3944;0.0178;0.0632;0.0043;0;0;0.088;0;2.2611;0;0;0;0;0;0;0;0;0;0;0;0;0.0509;0.019;2.3896;2.3896;0;62.885;62.885;40.035;0.0417;2545.6;938.71;1;0.0405;0.0405;0;0;0;0;0;0;2.3491;2.2611;0;15.304;17.721;14.481;16.768;98.306;98.306;23.773;19.098;18.071;4.6751;1.0267;0.1967;0.0432;0.7602;23.589;0.7459;0
23/12/21 08:00;43.972;-89.805;0.1405;43.972;46.028;-90;-46.028;726.61;121.1;605.51;25.78;2.92;0;872.1;39.211;107.75;0;23.322;1042.4;0;1042.4;872.1;107.75;39.211;23.322;0.8366;0.06;0;0.0224;1017.4;25.036;0;0;3.36;21.676;1014.1;1.2643;0.0042;0.0005;1.1694;0.0901;1015.3;2.0347;1.7442;0.2155;0.0717;0.0033;1019.9;870.35;107.54;34.61;1.5529;307.75;244.05;100.38;2.5943;3.7363;53.746;5.8448;54.888;0;1;0;0;1.4346;0.976;1;1;0.9143;0.0706;0.9988;1;1;0.9673;0.9452;0.998;0.998;1;0.998;0.998;0.9728;0.8827;0.0666;3.1303;3.1851;0.0192;0.0021;0.4861;0.0187;0.0665;0.009;0;0;0.088;0;2.3774;0;0;0;0;0;0;0;0;0;0;0;0;0.0535;0.0219;2.5081;2.5081;0;68.284;68.284;42.504;0.0419;2741.5;914.86;1;0.0427;0.0427;0;0;0;0;0;0;2.4654;2.3774;0;15.264;17.675;14.468;16.754;98.297;98.297;25.017;20.045;19;4.9725;1.0446;0.1988;0.0418;0.7595;29.462;0.7313;0
23/12/21 09:00;56.179;-79.81;5.6513;56.599;33.401;-90;-33.401;914.1;150.8;763.3;27.54;3.6799;0;914.31;48.304;117.56;0;15.852;1096;0;1096;914.31;117.56;48.304;15.852;0.8342;0.0585;0;0.0145;1079.4;16.672;0;0;2.5454;14.126;1075.3;1.9405;0.1781;0.0229;1.4764;0.2631;1077.2;2.1587;1.8286;0.2351;0.0915;0.0035;1079.6;912.3;117.31;44.191;1.4594;470.7;373.26;160.39;1.0636;5.0796;73.069;4.3293;77.085;0;1;0;0;1.199;0.9848;1;1;0.9473;0.1089;0.9982;0.9998;1;0.9677;0.8473;0.998;0.998;1;0.998;0.998;0.981;0.9148;0.0921;3.2914;3.4056;0.0205;0.0058;0.5742;0.0196;0.0696;0.012;0;0;0.088;0;2.49;0;0;0;0;0;0;0;0;0;0;0;0;0.0561;0.0249;2.6228;2.6228;0;72.782;72.782;45.242;0.0421;2930.6;894.98;1;0.0449;0.0449;0;0;0;0;0;0;2.578;2.49;0;15.181;17.579;14.411;16.688;98.289;98.289;26.305;20.962;19.9;5.343;1.062;0.2031;0.0404;0.7565;32.626;0.7205;0
23/12/21 10:00;67.854;-63.936;9.5337;69.918;20.082;-90;-20.082;1029.8;169.9;859.91;28.98;4.2201;0;915.58;56.394;118.97;0;6.5743;1097.5;0;1097.5;915.58;118.97;56.394;6.5743;0.8342;0.0574;0;0.006;1090.7;6.8298;0;0;1.3176;5.5122;1086;2.4695;0.3009;0.0391;1.896;0.2335;1088.5;2.1814;1.8312;0.2379;0.1102;0.0021;1087.6;913.44;118.69;53.07;0.8265;582.22;461.7;195.35;0.2058;6.4083;92.181;1.5833;98.384;0;1;0;0;1.0657;0.9938;1;1;0.9766;0.1616;0.9977;0.9997;1;0.9655;0.7797;0.998;0.998;1;0.998;0.998;0.9895;0.9411;0.1257;3.2958;3.4701;0.0209;0.0072;0.6096;0.0198;0.0703;0.015;0;0;0.088;0;2.5118;0;0;0;0;0;0;0;0;0;0;0;0;0.0566;0.0258;2.6449;2.6449;0;74.751;74.751;45.771;0.0421;2984.1;886.35;1;0.0452;0.0452;0;0;0;0;0;0;2.5998;2.5118;0;15.288;17.703;14.518;16.812;98.292;98.292;26.34;21.138;20.074;5.2021;1.0642;0.1975;0.0404;0.7621;35.051;0.717;0
23/12/21 11:00;76.942;-28.084;11.498;83.769;6.2313;-90;-6.2313;1082.1;178.1;904;29.42;4.44;0;909.37;60.84;117.77;0;0.6713;1088.7;0;1088.7;909.37;117.77;60.84;0.6713;0.8353;0.0565;0;0.0006;1087.9;0.7633;0;0;0.2027;0.5606;1082.7;3.0349;0.3604;0.0467;2.6031;0.0247;1085.7;2.1758;1.8187;0.2355;0.1213;0.0002;1082.8;907.19;117.49;57.913;0.0857;635.84;504.22;210.49;0.0024;7.1691;103.12;0.0887;110.29;0;1;0;0;1.0061;0.9993;1;1;0.9967;0.1648;0.9972;0.9996;1;0.957;0.7761;0.998;0.998;1;0.998;0.998;0.9945;0.9519;0.1277;3.2692;3.4786;0.0209;0.0073;0.615;0.0198;0.0704;0.0168;0;0;0.088;0;2.5126;0;0;0;0;0;0;0;0;0;0;0;0;0.0567;0.0259;2.6458;2.6458;0;75.061;75.061;45.642;0.0422;2990.3;884.79;1;0.0451;0.0451;0;0;0;0;0;0;2.6006;2.5126;0;15.417;17.853;14.641;16.954;98.294;98.294;26.128;21.145;20.081;4.9827;1.0641;0.1907;0.0407;0.7686;36.194;0.7177;0
23/12/21 12:00;76.229;34.012;11.38;82.194;7.806;90;7.806;1076.7;178.7;898.01;30.74;4.3899;0;906.41;61.371;118.14;0;1.0476;1087;0;1087;906.41;118.14;61.371;1.0476;0.8339;0.0574;0;0.001;1085.8;1.171;0;0;0.2959;0.8752;1080.6;3.0103;0.3556;0.0463;2.5697;0.0387;1083.6;2.1716;1.8128;0.2363;0.1222;0.0003;1080.8;904.24;117.85;58.384;0.1334;631.29;500.62;212.27;0.0068;6.9052;99.328;0.1656;106.23;0;1;0;0;1.0095;0.9989;1;1;0.9952;0.1646;0.9972;0.9996;1;0.9578;0.7753;0.998;0.998;1;0.998;0.998;0.9942;0.9513;0.1274;3.2642;3.4646;0.0209;0.007;0.6287;0.0197;0.0697;0.0161;0;0;0.088;0;2.4883;0;0;0;0;0;0;0;0;0;0;0;0;0.0561;0.0257;2.6207;2.6207;0;76.343;76.343;45.603;0.0422;2978.5;879.86;1;0.0444;0.0444;0;0;0;0;0;0;2.5763;2.4883;0;15.295;17.711;14.522;16.816;98.305;98.305;26.087;20.945;19.886;5.1425;1.0583;0.1971;0.0406;0.7623;36.612;0.7135;0
23/12/21 13:00;66.603;66.29;9.1883;68.388;21.612;90;21.612;1024.1;171;853.1;31.52;4.2901;0;917.61;56.35;121.11;0;7.5593;1102.6;0;1102.6;917.61;121.11;56.35;7.5593;0.8322;0.058;0;0.0069;1094.8;7.8771;0;0;1.484;6.393;1090.1;2.4465;0.2906;0.0384;1.8652;0.2522;1092.6;2.1895;1.8352;0.2422;0.1097;0.0023;1092;915.48;120.83;52.891;0.9117;574.81;455.82;192.04;0.2691;6.3847;91.841;1.8611;97.957;0;1;0;0;1.0767;0.9929;1;1;0.9737;0.1543;0.9978;0.9997;1;0.9659;0.7833;0.998;0.998;1;0.998;0.998;0.9887;0.9386;0.1206;3.3112;3.4825;0.021;0.0074;0.6475;0.0196;0.0697;0.0148;0;0;0.088;0;2.4882;0;0;0;0;0;0;0;0;0;0;0;0;0.0561;0.0259;2.6205;2.6205;0;77.571;77.571;46.051;0.0422;2994.8;875;1;0.0443;0.0443;0;0;0;0;0;0;2.5762;2.4882;0;15.076;17.458;14.315;16.577;98.31;98.31;26.463;20.943;19.886;5.5202;1.0571;0.2086;0.0399;0.7515;35.295;0.7073;0
23/12/21 14:00;54.819;81.113;5.1066;55.144;34.856;90;34.856;908.3;157.2;751.1;31.75;4.2101;0;915.32;49.943;124.71;0;17.111;1107.1;0;1107.1;915.32;124.71;49.943;17.111;0.8268;0.0606;0;0.0155;1088.9;18.21;0;0;2.8191;15.391;1084.7;1.9459;0.1611;0.022;1.5182;0.2446;1086.7;2.1777;1.8306;0.2494;0.0942;0.0034;1089.5;913.33;124.44;45.512;1.4714;460.82;365.43;155.54;1.2728;5.0843;73.136;4.7791;76.948;0;1;0;0;1.2188;0.9836;1;1;0.9436;0.1005;0.9982;0.9998;1;0.9677;0.8575;0.998;0.998;1;0.998;0.998;0.9798;0.9113;0.086;3.3246;3.4357;0.0207;0.0064;0.6391;0.0194;0.0688;0.0118;0;0;0.088;0;2.4573;0;0;0;0;0;0;0;0;0;0;0;0;0.0554;0.0253;2.5889;2.5889;0;77.574;77.574;45.824;0.0422;2958.7;875;1;0.0435;0.0435;0;0;0;0;0;0;2.5453;2.4573;0;14.834;17.178;14.081;16.305;98.318;98.318;26.57;20.69;19.639;5.8796;1.0513;0.2213;0.0396;0.7391;34.11;0.7043;0
23/12/21 15:00;42.593;90.769;0.5662;42.595;47.405;90;47.405;729.6;149.2;580.39;31.52;4.09;0;857.54;49.099;133.92;0;24.759;1065.3;0;1065.3;857.54;133.92;49.099;24.759;0.805;0.0693;0;0.0232;1037.8;27.513;0;0;4.3996;23.113;1034.2;1.5661;0.0167;0.0026;1.4644;0.0823;1035.7;2.0756;1.7151;0.2678;0.0894;0.0033;1040;855.81;133.65;43.146;1.5597;301.61;239.18;100.26;3.5952;3.6073;51.89;5.8422;51.902;0;1;0;0;1.4601;0.9742;1;1;0.9104;0.0665;0.9985;1;1;0.9672;0.9499;0.998;0.998;1;0.998;0.998;0.9708;0.8787;0.063;3.1992;3.2418;0.0195;0.003;0.575;0.0185;0.0656;0.0085;0;0;0.088;0;2.3469;0;0;0;0;0;0;0;0;0;0;0;0;0.0529;0.0227;2.4761;2.4761;0;75.115;75.115;43.595;0.0422;2792;886.87;1;0.0412;0.0412;0;0;0;0;0;0;2.4349;2.3469;0;14.745;17.074;13.975;16.183;98.335;98.335;25.568;19.789;18.757;5.7783;1.0328;0.226;0.0404;0.7336;37.372;0.7078;0
23/12/21 16:00;30.378;98.684;7.4843;30.667;59.333;90;59.333;511.3;154.2;357.1;31.41;3.8;0;700.14;58.185;151.23;0;26.304;935.86;0;935.86;700.14;151.23;58.185;26.304;0.7481;0.0903;0;0.0281;903.96;31.903;0;0;7.2199;24.683;900.04;2.1117;0.1806;0.039;1.7889;0.1032;902.15;1.8079;1.4003;0.3025;0.1019;0.0032;904.63;698.56;150.89;49.074;1.5148;135.18;107.19;47.652;9.353;1.9435;27.956;4.5967;20.546;0;1;0;0;1.8304;0.9659;1;1;0.8759;0.0616;0.9977;0.9997;1;0.9648;0.9362;0.998;0.998;1;0.998;0.998;0.9617;0.8434;0.0576;2.8104;2.7836;0.0168;-0.0016;0.4353;0.0163;0.0579;0.0047;0;0;0.088;0;2.0675;0;0;0;0;0;0;0;0;0;0;0;0;0.0466;0.0169;2.1907;2.1907;0;69.16;69.16;37.75;0.0419;2396.7;914.03;1;0.0351;0.0351;0;0;0;0;0;0;2.1555;2.0675;0;14.849;17.195;14.015;16.229;98.396;98.396;22.461;17.508;16.524;4.9529;0.9841;0.2205;0.0438;0.7357;50.259;0.7196;0
23/12/21 17:00;18.405;106.15;40.026;19.108;33.444;90;33.444;280.2;149.8;130.4;30.66;2.59;0;316.26;97.201;106.29;0;4.8715;524.63;0;524.63;316.26;106.29;97.201;4.8715;0.6028;0.1946;0;0.0093;515.13;9.4942;0;0;5.1412;4.3531;508.14;5.9594;2.1778;0.7319;2.97;0.0797;514.1;1.0303;0.6325;0.2126;0.1841;0.001;508.74;313.45;105.35;88.906;0.4376;66.529;52.758;22.645;2.1429;0.8491;12.214;0.5975;10.92;0;1;0;0;1.8723;0.9819;1;1;0.9471;0.1064;0.9884;0.9931;1;0.9677;0.8459;0.998;0.998;1;0.998;0.998;0.9686;0.9147;0.0898;1.5755;1.558;0.0094;0.0055;0.148;0.0098;0.0346;0.0022;0;0;0.088;0;1.2071;0;0;0;0;0;0;0;0;0;0;0;0;0.0279;0.0057;1.3149;1.3149;0;51.696;51.696;21.037;0.0414;1341.3;980.31;1;0.0198;0.0198;0;0;0;0;0;0;1.2951;1.2071;0;15.899;18.411;14.596;16.902;98.496;98.496;12.591;10.509;9.6473;2.0825;0.8613;0.1654;0.0684;0.7662;65.675;0.7531;0
23/12/21 18:00;6.8836;113.87;73.101;7.5204;10.986;90;10.986;69.992;65.901;4.0916;29.01;2.6399;0;9.9232;63.718;3.8651;0;0.1347;77.641;0;77.641;9.9232;3.8651;63.718;0.1347;0.1278;0.8224;0;0.0017;76.987;0.654;0;0;0.5415;0.1125;72.216;4.617;1.4925;0.5813;2.5382;0.005;76.833;0.154;0.0198;0.0077;0.1264;0;72.238;8.4109;3.2761;60.512;0.0172;38.319;30.387;12.131;0.0265;0.4698;6.7582;0.0224;7.2015;0;1;0;0;1.1093;0.9916;1;1;0.9915;0.1651;0.9399;0.8493;1;0.9597;0.7747;0.998;0.998;1;0.998;0.998;0.9301;0.9497;0.1277;0.2332;0.2318;0.0014;0.0159;0.006;0.0015;0.0052;0.0012;0;0;0.088;0;0.1025;0;0;0;0;0;0;0;0;0;0;0;0;0.0042;0.0002;0.1963;0.1963;0;31.999;31.999;2.9889;0.0414;197.01;996.18;1;0.0058;0.0058;0;0;0;0;0;0;0.1905;0.1025;0;16.035;18.568;8.3728;9.6955;97.056;97.056;1.8634;1.5685;0.819;0.2949;0.7495;0.1583;0.4022;0.4395;38.291;0.4126;0
23/12/21 19:00;0.6474;118.56;88.43;0.7371;1.0509;90;1.0509;0;0;0;25.39;2.73;0;0;0;0;0;0;0;0;0;0;0;0;0;1;1;1;1;0;0;0;0;0;0;0;0;0;0;0;0;0;0;0;0;0;0;0;0;0;0;0;0;0;0;0;0;0;0;0;0;0;0;0;1;1;1;1;1;1;1;1;1;1;1;1;1;1;1;1;1;1;1;0;0;0;0;0;0;0;0;0;0.0004;0.088;0;-0.0884;0;0;0;0;0;0;0;0;0;0;0;0;0;0;0;0;0;0;0;-25.39;0;0;0;0;0.0004;0;0;0;0;0;0;0;-0.0004;-0.0884;0;0;0;0;0;0;0;0;0;-0.7063;0;0.7063;1;1;0;0;0;0
23/12/21 20:00;0;0;90;0;0;90;0;0;0;0;20.36;2.68;0;0;0;0;0;0;0;0;0;0;0;0;0;1;1;1;1;0;0;0;0;0;0;0;0;0;0;0;0;0;0;0;0;0;0;0;0;0;0;0;0;0;0;0;0;0;0;0;0;0;0;0;1;1;1;1;1;1;1;1;1;1;1;1;1;1;1;1;1;1;1;0;0;0;0;0;0;0;0;0;0.0004;0.088;0;-0.0884;0;0;0;0;0;0;0;0;0;0;0;0;0;0;0;0;0;0;0;-20.36;0;0;0;0;0.0004;0;0;0;0;0;0;0;-0.0004;-0.0884;0;0;0;0;0;0;0;0;0;-0.7063;0;0.7063;1;1;0;0;0;0
23/12/21 21:00;0;0;90;0;0;90;0;0;0;0;16.2;2.5499;0;0;0;0;0;0;0;0;0;0;0;0;0;1;1;1;1;0;0;0;0;0;0;0;0;0;0;0;0;0;0;0;0;0;0;0;0;0;0;0;0;0;0;0;0;0;0;0;0;0;0;0;1;1;1;1;1;1;1;1;1;1;1;1;1;1;1;1;1;1;1;0;0;0;0;0;0;0;0;0;0.0004;0.088;0;-0.0884;0;0;0;0;0;0;0;0;0;0;0;0;0;0;0;0;0;0;0;-16.2;0;0;0;0;0.0004;0;0;0;0;0;0;0;-0.0004;-0.0884;0;0;0;0;0;0;0;0;0;-0.7063;0;0.7063;1;1;0;0;0;0
23/12/21 22:00;0;0;90;0;0;90;0;0;0;0;15;2.3701;0;0;0;0;0;0;0;0;0;0;0;0;0;1;1;1;1;0;0;0;0;0;0;0;0;0;0;0;0;0;0;0;0;0;0;0;0;0;0;0;0;0;0;0;0;0;0;0;0;0;0;0;1;1;1;1;1;1;1;1;1;1;1;1;1;1;1;1;1;1;1;0;0;0;0;0;0;0;0;0;0.0004;0.088;0;-0.0884;0;0;0;0;0;0;0;0;0;0;0;0;0;0;0;0;0;0;0;-15;0;0;0;0;0.0004;0;0;0;0;0;0;0;-0.0004;-0.0884;0;0;0;0;0;0;0;0;0;-0.7063;0;0.7063;1;1;0;0;0;0
23/12/21 23:00;0;0;90;0;0;90;0;0;0;0;14.94;2.18;0;0;0;0;0;0;0;0;0;0;0;0;0;1;1;1;1;0;0;0;0;0;0;0;0;0;0;0;0;0;0;0;0;0;0;0;0;0;0;0;0;0;0;0;0;0;0;0;0;0;0;0;1;1;1;1;1;1;1;1;1;1;1;1;1;1;1;1;1;1;1;0;0;0;0;0;0;0;0;0;0.0004;0.088;0;-0.0884;0;0;0;0;0;0;0;0;0;0;0;0;0;0;0;0;0;0;0;-14.94;0;0;0;0;0.0004;0;0;0;0;0;0;0;-0.0004;-0.0884;0;0;0;0;0;0;0;0;0;-0.7063;0;0.7063;1;1;0;0;0;0
24/12/21 00:00;0;0;90;0;0;90;0;0;0;0;14.14;2.18;0;0;0;0;0;0;0;0;0;0;0;0;0;1;1;1;1;0;0;0;0;0;0;0;0;0;0;0;0;0;0;0;0;0;0;0;0;0;0;0;0;0;0;0;0;0;0;0;0;0;0;0;1;1;1;1;1;1;1;1;1;1;1;1;1;1;1;1;1;1;1;0;0;0;0;0;0;0;0;0;0.0004;0.088;0;-0.0884;0;0;0;0;0;0;0;0;0;0;0;0;0;0;0;0;0;0;0;-14.14;0;0;0;0;0.0004;0;0;0;0;0;0;0;-0.0004;-0.0884;0;0;0;0;0;0;0;0;0;-0.7063;0;0.7063;1;1;0;0;0;0
24/12/21 01:00;0;0;90;0;0;90;0;0;0;0;13.4;2.36;0;0;0;0;0;0;0;0;0;0;0;0;0;1;1;1;1;0;0;0;0;0;0;0;0;0;0;0;0;0;0;0;0;0;0;0;0;0;0;0;0;0;0;0;0;0;0;0;0;0;0;0;1;1;1;1;1;1;1;1;1;1;1;1;1;1;1;1;1;1;1;0;0;0;0;0;0;0;0;0;0.0004;0.088;0;-0.0884;0;0;0;0;0;0;0;0;0;0;0;0;0;0;0;0;0;0;0;-13.4;0;0;0;0;0.0004;0;0;0;0;0;0;0;-0.0004;-0.0884;0;0;0;0;0;0;0;0;0;-0.7063;0;0.7063;1;1;0;0;0;0
24/12/21 02:00;0;0;90;0;0;90;0;0;0;0;13.07;2.5401;0;0;0;0;0;0;0;0;0;0;0;0;0;1;1;1;1;0;0;0;0;0;0;0;0;0;0;0;0;0;0;0;0;0;0;0;0;0;0;0;0;0;0;0;0;0;0;0;0;0;0;0;1;1;1;1;1;1;1;1;1;1;1;1;1;1;1;1;1;1;1;0;0;0;0;0;0;0;0;0;0.0004;0.088;0;-0.0884;0;0;0;0;0;0;0;0;0;0;0;0;0;0;0;0;0;0;0;-13.07;0;0;0;0;0.0004;0;0;0;0;0;0;0;-0.0004;-0.0884;0;0;0;0;0;0;0;0;0;-0.7063;0;0.7063;1;1;0;0;0;0
24/12/21 03:00;0;0;90;0;0;90;0;0;0;0;12.2;2.7001;0;0;0;0;0;0;0;0;0;0;0;0;0;1;1;1;1;0;0;0;0;0;0;0;0;0;0;0;0;0;0;0;0;0;0;0;0;0;0;0;0;0;0;0;0;0;0;0;0;0;0;0;1;1;1;1;1;1;1;1;1;1;1;1;1;1;1;1;1;1;1;0;0;0;0;0;0;0;0;0;0.0004;0.088;0;-0.0884;0;0;0;0;0;0;0;0;0;0;0;0;0;0;0;0;0;0;0;-12.2;0;0;0;0;0.0004;0;0;0;0;0;0;0;-0.0004;-0.0884;0;0;0;0;0;0;0;0;0;-0.7063;0;0.7063;1;1;0;0;0;0
24/12/21 04:00;1.2245;-118.08;87.029;1.3878;1.9797;-90;-1.9797;0;0;0;11.78;3.1999;0;0;0;0;0;0;0;0;0;0;0;0;0;1;1;1;1;0;0;0;0;0;0;0;0;0;0;0;0;0;0;0;0;0;0;0;0;0;0;0;0;0;0;0;0;0;0;0;0;0;0;0;1;1;1;1;1;1;1;1;1;1;1;1;1;1;1;1;1;1;1;0;0;0;0;0;0;0;0;0;0.0004;0.088;0;-0.0884;0;0;0;0;0;0;0;0;0;0;0;0;0;0;0;0;0;0;0;-11.78;0;0;0;0;0.0004;0;0;0;0;0;0;0;-0.0004;-0.0884;0;0;0;0;0;0;0;0;0;-0.7063;0;0.7063;1;1;0;0;0;0
24/12/21 05:00;8.0491;-113.02;70.148;8.7351;12.877;-90;-12.877;105.1;18.898;86.198;13.97;4.1599;0;209.05;10.523;19.986;0;0.2775;239.84;0;239.84;209.05;19.986;10.523;0.2775;0.8716;0.045;0;0.0012;239.49;0.3478;0;0;0.1165;0.2313;213.44;25.574;22.963;2.1953;0.4056;0.0104;239.01;0.479;0.4181;0.04;0.0208;0.0001;213.45;185.67;17.751;9.9805;0.0357;6.8214;5.4094;1.9528;0.0079;0.0973;1.3993;0.0069;1.4886;0;1;0;0;2.2821;0.9985;1;1;0.9889;0.1665;0.893;0.8899;1;0.9609;0.7753;0.998;0.998;1;0.998;0.998;0.8899;0.9484;0.1288;0.7202;0.6458;0.0039;0.0174;-0.0055;0.0044;0.0156;0.0003;0;0;0.088;0;0.4972;0;0;0;0;0;0;0;0;0;0;0;0;0.0126;0.0012;0.5959;0.5959;0;22.642;22.642;8.6717;0.0406;553.03;1077.5;1;0.0107;0.0107;0;0;0;0;0;0;0.5852;0.4972;0;15.761;18.251;13.152;15.229;98.21;98.21;5.7562;4.7625;3.9739;0.9937;0.7885;0.1726;0.137;0.6904;6.3587;0.6874;0
24/12/21 06:00;19.63;-105.35;35.437;20.298;36.982;-90;-36.982;310.89;57.599;253.29;19.74;3.9701;0;614.31;24.137;74.607;0;6.5672;719.62;0;719.62;614.31;74.607;24.137;6.5672;0.8537;0.0427;0;0.0091;712.18;7.4416;0;0;1.4921;5.9495;707.05;3.7032;2.5849;0.3139;0.7293;0.075;710.76;1.4244;1.2286;0.1492;0.0453;0.0012;707.24;610.5;74.144;21.871;0.5415;18.158;14.399;6.4601;0.7529;0.2245;3.2289;0.1927;2.7005;0;1;0;0;2.3147;0.9897;1;1;0.9382;0.0941;0.9948;0.9958;1;0.9677;0.8784;0.998;0.998;1;0.998;0.998;0.9825;0.9061;0.0825;2.161;2.1369;0.0129;-0.0006;0.1797;0.0136;0.0483;0.0006;0;0;0.088;0;1.7158;0;0;0;0;0;0;0;0;0;0;0;0;0.0389;0.0103;1.8333;1.8333;0;48.908;48.908;29.168;0.0413;1840.6;996.06;1;0.0296;0.0296;0;0;0;0;0;0;1.8038;1.7158;0;16.161;18.714;15.125;17.514;98.388;98.388;17.271;14.652;13.713;2.6189;0.9395;0.1516;0.0544;0.794;16.766;0.7913;0
24/12/21 07:00;31.637;-97.874;6.698;31.88;58.12;-90;-58.12;533.61;89.103;444.5;24.45;2.7001;0;841.63;27.215;101.27;0;26.437;996.55;0;996.55;841.63;101.27;27.215;26.437;0.8445;0.0538;0;0.0265;968.52;28.034;0;0;3.2706;24.763;965.44;1.1422;0.1943;0.0234;0.8323;0.0922;966.58;1.937;1.6833;0.2025;0.0479;0.0033;969.86;839.75;101.04;23.064;1.5784;134.3;106.5;44.859;4.0678;1.7528;25.214;4.4253;22.899;0;1;0;0;1.8676;0.9719;1;1;0.8798;0.0633;0.9988;0.9998;1;0.9652;0.9448;0.998;0.998;1;0.998;0.998;0.9688;0.8475;0.0597;2.9926;2.9743;0.0179;-0.0004;0.4172;0.0178;0.063;0.0043;0;0;0.088;0;2.2562;0;0;0;0;0;0;0;0;0;0;0;0;0.0508;0.0192;2.3844;2.3844;0;64.797;64.797;40.347;0.0418;2560.4;931.28;1;0.0402;0.0402;0;0;0;0;0;0;2.3442;2.2562;0;15.178;17.576;14.362;16.631;98.316;98.316;23.917;19.056;18.032;4.861;1.0243;0.2032;0.0428;0.7539;23.185;0.7399;0
24/12/21 08:00;43.866;-89.851;0.1073;43.866;46.134;-90;-46.134;739.6;121.7;617.9;26.39;2.3899;0;891.66;37.951;110.92;0;23.843;1064.4;0;1064.4;891.66;110.92;37.951;23.843;0.8377;0.0581;0;0.0224;1039;25.427;0;0;3.2629;22.164;1035.6;1.2266;0.0033;0.0004;1.1319;0.0911;1036.9;2.0779;1.7833;0.2218;0.0694;0.0034;1041.4;889.88;110.7;33.487;1.5848;311.95;247.38;102.88;2.5313;3.7075;53.331;5.7756;54.507;0;1;0;0;1.4391;0.9761;1;1;0.914;0.0704;0.9988;1;1;0.9673;0.9457;0.998;0.998;1;0.998;0.998;0.973;0.8824;0.0665;3.1963;3.2491;0.0196;0.0031;0.5141;0.019;0.0673;0.0089;0;0;0.088;0;2.4089;0;0;0;0;0;0;0;0;0;0;0;0;0.0542;0.0228;2.5402;2.5402;0;69.857;69.857;43.467;0.042;2797.3;908.09;1;0.0433;0.0433;0;0;0;0;0;0;2.4969;2.4089;0;15.139;17.531;14.357;16.625;98.296;98.296;25.545;20.301;19.252;5.2438;1.0493;0.2053;0.0411;0.7536;28.543;0.7264;0
24/12/21 09:00;56.074;-79.875;5.6306;56.489;33.511;-90;-33.511;960.2;158.4;801.8;28.1;2.44;0;961.64;45.827;130.04;0;16.758;1154.3;0;1154.3;961.64;130.04;45.827;16.758;0.8331;0.0542;0;0.0145;1136.9;17.369;0;0;2.4274;14.941;1132.7;1.8874;0.1867;0.0252;1.4001;0.2754;1134.6;2.2738;1.9233;0.2601;0.0868;0.0036;1137.3;959.53;129.75;41.913;1.5378;493.29;391.18;168.11;1.0209;5.3156;76.463;4.5746;80.758;0;1;0;0;1.2021;0.985;1;1;0.947;0.1084;0.9983;0.9998;1;0.9677;0.8481;0.998;0.998;1;0.998;0.998;0.9813;0.9146;0.0918;3.4663;3.5866;0.0216;0.0098;0.6442;0.0204;0.0723;0.0124;0;0;0.088;0;2.5855;0;0;0;0;0;0;0;0;0;0;0;0;0.0582;0.0275;2.7203;2.7203;0;75.889;75.889;47.789;0.0422;3084.9;881.83;1;0.0468;0.0468;0;0;0;0;0;0;2.6735;2.5855;0;14.95;17.312;14.21;16.454;98.28;98.28;27.702;21.741;20.664;5.9615;1.0773;0.2152;0.0389;0.7459;30.979;0.7107;0
24/12/21 10:00;67.755;-64.071;9.528;69.805;20.195;-90;-20.195;1280.2;211.2;1069;29.08;2.51;0;1139;37.237;184.1;0;8.2639;1368.6;0;1368.6;1139;184.1;37.237;8.2639;0.8322;0.0332;0;0.006;1360.8;7.8096;0;0;0.8778;6.9317;1356.1;1.9774;0.3741;0.0605;1.2504;0.2924;1358.1;2.7216;2.2781;0.3682;0.0727;0.0027;1358.1;1136.4;183.67;35.036;1.0371;722.06;572.6;242.61;0.1397;7.9181;113.9;1.99;121.68;0;1;0;0;1.0691;0.9943;1;1;0.9764;0.1612;0.9985;0.9997;1;0.9655;0.78;0.998;0.998;1;0.998;0.998;0.9909;0.9409;0.1255;4.11;4.3306;0.0261;0.0345;0.9465;0.0233;0.0825;0.0175;0;0;0.088;0;2.662;0;0;0;0;0;0;0;0;0;0;0;0;0.0664;0.0393;3.0945;2.7998;0;86.855;86.855;57.774;0.0426;3048.3;918.46;1;0.3445;0.0498;0;0;0.2948;0;0;0;2.75;2.662;0;12.977;15.027;12.338;14.288;88.866;98.223;32.847;22.376;21.275;10.471;1.101;0.3188;0.0335;0.6477;23.157;0.6097;0
24/12/21 11:00;76.879;-28.489;11.509;83.656;6.3443;-90;-6.3443;937.5;250.3;687.21;30.86;2.68;0;691.44;124.81;125.88;0;0.6029;942.73;0;942.73;691.44;125.88;124.81;0.6029;0.7334;0.133;0;0.0006;941.8;0.9314;0;0;0.4279;0.5035;934.24;5.6788;0.2743;0.0499;5.3323;0.0222;939.91;1.8836;1.3829;0.2518;0.2488;0.0002;934.32;689.78;125.57;118.8;0.077;551.23;437.13;181.76;0.0052;6.2625;90.083;0.0794;96.34;0;1;0;0;1.0056;0.999;1;1;0.9966;0.1649;0.994;0.9996;1;0.957;0.7761;0.998;0.998;1;0.998;0.998;0.991;0.9519;0.1277;2.831;3.004;0.0181;-0.0001;0.4788;0.0176;0.0622;0.015;0;0;0.088;0;2.2161;0;0;0;0;0;0;0;0;0;0;0;0;0.0501;0.0195;2.3427;2.3427;0;70.074;70.074;39.214;0.042;2582.3;907.23;1;0.0386;0.0386;0;0;0;0;0;0;2.3041;2.2161;0;15.764;18.255;14.912;17.268;98.353;98.353;22.626;18.723;17.711;3.9026;1.0117;0.1725;0.0447;0.7828;74.265;0.7305;0
24/12/21 12:00;76.268;33.573;11.407;82.304;7.696;90;7.696;1100.5;181.6;918.9;31.51;2.9499;0;927.26;59.65;122.78;0;1.0408;1110.7;0;1110.7;927.26;122.78;59.65;1.0408;0.8348;0.0546;0;0.0009;1109.6;1.1505;0;0;0.281;0.8696;1104.4;2.9529;0.3646;0.0483;2.5016;0.0384;1107.4;2.2192;1.8545;0.2456;0.1187;0.0003;1104.6;925.04;122.49;56.748;0.1325;645.33;511.75;217.02;0.0062;7.0565;101.5;0.1631;108.56;0;1;0;0;1.0093;0.999;1;1;0.9953;0.1646;0.9973;0.9996;1;0.9578;0.7753;0.998;0.998;1;0.998;0.998;0.9943;0.9514;0.1273;3.3355;3.5408;0.0213;0.0087;0.666;0.0199;0.0706;0.0163;0;0;0.088;0;2.5213;0;0;0;0;0;0;0;0;0;0;0;0;0.0569;0.0268;2.6544;2.6544;0;78.19;78.19;46.68;0.0423;3031.8;875;1;0.0451;0.0451;0;0;0;0;0;0;2.6093;2.5213;0;15.16;17.555;14.4;16.675;98.302;98.302;26.658;21.214;20.15;5.4439;1.0634;0.2042;0.0399;0.7559;35.577;0.7075;0
24/12/21 13:00;66.681;66.092;9.2314;68.492;21.508;90;21.508;1017.3;172.1;845.2;31.89;3.1899;0;908.46;57.815;120.6;0;7.4379;1094.3;0;1094.3;908.46;120.6;57.815;7.4379;0.8302;0.0596;0;0.0068;1086.5;7.7986;0;0;1.5109;6.2878;1081.8;2.4923;0.2891;0.0384;1.9157;0.2491;1084.3;2.173;1.8169;0.2412;0.1126;0.0023;1083.7;906.36;120.32;54.276;0.8987;571.37;453.1;190.85;0.2712;6.3497;91.338;1.8292;97.417;0;1;0;0;1.0757;0.9929;1;1;0.9739;0.1546;0.9977;0.9997;1;0.9659;0.783;0.998;0.998;1;0.998;0.998;0.9886;0.9388;0.1208;3.2862;3.4565;0.0208;0.0069;0.6431;0.0195;0.0692;0.0147;0;0;0.088;0;2.4693;0;0;0;0;0;0;0;0;0;0;0;0;0.0557;0.0256;2.6011;2.6011;0;77.592;77.592;45.702;0.0422;2972.7;875;1;0.0438;0.0438;0;0;0;0;0;0;2.5573;2.4693;0;15.078;17.46;14.314;16.575;98.315;98.315;26.263;20.788;19.734;5.4756;1.0535;0.2085;0.0401;0.7514;36.194;0.7072;0
24/12/21 14:00;54.906;80.995;5.1631;55.24;34.76;90;34.76;898.81;160.8;738.01;32.6;3.39;0;898.32;52.883;125.05;0;16.841;1093.1;0;1093.1;898.32;125.05;52.883;16.841;0.8218;0.0638;0;0.0154;1075;18.114;0;0;2.9722;15.142;1070.8;2.0333;0.1599;0.0223;1.6081;0.2431;1072.8;2.1499;1.7966;0.2501;0.0998;0.0034;1075.5;896.36;124.78;48.203;1.4526;456.95;362.36;154.23;1.3347;5.0465;72.592;4.7055;76.304;0;1;0;0;1.2162;0.9834;1;1;0.9438;0.1009;0.9981;0.9998;1;0.9677;0.8566;0.998;0.998;1;0.998;0.998;0.9796;0.9115;0.0863;3.2825;3.3923;0.0204;0.0056;0.6346;0.0191;0.0678;0.0117;0;0;0.088;0;2.423;0;0;0;0;0;0;0;0;0;0;0;0;0.0546;0.0247;2.5537;2.5537;0;77.844;77.844;45.244;0.0423;2918.6;875;1;0.0427;0.0427;0;0;0;0;0;0;2.511;2.423;0;14.82;17.162;14.062;16.283;98.327;98.327;26.234;20.409;19.365;5.8246;1.0447;0.222;0.0398;0.7382;36.091;0.7032;0
24/12/21 15:00;42.682;90.679;0.4993;42.684;47.316;90;47.316;717.9;158.4;559.49;32.4;3.48;0;825.27;55.207;136.59;0;24.276;1041.3;0;1041.3;825.27;136.59;55.207;24.276;0.7925;0.0763;0;0.0233;1013.7;27.593;0;0;4.9335;22.659;1010;1.7445;0.0142;0.0024;1.6466;0.0814;1011.7;2.0275;1.6505;0.2732;0.1005;0.0032;1015.7;823.6;136.31;48.526;1.5315;299.43;237.45;99.736;4.0154;3.5974;51.747;5.7751;51.33;0;1;0;0;1.4505;0.9735;1;1;0.9106;0.0666;0.9983;1;1;0.9672;0.9495;0.998;0.998;1;0.998;0.998;0.9699;0.879;0.0631;3.1271;3.1684;0.0191;0.0019;0.5607;0.0181;0.0642;0.0084;0;0;0.088;0;2.2946;0;0;0;0;0;0;0;0;0;0;0;0;0.0517;0.0217;2.4226;2.4226;0;74.969;74.969;42.569;0.0421;2728.9;887.73;1;0.04;0.04;0;0;0;0;0;0;2.3826;2.2946;0;14.758;17.089;13.978;16.186;98.349;98.349;24.992;19.361;18.338;5.6309;1.0229;0.2253;0.0409;0.7338;41.986;0.7074;0
24/12/21 16:00;30.466;98.605;7.4097;30.75;59.25;90;59.25;504.7;162;342.69;32.62;3.3401;0;670.25;63.808;151.7;0;25.898;911.66;0;911.66;670.25;151.7;63.808;25.898;0.7352;0.0984;0;0.0284;879.45;32.205;0;0;7.9016;24.303;875.42;2.2716;0.1712;0.0387;1.961;0.1007;877.69;1.7589;1.3405;0.3034;0.1118;0.0032;880.07;668.74;151.35;53.833;1.4912;138.07;109.49;48.951;10.205;2.0093;28.903;4.6489;20.708;0;1;0;0;1.8063;0.9647;1;1;0.8762;0.0616;0.9974;0.9997;1;0.9649;0.9368;0.998;0.998;1;0.998;0.998;0.9603;0.8437;0.0576;2.7377;2.7116;0.0163;-0.0019;0.4262;0.0159;0.0564;0.0048;0;0;0.088;0;2.0107;0;0;0;0;0;0;0;0;0;0;0;0;0.0454;0.0161;2.1324;2.1324;0;69.344;69.344;36.723;0.0419;2335.2;913.14;1;0.0337;0.0337;0;0;0;0;0;0;2.0987;2.0107;0;14.838;17.182;13.991;16.201;98.418;98.418;21.88;17.042;16.069;4.8376;0.9728;0.2211;0.0445;0.7344;55.062;0.7174;0
24/12/21 17:00;18.49;106.07;39.723;19.188;33.667;90;33.667;276.9;153.4;123.5;31.89;2.33;0;299.53;101.77;102.63;0;4.8767;508.8;0;508.8;299.53;102.63;101.77;4.8767;0.5887;0.2096;0;0.0096;499;9.8019;0;0;5.4395;4.3624;492.12;5.8831;2.0095;0.6885;3.1069;0.0782;498;0.998;0.5991;0.2053;0.1927;0.001;492.78;296.92;101.73;93.03;0.4351;69.69;55.264;23.352;2.2955;0.9167;13.186;0.6618;11.807;0;1;0;0;1.8375;0.9807;1;1;0.9466;0.1055;0.9882;0.9933;1;0.9677;0.8477;0.998;0.998;1;0.998;0.998;0.9672;0.9141;0.0892;1.5279;1.512;0.0091;0.0061;0.147;0.0094;0.0335;0.0024;0;0;0.088;0;1.1649;0;0;0;0;0;0;0;0;0;0;0;0;0.027;0.0054;1.272;1.272;0;52.276;52.276;20.386;0.0414;1301.7;977.23;1;0.0191;0.0191;0;0;0;0;0;0;1.2529;1.1649;0;15.86;18.365;14.524;16.819;98.498;98.498;12.211;10.166;9.3102;2.045;0.856;0.1675;0.0701;0.7624;68.878;0.7479;0
24/12/21 18:00;6.9624;113.79;72.903;7.6017;11.111;90;11.111;69.309;65.502;3.8069;30.82;2.4501;0;9.2328;63.444;3.5339;0;0.1364;76.348;0;76.348;9.2328;3.5339;63.444;0.1364;0.1209;0.8328;0;0.0018;75.684;0.6634;0;0;0.5495;0.1139;71.127;4.4061;1.359;0.5202;2.5219;0.0051;75.533;0.1514;0.0185;0.0071;0.1258;0;71.15;7.8554;3.0067;60.247;0.0174;38.166;30.265;12.084;0.0275;0.4679;6.7307;0.023;7.1711;0;1;0;0;1.1016;0.9913;1;1;0.9913;0.1651;0.9417;0.8525;1;0.9598;0.7747;0.998;0.998;1;0.998;0.998;0.9316;0.9496;0.1277;0.2293;0.2285;0.0014;0.0158;0.0074;0.0014;0.0051;0.0012;0;0;0.088;0;0.0982;0;0;0;0;0;0;0;0;0;0;0;0;0.0041;0.0002;0.1918;0.1918;0;33.769;33.769;2.9488;0.0415;194.15;988.15;1;0.0057;0.0057;0;0;0;0;0;0;0.1862;0.0982;0;15.941;18.459;8.1582;9.447;97.048;97.048;1.8323;1.5333;0.7847;0.2991;0.7486;0.1632;0.4085;0.4283;38.14;0.4017;0
24/12/21 19:00;0.7219;118.48;88.249;0.8213;1.1709;90;1.1709;0;0;0;25.85;2.4699;0;0;0;0;0;0;0;0;0;0;0;0;0;1;1;1;1;0;0;0;0;0;0;0;0;0;0;0;0;0;0;0;0;0;0;0;0;0;0;0;0;0;0;0;0;0;0;0;0;0;0;0;1;1;1;1;1;1;1;1;1;1;1;1;1;1;1;1;1;1;1;0;0;0;0;0;0;0;0;0;0.0004;0.088;0;-0.0884;0;0;0;0;0;0;0;0;0;0;0;0;0;0;0;0;0;0;0;-25.85;0;0;0;0;0.0004;0;0;0;0;0;0;0;-0.0004;-0.0884;0;0;0;0;0;0;0;0;0;-0.7063;0;0.7063;1;1;0;0;0;0
24/12/21 20:00;0;0;90;0;0;90;0;0;0;0;21.6;2.2499;0;0;0;0;0;0;0;0;0;0;0;0;0;1;1;1;1;0;0;0;0;0;0;0;0;0;0;0;0;0;0;0;0;0;0;0;0;0;0;0;0;0;0;0;0;0;0;0;0;0;0;0;1;1;1;1;1;1;1;1;1;1;1;1;1;1;1;1;1;1;1;0;0;0;0;0;0;0;0;0;0.0004;0.088;0;-0.0884;0;0;0;0;0;0;0;0;0;0;0;0;0;0;0;0;0;0;0;-21.6;0;0;0;0;0.0004;0;0;0;0;0;0;0;-0.0004;-0.0884;0;0;0;0;0;0;0;0;0;-0.7063;0;0.7063;1;1;0;0;0;0
24/12/21 21:00;0;0;90;0;0;90;0;0;0;0;19.32;1.89;0;0;0;0;0;0;0;0;0;0;0;0;0;1;1;1;1;0;0;0;0;0;0;0;0;0;0;0;0;0;0;0;0;0;0;0;0;0;0;0;0;0;0;0;0;0;0;0;0;0;0;0;1;1;1;1;1;1;1;1;1;1;1;1;1;1;1;1;1;1;1;0;0;0;0;0;0;0;0;0;0.0004;0.088;0;-0.0884;0;0;0;0;0;0;0;0;0;0;0;0;0;0;0;0;0;0;0;-19.32;0;0;0;0;0.0004;0;0;0;0;0;0;0;-0.0004;-0.0884;0;0;0;0;0;0;0;0;0;-0.7063;0;0.7063;1;1;0;0;0;0
24/12/21 22:00;0;0;90;0;0;90;0;0;0;0;18;1.5801;0;0;0;0;0;0;0;0;0;0;0;0;0;1;1;1;1;0;0;0;0;0;0;0;0;0;0;0;0;0;0;0;0;0;0;0;0;0;0;0;0;0;0;0;0;0;0;0;0;0;0;0;1;1;1;1;1;1;1;1;1;1;1;1;1;1;1;1;1;1;1;0;0;0;0;0;0;0;0;0;0.0004;0.088;0;-0.0884;0;0;0;0;0;0;0;0;0;0;0;0;0;0;0;0;0;0;0;-18;0;0;0;0;0.0004;0;0;0;0;0;0;0;-0.0004;-0.0884;0;0;0;0;0;0;0;0;0;-0.7063;0;0.7063;1;1;0;0;0;0
24/12/21 23:00;0;0;90;0;0;90;0;0;0;0;17.59;1.5299;0;0;0;0;0;0;0;0;0;0;0;0;0;1;1;1;1;0;0;0;0;0;0;0;0;0;0;0;0;0;0;0;0;0;0;0;0;0;0;0;0;0;0;0;0;0;0;0;0;0;0;0;1;1;1;1;1;1;1;1;1;1;1;1;1;1;1;1;1;1;1;0;0;0;0;0;0;0;0;0;0.0004;0.088;0;-0.0884;0;0;0;0;0;0;0;0;0;0;0;0;0;0;0;0;0;0;0;-17.59;0;0;0;0;0.0004;0;0;0;0;0;0;0;-0.0004;-0.0884;0;0;0;0;0;0;0;0;0;-0.7063;0;0.7063;1;1;0;0;0;0
25/12/21 00:00;0;0;90;0;0;90;0;0;0;0;17.23;1.9901;0;0;0;0;0;0;0;0;0;0;0;0;0;1;1;1;1;0;0;0;0;0;0;0;0;0;0;0;0;0;0;0;0;0;0;0;0;0;0;0;0;0;0;0;0;0;0;0;0;0;0;0;1;1;1;1;1;1;1;1;1;1;1;1;1;1;1;1;1;1;1;0;0;0;0;0;0;0;0;0;0.0004;0.088;0;-0.0884;0;0;0;0;0;0;0;0;0;0;0;0;0;0;0;0;0;0;0;-17.23;0;0;0;0;0.0004;0;0;0;0;0;0;0;-0.0004;-0.0884;0;0;0;0;0;0;0;0;0;-0.7063;0;0.7063;1;1;0;0;0;0
25/12/21 01:00;0;0;90;0;0;90;0;0;0;0;16.62;2.5499;0;0;0;0;0;0;0;0;0;0;0;0;0;1;1;1;1;0;0;0;0;0;0;0;0;0;0;0;0;0;0;0;0;0;0;0;0;0;0;0;0;0;0;0;0;0;0;0;0;0;0;0;1;1;1;1;1;1;1;1;1;1;1;1;1;1;1;1;1;1;1;0;0;0;0;0;0;0;0;0;0.0004;0.088;0;-0.0884;0;0;0;0;0;0;0;0;0;0;0;0;0;0;0;0;0;0;0;-16.62;0;0;0;0;0.0004;0;0;0;0;0;0;0;-0.0004;-0.0884;0;0;0;0;0;0;0;0;0;-0.7063;0;0.7063;1;1;0;0;0;0
25/12/21 02:00;0;0;90;0;0;90;0;0;0;0;15.4;2.8799;0;0;0;0;0;0;0;0;0;0;0;0;0;1;1;1;1;0;0;0;0;0;0;0;0;0;0;0;0;0;0;0;0;0;0;0;0;0;0;0;0;0;0;0;0;0;0;0;0;0;0;0;1;1;1;1;1;1;1;1;1;1;1;1;1;1;1;1;1;1;1;0;0;0;0;0;0;0;0;0;0.0004;0.088;0;-0.0884;0;0;0;0;0;0;0;0;0;0;0;0;0;0;0;0;0;0;0;-15.4;0;0;0;0;0.0004;0;0;0;0;0;0;0;-0.0004;-0.0884;0;0;0;0;0;0;0;0;0;-0.7063;0;0.7063;1;1;0;0;0;0
25/12/21 03:00;0;0;90;0;0;90;0;0;0;0;14.56;3.0901;0;0;0;0;0;0;0;0;0;0;0;0;0;1;1;1;1;0;0;0;0;0;0;0;0;0;0;0;0;0;0;0;0;0;0;0;0;0;0;0;0;0;0;0;0;0;0;0;0;0;0;0;1;1;1;1;1;1;1;1;1;1;1;1;1;1;1;1;1;1;1;0;0;0;0;0;0;0;0;0;0.0004;0.088;0;-0.0884;0;0;0;0;0;0;0;0;0;0;0;0;0;0;0;0;0;0;0;-14.56;0;0;0;0;0.0004;0;0;0;0;0;0;0;-0.0004;-0.0884;0;0;0;0;0;0;0;0;0;-0.7063;0;0.7063;1;1;0;0;0;0
25/12/21 04:00;1.3025;-117.99;86.84;1.475;2.1042;-90;-2.1042;0;0;0;14;3.93;0;0;0;0;0;0;0;0;0;0;0;0;0;1;1;1;1;0;0;0;0;0;0;0;0;0;0;0;0;0;0;0;0;0;0;0;0;0;0;0;0;0;0;0;0;0;0;0;0;0;0;0;1;1;1;1;1;1;1;1;1;1;1;1;1;1;1;1;1;1;1;0;0;0;0;0;0;0;0;0;0.0004;0.088;0;-0.0884;0;0;0;0;0;0;0;0;0;0;0;0;0;0;0;0;0;0;0;-14;0;0;0;0;0.0004;0;0;0;0;0;0;0;-0.0004;-0.0884;0;0;0;0;0;0;0;0;0;-0.7063;0;0.7063;1;1;0;0;0;0
25/12/21 05:00;7.9442;-113.06;70.416;8.6242;12.702;-90;-12.702;101.6;19.297;82.302;16.81;4.6901;0;199.61;11.021;19.74;0;0.2611;230.63;0;230.63;199.61;19.74;11.021;0.2611;0.8655;0.0489;0;0.0011;230.29;0.3368;0;0;0.1192;0.2176;204.62;25.207;22.542;2.2292;0.4262;0.0097;229.83;0.4606;0.3992;0.0395;0.0218;0.0001;204.63;176.67;17.471;10.454;0.0336;7.0991;5.6296;2.0637;0.0079;0.0992;1.4266;0.0067;1.5179;0;1;0;0;2.27;0.9985;1;1;0.9892;0.1665;0.8903;0.8868;1;0.9608;0.7753;0.998;0.998;1;0.998;0.998;0.8872;0.9485;0.1288;0.6926;0.6193;0.0037;0.0176;0.0003;0.0042;0.0148;0.0003;0;0;0.088;0;0.4672;0;0;0;0;0;0;0;0;0;0;0;0;0.0119;0.0011;0.5654;0.5654;0;25.144;25.144;8.334;0.0407;530.4;1065.9;1;0.0101;0.0101;0;0;0;0;0;0;0.5552;0.4672;0;15.551;18.008;12.852;14.882;98.21;98.21;5.5351;4.5184;3.7342;1.0167;0.7842;0.1837;0.1417;0.6746;6.656;0.6715;0
25/12/21 06:00;19.522;-105.39;35.859;20.19;36.64;-90;-36.64;304;60.001;244;21.66;4.2201;0;591.76;26.108;75.257;0;6.3073;699.43;0;699.43;591.76;75.257;26.108;6.3073;0.8461;0.0463;0;0.009;692.14;7.296;0;0;1.5907;5.7053;686.92;3.8355;2.6358;0.3352;0.7896;0.075;690.75;1.3843;1.1835;0.1505;0.049;0.0012;687.17;587.94;74.771;23.679;0.5258;19.432;15.41;6.3685;0.7886;0.2745;3.9492;0.2498;3.4352;0;1;0;0;2.3008;0.9896;1;1;0.9391;0.0954;0.9944;0.9955;1;0.9677;0.8752;0.998;0.998;1;0.998;0.998;0.9821;0.907;0.0834;2.1004;2.078;0.0125;-0.0002;0.1832;0.0132;0.0467;0.0007;0;0;0.088;0;1.6581;0;0;0;0;0;0;0;0;0;0;0;0;0.0376;0.0098;1.7744;1.7744;0;50.026;50.026;28.366;0.0413;1790;991.33;1;0.0283;0.0283;0;0;0;0;0;0;1.7461;1.6581;0;16.094;18.636;15.038;17.414;98.403;98.403;16.786;14.181;13.251;2.6052;0.9298;0.1552;0.0554;0.7894;18.085;0.7861;0
25/12/21 07:00;31.528;-97.907;6.7342;31.773;58.227;-90;-58.227;525.5;89.702;435.8;26.7;3.62;0;827.64;28.052;100.56;0;26.124;982.38;0;982.38;827.64;100.56;28.052;26.124;0.8425;0.0551;0;0.0266;954.53;27.849;0;0;3.3802;24.469;951.46;1.1658;0.1921;0.0233;0.8583;0.0921;952.62;1.9091;1.6553;0.2011;0.0493;0.0033;955.85;825.8;100.33;23.764;1.5596;131.83;104.54;43.909;4.2202;1.7435;25.079;4.397;22.603;0;1;0;0;1.8694;0.9717;1;1;0.8795;0.0634;0.9988;0.9998;1;0.9651;0.9443;0.998;0.998;1;0.998;0.998;0.9685;0.8471;0.0597;2.9501;2.9318;0.0176;-0.0007;0.4297;0.0174;0.0617;0.0042;0;0;0.088;0;2.2067;0;0;0;0;0;0;0;0;0;0;0;0;0.0497;0.0187;2.3334;2.3334;0;66.519;66.519;39.819;0.0419;2523.8;924.58;1;0.0388;0.0388;0;0;0;0;0;0;2.2947;2.2067;0;15.068;17.448;14.249;16.5;98.338;98.338;23.577;18.649;17.636;4.9282;1.0132;0.209;0.043;0.748;23.928;0.734;0
25/12/21 08:00;43.756;-89.888;0.0811;43.757;46.243;-90;-46.243;738.8;121.6;617.2;28.93;3.0201;0;892.43;37.837;111.14;0;23.924;1065.3;0;1065.3;892.43;111.14;37.837;23.924;0.8377;0.058;0;0.0225;1039.8;25.508;0;0;3.2644;22.243;1036.5;1.2216;0.0025;0.0003;1.1285;0.0903;1037.7;2.0796;1.7849;0.2223;0.0691;0.0034;1042.3;890.64;110.91;33.375;1.5873;310.79;246.45;102.43;2.5445;3.6989;53.207;5.7912;54.361;0;1;0;0;1.442;0.9761;1;1;0.9137;0.0703;0.9988;1;1;0.9673;0.9462;0.998;0.998;1;0.998;0.998;0.973;0.8821;0.0663;3.1992;3.2515;0.0196;0.0031;0.546;0.0188;0.0666;0.0088;0;0;0.088;0;2.3818;0;0;0;0;0;0;0;0;0;0;0;0;0.0536;0.0228;2.5122;2.5122;0;72.53;72.53;43.6;0.0421;2800;897.23;1;0.0423;0.0423;0;0;0;0;0;0;2.4698;2.3818;0;14.959;17.322;14.183;16.424;98.315;98.315;25.568;20.077;19.036;5.4905;1.0417;0.2147;0.0407;0.7445;28.487;0.7177;0
25/12/21 09:00;55.965;-79.928;5.6172;56.377;33.623;-90;-33.623;885.7;147;738.7;31.2;2.7801;0;887.11;49.657;111.46;0;15.559;1063.8;0;1063.8;887.11;111.46;49.657;15.559;0.8339;0.0613;0;0.0146;1047.3;16.524;0;0;2.6442;13.879;1043.2;1.9629;0.1718;0.0216;1.5164;0.2531;1045.2;2.0945;1.7742;0.2229;0.094;0.0034;1047.5;885.17;111.21;45.402;1.423;455.39;361.13;155.2;1.1183;4.9185;70.75;4.2578;74.55;0;1;0;0;1.2011;0.9845;1;1;0.9468;0.1079;0.9981;0.9998;1;0.9677;0.849;0.998;0.998;1;0.998;0.998;0.9807;0.9143;0.0915;3.1946;3.304;0.0199;0.004;0.5865;0.0189;0.0669;0.0115;0;0;0.088;0;2.3889;0;0;0;0;0;0;0;0;0;0;0;0;0.0538;0.0235;2.5191;2.5191;0;75.179;75.179;43.979;0.0422;2843.7;885.84;1;0.0422;0.0422;0;0;0;0;0;0;2.4769;2.3889;0;15.022;17.395;14.245;16.496;98.325;98.325;25.531;20.132;19.092;5.3984;1.0406;0.2114;0.0408;0.7478;33.596;0.7123;0
25/12/21 10:00;67.652;-64.188;9.5298;69.691;20.309;-90;-20.309;956.9;178.7;778.2;33;2.51;0;829.79;69.957;113.56;0;6.2463;1019.6;0;1019.6;829.79;113.56;69.957;6.2463;0.8139;0.0747;0;0.0061;1012.6;6.9059;0;0;1.6642;5.2417;1007.7;2.8765;0.2726;0.0373;2.3464;0.2202;1010.6;2.0253;1.6596;0.2271;0.1366;0.002;1009.3;827.86;113.29;65.81;0.7824;541.18;429.15;181.49;0.2656;5.9674;85.838;1.5094;91.54;0;1;0;0;1.0655;0.9932;1;1;0.9762;0.1608;0.9972;0.9997;1;0.9656;0.7804;0.998;0.998;1;0.998;0.998;0.9884;0.9407;0.1253;3.0617;3.2207;0.0194;0.0026;0.5759;0.0184;0.0651;0.014;0;0;0.088;0;2.3221;0;0;0;0;0;0;0;0;0;0;0;0;0.0524;0.0223;2.4506;2.4506;0;75.493;75.493;42.493;0.0422;2770.8;884.43;1;0.0406;0.0406;0;0;0;0;0;0;2.4101;2.3221;0;15.248;17.657;14.448;16.73;98.345;98.345;24.469;19.585;18.558;4.8838;1.0275;0.1996;0.042;0.7584;43.529;0.7134;0
25/12/21 11:00;76.808;-28.875;11.528;83.542;6.4578;-90;-6.4578;793.69;382.6;411.09;33;2.3199;0;413.72;267.33;115.15;0;0.5288;796.72;0;796.72;413.72;115.15;267.33;0.5288;0.5193;0.3362;0;0.0007;795.34;1.3847;0;0;0.9431;0.4416;782.12;11.634;0.1644;0.0458;11.404;0.0195;793.75;1.5907;0.8274;0.2303;0.5328;0.0002;782.18;412.72;114.88;254.45;0.0676;467.61;370.82;152.56;0.0119;5.4189;77.949;0.0671;83.356;0;1;0;0;1.0038;0.9983;1;1;0.9965;0.1649;0.9853;0.9996;1;0.9571;0.7761;0.998;0.998;1;0.998;0.998;0.9817;0.9518;0.1278;2.3926;2.5202;0.0152;-0.0022;0.3636;0.015;0.0532;0.0133;0;0;0.088;0;1.8859;0;0;0;0;0;0;0;0;0;0;0;0;0.0429;0.014;2.0053;2.0053;0;65.715;65.715;32.714;0.0418;2167.7;925.06;1;0.0314;0.0314;0;0;0;0;0;0;1.9739;1.8859;0;15.966;18.489;15.016;17.388;98.434;98.434;19.121;16.026;15.072;3.0952;0.9543;0.1619;0.0499;0.7882;159.09;0.7344;0
25/12/21 12:00;76.299;33.116;11.443;82.413;7.5868;90;7.5868;741.59;428.4;313.19;33.63;2.3999;0;315.96;329.14;98.68;0;0.6817;744.46;0;744.46;315.96;98.68;329.14;0.6817;0.4244;0.443;0;0.0009;742.37;2.0839;0;0;1.5144;0.5695;726.87;14.013;0.1246;0.0389;13.825;0.0251;740.89;1.4847;0.6319;0.1974;0.6552;0.0002;726.97;315.2;98.443;313.14;0.0868;437.15;346.66;143.18;0.031;5.0306;72.364;0.0986;77.363;0;1;0;0;1.0039;0.9972;1;1;0.9954;0.1645;0.9811;0.9996;1;0.9577;0.7754;0.998;0.998;1;0.998;0.998;0.9764;0.9514;0.1273;2.2356;2.3421;0.0141;-0.0018;0.3239;0.014;0.0498;0.0124;0;0;0.088;0;1.7602;0;0;0;0;0;0;0;0;0;0;0;0;0.0401;0.0122;1.8773;1.8773;0;63.994;63.994;30.364;0.0418;2015.4;931.5;1;0.0291;0.0291;0;0;0;0;0;0;1.8482;1.7602;0;15.997;18.524;14.999;17.369;98.448;98.448;17.867;15.004;14.068;2.8632;0.9361;0.1602;0.0524;0.7874;196.27;0.7339;0
25/12/21 13:00;66.755;65.877;9.2821;68.594;21.406;90;21.406;505.81;436.7;69.109;33.48;2.7099;0;74.229;399.18;24.988;0;3.6636;502.06;0;502.06;74.229;24.988;399.18;3.6636;0.1479;0.8024;0;0.0073;488.61;13.448;0;0;10.352;3.0958;474.24;13.395;0.0238;0.008;13.24;0.1232;487.63;0.9772;0.1485;0.05;0.7776;0.0011;475.18;74.057;24.93;374.81;0.4435;301.43;239.03;98.015;1.8286;3.6326;52.253;0.9444;54.057;0;1;0;0;0.9926;0.9732;1;1;0.9741;0.155;0.9725;0.9997;1;0.9659;0.7826;0.998;0.998;1;0.998;0.998;0.9446;0.9389;0.1211;1.5077;1.5414;0.0093;0.0057;0.1546;0.0096;0.0341;0.0093;0;0;0.088;0;1.1786;0;0;0;0;0;0;0;0;0;0;0;0;0.0274;0.0056;1.2858;1.2858;0;53.144;53.144;19.664;0.0415;1323.3;971.62;1;0.0192;0.0192;0;0;0;0;0;0;1.2666;1.1786;0;16.246;18.813;14.892;17.244;98.506;98.506;12.049;10.276;9.4191;1.7735;0.8568;0.1472;0.0711;0.7817;249.76;0.7252;0
25/12/21 14:00;54.99;80.864;5.2267;55.333;34.667;90;34.667;150.4;148.6;1.7992;30.72;2.9499;0;2.1875;135.2;0.2811;0;2.8034;140.47;0;140.47;2.1875;0.2811;135.2;2.8034;0.0156;0.9824;0;0.02;130.38;10.086;0;0;7.5664;2.5195;125.97;4.1537;0.0004;0.0001;4.1124;0.0408;130.12;0.2608;0.0044;0.0006;0.2553;0.0006;126.88;2.1827;0.2805;123.26;0.2425;93.22;73.924;31.863;3.3708;1.205;17.333;0.912;15.167;0;1;0;0;0.934;0.9282;1;1;0.944;0.1013;0.9681;0.9998;1;0.9677;0.8559;0.998;0.998;1;0.998;0.998;0.8968;0.9117;0.0865;0.4218;0.4187;0.0025;0.018;0.0168;0.0027;0.0095;0.0032;0;0;0.088;0;0.2626;0;0;0;0;0;0;0;0;0;0;0;0;0.0076;0.0006;0.3579;0.3579;0;35.921;35.921;5.2009;0.0413;356.87;1002.9;1;0.0073;0.0073;0;0;0;0;0;0;0.3506;0.2626;0;16.163;18.717;11.86;13.734;97.965;97.965;3.3713;2.8604;2.0989;0.5108;0.7615;0.1515;0.2259;0.6226;92.203;0.5699;0
25/12/21 15:00;42.768;90.58;0.4255;42.769;47.231;90;47.231;160.81;158.5;2.306;30.86;2.98;0;3.396;132.75;0.5615;0;5.4193;142.12;0;142.12;3.396;0.5615;132.75;5.4193;0.0239;0.9722;0;0.0381;125.23;16.889;0;0;11.832;5.0579;121.01;3.9775;0;0;3.9591;0.0183;124.98;0.2505;0.0068;0.0011;0.2418;0.0007;123.05;3.3891;0.5603;116.71;0.3423;101.94;80.837;36.708;9.5818;1.5797;22.723;2.0402;14.721;0;1;0;0;0.8838;0.8812;1;1;0.9109;0.0667;0.9682;1;1;0.9672;0.9492;0.998;0.998;1;0.998;0.998;0.8514;0.8792;0.0632;0.4268;0.4185;0.0025;0.018;0.0167;0.0027;0.0095;0.0041;0;0;0.088;0;0.2616;0;0;0;0;0;0;0;0;0;0;0;0;0.0076;0.0006;0.3569;0.3569;0;35.857;35.857;4.9977;0.0413;356.22;1001.8;1;0.0073;0.0073;0;0;0;0;0;0;0.3496;0.2616;0;15.928;18.444;11.676;13.521;97.966;97.966;3.411;2.852;2.0907;0.559;0.7613;0.1639;0.2232;0.6129;100.87;0.5474;0
25/12/21 16:00;30.55;98.518;7.3286;30.829;59.171;90;59.171;171.01;167.5;3.503;31.11;2.66;0;6.8355;126.05;1.5955;0;8.7538;143.24;0;143.24;6.8355;1.5955;126.05;8.7538;0.0477;0.9411;0;0.0611;119.44;23.795;0;0;15.58;8.215;115.3;3.9085;0.0017;0.0004;3.8726;0.0337;119.2;0.2389;0.0137;0.0032;0.2209;0.0011;118.92;6.8201;1.5919;106.38;0.504;109.54;86.863;41.448;20.054;2.2014;31.667;3.6283;13.814;0;1;0;0;0.8376;0.8339;1;1;0.8764;0.0616;0.9672;0.9997;1;0.9649;0.9373;0.998;0.998;1;0.998;0.998;0.8049;0.8439;0.0576;0.4301;0.425;0.0026;0.018;0.0169;0.0027;0.0096;0.0058;0;0;0.088;0;0.2657;0;0;0;0;0;0;0;0;0;0;0;0;0.0077;0.0006;0.361;0.361;0;35.874;35.874;4.7642;0.0413;360.96;1000.1;1;0.0073;0.0073;0;0;0;0;0;0;0.3537;0.2657;0;15.988;18.514;11.768;13.627;97.981;97.981;3.4377;2.8851;2.1236;0.5526;0.7615;0.1607;0.2215;0.6177;108.68;0.53;0
25/12/21 17:00;18.57;105.99;39.433;19.263;33.879;90;33.879;324.2;114.7;209.5;31.21;1.7699;0;508.09;56.057;129.61;0;5.7796;699.54;0;699.54;508.09;129.61;56.057;5.7796;0.7263;0.0884;0;0.0083;691.34;8.2011;0;0;3.0259;5.1752;683.98;5.9712;3.3228;0.8476;1.71;0.0909;689.95;1.3827;1.0162;0.2592;0.1061;0.0012;684.34;503.75;128.51;51.215;0.5123;39.289;31.156;13.527;1.2927;0.4932;7.094;0.3563;6.2945;0;1;0;0;2.1578;0.9883;1;1;0.946;0.1046;0.9913;0.9934;1;0.9677;0.8494;0.998;0.998;1;0.998;0.998;0.9778;0.9136;0.0886;2.1007;2.0761;0.0125;-0.0002;0.2555;0.0127;0.0449;0.0012;0;0;0.088;0;1.5893;0;0;0;0;0;0;0;0;0;0;0;0;0.0361;0.0098;1.7036;1.7036;0;59.684;59.684;28.474;0.0416;1791.4;950.95;1;0.0262;0.0262;0;0;0;0;0;0;1.6773;1.5893;0;15.448;17.889;14.413;16.689;98.46;98.46;16.789;13.615;12.702;3.1741;0.913;0.1891;0.0544;0.7566;38;0.7509;0
25/12/21 18:00;7.0367;113.7;72.716;7.6776;11.228;90;11.228;145.2;53.901;91.3;30.9;1.7699;0;221.43;25.204;69.006;0;0.2918;315.93;0;315.93;221.43;69.006;25.204;0.2918;0.7009;0.0807;0;0.0009;315.46;0.4658;0;0;0.2222;0.2436;271.93;42.9;31.937;9.9528;0.9999;0.0108;314.83;0.6309;0.4429;0.138;0.05;0.0001;271.94;189.05;58.915;23.932;0.0373;15.743;12.484;5.0936;0.0114;0.1859;2.6745;0.0094;2.849;0;1;0;0;2.1758;0.9985;1;1;0.9912;0.1651;0.8637;0.8555;1;0.9599;0.7746;0.998;0.998;1;0.998;0.998;0.8607;0.9495;0.1276;0.9487;0.8247;0.005;0.0157;0.051;0.0053;0.0187;0.0005;0;0;0.088;0;0.6123;0;0;0;0;0;0;0;0;0;0;0;0;0.0151;0.0018;0.7118;0.7118;0;42.111;42.111;11.211;0.0412;709.4;1003.3;1;0.0115;0.0115;0;0;0;0;0;0;0.7003;0.6123;0;14.292;16.549;12.294;14.237;98.388;98.388;7.5823;5.6884;4.8934;1.8939;0.795;0.2498;0.1048;0.6454;15.157;0.6413;0
25/12/21 19:00;0.7915;118.39;88.08;0.8997;1.2828;90;1.2828;0;0;0;27.63;2.0099;0;0;0;0;0;0;0;0;0;0;0;0;0;1;1;1;1;0;0;0;0;0;0;0;0;0;0;0;0;0;0;0;0;0;0;0;0;0;0;0;0;0;0;0;0;0;0;0;0;0;0;0;1;1;1;1;1;1;1;1;1;1;1;1;1;1;1;1;1;1;1;0;0;0;0;0;0;0;0;0;0.0004;0.088;0;-0.0884;0;0;0;0;0;0;0;0;0;0;0;0;0;0;0;0;0;0;0;-27.63;0;0;0;0;0.0004;0;0;0;0;0;0;0;-0.0004;-0.0884;0;0;0;0;0;0;0;0;0;-0.7063;0;0.7063;1;1;0;0;0;0
25/12/21 20:00;0;0;90;0;0;90;0;0;0;0;24.68;2.3001;0;0;0;0;0;0;0;0;0;0;0;0;0;1;1;1;1;0;0;0;0;0;0;0;0;0;0;0;0;0;0;0;0;0;0;0;0;0;0;0;0;0;0;0;0;0;0;0;0;0;0;0;1;1;1;1;1;1;1;1;1;1;1;1;1;1;1;1;1;1;1;0;0;0;0;0;0;0;0;0;0.0004;0.088;0;-0.0884;0;0;0;0;0;0;0;0;0;0;0;0;0;0;0;0;0;0;0;-24.68;0;0;0;0;0.0004;0;0;0;0;0;0;0;-0.0004;-0.0884;0;0;0;0;0;0;0;0;0;-0.7063;0;0.7063;1;1;0;0;0;0
25/12/21 21:00;0;0;90;0;0;90;0;0;0;0;23.8;2.52;0;0;0;0;0;0;0;0;0;0;0;0;0;1;1;1;1;0;0;0;0;0;0;0;0;0;0;0;0;0;0;0;0;0;0;0;0;0;0;0;0;0;0;0;0;0;0;0;0;0;0;0;1;1;1;1;1;1;1;1;1;1;1;1;1;1;1;1;1;1;1;0;0;0;0;0;0;0;0;0;0.0004;0.088;0;-0.0884;0;0;0;0;0;0;0;0;0;0;0;0;0;0;0;0;0;0;0;-23.8;0;0;0;0;0.0004;0;0;0;0;0;0;0;-0.0004;-0.0884;0;0;0;0;0;0;0;0;0;-0.7063;0;0.7063;1;1;0;0;0;0
25/12/21 22:00;0;0;90;0;0;90;0;0;0;0;21.38;2.6399;0;0;0;0;0;0;0;0;0;0;0;0;0;1;1;1;1;0;0;0;0;0;0;0;0;0;0;0;0;0;0;0;0;0;0;0;0;0;0;0;0;0;0;0;0;0;0;0;0;0;0;0;1;1;1;1;1;1;1;1;1;1;1;1;1;1;1;1;1;1;1;0;0;0;0;0;0;0;0;0;0.0004;0.088;0;-0.0884;0;0;0;0;0;0;0;0;0;0;0;0;0;0;0;0;0;0;0;-21.38;0;0;0;0;0.0004;0;0;0;0;0;0;0;-0.0004;-0.0884;0;0;0;0;0;0;0;0;0;-0.7063;0;0.7063;1;1;0;0;0;0
25/12/21 23:00;0;0;90;0;0;90;0;0;0;0;22.97;2.6;0;0;0;0;0;0;0;0;0;0;0;0;0;1;1;1;1;0;0;0;0;0;0;0;0;0;0;0;0;0;0;0;0;0;0;0;0;0;0;0;0;0;0;0;0;0;0;0;0;0;0;0;1;1;1;1;1;1;1;1;1;1;1;1;1;1;1;1;1;1;1;0;0;0;0;0;0;0;0;0;0.0004;0.088;0;-0.0884;0;0;0;0;0;0;0;0;0;0;0;0;0;0;0;0;0;0;0;-22.97;0;0;0;0;0.0004;0;0;0;0;0;0;0;-0.0004;-0.0884;0;0;0;0;0;0;0;0;0;-0.7063;0;0.7063;1;1;0;0;0;0
26/12/21 00:00;0;0;90;0;0;90;0;0;0;0;21.42;2.49;0;0;0;0;0;0;0;0;0;0;0;0;0;1;1;1;1;0;0;0;0;0;0;0;0;0;0;0;0;0;0;0;0;0;0;0;0;0;0;0;0;0;0;0;0;0;0;0;0;0;0;0;1;1;1;1;1;1;1;1;1;1;1;1;1;1;1;1;1;1;1;0;0;0;0;0;0;0;0;0;0.0004;0.088;0;-0.0884;0;0;0;0;0;0;0;0;0;0;0;0;0;0;0;0;0;0;0;-21.42;0;0;0;0;0.0004;0;0;0;0;0;0;0;-0.0004;-0.0884;0;0;0;0;0;0;0;0;0;-0.7063;0;0.7063;1;1;0;0;0;0
26/12/21 01:00;0;0;90;0;0;90;0;0;0;0;19.8;2.2399;0;0;0;0;0;0;0;0;0;0;0;0;0;1;1;1;1;0;0;0;0;0;0;0;0;0;0;0;0;0;0;0;0;0;0;0;0;0;0;0;0;0;0;0;0;0;0;0;0;0;0;0;1;1;1;1;1;1;1;1;1;1;1;1;1;1;1;1;1;1;1;0;0;0;0;0;0;0;0;0;0.0004;0.088;0;-0.0884;0;0;0;0;0;0;0;0;0;0;0;0;0;0;0;0;0;0;0;-19.8;0;0;0;0;0.0004;0;0;0;0;0;0;0;-0.0004;-0.0884;0;0;0;0;0;0;0;0;0;-0.7063;0;0.7063;1;1;0;0;0;0
26/12/21 02:00;0;0;90;0;0;90;0;0;0;0;18.72;1.9199;0;0;0;0;0;0;0;0;0;0;0;0;0;1;1;1;1;0;0;0;0;0;0;0;0;0;0;0;0;0;0;0;0;0;0;0;0;0;0;0;0;0;0;0;0;0;0;0;0;0;0;0;1;1;1;1;1;1;1;1;1;1;1;1;1;1;1;1;1;1;1;0;0;0;0;0;0;0;0;0;0.0004;0.088;0;-0.0884;0;0;0;0;0;0;0;0;0;0;0;0;0;0;0;0;0;0;0;-18.72;0;0;0;0;0.0004;0;0;0;0;0;0;0;-0.0004;-0.0884;0;0;0;0;0;0;0;0;0;-0.7063;0;0.7063;1;1;0;0;0;0
26/12/21 03:00;0;0;90;0;0;90;0;0;0;0;17.32;1.5299;0;0;0;0;0;0;0;0;0;0;0;0;0;1;1;1;1;0;0;0;0;0;0;0;0;0;0;0;0;0;0;0;0;0;0;0;0;0;0;0;0;0;0;0;0;0;0;0;0;0;0;0;1;1;1;1;1;1;1;1;1;1;1;1;1;1;1;1;1;1;1;0;0;0;0;0;0;0;0;0;0.0004;0.088;0;-0.0884;0;0;0;0;0;0;0;0;0;0;0;0;0;0;0;0;0;0;0;-17.32;0;0;0;0;0.0004;0;0;0;0;0;0;0;-0.0004;-0.0884;0;0;0;0;0;0;0;0;0;-0.7063;0;0.7063;1;1;0;0;0;0
26/12/21 04:00;1.1954;-118.03;87.1;1.3542;1.9316;-90;-1.9316;0;0;0;16.98;1.01;0;0;0;0;0;0;0;0;0;0;0;0;0;1;1;1;1;0;0;0;0;0;0;0;0;0;0;0;0;0;0;0;0;0;0;0;0;0;0;0;0;0;0;0;0;0;0;0;0;0;0;0;1;1;1;1;1;1;1;1;1;1;1;1;1;1;1;1;1;1;1;0;0;0;0;0;0;0;0;0;0.0004;0.088;0;-0.0884;0;0;0;0;0;0;0;0;0;0;0;0;0;0;0;0;0;0;0;-16.98;0;0;0;0;0.0004;0;0;0;0;0;0;0;-0.0004;-0.0884;0;0;0;0;0;0;0;0;0;-0.7063;0;0.7063;1;1;0;0;0;0
26/12/21 05:00;7.835;-113.1;70.694;8.5081;12.519;-90;-12.519;94.508;22.397;72.111;18.04;1;0;174.89;13.839;20.351;0;0.236;209.32;0;209.32;174.89;20.351;13.839;0.236;0.8355;0.0672;0;0.0011;208.97;0.3427;0;0;0.1461;0.1967;185.31;23.243;20.331;2.3658;0.5369;0.0088;208.56;0.4179;0.3498;0.0407;0.0274;0.0001;185.32;154.21;17.944;13.129;0.0304;8.7475;6.9368;2.8478;0.0094;0.1024;1.4724;0.0069;1.5654;0;1;0;0;2.2148;0.9984;1;1;0.9894;0.1665;0.8886;0.8835;1;0.9607;0.7753;0.998;0.998;1;0.998;0.998;0.8853;0.9487;0.1288;0.6286;0.5613;0.0034;0.0179;0.0012;0.0038;0.0134;0.0003;0;0;0.088;0;0.4122;0;0;0;0;0;0;0;0;0;0;0;0;0.0108;0.0009;0.5097;0.5097;0;25.596;25.596;7.5567;0.0408;480.56;1060.6;1;0.0095;0.0095;0;0;0;0;0;0;0.5002;0.4122;0;15.446;17.886;12.492;14.466;98.144;98.144;5.0236;4.0732;3.2943;0.9504;0.7789;0.1892;0.155;0.6558;8.3531;0.6523;0
26/12/21 06:00;19.411;-105.41;36.292;20.078;36.288;-90;-36.288;297.9;62.302;235.6;21.92;1.15;0;571.4;28.012;75.867;0;6.0668;681.34;0;681.34;571.4;75.867;28.012;6.0668;0.8386;0.05;0;0.0089;674.18;7.1604;0;0;1.6812;5.4791;668.86;3.9696;2.6894;0.3571;0.848;0.0751;672.83;1.3484;1.1428;0.1517;0.0527;0.0012;669.08;567.57;75.358;25.431;0.5113;20.656;16.381;7.2848;0.8185;0.2571;3.698;0.2128;3.1366;0;1;0;0;2.2871;0.9895;1;1;0.94;0.0969;0.9941;0.9953;1;0.9677;0.8719;0.998;0.998;1;0.998;0.998;0.9817;0.9078;0.0843;2.0461;2.023;0.0122;0.0003;0.1749;0.0128;0.0456;0.0007;0;0;0.088;0;1.615;0;0;0;0;0;0;0;0;0;0;0;0;0.0367;0.0093;1.7306;1.7306;0;49.531;49.531;27.611;0.0413;1742;993.42;1;0.0275;0.0275;0;0;0;0;0;0;1.703;1.615;0;16.112;18.658;15.037;17.412;98.408;98.408;16.352;13.831;12.907;2.5216;0.9234;0.1542;0.0565;0.7893;19.349;0.7861;0
26/12/21 07:00;31.416;-97.932;6.7637;31.661;58.339;-90;-58.339;504.6;96.899;407.7;26.31;1.8399;0;776.72;32.953;102.27;0;25.172;937.11;0;937.11;776.72;102.27;32.953;25.172;0.8288;0.062;0;0.0269;909.55;27.558;0;0;3.9817;23.577;906.43;1.3034;0.1811;0.0238;1.0087;0.0897;907.74;1.8191;1.5534;0.2045;0.0579;0.0032;910.82;774.99;102.04;27.904;1.5028;128.87;102.2;43.2;4.9899;1.7425;25.066;4.3895;21.818;0;1;0;0;1.8571;0.9706;1;1;0.8792;0.0634;0.9986;0.9998;1;0.9651;0.9437;0.998;0.998;1;0.998;0.998;0.9673;0.8468;0.0597;2.8142;2.7961;0.0168;-0.0016;0.3866;0.0168;0.0594;0.0043;0;0;0.088;0;2.1239;0;0;0;0;0;0;0;0;0;0;0;0;0.0479;0.0171;2.2489;2.2489;0;64.17;64.17;37.86;0.0418;2408.7;933.63;1;0.037;0.037;0;0;0;0;0;0;2.2119;2.1239;0;15.223;17.628;14.377;16.649;98.357;98.357;22.491;17.973;16.974;4.5178;0.9987;0.2009;0.0444;0.7547;28.144;0.7399;0
26/12/21 08:00;43.644;-89.915;0.0618;43.644;46.356;-90;-46.356;520.91;273.6;247.31;27.5;2.83;0;358.33;172.54;100.61;0;16.946;648.42;0;648.42;358.33;100.61;172.54;16.946;0.5526;0.2922;0;0.0261;617.72;30.697;0;0;14.939;15.758;611.28;5.2099;0.0008;0.0002;5.1457;0.0632;616.49;1.2354;0.7167;0.2012;0.3152;0.0024;616.2;357.61;100.41;152.14;1.1223;258.48;204.98;88.403;11.677;3.4893;50.192;4.922;42.003;0;1;0;0;1.2448;0.9527;1;1;0.9134;0.0701;0.9915;1;1;0.9673;0.9467;0.998;0.998;1;0.998;0.998;0.9427;0.8818;0.0662;1.9472;1.9617;0.0118;0.0008;0.193;0.0123;0.0436;0.009;0;0;0.088;0;1.5338;0;0;0;0;0;0;0;0;0;0;0;0;0.0351;0.0087;1.6475;1.6475;0;52.81;52.81;25.31;0.0414;1686.2;977;1;0.0257;0.0257;0;0;0;0;0;0;1.6218;1.5338;0;16.117;18.664;15.006;17.376;98.443;98.443;15.562;13.167;12.258;2.3956;0.9084;0.1539;0.0584;0.7877;130.04;0.7445;0
26/12/21 09:00;55.853;-79.969;5.611;56.262;33.738;-90;-33.738;560.41;375.3;185.11;27.6;3.6501;0;222.59;289.25;71.493;0;9.9101;593.25;0;593.25;222.59;71.493;289.25;9.9101;0.3752;0.5043;0;0.0167;568.92;24.331;0;0;15.485;8.8452;558.74;9.0458;0.0431;0.0138;8.8294;0.1595;567.78;1.1378;0.4452;0.143;0.5475;0.0021;561.72;222.11;71.336;264.39;0.9032;319.76;253.57;108.58;6.5706;3.8552;55.455;2.9884;52.74;0;1;0;0;1.0586;0.959;1;1;0.9465;0.1075;0.9841;0.9998;1;0.9677;0.8499;0.998;0.998;1;0.998;0.998;0.9418;0.914;0.0911;1.7815;1.8088;0.0109;0.0024;0.1645;0.0114;0.0405;0.01;0;0;0.088;0;1.4174;0;0;0;0;0;0;0;0;0;0;0;0;0.0326;0.0075;1.5289;1.5289;0;50.701;50.701;23.102;0.0413;1552.4;984.9;1;0.0236;0.0236;0;0;0;0;0;0;1.5054;1.4174;0;16.349;18.932;15.156;17.55;98.46;98.46;14.238;12.219;11.328;2.0187;0.8915;0.1418;0.0626;0.7956;195.87;0.7436;0
26/12/21 10:00;67.544;-64.288;9.5391;69.575;20.425;-90;-20.425;577.21;436.8;140.41;28.92;4.4601;0;149.83;377.55;50.155;0;3.8105;581.34;0;581.34;149.83;50.155;377.55;3.8105;0.2577;0.656;0;0.0066;569.08;12.263;0;0;9.0638;3.199;555.09;12.848;0.0493;0.0165;12.648;0.1338;567.94;1.1382;0.2997;0.1003;0.737;0.0012;556.04;149.48;50.038;355.1;0.4764;340.41;269.95;111.2;1.456;4.0298;57.967;0.9517;60.54;0;1;0;0;1.0072;0.9789;1;1;0.976;0.1605;0.9774;0.9997;1;0.9656;0.7807;0.998;0.998;1;0.998;0.998;0.9548;0.9405;0.125;1.7458;1.7969;0.0108;0.0025;0.1712;0.0113;0.04;0.0104;0;0;0.088;0;1.3999;0;0;0;0;0;0;0;0;0;0;0;0;0.0322;0.0074;1.511;1.511;0;51.894;51.894;22.975;0.0414;1542.1;979.82;1;0.0231;0.0231;0;0;0;0;0;0;1.4879;1.3999;0;16.488;19.093;15.276;17.689;98.47;98.47;13.952;12.076;11.188;1.8761;0.8881;0.1345;0.0637;0.8019;235.05;0.7462;0
26/12/21 11:00;76.73;-29.241;11.554;83.428;6.5717;-90;-6.5717;1059.6;177.5;882.1;30.53;5.14;0;887.93;63.357;114.69;0;0.731;1066.7;0;1066.7;887.93;114.69;63.357;0.731;0.8324;0.0601;0;0.0007;1065.9;0.8403;0;0;0.2299;0.6104;1060.6;3.125;0.3536;0.0457;2.6987;0.027;1063.7;2.1317;1.7759;0.2294;0.1263;0.0002;1060.7;885.8;114.41;60.302;0.0934;622.37;493.54;206.02;0.0032;7.0186;100.96;0.1017;107.98;0;1;0;0;1.0067;0.9992;1;1;0.9964;0.165;0.9971;0.9996;1;0.9572;0.776;0.998;0.998;1;0.998;0.998;0.9943;0.9518;0.1278;3.2033;3.4076;0.0205;0.0059;0.6051;0.0194;0.0689;0.0164;0;0;0.088;0;2.4591;0;0;0;0;0;0;0;0;0;0;0;0;0.0555;0.0249;2.5909;2.5909;0;75.246;75.246;44.716;0.0422;2929.7;884.36;1;0.0438;0.0438;0;0;0;0;0;0;2.5471;2.4591;0;15.408;17.842;14.624;16.934;98.308;98.308;25.601;20.707;19.653;4.8941;1.0537;0.1912;0.0412;0.7677;37.713;0.7169;0
26/12/21 12:00;76.322;32.641;11.486;82.522;7.4784;90;7.4784;1053.4;182.3;871.1;31.99;5.8299;0;878.57;66.264;116.75;0;0.9408;1062.5;0;1062.5;878.57;116.75;66.264;0.9408;0.8269;0.0632;0;0.0009;1061.4;1.0839;0;0;0.2978;0.7861;1056.1;3.2163;0.3479;0.0462;2.7876;0.0347;1059.3;2.1229;1.7571;0.2335;0.1319;0.0003;1056.2;876.47;116.47;63.047;0.1198;617.98;490.06;204.57;0.0061;6.9691;100.25;0.1458;107.21;0;1;0;0;1.0087;0.999;1;1;0.9955;0.1645;0.997;0.9996;1;0.9577;0.7754;0.998;0.998;1;0.998;0.998;0.994;0.9514;0.1273;3.1908;3.3927;0.0204;0.0056;0.6189;0.0192;0.0682;0.0162;0;0;0.088;0;2.4334;0;0;0;0;0;0;0;0;0;0;0;0;0.0549;0.0247;2.5645;2.5645;0;76.565;76.565;44.575;0.0422;2916.9;879.19;1;0.0431;0.0431;0;0;0;0;0;0;2.5214;2.4334;0;15.311;17.73;14.528;16.824;98.32;98.32;25.501;20.496;19.448;5.005;1.0477;0.1963;0.0411;0.7626;39.506;0.7123;0
26/12/21 13:00;66.824;65.645;9.3402;68.694;21.306;90;21.306;1020.6;171.9;848.71;32.79;6.33;0;910.96;57.468;120.64;0;7.3241;1096.4;0;1096.4;910.96;120.64;57.468;7.3241;0.8309;0.0591;0;0.0067;1088.7;7.6657;0;0;1.4792;6.1864;1084.1;2.4872;0.2933;0.0388;1.9079;0.2471;1086.6;2.1775;1.8219;0.2413;0.112;0.0023;1085.9;908.85;120.36;53.969;0.8882;573.77;455;191.59;0.2605;6.3795;91.766;1.7969;97.885;0;1;0;0;1.0743;0.993;1;1;0.9743;0.1553;0.9977;0.9997;1;0.9659;0.7823;0.998;0.998;1;0.998;0.998;0.9888;0.9391;0.1213;3.2925;3.464;0.0209;0.007;0.6575;0.0195;0.069;0.0147;0;0;0.088;0;2.4626;0;0;0;0;0;0;0;0;0;0;0;0;0.0555;0.0257;2.5942;2.5942;0;78.626;78.626;45.836;0.0423;2962.3;875;1;0.0437;0.0437;0;0;0;0;0;0;2.5506;2.4626;0;15.01;17.381;14.248;16.499;98.317;98.317;26.314;20.733;19.681;5.5806;1.0523;0.2121;0.04;0.7479;35.939;0.7038;0
26/12/21 14:00;55.071;80.72;5.2975;55.424;34.576;90;34.576;907.69;158.6;749.09;33.08;6.3799;0;909.78;51.025;124.65;0;16.834;1102.3;0;1102.3;909.78;124.65;51.025;16.834;0.8254;0.0616;0;0.0153;1084.3;17.967;0;0;2.8439;15.123;1080.2;1.9889;0.1661;0.0228;1.5525;0.2475;1082.2;2.1687;1.8196;0.2493;0.0964;0.0034;1084.9;907.8;124.38;46.532;1.4603;462.07;366.42;155.94;1.2648;5.0991;73.349;4.6964;77.184;0;1;0;0;1.2144;0.9837;1;1;0.9443;0.1017;0.9982;0.9998;1;0.9677;0.8551;0.998;0.998;1;0.998;0.998;0.9799;0.9119;0.0867;3.3102;3.4221;0.0206;0.0062;0.6515;0.0192;0.0681;0.0118;0;0;0.088;0;2.4339;0;0;0;0;0;0;0;0;0;0;0;0;0.0549;0.0251;2.5649;2.5649;0;78.756;78.756;45.675;0.0423;2928.8;875;1;0.043;0.043;0;0;0;0;0;0;2.5219;2.4339;0;14.761;17.092;14.007;16.22;98.324;98.324;26.455;20.498;19.452;5.9566;1.0468;0.2252;0.0396;0.7353;34.774;0.7004;0
26/12/21 15:00;42.85;90.47;0.3449;42.851;47.149;90;47.149;736.81;147.5;589.31;32.54;6.03;0;866.51;47.863;133.11;0;24.75;1072.2;0;1072.2;866.51;133.11;47.863;24.75;0.8081;0.0677;0;0.0231;1044.9;27.352;0;0;4.2553;23.096;1041.3;1.5237;0.0103;0.0016;1.4275;0.0843;1042.8;2.0898;1.733;0.2662;0.0872;0.0033;1047.1;864.77;132.84;42.093;1.5655;306.03;242.68;101.84;3.44;3.6399;52.358;5.8364;52.558;0;1;0;0;1.4552;0.9745;1;1;0.9111;0.0668;0.9985;1;1;0.9672;0.9489;0.998;0.998;1;0.998;0.998;0.9711;0.8794;0.0633;3.2199;3.2641;0.0197;0.0033;0.5952;0.0185;0.0657;0.0085;0;0;0.088;0;2.3483;0;0;0;0;0;0;0;0;0;0;0;0;0.0529;0.023;2.4774;2.4774;0;76.485;76.485;43.945;0.0422;2811.2;881.28;1;0.0411;0.0411;0;0;0;0;0;0;2.4363;2.3483;0;14.657;16.973;13.893;16.088;98.341;98.341;25.733;19.799;18.768;5.934;1.0319;0.2306;0.0401;0.7293;36.343;0.7036;0
26/12/21 16:00;30.63;98.423;7.241;30.903;59.097;90;59.097;529.31;141.9;387.41;31.99;5.4801;0;754.32;49.555;148.79;0;27.033;979.7;0;979.7;754.32;148.79;49.555;27.033;0.7699;0.0782;0;0.0276;948.22;31.484;0;0;6.1136;25.37;944.47;1.8507;0.1883;0.0371;1.5219;0.1034;946.32;1.8964;1.5086;0.2976;0.0869;0.0033;949.23;752.62;148.46;41.833;1.5563;135.97;107.82;46.478;7.8542;1.9483;28.026;4.7578;22.12;0;1;0;0;1.8509;0.9679;1;1;0.8766;0.0615;0.998;0.9997;1;0.9649;0.9377;0.998;0.998;1;0.998;0.998;0.964;0.8442;0.0576;2.942;2.918;0.0176;-0.0008;0.4826;0.0169;0.06;0.0046;0;0;0.088;0;2.1454;0;0;0;0;0;0;0;0;0;0;0;0;0.0484;0.0186;2.2701;2.2701;0;71.687;71.687;39.697;0.042;2514.2;902.93;1;0.0368;0.0368;0;0;0;0;0;0;2.2334;2.1454;0;14.699;17.022;13.891;16.086;98.38;98.38;23.513;18.143;17.146;5.3698;0.9971;0.2284;0.0424;0.7292;42.687;0.7139;0
26/12/21 17:00;18.646;105.9;39.156;19.334;34.079;90;34.079;294.7;142.9;151.8;30.99;3.95;0;368.16;86.701;116.54;0;5.3139;576.72;0;576.72;368.16;116.54;86.701;5.3139;0.6384;0.1596;0;0.0092;567.23;9.4862;0;0;4.7236;4.7627;560.28;5.8163;2.3483;0.7433;2.6428;0.082;566.1;1.1345;0.7363;0.2331;0.164;0.0011;560.84;365.08;115.56;79.171;0.4682;59.842;47.455;20.458;2.0392;0.7652;11.007;0.5595;9.7333;0;1;0;0;1.957;0.9836;1;1;0.9455;0.1037;0.9897;0.9936;1;0.9677;0.851;0.998;0.998;1;0.998;0.998;0.9715;0.9131;0.0881;1.7319;1.7124;0.0103;0.0035;0.1779;0.0106;0.0378;0.002;0;0;0.088;0;1.3236;0;0;0;0;0;0;0;0;0;0;0;0;0.0304;0.0068;1.4331;1.4331;0;54.224;54.224;23.234;0.0415;1474.1;972.18;1;0.0215;0.0215;0;0;0;0;0;0;1.4116;1.3236;0;15.764;18.254;14.559;16.859;98.499;98.499;13.841;11.453;10.578;2.3878;0.8752;0.1725;0.0632;0.7643;58.863;0.7535;0
26/12/21 18:00;7.1063;113.61;72.54;7.7481;11.337;90;11.337;73.704;68.901;4.8031;30.2;3.4901;0;11.649;66.353;4.5951;0;0.151;82.748;0;82.748;11.649;4.5951;66.353;0.151;0.1408;0.8037;0;0.0018;82.027;0.7205;0;0;0.5944;0.1261;76.931;4.9318;1.6485;0.6503;2.6274;0.0056;81.863;0.1641;0.0233;0.0092;0.1315;0;76.957;9.9771;3.9356;62.999;0.0193;39.945;31.677;12.635;0.031;0.4907;7.0581;0.0255;7.5177;0;1;0;0;1.1227;0.9913;1;1;0.991;0.1651;0.9398;0.8582;1;0.96;0.7746;0.998;0.998;1;0.998;0.998;0.9297;0.9495;0.1276;0.2485;0.2467;0.0015;0.0162;0.0077;0.0015;0.0055;0.0013;0;0;0.088;0;0.1145;0;0;0;0;0;0;0;0;0;0;0;0;0.0044;0.0003;0.2083;0.2083;0;33.386;33.386;3.1856;0.0414;209.76;993.1;1;0.0058;0.0058;0;0;0;0;0;0;0.2025;0.1145;0;15.97;18.493;8.7761;10.163;97.199;97.199;1.9859;1.6648;0.9149;0.3211;0.7499;0.1617;0.3776;0.4607;39.913;0.433;0
26/12/21 19:00;0.8562;118.3;87.923;0.9724;1.3865;90;1.3865;0;0;0;22.56;3.4201;0;0;0;0;0;0;0;0;0;0;0;0;0;1;1;1;1;0;0;0;0;0;0;0;0;0;0;0;0;0;0;0;0;0;0;0;0;0;0;0;0;0;0;0;0;0;0;0;0;0;0;0;1;1;1;1;1;1;1;1;1;1;1;1;1;1;1;1;1;1;1;0;0;0;0;0;0;0;0;0;0.0004;0.088;0;-0.0884;0;0;0;0;0;0;0;0;0;0;0;0;0;0;0;0;0;0;0;-22.56;0;0;0;0;0.0004;0;0;0;0;0;0;0;-0.0004;-0.0884;0;0;0;0;0;0;0;0;0;-0.7063;0;0.7063;1;1;0;0;0;0
26/12/21 20:00;0;0;90;0;0;90;0;0;0;0;21.07;2.6;0;0;0;0;0;0;0;0;0;0;0;0;0;1;1;1;1;0;0;0;0;0;0;0;0;0;0;0;0;0;0;0;0;0;0;0;0;0;0;0;0;0;0;0;0;0;0;0;0;0;0;0;1;1;1;1;1;1;1;1;1;1;1;1;1;1;1;1;1;1;1;0;0;0;0;0;0;0;0;0;0.0004;0.088;0;-0.0884;0;0;0;0;0;0;0;0;0;0;0;0;0;0;0;0;0;0;0;-21.07;0;0;0;0;0.0004;0;0;0;0;0;0;0;-0.0004;-0.0884;0;0;0;0;0;0;0;0;0;-0.7063;0;0.7063;1;1;0;0;0;0
26/12/21 21:00;0;0;90;0;0;90;0;0;0;0;19.97;2.44;0;0;0;0;0;0;0;0;0;0;0;0;0;1;1;1;1;0;0;0;0;0;0;0;0;0;0;0;0;0;0;0;0;0;0;0;0;0;0;0;0;0;0;0;0;0;0;0;0;0;0;0;1;1;1;1;1;1;1;1;1;1;1;1;1;1;1;1;1;1;1;0;0;0;0;0;0;0;0;0;0.0004;0.088;0;-0.0884;0;0;0;0;0;0;0;0;0;0;0;0;0;0;0;0;0;0;0;-19.97;0;0;0;0;0.0004;0;0;0;0;0;0;0;-0.0004;-0.0884;0;0;0;0;0;0;0;0;0;-0.7063;0;0.7063;1;1;0;0;0;0
26/12/21 22:00;0;0;90;0;0;90;0;0;0;0;18.82;5.0199;0;0;0;0;0;0;0;0;0;0;0;0;0;1;1;1;1;0;0;0;0;0;0;0;0;0;0;0;0;0;0;0;0;0;0;0;0;0;0;0;0;0;0;0;0;0;0;0;0;0;0;0;1;1;1;1;1;1;1;1;1;1;1;1;1;1;1;1;1;1;1;0;0;0;0;0;0;0;0;0;0.0004;0.088;0;-0.0884;0;0;0;0;0;0;0;0;0;0;0;0;0;0;0;0;0;0;0;-18.82;0;0;0;0;0.0004;0;0;0;0;0;0;0;-0.0004;-0.0884;0;0;0;0;0;0;0;0;0;-0.7063;0;0.7063;1;1;0;0;0;0
26/12/21 23:00;0;0;90;0;0;90;0;0;0;0;17.23;6.5399;0;0;0;0;0;0;0;0;0;0;0;0;0;1;1;1;1;0;0;0;0;0;0;0;0;0;0;0;0;0;0;0;0;0;0;0;0;0;0;0;0;0;0;0;0;0;0;0;0;0;0;0;1;1;1;1;1;1;1;1;1;1;1;1;1;1;1;1;1;1;1;0;0;0;0;0;0;0;0;0;0.0004;0.088;0;-0.0884;0;0;0;0;0;0;0;0;0;0;0;0;0;0;0;0;0;0;0;-17.23;0;0;0;0;0.0004;0;0;0;0;0;0;0;-0.0004;-0.0884;0;0;0;0;0;0;0;0;0;-0.7063;0;0.7063;1;1;0;0;0;0
27/12/21 00:00;0;0;90;0;0;90;0;0;0;0;16.4;6.5399;0;0;0;0;0;0;0;0;0;0;0;0;0;1;1;1;1;0;0;0;0;0;0;0;0;0;0;0;0;0;0;0;0;0;0;0;0;0;0;0;0;0;0;0;0;0;0;0;0;0;0;0;1;1;1;1;1;1;1;1;1;1;1;1;1;1;1;1;1;1;1;0;0;0;0;0;0;0;0;0;0.0004;0.088;0;-0.0884;0;0;0;0;0;0;0;0;0;0;0;0;0;0;0;0;0;0;0;-16.4;0;0;0;0;0.0004;0;0;0;0;0;0;0;-0.0004;-0.0884;0;0;0;0;0;0;0;0;0;-0.7063;0;0.7063;1;1;0;0;0;0
27/12/21 01:00;0;0;90;0;0;90;0;0;0;0;16.04;5.5099;0;0;0;0;0;0;0;0;0;0;0;0;0;1;1;1;1;0;0;0;0;0;0;0;0;0;0;0;0;0;0;0;0;0;0;0;0;0;0;0;0;0;0;0;0;0;0;0;0;0;0;0;1;1;1;1;1;1;1;1;1;1;1;1;1;1;1;1;1;1;1;0;0;0;0;0;0;0;0;0;0.0004;0.088;0;-0.0884;0;0;0;0;0;0;0;0;0;0;0;0;0;0;0;0;0;0;0;-16.04;0;0;0;0;0.0004;0;0;0;0;0;0;0;-0.0004;-0.0884;0;0;0;0;0;0;0;0;0;-0.7063;0;0.7063;1;1;0;0;0;0
27/12/21 02:00;0;0;90;0;0;90;0;0;0;0;15.98;4.83;0;0;0;0;0;0;0;0;0;0;0;0;0;1;1;1;1;0;0;0;0;0;0;0;0;0;0;0;0;0;0;0;0;0;0;0;0;0;0;0;0;0;0;0;0;0;0;0;0;0;0;0;1;1;1;1;1;1;1;1;1;1;1;1;1;1;1;1;1;1;1;0;0;0;0;0;0;0;0;0;0.0004;0.088;0;-0.0884;0;0;0;0;0;0;0;0;0;0;0;0;0;0;0;0;0;0;0;-15.98;0;0;0;0;0.0004;0;0;0;0;0;0;0;-0.0004;-0.0884;0;0;0;0;0;0;0;0;0;-0.7063;0;0.7063;1;1;0;0;0;0
27/12/21 03:00;0;0;90;0;0;90;0;0;0;0;15.33;4.6299;0;0;0;0;0;0;0;0;0;0;0;0;0;1;1;1;1;0;0;0;0;0;0;0;0;0;0;0;0;0;0;0;0;0;0;0;0;0;0;0;0;0;0;0;0;0;0;0;0;0;0;0;1;1;1;1;1;1;1;1;1;1;1;1;1;1;1;1;1;1;1;0;0;0;0;0;0;0;0;0;0.0004;0.088;0;-0.0884;0;0;0;0;0;0;0;0;0;0;0;0;0;0;0;0;0;0;0;-15.33;0;0;0;0;0.0004;0;0;0;0;0;0;0;-0.0004;-0.0884;0;0;0;0;0;0;0;0;0;-0.7063;0;0.7063;1;1;0;0;0;0
27/12/21 04:00;1.0837;-118.07;87.371;1.2281;1.7515;-90;-1.7515;0;0;0;14.39;5.0101;0;0;0;0;0;0;0;0;0;0;0;0;0;1;1;1;1;0;0;0;0;0;0;0;0;0;0;0;0;0;0;0;0;0;0;0;0;0;0;0;0;0;0;0;0;0;0;0;0;0;0;0;1;1;1;1;1;1;1;1;1;1;1;1;1;1;1;1;1;1;1;0;0;0;0;0;0;0;0;0;0.0004;0.088;0;-0.0884;0;0;0;0;0;0;0;0;0;0;0;0;0;0;0;0;0;0;0;-14.39;0;0;0;0;0.0004;0;0;0;0;0;0;0;-0.0004;-0.0884;0;0;0;0;0;0;0;0;0;-0.7063;0;0.7063;1;1;0;0;0;0
27/12/21 05:00;7.7215;-113.12;70.982;8.3869;12.33;-90;-12.33;100.1;19.604;80.492;16.97;6.0699;0;195.22;11.156;20.172;0;0.2424;226.79;0;226.79;195.22;20.172;11.156;0.2424;0.8608;0.0503;0;0.0011;226.47;0.3168;0;0;0.1148;0.202;199.76;26.252;23.392;2.4171;0.4342;0.0091;226.02;0.4529;0.3904;0.0403;0.0221;0.0001;199.77;171.43;17.715;10.585;0.0312;7.1648;5.6817;2.3529;0.0072;0.0825;1.1865;0.0053;1.2618;0;1;0;0;2.2657;0.9986;1;1;0.9897;0.1665;0.8838;0.8799;1;0.9606;0.7752;0.998;0.998;1;0.998;0.998;0.8808;0.9488;0.1288;0.681;0.6042;0.0036;0.0176;0.0002;0.0041;0.0145;0.0002;0;0;0.088;0;0.4532;0;0;0;0;0;0;0;0;0;0;0;0;0.0116;0.0011;0.5512;0.5512;0;25.108;25.108;8.1374;0.0407;517.41;1065.2;1;0.0099;0.0099;0;0;0;0;0;0;0.5412;0.4532;0;15.417;17.853;12.678;14.68;98.196;98.196;5.4429;4.405;3.6222;1.0379;0.7828;0.1907;0.1438;0.6655;6.7297;0.6629;0
27/12/21 06:00;19.295;-105.44;36.735;19.961;35.928;-90;-35.928;304;57.1;246.9;18.97;5.8801;0;598.8;24.327;73.281;0;6.0727;702.48;0;702.48;598.8;73.281;24.327;6.0727;0.8524;0.0433;0;0.0086;695.56;6.913;0;0;1.4375;5.4755;690.02;4.1525;2.9732;0.3639;0.7372;0.0783;694.17;1.3911;1.1976;0.1466;0.0458;0.0012;690.25;594.62;72.771;22.107;0.5176;18.113;14.364;5.8806;0.6871;0.2564;3.6884;0.2266;3.2576;0;1;0;0;2.3108;0.9902;1;1;0.9409;0.0983;0.994;0.995;1;0.9677;0.8686;0.998;0.998;1;0.998;0.998;0.9823;0.9087;0.0852;2.1095;2.0867;0.0126;-0.0003;0.1644;0.0134;0.0474;0.0007;0;0;0.088;0;1.6835;0;0;0;0;0;0;0;0;0;0;0;0;0.0382;0.0098;1.8006;1.8006;0;47.401;47.401;28.431;0.0412;1796.2;1002.5;1;0.0291;0.0291;0;0;0;0;0;0;1.7715;1.6835;0;16.26;18.829;15.203;17.605;98.387;98.387;16.859;14.39;13.455;2.469;0.9355;0.1464;0.0555;0.7981;16.755;0.7949;0
27/12/21 07:00;31.3;-97.949;6.7866;31.546;58.454;-90;-58.454;530.09;87.999;442.09;20.94;5.14;0;845.01;26.628;101.37;0;26.54;999.55;0;999.55;845.01;101.37;26.628;26.54;0.8454;0.0532;0;0.0266;971.46;28.083;0;0;3.2268;24.856;968.39;1.1326;0.1977;0.0237;0.8155;0.0957;969.52;1.9429;1.69;0.2027;0.0468;0.0034;972.88;843.12;101.14;22.539;1.5844;129.6;102.77;42.939;4.0622;1.723;24.785;4.4899;22.446;0;1;0;0;1.8856;0.9719;1;1;0.8788;0.0634;0.9988;0.9998;1;0.9651;0.943;0.998;0.998;1;0.998;0.998;0.9688;0.8464;0.0597;3.0016;2.9824;0.018;-0.0003;0.3806;0.0181;0.0642;0.0043;0;0;0.088;0;2.2971;0;0;0;0;0;0;0;0;0;0;0;0;0.0517;0.0193;2.4266;2.4266;0;61.293;61.293;40.352;0.0417;2568.1;944.93;1;0.0415;0.0415;0;0;0;0;0;0;2.3851;2.2971;0;15.401;17.834;14.579;16.882;98.289;98.289;23.989;19.394;18.359;4.5954;1.0351;0.1916;0.0432;0.7653;22.773;0.7513;0
27/12/21 08:00;43.527;-89.932;0.0496;43.527;46.473;-90;-46.473;399.7;315.5;84.195;21.9;4.36;0;122.25;243.33;39.664;0;13.065;418.31;0;418.31;122.25;39.664;243.33;13.065;0.2923;0.6129;0;0.0312;385.01;33.296;0;0;21.145;12.151;376.94;7.3055;0.0002;0.0001;7.257;0.0482;384.24;0.77;0.2445;0.0793;0.4444;0.0018;381.37;122.01;39.585;214.48;0.8636;228.67;181.34;80.33;16.609;3.357;48.289;4.4279;35.037;0;1;0;0;1.0466;0.9204;1;1;0.9131;0.0699;0.981;1;1;0.9673;0.9472;0.998;0.998;1;0.998;0.998;0.9011;0.8815;0.0661;1.2562;1.2504;0.0075;0.0099;0.0548;0.0082;0.0292;0.0091;0;0;0.088;0;0.9988;0;0;0;0;0;0;0;0;0;0;0;0;0.0236;0.0038;1.1043;1.1043;0;37.343;37.343;15.443;0.041;1071.8;1030.3;1;0.0175;0.0175;0;0;0;0;0;0;1.0868;0.9988;0;16.746;19.391;15.147;17.539;98.418;98.418;10.039;8.8252;7.9823;1.2143;0.8429;0.1209;0.084;0.7951;183.59;0.7318;0
27/12/21 09:00;55.737;-79.997;5.6122;56.144;33.856;-90;-33.856;647.4;324.1;323.29;23.4;3.8101;0;389.3;214.45;108.12;0;11.526;723.4;0;723.4;389.3;108.12;214.45;11.526;0.5382;0.3124;0;0.0159;701.56;21.837;0;0;11.544;10.293;693.34;6.8228;0.0753;0.0209;6.5431;0.1835;700.16;1.4031;0.7786;0.2162;0.4058;0.0025;696.69;388.45;107.88;195.96;1.0468;354.33;280.99;120.52;4.931;4.1063;59.068;3.3509;58.243;0;1;0;0;1.1174;0.9698;1;1;0.9462;0.107;0.9903;0.9998;1;0.9677;0.8509;0.998;0.998;1;0.998;0.998;0.9584;0.9138;0.0908;2.1724;2.2229;0.0134;-0.0012;0.2121;0.014;0.0496;0.0106;0;0;0.088;0;1.7554;0;0;0;0;0;0;0;0;0;0;0;0;0.04;0.011;1.8734;1.8734;0;52.079;52.079;28.679;0.0414;1911.3;980.17;1;0.03;0.03;0;0;0;0;0;0;1.8434;1.7554;0;16.428;19.024;15.394;17.825;98.398;98.398;17.362;14.972;14.029;2.3892;0.9431;0.1376;0.0543;0.8081;145.34;0.7615;0
27/12/21 10:00;67.431;-64.37;9.556;69.457;20.543;-90;-20.543;1065.9;175.9;890.01;24.94;3.4201;0;950.45;54.055;128.22;0;7.1168;1139.8;0;1139.8;950.45;128.22;54.055;7.1168;0.8338;0.0537;0;0.0062;1132.6;7.2872;0;0;1.3097;5.9775;1127.9;2.413;0.3131;0.0422;1.8087;0.2489;1130.3;2.2651;1.9009;0.2564;0.1055;0.0023;1129.6;948.23;127.92;50.831;0.8881;601.17;476.73;201.9;0.2146;6.6051;95.012;1.7219;101.4;0;1;0;0;1.0694;0.9936;1;1;0.9758;0.1601;0.9979;0.9997;1;0.9656;0.7811;0.998;0.998;1;0.998;0.998;0.9895;0.9404;0.1248;3.4229;3.6025;0.0217;0.0102;0.6011;0.0208;0.0737;0.0157;0;0;0.088;0;2.6359;0;0;0;0;0;0;0;0;0;0;0;0;0.0594;0.0277;2.7723;2.7723;0;72.385;72.385;47.445;0.0421;3097.2;895.12;1;0.0484;0.0484;0;0;0;0;0;0;2.7239;2.6359;0;15.429;17.867;14.67;16.988;98.254;98.254;27.356;22.157;21.066;5.1995;1.0902;0.1901;0.0399;0.7701;33.674;0.7248;0
27/12/21 11:00;76.645;-29.588;11.588;83.314;6.6859;-90;-6.6859;645.89;460.9;184.99;25.31;3.16;0;186.26;397.48;62.488;0;0.4612;646.69;0;646.69;186.26;62.488;397.48;0.4612;0.288;0.6154;0;0.0007;644.82;1.8683;0;0;1.4833;0.3851;626.51;17.021;0.0744;0.025;16.905;0.017;643.53;1.2896;0.3725;0.125;0.792;0.0002;626.57;185.81;62.338;378.3;0.059;381.64;302.64;122.71;0.0209;4.5404;65.312;0.0564;69.832;0;1;0;0;1.0012;0.9971;1;1;0.9963;0.1651;0.9735;0.9996;1;0.9572;0.776;0.998;0.998;1;0.998;0.998;0.9688;0.9517;0.1278;1.942;2.0248;0.0122;0.0002;0.1873;0.0128;0.0453;0.0118;0;0;0.088;0;1.5945;0;0;0;0;0;0;0;0;0;0;0;0;0.0365;0.0092;1.7095;1.7095;0;51.214;51.214;25.904;0.0413;1738.9;983.11;1;0.0269;0.0269;0;0;0;0;0;0;1.6825;1.5945;0;16.769;19.418;15.642;18.113;98.424;98.424;15.521;13.662;12.744;1.8582;0.9187;0.1197;0.0592;0.8211;236.64;0.7634;0
27/12/21 12:00;76.337;32.151;11.536;82.629;7.3708;90;7.3708;430.7;404.6;26.101;26.14;3.23;0;26.318;395.26;7.761;0;0.3737;429.71;0;429.71;26.318;7.761;395.26;0.3737;0.0612;0.9207;0;0.0009;427.67;2.0471;0;0;1.7349;0.3122;410.13;16.68;0.0105;0.0031;16.653;0.0138;426.81;0.8553;0.0526;0.0155;0.7871;0.0001;410.18;26.255;7.7424;376.09;0.0476;255.42;202.55;80.853;0.0326;3.1226;44.917;0.0477;48.007;0;1;0;0;0.9977;0.9952;1;1;0.9956;0.1645;0.9609;0.9996;1;0.9576;0.7754;0.998;0.998;1;0.998;0.998;0.9544;0.9515;0.1273;1.2904;1.3301;0.008;0.0087;0.0853;0.0086;0.0305;0.0083;0;0;0.088;0;1.0461;0;0;0;0;0;0;0;0;0;0;0;0;0.0246;0.0043;1.1519;1.1519;0;43.015;43.015;16.875;0.0411;1141.8;1008.9;1;0.0179;0.0179;0;0;0;0;0;0;1.1341;1.0461;0;17.005;19.692;15.443;17.882;98.45;98.45;10.313;9.2062;8.3603;1.1069;0.846;0.1073;0.082;0.8106;235.6;0.7518;0
27/12/21 13:00;66.888;65.396;9.4058;68.792;21.208;90;21.208;947.51;207;740.5;26.02;3.5099;0;794.3;85.956;126.61;0;6.7377;1013.6;0;1013.6;794.3;126.61;85.956;6.7377;0.7836;0.0915;0;0.0066;1005.7;7.8851;0;0;2.1962;5.6889;1000.3;3.3833;0.2575;0.0411;2.8565;0.2282;1003.7;2.0114;1.5886;0.2532;0.1675;0.0021;1002;792.45;126.31;80.736;0.8186;534.42;423.79;178.18;0.3821;5.9681;85.849;1.6548;91.435;0;1;0;0;1.0698;0.9922;1;1;0.9744;0.1557;0.9966;0.9997;1;0.9658;0.782;0.998;0.998;1;0.998;0.998;0.9869;0.9393;0.1215;3.0438;3.1988;0.0193;0.0023;0.484;0.0189;0.0669;0.0144;0;0;0.088;0;2.3863;0;0;0;0;0;0;0;0;0;0;0;0;0.0538;0.022;2.5172;2.5172;0;67.935;67.935;41.915;0.0419;2750.3;915.24;1;0.0429;0.0429;0;0;0;0;0;0;2.4743;2.3863;0;15.754;18.243;14.934;17.294;98.294;98.294;24.326;20.117;19.071;4.209;1.0464;0.173;0.043;0.784;53.727;0.7372;0
27/12/21 14:00;55.146;80.565;5.3754;55.512;34.488;90;34.488;906;159.6;746.39;26.29;4.04;0;905.55;51.801;124.73;0;16.72;1098.8;0;1098.8;905.55;124.73;51.801;16.72;0.8241;0.0624;0;0.0152;1080.9;17.89;0;0;2.8757;15.014;1076.7;2.0155;0.1678;0.0231;1.5766;0.2479;1078.8;2.1618;1.8111;0.2495;0.0978;0.0034;1081.4;903.58;124.46;47.25;1.4544;461.76;366.17;155.82;1.2728;5.0967;73.315;4.6635;77.139;0;1;0;0;1.2128;0.9837;1;1;0.9445;0.102;0.9981;0.9998;1;0.9677;0.8544;0.998;0.998;1;0.998;0.998;0.9799;0.9122;0.087;3.2997;3.4116;0.0205;0.006;0.5599;0.0198;0.0701;0.0121;0;0;0.088;0;2.5083;0;0;0;0;0;0;0;0;0;0;0;0;0.0565;0.025;2.6418;2.6418;0;71.548;71.548;45.258;0.042;2935.6;899.9;1;0.0455;0.0455;0;0;0;0;0;0;2.5963;2.5083;0;15.251;17.661;14.481;16.769;98.279;98.279;26.371;21.113;20.046;5.2584;1.0667;0.1994;0.0404;0.7602;35.279;0.724;0
27/12/21 15:00;42.928;90.352;0.2576;42.929;47.071;90;47.071;654.1;218.9;435.19;25.92;4.9;0;638.97;100.73;145.45;0;21.903;907.05;0;907.05;638.97;145.45;100.73;21.903;0.7044;0.1352;0;0.0241;877.68;29.372;0;0;8.9341;20.438;872.84;3.0863;0.0057;0.0013;3.0041;0.0752;875.92;1.7554;1.2779;0.2909;0.1836;0.0029;878.37;637.69;145.15;88.61;1.3872;288.84;229.05;97.374;7.1909;3.61;51.929;5.5351;48.348;0;1;0;0;1.3867;0.9676;1;1;0.9113;0.0669;0.9965;1;1;0.9672;0.9486;0.998;0.998;1;0.998;0.998;0.9623;0.8797;0.0633;2.7239;2.755;0.0166;-0.0018;0.3626;0.0166;0.059;0.009;0;0;0.088;0;2.1042;0;0;0;0;0;0;0;0;0;0;0;0;0.0475;0.0166;2.2288;2.2288;0;62.321;62.321;36.401;0.0417;2371.4;939.88;1;0.0366;0.0366;0;0;0;0;0;0;2.1922;2.1042;0;15.588;18.05;14.716;17.041;98.357;98.357;21.769;17.813;16.817;3.9563;0.9959;0.1817;0.0457;0.7725;76.43;0.7408;0
27/12/21 16:00;30.707;98.32;7.147;30.973;59.027;90;59.027;507;164.1;342.9;26.14;6.2299;0;666.3;65.171;151.64;0;25.838;908.95;0;908.95;666.3;151.64;65.171;25.838;0.733;0.1001;0;0.0284;876.68;32.276;0;0;8.0263;24.25;872.62;2.3005;0.1642;0.0374;2.0009;0.0981;874.92;1.7534;1.3326;0.3033;0.1143;0.0032;877.5;664.8;151.3;55.03;1.4874;141.44;112.16;49.081;10.283;2.1163;30.442;4.8791;22.275;0;1;0;0;1.7928;0.9645;1;1;0.8768;0.0615;0.9974;0.9998;1;0.9649;0.9381;0.998;0.998;1;0.998;0.998;0.96;0.8444;0.0576;2.7296;2.7071;0.0163;-0.0019;0.3586;0.0163;0.0579;0.0052;0;0;0.088;0;2.0681;0;0;0;0;0;0;0;0;0;0;0;0;0.0467;0.0161;2.1919;2.1919;0;62.539;62.539;36.399;0.0417;2332.4;939.76;1;0.0357;0.0357;0;0;0;0;0;0;2.1561;2.0681;0;15.297;17.714;14.434;16.714;98.37;98.37;21.815;17.517;16.529;4.2975;0.9888;0.197;0.0453;0.7577;56.093;0.7391;0
27/12/21 17:00;18.718;105.8;38.894;19.4;34.265;90;34.265;279.31;155.4;123.9;24.6;7.61;0;300.5;103.11;103.06;0;5.09;511.76;0;511.76;300.5;103.06;103.11;5.09;0.5872;0.2114;0;0.0099;501.53;10.232;0;0;5.6661;4.566;494.79;5.7302;1.8707;0.6415;3.1408;0.0771;500.52;1.0031;0.601;0.2061;0.1949;0.001;495.49;298.03;102.21;94.11;0.4458;70.919;56.239;23.853;2.4708;0.9358;13.462;0.7013;11.927;0;1;0;0;1.8323;0.98;1;1;0.945;0.103;0.9886;0.9938;1;0.9677;0.8525;0.998;0.998;1;0.998;0.998;0.9668;0.9127;0.0876;1.5368;1.5208;0.0092;0.006;0.1077;0.0098;0.0347;0.0025;0;0;0.088;0;1.2092;0;0;0;0;0;0;0;0;0;0;0;0;0.0279;0.0055;1.3175;1.3175;0;44.971;44.971;20.371;0.0412;1309;1006.5;1;0.0202;0.0202;0;0;0;0;0;0;1.2972;1.2092;0;16.331;18.911;14.99;17.358;98.463;98.463;12.282;10.529;9.6643;1.7528;0.8651;0.1427;0.0704;0.7869;70.104;0.7717;0
27/12/21 18:00;7.1712;113.51;72.377;7.813;11.437;90;11.437;70.305;66.599;3.7058;21.82;8.57;0;8.9875;64.552;3.3958;0;0.1466;77.082;0;77.082;8.9875;3.3958;64.552;0.1466;0.1166;0.8393;0;0.0019;76.372;0.7093;0;0;0.5869;0.1224;71.941;4.2788;1.2495;0.4721;2.5517;0.0054;76.22;0.1527;0.018;0.0068;0.1279;0;71.966;7.72;2.9169;61.285;0.0187;38.865;30.82;12.31;0.0312;0.4764;6.8523;0.0253;7.2975;0;1;0;0;1.0964;0.9908;1;1;0.9909;0.1651;0.9439;0.8607;1;0.96;0.7746;0.998;0.998;1;0.998;0.998;0.9333;0.9494;0.1276;0.2315;0.2312;0.0014;0.0159;-0.0002;0.0015;0.0053;0.0013;0;0;0.088;0;0.1074;0;0;0;0;0;0;0;0;0;0;0;0;0.0043;0.0002;0.2015;0.2015;0;24.779;24.779;2.9591;0.0411;196.36;1026.2;1;0.0061;0.0061;0;0;0;0;0;0;0.1954;0.1074;0;16.583;19.203;8.8372;10.233;96.96;96.96;1.85;1.6104;0.8582;0.2395;0.7523;0.1295;0.4066;0.4639;38.84;0.4349;0
27/12/21 19:00;0.9159;118.2;87.778;1.0392;1.4818;90;1.4818;0;0;0;19.87;8.8499;0;0;0;0;0;0;0;0;0;0;0;0;0;1;1;1;1;0;0;0;0;0;0;0;0;0;0;0;0;0;0;0;0;0;0;0;0;0;0;0;0;0;0;0;0;0;0;0;0;0;0;0;1;1;1;1;1;1;1;1;1;1;1;1;1;1;1;1;1;1;1;0;0;0;0;0;0;0;0;0;0.0004;0.088;0;-0.0884;0;0;0;0;0;0;0;0;0;0;0;0;0;0;0;0;0;0;0;-19.87;0;0;0;0;0.0004;0;0;0;0;0;0;0;-0.0004;-0.0884;0;0;0;0;0;0;0;0;0;-0.7063;0;0.7063;1;1;0;0;0;0
27/12/21 20:00;0;0;90;0;0;90;0;0;0;0;19.03;9.1401;0;0;0;0;0;0;0;0;0;0;0;0;0;1;1;1;1;0;0;0;0;0;0;0;0;0;0;0;0;0;0;0;0;0;0;0;0;0;0;0;0;0;0;0;0;0;0;0;0;0;0;0;1;1;1;1;1;1;1;1;1;1;1;1;1;1;1;1;1;1;1;0;0;0;0;0;0;0;0;0;0.0004;0.088;0;-0.0884;0;0;0;0;0;0;0;0;0;0;0;0;0;0;0;0;0;0;0;-19.03;0;0;0;0;0.0004;0;0;0;0;0;0;0;-0.0004;-0.0884;0;0;0;0;0;0;0;0;0;-0.7063;0;0.7063;1;1;0;0;0;0
27/12/21 21:00;0;0;90;0;0;90;0;0;0;0;17.96;9.0701;0;0;0;0;0;0;0;0;0;0;0;0;0;1;1;1;1;0;0;0;0;0;0;0;0;0;0;0;0;0;0;0;0;0;0;0;0;0;0;0;0;0;0;0;0;0;0;0;0;0;0;0;1;1;1;1;1;1;1;1;1;1;1;1;1;1;1;1;1;1;1;0;0;0;0;0;0;0;0;0;0.0004;0.088;0;-0.0884;0;0;0;0;0;0;0;0;0;0;0;0;0;0;0;0;0;0;0;-17.96;0;0;0;0;0.0004;0;0;0;0;0;0;0;-0.0004;-0.0884;0;0;0;0;0;0;0;0;0;-0.7063;0;0.7063;1;1;0;0;0;0
27/12/21 22:00;0;0;90;0;0;90;0;0;0;0;17.6;8.56;0;0;0;0;0;0;0;0;0;0;0;0;0;1;1;1;1;0;0;0;0;0;0;0;0;0;0;0;0;0;0;0;0;0;0;0;0;0;0;0;0;0;0;0;0;0;0;0;0;0;0;0;1;1;1;1;1;1;1;1;1;1;1;1;1;1;1;1;1;1;1;0;0;0;0;0;0;0;0;0;0.0004;0.088;0;-0.0884;0;0;0;0;0;0;0;0;0;0;0;0;0;0;0;0;0;0;0;-17.6;0;0;0;0;0.0004;0;0;0;0;0;0;0;-0.0004;-0.0884;0;0;0;0;0;0;0;0;0;-0.7063;0;0.7063;1;1;0;0;0;0
27/12/21 23:00;0;0;90;0;0;90;0;0;0;0;15.8;7.61;0;0;0;0;0;0;0;0;0;0;0;0;0;1;1;1;1;0;0;0;0;0;0;0;0;0;0;0;0;0;0;0;0;0;0;0;0;0;0;0;0;0;0;0;0;0;0;0;0;0;0;0;1;1;1;1;1;1;1;1;1;1;1;1;1;1;1;1;1;1;1;0;0;0;0;0;0;0;0;0;0.0004;0.088;0;-0.0884;0;0;0;0;0;0;0;0;0;0;0;0;0;0;0;0;0;0;0;-15.8;0;0;0;0;0.0004;0;0;0;0;0;0;0;-0.0004;-0.0884;0;0;0;0;0;0;0;0;0;-0.7063;0;0.7063;1;1;0;0;0;0
28/12/21 00:00;0;0;90;0;0;90;0;0;0;0;14.9;6.59;0;0;0;0;0;0;0;0;0;0;0;0;0;1;1;1;1;0;0;0;0;0;0;0;0;0;0;0;0;0;0;0;0;0;0;0;0;0;0;0;0;0;0;0;0;0;0;0;0;0;0;0;1;1;1;1;1;1;1;1;1;1;1;1;1;1;1;1;1;1;1;0;0;0;0;0;0;0;0;0;0.0004;0.088;0;-0.0884;0;0;0;0;0;0;0;0;0;0;0;0;0;0;0;0;0;0;0;-14.9;0;0;0;0;0.0004;0;0;0;0;0;0;0;-0.0004;-0.0884;0;0;0;0;0;0;0;0;0;-0.7063;0;0.7063;1;1;0;0;0;0
28/12/21 01:00;0;0;90;0;0;90;0;0;0;0;15.31;5.6599;0;0;0;0;0;0;0;0;0;0;0;0;0;1;1;1;1;0;0;0;0;0;0;0;0;0;0;0;0;0;0;0;0;0;0;0;0;0;0;0;0;0;0;0;0;0;0;0;0;0;0;0;1;1;1;1;1;1;1;1;1;1;1;1;1;1;1;1;1;1;1;0;0;0;0;0;0;0;0;0;0.0004;0.088;0;-0.0884;0;0;0;0;0;0;0;0;0;0;0;0;0;0;0;0;0;0;0;-15.31;0;0;0;0;0.0004;0;0;0;0;0;0;0;-0.0004;-0.0884;0;0;0;0;0;0;0;0;0;-0.7063;0;0.7063;1;1;0;0;0;0
28/12/21 02:00;0;0;90;0;0;90;0;0;0;0;14.78;4.9;0;0;0;0;0;0;0;0;0;0;0;0;0;1;1;1;1;0;0;0;0;0;0;0;0;0;0;0;0;0;0;0;0;0;0;0;0;0;0;0;0;0;0;0;0;0;0;0;0;0;0;0;1;1;1;1;1;1;1;1;1;1;1;1;1;1;1;1;1;1;1;0;0;0;0;0;0;0;0;0;0.0004;0.088;0;-0.0884;0;0;0;0;0;0;0;0;0;0;0;0;0;0;0;0;0;0;0;-14.78;0;0;0;0;0.0004;0;0;0;0;0;0;0;-0.0004;-0.0884;0;0;0;0;0;0;0;0;0;-0.7063;0;0.7063;1;1;0;0;0;0
28/12/21 03:00;0;0;90;0;0;90;0;0;0;0;14.5;4.35;0;0;0;0;0;0;0;0;0;0;0;0;0;1;1;1;1;0;0;0;0;0;0;0;0;0;0;0;0;0;0;0;0;0;0;0;0;0;0;0;0;0;0;0;0;0;0;0;0;0;0;0;1;1;1;1;1;1;1;1;1;1;1;1;1;1;1;1;1;1;1;0;0;0;0;0;0;0;0;0;0.0004;0.088;0;-0.0884;0;0;0;0;0;0;0;0;0;0;0;0;0;0;0;0;0;0;0;-14.5;0;0;0;0;0.0004;0;0;0;0;0;0;0;-0.0004;-0.0884;0;0;0;0;0;0;0;0;0;-0.7063;0;0.7063;1;1;0;0;0;0
28/12/21 04:00;1.1481;-117.95;87.215;1.2996;1.8536;-90;-1.8536;0;0;0;14.13;4.6999;0;0;0;0;0;0;0;0;0;0;0;0;0;1;1;1;1;0;0;0;0;0;0;0;0;0;0;0;0;0;0;0;0;0;0;0;0;0;0;0;0;0;0;0;0;0;0;0;0;0;0;0;1;1;1;1;1;1;1;1;1;1;1;1;1;1;1;1;1;1;1;0;0;0;0;0;0;0;0;0;0.0004;0.088;0;-0.0884;0;0;0;0;0;0;0;0;0;0;0;0;0;0;0;0;0;0;0;-14.13;0;0;0;0;0.0004;0;0;0;0;0;0;0;-0.0004;-0.0884;0;0;0;0;0;0;0;0;0;-0.7063;0;0.7063;1;1;0;0;0;0
28/12/21 05:00;7.604;-113.15;71.281;8.2608;12.133;-90;-12.133;100.8;17.9;82.898;14.7;5.5899;0;201.05;9.8474;19.261;0;0.2364;230.4;0;230.4;201.05;19.261;9.8474;0.2364;0.8726;0.0438;0;0.001;230.1;0.2956;0;0;0.0986;0.197;202;27.638;24.862;2.3818;0.3846;0.0088;229.64;0.4602;0.4021;0.0385;0.0195;0.0001;202.01;175.79;16.841;9.3447;0.0305;6.3819;5.0609;2.1061;0.006;0.0728;1.0469;0.0045;1.1137;0;1;0;0;2.2857;0.9987;1;1;0.99;0.1665;0.8796;0.8761;1;0.9605;0.7752;0.998;0.998;1;0.998;0.998;0.8768;0.9489;0.1288;0.6919;0.6106;0.0037;0.0176;-0.0046;0.0042;0.0147;0.0002;0;0;0.088;0;0.4637;0;0;0;0;0;0;0;0;0;0;0;0;0.0119;0.0011;0.5618;0.5618;0;22.912;22.912;8.2126;0.0407;522.86;1074.6;1;0.0102;0.0102;0;0;0;0;0;0;0.5517;0.4637;0;15.47;17.914;12.767;14.784;98.193;98.193;5.5295;4.4903;3.7058;1.0392;0.7845;0.1879;0.1419;0.6702;5.9368;0.6679;0
28/12/21 06:00;19.177;-105.45;37.188;19.84;35.56;-90;-35.56;306.11;54.799;251.31;16.63;5.4199;0;609.49;22.767;72.008;0;5.9942;710.26;0;710.26;609.49;72.008;22.767;5.9942;0.8581;0.0405;0;0.0084;703.54;6.7195;0;0;1.3238;5.3957;697.8;4.3349;3.1873;0.3766;0.6906;0.0805;702.14;1.4071;1.219;0.144;0.0429;0.0012;697.97;605.09;71.488;20.71;0.5168;17.012;13.49;6.0311;0.6209;0.2062;2.9661;0.1641;2.5515;0;1;0;0;2.3203;0.9905;1;1;0.9419;0.0998;0.9938;0.9948;1;0.9677;0.8653;0.998;0.998;1;0.998;0.998;0.9825;0.9096;0.0862;2.1329;2.1084;0.0127;-0.0004;0.1504;0.0136;0.0483;0.0005;0;0;0.088;0;1.7165;0;0;0;0;0;0;0;0;0;0;0;0;0.0389;0.01;1.8344;1.8344;0;45.331;45.331;28.701;0.0411;1813.9;1011.3;1;0.0299;0.0299;0;0;0;0;0;0;1.8045;1.7165;0;16.384;18.972;15.331;17.753;98.372;98.372;17.046;14.66;13.718;2.386;0.942;0.14;0.0553;0.8048;15.635;0.8023;0
28/12/21 07:00;31.18;-97.958;6.8027;31.427;58.573;-90;-58.573;531.79;87.699;444.09;18.52;4.59;0;851.72;26.188;102.17;0;26.724;1006.8;0;1006.8;851.72;102.17;26.188;26.724;0.846;0.0526;0;0.0265;978.59;28.21;0;0;3.1827;25.027;975.51;1.1237;0.1997;0.024;0.8025;0.0976;976.64;1.9572;1.7034;0.2043;0.046;0.0034;980.03;849.82;101.95;22.156;1.5955;128.41;101.83;42.316;4.0242;1.722;24.771;4.5146;22.468;0;1;0;0;1.8932;0.972;1;1;0.8785;0.0635;0.9988;0.9998;1;0.965;0.9424;0.998;0.998;1;0.998;0.998;0.9689;0.8461;0.0597;3.0234;3.004;0.0181;-0.0001;0.3596;0.0184;0.0652;0.0043;0;0;0.088;0;2.3357;0;0;0;0;0;0;0;0;0;0;0;0;0.0525;0.0196;2.4664;2.4664;0;59.095;59.095;40.576;0.0416;2586.7;953.48;1;0.0427;0.0427;0;0;0;0;0;0;2.4237;2.3357;0;15.54;17.995;14.717;17.041;98.269;98.269;24.163;19.711;18.667;4.4521;1.0446;0.1842;0.0432;0.7725;22.427;0.7585;0
28/12/21 08:00;43.408;-89.939;0.0444;43.408;46.592;-90;-46.592;691.29;127.3;563.99;19.86;3.5001;0;820.73;44.97;107.67;0;22.706;996.07;0;996.07;820.73;107.67;44.97;22.706;0.824;0.0679;0;0.0228;971.03;25.044;0;0;3.9225;21.122;967.66;1.4253;0.0013;0.0002;1.3412;0.0827;969.09;1.9421;1.6415;0.2153;0.0821;0.0032;973.2;819.08;107.46;39.625;1.4979;291.03;230.79;95.969;3.102;3.5074;50.453;5.5403;50.859;0;1;0;0;1.4409;0.9749;1;1;0.9128;0.0698;0.9985;1;1;0.9673;0.9477;0.998;0.998;1;0.998;0.998;0.9715;0.8811;0.066;2.9912;3.0375;0.0183;0.0003;0.3749;0.0185;0.0656;0.0088;0;0;0.088;0;2.3475;0;0;0;0;0;0;0;0;0;0;0;0;0.0529;0.02;2.4783;2.4783;0;60.144;60.144;40.284;0.0416;2612.8;948.52;1;0.0429;0.0429;0;0;0;0;0;0;2.4355;2.3475;0;15.784;18.277;14.95;17.312;98.27;98.27;23.906;19.807;18.761;4.0988;1.0459;0.1715;0.0438;0.7848;33.969;0.7561;0
28/12/21 09:00;55.618;-80.012;5.6207;56.025;33.975;-90;-33.975;967.29;159.6;807.69;20.64;2.44;0;973.97;44.801;133.39;0;17.34;1169.5;0;1169.5;973.97;133.39;44.801;17.34;0.8328;0.0531;0;0.0148;1151.6;17.919;0;0;2.4251;15.494;1147.4;1.8538;0.1887;0.0258;1.3663;0.273;1149.3;2.3032;1.9479;0.2668;0.0848;0.0037;1152.2;971.84;133.1;40.925;1.5692;494.35;392.02;168.54;1.0465;5.324;76.583;4.7447;80.861;0;1;0;0;1.209;0.9847;1;1;0.9459;0.1065;0.9984;0.9998;1;0.9677;0.8518;0.998;0.998;1;0.998;0.998;0.9811;0.9135;0.0905;3.512;3.6317;0.0219;0.0109;0.5583;0.0213;0.0755;0.0128;0;0;0.088;0;2.662;0;0;0;0;0;0;0;0;0;0;0;0;0.0608;0.0281;2.8422;2.8006;0;68.766;68.766;48.126;0.0419;2959.6;946.28;1;0.0922;0.0506;0;0;0.0415;0;0;0;2.75;2.662;0;15.191;17.591;14.439;16.72;96.757;98.192;28.068;22.383;21.275;5.6856;1.1079;0.2026;0.0395;0.758;30.392;0.7225;0
28/12/21 10:00;67.314;-64.435;9.5805;69.339;20.661;-90;-20.661;1097.2;181;916.2;22.23;1.8201;0;979.18;51.983;136.04;0;7.4097;1174.6;0;1174.6;979.18;136.04;51.983;7.4097;0.8336;0.0506;0;0.0063;1167.1;7.4975;0;0;1.2712;6.2264;1162.4;2.3637;0.3234;0.0449;1.7373;0.2581;1164.8;2.3342;1.9584;0.2721;0.1014;0.0024;1164.3;976.9;135.72;48.873;0.9228;618.32;490.33;203.61;0.2109;7.0556;101.49;1.8481;108.34;0;1;0;0;1.0706;0.9936;1;1;0.9755;0.1597;0.998;0.9997;1;0.9657;0.7814;0.998;0.998;1;0.998;0.998;0.9896;0.9402;0.1245;3.5274;3.7206;0.0224;0.0132;0.6026;0.0216;0.0765;0.0168;0;0;0.088;0;2.662;0;0;0;0;0;0;0;0;0;0;0;0;0.0616;0.0294;2.8764;2.8007;0;71.08;71.08;48.85;0.042;2954.5;947.92;1;0.1265;0.0507;0;0;0.0758;0;0;0;2.75;2.662;0;15.125;17.515;14.376;16.648;95.604;98.191;28.191;22.383;21.275;5.8077;1.1083;0.206;0.0393;0.7547;32.402;0.7088;0
28/12/21 11:00;76.552;-29.915;11.629;83.2;6.8004;-90;-6.8004;1101.3;181.7;919.6;23.7;1.72;0;926.12;59.818;122.53;0;0.8135;1109.3;0;1109.3;926.12;122.53;59.818;0.8135;0.8349;0.0547;0;0.0007;1108.4;0.9087;0;0;0.2294;0.6792;1103.2;2.9906;0.3713;0.0491;2.5402;0.03;1106.2;2.2167;1.8522;0.2451;0.1192;0.0003;1103.3;923.9;122.24;56.93;0.104;646.63;512.78;214.12;0.0036;7.2875;104.83;0.1169;112.11;0;1;0;0;1.0072;0.9992;1;1;0.9962;0.1651;0.9973;0.9996;1;0.9573;0.7759;0.998;0.998;1;0.998;0.998;0.9945;0.9517;0.1279;3.3312;3.544;0.0213;0.0088;0.5612;0.0207;0.0733;0.0175;0;0;0.088;0;2.6191;0;0;0;0;0;0;0;0;0;0;0;0;0.059;0.0268;2.7554;2.7554;0;70.012;70.012;46.312;0.042;3046.1;904.56;1;0.0483;0.0483;0;0;0;0;0;0;2.7071;2.6191;0;15.757;18.247;14.978;17.344;98.247;98.247;26.623;22.021;20.932;4.6014;1.0892;0.1728;0.0409;0.7862;35.62;0.7343;0
28/12/21 12:00;76.345;31.646;11.594;82.736;7.2642;90;7.2642;1118.9;184.6;934.3;24.56;1.7401;0;941.86;58.666;126.71;0;0.943;1128.2;0;1128.2;941.86;126.71;58.666;0.943;0.8348;0.0528;0;0.0008;1127.1;1.0394;0;0;0.2514;0.7879;1122;2.9372;0.3764;0.0506;2.4753;0.0347;1124.9;2.2543;1.8837;0.2534;0.1168;0.0003;1122.1;939.6;126.41;55.822;0.12;656.53;520.63;217.43;0.0048;7.3969;106.4;0.1432;113.79;0;1;0;0;1.0083;0.9991;1;1;0.9957;0.1644;0.9974;0.9996;1;0.9575;0.7755;0.998;0.998;1;0.998;0.998;0.9945;0.9515;0.1273;3.3879;3.604;0.0217;0.0102;0.5928;0.0209;0.074;0.0176;0;0;0.088;0;2.643;0;0;0;0;0;0;0;0;0;0;0;0;0.0596;0.0277;2.7796;2.7796;0;71.73;71.73;47.17;0.042;3097.4;897.41;1;0.0486;0.0486;0;0;0;0;0;0;2.731;2.643;0;15.63;18.099;14.861;17.209;98.25;98.25;27.076;22.215;21.123;4.8616;1.0921;0.1795;0.0403;0.7801;34.962;0.7287;0
28/12/21 13:00;66.947;65.13;9.4788;68.888;21.112;90;21.112;1030.1;171.2;858.9;25.46;1.6601;0;920.69;56.08;121.32;0;7.2596;1105.3;0;1105.3;920.69;121.32;56.08;7.2596;0.8329;0.0573;0;0.0066;1097.8;7.5497;0;0;1.4225;6.1272;1093.2;2.4526;0.3008;0.0396;1.8655;0.2467;1095.6;2.1956;1.8414;0.2426;0.1093;0.0023;1094.9;918.55;121.03;52.683;0.8835;579.57;459.6;193.48;0.2459;6.4459;92.721;1.7768;98.921;0;1;0;0;1.0731;0.9932;1;1;0.9746;0.156;0.9978;0.9997;1;0.9658;0.7817;0.998;0.998;1;0.998;0.998;0.989;0.9394;0.1217;3.3194;3.4933;0.021;0.0077;0.571;0.0203;0.0718;0.0154;0;0;0.088;0;2.5673;0;0;0;0;0;0;0;0;0;0;0;0;0.0578;0.0261;2.7022;2.7022;0;71.404;71.404;45.944;0.042;3003.9;899.57;1;0.0469;0.0469;0;0;0;0;0;0;2.6553;2.5673;0;15.508;17.958;14.734;17.062;98.265;98.265;26.528;21.596;20.518;4.9324;1.078;0.1859;0.0406;0.7734;35.036;0.7277;0
28/12/21 14:00;55.218;80.398;5.4604;55.596;34.404;90;34.404;919.71;156.2;763.51;25.94;1.5999;0;925.38;48.7;124.63;0;16.892;1115.6;0;1115.6;925.38;124.63;48.7;16.892;0.8295;0.0588;0;0.0151;1097.8;17.856;0;0;2.6932;15.163;1093.6;1.9329;0.1742;0.0235;1.4827;0.2526;1095.6;2.1955;1.8508;0.2493;0.092;0.0035;1098.2;923.35;124.36;44.433;1.4733;468.67;371.65;161.5;1.1869;4.9489;71.188;4.5309;74.95;0;1;0;0;1.213;0.984;1;1;0.9447;0.1024;0.9982;0.9998;1;0.9677;0.8537;0.998;0.998;1;0.998;0.998;0.9803;0.9124;0.0872;3.3502;3.4576;0.0208;0.0069;0.5719;0.02;0.0709;0.0118;0;0;0.088;0;2.5384;0;0;0;0;0;0;0;0;0;0;0;0;0.0571;0.0256;2.6725;2.6725;0;71.923;71.923;45.984;0.042;2975.3;898.24;1;0.0461;0.0461;0;0;0;0;0;0;2.6264;2.5384;0;15.197;17.597;14.434;16.714;98.273;98.273;26.775;21.359;20.287;5.4157;1.0721;0.2023;0.04;0.7577;33.146;0.7231;0
28/12/21 15:00;43.002;90.224;0.1636;43.002;46.998;90;46.998;764.41;135.2;629.21;26.39;1.6899;0;922.55;39.416;129.52;0;25.521;1117;0;1117;922.55;129.52;39.416;25.521;0.8259;0.0581;0;0.0228;1089.7;27.299;0;0;3.4879;23.811;1086.3;1.2697;0.0052;0.0007;1.1755;0.0883;1087.5;2.1794;1.8451;0.259;0.0719;0.0034;1092.2;920.7;129.26;34.681;1.6183;315.76;250.4;104.95;2.8028;3.7154;53.445;5.9586;54.357;0;1;0;0;1.4613;0.9756;1;1;0.9115;0.067;0.9988;1;1;0.9672;0.9483;0.998;0.998;1;0.998;0.998;0.9725;0.8799;0.0634;3.3544;3.4023;0.0205;0.0058;0.5648;0.0197;0.0698;0.0088;0;0;0.088;0;2.4987;0;0;0;0;0;0;0;0;0;0;0;0;0.0562;0.0249;2.6319;2.6319;0;72.069;72.069;45.679;0.0421;2929.5;898.41;1;0.0452;0.0452;0;0;0;0;0;0;2.5867;2.4987;0;14.947;17.308;14.19;16.432;98.283;98.283;26.808;21.034;19.969;5.7743;1.0645;0.2154;0.0397;0.7449;29.886;0.7191;0
28/12/21 16:00;30.779;98.209;7.0467;31.039;58.961;90;58.961;522.49;150.7;371.79;25.41;2.05;0;721.06;55.441;150.38;0;26.574;953.45;0;953.45;721.06;150.38;55.441;26.574;0.7563;0.086;0;0.0279;921.7;31.758;0;0;6.8169;24.941;917.84;2.0135;0.1752;0.0365;1.7016;0.1002;919.85;1.8434;1.4421;0.3008;0.0972;0.0033;922.64;719.44;150.05;46.825;1.5297;139.46;110.59;48.107;8.7144;2.0129;28.955;4.7952;22.254;0;1;0;0;1.8248;0.9667;1;1;0.877;0.0615;0.9978;0.9998;1;0.9649;0.9385;0.998;0.998;1;0.998;0.998;0.9626;0.8446;0.0576;2.8632;2.8399;0.0171;-0.0013;0.388;0.0171;0.0605;0.005;0;0;0.088;0;2.1615;0;0;0;0;0;0;0;0;0;0;0;0;0.0487;0.0176;2.2874;2.2874;0;63.733;63.733;38.323;0.0418;2445.8;935.24;1;0.0379;0.0379;0;0;0;0;0;0;2.2495;2.1615;0;15.219;17.623;14.381;16.653;98.342;98.342;22.883;18.281;17.275;4.6019;1.0064;0.2011;0.044;0.7549;47.681;0.7381;0
28/12/21 17:00;18.786;105.7;38.646;19.46;34.439;90;34.439;291.1;148.2;142.91;25.14;2.4601;0;346.59;92.719;112.96;0;5.3573;557.62;0;557.62;346.59;112.96;92.719;5.3573;0.6215;0.1759;0;0.0096;547.67;9.9453;0;0;5.1356;4.8096;540.88;5.6966;2.1074;0.6868;2.8225;0.0798;546.58;1.0953;0.6932;0.2259;0.1752;0.0011;541.5;343.79;112.04;84.585;0.4667;64.05;50.792;21.909;2.2609;0.8233;11.842;0.6149;10.405;0;1;0;0;1.9155;0.9822;1;1;0.9446;0.1022;0.9896;0.9939;1;0.9677;0.854;0.998;0.998;1;0.998;0.998;0.97;0.9123;0.0871;1.6745;1.6559;0.01;0.0042;0.1316;0.0106;0.0375;0.0022;0;0;0.088;0;1.3135;0;0;0;0;0;0;0;0;0;0;0;0;0.0302;0.0064;1.4232;1.4232;0;47.446;47.446;22.306;0.0412;1425.4;998.52;1;0.0218;0.0218;0;0;0;0;0;0;1.4015;1.3135;0;16.191;18.749;14.942;17.303;98.47;98.47;13.383;11.375;10.497;2.0083;0.8773;0.1501;0.0656;0.7844;63.122;0.7721;0
28/12/21 18:00;7.2314;113.41;72.225;7.8723;11.529;90;11.529;80.307;73.298;7.0091;22.91;3.14;0;16.999;69.697;7.01;0;0.1701;93.876;0;93.876;16.999;7.01;69.697;0.1701;0.1811;0.7442;0;0.0018;93.092;0.7842;0;0;0.6422;0.142;86.865;6.0408;2.3249;0.9588;2.7508;0.0063;92.906;0.1862;0.034;0.014;0.1381;0.0001;86.893;14.64;6.0372;66.166;0.0217;41.995;33.302;13.283;0.0347;0.516;7.4224;0.0281;7.9037;0;1;0;0;1.169;0.9916;1;1;0.9908;0.1651;0.935;0.863;1;0.9601;0.7746;0.998;0.998;1;0.998;0.998;0.9253;0.9493;0.1276;0.2819;0.2774;0.0017;0.0168;0.0015;0.0018;0.0064;0.0014;0;0;0.088;0;0.148;0;0;0;0;0;0;0;0;0;0;0;0;0.0051;0.0003;0.2424;0.2424;0;26.481;26.481;3.5709;0.0411;236.04;1026.9;1;0.0064;0.0064;0;0;0;0;0;0;0.236;0.148;0;16.38;18.968;9.999;11.579;97.348;97.348;2.253;1.9373;1.1826;0.3158;0.7547;0.1402;0.335;0.5249;41.947;0.4956;0
28/12/21 19:00;0.9705;118.09;87.646;1.1001;1.5687;90;1.5687;0;0;0;20.39;4.67;0;0;0;0;0;0;0;0;0;0;0;0;0;1;1;1;1;0;0;0;0;0;0;0;0;0;0;0;0;0;0;0;0;0;0;0;0;0;0;0;0;0;0;0;0;0;0;0;0;0;0;0;1;1;1;1;1;1;1;1;1;1;1;1;1;1;1;1;1;1;1;0;0;0;0;0;0;0;0;0;0.0004;0.088;0;-0.0884;0;0;0;0;0;0;0;0;0;0;0;0;0;0;0;0;0;0;0;-20.39;0;0;0;0;0.0004;0;0;0;0;0;0;0;-0.0004;-0.0884;0;0;0;0;0;0;0;0;0;-0.7063;0;0.7063;1;1;0;0;0;0
28/12/21 20:00;0;0;90;0;0;90;0;0;0;0;19;5.68;0;0;0;0;0;0;0;0;0;0;0;0;0;1;1;1;1;0;0;0;0;0;0;0;0;0;0;0;0;0;0;0;0;0;0;0;0;0;0;0;0;0;0;0;0;0;0;0;0;0;0;0;1;1;1;1;1;1;1;1;1;1;1;1;1;1;1;1;1;1;1;0;0;0;0;0;0;0;0;0;0.0004;0.088;0;-0.0884;0;0;0;0;0;0;0;0;0;0;0;0;0;0;0;0;0;0;0;-19;0;0;0;0;0.0004;0;0;0;0;0;0;0;-0.0004;-0.0884;0;0;0;0;0;0;0;0;0;-0.7063;0;0.7063;1;1;0;0;0;0
28/12/21 21:00;0;0;90;0;0;90;0;0;0;0;18.3;5.85;0;0;0;0;0;0;0;0;0;0;0;0;0;1;1;1;1;0;0;0;0;0;0;0;0;0;0;0;0;0;0;0;0;0;0;0;0;0;0;0;0;0;0;0;0;0;0;0;0;0;0;0;1;1;1;1;1;1;1;1;1;1;1;1;1;1;1;1;1;1;1;0;0;0;0;0;0;0;0;0;0.0004;0.088;0;-0.0884;0;0;0;0;0;0;0;0;0;0;0;0;0;0;0;0;0;0;0;-18.3;0;0;0;0;0.0004;0;0;0;0;0;0;0;-0.0004;-0.0884;0;0;0;0;0;0;0;0;0;-0.7063;0;0.7063;1;1;0;0;0;0
28/12/21 22:00;0;0;90;0;0;90;0;0;0;0;17.18;5.79;0;0;0;0;0;0;0;0;0;0;0;0;0;1;1;1;1;0;0;0;0;0;0;0;0;0;0;0;0;0;0;0;0;0;0;0;0;0;0;0;0;0;0;0;0;0;0;0;0;0;0;0;1;1;1;1;1;1;1;1;1;1;1;1;1;1;1;1;1;1;1;0;0;0;0;0;0;0;0;0;0.0004;0.088;0;-0.0884;0;0;0;0;0;0;0;0;0;0;0;0;0;0;0;0;0;0;0;-17.18;0;0;0;0;0.0004;0;0;0;0;0;0;0;-0.0004;-0.0884;0;0;0;0;0;0;0;0;0;-0.7063;0;0.7063;1;1;0;0;0;0
28/12/21 23:00;0;0;90;0;0;90;0;0;0;0;16.15;5.7201;0;0;0;0;0;0;0;0;0;0;0;0;0;1;1;1;1;0;0;0;0;0;0;0;0;0;0;0;0;0;0;0;0;0;0;0;0;0;0;0;0;0;0;0;0;0;0;0;0;0;0;0;1;1;1;1;1;1;1;1;1;1;1;1;1;1;1;1;1;1;1;0;0;0;0;0;0;0;0;0;0.0004;0.088;0;-0.0884;0;0;0;0;0;0;0;0;0;0;0;0;0;0;0;0;0;0;0;-16.15;0;0;0;0;0.0004;0;0;0;0;0;0;0;-0.0004;-0.0884;0;0;0;0;0;0;0;0;0;-0.7063;0;0.7063;1;1;0;0;0;0
29/12/21 00:00;0;0;90;0;0;90;0;0;0;0;15.23;5.5601;0;0;0;0;0;0;0;0;0;0;0;0;0;1;1;1;1;0;0;0;0;0;0;0;0;0;0;0;0;0;0;0;0;0;0;0;0;0;0;0;0;0;0;0;0;0;0;0;0;0;0;0;1;1;1;1;1;1;1;1;1;1;1;1;1;1;1;1;1;1;1;0;0;0;0;0;0;0;0;0;0.0004;0.088;0;-0.0884;0;0;0;0;0;0;0;0;0;0;0;0;0;0;0;0;0;0;0;-15.23;0;0;0;0;0.0004;0;0;0;0;0;0;0;-0.0004;-0.0884;0;0;0;0;0;0;0;0;0;-0.7063;0;0.7063;1;1;0;0;0;0
29/12/21 01:00;0;0;90;0;0;90;0;0;0;0;14.6;5.28;0;0;0;0;0;0;0;0;0;0;0;0;0;1;1;1;1;0;0;0;0;0;0;0;0;0;0;0;0;0;0;0;0;0;0;0;0;0;0;0;0;0;0;0;0;0;0;0;0;0;0;0;1;1;1;1;1;1;1;1;1;1;1;1;1;1;1;1;1;1;1;0;0;0;0;0;0;0;0;0;0.0004;0.088;0;-0.0884;0;0;0;0;0;0;0;0;0;0;0;0;0;0;0;0;0;0;0;-14.6;0;0;0;0;0.0004;0;0;0;0;0;0;0;-0.0004;-0.0884;0;0;0;0;0;0;0;0;0;-0.7063;0;0.7063;1;1;0;0;0;0
29/12/21 02:00;0;0;90;0;0;90;0;0;0;0;14.2;4.8699;0;0;0;0;0;0;0;0;0;0;0;0;0;1;1;1;1;0;0;0;0;0;0;0;0;0;0;0;0;0;0;0;0;0;0;0;0;0;0;0;0;0;0;0;0;0;0;0;0;0;0;0;1;1;1;1;1;1;1;1;1;1;1;1;1;1;1;1;1;1;1;0;0;0;0;0;0;0;0;0;0.0004;0.088;0;-0.0884;0;0;0;0;0;0;0;0;0;0;0;0;0;0;0;0;0;0;0;-14.2;0;0;0;0;0.0004;0;0;0;0;0;0;0;-0.0004;-0.0884;0;0;0;0;0;0;0;0;0;-0.7063;0;0.7063;1;1;0;0;0;0
29/12/21 03:00;0;0;90;0;0;90;0;0;0;0;13.76;4.4799;0;0;0;0;0;0;0;0;0;0;0;0;0;1;1;1;1;0;0;0;0;0;0;0;0;0;0;0;0;0;0;0;0;0;0;0;0;0;0;0;0;0;0;0;0;0;0;0;0;0;0;0;1;1;1;1;1;1;1;1;1;1;1;1;1;1;1;1;1;1;1;0;0;0;0;0;0;0;0;0;0.0004;0.088;0;-0.0884;0;0;0;0;0;0;0;0;0;0;0;0;0;0;0;0;0;0;0;-13.76;0;0;0;0;0.0004;0;0;0;0;0;0;0;-0.0004;-0.0884;0;0;0;0;0;0;0;0;0;-0.7063;0;0.7063;1;1;0;0;0;0
29/12/21 04:00;1.0274;-117.97;87.508;1.1633;1.659;-90;-1.659;0;0;0;12.72;4.67;0;0;0;0;0;0;0;0;0;0;0;0;0;1;1;1;1;0;0;0;0;0;0;0;0;0;0;0;0;0;0;0;0;0;0;0;0;0;0;0;0;0;0;0;0;0;0;0;0;0;0;0;1;1;1;1;1;1;1;1;1;1;1;1;1;1;1;1;1;1;1;0;0;0;0;0;0;0;0;0;0.0004;0.088;0;-0.0884;0;0;0;0;0;0;0;0;0;0;0;0;0;0;0;0;0;0;0;-12.72;0;0;0;0;0.0004;0;0;0;0;0;0;0;-0.0004;-0.0884;0;0;0;0;0;0;0;0;0;-0.7063;0;0.7063;1;1;0;0;0;0
29/12/21 05:00;7.4824;-113.16;71.59;8.1299;11.929;-90;-11.929;98.005;17.701;80.304;13.23;5.3;0;194.76;9.863;18.748;0;0.2222;223.59;0;223.59;194.76;18.748;9.863;0.2222;0.871;0.0451;0;0.001;223.31;0.2812;0;0;0.096;0.1852;195.19;27.677;24.886;2.3956;0.3866;0.0083;222.87;0.4466;0.3895;0.0375;0.0195;0.0001;195.19;169.48;16.315;9.3609;0.0286;6.374;5.0546;2.1005;0.0056;0.0729;1.0481;0.0043;1.1153;0;1;0;0;2.2814;0.9987;1;1;0.9903;0.1665;0.8758;0.872;1;0.9603;0.7752;0.998;0.998;1;0.998;0.998;0.873;0.9491;0.1288;0.6715;0.5901;0.0036;0.0177;-0.0081;0.004;0.0143;0.0002;0;0;0.088;0;0.4478;0;0;0;0;0;0;0;0;0;0;0;0;0.0115;0.001;0.5458;0.5458;0;21.156;21.156;7.926;0.0406;505.16;1080.5;1;0.01;0.01;0;0;0;0;0;0;0.5358;0.4478;0;15.486;17.932;12.705;14.712;98.161;98.161;5.3662;4.3623;3.5788;1.0039;0.7835;0.1871;0.146;0.6669;5.9427;0.6646;0
29/12/21 06:00;19.054;-105.46;37.649;19.715;35.185;-90;-35.185;307.71;53.202;254.51;16.72;5.05;0;617.25;21.653;71.236;0;5.903;716.04;0;716.04;617.25;71.236;21.653;5.903;0.862;0.0385;0;0.0082;709.5;6.5428;0;0;1.2383;5.3045;703.55;4.5259;3.3942;0.3917;0.6576;0.0824;708.08;1.419;1.2345;0.1425;0.0408;0.0012;703.71;612.62;70.702;19.716;0.5149;16.217;12.86;5.7541;0.5695;0.1948;2.8024;0.1518;2.4277;0;1;0;0;2.327;0.9909;1;1;0.9428;0.1014;0.9936;0.9945;1;0.9677;0.862;0.998;0.998;1;0.998;0.998;0.9826;0.9106;0.0872;2.1503;2.1254;0.0128;-0.0006;0.1542;0.0137;0.0486;0.0005;0;0;0.088;0;1.7287;0;0;0;0;0;0;0;0;0;0;0;0;0.0392;0.0102;1.8468;1.8468;0;45.666;45.666;28.946;0.0411;1828.8;1009.9;1;0.0301;0.0301;0;0;0;0;0;0;1.8167;1.7287;0;16.362;18.946;15.315;17.735;98.371;98.371;17.185;14.76;13.816;2.4252;0.9437;0.1411;0.0549;0.804;14.827;0.8016;0
29/12/21 07:00;31.058;-97.959;6.8121;31.303;58.697;-90;-58.697;532.71;87.699;445.01;19.1;3.54;0;856.49;25.929;103.11;0;26.873;1012.4;0;1012.4;856.49;103.11;25.929;26.873;0.846;0.0522;0;0.0265;984.08;28.326;0;0;3.161;25.165;980.99;1.1197;0.2011;0.0242;0.795;0.0993;982.11;1.9682;1.713;0.2062;0.0455;0.0034;985.53;854.58;102.88;21.928;1.6044;127.09;100.79;41.651;4.0145;1.7214;24.762;4.5373;22.469;0;1;0;0;1.9005;0.972;1;1;0.8781;0.0635;0.9989;0.9998;1;0.965;0.9417;0.998;0.998;1;0.998;0.998;0.969;0.8457;0.0597;3.0402;3.0205;0.0182;0.0001;0.3706;0.0184;0.0653;0.0043;0;0;0.088;0;2.3405;0;0;0;0;0;0;0;0;0;0;0;0;0.0526;0.0198;2.4712;2.4712;0;59.932;59.932;40.832;0.0416;2600.7;950.21;1;0.0427;0.0427;0;0;0;0;0;0;2.4285;2.3405;0;15.484;17.931;14.665;16.982;98.271;98.271;24.298;19.75;18.705;4.5478;1.0448;0.1872;0.043;0.7698;22.237;0.756;0
29/12/21 08:00;43.285;-89.937;0.0462;43.285;46.715;-90;-46.715;742.2;122.5;619.7;20.64;1.7;0;903.83;37.161;114.36;0;24.499;1079.9;0;1079.9;903.83;114.36;37.161;24.499;0.837;0.0571;0;0.0227;1053.8;26.048;0;0;3.2537;22.794;1050.5;1.1981;0.0014;0.0002;1.1083;0.0881;1051.7;2.1076;1.8077;0.2287;0.0678;0.0034;1056.4;902.02;114.13;32.732;1.6131;308.44;244.6;101.39;2.5882;3.6926;53.117;5.9093;54.221;0;1;0;0;1.4549;0.9759;1;1;0.9124;0.0696;0.9989;1;1;0.9672;0.9482;0.998;0.998;1;0.998;0.998;0.9728;0.8808;0.0658;3.2428;3.2938;0.0198;0.0038;0.4575;0.0197;0.0698;0.0091;0;0;0.088;0;2.5004;0;0;0;0;0;0;0;0;0;0;0;0;0.0562;0.0233;2.6345;2.6345;0;64.537;64.537;43.897;0.0418;2833.8;929.66;1;0.0461;0.0461;0;0;0;0;0;0;2.5884;2.5004;0;15.476;17.921;14.689;17.009;98.249;98.249;25.917;21.055;19.983;4.8615;1.072;0.1876;0.0414;0.7711;28.103;0.7437;0
29/12/21 09:00;55.495;-80.015;5.6366;55.902;34.098;-90;-34.098;913.81;150.8;763.01;22.12;0.3999;0;921.42;47.458;119.41;0;16.495;1104.8;0;1104.8;921.42;119.41;47.458;16.495;0.834;0.0579;0;0.0149;1087.4;17.331;0;0;2.5834;14.748;1083.4;1.9056;0.179;0.0232;1.4467;0.2567;1085.3;2.1749;1.8428;0.2388;0.0897;0.0035;1087.8;919.39;119.14;43.338;1.4873;467.06;370.38;160.91;1.1218;4.9303;70.921;4.4162;74.73;0;1;0;0;1.209;0.9843;1;1;0.9456;0.1059;0.9982;0.9998;1;0.9677;0.8528;0.998;0.998;1;0.998;0.998;0.9806;0.9132;0.0902;3.3176;3.4258;0.0206;0.0062;0.5119;0.0202;0.0717;0.0119;0;0;0.088;0;2.565;0;0;0;0;0;0;0;0;0;0;0;0;0.0577;0.0252;2.7003;2.7003;0;67.505;67.505;45.385;0.0419;2947.3;916.2;1;0.0473;0.0473;0;0;0;0;0;0;2.653;2.565;0;15.505;17.955;14.728;17.055;98.247;98.247;26.515;21.581;20.499;4.9339;1.0815;0.1861;0.0408;0.7731;32.224;0.7377;0
29/12/21 10:00;67.193;-64.483;9.6125;69.219;20.781;-90;-20.781;1029.6;169.9;859.69;23.73;1.25;0;919.52;55.812;120.02;0;7.0332;1102.4;0;1102.4;919.52;120.02;55.812;7.0332;0.8341;0.057;0;0.0064;1095.1;7.2903;0;0;1.3775;5.9128;1090.4;2.4515;0.3047;0.0398;1.863;0.244;1092.9;2.1902;1.839;0.24;0.1089;0.0022;1092.2;917.37;119.74;52.462;0.8742;580.19;460.09;191.06;0.231;6.6224;95.261;1.757;101.65;0;1;0;0;1.0707;0.9934;1;1;0.9753;0.1593;0.9978;0.9997;1;0.9657;0.7818;0.998;0.998;1;0.998;0.998;0.9892;0.94;0.1243;3.3104;3.4904;0.021;0.0076;0.5463;0.0204;0.0724;0.0159;0;0;0.088;0;2.5869;0;0;0;0;0;0;0;0;0;0;0;0;0.0583;0.026;2.7225;2.7225;0;69.487;69.487;45.757;0.042;3001;907.18;1;0.0476;0.0476;0;0;0;0;0;0;2.6749;2.5869;0;15.667;18.142;14.886;17.238;98.252;98.252;26.457;21.758;20.674;4.699;1.0836;0.1776;0.041;0.7814;34.81;0.734;0
29/12/21 11:00;76.452;-30.22;11.678;83.085;6.915;-90;-6.915;1082.2;178.1;904.1;25.44;2.04;0;910.72;60.584;118.15;0;0.8266;1090.3;0;1090.3;910.72;118.15;60.584;0.8266;0.8353;0.0563;0;0.0008;1089.4;0.9288;0;0;0.2388;0.69;1084.2;3.0135;0.3666;0.0476;2.5687;0.0305;1087.2;2.1787;1.8214;0.2363;0.1207;0.0003;1084.3;908.53;117.87;57.656;0.1057;635.33;503.81;210.36;0.0039;7.1609;103.01;0.1204;110.16;0;1;0;0;1.0075;0.9991;1;1;0.9961;0.1652;0.9972;0.9996;1;0.9573;0.7759;0.998;0.998;1;0.998;0.998;0.9944;0.9517;0.1279;3.2741;3.4829;0.021;0.0074;0.5641;0.0202;0.0718;0.0171;0;0;0.088;0;2.5628;0;0;0;0;0;0;0;0;0;0;0;0;0.0578;0.0259;2.6976;2.6976;0;70.99;70.99;45.55;0.042;2994;900.99;1;0.0468;0.0468;0;0;0;0;0;0;2.6508;2.5628;0;15.695;18.175;14.911;17.267;98.264;98.264;26.167;21.559;20.482;4.6077;1.0775;0.1761;0.0412;0.7827;36.083;0.731;0
29/12/21 12:00;76.344;31.126;11.66;82.841;7.1586;90;7.1586;1078.5;178.7;899.81;25.91;2.4799;0;906.88;61.275;118.1;0;0.8827;1087.1;0;1087.1;906.88;118.1;61.275;0.8827;0.8342;0.0572;0;0.0008;1086.1;0.994;0;0;0.2564;0.7376;1080.9;3.0337;0.3645;0.0475;2.5892;0.0325;1084;2.1723;1.8138;0.2362;0.122;0.0003;1081.1;904.7;117.82;58.307;0.1123;632.95;501.93;209.57;0.0046;7.1348;102.63;0.1323;109.76;0;1;0;0;1.008;0.9991;1;1;0.9958;0.1644;0.9972;0.9996;1;0.9575;0.7755;0.998;0.998;1;0.998;0.998;0.9943;0.9516;0.1272;3.2647;3.4724;0.0209;0.0072;0.5669;0.0201;0.0714;0.017;0;0;0.088;0;2.5511;0;0;0;0;0;0;0;0;0;0;0;0;0.0575;0.0258;2.6856;2.6856;0;71.337;71.337;45.427;0.042;2985.1;899.66;1;0.0465;0.0465;0;0;0;0;0;0;2.6391;2.5511;0;15.671;18.146;14.886;17.238;98.269;98.269;26.091;21.463;20.388;4.6282;1.0749;0.1774;0.0412;0.7814;36.51;0.7298;0
29/12/21 13:00;67.001;64.848;9.5591;68.982;21.018;90;21.018;1032;171.2;860.79;27.69;2.74;0;922.14;55.902;121.46;0;7.2092;1106.7;0;1106.7;922.14;121.46;55.902;7.2092;0.8332;0.057;0;0.0065;1099.2;7.4902;0;0;1.4079;6.0824;1094.6;2.4509;0.3039;0.04;1.8613;0.2458;1097;2.1984;1.8443;0.2429;0.109;0.0023;1096.3;919.99;121.17;52.524;0.8788;580.89;460.64;193.89;0.2412;6.462;92.953;1.7625;99.174;0;1;0;0;1.0724;0.9932;1;1;0.9748;0.1563;0.9978;0.9997;1;0.9658;0.7814;0.998;0.998;1;0.998;0.998;0.989;0.9396;0.1219;3.3234;3.498;0.0211;0.0078;0.602;0.0201;0.0712;0.0152;0;0;0.088;0;2.5432;0;0;0;0;0;0;0;0;0;0;0;0;0.0573;0.0262;2.6772;2.6772;0;73.785;73.785;46.095;0.0421;3007.9;890.06;1;0.046;0.046;0;0;0;0;0;0;2.6312;2.5432;0;15.346;17.77;14.578;16.88;98.281;98.281;26.561;21.396;20.325;5.1647;1.0711;0.1944;0.0403;0.7652;34.908;0.72;0
29/12/21 14:00;55.286;80.218;5.5524;55.677;34.323;90;34.323;903.2;161.3;741.9;28.05;2.8799;0;898.32;53.136;124.84;0;16.513;1092.8;0;1092.8;898.32;124.84;53.136;16.513;0.822;0.0637;0;0.0151;1075.1;17.745;0;0;2.9276;14.817;1070.8;2.0629;0.1719;0.0239;1.6182;0.2488;1072.9;2.1501;1.7966;0.2497;0.1004;0.0034;1075.3;896.35;124.56;48.49;1.4439;461.34;365.84;158.94;1.2841;4.881;70.212;4.4341;73.809;0;1;0;0;1.2099;0.9838;1;1;0.9449;0.1027;0.9981;0.9998;1;0.9677;0.853;0.998;0.998;1;0.998;0.998;0.9799;0.9126;0.0874;3.2817;3.3866;0.0204;0.0055;0.5752;0.0195;0.0692;0.0115;0;0;0.088;0;2.4726;0;0;0;0;0;0;0;0;0;0;0;0;0.0557;0.0246;2.605;2.605;0;73.118;73.118;45.069;0.0421;2914.6;893.8;1;0.0444;0.0444;0;0;0;0;0;0;2.5606;2.4726;0;15.122;17.511;14.353;16.621;98.294;98.294;26.227;20.819;19.761;5.4078;1.0584;0.2062;0.0404;0.7535;36.143;0.7189;0
29/12/21 15:00;43.072;90.086;0.063;43.072;46.928;90;46.928;728.7;155.4;573.3;28.78;2.89;0;839.47;53.026;135.28;0;24.261;1052;0;1052;839.47;135.28;53.026;24.261;0.7979;0.0735;0;0.0231;1024.7;27.315;0;0;4.6821;22.633;1021;1.668;0.0018;0.0003;1.5813;0.0845;1022.7;2.0495;1.6789;0.2706;0.0967;0.0033;1027;837.79;135.01;46.666;1.5401;305.92;242.59;100.84;3.7487;3.7211;53.526;5.9425;53.499;0;1;0;0;1.4437;0.974;1;1;0.9117;0.0671;0.9984;1;1;0.9672;0.948;0.998;0.998;1;0.998;0.998;0.9705;0.8801;0.0635;3.1593;3.2059;0.0193;0.0024;0.5289;0.0186;0.0659;0.0089;0;0;0.088;0;2.3568;0;0;0;0;0;0;0;0;0;0;0;0;0.0531;0.0222;2.4867;2.4867;0;71.697;71.697;42.917;0.042;2760.5;900.8;1;0.0418;0.0418;0;0;0;0;0;0;2.4448;2.3568;0;14.994;17.363;14.211;16.456;98.318;98.318;25.249;19.873;18.836;5.3755;1.0376;0.2129;0.0411;0.746;40.178;0.7186;0
29/12/21 16:00;30.847;98.091;6.9402;31.1;58.9;90;58.9;510.69;163;347.69;29.12;2.74;0;673.13;64.244;151.54;0;25.925;914.84;0;914.84;673.13;151.54;64.244;25.925;0.7358;0.0986;0;0.0283;882.62;32.22;0;0;7.8875;24.332;878.59;2.2657;0.161;0.0363;1.9713;0.0971;880.85;1.7652;1.3463;0.3031;0.1127;0.0032;883.45;671.62;151.2;54.273;1.4922;142.82;113.26;49.682;10.06;2.1081;30.325;4.8644;22.373;0;1;0;0;1.7914;0.9648;1;1;0.8772;0.0614;0.9974;0.9998;1;0.965;0.9389;0.998;0.998;1;0.998;0.998;0.9604;0.8448;0.0576;2.7473;2.7248;0.0164;-0.0019;0.3938;0.0162;0.0575;0.0052;0;0;0.088;0;2.052;0;0;0;0;0;0;0;0;0;0;0;0;0.0463;0.0163;2.175;2.175;0;65.87;65.87;36.749;0.0418;2347.1;926.71;1;0.035;0.035;0;0;0;0;0;0;2.14;2.052;0;15.082;17.465;14.229;16.477;98.389;98.389;21.956;17.383;16.4;4.5731;0.9833;0.2083;0.0448;0.7469;55.213;0.7288;0
29/12/21 17:00;18.849;105.59;38.413;19.515;34.599;90;34.599;286.71;152.4;134.31;28.61;1.9001;0;325.73;98.027;108.81;0;5.324;537.9;0;537.9;325.73;108.81;98.027;5.324;0.6056;0.1921;0;0.0099;527.64;10.253;0;0;5.4693;4.7833;520.94;5.6437;1.9363;0.6468;2.9825;0.0781;526.59;1.0553;0.6515;0.2176;0.1851;0.0011;521.6;323.14;107.95;89.39;0.4615;67.696;53.683;23.155;2.4286;0.8727;12.554;0.6579;10.998;0;1;0;0;1.8761;0.9809;1;1;0.9442;0.1016;0.9893;0.994;1;0.9677;0.8553;0.998;0.998;1;0.998;0.998;0.9685;0.9119;0.0867;1.6153;1.5975;0.0096;0.005;0.1427;0.0101;0.0358;0.0023;0;0;0.088;0;1.2488;0;0;0;0;0;0;0;0;0;0;0;0;0.0288;0.006;1.3573;1.3573;0;50.146;50.146;21.536;0.0413;1375.2;987;1;0.0205;0.0205;0;0;0;0;0;0;1.3368;1.2488;0;16.007;18.536;14.727;17.054;98.49;98.49;12.91;10.847;9.9803;2.0621;0.8671;0.1597;0.0672;0.7731;66.818;0.7598;0
29/12/21 18:00;7.2868;113.3;72.085;7.926;11.612;90;11.612;70.5;66.998;3.5021;28.97;2.11;0;8.4935;65.016;3.1772;0;0.1515;76.838;0;76.838;8.4935;3.1772;65.016;0.1515;0.1105;0.8481;0;0.002;76.105;0.7328;0;0;0.6063;0.1265;71.813;4.1404;1.1443;0.4281;2.5624;0.0056;75.953;0.1522;0.017;0.0064;0.1288;0.0001;71.839;7.3322;2.7428;61.719;0.0193;39.162;31.056;12.407;0.0332;0.48;6.904;0.0265;7.3507;0;1;0;0;1.0899;0.9905;1;1;0.9907;0.1651;0.9455;0.865;1;0.9601;0.7746;0.998;0.998;1;0.998;0.998;0.9346;0.9493;0.1276;0.2307;0.2309;0.0014;0.0159;0.0059;0.0015;0.0052;0.0012;0;0;0.088;0;0.1017;0;0;0;0;0;0;0;0;0;0;0;0;0.0042;0.0002;0.1955;0.1955;0;31.942;31.942;2.9722;0.0414;196.22;996.17;1;0.0058;0.0058;0;0;0;0;0;0;0.1897;0.1017;0;16.138;18.687;8.3962;9.7226;97.047;97.047;1.8441;1.5622;0.8128;0.2819;0.7494;0.1529;0.4064;0.4407;39.139;0.413;0
29/12/21 19:00;0.8396;118.12;87.963;0.952;1.3573;90;1.3573;0;0;0;23.84;2.28;0;0;0;0;0;0;0;0;0;0;0;0;0;1;1;1;1;0;0;0;0;0;0;0;0;0;0;0;0;0;0;0;0;0;0;0;0;0;0;0;0;0;0;0;0;0;0;0;0;0;0;0;1;1;1;1;1;1;1;1;1;1;1;1;1;1;1;1;1;1;1;0;0;0;0;0;0;0;0;0;0.0004;0.088;0;-0.0884;0;0;0;0;0;0;0;0;0;0;0;0;0;0;0;0;0;0;0;-23.84;0;0;0;0;0.0004;0;0;0;0;0;0;0;-0.0004;-0.0884;0;0;0;0;0;0;0;0;0;-0.7063;0;0.7063;1;1;0;0;0;0
29/12/21 20:00;0;0;90;0;0;90;0;0;0;0;19.57;2.1599;0;0;0;0;0;0;0;0;0;0;0;0;0;1;1;1;1;0;0;0;0;0;0;0;0;0;0;0;0;0;0;0;0;0;0;0;0;0;0;0;0;0;0;0;0;0;0;0;0;0;0;0;1;1;1;1;1;1;1;1;1;1;1;1;1;1;1;1;1;1;1;0;0;0;0;0;0;0;0;0;0.0004;0.088;0;-0.0884;0;0;0;0;0;0;0;0;0;0;0;0;0;0;0;0;0;0;0;-19.57;0;0;0;0;0.0004;0;0;0;0;0;0;0;-0.0004;-0.0884;0;0;0;0;0;0;0;0;0;-0.7063;0;0.7063;1;1;0;0;0;0
29/12/21 21:00;0;0;90;0;0;90;0;0;0;0;17.9;1.7401;0;0;0;0;0;0;0;0;0;0;0;0;0;1;1;1;1;0;0;0;0;0;0;0;0;0;0;0;0;0;0;0;0;0;0;0;0;0;0;0;0;0;0;0;0;0;0;0;0;0;0;0;1;1;1;1;1;1;1;1;1;1;1;1;1;1;1;1;1;1;1;0;0;0;0;0;0;0;0;0;0.0004;0.088;0;-0.0884;0;0;0;0;0;0;0;0;0;0;0;0;0;0;0;0;0;0;0;-17.9;0;0;0;0;0.0004;0;0;0;0;0;0;0;-0.0004;-0.0884;0;0;0;0;0;0;0;0;0;-0.7063;0;0.7063;1;1;0;0;0;0
29/12/21 22:00;0;0;90;0;0;90;0;0;0;0;17.84;1.1801;0;0;0;0;0;0;0;0;0;0;0;0;0;1;1;1;1;0;0;0;0;0;0;0;0;0;0;0;0;0;0;0;0;0;0;0;0;0;0;0;0;0;0;0;0;0;0;0;0;0;0;0;1;1;1;1;1;1;1;1;1;1;1;1;1;1;1;1;1;1;1;0;0;0;0;0;0;0;0;0;0.0004;0.088;0;-0.0884;0;0;0;0;0;0;0;0;0;0;0;0;0;0;0;0;0;0;0;-17.84;0;0;0;0;0.0004;0;0;0;0;0;0;0;-0.0004;-0.0884;0;0;0;0;0;0;0;0;0;-0.7063;0;0.7063;1;1;0;0;0;0
29/12/21 23:00;0;0;90;0;0;90;0;0;0;0;15.5;1.6099;0;0;0;0;0;0;0;0;0;0;0;0;0;1;1;1;1;0;0;0;0;0;0;0;0;0;0;0;0;0;0;0;0;0;0;0;0;0;0;0;0;0;0;0;0;0;0;0;0;0;0;0;1;1;1;1;1;1;1;1;1;1;1;1;1;1;1;1;1;1;1;0;0;0;0;0;0;0;0;0;0.0004;0.088;0;-0.0884;0;0;0;0;0;0;0;0;0;0;0;0;0;0;0;0;0;0;0;-15.5;0;0;0;0;0.0004;0;0;0;0;0;0;0;-0.0004;-0.0884;0;0;0;0;0;0;0;0;0;-0.7063;0;0.7063;1;1;0;0;0;0
30/12/21 00:00;0;0;90;0;0;90;0;0;0;0;15.1;2.36;0;0;0;0;0;0;0;0;0;0;0;0;0;1;1;1;1;0;0;0;0;0;0;0;0;0;0;0;0;0;0;0;0;0;0;0;0;0;0;0;0;0;0;0;0;0;0;0;0;0;0;0;1;1;1;1;1;1;1;1;1;1;1;1;1;1;1;1;1;1;1;0;0;0;0;0;0;0;0;0;0.0004;0.088;0;-0.0884;0;0;0;0;0;0;0;0;0;0;0;0;0;0;0;0;0;0;0;-15.1;0;0;0;0;0.0004;0;0;0;0;0;0;0;-0.0004;-0.0884;0;0;0;0;0;0;0;0;0;-0.7063;0;0.7063;1;1;0;0;0;0
30/12/21 01:00;0;0;90;0;0;90;0;0;0;0;14.4;2.76;0;0;0;0;0;0;0;0;0;0;0;0;0;1;1;1;1;0;0;0;0;0;0;0;0;0;0;0;0;0;0;0;0;0;0;0;0;0;0;0;0;0;0;0;0;0;0;0;0;0;0;0;1;1;1;1;1;1;1;1;1;1;1;1;1;1;1;1;1;1;1;0;0;0;0;0;0;0;0;0;0.0004;0.088;0;-0.0884;0;0;0;0;0;0;0;0;0;0;0;0;0;0;0;0;0;0;0;-14.4;0;0;0;0;0.0004;0;0;0;0;0;0;0;-0.0004;-0.0884;0;0;0;0;0;0;0;0;0;-0.7063;0;0.7063;1;1;0;0;0;0
30/12/21 02:00;0;0;90;0;0;90;0;0;0;0;14.42;3.1999;0;0;0;0;0;0;0;0;0;0;0;0;0;1;1;1;1;0;0;0;0;0;0;0;0;0;0;0;0;0;0;0;0;0;0;0;0;0;0;0;0;0;0;0;0;0;0;0;0;0;0;0;1;1;1;1;1;1;1;1;1;1;1;1;1;1;1;1;1;1;1;0;0;0;0;0;0;0;0;0;0.0004;0.088;0;-0.0884;0;0;0;0;0;0;0;0;0;0;0;0;0;0;0;0;0;0;0;-14.42;0;0;0;0;0.0004;0;0;0;0;0;0;0;-0.0004;-0.0884;0;0;0;0;0;0;0;0;0;-0.7063;0;0.7063;1;1;0;0;0;0
30/12/21 03:00;0;0;90;0;0;90;0;0;0;0;15.8;3.62;0;0;0;0;0;0;0;0;0;0;0;0;0;1;1;1;1;0;0;0;0;0;0;0;0;0;0;0;0;0;0;0;0;0;0;0;0;0;0;0;0;0;0;0;0;0;0;0;0;0;0;0;1;1;1;1;1;1;1;1;1;1;1;1;1;1;1;1;1;1;1;0;0;0;0;0;0;0;0;0;0.0004;0.088;0;-0.0884;0;0;0;0;0;0;0;0;0;0;0;0;0;0;0;0;0;0;0;-15.8;0;0;0;0;0.0004;0;0;0;0;0;0;0;-0.0004;-0.0884;0;0;0;0;0;0;0;0;0;-0.7063;0;0.7063;1;1;0;0;0;0
30/12/21 04:00;0.9025;-117.99;87.811;1.022;1.4573;-90;-1.4573;0;0;0;15.07;4.3199;0;0;0;0;0;0;0;0;0;0;0;0;0;1;1;1;1;0;0;0;0;0;0;0;0;0;0;0;0;0;0;0;0;0;0;0;0;0;0;0;0;0;0;0;0;0;0;0;0;0;0;0;1;1;1;1;1;1;1;1;1;1;1;1;1;1;1;1;1;1;1;0;0;0;0;0;0;0;0;0;0.0004;0.088;0;-0.0884;0;0;0;0;0;0;0;0;0;0;0;0;0;0;0;0;0;0;0;-15.07;0;0;0;0;0.0004;0;0;0;0;0;0;0;-0.0004;-0.0884;0;0;0;0;0;0;0;0;0;-0.7063;0;0.7063;1;1;0;0;0;0
30/12/21 05:00;7.3568;-113.17;71.908;7.9942;11.718;-90;-11.718;93.395;21.499;71.896;15.11;4.58;0;174.37;12.816;20.732;0;0.2044;208.12;0;208.12;174.37;20.732;12.816;0.2044;0.8378;0.0626;0;0.001;207.83;0.2914;0;0;0.121;0.1703;181.11;26.303;23.05;2.7407;0.5042;0.0076;207.41;0.4157;0.3487;0.0415;0.0254;0.0001;181.12;150.97;17.95;12.165;0.0263;8.1112;6.4322;2.6432;0.0068;0.0946;1.3612;0.0054;1.449;0;1;0;0;2.2284;0.9986;1;1;0.9906;0.1665;0.8732;0.8675;1;0.9602;0.7752;0.998;0.998;1;0.998;0.998;0.8702;0.9492;0.1288;0.625;0.5484;0.0033;0.0179;-0.005;0.0037;0.0132;0.0003;0;0;0.088;0;0.4059;0;0;0;0;0;0;0;0;0;0;0;0;0.0106;0.0009;0.5034;0.5034;0;22.477;22.477;7.3672;0.0407;469.36;1072.5;1;0.0095;0.0095;0;0;0;0;0;0;0.4939;0.4059;0;15.343;17.767;12.371;14.325;98.111;98.111;4.9949;4.023;3.2437;0.9719;0.7793;0.1946;0.156;0.6494;7.7171;0.6462;0
30/12/21 06:00;18.928;-105.46;38.119;19.585;34.803;-90;-34.803;297.39;56.003;241.39;20.25;4.67;0;585.44;24.121;71.576;0;5.5858;686.73;0;686.73;585.44;71.576;24.121;5.5858;0.8525;0.0433;0;0.0081;680.36;6.3665;0;0;1.356;5.0105;674.39;4.6077;3.3799;0.4132;0.7335;0.0811;679;1.3607;1.1709;0.1432;0.0455;0.0012;674.56;580.89;71.02;21.986;0.493;17.795;14.111;6.272;0.6109;0.2156;3.1009;0.1644;2.7056;0;1;0;0;2.3091;0.9907;1;1;0.9438;0.103;0.9932;0.9942;1;0.9677;0.8587;0.998;0.998;1;0.998;0.998;0.982;0.9115;0.0883;2.0622;2.0382;0.0123;0.0001;0.1654;0.013;0.0462;0.0006;0;0;0.088;0;1.6379;0;0;0;0;0;0;0;0;0;0;0;0;0.0372;0.0094;1.7541;1.7541;0;48.054;48.054;27.804;0.0412;1754.5;999.74;1;0.0281;0.0281;0;0;0;0;0;0;1.7259;1.6379;0;16.203;18.763;15.13;17.521;98.397;98.397;16.481;14.018;13.09;2.463;0.928;0.1494;0.0563;0.7943;16.467;0.7916;0
30/12/21 07:00;30.932;-97.951;6.8147;31.177;58.823;-90;-58.823;523.51;87.001;436.51;24.14;3.63;0;843.2;26.317;101.07;0;26.512;997.09;0;997.09;843.2;101.07;26.317;26.512;0.8457;0.053;0;0.0266;969.05;28.045;0;0;3.2183;24.827;965.98;1.1285;0.1981;0.0237;0.8073;0.0993;967.11;1.9381;1.6864;0.2021;0.0462;0.0034;970.22;841.31;100.84;22.245;1.583;124;98.331;42.018;4.1058;1.602;23.044;4.2339;20.54;0;1;0;0;1.9046;0.9719;1;1;0.8777;0.0636;0.9988;0.9998;1;0.965;0.941;0.998;0.998;1;0.998;0.998;0.9688;0.8453;0.0597;2.9943;2.9708;0.0179;-0.0004;0.4135;0.0178;0.063;0.0039;0;0;0.088;0;2.2568;0;0;0;0;0;0;0;0;0;0;0;0;0.0508;0.0192;2.385;2.385;0;64.5;64.5;40.36;0.0418;2557.6;932.51;1;0.0402;0.0402;0;0;0;0;0;0;2.3448;2.2568;0;15.174;17.571;14.358;16.626;98.314;98.314;23.93;19.061;18.036;4.8692;1.0246;0.2035;0.0428;0.7537;22.603;0.7409;0
30/12/21 08:00;43.16;-89.925;0.0551;43.16;46.84;-90;-46.84;729.11;120;609.11;25.3;1.9801;0;890.46;37.326;110.63;0;24.189;1062.6;0;1062.6;890.46;110.63;37.326;24.189;0.838;0.0579;0;0.0228;1036.8;25.791;0;0;3.2809;22.51;1033.5;1.201;0.0017;0.0002;1.1132;0.0859;1034.7;2.0736;1.7809;0.2213;0.0681;0.0034;1039.4;888.68;110.41;32.863;1.5895;302.29;239.72;99.321;2.6237;3.6278;52.185;5.8352;53.189;0;1;0;0;1.4574;0.9757;1;1;0.9121;0.0694;0.9988;1;1;0.9672;0.9487;0.998;0.998;1;0.998;0.998;0.9726;0.8805;0.0657;3.191;3.2405;0.0195;0.0029;0.4984;0.019;0.0675;0.0088;0;0;0.088;0;2.4158;0;0;0;0;0;0;0;0;0;0;0;0;0.0544;0.0226;2.5474;2.5474;0;68.634;68.634;43.334;0.0419;2789.6;913.17;1;0.0436;0.0436;0;0;0;0;0;0;2.5038;2.4158;0;15.208;17.61;14.422;16.7;98.289;98.289;25.503;20.359;19.307;5.1439;1.0517;0.2017;0.0412;0.7571;28.261;0.7302;0
30/12/21 09:00;55.37;-80.006;5.6597;55.778;34.222;-90;-34.222;894.29;147.2;747.09;27.26;0.8601;0;903.52;48.004;114.46;0;16.258;1082.3;0;1082.3;903.52;114.46;48.004;16.258;0.8349;0.0594;0;0.015;1065.1;17.172;0;0;2.6282;14.544;1061;1.9113;0.1763;0.0223;1.4627;0.25;1062.9;2.1302;1.807;0.2289;0.0908;0.0034;1065.4;901.54;114.21;43.823;1.4603;456.69;362.15;157.34;1.1488;4.8235;69.384;4.3573;73.059;0;1;0;0;1.2102;0.9841;1;1;0.9453;0.1054;0.9982;0.9998;1;0.9677;0.8538;0.998;0.998;1;0.998;0.998;0.9804;0.9129;0.0898;3.25;3.3551;0.0202;0.0049;0.5548;0.0194;0.0689;0.0115;0;0;0.088;0;2.4634;0;0;0;0;0;0;0;0;0;0;0;0;0.0555;0.0242;2.5958;2.5958;0;71.869;71.869;44.609;0.042;2887.5;898.97;1;0.0444;0.0444;0;0;0;0;0;0;2.5514;2.4634;0;15.215;17.619;14.439;16.72;98.291;98.291;25.974;20.745;19.688;5.2286;1.0578;0.2013;0.0407;0.758;32.626;0.7233;0
30/12/21 10:00;67.068;-64.513;9.652;69.098;20.902;-90;-20.902;1012.3;166.6;845.7;28.66;0.3801;0;905.28;56.343;115.97;0;6.9952;1084.6;0;1084.6;905.28;115.97;56.343;6.9952;0.8347;0.0584;0;0.0064;1077.3;7.2872;0;0;1.4037;5.8836;1072.7;2.4599;0.3012;0.0386;1.8784;0.2417;1075.1;2.1546;1.8106;0.2319;0.1099;0.0022;1074.4;903.17;115.7;52.951;0.8677;570.19;452.16;190.27;0.2382;6.346;91.285;1.708;97.393;0;1;0;0;1.0714;0.9933;1;1;0.9751;0.1589;0.9977;0.9997;1;0.9657;0.7821;0.998;0.998;1;0.998;0.998;0.989;0.9398;0.124;3.257;3.4284;0.0206;0.0063;0.591;0.0197;0.0698;0.015;0;0;0.088;0;2.4919;0;0;0;0;0;0;0;0;0;0;0;0;0.0562;0.0252;2.6247;2.6247;0;73.833;73.833;45.173;0.0421;2948.5;890.18;1;0.0448;0.0448;0;0;0;0;0;0;2.5799;2.4919;0;15.352;17.777;14.575;16.877;98.293;98.293;26.03;20.977;19.915;5.0536;1.0613;0.1941;0.0408;0.7651;35.163;0.7197;0
30/12/21 11:00;76.346;-30.505;11.735;82.97;7.0298;-90;-7.0298;1072.8;176.9;895.9;29.9;0.3199;0;902.68;61.173;116.37;0;0.8468;1081.1;0;1081.1;902.68;116.37;61.173;0.8468;0.835;0.0574;0;0.0008;1080.1;0.9545;0;0;0.2476;0.7069;1074.9;3.0332;0.3652;0.0471;2.5896;0.0313;1078;2.1602;1.8054;0.2327;0.1218;0.0003;1075.1;900.51;116.09;58.213;0.1083;629.72;499.37;208.5;0.0043;7.0981;102.1;0.1251;109.2;0;1;0;0;1.0077;0.9991;1;1;0.996;0.1652;0.9972;0.9996;1;0.9574;0.7759;0.998;0.998;1;0.998;0.998;0.9943;0.9516;0.1279;3.2465;3.4532;0.0208;0.0068;0.6126;0.0197;0.0698;0.0166;0;0;0.088;0;2.4925;0;0;0;0;0;0;0;0;0;0;0;0;0.0562;0.0255;2.6251;2.6251;0;75.22;75.22;45.32;0.0422;2968.7;884.28;1;0.0446;0.0446;0;0;0;0;0;0;2.5805;2.4925;0;15.404;17.837;14.626;16.936;98.299;98.299;25.946;20.98;19.92;4.9659;1.0601;0.1914;0.0409;0.7677;36.441;0.717;0
30/12/21 12:00;76.335;30.595;11.733;82.946;7.0541;90;7.0541;1122.2;185.2;937.01;30.78;0.52;0;944.15;58.506;127.43;0;0.8919;1131;0;1131;944.15;127.43;58.506;0.8919;0.8348;0.0525;0;0.0008;1130;0.9844;0;0;0.2391;0.7453;1124.8;2.9421;0.3819;0.0515;2.4758;0.0328;1127.7;2.26;1.8883;0.2549;0.1165;0.0003;1124.9;941.88;127.13;55.675;0.1135;658.66;522.32;218.13;0.0042;7.4215;106.75;0.1322;114.17;0;1;0;0;1.0078;0.9991;1;1;0.9959;0.1644;0.9974;0.9996;1;0.9574;0.7755;0.998;0.998;1;0.998;0.998;0.9945;0.9516;0.1272;3.3963;3.6132;0.0218;0.0104;0.681;0.0203;0.072;0.0171;0;0;0.088;0;2.5706;0;0;0;0;0;0;0;0;0;0;0;0;0.058;0.0278;2.7048;2.7048;0;78.33;78.33;47.55;0.0423;3088.8;875;1;0.0462;0.0462;0;0;0;0;0;0;2.6586;2.5706;0;15.171;17.568;14.418;16.696;98.291;98.291;27.144;21.617;20.544;5.5265;1.0728;0.2036;0.0395;0.7569;34.854;0.7069;0
30/12/21 13:00;67.048;64.55;9.6467;69.074;20.926;90;20.926;951.61;204.8;746.81;31.53;0.8601;0;799.54;84.302;125.93;0;6.5904;1016.4;0;1016.4;799.54;125.93;84.302;6.5904;0.7867;0.0894;0;0.0065;1008.7;7.6666;0;0;2.1083;5.5583;1003.3;3.3426;0.2659;0.0419;2.8094;0.2254;1006.7;2.0174;1.5991;0.2519;0.1644;0.0021;1005;797.68;125.64;79.22;0.8046;537.33;426.1;179.09;0.3569;6.0033;86.355;1.6128;92.002;0;1;0;0;1.0681;0.9925;1;1;0.975;0.1566;0.9967;0.9997;1;0.9658;0.7812;0.998;0.998;1;0.998;0.998;0.9872;0.9397;0.1221;3.0521;3.2089;0.0193;0.0025;0.5537;0.0184;0.0654;0.0142;0;0;0.088;0;2.3316;0;0;0;0;0;0;0;0;0;0;0;0;0.0526;0.0222;2.4606;2.4606;0;73.777;73.777;42.247;0.0421;2760.4;891.38;1;0.041;0.041;0;0;0;0;0;0;2.4196;2.3316;0;15.358;17.784;14.553;16.852;98.335;98.335;24.393;19.665;18.634;4.7276;1.0308;0.1938;0.0423;0.7639;52.618;0.7182;0
30/12/21 14:00;55.349;80.026;5.6513;55.756;34.244;90;34.244;942.51;155.3;787.2;31.61;1.17;0;952.29;45.72;127.31;0;17.156;1142.5;0;1142.5;952.29;127.31;45.72;17.156;0.8335;0.055;0;0.015;1124.6;17.898;0;0;2.51;15.388;1120.5;1.8636;0.1855;0.0248;1.3928;0.2605;1122.3;2.2492;1.9046;0.2546;0.0864;0.0035;1125.1;950.2;127.04;41.731;1.5037;480.57;381.09;165.59;1.097;5.0672;72.889;4.5924;76.859;0;1;0;0;1.2122;0.9843;1;1;0.9451;0.103;0.9983;0.9998;1;0.9677;0.8523;0.998;0.998;1;0.998;0.998;0.9807;0.9127;0.0876;3.4309;3.5422;0.0213;0.0087;0.6768;0.0198;0.0704;0.0117;0;0;0.088;0;2.517;0;0;0;0;0;0;0;0;0;0;0;0;0.0567;0.0268;2.65;2.65;0;79.003;79.003;47.393;0.0423;3025.1;875;1;0.045;0.045;0;0;0;0;0;0;2.605;2.517;0;14.714;17.039;13.976;16.184;98.303;98.303;27.419;21.179;20.116;6.2407;1.0626;0.2276;0.0388;0.7336;31.079;0.7002;0
30/12/21 15:00;43.138;89.939;0.0442;43.138;46.862;90;46.862;741.2;147.8;593.4;32;1.39;0;867.85;47.958;132.84;0;24.611;1073.3;0;1073.3;867.85;132.84;47.958;24.611;0.8086;0.0676;0;0.0229;1046.1;27.184;0;0;4.2259;22.958;1042.5;1.518;0.0013;0.0002;1.4302;0.0863;1044;2.0922;1.7357;0.2657;0.0875;0.0033;1048.5;866.11;132.58;42.214;1.5641;309.97;245.81;102.07;3.3747;3.7497;53.938;5.9952;54.313;0;1;0;0;1.448;0.9747;1;1;0.9119;0.0672;0.9985;1;1;0.9672;0.9477;0.998;0.998;1;0.998;0.998;0.9713;0.8802;0.0635;3.223;3.2716;0.0197;0.0034;0.5904;0.0186;0.066;0.0088;0;0;0.088;0;2.359;0;0;0;0;0;0;0;0;0;0;0;0;0.0531;0.0231;2.4884;2.4884;0;75.977;75.977;43.977;0.0422;2817.4;883.24;1;0.0414;0.0414;0;0;0;0;0;0;2.447;2.359;0;14.708;17.032;13.943;16.146;98.336;98.336;25.758;19.888;18.853;5.8706;1.0343;0.2279;0.0402;0.7319;36.316;0.7054;0
30/12/21 16:00;30.911;97.965;6.8274;31.156;58.844;90;58.844;528.29;147.6;380.69;32.16;1.5199;0;735.82;53.214;149.72;0;26.772;965.52;0;965.52;735.82;149.72;53.214;26.772;0.7621;0.0828;0;0.0277;933.87;31.652;0;0;6.5242;25.128;930.06;1.9405;0.1732;0.0352;1.6324;0.0997;932;1.8677;1.4716;0.2994;0.0934;0.0033;934.83;734.17;149.38;44.964;1.5409;140.52;111.44;48.549;8.3054;1.9924;28.66;4.7737;22.347;0;1;0;0;1.8276;0.9672;1;1;0.8774;0.0614;0.9979;0.9998;1;0.965;0.9392;0.998;0.998;1;0.998;0.998;0.9633;0.845;0.0576;2.8995;2.876;0.0173;-0.0011;0.4711;0.0167;0.0593;0.0048;0;0;0.088;0;2.118;0;0;0;0;0;0;0;0;0;0;0;0;0.0478;0.018;2.2421;2.2421;0;71.237;71.237;39.077;0.042;2477.6;904.97;1;0.0362;0.0362;0;0;0;0;0;0;2.206;2.118;0;14.731;17.058;13.915;16.114;98.388;98.388;23.172;17.919;16.927;5.2534;0.9922;0.2267;0.0428;0.7305;45.704;0.7146;0
30/12/21 17:00;18.908;105.47;38.195;19.565;34.745;90;34.745;291.81;149.7;142.11;31.72;1.3699;0;344.65;94.01;112.75;0;5.4631;556.87;0;556.87;344.65;112.75;94.01;5.4631;0.6189;0.1786;0;0.0098;546.68;10.192;0;0;5.28;4.9116;539.99;5.5987;2.005;0.6559;2.8588;0.079;545.59;1.0934;0.6893;0.2255;0.1775;0.0011;540.63;341.95;111.87;85.694;0.4714;65.077;51.606;22.286;2.363;0.8391;12.07;0.6379;10.546;0;1;0;0;1.9084;0.9817;1;1;0.9438;0.101;0.9897;0.9942;1;0.9677;0.8565;0.998;0.998;1;0.998;0.998;0.9697;0.9115;0.0863;1.6723;1.6538;0.01;0.0043;0.1713;0.0103;0.0364;0.0021;0;0;0.088;0;1.275;0;0;0;0;0;0;0;0;0;0;0;0;0.0294;0.0064;1.3836;1.3836;0;54.114;54.114;22.394;0.0415;1423.3;972.1;1;0.0206;0.0206;0;0;0;0;0;0;1.363;1.275;0;15.762;18.252;14.524;16.819;98.509;98.509;13.365;11.058;10.19;2.3071;0.8681;0.1726;0.065;0.7624;64.152;0.7502;0
30/12/21 18:00;7.3373;113.18;71.957;7.9739;11.686;90;11.686;73.704;69.4;4.3043;30.92;1.7401;0;10.439;67.041;4.0173;0;0.1604;81.658;0;81.658;10.439;4.0173;67.041;0.1604;0.1278;0.823;0;0.002;80.892;0.7659;0;0;0.6319;0.1339;76.164;4.5659;1.3873;0.5339;2.6388;0.006;80.73;0.1618;0.0209;0.008;0.1328;0.0001;76.192;9.031;3.4754;63.638;0.0205;40.395;32.033;12.8;0.0351;0.495;7.1201;0.0278;7.58;0;1;0;0;1.1079;0.9906;1;1;0.9906;0.1651;0.9434;0.8668;1;0.9602;0.7746;0.998;0.998;1;0.998;0.998;0.9327;0.9492;0.1276;0.2452;0.2445;0.0015;0.0162;0.0082;0.0015;0.0054;0.0013;0;0;0.088;0;0.112;0;0;0;0;0;0;0;0;0;0;0;0;0.0044;0.0003;0.2058;0.2058;0;34.076;34.076;3.1561;0.0414;207.89;989.8;1;0.0058;0.0058;0;0;0;0;0;0;0.2;0.112;0;15.985;18.511;8.6997;10.074;97.19;97.19;1.9598;1.6445;0.895;0.3153;0.7495;0.1609;0.3824;0.4567;40.366;0.4287;0
30/12/21 19:00;0.8838;118;87.856;1.001;1.4272;90;1.4272;0;0;0;25.73;2.0099;0;0;0;0;0;0;0;0;0;0;0;0;0;1;1;1;1;0;0;0;0;0;0;0;0;0;0;0;0;0;0;0;0;0;0;0;0;0;0;0;0;0;0;0;0;0;0;0;0;0;0;0;1;1;1;1;1;1;1;1;1;1;1;1;1;1;1;1;1;1;1;0;0;0;0;0;0;0;0;0;0.0004;0.088;0;-0.0884;0;0;0;0;0;0;0;0;0;0;0;0;0;0;0;0;0;0;0;-25.73;0;0;0;0;0.0004;0;0;0;0;0;0;0;-0.0004;-0.0884;0;0;0;0;0;0;0;0;0;-0.7063;0;0.7063;1;1;0;0;0;0
30/12/21 20:00;0;0;90;0;0;90;0;0;0;0;21.29;2.03;0;0;0;0;0;0;0;0;0;0;0;0;0;1;1;1;1;0;0;0;0;0;0;0;0;0;0;0;0;0;0;0;0;0;0;0;0;0;0;0;0;0;0;0;0;0;0;0;0;0;0;0;1;1;1;1;1;1;1;1;1;1;1;1;1;1;1;1;1;1;1;0;0;0;0;0;0;0;0;0;0.0004;0.088;0;-0.0884;0;0;0;0;0;0;0;0;0;0;0;0;0;0;0;0;0;0;0;-21.29;0;0;0;0;0.0004;0;0;0;0;0;0;0;-0.0004;-0.0884;0;0;0;0;0;0;0;0;0;-0.7063;0;0.7063;1;1;0;0;0;0
30/12/21 21:00;0;0;90;0;0;90;0;0;0;0;19.84;1.8201;0;0;0;0;0;0;0;0;0;0;0;0;0;1;1;1;1;0;0;0;0;0;0;0;0;0;0;0;0;0;0;0;0;0;0;0;0;0;0;0;0;0;0;0;0;0;0;0;0;0;0;0;1;1;1;1;1;1;1;1;1;1;1;1;1;1;1;1;1;1;1;0;0;0;0;0;0;0;0;0;0.0004;0.088;0;-0.0884;0;0;0;0;0;0;0;0;0;0;0;0;0;0;0;0;0;0;0;-19.84;0;0;0;0;0.0004;0;0;0;0;0;0;0;-0.0004;-0.0884;0;0;0;0;0;0;0;0;0;-0.7063;0;0.7063;1;1;0;0;0;0
30/12/21 22:00;0;0;90;0;0;90;0;0;0;0;19.53;1.4301;0;0;0;0;0;0;0;0;0;0;0;0;0;1;1;1;1;0;0;0;0;0;0;0;0;0;0;0;0;0;0;0;0;0;0;0;0;0;0;0;0;0;0;0;0;0;0;0;0;0;0;0;1;1;1;1;1;1;1;1;1;1;1;1;1;1;1;1;1;1;1;0;0;0;0;0;0;0;0;0;0.0004;0.088;0;-0.0884;0;0;0;0;0;0;0;0;0;0;0;0;0;0;0;0;0;0;0;-19.53;0;0;0;0;0.0004;0;0;0;0;0;0;0;-0.0004;-0.0884;0;0;0;0;0;0;0;0;0;-0.7063;0;0.7063;1;1;0;0;0;0
30/12/21 23:00;0;0;90;0;0;90;0;0;0;0;17.66;1.0499;0;0;0;0;0;0;0;0;0;0;0;0;0;1;1;1;1;0;0;0;0;0;0;0;0;0;0;0;0;0;0;0;0;0;0;0;0;0;0;0;0;0;0;0;0;0;0;0;0;0;0;0;1;1;1;1;1;1;1;1;1;1;1;1;1;1;1;1;1;1;1;0;0;0;0;0;0;0;0;0;0.0004;0.088;0;-0.0884;0;0;0;0;0;0;0;0;0;0;0;0;0;0;0;0;0;0;0;-17.66;0;0;0;0;0.0004;0;0;0;0;0;0;0;-0.0004;-0.0884;0;0;0;0;0;0;0;0;0;-0.7063;0;0.7063;1;1;0;0;0;0
